2337	2005-04-05	2.61	2.7	2.6	2.64	93814	1.23	000001	深发展Ａ	SZ	2.61	1.22	
2344	2005-04-05	1.56	1.57	1.54	1.56	304866	0.32	000002	万 科Ａ	SZ	1.56	0.32	
2281	2005-04-05	5.33	5.51	5.33	5.36	1857	5.36	000004	ST国农	SZ	5.39	5.39	
1952	2005-04-05	0.89	0.96	0.89	0.92	27356	0.23	000010	S ST华新	SZ	0.91	0.23	
2344	2005-04-05	4.69	4.69	4.69	4.69	50242	4.26	000011	深物业A	SZ	4.26	3.87	
2331	2005-04-05	3.23	3.31	3.2	3.24	59334	0.91	000012	南 玻Ａ	SZ	3.23	0.91	
2343	2005-04-05	2.27	2.31	2.24	2.24	8355	0.96	000014	沙河股份	SZ	2.24	0.96	
2342	2005-04-05	2.2	2.26	2.19	2.21	11288	1.06	000016	深康佳Ａ	SZ	2.21	1.06	
2196	2005-04-05	2.27	2.34	2.24	2.25	6695	2.25	000017	*ST中华A	SZ	2.3	2.3	
2344	2005-04-05	5.6	5.99	5.6	5.69	5965	5.69	000018	ST中冠A	SZ	5.58	5.58	
2280	2005-04-05	5.06	5.4	5.05	5.06	16704	4.93	000019	深深宝Ａ	SZ	5.1	4.97	
2342	2005-04-05	2.36	2.39	2.26	2.3	7936	2	000020	深华发Ａ	SZ	2.3	2	
2331	2005-04-05	4	4.05	3.94	3.95	9055	1.76	000021	长城开发	SZ	3.99	1.77	
2344	2005-04-05	25.37	25.77	25.02	25.14	6700	14.45	000022	深赤湾Ａ	SZ	24.99	14.36	
2322	2005-04-05	4.9	5.36	4.9	5	7689	4.76	000023	深天地Ａ	SZ	4.91	4.67	
2344	2005-04-05	5	5	4.8	4.87	39824	2.86	000024	招商地产	SZ	5.01	2.95	
2344	2005-04-05	3.67	3.76	3.61	3.67	2682	3.67	000025	特 力Ａ	SZ	3.68	3.68	
2344	2005-04-05	3.22	3.39	3.19	3.2	2675	2.14	000026	飞亚达Ａ	SZ	3.22	2.15	
2340	2005-04-05	5.79	5.91	5.71	5.72	32833	3.64	000027	深圳能源	SZ	5.79	3.69	
2319	2005-04-05	4.39	4.52	4.38	4.41	4598	4.26	000028	一致药业	SZ	4.39	4.24	
2315	2005-04-05	4.78	5.15	4.73	4.83	78834	4.83	000029	深深房Ａ	SZ	4.68	4.68	
2021	2005-04-05	1.62	1.68	1.61	1.68	7386	1.68	000030	*ST盛润A	SZ	1.63	1.63	
2344	2005-04-05	1.92	2.05	1.92	1.93	88166	0.63	000031	中粮地产	SZ	1.92	0.62	
2343	2005-04-05	4.67	4.82	4.58	4.59	10592	3.37	000032	深桑达Ａ	SZ	4.72	3.47	
2338	2005-04-05	3.44	3.63	3.42	3.43	4469	3.43	000033	新都酒店	SZ	3.51	3.51	
2139	2005-04-05	1.85	1.96	1.83	1.84	28916	1.19	000034	ST深泰	SZ	1.86	1.2	
2335	2005-04-05	3.24	3.31	3.18	3.2	5702	2.54	000035	*ST科健	SZ	3.24	2.57	
2345	2005-04-05	2.28	2.36	2.24	2.25	420115	0.86	000036	华联控股	SZ	2.25	0.86	
2338	2005-04-05	9.89	10.15	9.72	9.78	6070	8.27	000037	深南电Ａ	SZ	9.95	8.41	
2343	2005-04-05	11.09	11.37	11	11.2	133743	3.42	000039	中集集团	SZ	11.09	3.39	
2288	2005-04-05	2.62	2.77	2.62	2.67	15029	2.63	000040	深 鸿 基	SZ	2.64	2.6	
2297	2005-04-05	1.7	1.72	1.66	1.68	111369	0.75	000100	TCL 集团	SZ	1.7	0.76	
2344	2005-04-05	2.91	3.06	2.91	2.99	7524	2.99	000150	宜华地产	SZ	2.96	2.96	
2343	2005-04-05	3.7	3.76	3.58	3.58	5662	3.17	000151	中成股份	SZ	3.73	3.3	
2345	2005-04-05	3.27	3.3	3.21	3.26	1304	1.61	000153	丰原药业	SZ	3.28	1.62	
2344	2005-04-05	4.4	4.42	4.32	4.4	5533	3.9	000155	川化股份	SZ	4.4	3.9	
2329	2005-04-05	0.59	0.61	0.59	0.59	423635	0.02	000157	中联重科	SZ	0.59	0.02	
2322	2005-04-05	2.17	2.21	2.16	2.17	4225	1.42	000158	常山股份	SZ	2.18	1.43	
2302	2005-04-05	2.46	2.52	2.41	2.43	32979	1.14	000159	国际实业	SZ	2.5	1.17	
2342	2005-04-05	1.71	1.73	1.7	1.7	5313	0.93	000301	东方市场	SZ	1.71	0.94	
2344	2005-04-05	4.07	4.12	3.88	3.94	52185	2.84	000400	许继电气	SZ	4.12	2.97	
2342	2005-04-05	3.04	3.07	3	3.01	6482	2.79	000401	冀东水泥	SZ	3.04	2.82	
2314	2005-04-05	0.98	0.99	0.97	0.98	15040	0.12	001696	宗申动力	SZ	0.98	0.12	
2334	2005-04-05	2.78	2.8	2.69	2.71	4309	2.71	001896	*ST豫能	SZ	2.77	2.77	
2316	2005-04-05	1.96	1.96	1.89	1.89	16286	0.21	002001	新 和 成	SZ	1.94	0.22	
2286	2005-04-05	3.86	3.89	3.75	3.77	7058	1.78	002002	ST琼花	SZ	3.88	1.83	
2310	2005-04-05	5.58	5.69	5.46	5.47	5847	1.4	002003	伟星股份	SZ	5.6	1.43	
2315	2005-04-05	2.38	2.41	2.36	2.36	19897	0.63	002004	华邦制药	SZ	2.39	0.64	
2307	2005-04-05	1.72	1.75	1.72	1.72	22857	0.05	002005	德豪润达	SZ	1.73	0.05	
2305	2005-04-05	1.51	1.55	1.5	1.5	11554	0.21	002006	精功科技	SZ	1.53	0.21	
2317	2005-04-05	1.97	2.01	1.96	2	27915	0.15	002007	华兰生物	SZ	1.97	0.15	
2321	2005-04-05	2.06	2.1	2.05	2.05	26880	0.19	002008	大族激光	SZ	2.08	0.19	
2317	2005-04-05	2.1	2.13	2.04	2.06	24168	0.51	002009	天奇股份	SZ	2.12	0.52	
2316	2005-04-05	2.23	2.26	2.21	2.21	17952	0.34	002010	传化股份	SZ	2.23	0.35	
2318	2005-04-05	1.7	1.72	1.68	1.68	6635	0.29	002011	盾安环境	SZ	1.71	0.3	
2321	2005-04-05	4.97	5.16	4.92	5.01	102058	1.18	002012	凯恩股份	SZ	4.92	1.16	
2295	2005-04-05	1.4	1.42	1.4	1.41	5910	0.24	002013	中航精机	SZ	1.41	0.24	
2321	2005-04-05	3.33	3.35	3.29	3.3	7200	0.72	002014	永新股份	SZ	3.34	0.73	
2310	2005-04-05	2.75	2.87	2.75	2.79	4967	0.76	002015	霞客环保	SZ	2.81	0.77	
2317	2005-04-05	2.11	2.17	2.11	2.11	6047	0.5	002016	世荣兆业	SZ	2.14	0.51	
2301	2005-04-05	5.46	5.56	5.42	5.43	4779	2.62	002017	东信和平	SZ	5.49	2.65	
2329	2005-04-05	1.44	1.46	1.42	1.43	6543	0.22	002018	华星化工	SZ	1.44	0.22	
2323	2005-04-05	10	10.33	9.95	10.11	6004	5.32	002019	鑫富药业	SZ	10.04	5.28	
2320	2005-04-05	2.99	3.04	2.95	3	15250	0.89	002020	京新药业	SZ	3.01	0.9	
2318	2005-04-05	1.74	1.77	1.72	1.72	36697	0.21	002021	中捷股份	SZ	1.75	0.22	
2323	2005-04-05	2.68	2.72	2.64	2.67	35139	0.25	002022	科华生物	SZ	2.69	0.26	
2317	2005-04-05	4.86	4.92	4.7	4.76	7323	1.28	002023	海特高新	SZ	4.88	1.31	
2319	2005-04-05	1	1.05	1	1.04	268379	0.01	002024	苏宁电器	SZ	0.99	0.01	
2321	2005-04-05	4.6	4.74	4.6	4.68	13417	1.2	002025	航天电器	SZ	4.6	1.18	
2305	2005-04-05	2.74	2.8	2.73	2.76	5453	0.93	002026	山东威达	SZ	2.76	0.93	
2321	2005-04-05	4.6	4.75	4.6	4.6	27242	1.63	002027	七喜控股	SZ	4.65	1.65	
2323	2005-04-05	3.05	3.14	3.05	3.06	38223	0.31	002028	思源电气	SZ	3.06	0.31	
2319	2005-04-05	1.29	1.33	1.28	1.28	70557	0.15	002029	七 匹 狼	SZ	1.31	0.15	
2321	2005-04-05	2.37	2.38	2.32	2.35	10542	0.41	002030	达安基因	SZ	2.37	0.41	
2316	2005-04-05	4.42	4.52	4.42	4.49	28829	1.52	002031	巨轮股份	SZ	4.46	1.51	
2320	2005-04-05	2.69	2.71	2.65	2.65	10576	0.58	002032	苏 泊 尔	SZ	2.7	0.59	
2285	2005-04-05	6.31	6.54	6.31	6.43	18507	3.14	002033	丽江旅游	SZ	6.31	3.09	
2324	2005-04-05	9.32	9.53	9.32	9.46	5249	6.98	002034	美 欣 达	SZ	9.32	6.88	
2321	2005-04-05	3.91	3.95	3.82	3.84	19856	0.88	002035	华帝股份	SZ	3.9	0.89	
2324	2005-04-05	2.55	2.57	2.51	2.52	5921	0.88	002036	宜科科技	SZ	2.56	0.89	
2312	2005-04-05	2.61	2.69	2.57	2.66	29795	0.73	002037	久联发展	SZ	2.61	0.71	
2343	2005-04-05	1.77	1.79	1.76	1.77	10592	0.23	002038	双鹭药业	SZ	1.78	0.23	
2324	2005-04-05	8.18	8.25	8.1	8.15	15898	7.38	002039	黔源电力	SZ	8.2	7.43	
2321	2005-04-05	6.94	7.1	6.93	6.95	34836	3.87	002040	南 京 港	SZ	7	3.9	
