0	4/29/14	15.57	15.85	15.37	15.63	464100	15.63	2370	亚太药业	SZ	15.61	15.61	
1	4/28/14	16	16.26	15.42	15.61	432300	15.61	2370	亚太药业	SZ	16.23	16.23	
2	4/25/14	16.25	16.35	15.52	16.23	976500	16.23	2370	亚太药业	SZ	16.38	16.38	
3	4/24/14	16.79	16.79	15.95	16.38	414500	16.38	2370	亚太药业	SZ	16.65	16.65	
4	4/23/14	17.09	17.09	16.46	16.65	292300	16.65	2370	亚太药业	SZ	16.61	16.61	
5	4/22/14	16.31	17.13	15.5	16.61	378800	16.61	2370	亚太药业	SZ	16.79	16.79	
6	4/21/14	16.61	16.88	16.55	16.79	318700	16.79	2370	亚太药业	SZ	16.88	16.88	
7	4/18/14	16.81	16.88	16.55	16.88	260500	16.88	2370	亚太药业	SZ	16.81	16.81	
8	4/17/14	16.59	16.96	16.31	16.81	471200	16.81	2370	亚太药业	SZ	16.61	16.61	
9	4/16/14	16.9	16.9	16.3	16.61	542800	16.61	2370	亚太药业	SZ	16.91	16.91	
10	4/15/14	17.3	17.3	16.5	16.91	722700	16.91	2370	亚太药业	SZ	17.27	17.27	
11	4/14/14	17.02	17.35	17.02	17.27	1226700	17.27	2370	亚太药业	SZ	17.25	17.25	
12	4/11/14	17.31	17.38	17.05	17.25	521500	17.25	2370	亚太药业	SZ	17.31	17.31	
13	4/10/14	17.36	17.37	17.21	17.31	404700	17.31	2370	亚太药业	SZ	17.37	17.37	
14	4/9/14	17.14	17.47	17.12	17.37	539900	17.37	2370	亚太药业	SZ	17.37	17.37	
15	4/8/14	17.58	17.59	17.17	17.37	636700	17.37	2370	亚太药业	SZ	17.31	17.31	
16	4/7/14	17.31	17.31	17.31	17.31	0	17.31	2370	亚太药业	SZ	17.31	17.31	
17	4/4/14	16.8	17.4	16.62	17.31	2171700	17.31	2370	亚太药业	SZ	17	17	
18	4/3/14	17.11	17.15	16.8	17	1509500	17	2370	亚太药业	SZ	17.07	17.07	
19	4/2/14	17.06	17.14	16.71	17.07	267700	17.07	2370	亚太药业	SZ	16.9	16.9	
20	4/1/14	16.95	17.1	16.52	16.9	711300	16.9	2370	亚太药业	SZ	16.68	16.68	
21	3/31/14	16.83	16.95	16.35	16.68	463100	16.68	2370	亚太药业	SZ	17	17	
22	3/28/14	17.46	17.46	16.73	17	695600	17	2370	亚太药业	SZ	17.46	17.46	
23	3/27/14	17.36	18.2	17.36	17.46	1608000	17.46	2370	亚太药业	SZ	17.23	17.23	
24	3/26/14	16.41	17.3	14.79	17.23	1602500	17.23	2370	亚太药业	SZ	16.42	16.42	
25	3/25/14	17.15	17.15	16.29	16.42	743900	16.42	2370	亚太药业	SZ	17.09	17.09	
26	3/24/14	17.19	17.39	17	17.09	337100	17.09	2370	亚太药业	SZ	17.15	17.15	
27	3/21/14	16.97	17.17	16.62	17.15	449900	17.15	2370	亚太药业	SZ	17.18	17.18	
28	3/20/14	17.62	17.75	16.99	17.18	473200	17.18	2370	亚太药业	SZ	17.62	17.62	
29	3/19/14	17.46	17.7	17.31	17.62	362800	17.62	2370	亚太药业	SZ	17.55	17.55	
30	3/18/14	17.37	17.81	17.3	17.55	956000	17.55	2370	亚太药业	SZ	17.44	17.44	
31	3/17/14	16.97	17.47	16.88	17.44	2149800	17.44	2370	亚太药业	SZ	16.98	16.98	
32	3/14/14	17.07	17.07	16.3	16.98	800100	16.98	2370	亚太药业	SZ	17.15	17.15	
33	3/13/14	16.5	17.17	16.5	17.15	527200	17.15	2370	亚太药业	SZ	16.99	16.99	
34	3/12/14	16.89	17.19	16.3	16.99	620000	16.99	2370	亚太药业	SZ	16.89	16.89	
35	3/11/14	17.5	17.72	16.81	16.89	755100	16.89	2370	亚太药业	SZ	17.61	17.61	
36	3/10/14	18.51	18.51	17.51	17.61	846300	17.61	2370	亚太药业	SZ	18.41	18.41	
37	3/7/14	18.57	18.8	18.35	18.41	705200	18.41	2370	亚太药业	SZ	18.71	18.71	
38	3/6/14	18.55	18.82	18.41	18.71	419900	18.71	2370	亚太药业	SZ	18.54	18.54	
39	3/5/14	18.7	18.88	18.35	18.54	415400	18.54	2370	亚太药业	SZ	18.73	18.73	
40	3/4/14	19.4	19.48	18.4	18.73	1203800	18.73	2370	亚太药业	SZ	19.03	19.03	
41	3/3/14	18.85	19.05	18.4	19.03	334600	19.03	2370	亚太药业	SZ	18.92	18.92	
42	2/28/14	18.29	19.2	18.29	18.92	395200	18.92	2370	亚太药业	SZ	19	19	
43	2/27/14	19.65	19.65	18.7	19	589500	19	2370	亚太药业	SZ	19.21	19.21	
44	2/26/14	18.95	19.32	18.21	19.21	502900	19.21	2370	亚太药业	SZ	18.97	18.97	
45	2/25/14	20	20.28	18.14	18.97	1400900	18.97	2370	亚太药业	SZ	20.1	20.1	
46	2/24/14	19.9	20.19	19.76	20.1	590700	20.1	2370	亚太药业	SZ	19.95	19.95	
47	2/21/14	20.28	20.31	19.51	19.95	1072300	19.95	2370	亚太药业	SZ	20.28	20.28	
48	2/20/14	21.28	21.48	20.25	20.28	1407100	20.28	2370	亚太药业	SZ	21.28	21.28	
49	2/19/14	21.06	21.8	21.06	21.28	492400	21.28	2370	亚太药业	SZ	21.2	21.2	
50	2/18/14	21.53	21.58	20.75	21.2	754600	21.2	2370	亚太药业	SZ	21.5	21.5	
51	2/17/14	20.99	22.09	20.96	21.5	1492800	21.5	2370	亚太药业	SZ	20.95	20.95	
52	2/14/14	20.4	20.97	20.2	20.95	900700	20.95	2370	亚太药业	SZ	20.35	20.35	
53	2/13/14	20.69	21.06	20.1	20.35	1082000	20.35	2370	亚太药业	SZ	20.65	20.65	
54	2/12/14	20.4	21.09	20.4	20.65	1231400	20.65	2370	亚太药业	SZ	20.69	20.69	
55	2/11/14	20.5	21.35	20.28	20.69	1414600	20.69	2370	亚太药业	SZ	20.55	20.55	
56	2/10/14	20.55	20.86	20.1	20.55	1552700	20.55	2370	亚太药业	SZ	20.56	20.56	
57	2/7/14	19.48	21.15	19	20.56	2325700	20.56	2370	亚太药业	SZ	19.44	19.44	
58	2/6/14	19.44	19.44	19.44	19.44	0	19.44	2370	亚太药业	SZ	19.44	19.44	
59	2/5/14	19.44	19.44	19.44	19.44	0	19.44	2370	亚太药业	SZ	19.44	19.44	
60	2/3/14	19.44	19.44	19.44	19.44	0	19.44	2370	亚太药业	SZ	19.44	19.44	
61	1/31/14	19.44	19.44	19.44	19.44	0	19.44	2370	亚太药业	SZ	19.44	19.44	
62	1/30/14	18.08	19.7	18.06	19.44	2696400	19.44	2370	亚太药业	SZ	17.98	17.98	
63	1/29/14	17.77	18.1	17.53	17.98	1644400	17.98	2370	亚太药业	SZ	17.88	17.88	
64	1/28/14	17.71	17.99	16.78	17.88	1608400	17.88	2370	亚太药业	SZ	17.82	17.82	
65	1/27/14	17.03	17.95	17.03	17.82	1058100	17.82	2370	亚太药业	SZ	17.24	17.24	
66	1/24/14	17	17.24	16.7	17.24	902800	17.24	2370	亚太药业	SZ	17.07	17.07	
67	1/23/14	17.39	17.39	16.9	17.07	1030000	17.07	2370	亚太药业	SZ	17.38	17.38	
68	1/22/14	17.35	17.38	17.12	17.38	727500	17.38	2370	亚太药业	SZ	17.24	17.24	
69	1/21/14	17.82	17.85	17.22	17.24	537400	17.24	2370	亚太药业	SZ	17.64	17.64	
70	1/20/14	17.79	17.8	17.51	17.64	384300	17.64	2370	亚太药业	SZ	17.79	17.79	
71	1/17/14	18.01	18.01	17.41	17.79	456600	17.79	2370	亚太药业	SZ	18.05	18.05	
72	1/16/14	17.52	18.29	17.5	18.05	925300	18.05	2370	亚太药业	SZ	17.5	17.5	
73	1/15/14	17.48	17.5	17.18	17.5	192500	17.5	2370	亚太药业	SZ	17.37	17.37	
74	1/14/14	17.3	17.65	17.25	17.37	229100	17.37	2370	亚太药业	SZ	17.3	17.3	
75	1/13/14	16.9	17.42	16.9	17.3	497000	17.3	2370	亚太药业	SZ	17.3	17.3	
76	1/10/14	15.75	17.62	15.75	17.3	458900	17.3	2370	亚太药业	SZ	17.5	17.5	
77	1/9/14	17.99	17.99	17.35	17.5	278200	17.5	2370	亚太药业	SZ	17.62	17.62	
78	1/8/14	17.82	18.2	17.4	17.62	558700	17.62	2370	亚太药业	SZ	17.75	17.75	
79	1/7/14	17.29	17.85	16.89	17.75	1044900	17.75	2370	亚太药业	SZ	17.23	17.23	
80	1/6/14	16.99	17.3	16.71	17.23	612500	17.23	2370	亚太药业	SZ	16.99	16.99	
81	1/3/14	16.57	17	16.2	16.99	944400	16.99	2370	亚太药业	SZ	16.6	16.6	
82	1/2/14	16.5	16.76	16.35	16.6	655400	16.6	2370	亚太药业	SZ	16.5	16.5	
83	1/1/14	16.5	16.5	16.5	16.5	0	16.5	2370	亚太药业	SZ	16.5	16.5	
84	12/31/13	16.86	16.88	16.32	16.5	1092700	16.5	2370	亚太药业	SZ	16.82	16.82	
85	12/30/13	17.16	17.27	16.65	16.82	1181100	16.82	2370	亚太药业	SZ	17.24	17.24	
86	12/27/13	17.01	17.38	17	17.24	1026200	17.24	2370	亚太药业	SZ	17.34	17.34	
87	12/26/13	17.56	17.56	16.71	17.34	602900	17.34	2370	亚太药业	SZ	17.34	17.34	
88	12/25/13	17.36	17.55	17.2	17.34	373300	17.34	2370	亚太药业	SZ	17.35	17.35	
89	12/24/13	17.35	17.54	17.13	17.35	482800	17.35	2370	亚太药业	SZ	17.35	17.35	
90	12/23/13	17.18	17.49	16.55	17.35	581300	17.35	2370	亚太药业	SZ	17.5	17.5	
91	12/20/13	18.09	18.09	17.45	17.5	443200	17.5	2370	亚太药业	SZ	17.95	17.95	
92	12/19/13	17.96	18.1	17.58	17.95	498700	17.95	2370	亚太药业	SZ	17.7	17.7	
93	12/18/13	17.95	18	17.6	17.7	489500	17.7	2370	亚太药业	SZ	17.8	17.8	
94	12/17/13	17.68	17.98	17.21	17.8	623900	17.8	2370	亚太药业	SZ	17.7	17.7	
95	12/16/13	17.13	18.15	17.13	17.7	999300	17.7	2370	亚太药业	SZ	17.13	17.13	
96	12/13/13	17.05	17.2	16.81	17.13	600500	17.13	2370	亚太药业	SZ	17.11	17.11	
97	12/12/13	17.12	17.3	17	17.11	518700	17.11	2370	亚太药业	SZ	17.15	17.15	
98	12/11/13	17.2	17.33	17	17.15	597200	17.15	2370	亚太药业	SZ	17.25	17.25	
99	12/10/13	17.66	17.69	16.95	17.25	1365400	17.25	2370	亚太药业	SZ	17.68	17.68	
100	12/9/13	17.9	18.5	17.38	17.68	2272400	17.68	2370	亚太药业	SZ	17.8	17.8	
101	12/6/13	17.5	18.08	17.11	17.8	1662800	17.8	2370	亚太药业	SZ	17.48	17.48	
102	12/5/13	17.6	18.3	17.3	17.48	2345400	17.48	2370	亚太药业	SZ	17.68	17.68	
103	12/4/13	16.18	17.79	16.17	17.68	2135700	17.68	2370	亚太药业	SZ	16.17	16.17	
104	12/3/13	15.81	16.17	15.7	16.17	997400	16.17	2370	亚太药业	SZ	15.8	15.8	
105	12/2/13	16.5	16.5	15.42	15.8	1188900	15.8	2370	亚太药业	SZ	16.57	16.57	
106	11/29/13	16.11	16.65	15.92	16.57	988600	16.57	2370	亚太药业	SZ	16.12	16.12	
107	11/28/13	15.8	16.15	15.8	16.12	799000	16.12	2370	亚太药业	SZ	15.95	15.95	
108	11/27/13	15.81	15.96	15.5	15.95	934400	15.95	2370	亚太药业	SZ	15.92	15.92	
109	11/26/13	15.65	15.96	15.59	15.92	423000	15.92	2370	亚太药业	SZ	15.7	15.7	
110	11/25/13	16.01	16.03	15.68	15.7	408900	15.7	2370	亚太药业	SZ	16.14	16.14	
111	11/22/13	16.42	16.42	16.1	16.14	482800	16.14	2370	亚太药业	SZ	16.33	16.33	
112	11/21/13	16.2	16.5	16.1	16.33	427900	16.33	2370	亚太药业	SZ	16.36	16.36	
113	11/20/13	16	16.49	16	16.36	579700	16.36	2370	亚太药业	SZ	16.05	16.05	
114	11/19/13	15.9	16.24	15.78	16.05	597900	16.05	2370	亚太药业	SZ	16.05	16.05	
115	11/18/13	16.31	16.31	15.5	16.05	608700	16.05	2370	亚太药业	SZ	15.65	15.65	
116	11/15/13	15.2	15.73	15.2	15.65	802500	15.65	2370	亚太药业	SZ	15.2	15.2	
117	11/14/13	15.3	15.32	14.6	15.2	831500	15.2	2370	亚太药业	SZ	15.3	15.3	
118	11/13/13	15.81	15.93	15.15	15.3	259600	15.3	2370	亚太药业	SZ	15.55	15.55	
119	11/12/13	15.37	15.66	15.3	15.55	366900	15.55	2370	亚太药业	SZ	15.39	15.39	
120	11/11/13	15.04	15.48	15.04	15.39	167300	15.39	2370	亚太药业	SZ	15.22	15.22	
121	11/8/13	15.6	15.6	15	15.22	311500	15.22	2370	亚太药业	SZ	15.56	15.56	
122	11/7/13	15.77	15.96	15.4	15.56	337300	15.56	2370	亚太药业	SZ	15.85	15.85	
123	11/6/13	15.8	15.88	15.55	15.85	503100	15.85	2370	亚太药业	SZ	15.8	15.8	
124	11/5/13	14.66	16.25	14.63	15.8	1071800	15.8	2370	亚太药业	SZ	15	15	
125	11/4/13	14.81	15.09	14.51	15	376300	15	2370	亚太药业	SZ	14.98	14.98	
126	11/1/13	14.95	14.99	14.5	14.98	555100	14.98	2370	亚太药业	SZ	14.81	14.81	
127	10/31/13	15.43	15.59	14.8	14.81	446700	14.81	2370	亚太药业	SZ	15.45	15.45	
128	10/30/13	15.12	15.48	15.12	15.45	403900	15.45	2370	亚太药业	SZ	15.35	15.35	
129	10/29/13	15.98	15.98	14.75	15.35	1010200	15.35	2370	亚太药业	SZ	15.79	15.79	
130	10/28/13	16	16.15	15.4	15.79	624900	15.79	2370	亚太药业	SZ	16.15	16.15	
131	10/25/13	17.02	17.02	15.63	16.15	1335300	16.15	2370	亚太药业	SZ	16.88	16.88	
132	10/24/13	16.83	17.17	16.7	16.88	856300	16.88	2370	亚太药业	SZ	17	17	
133	10/23/13	17.37	17.41	16.9	17	1076900	17	2370	亚太药业	SZ	17.28	17.28	
134	10/22/13	17.46	17.57	17.1	17.28	1096400	17.28	2370	亚太药业	SZ	17.46	17.46	
135	10/21/13	17.23	17.67	17.03	17.46	1041800	17.46	2370	亚太药业	SZ	17.4	17.4	
136	10/18/13	17.76	17.76	17.1	17.4	841000	17.4	2370	亚太药业	SZ	17.49	17.49	
137	10/17/13	18	18.1	17.1	17.49	1651400	17.49	2370	亚太药业	SZ	17.44	17.44	
138	10/16/13	17.42	18.3	17.15	17.44	2386900	17.44	2370	亚太药业	SZ	17.48	17.48	
139	10/15/13	16.49	17.48	16.28	17.48	2508300	17.48	2370	亚太药业	SZ	16.26	16.26	
140	10/14/13	16.57	16.57	16.15	16.26	840700	16.26	2370	亚太药业	SZ	16.31	16.31	
141	10/11/13	16.15	16.56	16.15	16.31	734900	16.31	2370	亚太药业	SZ	16.21	16.21	
142	10/10/13	16.13	16.48	16.06	16.21	990300	16.21	2370	亚太药业	SZ	16.18	16.18	
143	10/9/13	16.3	16.88	16	16.18	1154900	16.18	2370	亚太药业	SZ	16.31	16.31	
144	10/8/13	16.51	16.59	16.12	16.31	876300	16.31	2370	亚太药业	SZ	16.45	16.45	
145	10/7/13	16.45	16.45	16.45	16.45	0	16.45	2370	亚太药业	SZ	16.45	16.45	
146	10/4/13	16.45	16.45	16.45	16.45	0	16.45	2370	亚太药业	SZ	16.45	16.45	
147	10/3/13	16.45	16.45	16.45	16.45	0	16.45	2370	亚太药业	SZ	16.45	16.45	
148	10/2/13	16.45	16.45	16.45	16.45	0	16.45	2370	亚太药业	SZ	16.45	16.45	
149	10/1/13	16.45	16.45	16.45	16.45	0	16.45	2370	亚太药业	SZ	16.45	16.45	
150	9/30/13	16.52	16.84	16.37	16.45	1456400	16.45	2370	亚太药业	SZ	16.52	16.52	
151	9/27/13	15.51	16.52	15.51	16.52	1839500	16.52	2370	亚太药业	SZ	15.6	15.6	
152	9/26/13	15.71	15.96	15.6	15.6	658900	15.6	2370	亚太药业	SZ	15.69	15.69	
153	9/25/13	15.8	15.99	15.5	15.69	1486200	15.69	2370	亚太药业	SZ	15.82	15.82	
154	9/24/13	16.01	16.39	15.78	15.82	1395600	15.82	2370	亚太药业	SZ	16.31	16.31	
155	9/23/13	16.3	16.46	16.15	16.31	1485000	16.31	2370	亚太药业	SZ	16.3	16.3	
156	9/20/13	16.3	16.3	16.3	16.3	0	16.3	2370	亚太药业	SZ	16.3	16.3	
157	9/18/13	16.5	16.5	15.94	16.3	1380600	16.3	2370	亚太药业	SZ	16.22	16.22	
158	9/17/13	16.38	16.47	15.81	16.22	2175100	16.22	2370	亚太药业	SZ	16.4	16.4	
159	9/16/13	15.46	16.44	15.46	16.4	2950400	16.4	2370	亚太药业	SZ	15.44	15.44	
160	9/13/13	15.31	15.55	15.15	15.44	1171800	15.44	2370	亚太药业	SZ	15.33	15.33	
161	9/12/13	15.1	15.43	14.71	15.33	1534700	15.33	2370	亚太药业	SZ	15.32	15.32	
162	9/11/13	15.65	15.67	14.47	15.32	2905600	15.32	2370	亚太药业	SZ	15.68	15.68	
163	9/10/13	15.26	16.52	15.1	15.68	2699600	15.68	2370	亚太药业	SZ	15.26	15.26	
164	9/9/13	15.49	15.53	15.13	15.26	2208900	15.26	2370	亚太药业	SZ	15.38	15.38	
165	9/6/13	15.3	15.7	15.02	15.38	2326500	15.38	2370	亚太药业	SZ	15.49	15.49	
166	9/5/13	14.69	15.6	14.25	15.49	4969800	15.49	2370	亚太药业	SZ	14.99	14.99	
167	9/4/13	14.71	15.49	14.1	14.99	6951400	14.99	2370	亚太药业	SZ	14.08	14.08	
168	9/3/13	12.92	14.08	12.92	14.08	4769500	14.08	2370	亚太药业	SZ	12.8	12.8	
169	9/2/13	12.56	12.86	12.56	12.8	576300	12.8	2370	亚太药业	SZ	12.53	12.53	
170	8/30/13	13.19	13.44	12.5	12.53	1519600	12.53	2370	亚太药业	SZ	13.35	13.35	
171	8/29/13	13.58	13.6	13.11	13.35	858100	13.35	2370	亚太药业	SZ	13.35	13.35	
172	8/28/13	13.06	13.38	12.97	13.35	1223800	13.35	2370	亚太药业	SZ	13.1	13.1	
173	8/27/13	13.2	13.24	13.01	13.1	766600	13.1	2370	亚太药业	SZ	13.24	13.24	
174	8/26/13	13.38	13.38	13.03	13.24	1231500	13.24	2370	亚太药业	SZ	13.38	13.38	
175	8/23/13	12.85	13.58	12.77	13.38	1506600	13.38	2370	亚太药业	SZ	12.86	12.86	
176	8/22/13	12.54	12.95	12.54	12.86	483400	12.86	2370	亚太药业	SZ	12.74	12.74	
177	8/21/13	12.68	12.95	12.68	12.74	513200	12.74	2370	亚太药业	SZ	12.73	12.73	
178	8/20/13	12.65	12.98	12.65	12.73	567300	12.73	2370	亚太药业	SZ	12.64	12.64	
179	8/19/13	12.11	12.82	12.11	12.64	311200	12.64	2370	亚太药业	SZ	12.5	12.5	
180	8/16/13	12.79	12.97	12.5	12.5	705300	12.5	2370	亚太药业	SZ	12.9	12.9	
181	8/15/13	12.98	13.17	12.77	12.9	538300	12.9	2370	亚太药业	SZ	12.97	12.97	
182	8/14/13	12.88	13.08	12.82	12.97	436500	12.97	2370	亚太药业	SZ	12.91	12.91	
183	8/13/13	12.98	12.99	12.7	12.91	621900	12.91	2370	亚太药业	SZ	12.77	12.77	
184	8/12/13	12.69	12.85	12.69	12.77	678400	12.77	2370	亚太药业	SZ	12.7	12.7	
185	8/9/13	13.06	13.29	12.66	12.7	1250500	12.7	2370	亚太药业	SZ	13.09	13.09	
186	8/8/13	13.02	13.18	12.96	13.09	708200	13.09	2370	亚太药业	SZ	13.06	13.06	
187	8/7/13	13.3	13.66	13.02	13.06	1315300	13.06	2370	亚太药业	SZ	13.33	13.33	
188	8/6/13	13.16	13.5	13.07	13.33	1837300	13.33	2370	亚太药业	SZ	13.07	13.07	
189	8/5/13	12.84	13.19	12.6	13.07	996800	13.07	2370	亚太药业	SZ	12.84	12.84	
190	8/2/13	12.99	13	12.76	12.84	751200	12.84	2370	亚太药业	SZ	12.99	12.99	
191	8/1/13	12.65	12.99	12.65	12.99	1258300	12.99	2370	亚太药业	SZ	12.74	12.74	
192	7/31/13	13.2	13.23	12.7	12.74	1118900	12.74	2370	亚太药业	SZ	13.19	13.19	
193	7/30/13	13.34	13.36	12.75	13.19	1476300	13.19	2370	亚太药业	SZ	13.24	13.24	
194	7/29/13	13.79	13.79	13.1	13.24	1304700	13.24	2370	亚太药业	SZ	13.79	13.79	
195	7/26/13	13	13.99	12.86	13.79	2636000	13.79	2370	亚太药业	SZ	13.07	13.07	
196	7/25/13	13.18	13.48	12.9	13.07	1237700	13.07	2370	亚太药业	SZ	13.35	13.35	
197	7/24/13	13.5	13.57	12.98	13.35	3232800	13.35	2370	亚太药业	SZ	13.16	13.16	
198	7/23/13	12	13.16	11.9	13.16	2893900	13.16	2370	亚太药业	SZ	11.96	11.96	
199	7/22/13	11.9	12.19	11.79	11.96	555500	11.96	2370	亚太药业	SZ	11.88	11.88	
200	7/19/13	12.16	12.5	11.88	11.88	918800	11.88	2370	亚太药业	SZ	12.37	12.37	
201	7/18/13	12.47	12.6	12.23	12.37	826100	12.37	2370	亚太药业	SZ	12.56	12.56	
202	7/17/13	13.14	13.14	12.43	12.56	2933600	12.56	2370	亚太药业	SZ	13.06	13.06	
203	7/16/13	13.09	13.18	12.9	13.06	1150600	13.06	2370	亚太药业	SZ	13.1	13.1	
204	7/15/13	13.1	13.32	12.9	13.1	1579600	13.1	2370	亚太药业	SZ	13.1	13.1	
205	7/12/13	13.01	13.15	12.8	13.1	1124500	13.1	2370	亚太药业	SZ	13.01	13.01	
206	7/11/13	12.99	13.13	12.43	13.01	1288700	13.01	2370	亚太药业	SZ	12.88	12.88	
207	7/10/13	12.5	12.96	12.5	12.88	631800	12.88	2370	亚太药业	SZ	12.82	12.82	
208	7/9/13	12.56	13	12.3	12.82	680200	12.82	2370	亚太药业	SZ	12.56	12.56	
209	7/8/13	13	13.16	12.55	12.56	1012100	12.56	2370	亚太药业	SZ	13.13	13.13	
210	7/5/13	12.88	13.45	12.88	13.13	2089900	13.13	2370	亚太药业	SZ	12.83	12.83	
211	7/4/13	11.98	13.15	11.93	12.83	1823700	12.83	2370	亚太药业	SZ	12.28	12.28	
212	7/3/13	11.99	12.28	11.7	12.28	1030700	12.28	2370	亚太药业	SZ	11.99	11.99	
213	7/2/13	11.89	12.31	11.89	11.99	1153500	11.99	2370	亚太药业	SZ	11.86	11.86	
214	7/1/13	12.2	12.2	11.44	11.86	1093500	11.86	2370	亚太药业	SZ	12.28	12.28	
215	6/28/13	12.3	12.3	11.5	12.28	3092200	12.28	2370	亚太药业	SZ	12.42	12.42	
216	6/27/13	12.98	12.98	12.2	12.42	1408500	12.42	2370	亚太药业	SZ	12.71	12.71	
217	6/26/13	12.3	12.9	12.1	12.71	1145200	12.71	2370	亚太药业	SZ	12.32	12.32	
218	6/25/13	12.09	12.35	11.53	12.32	1353600	12.32	2370	亚太药业	SZ	12.09	12.09	
219	6/24/13	12.46	12.47	11.52	12.09	1853000	12.09	2370	亚太药业	SZ	12.47	12.47	
220	6/21/13	12.33	12.74	12.33	12.47	911500	12.47	2370	亚太药业	SZ	12.8	12.8	
221	6/20/13	13.05	13.36	12.55	12.8	1356500	12.8	2370	亚太药业	SZ	13.3	13.3	
222	6/19/13	13.15	13.46	12.81	13.3	979700	13.3	2370	亚太药业	SZ	13.22	13.22	
223	6/18/13	13.78	13.83	12.82	13.22	1844100	13.22	2370	亚太药业	SZ	13.67	13.67	
224	6/17/13	13.76	14.08	13.51	13.67	1081700	13.67	2370	亚太药业	SZ	13.75	13.75	
225	6/14/13	13.82	14.1	13.5	13.75	1706600	13.75	2370	亚太药业	SZ	13.84	13.84	
226	6/13/13	14.14	14.14	13.5	13.84	1282200	13.84	2370	亚太药业	SZ	14.15	14.15	
227	6/12/13	14.15	14.15	14.15	14.15	0	14.15	2370	亚太药业	SZ	14.15	14.15	
228	6/11/13	14.15	14.15	14.15	14.15	0	14.15	2370	亚太药业	SZ	14.15	14.15	
229	6/10/13	14.15	14.15	14.15	14.15	0	14.15	2370	亚太药业	SZ	14.15	14.15	
230	6/7/13	14.08	14.25	13.68	14.15	1552400	14.15	2370	亚太药业	SZ	14.05	14.05	
231	6/6/13	14.07	14.41	14	14.05	1254600	14.05	2370	亚太药业	SZ	14.2	14.2	
232	6/5/13	14.18	14.45	14.02	14.2	1684400	14.2	2370	亚太药业	SZ	14.21	14.21	
233	6/4/13	14.13	14.6	13.5	14.21	2645600	14.21	2370	亚太药业	SZ	14.26	14.26	
234	6/3/13	14.3	14.6	14.1	14.26	3219300	14.26	2370	亚太药业	SZ	14.33	14.33	
235	5/31/13	13.95	14.54	13.7	14.33	3737500	14.33	2370	亚太药业	SZ	13.88	13.88	
236	5/30/13	13.63	14.19	13.5	13.88	4239500	13.88	2370	亚太药业	SZ	13.73	13.73	
237	5/29/13	13.76	14	13.51	13.73	4247700	13.73	2370	亚太药业	SZ	13.73	13.73	
238	5/28/13	12.53	13.73	12.42	13.73	6010200	13.73	2370	亚太药业	SZ	12.48	12.48	
239	5/27/13	12.37	12.49	12.27	12.48	2674700	12.48	2370	亚太药业	SZ	12.45	12.45	
240	5/24/13	12.28	12.48	12.19	12.45	3572900	12.45	2370	亚太药业	SZ	12.29	12.29	
241	5/23/13	13.03	13.2	12.2	12.29	7113800	12.29	2370	亚太药业	SZ	13.3	13.3	
242	5/22/13	13.71	13.71	13.13	13.3	5684600	13.3	2370	亚太药业	SZ	13.68	13.68	
243	5/21/13	13.77	14.31	13.48	13.68	3426500	13.68	2370	亚太药业	SZ	13.76	13.76	
244	5/20/13	13	13.78	13	13.76	4673500	13.76	2370	亚太药业	SZ	13.02	13.02	
245	5/17/13	12.8	13.35	12.51	13.02	3543300	13.02	2370	亚太药业	SZ	12.8	12.8	
246	5/16/13	12.56	12.98	12.13	12.8	3016700	12.8	2370	亚太药业	SZ	12.76	12.76	
247	5/15/13	12.47	12.98	12	12.76	4781400	12.76	2370	亚太药业	SZ	12.52	12.52	
248	5/14/13	11.39	12.52	11.21	12.52	4565600	12.52	2370	亚太药业	SZ	11.38	11.38	
249	5/13/13	11.2	11.6	11.18	11.38	3058900	11.38	2370	亚太药业	SZ	11.19	11.19	
250	5/10/13	11.44	11.88	11.01	11.19	4265500	11.19	2370	亚太药业	SZ	11.48	11.48	
251	5/9/13	10.54	11.58	10.35	11.48	8604400	11.48	2370	亚太药业	SZ	10.53	10.53	
252	5/8/13	9.62	10.59	9.5	10.53	6119300	10.53	2370	亚太药业	SZ	9.63	9.63	
253	5/7/13	9.45	9.67	9.3	9.63	2690000	9.63	2370	亚太药业	SZ	9.49	9.49	
254	5/6/13	9.46	9.55	9.31	9.49	2086100	9.49	2370	亚太药业	SZ	9.46	9.46	
255	5/3/13	9.22	9.61	9.1	9.46	3442100	9.46	2370	亚太药业	SZ	9.22	9.22	
256	5/2/13	8.9	9.36	8.72	9.22	2673200	9.22	2370	亚太药业	SZ	8.9	8.9	
257	5/1/13	8.9	8.9	8.9	8.9	0	8.9	2370	亚太药业	SZ	8.9	8.9	
258	4/30/13	8.9	8.9	8.9	8.9	0	8.9	2370	亚太药业	SZ	8.9	8.9	
259	4/29/13	8.9	8.9	8.9	8.9	0	8.9	2370	亚太药业	SZ	8.9	8.9	
260	4/26/13	8.89	9.15	8.76	8.9	2668000	8.9	2370	亚太药业	SZ	8.95	8.95	
261	4/25/13	8.52	9.02	8.52	8.95	2431800	8.95	2370	亚太药业	SZ	8.76	8.76	
262	4/24/13	8.75	8.8	8.54	8.76	1586500	8.76	2370	亚太药业	SZ	8.75	8.75	
263	4/23/13	8.71	8.83	8.5	8.75	2184000	8.75	2370	亚太药业	SZ	8.7	8.7	
264	4/22/13	8.49	8.88	8.45	8.7	2599000	8.7	2370	亚太药业	SZ	8.42	8.42	
265	4/19/13	8.13	8.44	8.09	8.42	1444600	8.42	2370	亚太药业	SZ	8.1	8.1	
266	4/18/13	8.2	8.21	8	8.1	445800	8.1	2370	亚太药业	SZ	8.18	8.18	
267	4/17/13	8.11	8.21	8.11	8.18	449700	8.18	2370	亚太药业	SZ	8.13	8.13	
268	4/16/13	8	8.15	7.85	8.13	550100	8.13	2370	亚太药业	SZ	8.07	8.07	
269	4/15/13	8.23	8.37	8.06	8.07	703800	8.07	2370	亚太药业	SZ	8.21	8.21	
270	4/12/13	8.18	8.4	8.18	8.21	759500	8.21	2370	亚太药业	SZ	8.21	8.21	
271	4/11/13	8.43	8.43	8.19	8.21	912800	8.21	2370	亚太药业	SZ	8.43	8.43	
272	4/10/13	8.57	8.57	8.33	8.43	1186400	8.43	2370	亚太药业	SZ	8.61	8.61	
273	4/9/13	8.49	8.62	8.31	8.61	1913400	8.61	2370	亚太药业	SZ	8.58	8.58	
274	4/8/13	8.65	8.79	8.29	8.58	3115700	8.58	2370	亚太药业	SZ	8.69	8.69	
275	4/5/13	8.69	8.69	8.69	8.69	0	8.69	2370	亚太药业	SZ	8.69	8.69	
276	4/4/13	8.69	8.69	8.69	8.69	0	8.69	2370	亚太药业	SZ	8.69	8.69	
277	4/3/13	8.89	9.28	8.58	8.69	5138700	8.69	2370	亚太药业	SZ	8.9	8.9	
278	4/2/13	8.36	9.11	8.2	8.9	7135100	8.9	2370	亚太药业	SZ	8.33	8.33	
279	4/1/13	7.8	8.6	7.8	8.33	5206700	8.33	2370	亚太药业	SZ	7.84	7.84	
280	3/29/13	7.82	7.94	7.8	7.84	623500	7.84	2370	亚太药业	SZ	7.84	7.84	
281	3/28/13	7.92	7.94	7.76	7.84	645900	7.84	2370	亚太药业	SZ	8	8	
282	3/27/13	7.94	8	7.88	8	681300	8	2370	亚太药业	SZ	7.96	7.96	
283	3/26/13	8.12	8.12	7.8	7.96	1110300	7.96	2370	亚太药业	SZ	8.12	8.12	
284	3/25/13	8.14	8.18	8.01	8.12	620000	8.12	2370	亚太药业	SZ	8.08	8.08	
285	3/22/13	7.99	8.14	7.93	8.08	1173400	8.08	2370	亚太药业	SZ	7.97	7.97	
286	3/21/13	7.98	8.03	7.85	7.97	1252600	7.97	2370	亚太药业	SZ	7.98	7.98	
287	3/20/13	7.82	8	7.77	7.98	1277600	7.98	2370	亚太药业	SZ	7.82	7.82	
288	3/19/13	7.86	7.93	7.65	7.82	640200	7.82	2370	亚太药业	SZ	7.88	7.88	
289	3/18/13	8.05	8.16	7.77	7.88	963400	7.88	2370	亚太药业	SZ	8.09	8.09	
290	3/15/13	8.05	8.21	8.02	8.09	992600	8.09	2370	亚太药业	SZ	8.05	8.05	
291	3/14/13	8.15	8.23	7.98	8.05	874500	8.05	2370	亚太药业	SZ	8.1	8.1	
292	3/13/13	8.16	8.28	8.02	8.1	846600	8.1	2370	亚太药业	SZ	8.19	8.19	
293	3/12/13	8.46	8.67	8	8.19	1532000	8.19	2370	亚太药业	SZ	8.63	8.63	
294	3/11/13	8.47	8.72	8.35	8.63	1089700	8.63	2370	亚太药业	SZ	8.55	8.55	
295	3/8/13	8.68	8.9	8.52	8.55	1880300	8.55	2370	亚太药业	SZ	8.66	8.66	
296	3/7/13	8.7	8.76	8.55	8.66	1923700	8.66	2370	亚太药业	SZ	8.73	8.73	
297	3/6/13	8.34	8.88	8.33	8.73	3388300	8.73	2370	亚太药业	SZ	8.33	8.33	
298	3/5/13	8.11	8.39	8.1	8.33	1783200	8.33	2370	亚太药业	SZ	8.15	8.15	
299	3/4/13	8.19	8.4	8.05	8.15	2126900	8.15	2370	亚太药业	SZ	8.25	8.25	
300	3/1/13	7.94	8.25	7.94	8.25	3590000	8.25	2370	亚太药业	SZ	8.04	8.04	
301	2/28/13	7.65	8.05	7.65	8.04	2796300	8.04	2370	亚太药业	SZ	7.81	7.81	
302	2/27/13	7.94	8.25	7.8	7.81	1994600	7.81	2370	亚太药业	SZ	7.97	7.97	
303	2/26/13	7.78	8.09	7.78	7.97	3866100	7.97	2370	亚太药业	SZ	7.86	7.86	
304	2/25/13	7.71	7.9	7.7	7.86	1538900	7.86	2370	亚太药业	SZ	7.73	7.73	
305	2/22/13	7.7	7.78	7.64	7.73	1024200	7.73	2370	亚太药业	SZ	7.73	7.73	
306	2/21/13	7.91	7.94	7.61	7.73	2129800	7.73	2370	亚太药业	SZ	7.88	7.88	
307	2/20/13	7.68	7.9	7.62	7.88	1776100	7.88	2370	亚太药业	SZ	7.68	7.68	
308	2/19/13	7.76	7.79	7.66	7.68	1003400	7.68	2370	亚太药业	SZ	7.77	7.77	
309	2/18/13	7.71	7.85	7.69	7.77	1670100	7.77	2370	亚太药业	SZ	7.68	7.68	
310	2/15/13	7.68	7.68	7.68	7.68	0	7.68	2370	亚太药业	SZ	7.68	7.68	
311	2/14/13	7.68	7.68	7.68	7.68	0	7.68	2370	亚太药业	SZ	7.68	7.68	
312	2/13/13	7.68	7.68	7.68	7.68	0	7.68	2370	亚太药业	SZ	7.68	7.68	
313	2/12/13	7.68	7.68	7.68	7.68	0	7.68	2370	亚太药业	SZ	7.68	7.68	
314	2/11/13	7.68	7.68	7.68	7.68	0	7.68	2370	亚太药业	SZ	7.68	7.68	
315	2/8/13	7.5	7.72	7.45	7.68	1868100	7.68	2370	亚太药业	SZ	7.47	7.47	
316	2/7/13	7.45	7.56	7.43	7.47	915500	7.47	2370	亚太药业	SZ	7.43	7.43	
317	2/6/13	7.45	7.45	7.39	7.43	838200	7.43	2370	亚太药业	SZ	7.42	7.42	
318	2/5/13	7.37	7.44	7.3	7.42	954700	7.42	2370	亚太药业	SZ	7.38	7.38	
319	2/4/13	7.35	7.41	7.24	7.38	1140500	7.38	2370	亚太药业	SZ	7.33	7.33	
320	2/1/13	7.25	7.38	7.21	7.33	802200	7.33	2370	亚太药业	SZ	7.26	7.26	
321	1/31/13	7.33	7.44	7.24	7.26	1399300	7.26	2370	亚太药业	SZ	7.41	7.41	
322	1/30/13	7.43	7.5	7.33	7.41	1117400	7.41	2370	亚太药业	SZ	7.48	7.48	
323	1/29/13	7.44	7.49	7.4	7.48	1254900	7.48	2370	亚太药业	SZ	7.44	7.44	
324	1/28/13	7.3	7.44	7.26	7.44	1097300	7.44	2370	亚太药业	SZ	7.31	7.31	
325	1/25/13	7.51	7.63	7.31	7.31	1887600	7.31	2370	亚太药业	SZ	7.51	7.51	
326	1/24/13	7.71	8.08	7.5	7.51	3007700	7.51	2370	亚太药业	SZ	7.71	7.71	
327	1/23/13	7.61	7.78	7.52	7.71	1564000	7.71	2370	亚太药业	SZ	7.67	7.67	
328	1/22/13	7.86	7.98	7.61	7.67	1901600	7.67	2370	亚太药业	SZ	7.86	7.86	
329	1/21/13	7.79	7.94	7.7	7.86	2606500	7.86	2370	亚太药业	SZ	7.8	7.8	
330	1/18/13	7.72	7.84	7.63	7.8	2019700	7.8	2370	亚太药业	SZ	7.72	7.72	
331	1/17/13	7.85	7.86	7.64	7.72	1847400	7.72	2370	亚太药业	SZ	7.84	7.84	
332	1/16/13	7.83	7.84	7.63	7.84	2780800	7.84	2370	亚太药业	SZ	7.81	7.81	
333	1/15/13	7.71	7.86	7.6	7.81	3579600	7.81	2370	亚太药业	SZ	7.66	7.66	
334	1/14/13	7.43	7.67	7.41	7.66	2840000	7.66	2370	亚太药业	SZ	7.5	7.5	
335	1/11/13	7.69	7.74	7.44	7.5	2470700	7.5	2370	亚太药业	SZ	7.76	7.76	
336	1/10/13	7.4	7.83	7.38	7.76	4019800	7.76	2370	亚太药业	SZ	7.43	7.43	
337	1/9/13	7.56	7.56	6.78	7.43	2274700	7.43	2370	亚太药业	SZ	7.52	7.52	
338	1/8/13	7.43	7.59	7.41	7.52	2325400	7.52	2370	亚太药业	SZ	7.44	7.44	
339	1/7/13	7.3	7.54	7.3	7.44	1905500	7.44	2370	亚太药业	SZ	7.32	7.32	
340	1/4/13	7.49	7.5	7.22	7.32	1728600	7.32	2370	亚太药业	SZ	7.46	7.46	
341	1/3/13	7.46	7.46	7.46	7.46	0	7.46	2370	亚太药业	SZ	7.46	7.46	
342	1/2/13	7.46	7.46	7.46	7.46	0	7.46	2370	亚太药业	SZ	7.46	7.46	
343	1/1/13	7.46	7.46	7.46	7.46	0	7.46	2370	亚太药业	SZ	7.46	7.46	
344	12/31/12	7.48	7.52	7.39	7.46	1432300	7.46	2370	亚太药业	SZ	7.48	7.48	
345	12/28/12	7.26	7.61	7.23	7.48	3903000	7.48	2370	亚太药业	SZ	7.27	7.27	
346	12/27/12	7.34	7.37	7.25	7.27	2079600	7.27	2370	亚太药业	SZ	7.31	7.31	
347	12/26/12	7.32	7.32	7.24	7.31	2252000	7.31	2370	亚太药业	SZ	7.29	7.29	
348	12/25/12	7.21	7.33	7.08	7.29	2984200	7.29	2370	亚太药业	SZ	7.18	7.18	
349	12/24/12	7.07	7.21	7.07	7.18	1550900	7.18	2370	亚太药业	SZ	7.04	7.04	
350	12/21/12	7.02	7.14	6.98	7.04	1327900	7.04	2370	亚太药业	SZ	7.04	7.04	
351	12/20/12	7.2	7.23	6.96	7.04	1595100	7.04	2370	亚太药业	SZ	7.19	7.19	
352	12/19/12	7.25	7.26	7.12	7.19	2215000	7.19	2370	亚太药业	SZ	7.24	7.24	
353	12/18/12	7.27	7.34	7.2	7.24	2192000	7.24	2370	亚太药业	SZ	7.26	7.26	
354	12/17/12	7.28	7.36	7.18	7.26	2213400	7.26	2370	亚太药业	SZ	7.25	7.25	
355	12/14/12	7.08	7.42	7.05	7.25	3903800	7.25	2370	亚太药业	SZ	7.1	7.1	
356	12/13/12	7.28	7.34	7.05	7.1	2905000	7.1	2370	亚太药业	SZ	7.35	7.35	
357	12/12/12	6.9	7.58	6.83	7.35	5454800	7.35	2370	亚太药业	SZ	6.9	6.9	
358	12/11/12	7	7	6.81	6.9	2479500	6.9	2370	亚太药业	SZ	7	7	
359	12/10/12	6.85	7.09	6.83	7	3661100	7	2370	亚太药业	SZ	6.9	6.9	
360	12/7/12	6.7	6.93	6.63	6.9	2541600	6.9	2370	亚太药业	SZ	6.73	6.73	
361	12/6/12	6.75	6.85	6.62	6.73	2319900	6.73	2370	亚太药业	SZ	6.87	6.87	
362	12/5/12	6.51	6.92	6.43	6.87	3748400	6.87	2370	亚太药业	SZ	6.68	6.68	
363	12/4/12	7.01	7.01	6.34	6.68	3806400	6.68	2370	亚太药业	SZ	7.04	7.04	
364	12/3/12	6.94	7.08	6.85	7.04	2825100	7.04	2370	亚太药业	SZ	7.14	7.14	
365	11/30/12	7.37	7.66	7.08	7.14	6894800	7.14	2370	亚太药业	SZ	7.36	7.36	
366	11/29/12	6.8	7.36	6.76	7.36	6137200	7.36	2370	亚太药业	SZ	6.69	6.69	
367	11/28/12	7.05	7.05	6.66	6.69	2615100	6.69	2370	亚太药业	SZ	7.05	7.05	
368	11/27/12	7.72	7.72	7.02	7.05	1679800	7.05	2370	亚太药业	SZ	7.74	7.74	
369	11/26/12	7.9	7.93	7.68	7.74	1271900	7.74	2370	亚太药业	SZ	7.9	7.9	
370	11/23/12	8.1	8.14	7.86	7.9	2727100	7.9	2370	亚太药业	SZ	8.13	8.13	
371	11/22/12	8.58	8.58	8.1	8.13	2670600	8.13	2370	亚太药业	SZ	8.75	8.75	
372	11/21/12	9.24	9.3	8.47	8.75	3577200	8.75	2370	亚太药业	SZ	9.2	9.2	
373	11/20/12	9.23	9.28	9.08	9.2	1370100	9.2	2370	亚太药业	SZ	9.17	9.17	
374	11/19/12	9.2	9.27	8.92	9.17	1330500	9.17	2370	亚太药业	SZ	9.17	9.17	
375	11/16/12	9.25	9.36	8.87	9.17	2117100	9.17	2370	亚太药业	SZ	9.2	9.2	
376	11/15/12	9.3	9.35	9.06	9.2	2661600	9.2	2370	亚太药业	SZ	9.3	9.3	
377	11/14/12	8.57	9.3	8.57	9.3	4810400	9.3	2370	亚太药业	SZ	8.53	8.53	
378	11/13/12	8.52	8.66	8.52	8.53	747600	8.53	2370	亚太药业	SZ	8.56	8.56	
379	11/12/12	8.5	8.59	8.49	8.56	658100	8.56	2370	亚太药业	SZ	8.54	8.54	
380	11/9/12	8.45	8.59	8.43	8.54	1235700	8.54	2370	亚太药业	SZ	8.39	8.39	
381	11/8/12	8.4	8.42	8.25	8.39	618500	8.39	2370	亚太药业	SZ	8.41	8.41	
382	11/7/12	8.5	8.5	8.36	8.41	536500	8.41	2370	亚太药业	SZ	8.44	8.44	
383	11/6/12	8.4	8.45	8.3	8.44	426800	8.44	2370	亚太药业	SZ	8.39	8.39	
384	11/5/12	8.48	8.48	8.32	8.39	310000	8.39	2370	亚太药业	SZ	8.49	8.49	
385	11/2/12	8.32	8.5	8.32	8.49	795200	8.49	2370	亚太药业	SZ	8.37	8.37	
386	11/1/12	8.33	8.39	8.25	8.37	701800	8.37	2370	亚太药业	SZ	8.3	8.3	
387	10/31/12	8.34	8.34	8.24	8.3	333400	8.3	2370	亚太药业	SZ	8.3	8.3	
388	10/30/12	8.25	8.36	8.25	8.3	219200	8.3	2370	亚太药业	SZ	8.32	8.32	
389	10/29/12	8.29	8.35	8.2	8.32	294600	8.32	2370	亚太药业	SZ	8.3	8.3	
390	10/26/12	8.35	8.45	8.26	8.3	474200	8.3	2370	亚太药业	SZ	8.35	8.35	
391	10/25/12	8.23	8.46	8.23	8.35	858500	8.35	2370	亚太药业	SZ	8.21	8.21	
392	10/24/12	8.24	8.36	8.21	8.21	386000	8.21	2370	亚太药业	SZ	8.26	8.26	
393	10/23/12	8.29	8.34	8.24	8.26	485200	8.26	2370	亚太药业	SZ	8.31	8.31	
394	10/22/12	8.36	8.36	8.27	8.31	512900	8.31	2370	亚太药业	SZ	8.35	8.35	
395	10/19/12	8.5	8.53	8.32	8.35	604900	8.35	2370	亚太药业	SZ	8.52	8.52	
396	10/18/12	8.54	8.54	8.45	8.52	581700	8.52	2370	亚太药业	SZ	8.53	8.53	
397	10/17/12	8.51	8.6	8.42	8.53	1234600	8.53	2370	亚太药业	SZ	8.5	8.5	
398	10/16/12	8.37	8.54	8.36	8.5	1172300	8.5	2370	亚太药业	SZ	8.36	8.36	
399	10/15/12	8.32	8.38	8.25	8.36	1520900	8.36	2370	亚太药业	SZ	8.3	8.3	
400	10/12/12	8.41	8.43	8.19	8.3	448300	8.3	2370	亚太药业	SZ	8.38	8.38	
401	10/11/12	8.46	8.46	8.35	8.38	632200	8.38	2370	亚太药业	SZ	8.46	8.46	
402	10/10/12	8.42	8.47	8.35	8.46	847400	8.46	2370	亚太药业	SZ	8.46	8.46	
403	10/9/12	8.33	8.48	8.32	8.46	1318800	8.46	2370	亚太药业	SZ	8.32	8.32	
404	10/8/12	8.38	8.43	8.29	8.32	225700	8.32	2370	亚太药业	SZ	8.37	8.37	
405	10/5/12	8.37	8.37	8.37	8.37	0	8.37	2370	亚太药业	SZ	8.37	8.37	
406	10/4/12	8.37	8.37	8.37	8.37	0	8.37	2370	亚太药业	SZ	8.37	8.37	
407	10/3/12	8.37	8.37	8.37	8.37	0	8.37	2370	亚太药业	SZ	8.37	8.37	
408	10/2/12	8.37	8.37	8.37	8.37	0	8.37	2370	亚太药业	SZ	8.37	8.37	
409	10/1/12	8.37	8.37	8.37	8.37	0	8.37	2370	亚太药业	SZ	8.37	8.37	
410	9/28/12	8.36	8.38	8.23	8.37	602700	8.37	2370	亚太药业	SZ	8.31	8.31	
411	9/27/12	8.25	8.34	8.13	8.31	505800	8.31	2370	亚太药业	SZ	8.22	8.22	
412	9/26/12	8.35	8.35	8.11	8.22	258600	8.22	2370	亚太药业	SZ	8.31	8.31	
413	9/25/12	8.38	8.38	8.22	8.31	240000	8.31	2370	亚太药业	SZ	8.36	8.36	
414	9/24/12	8.32	8.42	8.17	8.36	657700	8.36	2370	亚太药业	SZ	8.29	8.29	
415	9/21/12	8.29	8.38	8.11	8.29	593400	8.29	2370	亚太药业	SZ	8.23	8.23	
416	9/20/12	8.45	8.47	8.13	8.23	471000	8.23	2370	亚太药业	SZ	8.38	8.38	
417	9/19/12	8.36	8.45	8.28	8.38	482800	8.38	2370	亚太药业	SZ	8.31	8.31	
418	9/18/12	8.34	8.37	8.22	8.31	649800	8.31	2370	亚太药业	SZ	8.3	8.3	
419	9/17/12	8.59	8.59	7.77	8.3	760800	8.3	2370	亚太药业	SZ	8.57	8.57	
420	9/14/12	8.72	8.75	8.47	8.57	960000	8.57	2370	亚太药业	SZ	8.68	8.68	
421	9/13/12	8.8	8.83	8.65	8.68	428000	8.68	2370	亚太药业	SZ	8.8	8.8	
422	9/12/12	8.8	8.91	8.7	8.8	1285500	8.8	2370	亚太药业	SZ	8.76	8.76	
423	9/11/12	8.81	8.81	8.68	8.76	738400	8.76	2370	亚太药业	SZ	8.81	8.81	
424	9/10/12	8.82	8.86	8.71	8.81	1038400	8.81	2370	亚太药业	SZ	8.82	8.82	
425	9/7/12	8.6	8.88	8.52	8.82	1817600	8.82	2370	亚太药业	SZ	8.56	8.56	
426	9/6/12	8.45	8.59	8.39	8.56	456700	8.56	2370	亚太药业	SZ	8.41	8.41	
427	9/5/12	8.4	8.45	8.21	8.41	912300	8.41	2370	亚太药业	SZ	8.4	8.4	
428	9/4/12	8.48	8.57	8.4	8.4	547700	8.4	2370	亚太药业	SZ	8.55	8.55	
429	9/3/12	8.47	8.58	8.4	8.55	588100	8.55	2370	亚太药业	SZ	8.5	8.5	
430	8/31/12	8.82	8.82	8.47	8.5	1222300	8.5	2370	亚太药业	SZ	8.8	8.8	
431	8/30/12	8.92	8.99	8.6	8.8	1049800	8.8	2370	亚太药业	SZ	8.9	8.9	
432	8/29/12	8.93	8.95	8.73	8.9	684200	8.9	2370	亚太药业	SZ	8.95	8.95	
433	8/28/12	8.81	8.97	8.8	8.95	562000	8.95	2370	亚太药业	SZ	8.92	8.92	
434	8/27/12	9.12	9.22	8.72	8.92	2343700	8.92	2370	亚太药业	SZ	9.24	9.24	
435	8/24/12	9.3	9.35	9.18	9.24	899500	9.24	2370	亚太药业	SZ	9.36	9.36	
436	8/23/12	9.28	9.36	9.13	9.36	1387500	9.36	2370	亚太药业	SZ	9.26	9.26	
437	8/22/12	9.3	9.36	9.17	9.26	1398900	9.26	2370	亚太药业	SZ	9.31	9.31	
438	8/21/12	9.34	9.44	9.27	9.31	1659200	9.31	2370	亚太药业	SZ	9.33	9.33	
439	8/20/12	9.28	9.36	9.15	9.33	930200	9.33	2370	亚太药业	SZ	9.33	9.33	
440	8/17/12	9.12	9.36	9.12	9.33	1297500	9.33	2370	亚太药业	SZ	9.23	9.23	
441	8/16/12	9.38	9.43	9.09	9.23	2141900	9.23	2370	亚太药业	SZ	9.37	9.37	
442	8/15/12	9.45	9.53	9.3	9.37	2541200	9.37	2370	亚太药业	SZ	9.54	9.54	
443	8/14/12	9.13	9.57	9.13	9.54	5676400	9.54	2370	亚太药业	SZ	9.06	9.06	
444	8/13/12	9.19	9.24	9.03	9.06	1808900	9.06	2370	亚太药业	SZ	9.17	9.17	
445	8/10/12	9.27	9.32	9.05	9.17	1614600	9.17	2370	亚太药业	SZ	9.22	9.22	
446	8/9/12	9.15	9.23	9.06	9.22	1609700	9.22	2370	亚太药业	SZ	9.16	9.16	
447	8/8/12	9.25	9.4	9.02	9.16	1964200	9.16	2370	亚太药业	SZ	9.28	9.28	
448	8/7/12	9.22	9.3	9.11	9.28	2472100	9.28	2370	亚太药业	SZ	9.2	9.2	
449	8/6/12	9.12	9.32	9.03	9.2	3276300	9.2	2370	亚太药业	SZ	9.14	9.14	
450	8/3/12	8.93	9.17	8.84	9.14	1766300	9.14	2370	亚太药业	SZ	8.91	8.91	
451	8/2/12	8.84	9	8.72	8.91	1623200	8.91	2370	亚太药业	SZ	8.83	8.83	
452	8/1/12	8.64	8.86	8.64	8.83	924800	8.83	2370	亚太药业	SZ	8.64	8.64	
453	7/31/12	8.71	8.88	8.57	8.64	1179800	8.64	2370	亚太药业	SZ	8.86	8.86	
454	7/30/12	8.95	9.07	8.66	8.86	1223400	8.86	2370	亚太药业	SZ	8.95	8.95	
455	7/27/12	9.26	9.26	8.85	8.95	2281900	8.95	2370	亚太药业	SZ	9.25	9.25	
456	7/26/12	9.08	9.35	9	9.25	2844300	9.25	2370	亚太药业	SZ	9.21	9.21	
457	7/25/12	8.66	9.36	8.63	9.21	3520400	9.21	2370	亚太药业	SZ	8.66	8.66	
458	7/24/12	8.6	8.69	8.54	8.66	997100	8.66	2370	亚太药业	SZ	8.62	8.62	
459	7/23/12	8.65	8.7	8.5	8.62	544100	8.62	2370	亚太药业	SZ	8.7	8.7	
460	7/20/12	8.76	8.8	8.63	8.7	825300	8.7	2370	亚太药业	SZ	8.75	8.75	
461	7/19/12	8.58	8.86	8.49	8.75	1394300	8.75	2370	亚太药业	SZ	8.59	8.59	
462	7/18/12	8.7	8.7	8.47	8.59	999900	8.59	2370	亚太药业	SZ	8.67	8.67	
463	7/17/12	8.61	8.84	8.55	8.67	1135100	8.67	2370	亚太药业	SZ	8.6	8.6	
464	7/16/12	8.86	8.86	8.4	8.6	2129700	8.6	2370	亚太药业	SZ	8.88	8.88	
465	7/13/12	9.11	9.15	8.83	8.88	1939400	8.88	2370	亚太药业	SZ	9.1	9.1	
466	7/12/12	9.03	9.23	8.86	9.1	2220900	9.1	2370	亚太药业	SZ	9.08	9.08	
467	7/11/12	9.06	9.16	8.75	9.08	2004600	9.08	2370	亚太药业	SZ	9.16	9.16	
468	7/10/12	9.15	9.3	9.01	9.16	1469700	9.16	2370	亚太药业	SZ	9.17	9.17	
469	7/9/12	9.49	9.59	9.16	9.17	2975600	9.17	2370	亚太药业	SZ	9.42	9.42	
470	7/6/12	9.14	9.42	9.03	9.42	4056700	9.42	2370	亚太药业	SZ	9.14	9.14	
471	7/5/12	9.08	9.27	8.92	9.14	2579600	9.14	2370	亚太药业	SZ	9.04	9.04	
472	7/4/12	8.71	9.04	8.61	9.04	1959700	9.04	2370	亚太药业	SZ	8.68	8.68	
473	7/3/12	8.84	8.96	8.66	8.68	1373100	8.68	2370	亚太药业	SZ	8.78	8.78	
474	7/2/12	8.63	8.98	8.58	8.78	1624400	8.78	2370	亚太药业	SZ	8.58	8.58	
475	6/29/12	8.3	8.6	8.3	8.58	897000	8.58	2370	亚太药业	SZ	8.45	8.38	
476	6/28/12	8.73	8.79	8.45	8.45	826400	8.38	2370	亚太药业	SZ	8.73	8.66	
477	6/27/12	8.62	8.88	8.57	8.73	1345500	8.66	2370	亚太药业	SZ	8.61	8.54	
478	6/26/12	8.7	8.9	8.43	8.61	1387600	8.54	2370	亚太药业	SZ	8.83	8.75	
479	6/25/12	9.29	9.29	8.82	8.83	2379600	8.75	2370	亚太药业	SZ	9.36	9.28	
480	6/22/12	9.36	9.36	9.36	9.36	0	9.28	2370	亚太药业	SZ	9.36	9.28	
481	6/21/12	9.41	9.73	9.31	9.36	3310500	9.28	2370	亚太药业	SZ	9.53	9.45	
482	6/20/12	9.22	9.55	9.11	9.53	4194500	9.45	2370	亚太药业	SZ	9.26	9.18	
483	6/19/12	9.33	9.65	9.08	9.26	3992400	9.18	2370	亚太药业	SZ	9.4	9.32	
484	6/18/12	8.98	9.78	8.91	9.4	7630800	9.32	2370	亚太药业	SZ	8.91	8.83	
485	6/15/12	8.4	8.92	8.4	8.91	4179300	8.83	2370	亚太药业	SZ	8.44	8.37	
486	6/14/12	8.65	8.68	8.4	8.44	1564700	8.37	2370	亚太药业	SZ	8.56	8.49	
487	6/13/12	8.41	8.57	8.31	8.56	1792400	8.49	2370	亚太药业	SZ	8.38	8.31	
488	6/12/12	8.53	8.54	8.3	8.38	2110500	8.31	2370	亚太药业	SZ	8.59	8.52	
489	6/11/12	8.66	8.7	8.4	8.59	2378300	8.52	2370	亚太药业	SZ	8.66	8.59	
490	6/8/12	8.7	8.75	8.59	8.66	1546500	8.59	2370	亚太药业	SZ	8.68	8.61	
491	6/7/12	8.69	8.83	8.54	8.68	2055300	8.61	2370	亚太药业	SZ	8.67	8.6	
492	6/6/12	8.6	8.7	8.45	8.67	2322500	8.6	2370	亚太药业	SZ	8.56	8.49	
493	6/5/12	8.35	8.56	8.21	8.56	2412100	8.49	2370	亚太药业	SZ	8.33	8.26	
494	6/4/12	8.3	8.46	8.26	8.33	1488500	8.26	2370	亚太药业	SZ	8.41	8.34	
495	6/1/12	8.46	8.58	8.34	8.41	1652100	8.34	2370	亚太药业	SZ	8.4	8.33	
496	5/31/12	8.19	8.48	8.17	8.4	2377700	8.33	2370	亚太药业	SZ	8.25	8.18	
497	5/30/12	8.11	8.26	8.08	8.25	1542700	8.18	2370	亚太药业	SZ	8.15	8.08	
498	5/29/12	7.92	8.17	7.8	8.15	1450000	8.08	2370	亚太药业	SZ	7.96	7.89	
499	5/28/12	7.99	8.04	7.6	7.96	1079800	7.89	2370	亚太药业	SZ	8.06	7.99	
500	5/25/12	8.15	8.15	7.97	8.06	807000	7.99	2370	亚太药业	SZ	8.15	8.08	
501	5/24/12	8.19	8.19	8.07	8.15	719600	8.08	2370	亚太药业	SZ	8.23	8.16	
502	5/23/12	8.26	8.26	8.08	8.23	793500	8.16	2370	亚太药业	SZ	8.27	8.2	
503	5/22/12	8.09	8.28	8.05	8.27	1312100	8.2	2370	亚太药业	SZ	8.06	7.99	
504	5/21/12	7.98	8.1	7.94	8.06	734400	7.99	2370	亚太药业	SZ	7.99	7.92	
505	5/18/12	8.15	8.16	7.98	7.99	1170700	7.92	2370	亚太药业	SZ	8.15	8.08	
506	5/17/12	8.17	8.18	8.03	8.15	918800	8.08	2370	亚太药业	SZ	8.1	8.03	
507	5/16/12	8.16	8.23	8	8.1	1049500	8.03	2370	亚太药业	SZ	8.16	8.09	
508	5/15/12	8.39	8.39	8.06	8.16	1781900	8.09	2370	亚太药业	SZ	8.46	8.39	
509	5/14/12	8.3	8.59	8.29	8.46	3164800	8.39	2370	亚太药业	SZ	8.25	8.18	
510	5/11/12	8.21	8.4	8.18	8.25	2470300	8.18	2370	亚太药业	SZ	8.19	8.12	
511	5/10/12	7.95	8.25	7.95	8.19	2028800	8.12	2370	亚太药业	SZ	7.96	7.89	
512	5/9/12	8.11	8.11	7.9	7.96	1501600	7.89	2370	亚太药业	SZ	8.15	8.08	
513	5/8/12	8.15	8.15	8.15	8.15	0	8.08	2370	亚太药业	SZ	8.15	8.08	
514	5/7/12	8.09	8.18	8.04	8.15	2156400	8.08	2370	亚太药业	SZ	8.24	8.17	
515	5/4/12	8.05	8.27	7.73	8.24	4233200	8.17	2370	亚太药业	SZ	8.44	8.37	
516	5/3/12	8.44	8.44	8.44	8.44	0	8.37	2370	亚太药业	SZ	8.44	8.37	
517	5/2/12	8.67	8.67	8.27	8.44	1897600	8.37	2370	亚太药业	SZ	8.54	8.47	
518	5/1/12	8.54	8.54	8.54	8.54	0	8.47	2370	亚太药业	SZ	8.54	8.47	
519	4/30/12	8.54	8.54	8.54	8.54	0	8.47	2370	亚太药业	SZ	8.54	8.47	
520	4/27/12	8.53	8.68	8.48	8.54	570300	8.47	2370	亚太药业	SZ	8.53	8.46	
521	4/26/12	8.5	8.69	8.5	8.53	1135200	8.46	2370	亚太药业	SZ	8.49	8.42	
522	4/25/12	8.35	8.53	8.25	8.49	888100	8.42	2370	亚太药业	SZ	8.3	8.23	
523	4/24/12	8.58	8.65	8.15	8.3	1476000	8.23	2370	亚太药业	SZ	8.63	8.56	
524	4/23/12	8.8	8.95	8.63	8.63	1108200	8.56	2370	亚太药业	SZ	8.8	8.73	
525	4/20/12	8.86	8.95	8.71	8.8	1332300	8.73	2370	亚太药业	SZ	8.89	8.81	
526	4/19/12	9.01	9.09	8.83	8.89	1599300	8.81	2370	亚太药业	SZ	9.1	9.02	
527	4/18/12	8.88	9.1	8.66	9.1	2464300	9.02	2370	亚太药业	SZ	8.96	8.88	
528	4/17/12	8.59	9.36	8.41	8.96	3965500	8.88	2370	亚太药业	SZ	8.51	8.44	
529	4/16/12	8.41	8.55	8.31	8.51	830200	8.44	2370	亚太药业	SZ	8.49	8.42	
530	4/13/12	8.38	8.59	8.38	8.49	1268900	8.42	2370	亚太药业	SZ	8.41	8.34	
531	4/12/12	8.15	8.45	8.15	8.41	1613500	8.34	2370	亚太药业	SZ	8.1	8.03	
532	4/11/12	8.08	8.2	7.95	8.1	709800	8.03	2370	亚太药业	SZ	8.12	8.05	
533	4/10/12	8.02	8.14	7.72	8.12	930600	8.05	2370	亚太药业	SZ	8.13	8.06	
534	4/9/12	8.3	8.33	8.1	8.13	564100	8.06	2370	亚太药业	SZ	8.3	8.23	
535	4/6/12	8.2	8.39	8.2	8.3	848900	8.23	2370	亚太药业	SZ	8.27	8.2	
536	4/5/12	7.85	8.28	7.85	8.27	929200	8.2	2370	亚太药业	SZ	8.08	8.01	
537	4/4/12	8.08	8.08	8.08	8.08	0	8.01	2370	亚太药业	SZ	8.08	8.01	
538	4/3/12	8.08	8.08	8.08	8.08	0	8.01	2370	亚太药业	SZ	8.08	8.01	
539	4/2/12	8.08	8.08	8.08	8.08	0	8.01	2370	亚太药业	SZ	8.08	8.01	
540	3/30/12	8.07	8.16	7.9	8.08	963800	8.01	2370	亚太药业	SZ	8.07	8	
541	3/29/12	8.26	8.26	7.91	8.07	1522700	8	2370	亚太药业	SZ	8.23	8.16	
542	3/28/12	8.9	8.9	8.21	8.23	1468800	8.16	2370	亚太药业	SZ	8.9	8.82	
543	3/27/12	9.01	9.06	8.86	8.9	722600	8.82	2370	亚太药业	SZ	8.95	8.87	
544	3/26/12	8.99	9.07	8.89	8.95	671000	8.87	2370	亚太药业	SZ	8.99	8.91	
545	3/23/12	9.18	9.18	8.97	8.99	765400	8.91	2370	亚太药业	SZ	9.16	9.08	
546	3/22/12	9.23	9.24	9.08	9.16	890400	9.08	2370	亚太药业	SZ	9.21	9.13	
547	3/21/12	9.26	9.35	9.08	9.21	1001800	9.13	2370	亚太药业	SZ	9.2	9.12	
548	3/20/12	9.54	9.54	9.2	9.2	1283200	9.12	2370	亚太药业	SZ	9.55	9.47	
549	3/19/12	9.45	9.58	9.36	9.55	1453100	9.47	2370	亚太药业	SZ	9.45	9.37	
550	3/16/12	9.3	9.45	9.19	9.45	1991900	9.37	2370	亚太药业	SZ	9.41	9.33	
551	3/15/12	9.2	9.55	8.8	9.41	2435700	9.33	2370	亚太药业	SZ	9.25	9.17	
552	3/14/12	9.94	10.12	9.21	9.25	2942900	9.17	2370	亚太药业	SZ	9.89	9.81	
553	3/13/12	9.93	9.96	9.77	9.89	1662700	9.81	2370	亚太药业	SZ	9.87	9.79	
554	3/12/12	9.78	9.91	9.78	9.87	2568200	9.79	2370	亚太药业	SZ	9.78	9.7	
555	3/9/12	9.59	9.78	9.59	9.78	1693900	9.7	2370	亚太药业	SZ	9.6	9.52	
556	3/8/12	9.5	9.65	9.49	9.6	1393900	9.52	2370	亚太药业	SZ	9.51	9.43	
557	3/7/12	9.51	9.68	9.45	9.51	1256400	9.43	2370	亚太药业	SZ	9.6	9.52	
558	3/6/12	9.88	9.91	9.55	9.6	1844300	9.52	2370	亚太药业	SZ	9.87	9.79	
559	3/5/12	9.84	9.97	9.73	9.87	2176500	9.79	2370	亚太药业	SZ	9.82	9.74	
560	3/2/12	9.7	9.85	9.67	9.82	1603200	9.74	2370	亚太药业	SZ	9.71	9.63	
561	3/1/12	9.75	9.8	9.61	9.71	1199300	9.63	2370	亚太药业	SZ	9.78	9.7	
562	2/29/12	9.7	9.8	9.5	9.78	1600700	9.7	2370	亚太药业	SZ	9.71	9.63	
563	2/28/12	10.06	10.07	9.52	9.71	3783600	9.63	2370	亚太药业	SZ	10.2	10.11	
564	2/27/12	10.25	10.38	10.15	10.2	3638900	10.11	2370	亚太药业	SZ	10.23	10.14	
565	2/24/12	10.2	10.33	10.09	10.23	2881500	10.14	2370	亚太药业	SZ	10.2	10.11	
566	2/23/12	10.26	10.33	10.02	10.2	2330900	10.11	2370	亚太药业	SZ	10.25	10.16	
567	2/22/12	10.1	10.26	9.93	10.25	3499400	10.16	2370	亚太药业	SZ	10.14	10.05	
568	2/21/12	10	10.19	9.8	10.14	2799900	10.05	2370	亚太药业	SZ	10.06	9.97	
569	2/20/12	10.25	10.28	10.05	10.06	2212800	9.97	2370	亚太药业	SZ	10.15	10.06	
570	2/17/12	10.18	10.3	10.03	10.15	2440400	10.06	2370	亚太药业	SZ	10.3	10.21	
571	2/16/12	10.22	10.43	10.01	10.3	4702600	10.21	2370	亚太药业	SZ	10.55	10.46	
572	2/15/12	9.94	10.74	9.51	10.55	6658900	10.46	2370	亚太药业	SZ	9.76	9.68	
573	2/14/12	8.89	9.76	8.86	9.76	5151000	9.68	2370	亚太药业	SZ	8.87	8.79	
574	2/13/12	8.5	8.88	8.35	8.87	2057200	8.79	2370	亚太药业	SZ	8.52	8.45	
575	2/10/12	8.63	8.68	8.5	8.52	1028700	8.45	2370	亚太药业	SZ	8.64	8.57	
576	2/9/12	8.52	8.78	8.5	8.64	2046200	8.57	2370	亚太药业	SZ	8.5	8.43	
577	2/8/12	8.26	8.5	8.19	8.5	921200	8.43	2370	亚太药业	SZ	8.24	8.17	
578	2/7/12	8.39	8.39	8.15	8.24	601600	8.17	2370	亚太药业	SZ	8.42	8.35	
579	2/6/12	8.29	8.43	8.24	8.42	821900	8.35	2370	亚太药业	SZ	8.29	8.22	
580	2/3/12	8.1	8.32	8.07	8.29	947200	8.22	2370	亚太药业	SZ	8.1	8.03	
581	2/2/12	7.85	8.11	7.85	8.1	384600	8.03	2370	亚太药业	SZ	7.9	7.83	
582	2/1/12	8.01	8.11	7.9	7.9	471500	7.83	2370	亚太药业	SZ	8.07	8	
583	1/31/12	8.05	8.17	8	8.07	256400	8	2370	亚太药业	SZ	8.12	8.05	
584	1/30/12	8.2	8.29	8.11	8.12	415400	8.05	2370	亚太药业	SZ	8.2	8.13	
585	1/27/12	8.2	8.2	8.2	8.2	0	8.13	2370	亚太药业	SZ	8.2	8.13	
586	1/26/12	8.2	8.2	8.2	8.2	0	8.13	2370	亚太药业	SZ	8.2	8.13	
587	1/25/12	8.2	8.2	8.2	8.2	0	8.13	2370	亚太药业	SZ	8.2	8.13	
588	1/24/12	8.2	8.2	8.2	8.2	0	8.13	2370	亚太药业	SZ	8.2	8.13	
589	1/23/12	8.2	8.2	8.2	8.2	0	8.13	2370	亚太药业	SZ	8.2	8.13	
590	1/20/12	8.06	8.2	8.05	8.2	502900	8.13	2370	亚太药业	SZ	8.1	8.03	
591	1/19/12	8.02	8.19	7.82	8.1	579500	8.03	2370	亚太药业	SZ	8.03	7.96	
592	1/18/12	8.1	8.32	8	8.03	831000	7.96	2370	亚太药业	SZ	8.1	8.03	
593	1/17/12	7.6	8.12	7.6	8.1	653800	8.03	2370	亚太药业	SZ	7.62	7.56	
594	1/16/12	8.08	8.08	7.6	7.62	560200	7.56	2370	亚太药业	SZ	8.09	8.02	
595	1/13/12	8.58	8.58	8.02	8.09	855100	8.02	2370	亚太药业	SZ	8.43	8.36	
596	1/12/12	8.25	8.73	8.25	8.43	694700	8.36	2370	亚太药业	SZ	8.37	8.3	
597	1/11/12	8.32	8.5	8.28	8.37	881700	8.3	2370	亚太药业	SZ	8.38	8.31	
598	1/10/12	7.9	8.5	7.9	8.38	1214100	8.31	2370	亚太药业	SZ	7.95	7.88	
599	1/9/12	7.5	7.98	7.46	7.95	517200	7.88	2370	亚太药业	SZ	7.51	7.45	
600	1/6/12	7.75	7.75	7.24	7.51	324700	7.45	2370	亚太药业	SZ	7.52	7.46	
601	1/5/12	7.93	7.97	7.52	7.52	547700	7.46	2370	亚太药业	SZ	7.93	7.86	
602	1/4/12	8.3	8.3	7.91	7.93	357200	7.86	2370	亚太药业	SZ	8.11	8.04	
603	1/3/12	7.93	8.11	7.93	8.11	377000	8.04	2370	亚太药业	SZ	8.11	8.04	
604	1/2/12	7.93	8.11	7.93	8.11	377000	8.04	2370	亚太药业	SZ	8.11	8.04	
605	12/30/11	7.93	8.11	7.93	8.11	377000	8.04	2370	亚太药业	SZ	7.91	7.84	
606	12/29/11	7.9	8.05	7.9	7.91	518500	7.84	2370	亚太药业	SZ	7.93	7.86	
607	12/28/11	8.05	8.13	7.75	7.93	671900	7.86	2370	亚太药业	SZ	8.16	8.09	
608	12/27/11	8.46	8.56	8.15	8.16	598800	8.09	2370	亚太药业	SZ	8.57	8.5	
609	12/26/11	8.62	8.67	8.5	8.57	470400	8.5	2370	亚太药业	SZ	8.62	8.55	
610	12/23/11	8.57	8.73	8.48	8.62	805200	8.55	2370	亚太药业	SZ	8.6	8.53	
611	12/22/11	9	9	8.43	8.6	1083900	8.53	2370	亚太药业	SZ	8.99	8.91	
612	12/21/11	9.2	9.43	8.99	8.99	663700	8.91	2370	亚太药业	SZ	9.17	9.09	
613	12/20/11	9.2	9.47	9.16	9.17	617300	9.09	2370	亚太药业	SZ	9.2	9.12	
614	12/19/11	9.35	9.35	8.95	9.2	534300	9.12	2370	亚太药业	SZ	9.37	9.29	
615	12/16/11	9.05	9.37	9.05	9.37	691000	9.29	2370	亚太药业	SZ	9.05	8.97	
616	12/15/11	9.31	9.55	8.9	9.05	853200	8.97	2370	亚太药业	SZ	9.57	9.49	
617	12/14/11	9.67	9.75	9.57	9.57	479700	9.49	2370	亚太药业	SZ	9.6	9.52	
618	12/13/11	9.91	10.12	9.57	9.6	705200	9.52	2370	亚太药业	SZ	10.05	9.96	
619	12/12/11	10.28	10.28	10.01	10.05	348800	9.96	2370	亚太药业	SZ	10.09	10	
620	12/9/11	10.25	10.3	10.09	10.09	470000	10	2370	亚太药业	SZ	10.28	10.19	
621	12/8/11	10.42	10.46	10	10.28	806700	10.19	2370	亚太药业	SZ	10.42	10.33	
622	12/7/11	10.35	10.5	10.26	10.42	655700	10.33	2370	亚太药业	SZ	10.35	10.26	
623	12/6/11	10.81	10.88	10.1	10.35	1435900	10.26	2370	亚太药业	SZ	10.83	10.74	
624	12/5/11	11.3	11.31	10.67	10.83	1648200	10.74	2370	亚太药业	SZ	11.4	11.3	
625	12/2/11	11.11	11.75	11.11	11.4	2820900	11.3	2370	亚太药业	SZ	11.12	11.03	
626	12/1/11	11.27	11.36	11.05	11.12	1767800	11.03	2370	亚太药业	SZ	10.89	10.8	
627	11/30/11	11.57	11.63	10.6	10.89	1880500	10.8	2370	亚太药业	SZ	11.57	11.47	
628	11/29/11	11.35	11.58	11.24	11.57	2224800	11.47	2370	亚太药业	SZ	11.24	11.14	
629	11/28/11	10.96	11.24	10.81	11.24	1216200	11.14	2370	亚太药业	SZ	10.95	10.86	
630	11/25/11	10.98	11.11	10.81	10.95	906000	10.86	2370	亚太药业	SZ	10.97	10.88	
631	11/24/11	10.91	11.07	10.7	10.97	889500	10.88	2370	亚太药业	SZ	11	10.91	
632	11/23/11	11.08	11.15	10.93	11	939600	10.91	2370	亚太药业	SZ	11.1	11.01	
633	11/22/11	11.06	11.14	10.73	11.1	989000	11.01	2370	亚太药业	SZ	11.16	11.06	
634	11/21/11	10.9	11.16	10.81	11.16	1253000	11.06	2370	亚太药业	SZ	10.94	10.85	
635	11/18/11	11.35	11.36	10.8	10.94	2096000	10.85	2370	亚太药业	SZ	11.52	11.42	
636	11/17/11	11.46	11.82	11.45	11.52	2543600	11.42	2370	亚太药业	SZ	11.66	11.56	
637	11/16/11	12.14	12.3	11.6	11.66	4362100	11.56	2370	亚太药业	SZ	12.1	12	
638	11/14/11	12.3	12.45	11.89	12.1	8149900	12	2370	亚太药业	SZ	11.85	11.75	
639	11/11/11	10.83	11.85	10.72	11.85	4888200	11.75	2370	亚太药业	SZ	10.77	10.68	
640	11/10/11	10.69	10.96	10.55	10.77	1663900	10.68	2370	亚太药业	SZ	10.76	10.67	
641	11/9/11	10.63	10.76	10.41	10.76	1209600	10.67	2370	亚太药业	SZ	10.58	10.49	
642	11/8/11	10.59	10.74	10.56	10.58	1169600	10.49	2370	亚太药业	SZ	10.69	10.6	
643	11/7/11	10.91	10.95	10.66	10.69	1339900	10.6	2370	亚太药业	SZ	10.91	10.82	
644	11/4/11	10.95	11.05	10.76	10.91	1684200	10.82	2370	亚太药业	SZ	10.84	10.75	
645	11/3/11	10.76	11.1	10.63	10.84	2165700	10.75	2370	亚太药业	SZ	10.74	10.65	
646	11/2/11	10.5	10.75	10.37	10.74	1524000	10.65	2370	亚太药业	SZ	10.62	10.53	
647	11/1/11	10.32	10.75	10.21	10.62	1608000	10.53	2370	亚太药业	SZ	10.34	10.25	
648	10/31/11	10.26	10.36	10.16	10.34	722300	10.25	2370	亚太药业	SZ	10.28	10.19	
649	10/28/11	10.2	10.3	10.1	10.28	1223200	10.19	2370	亚太药业	SZ	10.16	10.07	
650	10/27/11	10.07	10.26	10.07	10.16	657700	10.07	2370	亚太药业	SZ	10.11	10.02	
651	10/26/11	10	10.18	9.92	10.11	910400	10.02	2370	亚太药业	SZ	10.02	9.93	
652	10/25/11	9.85	10.1	9.75	10.02	560100	9.93	2370	亚太药业	SZ	9.79	9.71	
653	10/24/11	9.7	9.8	9.56	9.79	542500	9.71	2370	亚太药业	SZ	9.66	9.58	
654	10/21/11	9.73	9.97	9.66	9.66	313300	9.58	2370	亚太药业	SZ	9.8	9.72	
655	10/20/11	10.06	10.16	9.71	9.8	547700	9.72	2370	亚太药业	SZ	10.07	9.98	
656	10/19/11	10.25	10.29	10.04	10.07	429700	9.98	2370	亚太药业	SZ	10.17	10.08	
657	10/18/11	10.54	10.54	10.16	10.17	460300	10.08	2370	亚太药业	SZ	10.55	10.46	
658	10/17/11	10.48	10.56	10.43	10.55	478500	10.46	2370	亚太药业	SZ	10.48	10.39	
659	10/14/11	10.39	10.53	10.31	10.48	449600	10.39	2370	亚太药业	SZ	10.51	10.42	
660	10/13/11	10.31	10.57	10.3	10.51	835300	10.42	2370	亚太药业	SZ	10.38	10.29	
661	10/12/11	10.07	10.39	10.03	10.38	707200	10.29	2370	亚太药业	SZ	10.05	9.96	
662	10/11/11	10.3	10.44	10.01	10.05	399400	9.96	2370	亚太药业	SZ	10.08	9.99	
663	10/10/11	10.32	10.33	10.06	10.08	267200	9.99	2370	亚太药业	SZ	10.19	10.1	
664	9/30/11	10.43	10.45	10.15	10.19	286000	10.1	2370	亚太药业	SZ	10.27	10.18	
665	9/29/11	10.8	10.8	10.26	10.27	790100	10.18	2370	亚太药业	SZ	10.9	10.81	
666	9/28/11	11.09	11.3	10.86	10.9	504400	10.81	2370	亚太药业	SZ	11.08	10.99	
667	9/27/11	11.13	11.2	11	11.08	407200	10.99	2370	亚太药业	SZ	11.07	10.98	
668	9/26/11	11.16	11.25	11	11.07	550100	10.98	2370	亚太药业	SZ	11.19	11.09	
669	9/23/11	11.04	11.25	11.03	11.19	531300	11.09	2370	亚太药业	SZ	11.16	11.06	
670	9/22/11	11.42	11.55	11.12	11.16	626900	11.06	2370	亚太药业	SZ	11.56	11.46	
671	9/21/11	11.3	11.6	11.26	11.56	950500	11.46	2370	亚太药业	SZ	11.32	11.22	
672	9/20/11	11.02	11.5	11.02	11.32	848900	11.22	2370	亚太药业	SZ	11.06	10.97	
673	9/19/11	11.28	11.28	11.06	11.06	590600	10.97	2370	亚太药业	SZ	11.3	11.2	
674	9/16/11	11.33	11.39	11.28	11.3	392600	11.2	2370	亚太药业	SZ	11.28	11.18	
675	9/15/11	11.35	11.46	11.25	11.28	487600	11.18	2370	亚太药业	SZ	11.33	11.23	
676	9/14/11	11.19	11.37	11.09	11.33	533700	11.23	2370	亚太药业	SZ	11.2	11.1	
677	9/13/11	11.35	11.35	11.13	11.2	372600	11.1	2370	亚太药业	SZ	11.41	11.31	
678	9/9/11	11.51	11.63	11.34	11.41	680900	11.31	2370	亚太药业	SZ	11.51	11.41	
679	9/8/11	11.58	11.77	11.4	11.51	1184900	11.41	2370	亚太药业	SZ	11.54	11.44	
680	9/7/11	11.21	11.55	11.21	11.54	1072500	11.44	2370	亚太药业	SZ	11.28	11.18	
681	9/6/11	11.2	11.35	11.03	11.28	512000	11.18	2370	亚太药业	SZ	11.22	11.12	
682	9/5/11	11.55	11.55	11.22	11.22	650700	11.12	2370	亚太药业	SZ	11.6	11.5	
683	9/2/11	11.69	11.79	11.49	11.6	637000	11.5	2370	亚太药业	SZ	11.72	11.62	
684	9/1/11	11.83	11.91	11.67	11.72	748600	11.62	2370	亚太药业	SZ	11.83	11.73	
685	8/31/11	12.06	12.14	11.71	11.83	1588300	11.73	2370	亚太药业	SZ	12.06	11.96	
686	8/30/11	12.41	12.53	12.02	12.06	1162100	11.96	2370	亚太药业	SZ	12.37	12.26	
687	8/29/11	12.5	12.55	12.37	12.37	1174600	12.26	2370	亚太药业	SZ	12.61	12.5	
688	8/26/11	12.38	12.64	12.31	12.61	1556800	12.5	2370	亚太药业	SZ	12.4	12.29	
689	8/25/11	12.18	12.4	12.16	12.4	1204900	12.29	2370	亚太药业	SZ	12.18	12.08	
690	8/24/11	12.44	12.45	12.17	12.18	1230600	12.08	2370	亚太药业	SZ	12.29	12.19	
691	8/23/11	12.06	12.29	12.02	12.29	1074700	12.19	2370	亚太药业	SZ	12.06	11.96	
692	8/22/11	11.85	12.18	11.8	12.06	1005200	11.96	2370	亚太药业	SZ	11.84	11.74	
693	8/19/11	11.52	11.9	11.3	11.84	898900	11.74	2370	亚太药业	SZ	11.83	11.73	
694	8/18/11	12.23	12.31	11.82	11.83	1048600	11.73	2370	亚太药业	SZ	12.22	12.12	
695	8/17/11	12.26	12.35	12.15	12.22	950100	12.12	2370	亚太药业	SZ	12.35	12.24	
696	8/16/11	12.54	12.54	12.26	12.35	1170800	12.24	2370	亚太药业	SZ	12.45	12.34	
697	8/15/11	12.2	12.6	12.15	12.45	1548300	12.34	2370	亚太药业	SZ	12.14	12.04	
698	8/12/11	12.1	12.41	12.1	12.14	1879200	12.04	2370	亚太药业	SZ	12	11.9	
699	8/11/11	11.3	12	11.18	12	1693100	11.9	2370	亚太药业	SZ	11.72	11.62	
700	8/10/11	11.93	12.09	11.67	11.72	1931800	11.62	2370	亚太药业	SZ	11.67	11.57	
701	8/9/11	11.41	11.84	11	11.67	2351000	11.57	2370	亚太药业	SZ	11.92	11.82	
702	8/8/11	13.13	13.13	11.82	11.92	2871600	11.82	2370	亚太药业	SZ	13.13	13.02	
703	8/5/11	13.09	13.3	12.6	13.13	1744700	13.02	2370	亚太药业	SZ	13.47	13.36	
704	8/4/11	13.5	13.78	13.44	13.47	2047100	13.36	2370	亚太药业	SZ	13.45	13.34	
705	8/3/11	13.26	13.48	13.12	13.45	1647700	13.34	2370	亚太药业	SZ	13.3	13.19	
706	8/2/11	13.3	13.34	13.06	13.3	1582800	13.19	2370	亚太药业	SZ	13.34	13.23	
707	8/1/11	13.12	13.48	13.07	13.34	1628600	13.23	2370	亚太药业	SZ	13.06	12.95	
708	7/29/11	13.35	13.55	13.05	13.06	2075400	12.95	2370	亚太药业	SZ	13.41	13.3	
709	7/28/11	13.4	13.67	13.33	13.41	2029600	13.3	2370	亚太药业	SZ	13.6	13.48	
710	7/27/11	13.25	13.7	13.12	13.6	2356500	13.48	2370	亚太药业	SZ	13.31	13.2	
711	7/26/11	13.22	13.44	13.07	13.31	2210300	13.2	2370	亚太药业	SZ	13.33	13.22	
712	7/25/11	14.7	14.73	13.28	13.33	6716100	13.22	2370	亚太药业	SZ	14.76	14.63	
713	7/22/11	14.76	15.17	14.65	14.76	3925800	14.63	2370	亚太药业	SZ	14.86	14.73	
714	7/21/11	15.06	15.18	14.81	14.86	2866300	14.73	2370	亚太药业	SZ	15.2	15.07	
715	7/20/11	14.71	15.3	14.5	15.2	7876700	15.07	2370	亚太药业	SZ	14.7	14.57	
716	7/19/11	14.84	15.01	14.5	14.7	3860400	14.57	2370	亚太药业	SZ	14.85	14.72	
717	7/18/11	15.35	15.9	14.85	14.85	11271600	14.72	2370	亚太药业	SZ	15.3	15.17	
718	7/15/11	14.31	15.5	14.25	15.3	10788300	15.17	2370	亚太药业	SZ	14.65	14.53	
719	7/14/11	13.93	15.18	13.92	14.65	14118000	14.53	2370	亚太药业	SZ	13.8	13.68	
720	7/13/11	13.18	13.82	13.16	13.8	4944700	13.68	2370	亚太药业	SZ	13.17	13.06	
721	7/12/11	13.38	13.39	13.09	13.17	2740900	13.06	2370	亚太药业	SZ	13.54	13.42	
722	7/11/11	13	13.78	12.82	13.54	4320100	13.42	2370	亚太药业	SZ	13.12	13.01	
723	7/8/11	13.5	13.5	12.9	13.12	4098000	13.01	2370	亚太药业	SZ	13.53	13.41	
724	7/7/11	13.41	13.86	13.21	13.53	6272400	13.41	2370	亚太药业	SZ	13.47	13.36	
725	7/6/11	13.3	13.99	12.82	13.47	4615600	13.36	2370	亚太药业	SZ	13.29	7.67	
726	7/5/11	13.35	13.45	13	13.29	4432000	7.67	2370	亚太药业	SZ	13.2	7.62	
727	7/4/11	12.82	13.22	12.65	13.2	4554500	7.62	2370	亚太药业	SZ	12.61	7.28	
728	7/1/11	12.2	12.7	12.2	12.61	2488100	7.28	2370	亚太药业	SZ	12.19	7.04	
729	6/30/11	12.22	12.24	12.01	12.19	996200	7.04	2370	亚太药业	SZ	12.24	7.06	
730	6/29/11	12.35	12.46	12.13	12.24	1243000	7.06	2370	亚太药业	SZ	12.18	7.03	
731	6/28/11	12.15	12.26	12.03	12.18	797000	7.03	2370	亚太药业	SZ	12.12	7	
732	6/27/11	12.01	12.28	12	12.12	982800	7	2370	亚太药业	SZ	12.01	6.93	
733	6/24/11	11.74	12.09	11.64	12.01	1061000	6.93	2370	亚太药业	SZ	11.75	6.78	
734	6/23/11	11.54	11.82	11.54	11.75	847600	6.78	2370	亚太药业	SZ	11.68	6.74	
735	6/22/11	11.21	11.99	11.16	11.68	1372100	6.74	2370	亚太药业	SZ	11.21	6.47	
736	6/21/11	11.23	11.31	10.97	11.21	596600	6.47	2370	亚太药业	SZ	11.12	6.42	
737	6/20/11	11.35	11.38	11.06	11.12	507800	6.42	2370	亚太药业	SZ	11.33	6.54	
738	6/17/11	12	12.03	11.28	11.33	1218300	6.54	2370	亚太药业	SZ	11.89	6.86	
739	6/16/11	11.89	12.09	11.83	11.89	728400	6.86	2370	亚太药业	SZ	12.04	6.95	
740	6/15/11	12.02	12.24	11.99	12.04	1037100	6.95	2370	亚太药业	SZ	12.16	7.02	
741	6/14/11	12.02	12.41	11.97	12.16	2112900	7.02	2370	亚太药业	SZ	12.12	7	
742	6/13/11	12.29	12.63	11.77	12.12	2434500	7	2370	亚太药业	SZ	12.78	7.38	
743	6/10/11	12.22	13.32	11.76	12.78	6805100	7.38	2370	亚太药业	SZ	12.24	7.06	
744	6/9/11	11.53	12.29	11.44	12.24	2249600	7.06	2370	亚太药业	SZ	11.53	6.66	
745	6/8/11	11.43	11.59	11.18	11.53	1039000	6.66	2370	亚太药业	SZ	11.41	6.58	
746	6/7/11	11.12	11.53	11.12	11.41	853200	6.58	2370	亚太药业	SZ	11.16	6.45	
747	6/3/11	11.06	11.18	11	11.16	615300	6.45	2370	亚太药业	SZ	10.96	6.33	
748	6/2/11	11.17	11.17	10.81	10.96	733800	6.33	2370	亚太药业	SZ	11.18	6.45	
749	6/1/11	11.14	11.25	11.02	11.18	513300	6.45	2370	亚太药业	SZ	11.15	6.44	
750	5/31/11	10.94	11.23	10.82	11.15	638800	6.44	2370	亚太药业	SZ	10.91	6.3	
751	5/30/11	10.96	11.11	10.88	10.91	353600	6.3	2370	亚太药业	SZ	10.96	6.33	
752	5/27/11	11.26	11.29	10.94	10.96	609400	6.33	2370	亚太药业	SZ	11.26	6.5	
753	5/26/11	11.44	11.46	11.16	11.26	523500	6.5	2370	亚太药业	SZ	11.29	6.52	
754	5/25/11	11.84	11.86	11.18	11.29	895700	6.52	2370	亚太药业	SZ	11.84	6.83	
755	5/24/11	11.96	12.05	11.59	11.84	808000	6.83	2370	亚太药业	SZ	11.98	6.91	
756	5/23/11	12.34	12.41	11.94	11.98	754900	6.91	2370	亚太药业	SZ	12.34	7.12	
757	5/20/11	12.53	12.61	12.29	12.34	954300	7.12	2370	亚太药业	SZ	12.57	7.26	
758	5/19/11	12.86	12.91	12.55	12.57	800000	7.26	2370	亚太药业	SZ	12.82	7.4	
759	5/18/11	12.79	12.92	12.62	12.82	1369900	7.4	2370	亚太药业	SZ	12.8	7.39	
760	5/17/11	12.56	12.83	12.46	12.8	1558400	7.39	2370	亚太药业	SZ	12.59	7.27	
761	5/16/11	12.63	12.81	12.47	12.59	565500	7.27	2370	亚太药业	SZ	12.61	7.28	
762	5/13/11	12.52	12.76	12.49	12.61	694800	7.28	2370	亚太药业	SZ	12.52	7.23	
763	5/12/11	12.59	12.86	12.52	12.52	1279800	7.23	2370	亚太药业	SZ	12.67	7.31	
764	5/11/11	12.35	12.81	12.35	12.67	1268700	7.31	2370	亚太药业	SZ	12.3	7.1	
765	5/10/11	12.42	12.61	12.25	12.3	655500	7.1	2370	亚太药业	SZ	12.38	7.15	
766	5/6/11	12.15	12.47	12.15	12.38	651800	7.15	2370	亚太药业	SZ	12.29	7.1	
767	5/5/11	12.09	12.41	12.06	12.29	569000	7.1	2370	亚太药业	SZ	12.18	7.03	
768	5/4/11	12.21	12.29	12.06	12.18	647500	7.03	2370	亚太药业	SZ	12.19	7.04	
769	5/3/11	12.12	12.29	11.84	12.19	477900	7.04	2370	亚太药业	SZ	12.08	6.97	
770	4/29/11	11.82	12.08	11.76	12.08	744200	6.97	2370	亚太药业	SZ	11.82	6.83	
771	4/28/11	12.35	12.43	11.76	11.82	841400	6.83	2370	亚太药业	SZ	12.29	7.1	
772	4/27/11	12.4	12.58	12.24	12.29	716200	7.1	2370	亚太药业	SZ	12.38	7.15	
773	4/26/11	12.53	12.65	12.37	12.38	720100	7.15	2370	亚太药业	SZ	12.53	7.23	
774	4/25/11	12.78	12.94	12.5	12.53	1195000	7.23	2370	亚太药业	SZ	12.88	7.43	
775	4/22/11	13	13.1	12.85	12.88	1506400	7.43	2370	亚太药业	SZ	12.96	7.48	
776	4/21/11	12.81	13.34	12.81	12.96	2883500	7.48	2370	亚太药业	SZ	12.76	7.37	
777	4/20/11	12.47	12.86	12.42	12.76	1392500	7.37	2370	亚太药业	SZ	12.47	7.2	
778	4/19/11	12.65	12.65	12.42	12.47	1203500	7.2	2370	亚太药业	SZ	12.72	7.34	
779	4/18/11	12.87	13.05	12.64	12.72	1884200	7.34	2370	亚太药业	SZ	12.83	7.41	
780	4/15/11	12.71	12.93	12.57	12.83	3543200	7.41	2370	亚太药业	SZ	12.58	7.26	
781	4/14/11	12.62	12.88	12.55	12.58	1916700	7.26	2370	亚太药业	SZ	12.63	7.29	
782	4/13/11	12.36	12.68	12.35	12.63	1761600	7.29	2370	亚太药业	SZ	12.45	7.19	
783	4/12/11	12.47	12.66	12.28	12.45	2515200	7.19	2370	亚太药业	SZ	12.54	7.24	
784	4/11/11	12.28	12.69	12.16	12.54	7139800	7.24	2370	亚太药业	SZ	12.16	7.02	
785	4/8/11	12.15	12.2	11.96	12.16	1026500	7.02	2370	亚太药业	SZ	12.06	6.96	
786	4/7/11	11.78	12.12	11.76	12.06	860900	6.96	2370	亚太药业	SZ	11.72	6.76	
787	4/6/11	11.72	11.85	11.68	11.72	660000	6.76	2370	亚太药业	SZ	11.72	6.77	
788	4/1/11	11.58	11.75	11.55	11.72	314200	6.77	2370	亚太药业	SZ	11.55	6.67	
789	3/31/11	11.82	11.91	11.52	11.55	723200	6.67	2370	亚太药业	SZ	11.85	6.84	
790	3/30/11	11.89	11.99	11.82	11.85	594200	6.84	2370	亚太药业	SZ	11.89	6.86	
791	3/29/11	12.07	12.07	11.88	11.89	1145600	6.86	2370	亚太药业	SZ	12.09	6.98	
792	3/28/11	12.04	12.19	12.01	12.09	966700	6.98	2370	亚太药业	SZ	12.04	6.95	
793	3/25/11	12.06	12.22	12.01	12.04	1125100	6.95	2370	亚太药业	SZ	12.12	7	
794	3/24/11	12.11	12.19	12.05	12.12	985800	7	2370	亚太药业	SZ	12.09	6.98	
795	3/23/11	11.95	12.12	11.86	12.09	945000	6.98	2370	亚太药业	SZ	11.94	6.89	
796	3/22/11	11.91	12	11.82	11.94	644700	6.89	2370	亚太药业	SZ	11.88	6.86	
797	3/21/11	11.83	12.01	11.83	11.88	767300	6.86	2370	亚太药业	SZ	11.87	6.85	
798	3/18/11	11.88	11.94	11.82	11.87	806200	6.85	2370	亚太药业	SZ	11.8	6.81	
799	3/17/11	12.21	12.21	11.8	11.8	1571900	6.81	2370	亚太药业	SZ	12.25	7.07	
800	3/16/11	12.29	12.35	12.17	12.25	1418500	7.07	2370	亚太药业	SZ	12.29	7.09	
801	3/15/11	12.54	12.55	12.12	12.29	2353800	7.09	2370	亚太药业	SZ	12.49	7.21	
802	3/14/11	12.28	12.62	12.22	12.49	4012000	7.21	2370	亚太药业	SZ	12.45	7.19	
803	3/11/11	12.53	12.56	12.21	12.45	2969500	7.19	2370	亚太药业	SZ	12.42	7.17	
804	3/10/11	12.58	12.58	12.23	12.42	2772000	7.17	2370	亚太药业	SZ	12.67	7.31	
805	3/9/11	12.12	12.72	12	12.67	4145300	7.31	2370	亚太药业	SZ	12.16	7.02	
806	3/8/11	11.97	12.24	11.76	12.16	1624600	7.02	2370	亚太药业	SZ	11.97	6.91	
807	3/7/11	11.92	12.03	11.9	11.97	819700	6.91	2370	亚太药业	SZ	11.86	6.85	
808	3/4/11	11.74	11.9	11.71	11.86	854600	6.85	2370	亚太药业	SZ	11.76	6.79	
809	3/3/11	12.12	12.14	11.76	11.76	907200	6.79	2370	亚太药业	SZ	12.03	6.94	
810	3/2/11	12.01	12.11	11.92	12.03	885000	6.94	2370	亚太药业	SZ	11.96	6.9	
811	3/1/11	12.03	12.08	11.89	11.96	926300	6.9	2370	亚太药业	SZ	12.03	6.94	
812	2/28/11	11.78	12.05	11.76	12.03	1293400	6.94	2370	亚太药业	SZ	11.77	6.8	
813	2/25/11	11.88	11.91	11.68	11.77	1092300	6.8	2370	亚太药业	SZ	11.93	6.89	
814	2/24/11	11.93	11.94	11.78	11.93	669300	6.89	2370	亚太药业	SZ	11.89	6.87	
815	2/23/11	11.71	11.98	11.65	11.89	582300	6.87	2370	亚太药业	SZ	11.73	6.77	
816	2/22/11	12.02	12.16	11.73	11.73	1157300	6.77	2370	亚太药业	SZ	12.03	6.94	
817	2/21/11	11.85	12.05	11.77	12.03	827100	6.94	2370	亚太药业	SZ	11.93	6.89	
818	2/18/11	12.24	12.24	11.88	11.93	1338300	6.89	2370	亚太药业	SZ	12.24	7.06	
819	2/17/11	12.22	12.48	12.04	12.24	3999900	7.06	2370	亚太药业	SZ	12.33	7.12	
820	2/16/11	11.49	12.35	11.42	12.33	3268100	7.12	2370	亚太药业	SZ	11.49	6.64	
821	2/15/11	11.57	11.62	11.44	11.49	1029800	6.64	2370	亚太药业	SZ	11.51	6.65	
822	2/14/11	11.47	11.64	11.43	11.51	832900	6.65	2370	亚太药业	SZ	11.46	6.62	
823	2/11/11	11.39	11.54	11.29	11.46	526000	6.62	2370	亚太药业	SZ	11.39	6.58	
824	2/10/11	11.01	11.43	11.01	11.39	545300	6.58	2370	亚太药业	SZ	11.03	6.37	
825	2/9/11	11.05	11.14	10.88	11.03	315300	6.37	2370	亚太药业	SZ	11.09	6.4	
826	2/1/11	11.12	11.16	11.03	11.09	337200	6.4	2370	亚太药业	SZ	11.09	6.4	
827	1/31/11	10.99	11.11	10.94	11.09	408000	6.4	2370	亚太药业	SZ	10.99	6.34	
828	1/28/11	10.89	11.06	10.87	10.99	288700	6.34	2370	亚太药业	SZ	10.89	6.29	
829	1/27/11	10.85	11.02	10.59	10.89	399000	6.29	2370	亚太药业	SZ	10.82	6.25	
830	1/26/11	10.61	10.86	10.61	10.82	318900	6.25	2370	亚太药业	SZ	10.7	6.18	
831	1/25/11	10.94	10.94	10.58	10.7	619100	6.18	2370	亚太药业	SZ	10.94	6.32	
832	1/24/11	11.11	11.26	10.94	10.94	519400	6.32	2370	亚太药业	SZ	11.11	6.41	
833	1/21/11	11.29	11.39	10.88	11.11	797900	6.41	2370	亚太药业	SZ	11.29	6.52	
834	1/20/11	11.69	11.73	11.18	11.29	516300	6.52	2370	亚太药业	SZ	11.68	6.74	
835	1/19/11	11.47	11.8	11.42	11.68	689600	6.74	2370	亚太药业	SZ	11.46	6.62	
836	1/18/11	11.31	11.57	11.31	11.46	409800	6.62	2370	亚太药业	SZ	11.35	6.55	
837	1/17/11	11.82	11.88	11.18	11.35	1237300	6.55	2370	亚太药业	SZ	11.89	6.87	
838	1/14/11	12.33	12.33	11.88	11.89	1506800	6.87	2370	亚太药业	SZ	12.5	7.22	
839	1/13/11	12.58	12.76	12.44	12.5	4729800	7.22	2370	亚太药业	SZ	12.66	7.31	
840	1/12/11	11.84	12.78	11.75	12.66	3071800	7.31	2370	亚太药业	SZ	11.88	6.86	
841	1/11/11	12.05	12.05	11.71	11.88	645600	6.86	2370	亚太药业	SZ	12.09	6.98	
842	1/10/11	12.41	12.41	12.03	12.09	626400	6.98	2370	亚太药业	SZ	12.35	7.13	
843	1/7/11	12.52	12.52	12.24	12.35	1106400	7.13	2370	亚太药业	SZ	12.4	7.16	
844	1/6/11	12.59	12.65	12.32	12.4	905200	7.16	2370	亚太药业	SZ	12.54	7.24	
845	1/5/11	12.46	12.78	12.35	12.54	831000	7.24	2370	亚太药业	SZ	12.5	7.22	
846	1/4/11	12.35	12.53	12.24	12.5	1217100	7.22	2370	亚太药业	SZ	12.26	7.08	
847	12/31/10	12.08	12.33	12.08	12.26	900100	7.08	2370	亚太药业	SZ	12.06	6.96	
848	12/30/10	12.12	12.21	11.97	12.06	660800	6.96	2370	亚太药业	SZ	12.12	7	
849	12/29/10	11.8	12.24	11.8	12.12	873200	7	2370	亚太药业	SZ	11.8	6.81	
850	12/28/10	12.3	12.3	11.79	11.8	1562800	6.81	2370	亚太药业	SZ	12.3	7.1	
851	12/27/10	12.73	12.88	12.3	12.3	1773300	7.1	2370	亚太药业	SZ	12.73	7.35	
852	12/24/10	12.98	13.11	12.69	12.73	1517300	7.35	2370	亚太药业	SZ	13.02	7.52	
853	12/23/10	13.31	13.46	13	13.02	1901000	7.52	2370	亚太药业	SZ	13.49	7.79	
854	12/21/10	13.31	13.5	13.25	13.49	1419400	7.79	2370	亚太药业	SZ	13.31	7.68	
855	12/20/10	13.65	13.82	13.01	13.31	3220200	7.68	2370	亚太药业	SZ	13.74	7.93	
856	12/17/10	13.45	13.74	13.45	13.74	2348500	7.93	2370	亚太药业	SZ	13.52	7.81	
857	12/16/10	13.46	13.71	13.41	13.52	2606100	7.81	2370	亚太药业	SZ	13.46	7.77	
858	12/15/10	13.59	13.62	13.42	13.46	2480900	7.77	2370	亚太药业	SZ	13.58	7.84	
859	12/14/10	13.71	13.71	13.41	13.58	2949100	7.84	2370	亚太药业	SZ	13.71	7.92	
860	12/13/10	13.5	13.75	13.47	13.71	3688800	7.92	2370	亚太药业	SZ	13.48	7.78	
861	12/10/10	13.41	13.72	13.38	13.48	5701300	7.78	2370	亚太药业	SZ	13.64	7.88	
862	12/9/10	13.12	13.71	12.95	13.64	5189600	7.88	2370	亚太药业	SZ	13.25	7.65	
863	12/8/10	13.11	13.46	13.06	13.25	2122400	7.65	2370	亚太药业	SZ	13.11	7.57	
864	12/7/10	12.88	13.16	12.75	13.11	1362900	7.57	2370	亚太药业	SZ	12.95	7.48	
865	12/6/10	12.98	13.06	12.8	12.95	1083300	7.48	2370	亚太药业	SZ	13.01	7.51	
866	12/3/10	13.11	13.11	12.81	13.01	1566100	7.51	2370	亚太药业	SZ	13.1	7.56	
867	12/2/10	13.24	13.29	13.04	13.1	1755800	7.56	2370	亚太药业	SZ	13.06	7.54	
868	12/1/10	13.2	13.2	12.87	13.06	2072700	7.54	2370	亚太药业	SZ	13.25	7.65	
869	11/30/10	14	14.01	12.94	13.25	4234100	7.65	2370	亚太药业	SZ	13.94	8.04	
870	11/29/10	13.41	13.98	13.24	13.94	4389400	8.04	2370	亚太药业	SZ	13.47	7.78	
871	11/26/10	13.68	13.79	13.31	13.47	3006500	7.78	2370	亚太药业	SZ	13.69	7.91	
872	11/25/10	13.62	14.18	13.62	13.69	7442900	7.91	2370	亚太药业	SZ	13.67	7.89	
873	11/24/10	13.24	13.74	13.07	13.67	5503300	7.89	2370	亚太药业	SZ	13.25	7.65	
874	11/23/10	13.45	13.45	12.97	13.25	3544500	7.65	2370	亚太药业	SZ	13.51	7.8	
875	11/22/10	13.15	13.82	13.12	13.51	11087200	7.8	2370	亚太药业	SZ	13.36	7.72	
876	11/19/10	12.51	13.47	12.44	13.36	6095000	7.72	2370	亚太药业	SZ	12.5	7.22	
877	11/18/10	12.47	12.56	12.26	12.5	1720300	7.22	2370	亚太药业	SZ	12.25	7.07	
878	11/17/10	12.42	12.67	12.18	12.25	2097100	7.07	2370	亚太药业	SZ	12.62	7.29	
879	11/16/10	12.72	13.21	12.32	12.62	3798800	7.29	2370	亚太药业	SZ	12.68	7.32	
880	11/15/10	12.33	12.72	12.33	12.68	2084200	7.32	2370	亚太药业	SZ	12.28	7.09	
881	11/12/10	13.18	13.27	12.26	12.28	4300100	7.09	2370	亚太药业	SZ	13.28	7.66	
882	11/11/10	13.41	13.66	13.18	13.28	5430100	7.66	2370	亚太药业	SZ	13.53	7.81	
883	11/10/10	13.48	13.88	13.47	13.53	7413700	7.81	2370	亚太药业	SZ	13.47	7.78	
884	11/9/10	13.49	13.49	13.24	13.47	3815200	7.78	2370	亚太药业	SZ	13.45	7.76	
885	11/8/10	13.21	13.46	13.15	13.45	4798200	7.76	2370	亚太药业	SZ	13.21	7.62	
886	11/5/10	13.26	13.26	13.05	13.21	3616900	7.62	2370	亚太药业	SZ	13.26	7.65	
887	11/4/10	12.94	13.35	12.85	13.26	6237700	7.65	2370	亚太药业	SZ	12.97	7.49	
888	11/3/10	12.79	13.13	12.76	12.97	3095400	7.49	2370	亚太药业	SZ	12.92	7.46	
889	11/2/10	12.94	13.08	12.78	12.92	3285100	7.46	2370	亚太药业	SZ	12.89	7.44	
890	11/1/10	12.68	12.95	12.68	12.89	2747200	7.44	2370	亚太药业	SZ	12.68	7.32	
891	10/29/10	12.35	12.74	12.35	12.68	2126400	7.32	2370	亚太药业	SZ	12.64	7.3	
892	10/28/10	12.35	12.76	12.35	12.64	2298800	7.3	2370	亚太药业	SZ	12.8	7.39	
893	10/27/10	13.2	13.64	12.79	12.8	5726100	7.39	2370	亚太药业	SZ	13.02	7.52	
894	10/26/10	12.88	13.09	12.65	13.02	4087200	7.52	2370	亚太药业	SZ	12.82	7.4	
895	10/25/10	12.74	12.94	12.68	12.82	3104600	7.4	2370	亚太药业	SZ	12.74	7.35	
896	10/22/10	12.82	12.84	12.59	12.74	2446500	7.35	2370	亚太药业	SZ	12.88	7.44	
897	10/21/10	12.76	13.31	12.75	12.88	6532100	7.44	2370	亚太药业	SZ	12.39	7.16	
898	10/20/10	12.11	12.64	12.09	12.39	2021400	7.16	2370	亚太药业	SZ	12.35	7.13	
899	10/19/10	11.99	12.47	11.99	12.35	1450200	7.13	2370	亚太药业	SZ	12.01	6.93	
900	10/18/10	12.48	12.61	11.88	12.01	2481700	6.93	2370	亚太药业	SZ	12.47	7.2	
901	10/15/10	12.29	12.68	12.29	12.47	2497200	7.2	2370	亚太药业	SZ	12.43	7.18	
902	10/14/10	12.64	12.64	12.29	12.43	4045200	7.18	2370	亚太药业	SZ	12.99	7.5	
903	10/13/10	13.12	13.4	12.89	12.99	8174700	7.5	2370	亚太药业	SZ	13.26	7.65	
904	10/12/10	12.24	13.32	11.97	13.26	6661400	7.65	2370	亚太药业	SZ	12.28	7.09	
905	10/11/10	12.26	12.28	12.13	12.28	2504900	7.09	2370	亚太药业	SZ	12.29	7.09	
906	10/8/10	12.06	12.34	12.06	12.29	1577600	7.09	2370	亚太药业	SZ	12.04	6.95	
907	9/30/10	11.86	12.15	11.82	12.04	1041200	6.95	2370	亚太药业	SZ	11.86	6.85	
908	9/29/10	12.23	12.23	11.82	11.86	1154100	6.85	2370	亚太药业	SZ	12.15	7.01	
909	9/28/10	12	12.35	12	12.15	1281300	7.01	2370	亚太药业	SZ	12.11	6.99	
910	9/27/10	11.95	12.12	11.86	12.11	1173000	6.99	2370	亚太药业	SZ	11.84	6.84	
911	9/21/10	12.06	12.06	11.8	11.84	704400	6.84	2370	亚太药业	SZ	11.95	6.9	
912	9/20/10	12.24	12.34	11.92	11.95	1442200	6.9	2370	亚太药业	SZ	12.29	7.1	
913	9/17/10	12.25	12.53	12.19	12.29	1960400	7.1	2370	亚太药业	SZ	12.22	7.06	
914	9/16/10	12.88	12.93	12.12	12.22	3191200	7.06	2370	亚太药业	SZ	12.91	7.45	
915	9/15/10	12.82	13.24	12.69	12.91	4666600	7.45	2370	亚太药业	SZ	12.91	7.45	
916	9/14/10	13.14	13.24	12.79	12.91	2835600	7.45	2370	亚太药业	SZ	13.14	7.59	
917	9/13/10	13.16	13.41	13.06	13.14	4290800	7.59	2370	亚太药业	SZ	13.14	7.59	
918	9/10/10	12.76	13.27	12.54	13.14	4779100	7.59	2370	亚太药业	SZ	12.78	7.38	
919	9/9/10	12.94	13.38	12.66	12.78	4637600	7.38	2370	亚太药业	SZ	13.09	7.56	
920	9/8/10	13	13.49	12.71	13.09	10826100	7.56	2370	亚太药业	SZ	13.22	7.63	
921	9/7/10	12.15	13.32	12.02	13.22	7223100	7.63	2370	亚太药业	SZ	12.13	7	
922	9/6/10	12.41	12.45	12.11	12.13	2235600	7	2370	亚太药业	SZ	12.36	7.14	
923	9/3/10	12.26	12.45	12.18	12.36	2509400	7.14	2370	亚太药业	SZ	12.25	7.07	
924	9/2/10	12.06	12.35	12.03	12.25	2412600	7.07	2370	亚太药业	SZ	12.04	6.95	
925	9/1/10	12.54	12.55	11.95	12.04	4056600	6.95	2370	亚太药业	SZ	12.54	7.24	
926	8/31/10	12.61	12.7	12.4	12.54	3869800	7.24	2370	亚太药业	SZ	12.77	7.37	
927	8/30/10	12.64	12.82	12.56	12.77	4005200	7.37	2370	亚太药业	SZ	12.65	7.3	
928	8/27/10	12.75	12.82	12.54	12.65	2336400	7.3	2370	亚太药业	SZ	12.81	7.39	
929	8/26/10	12.4	12.84	12.29	12.81	4306800	7.39	2370	亚太药业	SZ	12.4	7.16	
930	8/25/10	12.24	12.55	12.12	12.4	3322200	7.16	2370	亚太药业	SZ	12.24	7.06	
931	8/24/10	12.07	12.42	12.01	12.24	2415700	7.06	2370	亚太药业	SZ	12.22	7.06	
932	8/23/10	12.15	12.28	12.07	12.22	2284500	7.06	2370	亚太药业	SZ	12.18	7.03	
933	8/20/10	12.62	12.87	12.16	12.18	5445600	7.03	2370	亚太药业	SZ	12.91	7.45	
934	8/19/10	12.38	13.47	12.38	12.91	11371100	7.45	2370	亚太药业	SZ	12.28	7.09	
935	8/18/10	12.15	12.28	11.84	12.28	4429900	7.09	2370	亚太药业	SZ	12.04	6.95	
936	8/17/10	12	12.05	11.82	12.04	3248100	6.95	2370	亚太药业	SZ	12.02	6.94	
937	8/16/10	11.59	12.15	11.59	12.02	5308200	6.94	2370	亚太药业	SZ	11.57	6.68	
938	8/13/10	11.28	11.59	11.19	11.57	2262400	6.68	2370	亚太药业	SZ	11.33	6.54	
939	8/12/10	11.27	11.46	11.18	11.33	1849200	6.54	2370	亚太药业	SZ	11.39	6.58	
940	8/11/10	11.24	11.46	11.19	11.39	1722000	6.58	2370	亚太药业	SZ	11.29	6.52	
941	8/10/10	11.82	11.95	11.26	11.29	3881700	6.52	2370	亚太药业	SZ	11.82	6.83	
942	8/9/10	11.59	11.86	11.59	11.82	3116600	6.83	2370	亚太药业	SZ	11.62	6.71	
943	8/6/10	11.4	11.65	11.24	11.62	3533600	6.71	2370	亚太药业	SZ	11.41	6.58	
944	8/5/10	11.16	11.52	11.16	11.41	3869600	6.58	2370	亚太药业	SZ	11.15	6.44	
945	8/4/10	11.18	11.24	10.94	11.15	2579000	6.44	2370	亚太药业	SZ	11.22	6.48	
946	8/3/10	11.55	11.55	11.22	11.22	2608500	6.48	2370	亚太药业	SZ	11.53	6.66	
947	8/2/10	11.22	11.53	11.09	11.53	2826000	6.66	2370	亚太药业	SZ	11.19	6.46	
948	7/30/10	11.27	11.27	11.06	11.19	1958800	6.46	2370	亚太药业	SZ	11.27	6.51	
949	7/29/10	11.2	11.29	11.06	11.27	2927200	6.51	2370	亚太药业	SZ	11.2	6.47	
950	7/28/10	10.86	11.32	10.78	11.2	3139700	6.47	2370	亚太药业	SZ	10.89	6.29	
951	7/27/10	11.01	11.01	10.86	10.89	1922600	6.29	2370	亚太药业	SZ	11.03	6.37	
952	7/26/10	10.88	11.03	10.82	11.03	2424300	6.37	2370	亚太药业	SZ	10.88	6.28	
953	7/23/10	10.97	11.04	10.79	10.88	2501200	6.28	2370	亚太药业	SZ	11	6.35	
954	7/22/10	10.85	11.02	10.72	11	2651200	6.35	2370	亚太药业	SZ	10.85	6.27	
955	7/21/10	10.73	10.95	10.66	10.85	3201600	6.27	2370	亚太药业	SZ	10.72	6.19	
956	7/20/10	10.45	10.74	10.43	10.72	2637400	6.19	2370	亚太药业	SZ	10.42	6.01	
957	7/19/10	10.01	10.47	9.94	10.42	1334700	6.01	2370	亚太药业	SZ	10.09	5.83	
958	7/16/10	10.09	10.14	9.9	10.09	1628500	5.83	2370	亚太药业	SZ	10.11	5.83	
959	7/15/10	10.47	10.48	10.09	10.11	1724800	5.83	2370	亚太药业	SZ	10.49	6.06	
960	7/14/10	10.41	10.6	10.31	10.49	3370400	6.06	2370	亚太药业	SZ	10.58	6.11	
961	7/13/10	10.88	10.88	10.49	10.58	2060800	6.11	2370	亚太药业	SZ	10.88	6.28	
962	7/12/10	10.78	10.99	10.78	10.88	2162800	6.28	2370	亚太药业	SZ	10.76	6.21	
963	7/9/10	10.44	10.82	10.37	10.76	2629600	6.21	2370	亚太药业	SZ	10.39	6	
964	7/8/10	10.51	10.56	10.25	10.39	1334800	6	2370	亚太药业	SZ	10.51	6.07	
965	7/7/10	10.49	10.58	10.35	10.51	1242400	6.07	2370	亚太药业	SZ	10.48	6.05	
966	7/6/10	10.24	10.52	10.12	10.48	2087100	6.05	2370	亚太药业	SZ	10.24	5.91	
967	7/5/10	10.01	10.29	9.9	10.24	1749300	5.91	2370	亚太药业	SZ	10.21	5.89	
968	7/2/10	10.44	10.46	9.8	10.21	2762900	5.89	2370	亚太药业	SZ	10.41	6.01	
969	7/1/10	10.77	10.82	10.41	10.41	1879800	6.01	2370	亚太药业	SZ	10.78	6.22	
970	6/30/10	10.88	10.88	10.52	10.78	2098700	6.22	2370	亚太药业	SZ	10.98	6.34	
971	6/29/10	12.05	12.05	10.98	10.98	3280200	6.34	2370	亚太药业	SZ	12.02	6.94	
972	6/28/10	12.01	12.2	11.95	12.02	1079400	6.94	2370	亚太药业	SZ	12.11	6.99	
973	6/25/10	12.22	12.32	12.01	12.11	1389100	6.99	2370	亚太药业	SZ	12.29	7.1	
974	6/24/10	12.06	12.32	12.06	12.29	2042100	7.1	2370	亚太药业	SZ	12.11	6.99	
975	6/23/10	12.06	12.29	11.88	12.11	2612000	6.99	2370	亚太药业	SZ	12.19	7.04	
976	6/22/10	12.12	12.32	12.06	12.19	2353600	7.04	2370	亚太药业	SZ	12.18	7.03	
977	6/21/10	11.99	12.24	11.76	12.18	3829800	7.03	2370	亚太药业	SZ	12	6.93	
978	6/18/10	12.71	12.71	11.88	12	5463300	6.93	2370	亚太药业	SZ	12.82	7.4	
979	6/17/10	13.53	14.03	12.82	12.82	7987400	7.4	2370	亚太药业	SZ	13.89	8.02	
980	6/11/10	13.91	14.14	13.8	13.89	3742100	8.02	2370	亚太药业	SZ	13.82	7.98	
981	6/10/10	13.71	14.02	13.59	13.82	3282800	7.98	2370	亚太药业	SZ	13.67	7.89	
982	6/9/10	13.53	13.82	13.46	13.67	2624100	7.89	2370	亚太药业	SZ	13.58	7.84	
983	6/8/10	13.53	13.94	13.35	13.58	3505900	7.84	2370	亚太药业	SZ	13.67	7.89	
984	6/7/10	12.72	13.71	12.61	13.67	4188300	7.89	2370	亚太药业	SZ	13.06	7.54	
985	6/4/10	12.62	13.11	12.48	13.06	1680100	7.54	2370	亚太药业	SZ	12.61	7.28	
986	6/3/10	12.62	12.88	12.59	12.61	1739600	7.28	2370	亚太药业	SZ	12.56	7.25	
987	6/2/10	12.36	12.62	12.28	12.56	1722600	7.25	2370	亚太药业	SZ	12.56	7.25	
988	6/1/10	12.88	13.18	12.29	12.56	1998200	7.25	2370	亚太药业	SZ	13.24	7.64	
989	5/31/10	13.26	13.76	13.22	13.24	3017300	7.64	2370	亚太药业	SZ	13.42	7.75	
990	5/28/10	13.3	13.65	13.3	13.42	2681900	7.75	2370	亚太药业	SZ	13.28	7.67	
991	5/27/10	13.17	13.32	12.82	13.28	2495200	7.67	2370	亚太药业	SZ	13.04	7.53	
992	5/26/10	13.18	13.21	12.89	13.04	1560400	7.53	2370	亚太药业	SZ	13	7.5	
993	5/25/10	12.94	13.26	12.86	13	2656500	7.5	2370	亚太药业	SZ	13.09	7.56	
994	5/24/10	12.65	13.21	12.59	13.09	3044800	7.56	2370	亚太药业	SZ	12.56	7.25	
995	5/21/10	12.12	12.59	11.88	12.56	2110500	7.25	2370	亚太药业	SZ	12.4	7.16	
996	5/20/10	12.41	12.81	12.28	12.4	1510100	7.16	2370	亚太药业	SZ	12.65	7.3	
997	5/19/10	12.52	12.94	12.12	12.65	2196100	7.3	2370	亚太药业	SZ	12.72	7.34	
998	5/18/10	12.67	12.88	12.12	12.72	2218900	7.34	2370	亚太药业	SZ	12.71	7.34	
999	5/17/10	13.18	13.37	12.71	12.71	1928300	7.34	2370	亚太药业	SZ	13.41	7.74	
1000	5/14/10	13	13.53	12.92	13.41	2732900	7.74	2370	亚太药业	SZ	13.15	7.59	
1001	5/13/10	12.9	13.24	12.66	13.15	1995000	7.59	2370	亚太药业	SZ	12.83	7.41	
1002	5/12/10	12.88	13.27	12.69	12.83	1516000	7.41	2370	亚太药业	SZ	13.16	7.6	
1003	5/11/10	14.12	14.12	13.09	13.16	1925000	7.6	2370	亚太药业	SZ	13	7.5	
1004	5/10/10	13.68	14	12.69	13	2191700	7.5	2370	亚太药业	SZ	13.81	7.97	
1005	5/7/10	13.6	14.24	13.46	13.81	1760700	7.97	2370	亚太药业	SZ	13.99	8.08	
1006	5/6/10	14.48	14.65	13.93	13.99	2837800	8.08	2370	亚太药业	SZ	14.12	8.15	
1007	5/4/10	13.6	14.29	13.6	14.12	1291000	8.15	2370	亚太药业	SZ	14.09	8.13	
1008	4/30/10	14.54	14.59	13.99	14.09	1893200	8.13	2370	亚太药业	SZ	14.53	8.39	
1009	4/29/10	14.71	14.91	14.53	14.53	2247700	8.39	2370	亚太药业	SZ	14.68	8.47	
1010	4/28/10	15.22	15.45	14.35	14.68	3142600	8.47	2370	亚太药业	SZ	15.28	8.82	
1011	4/27/10	16.17	16.17	15	15.28	4944600	8.82	2370	亚太药业	SZ	16.17	9.34	
1012	4/26/10	15.74	16.47	15.74	16.17	7272300	9.34	2370	亚太药业	SZ	15.68	9.05	
1013	4/23/10	15.46	15.87	15.46	15.68	2977900	9.05	2370	亚太药业	SZ	15.61	9.01	
1014	4/22/10	15.6	16	15.38	15.61	3876500	9.01	2370	亚太药业	SZ	15.69	9.06	
1015	4/21/10	15.31	15.78	15.15	15.69	4126800	9.06	2370	亚太药业	SZ	15.27	8.82	
1016	4/20/10	15.07	15.28	14.71	15.27	2974900	8.82	2370	亚太药业	SZ	15.07	8.7	
1017	4/19/10	15.3	15.41	14.92	15.07	2745400	8.7	2370	亚太药业	SZ	15.3	8.83	
1018	4/16/10	15.18	15.46	15.14	15.3	2187700	8.83	2370	亚太药业	SZ	15.34	8.86	
1019	4/15/10	15.52	15.79	15.11	15.34	3027000	8.86	2370	亚太药业	SZ	15.52	8.96	
1020	4/14/10	15.76	15.88	15.49	15.52	4045800	8.96	2370	亚太药业	SZ	15.82	9.13	
1021	4/13/10	16.18	16.76	14.82	15.82	7491500	9.13	2370	亚太药业	SZ	16.23	9.37	
1022	4/12/10	16	16.29	15.76	16.23	6989000	9.37	2370	亚太药业	SZ	16.08	9.28	
1023	4/9/10	15.94	16.16	15.89	16.08	6392500	9.28	2370	亚太药业	SZ	15.99	9.23	
1024	4/8/10	16.04	16.29	15.76	15.99	6551900	9.23	2370	亚太药业	SZ	16.16	9.33	
1025	4/7/10	15.76	16.19	15.57	16.16	7521500	9.33	2370	亚太药业	SZ	15.76	9.1	
1026	4/6/10	15.64	15.81	15.47	15.76	6144800	9.1	2370	亚太药业	SZ	15.74	9.09	
1027	4/2/10	15.31	15.85	15.25	15.74	11369000	9.09	2370	亚太药业	SZ	15.29	8.83	
1028	4/1/10	15.29	15.53	15.09	15.29	10946100	8.83	2370	亚太药业	SZ	15.26	8.81	
1029	3/31/10	14.34	15.56	14.18	15.26	14162000	8.81	2370	亚太药业	SZ	14.35	8.29	
1030	3/30/10	13.41	14.7	13.41	14.35	12483900	8.29	2370	亚太药业	SZ	13.46	7.77	
1031	3/29/10	13.65	13.66	13.26	13.46	4489000	7.77	2370	亚太药业	SZ	13.62	7.86	
1032	3/26/10	13.54	13.64	13.36	13.62	5462900	7.86	2370	亚太药业	SZ	13.72	7.92	
1033	3/25/10	13.32	14	13.27	13.72	11815600	7.92	2370	亚太药业	SZ	13.38	7.72	
1034	3/24/10	13.06	13.5	13.05	13.38	8435900	7.72	2370	亚太药业	SZ	13.05	7.53	
1035	3/23/10	13.28	13.28	13.01	13.05	4411800	7.53	2370	亚太药业	SZ	13.29	7.67	
1036	3/22/10	13.18	13.29	13.03	13.29	5976600	7.67	2370	亚太药业	SZ	13.17	7.6	
1037	3/19/10	13.18	13.26	12.97	13.17	6327700	7.6	2370	亚太药业	SZ	13.17	7.6	
1038	3/18/10	13.24	13.45	13.12	13.17	12167000	7.6	2370	亚太药业	SZ	13.61	7.85	
1039	3/17/10	12.66	13.86	12.66	13.61	22313000	7.85	2370	亚太药业	SZ	12.77	7.37	
1040	3/16/10	13.06	13.49	12.66	12.77	27796100	7.37	2370	亚太药业	SZ	-1	-1	
