0	2014-04-29	7.19	7.3	7.16	7.29	22202	7.29	2386	天原集团	SZ	7.19	7.19	
1	2014-04-28	7.4	7.45	7.19	7.19	39553	7.19	2386	天原集团	SZ	7.54	7.54	
2	2014-04-25	7.58	7.74	7.52	7.54	33578	7.54	2386	天原集团	SZ	7.67	7.67	
3	2014-04-24	7.72	7.79	7.65	7.67	26110	7.67	2386	天原集团	SZ	7.75	7.75	
4	2014-04-23	7.78	7.86	7.74	7.75	23657	7.75	2386	天原集团	SZ	7.78	7.78	
5	2014-04-22	7.84	7.96	7.61	7.78	46907	7.78	2386	天原集团	SZ	7.91	7.91	
6	2014-04-21	8.08	8.1	7.85	7.91	43308	7.91	2386	天原集团	SZ	8.17	8.17	
7	2014-04-18	8.17	8.17	8.08	8.17	34112	8.17	2386	天原集团	SZ	8.16	8.16	
8	2014-04-17	8.13	8.21	8.05	8.16	45969	8.16	2386	天原集团	SZ	8.13	8.13	
9	2014-04-16	8.01	8.13	7.92	8.13	46740	8.13	2386	天原集团	SZ	8.02	8.02	
10	2014-04-15	8	8.06	7.95	8.02	41394	8.02	2386	天原集团	SZ	7.99	7.99	
11	2014-04-14	7.82	8.01	7.79	7.99	39839	7.99	2386	天原集团	SZ	7.86	7.86	
12	2014-04-11	8.08	8.08	7.85	7.86	71417	7.86	2386	天原集团	SZ	8.11	8.11	
13	2014-04-10	8.13	8.24	8.07	8.11	73415	8.11	2386	天原集团	SZ	8.14	8.14	
14	2014-04-09	8.15	8.19	8.03	8.14	63993	8.14	2386	天原集团	SZ	8.19	8.19	
15	2014-04-08	8.14	8.22	8	8.19	52130	8.19	2386	天原集团	SZ	8.16	8.16	
16	2014-04-07	8.16	8.16	8.16	8.16	0	8.16	2386	天原集团	SZ	8.16	8.16	
17	2014-04-04	8.06	8.25	8.04	8.16	51238	8.16	2386	天原集团	SZ	8.11	8.11	
18	2014-04-03	7.96	8.13	7.91	8.11	53622	8.11	2386	天原集团	SZ	7.95	7.95	
19	2014-04-02	8.14	8.16	7.9	7.95	56875	7.95	2386	天原集团	SZ	8.13	8.13	
20	2014-04-01	7.87	8.18	7.87	8.13	67189	8.13	2386	天原集团	SZ	7.92	7.92	
21	2014-03-31	8.04	8.09	7.74	7.92	92758	7.92	2386	天原集团	SZ	8.17	8.17	
22	2014-03-28	8.34	8.47	8.06	8.17	129809	8.17	2386	天原集团	SZ	8.43	8.43	
23	2014-03-27	8.49	8.66	8.42	8.43	125507	8.43	2386	天原集团	SZ	8.86	8.86	
24	2014-03-26	8.7	9.15	8.62	8.86	204052	8.86	2386	天原集团	SZ	8.48	8.48	
25	2014-03-25	8.61	8.64	8.35	8.48	156331	8.48	2386	天原集团	SZ	8.84	8.84	
26	2014-03-24	8.9	9.09	8.79	8.84	138738	8.84	2386	天原集团	SZ	8.95	8.95	
27	2014-03-21	8.73	9.03	8.55	8.95	160902	8.95	2386	天原集团	SZ	8.76	8.76	
28	2014-03-20	9.16	9.48	8.71	8.76	198295	8.76	2386	天原集团	SZ	9.1	9.1	
29	2014-03-19	8.98	9.38	8.84	9.1	208812	9.1	2386	天原集团	SZ	9.19	9.19	
30	2014-03-18	9	9.79	8.9	9.19	291068	9.19	2386	天原集团	SZ	9.15	9.15	
31	2014-03-17	8.47	9.48	8.43	9.15	303395	9.15	2386	天原集团	SZ	8.72	8.72	
32	2014-03-14	8.1	8.94	8.01	8.72	272802	8.72	2386	天原集团	SZ	8.25	8.25	
33	2014-03-13	8.2	8.68	7.91	8.25	263598	8.25	2386	天原集团	SZ	8.69	8.69	
34	2014-03-12	8.69	8.69	8.69	8.69	0	8.69	2386	天原集团	SZ	8.69	8.69	
35	2014-03-11	8.4	8.69	8.18	8.69	278356	8.69	2386	天原集团	SZ	7.9	7.9	
36	2014-03-10	7.36	7.9	7.2	7.9	73113	7.9	2386	天原集团	SZ	7.38	7.38	
37	2014-03-07	7.5	7.56	7.37	7.38	25513	7.38	2386	天原集团	SZ	7.5	7.5	
38	2014-03-06	7.5	7.5	7.26	7.5	24112	7.5	2386	天原集团	SZ	7.45	7.45	
39	2014-03-05	7.56	7.56	7.43	7.45	23224	7.45	2386	天原集团	SZ	7.53	7.53	
40	2014-03-04	7.44	7.56	7.38	7.53	27576	7.53	2386	天原集团	SZ	7.47	7.47	
41	2014-03-03	7.35	7.53	7.32	7.47	35053	7.47	2386	天原集团	SZ	7.32	7.32	
42	2014-02-28	7.2	7.33	7.07	7.32	24388	7.32	2386	天原集团	SZ	7.19	7.19	
43	2014-02-27	7.25	7.3	7.17	7.19	27531	7.19	2386	天原集团	SZ	7.21	7.21	
44	2014-02-26	7.13	7.23	7.07	7.21	26305	7.21	2386	天原集团	SZ	7.13	7.13	
45	2014-02-25	7.4	7.45	7.13	7.13	32602	7.13	2386	天原集团	SZ	7.42	7.42	
46	2014-02-24	7.3	7.43	7.25	7.42	28298	7.42	2386	天原集团	SZ	7.37	7.37	
47	2014-02-21	7.51	7.53	7.33	7.37	30680	7.37	2386	天原集团	SZ	7.52	7.52	
48	2014-02-20	7.64	7.68	7.45	7.52	40868	7.52	2386	天原集团	SZ	7.65	7.65	
49	2014-02-19	7.47	7.66	7.47	7.65	38023	7.65	2386	天原集团	SZ	7.53	7.53	
50	2014-02-18	7.66	7.75	7.49	7.53	53714	7.53	2386	天原集团	SZ	7.64	7.64	
51	2014-02-17	7.54	7.86	7.54	7.64	59768	7.64	2386	天原集团	SZ	7.54	7.54	
52	2014-02-14	7.49	7.58	7.4	7.54	36644	7.54	2386	天原集团	SZ	7.5	7.5	
53	2014-02-13	7.58	7.6	7.41	7.5	65761	7.5	2386	天原集团	SZ	7.49	7.49	
54	2014-02-12	7.22	7.55	7.18	7.49	63070	7.49	2386	天原集团	SZ	7.2	7.2	
55	2014-02-11	7.25	7.32	7.17	7.2	29327	7.2	2386	天原集团	SZ	7.23	7.23	
56	2014-02-10	7.12	7.25	7.12	7.23	27125	7.23	2386	天原集团	SZ	7.12	7.12	
57	2014-02-07	6.99	7.12	6.87	7.12	15082	7.12	2386	天原集团	SZ	7	7	
58	2014-02-06	7	7	7	7	0	7	2386	天原集团	SZ	7	7	
59	2014-02-05	7	7	7	7	0	7	2386	天原集团	SZ	7	7	
60	2014-02-03	7	7	7	7	0	7	2386	天原集团	SZ	7	7	
61	2014-01-31	7	7	7	7	0	7	2386	天原集团	SZ	7	7	
62	2014-01-30	7.03	7.04	6.94	7	7027	7	2386	天原集团	SZ	7.04	7.04	
63	2014-01-29	6.95	7.04	6.95	7.04	13148	7.04	2386	天原集团	SZ	6.95	6.95	
64	2014-01-28	6.95	7.02	6.93	6.95	9395	6.95	2386	天原集团	SZ	6.96	6.96	
65	2014-01-27	7.05	7.05	6.93	6.96	15466	6.96	2386	天原集团	SZ	7.06	7.06	
66	2014-01-24	7	7.08	6.97	7.06	14147	7.06	2386	天原集团	SZ	7	7	
67	2014-01-23	6.98	7.04	6.91	7	13754	7	2386	天原集团	SZ	6.96	6.96	
68	2014-01-22	6.83	6.97	6.81	6.96	15945	6.96	2386	天原集团	SZ	6.82	6.82	
69	2014-01-21	6.76	6.82	6.69	6.82	9076	6.82	2386	天原集团	SZ	6.76	6.76	
70	2014-01-20	6.75	6.81	6.68	6.76	9997	6.76	2386	天原集团	SZ	6.79	6.79	
71	2014-01-17	6.78	6.82	6.7	6.79	10217	6.79	2386	天原集团	SZ	6.78	6.78	
72	2014-01-16	6.79	6.85	6.73	6.78	11505	6.78	2386	天原集团	SZ	6.77	6.77	
73	2014-01-15	6.74	6.79	6.7	6.77	7945	6.77	2386	天原集团	SZ	6.74	6.74	
74	2014-01-14	6.62	6.74	6.62	6.74	8917	6.74	2386	天原集团	SZ	6.62	6.62	
75	2014-01-13	6.61	6.67	6.58	6.62	11536	6.62	2386	天原集团	SZ	6.6	6.6	
76	2014-01-10	6.82	6.83	6.6	6.6	22748	6.6	2386	天原集团	SZ	6.9	6.9	
77	2014-01-09	7	7.07	6.89	6.9	14738	6.9	2386	天原集团	SZ	7.02	7.02	
78	2014-01-08	6.99	7.09	6.98	7.02	13464	7.02	2386	天原集团	SZ	7	7	
79	2014-01-07	6.97	7.06	6.93	7	15183	7	2386	天原集团	SZ	6.97	6.97	
80	2014-01-06	7.15	7.17	6.95	6.97	23712	6.97	2386	天原集团	SZ	7.2	7.2	
81	2014-01-03	7.23	7.31	7.15	7.2	19107	7.2	2386	天原集团	SZ	7.26	7.26	
82	2014-01-02	7.24	7.26	7.18	7.26	16700	7.26	2386	天原集团	SZ	7.24	7.24	
83	2014-01-01	7.24	7.24	7.24	7.24	0	7.24	2386	天原集团	SZ	7.24	7.24	
84	2013-12-31	7.17	7.25	7.15	7.24	15310	7.24	2386	天原集团	SZ	7.19	7.19	
85	2013-12-30	7.15	7.21	7.1	7.19	19759	7.19	2386	天原集团	SZ	7.1	7.1	
86	2013-12-27	6.93	7.12	6.93	7.1	14950	7.1	2386	天原集团	SZ	6.97	6.97	
87	2013-12-26	7.1	7.18	6.97	6.97	13816	6.97	2386	天原集团	SZ	7.11	7.11	
88	2013-12-25	7.06	7.11	7.02	7.11	10986	7.11	2386	天原集团	SZ	7.04	7.04	
89	2013-12-24	6.97	7.06	6.95	7.04	12786	7.04	2386	天原集团	SZ	6.97	6.97	
90	2013-12-23	7.02	7.08	6.92	6.97	16482	6.97	2386	天原集团	SZ	7.03	7.03	
91	2013-12-20	7.11	7.22	6.99	7.03	19483	7.03	2386	天原集团	SZ	7.16	7.16	
92	2013-12-19	7.28	7.29	7.14	7.16	16804	7.16	2386	天原集团	SZ	7.24	7.24	
93	2013-12-18	7.23	7.3	7.22	7.24	12830	7.24	2386	天原集团	SZ	7.22	7.22	
94	2013-12-17	7.23	7.31	7.2	7.22	15862	7.22	2386	天原集团	SZ	7.21	7.21	
95	2013-12-16	7.39	7.41	7.19	7.21	28572	7.21	2386	天原集团	SZ	7.39	7.39	
96	2013-12-13	7.44	7.53	7.36	7.39	31353	7.39	2386	天原集团	SZ	7.47	7.47	
97	2013-12-12	7.28	7.55	7.23	7.47	56689	7.47	2386	天原集团	SZ	7.32	7.32	
98	2013-12-11	7.38	7.48	7.26	7.32	47077	7.32	2386	天原集团	SZ	7.3	7.3	
99	2013-12-10	7.38	7.4	7.29	7.3	22871	7.3	2386	天原集团	SZ	7.37	7.37	
100	2013-12-09	7.25	7.38	7.25	7.37	28328	7.37	2386	天原集团	SZ	7.25	7.25	
101	2013-12-06	7.28	7.39	7.23	7.25	37739	7.25	2386	天原集团	SZ	7.26	7.26	
102	2013-12-05	7.18	7.27	7.14	7.26	32558	7.26	2386	天原集团	SZ	7.16	7.16	
103	2013-12-04	7.01	7.23	6.99	7.16	36723	7.16	2386	天原集团	SZ	7.05	7.05	
104	2013-12-03	6.84	7.05	6.83	7.05	17797	7.05	2386	天原集团	SZ	6.86	6.86	
105	2013-12-02	7.17	7.21	6.83	6.86	37712	6.86	2386	天原集团	SZ	7.25	7.25	
106	2013-11-29	7.24	7.28	7.15	7.25	27293	7.25	2386	天原集团	SZ	7.22	7.22	
107	2013-11-28	7.18	7.28	7.17	7.22	30695	7.22	2386	天原集团	SZ	7.16	7.16	
108	2013-11-27	7.09	7.18	7.05	7.16	21318	7.16	2386	天原集团	SZ	7.08	7.08	
109	2013-11-26	7.14	7.14	7.05	7.08	21654	7.08	2386	天原集团	SZ	7.13	7.13	
110	2013-11-25	7.14	7.18	7.07	7.13	19050	7.13	2386	天原集团	SZ	7.17	7.17	
111	2013-11-22	7.09	7.23	7.08	7.17	26467	7.17	2386	天原集团	SZ	7.09	7.09	
112	2013-11-21	7.13	7.18	7.07	7.09	19334	7.09	2386	天原集团	SZ	7.16	7.16	
113	2013-11-20	7.09	7.18	7.06	7.16	23620	7.16	2386	天原集团	SZ	7.08	7.08	
114	2013-11-19	7.1	7.12	7.02	7.08	21620	7.08	2386	天原集团	SZ	7.1	7.1	
115	2013-11-18	7.01	7.12	7	7.1	25320	7.1	2386	天原集团	SZ	7.01	7.01	
116	2013-11-15	6.9	7.05	6.88	7.01	29228	7.01	2386	天原集团	SZ	6.91	6.91	
117	2013-11-14	6.78	6.94	6.75	6.91	20354	6.91	2386	天原集团	SZ	6.82	6.82	
118	2013-11-13	6.95	6.97	6.79	6.82	29118	6.82	2386	天原集团	SZ	6.95	6.95	
119	2013-11-12	6.68	7.37	6.68	6.95	67864	6.95	2386	天原集团	SZ	6.7	6.7	
120	2013-11-11	6.65	6.72	6.59	6.7	9148	6.7	2386	天原集团	SZ	6.64	6.64	
121	2013-11-08	6.66	6.71	6.54	6.64	18600	6.64	2386	天原集团	SZ	6.68	6.68	
122	2013-11-07	6.75	6.75	6.66	6.68	13592	6.68	2386	天原集团	SZ	6.76	6.76	
123	2013-11-06	6.75	6.83	6.7	6.76	22316	6.76	2386	天原集团	SZ	6.76	6.76	
124	2013-11-05	6.73	6.76	6.63	6.76	17521	6.76	2386	天原集团	SZ	6.72	6.72	
125	2013-11-04	6.67	6.75	6.65	6.72	10801	6.72	2386	天原集团	SZ	6.68	6.68	
126	2013-11-01	6.68	6.72	6.6	6.68	14260	6.68	2386	天原集团	SZ	6.71	6.71	
127	2013-10-31	6.72	6.74	6.67	6.71	12703	6.71	2386	天原集团	SZ	6.71	6.71	
128	2013-10-30	6.62	6.74	6.58	6.71	18323	6.71	2386	天原集团	SZ	6.62	6.62	
129	2013-10-29	6.84	6.96	6.41	6.62	36722	6.62	2386	天原集团	SZ	6.88	6.88	
130	2013-10-28	6.88	6.92	6.81	6.88	18544	6.88	2386	天原集团	SZ	6.91	6.91	
131	2013-10-25	7.12	7.13	6.88	6.91	28946	6.91	2386	天原集团	SZ	7.1	7.1	
132	2013-10-24	7.26	7.26	7.07	7.1	32064	7.1	2386	天原集团	SZ	7.27	7.27	
133	2013-10-23	7.27	7.45	7.22	7.27	47651	7.27	2386	天原集团	SZ	7.27	7.27	
134	2013-10-22	7.36	7.38	7.26	7.27	31801	7.27	2386	天原集团	SZ	7.34	7.34	
135	2013-10-21	7.25	7.35	7.23	7.34	30110	7.34	2386	天原集团	SZ	7.25	7.25	
136	2013-10-18	7.2	7.28	7.16	7.25	24213	7.25	2386	天原集团	SZ	7.19	7.19	
137	2013-10-17	7.23	7.29	7.14	7.19	27763	7.19	2386	天原集团	SZ	7.18	7.18	
138	2013-10-16	7.37	7.37	7.16	7.18	47566	7.18	2386	天原集团	SZ	7.37	7.37	
139	2013-10-15	7.55	7.55	7.32	7.37	61986	7.37	2386	天原集团	SZ	7.6	7.6	
140	2013-10-14	7.44	7.64	7.43	7.6	52138	7.6	2386	天原集团	SZ	7.44	7.44	
141	2013-10-11	7.45	7.48	7.34	7.44	50011	7.44	2386	天原集团	SZ	7.41	7.41	
142	2013-10-10	7.43	7.52	7.38	7.41	39191	7.41	2386	天原集团	SZ	7.43	7.43	
143	2013-10-09	7.42	7.48	7.33	7.43	43448	7.43	2386	天原集团	SZ	7.43	7.43	
144	2013-10-08	7.24	7.44	7.21	7.43	61183	7.43	2386	天原集团	SZ	7.24	7.24	
145	2013-10-07	7.24	7.24	7.24	7.24	0	7.24	2386	天原集团	SZ	7.24	7.24	
146	2013-10-04	7.24	7.24	7.24	7.24	0	7.24	2386	天原集团	SZ	7.24	7.24	
147	2013-10-03	7.24	7.24	7.24	7.24	0	7.24	2386	天原集团	SZ	7.24	7.24	
148	2013-10-02	7.24	7.24	7.24	7.24	0	7.24	2386	天原集团	SZ	7.24	7.24	
149	2013-10-01	7.24	7.24	7.24	7.24	0	7.24	2386	天原集团	SZ	7.24	7.24	
150	2013-09-30	7.3	7.34	7.19	7.24	30451	7.24	2386	天原集团	SZ	7.28	7.28	
151	2013-09-27	7.12	7.28	7.07	7.28	48235	7.28	2386	天原集团	SZ	7.11	7.11	
152	2013-09-26	7.08	7.21	7.05	7.11	37371	7.11	2386	天原集团	SZ	7.1	7.1	
153	2013-09-25	7.08	7.17	7.06	7.1	27174	7.1	2386	天原集团	SZ	7.08	7.08	
154	2013-09-24	7.14	7.14	7.02	7.08	26581	7.08	2386	天原集团	SZ	7.14	7.14	
155	2013-09-23	7	7.15	7	7.14	21746	7.14	2386	天原集团	SZ	7.01	7.01	
156	2013-09-20	7.01	7.01	7.01	7.01	0	7.01	2386	天原集团	SZ	7.01	7.01	
157	2013-09-18	6.92	7.03	6.92	7.01	14352	7.01	2386	天原集团	SZ	6.95	6.95	
158	2013-09-17	7.17	7.17	6.95	6.95	31044	6.95	2386	天原集团	SZ	7.16	7.16	
159	2013-09-16	7.26	7.3	7.14	7.16	24132	7.16	2386	天原集团	SZ	7.25	7.25	
160	2013-09-13	7.24	7.32	7.2	7.25	29280	7.25	2386	天原集团	SZ	7.23	7.23	
161	2013-09-12	7.28	7.29	7.17	7.23	39599	7.23	2386	天原集团	SZ	7.25	7.25	
162	2013-09-11	7.21	7.33	7.16	7.25	57791	7.25	2386	天原集团	SZ	7.21	7.21	
163	2013-09-10	7.08	7.23	7.07	7.21	45252	7.21	2386	天原集团	SZ	7.08	7.08	
164	2013-09-09	6.99	7.12	6.99	7.08	35349	7.08	2386	天原集团	SZ	7.01	7.01	
165	2013-09-06	6.97	7.07	6.96	7.01	23507	7.01	2386	天原集团	SZ	7	7	
166	2013-09-05	7.05	7.05	6.98	7	23147	7	2386	天原集团	SZ	7.05	7.05	
167	2013-09-04	7.12	7.18	7.03	7.05	26649	7.05	2386	天原集团	SZ	7.12	7.12	
168	2013-09-03	7.07	7.14	7.03	7.12	28848	7.12	2386	天原集团	SZ	7.07	7.07	
169	2013-09-02	6.92	7.07	6.89	7.07	24607	7.07	2386	天原集团	SZ	6.93	6.93	
170	2013-08-30	7	7.04	6.89	6.93	33948	6.93	2386	天原集团	SZ	7	7	
171	2013-08-29	7.04	7.11	6.94	7	49612	7	2386	天原集团	SZ	7.14	7.14	
172	2013-08-28	7.19	7.26	7.11	7.14	45949	7.14	2386	天原集团	SZ	7.25	7.25	
173	2013-08-27	7.04	7.35	7.04	7.25	69434	7.25	2386	天原集团	SZ	7.03	7.03	
174	2013-08-26	6.97	7.05	6.93	7.03	48108	7.03	2386	天原集团	SZ	6.93	6.93	
175	2013-08-23	6.88	6.96	6.78	6.93	39322	6.93	2386	天原集团	SZ	6.88	6.88	
176	2013-08-22	6.88	6.93	6.86	6.88	32523	6.88	2386	天原集团	SZ	6.91	6.91	
177	2013-08-21	6.77	6.92	6.74	6.91	42656	6.91	2386	天原集团	SZ	6.75	6.75	
178	2013-08-20	6.77	6.86	6.72	6.75	28606	6.75	2386	天原集团	SZ	6.79	6.79	
179	2013-08-19	6.63	6.8	6.6	6.79	25768	6.79	2386	天原集团	SZ	6.71	6.71	
180	2013-08-16	6.82	6.97	6.69	6.71	47746	6.71	2386	天原集团	SZ	6.85	6.85	
181	2013-08-15	6.88	6.95	6.83	6.85	32044	6.85	2386	天原集团	SZ	6.89	6.89	
182	2013-08-14	7.02	7.07	6.88	6.89	40191	6.89	2386	天原集团	SZ	7.02	7.02	
183	2013-08-13	6.95	7.05	6.92	7.02	33046	7.02	2386	天原集团	SZ	6.98	6.98	
184	2013-08-12	6.85	7.04	6.82	6.98	45738	6.98	2386	天原集团	SZ	6.84	6.84	
185	2013-08-09	6.85	6.87	6.73	6.84	39478	6.84	2386	天原集团	SZ	6.8	6.8	
186	2013-08-08	6.69	6.83	6.65	6.8	45175	6.8	2386	天原集团	SZ	6.7	6.7	
187	2013-08-07	6.73	6.8	6.65	6.7	43439	6.7	2386	天原集团	SZ	6.77	6.77	
188	2013-08-06	6.7	6.81	6.69	6.77	43909	6.77	2386	天原集团	SZ	6.71	6.71	
189	2013-08-05	6.55	6.76	6.53	6.71	42553	6.71	2386	天原集团	SZ	6.56	6.56	
190	2013-08-02	6.65	6.68	6.55	6.56	70817	6.56	2386	天原集团	SZ	6.63	6.63	
191	2013-08-01	6.48	6.63	6.48	6.63	49150	6.63	2386	天原集团	SZ	6.46	6.46	
192	2013-07-31	6.42	6.51	6.41	6.46	14215	6.46	2386	天原集团	SZ	6.41	6.41	
193	2013-07-30	6.42	6.47	6.31	6.41	16946	6.41	2386	天原集团	SZ	6.39	6.39	
194	2013-07-29	6.5	6.55	6.35	6.39	20370	6.39	2386	天原集团	SZ	6.58	6.58	
195	2013-07-26	6.45	6.71	6.45	6.58	41293	6.58	2386	天原集团	SZ	6.41	6.41	
196	2013-07-25	6.47	6.48	6.37	6.41	23196	6.41	2386	天原集团	SZ	6.48	6.48	
197	2013-07-24	6.43	6.48	6.33	6.48	23556	6.48	2386	天原集团	SZ	6.45	6.45	
198	2013-07-23	6.36	6.51	6.36	6.45	27531	6.45	2386	天原集团	SZ	6.34	6.34	
199	2013-07-22	6.3	6.34	6.2	6.34	23035	6.34	2386	天原集团	SZ	6.32	6.32	
200	2013-07-19	6.65	6.65	6.32	6.32	58601	6.32	2386	天原集团	SZ	6.7	6.7	
201	2013-07-18	6.78	6.8	6.64	6.7	24744	6.7	2386	天原集团	SZ	6.81	6.81	
202	2013-07-17	6.88	6.92	6.8	6.81	26245	6.81	2386	天原集团	SZ	6.93	6.93	
203	2013-07-16	6.8	6.95	6.77	6.93	33046	6.93	2386	天原集团	SZ	6.79	6.79	
204	2013-07-15	6.72	6.84	6.68	6.79	27487	6.79	2386	天原集团	SZ	6.68	6.68	
205	2013-07-12	6.72	6.86	6.62	6.68	30463	6.68	2386	天原集团	SZ	6.71	6.71	
206	2013-07-11	6.53	6.82	6.51	6.71	37834	6.71	2386	天原集团	SZ	6.52	6.52	
207	2013-07-10	6.3	6.55	6.3	6.52	24762	6.52	2386	天原集团	SZ	6.34	6.34	
208	2013-07-09	6.38	6.42	6.25	6.34	15854	6.34	2386	天原集团	SZ	6.36	6.36	
209	2013-07-08	6.56	6.58	6.3	6.36	33825	6.36	2386	天原集团	SZ	6.72	6.72	
210	2013-07-05	6.7	6.92	6.67	6.72	32486	6.72	2386	天原集团	SZ	6.79	6.74	
211	2013-07-04	6.66	6.9	6.61	6.79	33710	6.74	2386	天原集团	SZ	6.76	6.71	
212	2013-07-03	6.74	6.77	6.53	6.76	34589	6.71	2386	天原集团	SZ	6.81	6.76	
213	2013-07-02	6.49	6.94	6.45	6.81	38820	6.76	2386	天原集团	SZ	6.53	6.48	
214	2013-07-01	6.36	6.58	6.3	6.53	32145	6.48	2386	天原集团	SZ	6.45	6.4	
215	2013-06-28	6.58	6.75	6.25	6.45	30123	6.4	2386	天原集团	SZ	6.6	6.55	
216	2013-06-27	6.86	6.95	6.56	6.6	35220	6.55	2386	天原集团	SZ	6.84	6.79	
217	2013-06-26	6.89	6.95	6.65	6.84	32394	6.79	2386	天原集团	SZ	6.89	6.84	
218	2013-06-25	6.85	7.05	6.38	6.89	51108	6.84	2386	天原集团	SZ	7.09	7.03	
219	2013-06-24	7.46	7.62	7.06	7.09	51421	7.03	2386	天原集团	SZ	7.46	7.4	
220	2013-06-21	7.23	7.47	7.13	7.46	38558	7.4	2386	天原集团	SZ	7.35	7.29	
221	2013-06-20	7.25	7.46	7.16	7.35	31974	7.29	2386	天原集团	SZ	7.32	7.26	
222	2013-06-19	7.49	7.51	7.18	7.32	33120	7.26	2386	天原集团	SZ	7.53	7.47	
223	2013-06-18	7.54	7.62	7.44	7.53	15395	7.47	2386	天原集团	SZ	7.54	7.48	
224	2013-06-17	7.6	7.66	7.39	7.54	25161	7.48	2386	天原集团	SZ	7.62	7.56	
225	2013-06-14	7.42	7.62	7.42	7.62	26276	7.56	2386	天原集团	SZ	7.42	7.36	
226	2013-06-13	7.6	7.64	7.39	7.42	28035	7.36	2386	天原集团	SZ	7.68	7.62	
227	2013-06-12	7.68	7.68	7.68	7.68	0	7.62	2386	天原集团	SZ	7.68	7.62	
228	2013-06-11	7.68	7.68	7.68	7.68	0	7.62	2386	天原集团	SZ	7.68	7.62	
229	2013-06-10	7.68	7.68	7.68	7.68	0	7.62	2386	天原集团	SZ	7.68	7.62	
230	2013-06-07	7.79	7.88	7.62	7.68	25508	7.62	2386	天原集团	SZ	7.8	7.74	
231	2013-06-06	8	8.05	7.8	7.8	40611	7.74	2386	天原集团	SZ	8.03	7.97	
232	2013-06-05	8.05	8.18	7.97	8.03	20972	7.97	2386	天原集团	SZ	8.06	8	
233	2013-06-04	8.4	8.4	7.95	8.06	53462	8	2386	天原集团	SZ	8.34	8.27	
234	2013-06-03	8.45	8.47	8.26	8.34	32076	8.27	2386	天原集团	SZ	8.45	8.38	
235	2013-05-31	8.5	8.73	8.44	8.45	74442	8.38	2386	天原集团	SZ	8.45	8.38	
236	2013-05-30	8.3	8.45	8.23	8.45	40447	8.38	2386	天原集团	SZ	8.31	8.24	
237	2013-05-29	8.3	8.35	8.23	8.31	38361	8.24	2386	天原集团	SZ	8.23	8.16	
238	2013-05-28	8.5	8.5	8.18	8.23	64579	8.16	2386	天原集团	SZ	8.49	8.42	
239	2013-05-27	8.43	8.57	8.4	8.49	40943	8.42	2386	天原集团	SZ	8.45	8.38	
240	2013-05-24	8.33	8.45	8.27	8.45	48006	8.38	2386	天原集团	SZ	8.36	8.29	
241	2013-05-23	8.35	8.5	8.26	8.36	47767	8.29	2386	天原集团	SZ	8.4	8.33	
242	2013-05-22	8.58	8.58	8.28	8.4	61970	8.33	2386	天原集团	SZ	8.63	8.56	
243	2013-05-21	8.55	8.71	8.42	8.63	62760	8.56	2386	天原集团	SZ	8.6	8.53	
244	2013-05-20	8.65	8.96	8.53	8.6	94678	8.53	2386	天原集团	SZ	8.65	8.58	
245	2013-05-17	8.42	8.8	8.34	8.65	79775	8.58	2386	天原集团	SZ	8.43	8.36	
246	2013-05-16	8.43	8.5	8.31	8.43	91900	8.36	2386	天原集团	SZ	8.44	8.37	
247	2013-05-15	8.11	8.45	8	8.44	110221	8.37	2386	天原集团	SZ	8.09	8.03	
248	2013-05-14	7.75	8.15	7.64	8.09	99193	8.03	2386	天原集团	SZ	7.75	7.69	
249	2013-05-13	7.76	7.82	7.63	7.75	35208	7.69	2386	天原集团	SZ	7.76	7.7	
250	2013-05-10	7.85	7.87	7.63	7.76	48880	7.7	2386	天原集团	SZ	7.85	7.79	
251	2013-05-09	7.77	7.95	7.7	7.85	64081	7.79	2386	天原集团	SZ	7.81	7.75	
252	2013-05-08	7.58	7.93	7.55	7.81	78629	7.75	2386	天原集团	SZ	7.58	7.52	
253	2013-05-07	7.64	7.74	7.52	7.58	51186	7.52	2386	天原集团	SZ	7.64	7.58	
254	2013-05-06	7.52	7.7	7.43	7.64	65580	7.58	2386	天原集团	SZ	7.53	7.47	
255	2013-05-03	7.3	7.58	7.3	7.53	66068	7.47	2386	天原集团	SZ	7.33	7.27	
256	2013-05-02	7.11	7.34	7.05	7.33	30307	7.27	2386	天原集团	SZ	7.11	7.05	
257	2013-05-01	7.11	7.11	7.11	7.11	0	7.05	2386	天原集团	SZ	7.11	7.05	
258	2013-04-30	7.11	7.11	7.11	7.11	0	7.05	2386	天原集团	SZ	7.11	7.05	
259	2013-04-29	7.11	7.11	7.11	7.11	0	7.05	2386	天原集团	SZ	7.11	7.05	
260	2013-04-26	7.1	7.2	6.99	7.11	35658	7.05	2386	天原集团	SZ	7.13	7.07	
261	2013-04-25	7.29	7.32	7.11	7.13	39258	7.07	2386	天原集团	SZ	7.35	7.29	
262	2013-04-24	7.3	7.37	7.14	7.35	51742	7.29	2386	天原集团	SZ	7.3	7.24	
263	2013-04-23	7.45	7.57	7.25	7.3	41967	7.24	2386	天原集团	SZ	7.5	7.44	
264	2013-04-22	7.44	7.7	7.33	7.5	57394	7.44	2386	天原集团	SZ	7.47	7.41	
265	2013-04-19	7.27	7.55	7.25	7.47	67401	7.41	2386	天原集团	SZ	7.23	7.17	
266	2013-04-18	7.12	7.28	7.02	7.23	30539	7.17	2386	天原集团	SZ	7.18	7.12	
267	2013-04-17	7.05	7.23	7.01	7.18	32381	7.12	2386	天原集团	SZ	7.07	7.01	
268	2013-04-16	6.99	7.08	6.8	7.07	38145	7.01	2386	天原集团	SZ	7.08	7.02	
269	2013-04-15	7.01	7.18	7.01	7.08	28174	7.02	2386	天原集团	SZ	7.07	7.01	
270	2013-04-12	7.17	7.25	7.07	7.07	34268	7.01	2386	天原集团	SZ	7.26	7.2	
271	2013-04-11	7.43	7.43	7.2	7.26	51321	7.2	2386	天原集团	SZ	7.46	7.4	
272	2013-04-10	7.13	7.47	7	7.46	77834	7.4	2386	天原集团	SZ	7.18	7.12	
273	2013-04-09	7.08	7.35	7.04	7.18	52040	7.12	2386	天原集团	SZ	7.1	7.04	
274	2013-04-08	7.16	7.17	6.9	7.1	65474	7.04	2386	天原集团	SZ	7.29	7.23	
275	2013-04-05	7.29	7.29	7.29	7.29	0	7.23	2386	天原集团	SZ	7.29	7.23	
276	2013-04-04	7.29	7.29	7.29	7.29	0	7.23	2386	天原集团	SZ	7.29	7.23	
277	2013-04-03	7.44	7.55	7.23	7.29	90071	7.23	2386	天原集团	SZ	7.64	7.58	
278	2013-04-02	7.41	7.98	7.26	7.64	170168	7.58	2386	天原集团	SZ	7.38	7.32	
279	2013-04-01	7.53	7.67	7.22	7.38	151504	7.32	2386	天原集团	SZ	7.13	7.07	
280	2013-03-29	6.8	7.13	6.78	7.13	45389	7.07	2386	天原集团	SZ	6.48	6.43	
281	2013-03-28	6.69	6.69	6.47	6.48	19639	6.43	2386	天原集团	SZ	6.7	6.65	
282	2013-03-27	6.73	6.8	6.66	6.7	16404	6.65	2386	天原集团	SZ	6.78	6.73	
283	2013-03-26	6.83	6.83	6.71	6.78	13668	6.73	2386	天原集团	SZ	6.83	6.78	
284	2013-03-25	6.79	6.84	6.77	6.83	12479	6.78	2386	天原集团	SZ	6.79	6.74	
285	2013-03-22	6.81	6.83	6.76	6.79	13593	6.74	2386	天原集团	SZ	6.83	6.78	
286	2013-03-21	6.75	6.83	6.72	6.83	18483	6.78	2386	天原集团	SZ	6.72	6.67	
287	2013-03-20	6.61	6.76	6.58	6.72	15521	6.67	2386	天原集团	SZ	6.56	6.51	
288	2013-03-19	6.55	6.59	6.45	6.56	11843	6.51	2386	天原集团	SZ	6.52	6.47	
289	2013-03-18	6.79	6.79	6.48	6.52	18683	6.47	2386	天原集团	SZ	6.73	6.68	
290	2013-03-15	6.72	6.83	6.7	6.73	12970	6.68	2386	天原集团	SZ	6.72	6.67	
291	2013-03-14	6.69	6.81	6.68	6.72	10565	6.67	2386	天原集团	SZ	6.74	6.69	
292	2013-03-13	6.79	6.83	6.65	6.74	13374	6.69	2386	天原集团	SZ	6.83	6.78	
293	2013-03-12	7.01	7.03	6.7	6.83	39582	6.78	2386	天原集团	SZ	7.02	6.96	
294	2013-03-11	7.05	7.12	6.97	7.02	19272	6.96	2386	天原集团	SZ	7.06	7	
295	2013-03-08	7.15	7.32	7.04	7.06	38104	7	2386	天原集团	SZ	7.19	7.13	
296	2013-03-07	7.08	7.22	7.01	7.19	53992	7.13	2386	天原集团	SZ	7.08	7.02	
297	2013-03-06	7.02	7.13	7	7.08	38389	7.02	2386	天原集团	SZ	7	6.94	
298	2013-03-05	6.84	7.03	6.75	7	24071	6.94	2386	天原集团	SZ	6.83	6.78	
299	2013-03-04	6.95	7.08	6.8	6.83	36181	6.78	2386	天原集团	SZ	7.03	6.97	
300	2013-03-01	6.87	7.15	6.87	7.03	49112	6.97	2386	天原集团	SZ	6.82	6.77	
301	2013-02-28	6.7	6.83	6.63	6.82	24865	6.77	2386	天原集团	SZ	6.69	6.64	
302	2013-02-27	6.75	6.79	6.66	6.69	16144	6.64	2386	天原集团	SZ	6.66	6.61	
303	2013-02-26	6.78	6.87	6.66	6.66	22231	6.61	2386	天原集团	SZ	6.82	6.77	
304	2013-02-25	6.77	6.85	6.77	6.82	12966	6.77	2386	天原集团	SZ	6.77	6.72	
305	2013-02-22	6.88	6.89	6.75	6.77	12684	6.72	2386	天原集团	SZ	6.84	6.79	
306	2013-02-21	7.09	7.09	6.8	6.84	39779	6.79	2386	天原集团	SZ	7.1	7.04	
307	2013-02-20	7.1	7.13	6.97	7.1	31462	7.04	2386	天原集团	SZ	7.09	7.03	
308	2013-02-19	7	7.25	6.98	7.09	47091	7.03	2386	天原集团	SZ	6.98	6.92	
309	2013-02-18	6.92	7.08	6.91	6.98	29513	6.92	2386	天原集团	SZ	6.91	6.86	
310	2013-02-15	6.91	6.91	6.91	6.91	0	6.86	2386	天原集团	SZ	6.91	6.86	
311	2013-02-14	6.91	6.91	6.91	6.91	0	6.86	2386	天原集团	SZ	6.91	6.86	
312	2013-02-13	6.91	6.91	6.91	6.91	0	6.86	2386	天原集团	SZ	6.91	6.86	
313	2013-02-12	6.91	6.91	6.91	6.91	0	6.86	2386	天原集团	SZ	6.91	6.86	
314	2013-02-11	6.91	6.91	6.91	6.91	0	6.86	2386	天原集团	SZ	6.91	6.86	
315	2013-02-08	6.73	6.95	6.73	6.91	28429	6.86	2386	天原集团	SZ	6.74	6.69	
316	2013-02-07	6.77	6.78	6.7	6.74	12943	6.69	2386	天原集团	SZ	6.76	6.71	
317	2013-02-06	6.79	6.79	6.73	6.76	16672	6.71	2386	天原集团	SZ	6.77	6.72	
318	2013-02-05	6.73	6.77	6.64	6.77	17340	6.72	2386	天原集团	SZ	6.75	6.7	
319	2013-02-04	6.84	6.87	6.7	6.75	17332	6.7	2386	天原集团	SZ	6.81	6.76	
320	2013-02-01	6.73	6.84	6.73	6.81	19230	6.76	2386	天原集团	SZ	6.78	6.73	
321	2013-01-31	6.83	6.83	6.67	6.78	22086	6.73	2386	天原集团	SZ	6.81	6.76	
322	2013-01-30	6.77	6.84	6.72	6.81	23487	6.76	2386	天原集团	SZ	6.77	6.72	
323	2013-01-29	6.7	6.86	6.69	6.77	23783	6.72	2386	天原集团	SZ	6.69	6.64	
324	2013-01-28	6.57	6.69	6.55	6.69	19594	6.64	2386	天原集团	SZ	6.54	6.49	
325	2013-01-25	6.55	6.61	6.51	6.54	17899	6.49	2386	天原集团	SZ	6.54	6.49	
326	2013-01-24	6.79	6.85	6.48	6.54	34710	6.49	2386	天原集团	SZ	6.8	6.75	
327	2013-01-23	6.83	6.84	6.65	6.8	27994	6.75	2386	天原集团	SZ	6.83	6.78	
328	2013-01-22	6.82	6.95	6.77	6.83	29163	6.78	2386	天原集团	SZ	6.86	6.81	
329	2013-01-21	6.9	6.95	6.81	6.86	24638	6.81	2386	天原集团	SZ	6.87	6.82	
330	2013-01-18	6.79	6.92	6.78	6.87	21580	6.82	2386	天原集团	SZ	6.81	6.76	
331	2013-01-17	6.96	6.96	6.78	6.81	27719	6.76	2386	天原集团	SZ	6.98	6.92	
332	2013-01-16	6.96	7	6.82	6.98	49622	6.92	2386	天原集团	SZ	6.98	6.92	
333	2013-01-15	6.93	7.08	6.86	6.98	71486	6.92	2386	天原集团	SZ	6.9	6.85	
334	2013-01-14	6.48	6.93	6.47	6.9	82134	6.85	2386	天原集团	SZ	6.46	6.41	
335	2013-01-11	6.58	6.63	6.43	6.46	32442	6.41	2386	天原集团	SZ	6.57	6.52	
336	2013-01-10	6.6	6.63	6.47	6.57	31691	6.52	2386	天原集团	SZ	6.58	6.53	
337	2013-01-09	6.6	6.66	6.47	6.58	39310	6.53	2386	天原集团	SZ	6.6	6.55	
338	2013-01-08	6.54	6.65	6.45	6.6	44572	6.55	2386	天原集团	SZ	6.51	6.46	
339	2013-01-07	6.46	6.54	6.41	6.51	34418	6.46	2386	天原集团	SZ	6.46	6.41	
340	2013-01-04	6.53	6.68	6.41	6.46	47270	6.41	2386	天原集团	SZ	6.56	6.51	
341	2013-01-03	6.56	6.56	6.56	6.56	0	6.51	2386	天原集团	SZ	6.56	6.51	
342	2013-01-02	6.56	6.56	6.56	6.56	0	6.51	2386	天原集团	SZ	6.56	6.51	
343	2013-01-01	6.56	6.56	6.56	6.56	0	6.51	2386	天原集团	SZ	6.56	6.51	
344	2012-12-31	6.6	6.82	6.48	6.56	67428	6.51	2386	天原集团	SZ	6.29	6.24	
345	2012-12-28	6.4	6.6	6.25	6.29	72705	6.24	2386	天原集团	SZ	6.07	6.02	
346	2012-12-27	6.1	6.18	6.04	6.07	30061	6.02	2386	天原集团	SZ	6.09	6.04	
347	2012-12-26	6.05	6.1	6.01	6.09	22508	6.04	2386	天原集团	SZ	6.04	5.99	
348	2012-12-25	5.73	6.1	5.73	6.04	46568	5.99	2386	天原集团	SZ	5.83	5.78	
349	2012-12-24	5.88	5.97	5.81	5.83	18935	5.78	2386	天原集团	SZ	5.82	5.77	
350	2012-12-21	5.95	6.1	5.79	5.82	30907	5.77	2386	天原集团	SZ	5.83	5.78	
351	2012-12-20	5.79	5.86	5.76	5.83	15648	5.78	2386	天原集团	SZ	5.82	5.77	
352	2012-12-19	5.8	5.84	5.74	5.82	14701	5.77	2386	天原集团	SZ	5.8	5.75	
353	2012-12-18	5.76	5.9	5.73	5.8	33584	5.75	2386	天原集团	SZ	5.79	5.74	
354	2012-12-17	5.72	5.83	5.71	5.79	21585	5.74	2386	天原集团	SZ	5.73	5.68	
355	2012-12-14	5.46	5.76	5.46	5.73	24016	5.68	2386	天原集团	SZ	5.54	5.5	
356	2012-12-13	5.6	5.63	5.51	5.54	14446	5.5	2386	天原集团	SZ	5.58	5.54	
357	2012-12-12	5.6	5.66	5.51	5.58	14527	5.54	2386	天原集团	SZ	5.63	5.59	
358	2012-12-11	5.61	5.69	5.58	5.63	15009	5.59	2386	天原集团	SZ	5.66	5.61	
359	2012-12-10	5.58	5.66	5.54	5.66	20188	5.61	2386	天原集团	SZ	5.58	5.54	
360	2012-12-07	5.41	5.58	5.4	5.58	21602	5.54	2386	天原集团	SZ	5.43	5.39	
361	2012-12-06	5.47	5.53	5.39	5.43	10110	5.39	2386	天原集团	SZ	5.48	5.44	
362	2012-12-05	5.26	5.51	5.26	5.48	17910	5.44	2386	天原集团	SZ	5.29	5.25	
363	2012-12-04	5.21	5.32	5.12	5.29	9124	5.25	2386	天原集团	SZ	5.21	5.17	
364	2012-12-03	5.38	5.43	5.21	5.21	14033	5.17	2386	天原集团	SZ	5.37	5.33	
365	2012-11-30	5.31	5.41	5.31	5.37	6335	5.33	2386	天原集团	SZ	5.31	5.27	
366	2012-11-29	5.35	5.43	5.3	5.31	9420	5.27	2386	天原集团	SZ	5.37	5.33	
367	2012-11-28	5.62	5.65	5.34	5.37	14832	5.33	2386	天原集团	SZ	5.64	5.6	
368	2012-11-27	5.94	5.94	5.62	5.64	12978	5.6	2386	天原集团	SZ	5.93	5.88	
369	2012-11-26	6.02	6.03	5.93	5.93	8149	5.88	2386	天原集团	SZ	6.02	5.97	
370	2012-11-23	6.03	6.08	5.99	6.02	8260	5.97	2386	天原集团	SZ	6.02	5.97	
371	2012-11-22	6.03	6.07	5.98	6.02	7691	5.97	2386	天原集团	SZ	6.06	6.01	
372	2012-11-21	5.99	6.1	5.95	6.06	9686	6.01	2386	天原集团	SZ	6.01	5.96	
373	2012-11-20	6.03	6.05	5.96	6.01	7346	5.96	2386	天原集团	SZ	6.01	5.96	
374	2012-11-19	6.04	6.04	5.93	6.01	8178	5.96	2386	天原集团	SZ	6.01	5.96	
375	2012-11-16	6.02	6.05	5.98	6.01	7314	5.96	2386	天原集团	SZ	6.02	5.97	
376	2012-11-15	6.13	6.15	6.02	6.02	6955	5.97	2386	天原集团	SZ	6.17	6.12	
377	2012-11-14	6.15	6.18	6.05	6.17	9656	6.12	2386	天原集团	SZ	6.15	6.1	
378	2012-11-13	6.28	6.3	6.14	6.15	10423	6.1	2386	天原集团	SZ	6.26	6.21	
379	2012-11-12	6.3	6.3	6.24	6.26	6456	6.21	2386	天原集团	SZ	6.26	6.21	
380	2012-11-09	6.26	6.3	6.23	6.26	6521	6.21	2386	天原集团	SZ	6.27	6.22	
381	2012-11-08	6.41	6.43	6.27	6.27	14522	6.22	2386	天原集团	SZ	6.46	6.41	
382	2012-11-07	6.46	6.5	6.43	6.46	8301	6.41	2386	天原集团	SZ	6.48	6.43	
383	2012-11-06	6.55	6.58	6.37	6.48	16766	6.43	2386	天原集团	SZ	6.56	6.51	
384	2012-11-05	6.57	6.59	6.52	6.56	11234	6.51	2386	天原集团	SZ	6.58	6.53	
385	2012-11-02	6.56	6.6	6.51	6.58	13571	6.53	2386	天原集团	SZ	6.56	6.51	
386	2012-11-01	6.48	6.6	6.47	6.56	15216	6.51	2386	天原集团	SZ	6.46	6.41	
387	2012-10-31	6.46	6.51	6.43	6.46	7314	6.41	2386	天原集团	SZ	6.45	6.4	
388	2012-10-30	6.45	6.53	6.42	6.45	7516	6.4	2386	天原集团	SZ	6.46	6.41	
389	2012-10-29	6.46	6.54	6.38	6.46	10336	6.41	2386	天原集团	SZ	6.5	6.45	
390	2012-10-26	6.82	6.83	6.5	6.5	23429	6.45	2386	天原集团	SZ	6.82	6.77	
391	2012-10-25	6.82	6.94	6.79	6.82	20691	6.77	2386	天原集团	SZ	6.79	6.74	
392	2012-10-24	6.76	6.89	6.74	6.79	9992	6.74	2386	天原集团	SZ	6.81	6.76	
393	2012-10-23	6.88	6.93	6.8	6.81	10058	6.76	2386	天原集团	SZ	6.88	6.83	
394	2012-10-22	6.82	6.88	6.76	6.88	10916	6.83	2386	天原集团	SZ	6.82	6.77	
395	2012-10-19	6.86	6.93	6.81	6.82	15403	6.77	2386	天原集团	SZ	6.89	6.84	
396	2012-10-18	6.85	6.91	6.8	6.89	24745	6.84	2386	天原集团	SZ	6.84	6.79	
397	2012-10-17	6.71	6.89	6.65	6.84	22986	6.79	2386	天原集团	SZ	6.67	6.62	
398	2012-10-16	6.65	6.76	6.63	6.67	11986	6.62	2386	天原集团	SZ	6.65	6.6	
399	2012-10-15	6.78	6.79	6.6	6.65	17002	6.6	2386	天原集团	SZ	6.84	6.79	
400	2012-10-12	6.72	6.88	6.68	6.84	30628	6.79	2386	天原集团	SZ	6.67	6.62	
401	2012-10-11	6.77	6.8	6.66	6.67	14964	6.62	2386	天原集团	SZ	6.78	6.73	
402	2012-10-10	6.71	6.83	6.64	6.78	18209	6.73	2386	天原集团	SZ	6.71	6.66	
403	2012-10-09	6.55	6.72	6.55	6.71	14781	6.66	2386	天原集团	SZ	6.55	6.5	
404	2012-10-08	6.59	6.68	6.52	6.55	10011	6.5	2386	天原集团	SZ	6.6	6.55	
405	2012-10-05	6.6	6.6	6.6	6.6	0	6.55	2386	天原集团	SZ	6.6	6.55	
406	2012-10-04	6.6	6.6	6.6	6.6	0	6.55	2386	天原集团	SZ	6.6	6.55	
407	2012-10-03	6.6	6.6	6.6	6.6	0	6.55	2386	天原集团	SZ	6.6	6.55	
408	2012-10-02	6.6	6.6	6.6	6.6	0	6.55	2386	天原集团	SZ	6.6	6.55	
409	2012-10-01	6.6	6.6	6.6	6.6	0	6.55	2386	天原集团	SZ	6.6	6.55	
410	2012-09-28	6.47	6.66	6.46	6.6	14121	6.55	2386	天原集团	SZ	6.44	6.39	
411	2012-09-27	6.3	6.52	6.3	6.44	10399	6.39	2386	天原集团	SZ	6.31	6.26	
412	2012-09-26	6.52	6.6	6.29	6.31	14281	6.26	2386	天原集团	SZ	6.57	6.52	
413	2012-09-25	6.58	6.67	6.55	6.57	9490	6.52	2386	天原集团	SZ	6.57	6.52	
414	2012-09-24	6.5	6.6	6.46	6.57	8505	6.52	2386	天原集团	SZ	6.51	6.46	
415	2012-09-21	6.5	6.58	6.48	6.51	8052	6.46	2386	天原集团	SZ	6.53	6.48	
416	2012-09-20	6.69	6.69	6.53	6.53	10539	6.48	2386	天原集团	SZ	6.71	6.66	
417	2012-09-19	6.66	6.74	6.61	6.71	9075	6.66	2386	天原集团	SZ	6.69	6.64	
418	2012-09-18	6.7	6.73	6.63	6.69	10680	6.64	2386	天原集团	SZ	6.71	6.66	
419	2012-09-17	6.93	6.95	6.66	6.71	14478	6.66	2386	天原集团	SZ	6.93	6.87	
420	2012-09-14	6.96	7.01	6.88	6.93	19364	6.87	2386	天原集团	SZ	6.9	6.85	
421	2012-09-13	7.05	7.09	6.9	6.9	23491	6.85	2386	天原集团	SZ	7.07	7.01	
422	2012-09-12	7.02	7.27	7	7.07	48422	7.01	2386	天原集团	SZ	7	6.94	
423	2012-09-11	6.85	7.01	6.8	7	29084	6.94	2386	天原集团	SZ	6.88	6.83	
424	2012-09-10	6.96	7.06	6.82	6.88	30334	6.83	2386	天原集团	SZ	6.96	6.9	
425	2012-09-07	6.78	7.02	6.74	6.96	32291	6.9	2386	天原集团	SZ	6.73	6.68	
426	2012-09-06	6.65	6.73	6.64	6.73	7523	6.68	2386	天原集团	SZ	6.65	6.6	
427	2012-09-05	6.54	6.74	6.51	6.65	9766	6.6	2386	天原集团	SZ	6.55	6.5	
428	2012-09-04	6.68	6.71	6.54	6.55	8170	6.5	2386	天原集团	SZ	6.7	6.65	
429	2012-09-03	6.57	6.73	6.52	6.7	9863	6.65	2386	天原集团	SZ	6.57	6.52	
430	2012-08-31	6.55	6.6	6.49	6.57	6521	6.52	2386	天原集团	SZ	6.55	6.5	
431	2012-08-30	6.58	6.69	6.45	6.55	10372	6.5	2386	天原集团	SZ	6.59	6.54	
432	2012-08-29	6.59	6.62	6.53	6.59	9282	6.54	2386	天原集团	SZ	6.59	6.54	
433	2012-08-28	6.58	6.69	6.5	6.59	9385	6.54	2386	天原集团	SZ	6.57	6.52	
434	2012-08-27	6.68	6.68	6.54	6.57	13079	6.52	2386	天原集团	SZ	6.76	6.71	
435	2012-08-24	7.09	7.09	6.7	6.76	25549	6.71	2386	天原集团	SZ	7.04	6.98	
436	2012-08-23	6.84	7.05	6.83	7.04	22790	6.98	2386	天原集团	SZ	6.89	6.84	
437	2012-08-22	6.82	6.93	6.82	6.89	8096	6.84	2386	天原集团	SZ	6.87	6.82	
438	2012-08-21	6.81	6.94	6.76	6.87	11692	6.82	2386	天原集团	SZ	6.8	6.75	
439	2012-08-20	6.68	6.81	6.66	6.8	11866	6.75	2386	天原集团	SZ	6.74	6.69	
440	2012-08-17	6.71	6.85	6.61	6.74	9618	6.69	2386	天原集团	SZ	6.71	6.66	
441	2012-08-16	6.7	6.76	6.67	6.71	8288	6.66	2386	天原集团	SZ	6.72	6.67	
442	2012-08-15	6.82	6.84	6.7	6.72	8108	6.67	2386	天原集团	SZ	6.82	6.77	
443	2012-08-14	6.83	6.88	6.6	6.82	17120	6.77	2386	天原集团	SZ	6.86	6.81	
444	2012-08-13	6.92	7.04	6.82	6.86	13326	6.81	2386	天原集团	SZ	6.99	6.93	
445	2012-08-10	7.06	7.06	6.91	6.99	11482	6.93	2386	天原集团	SZ	7.01	6.95	
446	2012-08-09	7.05	7.06	6.85	7.01	25041	6.95	2386	天原集团	SZ	7.01	6.95	
447	2012-08-08	6.99	7.15	6.99	7.01	14371	6.95	2386	天原集团	SZ	7.04	6.98	
448	2012-08-07	7.05	7.27	7	7.04	20243	6.98	2386	天原集团	SZ	7.02	6.96	
449	2012-08-06	6.88	7.15	6.83	7.02	21747	6.96	2386	天原集团	SZ	6.95	6.89	
450	2012-08-03	6.67	6.95	6.67	6.95	30082	6.89	2386	天原集团	SZ	6.77	6.72	
451	2012-08-02	6.62	7.08	6.58	6.77	35230	6.72	2386	天原集团	SZ	6.51	6.46	
452	2012-08-01	6.42	6.57	6.4	6.51	12443	6.46	2386	天原集团	SZ	6.42	6.37	
453	2012-07-31	6.65	6.67	6.4	6.42	23592	6.37	2386	天原集团	SZ	6.8	6.75	
454	2012-07-30	6.84	7.17	6.77	6.8	36809	6.75	2386	天原集团	SZ	6.71	6.66	
455	2012-07-27	6.66	6.72	6.58	6.71	9678	6.66	2386	天原集团	SZ	6.6	6.55	
456	2012-07-26	6.65	6.75	6.59	6.6	6817	6.55	2386	天原集团	SZ	6.67	6.62	
457	2012-07-25	6.8	6.8	6.64	6.67	9475	6.62	2386	天原集团	SZ	6.8	6.75	
458	2012-07-24	6.61	6.84	6.58	6.8	14305	6.75	2386	天原集团	SZ	6.71	6.66	
459	2012-07-23	6.67	6.89	6.56	6.71	18838	6.66	2386	天原集团	SZ	6.69	6.64	
460	2012-07-20	6.72	6.77	6.67	6.69	13113	6.64	2386	天原集团	SZ	6.76	6.71	
461	2012-07-19	6.66	6.88	6.61	6.76	21810	6.71	2386	天原集团	SZ	6.69	6.64	
462	2012-07-18	6.59	6.73	6.5	6.69	14116	6.64	2386	天原集团	SZ	6.61	6.56	
463	2012-07-17	6.55	6.69	6.45	6.61	14773	6.56	2386	天原集团	SZ	6.54	6.49	
464	2012-07-16	6.91	6.91	6.51	6.54	21111	6.49	2386	天原集团	SZ	6.92	6.86	
465	2012-07-13	6.9	6.97	6.85	6.92	14695	6.86	2386	天原集团	SZ	7.03	6.97	
466	2012-07-12	7.05	7.08	6.88	7.03	12014	6.97	2386	天原集团	SZ	7.02	6.96	
467	2012-07-11	6.88	7.08	6.84	7.02	11528	6.96	2386	天原集团	SZ	6.88	6.83	
468	2012-07-10	6.93	6.93	6.81	6.88	11369	6.83	2386	天原集团	SZ	6.92	6.86	
469	2012-07-09	7.19	7.19	6.92	6.92	17427	6.86	2386	天原集团	SZ	7.26	7.2	
470	2012-07-06	7.09	7.27	7.01	7.26	27473	7.2	2386	天原集团	SZ	7.09	7.03	
471	2012-07-05	7.33	7.37	7.08	7.09	20830	7.03	2386	天原集团	SZ	7.4	7.34	
472	2012-07-04	7.53	7.54	7.39	7.4	14417	7.34	2386	天原集团	SZ	7.5	7.44	
473	2012-07-03	7.57	7.64	7.47	7.5	17560	7.44	2386	天原集团	SZ	7.59	7.53	
474	2012-07-02	7.65	7.68	7.5	7.59	9252	7.53	2386	天原集团	SZ	7.6	7.54	
475	2012-06-29	7.55	7.6	7.5	7.6	11250	7.54	2386	天原集团	SZ	7.55	7.49	
476	2012-06-28	7.76	7.84	7.55	7.55	8956	7.49	2386	天原集团	SZ	7.78	7.72	
477	2012-06-27	7.86	7.89	7.76	7.78	8974	7.72	2386	天原集团	SZ	7.85	7.79	
478	2012-06-26	7.74	7.87	7.74	7.85	6961	7.79	2386	天原集团	SZ	7.83	7.77	
479	2012-06-25	8.04	8.07	7.82	7.83	10434	7.77	2386	天原集团	SZ	8.09	7.98	
480	2012-06-22	8.09	8.09	8.09	8.09	0	7.98	2386	天原集团	SZ	8.09	7.98	
481	2012-06-21	8.18	8.21	8.05	8.09	11943	7.98	2386	天原集团	SZ	8.18	8.07	
482	2012-06-20	8.17	8.25	8.15	8.18	15487	8.07	2386	天原集团	SZ	8.13	8.02	
483	2012-06-19	8.16	8.18	8.1	8.13	9917	8.02	2386	天原集团	SZ	8.16	8.05	
484	2012-06-18	8.1	8.18	8.1	8.16	8107	8.05	2386	天原集团	SZ	8.09	7.98	
485	2012-06-15	8.08	8.14	8	8.09	8278	7.98	2386	天原集团	SZ	8.08	7.97	
486	2012-06-14	8.16	8.19	8.06	8.08	9752	7.97	2386	天原集团	SZ	8.15	8.04	
487	2012-06-13	8.04	8.17	8	8.15	10753	8.04	2386	天原集团	SZ	8.03	7.92	
488	2012-06-12	8.08	8.1	8.01	8.03	5950	7.92	2386	天原集团	SZ	8.12	8.01	
489	2012-06-11	8.06	8.15	8	8.12	8299	8.01	2386	天原集团	SZ	8.03	7.92	
490	2012-06-08	8.14	8.14	7.99	8.03	10153	7.92	2386	天原集团	SZ	8.1	7.99	
491	2012-06-07	8.17	8.2	8.04	8.1	13339	7.99	2386	天原集团	SZ	8.1	7.99	
492	2012-06-06	8.18	8.19	8.08	8.1	13168	7.99	2386	天原集团	SZ	8.14	8.03	
493	2012-06-05	8.16	8.21	8.1	8.14	11463	8.03	2386	天原集团	SZ	8.13	8.02	
494	2012-06-04	8.4	8.4	8.13	8.13	21963	8.02	2386	天原集团	SZ	8.53	8.42	
495	2012-06-01	8.55	8.62	8.5	8.53	12081	8.42	2386	天原集团	SZ	8.53	8.42	
496	2012-05-31	8.57	8.6	8.45	8.53	11837	8.42	2386	天原集团	SZ	8.56	8.44	
497	2012-05-30	8.55	8.6	8.48	8.56	14880	8.44	2386	天原集团	SZ	8.58	8.46	
498	2012-05-29	8.4	8.6	8.4	8.58	17889	8.46	2386	天原集团	SZ	8.43	8.32	
499	2012-05-28	8.33	8.46	8.23	8.43	12601	8.32	2386	天原集团	SZ	8.36	8.25	
500	2012-05-25	8.43	8.47	8.31	8.36	8601	8.25	2386	天原集团	SZ	8.39	8.28	
501	2012-05-24	8.5	8.56	8.37	8.39	11419	8.28	2386	天原集团	SZ	8.59	8.47	
502	2012-05-23	8.5	8.62	8.35	8.59	18490	8.47	2386	天原集团	SZ	8.54	8.42	
503	2012-05-22	8.41	8.6	8.35	8.54	14863	8.42	2386	天原集团	SZ	8.34	8.23	
504	2012-05-21	8.37	8.41	8.26	8.34	8652	8.23	2386	天原集团	SZ	8.38	8.27	
505	2012-05-18	8.48	8.5	8.36	8.38	11228	8.27	2386	天原集团	SZ	8.51	8.4	
506	2012-05-17	8.45	8.55	8.37	8.51	11989	8.4	2386	天原集团	SZ	8.45	8.34	
507	2012-05-16	8.64	8.64	8.45	8.45	15124	8.34	2386	天原集团	SZ	8.7	8.58	
508	2012-05-15	8.7	8.7	8.7	8.7	0	8.58	2386	天原集团	SZ	8.7	8.58	
509	2012-05-14	8.78	8.8	8.7	8.7	10731	8.58	2386	天原集团	SZ	8.71	8.59	
510	2012-05-11	8.71	8.79	8.66	8.71	9465	8.59	2386	天原集团	SZ	8.7	8.58	
511	2012-05-10	8.7	8.75	8.65	8.7	8712	8.58	2386	天原集团	SZ	8.7	8.58	
512	2012-05-09	8.83	8.88	8.64	8.7	18027	8.58	2386	天原集团	SZ	8.91	8.79	
513	2012-05-08	8.79	8.97	8.77	8.91	26947	8.79	2386	天原集团	SZ	8.8	8.68	
514	2012-05-07	8.75	8.83	8.7	8.8	14665	8.68	2386	天原集团	SZ	8.83	8.71	
515	2012-05-04	8.74	8.9	8.69	8.83	16759	8.71	2386	天原集团	SZ	8.74	8.62	
516	2012-05-03	8.68	8.76	8.66	8.74	10619	8.62	2386	天原集团	SZ	8.71	8.59	
517	2012-05-02	8.68	8.78	8.59	8.71	16070	8.59	2386	天原集团	SZ	8.56	8.44	
518	2012-05-01	8.56	8.56	8.56	8.56	0	8.44	2386	天原集团	SZ	8.56	8.44	
519	2012-04-30	8.56	8.56	8.56	8.56	0	8.44	2386	天原集团	SZ	8.56	8.44	
520	2012-04-27	8.64	8.7	8.49	8.56	15316	8.44	2386	天原集团	SZ	8.65	8.53	
521	2012-04-26	8.71	8.78	8.6	8.65	17943	8.53	2386	天原集团	SZ	8.74	8.62	
522	2012-04-25	8.58	8.83	8.51	8.74	19157	8.62	2386	天原集团	SZ	8.62	8.5	
523	2012-04-24	8.87	8.94	8.38	8.62	22294	8.5	2386	天原集团	SZ	8.93	8.81	
524	2012-04-23	8.96	9	8.82	8.93	20964	8.81	2386	天原集团	SZ	9	8.88	
525	2012-04-20	8.91	9.06	8.89	9	22107	8.88	2386	天原集团	SZ	8.97	8.85	
526	2012-04-19	8.92	9.07	8.87	8.97	22664	8.85	2386	天原集团	SZ	8.91	8.79	
527	2012-04-18	8.73	8.93	8.7	8.91	20107	8.79	2386	天原集团	SZ	8.72	8.6	
528	2012-04-17	8.9	8.94	8.72	8.72	16810	8.6	2386	天原集团	SZ	8.9	8.78	
529	2012-04-16	8.88	8.94	8.79	8.9	21151	8.78	2386	天原集团	SZ	8.98	8.86	
530	2012-04-13	8.82	9.15	8.73	8.98	34994	8.86	2386	天原集团	SZ	8.82	8.7	
531	2012-04-12	8.61	8.83	8.6	8.82	24401	8.7	2386	天原集团	SZ	8.67	8.55	
532	2012-04-11	8.4	8.73	8.32	8.67	25439	8.55	2386	天原集团	SZ	8.49	8.38	
533	2012-04-10	8.49	8.55	8.25	8.49	24383	8.38	2386	天原集团	SZ	8.51	8.4	
534	2012-04-09	8.7	8.7	8.51	8.51	18799	8.4	2386	天原集团	SZ	8.7	8.58	
535	2012-04-06	8.77	8.81	8.6	8.7	20139	8.58	2386	天原集团	SZ	8.74	8.62	
536	2012-04-05	8.53	8.75	8.48	8.74	21829	8.62	2386	天原集团	SZ	8.53	8.42	
537	2012-04-04	8.53	8.53	8.53	8.53	0	8.42	2386	天原集团	SZ	8.53	8.42	
538	2012-04-03	8.53	8.53	8.53	8.53	0	8.42	2386	天原集团	SZ	8.53	8.42	
539	2012-04-02	8.53	8.53	8.53	8.53	0	8.42	2386	天原集团	SZ	8.53	8.42	
540	2012-03-30	8.63	8.74	8.48	8.53	10236	8.42	2386	天原集团	SZ	8.63	8.51	
541	2012-03-29	8.7	8.78	8.52	8.63	13153	8.51	2386	天原集团	SZ	8.77	8.65	
542	2012-03-28	9.18	9.19	8.73	8.77	20036	8.65	2386	天原集团	SZ	9.2	9.08	
543	2012-03-27	9.25	9.38	9.16	9.2	12242	9.08	2386	天原集团	SZ	9.25	9.13	
544	2012-03-26	9.4	9.44	9.18	9.25	11634	9.13	2386	天原集团	SZ	9.42	9.29	
545	2012-03-23	9.58	9.6	9.39	9.42	16800	9.29	2386	天原集团	SZ	9.59	9.46	
546	2012-03-22	9.75	9.75	9.52	9.59	15649	9.46	2386	天原集团	SZ	9.71	9.58	
547	2012-03-21	9.69	9.82	9.52	9.71	17776	9.58	2386	天原集团	SZ	9.62	9.49	
548	2012-03-20	9.89	9.9	9.61	9.62	24082	9.49	2386	天原集团	SZ	9.94	9.81	
549	2012-03-19	9.88	9.97	9.68	9.94	28561	9.81	2386	天原集团	SZ	9.95	9.82	
550	2012-03-16	9.59	10.17	9.56	9.95	42350	9.82	2386	天原集团	SZ	9.56	9.43	
551	2012-03-15	9.84	9.93	9.43	9.56	38384	9.43	2386	天原集团	SZ	9.92	9.79	
552	2012-03-14	10.5	10.5	9.73	9.92	82635	9.79	2386	天原集团	SZ	10.53	10.39	
553	2012-03-13	10.15	10.72	10.1	10.53	109382	10.39	2386	天原集团	SZ	10.29	10.15	
554	2012-03-12	10.02	10.34	9.91	10.29	91454	10.15	2386	天原集团	SZ	10.2	10.06	
555	2012-03-09	9.95	10.29	9.86	10.2	45958	10.06	2386	天原集团	SZ	9.92	9.79	
556	2012-03-08	9.8	9.98	9.77	9.92	22753	9.79	2386	天原集团	SZ	9.75	9.62	
557	2012-03-07	9.79	9.87	9.65	9.75	23596	9.62	2386	天原集团	SZ	9.9	9.77	
558	2012-03-06	10	10	9.79	9.9	22240	9.77	2386	天原集团	SZ	10.02	9.89	
559	2012-03-05	10	10.16	9.99	10.02	27166	9.89	2386	天原集团	SZ	10.02	9.89	
560	2012-03-02	9.85	10.02	9.81	10.02	24468	9.89	2386	天原集团	SZ	9.82	9.69	
561	2012-03-01	9.8	9.95	9.73	9.82	17801	9.69	2386	天原集团	SZ	9.8	9.67	
562	2012-02-29	9.98	10.04	9.77	9.8	26415	9.67	2386	天原集团	SZ	10	9.87	
563	2012-02-28	10.21	10.21	9.87	10	43535	9.87	2386	天原集团	SZ	10.23	10.09	
564	2012-02-27	10.28	10.41	10.21	10.23	50016	10.09	2386	天原集团	SZ	10.3	10.16	
565	2012-02-24	10.29	10.33	10.11	10.3	41112	10.16	2386	天原集团	SZ	10.29	10.15	
566	2012-02-23	9.99	10.34	9.95	10.29	75903	10.15	2386	天原集团	SZ	9.99	9.86	
567	2012-02-22	9.85	10.1	9.78	9.99	66896	9.86	2386	天原集团	SZ	9.88	9.75	
568	2012-02-21	9.7	9.89	9.51	9.88	31232	9.75	2386	天原集团	SZ	9.74	9.61	
569	2012-02-20	9.91	10.05	9.74	9.74	48081	9.61	2386	天原集团	SZ	9.73	9.6	
570	2012-02-17	9.55	10.12	9.55	9.73	60270	9.6	2386	天原集团	SZ	9.55	9.42	
571	2012-02-16	9.62	9.77	9.43	9.55	33879	9.42	2386	天原集团	SZ	9.61	9.48	
572	2012-02-15	9.39	9.63	9.34	9.61	36251	9.48	2386	天原集团	SZ	9.47	9.34	
573	2012-02-14	9.37	9.8	9.33	9.47	50522	9.34	2386	天原集团	SZ	9.39	9.26	
574	2012-02-13	9.29	9.47	9.18	9.39	30953	9.26	2386	天原集团	SZ	9.35	9.22	
575	2012-02-10	9.25	9.44	9.21	9.35	32192	9.22	2386	天原集团	SZ	9.26	9.14	
576	2012-02-09	9.31	9.44	9.25	9.26	47454	9.14	2386	天原集团	SZ	9.29	9.16	
577	2012-02-08	8.92	9.32	8.92	9.29	50634	9.16	2386	天原集团	SZ	8.95	8.83	
578	2012-02-07	9.12	9.12	8.83	8.95	23587	8.83	2386	天原集团	SZ	9.15	9.03	
579	2012-02-06	9.05	9.17	8.92	9.15	40216	9.03	2386	天原集团	SZ	8.96	8.84	
580	2012-02-03	8.6	8.97	8.6	8.96	41149	8.84	2386	天原集团	SZ	8.63	8.51	
581	2012-02-02	8.55	8.65	8.48	8.63	16709	8.51	2386	天原集团	SZ	8.49	8.38	
582	2012-02-01	8.59	8.64	8.45	8.49	23547	8.38	2386	天原集团	SZ	8.6	8.48	
583	2012-01-31	8.9	8.92	8.42	8.6	32546	8.48	2386	天原集团	SZ	9.06	8.94	
584	2012-01-30	9.18	9.18	9	9.06	10964	8.94	2386	天原集团	SZ	9.13	9.01	
585	2012-01-27	9.13	9.13	9.13	9.13	0	9.01	2386	天原集团	SZ	9.13	9.01	
586	2012-01-26	9.13	9.13	9.13	9.13	0	9.01	2386	天原集团	SZ	9.13	9.01	
587	2012-01-25	9.13	9.13	9.13	9.13	0	9.01	2386	天原集团	SZ	9.13	9.01	
588	2012-01-24	9.13	9.13	9.13	9.13	0	9.01	2386	天原集团	SZ	9.13	9.01	
589	2012-01-23	9.13	9.13	9.13	9.13	0	9.01	2386	天原集团	SZ	9.13	9.01	
590	2012-01-20	9.12	9.18	9.03	9.13	16693	9.01	2386	天原集团	SZ	9.1	8.98	
591	2012-01-19	9.02	9.26	8.92	9.1	16848	8.98	2386	天原集团	SZ	9.1	8.98	
592	2012-01-18	9.43	9.44	9	9.1	28775	8.98	2386	天原集团	SZ	9.33	9.2	
593	2012-01-17	8.83	9.35	8.72	9.33	29499	9.2	2386	天原集团	SZ	8.83	8.71	
594	2012-01-16	9.05	9.12	8.83	8.83	22071	8.71	2386	天原集团	SZ	9.28	9.15	
595	2012-01-13	9.14	9.43	8.88	9.28	46506	9.15	2386	天原集团	SZ	9.2	9.08	
596	2012-01-12	9.1	9.35	9.03	9.2	28977	9.08	2386	天原集团	SZ	9.15	9.03	
597	2012-01-11	9.15	9.25	9.01	9.15	30524	9.03	2386	天原集团	SZ	9.19	9.07	
598	2012-01-10	8.84	9.27	8.81	9.19	42022	9.07	2386	天原集团	SZ	8.92	8.8	
599	2012-01-09	8.46	8.99	8.35	8.92	27112	8.8	2386	天原集团	SZ	8.46	8.35	
600	2012-01-06	8.38	8.48	8.23	8.46	8936	8.35	2386	天原集团	SZ	8.35	8.24	
601	2012-01-05	8.76	8.76	8.32	8.35	12262	8.24	2386	天原集团	SZ	8.78	8.66	
602	2012-01-04	8.95	9.05	8.77	8.78	8269	8.66	2386	天原集团	SZ	8.89	8.77	
603	2012-01-03	8.79	9.05	8.79	8.89	11081	8.77	2386	天原集团	SZ	8.89	8.77	
604	2012-01-02	8.79	9.05	8.79	8.89	11081	8.77	2386	天原集团	SZ	8.89	8.77	
605	2011-12-30	8.79	9.05	8.79	8.89	11081	8.77	2386	天原集团	SZ	8.78	8.66	
606	2011-12-29	8.7	8.9	8.62	8.78	9628	8.66	2386	天原集团	SZ	8.75	8.63	
607	2011-12-28	8.6	8.75	8.54	8.75	9491	8.63	2386	天原集团	SZ	8.7	8.58	
608	2011-12-27	8.88	8.91	8.68	8.7	10235	8.58	2386	天原集团	SZ	8.9	8.78	
609	2011-12-26	8.96	9.05	8.85	8.9	7977	8.78	2386	天原集团	SZ	8.9	8.78	
610	2011-12-23	8.73	9.02	8.67	8.9	13463	8.78	2386	天原集团	SZ	8.75	8.63	
611	2011-12-22	8.92	8.92	8.48	8.75	18500	8.63	2386	天原集团	SZ	8.95	8.83	
612	2011-12-21	9.26	9.3	8.94	8.95	12229	8.83	2386	天原集团	SZ	9.16	9.04	
613	2011-12-20	9.15	9.36	9.02	9.16	19531	9.04	2386	天原集团	SZ	9.07	8.95	
614	2011-12-19	9.05	9.1	8.86	9.07	12404	8.95	2386	天原集团	SZ	9.12	9	
615	2011-12-16	8.89	9.15	8.87	9.12	12057	9	2386	天原集团	SZ	8.85	8.73	
616	2011-12-15	9.15	9.15	8.84	8.85	16509	8.73	2386	天原集团	SZ	9.17	9.05	
617	2011-12-14	9.44	9.55	9.12	9.17	15703	9.05	2386	天原集团	SZ	9.4	9.27	
618	2011-12-13	9.95	10.03	9.4	9.4	17705	9.27	2386	天原集团	SZ	10.01	9.88	
619	2011-12-12	10.03	10.16	10	10.01	10216	9.88	2386	天原集团	SZ	10.01	9.88	
620	2011-12-09	9.98	10.09	9.95	10.01	9487	9.88	2386	天原集团	SZ	10.05	9.91	
621	2011-12-08	10.11	10.23	9.85	10.05	11667	9.91	2386	天原集团	SZ	10.17	10.03	
622	2011-12-07	10.04	10.19	9.91	10.17	13204	10.03	2386	天原集团	SZ	10.04	9.9	
623	2011-12-06	10.01	10.09	9.89	10.04	13590	9.9	2386	天原集团	SZ	10.01	9.88	
624	2011-12-05	10.3	10.4	10	10.01	16245	9.88	2386	天原集团	SZ	10.34	10.2	
625	2011-12-02	10.4	10.54	10.28	10.34	15594	10.2	2386	天原集团	SZ	10.4	10.26	
626	2011-12-01	10.62	10.73	10.4	10.4	30780	10.26	2386	天原集团	SZ	10.3	10.16	
627	2011-11-30	10.9	10.98	10.2	10.3	25346	10.16	2386	天原集团	SZ	10.99	10.84	
628	2011-11-29	10.91	11	10.77	10.99	19826	10.84	2386	天原集团	SZ	10.77	10.62	
629	2011-11-28	10.7	10.8	10.68	10.77	10498	10.62	2386	天原集团	SZ	10.7	10.56	
630	2011-11-25	10.71	10.85	10.67	10.7	17616	10.56	2386	天原集团	SZ	10.73	10.59	
631	2011-11-24	10.7	10.82	10.56	10.73	26071	10.59	2386	天原集团	SZ	10.81	10.66	
632	2011-11-23	11.1	11.15	10.79	10.81	40071	10.66	2386	天原集团	SZ	11.19	11.04	
633	2011-11-22	11.11	11.21	11.03	11.19	13818	11.04	2386	天原集团	SZ	11.25	11.1	
634	2011-11-21	11.17	11.27	10.98	11.25	17605	11.1	2386	天原集团	SZ	11.15	11	
635	2011-11-18	11.39	11.4	11.1	11.15	30202	11	2386	天原集团	SZ	11.46	11.31	
636	2011-11-17	11.65	11.69	11.42	11.46	34687	11.31	2386	天原集团	SZ	11.59	11.43	
637	2011-11-16	11.86	11.97	11.53	11.59	46397	11.43	2386	天原集团	SZ	11.84	11.68	
638	2011-11-15	11.67	11.91	11.63	11.84	46664	11.68	2386	天原集团	SZ	11.7	11.54	
639	2011-11-14	11.5	11.75	11.42	11.7	41613	11.54	2386	天原集团	SZ	11.38	11.23	
640	2011-11-11	11.53	11.64	11.35	11.38	37645	11.23	2386	天原集团	SZ	11.51	11.35	
641	2011-11-10	11.61	11.68	11.5	11.51	42891	11.35	2386	天原集团	SZ	11.81	11.65	
642	2011-11-09	11.9	11.9	11.41	11.81	55771	11.65	2386	天原集团	SZ	11.8	11.64	
643	2011-11-08	11.71	12.18	11.71	11.8	83141	11.64	2386	天原集团	SZ	11.75	11.59	
644	2011-11-07	11.5	11.89	11.5	11.75	57375	11.59	2386	天原集团	SZ	11.69	11.53	
645	2011-11-04	11.69	11.9	11.6	11.69	47064	11.53	2386	天原集团	SZ	11.65	11.49	
646	2011-11-03	11.56	11.94	11.56	11.65	59086	11.49	2386	天原集团	SZ	11.56	11.4	
647	2011-11-02	11.33	11.57	11.05	11.56	53635	11.4	2386	天原集团	SZ	11.5	11.35	
648	2011-11-01	11.4	11.56	11.32	11.5	41575	11.35	2386	天原集团	SZ	11.51	11.35	
649	2011-10-31	11.41	11.65	11.33	11.51	40077	11.35	2386	天原集团	SZ	11.4	11.25	
650	2011-10-28	11.28	11.46	11.21	11.4	54538	11.25	2386	天原集团	SZ	11.1	10.95	
651	2011-10-27	11.2	11.36	11.07	11.1	40779	10.95	2386	天原集团	SZ	11.25	11.1	
652	2011-10-26	11.1	11.46	11.07	11.25	63704	11.1	2386	天原集团	SZ	11.29	11.14	
653	2011-10-25	11.04	11.39	10.75	11.29	65930	11.14	2386	天原集团	SZ	11.05	10.9	
654	2011-10-24	10.91	11.13	10.5	11.05	40990	10.9	2386	天原集团	SZ	10.85	10.7	
655	2011-10-21	11.34	11.44	10.83	10.85	39702	10.7	2386	天原集团	SZ	11.36	11.21	
656	2011-10-20	11.85	11.95	11.28	11.36	42476	11.21	2386	天原集团	SZ	11.9	11.74	
657	2011-10-19	12.06	12.26	11.83	11.9	49223	11.74	2386	天原集团	SZ	12.1	11.94	
658	2011-10-18	12.79	12.89	12.1	12.1	69114	11.94	2386	天原集团	SZ	12.99	12.82	
659	2011-10-17	13.04	13.34	12.91	12.99	53806	12.82	2386	天原集团	SZ	12.96	12.79	
660	2011-10-14	12.88	13.28	12.82	12.96	49198	12.79	2386	天原集团	SZ	12.98	12.81	
661	2011-10-13	12.8	13.13	12.8	12.98	58268	12.81	2386	天原集团	SZ	12.98	12.81	
662	2011-10-12	12.41	13.09	11.81	12.98	64239	12.81	2386	天原集团	SZ	12.5	12.33	
663	2011-10-11	12.67	12.98	12.28	12.5	58367	12.33	2386	天原集团	SZ	12.32	12.15	
664	2011-10-10	12.55	12.66	12.24	12.32	31980	12.15	2386	天原集团	SZ	12.4	12.23	
665	2011-09-30	12.45	12.65	12.2	12.4	33736	12.23	2386	天原集团	SZ	12.43	12.26	
666	2011-09-29	12.81	12.85	12.28	12.43	71570	12.26	2386	天原集团	SZ	13.16	12.98	
667	2011-09-28	15.1	15.1	13.15	13.16	117532	12.98	2386	天原集团	SZ	14.28	14.09	
668	2011-09-27	13.98	15.06	13.98	14.28	127540	14.09	2386	天原集团	SZ	13.91	13.72	
669	2011-09-26	13.76	14.12	13.67	13.91	83915	13.72	2386	天原集团	SZ	13.85	13.66	
670	2011-09-23	14.04	14.37	13.75	13.85	116237	13.66	2386	天原集团	SZ	14.61	14.41	
671	2011-09-22	15	16.2	14.59	14.61	187675	14.41	2386	天原集团	SZ	15.29	15.08	
672	2011-09-21	15.1	15.29	14.7	15.29	161245	15.08	2386	天原集团	SZ	15.3	15.09	
673	2011-09-20	14.85	15.4	14.52	15.3	168434	15.09	2386	天原集团	SZ	14.77	14.57	
674	2011-09-19	14.46	15.1	14.31	14.77	118723	14.57	2386	天原集团	SZ	14.64	14.44	
675	2011-09-16	14.75	15.12	14.46	14.64	117660	14.44	2386	天原集团	SZ	14.66	14.46	
676	2011-09-15	14.89	14.98	14.6	14.66	124230	14.46	2386	天原集团	SZ	15.01	14.81	
677	2011-09-14	14.23	15.48	14.07	15.01	184292	14.81	2386	天原集团	SZ	14.2	14.01	
678	2011-09-13	14.2	14.78	14.05	14.2	140465	14.01	2386	天原集团	SZ	14.45	14.26	
679	2011-09-09	14.68	15.05	14.42	14.45	185917	14.26	2386	天原集团	SZ	14.88	14.68	
680	2011-09-08	14.8	15.17	14.43	14.88	253135	14.68	2386	天原集团	SZ	14.4	14.21	
681	2011-09-07	13.21	14.4	13.09	14.4	141909	14.21	2386	天原集团	SZ	13.09	12.91	
682	2011-09-06	12.78	13.25	12.6	13.09	37620	12.91	2386	天原集团	SZ	12.99	12.82	
683	2011-09-05	12.82	13.31	12.82	12.99	55307	12.82	2386	天原集团	SZ	12.79	12.62	
684	2011-09-02	13.04	13.17	12.64	12.79	29721	12.62	2386	天原集团	SZ	13.15	12.97	
685	2011-09-01	13.31	13.39	13.03	13.15	20589	12.97	2386	天原集团	SZ	13.28	13.1	
686	2011-08-31	13.6	13.78	13.22	13.28	49279	13.1	2386	天原集团	SZ	13.6	13.42	
687	2011-08-30	13.82	14.02	13.58	13.6	48563	13.42	2386	天原集团	SZ	13.76	13.57	
688	2011-08-29	13.75	14.1	13.6	13.76	78491	13.57	2386	天原集团	SZ	13.75	13.56	
689	2011-08-26	13.49	14.19	13.38	13.75	96538	13.56	2386	天原集团	SZ	13.5	13.32	
690	2011-08-25	13.23	13.59	13.13	13.5	64820	13.32	2386	天原集团	SZ	13.13	12.95	
691	2011-08-24	13.4	13.56	13.13	13.13	48226	12.95	2386	天原集团	SZ	13.17	12.99	
692	2011-08-23	13.1	13.28	12.88	13.17	24092	12.99	2386	天原集团	SZ	12.97	12.8	
693	2011-08-22	13.15	13.29	12.9	12.97	18620	12.8	2386	天原集团	SZ	13.18	13	
694	2011-08-19	12.65	13.43	12.65	13.18	36374	13	2386	天原集团	SZ	13.07	12.89	
695	2011-08-18	13.23	13.78	13.05	13.07	34366	12.89	2386	天原集团	SZ	13.07	12.89	
696	2011-08-17	12.99	13.3	12.75	13.07	25383	12.89	2386	天原集团	SZ	12.99	12.82	
697	2011-08-16	12.93	13.35	12.91	12.99	46713	12.82	2386	天原集团	SZ	13.01	12.83	
698	2011-08-15	12.4	13.24	12.4	13.01	66603	12.83	2386	天原集团	SZ	12.27	12.1	
699	2011-08-12	12.39	12.56	12.24	12.27	31419	12.1	2386	天原集团	SZ	12.32	12.15	
700	2011-08-11	12.05	12.33	11.8	12.32	34462	12.15	2386	天原集团	SZ	12.25	12.08	
701	2011-08-10	12.38	12.5	12.21	12.25	12380	12.08	2386	天原集团	SZ	12.22	12.06	
702	2011-08-09	11.8	12.25	11.68	12.22	14337	12.06	2386	天原集团	SZ	12.18	12.02	
703	2011-08-08	12.78	12.91	11.84	12.18	17729	12.02	2386	天原集团	SZ	12.93	12.76	
704	2011-08-05	12.71	13.11	12.7	12.93	18880	12.76	2386	天原集团	SZ	13.36	13.18	
705	2011-08-04	13.46	13.5	13.31	13.36	10040	13.18	2386	天原集团	SZ	13.4	13.22	
706	2011-08-03	12.95	13.46	12.81	13.4	18788	13.22	2386	天原集团	SZ	13.08	12.9	
707	2011-08-02	13.23	13.33	12.95	13.08	13238	12.9	2386	天原集团	SZ	13.27	13.09	
708	2011-08-01	12.83	13.45	12.58	13.27	17277	13.09	2386	天原集团	SZ	12.86	12.69	
709	2011-07-29	12.96	13.15	12.86	12.86	10630	12.69	2386	天原集团	SZ	12.95	12.78	
710	2011-07-28	13.01	13.09	12.75	12.95	13045	12.78	2386	天原集团	SZ	13.17	12.99	
711	2011-07-27	13.08	13.32	12.89	13.17	29511	12.99	2386	天原集团	SZ	13.12	12.94	
712	2011-07-26	13.11	13.38	12.18	13.12	18869	12.94	2386	天原集团	SZ	13.08	12.9	
713	2011-07-25	13.96	13.96	13.01	13.08	21442	12.9	2386	天原集团	SZ	13.99	13.8	
714	2011-07-22	13.83	14.05	13.8	13.99	11351	13.8	2386	天原集团	SZ	13.86	13.67	
715	2011-07-21	14	14.11	13.84	13.86	16263	13.67	2386	天原集团	SZ	14.04	13.85	
716	2011-07-20	14.1	14.2	13.81	14.04	13158	13.85	2386	天原集团	SZ	13.98	13.79	
717	2011-07-19	13.98	14.09	13.82	13.98	14719	13.79	2386	天原集团	SZ	14.02	13.83	
718	2011-07-18	14.31	14.71	13.95	14.02	55140	13.83	2386	天原集团	SZ	14.26	14.07	
719	2011-07-15	13.73	14.29	13.73	14.26	49482	14.07	2386	天原集团	SZ	13.8	13.61	
720	2011-07-14	14.13	14.13	13.69	13.8	41098	13.61	2386	天原集团	SZ	14.07	13.88	
721	2011-07-13	14.01	14.26	14	14.07	20925	13.88	2386	天原集团	SZ	14	13.81	
722	2011-07-12	14	14.38	13.99	14	26094	13.81	2386	天原集团	SZ	14.16	13.88	
723	2011-07-11	14.05	14.2	14	14.16	10058	13.88	2386	天原集团	SZ	14.18	13.9	
724	2011-07-08	14.21	14.24	13.81	14.18	26073	13.9	2386	天原集团	SZ	14.12	13.84	
725	2011-07-07	14.26	14.38	14.11	14.12	23521	13.84	2386	天原集团	SZ	14.26	13.98	
726	2011-07-06	14	14.27	13.85	14.26	25599	13.98	2386	天原集团	SZ	14.12	13.84	
727	2011-07-05	14.09	14.2	13.86	14.12	31973	13.84	2386	天原集团	SZ	14	13.72	
728	2011-07-04	13.86	14.18	13.74	14	42652	13.72	2386	天原集团	SZ	13.84	13.57	
729	2011-07-01	13.5	14.02	13.38	13.84	43670	13.57	2386	天原集团	SZ	13.42	13.16	
730	2011-06-30	13.33	13.57	13.26	13.42	17198	13.16	2386	天原集团	SZ	13.36	13.1	
731	2011-06-29	13.25	13.9	13.21	13.36	26564	13.1	2386	天原集团	SZ	13.23	12.97	
732	2011-06-28	13.28	13.36	13.1	13.23	14441	12.97	2386	天原集团	SZ	13.29	13.03	
733	2011-06-27	13.09	13.4	13.05	13.29	20742	13.03	2386	天原集团	SZ	13.09	12.83	
734	2011-06-24	12.69	13.2	12.69	13.09	22380	12.83	2386	天原集团	SZ	12.74	12.49	
735	2011-06-23	12.53	12.9	12.3	12.74	17696	12.49	2386	天原集团	SZ	12.46	12.21	
736	2011-06-22	12.5	12.6	12.45	12.46	7220	12.21	2386	天原集团	SZ	12.51	12.26	
737	2011-06-21	12.31	12.58	12.31	12.51	8289	12.26	2386	天原集团	SZ	12.39	12.15	
738	2011-06-20	12.68	12.78	12.28	12.39	9787	12.15	2386	天原集团	SZ	12.67	12.42	
739	2011-06-17	13.1	13.23	12.66	12.67	14119	12.42	2386	天原集团	SZ	13.1	12.84	
740	2011-06-16	13.36	13.36	13.05	13.1	11120	12.84	2386	天原集团	SZ	13.46	13.19	
741	2011-06-15	13.43	13.85	13.43	13.46	20135	13.19	2386	天原集团	SZ	13.43	13.16	
742	2011-06-14	13.28	13.5	13.15	13.43	9859	13.16	2386	天原集团	SZ	13.29	13.03	
743	2011-06-13	13.2	13.32	13.07	13.29	9369	13.03	2386	天原集团	SZ	13.29	13.03	
744	2011-06-10	13.33	13.38	13.02	13.29	10109	13.03	2386	天原集团	SZ	13.15	12.89	
745	2011-06-09	13.44	13.45	13.14	13.15	9299	12.89	2386	天原集团	SZ	13.46	13.19	
746	2011-06-08	13.45	13.5	13.2	13.46	15353	13.19	2386	天原集团	SZ	13.41	13.15	
747	2011-06-07	13.31	13.44	13.25	13.41	10518	13.15	2386	天原集团	SZ	13.35	13.09	
748	2011-06-03	13.11	13.46	13.05	13.35	8532	13.09	2386	天原集团	SZ	13.11	12.85	
749	2011-06-02	13.31	13.37	12.98	13.11	12958	12.85	2386	天原集团	SZ	13.52	13.25	
750	2011-06-01	13.36	13.6	13.25	13.52	11216	13.25	2386	天原集团	SZ	13.36	13.1	
751	2011-05-31	13.11	13.36	13.05	13.36	8770	13.1	2386	天原集团	SZ	13.06	12.8	
752	2011-05-30	13.3	13.31	13.02	13.06	8877	12.8	2386	天原集团	SZ	13.25	12.99	
753	2011-05-27	13.82	13.99	13.21	13.25	13985	12.99	2386	天原集团	SZ	13.83	13.56	
754	2011-05-26	13.8	14.11	13.7	13.83	22035	13.56	2386	天原集团	SZ	13.7	13.43	
755	2011-05-25	13.82	14.08	13.67	13.7	10423	13.43	2386	天原集团	SZ	13.97	13.69	
756	2011-05-24	14.11	14.11	13.7	13.97	11203	13.69	2386	天原集团	SZ	14.02	13.74	
757	2011-05-23	14.4	14.4	14	14.02	17458	13.74	2386	天原集团	SZ	14.46	14.17	
758	2011-05-20	14.47	14.65	14.3	14.46	10718	14.17	2386	天原集团	SZ	14.45	14.16	
759	2011-05-19	14.6	14.69	14.45	14.45	10683	14.16	2386	天原集团	SZ	14.45	14.16	
760	2011-05-18	14.64	14.64	14.4	14.45	14968	14.16	2386	天原集团	SZ	14.62	14.33	
761	2011-05-17	14.7	14.87	14.43	14.62	12031	14.33	2386	天原集团	SZ	14.85	14.56	
762	2011-05-16	14.8	15.06	14.7	14.85	14572	14.56	2386	天原集团	SZ	14.62	14.33	
763	2011-05-12	14.75	14.88	14.55	14.62	14048	14.33	2386	天原集团	SZ	14.79	14.5	
764	2011-05-11	15.05	15.11	14.77	14.79	23450	14.5	2386	天原集团	SZ	15.01	14.71	
765	2011-05-10	14.7	15.13	14.52	15.01	32672	14.71	2386	天原集团	SZ	14.58	14.29	
766	2011-05-09	14.43	14.8	14.39	14.58	17218	14.29	2386	天原集团	SZ	14.33	14.05	
767	2011-05-06	14.1	14.39	14.07	14.33	12207	14.05	2386	天原集团	SZ	14.22	13.94	
768	2011-05-05	14.38	14.42	14.1	14.22	15085	13.94	2386	天原集团	SZ	14.4	14.12	
769	2011-05-04	14.5	14.6	14.3	14.4	16933	14.12	2386	天原集团	SZ	14.59	14.3	
770	2011-05-03	14.52	14.64	14.2	14.59	17049	14.3	2386	天原集团	SZ	14.5	14.21	
771	2011-04-29	14.25	14.55	14.11	14.5	17158	14.21	2386	天原集团	SZ	14.26	13.98	
772	2011-04-28	14.49	14.62	14.1	14.26	22355	13.98	2386	天原集团	SZ	14.46	14.17	
773	2011-04-27	14.36	14.64	14.31	14.46	31469	14.17	2386	天原集团	SZ	14.36	14.08	
774	2011-04-26	15.24	15.24	14	14.36	78549	14.08	2386	天原集团	SZ	15.2	14.9	
775	2011-04-25	16.74	16.74	15.2	15.2	87457	14.9	2386	天原集团	SZ	16.89	16.56	
776	2011-04-22	16.69	16.99	16.69	16.89	30606	16.56	2386	天原集团	SZ	16.81	16.48	
777	2011-04-21	16.75	16.94	16.5	16.81	36207	16.48	2386	天原集团	SZ	16.73	16.4	
778	2011-04-20	17.37	17.78	16.52	16.73	87688	16.4	2386	天原集团	SZ	17.08	16.74	
779	2011-04-19	16.8	17.44	16.7	17.08	84884	16.74	2386	天原集团	SZ	17.07	16.73	
780	2011-04-18	16.25	17.13	16.24	17.07	78707	16.73	2386	天原集团	SZ	16.27	15.95	
781	2011-04-15	16.09	16.4	15.97	16.27	25587	15.95	2386	天原集团	SZ	16.19	15.87	
782	2011-04-14	16.43	16.49	16.11	16.19	28358	15.87	2386	天原集团	SZ	16.48	16.15	
783	2011-04-13	16.38	16.6	16.26	16.48	26525	16.15	2386	天原集团	SZ	16.5	16.17	
784	2011-04-12	15.9	16.55	15.75	16.5	58305	16.17	2386	天原集团	SZ	16.02	15.7	
785	2011-04-11	15.77	16.28	15.67	16.02	48033	15.7	2386	天原集团	SZ	15.9	15.59	
786	2011-04-08	16	16	15.66	15.9	33340	15.59	2386	天原集团	SZ	16.16	15.84	
787	2011-04-07	15.92	16.34	15.36	16.16	47828	15.84	2386	天原集团	SZ	15.92	15.61	
788	2011-04-06	16.8	17.08	15.92	15.92	51728	15.61	2386	天原集团	SZ	16.87	16.54	
789	2011-04-01	16.68	16.89	16.47	16.87	28923	16.54	2386	天原集团	SZ	16.56	16.23	
790	2011-03-31	16.58	17.08	16.43	16.56	46211	16.23	2386	天原集团	SZ	16.49	16.16	
791	2011-03-30	16.9	17.06	16.46	16.49	51975	16.16	2386	天原集团	SZ	16.97	16.63	
792	2011-03-29	17.38	17.38	16.81	16.97	55131	16.63	2386	天原集团	SZ	17.5	17.15	
793	2011-03-28	16.9	17.84	16.8	17.5	139807	17.15	2386	天原集团	SZ	16.71	16.38	
794	2011-03-25	16.15	17	16.05	16.71	56342	16.38	2386	天原集团	SZ	16.09	15.77	
795	2011-03-24	16.01	16.15	15.94	16.09	14137	15.77	2386	天原集团	SZ	16.07	15.75	
796	2011-03-23	15.83	16.1	15.82	16.07	19679	15.75	2386	天原集团	SZ	15.8	15.49	
797	2011-03-22	15.84	15.88	15.66	15.8	15582	15.49	2386	天原集团	SZ	15.75	15.44	
798	2011-03-21	16.02	16.1	15.66	15.75	25885	15.44	2386	天原集团	SZ	16.11	15.79	
799	2011-03-18	16.45	16.54	15.99	16.11	27059	15.79	2386	天原集团	SZ	16.08	15.76	
800	2011-03-17	16.18	16.18	15.9	16.08	29346	15.76	2386	天原集团	SZ	16.29	15.97	
801	2011-03-16	15.96	16.42	15.96	16.29	21829	15.97	2386	天原集团	SZ	16.03	15.71	
802	2011-03-15	16.41	16.49	15.75	16.03	34814	15.71	2386	天原集团	SZ	16.47	16.14	
803	2011-03-14	16.3	16.53	16.2	16.47	20790	16.14	2386	天原集团	SZ	16.36	16.04	
804	2011-03-11	16.33	16.55	16.2	16.36	35577	16.04	2386	天原集团	SZ	16.37	16.05	
805	2011-03-10	16.97	16.98	16.35	16.37	61299	16.05	2386	天原集团	SZ	16.93	16.6	
806	2011-03-09	17.3	17.5	16.86	16.93	39448	16.6	2386	天原集团	SZ	17.42	17.08	
807	2011-03-08	17.35	17.56	17.03	17.42	27805	17.08	2386	天原集团	SZ	17.33	16.99	
808	2011-03-07	16.82	17.47	16.7	17.33	37812	16.99	2386	天原集团	SZ	16.72	16.39	
809	2011-03-04	16.68	16.82	16.25	16.72	25154	16.39	2386	天原集团	SZ	16.68	16.35	
810	2011-03-03	17.4	17.55	16.66	16.68	29805	16.35	2386	天原集团	SZ	17.38	17.04	
811	2011-03-02	17.23	17.5	16.75	17.38	35653	17.04	2386	天原集团	SZ	17.3	16.96	
812	2011-03-01	17.56	18.05	17.15	17.3	61809	16.96	2386	天原集团	SZ	17.54	17.19	
813	2011-02-28	17.62	17.8	17.25	17.54	41480	17.19	2386	天原集团	SZ	17.52	17.17	
814	2011-02-25	16.6	17.73	16.51	17.52	76544	17.17	2386	天原集团	SZ	16.85	16.52	
815	2011-02-24	16.15	17.12	16.03	16.85	68784	16.52	2386	天原集团	SZ	16.12	15.8	
816	2011-02-23	16	16.23	15.73	16.12	22470	15.8	2386	天原集团	SZ	16.1	15.78	
817	2011-02-22	16.1	16.28	15.58	16.1	51014	15.78	2386	天原集团	SZ	16.14	15.82	
818	2011-02-21	15.5	16.2	15.4	16.14	49786	15.82	2386	天原集团	SZ	15.55	15.24	
819	2011-02-18	15.78	15.78	15.5	15.55	19509	15.24	2386	天原集团	SZ	15.81	15.5	
820	2011-02-17	15.88	15.94	15.6	15.81	26757	15.5	2386	天原集团	SZ	15.84	15.53	
821	2011-02-16	15.68	15.86	15.44	15.84	30995	15.53	2386	天原集团	SZ	15.68	15.37	
822	2011-02-15	15.75	15.97	15.65	15.68	31089	15.37	2386	天原集团	SZ	15.72	15.41	
823	2011-02-14	15.51	15.84	15.36	15.72	34105	15.41	2386	天原集团	SZ	15.5	15.19	
824	2011-02-11	15.37	15.61	15.26	15.5	23149	15.19	2386	天原集团	SZ	15.37	15.07	
825	2011-02-10	14.82	15.56	14.72	15.37	28980	15.07	2386	天原集团	SZ	14.9	14.61	
826	2011-02-09	14.73	15	14.7	14.9	12646	14.61	2386	天原集团	SZ	14.89	14.6	
827	2011-02-01	14.97	15.06	14.85	14.89	15076	14.6	2386	天原集团	SZ	14.86	14.57	
828	2011-01-31	14.79	15	14.6	14.86	18618	14.57	2386	天原集团	SZ	14.85	14.56	
829	2011-01-28	14.68	14.85	14.61	14.85	14452	14.56	2386	天原集团	SZ	14.67	14.38	
830	2011-01-27	14.3	14.75	14.2	14.67	24092	14.38	2386	天原集团	SZ	14.39	14.11	
831	2011-01-26	14.26	14.48	14.18	14.39	9310	14.11	2386	天原集团	SZ	14.23	13.95	
832	2011-01-25	14.44	14.45	14	14.23	10817	13.95	2386	天原集团	SZ	14.43	14.15	
833	2011-01-24	14.66	14.85	14.38	14.43	15741	14.15	2386	天原集团	SZ	14.5	14.21	
834	2011-01-21	14.42	14.76	14.41	14.5	14959	14.21	2386	天原集团	SZ	14.45	14.16	
835	2011-01-20	14.82	14.87	14.41	14.45	16502	14.16	2386	天原集团	SZ	14.8	14.51	
836	2011-01-19	14.6	14.84	14.59	14.8	11383	14.51	2386	天原集团	SZ	14.58	14.29	
837	2011-01-18	14.59	14.7	14.45	14.58	10130	14.29	2386	天原集团	SZ	14.56	14.27	
838	2011-01-17	14.94	15.04	14.5	14.56	14735	14.27	2386	天原集团	SZ	15.09	14.79	
839	2011-01-14	15.31	15.38	15.01	15.09	10792	14.79	2386	天原集团	SZ	15.41	15.11	
840	2011-01-13	15.63	15.67	15.41	15.41	9240	15.11	2386	天原集团	SZ	15.51	15.2	
841	2011-01-12	15.35	15.56	15.31	15.51	14094	15.2	2386	天原集团	SZ	15.35	15.05	
842	2011-01-11	15.4	15.43	15.16	15.35	11813	15.05	2386	天原集团	SZ	15.36	15.06	
843	2011-01-10	15.99	15.99	15.2	15.36	19484	15.06	2386	天原集团	SZ	15.94	15.63	
844	2011-01-07	16.27	16.55	15.9	15.94	28892	15.63	2386	天原集团	SZ	16.32	16	
845	2011-01-06	16.46	16.75	16.3	16.32	14823	16	2386	天原集团	SZ	16.58	16.25	
846	2011-01-05	15.91	16.73	15.91	16.58	38123	16.25	2386	天原集团	SZ	16.17	15.85	
847	2011-01-04	15.98	16.28	15.8	16.17	18857	15.85	2386	天原集团	SZ	15.95	15.64	
848	2010-12-31	15.58	16	15.58	15.95	16212	15.64	2386	天原集团	SZ	15.55	15.24	
849	2010-12-30	15.62	15.63	15.33	15.55	14644	15.24	2386	天原集团	SZ	15.54	15.23	
850	2010-12-29	15.3	15.6	15.3	15.54	15554	15.23	2386	天原集团	SZ	15.27	14.97	
851	2010-12-28	15.9	16	15.1	15.27	24793	14.97	2386	天原集团	SZ	15.9	15.59	
852	2010-12-27	16.68	16.99	15.88	15.9	27496	15.59	2386	天原集团	SZ	16.7	16.37	
853	2010-12-24	17.2	17.3	16.7	16.7	25078	16.37	2386	天原集团	SZ	17.32	16.98	
854	2010-12-23	17.3	17.48	17.13	17.32	20994	16.98	2386	天原集团	SZ	17.27	16.93	
855	2010-12-22	17.26	17.68	17.22	17.27	37349	16.93	2386	天原集团	SZ	17.26	16.92	
856	2010-12-21	17.17	17.33	16.99	17.26	26870	16.92	2386	天原集团	SZ	17.1	16.76	
857	2010-12-20	17.78	17.98	16.98	17.1	39173	16.76	2386	天原集团	SZ	17.79	17.44	
858	2010-12-17	18	18.16	17.68	17.79	26446	17.44	2386	天原集团	SZ	17.85	17.5	
859	2010-12-16	17.74	18.1	17.7	17.85	25144	17.5	2386	天原集团	SZ	17.82	17.47	
860	2010-12-15	17.76	18.14	17.7	17.82	38043	17.47	2386	天原集团	SZ	17.83	17.48	
861	2010-12-14	17.85	18.06	17.61	17.83	40736	17.48	2386	天原集团	SZ	17.81	17.46	
862	2010-12-13	17.53	17.86	17.37	17.81	55508	17.46	2386	天原集团	SZ	17.33	16.99	
863	2010-12-10	16.88	17.43	16.78	17.33	30813	16.99	2386	天原集团	SZ	16.89	16.56	
864	2010-12-09	16.89	17.19	16.77	16.89	30025	16.56	2386	天原集团	SZ	17.04	16.7	
865	2010-12-08	17.3	17.44	16.99	17.04	25766	16.7	2386	天原集团	SZ	17.3	16.96	
866	2010-12-07	17.03	17.43	16.82	17.3	23342	16.96	2386	天原集团	SZ	17.24	16.9	
867	2010-12-06	17.31	17.55	17.1	17.24	39078	16.9	2386	天原集团	SZ	17.24	16.9	
868	2010-12-03	16.83	17.27	16.78	17.24	36905	16.9	2386	天原集团	SZ	16.81	16.48	
869	2010-12-02	17.28	17.29	16.76	16.81	52725	16.48	2386	天原集团	SZ	16.83	16.5	
870	2010-12-01	16.8	17.06	16.73	16.83	40224	16.5	2386	天原集团	SZ	16.93	16.6	
871	2010-11-30	17.94	18.25	16.37	16.93	76150	16.6	2386	天原集团	SZ	17.98	17.63	
872	2010-11-29	18.32	18.35	17.86	17.98	47653	17.63	2386	天原集团	SZ	18.5	18.13	
873	2010-11-26	18.8	18.99	18.38	18.5	62875	18.13	2386	天原集团	SZ	18.53	18.16	
874	2010-11-25	18.45	19	18.25	18.53	51795	18.16	2386	天原集团	SZ	18.3	17.94	
875	2010-11-24	17.67	18.31	17.5	18.3	38928	17.94	2386	天原集团	SZ	17.69	17.34	
876	2010-11-23	18.4	18.4	17.39	17.69	41995	17.34	2386	天原集团	SZ	18.42	18.06	
877	2010-11-22	18.14	18.86	18.01	18.42	63997	18.06	2386	天原集团	SZ	18.3	17.94	
878	2010-11-19	17.67	18.3	17.55	18.3	73142	17.94	2386	天原集团	SZ	17.37	17.03	
879	2010-11-18	17.41	17.53	17.08	17.37	31136	17.03	2386	天原集团	SZ	17.07	16.73	
880	2010-11-17	17.8	18.17	16.89	17.07	64210	16.73	2386	天原集团	SZ	17.86	17.51	
881	2010-11-16	18.7	18.7	17.85	17.86	85219	17.51	2386	天原集团	SZ	18.64	18.27	
882	2010-11-15	18.86	19.25	17.49	18.64	78666	18.27	2386	天原集团	SZ	18.86	18.49	
883	2010-11-12	20.6	20.77	18.86	18.86	95554	18.49	2386	天原集团	SZ	20.95	20.54	
884	2010-11-11	21.4	21.95	20.91	20.95	70351	20.54	2386	天原集团	SZ	21.57	21.14	
885	2010-11-10	21.95	22.29	21.47	21.57	70938	21.14	2386	天原集团	SZ	21.99	21.56	
886	2010-11-09	21.2	21.99	20.78	21.99	82495	21.56	2386	天原集团	SZ	21.33	20.91	
887	2010-11-08	21.1	21.86	21.1	21.33	107408	20.91	2386	天原集团	SZ	20.77	20.36	
888	2010-11-05	19.77	20.78	19.72	20.77	113035	20.36	2386	天原集团	SZ	19.44	19.06	
889	2010-11-04	19.09	19.59	19.09	19.44	30268	19.06	2386	天原集团	SZ	19.03	18.65	
890	2010-11-03	19.75	19.95	19	19.03	42593	18.65	2386	天原集团	SZ	19.73	19.34	
891	2010-11-02	19.99	20.5	19.51	19.73	68431	19.34	2386	天原集团	SZ	19.83	19.44	
892	2010-11-01	19.28	20.1	19	19.83	52756	19.44	2386	天原集团	SZ	19.36	18.98	
893	2010-10-29	19.17	19.49	18.72	19.36	40204	18.98	2386	天原集团	SZ	19.13	18.75	
894	2010-10-28	19.17	19.31	18.72	19.13	63262	18.75	2386	天原集团	SZ	19.31	18.93	
895	2010-10-27	20.38	20.68	19.3	19.31	98930	18.93	2386	天原集团	SZ	20.39	19.99	
896	2010-10-26	20.98	21	20.2	20.39	65951	19.99	2386	天原集团	SZ	20.74	20.33	
897	2010-10-25	19.78	20.88	19.78	20.74	92637	20.33	2386	天原集团	SZ	19.77	19.38	
898	2010-10-22	19.87	20.18	19.4	19.77	82572	19.38	2386	天原集团	SZ	19.87	19.48	
899	2010-10-21	19	20.58	18.8	19.87	87466	19.48	2386	天原集团	SZ	19	18.62	
900	2010-10-20	18.7	19.45	18.65	19	72201	18.62	2386	天原集团	SZ	19.69	19.3	
901	2010-10-19	19.25	19.99	18.81	19.69	71805	19.3	2386	天原集团	SZ	19.72	19.33	
902	2010-10-18	20.15	20.15	17.9	19.72	128058	19.33	2386	天原集团	SZ	19.6	19.21	
903	2010-10-15	19.1	19.97	18.6	19.6	134162	19.21	2386	天原集团	SZ	19.39	19.01	
904	2010-10-14	20.4	20.4	19.06	19.39	267376	19.01	2386	天原集团	SZ	18.85	18.48	
905	2010-10-13	18.2	19.09	18.2	18.85	306110	18.48	2386	天原集团	SZ	17.35	17.01	
906	2010-10-12	16.32	17.36	16.06	17.35	196288	17.01	2386	天原集团	SZ	16.34	16.02	
907	2010-10-11	15.62	16.44	15.6	16.34	111129	16.02	2386	天原集团	SZ	15.62	15.31	
908	2010-10-08	15.31	15.78	15.28	15.62	39783	15.31	2386	天原集团	SZ	15.2	14.9	
909	2010-09-30	15.05	15.26	14.9	15.2	29447	14.9	2386	天原集团	SZ	15.09	14.79	
910	2010-09-29	15.48	15.68	14.95	15.09	57530	14.79	2386	天原集团	SZ	15.55	15.24	
911	2010-09-28	15.83	15.96	15.47	15.55	44799	15.24	2386	天原集团	SZ	15.6	15.29	
912	2010-09-21	16	16.03	15.39	15.6	35095	15.29	2386	天原集团	SZ	15.87	15.56	
913	2010-09-20	16.2	16.36	15.86	15.87	35190	15.56	2386	天原集团	SZ	16.16	15.84	
914	2010-09-17	16	16.39	15.88	16.16	44894	15.84	2386	天原集团	SZ	15.99	15.67	
915	2010-09-16	16.22	16.55	15.8	15.99	60403	15.67	2386	天原集团	SZ	16.27	15.95	
916	2010-09-15	16.79	16.86	16.26	16.27	84484	15.95	2386	天原集团	SZ	16.93	16.6	
917	2010-09-14	17.03	17.45	16.83	16.93	98102	16.6	2386	天原集团	SZ	17.02	16.68	
918	2010-09-13	16.48	17.38	16.35	17.02	127758	16.68	2386	天原集团	SZ	16.47	16.14	
919	2010-09-10	16.6	16.7	15.98	16.47	95021	16.14	2386	天原集团	SZ	16.5	16.17	
920	2010-09-09	16.69	16.98	16.46	16.5	137930	16.17	2386	天原集团	SZ	16.68	16.35	
921	2010-09-08	16.21	16.88	16.07	16.68	149455	16.35	2386	天原集团	SZ	16.45	16.13	
922	2010-09-07	15.65	17	15.65	16.45	230119	16.13	2386	天原集团	SZ	15.55	15.24	
923	2010-09-06	15.7	15.97	15.44	15.55	85496	15.24	2386	天原集团	SZ	15.65	15.34	
924	2010-09-03	15.34	15.77	15.19	15.65	107565	15.34	2386	天原集团	SZ	15.35	15.05	
925	2010-09-02	15.05	15.44	14.96	15.35	60998	15.05	2386	天原集团	SZ	14.97	14.67	
926	2010-09-01	15.48	15.53	14.86	14.97	65001	14.67	2386	天原集团	SZ	15.44	15.14	
927	2010-08-31	15.31	15.58	15.22	15.44	57231	15.14	2386	天原集团	SZ	15.46	15.15	
928	2010-08-30	14.96	15.66	14.91	15.46	80648	15.15	2386	天原集团	SZ	14.93	14.64	
929	2010-08-27	14.89	15.02	14.81	14.93	31247	14.64	2386	天原集团	SZ	15.04	14.74	
930	2010-08-26	14.6	15.11	14.41	15.04	53221	14.74	2386	天原集团	SZ	14.56	14.27	
931	2010-08-25	14.89	14.93	14.5	14.56	47876	14.27	2386	天原集团	SZ	14.99	14.69	
932	2010-08-24	14.88	15.06	14.7	14.99	44407	14.69	2386	天原集团	SZ	14.88	14.59	
933	2010-08-23	15.05	15.15	14.8	14.88	50057	14.59	2386	天原集团	SZ	15.02	14.72	
934	2010-08-20	15.58	15.58	15.02	15.02	76971	14.72	2386	天原集团	SZ	15.62	15.31	
935	2010-08-19	15.59	15.74	15.42	15.62	68904	15.31	2386	天原集团	SZ	15.63	15.32	
936	2010-08-18	15.79	15.85	15.51	15.63	71089	15.32	2386	天原集团	SZ	15.78	15.47	
937	2010-08-17	15.73	15.84	15.59	15.78	74636	15.47	2386	天原集团	SZ	15.7	15.39	
938	2010-08-16	15.36	15.81	15.26	15.7	78038	15.39	2386	天原集团	SZ	15.4	15.1	
939	2010-08-13	15.14	15.43	15.01	15.4	59564	15.1	2386	天原集团	SZ	15.15	14.85	
940	2010-08-12	15.43	15.63	15.05	15.15	69151	14.85	2386	天原集团	SZ	15.65	15.34	
941	2010-08-11	15.45	15.75	15.4	15.65	66942	15.34	2386	天原集团	SZ	15.45	15.14	
942	2010-08-10	16.24	16.32	15.45	15.45	134338	15.14	2386	天原集团	SZ	16.23	15.91	
943	2010-08-09	15.71	16.27	15.7	16.23	149300	15.91	2386	天原集团	SZ	15.68	15.37	
944	2010-08-06	15.54	15.7	15.25	15.68	87947	15.37	2386	天原集团	SZ	15.56	15.25	
945	2010-08-05	15.62	15.93	15.4	15.56	107313	15.25	2386	天原集团	SZ	15.6	15.29	
946	2010-08-04	15.18	15.6	15.16	15.6	86072	15.29	2386	天原集团	SZ	15.16	14.86	
947	2010-08-03	15.76	15.8	15.13	15.16	109421	14.86	2386	天原集团	SZ	15.75	15.44	
948	2010-08-02	15.5	15.85	15.44	15.75	95764	15.44	2386	天原集团	SZ	15.49	15.18	
949	2010-07-30	15.5	15.74	15.36	15.49	85089	15.18	2386	天原集团	SZ	15.53	15.22	
950	2010-07-29	15.47	15.75	15.2	15.53	107536	15.22	2386	天原集团	SZ	15.41	15.11	
951	2010-07-28	15.1	15.48	15	15.41	95123	15.11	2386	天原集团	SZ	15.15	14.85	
952	2010-07-27	15.27	15.36	15.1	15.15	72486	14.85	2386	天原集团	SZ	15.35	15.05	
953	2010-07-26	15.27	15.43	15.05	15.35	105377	15.05	2386	天原集团	SZ	15.25	14.95	
954	2010-07-23	14.66	15.3	14.55	15.25	116246	14.95	2386	天原集团	SZ	14.7	14.41	
955	2010-07-22	14.41	14.75	14.35	14.7	66067	14.41	2386	天原集团	SZ	14.51	14.22	
956	2010-07-21	14.8	14.99	14.49	14.51	86867	14.22	2386	天原集团	SZ	14.68	14.39	
957	2010-07-20	14.49	14.75	14.3	14.68	82549	14.39	2386	天原集团	SZ	14.39	14.11	
958	2010-07-19	14	14.53	13.82	14.39	68514	14.11	2386	天原集团	SZ	14.21	13.93	
959	2010-07-16	14.3	14.49	13.81	14.21	81829	13.93	2386	天原集团	SZ	14.63	14.34	
960	2010-07-15	15.62	15.78	14.56	14.63	108718	14.34	2386	天原集团	SZ	18.91	18.54	
961	2010-07-14	19.32	19.5	18.82	18.91	120511	18.54	2386	天原集团	SZ	19.29	18.91	
962	2010-07-13	18.4	19.4	18.08	19.29	140340	18.91	2386	天原集团	SZ	18.76	18.39	
963	2010-07-12	18.9	19.04	18.43	18.76	148087	18.39	2386	天原集团	SZ	19.1	18.72	
964	2010-07-09	18.4	19.48	17.85	19.1	237012	18.72	2386	天原集团	SZ	19.26	18.88	
965	2010-07-08	18.89	19.55	18.57	19.26	112656	18.88	2386	天原集团	SZ	18.85	18.48	
966	2010-07-07	18.9	19.14	18.53	18.85	92905	18.48	2386	天原集团	SZ	19.1	18.72	
967	2010-07-06	18.29	19.17	18	19.1	150183	18.72	2386	天原集团	SZ	18.42	18.06	
968	2010-07-05	17	18.81	16.63	18.42	120823	18.06	2386	天原集团	SZ	17.35	17.01	
969	2010-07-02	17.3	17.57	16.28	17.35	44975	17.01	2386	天原集团	SZ	17.33	16.99	
970	2010-07-01	16.53	17.38	16.41	17.33	47612	16.99	2386	天原集团	SZ	16.53	16.2	
971	2010-06-30	16.8	16.8	16.22	16.53	27472	16.2	2386	天原集团	SZ	16.88	16.55	
972	2010-06-29	18.02	18.12	16.82	16.88	43670	16.55	2386	天原集团	SZ	17.96	17.61	
973	2010-06-28	18.28	18.5	17.88	17.96	46518	17.61	2386	天原集团	SZ	18.38	18.02	
974	2010-06-25	17.9	18.45	17.76	18.38	70973	18.02	2386	天原集团	SZ	18.09	17.73	
975	2010-06-24	17.5	18.18	17.41	18.09	46025	17.73	2386	天原集团	SZ	17.6	17.25	
976	2010-06-23	17.6	17.89	17.2	17.6	28934	17.25	2386	天原集团	SZ	17.8	17.45	
977	2010-06-22	17.3	17.97	17.11	17.8	36018	17.45	2386	天原集团	SZ	17.32	16.98	
978	2010-06-21	16.67	17.38	16.67	17.32	21600	16.98	2386	天原集团	SZ	16.78	16.45	
979	2010-06-18	17.42	17.61	16.67	16.78	29053	16.45	2386	天原集团	SZ	17.61	17.26	
980	2010-06-17	18.49	18.58	17.6	17.61	36784	17.26	2386	天原集团	SZ	18.15	17.79	
981	2010-06-10	18	18.49	17.82	18.15	48014	17.79	2386	天原集团	SZ	17.93	17.58	
982	2010-06-09	17.88	18.04	17.71	17.93	43413	17.58	2386	天原集团	SZ	17.73	17.38	
983	2010-06-08	17.34	17.8	17.21	17.73	50075	17.38	2386	天原集团	SZ	17.34	17	
984	2010-06-07	16.53	17.45	16.51	17.34	37880	17	2386	天原集团	SZ	17.06	16.72	
985	2010-06-04	16.76	17.1	16.61	17.06	24682	16.72	2386	天原集团	SZ	16.87	16.54	
986	2010-06-03	17.2	17.47	16.87	16.87	34404	16.54	2386	天原集团	SZ	17.15	16.81	
987	2010-06-02	16.68	17.16	16.5	17.15	25164	16.81	2386	天原集团	SZ	16.68	16.35	
988	2010-06-01	16.98	17.15	16.45	16.68	35002	16.35	2386	天原集团	SZ	17.18	16.84	
989	2010-05-31	18.11	18.24	17.18	17.18	39017	16.84	2386	天原集团	SZ	18.27	17.91	
990	2010-05-28	18.49	18.6	18.15	18.27	41469	17.91	2386	天原集团	SZ	18.28	17.92	
991	2010-05-27	18.08	18.4	17.68	18.28	43334	17.92	2386	天原集团	SZ	18.05	17.69	
992	2010-05-26	18.03	18.29	17.91	18.05	29469	17.69	2386	天原集团	SZ	18.06	17.7	
993	2010-05-25	18.18	18.47	17.87	18.06	48553	17.7	2386	天原集团	SZ	18.53	18.16	
994	2010-05-24	17.61	18.77	17.61	18.53	69918	18.16	2386	天原集团	SZ	17.62	17.27	
995	2010-05-21	16.53	17.78	16.35	17.62	43635	17.27	2386	天原集团	SZ	17.09	16.75	
996	2010-05-20	17.6	18.05	17.02	17.09	44252	16.75	2386	天原集团	SZ	17.91	17.56	
997	2010-05-19	17.45	18.08	17.25	17.91	46177	17.56	2386	天原集团	SZ	17.58	17.23	
998	2010-05-18	16.68	17.85	16.66	17.58	48063	17.23	2386	天原集团	SZ	16.84	16.51	
999	2010-05-17	17.9	18.18	16.8	16.84	40244	16.51	2386	天原集团	SZ	18.38	18.02	
1000	2010-05-14	17.95	18.79	17.8	18.38	58009	18.02	2386	天原集团	SZ	18.52	18.15	
1001	2010-05-13	17.55	18.81	16.51	18.52	66427	18.15	2386	天原集团	SZ	17.46	17.12	
1002	2010-05-12	18.46	18.5	17.01	17.46	45404	17.12	2386	天原集团	SZ	18.46	18.1	
1003	2010-05-11	19.7	19.78	18.44	18.46	35274	18.1	2386	天原集团	SZ	18.98	18.61	
1004	2010-05-10	19.85	20.3	18.85	18.98	41114	18.61	2386	天原集团	SZ	20.02	19.62	
1005	2010-05-07	19.69	20.67	19.53	20.02	36318	19.62	2386	天原集团	SZ	20.45	20.05	
1006	2010-05-06	20.84	21.6	20.44	20.45	59526	20.05	2386	天原集团	SZ	21.03	20.61	
1007	2010-05-05	19.7	21.1	19.59	21.03	52506	20.61	2386	天原集团	SZ	19.91	19.52	
1008	2010-05-04	19.8	20.19	19.51	19.91	26511	19.52	2386	天原集团	SZ	20.25	19.85	
1009	2010-04-30	20.6	20.89	19.8	20.25	43218	19.85	2386	天原集团	SZ	20.58	20.17	
1010	2010-04-29	20.37	21.6	20.37	20.58	71670	20.17	2386	天原集团	SZ	20.2	19.8	
1011	2010-04-28	21	21.2	19.86	20.2	66978	19.8	2386	天原集团	SZ	21.8	21.37	
1012	2010-04-27	24.05	24.05	21.61	21.8	85279	21.37	2386	天原集团	SZ	24.01	23.54	
1013	2010-04-26	23.88	24.48	23.83	24.01	46051	23.54	2386	天原集团	SZ	23.88	23.41	
1014	2010-04-23	24.44	24.44	23.83	23.88	72716	23.41	2386	天原集团	SZ	24.61	24.12	
1015	2010-04-22	25.2	25.2	24.48	24.61	76183	24.12	2386	天原集团	SZ	25.22	24.72	
1016	2010-04-21	25	25.3	24.75	25.22	76102	24.72	2386	天原集团	SZ	24.95	24.46	
1017	2010-04-20	24.3	24.99	23.85	24.95	72114	24.46	2386	天原集团	SZ	24.13	23.65	
1018	2010-04-19	24.3	24.96	23.8	24.13	76436	23.65	2386	天原集团	SZ	24.55	24.07	
1019	2010-04-16	25.28	25.28	23.8	24.55	81131	24.07	2386	天原集团	SZ	25.28	24.78	
1020	2010-04-15	25.72	26.36	25	25.28	95383	24.78	2386	天原集团	SZ	25.72	25.21	
1021	2010-04-14	26.44	26.47	25.13	25.72	154273	25.21	2386	天原集团	SZ	27.06	26.53	
1022	2010-04-13	29.44	29.7	27	27.06	241838	26.53	2386	天原集团	SZ	29.8	29.21	
1023	2010-04-12	28	30.99	27.53	29.8	385426	29.21	2386	天原集团	SZ	29.49	28.91	
1024	2010-04-09	25.6	30.49	25.58	29.49	604357	28.91	2386	天原集团	SZ	-1	-1	
