0	4/29/14	8.38	8.55	8.3	8.55	1265700	8.55	2395	双象股份	SZ	8.39	8.39	
1	4/28/14	8.58	8.75	8.16	8.39	2457500	8.39	2395	双象股份	SZ	8.7	8.7	
2	4/25/14	9	9.06	8.63	8.7	2403400	8.7	2395	双象股份	SZ	9	9	
3	4/24/14	9.03	9.18	8.98	9	1627900	9	2395	双象股份	SZ	9.08	9.08	
4	4/23/14	9.13	9.2	9.01	9.08	1405300	9.08	2395	双象股份	SZ	9.16	9.16	
5	4/22/14	9.25	9.3	9	9.16	2843700	9.16	2395	双象股份	SZ	9.28	9.28	
6	4/21/14	9.65	9.68	9.28	9.28	3362700	9.28	2395	双象股份	SZ	9.71	9.71	
7	4/18/14	9.61	9.8	9.6	9.71	1969700	9.71	2395	双象股份	SZ	9.7	9.7	
8	4/17/14	9.75	9.78	9.59	9.7	2967200	9.7	2395	双象股份	SZ	9.77	9.77	
9	4/16/14	9.9	10.07	9.71	9.77	4561300	9.77	2395	双象股份	SZ	9.97	9.97	
10	4/15/14	9.68	10	9.53	9.97	5958900	9.97	2395	双象股份	SZ	9.78	9.78	
11	4/14/14	9.78	9.92	9.6	9.78	4079200	9.78	2395	双象股份	SZ	9.76	9.76	
12	4/11/14	9.63	9.86	9.55	9.76	4844600	9.76	2395	双象股份	SZ	9.73	9.73	
13	4/10/14	10.07	10.25	9.68	9.73	8223400	9.73	2395	双象股份	SZ	10.09	10.09	
14	4/9/14	9.91	10.11	9.8	10.09	6109100	10.09	2395	双象股份	SZ	9.95	9.95	
15	4/8/14	10.2	10.25	9.75	9.95	7383600	9.95	2395	双象股份	SZ	10.32	10.32	
16	4/7/14	10.32	10.32	10.32	10.32	0	10.32	2395	双象股份	SZ	10.32	10.32	
17	4/4/14	10.17	10.39	10.06	10.32	6783900	10.32	2395	双象股份	SZ	10.27	10.27	
18	4/3/14	10.44	10.7	10.15	10.27	8373800	10.27	2395	双象股份	SZ	10.51	10.51	
19	4/2/14	10.64	10.7	10.3	10.51	9674000	10.51	2395	双象股份	SZ	10.73	10.73	
20	4/1/14	10.88	10.9	10.22	10.73	12401100	10.73	2395	双象股份	SZ	11.12	11.12	
21	3/31/14	10.5	11.31	10	11.12	18136000	11.12	2395	双象股份	SZ	10.3	10.3	
22	3/28/14	10.1	10.92	10.06	10.3	19232700	10.3	2395	双象股份	SZ	9.93	9.93	
23	3/27/14	9	9.93	8.82	9.93	6776700	9.93	2395	双象股份	SZ	9.03	9.03	
24	3/26/14	9.02	9.09	8.98	9.03	1124000	9.03	2395	双象股份	SZ	9.02	9.02	
25	3/25/14	9.07	9.07	8.94	9.02	1113700	9.02	2395	双象股份	SZ	8.98	8.98	
26	3/24/14	9.03	9.1	8.88	8.98	1698000	8.98	2395	双象股份	SZ	9.03	9.03	
27	3/21/14	8.9	9.03	8.72	9.03	1436000	9.03	2395	双象股份	SZ	8.93	8.93	
28	3/20/14	8.95	9.04	8.75	8.93	1691300	8.93	2395	双象股份	SZ	8.97	8.97	
29	3/19/14	8.98	9	8.85	8.97	1033200	8.97	2395	双象股份	SZ	8.92	8.92	
30	3/18/14	9.1	9.1	8.84	8.92	1353200	8.92	2395	双象股份	SZ	9.02	9.02	
31	3/17/14	8.75	9.15	8.63	9.02	1709700	9.02	2395	双象股份	SZ	8.79	8.79	
32	3/14/14	8.96	8.96	8.61	8.79	1419500	8.79	2395	双象股份	SZ	8.93	8.93	
33	3/13/14	9.05	9.06	8.82	8.93	925900	8.93	2395	双象股份	SZ	9.02	9.02	
34	3/12/14	9.14	9.14	8.87	9.02	1250000	9.02	2395	双象股份	SZ	9.09	9.09	
35	3/11/14	8.79	9.21	8.78	9.09	1918000	9.09	2395	双象股份	SZ	8.79	8.79	
36	3/10/14	9.23	9.23	8.73	8.79	1550000	8.79	2395	双象股份	SZ	9.14	9.14	
37	3/7/14	9.15	9.33	8.95	9.14	2534300	9.14	2395	双象股份	SZ	9.15	9.15	
38	3/6/14	9.18	9.27	8.73	9.15	2728900	9.15	2395	双象股份	SZ	9.19	9.19	
39	3/5/14	9.47	9.47	9.12	9.19	2216400	9.19	2395	双象股份	SZ	9.46	9.46	
40	3/4/14	9.59	9.59	9.28	9.46	1602100	9.46	2395	双象股份	SZ	9.5	9.5	
41	3/3/14	9.34	9.5	9.25	9.5	2427800	9.5	2395	双象股份	SZ	9.27	9.27	
42	2/28/14	9.17	9.46	9.1	9.27	1747100	9.27	2395	双象股份	SZ	9.23	9.23	
43	2/27/14	9.3	9.35	9.15	9.23	2922400	9.23	2395	双象股份	SZ	9.1	9.1	
44	2/26/14	9.2	9.2	8.83	9.1	1917800	9.1	2395	双象股份	SZ	8.95	8.95	
45	2/25/14	9.09	9.1	8.71	8.95	2273700	8.95	2395	双象股份	SZ	8.95	8.95	
46	2/24/14	9.06	9.31	8.86	8.95	2603800	8.95	2395	双象股份	SZ	9.34	9.34	
47	2/21/14	9.53	9.53	9.25	9.34	1735600	9.34	2395	双象股份	SZ	9.45	9.45	
48	2/20/14	9.51	9.69	9.19	9.45	3474800	9.45	2395	双象股份	SZ	9.37	9.37	
49	2/19/14	9.49	9.57	9.28	9.37	2603500	9.37	2395	双象股份	SZ	9.48	9.48	
50	2/18/14	9.5	9.6	9.28	9.48	2958300	9.48	2395	双象股份	SZ	9.48	9.48	
51	2/17/14	9.09	9.49	9.08	9.48	2924600	9.48	2395	双象股份	SZ	9.12	9.12	
52	2/14/14	8.85	9.12	8.84	9.12	2130700	9.12	2395	双象股份	SZ	8.9	8.9	
53	2/13/14	8.86	9.14	8.75	8.9	2758600	8.9	2395	双象股份	SZ	8.9	8.9	
54	2/12/14	8.65	8.98	8.6	8.9	2564700	8.9	2395	双象股份	SZ	8.65	8.65	
55	2/11/14	8.7	8.75	8.59	8.65	2116600	8.65	2395	双象股份	SZ	8.7	8.7	
56	2/10/14	8.44	8.7	8.44	8.7	2679900	8.7	2395	双象股份	SZ	8.42	8.42	
57	2/7/14	8.17	8.45	8.17	8.42	927700	8.42	2395	双象股份	SZ	8.3	8.3	
58	2/6/14	8.3	8.3	8.3	8.3	0	8.3	2395	双象股份	SZ	8.3	8.3	
59	2/5/14	8.3	8.3	8.3	8.3	0	8.3	2395	双象股份	SZ	8.3	8.3	
60	2/3/14	8.3	8.3	8.3	8.3	0	8.3	2395	双象股份	SZ	8.3	8.3	
61	1/31/14	8.3	8.3	8.3	8.3	0	8.3	2395	双象股份	SZ	8.3	8.3	
62	1/30/14	8.43	8.54	8.23	8.3	781300	8.3	2395	双象股份	SZ	8.43	8.43	
63	1/29/14	8.43	8.47	8.28	8.43	1250000	8.43	2395	双象股份	SZ	8.33	8.33	
64	1/28/14	8.27	8.37	8.19	8.33	820600	8.33	2395	双象股份	SZ	8.28	8.28	
65	1/27/14	8.26	8.38	8.14	8.28	1166900	8.28	2395	双象股份	SZ	8.26	8.26	
66	1/24/14	8.15	8.34	8.06	8.26	1647000	8.26	2395	双象股份	SZ	8.31	8.31	
67	1/23/14	8.29	8.4	8.18	8.31	1262900	8.31	2395	双象股份	SZ	8.28	8.28	
68	1/22/14	8.18	8.38	8.01	8.28	1750500	8.28	2395	双象股份	SZ	8.15	8.15	
69	1/21/14	7.85	8.17	7.85	8.15	1446600	8.15	2395	双象股份	SZ	7.85	7.85	
70	1/20/14	8.06	8.06	7.7	7.85	613600	7.85	2395	双象股份	SZ	8	8	
71	1/17/14	8	8.13	7.88	8	625300	8	2395	双象股份	SZ	8.05	8.05	
72	1/16/14	7.99	8.23	7.9	8.05	1310600	8.05	2395	双象股份	SZ	7.96	7.96	
73	1/15/14	8.03	8.03	7.86	7.96	693400	7.96	2395	双象股份	SZ	7.94	7.94	
74	1/14/14	7.72	7.94	7.71	7.94	860500	7.94	2395	双象股份	SZ	7.7	7.7	
75	1/13/14	7.6	7.7	7.55	7.7	528100	7.7	2395	双象股份	SZ	7.63	7.63	
76	1/10/14	7.78	7.81	7.53	7.63	954900	7.63	2395	双象股份	SZ	7.78	7.78	
77	1/9/14	7.87	7.95	7.75	7.78	999000	7.78	2395	双象股份	SZ	7.88	7.88	
78	1/8/14	7.94	8.03	7.8	7.88	1636800	7.88	2395	双象股份	SZ	7.94	7.94	
79	1/7/14	8.06	8.09	7.86	7.94	1242300	7.94	2395	双象股份	SZ	8.05	8.05	
80	1/6/14	8.51	8.51	8.05	8.05	1394100	8.05	2395	双象股份	SZ	8.51	8.51	
81	1/3/14	8.41	8.53	8.33	8.51	1050600	8.51	2395	双象股份	SZ	8.46	8.46	
82	1/2/14	8.3	8.52	8.3	8.46	1218700	8.46	2395	双象股份	SZ	8.39	8.39	
83	1/1/14	8.39	8.39	8.39	8.39	0	8.39	2395	双象股份	SZ	8.39	8.39	
84	12/31/13	8.38	8.46	8.25	8.39	1338800	8.39	2395	双象股份	SZ	8.39	8.39	
85	12/30/13	8.3	8.39	8.19	8.39	1667100	8.39	2395	双象股份	SZ	8.25	8.25	
86	12/27/13	8.15	8.31	8.02	8.25	2081900	8.25	2395	双象股份	SZ	8.15	8.15	
87	12/26/13	8.62	8.62	8.08	8.15	2617500	8.15	2395	双象股份	SZ	8.59	8.59	
88	12/25/13	8.42	8.61	8.39	8.59	2320000	8.59	2395	双象股份	SZ	8.43	8.43	
89	12/24/13	8.5	8.6	8.37	8.43	2262100	8.43	2395	双象股份	SZ	8.5	8.5	
90	12/23/13	8.62	8.68	8.35	8.5	2613600	8.5	2395	双象股份	SZ	8.69	8.69	
91	12/20/13	8.72	8.76	8.6	8.69	2133000	8.69	2395	双象股份	SZ	8.69	8.69	
92	12/19/13	8.87	8.94	8.62	8.69	2566000	8.69	2395	双象股份	SZ	8.87	8.87	
93	12/18/13	9.12	9.15	8.75	8.87	3588500	8.87	2395	双象股份	SZ	9.09	9.09	
94	12/17/13	9.33	9.35	8.9	9.09	4167500	9.09	2395	双象股份	SZ	9.26	9.26	
95	12/16/13	9.88	9.88	9.1	9.26	7085100	9.26	2395	双象股份	SZ	9.92	9.92	
96	12/13/13	9.91	10.11	9.61	9.92	7945900	9.92	2395	双象股份	SZ	10.2	10.2	
97	12/12/13	9.6	10.44	9.36	10.2	16902000	10.2	2395	双象股份	SZ	9.5	9.5	
98	12/11/13	8.73	9.5	8.55	9.5	8204000	9.5	2395	双象股份	SZ	8.64	8.64	
99	12/10/13	8.59	8.78	8.55	8.64	950600	8.64	2395	双象股份	SZ	8.59	8.59	
100	12/9/13	8.43	8.59	8.43	8.59	654100	8.59	2395	双象股份	SZ	8.46	8.46	
101	12/6/13	8.57	8.69	8.45	8.46	1375300	8.46	2395	双象股份	SZ	8.52	8.52	
102	12/5/13	8.26	8.52	8.25	8.52	1104900	8.52	2395	双象股份	SZ	8.31	8.31	
103	12/4/13	8.05	8.48	8.04	8.31	1360200	8.31	2395	双象股份	SZ	8.13	8.13	
104	12/3/13	8	8.16	7.81	8.13	994200	8.13	2395	双象股份	SZ	8	8	
105	12/2/13	8.57	8.9	7.95	8	2269600	8	2395	双象股份	SZ	8.74	8.74	
106	11/29/13	8.75	8.87	8.64	8.74	2296200	8.74	2395	双象股份	SZ	8.84	8.84	
107	11/28/13	8.55	9.05	8.44	8.84	4083800	8.84	2395	双象股份	SZ	8.5	8.5	
108	11/27/13	8.41	8.54	8.35	8.5	1604600	8.5	2395	双象股份	SZ	8.4	8.4	
109	11/26/13	8.26	8.4	8.24	8.4	760900	8.4	2395	双象股份	SZ	8.29	8.29	
110	11/25/13	8.29	8.41	8.21	8.29	840400	8.29	2395	双象股份	SZ	8.33	8.33	
111	11/22/13	8.27	8.4	8.19	8.33	934200	8.33	2395	双象股份	SZ	8.25	8.25	
112	11/21/13	8.33	8.34	8.2	8.25	905500	8.25	2395	双象股份	SZ	8.37	8.37	
113	11/20/13	8.25	8.38	8.18	8.37	919400	8.37	2395	双象股份	SZ	8.25	8.25	
114	11/19/13	8.34	8.44	8.19	8.25	1149900	8.25	2395	双象股份	SZ	8.35	8.35	
115	11/18/13	8.19	8.36	8.18	8.35	1090900	8.35	2395	双象股份	SZ	8.22	8.22	
116	11/15/13	8.18	8.34	8.04	8.22	1645700	8.22	2395	双象股份	SZ	8.03	8.03	
117	11/14/13	7.96	8.05	7.81	8.03	639300	8.03	2395	双象股份	SZ	7.92	7.92	
118	11/13/13	7.84	8	7.75	7.92	740300	7.92	2395	双象股份	SZ	7.96	7.96	
119	11/12/13	7.9	8.03	7.81	7.96	480900	7.96	2395	双象股份	SZ	7.98	7.98	
120	11/11/13	8	8.21	7.91	7.98	899800	7.98	2395	双象股份	SZ	7.85	7.85	
121	11/8/13	7.97	7.97	7.75	7.85	508600	7.85	2395	双象股份	SZ	7.83	7.83	
122	11/7/13	8.13	8.13	7.81	7.83	642400	7.83	2395	双象股份	SZ	8.15	8.15	
123	11/6/13	8.22	8.37	8.08	8.15	959700	8.15	2395	双象股份	SZ	8.17	8.17	
124	11/5/13	8.07	8.26	7.9	8.17	740900	8.17	2395	双象股份	SZ	8.1	8.1	
125	11/4/13	7.94	8.15	7.81	8.1	639200	8.1	2395	双象股份	SZ	7.9	7.9	
126	11/1/13	7.99	7.99	7.81	7.9	543700	7.9	2395	双象股份	SZ	7.95	7.95	
127	10/31/13	7.92	7.99	7.85	7.95	591100	7.95	2395	双象股份	SZ	7.99	7.99	
128	10/30/13	8.04	8.04	7.79	7.99	1076700	7.99	2395	双象股份	SZ	8.02	8.02	
129	10/29/13	8.31	8.35	7.5	8.02	1494100	8.02	2395	双象股份	SZ	8.26	8.26	
130	10/28/13	8.29	8.35	8.07	8.26	629900	8.26	2395	双象股份	SZ	8.19	8.19	
131	10/25/13	8.31	8.39	8.11	8.19	1085100	8.19	2395	双象股份	SZ	8.31	8.31	
132	10/24/13	8.54	8.55	8.3	8.31	1583500	8.31	2395	双象股份	SZ	8.57	8.57	
133	10/23/13	8.97	9.05	8.55	8.57	1820200	8.57	2395	双象股份	SZ	8.94	8.94	
134	10/22/13	8.92	9.07	8.84	8.94	2820800	8.94	2395	双象股份	SZ	8.91	8.91	
135	10/21/13	8.62	8.96	8.61	8.91	1982900	8.91	2395	双象股份	SZ	8.65	8.65	
136	10/18/13	8.59	8.66	8.47	8.65	844800	8.65	2395	双象股份	SZ	8.56	8.56	
137	10/17/13	8.5	8.62	8.41	8.56	991400	8.56	2395	双象股份	SZ	8.5	8.5	
138	10/16/13	8.86	8.9	8.31	8.5	1647500	8.5	2395	双象股份	SZ	8.86	8.86	
139	10/15/13	9.05	9.07	8.78	8.86	1602700	8.86	2395	双象股份	SZ	9.03	9.03	
140	10/14/13	9	9.06	8.9	9.03	2379200	9.03	2395	双象股份	SZ	8.97	8.97	
141	10/11/13	8.72	8.97	8.62	8.97	2423400	8.97	2395	双象股份	SZ	8.71	8.71	
142	10/10/13	8.84	8.87	8.68	8.71	1656700	8.71	2395	双象股份	SZ	8.83	8.83	
143	10/9/13	8.78	8.86	8.71	8.83	1604100	8.83	2395	双象股份	SZ	8.78	8.78	
144	10/8/13	8.62	8.87	8.61	8.78	1487400	8.78	2395	双象股份	SZ	8.62	8.62	
145	10/7/13	8.62	8.62	8.62	8.62	0	8.62	2395	双象股份	SZ	8.62	8.62	
146	10/4/13	8.62	8.62	8.62	8.62	0	8.62	2395	双象股份	SZ	8.62	8.62	
147	10/3/13	8.62	8.62	8.62	8.62	0	8.62	2395	双象股份	SZ	8.62	8.62	
148	10/2/13	8.62	8.62	8.62	8.62	0	8.62	2395	双象股份	SZ	8.62	8.62	
149	10/1/13	8.62	8.62	8.62	8.62	0	8.62	2395	双象股份	SZ	8.62	8.62	
150	9/30/13	8.58	8.68	8.39	8.62	877100	8.62	2395	双象股份	SZ	8.45	8.45	
151	9/27/13	8.46	8.55	8.39	8.45	921900	8.45	2395	双象股份	SZ	8.5	8.5	
152	9/26/13	8.68	8.68	8.45	8.5	1081100	8.5	2395	双象股份	SZ	8.67	8.67	
153	9/25/13	8.83	8.84	8.61	8.67	1489300	8.67	2395	双象股份	SZ	8.83	8.83	
154	9/24/13	8.78	8.85	8.66	8.83	1898200	8.83	2395	双象股份	SZ	8.77	8.77	
155	9/23/13	8.6	8.78	8.45	8.77	2213800	8.77	2395	双象股份	SZ	8.59	8.59	
156	9/20/13	8.59	8.59	8.59	8.59	0	8.59	2395	双象股份	SZ	8.59	8.59	
157	9/18/13	8.27	8.63	8.27	8.59	2425100	8.59	2395	双象股份	SZ	8.27	8.27	
158	9/17/13	8.58	8.59	8.25	8.27	1729900	8.27	2395	双象股份	SZ	8.58	8.58	
159	9/16/13	8.7	8.78	8.48	8.58	1782300	8.58	2395	双象股份	SZ	8.7	8.7	
160	9/13/13	8.4	8.8	8.38	8.7	2024600	8.7	2395	双象股份	SZ	8.44	8.44	
161	9/12/13	8.48	8.65	8.37	8.44	2047700	8.44	2395	双象股份	SZ	8.48	8.48	
162	9/11/13	9.17	9.17	8.43	8.48	3593900	8.48	2395	双象股份	SZ	9.18	9.18	
163	9/10/13	9.34	9.41	9.16	9.18	2094800	9.18	2395	双象股份	SZ	9.28	9.28	
164	9/9/13	9.16	9.3	8.99	9.28	2933000	9.28	2395	双象股份	SZ	9.15	9.15	
165	9/6/13	9.11	9.2	9.05	9.15	1935900	9.15	2395	双象股份	SZ	9.15	9.15	
166	9/5/13	9.25	9.25	8.95	9.15	2315700	9.15	2395	双象股份	SZ	9.26	9.26	
167	9/4/13	9.13	9.45	9.08	9.26	3280800	9.26	2395	双象股份	SZ	9.13	9.13	
168	9/3/13	9.18	9.24	8.97	9.13	2025500	9.13	2395	双象股份	SZ	9.15	9.15	
169	9/2/13	8.98	9.19	8.83	9.15	1919300	9.15	2395	双象股份	SZ	9.02	9.02	
170	8/30/13	9.32	9.55	8.97	9.02	3306200	9.02	2395	双象股份	SZ	9.39	9.39	
171	8/29/13	9.57	9.68	9.27	9.39	2891000	9.39	2395	双象股份	SZ	9.57	9.57	
172	8/28/13	9.89	9.89	9.55	9.57	3806400	9.57	2395	双象股份	SZ	10	10	
173	8/27/13	10.01	10.06	9.67	10	4834500	10	2395	双象股份	SZ	10.09	10.09	
174	8/26/13	10	10.43	9.94	10.09	6412700	10.09	2395	双象股份	SZ	10.12	10.12	
175	8/23/13	9.71	10.13	9.54	10.12	7357800	10.12	2395	双象股份	SZ	9.7	9.7	
176	8/22/13	9.98	9.99	9.61	9.7	5400600	9.7	2395	双象股份	SZ	10.08	10.08	
177	8/21/13	9.55	10.18	9.45	10.08	10292900	10.08	2395	双象股份	SZ	9.68	9.68	
178	8/20/13	9.58	9.69	9.4	9.68	6898100	9.68	2395	双象股份	SZ	9.71	9.71	
179	8/19/13	9.39	9.79	9.36	9.71	7127100	9.71	2395	双象股份	SZ	9.58	9.58	
180	8/16/13	10.28	10.32	9.45	9.58	11843100	9.58	2395	双象股份	SZ	10.5	10.5	
181	8/15/13	10.4	10.85	10.03	10.5	20963800	10.5	2395	双象股份	SZ	10.01	10.01	
182	8/14/13	9.5	10.01	9.36	10.01	7291500	10.01	2395	双象股份	SZ	9.1	9.1	
183	8/13/13	8.08	9.1	8.08	9.1	8154200	9.1	2395	双象股份	SZ	8.27	8.27	
184	8/12/13	7.9	8.51	7.8	8.27	4513600	8.27	2395	双象股份	SZ	7.75	7.75	
185	8/9/13	7.65	7.75	7.65	7.75	1073500	7.75	2395	双象股份	SZ	7.68	7.68	
186	8/8/13	7.65	7.72	7.5	7.68	1423100	7.68	2395	双象股份	SZ	7.65	7.65	
187	8/7/13	7.33	8	7.29	7.65	2756300	7.65	2395	双象股份	SZ	7.34	7.34	
188	8/6/13	7.17	7.45	7.17	7.34	1148700	7.34	2395	双象股份	SZ	7.2	7.2	
189	8/5/13	7.14	7.22	7.13	7.2	775800	7.2	2395	双象股份	SZ	7.12	7.12	
190	8/2/13	7.24	7.24	7.1	7.12	751500	7.12	2395	双象股份	SZ	7.2	7.2	
191	8/1/13	7.01	7.24	7.01	7.2	1189000	7.2	2395	双象股份	SZ	7.02	7.02	
192	7/31/13	7.19	7.23	7	7.02	976800	7.02	2395	双象股份	SZ	7.15	7.15	
193	7/30/13	7.39	7.39	7.1	7.15	2161500	7.15	2395	双象股份	SZ	7.22	7.22	
194	7/29/13	6.86	7.31	6.75	7.22	2364900	7.22	2395	双象股份	SZ	6.85	6.85	
195	7/26/13	6.77	6.85	6.68	6.85	572300	6.85	2395	双象股份	SZ	6.78	6.78	
196	7/25/13	7	7	6.75	6.78	732600	6.78	2395	双象股份	SZ	6.96	6.96	
197	7/24/13	6.96	6.97	6.75	6.96	989500	6.96	2395	双象股份	SZ	6.96	6.96	
198	7/23/13	6.94	6.99	6.8	6.96	1341500	6.96	2395	双象股份	SZ	6.9	6.9	
199	7/22/13	6.66	6.95	6.6	6.9	1352300	6.9	2395	双象股份	SZ	6.72	6.72	
200	7/19/13	6.52	6.77	6.5	6.72	754800	6.72	2395	双象股份	SZ	6.6	6.6	
201	7/18/13	6.57	6.66	6.45	6.6	489700	6.6	2395	双象股份	SZ	6.65	6.65	
202	7/17/13	6.82	6.82	6.62	6.65	564100	6.65	2395	双象股份	SZ	6.75	6.75	
203	7/16/13	6.6	6.77	6.58	6.75	702800	6.75	2395	双象股份	SZ	6.68	6.68	
204	7/15/13	6.4	6.73	6.33	6.68	1113300	6.68	2395	双象股份	SZ	6.44	6.44	
205	7/12/13	6.58	6.68	6.44	6.44	1320500	6.44	2395	双象股份	SZ	6.63	6.63	
206	7/11/13	6.51	6.72	6.45	6.63	809200	6.63	2395	双象股份	SZ	6.43	6.43	
207	7/10/13	6.24	6.46	6.22	6.43	382800	6.43	2395	双象股份	SZ	6.29	6.29	
208	7/9/13	6.2	6.38	6.19	6.29	436700	6.29	2395	双象股份	SZ	6.26	6.26	
209	7/8/13	6.55	6.55	6.13	6.26	537300	6.26	2395	双象股份	SZ	6.6	6.6	
210	7/5/13	6.7	6.7	6.55	6.6	687600	6.6	2395	双象股份	SZ	6.67	6.67	
211	7/4/13	6.63	6.69	6.46	6.67	932600	6.67	2395	双象股份	SZ	6.67	6.67	
212	7/3/13	6.67	6.77	6.5	6.67	896200	6.67	2395	双象股份	SZ	6.77	6.77	
213	7/2/13	6.58	6.77	6.53	6.77	1168300	6.77	2395	双象股份	SZ	6.56	6.56	
214	7/1/13	6.5	6.73	6.36	6.56	686300	6.56	2395	双象股份	SZ	6.57	6.57	
215	6/28/13	6.68	6.7	6.43	6.57	1141900	6.57	2395	双象股份	SZ	6.43	6.43	
216	6/27/13	6.51	6.69	6.2	6.43	1067600	6.43	2395	双象股份	SZ	6.5	6.5	
217	6/26/13	6.42	6.51	6.27	6.5	485800	6.5	2395	双象股份	SZ	6.53	6.53	
218	6/25/13	6.53	6.58	5.98	6.53	1068700	6.53	2395	双象股份	SZ	6.53	6.53	
219	6/24/13	7.21	7.21	6.5	6.53	871700	6.53	2395	双象股份	SZ	7.22	7.22	
220	6/21/13	7.5	7.5	7.13	7.22	552600	7.22	2395	双象股份	SZ	7.64	3.73	
221	6/20/13	7.9	7.97	7.64	7.64	974300	3.73	2395	双象股份	SZ	7.95	3.88	
222	6/19/13	7.96	7.96	7.78	7.95	540200	3.88	2395	双象股份	SZ	7.95	3.88	
223	6/18/13	8.04	8.06	7.85	7.95	520000	3.88	2395	双象股份	SZ	8.03	3.92	
224	6/17/13	8.12	8.17	8.02	8.03	1297400	3.92	2395	双象股份	SZ	8.01	3.91	
225	6/14/13	7.84	8.05	7.76	8.01	898300	3.91	2395	双象股份	SZ	7.84	3.83	
226	6/13/13	7.94	7.94	7.68	7.84	548500	3.83	2395	双象股份	SZ	8.06	3.94	
227	6/12/13	8.06	8.06	8.06	8.06	0	3.94	2395	双象股份	SZ	8.06	3.94	
228	6/11/13	8.06	8.06	8.06	8.06	0	3.94	2395	双象股份	SZ	8.06	3.94	
229	6/10/13	8.06	8.06	8.06	8.06	0	3.94	2395	双象股份	SZ	8.06	3.94	
230	6/7/13	8.13	8.14	7.91	8.06	1112600	3.94	2395	双象股份	SZ	8.15	3.98	
231	6/6/13	8.08	8.19	8.02	8.15	1036300	3.98	2395	双象股份	SZ	8.17	3.99	
232	6/5/13	8.15	8.17	7.98	8.17	1042400	3.99	2395	双象股份	SZ	8.19	4	
233	6/4/13	8.43	8.43	8	8.19	1905600	4	2395	双象股份	SZ	8.43	4.11	
234	6/3/13	8.51	8.51	8.31	8.43	1139400	4.11	2395	双象股份	SZ	8.47	4.13	
235	5/31/13	8.46	8.59	8.35	8.47	1585600	4.13	2395	双象股份	SZ	8.45	4.13	
236	5/30/13	8.4	8.48	8.34	8.45	1343300	4.13	2395	双象股份	SZ	8.44	4.12	
237	5/29/13	8.4	8.44	8.31	8.44	1633000	4.12	2395	双象股份	SZ	8.48	4.14	
238	5/28/13	8.45	8.5	8.25	8.48	2396900	4.14	2395	双象股份	SZ	8.55	4.17	
239	5/27/13	8.22	8.62	8.06	8.55	3311000	4.17	2395	双象股份	SZ	8.15	3.98	
240	5/24/13	8.01	8.18	8.01	8.15	1396700	3.98	2395	双象股份	SZ	8.07	3.94	
241	5/23/13	8.04	8.11	7.99	8.07	1326000	3.94	2395	双象股份	SZ	8.05	3.93	
242	5/22/13	8.26	8.26	8.03	8.05	1624800	3.93	2395	双象股份	SZ	8.27	4.04	
243	5/21/13	8.2	8.27	8.04	8.27	1884000	4.04	2395	双象股份	SZ	8.2	4	
244	5/20/13	7.95	8.24	7.9	8.2	2908900	4	2395	双象股份	SZ	7.93	3.87	
245	5/17/13	7.94	8	7.8	7.93	1513800	3.87	2395	双象股份	SZ	7.94	3.88	
246	5/16/13	7.99	8.06	7.87	7.94	1382700	3.88	2395	双象股份	SZ	7.91	3.86	
247	5/15/13	7.85	7.93	7.74	7.91	1090500	3.86	2395	双象股份	SZ	7.88	3.84	
248	5/14/13	7.95	7.99	7.8	7.88	1275300	3.84	2395	双象股份	SZ	7.96	3.89	
249	5/13/13	7.84	8.14	7.79	7.96	2904500	3.89	2395	双象股份	SZ	7.73	3.77	
250	5/10/13	7.59	7.84	7.57	7.73	2505000	3.77	2395	双象股份	SZ	7.61	3.72	
251	5/9/13	7.65	7.65	7.43	7.61	1611000	3.72	2395	双象股份	SZ	7.6	3.71	
252	5/8/13	7.53	7.67	7.41	7.6	1585600	3.71	2395	双象股份	SZ	7.49	3.66	
253	5/7/13	7.53	7.72	7.45	7.49	1970700	3.66	2395	双象股份	SZ	7.55	3.69	
254	5/6/13	7.3	7.61	7.3	7.55	2536000	3.69	2395	双象股份	SZ	7.28	3.55	
255	5/3/13	7.14	7.3	7.1	7.28	970900	3.55	2395	双象股份	SZ	7.14	3.49	
256	5/2/13	7.11	7.18	7.02	7.14	391300	3.49	2395	双象股份	SZ	7.09	3.46	
257	5/1/13	7.09	7.09	7.09	7.09	0	3.46	2395	双象股份	SZ	7.09	3.46	
258	4/30/13	7.09	7.09	7.09	7.09	0	3.46	2395	双象股份	SZ	7.09	3.46	
259	4/29/13	7.09	7.09	7.09	7.09	0	3.46	2395	双象股份	SZ	7.09	3.46	
260	4/26/13	7.31	7.35	7.07	7.09	716000	3.46	2395	双象股份	SZ	7.36	3.59	
261	4/25/13	7.3	7.51	7.22	7.36	1704900	3.59	2395	双象股份	SZ	7.31	3.57	
262	4/24/13	7.05	7.34	7.05	7.31	698400	3.57	2395	双象股份	SZ	7.13	3.48	
263	4/23/13	7.18	7.25	7.05	7.13	726000	3.48	2395	双象股份	SZ	7.22	3.52	
264	4/22/13	7.28	7.28	7.14	7.22	1221200	3.52	2395	双象股份	SZ	7.35	3.59	
265	4/19/13	7.23	7.38	7.22	7.35	975000	3.59	2395	双象股份	SZ	7.23	3.53	
266	4/18/13	7.11	7.28	7.1	7.23	803200	3.53	2395	双象股份	SZ	7.11	3.47	
267	4/17/13	7.09	7.11	7.01	7.11	480200	3.47	2395	双象股份	SZ	7.07	3.45	
268	4/16/13	6.92	7.09	6.92	7.07	237600	3.45	2395	双象股份	SZ	7	3.42	
269	4/15/13	6.95	7.03	6.93	7	325800	3.42	2395	双象股份	SZ	7.03	3.43	
270	4/12/13	7.07	7.07	6.99	7.03	409600	3.43	2395	双象股份	SZ	7.04	3.44	
271	4/11/13	7.11	7.12	6.99	7.04	757600	3.44	2395	双象股份	SZ	7.09	3.46	
272	4/10/13	7.09	7.17	7.04	7.09	868900	3.46	2395	双象股份	SZ	7.13	3.48	
273	4/9/13	7.08	7.24	7.07	7.13	719800	3.48	2395	双象股份	SZ	7.12	3.48	
274	4/8/13	7.16	7.2	7.01	7.12	1243200	3.48	2395	双象股份	SZ	7.29	3.56	
275	4/5/13	7.29	7.29	7.29	7.29	0	3.56	2395	双象股份	SZ	7.29	3.56	
276	4/4/13	7.29	7.29	7.29	7.29	0	3.56	2395	双象股份	SZ	7.29	3.56	
277	4/3/13	7.35	7.38	7.1	7.29	1302600	3.56	2395	双象股份	SZ	7.35	3.59	
278	4/2/13	7.75	7.8	7.33	7.35	3882500	3.59	2395	双象股份	SZ	7.61	3.72	
279	4/1/13	7.28	7.65	7.24	7.61	4149100	3.72	2395	双象股份	SZ	7.28	3.55	
280	3/29/13	7.24	7.34	7.2	7.28	1617800	3.55	2395	双象股份	SZ	7.24	3.53	
281	3/28/13	7.36	7.38	7.18	7.24	1797100	3.53	2395	双象股份	SZ	7.36	3.59	
282	3/27/13	7.41	7.51	7.32	7.36	2649700	3.59	2395	双象股份	SZ	7.55	3.69	
283	3/26/13	7.06	7.76	7.03	7.55	4353800	3.69	2395	双象股份	SZ	7.13	3.48	
284	3/25/13	7.11	7.18	7.09	7.13	698100	3.48	2395	双象股份	SZ	7.16	3.5	
285	3/22/13	7.14	7.18	7.07	7.16	854500	3.5	2395	双象股份	SZ	7.14	3.49	
286	3/21/13	7.09	7.17	7.04	7.14	684900	3.49	2395	双象股份	SZ	7.09	3.46	
287	3/20/13	6.93	7.22	6.86	7.09	771300	3.46	2395	双象股份	SZ	6.93	3.38	
288	3/19/13	6.97	7.03	6.8	6.93	350500	3.38	2395	双象股份	SZ	6.97	3.41	
289	3/18/13	7.17	7.17	6.95	6.97	601000	3.41	2395	双象股份	SZ	7.18	3.51	
290	3/15/13	7.02	7.18	6.93	7.18	866400	3.51	2395	双象股份	SZ	7.08	3.46	
291	3/14/13	6.97	7.1	6.86	7.08	587900	3.46	2395	双象股份	SZ	6.95	3.39	
292	3/13/13	6.96	7.03	6.9	6.95	552800	3.39	2395	双象股份	SZ	7.03	3.43	
293	3/12/13	7.24	7.26	6.95	7.03	1027300	3.43	2395	双象股份	SZ	7.25	3.54	
294	3/11/13	7.32	7.32	7.11	7.25	871400	3.54	2395	双象股份	SZ	7.33	3.58	
295	3/8/13	7.32	7.47	7.25	7.33	1627900	3.58	2395	双象股份	SZ	7.34	3.58	
296	3/7/13	7.29	7.36	7.24	7.34	994400	3.58	2395	双象股份	SZ	7.3	3.56	
297	3/6/13	7.18	7.31	7.12	7.3	877100	3.56	2395	双象股份	SZ	7.19	3.51	
298	3/5/13	7.05	7.21	7.04	7.19	743200	3.51	2395	双象股份	SZ	7.08	3.46	
299	3/4/13	7.31	7.34	7	7.08	903000	3.46	2395	双象股份	SZ	7.37	3.6	
300	3/1/13	7.26	7.38	7.26	7.37	998200	3.6	2395	双象股份	SZ	7.31	3.57	
301	2/28/13	7.34	7.38	7.22	7.31	1084900	3.57	2395	双象股份	SZ	7.32	3.57	
302	2/27/13	7.2	7.44	7.2	7.32	1286200	3.57	2395	双象股份	SZ	7.16	3.5	
303	2/26/13	7.15	7.42	7.12	7.16	829700	3.5	2395	双象股份	SZ	7.2	3.51	
304	2/25/13	7.11	7.2	7.09	7.2	749000	3.51	2395	双象股份	SZ	7.14	3.49	
305	2/22/13	7.16	7.22	7.1	7.14	579200	3.49	2395	双象股份	SZ	7.16	3.5	
306	2/21/13	7.36	7.36	7.15	7.16	1561000	3.5	2395	双象股份	SZ	7.36	3.6	
307	2/20/13	7.3	7.38	7.28	7.36	836500	3.6	2395	双象股份	SZ	7.3	3.56	
308	2/19/13	7.43	7.43	7.26	7.3	803600	3.56	2395	双象股份	SZ	7.45	3.63	
309	2/18/13	7.43	7.47	7.36	7.45	1154200	3.63	2395	双象股份	SZ	7.4	3.61	
310	2/15/13	7.4	7.4	7.4	7.4	0	3.61	2395	双象股份	SZ	7.4	3.61	
311	2/14/13	7.4	7.4	7.4	7.4	0	3.61	2395	双象股份	SZ	7.4	3.61	
312	2/13/13	7.4	7.4	7.4	7.4	0	3.61	2395	双象股份	SZ	7.4	3.61	
313	2/12/13	7.4	7.4	7.4	7.4	0	3.61	2395	双象股份	SZ	7.4	3.61	
314	2/11/13	7.4	7.4	7.4	7.4	0	3.61	2395	双象股份	SZ	7.4	3.61	
315	2/8/13	7.26	7.41	7.26	7.4	793200	3.61	2395	双象股份	SZ	7.32	3.57	
316	2/7/13	7.34	7.34	7.25	7.32	920600	3.57	2395	双象股份	SZ	7.34	3.59	
317	2/6/13	7.4	7.4	7.28	7.34	1234600	3.59	2395	双象股份	SZ	7.39	3.61	
318	2/5/13	7.3	7.44	7.25	7.39	1150500	3.61	2395	双象股份	SZ	7.33	3.58	
319	2/4/13	7.5	7.53	7.25	7.33	1855300	3.58	2395	双象股份	SZ	7.49	3.66	
320	2/1/13	7.57	7.57	7.41	7.49	2060800	3.66	2395	双象股份	SZ	7.59	3.71	
321	1/31/13	7.57	7.65	7.38	7.59	3015400	3.71	2395	双象股份	SZ	7.61	3.71	
322	1/30/13	7.68	7.8	7.47	7.61	7380700	3.71	2395	双象股份	SZ	7.74	3.78	
323	1/29/13	7.24	7.74	7.2	7.74	9229000	3.78	2395	双象股份	SZ	7.03	3.43	
324	1/28/13	6.87	7.04	6.82	7.03	1046600	3.43	2395	双象股份	SZ	6.88	3.36	
325	1/25/13	6.8	6.88	6.7	6.88	1600500	3.36	2395	双象股份	SZ	6.8	3.32	
326	1/24/13	7.07	7.25	6.76	6.8	2538700	3.32	2395	双象股份	SZ	7.05	3.44	
327	1/23/13	6.86	7.05	6.82	7.05	1622400	3.44	2395	双象股份	SZ	6.86	3.35	
328	1/22/13	7.03	7.04	6.83	6.86	959900	3.35	2395	双象股份	SZ	7.05	3.44	
329	1/21/13	6.99	7.13	6.93	7.05	1334300	3.44	2395	双象股份	SZ	6.99	3.42	
330	1/18/13	6.99	7.03	6.9	6.99	916300	3.42	2395	双象股份	SZ	6.91	3.38	
331	1/17/13	7.03	7.03	6.9	6.91	815700	3.38	2395	双象股份	SZ	6.99	3.41	
332	1/16/13	7.08	7.08	6.91	6.99	1221100	3.41	2395	双象股份	SZ	7.1	3.47	
333	1/15/13	6.97	7.1	6.93	7.1	2343900	3.47	2395	双象股份	SZ	6.89	3.37	
334	1/14/13	6.74	6.91	6.68	6.89	1484800	3.37	2395	双象股份	SZ	6.68	3.26	
335	1/11/13	6.78	6.89	6.65	6.68	1224200	3.26	2395	双象股份	SZ	6.84	3.34	
336	1/10/13	6.89	7.09	6.79	6.84	1296800	3.34	2395	双象股份	SZ	6.91	3.37	
337	1/9/13	6.89	6.95	6.68	6.91	1769800	3.37	2395	双象股份	SZ	6.82	3.33	
338	1/8/13	6.87	6.93	6.79	6.82	1515300	3.33	2395	双象股份	SZ	6.88	3.36	
339	1/7/13	6.68	6.89	6.61	6.88	2143900	3.36	2395	双象股份	SZ	6.66	3.25	
340	1/4/13	6.64	6.7	6.53	6.66	1002900	3.25	2395	双象股份	SZ	6.62	3.23	
341	1/3/13	6.62	6.62	6.62	6.62	0	3.23	2395	双象股份	SZ	6.62	3.23	
342	1/2/13	6.62	6.62	6.62	6.62	0	3.23	2395	双象股份	SZ	6.62	3.23	
343	1/1/13	6.62	6.62	6.62	6.62	0	3.23	2395	双象股份	SZ	6.62	3.23	
344	12/31/12	6.67	6.73	6.57	6.62	1046000	3.23	2395	双象股份	SZ	6.68	3.26	
345	12/28/12	6.62	6.69	6.55	6.68	1300300	3.26	2395	双象股份	SZ	6.62	3.23	
346	12/27/12	6.76	6.88	6.61	6.62	1452800	3.23	2395	双象股份	SZ	6.76	3.3	
347	12/26/12	6.53	6.78	6.53	6.76	2588700	3.3	2395	双象股份	SZ	6.55	3.2	
348	12/25/12	6.43	6.68	6.39	6.55	2084800	3.2	2395	双象股份	SZ	6.48	3.16	
349	12/24/12	6.22	6.49	6.2	6.48	1953200	3.16	2395	双象股份	SZ	6.22	3.04	
350	12/21/12	6.2	6.28	6.13	6.22	997200	3.04	2395	双象股份	SZ	6.18	3.02	
351	12/20/12	6.13	6.2	6.11	6.18	551400	3.02	2395	双象股份	SZ	6.16	3.01	
352	12/19/12	6.11	6.2	6.11	6.16	502800	3.01	2395	双象股份	SZ	6.15	3	
353	12/18/12	6.14	6.25	6.1	6.15	516000	3	2395	双象股份	SZ	6.18	3.01	
354	12/17/12	6.22	6.28	6.16	6.18	1005600	3.01	2395	双象股份	SZ	6.26	3.06	
355	12/14/12	6.11	6.4	6.09	6.26	1825000	3.06	2395	双象股份	SZ	6.12	2.99	
356	12/13/12	6.18	6.18	6	6.12	537300	2.99	2395	双象股份	SZ	6.18	3.02	
357	12/12/12	6.18	6.24	6.05	6.18	1235900	3.02	2395	双象股份	SZ	6.14	3	
358	12/11/12	6	6.17	6	6.14	668000	3	2395	双象股份	SZ	6.19	3.02	
359	12/10/12	5.98	6.2	5.94	6.19	1008400	3.02	2395	双象股份	SZ	5.97	2.92	
360	12/7/12	5.89	6.07	5.84	5.97	595600	2.92	2395	双象股份	SZ	5.9	2.88	
361	12/6/12	5.84	5.97	5.82	5.9	496300	2.88	2395	双象股份	SZ	5.82	2.84	
362	12/5/12	5.62	5.88	5.57	5.82	489000	2.84	2395	双象股份	SZ	5.64	2.76	
363	12/4/12	5.64	5.72	5.45	5.64	343500	2.76	2395	双象股份	SZ	5.66	2.76	
364	12/3/12	5.8	5.83	5.64	5.66	268800	2.76	2395	双象股份	SZ	5.8	2.83	
365	11/30/12	5.86	5.86	5.74	5.8	332400	2.83	2395	双象股份	SZ	5.75	2.81	
366	11/29/12	5.8	5.87	5.75	5.75	414800	2.81	2395	双象股份	SZ	5.82	2.84	
367	11/28/12	6.14	6.18	5.75	5.82	1060000	2.84	2395	双象股份	SZ	6.2	3.03	
368	11/27/12	6.61	6.64	6.1	6.2	1085900	3.03	2395	双象股份	SZ	6.68	3.26	
369	11/26/12	6.74	6.75	6.59	6.68	643200	3.26	2395	双象股份	SZ	6.74	3.29	
370	11/23/12	6.69	6.84	6.64	6.74	870900	3.29	2395	双象股份	SZ	6.72	3.28	
371	11/22/12	6.76	6.76	6.65	6.72	844800	3.28	2395	双象股份	SZ	6.76	3.3	
372	11/21/12	6.48	6.99	6.48	6.76	1842400	3.3	2395	双象股份	SZ	6.49	3.17	
373	11/20/12	6.58	6.58	6.41	6.49	300600	3.17	2395	双象股份	SZ	6.51	3.18	
374	11/19/12	6.36	6.55	6.33	6.51	392600	3.18	2395	双象股份	SZ	6.46	3.15	
375	11/16/12	6.28	6.55	6.18	6.46	447400	3.15	2395	双象股份	SZ	6.3	3.07	
376	11/15/12	6.39	6.41	6.3	6.3	277900	3.07	2395	双象股份	SZ	6.45	3.15	
377	11/14/12	6.44	6.45	6.34	6.45	251200	3.15	2395	双象股份	SZ	6.45	3.15	
378	11/13/12	6.43	6.45	6.29	6.45	615600	3.15	2395	双象股份	SZ	6.43	3.14	
379	11/12/12	6.44	6.45	6.38	6.43	415300	3.14	2395	双象股份	SZ	6.39	3.12	
380	11/9/12	6.51	6.53	6.38	6.39	640100	3.12	2395	双象股份	SZ	6.53	3.19	
381	11/8/12	6.7	6.75	6.53	6.53	1288100	3.19	2395	双象股份	SZ	6.82	3.33	
382	11/7/12	6.61	6.95	6.45	6.82	2587900	3.33	2395	双象股份	SZ	6.5	3.17	
383	11/6/12	6.49	6.5	6.34	6.5	354900	3.17	2395	双象股份	SZ	6.45	3.15	
384	11/5/12	6.42	6.52	6.42	6.45	425700	3.15	2395	双象股份	SZ	6.52	3.18	
385	11/2/12	6.57	6.57	6.47	6.52	434100	3.18	2395	双象股份	SZ	6.68	3.13	
386	11/1/12	6.57	6.7	6.57	6.68	650900	3.13	2395	双象股份	SZ	6.57	3.08	
387	10/31/12	6.53	6.62	6.48	6.57	359700	3.08	2395	双象股份	SZ	6.49	3.04	
388	10/30/12	6.49	6.57	6.47	6.49	174500	3.04	2395	双象股份	SZ	6.47	3.03	
389	10/29/12	6.55	6.59	6.45	6.47	253700	3.03	2395	双象股份	SZ	6.47	3.03	
390	10/26/12	6.62	6.66	6.45	6.47	477400	3.03	2395	双象股份	SZ	6.64	3.11	
391	10/25/12	6.63	6.69	6.55	6.64	510400	3.11	2395	双象股份	SZ	6.62	3.1	
392	10/24/12	6.55	6.63	6.51	6.62	188800	3.1	2395	双象股份	SZ	6.61	3.09	
393	10/23/12	6.63	6.66	6.57	6.61	349800	3.09	2395	双象股份	SZ	6.61	3.1	
394	10/22/12	6.62	6.69	6.61	6.61	342800	3.1	2395	双象股份	SZ	6.66	3.12	
395	10/19/12	6.64	6.69	6.6	6.66	527800	3.12	2395	双象股份	SZ	6.62	3.1	
396	10/18/12	6.6	6.65	6.57	6.62	572400	3.1	2395	双象股份	SZ	6.57	3.08	
397	10/17/12	6.53	6.59	6.44	6.57	270300	3.08	2395	双象股份	SZ	6.5	3.05	
398	10/16/12	6.55	6.59	6.47	6.5	277100	3.05	2395	双象股份	SZ	6.51	3.05	
399	10/15/12	6.55	6.59	6.41	6.51	317800	3.05	2395	双象股份	SZ	6.58	3.08	
400	10/12/12	6.61	6.68	6.51	6.58	537700	3.08	2395	双象股份	SZ	6.56	3.07	
401	10/11/12	6.68	6.68	6.55	6.56	393400	3.07	2395	双象股份	SZ	6.74	3.16	
402	10/10/12	6.64	6.74	6.59	6.74	584000	3.16	2395	双象股份	SZ	6.64	3.11	
403	10/9/12	6.54	6.64	6.51	6.64	557100	3.11	2395	双象股份	SZ	6.51	3.05	
404	10/8/12	6.5	6.55	6.45	6.51	393800	3.05	2395	双象股份	SZ	6.5	3.05	
405	10/5/12	6.5	6.5	6.5	6.5	0	3.05	2395	双象股份	SZ	6.5	3.05	
406	10/4/12	6.5	6.5	6.5	6.5	0	3.05	2395	双象股份	SZ	6.5	3.05	
407	10/3/12	6.5	6.5	6.5	6.5	0	3.05	2395	双象股份	SZ	6.5	3.05	
408	10/2/12	6.5	6.5	6.5	6.5	0	3.05	2395	双象股份	SZ	6.5	3.05	
409	10/1/12	6.5	6.5	6.5	6.5	0	3.05	2395	双象股份	SZ	6.5	3.05	
410	9/28/12	6.36	6.53	6.36	6.5	455000	3.05	2395	双象股份	SZ	6.41	3	
411	9/27/12	6.55	6.55	6.25	6.41	329600	3	2395	双象股份	SZ	6.28	2.94	
412	9/26/12	6.34	6.38	6.25	6.28	393400	2.94	2395	双象股份	SZ	6.41	3.01	
413	9/25/12	6.48	6.5	6.4	6.41	465800	3.01	2395	双象股份	SZ	6.43	3.01	
414	9/24/12	6.4	6.45	6.3	6.43	513400	3.01	2395	双象股份	SZ	6.43	3.01	
415	9/21/12	6.49	6.49	6.4	6.43	563000	3.01	2395	双象股份	SZ	6.49	3.04	
416	9/20/12	6.72	6.74	6.41	6.49	719900	3.04	2395	双象股份	SZ	6.74	3.16	
417	9/19/12	6.64	6.75	6.64	6.74	521500	3.16	2395	双象股份	SZ	6.74	3.16	
418	9/18/12	6.71	6.78	6.7	6.74	370200	3.16	2395	双象股份	SZ	6.73	3.15	
419	9/17/12	6.94	6.95	6.73	6.73	466200	3.15	2395	双象股份	SZ	6.95	3.26	
420	9/14/12	6.99	7.01	6.85	6.95	891300	3.26	2395	双象股份	SZ	6.91	3.24	
421	9/13/12	7.02	7.05	6.91	6.91	662800	3.24	2395	双象股份	SZ	7.02	3.29	
422	9/12/12	7.01	7.09	6.97	7.02	575400	3.29	2395	双象股份	SZ	7	3.28	
423	9/11/12	6.97	7.03	6.95	7	736000	3.28	2395	双象股份	SZ	7.03	3.3	
424	9/10/12	7.01	7.05	6.95	7.03	937300	3.3	2395	双象股份	SZ	7	3.28	
425	9/7/12	6.82	7.11	6.82	7	1768500	3.28	2395	双象股份	SZ	6.78	3.18	
426	9/6/12	6.7	6.8	6.7	6.78	413500	3.18	2395	双象股份	SZ	6.7	3.14	
427	9/5/12	6.66	6.74	6.64	6.7	482800	3.14	2395	双象股份	SZ	6.69	3.13	
428	9/4/12	6.75	6.75	6.68	6.69	524200	3.13	2395	双象股份	SZ	6.7	3.14	
429	9/3/12	6.68	6.74	6.59	6.7	402100	3.14	2395	双象股份	SZ	6.63	3.11	
430	8/31/12	6.65	6.69	6.58	6.63	514000	3.11	2395	双象股份	SZ	6.74	3.16	
431	8/30/12	6.6	6.89	6.57	6.74	1071800	3.16	2395	双象股份	SZ	6.63	3.11	
432	8/29/12	6.67	6.72	6.58	6.63	710200	3.11	2395	双象股份	SZ	6.76	3.17	
433	8/28/12	6.82	6.82	6.5	6.76	1809400	3.17	2395	双象股份	SZ	6.86	3.21	
434	8/27/12	7.11	7.11	6.5	6.86	1698600	3.21	2395	双象股份	SZ	7.12	3.34	
435	8/24/12	7.21	7.3	7.12	7.12	747600	3.34	2395	双象股份	SZ	7.2	3.37	
436	8/23/12	7.26	7.26	7.07	7.2	380000	3.37	2395	双象股份	SZ	7.1	3.33	
437	8/22/12	7.16	7.22	7.06	7.1	427000	3.33	2395	双象股份	SZ	7.19	3.37	
438	8/21/12	7.08	7.28	7.04	7.19	856500	3.37	2395	双象股份	SZ	7.08	3.32	
439	8/20/12	6.91	7.14	6.82	7.08	496900	3.32	2395	双象股份	SZ	6.93	3.25	
440	8/17/12	6.93	6.99	6.89	6.93	307700	3.25	2395	双象股份	SZ	6.93	3.25	
441	8/16/12	6.97	7.03	6.91	6.93	318700	3.25	2395	双象股份	SZ	7.01	3.28	
442	8/15/12	6.91	7.03	6.91	7.01	347200	3.28	2395	双象股份	SZ	6.97	3.27	
443	8/14/12	6.95	6.98	6.8	6.97	334900	3.27	2395	双象股份	SZ	6.93	3.25	
444	8/13/12	7.07	7.1	6.91	6.93	398500	3.25	2395	双象股份	SZ	7.09	3.32	
445	8/10/12	7.16	7.18	7.07	7.09	414400	3.32	2395	双象股份	SZ	7.17	3.36	
446	8/9/12	7.12	7.21	7.07	7.17	573400	3.36	2395	双象股份	SZ	7.16	3.35	
447	8/8/12	7.11	7.24	7.01	7.16	509000	3.35	2395	双象股份	SZ	7.11	3.33	
448	8/7/12	7.05	7.12	7.05	7.11	447800	3.33	2395	双象股份	SZ	7.08	3.32	
449	8/6/12	6.86	7.14	6.85	7.08	703900	3.32	2395	双象股份	SZ	6.93	3.24	
450	8/3/12	6.83	6.93	6.79	6.93	358100	3.24	2395	双象股份	SZ	6.78	3.18	
451	8/2/12	6.86	6.91	6.78	6.78	174300	3.18	2395	双象股份	SZ	6.88	3.22	
452	8/1/12	6.85	6.93	6.78	6.88	275300	3.22	2395	双象股份	SZ	6.79	3.18	
453	7/31/12	6.91	7.06	6.73	6.79	384400	3.18	2395	双象股份	SZ	6.97	3.26	
454	7/30/12	7.05	7.13	6.91	6.97	359100	3.26	2395	双象股份	SZ	7.04	3.3	
455	7/27/12	7.05	7.1	7.03	7.04	460400	3.3	2395	双象股份	SZ	7.05	3.3	
456	7/26/12	7.04	7.11	6.98	7.05	385900	3.3	2395	双象股份	SZ	7.07	3.31	
457	7/25/12	7.16	7.18	7.03	7.07	551900	3.31	2395	双象股份	SZ	7.18	3.36	
458	7/24/12	7.05	7.18	6.97	7.18	765600	3.36	2395	双象股份	SZ	7.09	3.32	
459	7/23/12	7.32	7.32	7.03	7.09	720100	3.32	2395	双象股份	SZ	7.32	3.43	
460	7/20/12	7.43	7.48	7.32	7.32	734700	3.43	2395	双象股份	SZ	7.43	3.48	
461	7/19/12	7.53	7.59	7.4	7.43	1221100	3.48	2395	双象股份	SZ	7.51	3.52	
462	7/18/12	7.55	7.58	7.35	7.51	1346400	3.52	2395	双象股份	SZ	7.65	3.58	
463	7/17/12	7.43	7.75	7.33	7.65	2673100	3.58	2395	双象股份	SZ	7.57	3.54	
464	7/16/12	7.66	7.66	7.26	7.57	2196800	3.54	2395	双象股份	SZ	7.71	3.61	
465	7/13/12	6.88	7.72	6.88	7.71	2355300	3.61	2395	双象股份	SZ	7.03	3.29	
466	7/12/12	6.91	7.07	6.88	7.03	466500	3.29	2395	双象股份	SZ	6.98	3.27	
467	7/11/12	6.8	6.99	6.8	6.98	435600	3.27	2395	双象股份	SZ	6.82	3.19	
468	7/10/12	7.01	7.03	6.82	6.82	379600	3.19	2395	双象股份	SZ	6.95	3.26	
469	7/9/12	7.17	7.2	6.91	6.95	529800	3.26	2395	双象股份	SZ	7.17	3.36	
470	7/6/12	7.3	7.3	7.03	7.17	550300	3.36	2395	双象股份	SZ	7.23	3.39	
471	7/5/12	7.51	7.51	7.22	7.23	366100	3.39	2395	双象股份	SZ	7.45	3.49	
472	7/4/12	7.54	7.58	7.45	7.45	220500	3.49	2395	双象股份	SZ	7.5	3.51	
473	7/3/12	7.43	7.78	7.12	7.5	530900	3.51	2395	双象股份	SZ	7.47	3.5	
474	7/2/12	7.49	7.59	7.41	7.47	273800	3.5	2395	双象股份	SZ	7.44	3.49	
475	6/29/12	7.35	7.47	7.32	7.44	286200	3.49	2395	双象股份	SZ	7.4	3.47	
476	6/28/12	7.49	7.49	7.4	7.4	323600	3.47	2395	双象股份	SZ	7.45	3.49	
477	6/27/12	7.53	7.53	7.45	7.45	260000	3.49	2395	双象股份	SZ	7.49	3.51	
478	6/26/12	7.45	7.54	7.43	7.49	305300	3.51	2395	双象股份	SZ	7.45	3.49	
479	6/25/12	7.69	7.69	7.43	7.45	417600	3.49	2395	双象股份	SZ	7.66	3.59	
480	6/22/12	7.66	7.66	7.66	7.66	0	3.59	2395	双象股份	SZ	7.66	3.59	
481	6/21/12	7.79	7.84	7.65	7.66	623100	3.59	2395	双象股份	SZ	7.83	3.67	
482	6/20/12	7.89	7.89	7.78	7.83	495300	3.67	2395	双象股份	SZ	7.84	3.67	
483	6/19/12	7.91	7.99	7.82	7.84	402800	3.67	2395	双象股份	SZ	7.91	3.7	
484	6/18/12	7.85	7.92	7.84	7.91	470600	3.7	2395	双象股份	SZ	7.8	3.65	
485	6/15/12	7.89	7.89	7.75	7.8	387000	3.65	2395	双象股份	SZ	7.8	3.65	
486	6/14/12	7.85	7.92	7.8	7.8	589700	3.65	2395	双象股份	SZ	7.85	3.68	
487	6/13/12	7.7	7.85	7.7	7.85	539600	3.68	2395	双象股份	SZ	7.75	3.63	
488	6/12/12	7.86	7.95	7.72	7.75	365700	3.63	2395	双象股份	SZ	7.82	3.67	
489	6/11/12	7.8	7.88	7.72	7.82	354400	3.67	2395	双象股份	SZ	7.69	3.6	
490	6/8/12	7.73	7.82	7.66	7.69	363600	3.6	2395	双象股份	SZ	7.69	3.6	
491	6/7/12	7.79	7.82	7.66	7.69	522200	3.6	2395	双象股份	SZ	7.74	3.62	
492	6/6/12	7.82	7.89	7.65	7.74	850600	3.62	2395	双象股份	SZ	7.8	3.66	
493	6/5/12	7.89	7.96	7.78	7.8	614400	3.66	2395	双象股份	SZ	7.89	3.7	
494	6/4/12	8.23	8.24	7.88	7.89	890600	3.7	2395	双象股份	SZ	8.32	3.9	
495	6/1/12	8.34	8.38	8.24	8.32	687200	3.9	2395	双象股份	SZ	8.31	3.9	
496	5/31/12	8.37	8.4	8.27	8.31	745400	3.9	2395	双象股份	SZ	8.4	3.94	
497	5/30/12	8.4	8.47	8.25	8.4	971700	3.94	2395	双象股份	SZ	8.4	3.94	
498	5/29/12	8.4	8.47	8.35	8.4	1211300	3.94	2395	双象股份	SZ	8.45	3.96	
499	5/28/12	8.29	8.52	8.2	8.45	2526900	3.96	2395	双象股份	SZ	8.34	3.91	
500	5/25/12	8.18	8.35	8.13	8.34	1521300	3.91	2395	双象股份	SZ	8.11	3.8	
501	5/24/12	8.1	8.19	8	8.11	562300	3.8	2395	双象股份	SZ	8.06	3.78	
502	5/23/12	8.13	8.15	8.02	8.06	314000	3.78	2395	双象股份	SZ	8.12	3.8	
503	5/22/12	8.1	8.17	8.08	8.12	432900	3.8	2395	双象股份	SZ	8.09	3.79	
504	5/21/12	8	8.18	8	8.09	431400	3.79	2395	双象股份	SZ	8.05	3.77	
505	5/18/12	8.1	8.18	8.05	8.05	448600	3.77	2395	双象股份	SZ	8.14	3.81	
506	5/17/12	7.95	8.18	7.95	8.14	257600	3.81	2395	双象股份	SZ	8.05	3.77	
507	5/16/12	8.1	8.12	8.03	8.05	437100	3.77	2395	双象股份	SZ	8.08	3.79	
508	5/15/12	8.06	8.08	7.97	8.08	401400	3.79	2395	双象股份	SZ	8.08	3.79	
509	5/14/12	8.3	8.35	8.07	8.08	591800	3.79	2395	双象股份	SZ	8.23	3.86	
510	5/11/12	8.33	8.4	8.23	8.23	565400	3.86	2395	双象股份	SZ	8.38	3.93	
511	5/10/12	8.33	8.47	8.31	8.38	744400	3.93	2395	双象股份	SZ	8.47	3.97	
512	5/9/12	8.4	8.75	8.36	8.47	2018000	3.97	2395	双象股份	SZ	8.4	3.94	
513	5/8/12	8.43	8.49	8.32	8.4	1069000	3.94	2395	双象股份	SZ	8.36	3.92	
514	5/7/12	8.27	8.37	8.26	8.36	770000	3.92	2395	双象股份	SZ	8.29	3.88	
515	5/4/12	8.22	8.35	8.18	8.29	521700	3.88	2395	双象股份	SZ	8.22	3.85	
516	5/3/12	8.19	8.26	8.15	8.22	532100	3.85	2395	双象股份	SZ	8.23	3.86	
517	5/2/12	8.23	8.27	8.05	8.23	821500	3.86	2395	双象股份	SZ	8.16	3.83	
518	5/1/12	8.16	8.16	8.16	8.16	0	3.83	2395	双象股份	SZ	8.16	3.83	
519	4/30/12	8.16	8.16	8.16	8.16	0	3.83	2395	双象股份	SZ	8.16	3.83	
520	4/27/12	8.3	8.34	8.15	8.16	545900	3.83	2395	双象股份	SZ	8.3	3.89	
521	4/26/12	8.27	8.45	8.17	8.3	1224600	3.89	2395	双象股份	SZ	8.24	3.86	
522	4/25/12	8.1	8.24	8.01	8.24	815700	3.86	2395	双象股份	SZ	8.19	3.84	
523	4/24/12	8.11	8.34	8	8.19	1255300	3.84	2395	双象股份	SZ	8.69	4.07	
524	4/23/12	8.69	8.69	8.69	8.69	0	4.07	2395	双象股份	SZ	8.69	4.07	
525	4/20/12	8.7	8.81	8.56	8.69	2583000	4.07	2395	双象股份	SZ	8.78	4.12	
526	4/19/12	8.68	8.81	8.45	8.78	3033800	4.12	2395	双象股份	SZ	8.76	4.1	
527	4/18/12	8.1	8.8	8.03	8.76	2941600	4.1	2395	双象股份	SZ	8.15	3.82	
528	4/17/12	8.2	8.2	7.81	8.15	1738900	3.82	2395	双象股份	SZ	8.2	3.84	
529	4/16/12	8.2	8.28	8.19	8.2	752400	3.84	2395	双象股份	SZ	8.27	3.88	
530	4/13/12	8.25	8.34	8.23	8.27	709200	3.88	2395	双象股份	SZ	8.28	3.88	
531	4/12/12	8.22	8.3	8.11	8.28	658200	3.88	2395	双象股份	SZ	8.22	3.85	
532	4/11/12	8.2	8.36	8.14	8.22	726100	3.85	2395	双象股份	SZ	8.35	3.91	
533	4/10/12	7.91	8.4	7.9	8.35	812400	3.91	2395	双象股份	SZ	7.97	3.74	
534	4/9/12	7.96	8.09	7.82	7.97	373600	3.74	2395	双象股份	SZ	8.03	3.76	
535	4/6/12	8.02	8.1	7.95	8.03	465500	3.76	2395	双象股份	SZ	8.06	3.78	
536	4/5/12	7.87	8.07	7.8	8.06	691200	3.78	2395	双象股份	SZ	7.88	3.69	
537	4/4/12	7.88	7.88	7.88	7.88	0	3.69	2395	双象股份	SZ	7.88	3.69	
538	4/3/12	7.88	7.88	7.88	7.88	0	3.69	2395	双象股份	SZ	7.88	3.69	
539	4/2/12	7.88	7.88	7.88	7.88	0	3.69	2395	双象股份	SZ	7.88	3.69	
540	3/30/12	7.8	7.93	7.8	7.88	424900	3.69	2395	双象股份	SZ	7.86	3.68	
541	3/29/12	7.84	7.99	7.76	7.86	757800	3.68	2395	双象股份	SZ	7.98	3.74	
542	3/28/12	8.3	8.3	7.9	7.98	1106700	3.74	2395	双象股份	SZ	8.3	3.89	
543	3/27/12	8.65	8.65	8.27	8.3	2186100	3.89	2395	双象股份	SZ	8.77	4.11	
544	3/26/12	8.81	8.94	8.75	8.77	481500	4.11	2395	双象股份	SZ	8.9	4.17	
545	3/23/12	9.1	9.17	8.8	8.9	476700	4.17	2395	双象股份	SZ	9.09	4.26	
546	3/22/12	9.06	9.1	8.97	9.09	639500	4.26	2395	双象股份	SZ	9.06	4.24	
547	3/21/12	9.1	9.15	8.8	9.06	767800	4.24	2395	双象股份	SZ	9.06	4.24	
548	3/20/12	9.34	9.35	9.06	9.06	1073100	4.24	2395	双象股份	SZ	9.33	4.37	
549	3/19/12	9.25	9.4	9.16	9.33	1702800	4.37	2395	双象股份	SZ	9.18	4.3	
550	3/16/12	9	9.18	8.98	9.18	1211100	4.3	2395	双象股份	SZ	9.07	4.25	
551	3/15/12	8.9	9.19	8.73	9.07	1429100	4.25	2395	双象股份	SZ	8.92	4.18	
552	3/14/12	9.38	9.42	8.85	8.92	1977000	4.18	2395	双象股份	SZ	9.38	4.39	
553	3/13/12	9.21	9.38	9.16	9.38	1459400	4.39	2395	双象股份	SZ	9.28	4.35	
554	3/12/12	9.17	9.44	9.13	9.28	1589900	4.35	2395	双象股份	SZ	9.03	4.23	
555	3/9/12	9.03	9.03	9.03	9.03	0	4.23	2395	双象股份	SZ	9.03	4.23	
556	3/8/12	8.91	9.07	8.87	9.03	714000	4.23	2395	双象股份	SZ	8.91	4.18	
557	3/7/12	8.8	8.93	8.78	8.91	880900	4.18	2395	双象股份	SZ	8.93	4.18	
558	3/6/12	9.03	9.07	8.86	8.93	919700	4.18	2395	双象股份	SZ	9.04	4.23	
559	3/5/12	9.2	9.2	9.03	9.04	958700	4.23	2395	双象股份	SZ	9.15	4.29	
560	3/2/12	9.06	9.19	9.06	9.15	1141700	4.29	2395	双象股份	SZ	9.09	4.26	
561	3/1/12	8.95	9.15	8.89	9.09	1252500	4.26	2395	双象股份	SZ	8.98	4.21	
562	2/29/12	9.12	9.15	8.95	8.98	782600	4.21	2395	双象股份	SZ	9.1	4.26	
563	2/28/12	9.34	9.34	9	9.1	1550500	4.26	2395	双象股份	SZ	9.38	4.39	
564	2/27/12	9.44	9.5	9.31	9.38	2013000	4.39	2395	双象股份	SZ	9.39	4.4	
565	2/24/12	9.45	9.45	9.31	9.39	1618500	4.4	2395	双象股份	SZ	9.52	4.46	
566	2/23/12	9.4	9.59	9.31	9.52	2759400	4.46	2395	双象股份	SZ	9.6	4.49	
567	2/22/12	8.85	9.8	8.85	9.6	3805600	4.49	2395	双象股份	SZ	8.94	4.19	
568	2/21/12	9.25	9.48	8.88	8.94	3283100	4.19	2395	双象股份	SZ	8.62	4.04	
569	2/20/12	8.68	8.77	8.6	8.62	944900	4.04	2395	双象股份	SZ	8.61	4.03	
570	2/17/12	8.64	8.71	8.54	8.61	796800	4.03	2395	双象股份	SZ	8.68	4.07	
571	2/16/12	8.73	8.8	8.53	8.68	1188800	4.07	2395	双象股份	SZ	8.74	4.09	
572	2/15/12	8.55	8.75	8.52	8.74	995600	4.09	2395	双象股份	SZ	8.6	4.03	
573	2/14/12	8.6	8.64	8.51	8.6	777600	4.03	2395	双象股份	SZ	8.6	4.03	
574	2/13/12	8.47	8.65	8.41	8.6	1270500	4.03	2395	双象股份	SZ	8.52	3.99	
575	2/10/12	8.44	8.6	8.4	8.52	977000	3.99	2395	双象股份	SZ	8.43	3.95	
576	2/9/12	8.39	8.53	8.36	8.43	913000	3.95	2395	双象股份	SZ	8.39	3.93	
577	2/8/12	8.2	8.43	8.16	8.39	748200	3.93	2395	双象股份	SZ	8.19	3.84	
578	2/7/12	8.45	8.45	8.19	8.19	1089100	3.84	2395	双象股份	SZ	8.48	3.97	
579	2/6/12	8.22	8.55	8.01	8.48	1064300	3.97	2395	双象股份	SZ	8.25	3.86	
580	2/3/12	8.1	8.29	8.1	8.25	901300	3.86	2395	双象股份	SZ	8.18	3.83	
581	2/2/12	8.05	8.68	7.91	8.18	861400	3.83	2395	双象股份	SZ	7.95	3.73	
582	2/1/12	8	8.1	7.94	7.95	318700	3.73	2395	双象股份	SZ	7.99	3.75	
583	1/31/12	8.07	8.14	7.9	7.99	388100	3.75	2395	双象股份	SZ	8.15	3.82	
584	1/30/12	8.26	8.27	8.15	8.15	195400	3.82	2395	双象股份	SZ	8.22	3.85	
585	1/27/12	8.22	8.22	8.22	8.22	0	3.85	2395	双象股份	SZ	8.22	3.85	
586	1/26/12	8.22	8.22	8.22	8.22	0	3.85	2395	双象股份	SZ	8.22	3.85	
587	1/25/12	8.22	8.22	8.22	8.22	0	3.85	2395	双象股份	SZ	8.22	3.85	
588	1/24/12	8.22	8.22	8.22	8.22	0	3.85	2395	双象股份	SZ	8.22	3.85	
589	1/23/12	8.22	8.22	8.22	8.22	0	3.85	2395	双象股份	SZ	8.22	3.85	
590	1/20/12	8.1	8.24	8.09	8.22	255300	3.85	2395	双象股份	SZ	8.1	3.8	
591	1/19/12	7.95	8.23	7.95	8.1	312500	3.8	2395	双象股份	SZ	8.09	3.79	
592	1/18/12	8.36	8.49	8.09	8.09	344200	3.79	2395	双象股份	SZ	8.27	3.88	
593	1/17/12	7.86	8.39	7.86	8.27	417900	3.88	2395	双象股份	SZ	7.9	3.7	
594	1/16/12	8.06	8.23	7.75	7.9	395600	3.7	2395	双象股份	SZ	8.2	3.84	
595	1/13/12	8.65	8.72	8.15	8.2	613100	3.84	2395	双象股份	SZ	8.72	4.08	
596	1/12/12	8.62	8.93	8.62	8.72	414000	4.08	2395	双象股份	SZ	8.69	4.07	
597	1/11/12	8.81	8.85	8.64	8.69	447700	4.07	2395	双象股份	SZ	8.74	4.1	
598	1/10/12	8.45	8.83	8.39	8.74	716600	4.1	2395	双象股份	SZ	8.45	3.96	
599	1/9/12	8.24	8.45	7.96	8.45	289200	3.96	2395	双象股份	SZ	8.19	3.83	
600	1/6/12	8.25	8.25	7.83	8.19	382800	3.83	2395	双象股份	SZ	8.23	3.86	
601	1/5/12	8.59	8.59	8.23	8.23	434900	3.86	2395	双象股份	SZ	8.55	4	
602	1/4/12	8.69	8.78	8.46	8.55	403800	4	2395	双象股份	SZ	8.64	4.05	
603	1/3/12	8.53	8.65	8.5	8.64	314900	4.05	2395	双象股份	SZ	8.64	4.05	
604	1/2/12	8.53	8.65	8.5	8.64	314900	4.05	2395	双象股份	SZ	8.64	4.05	
605	12/30/11	8.53	8.65	8.5	8.64	314900	4.05	2395	双象股份	SZ	8.48	3.97	
606	12/29/11	8.49	8.59	8.38	8.48	305200	3.97	2395	双象股份	SZ	8.46	3.96	
607	12/28/11	8.65	8.72	8.33	8.46	331000	3.96	2395	双象股份	SZ	8.62	4.04	
608	12/27/11	8.78	8.8	8.6	8.62	377900	4.04	2395	双象股份	SZ	8.78	4.12	
609	12/26/11	8.77	8.93	8.65	8.78	306500	4.12	2395	双象股份	SZ	8.88	4.16	
610	12/23/11	8.73	8.94	8.73	8.88	597100	4.16	2395	双象股份	SZ	8.81	4.12	
611	12/22/11	8.99	9.14	8.52	8.81	823600	4.12	2395	双象股份	SZ	9.05	4.24	
612	12/21/11	9.4	9.49	9.05	9.05	418600	4.24	2395	双象股份	SZ	9.27	4.35	
613	12/20/11	9.35	9.45	9.27	9.27	494600	4.35	2395	双象股份	SZ	9.31	4.36	
614	12/19/11	9.38	9.38	9.06	9.31	518900	4.36	2395	双象股份	SZ	9.43	4.42	
615	12/16/11	9.2	9.45	9.05	9.43	558700	4.42	2395	双象股份	SZ	9.2	4.31	
616	12/15/11	9.21	9.31	9.08	9.2	565100	4.31	2395	双象股份	SZ	9.23	4.32	
617	12/14/11	9.35	9.44	9.22	9.23	451000	4.32	2395	双象股份	SZ	9.36	4.38	
618	12/13/11	9.51	9.65	9.35	9.36	815900	4.38	2395	双象股份	SZ	9.59	4.49	
619	12/12/11	9.6	9.7	9.52	9.59	520900	4.49	2395	双象股份	SZ	9.61	4.5	
620	12/9/11	9.83	9.89	9.6	9.61	959400	4.5	2395	双象股份	SZ	9.81	4.6	
621	12/8/11	9.85	9.98	9.62	9.81	986100	4.6	2395	双象股份	SZ	9.85	4.61	
622	12/7/11	10	10	9.8	9.85	692800	4.61	2395	双象股份	SZ	9.85	4.61	
623	12/6/11	9.6	9.89	9.55	9.85	858800	4.61	2395	双象股份	SZ	9.69	4.54	
624	12/5/11	10.1	10.22	9.68	9.69	1345800	4.54	2395	双象股份	SZ	10.18	4.77	
625	12/2/11	10.61	10.8	10.18	10.18	2289300	4.77	2395	双象股份	SZ	10.73	5.03	
626	12/1/11	10.97	11.1	10.5	10.73	3375400	5.03	2395	双象股份	SZ	10.65	4.99	
627	11/30/11	11.46	11.5	10.4	10.65	3719600	4.99	2395	双象股份	SZ	11.53	5.4	
628	11/29/11	11.4	11.55	11.25	11.53	3574400	5.4	2395	双象股份	SZ	11.38	5.33	
629	11/28/11	11.55	11.9	11.19	11.38	5497300	5.33	2395	双象股份	SZ	11.73	5.49	
630	11/25/11	10.76	11.97	10.75	11.73	8865300	5.49	2395	双象股份	SZ	10.88	5.09	
631	11/24/11	10.52	11.11	10.41	10.88	5430600	5.09	2395	双象股份	SZ	10.48	4.91	
632	11/23/11	10.28	10.6	10.2	10.48	2122200	4.91	2395	双象股份	SZ	10.22	4.79	
633	11/22/11	10.1	10.34	9.95	10.22	1091800	4.79	2395	双象股份	SZ	10.31	4.83	
634	11/21/11	10.34	11.02	10.19	10.31	2194200	4.83	2395	双象股份	SZ	10.2	4.78	
635	11/18/11	10.52	10.52	10.19	10.2	638200	4.78	2395	双象股份	SZ	10.54	4.94	
636	11/17/11	10.52	10.66	10.46	10.54	519900	4.94	2395	双象股份	SZ	10.52	4.93	
637	11/16/11	10.82	10.82	10.52	10.52	1295900	4.93	2395	双象股份	SZ	10.8	5.06	
638	11/15/11	10.71	10.8	10.65	10.8	1309000	5.06	2395	双象股份	SZ	10.71	5.02	
639	11/14/11	10.6	10.83	10.6	10.71	1583600	5.02	2395	双象股份	SZ	10.57	4.95	
640	11/11/11	10.47	10.62	10.44	10.57	1179600	4.95	2395	双象股份	SZ	10.47	4.9	
641	11/10/11	10.32	10.6	10.3	10.47	1379200	4.9	2395	双象股份	SZ	10.46	4.9	
642	11/9/11	10.26	10.47	10.25	10.46	1286700	4.9	2395	双象股份	SZ	10.24	4.8	
643	11/8/11	10.42	10.43	10.2	10.24	775300	4.8	2395	双象股份	SZ	10.44	4.89	
644	11/7/11	10.41	10.5	10.33	10.44	690500	4.89	2395	双象股份	SZ	10.45	4.9	
645	11/4/11	10.62	10.62	10.31	10.45	1179600	4.9	2395	双象股份	SZ	10.45	4.9	
646	11/3/11	10.32	10.7	10.31	10.45	1782100	4.9	2395	双象股份	SZ	10.32	4.84	
647	11/2/11	9.91	10.35	9.9	10.32	882200	4.84	2395	双象股份	SZ	10.12	4.74	
648	11/1/11	10.1	10.15	10	10.12	632700	4.74	2395	双象股份	SZ	10.18	4.77	
649	10/31/11	10.12	10.26	10.01	10.18	626600	4.77	2395	双象股份	SZ	10.09	4.73	
650	10/28/11	10.09	10.09	9.95	10.09	941400	4.73	2395	双象股份	SZ	9.9	4.64	
651	10/27/11	9.99	10.02	9.82	9.9	592000	4.64	2395	双象股份	SZ	9.98	4.67	
652	10/26/11	9.82	10.1	9.81	9.98	1064000	4.67	2395	双象股份	SZ	9.93	4.65	
653	10/25/11	9.7	9.97	9.55	9.93	1116400	4.65	2395	双象股份	SZ	9.75	4.57	
654	10/24/11	9.53	9.8	9.4	9.75	704400	4.57	2395	双象股份	SZ	9.52	4.46	
655	10/21/11	9.52	9.87	9.52	9.52	597800	4.46	2395	双象股份	SZ	9.65	4.52	
656	10/20/11	10.16	10.25	9.65	9.65	1540100	4.52	2395	双象股份	SZ	10.4	4.87	
657	10/19/11	10.52	10.77	10.1	10.4	3471300	4.87	2395	双象股份	SZ	10.7	5.01	
658	10/18/11	9.89	10.78	9.73	10.7	3486200	5.01	2395	双象股份	SZ	9.89	4.63	
659	10/17/11	9.9	9.94	9.81	9.89	484900	4.63	2395	双象股份	SZ	9.88	4.63	
660	10/14/11	9.9	10.06	9.75	9.88	378700	4.63	2395	双象股份	SZ	9.9	4.64	
661	10/13/11	9.81	9.98	9.76	9.9	698700	4.64	2395	双象股份	SZ	9.79	4.59	
662	10/12/11	9.44	9.82	9.41	9.79	545900	4.59	2395	双象股份	SZ	9.54	4.47	
663	10/11/11	9.72	9.73	9.46	9.54	936300	4.47	2395	双象股份	SZ	9.45	4.43	
664	10/10/11	9.6	9.72	9.4	9.45	508900	4.43	2395	双象股份	SZ	9.6	4.5	
665	9/30/11	9.72	9.72	9.44	9.6	366100	4.5	2395	双象股份	SZ	9.59	4.49	
666	9/29/11	10	10	9.49	9.59	737900	4.49	2395	双象股份	SZ	10.02	4.69	
667	9/28/11	10.34	10.4	9.99	10.02	519200	4.69	2395	双象股份	SZ	10.26	4.81	
668	9/27/11	10.29	10.35	10.18	10.26	388700	4.81	2395	双象股份	SZ	10.15	4.75	
669	9/26/11	10.22	10.41	10.12	10.15	539400	4.75	2395	双象股份	SZ	10.35	4.85	
670	9/23/11	10.1	10.55	10.1	10.35	824200	4.85	2395	双象股份	SZ	10.45	4.9	
671	9/22/11	10.35	10.9	10.35	10.45	2144500	4.9	2395	双象股份	SZ	10.45	4.9	
672	9/21/11	10.14	10.49	10.1	10.45	762900	4.9	2395	双象股份	SZ	10.14	4.75	
673	9/20/11	10.14	10.19	10.03	10.14	334000	4.75	2395	双象股份	SZ	10.13	4.75	
674	9/19/11	10.39	10.39	10.1	10.13	528000	4.75	2395	双象股份	SZ	10.43	4.88	
675	9/16/11	10.41	10.56	10.39	10.43	411000	4.88	2395	双象股份	SZ	10.4	4.87	
676	9/15/11	10.41	10.48	10.37	10.4	472500	4.87	2395	双象股份	SZ	10.41	4.88	
677	9/14/11	10.33	10.43	10.2	10.41	358800	4.88	2395	双象股份	SZ	10.31	4.83	
678	9/13/11	10.5	10.61	10.21	10.31	566400	4.83	2395	双象股份	SZ	10.65	4.99	
679	9/9/11	10.69	10.8	10.58	10.65	505500	4.99	2395	双象股份	SZ	10.66	5	
680	9/8/11	11.06	11.13	10.66	10.66	859800	5	2395	双象股份	SZ	11.05	5.18	
681	9/7/11	10.74	11.1	10.62	11.05	2463700	5.18	2395	双象股份	SZ	10.6	4.97	
682	9/6/11	10.5	10.74	10.5	10.6	287900	4.97	2395	双象股份	SZ	10.65	4.99	
683	9/5/11	10.9	10.9	10.56	10.65	826400	4.99	2395	双象股份	SZ	10.97	5.14	
684	9/2/11	11.22	11.22	10.94	10.97	869900	5.14	2395	双象股份	SZ	11.22	5.25	
685	9/1/11	11.24	11.38	11.09	11.22	538800	5.25	2395	双象股份	SZ	11.18	5.24	
686	8/31/11	11.06	11.2	11	11.18	873100	5.24	2395	双象股份	SZ	11.06	5.18	
687	8/30/11	11.35	11.44	10.96	11.06	1581700	5.18	2395	双象股份	SZ	11.33	5.31	
688	8/29/11	11.52	11.53	11.33	11.33	1098900	5.31	2395	双象股份	SZ	11.56	5.42	
689	8/26/11	11.6	11.68	11.4	11.56	1030700	5.42	2395	双象股份	SZ	11.64	5.45	
690	8/25/11	11.65	11.69	11.44	11.64	1529900	5.45	2395	双象股份	SZ	11.65	5.46	
691	8/24/11	11.7	11.73	11.55	11.65	1874300	5.46	2395	双象股份	SZ	11.57	5.42	
692	8/23/11	11.41	11.61	11.35	11.57	930800	5.42	2395	双象股份	SZ	11.43	5.35	
693	8/22/11	11.47	11.6	11.29	11.43	775800	5.35	2395	双象股份	SZ	11.47	5.37	
694	8/19/11	11.12	11.49	10.8	11.47	1009900	5.37	2395	双象股份	SZ	11.25	5.27	
695	8/18/11	11.38	11.77	11.25	11.25	1079600	5.27	2395	双象股份	SZ	11.39	5.33	
696	8/17/11	11.19	11.4	11.19	11.39	910800	5.33	2395	双象股份	SZ	11.28	5.28	
697	8/16/11	11.28	11.42	11.2	11.28	1178600	5.28	2395	双象股份	SZ	11.4	5.34	
698	8/15/11	11.02	11.5	11.02	11.4	1352400	5.34	2395	双象股份	SZ	11.02	5.16	
699	8/12/11	11.1	11.19	11.02	11.02	1089000	5.16	2395	双象股份	SZ	10.97	5.14	
700	8/11/11	10.72	11.02	10.56	10.97	1141400	5.14	2395	双象股份	SZ	10.91	5.11	
701	8/10/11	11.15	11.15	10.81	10.91	1609700	5.11	2395	双象股份	SZ	10.97	5.14	
702	8/9/11	11.1	11.14	10.33	10.97	1986600	5.14	2395	双象股份	SZ	11.48	5.38	
703	8/8/11	12.16	12.29	11.31	11.48	1197300	5.38	2395	双象股份	SZ	12.29	5.76	
704	8/5/11	12.15	12.56	12.01	12.29	1790800	5.76	2395	双象股份	SZ	12.58	5.89	
705	8/4/11	12.15	12.65	12.11	12.58	1918800	5.89	2395	双象股份	SZ	12.2	5.72	
706	8/3/11	11.73	12.3	11.7	12.2	1435500	5.72	2395	双象股份	SZ	11.92	5.58	
707	8/2/11	11.75	11.92	11.58	11.92	669100	5.58	2395	双象股份	SZ	11.78	5.52	
708	8/1/11	11.62	11.88	11.5	11.78	417600	5.52	2395	双象股份	SZ	11.7	5.48	
709	7/29/11	11.95	11.97	11.62	11.7	650100	5.48	2395	双象股份	SZ	11.98	5.61	
710	7/28/11	11.75	12	11.6	11.98	952400	5.61	2395	双象股份	SZ	11.77	5.51	
711	7/27/11	11.6	11.86	11.51	11.77	633800	5.51	2395	双象股份	SZ	11.66	5.46	
712	7/26/11	11.49	11.75	11.49	11.66	1027500	5.46	2395	双象股份	SZ	11.75	5.5	
713	7/25/11	12.52	12.55	11.69	11.75	1436100	5.5	2395	双象股份	SZ	12.52	5.87	
714	7/22/11	12.44	12.65	12.44	12.52	759600	5.87	2395	双象股份	SZ	12.43	5.82	
715	7/21/11	12.51	12.57	12.4	12.43	719800	5.82	2395	双象股份	SZ	12.51	5.86	
716	7/20/11	12.56	12.68	12.41	12.51	559800	5.86	2395	双象股份	SZ	12.52	5.87	
717	7/19/11	12.53	12.69	12.48	12.52	848900	5.87	2395	双象股份	SZ	12.7	5.95	
718	7/18/11	12.87	12.99	12.68	12.7	968300	5.95	2395	双象股份	SZ	12.85	6.02	
719	7/15/11	12.77	12.95	12.76	12.85	1147800	6.02	2395	双象股份	SZ	12.83	6.01	
720	7/14/11	12.55	12.9	12.54	12.83	1939600	6.01	2395	双象股份	SZ	12.48	5.85	
721	7/13/11	12.21	12.52	12.21	12.48	960100	5.85	2395	双象股份	SZ	12.23	5.73	
722	7/12/11	12.48	12.48	12.2	12.23	846500	5.73	2395	双象股份	SZ	12.49	5.85	
723	7/11/11	12.33	12.49	12.28	12.49	809300	5.85	2395	双象股份	SZ	12.42	5.82	
724	7/8/11	12.56	12.72	12.31	12.42	942700	5.82	2395	双象股份	SZ	12.56	5.88	
725	7/7/11	12.57	12.73	12.44	12.56	1169900	5.88	2395	双象股份	SZ	12.57	5.89	
726	7/6/11	12.41	12.65	12.27	12.57	1062400	5.89	2395	双象股份	SZ	12.41	5.82	
727	7/5/11	12.44	12.48	12.36	12.41	829100	5.82	2395	双象股份	SZ	12.44	5.83	
728	7/4/11	12.37	12.45	12.16	12.44	1601200	5.83	2395	双象股份	SZ	12.19	5.71	
729	7/1/11	12.05	12.24	12	12.19	755700	5.71	2395	双象股份	SZ	12.03	5.64	
730	6/30/11	11.94	12.11	11.86	12.03	569100	5.64	2395	双象股份	SZ	11.94	5.6	
731	6/29/11	12.27	12.27	11.9	11.94	1032100	5.6	2395	双象股份	SZ	12.21	5.72	
732	6/28/11	12.16	12.34	12.12	12.21	863400	5.72	2395	双象股份	SZ	12.26	5.74	
733	6/27/11	12	12.32	11.95	12.26	1486500	5.74	2395	双象股份	SZ	12.09	5.66	
734	6/24/11	11.76	12.19	11.76	12.09	2059200	5.66	2395	双象股份	SZ	11.89	5.57	
735	6/23/11	11.94	11.99	11.72	11.89	1806400	5.57	2395	双象股份	SZ	11.94	5.6	
736	6/22/11	11.5	12.14	11.34	11.94	2178800	5.6	2395	双象股份	SZ	11.43	5.35	
737	6/21/11	11.49	11.55	11.29	11.43	575400	5.35	2395	双象股份	SZ	11.32	5.31	
738	6/20/11	11.3	11.43	11.23	11.32	564600	5.31	2395	双象股份	SZ	11.39	5.33	
739	6/17/11	11.43	11.58	11.3	11.39	271300	5.33	2395	双象股份	SZ	11.43	5.35	
740	6/16/11	11.4	11.57	11.38	11.43	425900	5.35	2395	双象股份	SZ	11.56	5.42	
741	6/15/11	11.62	11.74	11.55	11.56	512900	5.42	2395	双象股份	SZ	11.8	5.4	
742	6/14/11	11.73	11.8	11.6	11.8	497600	5.4	2395	双象股份	SZ	11.57	5.3	
743	6/13/11	11.17	11.64	11.17	11.57	296800	5.3	2395	双象股份	SZ	11.41	5.23	
744	6/10/11	11.6	11.6	11.26	11.41	402300	5.23	2395	双象股份	SZ	11.41	5.22	
745	6/9/11	11.77	11.77	11.41	11.41	515600	5.22	2395	双象股份	SZ	11.77	5.39	
746	6/8/11	11.77	11.8	11.6	11.77	369800	5.39	2395	双象股份	SZ	11.76	5.38	
747	6/7/11	11.69	11.77	11.58	11.76	475700	5.38	2395	双象股份	SZ	11.69	5.35	
748	6/3/11	11.5	11.75	11.43	11.69	658200	5.35	2395	双象股份	SZ	11.5	5.26	
749	6/2/11	11.59	11.6	11.31	11.5	837300	5.26	2395	双象股份	SZ	11.64	5.33	
750	6/1/11	11.64	11.69	11.51	11.64	425600	5.33	2395	双象股份	SZ	11.64	5.33	
751	5/31/11	11.4	11.74	11.4	11.64	650300	5.33	2395	双象股份	SZ	11.43	5.23	
752	5/30/11	11.3	11.6	11.11	11.43	610700	5.23	2395	双象股份	SZ	11.36	5.2	
753	5/27/11	11.95	11.97	11.27	11.36	1213900	5.2	2395	双象股份	SZ	11.85	5.42	
754	5/26/11	12.25	12.25	11.81	11.85	715900	5.42	2395	双象股份	SZ	12.1	5.54	
755	5/25/11	12.23	12.3	12.05	12.1	608300	5.54	2395	双象股份	SZ	12.19	5.58	
756	5/24/11	12.19	12.31	12.03	12.19	866400	5.58	2395	双象股份	SZ	12.19	5.58	
757	5/23/11	13.25	13.25	12.15	12.19	1687800	5.58	2395	双象股份	SZ	13.26	6.07	
758	5/20/11	13.4	13.4	13.23	13.26	477600	6.07	2395	双象股份	SZ	13.33	6.1	
759	5/19/11	13.35	13.45	13.32	13.33	472000	6.1	2395	双象股份	SZ	13.35	6.11	
760	5/18/11	13.35	13.43	13.2	13.35	539600	6.11	2395	双象股份	SZ	13.38	6.12	
761	5/17/11	13.52	13.53	13.2	13.38	831300	6.12	2395	双象股份	SZ	13.55	6.2	
762	5/16/11	13.55	13.7	13.5	13.55	770700	6.2	2395	双象股份	SZ	13.7	6.27	
763	5/13/11	13.58	13.74	13.51	13.7	760000	6.27	2395	双象股份	SZ	13.55	6.2	
764	5/12/11	13.65	13.8	13.45	13.55	1168400	6.2	2395	双象股份	SZ	13.65	6.25	
765	5/11/11	13.62	13.73	13.47	13.65	1491600	6.25	2395	双象股份	SZ	13.58	6.22	
766	5/10/11	13.41	13.6	13.41	13.58	800300	6.22	2395	双象股份	SZ	13.41	6.14	
767	5/9/11	13.5	13.6	13.39	13.41	568500	6.14	2395	双象股份	SZ	13.39	6.13	
768	5/6/11	13.23	13.43	13.1	13.39	609100	6.13	2395	双象股份	SZ	13.29	6.08	
769	5/5/11	13.25	13.35	13.18	13.29	542200	6.08	2395	双象股份	SZ	13.29	6.08	
770	5/4/11	13.5	13.5	13.27	13.29	851500	6.08	2395	双象股份	SZ	13.56	6.2	
771	5/3/11	13.55	13.56	13.2	13.56	878600	6.2	2395	双象股份	SZ	13.5	6.18	
772	4/29/11	13.34	13.57	13.3	13.5	635600	6.18	2395	双象股份	SZ	13.33	6.1	
773	4/28/11	13.7	13.88	13.3	13.33	842800	6.1	2395	双象股份	SZ	13.7	6.27	
774	4/27/11	14.32	14.32	13.65	13.7	1603200	6.27	2395	双象股份	SZ	14.29	6.54	
775	4/26/11	14.94	14.94	14.26	14.29	1449600	6.54	2395	双象股份	SZ	-1	-1	
