0	4/29/14	7.36	7.47	7.28	7.35	2601800	7.35	2471	中超电缆	SZ	7.21	7.21	
1	4/28/14	7.5	7.5	7.16	7.21	3295900	7.21	2471	中超电缆	SZ	7.52	7.52	
2	4/25/14	7.92	7.92	7.52	7.52	2493800	7.52	2471	中超电缆	SZ	7.93	7.93	
3	4/24/14	7.79	7.97	7.78	7.93	2510300	7.93	2471	中超电缆	SZ	7.79	7.79	
4	4/23/14	7.81	7.87	7.76	7.79	1651900	7.79	2471	中超电缆	SZ	7.84	7.84	
5	4/22/14	7.81	7.87	7.67	7.84	2588500	7.84	2471	中超电缆	SZ	7.81	7.81	
6	4/21/14	7.94	7.97	7.8	7.81	2716600	7.81	2471	中超电缆	SZ	8	8	
7	4/18/14	8.1	8.1	7.96	8	2613700	8	2471	中超电缆	SZ	8.1	8.1	
8	4/17/14	8.11	8.37	8.09	8.1	2582700	8.1	2471	中超电缆	SZ	8.11	8.11	
9	4/16/14	8.11	8.17	8.06	8.11	2192400	8.11	2471	中超电缆	SZ	8.12	8.12	
10	4/15/14	8.2	8.2	8.11	8.12	3353600	8.12	2471	中超电缆	SZ	8.28	8.28	
11	4/14/14	8.25	8.44	8.25	8.28	7949900	8.28	2471	中超电缆	SZ	8.12	8.12	
12	4/11/14	8.12	8.15	8	8.12	3078400	8.12	2471	中超电缆	SZ	8.15	8.15	
13	4/10/14	8.16	8.18	8.1	8.15	2457900	8.15	2471	中超电缆	SZ	8.15	8.15	
14	4/9/14	8.04	8.19	8.02	8.15	2448300	8.15	2471	中超电缆	SZ	8.04	8.04	
15	4/8/14	8.03	8.08	7.88	8.04	1972900	8.04	2471	中超电缆	SZ	8.03	8.03	
16	4/7/14	8.03	8.03	8.03	8.03	0	8.03	2471	中超电缆	SZ	8.03	8.03	
17	4/4/14	8.01	8.06	7.93	8.03	1546100	8.03	2471	中超电缆	SZ	8.02	8.02	
18	4/3/14	7.83	8.04	7.83	8.02	2734000	8.02	2471	中超电缆	SZ	7.82	7.82	
19	4/2/14	7.97	7.99	7.79	7.82	1660700	7.82	2471	中超电缆	SZ	7.9	7.9	
20	4/1/14	7.75	7.94	7.72	7.9	1928800	7.9	2471	中超电缆	SZ	7.7	7.7	
21	3/31/14	7.78	7.89	7.66	7.7	2300900	7.7	2471	中超电缆	SZ	7.78	7.78	
22	3/28/14	8.17	8.25	7.75	7.78	3736600	7.78	2471	中超电缆	SZ	8.17	8.17	
23	3/27/14	8.46	8.47	8.16	8.17	2861800	8.17	2471	中超电缆	SZ	8.41	8.41	
24	3/26/14	8.32	8.51	8.32	8.41	2900200	8.41	2471	中超电缆	SZ	8.32	8.32	
25	3/25/14	8.31	8.4	8.26	8.32	2466000	8.32	2471	中超电缆	SZ	8.38	8.38	
26	3/24/14	8.32	8.4	8.25	8.38	2415100	8.38	2471	中超电缆	SZ	8.32	8.32	
27	3/21/14	8.16	8.41	8.04	8.32	4393300	8.32	2471	中超电缆	SZ	8.29	8.29	
28	3/20/14	8.67	8.67	8.29	8.29	3582800	8.29	2471	中超电缆	SZ	8.57	8.57	
29	3/19/14	8.74	8.77	8.46	8.57	3789400	8.57	2471	中超电缆	SZ	8.74	8.74	
30	3/18/14	8.79	8.8	8.71	8.74	3013800	8.74	2471	中超电缆	SZ	8.8	8.8	
31	3/17/14	8.67	8.83	8.66	8.8	3764500	8.8	2471	中超电缆	SZ	8.72	8.72	
32	3/14/14	8.57	8.85	8.56	8.72	3467000	8.72	2471	中超电缆	SZ	8.62	8.62	
33	3/13/14	8.64	8.73	8.6	8.62	3257200	8.62	2471	中超电缆	SZ	8.68	8.68	
34	3/12/14	8.47	8.69	8.44	8.68	3586700	8.68	2471	中超电缆	SZ	8.47	8.47	
35	3/11/14	8.44	8.59	8.31	8.47	3189600	8.47	2471	中超电缆	SZ	8.43	8.43	
36	3/10/14	8.49	8.73	8.4	8.43	4243500	8.43	2471	中超电缆	SZ	8.62	8.62	
37	3/7/14	8.86	8.92	8.57	8.62	5531500	8.62	2471	中超电缆	SZ	8.86	8.86	
38	3/6/14	8.73	8.94	8.65	8.86	3793600	8.86	2471	中超电缆	SZ	8.74	8.74	
39	3/5/14	8.89	8.96	8.7	8.74	4995200	8.74	2471	中超电缆	SZ	8.89	8.89	
40	3/4/14	9.1	9.16	8.69	8.89	5739500	8.89	2471	中超电缆	SZ	9.1	9.1	
41	3/3/14	9.07	9.18	8.92	9.1	4476600	9.1	2471	中超电缆	SZ	9.04	9.04	
42	2/28/14	9.01	9.05	8.81	9.04	5732600	9.04	2471	中超电缆	SZ	9.05	9.05	
43	2/27/14	9.38	9.45	9	9.05	5615100	9.05	2471	中超电缆	SZ	9.22	9.22	
44	2/26/14	9.16	9.32	8.92	9.22	6638300	9.22	2471	中超电缆	SZ	9.29	9.29	
45	2/25/14	10.08	10.12	9.13	9.29	14721600	9.29	2471	中超电缆	SZ	10.14	10.14	
46	2/24/14	9.76	10.17	9.61	10.14	7886300	10.14	2471	中超电缆	SZ	9.84	9.84	
47	2/21/14	9.68	9.9	9.65	9.84	4911200	9.84	2471	中超电缆	SZ	9.69	9.69	
48	2/20/14	9.95	10	9.68	9.69	7778800	9.69	2471	中超电缆	SZ	9.97	9.97	
49	2/19/14	10.19	10.19	9.82	9.97	14115500	9.97	2471	中超电缆	SZ	10.19	10.19	
50	2/18/14	10.22	10.37	10.05	10.19	10102700	10.19	2471	中超电缆	SZ	10.23	10.23	
51	2/17/14	10.09	10.25	10	10.23	10582500	10.23	2471	中超电缆	SZ	10.1	10.1	
52	2/14/14	9.57	10.12	9.57	10.1	10404500	10.1	2471	中超电缆	SZ	9.69	9.69	
53	2/13/14	9.88	10.18	9.66	9.69	12752100	9.69	2471	中超电缆	SZ	9.89	9.89	
54	2/12/14	9.65	9.95	9.63	9.89	11138200	9.89	2471	中超电缆	SZ	9.68	9.68	
55	2/11/14	9.69	9.8	9.49	9.68	7871300	9.68	2471	中超电缆	SZ	9.68	9.68	
56	2/10/14	9.31	9.69	9.3	9.68	7973100	9.68	2471	中超电缆	SZ	9.3	9.3	
57	2/7/14	9.03	9.31	8.96	9.3	3508000	9.3	2471	中超电缆	SZ	9.15	9.15	
58	2/6/14	9.15	9.15	9.15	9.15	0	9.15	2471	中超电缆	SZ	9.15	9.15	
59	2/5/14	9.15	9.15	9.15	9.15	0	9.15	2471	中超电缆	SZ	9.15	9.15	
60	2/3/14	9.15	9.15	9.15	9.15	0	9.15	2471	中超电缆	SZ	9.15	9.15	
61	1/31/14	9.15	9.15	9.15	9.15	0	9.15	2471	中超电缆	SZ	9.15	9.15	
62	1/30/14	9.46	9.49	9.12	9.15	4645200	9.15	2471	中超电缆	SZ	9.44	9.44	
63	1/29/14	9.51	9.69	9.35	9.44	7350900	9.44	2471	中超电缆	SZ	9.5	9.5	
64	1/28/14	9.54	9.69	9.43	9.5	5485400	9.5	2471	中超电缆	SZ	9.53	9.53	
65	1/27/14	9.55	9.62	9.4	9.53	5643500	9.53	2471	中超电缆	SZ	9.62	9.62	
66	1/24/14	9.59	9.74	9.51	9.62	7080600	9.62	2471	中超电缆	SZ	9.65	9.65	
67	1/23/14	9.49	9.69	9.4	9.65	8899900	9.65	2471	中超电缆	SZ	9.48	9.48	
68	1/22/14	9.2	9.59	9.2	9.48	7350300	9.48	2471	中超电缆	SZ	9.2	9.2	
69	1/21/14	9.06	9.38	9.06	9.2	4304300	9.2	2471	中超电缆	SZ	9.11	9.11	
70	1/20/14	9.05	9.14	8.9	9.11	3336800	9.11	2471	中超电缆	SZ	9.05	9.05	
71	1/17/14	9.42	9.42	8.9	9.05	7116800	9.05	2471	中超电缆	SZ	9.44	9.44	
72	1/16/14	9.6	9.75	9.41	9.44	7773300	9.44	2471	中超电缆	SZ	9.62	9.62	
73	1/15/14	9.37	9.66	9.32	9.62	9939200	9.62	2471	中超电缆	SZ	9.36	9.36	
74	1/14/14	9.2	9.38	9.1	9.36	6878600	9.36	2471	中超电缆	SZ	9.16	9.16	
75	1/13/14	9.29	9.42	8.96	9.16	7657800	9.16	2471	中超电缆	SZ	9.29	9.29	
76	1/10/14	8.81	9.49	8.78	9.29	13704400	9.29	2471	中超电缆	SZ	8.8	8.8	
77	1/9/14	8.76	8.95	8.66	8.8	6555900	8.8	2471	中超电缆	SZ	8.76	8.76	
78	1/8/14	8.94	9.06	8.61	8.76	7965600	8.76	2471	中超电缆	SZ	8.94	8.94	
79	1/7/14	8.86	9.06	8.81	8.94	6008500	8.94	2471	中超电缆	SZ	8.84	8.84	
80	1/6/14	9.31	9.39	8.8	8.84	10993900	8.84	2471	中超电缆	SZ	9.44	9.44	
81	1/3/14	9.71	9.72	9.3	9.44	11259300	9.44	2471	中超电缆	SZ	9.71	9.71	
82	1/2/14	9.62	9.92	9.51	9.71	8908500	9.71	2471	中超电缆	SZ	9.61	9.61	
83	1/1/14	9.61	9.61	9.61	9.61	0	9.61	2471	中超电缆	SZ	9.61	9.61	
84	12/31/13	9.45	9.81	9.3	9.61	11700800	9.61	2471	中超电缆	SZ	9.6	9.6	
85	12/30/13	10.14	10.34	9.53	9.6	20912700	9.6	2471	中超电缆	SZ	10.14	10.14	
86	12/27/13	9.75	10.26	9.55	10.14	17613100	10.14	2471	中超电缆	SZ	9.85	9.85	
87	12/26/13	9.95	10.45	9.7	9.85	29544100	9.85	2471	中超电缆	SZ	10.08	10.08	
88	12/25/13	9.07	10.08	8.95	10.08	21062000	10.08	2471	中超电缆	SZ	9.16	9.16	
89	12/24/13	9.3	9.3	8.6	9.16	13951700	9.16	2471	中超电缆	SZ	9.48	9.48	
90	12/23/13	9.48	9.48	9.48	9.48	0	9.48	2471	中超电缆	SZ	9.48	9.48	
91	12/20/13	9.2	9.74	9.13	9.48	21387300	9.48	2471	中超电缆	SZ	9.3	9.3	
92	12/19/13	8.99	9.55	8.91	9.3	21774300	9.3	2471	中超电缆	SZ	8.89	8.89	
93	12/18/13	8.91	8.98	8.54	8.89	8701000	8.89	2471	中超电缆	SZ	8.89	8.89	
94	12/17/13	8.93	9.28	8.82	8.89	14477000	8.89	2471	中超电缆	SZ	9.04	9.04	
95	12/16/13	8.79	9.2	8.63	9.04	15671100	9.04	2471	中超电缆	SZ	8.87	8.87	
96	12/13/13	8.55	9.1	8.52	8.87	18284200	8.87	2471	中超电缆	SZ	8.53	8.53	
97	12/12/13	8.52	8.67	8.4	8.53	10443400	8.53	2471	中超电缆	SZ	8.62	8.62	
98	12/11/13	8.78	8.79	8.45	8.62	15544100	8.62	2471	中超电缆	SZ	8.9	8.9	
99	12/10/13	9.26	9.27	8.86	8.9	20870800	8.9	2471	中超电缆	SZ	9.02	9.02	
100	12/9/13	8.18	9.02	8.17	9.02	14292000	9.02	2471	中超电缆	SZ	8.2	8.2	
101	12/6/13	8.17	8.22	8.05	8.2	4383600	8.2	2471	中超电缆	SZ	8.2	8.2	
102	12/5/13	8.28	8.36	8.12	8.2	6262900	8.2	2471	中超电缆	SZ	8.39	8.39	
103	12/4/13	8.26	8.49	8.18	8.39	9065000	8.39	2471	中超电缆	SZ	8.27	8.27	
104	12/3/13	7.7	8.3	7.62	8.27	6668900	8.27	2471	中超电缆	SZ	7.71	7.71	
105	12/2/13	8	8.17	7.6	7.71	6593500	7.71	2471	中超电缆	SZ	8.28	8.28	
106	11/29/13	8.3	8.38	8.2	8.28	6171600	8.28	2471	中超电缆	SZ	8.2	8.2	
107	11/28/13	7.95	8.22	7.95	8.2	5643200	8.2	2471	中超电缆	SZ	7.99	7.99	
108	11/27/13	8.05	8.05	7.85	7.99	4468400	7.99	2471	中超电缆	SZ	8.02	8.02	
109	11/26/13	7.91	8.06	7.85	8.02	3724600	8.02	2471	中超电缆	SZ	7.97	7.97	
110	11/25/13	8.27	8.33	7.95	7.97	6941100	7.97	2471	中超电缆	SZ	8.3	8.3	
111	11/22/13	8.43	8.57	8.24	8.3	4715000	8.3	2471	中超电缆	SZ	8.44	8.44	
112	11/21/13	8.35	8.6	8.22	8.44	8737100	8.44	2471	中超电缆	SZ	8.4	8.4	
113	11/20/13	8.15	8.49	8.12	8.4	7849800	8.4	2471	中超电缆	SZ	8.24	8.24	
114	11/19/13	8.26	8.5	8.2	8.24	8019000	8.24	2471	中超电缆	SZ	8.28	8.28	
115	11/18/13	7.79	8.36	7.77	8.28	7475200	8.28	2471	中超电缆	SZ	7.77	7.77	
116	11/15/13	7.62	7.93	7.62	7.77	4802200	7.77	2471	中超电缆	SZ	7.62	7.62	
117	11/14/13	7.69	7.74	7.41	7.62	4754900	7.62	2471	中超电缆	SZ	7.69	7.69	
118	11/13/13	8.1	8.1	7.57	7.69	5430200	7.69	2471	中超电缆	SZ	8.11	8.11	
119	11/12/13	8.1	8.18	8	8.11	2307100	8.11	2471	中超电缆	SZ	8.1	8.1	
120	11/11/13	8.06	8.17	7.94	8.1	2295300	8.1	2471	中超电缆	SZ	8.14	8.14	
121	11/8/13	8.14	8.22	7.94	8.14	4091100	8.14	2471	中超电缆	SZ	8.16	8.16	
122	11/7/13	8.26	8.29	8.08	8.16	3298300	8.16	2471	中超电缆	SZ	8.33	8.33	
123	11/6/13	8.4	8.63	8.3	8.33	7164000	8.33	2471	中超电缆	SZ	8.5	8.5	
124	11/5/13	8.15	8.55	8	8.5	5814400	8.5	2471	中超电缆	SZ	8.14	8.14	
125	11/4/13	8.3	8.36	8.09	8.14	3161000	8.14	2471	中超电缆	SZ	8.23	8.23	
126	11/1/13	7.92	8.25	7.92	8.23	4845300	8.23	2471	中超电缆	SZ	7.98	7.98	
127	10/31/13	8.34	8.34	7.98	7.98	5008200	7.98	2471	中超电缆	SZ	8.39	8.39	
128	10/30/13	8.38	8.55	8.21	8.39	7853500	8.39	2471	中超电缆	SZ	8.46	8.46	
129	10/29/13	8.64	8.72	7.87	8.46	12267800	8.46	2471	中超电缆	SZ	8.6	8.6	
130	10/28/13	8.26	8.69	8.05	8.6	13137800	8.6	2471	中超电缆	SZ	8.31	8.31	
131	10/25/13	8.15	8.38	8.01	8.31	10975900	8.31	2471	中超电缆	SZ	8.15	8.15	
132	10/24/13	7.69	8.35	7.63	8.15	12994000	8.15	2471	中超电缆	SZ	7.75	7.75	
133	10/23/13	7.95	7.95	7.61	7.75	5657500	7.75	2471	中超电缆	SZ	7.92	7.92	
134	10/22/13	7.71	7.94	7.65	7.92	6788600	7.92	2471	中超电缆	SZ	7.71	7.71	
135	10/21/13	7.55	7.77	7.53	7.71	3394200	7.71	2471	中超电缆	SZ	7.51	7.51	
136	10/18/13	7.45	7.54	7.39	7.51	2478600	7.51	2471	中超电缆	SZ	7.43	7.43	
137	10/17/13	7.51	7.65	7.42	7.43	4174800	7.43	2471	中超电缆	SZ	7.48	7.48	
138	10/16/13	7.78	7.84	7.44	7.48	4792200	7.48	2471	中超电缆	SZ	7.8	7.8	
139	10/15/13	7.77	7.88	7.74	7.8	3525700	7.8	2471	中超电缆	SZ	7.76	7.76	
140	10/14/13	7.85	7.92	7.71	7.76	4588800	7.76	2471	中超电缆	SZ	7.82	7.82	
141	10/11/13	7.89	7.96	7.74	7.82	5027500	7.82	2471	中超电缆	SZ	7.89	7.89	
142	10/10/13	7.8	7.9	7.71	7.89	5798700	7.89	2471	中超电缆	SZ	7.78	7.78	
143	10/9/13	7.74	7.94	7.65	7.78	6459000	7.78	2471	中超电缆	SZ	7.78	7.78	
144	10/8/13	7.41	7.8	7.4	7.78	7505900	7.78	2471	中超电缆	SZ	7.41	7.41	
145	10/7/13	7.41	7.41	7.41	7.41	0	7.41	2471	中超电缆	SZ	7.41	7.41	
146	10/4/13	7.41	7.41	7.41	7.41	0	7.41	2471	中超电缆	SZ	7.41	7.41	
147	10/3/13	7.41	7.41	7.41	7.41	0	7.41	2471	中超电缆	SZ	7.41	7.41	
148	10/2/13	7.41	7.41	7.41	7.41	0	7.41	2471	中超电缆	SZ	7.41	7.41	
149	10/1/13	7.41	7.41	7.41	7.41	0	7.41	2471	中超电缆	SZ	7.41	7.41	
150	9/30/13	7.45	7.55	7.39	7.41	2563100	7.41	2471	中超电缆	SZ	7.47	7.47	
151	9/27/13	7.21	7.56	7.21	7.47	3883000	7.47	2471	中超电缆	SZ	7.25	7.25	
152	9/26/13	7.29	7.34	7.25	7.25	2667700	7.25	2471	中超电缆	SZ	7.29	7.29	
153	9/25/13	7.46	7.54	7.28	7.29	3534300	7.29	2471	中超电缆	SZ	7.49	7.49	
154	9/24/13	7.53	7.62	7.44	7.49	3136800	7.49	2471	中超电缆	SZ	7.54	7.54	
155	9/23/13	7.39	7.55	7.34	7.54	4586700	7.54	2471	中超电缆	SZ	7.33	7.33	
156	9/20/13	7.33	7.33	7.33	7.33	0	7.33	2471	中超电缆	SZ	7.33	7.33	
157	9/18/13	7.42	7.48	7.24	7.33	3164200	7.33	2471	中超电缆	SZ	7.47	7.47	
158	9/17/13	7.41	7.55	7.4	7.47	3556200	7.47	2471	中超电缆	SZ	7.44	7.44	
159	9/16/13	7.64	7.77	7.41	7.44	5704400	7.44	2471	中超电缆	SZ	7.6	7.6	
160	9/13/13	7.58	7.69	7.51	7.6	5153200	7.6	2471	中超电缆	SZ	7.58	7.58	
161	9/12/13	7.58	7.66	7.45	7.58	7208900	7.58	2471	中超电缆	SZ	7.67	7.67	
162	9/11/13	7.28	7.89	7.23	7.67	18851600	7.67	2471	中超电缆	SZ	7.32	7.32	
163	9/10/13	7.04	7.33	6.94	7.32	8760300	7.32	2471	中超电缆	SZ	7.03	7.03	
164	9/9/13	6.95	7.1	6.94	7.03	3521700	7.03	2471	中超电缆	SZ	6.95	6.95	
165	9/6/13	6.87	6.96	6.78	6.95	2840800	6.95	2471	中超电缆	SZ	6.86	6.86	
166	9/5/13	6.86	6.93	6.81	6.86	2220100	6.86	2471	中超电缆	SZ	6.89	6.89	
167	9/4/13	6.9	6.95	6.86	6.89	2373300	6.89	2471	中超电缆	SZ	6.92	6.92	
168	9/3/13	6.82	6.94	6.78	6.92	2095200	6.92	2471	中超电缆	SZ	6.82	6.82	
169	9/2/13	6.77	6.84	6.7	6.82	2252700	6.82	2471	中超电缆	SZ	6.77	6.77	
170	8/30/13	6.94	6.98	6.7	6.77	4532800	6.77	2471	中超电缆	SZ	6.93	6.93	
171	8/29/13	7.01	7.08	6.9	6.93	4158800	6.93	2471	中超电缆	SZ	7.07	7.07	
172	8/28/13	7.16	7.21	7.05	7.07	3977000	7.07	2471	中超电缆	SZ	7.23	7.23	
173	8/27/13	7.15	7.24	7.08	7.23	3968600	7.23	2471	中超电缆	SZ	7.15	7.15	
174	8/26/13	7.04	7.18	7.03	7.15	3057800	7.15	2471	中超电缆	SZ	7.06	7.06	
175	8/23/13	7.19	7.27	6.96	7.06	4643900	7.06	2471	中超电缆	SZ	7.15	7.15	
176	8/22/13	7.2	7.26	7.13	7.15	3284200	7.15	2471	中超电缆	SZ	7.2	7.2	
177	8/21/13	7.06	7.21	7.02	7.2	3905500	7.2	2471	中超电缆	SZ	7.07	7.07	
178	8/20/13	7.05	7.17	7	7.07	3096500	7.07	2471	中超电缆	SZ	7.1	7.1	
179	8/19/13	6.85	7.13	6.84	7.1	3689000	7.1	2471	中超电缆	SZ	6.92	6.92	
180	8/16/13	7.14	7.27	6.91	6.92	5890500	6.92	2471	中超电缆	SZ	7.2	7.2	
181	8/15/13	7.28	7.36	7.19	7.2	4508800	7.2	2471	中超电缆	SZ	7.31	7.31	
182	8/14/13	7.57	7.59	7.27	7.31	7934100	7.31	2471	中超电缆	SZ	7.54	7.54	
183	8/13/13	7.46	7.6	7.39	7.54	6500200	7.54	2471	中超电缆	SZ	7.5	7.5	
184	8/12/13	7.23	7.58	7.2	7.5	9627800	7.5	2471	中超电缆	SZ	7.23	7.23	
185	8/9/13	7.24	7.3	7.08	7.23	5229200	7.23	2471	中超电缆	SZ	7.19	7.19	
186	8/8/13	7.11	7.3	7.04	7.19	5200500	7.19	2471	中超电缆	SZ	7.15	7.15	
187	8/7/13	7.43	7.46	7.13	7.15	8454600	7.15	2471	中超电缆	SZ	7.49	7.49	
188	8/6/13	7.41	7.5	7.25	7.49	8599600	7.49	2471	中超电缆	SZ	7.38	7.38	
189	8/5/13	7.22	7.48	7.16	7.38	10137600	7.38	2471	中超电缆	SZ	7.41	7.41	
190	8/2/13	7.6	7.78	7.37	7.41	14360700	7.41	2471	中超电缆	SZ	7.64	7.64	
191	8/1/13	7.42	7.79	7.36	7.64	16895300	7.64	2471	中超电缆	SZ	7.5	7.5	
192	7/31/13	7.09	7.54	6.97	7.5	17651100	7.5	2471	中超电缆	SZ	7.13	7.13	
193	7/30/13	7.18	7.24	6.8	7.13	12374500	7.13	2471	中超电缆	SZ	7.2	7.2	
194	7/29/13	7.35	7.38	7.11	7.2	16724900	7.2	2471	中超电缆	SZ	7.39	7.39	
195	7/26/13	6.83	7.39	6.82	7.39	22540000	7.39	2471	中超电缆	SZ	6.72	6.72	
196	7/25/13	6.7	6.97	6.7	6.72	6490200	6.72	2471	中超电缆	SZ	6.91	6.91	
197	7/24/13	6.79	7.02	6.55	6.91	12286500	6.91	2471	中超电缆	SZ	6.98	6.98	
198	7/23/13	6.7	7.09	6.54	6.98	15088000	6.98	2471	中超电缆	SZ	6.49	6.49	
199	7/22/13	6.19	6.52	6.15	6.49	3992400	6.49	2471	中超电缆	SZ	6.19	6.19	
200	7/19/13	6.2	6.31	6.15	6.19	2288700	6.19	2471	中超电缆	SZ	6.21	6.21	
201	7/18/13	6.2	6.3	6.14	6.21	1992300	6.21	2471	中超电缆	SZ	6.23	6.23	
202	7/17/13	6.44	6.45	6.21	6.23	3042300	6.23	2471	中超电缆	SZ	6.44	6.44	
203	7/16/13	6.27	6.52	6.25	6.44	4248400	6.44	2471	中超电缆	SZ	6.29	6.29	
204	7/15/13	6.2	6.32	6.2	6.29	2073000	6.29	2471	中超电缆	SZ	6.2	6.2	
205	7/12/13	6.35	6.42	6.17	6.2	2710900	6.2	2471	中超电缆	SZ	6.33	6.33	
206	7/11/13	6.15	6.38	6.15	6.33	2740200	6.33	2471	中超电缆	SZ	6.19	6.19	
207	7/10/13	5.95	6.21	5.95	6.19	1832800	6.19	2471	中超电缆	SZ	6	6	
208	7/9/13	6.01	6.1	5.93	6	1164600	6	2471	中超电缆	SZ	5.92	5.92	
209	7/8/13	6.27	6.27	5.9	5.92	2576700	5.92	2471	中超电缆	SZ	6.31	6.31	
210	7/5/13	6.42	6.5	6.29	6.31	3170300	6.31	2471	中超电缆	SZ	6.44	6.44	
211	7/4/13	6.7	6.7	6.41	6.44	8703500	6.44	2471	中超电缆	SZ	6.28	6.28	
212	7/3/13	6.01	6.28	5.99	6.28	2969400	6.28	2471	中超电缆	SZ	6.01	6.01	
213	7/2/13	6.12	6.12	6	6.01	1966500	6.01	2471	中超电缆	SZ	6.05	6.05	
214	7/1/13	5.87	6.06	5.86	6.05	2362400	6.05	2471	中超电缆	SZ	5.84	5.84	
215	6/28/13	5.85	6	5.8	5.84	1540400	5.84	2471	中超电缆	SZ	5.94	5.94	
216	6/27/13	5.93	6.15	5.9	5.94	2961200	5.94	2471	中超电缆	SZ	5.93	5.93	
217	6/26/13	6.02	6.02	5.8	5.93	2440200	5.93	2471	中超电缆	SZ	5.97	5.97	
218	6/25/13	6.11	6.19	5.51	5.97	3296200	5.97	2471	中超电缆	SZ	6.12	6.12	
219	6/24/13	6.35	6.5	5.99	6.12	2153300	6.12	2471	中超电缆	SZ	6.4	6.4	
220	6/21/13	6.15	6.45	6	6.4	2505200	6.4	2471	中超电缆	SZ	6.27	6.27	
221	6/20/13	6.37	6.47	6.26	6.27	1524700	6.27	2471	中超电缆	SZ	6.37	6.37	
222	6/19/13	6.5	6.56	6.22	6.37	2439500	6.37	2471	中超电缆	SZ	6.6	6.6	
223	6/18/13	6.84	6.89	6.52	6.6	2959200	6.6	2471	中超电缆	SZ	6.93	3.38	
224	6/17/13	7.07	7.12	6.93	6.93	3623100	3.38	2471	中超电缆	SZ	7.01	3.41	
225	6/14/13	6.86	7.03	6.74	7.01	2959700	3.41	2471	中超电缆	SZ	6.76	3.29	
226	6/13/13	6.89	6.89	6.67	6.76	2091800	3.29	2471	中超电缆	SZ	6.91	3.37	
227	6/12/13	6.91	6.91	6.91	6.91	0	3.37	2471	中超电缆	SZ	6.91	3.37	
228	6/11/13	6.91	6.91	6.91	6.91	0	3.37	2471	中超电缆	SZ	6.91	3.37	
229	6/10/13	6.91	6.91	6.91	6.91	0	3.37	2471	中超电缆	SZ	6.91	3.37	
230	6/7/13	7.12	7.12	6.8	6.91	2621700	3.37	2471	中超电缆	SZ	7.05	3.43	
231	6/6/13	7.17	7.25	7.03	7.05	3827600	3.43	2471	中超电缆	SZ	7.11	3.46	
232	6/5/13	7.03	7.18	6.95	7.11	2366400	3.46	2471	中超电缆	SZ	6.97	3.39	
233	6/4/13	7.14	7.16	6.93	6.97	3952900	3.39	2471	中超电缆	SZ	7.14	3.47	
234	6/3/13	7.22	7.29	7.13	7.14	2678300	3.47	2471	中超电缆	SZ	7.23	3.52	
235	5/31/13	7.24	7.28	7.18	7.23	3134700	3.52	2471	中超电缆	SZ	7.23	3.52	
236	5/30/13	7.49	7.49	7.15	7.23	7518300	3.52	2471	中超电缆	SZ	7.45	3.63	
237	5/29/13	7.45	7.54	7.38	7.45	4605700	3.63	2471	中超电缆	SZ	7.53	3.66	
238	5/28/13	7.47	7.58	7.36	7.53	5787600	3.66	2471	中超电缆	SZ	7.47	3.64	
239	5/27/13	7.51	7.72	7.45	7.47	6616400	3.64	2471	中超电缆	SZ	7.44	3.62	
240	5/24/13	7.3	7.49	7.28	7.44	3551800	3.62	2471	中超电缆	SZ	7.3	3.55	
241	5/23/13	7.4	7.44	7.28	7.3	4704600	3.55	2471	中超电缆	SZ	7.48	3.64	
242	5/22/13	7.47	7.53	7.28	7.48	5080200	3.64	2471	中超电缆	SZ	7.47	3.64	
243	5/21/13	7.45	7.56	7.37	7.47	5800900	3.64	2471	中超电缆	SZ	7.43	3.62	
244	5/20/13	7.2	7.49	7.18	7.43	6437600	3.62	2471	中超电缆	SZ	7.2	3.51	
245	5/17/13	7.18	7.3	7.1	7.2	3684500	3.51	2471	中超电缆	SZ	7.18	3.5	
246	5/16/13	7.22	7.3	7.11	7.18	4406900	3.5	2471	中超电缆	SZ	7.22	3.52	
247	5/15/13	6.91	7.24	6.9	7.22	4854300	3.52	2471	中超电缆	SZ	6.91	3.37	
248	5/14/13	7.1	7.1	6.87	6.91	3162000	3.37	2471	中超电缆	SZ	7.06	3.44	
249	5/13/13	7.09	7.22	7.03	7.06	4786500	3.44	2471	中超电缆	SZ	7.08	3.45	
250	5/10/13	6.99	7.09	6.91	7.08	3963300	3.45	2471	中超电缆	SZ	6.99	3.4	
251	5/9/13	6.87	7.01	6.81	6.99	4334100	3.4	2471	中超电缆	SZ	6.88	3.35	
252	5/8/13	6.91	6.95	6.8	6.88	2418800	3.35	2471	中超电缆	SZ	6.88	3.35	
253	5/7/13	6.93	6.95	6.82	6.88	2197300	3.35	2471	中超电缆	SZ	6.92	3.37	
254	5/6/13	6.88	6.93	6.81	6.92	2755800	3.37	2471	中超电缆	SZ	6.84	3.33	
255	5/3/13	6.8	6.93	6.8	6.84	3341400	3.33	2471	中超电缆	SZ	6.8	3.31	
256	5/2/13	6.6	6.83	6.53	6.8	2435300	3.31	2471	中超电缆	SZ	6.65	3.24	
257	5/1/13	6.65	6.65	6.65	6.65	0	3.24	2471	中超电缆	SZ	6.65	3.24	
258	4/30/13	6.65	6.65	6.65	6.65	0	3.24	2471	中超电缆	SZ	6.65	3.24	
259	4/29/13	6.65	6.65	6.65	6.65	0	3.24	2471	中超电缆	SZ	6.65	3.24	
260	4/26/13	6.75	6.85	6.61	6.65	2423100	3.24	2471	中超电缆	SZ	6.76	3.29	
261	4/25/13	6.72	6.93	6.68	6.76	4916200	3.29	2471	中超电缆	SZ	6.7	3.27	
262	4/24/13	6.46	6.7	6.45	6.7	2276500	3.27	2471	中超电缆	SZ	6.5	3.17	
263	4/23/13	6.7	6.75	6.5	6.5	2661400	3.17	2471	中超电缆	SZ	6.7	3.26	
264	4/22/13	6.59	6.7	6.58	6.7	3002300	3.26	2471	中超电缆	SZ	6.59	3.21	
265	4/19/13	6.47	6.63	6.47	6.59	2235500	3.21	2471	中超电缆	SZ	6.5	3.17	
266	4/18/13	6.38	6.52	6.34	6.5	1467600	3.17	2471	中超电缆	SZ	6.41	3.12	
267	4/17/13	6.4	6.44	6.34	6.41	1263600	3.12	2471	中超电缆	SZ	6.43	3.13	
268	4/16/13	6.32	6.49	6.32	6.43	1089000	3.13	2471	中超电缆	SZ	6.41	3.12	
269	4/15/13	6.45	6.57	6.38	6.41	1104700	3.12	2471	中超电缆	SZ	6.55	3.19	
270	4/12/13	6.61	6.75	6.51	6.55	3964500	3.19	2471	中超电缆	SZ	6.51	3.17	
271	4/11/13	6.32	6.56	6.28	6.51	2843600	3.17	2471	中超电缆	SZ	6.3	3.07	
272	4/10/13	6.4	6.47	6.24	6.3	1653200	3.07	2471	中超电缆	SZ	6.44	3.14	
273	4/9/13	6.38	6.55	6.38	6.44	1397700	3.14	2471	中超电缆	SZ	6.4	3.12	
274	4/8/13	6.4	6.47	6.3	6.4	1571500	3.12	2471	中超电缆	SZ	6.53	3.18	
275	4/5/13	6.53	6.53	6.53	6.53	0	3.18	2471	中超电缆	SZ	6.53	3.18	
276	4/4/13	6.53	6.53	6.53	6.53	0	3.18	2471	中超电缆	SZ	6.53	3.18	
277	4/3/13	6.51	6.62	6.28	6.53	4169200	3.18	2471	中超电缆	SZ	6.65	3.24	
278	4/2/13	6.86	6.93	6.65	6.65	2744300	3.24	2471	中超电缆	SZ	6.87	3.35	
279	4/1/13	6.72	6.88	6.66	6.87	3450600	3.35	2471	中超电缆	SZ	6.72	3.27	
280	3/29/13	6.7	6.79	6.63	6.72	2409500	3.27	2471	中超电缆	SZ	6.66	3.25	
281	3/28/13	6.68	6.74	6.6	6.66	2716500	3.25	2471	中超电缆	SZ	6.78	3.3	
282	3/27/13	6.87	6.91	6.7	6.78	4034300	3.3	2471	中超电缆	SZ	6.9	3.36	
283	3/26/13	6.86	6.99	6.8	6.9	3929500	3.36	2471	中超电缆	SZ	6.88	3.35	
284	3/25/13	7.04	7.04	6.83	6.88	5270400	3.35	2471	中超电缆	SZ	7.03	3.43	
285	3/22/13	7.15	7.22	6.95	7.03	7087000	3.43	2471	中超电缆	SZ	7.09	3.45	
286	3/21/13	7	7.37	6.9	7.09	9685300	3.45	2471	中超电缆	SZ	7.06	3.44	
287	3/20/13	6.93	7.11	6.9	7.06	8517300	3.44	2471	中超电缆	SZ	7.07	3.45	
288	3/19/13	6.47	7.14	6.46	7.07	11753700	3.45	2471	中超电缆	SZ	6.5	3.17	
289	3/18/13	6.65	6.74	6.45	6.5	5686200	3.17	2471	中超电缆	SZ	6.84	3.33	
290	3/15/13	6.59	7.09	6.57	6.84	12240800	3.33	2471	中超电缆	SZ	6.53	3.18	
291	3/14/13	6.35	6.82	6.21	6.53	5482200	3.18	2471	中超电缆	SZ	6.2	3.02	
292	3/13/13	6.33	6.33	6.18	6.2	1779000	3.02	2471	中超电缆	SZ	6.35	3.09	
293	3/12/13	6.46	6.59	6.28	6.35	2442500	3.09	2471	中超电缆	SZ	6.55	3.19	
294	3/11/13	6.57	6.6	6.45	6.55	1976100	3.19	2471	中超电缆	SZ	6.51	3.17	
295	3/8/13	6.8	6.8	6.5	6.51	4613900	3.17	2471	中超电缆	SZ	6.8	3.31	
296	3/7/13	6.59	7.07	6.49	6.8	12245200	3.31	2471	中超电缆	SZ	6.61	3.22	
297	3/6/13	6.35	6.75	6.35	6.61	5459500	3.22	2471	中超电缆	SZ	6.32	3.08	
298	3/5/13	6.18	6.36	6.18	6.32	1296400	3.08	2471	中超电缆	SZ	6.18	3.01	
299	3/4/13	6.36	6.46	6.18	6.18	2489400	3.01	2471	中超电缆	SZ	6.36	3.1	
300	3/1/13	6.35	6.38	6.31	6.36	1267700	3.1	2471	中超电缆	SZ	6.32	3.08	
301	2/28/13	6.2	6.38	6.2	6.32	1187400	3.08	2471	中超电缆	SZ	6.22	3.03	
302	2/27/13	6.25	6.38	6.19	6.22	1252400	3.03	2471	中超电缆	SZ	6.3	3.07	
303	2/26/13	6.4	6.41	6.3	6.3	1130400	3.07	2471	中超电缆	SZ	6.41	3.12	
304	2/25/13	6.39	6.44	6.32	6.41	791200	3.12	2471	中超电缆	SZ	6.34	3.09	
305	2/22/13	6.39	6.46	6.3	6.34	1368100	3.09	2471	中超电缆	SZ	6.39	3.11	
306	2/21/13	6.55	6.55	6.33	6.39	2154000	3.11	2471	中超电缆	SZ	6.59	3.21	
307	2/20/13	6.44	6.62	6.43	6.59	2576800	3.21	2471	中超电缆	SZ	6.45	3.14	
308	2/19/13	6.5	6.53	6.42	6.45	1179500	3.14	2471	中超电缆	SZ	6.5	3.17	
309	2/18/13	6.41	6.5	6.39	6.5	1734700	3.17	2471	中超电缆	SZ	6.39	3.11	
310	2/15/13	6.39	6.39	6.39	6.39	0	3.11	2471	中超电缆	SZ	6.39	3.11	
311	2/14/13	6.39	6.39	6.39	6.39	0	3.11	2471	中超电缆	SZ	6.39	3.11	
312	2/13/13	6.39	6.39	6.39	6.39	0	3.11	2471	中超电缆	SZ	6.39	3.11	
313	2/12/13	6.39	6.39	6.39	6.39	0	3.11	2471	中超电缆	SZ	6.39	3.11	
314	2/11/13	6.39	6.39	6.39	6.39	0	3.11	2471	中超电缆	SZ	6.39	3.11	
315	2/8/13	6.36	6.43	6.34	6.39	1553600	3.11	2471	中超电缆	SZ	6.35	3.09	
316	2/7/13	6.36	6.39	6.31	6.35	1131900	3.09	2471	中超电缆	SZ	6.36	3.1	
317	2/6/13	6.36	6.43	6.32	6.36	1745000	3.1	2471	中超电缆	SZ	6.39	3.11	
318	2/5/13	6.3	6.41	6.3	6.39	1332100	3.11	2471	中超电缆	SZ	6.43	3.13	
319	2/4/13	6.54	6.62	6.36	6.43	4269000	3.13	2471	中超电缆	SZ	6.5	3.17	
320	2/1/13	6.36	6.63	6.31	6.5	3903100	3.17	2471	中超电缆	SZ	6.36	3.1	
321	1/31/13	6.41	6.49	6.3	6.36	1100700	3.1	2471	中超电缆	SZ	6.41	3.12	
322	1/30/13	6.55	6.55	6.41	6.41	1055000	3.12	2471	中超电缆	SZ	6.47	3.15	
323	1/29/13	6.38	6.53	6.38	6.47	1367600	3.15	2471	中超电缆	SZ	6.43	3.13	
324	1/28/13	6.35	6.43	6.28	6.43	1125900	3.13	2471	中超电缆	SZ	6.36	3.1	
325	1/25/13	6.35	6.49	6.3	6.36	1074100	3.1	2471	中超电缆	SZ	6.35	3.09	
326	1/24/13	6.51	6.51	6.29	6.35	1420000	3.09	2471	中超电缆	SZ	6.45	3.14	
327	1/23/13	6.39	6.48	6.34	6.45	1407700	3.14	2471	中超电缆	SZ	6.39	3.11	
328	1/22/13	6.65	6.65	6.35	6.39	2310100	3.11	2471	中超电缆	SZ	6.68	3.25	
329	1/21/13	6.7	6.75	6.51	6.68	7303900	3.25	2471	中超电缆	SZ	6.75	3.29	
330	1/18/13	6.22	6.84	6.22	6.75	4883100	3.29	2471	中超电缆	SZ	6.25	3.04	
331	1/17/13	6.28	6.32	6.2	6.25	1314300	3.04	2471	中超电缆	SZ	6.28	3.06	
332	1/16/13	6.45	6.45	6.24	6.28	2085200	3.06	2471	中超电缆	SZ	6.43	3.13	
333	1/15/13	6.4	6.47	6.39	6.43	2107400	3.13	2471	中超电缆	SZ	6.36	3.1	
334	1/14/13	6.22	6.39	6.19	6.36	1863500	3.1	2471	中超电缆	SZ	6.24	3.04	
335	1/11/13	6.57	6.57	6.2	6.24	3202000	3.04	2471	中超电缆	SZ	6.57	3.2	
336	1/10/13	6.3	6.62	6.3	6.57	4025600	3.2	2471	中超电缆	SZ	6.36	3.1	
337	1/9/13	6.36	6.45	6.31	6.36	1747900	3.1	2471	中超电缆	SZ	6.4	3.12	
338	1/8/13	6.29	6.41	6.17	6.4	3718500	3.12	2471	中超电缆	SZ	6.26	3.05	
339	1/7/13	6.17	6.28	6.09	6.26	2751500	3.05	2471	中超电缆	SZ	6.24	3.04	
340	1/4/13	6.11	6.24	6.05	6.24	4167300	3.04	2471	中超电缆	SZ	6.09	2.96	
341	1/3/13	6.09	6.09	6.09	6.09	0	2.96	2471	中超电缆	SZ	6.09	2.96	
342	1/2/13	6.09	6.09	6.09	6.09	0	2.96	2471	中超电缆	SZ	6.09	2.96	
343	1/1/13	6.09	6.09	6.09	6.09	0	2.96	2471	中超电缆	SZ	6.09	2.96	
344	12/31/12	6.04	6.11	6.04	6.09	1240100	2.96	2471	中超电缆	SZ	6.04	2.94	
345	12/28/12	6.02	6.06	5.95	6.04	1269100	2.94	2471	中超电缆	SZ	6.02	2.93	
346	12/27/12	6.18	6.19	6.01	6.02	1802100	2.93	2471	中超电缆	SZ	6.14	2.99	
347	12/26/12	6.05	6.18	6.05	6.14	1352400	2.99	2471	中超电缆	SZ	6.09	2.96	
348	12/25/12	5.91	6.12	5.89	6.09	2764300	2.96	2471	中超电缆	SZ	5.91	2.88	
349	12/24/12	5.86	5.99	5.86	5.91	1571800	2.88	2471	中超电缆	SZ	5.95	2.9	
350	12/21/12	5.82	6.09	5.8	5.95	3315300	2.9	2471	中超电缆	SZ	5.79	2.82	
351	12/20/12	5.82	5.82	5.75	5.79	698900	2.82	2471	中超电缆	SZ	5.8	2.83	
352	12/19/12	5.84	5.89	5.79	5.8	819100	2.83	2471	中超电缆	SZ	5.84	2.85	
353	12/18/12	5.84	5.92	5.8	5.84	1321600	2.85	2471	中超电缆	SZ	5.84	2.85	
354	12/17/12	5.9	5.95	5.81	5.84	1064100	2.85	2471	中超电缆	SZ	5.89	2.87	
355	12/14/12	5.64	5.97	5.64	5.89	2075200	2.87	2471	中超电缆	SZ	5.64	2.74	
356	12/13/12	5.78	5.81	5.62	5.64	877000	2.74	2471	中超电缆	SZ	5.78	2.81	
357	12/12/12	5.84	5.89	5.7	5.78	1130000	2.81	2471	中超电缆	SZ	5.88	2.86	
358	12/11/12	5.9	5.97	5.8	5.88	923400	2.86	2471	中超电缆	SZ	5.9	2.87	
359	12/10/12	5.91	5.93	5.82	5.9	1319500	2.87	2471	中超电缆	SZ	5.9	2.87	
360	12/7/12	5.82	5.99	5.79	5.9	984500	2.87	2471	中超电缆	SZ	5.89	2.87	
361	12/6/12	5.66	5.99	5.66	5.89	2332100	2.87	2471	中超电缆	SZ	5.74	2.8	
362	12/5/12	5.43	5.8	5.39	5.74	2374000	2.8	2471	中超电缆	SZ	5.43	2.64	
363	12/4/12	5.3	5.45	5.29	5.43	654200	2.64	2471	中超电缆	SZ	5.42	2.64	
364	12/3/12	5.49	5.55	5.35	5.42	737500	2.64	2471	中超电缆	SZ	5.49	2.67	
365	11/30/12	5.36	5.51	5.29	5.49	728100	2.67	2471	中超电缆	SZ	5.39	2.63	
366	11/29/12	5.43	5.64	5.28	5.39	0	2.63	2471	中超电缆	SZ	5.43	2.64	
367	11/28/12	5.76	5.79	5.39	5.43	1064000	2.64	2471	中超电缆	SZ	5.8	2.83	
368	11/27/12	6.05	6.05	5.76	5.8	949500	2.83	2471	中超电缆	SZ	6.09	2.97	
369	11/26/12	6.07	6.16	6.04	6.09	712000	2.97	2471	中超电缆	SZ	6.05	2.95	
370	11/23/12	6.05	6.18	6.01	6.05	1019300	2.95	2471	中超电缆	SZ	6.04	2.94	
371	11/22/12	6.11	6.11	6.03	6.04	440900	2.94	2471	中超电缆	SZ	6.12	2.98	
372	11/21/12	6.14	6.14	6.07	6.12	476400	2.98	2471	中超电缆	SZ	6.12	2.98	
373	11/20/12	6.14	6.16	6.09	6.12	511100	2.98	2471	中超电缆	SZ	6.14	2.99	
374	11/19/12	6.22	6.22	6.07	6.14	511700	2.99	2471	中超电缆	SZ	6.2	3.02	
375	11/16/12	6.13	6.2	6.04	6.2	1268100	3.02	2471	中超电缆	SZ	6.17	3	
376	11/15/12	6.04	6.2	6.03	6.17	881500	3	2471	中超电缆	SZ	6.15	3	
377	11/14/12	6.3	6.3	6.03	6.15	1649300	3	2471	中超电缆	SZ	6.32	3.08	
378	11/13/12	6.41	6.49	6.32	6.32	768700	3.08	2471	中超电缆	SZ	6.39	3.11	
379	11/12/12	6.34	6.48	6.3	6.39	691400	3.11	2471	中超电缆	SZ	6.37	3.1	
380	11/9/12	6.56	6.6	6.25	6.37	1580000	3.1	2471	中超电缆	SZ	6.64	3.23	
381	11/8/12	6.65	6.7	6.51	6.64	1485900	3.23	2471	中超电缆	SZ	6.64	3.23	
382	11/7/12	6.64	6.74	6.6	6.64	1509400	3.23	2471	中超电缆	SZ	6.65	3.24	
383	11/6/12	6.6	6.66	6.55	6.65	1084500	3.24	2471	中超电缆	SZ	6.65	3.24	
384	11/5/12	6.68	6.68	6.55	6.65	1073500	3.24	2471	中超电缆	SZ	6.68	3.25	
385	11/2/12	6.68	6.7	6.6	6.68	962700	3.25	2471	中超电缆	SZ	6.7	3.26	
386	11/1/12	6.66	6.74	6.63	6.7	1749900	3.26	2471	中超电缆	SZ	6.65	3.24	
387	10/31/12	6.61	6.66	6.53	6.65	967100	3.24	2471	中超电缆	SZ	6.63	3.23	
388	10/30/12	6.62	6.67	6.61	6.63	640800	3.23	2471	中超电缆	SZ	6.64	3.23	
389	10/29/12	6.62	6.68	6.55	6.64	718500	3.23	2471	中超电缆	SZ	6.65	3.24	
390	10/26/12	6.62	6.68	6.53	6.65	1194400	3.24	2471	中超电缆	SZ	6.64	3.23	
391	10/25/12	6.85	6.9	6.52	6.64	3090600	3.23	2471	中超电缆	SZ	6.89	3.36	
392	10/24/12	6.91	6.97	6.86	6.89	1096400	3.36	2471	中超电缆	SZ	6.91	3.37	
393	10/23/12	6.93	6.97	6.91	6.91	818200	3.37	2471	中超电缆	SZ	6.95	3.39	
394	10/22/12	6.97	6.99	6.91	6.95	1048700	3.39	2471	中超电缆	SZ	6.96	3.39	
395	10/19/12	7	7.03	6.91	6.96	839600	3.39	2471	中超电缆	SZ	6.97	3.39	
396	10/18/12	6.96	7	6.93	6.97	1620500	3.39	2471	中超电缆	SZ	6.96	3.39	
397	10/17/12	7	7.03	6.91	6.96	1012600	3.39	2471	中超电缆	SZ	7	3.41	
398	10/16/12	6.99	7.03	6.93	7	764700	3.41	2471	中超电缆	SZ	6.99	3.4	
399	10/15/12	7.05	7.09	6.93	6.99	852600	3.4	2471	中超电缆	SZ	7.05	3.43	
400	10/12/12	7.05	7.13	6.97	7.05	1939300	3.43	2471	中超电缆	SZ	7.11	3.46	
401	10/11/12	6.95	7.14	6.84	7.11	5119800	3.46	2471	中超电缆	SZ	6.95	3.38	
402	10/10/12	6.98	6.99	6.91	6.95	1550500	3.38	2471	中超电缆	SZ	6.97	3.39	
403	10/9/12	6.93	7	6.87	6.97	2352700	3.39	2471	中超电缆	SZ	6.93	3.38	
404	10/8/12	6.83	6.99	6.83	6.93	1444300	3.38	2471	中超电缆	SZ	6.89	3.35	
405	10/5/12	6.89	6.89	6.89	6.89	0	3.35	2471	中超电缆	SZ	6.89	3.35	
406	10/4/12	6.89	6.89	6.89	6.89	0	3.35	2471	中超电缆	SZ	6.89	3.35	
407	10/3/12	6.89	6.89	6.89	6.89	0	3.35	2471	中超电缆	SZ	6.89	3.35	
408	10/2/12	6.89	6.89	6.89	6.89	0	3.35	2471	中超电缆	SZ	6.89	3.35	
409	10/1/12	6.89	6.89	6.89	6.89	0	3.35	2471	中超电缆	SZ	6.89	3.35	
410	9/28/12	6.82	6.93	6.78	6.89	1016400	3.35	2471	中超电缆	SZ	6.82	3.32	
411	9/27/12	6.69	6.99	6.69	6.82	2179300	3.32	2471	中超电缆	SZ	6.74	3.28	
412	9/26/12	6.69	6.78	6.62	6.74	1071800	3.28	2471	中超电缆	SZ	6.74	3.28	
413	9/25/12	6.8	6.8	6.65	6.74	597300	3.28	2471	中超电缆	SZ	6.72	3.28	
414	9/24/12	6.61	6.78	6.61	6.72	801500	3.28	2471	中超电缆	SZ	6.7	3.27	
415	9/21/12	6.72	6.84	6.7	6.7	806400	3.27	2471	中超电缆	SZ	6.76	3.29	
416	9/20/12	6.88	6.88	6.7	6.76	1361700	3.29	2471	中超电缆	SZ	6.88	3.35	
417	9/19/12	6.88	6.95	6.82	6.88	1360600	3.35	2471	中超电缆	SZ	6.88	3.35	
418	9/18/12	6.93	6.98	6.8	6.88	1000400	3.35	2471	中超电缆	SZ	6.95	3.38	
419	9/17/12	6.97	7.02	6.81	6.95	2071700	3.38	2471	中超电缆	SZ	7.01	3.42	
420	9/14/12	7.09	7.18	6.9	7.01	2170500	3.42	2471	中超电缆	SZ	6.99	3.4	
421	9/13/12	7.07	7.08	6.97	6.99	1427500	3.4	2471	中超电缆	SZ	7.05	3.43	
422	9/12/12	7.05	7.14	7	7.05	2203300	3.43	2471	中超电缆	SZ	7.06	3.44	
423	9/11/12	7.16	7.16	7.05	7.06	2130100	3.44	2471	中超电缆	SZ	7.18	3.5	
424	9/10/12	7.05	7.24	7.05	7.18	4308900	3.5	2471	中超电缆	SZ	7.09	3.45	
425	9/7/12	6.97	7.25	6.95	7.09	4475900	3.45	2471	中超电缆	SZ	6.97	3.4	
426	9/6/12	6.95	7.01	6.9	6.97	941800	3.4	2471	中超电缆	SZ	6.95	3.39	
427	9/5/12	6.86	7.05	6.86	6.95	2958900	3.39	2471	中超电缆	SZ	6.89	3.36	
428	9/4/12	6.86	6.91	6.76	6.89	2872100	3.36	2471	中超电缆	SZ	6.81	3.32	
429	9/3/12	6.7	6.88	6.7	6.81	2085400	3.32	2471	中超电缆	SZ	6.72	3.27	
430	8/31/12	6.6	6.74	6.6	6.72	1859100	3.27	2471	中超电缆	SZ	6.64	3.23	
431	8/30/12	6.91	7	6.6	6.64	3046600	3.23	2471	中超电缆	SZ	6.91	3.37	
432	8/29/12	6.91	6.98	6.88	6.91	1741900	3.37	2471	中超电缆	SZ	6.93	3.37	
433	8/28/12	7.01	7.24	6.85	6.93	3655300	3.37	2471	中超电缆	SZ	7.01	3.42	
434	8/27/12	7.33	7.4	6.89	7.01	7036300	3.42	2471	中超电缆	SZ	7.38	3.59	
435	8/24/12	7.36	7.45	7.31	7.38	3324100	3.59	2471	中超电缆	SZ	7.38	3.59	
436	8/23/12	7.22	7.49	7.2	7.38	5053200	3.59	2471	中超电缆	SZ	7.26	3.54	
437	8/22/12	7.36	7.39	7.26	7.26	4252200	3.54	2471	中超电缆	SZ	7.38	3.59	
438	8/21/12	7.38	7.46	7.34	7.38	4728100	3.59	2471	中超电缆	SZ	7.37	3.59	
439	8/20/12	7.25	7.43	7.2	7.37	3887400	3.59	2471	中超电缆	SZ	7.34	3.57	
440	8/17/12	7.18	7.44	7.16	7.34	5792600	3.57	2471	中超电缆	SZ	7.22	3.52	
441	8/16/12	7.32	7.41	7.18	7.22	3284500	3.52	2471	中超电缆	SZ	7.32	3.57	
442	8/15/12	7.32	7.33	7.18	7.32	3344400	3.57	2471	中超电缆	SZ	7.32	3.57	
443	8/14/12	7.19	7.4	7.11	7.32	4807700	3.57	2471	中超电缆	SZ	7.2	3.51	
444	8/13/12	7.3	7.38	7.15	7.2	4085900	3.51	2471	中超电缆	SZ	7.3	3.56	
445	8/10/12	7.4	7.44	7.26	7.3	4456100	3.56	2471	中超电缆	SZ	7.41	3.61	
446	8/9/12	7.36	7.53	7.31	7.41	8379600	3.61	2471	中超电缆	SZ	7.43	3.62	
447	8/8/12	7.21	7.59	7.03	7.43	11371500	3.62	2471	中超电缆	SZ	7.22	3.52	
448	8/7/12	7.26	7.31	7.11	7.22	6230000	3.52	2471	中超电缆	SZ	7.28	3.55	
449	8/6/12	7.28	7.37	7.12	7.28	7650400	3.55	2471	中超电缆	SZ	7.24	3.53	
450	8/3/12	7.11	7.25	7.02	7.24	5638100	3.53	2471	中超电缆	SZ	7.07	3.44	
451	8/2/12	7.22	7.25	7.01	7.07	5164100	3.44	2471	中超电缆	SZ	7.26	3.54	
452	8/1/12	7.09	7.32	7	7.26	9725700	3.54	2471	中超电缆	SZ	7.14	3.48	
453	7/31/12	6.91	7.16	6.76	7.14	7906800	3.48	2471	中超电缆	SZ	6.93	3.37	
454	7/30/12	7	7.05	6.74	6.93	5819900	3.37	2471	中超电缆	SZ	6.97	3.4	
455	7/27/12	7.18	7.18	6.96	6.97	7131000	3.4	2471	中超电缆	SZ	7.18	3.5	
456	7/26/12	6.7	7.18	6.7	7.18	11518100	3.5	2471	中超电缆	SZ	6.72	3.27	
457	7/25/12	6.93	6.93	6.72	6.72	3263800	3.27	2471	中超电缆	SZ	6.95	3.39	
458	7/24/12	6.9	7	6.86	6.95	3159900	3.39	2471	中超电缆	SZ	6.94	3.38	
459	7/23/12	6.97	7.02	6.85	6.94	4975800	3.38	2471	中超电缆	SZ	6.95	3.38	
460	7/20/12	6.68	7.05	6.62	6.95	8469700	3.38	2471	中超电缆	SZ	6.7	3.26	
461	7/19/12	6.69	6.78	6.6	6.7	2444100	3.26	2471	中超电缆	SZ	6.69	3.26	
462	7/18/12	6.78	6.82	6.57	6.69	2397300	3.26	2471	中超电缆	SZ	6.78	3.3	
463	7/17/12	6.74	6.82	6.66	6.78	2954300	3.3	2471	中超电缆	SZ	6.72	3.27	
464	7/16/12	6.72	6.77	6.55	6.72	2307500	3.27	2471	中超电缆	SZ	6.71	3.27	
465	7/13/12	6.78	6.89	6.68	6.71	2703600	3.27	2471	中超电缆	SZ	6.85	3.34	
466	7/12/12	6.9	7.15	6.68	6.85	6608500	3.34	2471	中超电缆	SZ	6.82	3.32	
467	7/11/12	6.72	6.95	6.66	6.82	5027100	3.32	2471	中超电缆	SZ	6.73	3.28	
468	7/10/12	6.68	6.78	6.57	6.73	2542800	3.28	2471	中超电缆	SZ	6.68	3.26	
469	7/9/12	6.64	6.8	6.57	6.68	4353700	3.26	2471	中超电缆	SZ	6.62	3.23	
470	7/6/12	6.41	6.65	6.41	6.62	3042300	3.23	2471	中超电缆	SZ	6.41	3.12	
471	7/5/12	6.49	6.59	6.35	6.41	1211900	3.12	2471	中超电缆	SZ	6.46	3.15	
472	7/4/12	6.49	6.62	6.41	6.46	1355500	3.15	2471	中超电缆	SZ	6.49	3.16	
473	7/3/12	6.54	6.55	6.41	6.49	1508800	3.16	2471	中超电缆	SZ	6.51	3.17	
474	7/2/12	6.36	6.64	6.36	6.51	1242000	3.17	2471	中超电缆	SZ	6.43	3.13	
475	6/29/12	6.43	6.43	6.43	6.43	0	3.13	2471	中超电缆	SZ	6.43	3.13	
476	6/28/12	6.55	6.65	6.43	6.43	1256800	3.13	2471	中超电缆	SZ	6.51	3.17	
477	6/27/12	6.51	6.56	6.41	6.51	1639600	3.17	2471	中超电缆	SZ	6.49	3.16	
478	6/26/12	6.49	6.57	6.32	6.49	1389300	3.16	2471	中超电缆	SZ	6.5	3.17	
479	6/25/12	6.72	6.79	6.38	6.5	4433900	3.17	2471	中超电缆	SZ	6.84	3.33	
480	6/22/12	6.84	6.84	6.84	6.84	0	3.33	2471	中超电缆	SZ	6.84	3.33	
481	6/21/12	6.9	7.09	6.75	6.84	5819700	3.33	2471	中超电缆	SZ	6.95	3.38	
482	6/20/12	6.88	6.97	6.8	6.95	4217400	3.38	2471	中超电缆	SZ	6.87	3.35	
483	6/19/12	6.69	6.87	6.68	6.87	4003400	3.35	2471	中超电缆	SZ	6.74	3.28	
484	6/18/12	6.79	6.87	6.72	6.74	3393900	3.28	2471	中超电缆	SZ	6.79	3.31	
485	6/15/12	6.61	6.89	6.61	6.79	6113600	3.31	2471	中超电缆	SZ	6.7	3.26	
486	6/14/12	6.65	6.84	6.64	6.7	6269700	3.26	2471	中超电缆	SZ	6.55	3.19	
487	6/13/12	6.43	6.55	6.43	6.55	1891900	3.19	2471	中超电缆	SZ	6.43	3.13	
488	6/12/12	6.4	6.59	6.26	6.43	2757700	3.13	2471	中超电缆	SZ	6.48	3.16	
489	6/11/12	6.47	6.59	6.31	6.48	2187000	3.16	2471	中超电缆	SZ	6.55	3.19	
490	6/8/12	6.55	6.55	6.55	6.55	0	3.19	2471	中超电缆	SZ	6.55	3.19	
491	6/7/12	6.45	6.78	6.45	6.55	2594600	3.19	2471	中超电缆	SZ	6.46	3.15	
492	6/6/12	6.66	6.72	6.43	6.46	1168100	3.15	2471	中超电缆	SZ	6.49	3.16	
493	6/5/12	6.59	6.59	6.43	6.49	1266800	3.16	2471	中超电缆	SZ	6.53	3.11	
494	6/4/12	6.62	6.68	6.51	6.53	1647100	3.11	2471	中超电缆	SZ	6.72	3.2	
495	6/1/12	6.8	6.86	6.64	6.72	1755300	3.2	2471	中超电缆	SZ	6.78	3.24	
496	5/31/12	6.72	6.9	6.7	6.78	2281200	3.24	2471	中超电缆	SZ	6.76	3.23	
497	5/30/12	6.7	6.88	6.68	6.76	2172100	3.23	2471	中超电缆	SZ	6.7	3.2	
498	5/29/12	6.7	6.75	6.59	6.7	2735900	3.2	2471	中超电缆	SZ	6.67	3.18	
499	5/28/12	6.52	6.67	6.36	6.67	1781300	3.18	2471	中超电缆	SZ	6.49	3.1	
500	5/25/12	6.47	6.55	6.45	6.49	1386400	3.1	2471	中超电缆	SZ	6.53	3.11	
501	5/24/12	6.5	6.64	6.4	6.53	1273200	3.11	2471	中超电缆	SZ	6.53	3.11	
502	5/23/12	6.53	6.53	6.53	6.53	0	3.11	2471	中超电缆	SZ	6.53	3.11	
503	5/22/12	6.49	6.53	6.43	6.53	1174700	3.11	2471	中超电缆	SZ	6.43	3.06	
504	5/21/12	6.59	6.65	6.36	6.43	1624500	3.06	2471	中超电缆	SZ	6.59	3.14	
505	5/18/12	6.78	6.78	6.57	6.59	1337900	3.14	2471	中超电缆	SZ	6.78	3.23	
506	5/17/12	6.64	6.8	6.63	6.78	2319700	3.23	2471	中超电缆	SZ	6.64	3.17	
507	5/16/12	6.67	6.72	6.56	6.64	1553400	3.17	2471	中超电缆	SZ	6.64	3.17	
508	5/15/12	6.73	6.74	6.58	6.64	1581000	3.17	2471	中超电缆	SZ	6.75	3.22	
509	5/14/12	6.82	6.84	6.68	6.75	2300300	3.22	2471	中超电缆	SZ	6.77	3.23	
510	5/11/12	6.8	6.89	6.64	6.77	4174300	3.23	2471	中超电缆	SZ	6.78	3.23	
511	5/10/12	6.88	6.97	6.58	6.78	6814400	3.23	2471	中超电缆	SZ	6.88	3.28	
512	5/9/12	7.05	7.22	6.83	6.88	5567600	3.28	2471	中超电缆	SZ	7.15	3.41	
513	5/8/12	7.05	7.25	6.93	7.15	7721500	3.41	2471	中超电缆	SZ	7.1	3.39	
514	5/7/12	6.84	7.1	6.76	7.1	5807900	3.39	2471	中超电缆	SZ	6.91	3.29	
515	5/4/12	6.78	6.98	6.66	6.91	6817500	3.29	2471	中超电缆	SZ	6.74	3.21	
516	5/3/12	6.55	6.74	6.55	6.74	4106200	3.21	2471	中超电缆	SZ	6.55	3.13	
517	5/2/12	6.51	6.61	6.45	6.55	2358500	3.13	2471	中超电缆	SZ	6.47	3.09	
518	5/1/12	6.47	6.47	6.47	6.47	0	3.09	2471	中超电缆	SZ	6.47	3.09	
519	4/30/12	6.47	6.47	6.47	6.47	0	3.09	2471	中超电缆	SZ	6.47	3.09	
520	4/27/12	6.61	6.65	6.45	6.47	2900900	3.09	2471	中超电缆	SZ	6.61	3.15	
521	4/26/12	6.59	6.69	6.45	6.61	3099800	3.15	2471	中超电缆	SZ	6.59	3.14	
522	4/25/12	6.59	6.7	6.5	6.59	3403600	3.14	2471	中超电缆	SZ	6.55	3.12	
523	4/24/12	6.61	6.7	6.3	6.55	3267100	3.12	2471	中超电缆	SZ	6.7	3.2	
524	4/23/12	6.55	6.8	6.51	6.7	6808500	3.2	2471	中超电缆	SZ	6.57	3.13	
525	4/20/12	6.55	6.63	6.45	6.57	3590700	3.13	2471	中超电缆	SZ	6.58	3.14	
526	4/19/12	6.71	6.72	6.47	6.58	5855200	3.14	2471	中超电缆	SZ	6.63	3.16	
527	4/18/12	6	6.63	6	6.63	7515300	3.16	2471	中超电缆	SZ	6.03	2.87	
528	4/17/12	6.18	6.18	6.03	6.03	1110500	2.87	2471	中超电缆	SZ	6.18	2.95	
529	4/16/12	6.11	6.19	6.09	6.18	1720800	2.95	2471	中超电缆	SZ	6.11	2.92	
530	4/13/12	6.11	6.11	6.11	6.11	0	2.92	2471	中超电缆	SZ	6.11	2.92	
531	4/12/12	6.07	6.18	6	6.11	1971000	2.92	2471	中超电缆	SZ	6.11	2.91	
532	4/11/12	5.76	6.25	5.76	6.11	2845600	2.91	2471	中超电缆	SZ	5.91	2.82	
533	4/10/12	5.86	5.91	5.69	5.91	952700	2.82	2471	中超电缆	SZ	5.86	2.79	
534	4/9/12	5.86	5.95	5.82	5.86	887400	2.79	2471	中超电缆	SZ	5.9	2.81	
535	4/6/12	5.87	5.96	5.77	5.9	1002400	2.81	2471	中超电缆	SZ	5.87	2.8	
536	4/5/12	5.65	5.9	5.65	5.87	1199400	2.8	2471	中超电缆	SZ	5.7	2.72	
537	4/4/12	5.7	5.7	5.7	5.7	0	2.72	2471	中超电缆	SZ	5.7	2.72	
538	4/3/12	5.7	5.7	5.7	5.7	0	2.72	2471	中超电缆	SZ	5.7	2.72	
539	4/2/12	5.7	5.7	5.7	5.7	0	2.72	2471	中超电缆	SZ	5.7	2.72	
540	3/30/12	5.89	5.95	5.68	5.7	1954200	2.72	2471	中超电缆	SZ	5.88	2.8	
541	3/29/12	6.11	6.11	5.86	5.88	1447100	2.8	2471	中超电缆	SZ	6.09	2.9	
542	3/28/12	6.39	6.47	6.07	6.09	2403500	2.9	2471	中超电缆	SZ	6.49	3.1	
543	3/27/12	6.43	6.61	6.43	6.49	1505800	3.1	2471	中超电缆	SZ	6.44	3.07	
544	3/26/12	6.47	6.55	6.38	6.44	1446500	3.07	2471	中超电缆	SZ	6.47	3.09	
545	3/23/12	6.64	6.64	6.45	6.47	2926500	3.09	2471	中超电缆	SZ	6.73	3.21	
546	3/22/12	6.45	6.79	6.33	6.73	5343800	3.21	2471	中超电缆	SZ	6.45	3.08	
547	3/21/12	6.41	6.56	6.39	6.45	2055500	3.08	2471	中超电缆	SZ	6.41	3.05	
548	3/20/12	6.6	6.6	6.4	6.41	2370900	3.05	2471	中超电缆	SZ	6.61	3.15	
549	3/19/12	6.47	6.64	6.41	6.61	2430500	3.15	2471	中超电缆	SZ	6.49	3.09	
550	3/16/12	6.46	6.49	6.32	6.49	3524400	3.09	2471	中超电缆	SZ	6.39	3.05	
551	3/15/12	6.68	6.68	6.19	6.39	4654900	3.05	2471	中超电缆	SZ	6.64	3.17	
552	3/14/12	6.9	7.08	6.5	6.64	7687300	3.17	2471	中超电缆	SZ	6.89	3.29	
553	3/13/12	6.66	6.98	6.65	6.89	6308900	3.29	2471	中超电缆	SZ	6.65	3.17	
554	3/12/12	6.68	6.72	6.6	6.65	2561800	3.17	2471	中超电缆	SZ	6.68	3.19	
555	3/9/12	6.57	6.68	6.53	6.68	2184500	3.19	2471	中超电缆	SZ	6.53	3.12	
556	3/8/12	6.42	6.6	6.42	6.53	2529200	3.12	2471	中超电缆	SZ	6.41	3.05	
557	3/7/12	6.51	6.55	6.41	6.41	2498600	3.05	2471	中超电缆	SZ	6.54	3.12	
558	3/6/12	6.68	6.68	6.53	6.54	3061200	3.12	2471	中超电缆	SZ	6.7	3.2	
559	3/5/12	6.76	6.84	6.68	6.7	2639000	3.2	2471	中超电缆	SZ	6.76	3.22	
560	3/2/12	6.64	6.78	6.64	6.76	2370000	3.22	2471	中超电缆	SZ	6.64	3.17	
561	3/1/12	6.56	6.7	6.56	6.64	1340000	3.17	2471	中超电缆	SZ	6.63	3.16	
562	2/29/12	6.67	6.76	6.59	6.63	2270900	3.16	2471	中超电缆	SZ	6.69	3.19	
563	2/28/12	6.8	6.82	6.64	6.69	2707100	3.19	2471	中超电缆	SZ	6.85	3.27	
564	2/27/12	6.96	7.05	6.85	6.85	5177900	3.27	2471	中超电缆	SZ	6.87	3.28	
565	2/24/12	6.88	6.89	6.76	6.87	4024300	3.28	2471	中超电缆	SZ	6.87	3.28	
566	2/23/12	6.7	6.91	6.66	6.87	5920400	3.28	2471	中超电缆	SZ	6.71	3.2	
567	2/22/12	6.51	6.75	6.51	6.71	3718800	3.2	2471	中超电缆	SZ	6.57	3.14	
568	2/21/12	6.59	6.62	6.39	6.57	2425300	3.14	2471	中超电缆	SZ	6.59	3.14	
569	2/20/12	6.57	6.66	6.51	6.59	3144500	3.14	2471	中超电缆	SZ	6.46	3.08	
570	2/17/12	6.59	6.66	6.43	6.46	2147900	3.08	2471	中超电缆	SZ	6.57	3.13	
571	2/16/12	6.7	6.8	6.53	6.57	3425400	3.13	2471	中超电缆	SZ	6.68	3.18	
572	2/15/12	6.56	6.76	6.49	6.68	4006200	3.18	2471	中超电缆	SZ	6.53	3.12	
573	2/14/12	6.59	6.64	6.51	6.53	1689200	3.12	2471	中超电缆	SZ	6.59	3.15	
574	2/13/12	6.58	6.64	6.43	6.59	2678900	3.15	2471	中超电缆	SZ	6.51	3.11	
575	2/10/12	6.49	6.62	6.43	6.51	2988700	3.11	2471	中超电缆	SZ	6.47	3.09	
576	2/9/12	6.45	6.55	6.4	6.47	3047600	3.09	2471	中超电缆	SZ	6.43	3.06	
577	2/8/12	6.2	6.43	6.18	6.43	1941600	3.06	2471	中超电缆	SZ	6.28	2.99	
578	2/7/12	6.47	6.47	6.2	6.28	1903700	2.99	2471	中超电缆	SZ	6.43	3.06	
579	2/6/12	6.39	6.45	6.34	6.43	1933900	3.06	2471	中超电缆	SZ	6.39	3.05	
580	2/3/12	6.18	6.53	6.15	6.39	2662700	3.05	2471	中超电缆	SZ	6.2	2.96	
581	2/2/12	6.01	6.22	6.01	6.2	1354900	2.96	2471	中超电缆	SZ	6.01	2.87	
582	2/1/12	6.12	6.18	6	6.01	1389500	2.87	2471	中超电缆	SZ	6.13	2.92	
583	1/31/12	6.09	6.18	6.05	6.13	842700	2.92	2471	中超电缆	SZ	6.11	2.92	
584	1/30/12	6.28	6.38	6.11	6.11	1153100	2.92	2471	中超电缆	SZ	6.25	2.98	
585	1/27/12	6.25	6.25	6.25	6.25	0	2.98	2471	中超电缆	SZ	6.25	2.98	
586	1/26/12	6.25	6.25	6.25	6.25	0	2.98	2471	中超电缆	SZ	6.25	2.98	
587	1/25/12	6.25	6.25	6.25	6.25	0	2.98	2471	中超电缆	SZ	6.25	2.98	
588	1/24/12	6.25	6.25	6.25	6.25	0	2.98	2471	中超电缆	SZ	6.25	2.98	
589	1/23/12	6.25	6.25	6.25	6.25	0	2.98	2471	中超电缆	SZ	6.25	2.98	
590	1/20/12	6.36	6.43	6.23	6.25	1570600	2.98	2471	中超电缆	SZ	6.36	3.03	
591	1/19/12	6.3	6.5	6.21	6.36	2246300	3.03	2471	中超电缆	SZ	6.34	3.03	
592	1/18/12	6.63	6.68	6.3	6.34	3381600	3.03	2471	中超电缆	SZ	6.74	3.21	
593	1/17/12	6.1	6.74	5.77	6.74	5926600	3.21	2471	中超电缆	SZ	6.4	3.05	
594	1/16/12	6.4	6.4	6.4	6.4	0	3.05	2471	中超电缆	SZ	6.4	3.05	
595	1/13/12	6.21	6.4	5.93	6.4	4888400	3.05	2471	中超电缆	SZ	6.3	3	
596	1/12/12	6.2	6.34	6.15	6.3	3125900	3	2471	中超电缆	SZ	6.26	2.98	
597	1/11/12	6.15	6.4	6.05	6.26	4443500	2.98	2471	中超电缆	SZ	6.09	2.9	
598	1/10/12	5.95	6.23	5.83	6.09	3067100	2.9	2471	中超电缆	SZ	5.95	2.84	
599	1/9/12	5.42	5.97	5.42	5.95	3407600	2.84	2471	中超电缆	SZ	5.47	2.61	
600	1/6/12	5.54	5.58	5	5.47	2222600	2.61	2471	中超电缆	SZ	5.54	2.64	
601	1/5/12	6	6.07	5.51	5.54	2600700	2.64	2471	中超电缆	SZ	6.09	2.9	
602	1/4/12	6.36	6.39	6.07	6.09	1859000	2.9	2471	中超电缆	SZ	6.34	3.03	
603	1/3/12	6.09	6.4	6.08	6.34	3048000	3.03	2471	中超电缆	SZ	6.34	3.03	
604	1/2/12	6.09	6.4	6.08	6.34	3048000	3.03	2471	中超电缆	SZ	6.34	3.03	
605	12/30/11	6.09	6.4	6.08	6.34	3048000	3.03	2471	中超电缆	SZ	6.09	2.91	
606	12/29/11	5.91	6.24	5.8	6.09	3383800	2.91	2471	中超电缆	SZ	6.05	2.88	
607	12/28/11	6.3	6.35	5.85	6.05	4989200	2.88	2471	中超电缆	SZ	6.5	3.1	
608	12/27/11	6.75	6.91	6.5	6.5	3305100	3.1	2471	中超电缆	SZ	6.93	3.31	
609	12/26/11	6.91	7.19	6.8	6.93	5081700	3.31	2471	中超电缆	SZ	7.28	3.47	
610	12/23/11	7.28	7.28	7.28	7.28	0	3.47	2471	中超电缆	SZ	7.28	3.47	
611	12/22/11	7.28	7.28	7.28	7.28	0	3.47	2471	中超电缆	SZ	7.28	3.47	
612	12/21/11	7.28	7.28	7.28	7.28	0	3.47	2471	中超电缆	SZ	7.28	3.47	
613	12/20/11	7.28	7.28	7.28	7.28	0	3.47	2471	中超电缆	SZ	7.28	3.47	
614	12/19/11	7.28	7.28	7.28	7.28	0	3.47	2471	中超电缆	SZ	7.28	3.47	
615	12/16/11	6.56	7.3	6.56	7.28	8770700	3.47	2471	中超电缆	SZ	6.63	3.16	
616	12/15/11	6.77	6.8	6.62	6.63	1970500	3.16	2471	中超电缆	SZ	6.76	3.22	
617	12/14/11	6.82	6.95	6.76	6.76	1626400	3.22	2471	中超电缆	SZ	6.82	3.26	
618	12/13/11	7.08	7.08	6.66	6.82	2883300	3.26	2471	中超电缆	SZ	7.09	3.38	
619	12/12/11	7.2	7.25	7.07	7.09	2348300	3.38	2471	中超电缆	SZ	7.18	3.43	
620	12/9/11	7.07	7.32	7.04	7.18	3088100	3.43	2471	中超电缆	SZ	7.18	3.42	
621	12/8/11	7.16	7.29	6.95	7.18	2448900	3.42	2471	中超电缆	SZ	7.16	3.42	
622	12/7/11	7.15	7.28	7.07	7.16	2002400	3.42	2471	中超电缆	SZ	7.18	3.43	
623	12/6/11	7.07	7.19	6.91	7.18	2278800	3.43	2471	中超电缆	SZ	7.07	3.37	
624	12/5/11	7.41	7.45	7.01	7.07	2810900	3.37	2471	中超电缆	SZ	7.41	3.54	
625	12/2/11	7.57	7.62	7.4	7.41	2654300	3.54	2471	中超电缆	SZ	7.62	3.64	
626	12/1/11	7.76	7.84	7.55	7.62	5428700	3.64	2471	中超电缆	SZ	7.51	3.58	
627	11/30/11	8.02	8.02	7.35	7.51	5781700	3.58	2471	中超电缆	SZ	8.03	3.83	
628	11/29/11	8.01	8.14	7.78	8.03	6732300	3.83	2471	中超电缆	SZ	7.89	3.76	
629	11/28/11	7.66	7.89	7.61	7.89	5451900	3.76	2471	中超电缆	SZ	7.6	3.62	
630	11/25/11	7.58	7.69	7.51	7.6	2367700	3.62	2471	中超电缆	SZ	7.57	3.61	
631	11/24/11	7.53	7.76	7.5	7.57	3048000	3.61	2471	中超电缆	SZ	7.8	3.72	
632	11/23/11	7.8	7.8	7.8	7.8	0	3.72	2471	中超电缆	SZ	7.8	3.72	
633	11/22/11	7.59	7.83	7.59	7.8	3642400	3.72	2471	中超电缆	SZ	7.73	3.69	
634	11/21/11	7.71	7.73	7.47	7.73	2732700	3.69	2471	中超电缆	SZ	7.62	3.64	
635	11/18/11	8	8	7.55	7.62	5356800	3.64	2471	中超电缆	SZ	8.07	3.85	
636	11/17/11	8.03	8.19	7.99	8.07	3849800	3.85	2471	中超电缆	SZ	8.07	3.85	
637	11/16/11	8.3	8.3	8.01	8.07	6267700	3.85	2471	中超电缆	SZ	8.28	3.95	
638	11/15/11	8.4	8.49	8.27	8.28	8913800	3.95	2471	中超电缆	SZ	8.49	4.05	
639	11/14/11	8.3	8.73	8.25	8.49	13703500	4.05	2471	中超电缆	SZ	8.19	3.91	
640	11/11/11	8.15	8.31	8.12	8.19	5365800	3.91	2471	中超电缆	SZ	8.12	3.88	
641	11/10/11	8.35	8.4	8.1	8.12	7075500	3.88	2471	中超电缆	SZ	8.45	4.03	
642	11/9/11	8.2	8.49	8.15	8.45	8428900	4.03	2471	中超电缆	SZ	8.19	3.9	
643	11/8/11	8.31	8.37	8.13	8.19	6704500	3.9	2471	中超电缆	SZ	8.31	3.97	
644	11/7/11	8.65	8.65	8.28	8.31	11659400	3.97	2471	中超电缆	SZ	8.65	4.13	
645	11/4/11	8.56	8.75	8.36	8.65	14903300	4.13	2471	中超电缆	SZ	8.58	4.09	
646	11/3/11	8.25	9.1	8.15	8.58	27247500	4.09	2471	中超电缆	SZ	8.35	3.98	
647	11/2/11	7.95	8.52	7.85	8.35	24922900	3.98	2471	中超电缆	SZ	8.06	3.84	
648	11/1/11	7.7	8.16	7.66	8.06	16329700	3.84	2471	中超电缆	SZ	7.81	3.72	
649	10/31/11	7.5	7.93	7.49	7.81	13140000	3.72	2471	中超电缆	SZ	7.59	3.62	
650	10/28/11	7.5	7.61	7.41	7.59	9055100	3.62	2471	中超电缆	SZ	7.47	3.56	
651	10/27/11	7.66	7.68	7.36	7.47	11147900	3.56	2471	中超电缆	SZ	7.64	3.64	
652	10/26/11	6.85	7.64	6.64	7.64	16264900	3.64	2471	中超电缆	SZ	6.94	3.31	
653	10/25/11	6.7	6.99	6.55	6.94	6723700	3.31	2471	中超电缆	SZ	6.8	3.25	
654	10/24/11	7.15	7.18	6.53	6.8	8981200	3.25	2471	中超电缆	SZ	7.26	3.46	
655	10/21/11	7.47	7.75	7.22	7.26	10527400	3.46	2471	中超电缆	SZ	7.46	3.56	
656	10/20/11	7.11	7.58	7.11	7.46	10938100	3.56	2471	中超电缆	SZ	7.2	3.43	
657	10/19/11	7.07	7.34	7.07	7.2	3569500	3.43	2471	中超电缆	SZ	7.02	3.35	
658	10/18/11	7.35	7.45	7.01	7.02	4804300	3.35	2471	中超电缆	SZ	7.45	3.55	
659	10/17/11	7.35	7.47	7.22	7.45	4310800	3.55	2471	中超电缆	SZ	7.35	3.51	
660	10/13/11	7.18	7.45	7.1	7.35	5944600	3.51	2471	中超电缆	SZ	7.18	3.42	
661	10/12/11	6.78	7.18	6.74	7.18	4043300	3.42	2471	中超电缆	SZ	6.83	3.26	
662	10/11/11	7.11	7.18	6.75	6.83	2577000	3.26	2471	中超电缆	SZ	6.9	3.29	
663	10/10/11	6.88	7	6.86	6.9	1942900	3.29	2471	中超电缆	SZ	6.85	3.27	
664	9/30/11	6.8	6.88	6.75	6.85	1716300	3.27	2471	中超电缆	SZ	6.78	3.23	
665	9/29/11	6.95	6.95	6.78	6.78	2944400	3.23	2471	中超电缆	SZ	6.99	3.33	
666	9/28/11	7.24	7.25	6.93	6.99	3709400	3.33	2471	中超电缆	SZ	7.2	3.43	
667	9/27/11	7.11	7.22	6.88	7.2	4280600	3.43	2471	中超电缆	SZ	6.99	3.34	
668	9/26/11	7.05	7.17	6.76	6.99	2652000	3.34	2471	中超电缆	SZ	7.07	3.37	
669	9/23/11	6.93	7.07	6.86	7.07	3075200	3.37	2471	中超电缆	SZ	7.09	3.38	
670	9/22/11	7.38	7.38	7.03	7.09	4667300	3.38	2471	中超电缆	SZ	7.43	3.54	
671	9/21/11	7.1	7.53	7.08	7.43	6636300	3.54	2471	中超电缆	SZ	7.11	3.39	
672	9/20/11	7.03	7.21	6.95	7.11	2800300	3.39	2471	中超电缆	SZ	7.05	3.36	
673	9/19/11	7.31	7.4	7.01	7.05	3472400	3.36	2471	中超电缆	SZ	7.43	3.54	
674	9/16/11	7.41	7.56	7.35	7.43	2927200	3.54	2471	中超电缆	SZ	7.4	3.53	
675	9/15/11	7.45	7.53	7.38	7.4	3831400	3.53	2471	中超电缆	SZ	7.47	3.57	
676	9/14/11	7.33	7.49	7.12	7.47	4941800	3.57	2471	中超电缆	SZ	7.28	3.47	
677	9/13/11	7.55	7.57	7.2	7.28	4938100	3.47	2471	中超电缆	SZ	7.7	3.67	
678	9/9/11	7.6	7.83	7.6	7.7	4346500	3.67	2471	中超电缆	SZ	7.64	3.64	
679	9/8/11	7.85	7.86	7.61	7.64	4911900	3.64	2471	中超电缆	SZ	7.88	3.76	
680	9/7/11	7.84	7.89	7.61	7.88	5639700	3.76	2471	中超电缆	SZ	7.68	3.66	
681	9/6/11	7.56	7.89	7.56	7.68	5017000	3.66	2471	中超电缆	SZ	7.72	3.68	
682	9/5/11	8.06	8.06	7.7	7.72	7075600	3.68	2471	中超电缆	SZ	8.07	3.85	
683	9/2/11	8.6	8.6	8.07	8.07	13545400	3.85	2471	中超电缆	SZ	8.7	4.15	
684	9/1/11	8.81	9.23	8.6	8.7	21764100	4.15	2471	中超电缆	SZ	8.73	4.16	
685	8/31/11	8.31	8.73	8.11	8.73	12023200	4.16	2471	中超电缆	SZ	8.42	4.02	
686	8/30/11	8.66	8.88	8.28	8.42	14824100	4.02	2471	中超电缆	SZ	8.65	4.13	
687	8/29/11	8.38	8.73	8.21	8.65	16328200	4.13	2471	中超电缆	SZ	8.39	4	
688	8/26/11	8.4	8.49	8.23	8.39	7643000	4	2471	中超电缆	SZ	8.47	4.04	
689	8/25/11	8.32	8.47	8.1	8.47	9599500	4.04	2471	中超电缆	SZ	8.3	3.96	
690	8/24/11	8.73	8.81	8.29	8.3	13755600	3.96	2471	中超电缆	SZ	8.73	4.17	
691	8/23/11	8.5	8.73	8.35	8.73	10788200	4.17	2471	中超电缆	SZ	8.48	4.04	
692	8/22/11	8.41	8.65	8.36	8.48	10444700	4.04	2471	中超电缆	SZ	8.41	4.01	
693	8/19/11	8.5	8.6	8.15	8.41	13791700	4.01	2471	中超电缆	SZ	8.69	4.14	
694	8/18/11	8.7	8.82	8.53	8.69	15673800	4.14	2471	中超电缆	SZ	8.9	4.24	
695	8/17/11	8.69	9.24	8.68	8.9	26480000	4.24	2471	中超电缆	SZ	8.8	4.2	
696	8/16/11	8.82	8.93	8.53	8.8	19958700	4.2	2471	中超电缆	SZ	8.89	4.24	
697	8/15/11	8.81	8.99	8.76	8.89	18760300	4.24	2471	中超电缆	SZ	9.01	4.29	
698	8/12/11	8.61	9.3	8.51	9.01	33615500	4.29	2471	中超电缆	SZ	8.66	4.13	
699	8/11/11	8.29	8.79	8.24	8.66	27316800	4.13	2471	中超电缆	SZ	8.47	4.04	
700	8/10/11	8.3	8.78	8.3	8.47	35338000	4.04	2471	中超电缆	SZ	8.05	3.84	
701	8/9/11	7	8.05	6.99	8.05	31512100	3.84	2471	中超电缆	SZ	7.32	3.49	
702	8/8/11	6.74	7.32	6.65	7.32	24118200	3.49	2471	中超电缆	SZ	6.65	3.17	
703	8/5/11	6.65	6.75	6.51	6.65	1421300	3.17	2471	中超电缆	SZ	6.85	3.27	
704	8/4/11	6.82	6.89	6.76	6.85	1557500	3.27	2471	中超电缆	SZ	6.8	3.24	
705	8/3/11	6.6	6.84	6.57	6.8	1387900	3.24	2471	中超电缆	SZ	6.7	3.2	
706	8/2/11	6.68	6.74	6.57	6.7	1287700	3.2	2471	中超电缆	SZ	6.72	3.21	
707	8/1/11	6.67	6.74	6.65	6.72	938200	3.21	2471	中超电缆	SZ	6.68	3.18	
708	7/29/11	6.8	6.84	6.64	6.68	1584200	3.18	2471	中超电缆	SZ	6.85	3.27	
709	7/28/11	6.68	6.96	6.59	6.85	2352600	3.27	2471	中超电缆	SZ	6.74	3.21	
710	7/27/11	6.65	6.76	6.64	6.74	1225900	3.21	2471	中超电缆	SZ	6.65	3.17	
711	7/26/11	6.66	6.69	6.59	6.65	1023600	3.17	2471	中超电缆	SZ	6.66	3.18	
712	7/25/11	7	7	6.61	6.66	2297100	3.18	2471	中超电缆	SZ	7.07	3.37	
713	7/22/11	7.07	7.1	7.03	7.07	1153400	3.37	2471	中超电缆	SZ	7.04	3.36	
714	7/21/11	7.12	7.13	7.03	7.04	2240200	3.36	2471	中超电缆	SZ	7.19	3.43	
715	7/20/11	7.49	7.49	7.16	7.19	5094800	3.43	2471	中超电缆	SZ	7.11	3.39	
716	7/19/11	7.18	7.24	7.05	7.11	1754600	3.39	2471	中超电缆	SZ	7.19	3.43	
717	7/18/11	7.25	7.39	7.16	7.19	2739000	3.43	2471	中超电缆	SZ	7.28	3.47	
718	7/15/11	7.23	7.4	7.18	7.28	3426300	3.47	2471	中超电缆	SZ	7.24	3.45	
719	7/14/11	7.03	7.34	7	7.24	3793800	3.45	2471	中超电缆	SZ	7.03	3.35	
720	7/13/11	6.85	7.03	6.85	7.03	1790500	3.35	2471	中超电缆	SZ	6.85	3.27	
721	7/12/11	6.99	6.99	6.84	6.85	1663900	3.27	2471	中超电缆	SZ	7.03	3.35	
722	7/11/11	7.08	7.08	6.91	7.03	2206800	3.35	2471	中超电缆	SZ	7.07	3.37	
723	7/8/11	7.18	7.55	7.01	7.07	5127300	3.37	2471	中超电缆	SZ	7.2	3.43	
724	7/6/11	7.05	7.23	7.05	7.2	3349900	3.43	2471	中超电缆	SZ	7.11	3.39	
725	7/5/11	7.09	7.22	6.96	7.11	3361700	3.39	2471	中超电缆	SZ	7.02	3.35	
726	7/4/11	6.88	7.03	6.83	7.02	3067800	3.35	2471	中超电缆	SZ	6.82	3.26	
727	7/1/11	6.8	6.91	6.8	6.82	1652400	3.26	2471	中超电缆	SZ	6.78	3.23	
728	6/30/11	6.82	6.85	6.72	6.78	1455600	3.23	2471	中超电缆	SZ	6.71	3.2	
729	6/29/11	6.88	6.89	6.7	6.71	1771300	3.2	2471	中超电缆	SZ	6.85	3.27	
730	6/28/11	6.92	6.93	6.76	6.85	1814400	3.27	2471	中超电缆	SZ	6.91	3.29	
731	6/27/11	6.82	6.96	6.73	6.91	2698600	3.29	2471	中超电缆	SZ	6.78	3.24	
732	6/24/11	6.73	6.89	6.7	6.78	3041500	3.24	2471	中超电缆	SZ	6.73	3.21	
733	6/23/11	6.65	6.8	6.55	6.73	2388900	3.21	2471	中超电缆	SZ	6.71	3.2	
734	6/22/11	6.53	6.74	6.53	6.71	2826700	3.2	2471	中超电缆	SZ	6.53	3.11	
735	6/21/11	6.3	6.55	6.3	6.53	1637000	3.11	2471	中超电缆	SZ	6.3	3.01	
736	6/20/11	6.34	6.43	6.3	6.3	678500	3.01	2471	中超电缆	SZ	6.33	3.02	
737	6/17/11	6.43	6.56	6.32	6.33	875900	3.02	2471	中超电缆	SZ	6.43	3.07	
738	6/16/11	6.51	6.59	6.43	6.43	1156900	3.07	2471	中超电缆	SZ	6.53	3.12	
739	6/15/11	6.66	6.73	6.51	6.53	1283700	3.12	2471	中超电缆	SZ	6.66	3.18	
740	6/14/11	6.53	6.68	6.51	6.66	1248500	3.18	2471	中超电缆	SZ	6.55	3.13	
741	6/13/11	6.5	6.61	6.41	6.55	1009800	3.13	2471	中超电缆	SZ	6.51	3.1	
742	6/10/11	6.78	6.78	6.43	6.51	2733600	3.1	2471	中超电缆	SZ	6.73	3.21	
743	6/9/11	7.09	7.09	6.72	6.73	4525100	3.21	2471	中超电缆	SZ	7.2	3.44	
744	6/8/11	6.64	7.33	6.51	7.2	6246000	3.44	2471	中超电缆	SZ	6.68	3.19	
745	6/7/11	6.58	6.73	6.51	6.68	1590400	3.19	2471	中超电缆	SZ	6.59	3.14	
746	6/3/11	6.47	6.64	6.44	6.59	2080500	3.14	2471	中超电缆	SZ	6.45	3.08	
747	6/2/11	6.51	6.53	6.38	6.45	2195300	3.08	2471	中超电缆	SZ	6.55	3.12	
748	6/1/11	6.53	6.6	6.49	6.55	1552700	3.12	2471	中超电缆	SZ	6.52	3.11	
749	5/31/11	6.41	6.61	6.35	6.52	2269000	3.11	2471	中超电缆	SZ	6.35	3.03	
750	5/30/11	6.26	6.41	6.2	6.35	2501800	3.03	2471	中超电缆	SZ	6.26	2.99	
751	5/27/11	6.41	6.47	6.25	6.26	2132200	2.99	2471	中超电缆	SZ	6.53	3.11	
752	5/26/11	6.79	6.82	6.5	6.53	1632500	3.11	2471	中超电缆	SZ	6.86	3.27	
753	5/24/11	6.76	6.93	6.6	6.86	1808500	3.27	2471	中超电缆	SZ	6.93	3.31	
754	5/23/11	7.45	7.51	6.91	6.93	1845300	3.31	2471	中超电缆	SZ	7.44	3.55	
755	5/20/11	7.63	7.64	7.43	7.44	1510500	3.55	2471	中超电缆	SZ	7.65	3.65	
756	5/19/11	7.85	7.85	7.65	7.65	859600	3.65	2471	中超电缆	SZ	7.84	3.74	
757	5/18/11	7.72	7.84	7.7	7.84	843400	3.74	2471	中超电缆	SZ	7.74	3.69	
758	5/17/11	7.64	7.78	7.58	7.74	1053900	3.69	2471	中超电缆	SZ	7.67	3.66	
759	5/16/11	7.66	7.76	7.64	7.67	870600	3.66	2471	中超电缆	SZ	7.72	3.68	
760	5/13/11	7.83	7.84	7.57	7.72	1104700	3.68	2471	中超电缆	SZ	7.82	3.73	
761	5/12/11	7.89	7.93	7.8	7.82	1255100	3.73	2471	中超电缆	SZ	7.91	3.77	
762	5/11/11	7.89	7.93	7.84	7.91	958200	3.77	2471	中超电缆	SZ	7.87	3.75	
763	5/10/11	7.99	7.99	7.86	7.87	1253500	3.75	2471	中超电缆	SZ	7.93	3.78	
764	5/9/11	7.95	8.08	7.89	7.93	1029800	3.78	2471	中超电缆	SZ	7.97	3.8	
765	5/6/11	8.23	8.23	7.95	7.97	1364700	3.8	2471	中超电缆	SZ	8.35	2.96	
766	5/5/11	8.17	8.39	8.17	8.35	1176700	2.96	2471	中超电缆	SZ	8.17	2.9	
767	5/4/11	8.36	8.38	8.15	8.17	1264500	2.9	2471	中超电缆	SZ	8.4	2.98	
768	5/3/11	8.36	8.44	8.28	8.4	1045000	2.98	2471	中超电缆	SZ	8.34	2.96	
769	4/29/11	8.29	8.36	8.21	8.34	1131200	2.96	2471	中超电缆	SZ	8.2	2.91	
770	4/28/11	8.18	8.37	8.18	8.2	1459500	2.91	2471	中超电缆	SZ	8.18	2.9	
771	4/27/11	8.31	8.34	8.14	8.18	1055000	2.9	2471	中超电缆	SZ	8.25	2.93	
772	4/26/11	8.1	8.27	8.05	8.25	1417800	2.93	2471	中超电缆	SZ	8.13	2.89	
773	4/25/11	8.5	8.51	8.11	8.13	2914700	2.89	2471	中超电缆	SZ	8.5	3.02	
774	4/22/11	8.7	8.7	8.47	8.5	2356000	3.02	2471	中超电缆	SZ	8.69	3.08	
775	4/21/11	8.61	8.71	8.56	8.69	2069600	3.08	2471	中超电缆	SZ	8.6	3.05	
776	4/20/11	8.73	8.82	8.54	8.6	3084600	3.05	2471	中超电缆	SZ	8.82	3.13	
777	4/18/11	8.77	8.87	8.76	8.82	1843200	3.13	2471	中超电缆	SZ	8.79	3.12	
778	4/15/11	8.9	8.92	8.77	8.79	2711900	3.12	2471	中超电缆	SZ	8.9	3.16	
779	4/14/11	9	9.03	8.86	8.9	2305700	3.16	2471	中超电缆	SZ	8.99	3.19	
780	4/13/11	8.88	9.01	8.85	8.99	1901100	3.19	2471	中超电缆	SZ	8.94	3.17	
781	4/12/11	8.93	9.02	8.86	8.94	2211900	3.17	2471	中超电缆	SZ	8.92	3.17	
782	4/11/11	9.13	9.18	8.85	8.92	4434300	3.17	2471	中超电缆	SZ	9.15	3.25	
783	4/8/11	9.18	9.18	9.05	9.15	3789000	3.25	2471	中超电缆	SZ	9.18	3.26	
784	4/7/11	9.29	9.29	9.12	9.18	3003200	3.26	2471	中超电缆	SZ	9.23	3.28	
785	4/6/11	9.1	9.25	9.04	9.23	3946700	3.28	2471	中超电缆	SZ	9.09	3.23	
786	4/1/11	9.01	9.2	9.01	9.09	3380200	3.23	2471	中超电缆	SZ	9.11	3.23	
787	3/31/11	9.15	9.38	9.08	9.11	7906200	3.23	2471	中超电缆	SZ	9.19	3.26	
788	3/30/11	8.79	9.22	8.79	9.19	7437800	3.26	2471	中超电缆	SZ	8.79	3.12	
789	3/29/11	9.07	9.07	8.79	8.79	3727300	3.12	2471	中超电缆	SZ	9.04	3.21	
790	3/28/11	9.11	9.15	8.96	9.04	3399000	3.21	2471	中超电缆	SZ	8.97	3.18	
791	3/25/11	8.94	9	8.9	8.97	2200500	3.18	2471	中超电缆	SZ	8.93	3.17	
792	3/24/11	8.89	8.99	8.88	8.93	2019800	3.17	2471	中超电缆	SZ	8.91	3.16	
793	3/23/11	8.77	8.92	8.77	8.91	2226600	3.16	2471	中超电缆	SZ	8.81	3.13	
794	3/22/11	8.94	9.02	8.76	8.81	2762500	3.13	2471	中超电缆	SZ	8.94	3.17	
795	3/21/11	9.13	9.13	8.9	8.94	2174400	3.17	2471	中超电缆	SZ	9.04	3.21	
796	3/18/11	8.98	9.15	8.98	9.04	2964300	3.21	2471	中超电缆	SZ	8.97	3.18	
797	3/17/11	9.29	9.29	8.92	8.97	5499400	3.18	2471	中超电缆	SZ	9.29	3.3	
798	3/16/11	9.37	9.37	9.22	9.29	6499000	3.3	2471	中超电缆	SZ	9.36	3.32	
799	3/15/11	9	9.42	8.93	9.36	12896400	3.32	2471	中超电缆	SZ	8.98	3.19	
800	3/14/11	8.85	9	8.85	8.98	3124200	3.19	2471	中超电缆	SZ	8.9	3.16	
801	3/11/11	8.92	9.04	8.87	8.9	3379700	3.16	2471	中超电缆	SZ	8.93	3.17	
802	3/10/11	9	9.04	8.93	8.93	2883600	3.17	2471	中超电缆	SZ	9.06	3.22	
803	3/9/11	8.95	9.08	8.86	9.06	5666000	3.22	2471	中超电缆	SZ	8.99	3.19	
804	3/8/11	9.07	9.07	8.92	8.99	3795200	3.19	2471	中超电缆	SZ	9.07	3.22	
805	3/7/11	8.98	9.1	8.92	9.07	4190600	3.22	2471	中超电缆	SZ	8.94	3.17	
806	3/4/11	8.88	8.96	8.75	8.94	3493800	3.17	2471	中超电缆	SZ	8.91	3.16	
807	3/3/11	9.06	9.19	8.89	8.91	4522100	3.16	2471	中超电缆	SZ	9.06	3.22	
808	3/2/11	9.1	9.11	8.97	9.06	3117700	3.22	2471	中超电缆	SZ	9.1	3.23	
809	3/1/11	8.98	9.15	8.96	9.1	5245900	3.23	2471	中超电缆	SZ	9.01	3.2	
810	2/28/11	8.88	9.05	8.81	9.01	4030000	3.2	2471	中超电缆	SZ	8.88	3.15	
811	2/25/11	8.96	8.97	8.78	8.88	2953700	3.15	2471	中超电缆	SZ	8.96	3.18	
812	2/24/11	8.94	8.99	8.81	8.96	3104000	3.18	2471	中超电缆	SZ	8.96	3.18	
813	2/23/11	8.75	9	8.74	8.96	3679200	3.18	2471	中超电缆	SZ	8.78	3.12	
814	2/22/11	9.1	9.11	8.77	8.78	4448600	3.12	2471	中超电缆	SZ	9.07	3.22	
815	2/21/11	8.84	9.07	8.84	9.07	3945500	3.22	2471	中超电缆	SZ	8.93	3.17	
816	2/18/11	9.13	9.15	8.9	8.93	4424800	3.17	2471	中超电缆	SZ	9.15	3.25	
817	2/17/11	9.03	9.22	8.94	9.15	5930800	3.25	2471	中超电缆	SZ	9.03	3.2	
818	2/16/11	8.83	9.07	8.8	9.03	4415700	3.2	2471	中超电缆	SZ	8.85	3.14	
819	2/15/11	8.95	9.08	8.85	8.85	5819000	3.14	2471	中超电缆	SZ	8.93	3.17	
820	2/14/11	8.86	9.04	8.79	8.93	5467600	3.17	2471	中超电缆	SZ	8.85	3.14	
821	2/11/11	8.74	8.87	8.69	8.85	4472100	3.14	2471	中超电缆	SZ	8.75	3.1	
822	2/10/11	8.28	8.75	8.26	8.75	3096800	3.1	2471	中超电缆	SZ	8.36	2.97	
823	2/9/11	8.6	8.69	8.34	8.36	3446200	2.97	2471	中超电缆	SZ	8.72	3.1	
824	2/1/11	8.74	8.84	8.64	8.72	2154600	3.1	2471	中超电缆	SZ	8.77	3.11	
825	1/31/11	8.53	8.78	8.5	8.77	3370500	3.11	2471	中超电缆	SZ	8.53	3.03	
826	1/28/11	8.52	8.61	8.44	8.53	2845100	3.03	2471	中超电缆	SZ	8.5	3.02	
827	1/27/11	8.33	8.64	8.33	8.5	3803600	3.02	2471	中超电缆	SZ	8.46	3	
828	1/26/11	8.1	8.5	8.1	8.46	3660300	3	2471	中超电缆	SZ	8.11	2.88	
829	1/25/11	8.23	8.27	7.89	8.11	3401500	2.88	2471	中超电缆	SZ	8.21	2.92	
830	1/24/11	8.68	8.77	8.21	8.21	3868900	2.92	2471	中超电缆	SZ	8.67	3.08	
831	1/21/11	8.58	8.75	8.46	8.67	3565700	3.08	2471	中超电缆	SZ	8.57	3.04	
832	1/20/11	9.34	9.35	8.55	8.57	6919500	3.04	2471	中超电缆	SZ	9.39	3.33	
833	1/19/11	9.18	9.41	9.1	9.39	4433900	3.33	2471	中超电缆	SZ	9.13	3.24	
834	1/18/11	9.12	9.18	8.88	9.13	3536900	3.24	2471	中超电缆	SZ	9.16	3.25	
835	1/17/11	10	10.08	9.16	9.16	9932800	3.25	2471	中超电缆	SZ	10.17	3.61	
836	1/14/11	10.5	10.52	10.17	10.17	5518800	3.61	2471	中超电缆	SZ	10.54	3.74	
837	1/13/11	10.46	10.61	10.33	10.54	5946200	3.74	2471	中超电缆	SZ	10.42	3.7	
838	1/12/11	10.27	10.42	10.12	10.42	5070700	3.7	2471	中超电缆	SZ	10.24	3.64	
839	1/11/11	10.53	10.57	10.04	10.24	7454500	3.64	2471	中超电缆	SZ	10.6	3.76	
840	1/10/11	10.43	10.77	10.43	10.6	8822000	3.76	2471	中超电缆	SZ	10.44	3.71	
841	1/7/11	10.71	10.73	10.33	10.44	8909900	3.71	2471	中超电缆	SZ	10.76	3.82	
842	1/6/11	10.88	11.04	10.54	10.76	11732800	3.82	2471	中超电缆	SZ	10.73	3.81	
843	1/5/11	10.42	10.9	10.38	10.73	13913900	3.81	2471	中超电缆	SZ	10.45	3.71	
844	1/4/11	10.52	10.58	10.38	10.45	7571300	3.71	2471	中超电缆	SZ	10.39	3.69	
845	12/31/10	10.31	10.46	10.31	10.39	7752800	3.69	2471	中超电缆	SZ	10.38	3.68	
846	12/30/10	10.04	10.48	9.96	10.38	8338700	3.68	2471	中超电缆	SZ	10.11	3.59	
847	12/29/10	9.73	10.11	9.73	10.11	4180600	3.59	2471	中超电缆	SZ	9.78	3.47	
848	12/28/10	9.98	10	9.66	9.78	6038000	3.47	2471	中超电缆	SZ	10.1	3.59	
849	12/27/10	10.07	10.45	10	10.1	8657400	3.59	2471	中超电缆	SZ	10.05	3.57	
850	12/24/10	10.31	10.38	9.95	10.05	6594500	3.57	2471	中超电缆	SZ	10.35	3.68	
851	12/23/10	10.8	10.81	10.29	10.35	10177500	3.68	2471	中超电缆	SZ	10.81	3.84	
852	12/22/10	10.7	10.95	10.58	10.81	18256600	3.84	2471	中超电缆	SZ	10.7	3.8	
853	12/21/10	10.25	10.7	10.12	10.7	11937200	3.8	2471	中超电缆	SZ	10.21	3.63	
854	12/20/10	10.52	10.58	9.85	10.21	12192900	3.63	2471	中超电缆	SZ	10.5	3.73	
855	12/17/10	10.5	10.67	10.27	10.5	12680200	3.73	2471	中超电缆	SZ	10.49	3.72	
856	12/16/10	10.19	10.68	10.19	10.49	18932200	3.72	2471	中超电缆	SZ	10.19	3.62	
857	12/15/10	10.12	10.49	10.03	10.19	16586600	3.62	2471	中超电缆	SZ	10.11	3.59	
858	12/14/10	9.81	10.31	9.65	10.11	14411800	3.59	2471	中超电缆	SZ	9.83	3.49	
859	12/13/10	9.62	9.87	9.47	9.83	12456900	3.49	2471	中超电缆	SZ	9.65	3.42	
860	12/10/10	9.23	9.73	9.15	9.65	17206300	3.42	2471	中超电缆	SZ	9.75	3.46	
861	12/9/10	10.17	10.53	9.73	9.75	10702500	3.46	2471	中超电缆	SZ	10.36	3.68	
862	12/8/10	9.49	10.52	9.47	10.36	13817800	3.68	2471	中超电缆	SZ	9.77	3.47	
863	12/7/10	9.92	9.92	9.23	9.77	12358600	3.47	2471	中超电缆	SZ	10.12	3.59	
864	12/6/10	10.38	10.6	10	10.12	16676100	3.59	2471	中超电缆	SZ	10.69	3.8	
865	12/3/10	10.44	11.15	10.15	10.69	36323200	3.8	2471	中超电缆	SZ	10.15	3.6	
866	12/2/10	9.32	10.15	9.32	10.15	10802900	3.6	2471	中超电缆	SZ	9.22	3.27	
867	12/1/10	9.15	9.29	9.06	9.22	2373800	3.27	2471	中超电缆	SZ	9.22	3.27	
868	11/30/10	9.63	9.74	8.96	9.22	5406300	3.27	2471	中超电缆	SZ	9.62	3.42	
869	11/29/10	9.62	9.77	9.56	9.62	4029400	3.42	2471	中超电缆	SZ	9.62	3.42	
870	11/26/10	9.62	9.77	9.56	9.62	4029400	3.42	2471	中超电缆	SZ	9.67	3.43	
871	11/25/10	9.93	9.98	9.61	9.67	7905700	3.43	2471	中超电缆	SZ	9.9	3.52	
872	11/24/10	9.69	9.96	9.69	9.9	9504100	3.52	2471	中超电缆	SZ	9.84	3.49	
873	11/23/10	9.58	9.84	9.47	9.84	11028600	3.49	2471	中超电缆	SZ	9.67	3.43	
874	11/22/10	9.19	9.77	9.09	9.67	8765000	3.43	2471	中超电缆	SZ	9.21	3.27	
875	11/19/10	8.96	9.23	8.94	9.21	4697500	3.27	2471	中超电缆	SZ	8.95	3.18	
876	11/18/10	8.96	9.04	8.81	8.95	2843300	3.18	2471	中超电缆	SZ	8.81	3.13	
877	11/17/10	8.85	9.15	8.73	8.81	3661400	3.13	2471	中超电缆	SZ	8.89	3.16	
878	11/16/10	9.35	9.41	8.87	8.89	5337800	3.16	2471	中超电缆	SZ	9.29	3.3	
879	11/15/10	9.12	9.37	9.06	9.29	4369800	3.3	2471	中超电缆	SZ	9.12	3.24	
880	11/12/10	9.8	9.92	9	9.12	9419200	3.24	2471	中超电缆	SZ	9.88	3.51	
881	11/11/10	10	10.18	9.85	9.88	12945900	3.51	2471	中超电缆	SZ	10.09	3.58	
882	11/10/10	9.69	10.27	9.65	10.09	14233700	3.58	2471	中超电缆	SZ	9.73	3.46	
883	11/9/10	9.85	9.88	9.62	9.73	7264600	3.46	2471	中超电缆	SZ	9.83	3.49	
884	11/8/10	9.45	9.83	9.45	9.83	9155500	3.49	2471	中超电缆	SZ	9.44	3.35	
885	11/5/10	9.5	9.56	9.39	9.44	5565800	3.35	2471	中超电缆	SZ	9.44	3.35	
886	11/4/10	9.31	9.51	9.31	9.44	4360300	3.35	2471	中超电缆	SZ	9.3	3.3	
887	11/3/10	9.6	9.67	9.29	9.3	6547100	3.3	2471	中超电缆	SZ	9.59	3.4	
888	11/2/10	9.93	9.95	9.58	9.59	12488300	3.4	2471	中超电缆	SZ	9.92	3.52	
889	11/1/10	9.62	10	9.59	9.92	16457300	3.52	2471	中超电缆	SZ	9.58	3.4	
890	10/29/10	9.02	9.73	8.93	9.58	14485700	3.4	2471	中超电缆	SZ	9.01	3.2	
891	10/28/10	9.02	9.18	8.93	9.01	5296400	3.2	2471	中超电缆	SZ	9.13	3.24	
892	10/27/10	9.07	9.31	9	9.13	7013200	3.24	2471	中超电缆	SZ	9.08	3.22	
893	10/26/10	9.29	9.33	9.04	9.08	7419600	3.22	2471	中超电缆	SZ	9.3	3.3	
894	10/25/10	9.28	9.34	9.09	9.3	7378900	3.3	2471	中超电缆	SZ	9.17	3.26	
895	10/22/10	9.12	9.38	9.09	9.17	6682300	3.26	2471	中超电缆	SZ	9.08	3.22	
896	10/21/10	9.31	9.35	9.02	9.08	8258000	3.22	2471	中超电缆	SZ	9.23	3.28	
897	10/20/10	9.46	9.76	9.23	9.23	12214500	3.28	2471	中超电缆	SZ	9.69	3.44	
898	10/19/10	9.68	10	9.4	9.69	14661400	3.44	2471	中超电缆	SZ	9.77	3.47	
899	10/18/10	9.22	10.02	8.59	9.77	23639600	3.47	2471	中超电缆	SZ	9.23	3.28	
900	10/14/10	8.68	9.23	8.68	9.23	16226500	3.28	2471	中超电缆	SZ	8.67	3.08	
901	10/13/10	8.68	8.84	8.61	8.67	6341000	3.08	2471	中超电缆	SZ	8.79	3.12	
902	10/12/10	8.72	9.02	8.72	8.79	9005800	3.12	2471	中超电缆	SZ	8.72	3.09	
903	10/11/10	8.57	8.72	8.51	8.72	8298700	3.09	2471	中超电缆	SZ	8.57	3.04	
904	10/8/10	8.4	8.6	8.33	8.57	7738400	3.04	2471	中超电缆	SZ	8.33	2.96	
905	9/30/10	8.15	8.46	8.05	8.33	6773700	2.96	2471	中超电缆	SZ	8.2	2.91	
906	9/29/10	8.38	8.38	8.14	8.2	7778200	2.91	2471	中超电缆	SZ	8.45	3	
907	9/28/10	8.77	8.77	8.38	8.45	8397800	3	2471	中超电缆	SZ	8.78	3.12	
908	9/27/10	8.72	8.88	8.61	8.78	7014900	3.12	2471	中超电缆	SZ	8.72	3.1	
909	9/21/10	9.21	9.21	8.47	8.72	12865400	3.1	2471	中超电缆	SZ	9.27	3.29	
910	9/20/10	9.22	9.46	9.16	9.27	9034600	3.29	2471	中超电缆	SZ	9.26	3.29	
911	9/17/10	9.6	9.6	9.23	9.26	11218700	3.29	2471	中超电缆	SZ	9.64	3.42	
912	9/16/10	9.62	9.81	9.27	9.64	14754400	3.42	2471	中超电缆	SZ	9.58	3.4	
913	9/15/10	10.23	10.36	9.55	9.58	30058200	3.4	2471	中超电缆	SZ	10.62	3.77	
914	9/14/10	10.39	11.15	10.22	10.62	38830900	3.77	2471	中超电缆	SZ	11.35	4.03	
915	9/13/10	11.55	11.88	11.35	11.35	10378800	4.03	2471	中超电缆	SZ	12.62	4.48	
916	9/10/10	11.54	14.95	11.54	12.62	69905500	4.48	2471	中超电缆	SZ	-1	-1	
