0	4/29/14	20.02	20.53	20.02	20.53	586200	15.67	2496	辉丰股份	SZ	20.02	15.28	
1	4/28/14	20.49	20.49	19.86	20.02	1338500	15.28	2496	辉丰股份	SZ	20.58	15.71	
2	4/25/14	21.03	21.19	20.54	20.58	853800	15.71	2496	辉丰股份	SZ	21.06	16.08	
3	4/24/14	21.48	21.57	21.02	21.06	783000	16.08	2496	辉丰股份	SZ	21.53	16.43	
4	4/23/14	21.41	21.7	21.41	21.53	435600	16.43	2496	辉丰股份	SZ	21.55	16.45	
5	4/22/14	22.27	22.49	21.29	21.55	2210500	16.45	2496	辉丰股份	SZ	22.27	17	
6	4/21/14	21.98	22.59	21.72	22.27	1503700	17	2496	辉丰股份	SZ	22.14	16.9	
7	4/18/14	22.16	22.36	21.9	22.14	886600	16.9	2496	辉丰股份	SZ	22.24	16.98	
8	4/17/14	21.87	22.41	21.87	22.24	1534700	16.98	2496	辉丰股份	SZ	21.81	16.65	
9	4/16/14	21.97	22.2	21.63	21.81	1331500	16.65	2496	辉丰股份	SZ	21.92	16.73	
10	4/15/14	22.42	22.45	21.89	21.92	2064400	16.73	2496	辉丰股份	SZ	22.36	17.07	
11	4/14/14	22.19	22.41	22.01	22.36	2159700	17.07	2496	辉丰股份	SZ	22.22	16.96	
12	4/11/14	22.02	22.33	22	22.22	857400	16.96	2496	辉丰股份	SZ	22.11	16.88	
13	4/10/14	22.36	22.41	21.98	22.11	1423500	16.88	2496	辉丰股份	SZ	22.33	17.05	
14	4/9/14	22.48	22.52	22.09	22.33	1813000	17.05	2496	辉丰股份	SZ	22.48	17.16	
15	4/8/14	22.07	22.58	22.01	22.48	1824500	17.16	2496	辉丰股份	SZ	22.28	17.01	
16	4/7/14	22.28	22.28	22.28	22.28	0	17.01	2496	辉丰股份	SZ	22.28	17.01	
17	4/4/14	21.84	22.46	21.63	22.28	1840200	17.01	2496	辉丰股份	SZ	21.83	16.66	
18	4/3/14	21.62	22.01	21.41	21.83	1743700	16.66	2496	辉丰股份	SZ	21.42	16.35	
19	4/2/14	21.63	21.71	21.4	21.42	943800	16.35	2496	辉丰股份	SZ	21.63	16.51	
20	4/1/14	20.75	21.67	20.75	21.63	1781000	16.51	2496	辉丰股份	SZ	20.75	15.84	
21	3/31/14	20.54	21.09	20.31	20.75	494700	15.84	2496	辉丰股份	SZ	20.49	15.64	
22	3/28/14	20.47	20.96	20.18	20.49	634800	15.64	2496	辉丰股份	SZ	20.5	15.65	
23	3/27/14	21.29	21.29	20.5	20.5	821700	15.65	2496	辉丰股份	SZ	21.28	16.24	
24	3/26/14	21.03	21.29	20.97	21.28	692000	16.24	2496	辉丰股份	SZ	21.09	16.1	
25	3/25/14	21.45	21.53	20.9	21.09	793800	16.1	2496	辉丰股份	SZ	21.46	16.38	
26	3/24/14	21.54	21.64	21.28	21.46	826900	16.38	2496	辉丰股份	SZ	21.64	16.52	
27	3/21/14	20.81	21.71	20.29	21.64	2088100	16.52	2496	辉丰股份	SZ	21.25	16.22	
28	3/20/14	22.07	22.59	21.12	21.25	3736100	16.22	2496	辉丰股份	SZ	21.4	16.33	
29	3/19/14	21.25	21.44	21.01	21.4	828100	16.33	2496	辉丰股份	SZ	21.25	16.22	
30	3/18/14	21.49	21.61	21.06	21.25	1572000	16.22	2496	辉丰股份	SZ	21.49	16.4	
31	3/17/14	21.12	21.57	20.94	21.49	825700	16.4	2496	辉丰股份	SZ	21.03	16.06	
32	3/14/14	20.8	21.15	20.62	21.03	727400	16.06	2496	辉丰股份	SZ	21.02	16.05	
33	3/13/14	20.46	21.12	20.46	21.02	1065600	16.05	2496	辉丰股份	SZ	20.58	15.71	
34	3/12/14	20.41	20.64	19.66	20.58	1031800	15.71	2496	辉丰股份	SZ	20.44	15.6	
35	3/11/14	20.02	20.55	20.02	20.44	937200	15.6	2496	辉丰股份	SZ	20.14	15.37	
36	3/10/14	21.19	21.19	20.14	20.14	1523300	15.37	2496	辉丰股份	SZ	21.27	16.23	
37	3/7/14	21.75	21.83	21.1	21.27	977400	16.23	2496	辉丰股份	SZ	21.71	16.57	
38	3/6/14	21.35	21.77	21.06	21.71	1192300	16.57	2496	辉丰股份	SZ	21.4	16.33	
39	3/5/14	21.85	21.97	21.4	21.4	883900	16.33	2496	辉丰股份	SZ	21.83	16.66	
40	3/4/14	22.26	22.28	21.74	21.83	1071700	16.66	2496	辉丰股份	SZ	22.26	16.99	
41	3/3/14	22.04	22.26	21.72	22.26	1527300	16.99	2496	辉丰股份	SZ	22.04	16.82	
42	2/28/14	20.92	22.07	20.9	22.04	1406400	16.82	2496	辉丰股份	SZ	21.06	16.08	
43	2/27/14	21.66	21.68	21.06	21.06	920000	16.08	2496	辉丰股份	SZ	21.35	16.29	
44	2/26/14	21.64	21.68	20.89	21.35	1544800	16.29	2496	辉丰股份	SZ	21.51	16.42	
45	2/25/14	22.41	22.71	21.51	21.51	2208000	16.42	2496	辉丰股份	SZ	22.49	17.17	
46	2/24/14	22.13	22.49	21.49	22.49	1615000	17.17	2496	辉丰股份	SZ	22.14	16.9	
47	2/21/14	22.24	22.36	21.77	22.14	1639000	16.9	2496	辉丰股份	SZ	22.36	17.07	
48	2/20/14	22.81	23.05	22.23	22.36	1940300	17.07	2496	辉丰股份	SZ	22.93	17.5	
49	2/19/14	22.98	23.17	22.79	22.93	1526300	17.5	2496	辉丰股份	SZ	23.01	17.56	
50	2/18/14	23.35	23.35	22.78	23.01	2113700	17.56	2496	辉丰股份	SZ	23.31	17.79	
51	2/17/14	22.81	23.4	22.59	23.31	2974900	17.79	2496	辉丰股份	SZ	22.71	17.34	
52	2/14/14	22.41	22.87	22.4	22.71	1897700	17.34	2496	辉丰股份	SZ	22.36	17.07	
53	2/13/14	23.45	23.56	22.36	22.36	3081500	17.07	2496	辉丰股份	SZ	23.45	17.9	
54	2/12/14	22.97	23.45	22.78	23.45	2586100	17.9	2496	辉丰股份	SZ	23.13	17.65	
55	2/11/14	23.63	23.99	22.88	23.13	4259400	17.65	2496	辉丰股份	SZ	23.69	18.08	
56	2/10/14	23.4	24.26	23.34	23.69	2432800	18.08	2496	辉丰股份	SZ	23.32	17.8	
57	2/7/14	22.66	23.45	22.42	23.32	1648100	17.8	2496	辉丰股份	SZ	22.75	17.37	
58	2/6/14	22.75	22.75	22.75	22.75	0	17.37	2496	辉丰股份	SZ	22.75	17.37	
59	2/5/14	22.75	22.75	22.75	22.75	0	17.37	2496	辉丰股份	SZ	22.75	17.37	
60	2/3/14	22.75	22.75	22.75	22.75	0	17.37	2496	辉丰股份	SZ	22.75	17.37	
61	1/31/14	22.75	22.75	22.75	22.75	0	17.37	2496	辉丰股份	SZ	22.75	17.37	
62	1/30/14	22.84	23.23	22.49	22.75	1054300	17.37	2496	辉丰股份	SZ	23.02	17.57	
63	1/29/14	22.69	23.24	22.69	23.02	1597600	17.57	2496	辉丰股份	SZ	22.7	17.33	
64	1/28/14	22.81	23.66	22.36	22.7	2921400	17.33	2496	辉丰股份	SZ	22.84	17.43	
65	1/27/14	23.34	23.37	22.62	22.84	2534600	17.43	2496	辉丰股份	SZ	23.14	17.66	
66	1/24/14	21.93	23.14	21.71	23.14	5011200	17.66	2496	辉丰股份	SZ	21.93	16.74	
67	1/23/14	22.1	22.1	21.77	21.93	2883400	16.74	2496	辉丰股份	SZ	22.13	16.89	
68	1/22/14	21.97	22.33	21.64	22.13	3977300	16.89	2496	辉丰股份	SZ	22.11	16.88	
69	1/21/14	21.55	22.26	21.32	22.11	3176700	16.88	2496	辉丰股份	SZ	21.59	16.48	
70	1/20/14	21.32	21.84	21.01	21.59	1923900	16.48	2496	辉丰股份	SZ	21.32	16.27	
71	1/17/14	21.51	21.51	20.93	21.32	1324100	16.27	2496	辉丰股份	SZ	21.54	16.44	
72	1/16/14	21.72	21.72	21.14	21.54	1679200	16.44	2496	辉丰股份	SZ	21.51	16.42	
73	1/15/14	21.29	21.53	21.03	21.51	1905700	16.42	2496	辉丰股份	SZ	21.18	16.16	
74	1/14/14	20.21	21.39	20.15	21.18	2459500	16.16	2496	辉丰股份	SZ	20.27	15.47	
75	1/13/14	20.03	20.8	19.99	20.27	1574600	15.47	2496	辉丰股份	SZ	20.03	15.29	
76	1/10/14	19.92	20.31	19.76	20.03	1678400	15.29	2496	辉丰股份	SZ	19.92	15.2	
77	1/9/14	20.98	20.98	19.89	19.92	2750800	15.2	2496	辉丰股份	SZ	20.9	15.96	
78	1/8/14	20.6	21.14	20.34	20.9	1770100	15.96	2496	辉丰股份	SZ	20.75	15.84	
79	1/7/14	20.16	21.07	20.16	20.75	1692600	15.84	2496	辉丰股份	SZ	20.47	15.63	
80	1/6/14	21.44	21.44	20.25	20.47	3179900	15.63	2496	辉丰股份	SZ	21.44	16.36	
81	1/3/14	21.84	22.1	21.28	21.44	3068600	16.36	2496	辉丰股份	SZ	21.89	16.71	
82	1/2/14	21.39	22.36	21.27	21.89	3216800	16.71	2496	辉丰股份	SZ	21.55	16.45	
83	1/1/14	21.55	21.55	21.55	21.55	0	16.45	2496	辉丰股份	SZ	21.55	16.45	
84	12/31/13	21.45	21.84	21.19	21.55	2689500	16.45	2496	辉丰股份	SZ	21.51	16.42	
85	12/30/13	21.33	21.75	21.07	21.51	3194100	16.42	2496	辉丰股份	SZ	21.25	16.22	
86	12/27/13	20.8	21.4	20.54	21.25	2647500	16.22	2496	辉丰股份	SZ	20.8	15.88	
87	12/26/13	21.1	21.4	20.8	20.8	3731800	15.88	2496	辉丰股份	SZ	21.07	16.09	
88	12/25/13	20.16	21.18	19.81	21.07	4067400	16.09	2496	辉丰股份	SZ	20.33	15.52	
89	12/24/13	20.01	20.44	19.88	20.33	2922900	15.52	2496	辉丰股份	SZ	20.01	15.27	
90	12/23/13	19.93	20.34	19.63	20.01	2320200	15.27	2496	辉丰股份	SZ	19.76	15.08	
91	12/20/13	19.76	20.34	19.58	19.76	2142200	15.08	2496	辉丰股份	SZ	19.69	15.03	
92	12/19/13	20.02	20.02	19.5	19.69	1730800	15.03	2496	辉丰股份	SZ	19.89	15.18	
93	12/18/13	19.86	20.03	19.64	19.89	2380900	15.18	2496	辉丰股份	SZ	19.85	15.15	
94	12/17/13	20.38	20.66	19.84	19.85	4367900	15.15	2496	辉丰股份	SZ	20.73	15.83	
95	12/16/13	21.87	22.07	20.73	20.73	4897400	15.83	2496	辉丰股份	SZ	21.62	16.5	
96	12/13/13	21.45	22.04	21.14	21.62	4075200	16.5	2496	辉丰股份	SZ	21.71	16.57	
97	12/12/13	21.83	22.09	21.36	21.71	3946300	16.57	2496	辉丰股份	SZ	21.66	16.53	
98	12/11/13	21.37	21.66	20.7	21.66	5077200	16.53	2496	辉丰股份	SZ	21.5	16.41	
99	12/10/13	22.05	22.07	21.29	21.5	5046500	16.41	2496	辉丰股份	SZ	22.02	16.81	
100	12/9/13	20.93	22.41	20.93	22.02	9113400	16.81	2496	辉丰股份	SZ	21.12	16.12	
101	12/6/13	21.28	21.58	20.67	21.12	7036100	16.12	2496	辉丰股份	SZ	21.5	16.41	
102	12/5/13	21.29	21.68	20.93	21.5	9858000	16.41	2496	辉丰股份	SZ	21.5	16.41	
103	12/4/13	20.5	21.98	20.5	21.5	16837600	16.41	2496	辉丰股份	SZ	19.98	15.25	
104	12/3/13	18.13	19.98	17.94	19.98	5409100	15.25	2496	辉丰股份	SZ	18.16	13.86	
105	12/2/13	18.89	18.91	17.78	18.16	3905500	13.86	2496	辉丰股份	SZ	19.37	14.79	
106	11/29/13	18.85	19.46	18.8	19.37	4065400	14.79	2496	辉丰股份	SZ	18.85	14.39	
107	11/28/13	18.71	19.2	18.59	18.85	3041200	14.39	2496	辉丰股份	SZ	18.69	14.27	
108	11/27/13	18.26	18.77	18.11	18.69	2294500	14.27	2496	辉丰股份	SZ	18.26	13.94	
109	11/26/13	18.62	18.62	18.17	18.26	2496600	13.94	2496	辉丰股份	SZ	18.71	14.28	
110	11/25/13	18.68	18.8	18.26	18.71	3190600	14.28	2496	辉丰股份	SZ	18.64	14.23	
111	11/22/13	18.07	19.3	18.07	18.64	4497400	14.23	2496	辉丰股份	SZ	18.08	13.8	
112	11/21/13	18.46	18.47	17.87	18.08	2471500	13.8	2496	辉丰股份	SZ	18.39	14.04	
113	11/20/13	17.77	18.46	17.71	18.39	2712800	14.04	2496	辉丰股份	SZ	17.8	13.58	
114	11/19/13	17.81	17.94	17.61	17.8	1671600	13.58	2496	辉丰股份	SZ	17.81	13.59	
115	11/18/13	17.29	17.81	17.2	17.81	2198400	13.59	2496	辉丰股份	SZ	17.17	13.11	
116	11/15/13	16.73	17.37	16.57	17.17	1968000	13.11	2496	辉丰股份	SZ	16.73	12.77	
117	11/14/13	16.73	16.78	16.48	16.73	1531700	12.77	2496	辉丰股份	SZ	16.51	12.6	
118	11/13/13	17.17	17.17	16.51	16.51	2281400	12.6	2496	辉丰股份	SZ	17.26	13.18	
119	11/12/13	17.42	17.55	17.11	17.26	1417500	13.18	2496	辉丰股份	SZ	17.42	13.3	
120	11/11/13	17.11	17.61	16.94	17.42	1489500	13.3	2496	辉丰股份	SZ	17.09	13.05	
121	11/8/13	17.78	17.8	16.77	17.09	3328600	13.05	2496	辉丰股份	SZ	18.15	13.85	
122	11/7/13	19.04	19.07	18.08	18.15	3252900	13.85	2496	辉丰股份	SZ	19.17	14.64	
123	11/6/13	18.98	19.72	18.91	19.17	5794600	14.64	2496	辉丰股份	SZ	19.5	14.88	
124	11/5/13	18.03	19.58	17.87	19.5	3960600	14.88	2496	辉丰股份	SZ	18.06	13.78	
125	11/4/13	17.81	18.36	17.74	18.06	2556900	13.78	2496	辉丰股份	SZ	17.71	13.52	
126	11/1/13	17.63	17.82	17.35	17.71	509300	13.52	2496	辉丰股份	SZ	17.63	13.46	
127	10/31/13	17.74	18.13	17.63	17.63	1141200	13.46	2496	辉丰股份	SZ	17.84	13.61	
128	10/30/13	17.19	17.86	17.19	17.84	1702100	13.61	2496	辉丰股份	SZ	17.2	13.13	
129	10/29/13	17.19	17.45	16.48	17.2	1351500	13.13	2496	辉丰股份	SZ	17.29	13.2	
130	10/28/13	17.25	17.48	17.11	17.29	584700	13.2	2496	辉丰股份	SZ	17.35	13.25	
131	10/25/13	17.65	17.73	17.2	17.35	1308800	13.25	2496	辉丰股份	SZ	17.68	13.5	
132	10/24/13	17.94	18.07	17.6	17.68	1221400	13.5	2496	辉丰股份	SZ	17.95	13.7	
133	10/23/13	18.33	18.5	17.81	17.95	1479800	13.7	2496	辉丰股份	SZ	18.38	14.03	
134	10/22/13	18.36	18.78	18.33	18.38	1882800	14.03	2496	辉丰股份	SZ	18.49	14.11	
135	10/21/13	18.2	18.54	18	18.49	2275300	14.11	2496	辉丰股份	SZ	18.07	13.79	
136	10/18/13	18.37	18.5	18	18.07	2205800	13.79	2496	辉丰股份	SZ	18.55	14.16	
137	10/17/13	18.99	19.36	18.33	18.55	5353300	14.16	2496	辉丰股份	SZ	18.85	14.39	
138	10/16/13	18.65	18.86	18.23	18.85	3764400	14.39	2496	辉丰股份	SZ	18.72	14.29	
139	10/15/13	18.08	18.72	18.04	18.72	3924800	14.29	2496	辉丰股份	SZ	18.08	13.8	
140	10/14/13	18.1	18.33	17.93	18.08	2208900	13.8	2496	辉丰股份	SZ	18.1	13.81	
141	10/11/13	18	18.25	17.76	18.1	3408100	13.81	2496	辉丰股份	SZ	17.99	13.73	
142	10/10/13	17.77	18.03	17.55	17.99	3269900	13.73	2496	辉丰股份	SZ	17.77	13.56	
143	10/9/13	17.43	17.78	17.3	17.77	2296500	13.56	2496	辉丰股份	SZ	17.43	13.31	
144	10/8/13	17.25	17.52	17.09	17.43	1178600	13.31	2496	辉丰股份	SZ	17.28	13.19	
145	10/7/13	17.28	17.28	17.28	17.28	0	13.19	2496	辉丰股份	SZ	17.28	13.19	
146	10/4/13	17.28	17.28	17.28	17.28	0	13.19	2496	辉丰股份	SZ	17.28	13.19	
147	10/3/13	17.28	17.28	17.28	17.28	0	13.19	2496	辉丰股份	SZ	17.28	13.19	
148	10/2/13	17.28	17.28	17.28	17.28	0	13.19	2496	辉丰股份	SZ	17.28	13.19	
149	10/1/13	17.28	17.28	17.28	17.28	0	13.19	2496	辉丰股份	SZ	17.28	13.19	
150	9/30/13	17	17.3	17	17.28	1308600	13.19	2496	辉丰股份	SZ	17.03	13	
151	9/27/13	16.67	17.04	16.64	17.03	1488200	13	2496	辉丰股份	SZ	16.73	12.77	
152	9/26/13	17.16	17.28	16.73	16.73	1540700	12.77	2496	辉丰股份	SZ	17.16	13.1	
153	9/25/13	17.09	17.39	17.09	17.16	1271900	13.1	2496	辉丰股份	SZ	17.13	13.08	
154	9/24/13	17.38	17.41	17.04	17.13	1326600	13.08	2496	辉丰股份	SZ	17.37	13.26	
155	9/23/13	17.16	17.42	17.16	17.37	1188000	13.26	2496	辉丰股份	SZ	17.16	13.1	
156	9/20/13	17.16	17.16	17.16	17.16	0	13.1	2496	辉丰股份	SZ	17.16	13.1	
157	9/18/13	17.28	17.29	17.13	17.16	837900	13.1	2496	辉丰股份	SZ	17.35	13.25	
158	9/17/13	17.34	17.42	17.16	17.35	933500	13.25	2496	辉丰股份	SZ	17.35	13.25	
159	9/16/13	17.46	17.61	17.24	17.35	1775700	13.25	2496	辉丰股份	SZ	17.64	13.47	
160	9/13/13	17.35	17.73	17.08	17.64	2547000	13.47	2496	辉丰股份	SZ	17.46	13.33	
161	9/12/13	17.29	17.61	17.26	17.46	1156400	13.33	2496	辉丰股份	SZ	17.35	13.25	
162	9/11/13	17.5	17.68	16.94	17.35	2605900	13.25	2496	辉丰股份	SZ	17.59	13.43	
163	9/10/13	17.76	17.81	17.42	17.59	2376600	13.43	2496	辉丰股份	SZ	17.74	13.54	
164	9/9/13	17.98	17.98	17.56	17.74	3036700	13.54	2496	辉丰股份	SZ	18.02	13.75	
165	9/6/13	17.61	18.04	17.28	18.02	4004500	13.75	2496	辉丰股份	SZ	17.61	13.45	
166	9/5/13	17.39	17.91	17.37	17.61	2462600	13.45	2496	辉丰股份	SZ	17.39	13.28	
167	9/4/13	17.59	17.78	17.35	17.39	993200	13.28	2496	辉丰股份	SZ	17.63	13.46	
168	9/3/13	17.32	17.74	17.32	17.63	1270800	13.46	2496	辉丰股份	SZ	17.39	13.28	
169	9/2/13	17.11	17.39	16.64	17.39	1396400	13.28	2496	辉丰股份	SZ	17.16	13.1	
170	8/30/13	17.84	18.19	16.94	17.16	2642900	13.1	2496	辉丰股份	SZ	17.97	13.71	
171	8/29/13	17.9	18.28	17.86	17.97	1348900	13.71	2496	辉丰股份	SZ	17.9	13.66	
172	8/28/13	18.24	18.3	17.89	17.9	2163300	13.66	2496	辉丰股份	SZ	18.37	14.02	
173	8/27/13	18.33	18.46	18.15	18.37	1670600	14.02	2496	辉丰股份	SZ	18.38	14.03	
174	8/26/13	18.13	18.42	18	18.38	3118200	14.03	2496	辉丰股份	SZ	18.13	13.84	
175	8/23/13	18.39	18.54	17.76	18.13	3225800	13.84	2496	辉丰股份	SZ	18.33	13.99	
176	8/22/13	17.86	18.95	17.74	18.33	5079000	13.99	2496	辉丰股份	SZ	18.02	13.75	
177	8/21/13	18.02	18.02	18.02	18.02	0	13.75	2496	辉丰股份	SZ	18.02	13.75	
178	8/20/13	18.13	18.29	17.86	18.02	1715600	13.75	2496	辉丰股份	SZ	18.13	13.84	
179	8/19/13	17.55	18.19	17.43	18.13	2304100	13.84	2496	辉丰股份	SZ	17.6	13.44	
180	8/16/13	17.81	18.59	17.54	17.6	4885100	13.44	2496	辉丰股份	SZ	17.87	13.64	
181	8/15/13	18.98	19.08	17.84	17.87	7273100	13.64	2496	辉丰股份	SZ	18.98	14.49	
182	8/14/13	19.33	19.41	18.94	18.98	2458100	14.49	2496	辉丰股份	SZ	19.24	14.69	
183	8/13/13	19.32	19.41	18.98	19.24	2801200	14.69	2496	辉丰股份	SZ	19.42	14.83	
184	8/12/13	19.3	19.8	18.88	19.42	5971600	14.83	2496	辉丰股份	SZ	19.14	14.61	
185	8/9/13	18.43	19.43	18.43	19.14	5542700	14.61	2496	辉丰股份	SZ	18.49	14.11	
186	8/8/13	18.55	18.78	18.21	18.49	3750800	14.11	2496	辉丰股份	SZ	18.55	14.16	
187	8/7/13	18.54	18.8	18.29	18.55	7264700	14.16	2496	辉丰股份	SZ	18.17	13.87	
188	8/6/13	18.13	18.51	17.89	18.17	4442300	13.87	2496	辉丰股份	SZ	17.95	13.7	
189	8/5/13	17.32	18.03	17.29	17.95	3881400	13.7	2496	辉丰股份	SZ	17.29	13.2	
190	8/2/13	17.59	17.6	17.22	17.29	1849300	13.2	2496	辉丰股份	SZ	17.48	13.35	
191	8/1/13	17.22	17.54	17.09	17.48	2766300	13.35	2496	辉丰股份	SZ	17.17	13.11	
192	7/31/13	17.07	17.39	16.95	17.17	1279100	13.11	2496	辉丰股份	SZ	17.08	13.04	
193	7/30/13	17.46	17.55	16.64	17.08	1820700	13.04	2496	辉丰股份	SZ	17.33	13.23	
194	7/29/13	17.04	17.58	17.03	17.33	2114000	13.23	2496	辉丰股份	SZ	17.11	13.06	
195	7/26/13	17.25	17.33	16.86	17.11	1372100	13.06	2496	辉丰股份	SZ	17.3	13.21	
196	7/25/13	17.76	17.84	17.29	17.3	2148300	13.21	2496	辉丰股份	SZ	17.76	13.55	
197	7/24/13	17.68	17.84	17.29	17.76	3137400	13.55	2496	辉丰股份	SZ	17.74	13.54	
198	7/23/13	17.43	17.87	17.43	17.74	3738000	13.54	2496	辉丰股份	SZ	17.41	13.29	
199	7/22/13	16.68	17.42	16.46	17.41	3273500	13.29	2496	辉丰股份	SZ	16.65	12.71	
200	7/19/13	16.73	17.47	16.65	16.65	5740900	12.71	2496	辉丰股份	SZ	16.42	12.53	
201	7/18/13	16.13	16.64	16.03	16.42	2803400	12.53	2496	辉丰股份	SZ	16.25	12.4	
202	7/17/13	16.74	16.83	16.15	16.25	2868100	12.4	2496	辉丰股份	SZ	16.77	12.8	
203	7/16/13	16.44	16.82	16.33	16.77	2616100	12.8	2496	辉丰股份	SZ	16.48	12.58	
204	7/15/13	16.18	16.48	15.92	16.48	2551300	12.58	2496	辉丰股份	SZ	16.11	12.29	
205	7/12/13	16.13	16.68	15.96	16.11	3978300	12.29	2496	辉丰股份	SZ	16.16	12.33	
206	7/11/13	15.03	16.17	15.03	16.16	5298100	12.33	2496	辉丰股份	SZ	15	11.45	
207	7/10/13	14.52	15.01	14.52	15	4163500	11.45	2496	辉丰股份	SZ	14.59	11.13	
208	7/9/13	14.73	15.03	14.43	14.59	2881000	11.13	2496	辉丰股份	SZ	14.82	11.31	
209	7/8/13	15.99	15.99	14.78	14.82	3300600	11.31	2496	辉丰股份	SZ	16.33	12.46	
210	7/5/13	16.81	16.87	16.28	16.33	2093300	12.46	2496	辉丰股份	SZ	16.8	12.82	
211	7/4/13	16.26	16.99	16.26	16.8	2280000	12.82	2496	辉丰股份	SZ	16.56	12.64	
212	7/3/13	16.74	16.74	16.28	16.56	1953800	12.64	2496	辉丰股份	SZ	16.82	12.84	
213	7/2/13	16.35	16.85	16.25	16.82	2158500	12.84	2496	辉丰股份	SZ	16.44	12.55	
214	7/1/13	16.39	16.54	15.9	16.44	1751500	12.55	2496	辉丰股份	SZ	16.38	12.5	
215	6/28/13	16.05	16.51	15.76	16.38	2822800	12.5	2496	辉丰股份	SZ	16.07	12.26	
216	6/27/13	15.99	16.51	15.99	16.07	4263700	12.26	2496	辉丰股份	SZ	15.99	12.21	
217	6/26/13	15.47	16.08	15.38	15.99	2575700	12.21	2496	辉丰股份	SZ	15.66	11.96	
218	6/25/13	14.88	15.83	13.82	15.66	4199000	11.96	2496	辉丰股份	SZ	15.14	11.56	
219	6/24/13	16.61	16.74	15.04	15.14	3386500	11.56	2496	辉丰股份	SZ	16.72	12.76	
220	6/21/13	16.12	16.77	15.89	16.72	4304800	12.76	2496	辉丰股份	SZ	16.43	12.54	
221	6/20/13	17.54	17.54	16.39	16.43	3132100	12.54	2496	辉丰股份	SZ	17.67	13.49	
222	6/19/13	18.56	18.56	17.55	17.67	2805900	13.49	2496	辉丰股份	SZ	18.59	14.19	
223	6/18/13	18.76	19.01	18.41	18.59	1412000	14.19	2496	辉丰股份	SZ	18.78	14.34	
224	6/17/13	18.43	18.97	18.3	18.78	2323100	14.34	2496	辉丰股份	SZ	18.43	14.07	
225	6/14/13	18.17	18.52	17.9	18.43	2240300	14.07	2496	辉丰股份	SZ	18.2	13.89	
226	6/13/13	17.81	18.24	16.47	18.2	2271200	13.89	2496	辉丰股份	SZ	18.03	13.76	
227	6/12/13	18.03	18.03	18.03	18.03	0	13.76	2496	辉丰股份	SZ	18.03	13.76	
228	6/11/13	18.03	18.03	18.03	18.03	0	13.76	2496	辉丰股份	SZ	18.03	13.76	
229	6/10/13	18.03	18.03	18.03	18.03	0	13.76	2496	辉丰股份	SZ	18.03	13.76	
230	6/7/13	18.21	18.51	17.63	18.03	2158800	13.76	2496	辉丰股份	SZ	18.21	13.9	
231	6/6/13	18.33	18.52	18.17	18.21	1042500	13.9	2496	辉丰股份	SZ	18.52	14.14	
232	6/5/13	18.49	18.72	18.17	18.52	1963000	14.14	2496	辉丰股份	SZ	18.62	14.21	
233	6/4/13	19.01	19.01	18.04	18.62	2773800	14.21	2496	辉丰股份	SZ	19.01	14.51	
234	6/3/13	19.53	19.69	18.2	19.01	3346400	14.51	2496	辉丰股份	SZ	19.53	14.9	
235	5/31/13	19.9	19.95	19.37	19.53	3057500	14.9	2496	辉丰股份	SZ	19.82	15.13	
236	5/30/13	19.99	19.99	19.64	19.82	2507100	15.13	2496	辉丰股份	SZ	20.05	15.3	
237	5/29/13	19.89	20.24	19.89	20.05	2448700	15.3	2496	辉丰股份	SZ	19.93	15.21	
238	5/28/13	20.5	20.53	19.85	19.93	3565400	15.21	2496	辉丰股份	SZ	20.38	15.56	
239	5/27/13	19.82	20.6	19.63	20.38	5193200	15.56	2496	辉丰股份	SZ	19.84	15.14	
240	5/24/13	19.59	19.88	19.3	19.84	2920900	15.14	2496	辉丰股份	SZ	19.51	14.89	
241	5/23/13	19.5	20.21	19.36	19.51	3564100	14.89	2496	辉丰股份	SZ	19.75	15.07	
242	5/22/13	20.08	20.12	19.66	19.75	2667000	15.07	2496	辉丰股份	SZ	20.06	15.31	
243	5/21/13	20.16	20.34	19.8	20.06	3672100	15.31	2496	辉丰股份	SZ	20.21	15.43	
244	5/20/13	19.63	20.24	19.32	20.21	4619100	15.43	2496	辉丰股份	SZ	19.5	14.88	
245	5/17/13	18.95	19.62	18.46	19.5	5426000	14.88	2496	辉丰股份	SZ	18.91	14.44	
246	5/16/13	19.1	19.34	18.76	18.91	2950200	14.44	2496	辉丰股份	SZ	19.31	9.65	
247	5/15/13	19.05	19.58	18.96	19.31	2631000	9.65	2496	辉丰股份	SZ	19.14	9.57	
248	5/14/13	19.51	19.66	18.84	19.14	3536100	9.57	2496	辉丰股份	SZ	19.51	9.75	
249	5/13/13	19.5	19.71	18.82	19.51	3001200	9.75	2496	辉丰股份	SZ	19.56	9.77	
250	5/10/13	19.8	19.81	19.26	19.56	2728000	9.77	2496	辉丰股份	SZ	19.76	9.87	
251	5/9/13	19.95	19.95	19.48	19.76	5213500	9.87	2496	辉丰股份	SZ	19.95	9.97	
252	5/8/13	19.02	20.09	19.02	19.95	5877200	9.97	2496	辉丰股份	SZ	19.01	9.5	
253	5/7/13	19.72	19.72	18.79	19.01	4137300	9.5	2496	辉丰股份	SZ	19.71	9.85	
254	5/6/13	19.67	19.75	19.31	19.71	3710400	9.85	2496	辉丰股份	SZ	19.59	9.79	
255	5/3/13	19.6	19.89	19.37	19.59	4025200	9.79	2496	辉丰股份	SZ	19.59	9.79	
256	5/2/13	18.55	19.64	18.39	19.59	3542600	9.79	2496	辉丰股份	SZ	18.68	9.33	
257	5/1/13	18.68	18.68	18.68	18.68	0	9.33	2496	辉丰股份	SZ	18.68	9.33	
258	4/30/13	18.68	18.68	18.68	18.68	0	9.33	2496	辉丰股份	SZ	18.68	9.33	
259	4/29/13	18.68	18.68	18.68	18.68	0	9.33	2496	辉丰股份	SZ	18.68	9.33	
260	4/26/13	18.94	19.05	18.18	18.68	3812000	9.33	2496	辉丰股份	SZ	18.97	9.48	
261	4/25/13	19.17	19.78	18.9	18.97	5581500	9.48	2496	辉丰股份	SZ	19.4	9.7	
262	4/24/13	18.17	19.4	18.13	19.4	6484800	9.7	2496	辉丰股份	SZ	18.17	9.08	
263	4/23/13	18.7	18.89	17.94	18.17	4475100	9.08	2496	辉丰股份	SZ	18.8	9.39	
264	4/22/13	18.46	19.02	18.2	18.8	5437700	9.39	2496	辉丰股份	SZ	18.4	9.19	
265	4/19/13	17.57	18.72	17.57	18.4	5908200	9.19	2496	辉丰股份	SZ	17.57	8.78	
266	4/18/13	17.36	17.72	17.21	17.57	2234100	8.78	2496	辉丰股份	SZ	17.46	8.73	
267	4/17/13	17.25	17.49	17.15	17.46	2743500	8.73	2496	辉丰股份	SZ	17.16	8.57	
268	4/16/13	16.41	17.33	16.23	17.16	2191200	8.57	2496	辉丰股份	SZ	16.65	8.32	
269	4/15/13	17.2	17.33	16.47	16.65	2582500	8.32	2496	辉丰股份	SZ	17.25	8.62	
270	4/12/13	17.61	17.91	17.14	17.25	3794000	8.62	2496	辉丰股份	SZ	17.63	8.81	
271	4/11/13	17.77	18.17	17.59	17.63	2711300	8.81	2496	辉丰股份	SZ	17.84	8.91	
272	4/10/13	17.13	18.17	17.07	17.84	6926400	8.91	2496	辉丰股份	SZ	17.14	8.56	
273	4/9/13	17.26	17.29	17	17.14	3643000	8.56	2496	辉丰股份	SZ	17.18	8.58	
274	4/8/13	16.16	17.2	15.99	17.18	2369000	8.58	2496	辉丰股份	SZ	16.33	8.16	
275	4/5/13	16.33	16.33	16.33	16.33	0	8.16	2496	辉丰股份	SZ	16.33	8.16	
276	4/4/13	16.33	16.33	16.33	16.33	0	8.16	2496	辉丰股份	SZ	16.33	8.16	
277	4/3/13	16.47	16.47	16.08	16.33	2059300	8.16	2496	辉丰股份	SZ	16.47	8.23	
278	4/2/13	16.74	17.46	16.29	16.47	3800100	8.23	2496	辉丰股份	SZ	16.73	8.36	
279	4/1/13	16.48	17.02	16.48	16.73	1941600	8.36	2496	辉丰股份	SZ	16.62	8.31	
280	3/29/13	17.13	17.14	16.55	16.62	2104200	8.31	2496	辉丰股份	SZ	17.11	8.55	
281	3/28/13	17.4	17.49	16.95	17.11	2202800	8.55	2496	辉丰股份	SZ	17.6	8.79	
282	3/27/13	17.57	17.9	17.25	17.6	3329700	8.79	2496	辉丰股份	SZ	17.58	8.78	
283	3/26/13	16.77	17.59	16.41	17.58	3836200	8.78	2496	辉丰股份	SZ	16.82	8.4	
284	3/25/13	17.27	17.29	16.77	16.82	2103500	8.4	2496	辉丰股份	SZ	17.19	8.59	
285	3/22/13	17.16	17.39	17	17.19	1452600	8.59	2496	辉丰股份	SZ	17.29	8.64	
286	3/21/13	17.18	17.51	16.91	17.29	2965200	8.64	2496	辉丰股份	SZ	17.19	8.59	
287	3/20/13	17.03	17.23	16.75	17.19	2329800	8.59	2496	辉丰股份	SZ	17.02	8.5	
288	3/19/13	16.87	17.03	16.61	17.02	3224400	8.5	2496	辉丰股份	SZ	16.82	8.4	
289	3/18/13	16.29	16.96	16.29	16.82	2798700	8.4	2496	辉丰股份	SZ	16.51	8.25	
290	3/15/13	16.07	16.93	15.97	16.51	3475300	8.25	2496	辉丰股份	SZ	16.07	8.03	
291	3/14/13	15.82	16.15	15.82	16.07	1913800	8.03	2496	辉丰股份	SZ	15.82	7.9	
292	3/13/13	16.08	16.25	15.34	15.82	2302400	7.9	2496	辉丰股份	SZ	16.11	8.05	
293	3/12/13	16.56	16.75	15.64	16.11	3428600	8.05	2496	辉丰股份	SZ	16.68	8.34	
294	3/11/13	16.81	16.94	16.47	16.68	1788200	8.34	2496	辉丰股份	SZ	16.76	8.37	
295	3/8/13	17.08	17.24	16.55	16.76	3792900	8.37	2496	辉丰股份	SZ	17.11	8.55	
296	3/7/13	17.51	17.98	17.04	17.11	5360900	8.55	2496	辉丰股份	SZ	17.45	8.72	
297	3/6/13	16.85	17.45	16.69	17.45	4683900	8.72	2496	辉丰股份	SZ	16.69	8.34	
298	3/5/13	16.05	16.79	16.05	16.69	3214700	8.34	2496	辉丰股份	SZ	16.16	8.08	
299	3/4/13	16.48	16.87	15.84	16.16	7230500	8.08	2496	辉丰股份	SZ	16.56	8.27	
300	3/1/13	15.78	16.73	15.78	16.56	6164400	8.27	2496	辉丰股份	SZ	15.92	7.95	
301	2/28/13	15.51	16.11	15.51	15.92	8588500	7.95	2496	辉丰股份	SZ	15.18	7.59	
302	2/27/13	15.22	15.32	14.8	15.18	3050800	7.59	2496	辉丰股份	SZ	15.13	7.56	
303	2/26/13	15.51	15.65	15.1	15.13	3872000	7.56	2496	辉丰股份	SZ	15.56	7.77	
304	2/25/13	15.44	15.66	15.42	15.56	4191400	7.77	2496	辉丰股份	SZ	15.43	7.71	
305	2/22/13	15.31	15.68	15.26	15.43	2924400	7.71	2496	辉丰股份	SZ	15.31	7.65	
306	2/21/13	15.62	15.83	15.14	15.31	4467800	7.65	2496	辉丰股份	SZ	15.88	7.93	
307	2/20/13	14.95	15.88	14.95	15.88	4459100	7.93	2496	辉丰股份	SZ	14.96	7.47	
308	2/19/13	15.38	15.57	14.91	14.96	2711100	7.47	2496	辉丰股份	SZ	15.39	7.69	
309	2/18/13	15.61	15.68	15.38	15.39	2456400	7.69	2496	辉丰股份	SZ	15.56	7.77	
310	2/15/13	15.56	15.56	15.56	15.56	0	7.77	2496	辉丰股份	SZ	15.56	7.77	
311	2/14/13	15.56	15.56	15.56	15.56	0	7.77	2496	辉丰股份	SZ	15.56	7.77	
312	2/13/13	15.56	15.56	15.56	15.56	0	7.77	2496	辉丰股份	SZ	15.56	7.77	
313	2/12/13	15.56	15.56	15.56	15.56	0	7.77	2496	辉丰股份	SZ	15.56	7.77	
314	2/11/13	15.56	15.56	15.56	15.56	0	7.77	2496	辉丰股份	SZ	15.56	7.77	
315	2/8/13	14.98	15.56	14.96	15.56	3814100	7.77	2496	辉丰股份	SZ	15	7.5	
316	2/7/13	14.98	15.28	14.91	15	3128700	7.5	2496	辉丰股份	SZ	14.91	7.45	
317	2/6/13	14.73	14.93	14.69	14.91	2433800	7.45	2496	辉丰股份	SZ	14.91	7.45	
318	2/5/13	14.07	14.91	14.07	14.91	3059700	7.45	2496	辉丰股份	SZ	14.27	7.13	
319	2/4/13	14.91	14.91	14.1	14.27	4610000	7.13	2496	辉丰股份	SZ	14.91	7.45	
320	2/1/13	14.95	15.05	14.88	14.91	2909000	7.45	2496	辉丰股份	SZ	14.95	7.47	
321	1/31/13	15.06	15.22	14.85	14.95	3286700	7.47	2496	辉丰股份	SZ	15.11	7.55	
322	1/30/13	15.15	15.2	14.82	15.11	3673500	7.55	2496	辉丰股份	SZ	15.15	7.57	
323	1/29/13	14.95	15.31	14.85	15.15	6094500	7.57	2496	辉丰股份	SZ	14.8	7.4	
324	1/28/13	14.13	14.85	14	14.8	4947100	7.4	2496	辉丰股份	SZ	14.11	7.05	
325	1/25/13	14	14.24	13.96	14.11	2224300	7.05	2496	辉丰股份	SZ	14.01	7	
326	1/24/13	14.54	14.82	13.81	14.01	4895000	7	2496	辉丰股份	SZ	14.54	7.27	
327	1/23/13	14.53	14.86	14.17	14.54	3436600	7.27	2496	辉丰股份	SZ	14.42	7.21	
328	1/22/13	14.74	14.91	14.26	14.42	3891800	7.21	2496	辉丰股份	SZ	14.82	7.4	
329	1/21/13	14.49	14.84	14.41	14.82	3950800	7.4	2496	辉丰股份	SZ	14.46	7.23	
330	1/18/13	14.23	14.54	14.01	14.46	3668200	7.23	2496	辉丰股份	SZ	14.23	7.11	
331	1/17/13	14.2	14.65	14.17	14.23	3168200	7.11	2496	辉丰股份	SZ	14.3	7.14	
332	1/16/13	14.5	14.65	14.14	14.3	4239900	7.14	2496	辉丰股份	SZ	14.5	7.24	
333	1/15/13	14.32	14.59	14.18	14.5	4087100	7.24	2496	辉丰股份	SZ	14.32	7.15	
334	1/14/13	13.56	14.44	13.56	14.32	5978400	7.15	2496	辉丰股份	SZ	13.62	6.81	
335	1/11/13	13.74	13.9	13.52	13.62	3624800	6.81	2496	辉丰股份	SZ	13.74	6.86	
336	1/10/13	13.81	14.03	13.62	13.74	3437500	6.86	2496	辉丰股份	SZ	13.72	6.85	
337	1/9/13	13.77	13.88	13.56	13.72	3340400	6.85	2496	辉丰股份	SZ	13.76	6.88	
338	1/8/13	13.61	14.04	13.53	13.76	4390700	6.88	2496	辉丰股份	SZ	13.74	6.86	
339	1/7/13	13.29	13.81	13.26	13.74	3707200	6.86	2496	辉丰股份	SZ	13.3	6.65	
340	1/4/13	13.57	13.65	13.29	13.3	3727600	6.65	2496	辉丰股份	SZ	13.42	6.7	
341	1/3/13	13.42	13.42	13.42	13.42	0	6.7	2496	辉丰股份	SZ	13.42	6.7	
342	1/2/13	13.42	13.42	13.42	13.42	0	6.7	2496	辉丰股份	SZ	13.42	6.7	
343	1/1/13	13.42	13.42	13.42	13.42	0	6.7	2496	辉丰股份	SZ	13.42	6.7	
344	12/31/12	13.39	13.72	13.33	13.42	4185800	6.7	2496	辉丰股份	SZ	13.32	6.66	
345	12/28/12	13.02	13.41	13.02	13.32	3117900	6.66	2496	辉丰股份	SZ	13.01	6.5	
346	12/27/12	13.39	13.49	13.01	13.01	3756200	6.5	2496	辉丰股份	SZ	13.37	6.68	
347	12/26/12	13.03	13.4	12.97	13.37	4259900	6.68	2496	辉丰股份	SZ	13.05	6.52	
348	12/25/12	12.99	13.24	12.86	13.05	4788700	6.52	2496	辉丰股份	SZ	12.98	6.49	
349	12/24/12	12.64	13.02	12.64	12.98	3191000	6.49	2496	辉丰股份	SZ	12.71	6.35	
350	12/21/12	12.58	12.83	12.42	12.71	3203300	6.35	2496	辉丰股份	SZ	12.66	6.33	
351	12/20/12	12.39	12.76	12.31	12.66	2753800	6.33	2496	辉丰股份	SZ	12.45	6.22	
352	12/19/12	12.24	12.66	12.23	12.45	2108000	6.22	2496	辉丰股份	SZ	12.25	6.12	
353	12/18/12	12.4	12.57	12.19	12.25	1575500	6.12	2496	辉丰股份	SZ	12.47	6.23	
354	12/17/12	12.31	12.58	12.23	12.47	2425700	6.23	2496	辉丰股份	SZ	12.32	6.15	
355	12/14/12	11.92	12.32	11.83	12.32	2462700	6.15	2496	辉丰股份	SZ	11.8	5.9	
356	12/13/12	11.92	12.06	11.79	11.8	1071000	5.9	2496	辉丰股份	SZ	11.98	5.98	
357	12/12/12	11.99	12.12	11.8	11.98	1083000	5.98	2496	辉丰股份	SZ	12	6	
358	12/11/12	12.19	12.34	12	12	2259100	6	2496	辉丰股份	SZ	12.3	6.14	
359	12/10/12	11.95	12.38	11.92	12.3	2786000	6.14	2496	辉丰股份	SZ	11.95	5.97	
360	12/7/12	11.78	11.99	11.61	11.95	1925400	5.97	2496	辉丰股份	SZ	11.7	5.85	
361	12/6/12	11.7	11.94	11.57	11.7	1090700	5.85	2496	辉丰股份	SZ	11.7	5.85	
362	12/5/12	11.44	11.91	11.33	11.7	1980100	5.85	2496	辉丰股份	SZ	11.41	5.7	
363	12/4/12	10.99	11.44	10.83	11.41	1155000	5.7	2496	辉丰股份	SZ	11.01	5.5	
364	12/3/12	11.31	11.32	11.01	11.01	1045000	5.5	2496	辉丰股份	SZ	11.31	5.65	
365	11/30/12	11.11	11.39	11.01	11.31	1717300	5.65	2496	辉丰股份	SZ	11.11	5.55	
366	11/29/12	11.41	11.44	11.1	11.11	1142300	5.55	2496	辉丰股份	SZ	11.29	5.64	
367	11/28/12	11.35	11.4	11.26	11.29	834000	5.64	2496	辉丰股份	SZ	11.41	5.7	
368	11/27/12	12.38	12.4	11.35	11.41	4068500	5.7	2496	辉丰股份	SZ	12.43	6.21	
369	11/26/12	12.68	12.85	12.43	12.43	1321200	6.21	2496	辉丰股份	SZ	12.59	6.29	
370	11/23/12	12.6	12.77	12.58	12.59	818200	6.29	2496	辉丰股份	SZ	12.59	6.29	
371	11/22/12	12.68	12.68	12.51	12.59	890400	6.29	2496	辉丰股份	SZ	12.69	6.34	
372	11/21/12	12.64	12.69	12.36	12.69	1138400	6.34	2496	辉丰股份	SZ	12.53	6.26	
373	11/20/12	12.48	12.58	12.46	12.53	794300	6.26	2496	辉丰股份	SZ	12.48	6.24	
374	11/19/12	12.38	12.51	12.19	12.48	683600	6.24	2496	辉丰股份	SZ	12.38	6.19	
375	11/16/12	12.48	12.48	12.13	12.38	1245500	6.19	2496	辉丰股份	SZ	12.52	6.26	
376	11/15/12	12.6	12.74	12.46	12.52	584700	6.26	2496	辉丰股份	SZ	12.62	6.3	
377	11/14/12	12.62	12.63	12.47	12.62	667200	6.3	2496	辉丰股份	SZ	12.52	6.26	
378	11/13/12	12.75	12.83	12.48	12.52	1144000	6.26	2496	辉丰股份	SZ	12.79	6.39	
379	11/12/12	12.7	12.9	12.69	12.79	1461200	6.39	2496	辉丰股份	SZ	12.69	6.34	
380	11/9/12	12.74	12.79	12.58	12.69	1260500	6.34	2496	辉丰股份	SZ	12.71	6.35	
381	11/8/12	13.16	13.17	12.39	12.71	1805900	6.35	2496	辉丰股份	SZ	13.31	6.65	
382	11/7/12	13.23	13.46	13.14	13.31	1010800	6.65	2496	辉丰股份	SZ	13.26	6.63	
383	11/6/12	13.42	13.53	13.04	13.26	1587000	6.63	2496	辉丰股份	SZ	13.48	6.73	
384	11/5/12	13.67	13.67	13.36	13.48	1700000	6.73	2496	辉丰股份	SZ	13.65	6.82	
385	11/2/12	13.83	13.83	13.53	13.65	2523200	6.82	2496	辉丰股份	SZ	13.83	6.91	
386	11/1/12	13.61	13.84	13.48	13.83	3577700	6.91	2496	辉丰股份	SZ	13.62	6.8	
387	10/31/12	13.73	13.75	13.46	13.62	2665600	6.8	2496	辉丰股份	SZ	13.71	6.85	
388	10/30/12	13.44	13.71	13.26	13.71	3185100	6.85	2496	辉丰股份	SZ	13.49	6.74	
389	10/29/12	13.22	13.77	13.21	13.49	3667000	6.74	2496	辉丰股份	SZ	13.41	6.7	
390	10/26/12	13.26	14.05	13.26	13.41	6888700	6.7	2496	辉丰股份	SZ	13.02	6.5	
391	10/25/12	13.03	13.13	12.9	13.02	895900	6.5	2496	辉丰股份	SZ	12.98	6.49	
392	10/24/12	13	13.08	12.88	12.98	721600	6.49	2496	辉丰股份	SZ	13.06	6.53	
393	10/23/12	13.01	13.19	12.93	13.06	1223200	6.53	2496	辉丰股份	SZ	13.05	6.52	
394	10/22/12	13.26	13.26	12.88	13.05	1406300	6.52	2496	辉丰股份	SZ	13.29	6.64	
395	10/19/12	13.37	13.42	13.28	13.29	1260700	6.64	2496	辉丰股份	SZ	13.37	6.68	
396	10/18/12	13.35	13.43	13.2	13.37	1491600	6.68	2496	辉丰股份	SZ	13.23	6.61	
397	10/17/12	13.24	13.31	13.1	13.23	886100	6.61	2496	辉丰股份	SZ	13.22	6.6	
398	10/16/12	13.31	13.47	13.21	13.22	1885600	6.6	2496	辉丰股份	SZ	13.42	6.7	
399	10/15/12	13.26	13.53	13.21	13.42	3566900	6.7	2496	辉丰股份	SZ	13.16	6.57	
400	10/12/12	13	13.24	12.93	13.16	1284500	6.57	2496	辉丰股份	SZ	13.01	6.5	
401	10/11/12	13.24	13.24	13.01	13.01	1564000	6.5	2496	辉丰股份	SZ	13.28	6.63	
402	10/10/12	13.23	13.32	13.16	13.28	1485800	6.63	2496	辉丰股份	SZ	13.25	6.62	
403	10/9/12	12.9	13.32	12.83	13.25	2391700	6.62	2496	辉丰股份	SZ	12.85	6.42	
404	10/8/12	12.85	12.97	12.74	12.85	1284200	6.42	2496	辉丰股份	SZ	12.78	6.39	
405	10/5/12	12.78	12.78	12.78	12.78	0	6.39	2496	辉丰股份	SZ	12.78	6.39	
406	10/4/12	12.78	12.78	12.78	12.78	0	6.39	2496	辉丰股份	SZ	12.78	6.39	
407	10/3/12	12.78	12.78	12.78	12.78	0	6.39	2496	辉丰股份	SZ	12.78	6.39	
408	10/2/12	12.78	12.78	12.78	12.78	0	6.39	2496	辉丰股份	SZ	12.78	6.39	
409	10/1/12	12.78	12.78	12.78	12.78	0	6.39	2496	辉丰股份	SZ	12.78	6.39	
410	9/28/12	12.53	12.8	12.44	12.78	1629600	6.39	2496	辉丰股份	SZ	12.57	6.28	
411	9/27/12	12.32	12.81	12.23	12.57	1909300	6.28	2496	辉丰股份	SZ	12.25	6.12	
412	9/26/12	12.81	12.84	12.2	12.25	1560100	6.12	2496	辉丰股份	SZ	12.73	6.36	
413	9/25/12	12.83	13	12.67	12.73	1617000	6.36	2496	辉丰股份	SZ	12.83	6.41	
414	9/24/12	12.65	12.98	12.58	12.83	1352700	6.41	2496	辉丰股份	SZ	12.71	6.35	
415	9/21/12	13.08	13.3	12.68	12.71	3055400	6.35	2496	辉丰股份	SZ	13.16	6.57	
416	9/20/12	13.91	13.91	13.1	13.16	3777700	6.57	2496	辉丰股份	SZ	13.96	6.98	
417	9/19/12	13.84	14.09	13.75	13.96	2420700	6.98	2496	辉丰股份	SZ	13.85	6.92	
418	9/18/12	13.82	14.04	13.71	13.85	1304900	6.92	2496	辉丰股份	SZ	13.87	6.93	
419	9/17/12	14.26	14.41	13.87	13.87	2161300	6.93	2496	辉丰股份	SZ	14.37	7.18	
420	9/14/12	14.52	14.59	14.2	14.37	2600000	7.18	2496	辉丰股份	SZ	14.33	7.16	
421	9/13/12	14.73	14.74	14.33	14.33	4057400	7.16	2496	辉丰股份	SZ	14.8	7.34	
422	9/12/12	14.87	15.06	14.61	14.8	4035700	7.34	2496	辉丰股份	SZ	14.83	7.35	
423	9/11/12	14.6	14.84	14.5	14.83	3966900	7.35	2496	辉丰股份	SZ	14.73	7.3	
424	9/10/12	14.56	14.9	14.4	14.73	5370600	7.3	2496	辉丰股份	SZ	14.52	7.2	
425	9/7/12	14.18	14.73	14.17	14.52	7002100	7.2	2496	辉丰股份	SZ	14.09	6.99	
426	9/6/12	13.94	14.11	13.77	14.09	2605400	6.99	2496	辉丰股份	SZ	13.87	6.87	
427	9/5/12	13.76	14.12	13.76	13.87	3140400	6.87	2496	辉丰股份	SZ	13.87	6.87	
428	9/4/12	14.3	14.34	13.86	13.87	3226800	6.87	2496	辉丰股份	SZ	14.26	7.07	
429	9/3/12	13.83	14.33	13.69	14.26	3587000	7.07	2496	辉丰股份	SZ	13.83	6.86	
430	8/31/12	13.63	14	13.56	13.83	3684900	6.86	2496	辉丰股份	SZ	13.68	6.78	
431	8/30/12	14.3	14.58	13.55	13.68	5781700	6.78	2496	辉丰股份	SZ	14.42	7.15	
432	8/29/12	14.47	14.63	14.28	14.42	4224100	7.15	2496	辉丰股份	SZ	14.57	7.22	
433	8/28/12	14.11	14.6	14.05	14.57	5971300	7.22	2496	辉丰股份	SZ	14.29	7.08	
434	8/27/12	14.47	14.84	14.14	14.29	7181900	7.08	2496	辉丰股份	SZ	14.46	7.17	
435	8/24/12	14.13	14.79	14.04	14.46	11064600	7.17	2496	辉丰股份	SZ	14.23	7.05	
436	8/23/12	14	14.37	13.74	14.23	6503100	7.05	2496	辉丰股份	SZ	14.01	6.95	
437	8/22/12	14.2	14.53	14	14.01	6503000	6.95	2496	辉丰股份	SZ	14.22	7.05	
438	8/21/12	14.04	14.38	13.86	14.22	7685400	7.05	2496	辉丰股份	SZ	14.13	7	
439	8/20/12	13.61	14.2	13.46	14.13	7500200	7	2496	辉丰股份	SZ	13.71	6.8	
440	8/17/12	14.22	14.39	13.53	13.71	13536100	6.8	2496	辉丰股份	SZ	14.43	7.15	
441	8/16/12	14.37	14.51	13.98	14.43	6079700	7.15	2496	辉丰股份	SZ	14.43	7.15	
442	8/15/12	14.39	14.68	14.2	14.43	11842500	7.15	2496	辉丰股份	SZ	14.8	7.34	
443	8/14/12	14.18	14.85	14.17	14.8	19464200	7.34	2496	辉丰股份	SZ	14.07	6.98	
444	8/13/12	13.35	14.59	13.26	14.07	15933600	6.98	2496	辉丰股份	SZ	13.27	6.58	
445	8/10/12	13.85	13.87	13.22	13.27	8606200	6.58	2496	辉丰股份	SZ	13.81	6.85	
446	8/9/12	13.77	13.94	13.55	13.81	5008500	6.85	2496	辉丰股份	SZ	13.81	6.84	
447	8/8/12	13.75	13.94	13.45	13.81	5055800	6.84	2496	辉丰股份	SZ	13.76	6.82	
448	8/7/12	13.28	14	13.23	13.76	5852700	6.82	2496	辉丰股份	SZ	13.33	6.61	
449	8/6/12	12.83	13.39	12.76	13.33	3462500	6.61	2496	辉丰股份	SZ	12.81	6.35	
450	8/3/12	12.54	12.81	12.48	12.81	990700	6.35	2496	辉丰股份	SZ	12.5	6.19	
451	8/2/12	12.65	12.76	12.38	12.5	1247400	6.19	2496	辉丰股份	SZ	12.74	6.31	
452	8/1/12	12.52	12.87	12.48	12.74	1307600	6.31	2496	辉丰股份	SZ	12.62	6.25	
453	7/31/12	12.48	13.04	12.46	12.62	1896800	6.25	2496	辉丰股份	SZ	12.58	6.24	
454	7/30/12	12.75	12.83	12.45	12.58	1252800	6.24	2496	辉丰股份	SZ	12.74	6.31	
455	7/27/12	13.23	13.23	12.74	12.74	2265200	6.31	2496	辉丰股份	SZ	13.14	6.51	
456	7/26/12	13.16	13.35	13.09	13.14	2000300	6.51	2496	辉丰股份	SZ	13.13	6.51	
457	7/25/12	13.43	13.56	13.1	13.13	3479200	6.51	2496	辉丰股份	SZ	13.48	6.68	
458	7/24/12	13.27	13.55	13.13	13.48	3318200	6.68	2496	辉丰股份	SZ	13.36	6.62	
459	7/23/12	12.82	13.43	12.65	13.36	4447300	6.62	2496	辉丰股份	SZ	12.97	6.43	
460	7/20/12	13.18	13.32	12.85	12.97	2546400	6.43	2496	辉丰股份	SZ	13.2	6.54	
461	7/19/12	13.23	13.42	13	13.2	3654300	6.54	2496	辉丰股份	SZ	13.22	6.55	
462	7/18/12	12.62	13.23	12.5	13.22	3768700	6.55	2496	辉丰股份	SZ	12.67	6.28	
463	7/17/12	12.24	12.78	12.17	12.67	2218900	6.28	2496	辉丰股份	SZ	12.51	6.2	
464	7/16/12	13.23	13.4	12.48	12.51	2776400	6.2	2496	辉丰股份	SZ	13.18	6.53	
465	7/13/12	13.14	13.26	13.05	13.18	2018400	6.53	2496	辉丰股份	SZ	13.22	6.55	
466	7/12/12	12.99	13.32	12.88	13.22	3571700	6.55	2496	辉丰股份	SZ	13.04	6.47	
467	7/11/12	13.07	13.15	12.81	13.04	2539400	6.47	2496	辉丰股份	SZ	13.01	6.45	
468	7/10/12	12.52	13.16	12.46	13.01	3591500	6.45	2496	辉丰股份	SZ	12.51	6.2	
469	7/9/12	12.6	12.9	12.48	12.51	2061900	6.2	2496	辉丰股份	SZ	12.71	6.3	
470	7/6/12	12.64	12.81	12.29	12.71	1539900	6.3	2496	辉丰股份	SZ	12.41	6.15	
471	7/5/12	12.87	12.87	12.38	12.41	1304400	6.15	2496	辉丰股份	SZ	12.9	6.39	
472	7/4/12	12.81	12.96	12.72	12.9	1315500	6.39	2496	辉丰股份	SZ	12.71	6.3	
473	7/3/12	12.66	12.9	12.65	12.71	1321900	6.3	2496	辉丰股份	SZ	12.66	6.28	
474	7/2/12	12.64	12.85	12.58	12.66	1129500	6.28	2496	辉丰股份	SZ	12.57	6.23	
475	6/29/12	12.34	12.58	12.25	12.57	1275800	6.23	2496	辉丰股份	SZ	12.34	6.12	
476	6/28/12	12.51	12.59	12.34	12.34	1059700	6.12	2496	辉丰股份	SZ	12.46	6.18	
477	6/27/12	12.54	12.59	12.4	12.46	911500	6.18	2496	辉丰股份	SZ	12.5	6.19	
478	6/26/12	12.65	12.74	12.2	12.5	2289800	6.19	2496	辉丰股份	SZ	12.75	6.32	
479	6/25/12	13.03	13.16	12.75	12.75	1341500	6.32	2496	辉丰股份	SZ	13.1	6.5	
480	6/22/12	13.1	13.1	13.1	13.1	0	6.5	2496	辉丰股份	SZ	13.1	6.5	
481	6/21/12	13.35	13.36	13.03	13.1	2422600	6.5	2496	辉丰股份	SZ	13.55	6.71	
482	6/20/12	13.43	14.27	13.42	13.55	4259700	6.71	2496	辉丰股份	SZ	13.25	6.57	
483	6/19/12	13.24	13.36	13.16	13.25	1021700	6.57	2496	辉丰股份	SZ	13.27	6.58	
484	6/18/12	13.04	13.32	13.03	13.27	2144400	6.58	2496	辉丰股份	SZ	13.03	6.46	
485	6/15/12	13.06	13.06	12.84	13.03	908200	6.46	2496	辉丰股份	SZ	12.96	6.42	
486	6/14/12	13	13.21	12.92	12.96	1354200	6.42	2496	辉丰股份	SZ	12.97	6.43	
487	6/13/12	12.69	13.03	12.69	12.97	1138800	6.43	2496	辉丰股份	SZ	12.68	6.28	
488	6/12/12	12.66	12.8	12.62	12.68	733200	6.28	2496	辉丰股份	SZ	12.82	6.35	
489	6/11/12	12.62	12.98	12.55	12.82	806600	6.35	2496	辉丰股份	SZ	12.55	6.22	
490	6/8/12	12.62	12.76	12.48	12.55	724400	6.22	2496	辉丰股份	SZ	12.53	6.21	
491	6/7/12	12.78	12.87	12.48	12.53	1162300	6.21	2496	辉丰股份	SZ	12.65	6.27	
492	6/6/12	12.73	12.88	12.61	12.65	750400	6.27	2496	辉丰股份	SZ	12.7	6.29	
493	6/5/12	12.58	13	12.58	12.7	1026100	6.29	2496	辉丰股份	SZ	12.57	6.23	
494	6/4/12	13.14	13.14	12.57	12.57	1394600	6.23	2496	辉丰股份	SZ	13.34	6.61	
495	6/1/12	13.39	13.49	13.19	13.34	1123200	6.61	2496	辉丰股份	SZ	13.39	6.64	
496	5/31/12	13.22	13.41	13.1	13.39	1647200	6.64	2496	辉丰股份	SZ	13.26	6.57	
497	5/30/12	13.21	13.36	13.12	13.26	1310900	6.57	2496	辉丰股份	SZ	13.17	6.53	
498	5/29/12	12.94	13.2	12.9	13.17	1445800	6.53	2496	辉丰股份	SZ	12.96	6.42	
499	5/28/12	12.93	12.97	12.49	12.96	1750100	6.42	2496	辉丰股份	SZ	13.07	6.48	
500	5/25/12	13.31	13.31	13	13.07	997300	6.48	2496	辉丰股份	SZ	13.25	6.57	
501	5/24/12	13.13	13.26	13.11	13.25	1276500	6.57	2496	辉丰股份	SZ	13.25	6.57	
502	5/23/12	13.17	13.3	13.17	13.25	912300	6.57	2496	辉丰股份	SZ	13.24	6.56	
503	5/22/12	13.33	13.34	13.15	13.24	1099800	6.56	2496	辉丰股份	SZ	13.11	6.5	
504	5/21/12	13.37	13.49	13.03	13.11	1428800	6.5	2496	辉丰股份	SZ	13.39	6.64	
505	5/18/12	13.71	13.71	13.36	13.39	1375800	6.64	2496	辉丰股份	SZ	13.75	6.82	
506	5/17/12	13.39	13.75	13.36	13.75	2073700	6.82	2496	辉丰股份	SZ	13.42	6.65	
507	5/16/12	13.74	13.74	13.41	13.42	1489400	6.65	2496	辉丰股份	SZ	13.72	6.8	
508	5/15/12	13.55	13.73	13.44	13.72	2567700	6.8	2496	辉丰股份	SZ	13.82	6.85	
509	5/14/12	14.19	14.26	13.78	13.82	3481800	6.85	2496	辉丰股份	SZ	14.1	6.99	
510	5/11/12	13.52	14.63	13.52	14.1	7507100	6.99	2496	辉丰股份	SZ	13.53	6.71	
511	5/10/12	13.25	13.53	13.21	13.53	2603900	6.71	2496	辉丰股份	SZ	13.59	6.74	
512	5/9/12	13.59	13.59	13.59	13.59	0	6.74	2496	辉丰股份	SZ	13.59	6.74	
513	5/8/12	13.66	13.74	13.49	13.59	3204300	6.74	2496	辉丰股份	SZ	13.68	6.78	
514	5/7/12	13.47	13.73	13.33	13.68	2799300	6.78	2496	辉丰股份	SZ	13.57	6.73	
515	5/4/12	13.34	13.6	13.27	13.57	2352100	6.73	2496	辉丰股份	SZ	13.31	6.6	
516	5/3/12	13.36	13.36	13.17	13.31	1607100	6.6	2496	辉丰股份	SZ	13.29	6.59	
517	5/2/12	13.16	13.39	13.1	13.29	1803700	6.59	2496	辉丰股份	SZ	13.03	6.46	
518	5/1/12	13.03	13.03	13.03	13.03	0	6.46	2496	辉丰股份	SZ	13.03	6.46	
519	4/30/12	13.03	13.03	13.03	13.03	0	6.46	2496	辉丰股份	SZ	13.03	6.46	
520	4/27/12	13.01	13.12	12.9	13.03	1723100	6.46	2496	辉丰股份	SZ	13.17	6.53	
521	4/26/12	13.26	13.39	13.1	13.17	1890900	6.53	2496	辉丰股份	SZ	13.26	6.57	
522	4/25/12	13.28	13.35	13	13.26	2564300	6.57	2496	辉丰股份	SZ	13.28	6.58	
523	4/24/12	13.74	13.74	12.84	13.28	3479900	6.58	2496	辉丰股份	SZ	13.75	6.82	
524	4/23/12	13.74	14.01	13.54	13.75	3651000	6.82	2496	辉丰股份	SZ	13.71	6.8	
525	4/20/12	13.45	13.84	13.45	13.71	3925500	6.8	2496	辉丰股份	SZ	13.51	6.7	
526	4/19/12	13.49	13.58	13.43	13.51	3242300	6.7	2496	辉丰股份	SZ	13.52	6.7	
527	4/18/12	13.18	13.57	13.14	13.52	3737000	6.7	2496	辉丰股份	SZ	13.1	6.49	
528	4/17/12	13.49	13.49	12.94	13.1	3698200	6.49	2496	辉丰股份	SZ	13.39	6.64	
529	4/16/12	13.39	13.39	13.39	13.39	0	6.64	2496	辉丰股份	SZ	13.39	6.64	
530	4/13/12	13.62	13.62	13.27	13.39	4143200	6.64	2496	辉丰股份	SZ	13.49	6.69	
531	4/12/12	13.31	13.55	13.26	13.49	4321900	6.69	2496	辉丰股份	SZ	13.41	6.65	
532	4/11/12	13.16	13.43	12.83	13.41	5326900	6.65	2496	辉丰股份	SZ	13.42	6.65	
533	4/10/12	14.27	14.27	13.29	13.42	11512800	6.65	2496	辉丰股份	SZ	14.77	7.32	
534	4/9/12	15.37	15.59	14.72	14.77	9561300	7.32	2496	辉丰股份	SZ	15.36	7.61	
535	4/6/12	15.34	15.37	15.01	15.36	5491200	7.61	2496	辉丰股份	SZ	15.37	7.62	
536	4/5/12	14.75	15.4	14.65	15.37	7813800	7.62	2496	辉丰股份	SZ	14.99	7.43	
537	4/4/12	14.99	14.99	14.99	14.99	0	7.43	2496	辉丰股份	SZ	14.99	7.43	
538	4/3/12	14.99	14.99	14.99	14.99	0	7.43	2496	辉丰股份	SZ	14.99	7.43	
539	4/2/12	14.99	14.99	14.99	14.99	0	7.43	2496	辉丰股份	SZ	14.99	7.43	
540	3/30/12	14.21	15.43	14.18	14.99	7315200	7.43	2496	辉丰股份	SZ	14.21	7.05	
541	3/29/12	14	14.28	13.72	14.21	3430100	7.05	2496	辉丰股份	SZ	14	6.94	
542	3/28/12	14.37	14.61	13.76	14	2477000	6.94	2496	辉丰股份	SZ	14.52	7.2	
543	3/27/12	14.23	14.76	14.23	14.52	3044600	7.2	2496	辉丰股份	SZ	14.18	7.03	
544	3/26/12	14.07	14.45	14.02	14.18	1964500	7.03	2496	辉丰股份	SZ	14.14	7.01	
545	3/23/12	14.62	14.62	13.87	14.14	1863200	7.01	2496	辉丰股份	SZ	14.65	7.26	
546	3/22/12	14.57	14.68	14.3	14.65	2378500	7.26	2496	辉丰股份	SZ	14.65	7.26	
547	3/21/12	14.73	14.83	14.3	14.65	3652800	7.26	2496	辉丰股份	SZ	14.79	7.33	
548	3/20/12	15.5	15.5	14.74	14.79	7712500	7.33	2496	辉丰股份	SZ	15.17	7.52	
549	3/19/12	13.76	15.17	13.74	15.17	5539200	7.52	2496	辉丰股份	SZ	13.79	6.83	
550	3/16/12	13.55	13.82	13.43	13.79	2391600	6.83	2496	辉丰股份	SZ	13.51	6.7	
551	3/15/12	14.14	14.28	13.18	13.51	4133800	6.7	2496	辉丰股份	SZ	14.2	7.04	
552	3/14/12	15.25	15.38	14.05	14.2	5025900	7.04	2496	辉丰股份	SZ	15.24	7.56	
553	3/13/12	14.86	15.25	14.75	15.24	3959800	7.56	2496	辉丰股份	SZ	14.86	7.37	
554	3/12/12	14.94	14.99	14.72	14.86	2218900	7.37	2496	辉丰股份	SZ	14.91	7.39	
555	3/9/12	14.79	14.91	14.59	14.91	2469800	7.39	2496	辉丰股份	SZ	14.69	7.28	
556	3/8/12	14.58	14.8	14.58	14.69	2107900	7.28	2496	辉丰股份	SZ	14.53	7.2	
557	3/7/12	14.46	14.92	14.46	14.53	2649500	7.2	2496	辉丰股份	SZ	14.65	7.26	
558	3/6/12	14.99	14.99	14.52	14.65	2673600	7.26	2496	辉丰股份	SZ	15.04	7.45	
559	3/5/12	15.43	15.48	14.99	15.04	3627100	7.45	2496	辉丰股份	SZ	15.36	7.61	
560	3/2/12	14.91	15.38	14.81	15.36	4688700	7.61	2496	辉丰股份	SZ	14.87	7.37	
561	3/1/12	14.77	14.96	14.49	14.87	2991500	7.37	2496	辉丰股份	SZ	14.79	7.33	
562	2/29/12	14.46	15.01	14.34	14.79	5492600	7.33	2496	辉丰股份	SZ	14.48	7.18	
563	2/28/12	14.56	14.65	14.3	14.48	2856600	7.18	2496	辉丰股份	SZ	14.73	7.3	
564	2/27/12	14.72	14.95	14.59	14.73	4149800	7.3	2496	辉丰股份	SZ	14.68	7.28	
565	2/24/12	14.72	14.72	14.48	14.68	2897700	7.28	2496	辉丰股份	SZ	14.7	7.29	
566	2/23/12	14.36	14.84	14.31	14.7	5310900	7.29	2496	辉丰股份	SZ	14.51	7.19	
567	2/22/12	14.04	14.77	14.03	14.51	4707300	7.19	2496	辉丰股份	SZ	14.01	6.95	
568	2/21/12	13.99	14.03	13.67	14.01	2622900	6.95	2496	辉丰股份	SZ	13.99	6.93	
569	2/20/12	14.04	14.12	13.87	13.99	2194600	6.93	2496	辉丰股份	SZ	13.82	6.85	
570	2/17/12	14.04	14.2	13.74	13.82	1933600	6.85	2496	辉丰股份	SZ	14.03	6.95	
571	2/16/12	14.1	14.28	13.78	14.03	2836000	6.95	2496	辉丰股份	SZ	14.1	6.99	
572	2/15/12	13.7	14.13	13.7	14.1	2069300	6.99	2496	辉丰股份	SZ	13.83	6.86	
573	2/14/12	13.97	14.17	13.79	13.83	2330600	6.86	2496	辉丰股份	SZ	14.11	6.99	
574	2/13/12	14	14.26	13.85	14.11	3075800	6.99	2496	辉丰股份	SZ	14.19	7.03	
575	2/10/12	13.59	14.24	13.48	14.19	4692500	7.03	2496	辉丰股份	SZ	13.57	6.73	
576	2/9/12	13.56	13.83	13.45	13.57	2916700	6.73	2496	辉丰股份	SZ	13.56	6.72	
577	2/8/12	13.08	13.57	12.91	13.56	3129000	6.72	2496	辉丰股份	SZ	13.08	6.48	
578	2/7/12	13.36	13.47	13	13.08	2440600	6.48	2496	辉丰股份	SZ	13.48	6.68	
579	2/6/12	13.61	13.75	13.38	13.48	2956800	6.68	2496	辉丰股份	SZ	13.61	6.74	
580	2/3/12	13.26	13.72	13.2	13.61	4005400	6.74	2496	辉丰股份	SZ	13.48	6.68	
581	2/2/12	12.64	13.85	12.64	13.48	5012400	6.68	2496	辉丰股份	SZ	12.61	6.25	
582	2/1/12	12.51	12.87	12.32	12.61	1635000	6.25	2496	辉丰股份	SZ	12.47	6.18	
583	1/31/12	12.34	12.47	12.19	12.47	797400	6.18	2496	辉丰股份	SZ	12.35	6.12	
584	1/30/12	12.22	12.54	12.19	12.35	1565600	6.12	2496	辉丰股份	SZ	12.24	6.07	
585	1/27/12	12.24	12.24	12.24	12.24	0	6.07	2496	辉丰股份	SZ	12.24	6.07	
586	1/26/12	12.24	12.24	12.24	12.24	0	6.07	2496	辉丰股份	SZ	12.24	6.07	
587	1/25/12	12.24	12.24	12.24	12.24	0	6.07	2496	辉丰股份	SZ	12.24	6.07	
588	1/24/12	12.24	12.24	12.24	12.24	0	6.07	2496	辉丰股份	SZ	12.24	6.07	
589	1/23/12	12.24	12.24	12.24	12.24	0	6.07	2496	辉丰股份	SZ	12.24	6.07	
590	1/20/12	12.06	12.39	12.06	12.24	1115600	6.07	2496	辉丰股份	SZ	12	5.95	
591	1/19/12	12.17	12.31	11.8	12	1299600	5.95	2496	辉丰股份	SZ	12.1	6	
592	1/18/12	12.58	13	12.06	12.1	1851700	6	2496	辉丰股份	SZ	12.63	6.26	
593	1/17/12	11.71	12.87	11.55	12.63	2882200	6.26	2496	辉丰股份	SZ	12.28	6.09	
594	1/16/12	12.28	12.28	12.28	12.28	0	6.09	2496	辉丰股份	SZ	12.28	6.09	
595	1/13/12	13.09	13.15	12.26	12.28	2479100	6.09	2496	辉丰股份	SZ	13.09	6.49	
596	1/12/12	13.09	13.32	12.93	13.09	2427300	6.49	2496	辉丰股份	SZ	13.14	6.51	
597	1/11/12	13.03	13.29	12.75	13.14	2840100	6.51	2496	辉丰股份	SZ	13.03	6.46	
598	1/10/12	12.57	13.22	12.47	13.03	3208400	6.46	2496	辉丰股份	SZ	12.49	6.19	
599	1/9/12	11.95	12.58	11.83	12.49	1970500	6.19	2496	辉丰股份	SZ	11.93	5.92	
600	1/6/12	11.6	11.96	11.27	11.93	1349800	5.92	2496	辉丰股份	SZ	11.6	5.75	
601	1/5/12	12.14	12.31	11.54	11.6	1608800	5.75	2496	辉丰股份	SZ	12.31	6.1	
602	1/4/12	12.97	12.98	12.31	12.31	1458800	6.1	2496	辉丰股份	SZ	12.76	6.32	
603	1/3/12	12.85	12.87	12.65	12.76	1112900	6.32	2496	辉丰股份	SZ	12.76	6.32	
604	1/2/12	12.85	12.87	12.65	12.76	1112900	6.32	2496	辉丰股份	SZ	12.76	6.32	
605	12/30/11	12.85	12.87	12.65	12.76	1112900	6.32	2496	辉丰股份	SZ	12.58	6.23	
606	12/29/11	12.49	12.71	12.42	12.58	1322800	6.23	2496	辉丰股份	SZ	12.49	6.19	
607	12/28/11	12.57	12.74	12.19	12.49	2030900	6.19	2496	辉丰股份	SZ	12.79	6.34	
608	12/27/11	13.41	13.49	12.77	12.79	2527600	6.34	2496	辉丰股份	SZ	13.44	6.66	
609	12/26/11	13.66	13.82	13.43	13.44	1019700	6.66	2496	辉丰股份	SZ	13.6	6.74	
610	12/23/11	13.49	13.86	13.22	13.6	1647000	6.74	2496	辉丰股份	SZ	13.49	6.68	
611	12/22/11	13.77	13.9	12.74	13.49	2274700	6.68	2496	辉丰股份	SZ	14.03	6.95	
612	12/21/11	15.11	15.11	13.95	14.03	1723400	6.95	2496	辉丰股份	SZ	14.86	7.37	
613	12/20/11	14.73	15.19	14.58	14.86	1999700	7.37	2496	辉丰股份	SZ	14.82	7.35	
614	12/19/11	14.82	14.91	14.31	14.82	1892600	7.35	2496	辉丰股份	SZ	14.95	7.41	
615	12/16/11	14.27	14.98	14.2	14.95	2198700	7.41	2496	辉丰股份	SZ	14.28	7.08	
616	12/15/11	14.97	15.06	14.28	14.28	2439000	7.08	2496	辉丰股份	SZ	15.09	7.48	
617	12/14/11	15.13	15.92	14.99	15.09	2067300	7.48	2496	辉丰股份	SZ	16.13	7.99	
618	12/13/11	16.13	16.13	16.13	16.13	0	7.99	2496	辉丰股份	SZ	16.13	7.99	
619	12/12/11	16.45	16.45	16.12	16.13	1033000	7.99	2496	辉丰股份	SZ	16.28	8.07	
620	12/9/11	16.16	16.81	16.16	16.28	1600800	8.07	2496	辉丰股份	SZ	16.54	8.2	
621	12/8/11	16.69	16.88	16.04	16.54	2596400	8.2	2496	辉丰股份	SZ	16.79	8.32	
622	12/7/11	16.73	16.86	16.44	16.79	1778600	8.32	2496	辉丰股份	SZ	16.58	8.22	
623	12/6/11	16.21	16.87	16.04	16.58	2141700	8.22	2496	辉丰股份	SZ	16.54	8.2	
624	12/5/11	18.02	18.06	16.54	16.54	3791200	8.2	2496	辉丰股份	SZ	18.37	9.11	
625	12/2/11	19.4	19.4	18.3	18.37	3854700	9.11	2496	辉丰股份	SZ	19.65	9.74	
626	12/1/11	19.31	20.17	18.95	19.65	5028900	9.74	2496	辉丰股份	SZ	18.81	9.32	
627	11/30/11	20.15	20.15	18.07	18.81	4580600	9.32	2496	辉丰股份	SZ	19.79	9.81	
628	11/29/11	18.08	19.79	18.03	19.79	4031800	9.81	2496	辉丰股份	SZ	17.98	8.91	
629	11/28/11	18.4	18.62	17.77	17.98	2605300	8.91	2496	辉丰股份	SZ	18.41	9.12	
630	11/25/11	19.39	19.39	18.38	18.41	2783400	9.12	2496	辉丰股份	SZ	19.43	9.63	
631	11/24/11	19.24	19.49	18.53	19.43	3036000	9.63	2496	辉丰股份	SZ	19.58	9.7	
632	11/23/11	20.37	20.44	19.51	19.58	2932400	9.7	2496	辉丰股份	SZ	20.34	10.08	
633	11/22/11	20.93	20.98	19.69	20.34	3009600	10.08	2496	辉丰股份	SZ	21.03	10.43	
634	11/21/11	21.01	21.22	20.65	21.03	2379700	10.43	2496	辉丰股份	SZ	21.12	10.47	
635	11/18/11	21.04	21.35	20.67	21.12	3566300	10.47	2496	辉丰股份	SZ	21.04	10.43	
636	11/17/11	20.97	21.36	20.64	21.04	3337700	10.43	2496	辉丰股份	SZ	20.93	10.37	
637	11/16/11	21.86	21.97	20.8	20.93	5604700	10.37	2496	辉丰股份	SZ	22	10.91	
638	11/15/11	22.26	22.39	22	22	3472900	10.91	2496	辉丰股份	SZ	22.37	11.09	
639	11/14/11	21.88	22.37	21.79	22.37	4342100	11.09	2496	辉丰股份	SZ	21.79	10.8	
640	11/11/11	21.98	22.26	21.76	21.79	2988800	10.8	2496	辉丰股份	SZ	21.92	10.86	
641	11/10/11	22.29	22.48	21.85	21.92	4545300	10.86	2496	辉丰股份	SZ	22.66	11.23	
642	11/9/11	22.2	22.66	21.77	22.66	6120400	11.23	2496	辉丰股份	SZ	22.35	11.08	
643	11/8/11	21.77	22.69	21.54	22.35	7330000	11.08	2496	辉丰股份	SZ	21.77	10.79	
644	11/7/11	21.49	22.13	21.39	21.77	4013900	10.79	2496	辉丰股份	SZ	21.76	10.79	
645	11/4/11	22.07	22.31	21.39	21.76	6935800	10.79	2496	辉丰股份	SZ	22.2	11.01	
646	11/3/11	22.71	23.3	22.19	22.2	9732500	11.01	2496	辉丰股份	SZ	22.53	11.17	
647	11/2/11	21.49	22.71	21.02	22.53	7287100	11.17	2496	辉丰股份	SZ	21.83	10.82	
648	11/1/11	22.24	22.26	21.68	21.83	5349500	10.82	2496	辉丰股份	SZ	22.49	11.15	
649	10/31/11	22.43	22.53	22.1	22.49	5687600	11.15	2496	辉丰股份	SZ	22.56	11.18	
650	10/28/11	22.15	22.76	21.32	22.56	8957200	11.18	2496	辉丰股份	SZ	21.94	10.88	
651	10/27/11	21.81	23	21.68	21.94	9955400	10.88	2496	辉丰股份	SZ	21.67	10.74	
652	10/26/11	21.63	22.08	21.3	21.67	7772600	10.74	2496	辉丰股份	SZ	21.88	10.85	
653	10/25/11	20.61	21.88	20.24	21.88	8746800	10.85	2496	辉丰股份	SZ	20.64	10.23	
654	10/24/11	20.73	20.79	19.28	20.64	5468400	10.23	2496	辉丰股份	SZ	20.79	10.31	
655	10/21/11	20.27	20.91	19.92	20.79	4818900	10.31	2496	辉丰股份	SZ	20.27	10.05	
656	10/20/11	20.7	20.7	19.83	20.27	3976700	10.05	2496	辉丰股份	SZ	20.87	10.34	
657	10/19/11	20.56	21.16	20.45	20.87	4201500	10.34	2496	辉丰股份	SZ	20.46	10.14	
658	10/18/11	21.91	22.01	20.45	20.46	6011100	10.14	2496	辉丰股份	SZ	22.17	10.99	
659	10/17/11	21.38	22.43	21.28	22.17	7820500	10.99	2496	辉丰股份	SZ	21.36	10.59	
660	10/14/11	21.61	21.75	21.03	21.36	5617600	10.59	2496	辉丰股份	SZ	21.87	10.84	
661	10/13/11	20.87	21.9	20.66	21.87	8551200	10.84	2496	辉丰股份	SZ	21.03	10.43	
662	10/12/11	19.24	21.3	18.79	21.03	7395200	10.43	2496	辉丰股份	SZ	19.55	9.69	
663	10/11/11	19.07	20.25	18.87	19.55	6459000	9.69	2496	辉丰股份	SZ	18.57	9.21	
664	10/10/11	19.47	19.7	18.29	18.57	3250000	9.21	2496	辉丰股份	SZ	19.14	9.49	
665	9/30/11	18.7	19.4	18.63	19.14	3125000	9.49	2496	辉丰股份	SZ	18.88	9.36	
666	9/29/11	20.76	20.78	18.84	18.88	6259200	9.36	2496	辉丰股份	SZ	20.94	10.38	
667	9/28/11	21.22	21.37	20.7	20.94	4261100	10.38	2496	辉丰股份	SZ	21.2	10.51	
668	9/27/11	21.65	21.81	20.65	21.2	5839800	10.51	2496	辉丰股份	SZ	21.42	10.62	
669	9/26/11	21.59	22.47	21.34	21.42	10160900	10.62	2496	辉丰股份	SZ	21.83	10.82	
670	9/23/11	20.79	21.91	20.37	21.83	11924700	10.82	2496	辉丰股份	SZ	21.17	10.49	
671	9/22/11	21.58	21.84	20.96	21.17	10409200	10.49	2496	辉丰股份	SZ	22.01	10.91	
672	9/21/11	20.76	22.33	20.76	22.01	16881800	10.91	2496	辉丰股份	SZ	20.32	10.07	
673	9/20/11	18.37	20.32	18.29	20.32	7520300	10.07	2496	辉丰股份	SZ	18.48	9.16	
674	9/19/11	19.15	19.24	18.37	18.48	3258900	9.16	2496	辉丰股份	SZ	19.34	9.58	
675	9/16/11	19.75	19.81	19.33	19.34	4148200	9.58	2496	辉丰股份	SZ	19.59	9.71	
676	9/15/11	20.25	20.51	19.58	19.59	6990200	9.71	2496	辉丰股份	SZ	20.23	10.03	
677	9/14/11	19.64	20.23	19.16	20.23	6548400	10.03	2496	辉丰股份	SZ	19.61	9.72	
678	9/13/11	19.37	19.85	18.89	19.61	6275500	9.72	2496	辉丰股份	SZ	19.72	9.77	
679	9/9/11	18.72	20.35	18.55	19.72	11784200	9.77	2496	辉丰股份	SZ	18.74	9.29	
680	9/8/11	17.85	18.74	17.76	18.74	6803700	9.29	2496	辉丰股份	SZ	17.03	8.44	
681	9/6/11	17.21	17.65	16.99	17.03	2014800	8.44	2496	辉丰股份	SZ	17.49	8.67	
682	9/5/11	18.18	18.38	17.45	17.49	2498100	8.67	2496	辉丰股份	SZ	18.35	9.09	
683	9/2/11	18.67	18.89	18.22	18.35	2847900	9.09	2496	辉丰股份	SZ	18.9	9.37	
684	9/1/11	19.33	19.87	18.85	18.9	4672100	9.37	2496	辉丰股份	SZ	19.69	9.76	
685	8/31/11	19.92	20.33	19.27	19.69	6229200	9.76	2496	辉丰股份	SZ	19.92	9.88	
686	8/30/11	19.42	20.68	19.16	19.92	10317000	9.88	2496	辉丰股份	SZ	19.33	9.58	
687	8/29/11	18.98	19.46	18.62	19.33	4935100	9.58	2496	辉丰股份	SZ	19.05	9.44	
688	8/26/11	18.63	19.15	18.47	19.05	5155500	9.44	2496	辉丰股份	SZ	18.63	9.24	
689	8/25/11	18.41	18.76	18.08	18.63	4733900	9.24	2496	辉丰股份	SZ	18.39	9.12	
690	8/24/11	19.21	19.22	18.28	18.39	5742000	9.12	2496	辉丰股份	SZ	19.16	9.5	
691	8/23/11	18.55	19.19	18.23	19.16	6904900	9.5	2496	辉丰股份	SZ	18.77	9.3	
692	8/22/11	19.24	19.91	18.7	18.77	9628300	9.3	2496	辉丰股份	SZ	19.3	9.57	
693	8/19/11	17.94	19.41	17.77	19.3	10017900	9.57	2496	辉丰股份	SZ	18.37	9.11	
694	8/18/11	18.18	18.62	17.79	18.37	10141200	9.11	2496	辉丰股份	SZ	18.05	8.95	
695	8/17/11	16.41	18.05	16.41	18.05	7117800	8.95	2496	辉丰股份	SZ	16.41	8.14	
696	8/16/11	16.63	16.71	16.31	16.41	576200	8.14	2496	辉丰股份	SZ	16.49	8.18	
697	8/15/11	16.22	16.62	16.22	16.49	865400	8.18	2496	辉丰股份	SZ	16.21	8.03	
698	8/12/11	15.96	16.46	15.96	16.21	1199100	8.03	2496	辉丰股份	SZ	15.92	7.89	
699	8/11/11	15.33	15.99	15.18	15.92	957600	7.89	2496	辉丰股份	SZ	15.79	7.83	
700	8/10/11	15.8	16.11	15.76	15.79	1047300	7.83	2496	辉丰股份	SZ	15.64	7.75	
701	8/9/11	15.54	15.67	14.73	15.64	1230300	7.75	2496	辉丰股份	SZ	15.95	7.9	
702	8/8/11	16.99	17.02	15.74	15.95	1454600	7.9	2496	辉丰股份	SZ	17.16	8.51	
703	8/5/11	17.15	17.16	16.68	17.16	1317200	8.51	2496	辉丰股份	SZ	17.59	8.72	
704	8/4/11	17.6	18	17.51	17.59	1248600	8.72	2496	辉丰股份	SZ	17.58	8.72	
705	8/3/11	16.88	17.59	16.73	17.58	1505600	8.72	2496	辉丰股份	SZ	17.01	8.43	
706	8/2/11	16.95	17.06	16.71	17.01	610300	8.43	2496	辉丰股份	SZ	17.15	8.5	
707	8/1/11	17.09	17.15	16.73	17.15	765100	8.5	2496	辉丰股份	SZ	17.09	8.47	
708	7/29/11	17.33	17.56	17	17.09	817500	8.47	2496	辉丰股份	SZ	17.33	8.59	
709	7/28/11	17.26	17.49	17.06	17.33	1067200	8.59	2496	辉丰股份	SZ	17.52	8.69	
710	7/27/11	16.91	17.75	16.86	17.52	2139200	8.69	2496	辉丰股份	SZ	16.82	8.34	
711	7/26/11	16.86	17.14	16.7	16.82	1030200	8.34	2496	辉丰股份	SZ	16.83	8.34	
712	7/25/11	18.43	18.43	16.8	16.83	2364700	8.34	2496	辉丰股份	SZ	18.35	9.09	
713	7/22/11	18.54	18.56	18.32	18.35	1006000	9.09	2496	辉丰股份	SZ	18.32	9.08	
714	7/21/11	18.66	18.72	18.31	18.32	925600	9.08	2496	辉丰股份	SZ	18.64	9.24	
715	7/20/11	18.67	18.91	18.36	18.64	1003800	9.24	2496	辉丰股份	SZ	18.61	9.22	
716	7/19/11	18.85	18.93	18.51	18.61	1319700	9.22	2496	辉丰股份	SZ	19.01	9.42	
717	7/18/11	19.51	19.57	18.98	19.01	2073100	9.42	2496	辉丰股份	SZ	19.4	9.62	
718	7/15/11	19.17	19.54	19.01	19.4	2792500	9.62	2496	辉丰股份	SZ	19.17	9.5	
719	7/14/11	18.8	19.17	18.72	19.17	2440300	9.5	2496	辉丰股份	SZ	18.85	9.34	
720	7/13/11	19.36	19.36	18.54	18.85	3189300	9.34	2496	辉丰股份	SZ	18.4	9.12	
721	7/12/11	18.46	18.62	18.19	18.4	1781600	9.12	2496	辉丰股份	SZ	18.62	9.23	
722	7/11/11	18.53	18.71	18.44	18.62	985200	9.23	2496	辉丰股份	SZ	18.64	9.24	
723	7/8/11	18.85	19.04	18.46	18.64	1997800	9.24	2496	辉丰股份	SZ	18.95	9.4	
724	7/7/11	18.63	19.24	18.63	18.95	4231300	9.4	2496	辉丰股份	SZ	18.77	9.3	
725	7/6/11	18.68	18.88	18.37	18.77	2229800	9.3	2496	辉丰股份	SZ	18.6	9.22	
726	7/5/11	18.28	18.71	18.21	18.6	2907700	9.22	2496	辉丰股份	SZ	18.3	9.07	
727	7/4/11	18.02	18.45	17.78	18.3	2036300	9.07	2496	辉丰股份	SZ	17.81	8.83	
728	7/1/11	17.72	18.01	17.71	17.81	1129700	8.83	2496	辉丰股份	SZ	17.72	8.78	
729	6/30/11	17.52	17.84	17.52	17.72	1306800	8.78	2496	辉丰股份	SZ	17.65	8.75	
730	6/29/11	17.81	18.03	17.65	17.65	1445100	8.75	2496	辉丰股份	SZ	17.81	8.83	
731	6/28/11	17.96	17.96	17.56	17.81	1300800	8.83	2496	辉丰股份	SZ	17.94	8.89	
732	6/27/11	17.62	18.02	17.5	17.94	1914100	8.89	2496	辉丰股份	SZ	17.65	8.75	
733	6/24/11	17.38	17.84	17.26	17.65	2793600	8.75	2496	辉丰股份	SZ	17.45	8.65	
734	6/23/11	16.78	18.49	16.68	17.45	3588900	8.65	2496	辉丰股份	SZ	16.81	8.33	
735	6/22/11	16.49	16.87	16.49	16.81	908600	8.33	2496	辉丰股份	SZ	16.61	8.23	
736	6/21/11	16.31	16.72	16.31	16.61	659000	8.23	2496	辉丰股份	SZ	16.31	8.08	
737	6/20/11	16.21	16.35	16.03	16.31	472500	8.08	2496	辉丰股份	SZ	16.21	8.03	
738	6/17/11	16.51	16.7	16.12	16.21	772300	8.03	2496	辉丰股份	SZ	16.52	8.19	
739	6/16/11	17.03	17.04	16.52	16.52	1598500	8.19	2496	辉丰股份	SZ	17.42	8.63	
740	6/14/11	17.25	17.52	16.94	17.42	1612300	8.63	2496	辉丰股份	SZ	17.24	8.54	
741	6/13/11	17.91	18.44	16.87	17.24	2435400	8.54	2496	辉丰股份	SZ	17.91	8.88	
742	6/10/11	18.29	18.98	17.84	17.91	3753800	8.88	2496	辉丰股份	SZ	18.45	9.15	
743	6/9/11	17.8	18.62	17.66	18.45	3811200	9.15	2496	辉丰股份	SZ	17.83	8.84	
744	6/8/11	17.98	18.16	17.7	17.83	1643500	8.84	2496	辉丰股份	SZ	18.09	8.97	
745	6/7/11	17.53	19.01	17.42	18.09	3983700	8.97	2496	辉丰股份	SZ	17.42	8.63	
746	6/3/11	17.13	17.43	16.99	17.42	985500	8.63	2496	辉丰股份	SZ	17.12	8.48	
747	6/2/11	17.03	17.14	16.82	17.12	1194100	8.48	2496	辉丰股份	SZ	17.26	8.55	
748	6/1/11	17.07	17.32	16.89	17.26	1424400	8.55	2496	辉丰股份	SZ	17.07	8.46	
749	5/31/11	16.72	17.07	16.6	17.07	1068300	8.46	2496	辉丰股份	SZ	16.74	8.3	
750	5/30/11	16.36	16.76	16.29	16.74	1153700	8.3	2496	辉丰股份	SZ	16.41	8.14	
751	5/27/11	16.35	16.6	16.21	16.41	742900	8.14	2496	辉丰股份	SZ	16.36	8.11	
752	5/26/11	16.67	16.78	16.36	16.36	686300	8.11	2496	辉丰股份	SZ	16.52	8.19	
753	5/25/11	16.99	16.99	16.51	16.52	744700	8.19	2496	辉丰股份	SZ	17.03	8.44	
754	5/24/11	16.48	17.33	16.32	17.03	1364200	8.44	2496	辉丰股份	SZ	16.55	8.21	
755	5/23/11	17.46	17.46	16.48	16.55	1505500	8.21	2496	辉丰股份	SZ	17.44	8.64	
756	5/20/11	18.23	18.28	17.35	17.44	1636900	8.64	2496	辉丰股份	SZ	18.2	9.02	
757	5/19/11	18.74	18.85	18.12	18.2	1478100	9.02	2496	辉丰股份	SZ	19.27	5.75	
758	5/18/11	19.45	19.53	19.17	19.27	1232600	5.75	2496	辉丰股份	SZ	19.45	5.81	
759	5/17/11	19.33	19.59	19.22	19.45	1166100	5.81	2496	辉丰股份	SZ	19.43	5.8	
760	5/16/11	19.5	19.69	19.2	19.43	1062300	5.8	2496	辉丰股份	SZ	19.52	5.83	
761	5/13/11	19.15	19.66	19.15	19.52	2029100	5.83	2496	辉丰股份	SZ	18.96	5.66	
762	5/12/11	19.44	19.44	18.96	18.96	1251700	5.66	2496	辉丰股份	SZ	19.54	5.83	
763	5/11/11	19.31	19.7	19.17	19.54	1581800	5.83	2496	辉丰股份	SZ	19.31	5.76	
764	5/10/11	19.2	19.43	19.06	19.31	918300	5.76	2496	辉丰股份	SZ	19.2	5.73	
765	5/9/11	18.91	19.25	18.91	19.2	976000	5.73	2496	辉丰股份	SZ	18.93	5.65	
766	5/6/11	18.87	19.11	18.62	18.93	765700	5.65	2496	辉丰股份	SZ	18.86	5.63	
767	5/5/11	18.81	18.99	18.68	18.86	723500	5.63	2496	辉丰股份	SZ	18.88	5.63	
768	5/4/11	19.34	19.37	18.83	18.88	1167300	5.63	2496	辉丰股份	SZ	19.38	5.78	
769	5/3/11	19.1	19.43	18.99	19.38	1227400	5.78	2496	辉丰股份	SZ	19.12	5.71	
770	4/29/11	19	19.16	18.85	19.12	1411000	5.71	2496	辉丰股份	SZ	19.04	5.68	
771	4/28/11	19.55	19.64	19.03	19.04	2408100	5.68	2496	辉丰股份	SZ	19.54	5.83	
772	4/27/11	19.56	19.72	19.51	19.54	2200200	5.83	2496	辉丰股份	SZ	19.53	5.83	
773	4/26/11	20.27	20.27	19.39	19.53	4028100	5.83	2496	辉丰股份	SZ	20.58	6.14	
774	4/25/11	21.75	21.76	20.58	20.58	3368800	6.14	2496	辉丰股份	SZ	21.74	6.49	
775	4/22/11	21.94	21.94	21.61	21.74	1999300	6.49	2496	辉丰股份	SZ	22.05	6.58	
776	4/21/11	21.91	22.07	21.74	22.05	2646900	6.58	2496	辉丰股份	SZ	22.08	6.59	
777	4/20/11	22.37	22.37	21.72	22.08	5162900	6.59	2496	辉丰股份	SZ	22.75	6.79	
778	4/19/11	23.29	23.39	22.56	22.75	3495900	6.79	2496	辉丰股份	SZ	23.56	7.03	
779	4/18/11	24.2	24.21	23.29	23.56	5282500	7.03	2496	辉丰股份	SZ	25.45	7.6	
780	4/14/11	25.62	25.62	25.35	25.45	663400	7.6	2496	辉丰股份	SZ	25.44	7.59	
781	4/13/11	25.11	25.63	25.01	25.44	959700	7.59	2496	辉丰股份	SZ	25.13	7.5	
782	4/12/11	25.24	25.3	24.98	25.13	738900	7.5	2496	辉丰股份	SZ	25.11	7.49	
783	4/11/11	25.66	25.66	25.08	25.11	1280200	7.49	2496	辉丰股份	SZ	25.47	7.6	
784	4/8/11	25.31	25.54	25.16	25.47	928000	7.6	2496	辉丰股份	SZ	25.29	7.55	
785	4/7/11	25.07	25.39	24.98	25.29	766300	7.55	2496	辉丰股份	SZ	25	7.46	
786	4/6/11	25.14	25.34	24.95	25	1151900	7.46	2496	辉丰股份	SZ	25.18	7.52	
787	4/1/11	25.08	25.21	24.92	25.18	846400	7.52	2496	辉丰股份	SZ	25.08	7.49	
788	3/31/11	25.32	25.42	24.87	25.08	1321000	7.49	2496	辉丰股份	SZ	25.32	7.56	
789	3/30/11	25.51	25.71	25.19	25.32	1624200	7.56	2496	辉丰股份	SZ	25.51	7.62	
790	3/29/11	26.09	26.27	25.48	25.51	2285000	7.62	2496	辉丰股份	SZ	26.14	7.8	
791	3/28/11	26.7	26.97	26.08	26.14	3015500	7.8	2496	辉丰股份	SZ	26.65	7.96	
792	3/25/11	26.49	27.35	26.49	26.65	4851500	7.96	2496	辉丰股份	SZ	26.36	7.87	
793	3/24/11	26.24	26.52	26	26.36	2131800	7.87	2496	辉丰股份	SZ	26.24	7.83	
794	3/23/11	26.04	26.27	25.78	26.24	1672100	7.83	2496	辉丰股份	SZ	26.03	7.77	
795	3/22/11	26.49	26.54	25.85	26.03	1926700	7.77	2496	辉丰股份	SZ	26.33	7.86	
796	3/21/11	26.31	26.68	26.17	26.33	1809000	7.86	2496	辉丰股份	SZ	26.48	7.9	
797	3/18/11	26.11	26.64	26.01	26.48	2889600	7.9	2496	辉丰股份	SZ	25.94	7.74	
798	3/17/11	25.97	26.11	25.64	25.94	1771300	7.74	2496	辉丰股份	SZ	26.09	7.79	
799	3/16/11	25.63	26.11	25.56	26.09	1877600	7.79	2496	辉丰股份	SZ	25.46	7.6	
800	3/15/11	26.11	26.16	25.19	25.46	2288600	7.6	2496	辉丰股份	SZ	26.1	7.79	
801	3/14/11	25.85	26.27	25.76	26.1	1836100	7.79	2496	辉丰股份	SZ	25.95	7.75	
802	3/11/11	25.95	26.16	25.85	25.95	2449600	7.75	2496	辉丰股份	SZ	26.05	7.78	
803	3/10/11	25.96	26.41	25.78	26.05	2212300	7.78	2496	辉丰股份	SZ	25.94	7.74	
804	3/9/11	26.09	26.27	25.73	25.94	1669800	7.74	2496	辉丰股份	SZ	25.98	7.75	
805	3/8/11	25.77	25.99	25.62	25.98	2090200	7.75	2496	辉丰股份	SZ	25.72	7.68	
806	3/7/11	25.46	25.8	25.41	25.72	2006900	7.68	2496	辉丰股份	SZ	25.46	7.6	
807	3/4/11	25.36	25.51	25.18	25.46	1985000	7.6	2496	辉丰股份	SZ	25.37	7.57	
808	3/3/11	25.81	25.97	25.23	25.37	2305000	7.57	2496	辉丰股份	SZ	25.86	7.72	
809	3/2/11	26.54	26.54	25.58	25.86	3404500	7.72	2496	辉丰股份	SZ	26.6	7.94	
810	3/1/11	26.63	26.73	26.44	26.6	2511700	7.94	2496	辉丰股份	SZ	26.63	7.95	
811	2/28/11	26.59	26.83	26.33	26.63	3243000	7.95	2496	辉丰股份	SZ	26.69	7.97	
812	2/25/11	27.25	27.25	26.43	26.69	4513300	7.97	2496	辉丰股份	SZ	27.88	8.32	
813	2/24/11	27.11	28.43	26.97	27.88	4748800	8.32	2496	辉丰股份	SZ	27.08	8.08	
814	2/23/11	26.6	27.08	26.21	27.08	2865600	8.08	2496	辉丰股份	SZ	26.57	7.93	
815	2/22/11	27.1	27.56	26.55	26.57	4265200	7.93	2496	辉丰股份	SZ	27.06	8.08	
816	2/21/11	26.05	27.06	26.05	27.06	3090800	8.08	2496	辉丰股份	SZ	26.44	7.89	
817	2/18/11	27.03	27.19	26.38	26.44	3180800	7.89	2496	辉丰股份	SZ	27.13	8.1	
818	2/17/11	27.35	27.55	27.03	27.13	3758800	8.1	2496	辉丰股份	SZ	27.22	8.13	
819	2/16/11	26.8	27.45	26.43	27.22	4145800	8.13	2496	辉丰股份	SZ	26.91	8.03	
820	2/15/11	26.87	27.56	26.87	26.91	4760400	8.03	2496	辉丰股份	SZ	26.89	8.03	
821	2/14/11	26.55	27.05	26.33	26.89	4644500	8.03	2496	辉丰股份	SZ	26.69	7.97	
822	2/11/11	27.08	27.23	26.42	26.69	7990500	7.97	2496	辉丰股份	SZ	26.47	7.9	
823	2/10/11	24.1	26.47	23.95	26.47	5953100	7.9	2496	辉丰股份	SZ	24.07	7.18	
824	2/9/11	24.92	24.92	24.01	24.07	4175700	7.18	2496	辉丰股份	SZ	25.05	7.48	
825	2/1/11	25.19	25.27	25.02	25.05	1184200	7.48	2496	辉丰股份	SZ	25.26	7.54	
826	1/31/11	25.11	25.29	24.93	25.26	1347600	7.54	2496	辉丰股份	SZ	25.07	7.48	
827	1/28/11	25.21	25.29	24.76	25.07	1371400	7.48	2496	辉丰股份	SZ	25.21	7.53	
828	1/27/11	24.85	25.42	24.47	25.21	1978300	7.53	2496	辉丰股份	SZ	25.01	7.47	
829	1/26/11	24.48	25.33	24.3	25.01	2186100	7.47	2496	辉丰股份	SZ	24.48	7.31	
830	1/25/11	23.83	24.59	23.62	24.48	1329600	7.31	2496	辉丰股份	SZ	24.07	7.19	
831	1/24/11	24.76	25.12	24.07	24.07	1902300	7.19	2496	辉丰股份	SZ	24.91	7.43	
832	1/21/11	24.45	25.02	24.37	24.91	1120900	7.43	2496	辉丰股份	SZ	24.54	7.33	
833	1/20/11	25.46	25.46	24.54	24.54	1810600	7.33	2496	辉丰股份	SZ	25.5	7.61	
834	1/19/11	25.09	25.57	24.92	25.5	2172200	7.61	2496	辉丰股份	SZ	25.09	7.49	
835	1/18/11	25.19	25.19	24.67	25.09	2439900	7.49	2496	辉丰股份	SZ	25.32	7.56	
836	1/17/11	26.56	26.73	25.06	25.32	3204700	7.56	2496	辉丰股份	SZ	26.78	7.99	
837	1/14/11	27.62	27.62	26.54	26.78	2854300	7.99	2496	辉丰股份	SZ	27.87	8.32	
838	1/13/11	28.36	28.55	27.78	27.87	1258700	8.32	2496	辉丰股份	SZ	28.32	8.45	
839	1/12/11	28.01	28.55	27.95	28.32	1387700	8.45	2496	辉丰股份	SZ	28	8.36	
840	1/11/11	27.79	28.42	27.56	28	1654100	8.36	2496	辉丰股份	SZ	28.06	8.38	
841	1/10/11	29.14	29.25	27.93	28.06	2056000	8.38	2496	辉丰股份	SZ	29.24	8.73	
842	1/7/11	29.39	29.63	29.03	29.24	1717300	8.73	2496	辉丰股份	SZ	29.36	8.76	
843	1/6/11	29.83	29.98	29.26	29.36	1713900	8.76	2496	辉丰股份	SZ	29.85	8.91	
844	1/5/11	30.31	30.47	29.74	29.85	2566400	8.91	2496	辉丰股份	SZ	30.46	9.09	
845	1/4/11	30.65	30.65	29.8	30.46	2140100	9.09	2496	辉丰股份	SZ	30.22	9.02	
846	12/31/10	29.81	30.47	29.63	30.22	1463400	9.02	2496	辉丰股份	SZ	29.81	8.9	
847	12/30/10	29.6	30.12	29.47	29.81	1530000	8.9	2496	辉丰股份	SZ	29.65	8.85	
848	12/29/10	29.66	29.79	29.09	29.65	2128100	8.85	2496	辉丰股份	SZ	29.66	8.85	
849	12/28/10	30.08	30.33	28.72	29.66	3381200	8.85	2496	辉丰股份	SZ	29.97	8.95	
850	12/27/10	33.32	33.99	29.97	29.97	4688900	8.95	2496	辉丰股份	SZ	33.3	9.94	
851	12/24/10	33.48	33.85	33.21	33.3	1479400	9.94	2496	辉丰股份	SZ	33.77	10.08	
852	12/23/10	34.39	34.72	33.31	33.77	2008200	10.08	2496	辉丰股份	SZ	34.4	10.27	
853	12/22/10	35.26	35.42	34.4	34.4	1962800	10.27	2496	辉丰股份	SZ	35.21	10.51	
854	12/21/10	35.06	35.33	34.46	35.21	3061700	10.51	2496	辉丰股份	SZ	35.07	10.47	
855	12/20/10	35.2	36.01	33.47	35.07	3575800	10.47	2496	辉丰股份	SZ	35.11	10.48	
856	12/17/10	34.46	35.48	34.15	35.11	2185200	10.48	2496	辉丰股份	SZ	34.46	10.29	
857	12/16/10	34.61	34.79	34.23	34.46	1539600	10.29	2496	辉丰股份	SZ	34.33	10.25	
858	12/15/10	34.86	35.58	34.24	34.33	2307600	10.25	2496	辉丰股份	SZ	34.81	10.39	
859	12/14/10	34.72	35.04	34.29	34.81	2273900	10.39	2496	辉丰股份	SZ	34.75	10.37	
860	12/13/10	33.85	34.93	33.49	34.75	4159000	10.37	2496	辉丰股份	SZ	33.48	9.99	
861	12/10/10	32.98	33.52	32.61	33.48	2113300	9.99	2496	辉丰股份	SZ	32.99	9.85	
862	12/9/10	34.42	34.42	32.61	32.99	4935100	9.85	2496	辉丰股份	SZ	34.34	10.25	
863	12/8/10	34.89	35.8	34.12	34.34	2783300	10.25	2496	辉丰股份	SZ	34.95	10.43	
864	12/7/10	34.31	35.21	34.13	34.95	1931800	10.43	2496	辉丰股份	SZ	34.4	10.27	
865	12/6/10	35.61	36.02	34.18	34.4	3179500	10.27	2496	辉丰股份	SZ	36.13	10.79	
866	12/3/10	37.16	37.59	35.48	36.13	4705100	10.79	2496	辉丰股份	SZ	37.54	11.21	
867	12/2/10	38.3	38.57	37.51	37.54	3260600	11.21	2496	辉丰股份	SZ	38.08	11.37	
868	12/1/10	37.92	38.45	37.5	38.08	2165500	11.37	2496	辉丰股份	SZ	38.4	11.46	
869	11/30/10	38.19	39	36.48	38.4	5654600	11.46	2496	辉丰股份	SZ	38.62	11.53	
870	11/29/10	37.89	39.37	37.49	38.62	5310700	11.53	2496	辉丰股份	SZ	37.81	11.29	
871	11/26/10	37.32	38.35	37.27	37.81	3303800	11.29	2496	辉丰股份	SZ	37.76	11.27	
872	11/25/10	37.96	39.24	37.37	37.76	6354600	11.27	2496	辉丰股份	SZ	38.19	11.4	
873	11/24/10	35.38	38.46	35.38	38.19	8096000	11.4	2496	辉丰股份	SZ	35.68	10.65	
874	11/23/10	35.15	35.94	34.67	35.68	5622300	10.65	2496	辉丰股份	SZ	35.38	10.56	
875	11/22/10	34.83	36.17	34.83	35.38	5842800	10.56	2496	辉丰股份	SZ	34.94	10.43	
876	11/19/10	33.96	34.98	33.71	34.94	5140600	10.43	2496	辉丰股份	SZ	33.85	10.11	
877	11/18/10	33.95	34.67	33.04	33.85	4450200	10.11	2496	辉丰股份	SZ	34.02	10.15	
878	11/17/10	35.15	35.6	33.52	34.02	6023000	10.15	2496	辉丰股份	SZ	35.91	10.72	
879	11/16/10	37.43	38.89	34.68	35.91	10104300	10.72	2496	辉丰股份	SZ	37.26	11.12	
880	11/15/10	36.62	37.69	35.68	37.26	11531300	11.12	2496	辉丰股份	SZ	36.58	10.92	
881	11/12/10	36.83	38.13	35.54	36.58	21193400	10.92	2496	辉丰股份	SZ	36.25	10.82	
882	11/11/10	33.37	36.25	33.37	36.25	23900800	10.82	2496	辉丰股份	SZ	32.95	9.84	
883	11/10/10	33.19	34.12	32.51	32.95	18513600	9.84	2496	辉丰股份	SZ	34.18	10.2	
884	11/9/10	32.5	35.21	31.96	34.18	37573900	10.2	2496	辉丰股份	SZ	-1	-1	
