0	2014-04-29	16.1	16.4	16.1	16.29	4501	16.29	300114	中航电测	SZ	16.1	16.1	
1	2014-04-28	16.23	16.3	16.05	16.1	8877	16.1	300114	中航电测	SZ	16.33	16.33	
2	2014-04-25	16.64	16.72	16.33	16.33	7977	16.33	300114	中航电测	SZ	16.63	16.63	
3	2014-04-24	16.96	17.06	16.46	16.63	13054	16.63	300114	中航电测	SZ	16.96	16.96	
4	2014-04-23	16.7	17	16.7	16.96	6652	16.96	300114	中航电测	SZ	16.7	16.7	
5	2014-04-22	16.93	17.08	16.61	16.7	10559	16.7	300114	中航电测	SZ	16.94	16.94	
6	2014-04-21	17.11	17.37	16.94	16.94	9708	16.94	300114	中航电测	SZ	17.32	17.32	
7	2014-04-18	17.3	17.58	17.22	17.32	9971	17.32	300114	中航电测	SZ	17.29	17.29	
8	2014-04-17	17.45	17.69	17.29	17.29	9246	17.29	300114	中航电测	SZ	17.62	17.62	
9	2014-04-16	17.52	17.74	17.3	17.62	10178	17.62	300114	中航电测	SZ	17.58	17.58	
10	2014-04-15	17.51	18.02	17.46	17.58	23568	17.58	300114	中航电测	SZ	17.33	17.33	
11	2014-04-14	17.07	17.38	17.07	17.33	12891	17.33	300114	中航电测	SZ	17.21	17.21	
12	2014-04-11	17	17.26	16.82	17.21	13764	17.21	300114	中航电测	SZ	17.06	17.06	
13	2014-04-10	17.25	17.44	17.02	17.06	25669	17.06	300114	中航电测	SZ	17.3	17.3	
14	2014-04-09	16.79	17.32	16.62	17.3	39923	17.3	300114	中航电测	SZ	16.86	16.86	
15	2014-04-08	16.6	17.07	16.44	16.86	56397	16.86	300114	中航电测	SZ	18.27	18.27	
16	2014-04-07	18.27	18.27	18.27	18.27	0	18.27	300114	中航电测	SZ	18.27	18.27	
17	2014-04-04	17.94	18.3	17.75	18.27	8690	18.27	300114	中航电测	SZ	17.94	17.94	
18	2014-04-03	17.9	18.17	17.72	17.94	7560	17.94	300114	中航电测	SZ	17.88	17.88	
19	2014-04-02	17.9	18.04	17.72	17.88	10837	17.88	300114	中航电测	SZ	17.9	17.9	
20	2014-04-01	17.55	17.95	17.44	17.9	9462	17.9	300114	中航电测	SZ	17.5	17.5	
21	2014-03-31	17.75	18.1	17.34	17.5	10862	17.5	300114	中航电测	SZ	17.88	17.88	
22	2014-03-28	18.01	18.4	17.59	17.88	17043	17.88	300114	中航电测	SZ	17.96	17.96	
23	2014-03-27	19	19	17.91	17.96	23269	17.96	300114	中航电测	SZ	19.08	19.08	
24	2014-03-26	18.95	19.25	18.79	19.08	16002	19.08	300114	中航电测	SZ	18.96	18.96	
25	2014-03-25	18.97	18.97	18.51	18.96	19738	18.96	300114	中航电测	SZ	19.13	19.13	
26	2014-03-24	19.36	19.87	19	19.13	21026	19.13	300114	中航电测	SZ	19.37	19.37	
27	2014-03-21	18.8	19.4	18.36	19.37	23172	19.37	300114	中航电测	SZ	18.8	18.8	
28	2014-03-20	19.63	19.83	18.76	18.8	26528	18.8	300114	中航电测	SZ	19.88	19.88	
29	2014-03-19	19.7	20.06	19.54	19.88	27946	19.88	300114	中航电测	SZ	19.64	19.64	
30	2014-03-18	19.79	19.83	19.47	19.64	26072	19.64	300114	中航电测	SZ	19.79	19.79	
31	2014-03-17	18.99	19.86	18.99	19.79	32483	19.79	300114	中航电测	SZ	19.05	19.05	
32	2014-03-14	18.8	19.21	18.5	19.05	18885	19.05	300114	中航电测	SZ	19	19	
33	2014-03-13	18.81	19.6	18.81	19	25758	19	300114	中航电测	SZ	18.48	18.48	
34	2014-03-12	18.1	18.49	18.01	18.48	13849	18.48	300114	中航电测	SZ	18.24	18.24	
35	2014-03-11	18	18.4	18	18.24	15195	18.24	300114	中航电测	SZ	18.01	18.01	
36	2014-03-10	19.06	19.06	18.01	18.01	25410	18.01	300114	中航电测	SZ	19.06	19.06	
37	2014-03-07	19.44	19.65	18.9	19.06	23123	19.06	300114	中航电测	SZ	19.44	19.44	
38	2014-03-06	18.67	19.6	18.59	19.44	33746	19.44	300114	中航电测	SZ	18.8	18.8	
39	2014-03-05	18.79	19.16	18.61	18.8	23933	18.8	300114	中航电测	SZ	18.85	18.85	
40	2014-03-04	18.7	19.35	18.53	18.85	26918	18.85	300114	中航电测	SZ	18.99	18.99	
41	2014-03-03	18.73	19.08	18.48	18.99	33189	18.99	300114	中航电测	SZ	18.34	18.34	
42	2014-02-28	17.85	18.4	17.55	18.34	23949	18.34	300114	中航电测	SZ	17.8	17.8	
43	2014-02-27	18.59	18.96	17.7	17.8	44655	17.8	300114	中航电测	SZ	18.28	18.28	
44	2014-02-26	18.14	18.57	17.59	18.28	49892	18.28	300114	中航电测	SZ	18.79	18.79	
45	2014-02-25	20.78	21.17	18.79	18.79	74849	18.79	300114	中航电测	SZ	20.88	20.88	
46	2014-02-24	20	21.24	19.87	20.88	54447	20.88	300114	中航电测	SZ	20.07	20.07	
47	2014-02-21	19.58	20.07	19.51	20.07	25968	20.07	300114	中航电测	SZ	19.65	19.65	
48	2014-02-20	20.28	20.28	19.37	19.65	39460	19.65	300114	中航电测	SZ	20.28	20.28	
49	2014-02-19	20.82	20.88	19.99	20.28	55258	20.28	300114	中航电测	SZ	21.2	21.2	
50	2014-02-18	22	22.66	21.04	21.2	83406	21.2	300114	中航电测	SZ	21	21	
51	2014-02-17	20.4	21.4	20.16	21	69984	21	300114	中航电测	SZ	20.3	20.3	
52	2014-02-14	19.98	20.5	19.48	20.3	38049	20.3	300114	中航电测	SZ	20	20	
53	2014-02-13	21.6	21.6	19.88	20	57421	20	300114	中航电测	SZ	21.3	21.3	
54	2014-02-12	21.28	21.48	20.5	21.3	65898	21.3	300114	中航电测	SZ	21.4	21.4	
55	2014-02-11	21.3	21.74	20.11	21.4	132230	21.4	300114	中航电测	SZ	21.3	21.3	
56	2014-02-10	21.3	21.3	20.4	21.3	171656	21.3	300114	中航电测	SZ	19.36	19.36	
57	2014-02-07	18.48	19.36	18.2	19.36	32239	19.36	300114	中航电测	SZ	17.6	17.6	
58	2014-02-06	17.6	17.6	17.6	17.6	0	17.6	300114	中航电测	SZ	17.6	17.6	
59	2014-02-05	17.6	17.6	17.6	17.6	0	17.6	300114	中航电测	SZ	17.6	17.6	
60	2014-02-03	17.6	17.6	17.6	17.6	0	17.6	300114	中航电测	SZ	17.6	17.6	
61	2014-01-31	17.6	17.6	17.6	17.6	0	17.6	300114	中航电测	SZ	17.6	17.6	
62	2014-01-30	17.41	18	17.07	17.6	20197	17.6	300114	中航电测	SZ	17.54	17.54	
63	2014-01-29	17.25	17.65	17.2	17.54	17263	17.54	300114	中航电测	SZ	17.22	17.22	
64	2014-01-28	17.78	18	17.15	17.22	20858	17.22	300114	中航电测	SZ	17.82	17.82	
65	2014-01-27	17.75	18.17	17.32	17.82	37697	17.82	300114	中航电测	SZ	17.73	17.73	
66	2014-01-24	17.71	18.09	17.65	17.73	37673	17.73	300114	中航电测	SZ	17.95	17.95	
67	2014-01-23	17.66	18.1	17.51	17.95	43127	17.95	300114	中航电测	SZ	17.62	17.62	
68	2014-01-22	17.5	17.8	17.33	17.62	33731	17.62	300114	中航电测	SZ	17.55	17.55	
69	2014-01-21	16.85	17.58	16.85	17.55	30458	17.55	300114	中航电测	SZ	17.05	17.05	
70	2014-01-20	17.72	17.73	16.8	17.05	35499	17.05	300114	中航电测	SZ	17.57	17.57	
71	2014-01-17	17	17.67	16.8	17.57	44765	17.57	300114	中航电测	SZ	17	17	
72	2014-01-16	17.08	17.25	16.75	17	32178	17	300114	中航电测	SZ	17.27	17.27	
73	2014-01-15	16.63	17.55	16.54	17.27	51826	17.27	300114	中航电测	SZ	16.78	16.78	
74	2014-01-14	15.99	16.87	15.73	16.78	39648	16.78	300114	中航电测	SZ	15.99	15.99	
75	2014-01-13	16	16.1	15.63	15.99	25060	15.99	300114	中航电测	SZ	15.91	15.91	
76	2014-01-10	16.25	16.59	15.25	15.91	47194	15.91	300114	中航电测	SZ	16.68	16.68	
77	2014-01-09	17.49	18.17	16.65	16.68	102596	16.68	300114	中航电测	SZ	16.97	16.97	
78	2014-01-08	16.37	16.97	16.21	16.97	35066	16.97	300114	中航电测	SZ	15.43	15.43	
79	2014-01-07	15.21	15.64	14.8	15.43	14130	15.43	300114	中航电测	SZ	15.24	15.24	
80	2014-01-06	16.02	16.27	15.21	15.24	23125	15.24	300114	中航电测	SZ	16.27	16.27	
81	2014-01-03	16.38	16.46	16.08	16.27	18247	16.27	300114	中航电测	SZ	16.31	16.31	
82	2014-01-02	16.04	16.44	15.92	16.31	16492	16.31	300114	中航电测	SZ	15.98	15.98	
83	2014-01-01	15.98	15.98	15.98	15.98	0	15.98	300114	中航电测	SZ	15.98	15.98	
84	2013-12-31	16.29	16.47	15.92	15.98	17613	15.98	300114	中航电测	SZ	16.51	16.51	
85	2013-12-30	16.18	16.63	16.04	16.51	28994	16.51	300114	中航电测	SZ	16.15	16.15	
86	2013-12-27	15.6	16.28	15.6	16.15	22174	16.15	300114	中航电测	SZ	15.68	15.68	
87	2013-12-26	16.12	16.13	15.68	15.68	16113	15.68	300114	中航电测	SZ	16.1	16.1	
88	2013-12-25	15.86	16.13	15.61	16.1	23644	16.1	300114	中航电测	SZ	15.75	15.75	
89	2013-12-24	15.28	15.93	15.28	15.75	24165	15.75	300114	中航电测	SZ	15.31	15.31	
90	2013-12-23	15.06	15.32	14.7	15.31	13817	15.31	300114	中航电测	SZ	15.2	15.2	
91	2013-12-20	15.35	15.5	15.1	15.2	8818	15.2	300114	中航电测	SZ	15.21	15.21	
92	2013-12-19	15.25	15.42	15.19	15.21	8358	15.21	300114	中航电测	SZ	15.21	15.21	
93	2013-12-18	15.51	15.57	15.2	15.21	13487	15.21	300114	中航电测	SZ	15.66	15.66	
94	2013-12-17	15.64	15.96	15	15.66	20790	15.66	300114	中航电测	SZ	15.53	15.53	
95	2013-12-16	15.89	16.01	15.48	15.53	18186	15.53	300114	中航电测	SZ	16.07	16.07	
96	2013-12-13	15.94	16.51	15.7	16.07	35910	16.07	300114	中航电测	SZ	15.61	15.61	
97	2013-12-12	15.29	15.87	15.29	15.61	22639	15.61	300114	中航电测	SZ	15.28	15.28	
98	2013-12-11	15.22	15.5	14.94	15.28	21352	15.28	300114	中航电测	SZ	15.41	15.41	
99	2013-12-10	16	16.03	15.4	15.41	27602	15.41	300114	中航电测	SZ	15.93	15.93	
100	2013-12-09	15.65	16.08	15.63	15.93	19044	15.93	300114	中航电测	SZ	15.61	15.61	
101	2013-12-06	15.98	15.98	15.36	15.61	25046	15.61	300114	中航电测	SZ	15.96	15.96	
102	2013-12-05	15.72	16.36	15.58	15.96	34942	15.96	300114	中航电测	SZ	15.75	15.75	
103	2013-12-04	15.95	16.58	15.68	15.75	50236	15.75	300114	中航电测	SZ	16.22	16.22	
104	2013-12-03	15.6	16.4	15.3	16.22	65726	16.22	300114	中航电测	SZ	17	17	
105	2013-12-02	17.1	17.76	17	17	55337	17	300114	中航电测	SZ	18.89	18.89	
106	2013-11-29	18.45	19.76	18.45	18.89	89167	18.89	300114	中航电测	SZ	18.61	18.61	
107	2013-11-28	18.7	19.1	18.35	18.61	60152	18.61	300114	中航电测	SZ	18.99	18.99	
108	2013-11-27	18.18	19.28	17.92	18.99	101799	18.99	300114	中航电测	SZ	18.55	18.55	
109	2013-11-26	17.97	19.35	17.8	18.55	140492	18.55	300114	中航电测	SZ	17.59	17.59	
110	2013-11-25	16.33	17.59	16.33	17.59	34708	17.59	300114	中航电测	SZ	15.99	15.99	
111	2013-11-22	16.48	17.13	15.99	15.99	38781	15.99	300114	中航电测	SZ	16.57	16.57	
112	2013-11-21	17.28	17.28	16.39	16.57	51600	16.57	300114	中航电测	SZ	17.27	17.27	
113	2013-11-20	15.83	17.27	15.71	17.27	63036	17.27	300114	中航电测	SZ	15.7	15.7	
114	2013-11-19	16	16.21	15.68	15.7	21633	15.7	300114	中航电测	SZ	15.88	15.88	
115	2013-11-18	15.7	16.42	15.45	15.88	39239	15.88	300114	中航电测	SZ	15.39	15.39	
116	2013-11-15	14.89	15.85	14.81	15.39	32555	15.39	300114	中航电测	SZ	14.98	14.98	
117	2013-11-14	14.1	15.2	14.1	14.98	22581	14.98	300114	中航电测	SZ	14.31	14.31	
118	2013-11-13	14.39	14.91	13.13	14.31	27127	14.31	300114	中航电测	SZ	14.13	14.13	
119	2013-11-12	14.33	14.33	13.97	14.13	8743	14.13	300114	中航电测	SZ	14.15	14.15	
120	2013-11-11	13.5	14.3	13.5	14.15	20424	14.15	300114	中航电测	SZ	13.5	13.5	
121	2013-11-08	13.39	13.58	13.2	13.5	5658	13.5	300114	中航电测	SZ	13.46	13.46	
122	2013-11-07	13.82	13.83	13.43	13.46	9060	13.46	300114	中航电测	SZ	13.9	13.9	
123	2013-11-06	14.15	14.23	13.9	13.9	7937	13.9	300114	中航电测	SZ	14.15	14.15	
124	2013-11-05	13.9	14.18	13.72	14.15	5345	14.15	300114	中航电测	SZ	14.03	14.03	
125	2013-11-04	13.6	14.2	13.6	14.03	13001	14.03	300114	中航电测	SZ	13.49	13.49	
126	2013-11-01	13.45	13.64	13.12	13.49	7776	13.49	300114	中航电测	SZ	13.49	13.49	
127	2013-10-31	13.8	13.9	13.44	13.49	8050	13.49	300114	中航电测	SZ	13.76	13.76	
128	2013-10-30	13.4	13.97	13.3	13.76	11268	13.76	300114	中航电测	SZ	13.38	13.38	
129	2013-10-29	14.31	14.48	13	13.38	18578	13.38	300114	中航电测	SZ	14.33	14.33	
130	2013-10-28	14.3	14.41	14.06	14.33	6242	14.33	300114	中航电测	SZ	14.19	14.19	
131	2013-10-25	14.92	15.18	14.14	14.19	12936	14.19	300114	中航电测	SZ	14.9	14.9	
132	2013-10-24	14.71	15.1	14.69	14.9	8010	14.9	300114	中航电测	SZ	14.82	14.82	
133	2013-10-23	15.08	15.45	14.79	14.82	17470	14.82	300114	中航电测	SZ	15.26	15.26	
134	2013-10-22	15.96	16.04	15.2	15.26	19373	15.26	300114	中航电测	SZ	15.96	15.96	
135	2013-10-21	15.66	16.1	15.35	15.96	17808	15.96	300114	中航电测	SZ	15.61	15.61	
136	2013-10-18	15.35	15.75	15.3	15.61	12142	15.61	300114	中航电测	SZ	15.34	15.34	
137	2013-10-17	15.42	15.64	15.18	15.34	14476	15.34	300114	中航电测	SZ	15.38	15.38	
138	2013-10-16	16.18	16.45	15.24	15.38	25385	15.38	300114	中航电测	SZ	16.45	16.45	
139	2013-10-15	16.8	16.84	16.36	16.45	26044	16.45	300114	中航电测	SZ	16.9	16.9	
140	2013-10-14	16.26	17.09	16.05	16.9	35867	16.9	300114	中航电测	SZ	16.23	16.23	
141	2013-10-11	16.45	16.5	15.88	16.23	36939	16.23	300114	中航电测	SZ	16.58	16.58	
142	2013-10-10	15.87	17.07	15.6	16.58	60190	16.58	300114	中航电测	SZ	15.56	15.56	
143	2013-10-09	15.4	15.91	15.32	15.56	32345	15.56	300114	中航电测	SZ	15.21	15.21	
144	2013-10-08	15.02	15.24	14.82	15.21	18614	15.21	300114	中航电测	SZ	15.15	15.15	
145	2013-10-07	15.15	15.15	15.15	15.15	0	15.15	300114	中航电测	SZ	15.15	15.15	
146	2013-10-04	15.15	15.15	15.15	15.15	0	15.15	300114	中航电测	SZ	15.15	15.15	
147	2013-10-03	15.15	15.15	15.15	15.15	0	15.15	300114	中航电测	SZ	15.15	15.15	
148	2013-10-02	15.15	15.15	15.15	15.15	0	15.15	300114	中航电测	SZ	15.15	15.15	
149	2013-10-01	15.15	15.15	15.15	15.15	0	15.15	300114	中航电测	SZ	15.15	15.15	
150	2013-09-30	15.06	15.25	14.83	15.15	14683	15.15	300114	中航电测	SZ	14.83	14.83	
151	2013-09-27	14.64	14.92	14.64	14.83	12142	14.83	300114	中航电测	SZ	14.67	14.67	
152	2013-09-26	14.92	15.25	14.66	14.67	21579	14.67	300114	中航电测	SZ	15	15	
153	2013-09-25	15.58	15.6	14.94	15	26166	15	300114	中航电测	SZ	15.58	15.58	
154	2013-09-24	15.25	15.64	15.1	15.58	32900	15.58	300114	中航电测	SZ	15.27	15.27	
155	2013-09-23	15.2	15.41	14.88	15.27	32505	15.27	300114	中航电测	SZ	15.23	15.23	
156	2013-09-20	15.23	15.23	15.23	15.23	0	15.23	300114	中航电测	SZ	15.23	15.23	
157	2013-09-18	14.93	15.41	14.87	15.23	39481	15.23	300114	中航电测	SZ	14.88	14.88	
158	2013-09-17	14.7	14.88	14.65	14.88	20449	14.88	300114	中航电测	SZ	14.73	14.73	
159	2013-09-16	14.56	14.88	14.52	14.73	13005	14.73	300114	中航电测	SZ	14.48	14.48	
160	2013-09-13	14.4	14.66	14.34	14.48	16061	14.48	300114	中航电测	SZ	14.67	14.67	
161	2013-09-12	14.83	15.1	14.65	14.67	21618	14.67	300114	中航电测	SZ	15.01	15.01	
162	2013-09-11	14.65	15.47	14.62	15.01	53115	15.01	300114	中航电测	SZ	14.33	14.33	
163	2013-09-10	14.75	14.75	14.24	14.33	24974	14.33	300114	中航电测	SZ	14.75	14.75	
164	2013-09-09	14.79	15.06	14.3	14.75	33434	14.75	300114	中航电测	SZ	14.68	14.68	
165	2013-09-06	14.33	14.68	14.21	14.68	23349	14.68	300114	中航电测	SZ	14.28	14.28	
166	2013-09-05	14.34	14.34	14.16	14.28	16718	14.28	300114	中航电测	SZ	14.26	14.26	
167	2013-09-04	14.12	14.41	14.07	14.26	17852	14.26	300114	中航电测	SZ	14.17	14.17	
168	2013-09-03	14.15	14.17	13.85	14.17	14739	14.17	300114	中航电测	SZ	14.07	14.07	
169	2013-09-02	13.99	14.22	13.81	14.07	16500	14.07	300114	中航电测	SZ	13.9	13.9	
170	2013-08-30	15.01	15.05	13.86	13.9	44874	13.9	300114	中航电测	SZ	15.03	15.03	
171	2013-08-29	15.1	15.75	15	15.03	34984	15.03	300114	中航电测	SZ	15.24	15.24	
172	2013-08-28	14.79	15.7	14.7	15.24	54593	15.24	300114	中航电测	SZ	14.9	14.9	
173	2013-08-27	14.95	15.09	14.63	14.9	28314	14.9	300114	中航电测	SZ	14.98	14.98	
174	2013-08-26	14.6	15.05	14.47	14.98	35512	14.98	300114	中航电测	SZ	14.75	14.75	
175	2013-08-23	14.6	15.35	14.3	14.75	41131	14.75	300114	中航电测	SZ	14.77	14.77	
176	2013-08-22	14.72	14.97	14.5	14.77	29180	14.77	300114	中航电测	SZ	14.98	14.98	
177	2013-08-21	14.2	14.99	14.15	14.98	39308	14.98	300114	中航电测	SZ	14.24	14.24	
178	2013-08-20	14.23	14.47	14.08	14.24	18706	14.24	300114	中航电测	SZ	14.23	14.23	
179	2013-08-19	13.71	14.26	13.7	14.23	16680	14.23	300114	中航电测	SZ	13.91	13.91	
180	2013-08-16	14.27	14.87	13.9	13.91	33901	13.91	300114	中航电测	SZ	14.43	14.43	
181	2013-08-15	14.01	14.47	13.88	14.43	28413	14.43	300114	中航电测	SZ	14.06	14.06	
182	2013-08-14	14.35	14.39	13.94	14.06	25628	14.06	300114	中航电测	SZ	14.35	14.35	
183	2013-08-13	14.19	14.38	14	14.35	23875	14.35	300114	中航电测	SZ	14.23	14.23	
184	2013-08-12	14.25	14.42	13.8	14.23	29747	14.23	300114	中航电测	SZ	14.31	14.31	
185	2013-08-09	14.75	15	13.86	14.31	38817	14.31	300114	中航电测	SZ	14.79	14.79	
186	2013-08-08	14.71	15.15	14.62	14.79	34699	14.79	300114	中航电测	SZ	14.69	14.69	
187	2013-08-07	15.19	15.52	14.68	14.69	44957	14.69	300114	中航电测	SZ	15.43	15.43	
188	2013-08-06	14.6	15.48	14.48	15.43	61610	15.43	300114	中航电测	SZ	14.7	14.7	
189	2013-08-05	14.18	14.74	14.1	14.7	38332	14.7	300114	中航电测	SZ	14.29	14.29	
190	2013-08-02	14.6	14.99	14.25	14.29	59965	14.29	300114	中航电测	SZ	14.32	14.32	
191	2013-08-01	13.58	14.36	13.58	14.32	45148	14.32	300114	中航电测	SZ	13.71	13.71	
192	2013-07-31	13.68	14.02	13.31	13.71	37914	13.71	300114	中航电测	SZ	13.56	13.56	
193	2013-07-30	14.2	14.44	12.89	13.56	51079	13.56	300114	中航电测	SZ	14.3	14.3	
194	2013-07-29	15.06	15.23	14.25	14.3	56221	14.3	300114	中航电测	SZ	15.4	15.4	
195	2013-07-26	15	15.9	14.7	15.4	110152	15.4	300114	中航电测	SZ	16.3	16.3	
196	2013-07-25	16.51	16.89	15.88	16.3	173362	16.3	300114	中航电测	SZ	15.35	15.35	
197	2013-07-24	14.5	15.35	14.5	15.35	26220	15.35	300114	中航电测	SZ	13.95	13.95	
198	2013-07-23	13.54	14.18	13.54	13.95	26257	13.95	300114	中航电测	SZ	13.55	13.55	
199	2013-07-22	13.23	13.56	12.93	13.55	15854	13.55	300114	中航电测	SZ	13.31	13.31	
200	2013-07-19	13.75	14.1	13.3	13.31	23535	13.31	300114	中航电测	SZ	13.75	13.75	
201	2013-07-18	14	14	13.65	13.75	17253	13.75	300114	中航电测	SZ	14.02	14.02	
202	2013-07-17	14.19	14.3	13.7	14.02	23790	14.02	300114	中航电测	SZ	14.29	14.29	
203	2013-07-16	13.66	14.38	13.55	14.29	30737	14.29	300114	中航电测	SZ	13.65	13.65	
204	2013-07-15	13.18	13.65	13.1	13.65	16019	13.65	300114	中航电测	SZ	13.19	13.19	
205	2013-07-12	13.33	13.75	13.16	13.19	19018	13.19	300114	中航电测	SZ	13.4	13.4	
206	2013-07-11	13	13.63	12.86	13.4	21465	13.4	300114	中航电测	SZ	13.03	13.03	
207	2013-07-10	12.68	13.05	12.6	13.03	13819	13.03	300114	中航电测	SZ	12.68	12.68	
208	2013-07-09	12.43	12.86	12.35	12.68	12058	12.68	300114	中航电测	SZ	12.5	12.5	
209	2013-07-08	12.94	13.18	12.41	12.5	21753	12.5	300114	中航电测	SZ	13.44	13.44	
210	2013-07-05	13.97	14.29	13.44	13.44	27238	13.44	300114	中航电测	SZ	14.02	14.02	
211	2013-07-04	14.23	14.88	13.92	14.02	41340	14.02	300114	中航电测	SZ	14.42	14.42	
212	2013-07-03	14.03	14.94	13.7	14.42	46649	14.42	300114	中航电测	SZ	14.23	14.23	
213	2013-07-02	13.37	14.28	13.33	14.23	55576	14.23	300114	中航电测	SZ	13.45	13.45	
214	2013-07-01	13.1	13.53	12.5	13.45	30038	13.45	300114	中航电测	SZ	13.2	13.2	
215	2013-06-28	12.55	13.3	12.3	13.2	30494	13.2	300114	中航电测	SZ	12.95	12.95	
216	2013-06-27	13.87	14.15	12.8	12.95	50401	12.95	300114	中航电测	SZ	14.06	14.06	
217	2013-06-26	13.3	14.29	12.98	14.06	58376	14.06	300114	中航电测	SZ	13.41	13.41	
218	2013-06-25	13.49	13.6	12.63	13.41	69397	13.41	300114	中航电测	SZ	14.03	14.03	
219	2013-06-24	15.48	15.48	14.03	14.03	43714	14.03	300114	中航电测	SZ	15.59	15.59	
220	2013-06-21	14.87	16.45	14.81	15.59	73023	15.59	300114	中航电测	SZ	15.38	11.78	
221	2013-06-20	15.45	16.31	15.32	15.38	65426	11.78	300114	中航电测	SZ	15.69	12.01	
222	2013-06-19	15.81	15.92	15.27	15.69	50900	12.01	300114	中航电测	SZ	16.16	12.37	
223	2013-06-18	16.74	16.78	15.89	16.16	63767	12.37	300114	中航电测	SZ	16.56	12.68	
224	2013-06-17	16.54	16.56	15.85	16.56	99176	12.68	300114	中航电测	SZ	15.05	11.53	
225	2013-06-14	15.05	15.05	15.05	15.05	10673	11.53	300114	中航电测	SZ	13.68	10.48	
226	2013-06-13	13.68	13.68	13.68	13.68	2734	10.48	300114	中航电测	SZ	12.44	9.52	
227	2013-06-12	12.44	12.44	12.44	12.44	0	9.52	300114	中航电测	SZ	12.44	9.52	
228	2013-06-11	12.44	12.44	12.44	12.44	0	9.52	300114	中航电测	SZ	12.44	9.52	
229	2013-06-10	12.44	12.44	12.44	12.44	0	9.52	300114	中航电测	SZ	12.44	9.52	
230	2013-06-07	12.44	12.44	12.44	12.44	0	9.52	300114	中航电测	SZ	12.44	9.52	
231	2013-06-06	12.44	12.44	12.44	12.44	0	9.52	300114	中航电测	SZ	12.44	9.52	
232	2013-06-05	12.44	12.44	12.44	12.44	0	9.52	300114	中航电测	SZ	12.44	9.52	
233	2013-06-04	12.44	12.44	12.44	12.44	0	9.52	300114	中航电测	SZ	12.44	9.52	
234	2013-06-03	12.44	12.44	12.44	12.44	0	9.52	300114	中航电测	SZ	12.44	9.52	
235	2013-05-31	12.44	12.44	12.44	12.44	0	9.52	300114	中航电测	SZ	12.44	9.52	
236	2013-05-30	12.44	12.44	12.44	12.44	0	9.52	300114	中航电测	SZ	12.44	9.52	
237	2013-05-29	12.44	12.44	12.44	12.44	0	9.52	300114	中航电测	SZ	12.44	9.52	
238	2013-05-28	12.44	12.44	12.44	12.44	0	9.52	300114	中航电测	SZ	12.44	9.52	
239	2013-05-27	12.44	12.44	12.44	12.44	0	9.52	300114	中航电测	SZ	12.44	9.52	
240	2013-05-24	12.44	12.44	12.44	12.44	0	9.52	300114	中航电测	SZ	12.44	9.52	
241	2013-05-23	12.44	12.44	12.44	12.44	0	9.52	300114	中航电测	SZ	12.44	9.52	
242	2013-05-22	12.44	12.44	12.44	12.44	0	9.52	300114	中航电测	SZ	12.44	9.52	
243	2013-05-21	12.44	12.44	12.44	12.44	0	9.52	300114	中航电测	SZ	12.44	9.52	
244	2013-05-20	12.44	12.44	12.44	12.44	0	9.52	300114	中航电测	SZ	12.44	9.52	
245	2013-05-17	12.44	12.44	12.44	12.44	0	9.52	300114	中航电测	SZ	12.44	9.52	
246	2013-05-16	12.44	12.44	12.44	12.44	0	9.52	300114	中航电测	SZ	12.44	9.52	
247	2013-05-15	12.44	12.44	12.44	12.44	0	9.52	300114	中航电测	SZ	12.44	9.52	
248	2013-05-14	12.44	12.44	12.44	12.44	0	9.52	300114	中航电测	SZ	12.44	9.52	
249	2013-05-13	12.44	12.44	12.44	12.44	0	9.52	300114	中航电测	SZ	12.44	9.52	
250	2013-05-10	12.44	12.44	12.44	12.44	0	9.52	300114	中航电测	SZ	12.44	9.52	
251	2013-05-09	12.44	12.44	12.44	12.44	0	9.52	300114	中航电测	SZ	12.44	9.52	
252	2013-05-08	12.44	12.44	12.44	12.44	0	9.52	300114	中航电测	SZ	12.44	9.52	
253	2013-05-07	12.44	12.44	12.44	12.44	0	9.52	300114	中航电测	SZ	12.44	9.52	
254	2013-05-06	12.44	12.44	12.44	12.44	0	9.52	300114	中航电测	SZ	12.44	9.52	
255	2013-05-03	12.44	12.44	12.44	12.44	0	9.52	300114	中航电测	SZ	12.44	9.52	
256	2013-05-02	12.44	12.44	12.44	12.44	0	9.52	300114	中航电测	SZ	12.44	9.52	
257	2013-05-01	12.44	12.44	12.44	12.44	0	9.52	300114	中航电测	SZ	12.44	9.52	
258	2013-04-30	12.44	12.44	12.44	12.44	0	9.52	300114	中航电测	SZ	12.44	9.52	
259	2013-04-29	12.44	12.44	12.44	12.44	0	9.52	300114	中航电测	SZ	12.44	9.52	
260	2013-04-26	12.44	12.44	12.44	12.44	0	9.52	300114	中航电测	SZ	12.44	9.52	
261	2013-04-25	12.44	12.44	12.44	12.44	0	9.52	300114	中航电测	SZ	12.44	9.52	
262	2013-04-24	12.44	12.44	12.44	12.44	0	9.52	300114	中航电测	SZ	12.44	9.52	
263	2013-04-23	12.44	12.44	12.44	12.44	0	9.52	300114	中航电测	SZ	12.44	9.52	
264	2013-04-22	12.44	12.44	12.44	12.44	0	9.52	300114	中航电测	SZ	12.44	9.52	
265	2013-04-19	12.44	12.44	12.44	12.44	0	9.52	300114	中航电测	SZ	12.44	9.52	
266	2013-04-18	12.44	12.44	12.44	12.44	0	9.52	300114	中航电测	SZ	12.44	9.52	
267	2013-04-17	12.44	12.44	12.44	12.44	0	9.52	300114	中航电测	SZ	12.44	9.52	
268	2013-04-16	12.44	12.44	12.44	12.44	0	9.52	300114	中航电测	SZ	12.44	9.52	
269	2013-04-15	12.44	12.44	12.44	12.44	0	9.52	300114	中航电测	SZ	12.44	9.52	
270	2013-04-12	12.44	12.44	12.44	12.44	0	9.52	300114	中航电测	SZ	12.44	9.52	
271	2013-04-11	12.44	12.44	12.44	12.44	0	9.52	300114	中航电测	SZ	12.44	9.52	
272	2013-04-10	12.44	12.44	12.44	12.44	0	9.52	300114	中航电测	SZ	12.44	9.52	
273	2013-04-09	12.44	12.44	12.44	12.44	0	9.52	300114	中航电测	SZ	12.44	9.52	
274	2013-04-08	12.44	12.44	12.44	12.44	0	9.52	300114	中航电测	SZ	12.44	9.52	
275	2013-04-05	12.44	12.44	12.44	12.44	0	9.52	300114	中航电测	SZ	12.44	9.52	
276	2013-04-04	12.44	12.44	12.44	12.44	0	9.52	300114	中航电测	SZ	12.44	9.52	
277	2013-04-03	12.44	12.44	12.44	12.44	0	9.52	300114	中航电测	SZ	12.44	9.52	
278	2013-04-02	12.44	12.44	12.44	12.44	0	9.52	300114	中航电测	SZ	12.44	9.52	
279	2013-04-01	12.44	12.44	12.44	12.44	0	9.52	300114	中航电测	SZ	12.44	9.52	
280	2013-03-29	12.44	12.44	12.44	12.44	0	9.52	300114	中航电测	SZ	12.44	9.52	
281	2013-03-28	12.44	12.44	12.44	12.44	0	9.52	300114	中航电测	SZ	12.44	9.52	
282	2013-03-27	12.44	12.44	12.44	12.44	0	9.52	300114	中航电测	SZ	12.44	9.52	
283	2013-03-26	12.44	12.44	12.44	12.44	0	9.52	300114	中航电测	SZ	12.44	9.52	
284	2013-03-25	12.44	12.44	12.44	12.44	0	9.52	300114	中航电测	SZ	12.44	9.52	
285	2013-03-22	12.44	12.44	12.44	12.44	0	9.52	300114	中航电测	SZ	12.44	9.52	
286	2013-03-21	12.44	12.44	12.44	12.44	0	9.52	300114	中航电测	SZ	12.44	9.52	
287	2013-03-20	12.44	12.44	12.44	12.44	0	9.52	300114	中航电测	SZ	12.44	9.52	
288	2013-03-19	12.44	12.44	12.44	12.44	0	9.52	300114	中航电测	SZ	12.44	9.52	
289	2013-03-18	12.44	12.44	12.44	12.44	0	9.52	300114	中航电测	SZ	12.44	9.52	
290	2013-03-15	12.44	12.44	12.44	12.44	0	9.52	300114	中航电测	SZ	12.44	9.52	
291	2013-03-14	12.44	12.44	12.44	12.44	0	9.52	300114	中航电测	SZ	12.44	9.52	
292	2013-03-13	12.44	12.44	12.44	12.44	0	9.52	300114	中航电测	SZ	12.44	9.52	
293	2013-03-12	12.44	12.44	12.44	12.44	0	9.52	300114	中航电测	SZ	12.44	9.52	
294	2013-03-11	12.44	12.44	12.44	12.44	0	9.52	300114	中航电测	SZ	12.44	9.52	
295	2013-03-08	12.44	12.44	12.44	12.44	0	9.52	300114	中航电测	SZ	12.44	9.52	
296	2013-03-07	12.44	12.44	12.44	12.44	0	9.52	300114	中航电测	SZ	12.44	9.52	
297	2013-03-06	12.44	12.44	12.44	12.44	0	9.52	300114	中航电测	SZ	12.44	9.52	
298	2013-03-05	12.44	12.44	12.44	12.44	0	9.52	300114	中航电测	SZ	12.44	9.52	
299	2013-03-04	12.44	12.44	12.44	12.44	0	9.52	300114	中航电测	SZ	12.44	9.52	
300	2013-03-01	12.42	12.77	12.32	12.44	18005	9.52	300114	中航电测	SZ	12.42	9.51	
301	2013-02-28	11.91	12.69	11.7	12.42	21130	9.51	300114	中航电测	SZ	11.96	9.16	
302	2013-02-27	11.99	11.99	11.58	11.96	16159	9.16	300114	中航电测	SZ	11.73	8.98	
303	2013-02-26	11.38	12.03	11.25	11.73	18684	8.98	300114	中航电测	SZ	11.35	8.69	
304	2013-02-25	11.25	11.46	11.18	11.35	7553	8.69	300114	中航电测	SZ	11.32	8.66	
305	2013-02-22	11.15	11.61	11.15	11.32	12495	8.66	300114	中航电测	SZ	11.11	8.5	
306	2013-02-21	11.26	11.27	11.02	11.11	5467	8.5	300114	中航电测	SZ	11.35	8.69	
307	2013-02-20	11.22	11.35	11.11	11.35	4424	8.69	300114	中航电测	SZ	11.22	8.59	
308	2013-02-19	11.45	11.45	11.08	11.22	6238	8.59	300114	中航电测	SZ	11.41	8.73	
309	2013-02-18	11.38	11.54	11.28	11.41	6637	8.73	300114	中航电测	SZ	11.36	8.7	
310	2013-02-15	11.36	11.36	11.36	11.36	0	8.7	300114	中航电测	SZ	11.36	8.7	
311	2013-02-14	11.36	11.36	11.36	11.36	0	8.7	300114	中航电测	SZ	11.36	8.7	
312	2013-02-13	11.36	11.36	11.36	11.36	0	8.7	300114	中航电测	SZ	11.36	8.7	
313	2013-02-12	11.36	11.36	11.36	11.36	0	8.7	300114	中航电测	SZ	11.36	8.7	
314	2013-02-11	11.36	11.36	11.36	11.36	0	8.7	300114	中航电测	SZ	11.36	8.7	
315	2013-02-08	11.17	11.41	11.17	11.36	6946	8.7	300114	中航电测	SZ	11.25	8.62	
316	2013-02-07	11.19	11.34	11.01	11.25	4352	8.62	300114	中航电测	SZ	11.17	8.55	
317	2013-02-06	11.31	11.39	11.15	11.17	5436	8.55	300114	中航电测	SZ	11.29	8.65	
318	2013-02-05	10.88	11.29	10.88	11.29	6009	8.65	300114	中航电测	SZ	10.97	8.4	
319	2013-02-04	11.13	11.27	10.82	10.97	7756	8.4	300114	中航电测	SZ	11.16	8.55	
320	2013-02-01	11.13	11.32	11.05	11.16	5714	8.55	300114	中航电测	SZ	11.2	8.58	
321	2013-01-31	11.39	11.48	10.97	11.2	9009	8.58	300114	中航电测	SZ	11.48	8.79	
322	2013-01-30	11.67	11.67	11.39	11.48	7769	8.79	300114	中航电测	SZ	11.58	8.87	
323	2013-01-29	11.61	11.74	11.38	11.58	9819	8.87	300114	中航电测	SZ	11.63	8.9	
324	2013-01-28	11.25	11.68	11.25	11.63	12885	8.9	300114	中航电测	SZ	11.23	8.6	
325	2013-01-25	11.65	11.82	11.17	11.23	17742	8.6	300114	中航电测	SZ	11.82	9.05	
326	2013-01-24	11.35	12.26	11.35	11.82	36239	9.05	300114	中航电测	SZ	11.35	8.69	
327	2013-01-23	11.05	11.51	10.92	11.35	16671	8.69	300114	中航电测	SZ	11.05	8.46	
328	2013-01-22	11.14	11.2	10.97	11.05	10348	8.46	300114	中航电测	SZ	11.38	8.72	
329	2013-01-21	11.09	11.54	11.09	11.38	11463	8.72	300114	中航电测	SZ	11.32	8.67	
330	2013-01-18	10.89	11.37	10.73	11.32	17221	8.67	300114	中航电测	SZ	10.92	8.36	
331	2013-01-17	11.6	11.6	10.85	10.92	22842	8.36	300114	中航电测	SZ	11.63	8.9	
332	2013-01-16	11.19	11.7	11.1	11.63	31648	8.9	300114	中航电测	SZ	11.22	8.59	
333	2013-01-15	10.92	11.92	10.83	11.22	41397	8.59	300114	中航电测	SZ	10.92	8.36	
334	2013-01-14	10.19	11.04	10.15	10.92	29508	8.36	300114	中航电测	SZ	10.27	7.86	
335	2013-01-11	10.43	10.61	10.23	10.27	18651	7.86	300114	中航电测	SZ	10.34	7.92	
336	2013-01-10	10.02	10.34	10	10.34	9657	7.92	300114	中航电测	SZ	10.1	7.73	
337	2013-01-09	10.18	10.29	9.92	10.1	8702	7.73	300114	中航电测	SZ	10.13	7.76	
338	2013-01-08	9.82	10.37	9.78	10.13	17823	7.76	300114	中航电测	SZ	9.92	7.6	
339	2013-01-07	9.62	10.1	9.48	9.92	8067	7.6	300114	中航电测	SZ	9.62	7.36	
340	2013-01-04	9.75	9.82	9.48	9.62	6302	7.36	300114	中航电测	SZ	9.78	7.49	
341	2013-01-03	9.78	9.78	9.78	9.78	0	7.49	300114	中航电测	SZ	9.78	7.49	
342	2013-01-02	9.78	9.78	9.78	9.78	0	7.49	300114	中航电测	SZ	9.78	7.49	
343	2013-01-01	9.78	9.78	9.78	9.78	0	7.49	300114	中航电测	SZ	9.78	7.49	
344	2012-12-31	9.65	9.84	9.59	9.78	5784	7.49	300114	中航电测	SZ	9.59	7.34	
345	2012-12-28	9.54	9.64	9.44	9.59	5477	7.34	300114	中航电测	SZ	9.54	7.3	
346	2012-12-27	9.81	9.85	9.51	9.54	6305	7.3	300114	中航电测	SZ	9.72	7.44	
347	2012-12-26	9.48	9.73	9.43	9.72	5411	7.44	300114	中航电测	SZ	9.47	7.25	
348	2012-12-25	9.26	9.53	9.18	9.47	6082	7.25	300114	中航电测	SZ	9.28	7.1	
349	2012-12-24	9.27	9.28	9.17	9.28	3429	7.1	300114	中航电测	SZ	9.21	7.05	
350	2012-12-21	9.46	9.46	9.12	9.21	4318	7.05	300114	中航电测	SZ	9.12	6.98	
351	2012-12-20	8.92	9.14	8.92	9.12	3270	6.98	300114	中航电测	SZ	9.08	6.95	
352	2012-12-19	9.04	9.1	9.02	9.08	2175	6.95	300114	中航电测	SZ	9.04	6.92	
353	2012-12-18	9.06	9.19	9.02	9.04	4079	6.92	300114	中航电测	SZ	9.06	6.94	
354	2012-12-17	8.94	9.14	8.93	9.06	4035	6.94	300114	中航电测	SZ	9.03	6.91	
355	2012-12-14	8.78	9.05	8.62	9.03	5529	6.91	300114	中航电测	SZ	8.68	6.64	
356	2012-12-13	8.72	8.81	8.67	8.68	1531	6.64	300114	中航电测	SZ	8.82	6.76	
357	2012-12-12	8.85	8.85	8.65	8.82	2180	6.76	300114	中航电测	SZ	8.82	6.76	
358	2012-12-11	8.94	9.05	8.82	8.82	3916	6.76	300114	中航电测	SZ	8.94	6.84	
359	2012-12-10	8.8	8.96	8.76	8.94	4714	6.84	300114	中航电测	SZ	8.81	6.74	
360	2012-12-07	8.65	8.83	8.58	8.81	3410	6.74	300114	中航电测	SZ	8.65	6.62	
361	2012-12-06	8.75	8.85	8.63	8.65	2258	6.62	300114	中航电测	SZ	8.75	6.7	
362	2012-12-05	8.59	8.79	8.28	8.75	3765	6.7	300114	中航电测	SZ	8.42	6.45	
363	2012-12-04	8.22	8.46	8.15	8.42	1458	6.45	300114	中航电测	SZ	8.24	6.31	
364	2012-12-03	8.38	8.6	8.23	8.24	1672	6.31	300114	中航电测	SZ	8.46	6.48	
365	2012-11-30	8.35	8.65	8.19	8.46	2665	6.48	300114	中航电测	SZ	8.35	6.39	
366	2012-11-29	8.67	8.68	8.11	8.35	2590	6.39	300114	中航电测	SZ	8.61	6.59	
367	2012-11-28	8.75	8.82	8.58	8.61	1413	6.59	300114	中航电测	SZ	8.75	6.7	
368	2012-11-27	9.27	9.4	8.67	8.75	5463	6.7	300114	中航电测	SZ	9.31	7.13	
369	2012-11-26	9.44	9.51	9.3	9.31	2522	7.13	300114	中航电测	SZ	9.44	7.23	
370	2012-11-23	9.44	9.53	9.42	9.44	2155	7.23	300114	中航电测	SZ	9.44	7.23	
371	2012-11-22	9.52	9.59	9.39	9.44	2544	7.23	300114	中航电测	SZ	9.59	7.34	
372	2012-11-21	9.49	9.61	9.41	9.59	2731	7.34	300114	中航电测	SZ	9.49	7.27	
373	2012-11-20	9.42	9.56	9.36	9.49	4937	7.27	300114	中航电测	SZ	9.42	7.21	
374	2012-11-19	9.27	9.42	9.22	9.42	2377	7.21	300114	中航电测	SZ	9.35	7.16	
375	2012-11-16	9.25	9.41	9.24	9.35	2361	7.16	300114	中航电测	SZ	9.28	7.11	
376	2012-11-15	9.32	9.42	9.26	9.28	2556	7.11	300114	中航电测	SZ	9.42	7.21	
377	2012-11-14	9.36	9.52	9.36	9.42	6119	7.21	300114	中航电测	SZ	9.48	7.26	
378	2012-11-13	9.69	9.69	9.42	9.48	4178	7.26	300114	中航电测	SZ	9.75	7.46	
379	2012-11-12	9.66	9.81	9.55	9.75	5661	7.46	300114	中航电测	SZ	9.52	7.29	
380	2012-11-09	9.62	9.73	9.51	9.52	3151	7.29	300114	中航电测	SZ	9.62	7.36	
381	2012-11-08	9.92	9.92	9.62	9.62	4742	7.36	300114	中航电测	SZ	10	7.66	
382	2012-11-07	10.01	10.13	9.83	10	5928	7.66	300114	中航电测	SZ	10.04	7.69	
383	2012-11-06	10.16	10.24	9.88	10.04	6379	7.69	300114	中航电测	SZ	10.31	7.89	
384	2012-11-05	10.18	10.36	10.1	10.31	9431	7.89	300114	中航电测	SZ	10.42	7.97	
385	2012-11-02	9.92	10.65	9.92	10.42	24738	7.97	300114	中航电测	SZ	9.78	7.49	
386	2012-11-01	9.63	9.81	9.55	9.78	5986	7.49	300114	中航电测	SZ	9.54	7.3	
387	2012-10-31	9.39	9.57	9.38	9.54	3445	7.3	300114	中航电测	SZ	9.42	7.21	
388	2012-10-30	9.68	9.68	9.42	9.42	1676	7.21	300114	中航电测	SZ	9.42	7.21	
389	2012-10-29	9.48	9.54	9.32	9.42	517	7.21	300114	中航电测	SZ	9.48	7.26	
390	2012-10-26	9.83	9.84	9.46	9.48	4176	7.26	300114	中航电测	SZ	9.82	7.51	
391	2012-10-25	9.88	9.88	9.74	9.82	2925	7.51	300114	中航电测	SZ	9.8	7.5	
392	2012-10-24	9.81	9.86	9.75	9.8	2511	7.5	300114	中航电测	SZ	9.78	7.49	
393	2012-10-23	9.8	9.84	9.75	9.78	2465	7.49	300114	中航电测	SZ	9.8	7.5	
394	2012-10-22	9.79	9.84	9.61	9.8	2342	7.5	300114	中航电测	SZ	9.72	7.44	
395	2012-10-19	9.81	9.81	9.69	9.72	3097	7.44	300114	中航电测	SZ	9.76	7.47	
396	2012-10-18	9.63	9.8	9.63	9.76	3709	7.47	300114	中航电测	SZ	9.63	7.37	
397	2012-10-17	9.56	9.67	9.49	9.63	1460	7.37	300114	中航电测	SZ	9.62	7.36	
398	2012-10-16	9.47	9.76	9.45	9.62	2305	7.36	300114	中航电测	SZ	9.54	7.3	
399	2012-10-15	9.8	9.8	9.45	9.54	2267	7.3	300114	中航电测	SZ	9.68	7.41	
400	2012-10-12	9.69	9.83	9.46	9.68	3382	7.41	300114	中航电测	SZ	9.72	7.44	
401	2012-10-11	9.91	9.91	9.71	9.72	3491	7.44	300114	中航电测	SZ	9.92	7.59	
402	2012-10-10	9.83	9.94	9.83	9.92	4281	7.59	300114	中航电测	SZ	9.87	7.56	
403	2012-10-09	9.65	9.9	9.65	9.87	4191	7.56	300114	中航电测	SZ	9.69	7.42	
404	2012-10-08	9.69	9.82	9.62	9.69	3108	7.42	300114	中航电测	SZ	9.68	7.41	
405	2012-10-05	9.68	9.68	9.68	9.68	0	7.41	300114	中航电测	SZ	9.68	7.41	
406	2012-10-04	9.68	9.68	9.68	9.68	0	7.41	300114	中航电测	SZ	9.68	7.41	
407	2012-10-03	9.68	9.68	9.68	9.68	0	7.41	300114	中航电测	SZ	9.68	7.41	
408	2012-10-02	9.68	9.68	9.68	9.68	0	7.41	300114	中航电测	SZ	9.68	7.41	
409	2012-10-01	9.68	9.68	9.68	9.68	0	7.41	300114	中航电测	SZ	9.68	7.41	
410	2012-09-28	9.33	9.73	9.33	9.68	4394	7.41	300114	中航电测	SZ	9.48	7.26	
411	2012-09-27	9.43	9.6	9.08	9.48	8814	7.26	300114	中航电测	SZ	9.33	7.14	
412	2012-09-26	9.66	9.8	9.28	9.33	4519	7.14	300114	中航电测	SZ	9.75	7.47	
413	2012-09-25	9.74	9.85	9.62	9.75	3169	7.47	300114	中航电测	SZ	9.75	7.47	
414	2012-09-24	9.73	9.89	9.54	9.75	3760	7.47	300114	中航电测	SZ	9.73	7.45	
415	2012-09-21	10.2	10.27	9.62	9.73	9829	7.45	300114	中航电测	SZ	10.21	7.82	
416	2012-09-20	10.61	10.81	10.21	10.21	6223	7.82	300114	中航电测	SZ	10.62	8.13	
417	2012-09-19	10.61	10.71	10.42	10.62	4221	8.13	300114	中航电测	SZ	10.6	8.12	
418	2012-09-18	10.52	10.72	10.52	10.6	4269	8.12	300114	中航电测	SZ	10.69	8.19	
419	2012-09-17	11.08	11.17	10.69	10.69	9606	8.19	300114	中航电测	SZ	11.08	8.48	
420	2012-09-14	11.51	11.6	11.07	11.08	19968	8.48	300114	中航电测	SZ	11.5	8.8	
421	2012-09-13	11.05	11.85	10.97	11.5	37386	8.8	300114	中航电测	SZ	11.26	8.62	
422	2012-09-12	10.79	11.53	10.45	11.26	24587	8.62	300114	中航电测	SZ	10.68	8.17	
423	2012-09-11	10.74	11.06	10.58	10.68	11120	8.17	300114	中航电测	SZ	10.75	8.23	
424	2012-09-10	10.32	10.84	10.31	10.75	10969	8.23	300114	中航电测	SZ	10.45	8	
425	2012-09-07	10.38	10.58	10.27	10.45	11053	8	300114	中航电测	SZ	10.23	7.83	
426	2012-09-06	10.23	10.27	10.12	10.23	5834	7.83	300114	中航电测	SZ	10.18	7.79	
427	2012-09-05	9.95	10.27	9.86	10.18	7623	7.79	300114	中航电测	SZ	9.96	7.63	
428	2012-09-04	9.98	10.14	9.92	9.96	6186	7.63	300114	中航电测	SZ	9.95	7.62	
429	2012-09-03	9.72	9.96	9.72	9.95	3956	7.62	300114	中航电测	SZ	9.74	7.46	
430	2012-08-31	9.67	9.79	9.63	9.74	1302	7.46	300114	中航电测	SZ	9.65	7.39	
431	2012-08-30	10.12	10.12	9.58	9.65	5946	7.39	300114	中航电测	SZ	10	7.66	
432	2012-08-29	9.82	10.13	9.82	10	4798	7.66	300114	中航电测	SZ	9.95	7.62	
433	2012-08-28	9.72	10.04	9.72	9.95	3426	7.62	300114	中航电测	SZ	9.7	7.43	
434	2012-08-27	10.08	10.08	9.69	9.7	4472	7.43	300114	中航电测	SZ	10.04	7.69	
435	2012-08-24	10.15	10.27	9.96	10.04	7790	7.69	300114	中航电测	SZ	10.15	7.77	
436	2012-08-23	10.02	10.15	9.89	10.15	6041	7.77	300114	中航电测	SZ	9.96	7.63	
437	2012-08-22	10.04	10.12	9.88	9.96	4751	7.63	300114	中航电测	SZ	10.05	7.7	
438	2012-08-21	9.69	10.05	9.69	10.05	8059	7.7	300114	中航电测	SZ	9.8	7.5	
439	2012-08-20	9.91	9.91	9.64	9.8	3088	7.5	300114	中航电测	SZ	9.86	7.55	
440	2012-08-17	9.74	9.86	9.68	9.86	1938	7.55	300114	中航电测	SZ	9.74	7.46	
441	2012-08-16	9.76	9.76	9.59	9.74	1241	7.46	300114	中航电测	SZ	9.69	7.42	
442	2012-08-15	9.65	9.81	9.63	9.69	3142	7.42	300114	中航电测	SZ	9.72	7.44	
443	2012-08-14	9.85	9.85	9.46	9.72	4209	7.44	300114	中航电测	SZ	9.69	7.42	
444	2012-08-13	9.85	10.06	9.69	9.69	2354	7.42	300114	中航电测	SZ	9.92	7.6	
445	2012-08-10	10.07	10.13	9.85	9.92	2308	7.6	300114	中航电测	SZ	9.99	7.65	
446	2012-08-09	9.77	10.02	9.7	9.99	3731	7.65	300114	中航电测	SZ	9.82	7.51	
447	2012-08-08	9.8	9.91	9.8	9.82	1998	7.51	300114	中航电测	SZ	9.91	7.59	
448	2012-08-07	9.85	9.98	9.77	9.91	2561	7.59	300114	中航电测	SZ	9.85	7.54	
449	2012-08-06	9.66	9.87	9.58	9.85	3200	7.54	300114	中航电测	SZ	9.66	7.4	
450	2012-08-03	9.54	9.67	9.42	9.66	2303	7.4	300114	中航电测	SZ	9.46	7.24	
451	2012-08-02	9.59	9.59	9.42	9.46	1170	7.24	300114	中航电测	SZ	9.5	7.27	
452	2012-08-01	9.38	9.68	9.38	9.5	1457	7.27	300114	中航电测	SZ	9.38	7.18	
453	2012-07-31	9.69	9.69	9.23	9.38	2150	7.18	300114	中航电测	SZ	9.62	7.37	
454	2012-07-30	9.84	9.85	9.51	9.62	2194	7.37	300114	中航电测	SZ	9.83	7.53	
455	2012-07-27	9.75	10.16	9.67	9.83	2458	7.53	300114	中航电测	SZ	9.65	7.39	
456	2012-07-26	9.61	9.74	9.61	9.65	1507	7.39	300114	中航电测	SZ	9.65	7.39	
457	2012-07-25	9.82	9.83	9.62	9.65	2555	7.39	300114	中航电测	SZ	9.7	7.43	
458	2012-07-24	9.6	9.79	9.57	9.7	2173	7.43	300114	中航电测	SZ	9.63	7.37	
459	2012-07-23	9.51	9.69	9.47	9.63	1911	7.37	300114	中航电测	SZ	9.62	7.36	
460	2012-07-20	9.84	9.87	9.6	9.62	2488	7.36	300114	中航电测	SZ	9.81	7.51	
461	2012-07-19	9.72	9.91	9.6	9.81	2485	7.51	300114	中航电测	SZ	9.72	7.44	
462	2012-07-18	9.58	9.81	9.58	9.72	2007	7.44	300114	中航电测	SZ	9.58	7.33	
463	2012-07-17	9.55	9.66	9.36	9.58	1757	7.33	300114	中航电测	SZ	9.58	7.34	
464	2012-07-16	10.16	10.25	9.53	9.58	7334	7.34	300114	中航电测	SZ	10.27	7.86	
465	2012-07-13	10.64	10.64	10.27	10.27	5358	7.86	300114	中航电测	SZ	10.62	8.13	
466	2012-07-12	10.52	10.72	10.38	10.62	5282	8.13	300114	中航电测	SZ	10.62	8.13	
467	2012-07-11	10.45	10.62	10.41	10.62	2397	8.13	300114	中航电测	SZ	10.45	8	
468	2012-07-10	10.38	10.46	10.27	10.45	1921	8	300114	中航电测	SZ	10.38	7.95	
469	2012-07-09	10.45	10.6	10.38	10.38	4235	7.95	300114	中航电测	SZ	10.64	8.15	
470	2012-07-06	10.55	10.68	10.31	10.64	5949	8.15	300114	中航电测	SZ	10.5	8.04	
471	2012-07-05	10.82	10.88	10.46	10.5	11158	8.04	300114	中航电测	SZ	10.91	8.35	
472	2012-07-04	11.13	11.21	10.85	10.91	8237	8.35	300114	中航电测	SZ	11.07	8.47	
473	2012-07-03	11.12	11.28	11.02	11.07	8560	8.47	300114	中航电测	SZ	11.08	8.48	
474	2012-07-02	10.98	11.18	10.91	11.08	6764	8.48	300114	中航电测	SZ	10.98	8.4	
475	2012-06-29	10.82	11.02	10.56	10.98	5058	8.4	300114	中航电测	SZ	10.82	8.28	
476	2012-06-28	10.98	11	10.77	10.82	8778	8.28	300114	中航电测	SZ	10.87	8.32	
477	2012-06-27	10.98	11.12	10.86	10.87	8831	8.32	300114	中航电测	SZ	11.03	8.45	
478	2012-06-26	11.36	11.5	10.78	11.03	19804	8.45	300114	中航电测	SZ	11.71	8.96	
479	2012-06-25	11.96	11.97	11.62	11.71	16256	8.96	300114	中航电测	SZ	11.93	9.13	
480	2012-06-22	11.93	11.93	11.93	11.93	0	9.13	300114	中航电测	SZ	11.93	9.13	
481	2012-06-21	11.45	12.16	11.45	11.93	33252	9.13	300114	中航电测	SZ	11.42	8.74	
482	2012-06-20	11.32	11.63	11.31	11.42	8698	8.74	300114	中航电测	SZ	11.3	8.65	
483	2012-06-19	11.62	11.73	11.16	11.3	10866	8.65	300114	中航电测	SZ	11.66	8.93	
484	2012-06-18	11.58	11.76	11.55	11.66	10720	8.93	300114	中航电测	SZ	11.58	8.86	
485	2012-06-15	11.74	11.74	11.36	11.58	12090	8.86	300114	中航电测	SZ	11.64	8.91	
486	2012-06-14	11.68	12	11.55	11.64	16778	8.91	300114	中航电测	SZ	11.71	8.96	
487	2012-06-13	11.67	11.73	11.49	11.71	17354	8.96	300114	中航电测	SZ	11.58	8.86	
488	2012-06-12	11.35	11.84	11.35	11.58	22987	8.86	300114	中航电测	SZ	11.5	8.8	
489	2012-06-11	11.19	11.58	11.07	11.5	22779	8.8	300114	中航电测	SZ	11.06	8.47	
490	2012-06-08	11.21	11.21	10.81	11.06	12161	8.47	300114	中航电测	SZ	11.08	8.48	
491	2012-06-07	11.46	11.56	11	11.08	18898	8.48	300114	中航电测	SZ	11.41	8.73	
492	2012-06-06	11.28	11.53	11.23	11.41	16705	8.73	300114	中航电测	SZ	11.28	8.63	
493	2012-06-05	11.31	11.67	11.23	11.28	24536	8.63	300114	中航电测	SZ	11.52	8.82	
494	2012-06-04	10.81	12.02	10.81	11.52	54471	8.82	300114	中航电测	SZ	10.92	8.36	
495	2012-06-01	10.92	10.92	10.92	10.92	0	8.36	300114	中航电测	SZ	10.92	8.36	
496	2012-05-31	10.92	10.92	10.92	10.92	0	8.36	300114	中航电测	SZ	10.92	8.36	
497	2012-05-30	10.92	10.92	10.92	10.92	0	8.36	300114	中航电测	SZ	10.92	8.36	
498	2012-05-29	10.84	10.98	10.79	10.92	3538	8.36	300114	中航电测	SZ	10.75	8.23	
499	2012-05-28	10.56	10.79	10.55	10.75	3466	8.23	300114	中航电测	SZ	10.77	8.25	
500	2012-05-25	11.18	11.18	10.38	10.77	5391	8.25	300114	中航电测	SZ	11.1	8.5	
501	2012-05-24	11.22	11.22	11.02	11.1	4222	8.5	300114	中航电测	SZ	11.15	8.53	
502	2012-05-23	11.05	11.22	10.9	11.15	4382	8.53	300114	中航电测	SZ	11.19	8.51	
503	2012-05-22	11.02	11.28	11.02	11.19	3301	8.51	300114	中航电测	SZ	11.01	8.37	
504	2012-05-21	11	11.12	10.91	11.01	3348	8.37	300114	中航电测	SZ	11.01	8.37	
505	2012-05-18	11.08	11.23	11	11.01	4601	8.37	300114	中航电测	SZ	11.12	8.46	
506	2012-05-17	11.15	11.23	11.02	11.12	3618	8.46	300114	中航电测	SZ	11.03	8.39	
507	2012-05-16	11.27	11.36	10.77	11.03	7840	8.39	300114	中航电测	SZ	11.25	8.56	
508	2012-05-15	11.18	11.28	11.09	11.25	5249	8.56	300114	中航电测	SZ	11.28	8.58	
509	2012-05-14	11.24	11.46	11.12	11.28	9275	8.58	300114	中航电测	SZ	11.22	8.53	
510	2012-05-11	11.38	11.59	11.22	11.22	8728	8.53	300114	中航电测	SZ	11.38	8.65	
511	2012-05-10	11.42	11.68	11.36	11.38	12076	8.65	300114	中航电测	SZ	11.4	8.67	
512	2012-05-09	11.54	11.75	11.32	11.4	15908	8.67	300114	中航电测	SZ	11.72	8.92	
513	2012-05-08	10.95	12.05	10.85	11.72	33437	8.92	300114	中航电测	SZ	10.95	8.33	
514	2012-05-07	10.92	10.95	10.71	10.95	6574	8.33	300114	中航电测	SZ	10.95	8.33	
515	2012-05-04	10.85	10.96	10.78	10.95	5808	8.33	300114	中航电测	SZ	10.87	8.27	
516	2012-05-03	10.73	10.88	10.68	10.87	4586	8.27	300114	中航电测	SZ	10.75	8.17	
517	2012-05-02	10.69	10.91	10.69	10.75	3103	8.17	300114	中航电测	SZ	10.65	8.1	
518	2012-05-01	10.65	10.65	10.65	10.65	0	8.1	300114	中航电测	SZ	10.65	8.1	
519	2012-04-30	10.65	10.65	10.65	10.65	0	8.1	300114	中航电测	SZ	10.65	8.1	
520	2012-04-27	10.58	10.69	10.57	10.65	2832	8.1	300114	中航电测	SZ	10.6	8.06	
521	2012-04-26	10.65	10.69	10.53	10.6	2957	8.06	300114	中航电测	SZ	10.65	8.1	
522	2012-04-25	10.5	10.7	10.39	10.65	4827	8.1	300114	中航电测	SZ	10.5	7.99	
523	2012-04-24	10.62	10.8	10.25	10.5	6072	7.99	300114	中航电测	SZ	10.85	8.25	
524	2012-04-23	11.18	11.21	10.12	10.85	9278	8.25	300114	中航电测	SZ	11.25	8.56	
525	2012-04-20	11.18	11.37	11.15	11.25	6582	8.56	300114	中航电测	SZ	11.19	8.51	
526	2012-04-19	11.15	11.29	11.12	11.19	3655	8.51	300114	中航电测	SZ	11.23	8.54	
527	2012-04-18	10.88	11.25	10.88	11.23	9021	8.54	300114	中航电测	SZ	10.92	8.31	
528	2012-04-17	11.04	11.09	10.79	10.92	5280	8.31	300114	中航电测	SZ	11.07	8.42	
529	2012-04-16	11.07	11.13	10.95	11.07	5522	8.42	300114	中航电测	SZ	11.13	8.47	
530	2012-04-13	11.06	11.14	10.93	11.13	6176	8.47	300114	中航电测	SZ	11.05	8.4	
531	2012-04-12	10.85	11.14	10.83	11.05	4551	8.4	300114	中航电测	SZ	10.88	8.28	
532	2012-04-11	10.63	10.99	10.63	10.88	5201	8.28	300114	中航电测	SZ	10.63	8.09	
533	2012-04-10	10.63	10.63	10.63	10.63	0	8.09	300114	中航电测	SZ	10.63	8.09	
534	2012-04-09	10.62	10.8	10.52	10.63	3108	8.09	300114	中航电测	SZ	10.64	8.09	
535	2012-04-06	10.56	10.83	10.56	10.64	6335	8.09	300114	中航电测	SZ	10.6	8.06	
536	2012-04-05	10.33	10.64	10.28	10.6	6745	8.06	300114	中航电测	SZ	10.31	7.84	
537	2012-04-04	10.31	10.31	10.31	10.31	0	7.84	300114	中航电测	SZ	10.31	7.84	
538	2012-04-03	10.31	10.31	10.31	10.31	0	7.84	300114	中航电测	SZ	10.31	7.84	
539	2012-04-02	10.31	10.31	10.31	10.31	0	7.84	300114	中航电测	SZ	10.31	7.84	
540	2012-03-30	10.53	10.53	10.23	10.31	4330	7.84	300114	中航电测	SZ	10.4	7.91	
541	2012-03-29	10.68	10.72	10.32	10.4	4718	7.91	300114	中航电测	SZ	10.68	8.12	
542	2012-03-28	11.62	11.62	10.68	10.68	8100	8.12	300114	中航电测	SZ	11.5	8.75	
543	2012-03-27	11.61	11.72	11.46	11.5	3444	8.75	300114	中航电测	SZ	11.58	8.81	
544	2012-03-26	11.43	11.68	11.31	11.58	2667	8.81	300114	中航电测	SZ	11.56	8.79	
545	2012-03-23	11.69	11.76	11.55	11.56	5885	8.79	300114	中航电测	SZ	11.81	8.98	
546	2012-03-22	11.73	11.88	11.69	11.81	6525	8.98	300114	中航电测	SZ	11.84	9.01	
547	2012-03-21	12.15	12.18	11.72	11.84	21247	9.01	300114	中航电测	SZ	12.45	9.47	
548	2012-03-20	12.72	12.73	12.32	12.45	12795	9.47	300114	中航电测	SZ	12.73	9.68	
549	2012-03-19	12.32	12.75	12.31	12.73	13191	9.68	300114	中航电测	SZ	12.27	9.33	
550	2012-03-16	12	12.27	11.93	12.27	8678	9.33	300114	中航电测	SZ	11.95	9.09	
551	2012-03-15	12.08	12.1	11.78	11.95	8641	9.09	300114	中航电测	SZ	11.9	9.05	
552	2012-03-14	12.68	12.84	11.79	11.9	18843	9.05	300114	中航电测	SZ	12.63	9.61	
553	2012-03-13	12.77	12.77	12.52	12.63	11890	9.61	300114	中航电测	SZ	12.62	9.6	
554	2012-03-12	12.62	12.62	12.62	12.62	0	9.6	300114	中航电测	SZ	12.62	9.6	
555	2012-03-09	12.37	12.62	12.32	12.62	10761	9.6	300114	中航电测	SZ	12.36	9.4	
556	2012-03-08	12.3	12.57	12.3	12.36	13067	9.4	300114	中航电测	SZ	12.35	9.39	
557	2012-03-07	11.75	12.69	11.69	12.35	21234	9.39	300114	中航电测	SZ	11.9	9.05	
558	2012-03-06	12.18	12.21	11.76	11.9	10885	9.05	300114	中航电测	SZ	12.15	9.25	
559	2012-03-05	12.23	12.52	12.15	12.15	12264	9.25	300114	中航电测	SZ	12.08	9.19	
560	2012-03-02	11.86	12.09	11.86	12.08	8316	9.19	300114	中航电测	SZ	11.91	9.06	
561	2012-03-01	11.63	12.12	11.59	11.91	9879	9.06	300114	中航电测	SZ	11.67	8.88	
562	2012-02-29	11.77	11.81	11.56	11.67	6939	8.88	300114	中航电测	SZ	11.76	8.95	
563	2012-02-28	12.12	12.16	11.7	11.76	12205	8.95	300114	中航电测	SZ	12.17	9.26	
564	2012-02-27	12.29	12.44	12.17	12.17	9344	9.26	300114	中航电测	SZ	12.25	9.32	
565	2012-02-24	12.2	12.35	12.16	12.25	8623	9.32	300114	中航电测	SZ	12.2	9.28	
566	2012-02-23	12.12	12.38	11.98	12.2	11728	9.28	300114	中航电测	SZ	12.12	9.22	
567	2012-02-22	11.77	12.14	11.77	12.12	12747	9.22	300114	中航电测	SZ	11.82	8.99	
568	2012-02-21	11.55	11.82	11.42	11.82	9455	8.99	300114	中航电测	SZ	11.55	8.79	
569	2012-02-20	11.6	11.73	11.55	11.55	9023	8.79	300114	中航电测	SZ	11.52	8.76	
570	2012-02-17	11.72	11.76	11.45	11.52	7392	8.76	300114	中航电测	SZ	11.73	8.92	
571	2012-02-16	11.69	11.87	11.59	11.73	8909	8.92	300114	中航电测	SZ	11.75	8.94	
572	2012-02-15	11.46	11.81	11.43	11.75	9877	8.94	300114	中航电测	SZ	11.48	8.73	
573	2012-02-14	11.54	11.65	11.38	11.48	4502	8.73	300114	中航电测	SZ	11.56	8.79	
574	2012-02-13	11.29	11.62	11.19	11.56	7713	8.79	300114	中航电测	SZ	11.38	8.66	
575	2012-02-10	11.15	11.49	11.15	11.38	7116	8.66	300114	中航电测	SZ	11.2	8.52	
576	2012-02-09	11.21	11.51	11.13	11.2	9187	8.52	300114	中航电测	SZ	11.21	8.53	
577	2012-02-08	10.81	11.22	10.81	11.21	8543	8.53	300114	中航电测	SZ	10.92	8.3	
578	2012-02-07	11.02	11.02	10.78	10.92	5831	8.3	300114	中航电测	SZ	11.02	8.39	
579	2012-02-06	11.06	11.14	10.88	11.02	7829	8.39	300114	中航电测	SZ	11.02	8.39	
580	2012-02-03	10.59	11.1	10.58	11.02	12412	8.39	300114	中航电测	SZ	10.58	8.05	
581	2012-02-02	10.4	10.59	10.4	10.58	6575	8.05	300114	中航电测	SZ	10.4	7.91	
582	2012-02-01	10.39	10.66	10.38	10.4	4394	7.91	300114	中航电测	SZ	10.49	7.98	
583	2012-01-31	10.56	10.62	10.4	10.49	3451	7.98	300114	中航电测	SZ	10.58	8.05	
584	2012-01-30	10.56	10.75	10.48	10.58	5377	8.05	300114	中航电测	SZ	10.56	8.03	
585	2012-01-27	10.56	10.56	10.56	10.56	0	8.03	300114	中航电测	SZ	10.56	8.03	
586	2012-01-26	10.56	10.56	10.56	10.56	0	8.03	300114	中航电测	SZ	10.56	8.03	
587	2012-01-25	10.56	10.56	10.56	10.56	0	8.03	300114	中航电测	SZ	10.56	8.03	
588	2012-01-24	10.56	10.56	10.56	10.56	0	8.03	300114	中航电测	SZ	10.56	8.03	
589	2012-01-23	10.56	10.56	10.56	10.56	0	8.03	300114	中航电测	SZ	10.56	8.03	
590	2012-01-20	10.28	10.59	10.26	10.56	5334	8.03	300114	中航电测	SZ	10.33	7.86	
591	2012-01-19	10	10.43	10	10.33	5252	7.86	300114	中航电测	SZ	10.13	7.71	
592	2012-01-18	10.77	10.85	10.11	10.13	9023	7.71	300114	中航电测	SZ	10.82	8.23	
593	2012-01-17	10.32	10.87	10.15	10.82	6465	8.23	300114	中航电测	SZ	10.32	7.85	
594	2012-01-16	10.69	10.69	10.32	10.32	4193	7.85	300114	中航电测	SZ	10.77	8.19	
595	2012-01-13	11.58	11.59	10.72	10.77	5813	8.19	300114	中航电测	SZ	11.52	8.76	
596	2012-01-12	11.34	11.65	11.31	11.52	5553	8.76	300114	中航电测	SZ	11.52	8.76	
597	2012-01-11	11.43	11.77	11.41	11.52	5217	8.76	300114	中航电测	SZ	11.55	8.79	
598	2012-01-10	11.12	11.69	11.07	11.55	5493	8.79	300114	中航电测	SZ	11.1	8.44	
599	2012-01-09	10.67	11.13	10.54	11.1	3827	8.44	300114	中航电测	SZ	10.67	8.12	
600	2012-01-06	10.49	10.88	10.4	10.67	2525	8.12	300114	中航电测	SZ	10.5	7.99	
601	2012-01-05	11.01	11.14	10.45	10.5	3602	7.99	300114	中航电测	SZ	11.32	8.61	
602	2012-01-04	11.69	11.69	11.31	11.32	1813	8.61	300114	中航电测	SZ	11.49	8.74	
603	2012-01-03	11.28	11.52	11.28	11.49	3908	8.74	300114	中航电测	SZ	11.49	8.74	
604	2012-01-02	11.28	11.52	11.28	11.49	3908	8.74	300114	中航电测	SZ	11.49	8.74	
605	2011-12-30	11.28	11.52	11.28	11.49	3908	8.74	300114	中航电测	SZ	11.31	8.6	
606	2011-12-29	11.24	11.39	11.05	11.31	2802	8.6	300114	中航电测	SZ	11.27	8.57	
607	2011-12-28	11.18	11.6	11.08	11.27	2839	8.57	300114	中航电测	SZ	11.38	8.66	
608	2011-12-27	11.65	11.82	11.35	11.38	3353	8.66	300114	中航电测	SZ	11.78	8.96	
609	2011-12-26	12	12.15	11.77	11.78	1735	8.96	300114	中航电测	SZ	12.02	9.15	
610	2011-12-23	11.85	12.3	11.85	12.02	3046	9.15	300114	中航电测	SZ	11.96	9.1	
611	2011-12-22	12.46	12.48	11.54	11.96	5412	9.1	300114	中航电测	SZ	12.54	9.54	
612	2011-12-21	13.14	13.17	12.46	12.54	3210	9.54	300114	中航电测	SZ	12.85	9.78	
613	2011-12-20	13.07	13.32	12.82	12.85	2863	9.78	300114	中航电测	SZ	13.17	10.02	
614	2011-12-19	12.85	13.28	12.55	13.17	3042	10.02	300114	中航电测	SZ	12.92	9.83	
615	2011-12-16	12.54	13	12.54	12.92	6811	9.83	300114	中航电测	SZ	12.61	9.59	
616	2011-12-15	13.2	13.22	12.54	12.61	4461	9.59	300114	中航电测	SZ	13.2	10.04	
617	2011-12-14	13.75	13.75	13.18	13.2	3311	10.04	300114	中航电测	SZ	13.54	10.3	
618	2011-12-13	14.08	14.19	13.54	13.54	6341	10.3	300114	中航电测	SZ	14.25	10.84	
619	2011-12-12	14.45	14.52	14.24	14.25	5149	10.84	300114	中航电测	SZ	14.45	11	
620	2011-12-09	14.22	15	14.17	14.45	9256	11	300114	中航电测	SZ	14.22	10.82	
621	2011-12-08	14.21	14.45	14.04	14.22	3177	10.82	300114	中航电测	SZ	14.19	10.8	
622	2011-12-07	14.08	14.34	14.08	14.19	2518	10.8	300114	中航电测	SZ	14.25	10.84	
623	2011-12-06	13.96	14.34	13.78	14.25	3442	10.84	300114	中航电测	SZ	13.96	10.62	
624	2011-12-05	14.61	14.65	13.95	13.96	3617	10.62	300114	中航电测	SZ	14.54	11.06	
625	2011-12-02	14.63	14.76	14.42	14.54	3884	11.06	300114	中航电测	SZ	14.68	11.17	
626	2011-12-01	15	15.23	14.64	14.68	4787	11.17	300114	中航电测	SZ	14.53	11.05	
627	2011-11-30	15.42	15.61	14.31	14.53	8375	11.05	300114	中航电测	SZ	15.46	11.76	
628	2011-11-29	15.2	15.46	15.12	15.46	5328	11.76	300114	中航电测	SZ	15.08	11.47	
629	2011-11-28	15.08	15.28	14.98	15.08	3876	11.47	300114	中航电测	SZ	15.15	11.52	
630	2011-11-25	15.33	15.55	15.01	15.15	5284	11.52	300114	中航电测	SZ	15.45	11.75	
631	2011-11-24	15.1	15.5	15.1	15.45	4301	11.75	300114	中航电测	SZ	15.38	11.7	
632	2011-11-23	15.35	15.52	15.16	15.38	4314	11.7	300114	中航电测	SZ	15.28	11.63	
633	2011-11-22	15.14	15.35	14.98	15.28	5132	11.63	300114	中航电测	SZ	15.35	11.68	
634	2011-11-21	15.42	15.63	15.15	15.35	5425	11.68	300114	中航电测	SZ	15.38	11.7	
635	2011-11-18	15.8	15.85	15.31	15.38	8931	11.7	300114	中航电测	SZ	15.94	12.12	
636	2011-11-17	15.58	16.08	15.58	15.94	12771	12.12	300114	中航电测	SZ	15.51	11.8	
637	2011-11-16	16.31	16.38	15.39	15.51	16975	11.8	300114	中航电测	SZ	16.3	12.4	
638	2011-11-15	16.4	16.65	16.23	16.3	13781	12.4	300114	中航电测	SZ	16.54	12.58	
639	2011-11-14	16.13	16.65	16.09	16.54	15954	12.58	300114	中航电测	SZ	16.2	12.32	
640	2011-11-11	16.28	16.63	15.89	16.2	21396	12.32	300114	中航电测	SZ	16.46	12.52	
641	2011-11-10	15.95	16.98	15.93	16.46	42538	12.52	300114	中航电测	SZ	16.25	12.36	
642	2011-11-09	15.31	16.36	15.31	16.25	33621	12.36	300114	中航电测	SZ	15.22	11.57	
643	2011-11-08	15.34	15.57	15.15	15.22	5241	11.57	300114	中航电测	SZ	15.38	11.7	
644	2011-11-07	15.63	15.75	15.37	15.38	8683	11.7	300114	中航电测	SZ	15.61	11.87	
645	2011-11-04	15.45	15.91	15.38	15.61	11384	11.87	300114	中航电测	SZ	15.45	11.75	
646	2011-11-03	15.98	16.49	15.45	15.45	16592	11.75	300114	中航电测	SZ	15.6	11.87	
647	2011-11-02	14.97	15.62	14.85	15.6	8393	11.87	300114	中航电测	SZ	15.25	11.6	
648	2011-11-01	15.37	15.49	15.16	15.25	4104	11.6	300114	中航电测	SZ	15.45	11.75	
649	2011-10-31	15.21	15.5	15.02	15.45	6563	11.75	300114	中航电测	SZ	15.13	11.51	
650	2011-10-28	15.12	15.25	14.91	15.13	5262	11.51	300114	中航电测	SZ	15.02	11.42	
651	2011-10-27	15.06	15.08	14.66	15.02	4037	11.42	300114	中航电测	SZ	15.02	11.43	
652	2011-10-26	14.75	15.09	14.53	15.02	5348	11.43	300114	中航电测	SZ	14.76	11.23	
653	2011-10-25	14.12	14.82	14.12	14.76	5170	11.23	300114	中航电测	SZ	14.52	11.05	
654	2011-10-24	14.1	14.52	13.6	14.52	5534	11.05	300114	中航电测	SZ	14.08	10.71	
655	2011-10-21	14.47	14.53	14.08	14.08	2639	10.71	300114	中航电测	SZ	14.37	10.93	
656	2011-10-20	14.91	14.91	14.32	14.37	4392	10.93	300114	中航电测	SZ	14.87	11.31	
657	2011-10-19	14.89	15.05	14.65	14.87	2956	11.31	300114	中航电测	SZ	14.88	11.32	
658	2011-10-18	15.24	15.69	14.88	14.88	7094	11.32	300114	中航电测	SZ	15.5	11.79	
659	2011-10-17	15.29	15.5	14.91	15.5	6341	11.79	300114	中航电测	SZ	15.08	11.47	
660	2011-10-14	15.11	15.23	14.93	15.08	3573	11.47	300114	中航电测	SZ	15.12	11.5	
661	2011-10-13	14.89	15.28	14.89	15.12	4628	11.5	300114	中航电测	SZ	15	11.41	
662	2011-10-12	14.46	15.1	14.46	15	5342	11.41	300114	中航电测	SZ	14.54	11.06	
663	2011-10-11	14.98	15.05	14.32	14.54	5731	11.06	300114	中航电测	SZ	14.46	11	
664	2011-10-10	14.62	14.62	14.23	14.46	3462	11	300114	中航电测	SZ	14.48	11.02	
665	2011-09-30	15	15.31	14.22	14.48	7781	11.02	300114	中航电测	SZ	15.16	11.53	
666	2011-09-29	15.88	15.96	14.82	15.16	14464	11.53	300114	中航电测	SZ	15.88	12.08	
667	2011-09-28	16.15	16.52	15.81	15.88	16658	12.08	300114	中航电测	SZ	16.31	12.41	
668	2011-09-27	15.54	16.82	15.25	16.31	28211	12.41	300114	中航电测	SZ	15.29	11.63	
669	2011-09-26	15.39	15.59	15.25	15.29	2977	11.63	300114	中航电测	SZ	15.41	11.72	
670	2011-09-23	15.61	15.61	15.23	15.41	4014	11.72	300114	中航电测	SZ	15.77	12	
671	2011-09-22	16.04	16.04	15.38	15.77	7332	12	300114	中航电测	SZ	16.08	12.23	
672	2011-09-21	15.67	16.12	15.6	16.08	11233	12.23	300114	中航电测	SZ	15.81	12.03	
673	2011-09-20	15.3	15.88	15.01	15.81	11544	12.03	300114	中航电测	SZ	15.45	11.76	
674	2011-09-19	15.5	15.5	15	15.45	5060	11.76	300114	中航电测	SZ	15.3	11.64	
675	2011-09-16	15.38	15.53	15.14	15.3	6420	11.64	300114	中航电测	SZ	15.22	11.58	
676	2011-09-15	15.15	15.36	14.93	15.22	8124	11.58	300114	中航电测	SZ	15.04	11.44	
677	2011-09-14	14.97	15.04	14.7	15.04	4521	11.44	300114	中航电测	SZ	14.82	11.27	
678	2011-09-13	14.46	14.83	14.46	14.82	4104	11.27	300114	中航电测	SZ	14.7	11.18	
679	2011-09-09	14.57	14.79	14.48	14.7	2887	11.18	300114	中航电测	SZ	14.67	11.16	
680	2011-09-08	14.66	14.91	13.86	14.67	6867	11.16	300114	中航电测	SZ	14.67	11.16	
681	2011-09-07	14.45	14.68	14.32	14.67	4186	11.16	300114	中航电测	SZ	14.35	10.91	
682	2011-09-06	14.95	14.95	14.16	14.35	1990	10.91	300114	中航电测	SZ	14.27	10.85	
683	2011-09-05	14.46	14.6	14.25	14.27	3648	10.85	300114	中航电测	SZ	14.65	11.14	
684	2011-09-02	14.82	14.82	14.51	14.65	3259	11.14	300114	中航电测	SZ	14.77	11.24	
685	2011-09-01	14.86	14.99	14.63	14.77	4199	11.24	300114	中航电测	SZ	14.85	11.3	
686	2011-08-31	15.05	15.15	14.7	14.85	6394	11.3	300114	中航电测	SZ	15.31	11.64	
687	2011-08-29	15.42	15.6	15.27	15.31	8928	11.64	300114	中航电测	SZ	15.45	11.75	
688	2011-08-26	15.25	15.45	15.07	15.45	10055	11.75	300114	中航电测	SZ	15.24	11.59	
689	2011-08-25	15.22	15.26	14.84	15.24	8812	11.59	300114	中航电测	SZ	15.17	11.54	
690	2011-08-24	15.15	15.42	15.02	15.17	11133	11.54	300114	中航电测	SZ	14.95	11.38	
691	2011-08-23	14.75	14.98	14.75	14.95	6488	11.38	300114	中航电测	SZ	14.45	10.99	
692	2011-08-22	14.59	14.8	14.38	14.45	5592	10.99	300114	中航电测	SZ	14.42	10.97	
693	2011-08-19	14.33	14.55	14.14	14.42	6872	10.97	300114	中航电测	SZ	14.75	11.22	
694	2011-08-18	15.08	15.28	14.64	14.75	5559	11.22	300114	中航电测	SZ	15.15	11.52	
695	2011-08-17	15.08	15.41	15.05	15.15	7592	11.52	300114	中航电测	SZ	15.12	11.5	
696	2011-08-16	15.42	15.51	14	15.12	11013	11.5	300114	中航电测	SZ	15.52	11.81	
697	2011-08-15	15.08	15.58	15.08	15.52	12572	11.81	300114	中航电测	SZ	15.39	11.71	
698	2011-08-12	15.38	15.61	15.29	15.39	8789	11.71	300114	中航电测	SZ	15.29	11.63	
699	2011-08-11	14.46	15.41	14.31	15.29	10077	11.63	300114	中航电测	SZ	14.88	11.32	
700	2011-08-10	15.05	15.38	14.77	14.88	12881	11.32	300114	中航电测	SZ	14.64	11.14	
701	2011-08-09	14.31	14.75	13.85	14.64	10186	11.14	300114	中航电测	SZ	14.54	11.06	
702	2011-08-08	15.62	15.92	14.53	14.54	17374	11.06	300114	中航电测	SZ	16.08	12.23	
703	2011-08-05	16.08	16.28	15.78	16.08	11507	12.23	300114	中航电测	SZ	16.7	12.7	
704	2011-08-04	16.4	17.45	16.31	16.7	15147	12.7	300114	中航电测	SZ	16.1	12.25	
705	2011-08-03	15.89	16.6	15.82	16.1	8241	12.25	300114	中航电测	SZ	16.04	12.2	
706	2011-08-02	16.61	16.61	15.85	16.04	10569	12.2	300114	中航电测	SZ	16.61	12.63	
707	2011-08-01	16.5	16.72	16.25	16.61	8002	12.63	300114	中航电测	SZ	16.58	12.61	
708	2011-07-29	17.51	17.55	16.58	16.58	14881	12.61	300114	中航电测	SZ	17.51	13.32	
709	2011-07-28	17.65	17.81	17.24	17.51	17602	13.32	300114	中航电测	SZ	17.83	13.56	
710	2011-07-27	17.31	17.85	16.98	17.83	29521	13.56	300114	中航电测	SZ	17.46	13.28	
711	2011-07-26	16.58	17.46	16.38	17.46	24918	13.28	300114	中航电测	SZ	16.68	12.69	
712	2011-07-25	16.66	17.3	16.31	16.68	19793	12.69	300114	中航电测	SZ	16.75	12.74	
713	2011-07-22	16.75	16.92	16.55	16.75	5751	12.74	300114	中航电测	SZ	16.73	12.73	
714	2011-07-21	16.68	17.06	16.45	16.73	12760	12.73	300114	中航电测	SZ	16.68	12.69	
715	2011-07-20	16.93	17.09	16.33	16.68	13340	12.69	300114	中航电测	SZ	16.99	12.93	
716	2011-07-19	16.77	17.17	16.42	16.99	16170	12.93	300114	中航电测	SZ	16.79	12.77	
717	2011-07-18	17.54	17.65	16.72	16.79	40640	12.77	300114	中航电测	SZ	17.02	12.95	
718	2011-07-15	15.5	17.02	15.35	17.02	27503	12.95	300114	中航电测	SZ	15.48	11.77	
719	2011-07-14	15.35	15.48	15.21	15.48	6788	11.77	300114	中航电测	SZ	15.25	11.6	
720	2011-07-13	15	15.27	14.92	15.25	5114	11.6	300114	中航电测	SZ	15.02	11.43	
721	2011-07-12	15.31	15.31	15.02	15.02	4516	11.43	300114	中航电测	SZ	15.31	11.64	
722	2011-07-11	15.25	15.36	15.15	15.31	3196	11.64	300114	中航电测	SZ	15.25	11.6	
723	2011-07-08	15.39	15.48	15.12	15.25	5927	11.6	300114	中航电测	SZ	15.48	11.77	
724	2011-07-07	15.69	15.76	15.46	15.48	8826	11.77	300114	中航电测	SZ	15.65	11.91	
725	2011-07-06	15.58	15.65	15.45	15.65	7337	11.91	300114	中航电测	SZ	15.59	11.86	
726	2011-07-05	15.53	15.71	15.47	15.59	8200	11.86	300114	中航电测	SZ	15.49	11.79	
727	2011-07-04	15.25	15.51	15.23	15.49	10074	11.79	300114	中航电测	SZ	15.24	11.59	
728	2011-07-01	15.27	15.5	15.15	15.24	5291	11.59	300114	中航电测	SZ	15.23	11.59	
729	2011-06-30	15.04	15.38	15.04	15.23	5070	11.59	300114	中航电测	SZ	15.08	11.47	
730	2011-06-29	15.32	15.52	15.03	15.08	6402	11.47	300114	中航电测	SZ	15.36	11.69	
731	2011-06-28	15.39	15.5	15.24	15.36	8503	11.69	300114	中航电测	SZ	15.52	11.8	
732	2011-06-27	15.4	15.66	15.27	15.52	14945	11.8	300114	中航电测	SZ	15.39	11.71	
733	2011-06-24	14.71	15.62	14.7	15.39	24465	11.71	300114	中航电测	SZ	14.88	11.32	
734	2011-06-23	14.37	15.03	14.35	14.88	12686	11.32	300114	中航电测	SZ	14.4	10.95	
735	2011-06-22	14.58	14.61	14.38	14.4	6047	10.95	300114	中航电测	SZ	14.58	11.09	
736	2011-06-21	14.19	14.92	14.19	14.58	16905	11.09	300114	中航电测	SZ	14.03	10.67	
737	2011-06-20	13.85	14.04	13.85	14.03	2475	10.67	300114	中航电测	SZ	13.92	10.59	
738	2011-06-17	13.9	14.04	13.9	13.92	1779	10.59	300114	中航电测	SZ	13.97	10.63	
739	2011-06-16	14.1	14.24	13.96	13.97	2205	10.63	300114	中航电测	SZ	14.3	10.88	
740	2011-06-15	14.24	14.38	14.12	14.3	4627	10.88	300114	中航电测	SZ	14.29	10.87	
741	2011-06-14	14.05	14.35	14.03	14.29	6755	10.87	300114	中航电测	SZ	14.05	10.69	
742	2011-06-13	13.9	14.14	13.86	14.05	2572	10.69	300114	中航电测	SZ	13.97	10.63	
743	2011-06-10	13.85	14.08	13.81	13.97	2439	10.63	300114	中航电测	SZ	13.82	10.51	
744	2011-06-09	14.06	14.12	13.79	13.82	1790	10.51	300114	中航电测	SZ	14.09	10.72	
745	2011-06-08	14.08	14.19	13.88	14.09	2559	10.72	300114	中航电测	SZ	14.15	10.77	
746	2011-06-07	14.23	14.3	14.01	14.15	2856	10.77	300114	中航电测	SZ	14.18	10.78	
747	2011-06-03	13.85	14.21	13.77	14.18	6668	10.78	300114	中航电测	SZ	13.72	10.43	
748	2011-06-02	13.71	13.77	13.5	13.72	1990	10.43	300114	中航电测	SZ	13.85	10.53	
749	2011-06-01	14.07	14.14	13.74	13.85	1096	10.53	300114	中航电测	SZ	13.86	10.54	
750	2011-05-31	13.84	13.89	13.67	13.86	2421	10.54	300114	中航电测	SZ	13.65	10.38	
751	2011-05-30	13.32	13.78	13.32	13.65	2669	10.38	300114	中航电测	SZ	13.32	10.13	
752	2011-05-27	13.48	13.55	13.3	13.32	3334	10.13	300114	中航电测	SZ	13.38	10.18	
753	2011-05-26	13.77	13.78	13.38	13.38	4523	10.18	300114	中航电测	SZ	13.65	10.39	
754	2011-05-25	13.97	14.11	13.6	13.65	3472	10.39	300114	中航电测	SZ	14.11	10.73	
755	2011-05-24	13.85	14.41	13.66	14.11	4105	10.73	300114	中航电测	SZ	13.91	10.58	
756	2011-05-23	14.92	14.93	13.83	13.91	5463	10.58	300114	中航电测	SZ	14.92	11.35	
757	2011-05-20	14.98	15.12	14.88	14.92	2627	11.35	300114	中航电测	SZ	14.95	11.37	
758	2011-05-19	15.04	15.25	14.92	14.95	1524	11.37	300114	中航电测	SZ	15.04	11.44	
759	2011-05-18	15	15.18	14.99	15.04	2786	11.44	300114	中航电测	SZ	15.15	11.53	
760	2011-05-17	14.78	15.29	14.78	15.15	1589	11.53	300114	中航电测	SZ	15.26	11.61	
761	2011-05-16	15.53	15.57	15.22	15.26	2336	11.61	300114	中航电测	SZ	15.38	11.7	
762	2011-05-13	15.18	15.61	15.18	15.38	2135	11.7	300114	中航电测	SZ	15.41	7.76	
763	2011-05-12	15.65	15.74	15.38	15.41	4311	7.76	300114	中航电测	SZ	15.66	7.88	
764	2011-05-11	15.78	15.78	15.64	15.66	3661	7.88	300114	中航电测	SZ	15.78	7.95	
765	2011-05-10	15.9	15.9	15.54	15.78	8306	7.95	300114	中航电测	SZ	15.9	8.01	
766	2011-05-09	15.37	15.95	15.35	15.9	5105	8.01	300114	中航电测	SZ	15.36	7.74	
767	2011-05-06	15.18	15.45	15.12	15.36	2438	7.74	300114	中航电测	SZ	15.19	7.65	
768	2011-05-05	15.13	15.3	15.07	15.19	1829	7.65	300114	中航电测	SZ	15.14	7.62	
769	2011-05-04	15.5	15.5	15.12	15.14	2355	7.62	300114	中航电测	SZ	15.49	7.8	
770	2011-05-03	15.36	15.51	15.2	15.49	2215	7.8	300114	中航电测	SZ	15.49	7.8	
771	2011-04-29	14.87	15.64	14.81	15.49	7539	7.8	300114	中航电测	SZ	15.33	7.72	
772	2011-04-27	15.39	15.64	15.11	15.33	4078	7.72	300114	中航电测	SZ	15.29	7.7	
773	2011-04-26	15.9	15.95	15.01	15.29	9246	7.7	300114	中航电测	SZ	15.79	7.95	
774	2011-04-25	16.61	16.74	15.79	15.79	12456	7.95	300114	中航电测	SZ	16.62	8.37	
775	2011-04-22	16.92	17.02	16.41	16.62	5923	8.37	300114	中航电测	SZ	16.87	8.5	
776	2011-04-21	16.77	17.16	16.67	16.87	3893	8.5	300114	中航电测	SZ	16.75	8.44	
777	2011-04-20	16.62	16.79	16.56	16.75	2531	8.44	300114	中航电测	SZ	16.6	8.36	
778	2011-04-19	16.89	16.89	16.5	16.6	5187	8.36	300114	中航电测	SZ	16.82	8.47	
779	2011-04-18	16.82	16.88	16.71	16.82	4328	8.47	300114	中航电测	SZ	16.97	8.55	
780	2011-04-15	16.92	17.05	16.82	16.97	3650	8.55	300114	中航电测	SZ	16.97	8.55	
781	2011-04-14	17.32	17.32	16.94	16.97	5061	8.55	300114	中航电测	SZ	17.32	8.72	
782	2011-04-13	17.13	17.33	16.94	17.32	4149	8.72	300114	中航电测	SZ	17.18	8.65	
783	2011-04-12	17.32	17.32	17.13	17.18	3239	8.65	300114	中航电测	SZ	17.22	8.67	
784	2011-04-11	17.23	17.38	17.19	17.22	4612	8.67	300114	中航电测	SZ	17.38	8.75	
785	2011-04-08	16.93	17.38	16.93	17.38	6285	8.75	300114	中航电测	SZ	17.08	8.6	
786	2011-04-07	16.73	17.08	16.73	17.08	4950	8.6	300114	中航电测	SZ	16.82	8.47	
787	2011-04-06	17.05	17.16	16.67	16.82	9721	8.47	300114	中航电测	SZ	17.14	8.63	
788	2011-04-01	17.08	17.25	17.03	17.14	4087	8.63	300114	中航电测	SZ	17.14	8.63	
789	2011-03-31	17.08	17.3	16.98	17.14	4121	8.63	300114	中航电测	SZ	17.08	8.6	
790	2011-03-30	17.48	17.54	16.96	17.08	10354	8.6	300114	中航电测	SZ	17.48	8.8	
791	2011-03-29	18.23	18.28	17.44	17.48	12324	8.8	300114	中航电测	SZ	18.23	9.18	
792	2011-03-28	18.03	18.31	18.01	18.23	9753	9.18	300114	中航电测	SZ	18.05	9.09	
793	2011-03-25	17.9	18.07	17.89	18.05	5813	9.09	300114	中航电测	SZ	17.89	9.01	
794	2011-03-24	18.06	18.06	17.89	17.89	4485	9.01	300114	中航电测	SZ	17.97	9.05	
795	2011-03-23	17.94	18.01	17.82	17.97	4767	9.05	300114	中航电测	SZ	17.84	8.98	
796	2011-03-22	17.81	18.03	17.81	17.84	2939	8.98	300114	中航电测	SZ	17.85	8.99	
797	2011-03-21	17.86	18.03	17.82	17.85	3950	8.99	300114	中航电测	SZ	17.85	8.99	
798	2011-03-18	17.95	18.09	17.82	17.85	4223	8.99	300114	中航电测	SZ	17.85	8.99	
799	2011-03-17	18	18.2	17.79	17.85	8512	8.99	300114	中航电测	SZ	18.31	9.22	
800	2011-03-16	18.26	18.39	18.25	18.31	7802	9.22	300114	中航电测	SZ	18.27	9.2	
801	2011-03-15	18.56	18.56	18.04	18.27	11186	9.2	300114	中航电测	SZ	18.59	9.36	
802	2011-03-14	18.47	18.72	18.34	18.59	12645	9.36	300114	中航电测	SZ	18.37	9.25	
803	2011-03-11	18.21	18.62	18.12	18.37	11346	9.25	300114	中航电测	SZ	18.25	9.19	
804	2011-03-10	18.66	18.67	18.19	18.25	12066	9.19	300114	中航电测	SZ	18.63	9.38	
805	2011-03-09	18.21	18.67	18.15	18.63	18717	9.38	300114	中航电测	SZ	18.13	9.13	
806	2011-03-08	18.14	18.24	18.03	18.13	6980	9.13	300114	中航电测	SZ	18.1	9.11	
807	2011-03-07	18	18.1	17.95	18.1	7651	9.11	300114	中航电测	SZ	18	9.06	
808	2011-03-04	18.08	18.1	17.69	18	6396	9.06	300114	中航电测	SZ	17.95	9.04	
809	2011-03-03	18.21	18.38	17.89	17.95	7787	9.04	300114	中航电测	SZ	18.23	9.18	
810	2011-03-02	18.11	18.29	17.87	18.23	12447	9.18	300114	中航电测	SZ	18.11	9.12	
811	2011-03-01	17.93	18.18	17.93	18.11	8795	9.12	300114	中航电测	SZ	17.97	9.05	
812	2011-02-28	17.77	17.97	17.72	17.97	6748	9.05	300114	中航电测	SZ	17.84	8.98	
813	2011-02-25	17.82	17.93	17.54	17.84	10480	8.98	300114	中航电测	SZ	17.88	9	
814	2011-02-24	17.95	18.05	17.77	17.88	6849	9	300114	中航电测	SZ	17.96	9.05	
815	2011-02-23	17.74	18.05	17.74	17.96	9925	9.05	300114	中航电测	SZ	17.77	8.95	
816	2011-02-22	18.42	18.47	17.77	17.77	12661	8.95	300114	中航电测	SZ	18.41	9.27	
817	2011-02-21	17.95	18.46	17.8	18.41	20541	9.27	300114	中航电测	SZ	17.79	8.96	
818	2011-02-18	18.12	18.12	17.73	17.79	9496	8.96	300114	中航电测	SZ	18.11	9.12	
819	2011-02-17	18.34	18.34	17.94	18.11	14926	9.12	300114	中航电测	SZ	18.33	9.23	
820	2011-02-16	18.08	18.4	18.08	18.33	14973	9.23	300114	中航电测	SZ	18.07	9.1	
821	2011-02-15	18.21	18.24	17.97	18.07	13623	9.1	300114	中航电测	SZ	18.21	9.17	
822	2011-02-14	18.05	18.21	17.95	18.21	13495	9.17	300114	中航电测	SZ	18.08	9.1	
823	2011-02-11	17.79	18.08	17.66	18.08	12564	9.1	300114	中航电测	SZ	17.79	8.96	
824	2011-02-10	17.74	17.79	16.92	17.79	9329	8.96	300114	中航电测	SZ	17.44	8.78	
825	2011-02-09	17.49	17.64	17.44	17.44	3916	8.78	300114	中航电测	SZ	17.56	8.84	
826	2011-02-01	17.73	17.84	17.44	17.56	3725	8.84	300114	中航电测	SZ	17.74	8.93	
827	2011-01-31	17.7	17.89	17.51	17.74	3907	8.93	300114	中航电测	SZ	17.74	8.94	
828	2011-01-28	17.44	17.83	17.44	17.74	4036	8.94	300114	中航电测	SZ	17.64	8.88	
829	2011-01-27	17.61	17.71	17.29	17.64	3845	8.88	300114	中航电测	SZ	17.54	8.83	
830	2011-01-26	17.1	17.54	17.1	17.54	4644	8.83	300114	中航电测	SZ	17.34	8.73	
831	2011-01-25	17.33	17.63	17.03	17.34	3944	8.73	300114	中航电测	SZ	17.33	8.73	
832	2011-01-24	17.43	17.43	16.97	17.33	4362	8.73	300114	中航电测	SZ	17.33	8.73	
833	2011-01-21	17.18	17.38	16.67	17.33	5704	8.73	300114	中航电测	SZ	16.93	8.52	
834	2011-01-20	17.64	17.64	16.92	16.93	5271	8.52	300114	中航电测	SZ	17.43	8.78	
835	2011-01-18	17.06	17.43	16.67	17.43	7698	8.78	300114	中航电测	SZ	17.06	8.59	
836	2011-01-17	17.54	17.67	16.93	17.06	6245	8.59	300114	中航电测	SZ	17.54	8.83	
837	2011-01-14	17.62	17.85	17.47	17.54	4102	8.83	300114	中航电测	SZ	17.79	8.96	
838	2011-01-13	17.95	18.13	17.46	17.79	4838	8.96	300114	中航电测	SZ	17.95	9.04	
839	2011-01-12	17.91	18.41	17.49	17.95	8600	9.04	300114	中航电测	SZ	17.9	9.01	
840	2011-01-11	18.36	18.51	17.85	17.9	8773	9.01	300114	中航电测	SZ	18.36	9.25	
841	2011-01-10	18.57	18.92	18.36	18.36	14947	9.25	300114	中航电测	SZ	18.72	9.43	
842	2011-01-07	18.36	18.9	18.26	18.72	9937	9.43	300114	中航电测	SZ	18.51	9.32	
843	2011-01-06	18.79	18.79	18.41	18.51	5754	9.32	300114	中航电测	SZ	18.74	9.44	
844	2011-01-05	18.62	18.75	18.46	18.74	12024	9.44	300114	中航电测	SZ	18.62	9.38	
845	2011-01-04	18.45	18.72	18.26	18.62	12308	9.38	300114	中航电测	SZ	18.3	9.22	
846	2010-12-31	18.15	18.44	18.03	18.3	8860	9.22	300114	中航电测	SZ	18.14	9.14	
847	2010-12-30	18.05	18.17	17.86	18.14	6098	9.14	300114	中航电测	SZ	18	9.06	
848	2010-12-29	18.04	18.08	17.74	18	9230	9.06	300114	中航电测	SZ	17.75	8.94	
849	2010-12-28	17.84	17.84	17.52	17.75	11358	8.94	300114	中航电测	SZ	17.85	8.99	
850	2010-12-27	18.38	18.64	17.85	17.85	8971	8.99	300114	中航电测	SZ	18.36	9.25	
851	2010-12-24	18.95	18.95	18.26	18.36	10077	9.25	300114	中航电测	SZ	18.75	9.44	
852	2010-12-23	19.07	19.07	18.68	18.75	11634	9.44	300114	中航电测	SZ	19.02	9.58	
853	2010-12-22	19.49	19.49	18.94	19.02	16050	9.58	300114	中航电测	SZ	19.5	9.82	
854	2010-12-21	19.49	19.69	19.27	19.5	18349	9.82	300114	中航电测	SZ	19.57	9.85	
855	2010-12-20	19.95	20.14	18.97	19.57	21989	9.85	300114	中航电测	SZ	19.77	9.96	
856	2010-12-17	19.69	19.85	19.65	19.77	10559	9.96	300114	中航电测	SZ	19.69	9.91	
857	2010-12-16	19.8	19.92	19.55	19.69	12151	9.91	300114	中航电测	SZ	19.74	9.94	
858	2010-12-15	19.52	20.31	19.52	19.74	30940	9.94	300114	中航电测	SZ	19.62	9.88	
859	2010-12-14	19.25	19.74	19.11	19.62	21074	9.88	300114	中航电测	SZ	19.24	9.69	
860	2010-12-13	18.87	19.31	18.75	19.24	16877	9.69	300114	中航电测	SZ	18.71	9.42	
861	2010-12-10	18.35	18.77	18.29	18.71	12508	9.42	300114	中航电测	SZ	18.46	9.3	
862	2010-12-09	18.86	18.86	18.25	18.46	13397	9.3	300114	中航电测	SZ	18.86	9.5	
863	2010-12-08	18.9	19.07	18.73	18.86	12118	9.5	300114	中航电测	SZ	18.85	9.49	
864	2010-12-07	18.52	18.89	18.4	18.85	12402	9.49	300114	中航电测	SZ	18.62	9.38	
865	2010-12-06	18.97	19.07	18.4	18.62	12948	9.38	300114	中航电测	SZ	18.98	9.56	
866	2010-12-03	19.49	19.73	18.87	18.98	16781	9.56	300114	中航电测	SZ	19.51	9.83	
867	2010-12-02	19.63	19.77	19.39	19.51	14281	9.83	300114	中航电测	SZ	19.38	9.76	
868	2010-12-01	19.62	19.74	19.29	19.38	17851	9.76	300114	中航电测	SZ	19.76	9.95	
869	2010-11-30	20.52	20.62	19.29	19.76	47425	9.95	300114	中航电测	SZ	20.74	10.45	
870	2010-11-29	19.74	20.86	19.38	20.74	67483	10.45	300114	中航电测	SZ	19.97	10.06	
871	2010-11-26	19.79	20.31	19.55	19.97	17022	10.06	300114	中航电测	SZ	19.81	9.97	
872	2010-11-25	20.33	20.33	19.55	19.81	22240	9.97	300114	中航电测	SZ	20.14	10.14	
873	2010-11-24	19.69	20.56	19.69	20.14	29914	10.14	300114	中航电测	SZ	19.85	9.99	
874	2010-11-23	19.54	19.99	19.1	19.85	19382	9.99	300114	中航电测	SZ	19.64	9.89	
875	2010-11-22	19.48	20.19	19.33	19.64	30715	9.89	300114	中航电测	SZ	19.53	9.84	
876	2010-11-19	18.82	19.53	18.71	19.53	19787	9.84	300114	中航电测	SZ	18.71	9.42	
877	2010-11-18	18.26	18.76	18.08	18.71	11659	9.42	300114	中航电测	SZ	17.95	9.04	
878	2010-11-17	18.1	18.51	17.95	17.95	11787	9.04	300114	中航电测	SZ	18.26	9.19	
879	2010-11-16	19.05	19.44	18.1	18.26	24660	9.19	300114	中航电测	SZ	18.86	9.5	
880	2010-11-15	18.26	18.87	18.25	18.86	20405	9.5	300114	中航电测	SZ	17.95	9.04	
881	2010-11-12	19.73	19.78	17.95	17.95	35002	9.04	300114	中航电测	SZ	19.78	9.96	
882	2010-11-11	20.41	20.76	19.76	19.78	32383	9.96	300114	中航电测	SZ	20.52	10.33	
883	2010-11-10	20.31	20.86	20.16	20.52	25745	10.33	300114	中航电测	SZ	20.51	10.33	
884	2010-11-09	19.79	20.87	19.59	20.51	37966	10.33	300114	中航电测	SZ	19.78	9.96	
885	2010-11-08	19.66	19.84	19.46	19.78	21613	9.96	300114	中航电测	SZ	19.66	9.9	
886	2010-11-05	19.38	19.85	19.03	19.66	24967	9.9	300114	中航电测	SZ	19.11	9.62	
887	2010-11-04	18.58	19.62	18.58	19.11	18382	9.62	300114	中航电测	SZ	18.62	9.37	
888	2010-11-03	19.13	19.28	18.62	18.62	22820	9.37	300114	中航电测	SZ	19.44	9.79	
889	2010-11-02	19.89	20.4	19.43	19.44	29655	9.79	300114	中航电测	SZ	19.99	10.07	
890	2010-11-01	19.43	20.28	19.28	19.99	39220	10.07	300114	中航电测	SZ	19.26	9.7	
891	2010-10-29	19.26	19.68	19.08	19.26	36732	9.7	300114	中航电测	SZ	19.24	9.69	
892	2010-10-28	18.91	19.43	18.72	19.24	20395	9.69	300114	中航电测	SZ	18.83	9.48	
893	2010-10-27	18.96	19.12	18.63	18.83	23645	9.48	300114	中航电测	SZ	19.05	9.59	
894	2010-10-26	18.19	19.23	18.19	19.05	36661	9.59	300114	中航电测	SZ	18.18	9.15	
895	2010-10-25	18.45	18.45	18.04	18.18	32065	9.15	300114	中航电测	SZ	18.01	9.07	
896	2010-10-22	17.28	18.03	17.28	18.01	25517	9.07	300114	中航电测	SZ	17.28	8.7	
897	2010-10-21	17.68	17.74	17.04	17.28	16768	8.7	300114	中航电测	SZ	17.68	8.9	
898	2010-10-20	17.56	18.21	17.44	17.68	20718	8.9	300114	中航电测	SZ	17.76	8.95	
899	2010-10-19	16.78	18.12	16.78	17.76	26748	8.95	300114	中航电测	SZ	16.87	8.49	
900	2010-10-18	17.55	17.55	16.47	16.87	15660	8.49	300114	中航电测	SZ	17.48	8.8	
901	2010-10-15	17.58	17.85	17.13	17.48	17546	8.8	300114	中航电测	SZ	17.54	8.83	
902	2010-10-14	17.07	17.63	16.92	17.54	17364	8.83	300114	中航电测	SZ	17.02	8.57	
903	2010-10-13	17.04	17.15	16.57	17.02	13160	8.57	300114	中航电测	SZ	17.04	8.58	
904	2010-10-12	17.18	17.37	16.93	17.04	12903	8.58	300114	中航电测	SZ	17.19	8.66	
905	2010-10-11	17.38	17.48	17.03	17.19	11440	8.66	300114	中航电测	SZ	17.42	8.77	
906	2010-10-08	17.13	17.42	16.94	17.42	10658	8.77	300114	中航电测	SZ	16.97	8.55	
907	2010-09-30	16.67	17.09	16.54	16.97	8568	8.55	300114	中航电测	SZ	16.72	8.42	
908	2010-09-29	17.75	17.82	16.71	16.72	19186	8.42	300114	中航电测	SZ	17.74	8.94	
909	2010-09-28	17.75	17.92	17.51	17.74	9081	8.94	300114	中航电测	SZ	17.79	8.96	
910	2010-09-27	17.87	17.9	17.39	17.79	8396	8.96	300114	中航电测	SZ	17.69	8.91	
911	2010-09-21	17.44	18.82	17.44	17.69	15426	8.91	300114	中航电测	SZ	17.51	8.82	
912	2010-09-20	17.92	18.14	17.36	17.51	14469	8.82	300114	中航电测	SZ	18.1	9.12	
913	2010-09-17	18.15	18.27	17.84	18.1	16224	9.12	300114	中航电测	SZ	18.14	9.14	
914	2010-09-16	18.96	19.15	17.89	18.14	33826	9.14	300114	中航电测	SZ	19.02	9.58	
915	2010-09-15	20.19	20.23	18.91	19.02	41899	9.58	300114	中航电测	SZ	20.22	10.18	
916	2010-09-14	20.35	20.67	20.09	20.22	29226	10.18	300114	中航电测	SZ	20.52	10.33	
917	2010-09-13	19.63	20.95	19.39	20.52	54972	10.33	300114	中航电测	SZ	19.54	9.84	
918	2010-09-10	19.79	20.1	19.22	19.54	33290	9.84	300114	中航电测	SZ	19.87	10.01	
919	2010-09-09	20.1	20.7	19.85	19.87	49775	10.01	300114	中航电测	SZ	20.11	10.13	
920	2010-09-08	19.47	20.19	19.24	20.11	42084	10.13	300114	中航电测	SZ	19.55	9.84	
921	2010-09-07	19.23	19.67	19.1	19.55	24359	9.84	300114	中航电测	SZ	19.37	9.75	
922	2010-09-06	20.35	20.45	19.23	19.37	50908	9.75	300114	中航电测	SZ	20.19	10.17	
923	2010-09-03	19.3	20.63	19.28	20.19	85928	10.17	300114	中航电测	SZ	19.29	9.71	
924	2010-09-02	19.08	19.45	18.92	19.29	51614	9.71	300114	中航电测	SZ	18.91	9.52	
925	2010-09-01	20.13	20.18	18.77	18.91	92106	9.52	300114	中航电测	SZ	20.36	10.25	
926	2010-08-31	19.48	20.82	19.34	20.36	116738	10.25	300114	中航电测	SZ	20.04	10.09	
927	2010-08-30	19.97	20.25	19.17	20.04	129684	10.09	300114	中航电测	SZ	20.15	10.15	
928	2010-08-27	20.61	23.08	19.95	20.15	230357	10.15	300114	中航电测	SZ	-1	-1	
