0	4/29/14	21.24	21.37	20.25	20.75	932000	20.75	300164	通源石油	SZ	21.4	21.4	
1	4/28/14	22.09	22.09	21.17	21.4	1184300	21.4	300164	通源石油	SZ	22.09	22.09	
2	4/25/14	21.74	22.28	21.61	22.09	1530600	22.09	300164	通源石油	SZ	21.9	21.9	
3	4/24/14	21.93	22.1	21.7	21.9	354600	21.9	300164	通源石油	SZ	21.93	21.93	
4	4/23/14	21.8	22.05	21.52	21.93	513400	21.93	300164	通源石油	SZ	22	22	
5	4/22/14	22.6	22.6	21.02	22	2177900	22	300164	通源石油	SZ	22.78	22.78	
6	4/21/14	23.35	23.5	22.6	22.78	1649900	22.78	300164	通源石油	SZ	23.45	23.45	
7	4/18/14	22.74	23.5	22.66	23.45	1353300	23.45	300164	通源石油	SZ	22.92	22.92	
8	4/17/14	22.59	23.39	22.59	22.92	847200	22.92	300164	通源石油	SZ	22.54	22.54	
9	4/16/14	22.46	22.74	22.11	22.54	712800	22.54	300164	通源石油	SZ	22.46	22.46	
10	4/15/14	23.17	23.17	22.2	22.46	1889600	22.46	300164	通源石油	SZ	23.18	23.18	
11	4/14/14	22.49	23.23	22.39	23.18	1888800	23.18	300164	通源石油	SZ	22.46	22.46	
12	4/11/14	22.2	22.5	21.99	22.46	1227100	22.46	300164	通源石油	SZ	22.38	22.38	
13	4/10/14	21.63	22.7	21.45	22.38	2008700	22.38	300164	通源石油	SZ	21.7	21.7	
14	4/9/14	21.07	21.87	21.01	21.7	1298000	21.7	300164	通源石油	SZ	20.95	20.95	
15	4/8/14	20.5	21.35	20.5	20.95	785000	20.95	300164	通源石油	SZ	20.79	20.79	
16	4/7/14	20.79	20.79	20.79	20.79	0	20.79	300164	通源石油	SZ	20.79	20.79	
17	4/4/14	20.65	21.38	20.39	20.79	985200	20.79	300164	通源石油	SZ	20.59	20.59	
18	4/3/14	20.42	21.07	20.42	20.59	676000	20.59	300164	通源石油	SZ	20.52	20.52	
19	4/2/14	20.65	21.47	20.5	20.52	1362300	20.52	300164	通源石油	SZ	20.55	20.55	
20	4/1/14	20.46	21.26	20.13	20.55	1169600	20.55	300164	通源石油	SZ	20.5	20.5	
21	3/31/14	20.11	21.49	19.88	20.5	1792300	20.5	300164	通源石油	SZ	20.8	20.8	
22	3/28/14	21.62	21.62	19.62	20.8	2688600	20.8	300164	通源石油	SZ	21.8	21.8	
23	3/27/14	22.87	22.97	21.58	21.8	1817600	21.8	300164	通源石油	SZ	22.98	22.98	
24	3/26/14	22.77	23.03	22.54	22.98	860700	22.98	300164	通源石油	SZ	22.78	22.78	
25	3/25/14	22.78	23.55	22.7	22.78	2430300	22.78	300164	通源石油	SZ	22.78	22.78	
26	3/24/14	22.82	23.25	22.5	22.78	915300	22.78	300164	通源石油	SZ	22.7	22.7	
27	3/21/14	22.16	23	22.03	22.7	916800	22.7	300164	通源石油	SZ	22.25	22.25	
28	3/20/14	23.19	23.29	22.23	22.25	2029500	22.25	300164	通源石油	SZ	23.33	23.33	
29	3/19/14	24.3	24.48	22.01	23.33	2971500	23.33	300164	通源石油	SZ	24.31	24.31	
30	3/18/14	24.22	24.8	24.22	24.31	1558600	24.31	300164	通源石油	SZ	24.66	24.66	
31	3/17/14	24.58	25.25	24.12	24.66	2162300	24.66	300164	通源石油	SZ	24.6	24.6	
32	3/14/14	25.5	25.5	24.09	24.6	1970400	24.6	300164	通源石油	SZ	25.65	25.65	
33	3/13/14	23.47	25.66	22.9	25.65	5406500	25.65	300164	通源石油	SZ	23.4	23.4	
34	3/12/14	23.43	24	22.61	23.4	1527700	23.4	300164	通源石油	SZ	23.54	23.54	
35	3/11/14	23.08	23.74	22.26	23.54	1599500	23.54	300164	通源石油	SZ	23.08	23.08	
36	3/10/14	23.1	23.7	21.91	23.08	2355700	23.08	300164	通源石油	SZ	23.5	23.5	
37	3/7/14	23.02	23.88	22.72	23.5	2850300	23.5	300164	通源石油	SZ	22.8	22.8	
38	3/6/14	24.38	24.78	22.65	22.8	5075900	22.8	300164	通源石油	SZ	24.88	24.88	
39	3/5/14	23.5	25.17	23.05	24.88	5888900	24.88	300164	通源石油	SZ	24.56	24.56	
40	3/4/14	25.78	25.88	24.44	24.56	8557100	24.56	300164	通源石油	SZ	23.53	23.53	
41	3/3/14	23.53	23.53	23.53	23.53	0	23.53	300164	通源石油	SZ	23.53	23.53	
42	2/28/14	23.53	23.53	23.53	23.53	0	23.53	300164	通源石油	SZ	23.53	23.53	
43	2/27/14	23.53	23.53	23.53	23.53	0	23.53	300164	通源石油	SZ	23.53	23.53	
44	2/26/14	23.53	23.53	23.53	23.53	0	23.53	300164	通源石油	SZ	23.53	23.53	
45	2/25/14	22.65	24.88	22.31	23.53	10182700	23.53	300164	通源石油	SZ	22.62	22.62	
46	2/24/14	21.06	22.87	20.93	22.62	4591800	22.62	300164	通源石油	SZ	21.64	21.64	
47	2/21/14	21.5	22.17	21.06	21.64	3887900	21.64	300164	通源石油	SZ	22.22	22.22	
48	2/20/14	22	23	22	22.22	7455400	22.22	300164	通源石油	SZ	20.91	20.91	
49	2/19/14	20.57	21.46	20.49	20.91	1737200	20.91	300164	通源石油	SZ	20.64	20.64	
50	2/18/14	20.39	20.64	20.1	20.64	2356300	20.64	300164	通源石油	SZ	20.41	20.41	
51	2/17/14	20.41	20.75	19.83	20.41	3322500	20.41	300164	通源石油	SZ	20.4	20.4	
52	2/14/14	20.4	20.96	20.17	20.4	2526500	20.4	300164	通源石油	SZ	20.7	20.7	
53	2/13/14	20.7	21.18	20.32	20.7	3283900	20.7	300164	通源石油	SZ	21.03	21.03	
54	2/12/14	20.7	21.49	20.29	21.03	3981400	21.03	300164	通源石油	SZ	20.88	20.88	
55	2/11/14	19.82	21.01	19.62	20.88	3970900	20.88	300164	通源石油	SZ	19.95	19.95	
56	2/10/14	18.87	20.05	18.87	19.95	5332300	19.95	300164	通源石油	SZ	18.86	18.86	
57	2/7/14	19.25	19.25	18.64	18.86	1689100	18.86	300164	通源石油	SZ	18.67	18.67	
58	2/6/14	18.67	18.67	18.67	18.67	0	18.67	300164	通源石油	SZ	18.67	18.67	
59	2/5/14	18.67	18.67	18.67	18.67	0	18.67	300164	通源石油	SZ	18.67	18.67	
60	2/3/14	18.67	18.67	18.67	18.67	0	18.67	300164	通源石油	SZ	18.67	18.67	
61	1/31/14	18.67	18.67	18.67	18.67	0	18.67	300164	通源石油	SZ	18.67	18.67	
62	1/30/14	18.55	19.1	18.55	18.67	1907800	18.67	300164	通源石油	SZ	18.67	18.67	
63	1/29/14	18.5	19.19	18.48	18.67	2667700	18.67	300164	通源石油	SZ	19.02	19.02	
64	1/28/14	17.68	19.29	17.68	19.02	3320100	19.02	300164	通源石油	SZ	17.68	17.68	
65	1/27/14	18.28	18.48	17.6	17.68	2534500	17.68	300164	通源石油	SZ	18.35	18.35	
66	1/24/14	18.86	18.97	18.2	18.35	3753800	18.35	300164	通源石油	SZ	18.85	18.85	
67	1/23/14	18.6	18.89	18.45	18.85	1591400	18.85	300164	通源石油	SZ	18.57	18.57	
68	1/22/14	18.35	18.93	18.35	18.57	2652300	18.57	300164	通源石油	SZ	18.42	18.42	
69	1/21/14	18.1	18.8	18.1	18.42	1012500	18.42	300164	通源石油	SZ	18.24	18.24	
70	1/20/14	18.71	18.72	18.06	18.24	812500	18.24	300164	通源石油	SZ	18.64	18.64	
71	1/17/14	18.49	18.9	18.22	18.64	1049600	18.64	300164	通源石油	SZ	18.5	18.5	
72	1/16/14	18.4	19	18.21	18.5	2089700	18.5	300164	通源石油	SZ	18.55	18.55	
73	1/15/14	18.8	19.5	18.4	18.55	2654700	18.55	300164	通源石油	SZ	18.6	18.6	
74	1/14/14	17.15	18.65	17.15	18.6	3050300	18.6	300164	通源石油	SZ	17.49	17.49	
75	1/13/14	17.92	18.35	17.49	17.49	1847500	17.49	300164	通源石油	SZ	17.92	17.92	
76	1/10/14	18	18.17	17.62	17.92	3075400	17.92	300164	通源石油	SZ	18.35	18.35	
77	1/9/14	18.64	19.5	18.15	18.35	4626200	18.35	300164	通源石油	SZ	18.68	18.68	
78	1/8/14	18	18.7	17.95	18.68	5245900	18.68	300164	通源石油	SZ	17.99	17.99	
79	1/7/14	17	18.1	16.85	17.99	3926400	17.99	300164	通源石油	SZ	17.35	17.35	
80	1/6/14	16.83	17.99	16.8	17.35	6505100	17.35	300164	通源石油	SZ	17	17	
81	1/3/14	16.29	17.18	16.18	17	6131700	17	300164	通源石油	SZ	16.21	16.21	
82	1/2/14	16.35	16.8	16	16.21	4263300	16.21	300164	通源石油	SZ	16.51	16.51	
83	1/1/14	16.51	16.51	16.51	16.51	0	16.51	300164	通源石油	SZ	16.51	16.51	
84	12/31/13	16.38	16.91	16.23	16.51	4038800	16.51	300164	通源石油	SZ	16.53	16.53	
85	12/30/13	15.98	16.56	15.91	16.53	3963100	16.53	300164	通源石油	SZ	16.03	16.03	
86	12/27/13	15.54	16.13	15.41	16.03	2065700	16.03	300164	通源石油	SZ	15.65	15.65	
87	12/26/13	16.16	16.25	15.65	15.65	2439200	15.65	300164	通源石油	SZ	16.14	16.14	
88	12/25/13	15.96	16.3	15.61	16.14	3514900	16.14	300164	通源石油	SZ	15.96	15.96	
89	12/24/13	15.93	16.23	15.66	15.96	3596100	15.96	300164	通源石油	SZ	15.8	15.8	
90	12/23/13	15.7	15.97	15.35	15.8	3530100	15.8	300164	通源石油	SZ	15.7	15.7	
91	12/20/13	15.48	15.88	15.41	15.7	1510600	15.7	300164	通源石油	SZ	15.52	15.52	
92	12/19/13	15.62	15.79	15.5	15.52	1639800	15.52	300164	通源石油	SZ	15.73	15.73	
93	12/18/13	15.22	16.16	15.2	15.73	4661600	15.73	300164	通源石油	SZ	15.22	15.22	
94	12/17/13	15.66	15.67	15.21	15.22	1825100	15.22	300164	通源石油	SZ	15.67	15.67	
95	12/16/13	15.78	15.78	15.45	15.67	2296700	15.67	300164	通源石油	SZ	15.87	15.87	
96	12/13/13	15.5	15.97	15.45	15.87	2863600	15.87	300164	通源石油	SZ	15.78	15.78	
97	12/12/13	15.56	16.22	15.41	15.78	5314400	15.78	300164	通源石油	SZ	15.6	15.6	
98	12/11/13	14.53	15.8	14.53	15.6	7669800	15.6	300164	通源石油	SZ	14.51	14.51	
99	12/10/13	14.85	14.87	14.45	14.51	2108700	14.51	300164	通源石油	SZ	14.73	14.73	
100	12/9/13	14.65	14.8	14.55	14.73	1622500	14.73	300164	通源石油	SZ	14.68	14.68	
101	12/6/13	14.55	14.74	14.38	14.68	2446400	14.68	300164	通源石油	SZ	14.54	14.54	
102	12/5/13	15.05	15.1	14.52	14.54	3228300	14.54	300164	通源石油	SZ	15.03	15.03	
103	12/4/13	14.98	15.29	14.85	15.03	2909500	15.03	300164	通源石油	SZ	15.11	15.11	
104	12/3/13	14.65	15.16	13.86	15.11	5625100	15.11	300164	通源石油	SZ	14.82	14.82	
105	12/2/13	15.7	15.7	14.78	14.82	7385200	14.82	300164	通源石油	SZ	16.42	16.42	
106	11/29/13	16.38	16.65	16.31	16.42	5895000	16.42	300164	通源石油	SZ	16.45	16.45	
107	11/28/13	16.48	16.64	16.09	16.45	5855000	16.45	300164	通源石油	SZ	16.48	16.48	
108	11/27/13	15.9	16.98	15.86	16.48	8309800	16.48	300164	通源石油	SZ	15.94	15.94	
109	11/26/13	15.65	15.99	15.6	15.94	3578700	15.94	300164	通源石油	SZ	15.8	15.8	
110	11/25/13	15.41	16.04	15.33	15.8	9310600	15.8	300164	通源石油	SZ	15.97	15.97	
111	11/22/13	16.01	16.39	15.97	15.97	8893100	15.97	300164	通源石油	SZ	17.74	17.74	
112	11/21/13	18	18.3	17.52	17.74	6542600	17.74	300164	通源石油	SZ	18.35	18.35	
113	11/20/13	18.5	18.74	18.11	18.35	3094600	18.35	300164	通源石油	SZ	18.62	18.62	
114	11/19/13	18.6	18.97	18.3	18.62	4842200	18.62	300164	通源石油	SZ	18.8	18.8	
115	11/18/13	18.8	19.15	17.9	18.8	9189600	18.8	300164	通源石油	SZ	19.08	19.08	
116	11/15/13	19.8	20.32	18.88	19.08	11981600	19.08	300164	通源石油	SZ	20.25	20.25	
117	11/14/13	19.5	20.5	19.5	20.25	3494700	20.25	300164	通源石油	SZ	19.44	19.44	
118	11/13/13	20.06	20.06	19.39	19.44	1546600	19.44	300164	通源石油	SZ	20.4	20.4	
119	11/12/13	20.65	20.7	19.88	20.4	3737400	20.4	300164	通源石油	SZ	20.66	20.66	
120	11/11/13	19.02	20.94	18.52	20.66	4088700	20.66	300164	通源石油	SZ	19.55	19.55	
121	11/8/13	20.1	20.23	19	19.55	2579200	19.55	300164	通源石油	SZ	20.24	20.24	
122	11/7/13	20.16	20.75	19.59	20.24	5063500	20.24	300164	通源石油	SZ	20.58	20.58	
123	11/6/13	19.8	21.5	19.65	20.58	6613700	20.58	300164	通源石油	SZ	19.99	19.99	
124	11/5/13	19.3	20.77	19.15	19.99	4139000	19.99	300164	通源石油	SZ	19.58	19.58	
125	11/4/13	18.73	20.2	18.5	19.58	4578500	19.58	300164	通源石油	SZ	18.65	18.65	
126	11/1/13	18.24	18.78	17.68	18.65	3549000	18.65	300164	通源石油	SZ	18.59	18.59	
127	10/31/13	19.93	19.93	18.4	18.59	2780600	18.59	300164	通源石油	SZ	19.69	19.69	
128	10/30/13	18.8	20.38	18.78	19.69	5541700	19.69	300164	通源石油	SZ	18.79	18.79	
129	10/29/13	18.02	19	17.5	18.79	4131600	18.79	300164	通源石油	SZ	18	18	
130	10/28/13	18.3	19.05	17.65	18	2843800	18	300164	通源石油	SZ	18.54	18.54	
131	10/25/13	18.65	19.18	18.36	18.54	2005700	18.54	300164	通源石油	SZ	18.9	18.9	
132	10/24/13	18.69	19.5	18.32	18.9	2073100	18.9	300164	通源石油	SZ	18.9	18.9	
133	10/23/13	19.76	19.9	18.3	18.9	5461300	18.9	300164	通源石油	SZ	20	20	
134	10/22/13	19.08	20.89	19	20	7813400	20	300164	通源石油	SZ	19.34	19.34	
135	10/21/13	18.3	19.85	18.09	19.34	4844600	19.34	300164	通源石油	SZ	18.4	18.4	
136	10/18/13	18.39	18.8	17.82	18.4	5330300	18.4	300164	通源石油	SZ	18.47	18.47	
137	10/17/13	19.37	19.69	18.45	18.47	6715700	18.47	300164	通源石油	SZ	19.28	19.28	
138	10/16/13	19.8	20.35	18.18	19.28	5557700	19.28	300164	通源石油	SZ	20.2	20.2	
139	10/15/13	20.78	21.2	19.69	20.2	6684400	20.2	300164	通源石油	SZ	21.14	21.14	
140	10/14/13	19.18	21.14	18.81	21.14	10500500	21.14	300164	通源石油	SZ	19.22	19.22	
141	10/11/13	18.24	19.9	18	19.22	6469000	19.22	300164	通源石油	SZ	18.4	18.4	
142	10/10/13	18.46	18.7	17.5	18.4	7098100	18.4	300164	通源石油	SZ	18.58	18.58	
143	10/9/13	17.28	19.24	17.11	18.58	8311200	18.58	300164	通源石油	SZ	17.49	17.49	
144	10/8/13	16.78	17.99	16.54	17.49	5315000	17.49	300164	通源石油	SZ	16.81	16.81	
145	10/7/13	16.81	16.81	16.81	16.81	0	16.81	300164	通源石油	SZ	16.81	16.81	
146	10/4/13	16.81	16.81	16.81	16.81	0	16.81	300164	通源石油	SZ	16.81	16.81	
147	10/3/13	16.81	16.81	16.81	16.81	0	16.81	300164	通源石油	SZ	16.81	16.81	
148	10/2/13	16.81	16.81	16.81	16.81	0	16.81	300164	通源石油	SZ	16.81	16.81	
149	10/1/13	16.81	16.81	16.81	16.81	0	16.81	300164	通源石油	SZ	16.81	16.81	
150	9/30/13	16.65	17.35	16.4	16.81	5123800	16.81	300164	通源石油	SZ	17.01	17.01	
151	9/27/13	17.5	17.94	16.53	17.01	9936200	17.01	300164	通源石油	SZ	17.42	17.42	
152	9/26/13	15.8	17.42	15.6	17.42	12082500	17.42	300164	通源石油	SZ	15.84	15.84	
153	9/25/13	15.03	16	14.98	15.84	4096900	15.84	300164	通源石油	SZ	15.07	15.07	
154	9/24/13	15.02	15.25	14.92	15.07	1262100	15.07	300164	通源石油	SZ	15.11	15.11	
155	9/23/13	14.79	15.25	14.79	15.11	2188200	15.11	300164	通源石油	SZ	14.69	14.69	
156	9/20/13	14.69	14.69	14.69	14.69	0	14.69	300164	通源石油	SZ	14.69	14.69	
157	9/18/13	14.49	14.69	14.49	14.69	648300	14.69	300164	通源石油	SZ	14.56	14.56	
158	9/17/13	14.8	14.85	14.4	14.56	565500	14.56	300164	通源石油	SZ	14.62	14.62	
159	9/16/13	14.71	14.85	14.55	14.62	1140400	14.62	300164	通源石油	SZ	14.7	14.7	
160	9/13/13	14.61	14.83	14.54	14.7	680100	14.7	300164	通源石油	SZ	14.61	14.61	
161	9/12/13	14.75	14.98	14.45	14.61	1265900	14.61	300164	通源石油	SZ	14.76	14.76	
162	9/11/13	15.08	15.3	14.57	14.76	1558400	14.76	300164	通源石油	SZ	15.07	15.07	
163	9/10/13	14.97	15.51	14.35	15.07	2669500	15.07	300164	通源石油	SZ	14.92	14.92	
164	9/9/13	14.91	15.03	14.68	14.92	2160500	14.92	300164	通源石油	SZ	14.9	14.9	
165	9/6/13	15	15.21	14.75	14.9	1097300	14.9	300164	通源石油	SZ	15.13	15.13	
166	9/5/13	14.8	15.15	14.71	15.13	1277400	15.13	300164	通源石油	SZ	14.89	14.89	
167	9/4/13	14.65	14.92	14.64	14.89	1025700	14.89	300164	通源石油	SZ	14.79	14.79	
168	9/3/13	14.58	14.79	14.45	14.79	1883000	14.79	300164	通源石油	SZ	14.58	14.58	
169	9/2/13	15	15	14.28	14.58	3718600	14.58	300164	通源石油	SZ	15.1	15.1	
170	8/30/13	15.5	15.65	14.88	15.1	1349100	15.1	300164	通源石油	SZ	15.42	15.42	
171	8/29/13	15.32	15.66	15.28	15.42	1136700	15.42	300164	通源石油	SZ	15.5	15.5	
172	8/28/13	15.48	15.7	15.15	15.5	1939200	15.5	300164	通源石油	SZ	15.67	15.67	
173	8/27/13	15.6	15.89	15.45	15.67	1426800	15.67	300164	通源石油	SZ	15.78	15.78	
174	8/26/13	15.64	15.95	15.43	15.78	2345200	15.78	300164	通源石油	SZ	15.43	15.43	
175	8/23/13	15.26	15.66	15.17	15.43	2022200	15.43	300164	通源石油	SZ	15.3	15.3	
176	8/22/13	15.3	15.67	15.17	15.3	733100	15.3	300164	通源石油	SZ	15.48	15.48	
177	8/21/13	15.14	15.53	15.07	15.48	1240700	15.48	300164	通源石油	SZ	15.2	15.2	
178	8/20/13	14.6	15.24	14.58	15.2	2186600	15.2	300164	通源石油	SZ	14.71	14.71	
179	8/19/13	14.48	14.89	13.95	14.71	1926500	14.71	300164	通源石油	SZ	14.56	14.56	
180	8/16/13	15.23	15.37	14.55	14.56	2951200	14.56	300164	通源石油	SZ	15.23	15.23	
181	8/15/13	15.1	15.47	15.1	15.23	1687500	15.23	300164	通源石油	SZ	15.2	15.2	
182	8/14/13	15.24	15.28	14.8	15.2	1908500	15.2	300164	通源石油	SZ	15.2	15.2	
183	8/13/13	15.44	15.44	15.1	15.2	1123900	15.2	300164	通源石油	SZ	15.45	15.45	
184	8/12/13	15.4	15.7	15.02	15.45	2321100	15.45	300164	通源石油	SZ	15.46	15.46	
185	8/9/13	15.51	15.74	15.11	15.46	1704600	15.46	300164	通源石油	SZ	15.63	15.63	
186	8/8/13	15.63	15.96	15.38	15.63	1985300	15.63	300164	通源石油	SZ	15.64	15.64	
187	8/7/13	15.77	15.77	15.13	15.64	2864100	15.64	300164	通源石油	SZ	15.77	15.77	
188	8/6/13	15.43	15.92	15.36	15.77	2295500	15.77	300164	通源石油	SZ	15.69	15.69	
189	8/5/13	15.6	15.85	15.1	15.69	2515900	15.69	300164	通源石油	SZ	15.77	15.77	
190	8/2/13	15.62	15.99	15.42	15.77	3878700	15.77	300164	通源石油	SZ	16.03	16.03	
191	8/1/13	15.68	16.53	15.41	16.03	7129700	16.03	300164	通源石油	SZ	15.03	15.03	
192	7/31/13	15	15.3	14.85	15.03	1153800	15.03	300164	通源石油	SZ	14.97	14.97	
193	7/30/13	15.52	15.52	14.23	14.97	1999500	14.97	300164	通源石油	SZ	15.4	15.4	
194	7/29/13	15.6	15.93	15.21	15.4	1338500	15.4	300164	通源石油	SZ	15.68	15.68	
195	7/26/13	15.58	15.96	15.09	15.68	1988400	15.68	300164	通源石油	SZ	15.92	15.92	
196	7/25/13	16.7	16.96	15.5	15.92	4111600	15.92	300164	通源石油	SZ	16.84	16.84	
197	7/24/13	16.8	17.16	16.59	16.84	3350700	16.84	300164	通源石油	SZ	16.99	16.99	
198	7/23/13	16.3	17.3	15.9	16.99	7032700	16.99	300164	通源石油	SZ	16.3	16.3	
199	7/22/13	15.8	16.39	15.4	16.3	4539700	16.3	300164	通源石油	SZ	15.38	15.38	
200	7/19/13	15.3	15.78	15.07	15.38	3219300	15.38	300164	通源石油	SZ	15.4	15.4	
201	7/18/13	15.55	15.55	15.03	15.4	1815600	15.4	300164	通源石油	SZ	15.5	15.5	
202	7/17/13	15.8	15.99	15.35	15.5	3571500	15.5	300164	通源石油	SZ	16.05	16.05	
203	7/16/13	15.69	16.48	15.5	16.05	3181000	16.05	300164	通源石油	SZ	15.69	15.69	
204	7/15/13	14.68	15.83	14.6	15.69	5155400	15.69	300164	通源石油	SZ	14.72	14.72	
205	7/12/13	14.53	15	14.4	14.72	2616500	14.72	300164	通源石油	SZ	14.62	14.62	
206	7/11/13	13.81	14.88	13.81	14.62	2480900	14.62	300164	通源石油	SZ	13.94	13.94	
207	7/10/13	13.43	14.2	13.29	13.94	2238600	13.94	300164	通源石油	SZ	13.45	13.45	
208	7/9/13	13.23	13.55	13.2	13.45	1189200	13.45	300164	通源石油	SZ	13.25	13.25	
209	7/8/13	13.71	13.81	12.85	13.25	2445000	13.25	300164	通源石油	SZ	14.03	14.03	
210	7/5/13	13.8	14.57	13.68	14.03	3249900	14.03	300164	通源石油	SZ	13.9	13.9	
211	7/4/13	14.06	14.19	13.5	13.9	4028000	13.9	300164	通源石油	SZ	14.18	14.18	
212	7/3/13	14.76	14.78	13.82	14.18	2904400	14.18	300164	通源石油	SZ	14.8	14.8	
213	7/2/13	14.91	15.08	14.7	14.8	2398900	14.8	300164	通源石油	SZ	14.84	14.84	
214	7/1/13	14.61	15	14.4	14.84	2566800	14.84	300164	通源石油	SZ	14.83	14.83	
215	6/28/13	14.97	15.38	13.88	14.83	2657000	14.83	300164	通源石油	SZ	15.12	15.12	
216	6/27/13	14.9	15.2	14.3	15.12	3636900	15.12	300164	通源石油	SZ	15	15	
217	6/26/13	13.76	15.29	13.6	15	5908100	15	300164	通源石油	SZ	13.9	13.9	
218	6/25/13	13.49	13.94	12.35	13.9	4708400	13.9	300164	通源石油	SZ	13.7	13.7	
219	6/24/13	14.49	14.49	13.12	13.7	5443600	13.7	300164	通源石油	SZ	14.58	14.58	
220	6/21/13	13.9	14.86	13.71	14.58	3389800	14.58	300164	通源石油	SZ	14.3	14.3	
221	6/20/13	14.1	14.59	13.75	14.3	4207200	14.3	300164	通源石油	SZ	14.3	14.3	
222	6/19/13	14.5	14.51	13.7	14.3	3892200	14.3	300164	通源石油	SZ	14.51	14.51	
223	6/18/13	15.26	15.45	14.28	14.51	5676900	14.51	300164	通源石油	SZ	15.45	15.45	
224	6/17/13	15.33	15.68	15.12	15.45	6063200	15.45	300164	通源石油	SZ	15.5	15.5	
225	6/14/13	14.76	15.74	14.64	15.5	8271200	15.5	300164	通源石油	SZ	14.81	14.81	
226	6/13/13	15.26	15.26	14.18	14.81	10026800	14.81	300164	通源石油	SZ	15.75	15.75	
227	6/12/13	15.75	15.75	15.75	15.75	0	15.75	300164	通源石油	SZ	15.75	15.75	
228	6/11/13	15.75	15.75	15.75	15.75	0	15.75	300164	通源石油	SZ	15.75	15.75	
229	6/10/13	15.75	15.75	15.75	15.75	0	15.75	300164	通源石油	SZ	15.75	15.75	
230	6/7/13	15.93	16.49	15.58	15.75	16566400	15.75	300164	通源石油	SZ	16.14	16.14	
231	6/6/13	15.5	16.29	15.33	16.14	27615600	16.14	300164	通源石油	SZ	15.05	15.05	
232	6/5/13	15.05	15.05	15.05	15.05	4481700	15.05	300164	通源石油	SZ	13.68	13.68	
233	6/4/13	13.68	13.68	13.68	13.68	626800	13.68	300164	通源石油	SZ	12.44	12.44	
234	6/3/13	12.44	12.44	12.44	12.44	281200	12.44	300164	通源石油	SZ	11.44	11.44	
235	5/31/13	11.44	11.44	11.44	11.44	0	11.44	300164	通源石油	SZ	11.44	11.44	
236	5/30/13	11.44	11.44	11.44	11.44	0	11.44	300164	通源石油	SZ	11.44	11.44	
237	5/29/13	11.44	11.44	11.44	11.44	0	11.44	300164	通源石油	SZ	11.44	11.44	
238	5/28/13	11.44	11.44	11.44	11.44	0	11.44	300164	通源石油	SZ	11.44	11.44	
239	5/27/13	11.44	11.44	11.44	11.44	0	11.44	300164	通源石油	SZ	11.44	11.44	
240	5/24/13	11.44	11.44	11.44	11.44	0	11.44	300164	通源石油	SZ	11.44	11.44	
241	5/23/13	11.44	11.44	11.44	11.44	0	11.44	300164	通源石油	SZ	11.44	11.44	
242	5/22/13	11.44	11.44	11.44	11.44	0	11.44	300164	通源石油	SZ	11.44	11.44	
243	5/21/13	11.44	11.44	11.44	11.44	0	11.44	300164	通源石油	SZ	11.44	11.44	
244	5/20/13	11.44	11.44	11.44	11.44	0	11.44	300164	通源石油	SZ	11.44	11.44	
245	5/17/13	11.44	11.44	11.44	11.44	0	11.44	300164	通源石油	SZ	11.45	7.51	
246	5/16/13	11.45	11.45	11.45	11.45	0	7.51	300164	通源石油	SZ	11.45	7.51	
247	5/15/13	11.45	11.45	11.45	11.45	0	7.51	300164	通源石油	SZ	11.45	7.51	
248	5/14/13	11.45	11.45	11.45	11.45	0	7.51	300164	通源石油	SZ	11.45	7.51	
249	5/13/13	11.45	11.45	11.45	11.45	0	7.51	300164	通源石油	SZ	11.45	7.51	
250	5/10/13	11.45	11.45	11.45	11.45	0	7.51	300164	通源石油	SZ	11.45	7.51	
251	5/9/13	11.45	11.45	11.45	11.45	0	7.51	300164	通源石油	SZ	11.45	7.51	
252	5/8/13	11.45	11.45	11.45	11.45	0	7.51	300164	通源石油	SZ	11.45	7.51	
253	5/7/13	11.45	11.45	11.45	11.45	0	7.51	300164	通源石油	SZ	11.45	7.51	
254	5/6/13	11.45	11.45	11.45	11.45	0	7.51	300164	通源石油	SZ	11.45	7.51	
255	5/3/13	11.45	11.45	11.45	11.45	0	7.51	300164	通源石油	SZ	11.45	7.51	
256	5/2/13	11.45	11.45	11.45	11.45	0	7.51	300164	通源石油	SZ	11.45	7.51	
257	5/1/13	11.45	11.45	11.45	11.45	0	7.51	300164	通源石油	SZ	11.45	7.51	
258	4/30/13	11.45	11.45	11.45	11.45	0	7.51	300164	通源石油	SZ	11.45	7.51	
259	4/29/13	11.45	11.45	11.45	11.45	0	7.51	300164	通源石油	SZ	11.45	7.51	
260	4/26/13	11.45	11.45	11.45	11.45	0	7.51	300164	通源石油	SZ	11.45	7.51	
261	4/25/13	11.45	11.45	11.45	11.45	0	7.51	300164	通源石油	SZ	11.45	7.51	
262	4/24/13	11.45	11.45	11.45	11.45	0	7.51	300164	通源石油	SZ	11.45	7.51	
263	4/23/13	11.45	11.45	11.45	11.45	0	7.51	300164	通源石油	SZ	11.45	7.51	
264	4/22/13	11.45	11.45	11.45	11.45	0	7.51	300164	通源石油	SZ	11.45	7.51	
265	4/19/13	11.45	11.45	11.45	11.45	0	7.51	300164	通源石油	SZ	11.45	7.51	
266	4/18/13	11.45	11.45	11.45	11.45	0	7.51	300164	通源石油	SZ	11.45	7.51	
267	4/17/13	11.45	11.45	11.45	11.45	0	7.51	300164	通源石油	SZ	11.45	7.51	
268	4/16/13	11.45	11.45	11.45	11.45	0	7.51	300164	通源石油	SZ	11.45	7.51	
269	4/15/13	11.45	11.45	11.45	11.45	0	7.51	300164	通源石油	SZ	11.45	7.51	
270	4/12/13	11.45	11.45	11.45	11.45	0	7.51	300164	通源石油	SZ	11.45	7.51	
271	4/11/13	11.45	11.45	11.45	11.45	0	7.51	300164	通源石油	SZ	11.45	7.51	
272	4/10/13	11.45	11.45	11.45	11.45	0	7.51	300164	通源石油	SZ	11.45	7.51	
273	4/9/13	11.45	11.45	11.45	11.45	0	7.51	300164	通源石油	SZ	11.45	7.51	
274	4/8/13	11.45	11.45	11.45	11.45	0	7.51	300164	通源石油	SZ	11.45	7.51	
275	4/5/13	11.45	11.45	11.45	11.45	0	7.51	300164	通源石油	SZ	11.45	7.51	
276	4/4/13	11.45	11.45	11.45	11.45	0	7.51	300164	通源石油	SZ	11.45	7.51	
277	4/3/13	11.45	11.45	11.45	11.45	0	7.51	300164	通源石油	SZ	11.45	7.51	
278	4/2/13	11.45	11.45	11.45	11.45	0	7.51	300164	通源石油	SZ	11.45	7.51	
279	4/1/13	11.45	11.45	11.45	11.45	0	7.51	300164	通源石油	SZ	11.45	7.51	
280	3/29/13	11.45	11.45	11.45	11.45	0	7.51	300164	通源石油	SZ	11.45	7.51	
281	3/28/13	11.45	11.45	11.45	11.45	0	7.51	300164	通源石油	SZ	11.45	7.51	
282	3/27/13	11.45	11.45	11.45	11.45	0	7.51	300164	通源石油	SZ	11.45	7.51	
283	3/26/13	11.45	11.45	11.45	11.45	0	7.51	300164	通源石油	SZ	11.45	7.51	
284	3/25/13	11.45	11.45	11.45	11.45	0	7.51	300164	通源石油	SZ	11.45	7.51	
285	3/22/13	11.45	11.45	11.45	11.45	0	7.51	300164	通源石油	SZ	11.45	7.51	
286	3/21/13	11.45	11.45	11.45	11.45	0	7.51	300164	通源石油	SZ	11.45	7.51	
287	3/20/13	11.45	11.45	11.45	11.45	0	7.51	300164	通源石油	SZ	11.45	7.51	
288	3/19/13	11.45	11.45	11.45	11.45	0	7.51	300164	通源石油	SZ	11.45	7.51	
289	3/18/13	11.45	11.45	11.45	11.45	0	7.51	300164	通源石油	SZ	11.45	7.51	
290	3/15/13	11.45	11.45	11.45	11.45	0	7.51	300164	通源石油	SZ	11.45	7.51	
291	3/14/13	11.45	11.45	11.45	11.45	0	7.51	300164	通源石油	SZ	11.45	7.51	
292	3/13/13	11.45	11.45	11.45	11.45	0	7.51	300164	通源石油	SZ	11.45	7.51	
293	3/12/13	11.45	11.45	11.45	11.45	0	7.51	300164	通源石油	SZ	11.45	7.51	
294	3/11/13	11.45	11.45	11.45	11.45	0	7.51	300164	通源石油	SZ	11.45	7.51	
295	3/8/13	11.45	11.45	11.45	11.45	0	7.51	300164	通源石油	SZ	11.45	7.51	
296	3/7/13	11.45	11.45	11.45	11.45	0	7.51	300164	通源石油	SZ	11.45	7.51	
297	3/6/13	11.45	11.45	11.45	11.45	0	7.51	300164	通源石油	SZ	11.45	7.51	
298	3/5/13	11.45	11.45	11.45	11.45	0	7.51	300164	通源石油	SZ	11.45	7.51	
299	3/4/13	11.45	11.45	11.45	11.45	0	7.51	300164	通源石油	SZ	11.45	7.51	
300	3/1/13	11.45	11.45	11.45	11.45	0	7.51	300164	通源石油	SZ	11.45	7.51	
301	2/28/13	11.45	11.45	11.45	11.45	0	7.51	300164	通源石油	SZ	11.45	7.51	
302	2/27/13	11.45	11.45	11.45	11.45	0	7.51	300164	通源石油	SZ	11.45	7.51	
303	2/26/13	11.45	11.45	11.45	11.45	0	7.51	300164	通源石油	SZ	11.45	7.51	
304	2/25/13	11.45	11.45	11.45	11.45	0	7.51	300164	通源石油	SZ	11.45	7.51	
305	2/22/13	11.45	11.45	11.45	11.45	0	7.51	300164	通源石油	SZ	11.45	7.51	
306	2/21/13	11.45	11.45	11.45	11.45	0	7.51	300164	通源石油	SZ	11.45	7.51	
307	2/20/13	11.45	11.45	11.45	11.45	0	7.51	300164	通源石油	SZ	11.45	7.51	
308	2/19/13	11.45	11.45	11.45	11.45	0	7.51	300164	通源石油	SZ	11.45	7.51	
309	2/18/13	11.45	11.45	11.45	11.45	0	7.51	300164	通源石油	SZ	11.45	7.51	
310	2/15/13	11.45	11.45	11.45	11.45	0	7.51	300164	通源石油	SZ	11.45	7.51	
311	2/14/13	11.45	11.45	11.45	11.45	0	7.51	300164	通源石油	SZ	11.45	7.51	
312	2/13/13	11.45	11.45	11.45	11.45	0	7.51	300164	通源石油	SZ	11.45	7.51	
313	2/12/13	11.45	11.45	11.45	11.45	0	7.51	300164	通源石油	SZ	11.45	7.51	
314	2/11/13	11.45	11.45	11.45	11.45	0	7.51	300164	通源石油	SZ	11.45	7.51	
315	2/8/13	11.45	11.45	11.45	11.45	0	7.51	300164	通源石油	SZ	11.45	7.51	
316	2/7/13	11.45	11.45	11.45	11.45	0	7.51	300164	通源石油	SZ	11.45	7.51	
317	2/6/13	11.45	11.45	11.45	11.45	0	7.51	300164	通源石油	SZ	11.45	7.51	
318	2/5/13	11.45	11.45	11.45	11.45	0	7.51	300164	通源石油	SZ	11.45	7.51	
319	2/4/13	11.45	11.45	11.45	11.45	0	7.51	300164	通源石油	SZ	11.45	7.51	
320	2/1/13	10.99	11.56	10.87	11.45	5549000	7.51	300164	通源石油	SZ	10.97	7.2	
321	1/31/13	11	11.03	10.71	10.97	1656800	7.2	300164	通源石油	SZ	11.05	7.25	
322	1/30/13	10.8	11.23	10.8	11.05	3991800	7.25	300164	通源石油	SZ	10.74	7.05	
323	1/29/13	10.55	10.97	10.48	10.74	3444900	7.05	300164	通源石油	SZ	10.59	6.95	
324	1/28/13	10	10.77	10	10.59	7642500	6.95	300164	通源石油	SZ	10.86	7.13	
325	1/25/13	10.64	10.95	10.57	10.86	1148700	7.13	300164	通源石油	SZ	10.61	6.96	
326	1/24/13	10.99	11.13	10.6	10.61	2431400	6.96	300164	通源石油	SZ	11.09	7.28	
327	1/23/13	10.97	11.25	10.87	11.09	2859300	7.28	300164	通源石油	SZ	10.95	7.19	
328	1/22/13	11.17	11.63	10.91	10.95	5228700	7.19	300164	通源石油	SZ	11.18	7.34	
329	1/21/13	11.17	11.27	11.02	11.18	2783100	7.34	300164	通源石油	SZ	11.21	7.36	
330	1/18/13	11.29	11.29	10.9	11.21	4078600	7.36	300164	通源石油	SZ	11.15	7.32	
331	1/17/13	10.67	11.35	10.66	11.15	7182800	7.32	300164	通源石油	SZ	10.61	6.96	
332	1/16/13	10.81	10.87	10.51	10.61	3055100	6.96	300164	通源石油	SZ	10.85	7.12	
333	1/15/13	10.67	11.03	10.6	10.85	5762400	7.12	300164	通源石油	SZ	10.71	7.03	
334	1/14/13	10.17	10.77	10.05	10.71	8111400	7.03	300164	通源石油	SZ	10.17	6.67	
335	1/11/13	10.51	10.74	10.09	10.17	2882100	6.67	300164	通源石油	SZ	10.41	6.83	
336	1/10/13	10.61	10.67	10.33	10.41	1880900	6.83	300164	通源石油	SZ	10.6	6.96	
337	1/9/13	10.77	10.99	10.55	10.6	2727300	6.96	300164	通源石油	SZ	10.77	7.06	
338	1/8/13	10.52	10.8	10.47	10.77	1590100	7.06	300164	通源石油	SZ	10.56	6.93	
339	1/7/13	10.35	10.6	10.26	10.56	817400	6.93	300164	通源石油	SZ	10.41	6.83	
340	1/4/13	10.33	10.45	10.23	10.41	1393000	6.83	300164	通源石油	SZ	10.27	6.74	
341	1/3/13	10.27	10.27	10.27	10.27	0	6.74	300164	通源石油	SZ	10.27	6.74	
342	1/2/13	10.27	10.27	10.27	10.27	0	6.74	300164	通源石油	SZ	10.27	6.74	
343	1/1/13	10.27	10.27	10.27	10.27	0	6.74	300164	通源石油	SZ	10.27	6.74	
344	12/31/12	10.43	10.53	10.09	10.27	3163000	6.74	300164	通源石油	SZ	10.43	6.85	
345	12/28/12	10.53	10.6	10.21	10.43	1901200	6.85	300164	通源石油	SZ	10.6	6.96	
346	12/27/12	10.8	10.89	10.52	10.6	1236700	6.96	300164	通源石油	SZ	10.63	6.98	
347	12/26/12	10.28	10.73	10.28	10.63	1183600	6.98	300164	通源石油	SZ	10.33	6.78	
348	12/25/12	10.13	10.37	9.97	10.33	2325200	6.78	300164	通源石油	SZ	10.11	6.64	
349	12/24/12	10.2	10.37	10.07	10.11	974200	6.64	300164	通源石油	SZ	10.25	6.72	
350	12/21/12	10.1	10.33	10.01	10.25	1389900	6.72	300164	通源石油	SZ	10.1	6.63	
351	12/20/12	9.93	10.23	9.75	10.1	1130400	6.63	300164	通源石油	SZ	10.01	6.57	
352	12/19/12	9.83	10.31	9.8	10.01	1531100	6.57	300164	通源石油	SZ	9.9	6.5	
353	12/18/12	9.77	9.97	9.67	9.9	1409200	6.5	300164	通源石油	SZ	9.75	6.4	
354	12/17/12	9.61	9.79	9.53	9.75	1428100	6.4	300164	通源石油	SZ	9.61	6.3	
355	12/14/12	9.2	9.63	9.19	9.61	2043200	6.3	300164	通源石油	SZ	9.21	6.04	
356	12/13/12	9.47	9.52	9.16	9.21	1503200	6.04	300164	通源石油	SZ	9.55	6.26	
357	12/12/12	9.47	9.62	9.35	9.55	1042100	6.26	300164	通源石油	SZ	9.48	6.22	
358	12/11/12	9.5	9.6	9.44	9.48	928800	6.22	300164	通源石油	SZ	9.68	6.35	
359	12/10/12	9.49	9.73	9.39	9.68	2613100	6.35	300164	通源石油	SZ	9.41	6.18	
360	12/7/12	9.4	9.47	9.24	9.41	1345900	6.18	300164	通源石油	SZ	9.31	6.11	
361	12/6/12	9.37	9.53	9.25	9.31	567500	6.11	300164	通源石油	SZ	9.47	6.21	
362	12/5/12	9.19	9.61	9.07	9.47	984100	6.21	300164	通源石油	SZ	9.19	6.03	
363	12/4/12	9.07	9.2	8.91	9.19	567300	6.03	300164	通源石油	SZ	9.02	5.92	
364	12/3/12	9.33	9.33	9	9.02	258100	5.92	300164	通源石油	SZ	9.27	6.09	
365	11/30/12	9.03	9.33	9.03	9.27	680500	6.09	300164	通源石油	SZ	8.99	5.9	
366	11/29/12	9.23	9.43	8.93	8.99	353400	5.9	300164	通源石油	SZ	9.27	6.08	
367	11/28/12	9.23	9.53	9	9.27	478200	6.08	300164	通源石油	SZ	9.35	6.13	
368	11/27/12	9.73	9.73	9.33	9.35	942000	6.13	300164	通源石油	SZ	9.82	6.44	
369	11/26/12	10.12	10.33	9.81	9.82	509900	6.44	300164	通源石油	SZ	10.3	6.76	
370	11/23/12	10.4	10.73	10.27	10.3	441500	6.76	300164	通源石油	SZ	10.39	6.82	
371	11/22/12	10.5	10.57	10.27	10.39	314800	6.82	300164	通源石油	SZ	10.42	6.84	
372	11/21/12	10.59	10.59	10.31	10.42	495300	6.84	300164	通源石油	SZ	10.55	6.92	
373	11/20/12	10.59	10.63	10.49	10.55	404500	6.92	300164	通源石油	SZ	10.53	6.91	
374	11/19/12	10.61	10.71	10.43	10.53	354700	6.91	300164	通源石油	SZ	10.57	6.94	
375	11/16/12	10.65	10.83	10.35	10.57	450900	6.94	300164	通源石油	SZ	10.53	6.91	
376	11/15/12	10.33	10.75	10.23	10.53	646100	6.91	300164	通源石油	SZ	10.47	6.87	
377	11/14/12	10.19	10.53	10.19	10.47	714100	6.87	300164	通源石油	SZ	10.52	6.9	
378	11/13/12	10.91	10.91	10.45	10.52	308400	6.9	300164	通源石油	SZ	10.87	7.13	
379	11/12/12	10.56	10.88	10.56	10.87	399900	7.13	300164	通源石油	SZ	10.67	7	
380	11/9/12	10.65	10.81	10.59	10.67	205100	7	300164	通源石油	SZ	10.71	7.03	
381	11/8/12	10.93	11.05	10.53	10.71	860200	7.03	300164	通源石油	SZ	11.06	7.26	
382	11/7/12	11.07	11.1	10.87	11.06	844500	7.26	300164	通源石油	SZ	11.07	7.26	
383	11/6/12	10.97	11.25	10.91	11.07	3083700	7.26	300164	通源石油	SZ	10.77	7.06	
384	11/5/12	10.79	10.93	10.71	10.77	540200	7.06	300164	通源石油	SZ	10.93	7.17	
385	11/2/12	10.87	10.96	10.79	10.93	552900	7.17	300164	通源石油	SZ	10.89	7.14	
386	11/1/12	10.92	10.99	10.69	10.89	833500	7.14	300164	通源石油	SZ	10.82	7.1	
387	10/31/12	11.2	11.2	10.73	10.82	1082700	7.1	300164	通源石油	SZ	11.18	7.34	
388	10/30/12	10.83	11.24	10.63	11.18	1062800	7.34	300164	通源石油	SZ	10.69	7.01	
389	10/29/12	10.52	10.79	10.52	10.69	598900	7.01	300164	通源石油	SZ	10.52	6.9	
390	10/26/12	10.63	10.67	10.13	10.52	1052400	6.9	300164	通源石油	SZ	10.67	7	
391	10/25/12	10.73	10.86	10.61	10.67	1045300	7	300164	通源石油	SZ	10.63	6.97	
392	10/24/12	11.14	11.42	10.61	10.63	1648000	6.97	300164	通源石油	SZ	11.37	7.46	
393	10/23/12	11.59	11.64	11.33	11.37	969900	7.46	300164	通源石油	SZ	11.53	7.57	
394	10/22/12	11.33	11.73	11.21	11.53	2049900	7.57	300164	通源石油	SZ	11.37	7.46	
395	10/19/12	11.27	11.4	11.23	11.37	886900	7.46	300164	通源石油	SZ	11.27	7.4	
396	10/18/12	11.1	11.31	11.1	11.27	989700	7.4	300164	通源石油	SZ	11.07	7.26	
397	10/17/12	11.12	11.2	10.91	11.07	1222000	7.26	300164	通源石油	SZ	11.17	7.33	
398	10/16/12	10.97	11.17	10.88	11.17	969800	7.33	300164	通源石油	SZ	10.96	7.19	
399	10/15/12	11.15	11.19	10.68	10.96	957000	7.19	300164	通源石油	SZ	11.29	7.41	
400	10/12/12	11.12	11.32	11.05	11.29	610700	7.41	300164	通源石油	SZ	11.03	7.24	
401	10/11/12	11.37	11.37	10.97	11.03	1359500	7.24	300164	通源石油	SZ	11.37	7.46	
402	10/10/12	11.2	11.45	11.14	11.37	1225100	7.46	300164	通源石油	SZ	11.27	7.39	
403	10/9/12	11.13	11.55	11.08	11.27	1520200	7.39	300164	通源石油	SZ	11.14	7.31	
404	10/8/12	10.63	11.19	10.55	11.14	2015800	7.31	300164	通源石油	SZ	10.65	6.99	
405	10/5/12	10.65	10.65	10.65	10.65	0	6.99	300164	通源石油	SZ	10.65	6.99	
406	10/4/12	10.65	10.65	10.65	10.65	0	6.99	300164	通源石油	SZ	10.65	6.99	
407	10/3/12	10.65	10.65	10.65	10.65	0	6.99	300164	通源石油	SZ	10.65	6.99	
408	10/2/12	10.65	10.65	10.65	10.65	0	6.99	300164	通源石油	SZ	10.65	6.99	
409	10/1/12	10.65	10.65	10.65	10.65	0	6.99	300164	通源石油	SZ	10.65	6.99	
410	9/28/12	10.53	10.67	10.41	10.65	1273900	6.99	300164	通源石油	SZ	10.6	6.96	
411	9/27/12	10.24	10.64	10.13	10.6	2101100	6.96	300164	通源石油	SZ	10.28	6.75	
412	9/26/12	10.78	10.78	10.06	10.28	2164400	6.75	300164	通源石油	SZ	10.78	7.07	
413	9/25/12	10.61	10.9	10.61	10.78	633900	7.07	300164	通源石油	SZ	10.73	7.04	
414	9/24/12	10.55	10.78	10.55	10.73	1383600	7.04	300164	通源石油	SZ	10.6	6.96	
415	9/21/12	11	11.23	10.57	10.6	1632900	6.96	300164	通源石油	SZ	11.03	7.24	
416	9/20/12	11.53	11.54	10.94	11.03	1246200	7.24	300164	通源石油	SZ	11.52	7.56	
417	9/19/12	11.61	11.73	11.39	11.52	1093300	7.56	300164	通源石油	SZ	11.4	7.48	
418	9/18/12	11.34	11.51	11.29	11.4	796300	7.48	300164	通源石油	SZ	11.4	7.48	
419	9/17/12	11.76	11.77	11.36	11.4	1440900	7.48	300164	通源石油	SZ	11.71	7.69	
420	9/14/12	12.32	12.43	11.47	11.71	2804800	7.69	300164	通源石油	SZ	12.14	7.97	
421	9/13/12	12.15	12.47	12	12.14	2558700	7.97	300164	通源石油	SZ	12.15	7.97	
422	9/12/12	12.1	12.27	12.01	12.15	2186000	7.97	300164	通源石油	SZ	12.1	7.94	
423	9/11/12	12.49	12.67	11.99	12.1	3261500	7.94	300164	通源石油	SZ	12.46	8.18	
424	9/10/12	11.87	12.55	11.79	12.46	4026300	8.18	300164	通源石油	SZ	12.13	7.96	
425	9/7/12	11.77	12.27	11.65	12.13	3057200	7.96	300164	通源石油	SZ	11.61	7.62	
426	9/6/12	11.71	11.92	11.47	11.61	1000400	7.62	300164	通源石油	SZ	11.61	7.62	
427	9/5/12	11.47	11.87	11.43	11.61	786000	7.62	300164	通源石油	SZ	11.57	7.59	
428	9/4/12	11.71	12.06	11.57	11.57	1097000	7.59	300164	通源石油	SZ	11.71	7.69	
429	9/3/12	11.15	11.73	11.07	11.71	1554900	7.69	300164	通源石油	SZ	11.15	7.31	
430	8/31/12	10.88	11.25	10.88	11.15	1427700	7.31	300164	通源石油	SZ	10.91	7.16	
431	8/30/12	11.65	11.65	10.71	10.91	3756800	7.16	300164	通源石油	SZ	11.65	7.64	
432	8/29/12	11.79	12.07	11.59	11.65	805500	7.64	300164	通源石油	SZ	11.82	7.76	
433	8/28/12	11.44	11.92	11.43	11.82	1500900	7.76	300164	通源石油	SZ	11.6	7.61	
434	8/27/12	11.71	12.19	11.43	11.6	3233600	7.61	300164	通源石油	SZ	11.7	7.68	
435	8/24/12	12.15	12.15	11.7	11.7	2503700	7.68	300164	通源石油	SZ	12.23	8.02	
436	8/23/12	12.33	12.53	12.08	12.23	3187500	8.02	300164	通源石油	SZ	12.55	8.23	
437	8/22/12	12.05	12.71	12	12.55	4653900	8.23	300164	通源石油	SZ	12.04	7.9	
438	8/21/12	11.97	12.43	11.85	12.04	4228700	7.9	300164	通源石油	SZ	11.99	7.87	
439	8/20/12	11.53	12.05	11.44	11.99	2011100	7.87	300164	通源石油	SZ	11.68	7.66	
440	8/17/12	11.59	11.95	11.46	11.68	3260300	7.66	300164	通源石油	SZ	11.67	7.66	
441	8/16/12	11.79	11.9	11.67	11.67	1454800	7.66	300164	通源石油	SZ	11.96	7.85	
442	8/15/12	12.31	12.57	11.92	11.96	3703900	7.85	300164	通源石油	SZ	12.32	8.08	
443	8/14/12	11.81	12.53	11.73	12.32	5491200	8.08	300164	通源石油	SZ	11.81	7.75	
444	8/13/12	12.39	12.39	11.81	11.81	3108600	7.75	300164	通源石油	SZ	12.42	8.15	
445	8/10/12	12.17	12.73	12.17	12.42	3686900	8.15	300164	通源石油	SZ	12.25	8.04	
446	8/9/12	11.65	12.45	11.63	12.25	4449100	8.04	300164	通源石油	SZ	11.68	7.66	
447	8/8/12	11.77	11.87	11.53	11.68	1941400	7.66	300164	通源石油	SZ	11.88	7.8	
448	8/7/12	11.57	12.09	11.47	11.88	5730700	7.8	300164	通源石油	SZ	11.61	7.62	
449	8/6/12	11.27	11.72	11.13	11.61	3925500	7.62	300164	通源石油	SZ	11.34	7.44	
450	8/3/12	10.78	11.57	10.77	11.34	5857000	7.44	300164	通源石油	SZ	10.78	7.07	
451	8/2/12	10.67	10.87	10.61	10.78	2177300	7.07	300164	通源石油	SZ	10.85	7.12	
452	8/1/12	10.15	10.85	10.12	10.85	2470700	7.12	300164	通源石油	SZ	10.03	6.58	
453	7/31/12	10.2	10.2	9.97	10.03	986300	6.58	300164	通源石油	SZ	10.2	6.69	
454	7/30/12	10.26	10.57	10.11	10.2	1419200	6.69	300164	通源石油	SZ	10.35	6.79	
455	7/27/12	10.5	10.56	10.27	10.35	894600	6.79	300164	通源石油	SZ	10.41	6.83	
456	7/26/12	10.93	10.97	10.27	10.41	2467100	6.83	300164	通源石油	SZ	10.8	7.09	
457	7/25/12	10.48	10.99	10.37	10.8	2857400	7.09	300164	通源石油	SZ	10.59	6.95	
458	7/24/12	10.2	10.73	10.18	10.59	1767800	6.95	300164	通源石油	SZ	10.29	6.75	
459	7/23/12	10.21	10.54	10.11	10.29	1442600	6.75	300164	通源石油	SZ	10.41	6.83	
460	7/20/12	10.35	10.8	10.2	10.41	2946700	6.83	300164	通源石油	SZ	10.39	6.82	
461	7/19/12	10.12	10.49	10.02	10.39	2479800	6.82	300164	通源石油	SZ	10.14	6.65	
462	7/18/12	9.69	10.33	9.54	10.14	3254200	6.65	300164	通源石油	SZ	9.8	6.43	
463	7/17/12	9.37	9.89	9.37	9.8	1185100	6.43	300164	通源石油	SZ	9.57	6.28	
464	7/16/12	9.8	9.97	9.33	9.57	1430800	6.28	300164	通源石油	SZ	9.56	6.27	
465	7/13/12	9.54	9.72	9.54	9.56	628900	6.27	300164	通源石油	SZ	9.54	6.26	
466	7/12/12	9.33	9.64	9.26	9.54	552900	6.26	300164	通源石油	SZ	9.39	6.16	
467	7/11/12	9.27	9.4	9.21	9.39	704800	6.16	300164	通源石油	SZ	9.23	6.06	
468	7/10/12	9.47	9.58	9.23	9.23	1043200	6.06	300164	通源石油	SZ	9.5	6.23	
469	7/9/12	10.04	10.04	9.49	9.5	1985600	6.23	300164	通源石油	SZ	10.1	6.63	
470	7/6/12	10.3	10.3	9.62	10.1	1881800	6.63	300164	通源石油	SZ	10.1	6.63	
471	7/5/12	10.09	10.23	9.84	10.1	1408700	6.63	300164	通源石油	SZ	10	6.56	
472	7/4/12	10.47	10.52	9.93	10	3129100	6.56	300164	通源石油	SZ	10.34	6.78	
473	7/3/12	9.81	10.34	9.75	10.34	4979400	6.78	300164	通源石油	SZ	9.74	6.39	
474	7/2/12	9.86	9.93	9.67	9.74	1658700	6.39	300164	通源石油	SZ	9.74	6.39	
475	6/29/12	9.92	9.93	9.47	9.74	2294200	6.39	300164	通源石油	SZ	9.87	6.48	
476	6/28/12	10.31	10.39	9.87	9.87	4658500	6.48	300164	通源石油	SZ	10.5	6.89	
477	6/27/12	9.83	10.78	9.83	10.5	9257000	6.89	300164	通源石油	SZ	9.8	6.43	
478	6/26/12	9.41	9.99	9.41	9.8	808400	6.43	300164	通源石油	SZ	9.7	6.36	
479	6/25/12	9.89	9.89	9.53	9.7	547500	6.36	300164	通源石油	SZ	9.97	6.54	
480	6/22/12	9.97	9.97	9.97	9.97	0	6.54	300164	通源石油	SZ	9.97	6.54	
481	6/21/12	10.07	10.07	9.83	9.97	597500	6.54	300164	通源石油	SZ	10.08	6.61	
482	6/20/12	10.01	10.26	9.98	10.08	1374000	6.61	300164	通源石油	SZ	10.07	6.61	
483	6/19/12	10.12	10.32	10.01	10.07	445900	6.61	300164	通源石油	SZ	10.12	6.64	
484	6/18/12	9.89	10.31	9.89	10.12	1526300	6.64	300164	通源石油	SZ	9.89	6.49	
485	6/15/12	9.78	10.01	9.73	9.89	264300	6.49	300164	通源石油	SZ	9.85	6.46	
486	6/14/12	9.96	10.1	9.67	9.85	706200	6.46	300164	通源石油	SZ	9.96	6.54	
487	6/13/12	9.56	9.97	9.45	9.96	668200	6.54	300164	通源石油	SZ	9.6	6.3	
488	6/12/12	9.43	9.63	9.16	9.6	974000	6.3	300164	通源石油	SZ	9.5	6.23	
489	6/11/12	9.33	9.65	9.33	9.5	394200	6.23	300164	通源石油	SZ	9.36	6.14	
490	6/8/12	9.2	9.4	9.2	9.36	451800	6.14	300164	通源石油	SZ	9.25	6.07	
491	6/7/12	9.33	9.37	9.21	9.25	228100	6.07	300164	通源石油	SZ	9.29	6.09	
492	6/6/12	9.52	9.6	9.2	9.29	330900	6.09	300164	通源石油	SZ	9.34	6.13	
493	6/5/12	9.47	9.59	9.3	9.34	408200	6.13	300164	通源石油	SZ	9.5	6.23	
494	6/4/12	9.64	9.64	9.41	9.5	392200	6.23	300164	通源石油	SZ	9.87	6.47	
495	6/1/12	9.76	10.33	9.68	9.87	461800	6.47	300164	通源石油	SZ	9.75	6.4	
496	5/31/12	9.61	9.79	9.55	9.75	778300	6.4	300164	通源石油	SZ	9.69	6.36	
497	5/30/12	9.75	9.78	9.65	9.69	278000	6.36	300164	通源石油	SZ	9.76	6.4	
498	5/29/12	9.63	9.79	9.6	9.76	884200	6.4	300164	通源石油	SZ	9.67	6.34	
499	5/28/12	9.39	9.73	9.21	9.67	705100	6.34	300164	通源石油	SZ	9.52	6.25	
500	5/25/12	9.99	10	9.52	9.52	1014900	6.25	300164	通源石油	SZ	9.99	6.56	
501	5/24/12	10.01	10.1	9.95	9.99	631900	6.56	300164	通源石油	SZ	10.09	6.62	
502	5/23/12	10.15	10.23	9.97	10.09	542700	6.62	300164	通源石油	SZ	10.14	6.65	
503	5/22/12	10.07	10.25	10.07	10.14	543100	6.65	300164	通源石油	SZ	10.14	6.65	
504	5/21/12	9.95	10.22	9.93	10.14	843700	6.65	300164	通源石油	SZ	9.99	6.56	
505	5/18/12	10.37	10.41	9.8	9.99	1346200	6.56	300164	通源石油	SZ	10.42	6.84	
506	5/17/12	10.24	10.53	10.24	10.42	1349700	6.84	300164	通源石油	SZ	10.48	3.35	
507	5/16/12	10.53	10.53	10.32	10.48	1361500	3.35	300164	通源石油	SZ	10.47	3.35	
508	5/15/12	10.29	10.49	10.29	10.47	1094300	3.35	300164	通源石油	SZ	10.48	3.35	
509	5/14/12	10.4	10.57	10.27	10.48	1009100	3.35	300164	通源石油	SZ	10.34	3.31	
510	5/11/12	10.43	10.49	10.29	10.34	810600	3.31	300164	通源石油	SZ	10.48	3.35	
511	5/10/12	10.59	10.59	10.4	10.48	1046100	3.35	300164	通源石油	SZ	10.4	3.32	
512	5/9/12	10.54	10.57	10.27	10.4	1297300	3.32	300164	通源石油	SZ	10.54	3.37	
513	5/8/12	10.43	10.87	10.28	10.54	3152600	3.37	300164	通源石油	SZ	10.45	3.34	
514	5/7/12	10.27	10.5	10.04	10.45	2164500	3.34	300164	通源石油	SZ	10.26	3.28	
515	5/4/12	9.93	10.32	9.93	10.26	1266400	3.28	300164	通源石油	SZ	9.94	3.18	
516	5/3/12	9.87	10.13	9.87	9.94	1538700	3.18	300164	通源石油	SZ	10.02	3.2	
517	5/2/12	10.12	10.13	9.78	10.02	1582800	3.2	300164	通源石油	SZ	9.78	3.13	
518	5/1/12	9.78	9.78	9.78	9.78	0	3.13	300164	通源石油	SZ	9.78	3.13	
519	4/30/12	9.78	9.78	9.78	9.78	0	3.13	300164	通源石油	SZ	9.78	3.13	
520	4/27/12	9.67	9.95	9.57	9.78	834600	3.13	300164	通源石油	SZ	9.63	3.08	
521	4/26/12	9.76	9.79	9.63	9.63	972500	3.08	300164	通源石油	SZ	9.73	3.11	
522	4/25/12	9.67	9.79	9.6	9.73	875100	3.11	300164	通源石油	SZ	9.69	3.1	
523	4/24/12	9.68	10.14	9.5	9.69	1292900	3.1	300164	通源石油	SZ	9.9	3.17	
524	4/23/12	10	10.09	9.83	9.9	1948300	3.17	300164	通源石油	SZ	10.17	3.25	
525	4/20/12	10.08	10.25	10.07	10.17	1482200	3.25	300164	通源石油	SZ	10.13	3.24	
526	4/19/12	9.86	10.29	9.78	10.13	3787200	3.24	300164	通源石油	SZ	9.86	3.15	
527	4/18/12	9.65	9.87	9.65	9.86	841600	3.15	300164	通源石油	SZ	9.59	3.07	
528	4/17/12	9.69	9.87	9.56	9.59	1188200	3.07	300164	通源石油	SZ	9.72	3.11	
529	4/16/12	9.83	9.83	9.67	9.72	807300	3.11	300164	通源石油	SZ	9.83	3.14	
530	4/13/12	9.6	9.83	9.57	9.83	1922900	3.14	300164	通源石油	SZ	9.64	3.08	
531	4/12/12	9.42	9.66	9.41	9.64	1678800	3.08	300164	通源石油	SZ	9.37	3	
532	4/11/12	9.38	9.47	9.12	9.37	651300	3	300164	通源石油	SZ	9.45	3.02	
533	4/10/12	9.34	9.46	9.09	9.45	1005000	3.02	300164	通源石油	SZ	9.43	3.02	
534	4/9/12	9.45	9.72	9.17	9.43	1479200	3.02	300164	通源石油	SZ	9.48	3.03	
535	4/6/12	9.51	9.56	9.39	9.48	1344100	3.03	300164	通源石油	SZ	9.47	3.03	
536	4/5/12	9.13	9.47	9.09	9.47	1976900	3.03	300164	通源石油	SZ	9.11	2.91	
537	4/4/12	9.11	9.11	9.11	9.11	0	2.91	300164	通源石油	SZ	9.11	2.91	
538	4/3/12	9.11	9.11	9.11	9.11	0	2.91	300164	通源石油	SZ	9.11	2.91	
539	4/2/12	9.11	9.11	9.11	9.11	0	2.91	300164	通源石油	SZ	9.11	2.91	
540	3/30/12	9.34	9.5	8.84	9.11	3431900	2.91	300164	通源石油	SZ	9.5	3.04	
541	3/29/12	9.87	9.94	9.5	9.5	3274800	3.04	300164	通源石油	SZ	10.54	3.37	
542	3/28/12	10.54	10.54	10.54	10.54	0	3.37	300164	通源石油	SZ	10.54	3.37	
543	3/27/12	10.71	10.77	10.5	10.54	1416700	3.37	300164	通源石油	SZ	10.63	3.4	
544	3/26/12	10.63	10.72	10.5	10.63	1433800	3.4	300164	通源石油	SZ	10.72	3.43	
545	3/23/12	11.1	11.1	10.6	10.72	3265500	3.43	300164	通源石油	SZ	11.12	3.55	
546	3/22/12	10.87	11.26	10.74	11.12	7468800	3.55	300164	通源石油	SZ	10.88	3.48	
547	3/21/12	10.55	10.89	10.44	10.88	5074500	3.48	300164	通源石油	SZ	10.55	3.37	
548	3/20/12	10.83	10.86	10.53	10.55	5034000	3.37	300164	通源石油	SZ	10.78	3.45	
549	3/19/12	10.83	11	10.39	10.78	7859200	3.45	300164	通源石油	SZ	10.35	3.31	
550	3/16/12	9.97	10.39	9.97	10.35	2884200	3.31	300164	通源石油	SZ	9.97	3.19	
551	3/15/12	10	10.12	9.87	9.97	1939100	3.19	300164	通源石油	SZ	9.95	3.18	
552	3/14/12	10.55	10.66	9.68	9.95	4581200	3.18	300164	通源石油	SZ	10.5	3.36	
553	3/13/12	10.47	10.51	10.38	10.5	2113500	3.36	300164	通源石油	SZ	10.46	3.34	
554	3/12/12	10.42	10.47	10.3	10.46	2867800	3.34	300164	通源石油	SZ	10.4	3.32	
555	3/9/12	10.39	10.41	10.25	10.4	2061900	3.32	300164	通源石油	SZ	10.3	3.29	
556	3/8/12	10.18	10.33	10.18	10.3	1888500	3.29	300164	通源石油	SZ	10.18	3.25	
557	3/7/12	10.19	10.38	10.16	10.18	2486800	3.25	300164	通源石油	SZ	10.32	3.3	
558	3/6/12	10.27	10.41	10.25	10.32	2855500	3.3	300164	通源石油	SZ	10.31	3.3	
559	3/5/12	10.37	10.5	10.26	10.31	4949900	3.3	300164	通源石油	SZ	10.47	3.35	
560	3/2/12	10.63	10.63	10.17	10.47	7757600	3.35	300164	通源石油	SZ	10.54	3.37	
561	3/1/12	10.37	10.63	10.23	10.54	2931300	3.37	300164	通源石油	SZ	10.33	3.3	
562	2/29/12	10.68	10.72	10.3	10.33	2980600	3.3	300164	通源石油	SZ	10.67	3.41	
563	2/28/12	10.67	10.83	10.53	10.67	3170800	3.41	300164	通源石油	SZ	10.72	3.43	
564	2/27/12	10.48	10.86	10.4	10.72	4497800	3.43	300164	通源石油	SZ	10.39	3.32	
565	2/24/12	10.21	10.53	10.2	10.39	2442300	3.32	300164	通源石油	SZ	10.25	3.28	
566	2/23/12	10.22	10.44	10.18	10.25	2999600	3.28	300164	通源石油	SZ	10.18	3.25	
567	2/22/12	10.01	10.29	10	10.18	3065000	3.25	300164	通源石油	SZ	9.96	3.18	
568	2/21/12	9.7	9.97	9.69	9.96	2831200	3.18	300164	通源石油	SZ	9.68	3.1	
569	2/20/12	9.73	9.79	9.6	9.68	2074900	3.1	300164	通源石油	SZ	9.62	3.07	
570	2/17/12	9.62	9.66	9.37	9.62	1530100	3.07	300164	通源石油	SZ	9.62	3.08	
571	2/16/12	9.85	9.87	9.45	9.62	3059700	3.08	300164	通源石油	SZ	9.81	3.13	
572	2/15/12	9.74	9.89	9.74	9.81	1399200	3.13	300164	通源石油	SZ	9.79	3.13	
573	2/14/12	9.83	9.9	9.7	9.79	1148000	3.13	300164	通源石油	SZ	9.82	3.14	
574	2/13/12	9.37	9.99	9.34	9.82	2502200	3.14	300164	通源石油	SZ	9.48	3.03	
575	2/10/12	9.27	9.5	9.24	9.48	1541000	3.03	300164	通源石油	SZ	9.33	2.98	
576	2/9/12	9.37	9.53	9	9.33	2690200	2.98	300164	通源石油	SZ	9.4	3	
577	2/8/12	9.17	9.43	9.17	9.4	1336100	3	300164	通源石油	SZ	9.15	2.93	
578	2/7/12	9.32	9.32	9.07	9.15	1265800	2.93	300164	通源石油	SZ	9.33	2.98	
579	2/6/12	9.07	9.47	9.07	9.33	2209900	2.98	300164	通源石油	SZ	9.14	2.92	
580	2/3/12	8.82	9.18	8.77	9.14	1720600	2.92	300164	通源石油	SZ	8.82	2.82	
581	2/2/12	8.59	8.83	8.59	8.82	926000	2.82	300164	通源石油	SZ	8.67	2.77	
582	2/1/12	8.64	8.87	8.57	8.67	1143300	2.77	300164	通源石油	SZ	8.64	2.76	
583	1/31/12	8.63	8.71	8.51	8.64	705400	2.76	300164	通源石油	SZ	8.71	2.79	
584	1/30/12	8.52	8.83	8.45	8.71	2687500	2.79	300164	通源石油	SZ	8.51	2.72	
585	1/27/12	8.51	8.51	8.51	8.51	0	2.72	300164	通源石油	SZ	8.51	2.72	
586	1/26/12	8.51	8.51	8.51	8.51	0	2.72	300164	通源石油	SZ	8.51	2.72	
587	1/25/12	8.51	8.51	8.51	8.51	0	2.72	300164	通源石油	SZ	8.51	2.72	
588	1/24/12	8.51	8.51	8.51	8.51	0	2.72	300164	通源石油	SZ	8.51	2.72	
589	1/23/12	8.51	8.51	8.51	8.51	0	2.72	300164	通源石油	SZ	8.51	2.72	
590	1/20/12	8.54	8.54	8.24	8.51	2397500	2.72	300164	通源石油	SZ	8.53	2.73	
591	1/19/12	8.79	8.96	8.34	8.53	2650100	2.73	300164	通源石油	SZ	9	2.88	
592	1/18/12	9.02	9.67	8.5	9	2258200	2.88	300164	通源石油	SZ	8.9	2.84	
593	1/17/12	8.5	8.93	7.88	8.9	2100400	2.84	300164	通源石油	SZ	8.63	2.76	
594	1/16/12	8.7	9.09	8.63	8.63	1156500	2.76	300164	通源石油	SZ	9.09	2.91	
595	1/13/12	9.2	9.6	9.04	9.09	2216500	2.91	300164	通源石油	SZ	9.09	2.91	
596	1/12/12	9.26	9.34	9.07	9.09	1322700	2.91	300164	通源石油	SZ	9.33	2.98	
597	1/11/12	9	9.46	9	9.33	1823400	2.98	300164	通源石油	SZ	9.12	2.91	
598	1/10/12	8.78	9.13	8.78	9.12	1447800	2.91	300164	通源石油	SZ	8.89	2.84	
599	1/9/12	8.7	8.95	8.44	8.89	1130000	2.84	300164	通源石油	SZ	8.62	2.76	
600	1/6/12	8.52	8.67	8.4	8.62	313400	2.76	300164	通源石油	SZ	8.63	2.76	
601	1/5/12	8.71	8.93	8.27	8.63	837000	2.76	300164	通源石油	SZ	8.75	2.8	
602	1/4/12	8.93	9.25	8.75	8.75	655500	2.8	300164	通源石油	SZ	8.78	2.81	
603	1/3/12	8.7	8.88	8.69	8.78	483000	2.81	300164	通源石油	SZ	8.78	2.81	
604	1/2/12	8.7	8.88	8.69	8.78	483000	2.81	300164	通源石油	SZ	8.78	2.81	
605	12/30/11	8.7	8.88	8.69	8.78	483000	2.81	300164	通源石油	SZ	8.7	2.78	
606	12/29/11	8.62	8.79	8.62	8.7	390600	2.78	300164	通源石油	SZ	8.55	2.73	
607	12/28/11	8.49	8.81	8.39	8.55	376500	2.73	300164	通源石油	SZ	8.66	2.77	
608	12/27/11	8.65	8.96	8.65	8.66	284900	2.77	300164	通源石油	SZ	8.95	2.86	
609	12/26/11	8.85	9.09	8.83	8.95	457000	2.86	300164	通源石油	SZ	8.97	2.87	
610	12/23/11	8.77	9.06	8.77	8.97	350000	2.87	300164	通源石油	SZ	8.85	2.83	
611	12/22/11	9.08	9.15	8.54	8.85	1010800	2.83	300164	通源石油	SZ	9.08	2.9	
612	12/21/11	9.4	9.52	9.08	9.08	554100	2.9	300164	通源石油	SZ	9.33	2.98	
613	12/20/11	9.23	9.43	9.2	9.33	420100	2.98	300164	通源石油	SZ	9.3	2.97	
614	12/19/11	9.32	9.34	9.06	9.3	699700	2.97	300164	通源石油	SZ	9.35	2.99	
615	12/16/11	9.05	9.35	9	9.35	668600	2.99	300164	通源石油	SZ	9.04	2.89	
616	12/15/11	9.01	9.16	8.92	9.04	672400	2.89	300164	通源石油	SZ	9.1	2.91	
617	12/14/11	9.56	9.56	9.05	9.1	1491100	2.91	300164	通源石油	SZ	9.5	3.04	
618	12/13/11	9.84	9.98	9.5	9.5	933700	3.04	300164	通源石油	SZ	10.04	3.21	
619	12/12/11	10.43	10.43	10.04	10.04	351900	3.21	300164	通源石油	SZ	10.38	3.32	
620	12/9/11	10.58	10.58	10.19	10.38	426600	3.32	300164	通源石油	SZ	10.58	3.38	
621	12/8/11	10.35	10.66	10.35	10.58	319200	3.38	300164	通源石油	SZ	10.46	3.34	
622	12/7/11	10.53	10.57	10.33	10.46	220200	3.34	300164	通源石油	SZ	10.49	3.35	
623	12/6/11	10.31	10.58	10.02	10.49	353000	3.35	300164	通源石油	SZ	10.43	3.33	
624	12/5/11	10.7	10.93	10.33	10.43	387800	3.33	300164	通源石油	SZ	10.71	3.42	
625	12/2/11	10.7	10.79	10.5	10.71	547500	3.42	300164	通源石油	SZ	10.72	3.43	
626	12/1/11	10.85	11.01	10.69	10.72	853100	3.43	300164	通源石油	SZ	10.64	3.4	
627	11/30/11	10.97	11.1	10.42	10.64	1086500	3.4	300164	通源石油	SZ	11.05	3.53	
628	11/29/11	11	11.05	10.85	11.05	605500	3.53	300164	通源石油	SZ	10.94	3.5	
629	11/28/11	10.89	10.98	10.77	10.94	379300	3.5	300164	通源石油	SZ	10.89	3.48	
630	11/25/11	10.88	10.99	10.8	10.89	541700	3.48	300164	通源石油	SZ	10.89	3.48	
631	11/24/11	10.63	10.95	10.5	10.89	698000	3.48	300164	通源石油	SZ	10.9	3.48	
632	11/23/11	10.92	10.98	10.82	10.9	852900	3.48	300164	通源石油	SZ	10.88	3.48	
633	11/22/11	10.98	11.06	10.73	10.88	1412600	3.48	300164	通源石油	SZ	11.03	3.52	
634	11/21/11	11.13	11.16	10.83	11.03	552400	3.52	300164	通源石油	SZ	11.16	3.57	
635	11/18/11	11.51	11.51	10.86	11.16	925700	3.57	300164	通源石油	SZ	11.51	3.68	
636	11/17/11	11.27	11.64	11.24	11.51	1008600	3.68	300164	通源石油	SZ	11.34	3.63	
637	11/16/11	11.62	11.65	11.18	11.34	1170800	3.63	300164	通源石油	SZ	11.65	3.72	
638	11/15/11	11.46	11.73	11.34	11.65	1546100	3.72	300164	通源石油	SZ	11.43	3.65	
639	11/14/11	11.29	11.45	11.17	11.43	1240600	3.65	300164	通源石油	SZ	11.18	3.57	
640	11/11/11	11.31	11.31	11.06	11.18	1046300	3.57	300164	通源石油	SZ	11.22	3.59	
641	11/10/11	11.27	11.4	11.14	11.22	1504900	3.59	300164	通源石油	SZ	11.41	3.65	
642	11/9/11	10.98	11.42	10.98	11.41	2020200	3.65	300164	通源石油	SZ	10.97	3.51	
643	11/8/11	10.93	11.13	10.84	10.97	1288000	3.51	300164	通源石油	SZ	10.91	3.49	
644	11/7/11	10.98	11.15	10.5	10.91	1194700	3.49	300164	通源石油	SZ	10.9	3.48	
645	11/4/11	10.83	10.98	10.75	10.9	871700	3.48	300164	通源石油	SZ	10.81	3.45	
646	11/3/11	10.5	11.15	10.47	10.81	2735800	3.45	300164	通源石油	SZ	10.5	3.36	
647	11/2/11	10.13	10.5	10.01	10.5	1655300	3.36	300164	通源石油	SZ	10.23	3.27	
648	11/1/11	10.13	10.33	10.06	10.23	538000	3.27	300164	通源石油	SZ	10.29	3.29	
649	10/31/11	10.29	10.3	10.18	10.29	610100	3.29	300164	通源石油	SZ	10.15	3.24	
650	10/28/11	10.2	10.25	10.03	10.15	782600	3.24	300164	通源石油	SZ	10.08	3.22	
651	10/27/11	10.12	10.23	10.01	10.08	682400	3.22	300164	通源石油	SZ	10.23	3.27	
652	10/26/11	10.33	10.33	9.95	10.23	1546300	3.27	300164	通源石油	SZ	10.18	3.25	
653	10/25/11	9.93	10.26	9.87	10.18	668700	3.25	300164	通源石油	SZ	9.87	3.15	
654	10/24/11	9.77	9.89	9.6	9.87	599300	3.15	300164	通源石油	SZ	9.67	3.09	
655	10/21/11	9.9	9.93	9.56	9.67	497600	3.09	300164	通源石油	SZ	9.93	3.17	
656	10/20/11	9.84	10	9.79	9.93	608000	3.17	300164	通源石油	SZ	9.93	3.18	
657	10/19/11	10.12	10.13	9.83	9.93	284100	3.18	300164	通源石油	SZ	10.02	3.2	
658	10/18/11	10.2	10.2	9.94	10.02	322200	3.2	300164	通源石油	SZ	10.22	3.27	
659	10/17/11	10.39	10.39	10.07	10.22	187800	3.27	300164	通源石油	SZ	10.17	3.25	
660	10/14/11	10.27	10.33	10.01	10.17	369200	3.25	300164	通源石油	SZ	10.25	3.28	
661	10/13/11	9.99	10.41	9.97	10.25	923600	3.28	300164	通源石油	SZ	9.91	3.17	
662	10/12/11	9.48	10.06	9.48	9.91	778700	3.17	300164	通源石油	SZ	9.66	3.09	
663	10/11/11	9.99	9.99	9.57	9.66	206300	3.09	300164	通源石油	SZ	9.67	3.09	
664	10/10/11	9.95	9.95	9.67	9.67	254500	3.09	300164	通源石油	SZ	9.98	3.19	
665	9/30/11	9.83	10	9.67	9.98	431400	3.19	300164	通源石油	SZ	10.09	3.23	
666	9/29/11	10	10.09	9.51	10.09	957500	3.23	300164	通源石油	SZ	10.1	3.23	
667	9/28/11	10.36	10.46	10.06	10.1	332500	3.23	300164	通源石油	SZ	10.27	3.28	
668	9/27/11	10.44	10.48	10.21	10.27	749600	3.28	300164	通源石油	SZ	10.43	3.33	
669	9/26/11	10.4	10.62	10.21	10.43	1246200	3.33	300164	通源石油	SZ	10.58	3.38	
670	9/23/11	10.74	10.74	10.33	10.58	1102300	3.38	300164	通源石油	SZ	10.87	3.47	
671	9/22/11	11.3	11.3	10.75	10.87	574600	3.47	300164	通源石油	SZ	11.27	3.6	
672	9/21/11	10.92	11.35	10.92	11.27	1026300	3.6	300164	通源石油	SZ	11.06	3.54	
673	9/20/11	10.83	11.16	10.77	11.06	451800	3.54	300164	通源石油	SZ	10.77	3.44	
674	9/19/11	10.94	10.94	10.77	10.77	207000	3.44	300164	通源石油	SZ	10.96	3.5	
675	9/16/11	11.03	11.07	10.93	10.96	178400	3.5	300164	通源石油	SZ	10.93	3.49	
676	9/15/11	11	11.16	10.92	10.93	328700	3.49	300164	通源石油	SZ	11	3.52	
677	9/14/11	11	11.11	10.73	11	444400	3.52	300164	通源石油	SZ	10.96	3.5	
678	9/13/11	11.13	11.25	10.74	10.96	423300	3.5	300164	通源石油	SZ	11.28	3.61	
679	9/9/11	11.39	11.62	11.17	11.28	570500	3.61	300164	通源石油	SZ	11.53	3.69	
680	9/8/11	11.67	11.78	11.35	11.53	345000	3.69	300164	通源石油	SZ	11.66	3.73	
681	9/7/11	11.4	11.67	11.33	11.66	430100	3.73	300164	通源石油	SZ	11.31	3.62	
682	9/6/11	11.32	11.4	11.23	11.31	339100	3.62	300164	通源石油	SZ	11.29	3.61	
683	9/5/11	11.23	11.5	11.17	11.29	760800	3.61	300164	通源石油	SZ	11.35	3.63	
684	9/2/11	11.35	11.37	11.21	11.35	336100	3.63	300164	通源石油	SZ	11.43	3.65	
685	9/1/11	11.66	11.66	11.33	11.43	531400	3.65	300164	通源石油	SZ	11.46	3.66	
686	8/31/11	11.66	11.8	11.37	11.46	1100500	3.66	300164	通源石油	SZ	11.76	3.76	
687	8/30/11	12.15	12.17	11.6	11.76	944400	3.76	300164	通源石油	SZ	12.05	3.85	
688	8/29/11	11.73	12.15	11.73	12.05	1508400	3.85	300164	通源石油	SZ	11.87	3.79	
689	8/26/11	11.73	11.9	11.6	11.87	615600	3.79	300164	通源石油	SZ	11.73	3.75	
690	8/25/11	11.9	11.95	11.6	11.73	1403000	3.75	300164	通源石油	SZ	11.9	3.8	
691	8/24/11	11.57	12.02	11.57	11.9	2572100	3.8	300164	通源石油	SZ	11.45	3.66	
692	8/23/11	11.34	11.51	11.2	11.45	542800	3.66	300164	通源石油	SZ	11.28	3.61	
693	8/22/11	11.13	11.53	11.13	11.28	1209400	3.61	300164	通源石油	SZ	11.13	3.56	
694	8/19/11	10.85	11.26	10.77	11.13	1580700	3.56	300164	通源石油	SZ	11.31	3.61	
695	8/18/11	11.51	11.51	11.23	11.31	828700	3.61	300164	通源石油	SZ	11.45	3.66	
696	8/17/11	11.44	11.49	11.35	11.45	1152000	3.66	300164	通源石油	SZ	11.43	3.65	
697	8/16/11	11.59	11.61	11.38	11.43	767200	3.65	300164	通源石油	SZ	11.53	3.69	
698	8/15/11	11.47	11.69	11.36	11.53	2275900	3.69	300164	通源石油	SZ	11.5	3.68	
699	8/12/11	11.73	11.75	11.49	11.5	1527000	3.68	300164	通源石油	SZ	11.67	3.73	
700	8/11/11	11.16	11.73	11.04	11.67	1953600	3.73	300164	通源石油	SZ	11.18	3.57	
701	8/10/11	10.81	11.33	10.81	11.18	1908900	3.57	300164	通源石油	SZ	10.81	3.46	
702	8/9/11	10.7	10.99	10.2	10.81	916600	3.46	300164	通源石油	SZ	11.04	3.53	
703	8/8/11	11.01	11.24	10.52	11.04	1794000	3.53	300164	通源石油	SZ	11.28	3.6	
704	8/5/11	10.87	11.33	10.7	11.28	1502600	3.6	300164	通源石油	SZ	11.13	3.56	
705	8/4/11	11.19	11.19	11.01	11.13	819500	3.56	300164	通源石油	SZ	11.13	3.56	
706	8/3/11	10.98	11.18	10.91	11.13	576600	3.56	300164	通源石油	SZ	11.05	3.53	
707	8/2/11	11.04	11.05	10.67	11.05	762000	3.53	300164	通源石油	SZ	11	3.52	
708	8/1/11	10.74	11.08	10.74	11	818600	3.52	300164	通源石油	SZ	10.96	3.5	
709	7/29/11	11.1	11.13	10.87	10.96	590100	3.5	300164	通源石油	SZ	11.09	3.54	
710	7/28/11	10.85	11.14	10.83	11.09	828100	3.54	300164	通源石油	SZ	11.03	3.52	
711	7/27/11	10.74	11.1	10.61	11.03	905600	3.52	300164	通源石油	SZ	10.75	3.44	
712	7/26/11	11	11	10.58	10.75	1090500	3.44	300164	通源石油	SZ	11	3.52	
713	7/25/11	11.29	11.36	10.97	11	2607700	3.52	300164	通源石油	SZ	11.3	3.61	
714	7/22/11	11.3	11.47	11.15	11.3	2140300	3.61	300164	通源石油	SZ	11.47	3.67	
715	7/21/11	10.83	11.5	10.74	11.47	3148800	3.67	300164	通源石油	SZ	10.81	3.46	
716	7/20/11	10.53	10.83	10.53	10.81	1514400	3.46	300164	通源石油	SZ	10.51	3.36	
717	7/19/11	10.67	10.72	10.48	10.51	1281100	3.36	300164	通源石油	SZ	10.69	3.42	
718	7/18/11	10.98	11.11	10.67	10.69	1463200	3.42	300164	通源石油	SZ	10.79	3.45	
719	7/15/11	10.8	10.91	10.64	10.79	836500	3.45	300164	通源石油	SZ	10.78	3.44	
720	7/14/11	10.57	10.79	10.57	10.78	1330200	3.44	300164	通源石油	SZ	10.55	3.37	
721	7/13/11	10.53	10.63	10.38	10.55	1355100	3.37	300164	通源石油	SZ	10.38	3.32	
722	7/12/11	10.23	10.51	10.07	10.38	1908000	3.32	300164	通源石油	SZ	10.28	3.29	
723	7/11/11	10.35	10.35	10.13	10.28	1411600	3.29	300164	通源石油	SZ	10.36	3.31	
724	7/8/11	10.33	10.43	10.3	10.36	661900	3.31	300164	通源石油	SZ	10.39	3.32	
725	7/7/11	10.29	10.63	10.24	10.39	1592600	3.32	300164	通源石油	SZ	10.33	3.3	
726	7/6/11	10.25	10.4	10.17	10.33	687700	3.3	300164	通源石油	SZ	10.3	3.29	
727	7/5/11	10.4	10.48	10.24	10.3	1288800	3.29	300164	通源石油	SZ	10.16	3.25	
728	7/1/11	9.96	10.26	9.96	10.16	914500	3.25	300164	通源石油	SZ	10.09	3.23	
729	6/30/11	9.74	10.1	9.69	10.09	903000	3.23	300164	通源石油	SZ	9.84	3.15	
730	6/29/11	9.85	9.99	9.77	9.84	1058600	3.15	300164	通源石油	SZ	9.81	3.13	
731	6/28/11	9.68	9.85	9.68	9.81	517400	3.13	300164	通源石油	SZ	9.85	3.15	
732	6/27/11	9.63	9.95	9.51	9.85	1332200	3.15	300164	通源石油	SZ	9.6	3.07	
733	6/24/11	9.39	9.62	9.34	9.6	1001700	3.07	300164	通源石油	SZ	9.41	3.01	
734	6/23/11	9.07	9.45	9.01	9.41	1012200	3.01	300164	通源石油	SZ	9.01	2.88	
735	6/22/11	9.17	9.18	9	9.01	218400	2.88	300164	通源石油	SZ	9.19	2.94	
736	6/21/11	9.17	9.25	9.04	9.19	400300	2.94	300164	通源石油	SZ	9.07	2.9	
737	6/20/11	9.06	9.19	9	9.07	332400	2.9	300164	通源石油	SZ	9.06	2.9	
738	6/17/11	9.2	9.26	9.03	9.06	221200	2.9	300164	通源石油	SZ	9.19	2.94	
739	6/16/11	9.47	9.47	9.16	9.19	797000	2.94	300164	通源石油	SZ	9.48	3.03	
740	6/15/11	9.5	9.55	9.43	9.48	420000	3.03	300164	通源石油	SZ	9.53	3.05	
741	6/14/11	9.43	9.57	9.43	9.53	281400	3.05	300164	通源石油	SZ	9.53	3.05	
742	6/13/11	9.43	9.55	9.3	9.53	585600	3.05	300164	通源石油	SZ	9.49	3.03	
743	6/10/11	9.65	9.65	9.34	9.49	342100	3.03	300164	通源石油	SZ	9.77	2.48	
744	6/9/11	9.88	9.92	9.76	9.77	806500	2.48	300164	通源石油	SZ	9.88	2.51	
745	6/8/11	9.91	9.91	9.73	9.88	236300	2.51	300164	通源石油	SZ	9.89	2.51	
746	6/7/11	9.81	9.92	9.81	9.89	235200	2.51	300164	通源石油	SZ	9.89	2.51	
747	6/3/11	9.79	9.94	9.79	9.89	452300	2.51	300164	通源石油	SZ	9.79	2.49	
748	6/2/11	9.72	9.82	9.56	9.79	539700	2.49	300164	通源石油	SZ	9.82	2.5	
749	6/1/11	9.67	9.82	9.67	9.82	501900	2.5	300164	通源石油	SZ	9.72	2.47	
750	5/31/11	9.58	9.84	9.57	9.72	453000	2.47	300164	通源石油	SZ	9.57	2.43	
751	5/30/11	9.61	9.78	9.5	9.57	809600	2.43	300164	通源石油	SZ	9.63	2.45	
752	5/27/11	9.79	9.79	9.58	9.63	663700	2.45	300164	通源石油	SZ	9.79	2.49	
753	5/26/11	9.92	9.98	9.73	9.79	968200	2.49	300164	通源石油	SZ	-1	-1	
