1021	2010-04-26	12.5	12.72	12.31	12.46	515703	7.61	000001	深发展Ａ	SZ	12.6	7.69	
1026	2010-04-26	7.95	7.98	7.79	7.8	724532	7.09	000002	万 科Ａ	SZ	7.93	7.21	
1026	2010-04-26	11.15	11.38	10.8	10.81	19258	10.81	000004	ST国农	SZ	11.15	11.15	
1026	2010-04-26	9.07	9.18	8.86	8.88	46602	8.88	000011	深物业A	SZ	9.22	9.22	
1024	2010-04-26	14.06	14.38	13.88	13.91	263693	7.32	000012	南 玻Ａ	SZ	14.04	7.39	
1025	2010-04-26	10.79	10.92	10.61	10.71	33581	10.59	000014	沙河股份	SZ	10.82	10.7	
1025	2010-04-26	6.7	6.72	6.38	6.42	207290	6.36	000016	深康佳Ａ	SZ	6.66	6.6	
999	2010-04-26	7.23	7.38	6.97	7.13	53822	7.13	000017	*ST中华A	SZ	7.25	7.25	
1026	2010-04-26	9.61	9.75	9.6	9.61	6124	9.61	000018	ST中冠A	SZ	9.7	9.7	
970	2010-04-26	13.3	13.5	12.6	12.65	86998	12.34	000019	深深宝Ａ	SZ	13.42	13.09	
1024	2010-04-26	9.96	10.14	9.92	9.96	17889	9.96	000020	深华发Ａ	SZ	9.97	9.97	
1023	2010-04-26	10.1	10.28	9.96	10	164647	6.43	000021	长城开发	SZ	9.97	6.42	
1026	2010-04-26	14.8	14.89	14.46	14.51	21526	12.92	000022	深赤湾Ａ	SZ	14.83	13.21	
1012	2010-04-26	10.56	10.63	10.12	10.13	32409	10	000023	深天地Ａ	SZ	10.56	10.42	
1027	2010-04-26	18.36	18.44	17.91	18.09	99247	16.76	000024	招商地产	SZ	18.35	17	
1027	2010-04-26	13.2	13.49	13.06	13.3	14663	13.3	000025	特 力Ａ	SZ	13.36	13.36	
1026	2010-04-26	11.37	11.99	11.22	11.75	38521	8.09	000026	飞亚达Ａ	SZ	11.4	7.85	
1023	2010-04-26	10.86	10.91	10.67	10.73	86454	8.41	000027	深圳能源	SZ	10.82	8.49	
1011	2010-04-26	33.88	34.78	33.5	34.37	18925	33.81	000028	一致药业	SZ	33.8	33.25	
1013	2010-04-26	6.29	6.43	6.19	6.22	56633	6.22	000029	深深房Ａ	SZ	6.3	6.3	
703	2010-04-26	9.02	9.47	8.75	9.47	31950	9.47	000030	*ST盛润A	SZ	9.02	9.02	
1026	2010-04-26	8.01	8.06	7.89	7.95	96080	7.8	000031	中粮地产	SZ	8	7.85	
1025	2010-04-26	12.12	12.5	11.87	12.15	62014	11.82	000032	深桑达Ａ	SZ	12.31	11.97	
1020	2010-04-26	7.25	7.26	7.14	7.15	60792	7.15	000033	新都酒店	SZ	7.26	7.26	
1017	2010-04-26	5.61	5.72	5.55	5.68	57546	4.51	000035	*ST科健	SZ	5.84	4.64	
1027	2010-04-26	5.99	6.12	5.91	6.04	133082	6.04	000036	华联控股	SZ	5.96	5.96	
1020	2010-04-26	7.14	7.14	6.78	6.89	48152	6.89	000037	深南电Ａ	SZ	7.11	7.11	
970	2010-04-26	6.67	6.67	6.4	6.46	39163	6.36	000040	深 鸿 基	SZ	6.62	6.52	
998	2010-04-26	2.47	2.5	2.43	2.44	621673	1.16	000100	TCL 集团	SZ	2.48	1.17	
1027	2010-04-26	7.62	8	7.62	7.86	115234	7.86	000150	宜华地产	SZ	7.75	7.75	
1025	2010-04-26	16.99	17.62	16.74	17.23	76045	17.08	000151	中成股份	SZ	16.88	16.73	
1027	2010-04-26	9.55	9.95	9.48	9.67	80473	9.57	000153	丰原药业	SZ	9.62	9.52	
1026	2010-04-26	8.23	8.35	8.22	8.25	30343	8.2	000155	川化股份	SZ	8.21	8.16	
1020	2010-04-26	6.54	6.61	6.48	6.51	466777	1.78	000157	中联重科	SZ	6.53	1.78	
1013	2010-04-26	9.88	10.05	9.84	9.88	72910	9.85	000158	常山股份	SZ	9.9	9.87	
1024	2010-04-26	7.1	7.26	6.97	7.1	313003	6.84	000301	东方市场	SZ	7.08	6.82	
1013	2010-04-26	26.77	27.75	26.77	27.67	182011	10.97	000338	潍柴动力	SZ	26.73	10.6	
1026	2010-04-26	29.6	30.75	29.45	29.8	43026	22.62	000400	许继电气	SZ	29.59	22.46	
1024	2010-04-26	15.22	15.22	14.74	15	182780	14.84	000401	冀东水泥	SZ	15.16	15	
1009	2010-04-26	11.76	11.76	11.28	11.36	228278	6.23	001696	宗申动力	SZ	11.79	6.47	
1020	2010-04-26	7.68	7.8	7.66	7.7	36985	7.7	001896	*ST豫能	SZ	7.7	7.7	
1009	2010-04-26	26.74	27.65	26.16	27.42	97139	12.68	002001	新 和 成	SZ	26.69	12.34	
980	2010-04-26	9.67	9.67	9.22	9.22	36664	9.22	002002	ST琼花	SZ	9.7	9.7	
1000	2010-04-26	29.91	30.15	29.31	30.11	29399	19.18	002003	伟星股份	SZ	30.61	19.5	
1007	2010-04-26	19.2	19.53	19.06	19.09	6070	6.04	002004	华邦制药	SZ	19.29	6.1	
1004	2010-04-26	11.65	11.98	11.4	11.9	139578	5.89	002005	德豪润达	SZ	11.65	5.76	
1009	2010-04-26	45.61	48.56	45.61	47.84	56626	29.43	002007	华兰生物	SZ	45.31	27.87	
1012	2010-04-26	8.93	9.47	8.83	9.2	403903	5.86	002008	大族激光	SZ	8.93	5.69	
1008	2010-04-26	15.97	16.56	15.97	16.17	57078	16.11	002009	天奇股份	SZ	15.98	15.92	
1007	2010-04-26	7.94	8.14	7.9	7.9	72257	3.82	002010	传化股份	SZ	8.05	3.89	
1012	2010-04-26	11.89	11.9	11.35	11.6	132051	5.44	002011	盾安环境	SZ	11.94	5.6	
1010	2010-04-26	7.11	7.18	6.89	6.93	172080	3.3	002012	凯恩股份	SZ	7.11	3.39	
987	2010-04-26	8.76	9.09	8.64	9.02	49089	4.07	002013	中航精机	SZ	8.83	3.98	
1011	2010-04-26	10.02	10.11	9.82	9.85	42452	4.29	002014	永新股份	SZ	9.98	4.35	
1004	2010-04-26	10.58	10.58	10.26	10.4	70892	10.36	002015	霞客环保	SZ	10.53	10.49	
1013	2010-04-26	7.74	7.89	7.58	7.76	225068	5.45	002016	世荣兆业	SZ	7.67	5.39	
997	2010-04-26	18.97	19.23	18.42	18.82	60610	16.54	002017	东信和平	SZ	18.96	16.67	
1021	2010-04-26	6.67	6.67	6.44	6.48	109423	3.65	002018	华星化工	SZ	6.69	3.77	
1014	2010-04-26	22	22.14	21.4	21.8	36470	21.68	002019	鑫富药业	SZ	22.15	22.02	
1009	2010-04-26	7.16	7.59	7.16	7.4	78298	3.57	002020	京新药业	SZ	7.2	3.47	
1009	2010-04-26	6.27	6.3	6.15	6.16	99666	4.69	002021	中捷股份	SZ	6.28	4.78	
1013	2010-04-26	25.9	26.1	25.5	25.75	54998	23.7	002022	科华生物	SZ	25.98	23.91	
1011	2010-04-26	11.41	11.5	11.14	11.2	432099	10.88	002024	苏宁电器	SZ	11.4	11.07	
1012	2010-04-26	14.62	14.78	14.3	14.54	57589	14.04	002025	航天电器	SZ	14.66	14.16	
1010	2010-04-26	7.07	7.21	7.01	7.19	64838	7.19	002027	七喜控股	SZ	7.08	7.08	
1014	2010-04-26	32.6	33.56	32.12	33.38	64497	31.7	002028	思源电气	SZ	32.9	31.25	
1010	2010-04-26	14.05	14.56	13.48	13.82	35502	5.87	002029	七 匹 狼	SZ	14.13	6	
1012	2010-04-26	9.94	10.12	9.84	9.89	141073	6.22	002030	达安基因	SZ	9.94	6.25	
1007	2010-04-26	8.82	8.98	8.75	8.83	111923	5.76	002031	巨轮股份	SZ	8.82	5.75	
1011	2010-04-26	17.27	17.8	17.06	17.24	18294	11.3	002032	苏 泊 尔	SZ	17.5	11.48	
976	2010-04-26	12.52	12.83	12.35	12.5	45580	7.11	002033	丽江旅游	SZ	12.71	7.23	
1013	2010-04-26	14.92	15.1	14.5	14.72	23917	14.09	002034	美 欣 达	SZ	15	14.35	
1013	2010-04-26	12.34	12.55	12.14	12.19	41565	7.79	002035	华帝股份	SZ	12.38	7.91	
1014	2010-04-26	12.98	13.16	12.6	12.84	46619	12.56	002036	宜科科技	SZ	12.98	12.69	
1005	2010-04-26	10.24	10.34	10.05	10.1	60058	4.65	002037	久联发展	SZ	10.27	4.73	
1025	2010-04-26	28.89	29.11	28.27	28.78	25054	15.72	002038	双鹭药业	SZ	28.93	15.8	
1013	2010-04-26	19.06	19.56	18.85	19.31	22606	18.89	002039	黔源电力	SZ	18.85	18.44	
1011	2010-04-26	9.05	9.21	9.05	9.12	18271	8.99	002040	南 京 港	SZ	9.12	8.99	
1011	2010-04-26	23.55	24.25	23.1	24.2	62319	11.84	002041	登海种业	SZ	23.9	11.69	
1019	2010-04-26	7.8	8.02	7.6	7.69	133174	2.46	002042	华孚色纺	SZ	7.65	2.44	
1008	2010-04-26	4.97	5.07	4.87	4.96	104870	2.39	002043	兔 宝 宝	SZ	4.95	2.39	
1011	2010-04-26	6.49	6.49	6.35	6.44	23952	4.43	002044	江苏三友	SZ	6.4	4.4	
1010	2010-04-26	12.62	13.27	12.47	13.06	97876	8.23	002045	广州国光	SZ	12.76	8.04	
1013	2010-04-26	12.9	13.97	12.9	13.3	103677	6.42	002046	轴研科技	SZ	13.05	6.3	
1014	2010-04-26	6.81	7.06	6.81	6.82	93722	6.82	002047	成霖股份	SZ	7.06	4.41	
1010	2010-04-26	14.4	14.41	13.77	14.15	204860	13.63	002048	宁波华翔	SZ	14.44	13.91	
983	2010-04-26	14.75	14.9	14.47	14.57	39587	14.39	002049	晶源电子	SZ	14.75	14.57	
1010	2010-04-26	13.56	13.88	13.15	13.15	36735	5.96	002050	三花股份	SZ	13.56	6.15	
1003	2010-04-26	14.62	14.91	14.39	14.71	25982	5.53	002051	中工国际	SZ	14.63	5.5	
1003	2010-04-26	7.4	7.67	7.24	7.61	331614	3.76	002052	同洲电子	SZ	7.41	3.67	
1012	2010-04-26	15.1	15.29	15.01	15.15	22050	15.02	002053	云南盐化	SZ	15.09	14.96	
1012	2010-04-26	17.92	18.6	17.45	17.69	92680	12.03	002054	德美化工	SZ	17.96	12.22	
1008	2010-04-26	9.99	9.99	9.6	9.62	21293	4.72	002055	得润电子	SZ	9.84	4.83	
1011	2010-04-26	18.41	19.37	18.41	18.87	118452	18.74	002056	横店东磁	SZ	18.5	18.38	
1012	2010-04-26	12.71	12.86	12.54	12.6	10984	12.57	002057	中钢天源	SZ	12.62	12.59	
1006	2010-04-26	7.22	7.33	7.11	7.22	29772	3.06	002058	威 尔 泰	SZ	7.24	3.07	
987	2010-04-26	10.4	10.87	10.38	10.79	37491	10.69	002059	云南旅游	SZ	10.4	10.3	
1007	2010-04-26	6.91	6.96	6.81	6.88	69179	4.62	002060	粤 水 电	SZ	6.89	4.63	
1002	2010-04-26	9.27	9.31	9.07	9.08	40428	5.97	002061	江山化工	SZ	9.37	6.16	
1012	2010-04-26	12.91	14.13	12.91	13.49	63756	5.95	002063	远光软件	SZ	12.94	5.71	
1013	2010-04-26	11.02	11.25	10.95	11.15	102337	5.45	002064	华峰氨纶	SZ	11.03	5.4	
1010	2010-04-26	17.83	19.33	17.83	18.97	50901	11.79	002065	东华软件	SZ	17.82	11.07	
1005	2010-04-26	4.47	4.53	4.32	4.36	200467	2.12	002067	景兴纸业	SZ	4.47	2.18	
1006	2010-04-26	8.95	9.05	8.75	8.78	29951	5.37	002068	黑猫股份	SZ	8.96	5.48	
1011	2010-04-26	20.4	20.66	19.87	19.99	116986	12.58	002069	獐 子 岛	SZ	20.28	12.76	
1012	2010-04-26	4.9	4.96	4.82	4.83	107936	2.19	002070	众和股份	SZ	4.9	2.22	
1008	2010-04-26	8.63	8.71	8.37	8.52	57046	5.64	002071	江苏宏宝	SZ	8.62	5.71	
1003	2010-04-26	9.3	9.66	9.3	9.4	34227	9.4	002072	*ST德棉	SZ	9.73	9.73	
1012	2010-04-26	16.56	17.44	16.3	17.21	114534	11.31	002073	软控股份	SZ	16.43	10.79	
1009	2010-04-26	7.46	7.82	7.46	7.81	76912	4.26	002074	东源电器	SZ	7.48	4.08	
1013	2010-04-26	12.16	12.45	12.02	12.29	71141	11.78	002076	雪 莱 特	SZ	12.1	11.6	
994	2010-04-26	9.07	9.82	9.07	9.59	68807	9.48	002077	大港股份	SZ	9.02	8.91	
1008	2010-04-26	12.25	12.48	12.08	12.15	121359	5.79	002078	太阳纸业	SZ	12.12	5.77	
1007	2010-04-26	4.13	4.41	4.06	4.35	200210	1.82	002079	苏州固锝	SZ	4.18	1.74	
1009	2010-04-26	21.15	21.2	20.7	21	39556	10.07	002080	中材科技	SZ	21.2	10.17	
1008	2010-04-26	10.03	10.03	9.38	9.48	60561	1.83	002081	金 螳 螂	SZ	9.88	1.9	
1012	2010-04-26	14.8	14.96	14.68	14.71	31280	14.07	002082	栋梁新材	SZ	14.92	14.27	
1014	2010-04-26	9.32	9.57	9.2	9.41	116185	9.29	002083	孚日股份	SZ	9.37	9.25	
1013	2010-04-26	7.2	7.29	7.06	7.11	150625	3.9	002084	海鸥卫浴	SZ	7.17	3.93	
1011	2010-04-26	12.74	13.1	12.61	13.1	58426	12.9	002086	东方海洋	SZ	12.86	12.66	
1008	2010-04-26	5.7	5.81	5.64	5.67	139729	3.98	002087	新野纺织	SZ	5.75	4.04	
1011	2010-04-26	20.91	21.49	20.9	21.23	44062	20.55	002088	鲁阳股份	SZ	20.8	20.14	
1014	2010-04-26	23.71	25.26	23.33	24.63	44375	20.11	002091	江苏国泰	SZ	23.85	19.47	
1003	2010-04-26	17.33	17.87	16.53	16.66	240877	10.5	002092	中泰化学	SZ	16.81	10.59	
1010	2010-04-26	8.02	8.15	7.9	8.07	113027	4.03	002093	国脉科技	SZ	8.02	4	
1012	2010-04-26	9.53	10.05	9.4	9.92	84512	6.6	002094	青岛金王	SZ	9.59	6.39	
1015	2010-04-26	21.67	23.78	21.56	23.26	36520	12.6	002095	生 意 宝	SZ	21.73	11.78	
985	2010-04-26	15.9	16.19	15.55	15.84	47380	7.6	002096	南岭民爆	SZ	15.95	7.66	
1011	2010-04-26	14.79	15.33	14.54	14.55	156769	9.59	002097	山河智能	SZ	14.77	9.74	
1006	2010-04-26	10.96	11.1	10.86	11.07	20569	10.3	002098	浔兴股份	SZ	11.07	10.3	
1006	2010-04-26	9.26	9.48	8.85	9.31	72413	4.43	002099	海翔药业	SZ	9.26	4.4	
1006	2010-04-26	15.64	15.88	15.03	15.26	71816	8.84	002100	天康生物	SZ	15.33	8.88	
1004	2010-04-26	15.51	15.56	14.76	15.47	29106	7.5	002101	广东鸿图	SZ	15.33	7.43	
1007	2010-04-26	4.88	4.93	4.79	4.91	61319	2.45	002102	冠福家用	SZ	4.82	2.41	
1011	2010-04-26	10.1	10.25	10.07	10.14	14062	9.56	002103	广博股份	SZ	10.18	9.6	
1013	2010-04-26	21.9	22.45	21.37	22.44	46231	22.03	002104	恒宝股份	SZ	21.75	21.35	
1010	2010-04-26	8.54	8.76	8.54	8.7	24104	8.24	002105	信隆实业	SZ	8.56	8.11	
1014	2010-04-26	18.41	20.44	18.41	20.27	169052	10.8	002106	莱宝高科	SZ	18.62	9.92	
1011	2010-04-26	24.35	24.92	24	24.82	41178	24.82	002107	沃华医药	SZ	24.1	24.1	
1006	2010-04-26	9.66	9.82	9.64	9.71	44388	3.08	002108	沧州明珠	SZ	9.71	3.08	
1009	2010-04-26	11.82	12.24	11.71	11.99	103875	11.49	002109	兴化股份	SZ	11.8	11.3	
1004	2010-04-26	12.06	12.13	11.44	11.55	66657	11.43	002110	三钢闽光	SZ	12.02	11.89	
1007	2010-04-26	11.44	11.82	11.44	11.69	26385	6.32	002111	威海广泰	SZ	11.43	6.18	
1011	2010-04-26	8.19	8.38	8.13	8.27	53191	4.53	002112	三变科技	SZ	8.22	4.5	
994	2010-04-26	11.89	12.24	11.8	11.95	21802	11.95	002113	ST天润	SZ	11.97	11.97	
1015	2010-04-26	23.21	24.6	23.21	23.98	41342	23.98	002114	罗平锌电	SZ	23.55	23.55	
1006	2010-04-26	9.44	10.34	9.31	10.34	128720	3.37	002115	三维通信	SZ	9.4	3.06	
1010	2010-04-26	13.35	13.76	13.35	13.43	13225	6.77	002116	中国海诚	SZ	13.57	6.84	
1005	2010-04-26	14.19	14.61	14.08	14.44	27987	8.36	002117	东港股份	SZ	14.14	8.18	
966	2010-04-26	7.72	7.86	7.57	7.68	84623	3.84	002118	紫鑫药业	SZ	7.72	3.86	
1006	2010-04-26	13.89	13.9	13.4	13.58	64013	13.38	002119	康强电子	SZ	13.93	13.73	
947	2010-04-26	10.88	10.9	10.68	10.8	13332	10.57	002120	新海股份	SZ	10.9	10.67	
1007	2010-04-26	16.87	17.64	16.87	17.07	50454	11.3	002121	科陆电子	SZ	17	11.25	
1015	2010-04-26	14.22	14.22	13.35	13.52	140932	13.02	002122	天马股份	SZ	14.16	6.8	
1014	2010-04-26	23.67	24.88	23.42	24.63	45780	16.42	002123	荣信股份	SZ	23.83	15.88	
1013	2010-04-26	10.8	10.84	10.57	10.59	18245	6.71	002124	天邦股份	SZ	10.82	6.85	
1005	2010-04-26	11.23	11.56	11.09	11.53	36405	7.18	002125	湘潭电化	SZ	11.22	6.98	
1006	2010-04-26	9.38	9.6	9.32	9.42	64493	3.54	002126	银轮股份	SZ	9.38	3.52	
1013	2010-04-26	26.45	26.9	26.01	26.25	65082	24.48	002128	露天煤业	SZ	26.02	24.27	
1005	2010-04-26	9.09	9.33	8.97	9.01	75369	6	002129	中环股份	SZ	8.96	5.97	
1006	2010-04-26	8.62	8.68	8.27	8.29	151649	2.74	002130	沃尔核材	SZ	8.24	2.73	
927	2010-04-26	12.75	12.77	12.12	12.48	121722	6.21	002131	利欧股份	SZ	12.91	6.42	
1008	2010-04-26	7.37	7.37	7.05	7.11	56884	3.5	002132	恒星科技	SZ	7.3	3.59	
1009	2010-04-26	6.63	6.92	6.49	6.79	160987	5.21	002133	广宇集团	SZ	6.68	5.12	
1008	2010-04-26	5.1	5.23	5.06	5.23	89980	1.88	002135	东南网架	SZ	5.12	1.84	
1006	2010-04-26	7.4	7.51	7.38	7.47	23752	3.71	002136	安 纳 达	SZ	7.43	3.69	
1009	2010-04-26	7.03	7.29	7.03	7.11	99121	4.26	002137	实 益 达	SZ	7.08	4.24	
1011	2010-04-26	13.19	14.27	12.98	13.88	76561	6.03	002138	顺络电子	SZ	13.16	5.71	
1006	2010-04-26	18.03	18.33	17.35	17.77	64515	12.86	002139	拓邦股份	SZ	18.18	13.16	
973	2010-04-26	8.7	9.38	8.7	9.36	125628	5.82	002141	蓉胜超微	SZ	8.57	5.33	
1011	2010-04-26	13.64	13.69	13.35	13.37	122983	12.4	002142	宁波银行	SZ	13.6	12.61	
1005	2010-04-26	11.31	11.31	11.04	11.12	20545	8.44	002143	高金食品	SZ	11.22	8.52	
1011	2010-04-26	18.91	19.23	18.31	18.5	18304	17.92	002144	宏达高科	SZ	18.88	18.29	
951	2010-04-26	9.15	9.37	9	9.07	39175	9.07	002145	*ST钛白	SZ	9.15	9.15	
1006	2010-04-26	8.78	8.81	8.47	8.51	69850	4.55	002146	荣盛发展	SZ	8.69	4.64	
1013	2010-04-26	13.75	14.13	13.75	13.9	48564	13.33	002147	方圆支承	SZ	13.8	13.19	
1012	2010-04-26	13.33	13.73	12.92	13.42	47646	4.28	002148	北纬通信	SZ	13.33	4.24	
1010	2010-04-26	23.99	24.19	23.55	23.8	24806	23.49	002149	西部材料	SZ	23.74	23.43	
1013	2010-04-26	7.99	8.03	7.85	7.88	38659	3.07	002150	江苏通润	SZ	7.98	3.11	
1006	2010-04-26	25.39	25.7	24.72	25.56	13242	13.93	002151	北斗星通	SZ	25.51	13.91	
1015	2010-04-26	14.99	15.42	14.61	15.36	57449	6.6	002152	广电运通	SZ	15.02	6.45	
1013	2010-04-26	30.15	32.92	29.71	32.75	47897	23.12	002153	石基信息	SZ	29.93	21.13	
1005	2010-04-26	12.02	12.5	11.94	12.2	73016	5.74	002154	报 喜 鸟	SZ	12.02	5.66	
1012	2010-04-26	13.93	14.34	13.81	13.9	297872	7.41	002155	辰州矿业	SZ	13.63	7.27	
1011	2010-04-26	9.93	10.24	9.69	10.12	128816	6.22	002156	通富微电	SZ	9.97	6.12	
1012	2010-04-26	10.94	11.09	10.49	10.54	43565	6.48	002157	正邦科技	SZ	10.91	6.7	
1015	2010-04-26	19.1	19.3	18.47	18.88	29951	11.5	002158	汉钟精机	SZ	19.49	11.86	
1013	2010-04-26	19.3	19.3	18.64	18.87	15543	18.65	002159	三特索道	SZ	19.3	19.07	
1010	2010-04-26	9.04	9.27	9.04	9.15	83668	3.37	002161	远 望 谷	SZ	9.04	3.33	
1013	2010-04-26	10.21	10.43	10.21	10.3	24582	9.29	002162	斯 米 克	SZ	10.18	9.18	
1000	2010-04-26	6.97	7.28	6.88	7	184178	2.26	002163	中航三鑫	SZ	6.96	2.24	
1011	2010-04-26	9.09	9.3	8.8	9.24	79720	4.49	002164	东力传动	SZ	9.14	4.43	
1011	2010-04-26	11.93	12.09	11.66	11.79	33151	6.36	002165	红 宝 丽	SZ	11.93	6.44	
1006	2010-04-26	18.15	18.49	17.7	17.76	46918	8.88	002166	莱茵生物	SZ	17.96	8.98	
1007	2010-04-26	11.51	11.6	11.2	11.2	49283	5.57	002167	东方锆业	SZ	11.51	5.73	
1011	2010-04-26	7.74	7.97	7.74	7.91	175694	3.36	002168	深圳惠程	SZ	7.7	3.27	
1010	2010-04-26	11.93	11.93	11.5	11.65	46302	7.75	002169	智光电气	SZ	11.97	7.96	
1010	2010-04-26	4.81	5.02	4.79	4.94	131732	2.03	002170	芭田股份	SZ	4.83	1.98	
1012	2010-04-26	15.7	16.09	15.65	15.99	29034	15.83	002171	精诚铜业	SZ	15.76	15.61	
1009	2010-04-26	9.98	10.26	9.77	10.19	81668	10.19	002172	澳洋科技	SZ	10.01	10.01	
1012	2010-04-26	15.55	16.29	15.46	16.17	30732	16.11	002174	梅 花 伞	SZ	15.59	15.53	
1006	2010-04-26	15.09	15.24	14.62	14.76	22120	14.52	002175	广陆数测	SZ	15.12	14.87	
998	2010-04-26	5	5.06	4.93	5	248194	1.37	002176	江特电机	SZ	5.04	1.38	
1007	2010-04-26	5.59	5.61	5.52	5.52	57682	1.9	002177	御银股份	SZ	5.6	1.93	
1013	2010-04-26	10.77	10.77	10.07	10.35	43514	6.08	002178	延华智能	SZ	10.81	6.35	
1013	2010-04-26	14.81	15.31	14.67	14.96	56824	9.82	002179	中航光电	SZ	14.97	9.82	
1011	2010-04-26	14.97	14.98	14.37	14.43	16611	9.41	002180	万 力 达	SZ	15.11	9.85	
954	2010-04-26	12.6	13.63	12.5	13.37	109606	13.19	002181	粤 传 媒	SZ	12.6	12.43	
1011	2010-04-26	10.25	10.5	10.18	10.44	66279	6.88	002182	云海金属	SZ	10.23	6.75	
1001	2010-04-26	9.34	9.44	8.98	9.08	81946	3.86	002183	怡 亚 通	SZ	9.33	3.97	
1013	2010-04-26	12.04	12.19	11.85	12.02	22186	11.73	002184	海得控制	SZ	12.04	11.75	
1013	2010-04-26	16.64	16.9	16.45	16.67	23116	7.37	002186	全 聚 德	SZ	16.59	7.33	
1011	2010-04-26	17.45	17.53	17.12	17.45	43750	8.96	002187	广百股份	SZ	17.42	8.95	
986	2010-04-26	10.52	10.69	10.15	10.19	104782	7.8	002188	新 嘉 联	SZ	10.98	8.4	
1013	2010-04-26	10.9	10.99	10.66	10.68	27349	10.64	002189	利达光电	SZ	10.96	10.92	
993	2010-04-26	9.55	9.75	9.55	9.6	29884	4.55	002190	成飞集成	SZ	9.55	4.53	
1011	2010-04-26	14.22	14.49	14.12	14.24	19583	13.01	002191	劲嘉股份	SZ	14.13	12.91	
1008	2010-04-26	25.1	26.8	24.53	25.3	95243	25.25	002192	路翔股份	SZ	25.08	25.03	
1013	2010-04-26	14.7	14.7	14.26	14.3	16140	14.19	002193	山东如意	SZ	14.55	14.44	
1014	2010-04-26	21.41	21.96	20.89	21.82	118789	20.17	002194	武汉凡谷	SZ	21.2	19.6	
1013	2010-04-26	15.21	15.71	15.1	15.36	30415	9.96	002195	海隆软件	SZ	15.15	9.83	
1008	2010-04-26	14.33	14.65	14.14	14.53	16315	9.25	002196	方正电机	SZ	14.37	9.15	
1008	2010-04-26	14.62	14.62	13.95	14.16	58525	8.63	002197	证通电子	SZ	14.73	8.97	
1010	2010-04-26	5.37	5.37	4.87	5.02	149904	0.99	002198	嘉应制药	SZ	5.4	1.06	
1009	2010-04-26	13.64	13.64	13.03	13.06	27576	6.49	002199	东晶电子	SZ	13.54	6.73	
988	2010-04-26	23.97	24.66	23.51	24.45	75296	24.45	002200	绿 大 地	SZ	23.99	23.99	
975	2010-04-26	9.22	9.46	9.22	9.36	21357	5.48	002201	九鼎新材	SZ	9.21	5.39	
1011	2010-04-26	24.05	24.9	23.8	24.67	672641	23.28	002202	金风科技	SZ	24	22.64	
1011	2010-04-26	9.64	9.75	9.5	9.57	19743	6.06	002203	海亮股份	SZ	9.63	6.1	
986	2010-04-26	11.59	11.67	11.39	11.48	27226	4.89	002204	华锐铸钢	SZ	11.48	4.88	
1006	2010-04-26	13.41	13.41	12.82	12.84	61307	3.7	002206	海 利 得	SZ	13.56	3.91	
1013	2010-04-26	26.96	28.35	26.6	26.7	43109	26.5	002207	准油股份	SZ	26.6	26.4	
1011	2010-04-26	11.84	11.94	11.56	11.62	32688	5.56	002208	合肥城建	SZ	11.84	5.66	
1012	2010-04-26	12.67	12.95	12.6	12.77	37512	8.32	002209	达 意 隆	SZ	12.79	8.33	
1013	2010-04-26	8.01	8.39	7.85	8.26	79021	4.11	002210	飞马国际	SZ	8.08	4.02	
1009	2010-04-26	9.46	9.52	9.23	9.27	23274	6.16	002211	宏达新材	SZ	9.42	6.26	
1006	2010-04-26	8.75	8.82	8.66	8.72	32077	4.21	002212	南洋股份	SZ	8.77	4.24	
1012	2010-04-26	11.27	11.35	10.69	10.73	80741	5.28	002213	特 尔 佳	SZ	11.19	5.51	
989	2010-04-26	17.19	17.74	16.5	17.64	26638	8.53	002214	大立科技	SZ	17.19	8.31	
1007	2010-04-26	16.54	16.75	15.62	15.99	33165	6.25	002215	诺 普 信	SZ	16.79	6.57	
1009	2010-04-26	15.49	15.49	14.52	15	38230	7.18	002216	三全食品	SZ	15.37	7.36	
1010	2010-04-26	9.13	9.13	8.43	8.43	174629	5.45	002217	联合化工	SZ	9.37	6.05	
1011	2010-04-26	16.77	16.99	16.43	16.93	76293	10.98	002218	拓日新能	SZ	16.65	10.8	
1011	2010-04-26	12.65	12.92	12.46	12.75	60498	6.29	002219	独 一 味	SZ	12.68	6.26	
1010	2010-04-26	10.59	10.67	10.05	10.05	51729	2.42	002220	天宝股份	SZ	10.58	2.55	
1007	2010-04-26	7.16	7.28	7	7.12	79189	3.5	002221	东华能源	SZ	7.24	3.56	
1013	2010-04-26	14.96	15.76	14.96	15.51	31050	4.59	002223	鱼跃医疗	SZ	15.05	4.45	
1009	2010-04-26	8.81	8.89	8.61	8.63	34659	3.05	002224	三 力 士	SZ	8.79	3.11	
1002	2010-04-26	10.73	10.76	10.39	10.45	57258	7.83	002225	濮耐股份	SZ	10.79	8.08	
1006	2010-04-26	15.73	15.73	14.55	14.55	99867	9.04	002226	江南化工	SZ	16.16	10.05	
1013	2010-04-26	33.62	34.18	32.8	33.89	13048	33.39	002227	奥 特 迅	SZ	33.62	33.12	
1006	2010-04-26	10.04	10.12	9.91	10.03	24053	6.01	002228	合兴包装	SZ	10.03	6.01	
1009	2010-04-26	9.15	9.15	8.73	8.75	30697	4.38	002229	鸿博股份	SZ	9.15	4.58	
1008	2010-04-26	21.04	21.25	20.04	20.44	116026	5.19	002230	科大讯飞	SZ	20.94	5.25	
1012	2010-04-26	6.86	7.07	6.69	6.9	71384	2.13	002231	奥维通信	SZ	6.92	2.13	
1010	2010-04-26	12.32	12.56	12.09	12.42	46649	8.77	002232	启明信息	SZ	12.37	8.73	
1010	2010-04-26	6.96	6.99	6.87	6.89	42659	3.32	002233	塔牌集团	SZ	6.96	3.36	
1009	2010-04-26	8.12	8.19	8.06	8.15	15980	3.79	002234	民和股份	SZ	8.11	3.78	
1008	2010-04-26	12.62	12.79	12.48	12.67	18236	9.44	002235	安妮股份	SZ	12.62	9.4	
1010	2010-04-26	5.34	5.36	5.18	5.25	100732	0.31	002236	大华股份	SZ	5.38	0.31	
1007	2010-04-26	23.12	23.2	22.73	22.79	25085	11.24	002237	恒邦股份	SZ	22.75	11.22	
1010	2010-04-26	21.67	23.75	21.17	23.34	105728	19.11	002238	天威视讯	SZ	21.63	17.71	
1006	2010-04-26	12.56	13.01	12.3	12.96	29284	12.83	002239	金 飞 达	SZ	12.53	12.41	
1013	2010-04-26	7.69	7.74	7.48	7.61	93691	4.76	002240	威华股份	SZ	7.66	4.79	
1011	2010-04-26	8.31	8.54	8.24	8.29	62910	2.24	002241	歌尔声学	SZ	8.33	2.25	
1011	2010-04-26	18.2	18.33	17.9	17.93	34048	9.32	002242	九阳股份	SZ	18.18	9.45	
1008	2010-04-26	12.3	12.48	12.2	12.21	19794	11.91	002243	通产丽星	SZ	12.41	12.1	
1014	2010-04-26	12.04	12.06	11.5	11.5	62401	11.27	002244	滨江集团	SZ	11.92	11.68	
1011	2010-04-26	6.45	6.56	6.17	6.32	74945	2.05	002245	澳洋顺昌	SZ	6.51	2.12	
966	2010-04-26	18	18.2	17.58	17.78	13409	17.24	002246	北化股份	SZ	18.12	17.57	
1013	2010-04-26	10.81	10.95	10.69	10.85	12707	3.31	002247	帝龙新材	SZ	10.81	3.3	
1009	2010-04-26	20.5	20.75	20.07	20.27	28674	10.03	002248	华东数控	SZ	20.78	10.29	
1003	2010-04-26	15.36	15.81	15.05	15.12	79564	3.92	002250	联化科技	SZ	15.43	4	
1012	2010-04-26	13.49	13.61	13.31	13.57	18586	6.4	002251	步 步 高	SZ	13.49	6.36	
1011	2010-04-26	14.83	15.21	14.38	15.03	40052	4.72	002252	上海莱士	SZ	14.83	4.66	
1009	2010-04-26	24.32	24.32	23.72	23.96	9088	11.72	002253	川大智胜	SZ	24.45	11.96	
1013	2010-04-26	12.18	12.3	11.92	12.04	55220	3.41	002254	烟台氨纶	SZ	12.02	3.41	
1010	2010-04-26	24.4	24.95	24.11	24.55	24564	11.89	002255	海陆重工	SZ	24.4	11.82	
906	2010-04-26	8.89	9.05	8.65	8.72	34408	4.8	002256	彩虹精化	SZ	9.04	4.97	
1009	2010-04-26	4.08	4.14	4.06	4.1	105987	1.61	002259	升达林业	SZ	4.06	1.59	
1010	2010-04-26	11.53	11.8	11.43	11.7	24734	11.4	002260	伊 立 浦	SZ	11.5	11.2	
1007	2010-04-26	16.57	17.22	16.39	16.99	32954	6.6	002261	拓维信息	SZ	16.64	6.46	
1013	2010-04-26	16.7	17.17	16.28	16.62	25245	10.12	002262	恩华药业	SZ	16.68	10.15	
1010	2010-04-26	8.44	8.57	8.26	8.32	133128	6.78	002263	大 东 南	SZ	8.45	6.88	
1008	2010-04-26	6.67	6.79	6.55	6.6	30445	2.14	002264	新 华 都	SZ	6.73	2.18	
1012	2010-04-26	10.6	10.91	10.53	10.91	23328	10.89	002265	西仪股份	SZ	10.61	10.59	
1004	2010-04-26	3.48	3.63	3.48	3.58	290457	0.38	002266	浙富股份	SZ	3.48	0.37	
1013	2010-04-26	9.82	9.93	9.52	9.7	136290	4.41	002267	陕天然气	SZ	9.85	4.48	
1014	2010-04-26	17.96	18.21	17.96	18.16	30432	8.35	002268	卫 士 通	SZ	17.89	8.22	
1012	2010-04-26	23.4	24.1	23.23	23.72	27451	21.07	002269	美邦服饰	SZ	23.5	20.88	
1013	2010-04-26	15.91	16.12	15.32	15.96	41467	11.77	002270	法因数控	SZ	15.95	11.77	
1006	2010-04-26	17.75	19.51	17.75	19.51	230863	9.53	002271	东方雨虹	SZ	17.74	8.66	
1013	2010-04-26	8.44	8.59	8.09	8.14	66451	2.6	002272	川润股份	SZ	8.77	2.8	
1009	2010-04-26	13.56	14.1	13.28	13.77	110763	3.22	002273	水晶光电	SZ	13.64	3.19	
1009	2010-04-26	13.08	13.19	12.71	13.1	30871	10.01	002274	华昌化工	SZ	13.1	10.01	
1012	2010-04-26	22.42	23.04	22.24	22.75	24612	15.85	002275	桂林三金	SZ	22.22	15.48	
993	2010-04-26	9.17	9.44	9.08	9.27	68638	5.04	002276	万马电缆	SZ	9.14	4.97	
1007	2010-04-26	13.09	13.09	12.73	12.85	98025	4.22	002277	友阿股份	SZ	12.92	4.24	
1014	2010-04-26	26.85	27.2	25.75	26.33	16962	12.27	002280	新世纪	SZ	26.98	12.57	
1000	2010-04-26	38.24	38.54	37.1	37.61	16469	36.49	002281	光迅科技	SZ	38.2	37.06	
1012	2010-04-26	12.18	12.54	12.08	12.38	40024	9.26	002282	博深工具	SZ	12.2	9.12	
1005	2010-04-26	11.1	11.23	10.85	11.09	74801	5.47	002283	天润曲轴	SZ	11.01	5.43	
999	2010-04-26	17.47	17.61	17	17.31	25014	5.6	002284	亚太股份	SZ	17.53	5.68	
1012	2010-04-26	27.74	28.36	26.77	27.08	25538	13.29	002285	世联地产	SZ	27.69	13.59	
1014	2010-04-26	23.1	23.57	22.8	23.15	14841	13.45	002286	保龄宝	SZ	23.08	13.41	
1011	2010-04-26	24.23	24.65	24.1	24.52	16141	23.21	002287	奇正藏药	SZ	24.23	22.93	
1007	2010-04-26	7.6	7.67	7.43	7.44	28286	1.98	002288	超华科技	SZ	7.56	2.02	
1009	2010-04-26	34	34	31.36	31.5	26678	31.04	002289	宇顺电子	SZ	34.82	34.31	
1012	2010-04-26	23.57	23.57	22.89	23.08	22925	16.06	002290	禾盛新材	SZ	23.43	16.3	
1011	2010-04-26	13.21	13.28	12.99	13.05	22120	9.93	002291	星期六	SZ	13.28	10.11	
1013	2010-04-26	13.02	13.28	12.92	12.99	68693	3.26	002292	奥飞动漫	SZ	13.02	3.27	
1012	2010-04-26	25.1	26.4	25.1	26.17	22693	11.68	002293	罗莱家纺	SZ	25.1	11.2	
1014	2010-04-26	32.23	34.34	30.9	33.86	228378	11.01	002294	信立泰	SZ	32.23	10.48	
1008	2010-04-26	13.53	13.75	13.48	13.49	18161	8.8	002295	精艺股份	SZ	13.59	8.86	
934	2010-04-26	30.46	30.46	29.15	29.51	42695	16.9	002296	辉煌科技	SZ	30.88	17.69	
1015	2010-04-26	24.23	25	23.77	23.79	28095	7.9	002297	博云新材	SZ	24.56	8.16	
1013	2010-04-26	12.11	12.41	12.11	12.23	27372	3.99	002298	鑫龙电器	SZ	12.11	3.96	
1008	2010-04-26	17.42	17.55	17.05	17.09	19240	8.2	002299	圣农发展	SZ	17.43	8.36	
1020	2010-04-26	25.03	25.29	24.87	25.09	32262	9.83	002300	太阳电缆	SZ	25.03	9.81	
1023	2010-04-26	11.16	11.16	10.67	10.8	48145	3.43	002301	齐心文具	SZ	11.28	3.59	
1009	2010-04-26	27.74	28.36	27.09	27.16	30992	13.69	002302	西部建设	SZ	27.32	13.77	
1011	2010-04-26	18.17	18.55	17.8	17.85	28550	8.73	002303	美盈森	SZ	18.15	8.88	
1010	2010-04-26	59.88	60.98	57.96	58.13	44083	23.1	002304	洋河股份	SZ	60.26	23.95	
1012	2010-04-26	7.47	7.58	7.24	7.41	44458	3.57	002305	南国置业	SZ	7.63	3.68	
1005	2010-04-26	7.29	7.37	7.2	7.31	158264	1.64	002306	湘鄂情	SZ	7.3	1.64	
1006	2010-04-26	14.6	15.3	14.18	14.2	172812	7.04	002307	北新路桥	SZ	14.21	7.05	
1011	2010-04-26	12.5	12.81	12.04	12.36	142666	2.85	002308	威创股份	SZ	12.41	2.86	
1009	2010-04-26	18.75	18.9	18.24	18.6	54359	9.09	002309	中利科技	SZ	18.9	9.24	
1001	2010-04-26	19.18	19.18	17.93	18	119063	2.23	002310	东方园林	SZ	19	2.36	
1005	2010-04-26	10.28	10.33	9.83	10.18	89333	2.86	002311	海大集团	SZ	10.41	2.93	
1025	2010-04-26	8.1	8.28	7.96	8.14	59592	1.26	002312	三泰电子	SZ	8.09	1.25	
1012	2010-04-26	17.57	17.62	17.08	17.14	33522	6.27	002313	日海通讯	SZ	17.65	6.46	
1012	2010-04-26	22.4	23.19	22.3	22.51	28657	21.47	002314	雅致股份	SZ	22.54	21.5	
1014	2010-04-26	90	97	88.38	92	17520	86.81	002315	焦点科技	SZ	88.32	83.33	
1010	2010-04-26	9.95	10.03	9.42	9.44	83367	2.8	002316	键桥通讯	SZ	10.07	2.98	
1011	2010-04-26	16.54	17.31	16.54	16.98	42192	3.31	002317	众生药业	SZ	16.69	3.26	
1008	2010-04-26	17.93	18.41	17.93	18.08	46055	9.01	002318	久立特材	SZ	17.99	8.97	
1012	2010-04-26	12.94	13.1	12.5	12.76	18250	6.2	002319	乐通股份	SZ	12.93	6.28	
1013	2010-04-26	23.86	24.4	23.62	23.66	25419	8.15	002320	海峡股份	SZ	23.96	8.25	
1012	2010-04-26	11.3	11.4	11.13	11.24	24366	5.4	002321	华英农业	SZ	11.24	5.4	
1010	2010-04-26	29.47	30.25	28.25	28.25	20081	6.64	002322	理工监测	SZ	29.5	6.93	
1011	2010-04-26	28.82	29.16	28.68	28.73	12849	19.91	002323	中联电气	SZ	28.77	19.93	
1023	2010-04-26	20.95	21.5	20.5	21.03	55726	10.34	002324	普利特	SZ	21.08	10.36	
1007	2010-04-26	6.2	6.29	6.08	6.08	47143	1.04	002325	洪涛股份	SZ	6.24	1.07	
1012	2010-04-26	26.44	28.35	26.44	28.35	17353	15.44	002326	永太科技	SZ	25.77	14.04	
1012	2010-04-26	13.4	13.55	13.13	13.14	29698	3.86	002327	富安娜	SZ	13.37	3.92	
1013	2010-04-26	16.87	17.11	16.47	16.6	74957	10.45	002328	新朋股份	SZ	17.11	10.77	
1011	2010-04-26	15.4	15.5	14.55	14.64	26094	7.03	002329	皇氏乳业	SZ	15.35	7.38	
1014	2010-04-26	11.34	11.45	11.01	11.04	76162	5.37	002330	得利斯	SZ	11.39	5.54	
972	2010-04-26	11.93	12.01	11.61	11.68	29912	3.02	002331	皖通科技	SZ	12.13	3.14	
1008	2010-04-26	16.65	16.8	16.45	16.7	39691	15.53	002332	仙琚制药	SZ	16.65	15.48	
1009	2010-04-26	16.53	16.67	16.39	16.55	20346	9.77	002333	罗普斯金	SZ	16.53	9.76	
1009	2010-04-26	14.53	15.51	14.31	15.2	118907	2.64	002334	英威腾	SZ	14.66	2.54	
1009	2010-04-26	17.34	17.56	17.02	17.29	23278	5.73	002335	科华恒盛	SZ	17.51	5.81	
1011	2010-04-26	29.69	30.62	29.66	30.47	38505	28.41	002336	人人乐	SZ	29.75	27.74	
1013	2010-04-26	21.39	21.87	21.39	21.61	18214	12.46	002337	赛象科技	SZ	21.46	12.37	
1017	2010-04-26	28.68	29.47	28.67	29.11	13847	18.24	002338	奥普光电	SZ	28.73	18	
1006	2010-04-26	12.55	13.67	12.55	13.67	260900	1.9	002340	格林美	SZ	12.43	1.73	
1006	2010-04-26	8	8.75	7.88	8.75	313236	2.04	002341	新纶科技	SZ	7.95	1.85	
1008	2010-04-26	10.28	10.28	9.84	9.93	137662	4.86	002342	巨力索具	SZ	10.35	5.07	
1015	2010-04-26	17.9	17.92	17.08	17.08	83662	7.85	002343	禾欣股份	SZ	18.09	8.31	
1011	2010-04-26	8.25	8.7	8.11	8.47	301252	1.91	002344	海宁皮城	SZ	8.47	1.91	
1008	2010-04-26	27.08	27.25	25.5	25.7	30735	7.94	002345	潮宏基	SZ	27.44	8.47	
1009	2010-04-26	10.16	10.23	9.95	9.97	33832	4.76	002346	柘中建设	SZ	10.4	4.97	
1011	2010-04-26	14.9	15.25	14.78	14.78	19240	7.67	002347	泰尔重工	SZ	15.1	7.84	
1013	2010-04-26	7.62	7.62	7.29	7.33	78469	2.12	002348	高乐股份	SZ	7.58	2.19	
1010	2010-04-26	14.04	14.44	13.6	14.31	52662	5.57	002349	精华制药	SZ	14.2	5.53	
1015	2010-04-26	17.6	17.94	17.51	17.64	20530	9.79	002350	北京科锐	SZ	17.65	9.8	
1011	2010-04-26	19.1	19.75	19.1	19.37	27829	8.81	002351	漫步者	SZ	19.23	8.74	
1010	2010-04-26	34.12	34.48	33.7	34.16	7327	31.39	002352	鼎泰新材	SZ	34.02	31.26	
1012	2010-04-26	17.69	18.58	17.69	18.25	69047	3.3	002353	杰瑞股份	SZ	17.85	3.22	
1010	2010-04-26	24.31	25.15	24.16	24.51	15985	24.22	002354	科冕木业	SZ	24.23	23.94	
1009	2010-04-26	9.45	9.61	9.3	9.41	95639	4.39	002355	兴民钢圈	SZ	9.44	4.4	
999	2010-04-26	16.63	17.1	16.44	17	47781	6.66	002357	富临运业	SZ	16.81	6.58	
1012	2010-04-26	14.45	14.66	13.97	14.07	28327	3.72	002358	森源电气	SZ	14.31	3.79	
794	2010-04-26	8.31	8.44	8.17	8.2	76231	2.63	002359	齐星铁塔	SZ	8.3	2.66	
990	2010-04-26	26	26.26	25.35	25.4	39637	4	002360	同德化工	SZ	26.41	4.16	
1010	2010-04-26	7.94	8.05	7.88	7.99	25521	2.08	002361	神剑股份	SZ	7.94	2.06	
1014	2010-04-26	78.45	79.7	75.11	76.25	42075	38.12	002362	汉王科技	SZ	77.75	38.88	
1011	2010-04-26	24.89	25.04	24.39	24.53	11890	24.23	002363	隆基机械	SZ	25.18	24.88	
1010	2010-04-26	14.29	14.3	13.79	13.84	18730	4.31	002364	中恒电气	SZ	14.3	4.46	
1013	2010-04-26	19.8	20.45	19.79	20.35	21993	9.42	002365	永安药业	SZ	19.84	9.18	
1011	2010-04-26	24.42	24.68	24.32	24.41	10486	22.13	002366	丹甫股份	SZ	24.36	22.09	
1010	2010-04-26	6.81	6.96	6.78	6.79	76139	1.02	002367	康力电梯	SZ	6.8	1.02	
1010	2010-04-26	21.58	21.87	21.4	21.46	35150	8.53	002368	太极股份	SZ	21.62	8.6	
1010	2010-04-26	19.28	19.48	17.94	18.5	48413	8.56	002369	卓翼科技	SZ	19.27	8.91	
1012	2010-04-26	15.74	16.47	15.74	16.17	72723	9.34	002370	亚太药业	SZ	15.68	9.05	
1007	2010-04-26	13.46	14.02	13.44	13.78	49821	2.9	002371	七星电子	SZ	13.46	2.83	
1006	2010-04-26	19.52	19.73	19.24	19.25	29856	13.04	002372	伟星新材	SZ	19.63	13.29	
1010	2010-04-26	26.5	26.5	25.75	25.76	13356	12.77	002373	联信永益	SZ	26.5	13.14	
1007	2010-04-26	12.78	13.12	12.75	13.02	26258	4.26	002374	丽鹏股份	SZ	12.77	4.18	
1007	2010-04-26	14.26	14.29	13.6	13.66	76655	4.48	002375	亚厦股份	SZ	14.13	4.63	
1010	2010-04-26	11.63	12.19	11.55	11.7	111457	2.76	002376	新北洋	SZ	11.88	2.8	
1008	2010-04-26	13.9	14.05	13.77	13.86	22671	6.76	002377	国创高新	SZ	13.85	6.75	
1008	2010-04-26	37.5	40.7	37.5	38	103708	36.85	002378	章源钨业	SZ	37.54	36.4	
1007	2010-04-26	11.35	11.6	11.12	11.12	48006	2.75	002379	鲁丰股份	SZ	11.36	2.81	
1012	2010-04-26	64.6	65	62.35	62.71	6399	60.96	002380	科远股份	SZ	64.57	62.77	
1013	2010-04-26	15.73	15.83	14.83	14.85	50065	4.53	002381	双箭股份	SZ	15.87	4.84	
987	2010-04-26	15.9	15.9	14.51	15.04	38694	4.86	002382	蓝帆股份	SZ	15.98	5.16	
1011	2010-04-26	52.31	52.82	51.29	51.38	28131	32.12	002383	合众思壮	SZ	52.43	32.77	
1008	2010-04-26	26.47	27.62	25.06	27.22	68018	12.43	002384	东山精密	SZ	26.48	12.09	
1009	2010-04-26	14.85	15.72	14.6	15.36	248735	3.52	002385	大北农	SZ	14.73	3.37	
1013	2010-04-26	23.88	24.48	23.83	24.01	46051	23.54	002386	天原集团	SZ	23.88	23.41	
1013	2010-04-26	21.74	22.05	21.03	21.36	47162	8.98	002387	黑牛食品	SZ	21.62	9.09	
1007	2010-04-26	21.72	22.44	21.49	22.17	37724	11.95	002388	新亚制程	SZ	21.95	11.83	
1007	2010-04-26	10.23	10.46	9.9	10.4	79824	1.65	002389	南洋科技	SZ	10.3	1.64	
1012	2010-04-26	25.06	26.74	23.88	26.52	73638	12.99	002390	信邦制药	SZ	25.06	12.28	
1009	2010-04-26	12.35	12.36	11.58	11.68	295000	2.83	002392	北京利尔	SZ	12.86	3.11	
1012	2010-04-26	57.9	58	52.6	56.79	105981	53.22	002393	力生制药	SZ	58.3	54.63	
1009	2010-04-26	30.1	30.15	27.9	28.01	147994	12.81	002394	联发股份	SZ	31	14.17	
1012	2010-04-26	25.28	25.3	24.13	24.57	28009	15.91	300001	特锐德	SZ	25.57	16.56	
1012	2010-04-26	19.04	19.27	17.97	18.49	303571	4.2	300002	神州泰岳	SZ	19.35	4.39	
1012	2010-04-26	28.09	28.92	27.93	28.39	67375	13.69	300003	乐普医疗	SZ	27.94	13.48	
1009	2010-04-26	25.15	25.49	22.5	22.84	37159	11.29	300004	南风股份	SZ	24.55	12.13	
1008	2010-04-26	8.05	8.05	7.61	7.63	69510	1.19	300005	探路者	SZ	8.05	1.26	
1006	2010-04-26	14.51	14.74	14	14.03	24862	6.93	300006	莱美药业	SZ	14.5	7.16	
1014	2010-04-26	29.01	29.05	27.2	27.38	40641	27	300007	汉威电子	SZ	29.43	29.02	
1013	2010-04-26	20.67	20.92	19.75	20.1	22863	12.83	300008	上海佳豪	SZ	20.82	13.28	
1012	2010-04-26	25.92	25.92	25.12	25.36	14182	15.43	300009	安科生物	SZ	26.05	15.85	
976	2010-04-26	14.52	14.52	13.65	14.13	30788	6.08	300010	立思辰	SZ	14.55	6.26	
1010	2010-04-26	38.65	38.67	36.8	37.33	57634	8.45	300011	鼎汉技术	SZ	40.44	9.15	
1011	2010-04-26	11.03	11.33	10.81	11.18	40461	3.45	300012	华测检测	SZ	11	3.39	
1013	2010-04-26	20.09	20.26	19.13	19.35	9853	12.83	300013	新宁物流	SZ	20.1	13.32	
1013	2010-04-26	24.36	24.68	23.12	23.2	80648	14.26	300015	爱尔眼科	SZ	24.36	14.98	
1012	2010-04-26	11.35	11.5	11.23	11.34	23956	3.44	300016	北陆药业	SZ	11.34	3.44	
1009	2010-04-26	36.8	36.88	34.82	34.92	22371	34.19	300017	网宿科技	SZ	37.78	36.99	
1013	2010-04-26	19.2	19.93	18.04	18.22	57003	11.46	300018	中元华电	SZ	20.21	6.21	
1012	2010-04-26	15.88	15.88	14.82	14.83	50951	4.38	300019	硅宝科技	SZ	16.46	4.86	
1009	2010-04-26	18.6	18.73	17.33	17.43	31676	5.73	300020	银江股份	SZ	18.57	6.11	
1012	2010-04-26	9.85	9.85	9.38	9.48	46106	2.35	300021	大禹节水	SZ	9.9	2.45	
1010	2010-04-26	16.93	17.12	16.75	16.82	23354	4.15	300022	吉峰农机	SZ	16.93	4.18	
1014	2010-04-26	32.55	32.55	30.65	30.65	25547	30.65	300023	宝德股份	SZ	34.05	34.05	
1010	2010-04-26	19.2	19.2	18.19	18.57	54107	8.42	300024	机器人	SZ	19.36	8.78	
1011	2010-04-26	16.95	17.05	15.95	15.95	47319	4.05	300025	华星创业	SZ	17.1	4.35	
1011	2010-04-26	18	18.68	17.11	17.53	80669	2.51	300026	红日药业	SZ	18.22	2.61	
1011	2010-04-26	16.6	17.2	16.13	16.42	51513	3.9	300027	华谊兄弟	SZ	16.67	3.96	
965	2010-04-26	16.66	16.7	16.01	16.22	17097	10.51	300028	金亚科技	SZ	16.6	10.76	
1012	2010-04-26	23.09	23.15	22.15	22.55	18820	22.24	300029	天龙光电	SZ	23.15	22.83	
1013	2010-04-26	31.85	32.97	31.4	32.06	18794	7.86	300030	阳普医疗	SZ	32.31	7.92	
1012	2010-04-26	18.3	18.3	17.45	17.75	19476	11.27	300031	宝通带业	SZ	18.3	11.62	
1012	2010-04-26	12.31	12.34	11.94	12.04	27456	5.74	300032	金龙机电	SZ	12.34	5.88	
1012	2010-04-26	48	49	46.41	47	16069	46.16	300033	同花顺	SZ	48.55	47.69	
1012	2010-04-26	15.97	15.97	15.48	15.67	22910	8.56	300034	钢研高纳	SZ	15.97	8.72	
1014	2010-04-26	22	22	20.59	20.71	24683	10.12	300035	中科电气	SZ	22.22	10.86	
1013	2010-04-26	23.62	24.12	23.28	23.62	16056	14.6	300036	超图软件	SZ	23.54	14.55	
1014	2010-04-26	30.05	31.17	29.62	29.76	28842	17.92	300037	新宙邦	SZ	29.74	17.91	
1014	2010-04-26	18.47	18.47	17.51	17.52	33631	11.35	300038	梅泰诺	SZ	18.93	12.27	
1015	2010-04-26	9.63	9.99	9.38	9.9	67119	2.37	300039	上海凯宝	SZ	9.72	1.41	
1011	2010-04-26	12.73	12.8	12.05	12.05	84123	2.76	300040	九洲电气	SZ	13.39	3.07	
1012	2010-04-26	19.89	19.89	18.95	19.51	27977	7.08	300041	回天胶业	SZ	19.89	7.22	
1011	2010-04-26	21.2	21.23	20.25	20.45	23353	9.97	300042	朗科科技	SZ	21.2	10.33	
995	2010-04-26	9.98	10.2	9.56	9.68	90502	1.01	300043	星辉车模	SZ	10.09	1.05	
1011	2010-04-26	15.7	16.33	15.46	15.93	26491	7.05	300044	赛为智能	SZ	15.85	7.02	
1012	2010-04-26	9.24	9.39	9.15	9.21	32273	2.23	300045	华力创通	SZ	9.29	2.25	
1013	2010-04-26	19.75	19.88	19	19.02	24240	8.33	300046	台基股份	SZ	24.01	10.51	
1012	2010-04-26	10.66	10.9	10.57	10.61	33076	3.18	300047	天源迪科	SZ	10.73	3.21	
1011	2010-04-26	20.54	20.71	19.29	19.39	65518	6.75	300048	合康变频	SZ	20.71	7.21	
1006	2010-04-26	29.73	30.62	29.08	30.15	22486	22.38	300049	福瑞股份	SZ	29.23	21.69	
1011	2010-04-26	34.25	34.33	32.25	32.53	43166	7.91	300050	世纪鼎利	SZ	34.12	8.29	
1009	2010-04-26	7.66	7.8	7.49	7.6	46755	1.18	300051	三五互联	SZ	7.59	1.18	
1013	2010-04-26	19.6	19.83	18.75	18.83	28558	9.07	300052	中青宝	SZ	19.75	9.52	
1012	2010-04-26	13.15	13.69	12.9	13.51	52978	6.7	300053	欧比特	SZ	13.15	6.52	
1014	2010-04-26	9.33	10.07	8.73	10	86202	1.29	300054	鼎龙股份	SZ	9.45	1.22	
1010	2010-04-26	72.8	72.8	65.48	65.48	39661	32.46	300055	万邦达	SZ	72.75	36.06	
1012	2010-04-26	23.52	25.28	23.52	23.94	24959	12.88	300056	三维丝	SZ	23.51	12.65	
990	2010-04-26	10.24	10.37	10.2	10.2	31995	4.98	300057	万顺股份	SZ	10.3	5.03	
957	2010-04-26	16.71	17	16.19	16.19	20031	5.23	300058	蓝色光标	SZ	16.7	5.39	
1013	2010-04-26	18.31	18.31	17.98	17.99	6393	11.24	300061	康耐特	SZ	18.24	11.4	
1010	2010-04-26	16.5	16.5	15.75	15.75	27023	7.57	300062	中能电气	SZ	16.65	8	
1010	2010-04-26	23.08	23.09	22.05	22.21	10848	14.35	300063	天龙集团	SZ	23.2	14.99	
1007	2010-04-26	6.77	6.81	6.61	6.75	59649	1.62	300064	豫金刚石	SZ	6.78	1.63	
1011	2010-04-26	34.6	34.6	33	33.02	9053	21.65	300065	海兰信	SZ	34.67	22.73	
1011	2010-04-26	23.72	23.93	22.2	22.24	33095	7.02	300066	三川股份	SZ	23.73	7.48	
1013	2010-04-26	18.09	18.3	17.34	17.52	43077	11.22	300067	安诺其	SZ	18.32	11.73	
1010	2010-04-26	17.17	17.49	16.25	16.28	234496	6.54	300068	南都电源	SZ	17.09	6.87	
1008	2010-04-26	28.85	29.37	27.95	28.23	442805	4.61	300070	碧水源	SZ	27.93	4.56	
1012	2010-04-26	31.5	31.87	29.04	29.04	105708	4.72	300071	华谊嘉信	SZ	32.27	5.24	
