908	2010-09-30	10.14	10.14	10.14	10.14	0	6.19	1	深发展Ａ	SZ	10.14	6.19	
894	2010-09-30	1.86	1.88	1.86	1.88	361172	0.89	100	TCL 集团	SZ	1.87	0.88	
913	2010-09-30	8	8.39	7.9	8.32	53658	8.32	11	深物业A	SZ	8.17	8.17	
912	2010-09-30	15.44	15.85	15.3	15.8	223086	14.51	12	南 玻Ａ	SZ	15.57	14.3	
912	2010-09-30	10.51	11.07	10.3	10.8	48923	10.7	14	沙河股份	SZ	10.58	10.49	
914	2010-09-30	5.69	5.93	5.66	5.88	30871	5.88	150	宜华地产	SZ	5.74	5.74	
912	2010-09-30	17.96	18.34	17.8	18.18	48420	18.02	151	中成股份	SZ	18.11	17.95	
914	2010-09-30	8.4	8.65	8.36	8.55	34780	8.46	153	丰原药业	SZ	8.44	8.35	
913	2010-09-30	6.5	6.58	6.42	6.55	18959	6.55	155	川化股份	SZ	6.5	6.5	
913	2010-09-30	8	8.2	7.96	8.17	479833	5.82	157	中联重科	SZ	8.08	5.76	
908	2010-09-30	7.41	7.63	7.31	7.58	76132	7.56	158	常山股份	SZ	7.43	7.41	
911	2010-09-30	13.85	14	13.72	13.96	114751	13.58	159	国际实业	SZ	13.94	13.56	
912	2010-09-30	5.89	5.95	5.75	5.85	483760	5.81	16	深康佳Ａ	SZ	6.05	6.01	
904	2010-09-30	10.7	10.97	10.63	10.96	100867	10.22	1696	宗申动力	SZ	10.8	10.07	
901	2010-09-30	6.5	6.79	6.5	6.73	26476	6.73	17	*ST中华A	SZ	6.59	6.59	
913	2010-09-30	8.54	8.74	8.43	8.74	8435	8.74	18	ST中冠A	SZ	8.5	8.5	
907	2010-09-30	5.29	5.4	5.26	5.35	10846	5.35	1896	*ST豫能	SZ	5.3	5.3	
886	2010-09-30	9.83	10.26	9.73	10.13	52629	9.88	19	深深宝Ａ	SZ	9.97	9.72	
913	2010-09-30	7.73	8.4	7.64	8.4	1879535	7.7	2	万 科Ａ	SZ	7.81	7.16	
911	2010-09-30	10.22	10.42	10.1	10.18	31675	10.18	20	深华发Ａ	SZ	10.32	10.32	
905	2010-09-30	21.07	21.53	20.79	21.51	30975	13.43	2001	新 和 成	SZ	21.1	13.18	
876	2010-09-30	7.28	7.42	7.28	7.39	11472	7.39	2002	ST琼花	SZ	7.28	7.28	
896	2010-09-30	36.53	38.19	36.48	37.31	16725	24	2003	伟星股份	SZ	36.48	23.47	
901	2010-09-30	19.65	20.33	19.51	20.33	6384	6.43	2004	华邦制药	SZ	19.67	6.22	
900	2010-09-30	9.55	9.81	9.5	9.73	116862	4.82	2005	德豪润达	SZ	9.61	4.76	
897	2010-09-30	4.53	4.75	4.53	4.69	152294	1.55	2006	精功科技	SZ	4.62	1.53	
903	2010-09-30	49.98	51.15	49.51	51	40914	50.19	2007	华兰生物	SZ	50.41	49.61	
908	2010-09-30	8.65	8.92	8.6	8.9	180661	5.7	2008	大族激光	SZ	8.71	5.58	
903	2010-09-30	12.8	13.06	12.7	13.02	16696	12.97	2009	天奇股份	SZ	12.87	12.82	
903	2010-09-30	7.75	7.95	7.75	7.86	43816	3.85	2010	传化股份	SZ	7.82	3.83	
907	2010-09-30	10.03	10.25	9.89	10.12	76886	4.88	2011	盾安环境	SZ	10.03	4.84	
906	2010-09-30	8.27	8.4	8.21	8.35	105639	3.98	2012	凯恩股份	SZ	8.27	3.94	
906	2010-09-30	10.54	10.86	10.43	10.68	15854	4.86	2014	永新股份	SZ	10.56	4.81	
898	2010-09-30	9.13	9.45	9.07	9.26	29762	9.23	2015	霞客环保	SZ	9.25	9.22	
907	2010-09-30	7.25	7.78	7.2	7.66	178316	5.38	2016	世荣兆业	SZ	7.39	5.19	
892	2010-09-30	15.35	15.55	15.25	15.55	26136	13.88	2017	东信和平	SZ	15.38	13.74	
909	2010-09-30	5.62	5.75	5.59	5.75	70385	3.9	2018	华星化工	SZ	5.64	3.83	
908	2010-09-30	14.45	14.89	14.3	14.75	23007	14.75	2019	鑫富药业	SZ	14.51	14.51	
907	2010-09-30	7.24	7.27	7.07	7.26	32892	3.5	2020	京新药业	SZ	7.24	3.49	
905	2010-09-30	5.02	5.12	4.98	5.11	89462	3.89	2021	中捷股份	SZ	5.02	3.82	
908	2010-09-30	16.04	16.58	16	16.57	45066	15.25	2022	科华生物	SZ	16.16	14.88	
906	2010-09-30	16.38	16.86	16.24	16.83	28293	16.47	2023	海特高新	SZ	16.24	15.89	
907	2010-09-30	15.88	16.06	15.77	15.97	240241	15.51	2024	苏宁电器	SZ	16	15.54	
908	2010-09-30	13.6	14	13.52	13.87	72616	13.5	2025	航天电器	SZ	13.63	13.27	
908	2010-09-30	6.78	6.86	6.75	6.86	15718	3.95	2026	山东威达	SZ	6.76	3.89	
906	2010-09-30	6.02	6.16	6.02	6.16	18228	6.16	2027	七喜控股	SZ	6.06	6.06	
909	2010-09-30	23.1	23.65	23.1	23.55	46848	22.37	2028	思源电气	SZ	23.25	22.08	
906	2010-09-30	14.51	14.91	14.32	14.91	27724	6.41	2029	七 匹 狼	SZ	14.69	6.32	
907	2010-09-30	8.5	8.64	8.47	8.63	74580	5.43	2030	达安基因	SZ	8.45	5.31	
901	2010-09-30	6.6	6.79	6.6	6.74	19454	4.4	2031	巨轮股份	SZ	6.65	4.34	
906	2010-09-30	20.18	20.67	20.18	20.45	4417	17.62	2032	苏 泊 尔	SZ	20.42	17.6	
903	2010-09-30	15.2	15.2	15.2	15.2	1982	8.75	2033	丽江旅游	SZ	13.82	7.96	
908	2010-09-30	12.3	12.65	12.3	12.57	4188	12.03	2034	美 欣 达	SZ	12.53	11.99	
907	2010-09-30	10.3	10.43	10.15	10.41	44969	7.32	2035	华帝股份	SZ	10.3	7.24	
909	2010-09-30	10.33	10.5	10.21	10.47	19186	10.34	2036	宜科科技	SZ	10.36	10.23	
899	2010-09-30	11.16	11.37	11.07	11.24	13708	6.76	2037	久联发展	SZ	11.24	6.76	
912	2010-09-30	25	26.39	24.75	26.08	40054	14.33	2038	双鹭药业	SZ	25.11	13.8	
909	2010-09-30	19.51	19.65	19.31	19.47	6779	19.16	2039	黔源电力	SZ	19.5	19.19	
906	2010-09-30	8.25	8.51	8.21	8.5	13507	8.4	2040	南 京 港	SZ	8.26	8.16	
907	2010-09-30	33.88	34.29	33.51	33.94	23344	16.71	2041	登海种业	SZ	33.94	16.71	
906	2010-09-30	7.33	7.6	7.25	7.52	45124	2.4	2042	华孚色纺	SZ	7.35	2.35	
903	2010-09-30	4.05	4.18	4.03	4.14	30959	2.02	2043	兔 宝 宝	SZ	4.08	1.99	
906	2010-09-30	7.1	7.15	6.9	7.04	60095	4.9	2044	江苏三友	SZ	7.1	4.94	
905	2010-09-30	13.93	14.27	13.67	14.13	26331	8.91	2045	广州国光	SZ	13.95	8.79	
907	2010-09-30	12.85	13.02	12.75	12.96	15236	6.3	2046	轴研科技	SZ	12.88	6.26	
908	2010-09-30	5.32	5.48	5.31	5.46	32424	5.46	2047	成霖股份	SZ	5.41	5.41	
906	2010-09-30	14.5	15.25	14.45	15.22	247528	14.81	2048	宁波华翔	SZ	14.6	14.21	
906	2010-09-30	14.26	14.93	14.15	14.8	38035	6.84	2050	三花股份	SZ	14.26	6.59	
902	2010-09-30	21.7	23.82	21.31	23.59	43499	8.86	2051	中工国际	SZ	21.69	8.15	
900	2010-09-30	5.1	5.18	5.08	5.16	98128	2.55	2052	同洲电子	SZ	5.09	2.52	
906	2010-09-30	12.19	12.43	12.07	12.38	14734	12.27	2053	云南盐化	SZ	12.19	12.08	
908	2010-09-30	13.84	13.93	13.52	13.86	20886	13.34	2054	德美化工	SZ	13.86	13.34	
906	2010-09-30	7.86	8	7.8	7.97	22153	3.91	2055	得润电子	SZ	7.86	3.86	
906	2010-09-30	30.51	31.95	30.3	31.66	140257	31.57	2056	横店东磁	SZ	30.91	30.82	
907	2010-09-30	16.78	17.67	16.77	17.67	52153	17.67	2057	中钢天源	SZ	16.61	16.61	
906	2010-09-30	6.98	7.15	6.96	7.11	25357	3.04	2058	威 尔 泰	SZ	7.11	3.04	
905	2010-09-30	10.48	10.87	10.3	10.41	51289	10.31	2059	云南旅游	SZ	10.38	10.28	
904	2010-09-30	5.78	5.88	5.78	5.85	23803	3.99	2060	粤 水 电	SZ	5.78	3.94	
897	2010-09-30	7.4	7.51	7.37	7.47	29061	4.91	2061	江山化工	SZ	7.37	4.85	
907	2010-09-30	10.58	10.94	10.52	10.86	55890	5.9	2062	宏润建设	SZ	10.65	5.79	
908	2010-09-30	16.66	17.08	16.59	16.88	20013	9.69	2063	远光软件	SZ	16.66	9.56	
908	2010-09-30	10.77	11.07	10.63	10.94	122187	10.7	2064	华峰氨纶	SZ	10.87	10.63	
905	2010-09-30	19.22	19.55	18.52	19.35	22479	12.09	2065	东华软件	SZ	19.17	11.98	
909	2010-09-30	8.07	8.29	8.07	8.26	14789	3.94	2066	瑞泰科技	SZ	8.18	3.9	
906	2010-09-30	3.89	4.03	3.88	3.99	166400	1.95	2067	景兴纸业	SZ	3.95	1.93	
903	2010-09-30	7.25	7.56	7.19	7.47	44428	4.57	2068	黑猫股份	SZ	7.3	4.47	
906	2010-09-30	30.21	30.73	29.34	30.27	135617	19.04	2069	獐 子 岛	SZ	30.13	18.95	
907	2010-09-30	4.02	4.13	4.02	4.1	30315	1.86	2070	众和股份	SZ	4.07	1.85	
904	2010-09-30	8.1	8.69	8.1	8.46	96951	8.4	2071	江苏宏宝	SZ	8.12	8.06	
899	2010-09-30	6.8	6.99	6.73	6.93	10295	6.93	2072	*ST德棉	SZ	6.9	6.9	
906	2010-09-30	20.4	21.4	20	21.01	29021	20.84	2073	软控股份	SZ	20.6	20.43	
907	2010-09-30	7.84	7.94	7.75	7.88	20040	4.3	2074	东源电器	SZ	7.84	4.28	
907	2010-09-30	11.53	11.74	11.48	11.7	26062	11.22	2076	雪 莱 特	SZ	11.62	11.14	
892	2010-09-30	9.58	9.85	9.51	9.76	58496	9.64	2077	大港股份	SZ	9.71	9.59	
904	2010-09-30	11.5	11.64	11.45	11.6	83548	11.05	2078	太阳纸业	SZ	11.5	10.95	
902	2010-09-30	5.66	5.96	5.64	5.96	169543	2.51	2079	苏州固锝	SZ	5.74	2.42	
905	2010-09-30	24.49	26.39	24.41	25.94	45416	12.44	2080	中材科技	SZ	24.64	11.82	
902	2010-09-30	14.19	14.58	13.94	14.36	48257	4.16	2081	金 螳 螂	SZ	14.23	4.11	
908	2010-09-30	12.35	12.63	12.21	12.6	22871	12.05	2082	栋梁新材	SZ	12.42	11.88	
909	2010-09-30	10.5	10.75	10.4	10.72	108039	10.58	2083	孚日股份	SZ	10.56	10.43	
907	2010-09-30	5.85	5.85	5.75	5.81	32613	3.86	2084	海鸥卫浴	SZ	5.79	3.85	
903	2010-09-30	12.2	12.47	11.91	12.3	35698	10.97	2085	万丰奥威	SZ	12.25	10.93	
906	2010-09-30	18.81	19.09	18.65	18.95	45487	18.66	2086	东方海洋	SZ	18.96	18.67	
904	2010-09-30	5.73	5.89	5.71	5.81	32492	5.71	2087	新野纺织	SZ	5.76	5.66	
907	2010-09-30	16.57	17.18	16.57	17.07	23216	16.61	2088	鲁阳股份	SZ	16.73	16.28	
905	2010-09-30	10.8	11.22	10.65	11.17	34641	6	2089	新 海 宜	SZ	10.79	5.8	
849	2010-09-30	13.74	14.1	13.66	14.04	19486	13.76	2090	金智科技	SZ	13.83	13.55	
908	2010-09-30	23.33	24.07	23.18	24.02	34652	19.61	2091	江苏国泰	SZ	23.52	19.2	
901	2010-09-30	13.05	13.37	13.04	13.29	80669	12.67	2092	中泰化学	SZ	13.06	12.45	
906	2010-09-30	6.84	6.99	6.76	6.94	38843	3.46	2093	国脉科技	SZ	6.86	3.42	
908	2010-09-30	11.9	12.17	11.87	12.05	50383	8.02	2094	青岛金王	SZ	11.93	7.94	
909	2010-09-30	20.17	20.83	20.05	20.8	9797	17.05	2095	生 意 宝	SZ	20.38	16.7	
880	2010-09-30	12.65	12.7	12.43	12.6	21704	6.17	2096	南岭民爆	SZ	12.65	6.19	
907	2010-09-30	14.9	15.22	14.85	15.19	34822	15.03	2097	山河智能	SZ	14.86	14.7	
901	2010-09-30	11.26	11.68	11.26	11.61	19160	10.91	2098	浔兴股份	SZ	11.38	10.69	
902	2010-09-30	14.6	14.95	14.52	14.95	28509	7.18	2099	海翔药业	SZ	14.85	7.13	
912	2010-09-30	15.1	15.7	15.05	15.62	194489	15.07	21	长城开发	SZ	15.38	14.84	
902	2010-09-30	11.85	12.12	11.83	12.05	28448	6.98	2100	天康生物	SZ	11.83	6.85	
898	2010-09-30	13.53	13.85	13.53	13.81	6311	6.7	2101	广东鸿图	SZ	13.52	6.56	
904	2010-09-30	6.3	6.53	6.26	6.35	72804	3.17	2102	冠福家用	SZ	6.41	3.2	
906	2010-09-30	8.08	8.29	7.99	8.27	7896	7.94	2103	广博股份	SZ	8.1	7.78	
909	2010-09-30	15.08	15.58	15	15.58	93364	15.29	2104	恒宝股份	SZ	15.16	14.88	
906	2010-09-30	7.42	7.62	7.41	7.61	21505	7.32	2105	信隆实业	SZ	7.47	7.18	
908	2010-09-30	26.06	26.49	25.72	26.36	28986	18.44	2106	莱宝高科	SZ	26.08	18.25	
907	2010-09-30	14.82	15.18	14.79	15.15	12656	15.15	2107	沃华医药	SZ	14.86	14.86	
902	2010-09-30	9.56	9.73	9.44	9.67	20898	5.22	2108	沧州明珠	SZ	9.59	5.18	
904	2010-09-30	10.9	11.18	10.77	11.04	80252	10.58	2109	兴化股份	SZ	11.05	10.58	
899	2010-09-30	11.01	11.33	10.78	11.27	40096	11.23	2110	三钢闽光	SZ	11.11	11.07	
903	2010-09-30	10.4	10.64	10.28	10.56	7715	5.7	2111	威海广泰	SZ	10.46	5.65	
906	2010-09-30	7.48	7.55	7.38	7.53	22408	4.14	2112	三变科技	SZ	7.44	4.1	
909	2010-09-30	16.9	17.18	16.68	17.06	35183	17.06	2114	罗平锌电	SZ	17	17	
902	2010-09-30	8.89	9.06	8.83	9.06	47284	4.8	2115	三维通信	SZ	8.98	4.76	
907	2010-09-30	10.81	11.08	10.66	11.04	12449	5.72	2116	中国海诚	SZ	10.74	5.57	
903	2010-09-30	17.68	18.48	17.29	18.18	66142	10.52	2117	东港股份	SZ	18.47	10.69	
864	2010-09-30	6.68	6.85	6.66	6.84	22261	3.42	2118	紫鑫药业	SZ	6.73	3.37	
901	2010-09-30	10.89	11.07	10.85	11.07	18521	10.95	2119	康强电子	SZ	10.88	10.77	
843	2010-09-30	10	10.1	9.9	10.07	10048	9.91	2120	新海股份	SZ	10.03	9.87	
904	2010-09-30	15.76	16.17	15.66	16.06	36648	10.63	2121	科陆电子	SZ	15.86	10.5	
909	2010-09-30	10.16	10.43	10.11	10.37	46765	9.99	2122	天马股份	SZ	10.18	9.81	
909	2010-09-30	26.53	27.19	26.34	27.04	16626	18.03	2123	荣信股份	SZ	26.57	17.71	
908	2010-09-30	10.41	10.65	10.28	10.6	10868	10.25	2124	天邦股份	SZ	10.46	10.12	
907	2010-09-30	13.66	14.05	13.44	13.76	56366	8.56	2125	湘潭电化	SZ	13.9	8.65	
902	2010-09-30	10.87	11.17	10.83	11	54693	4.15	2126	银轮股份	SZ	10.81	4.08	
907	2010-09-30	7.55	7.67	7.52	7.63	15447	6.29	2127	新民科技	SZ	7.58	6.25	
908	2010-09-30	20.85	21.55	20.72	21.31	51421	19.88	2128	露天煤业	SZ	20.98	19.57	
902	2010-09-30	10.81	10.81	10.27	10.7	87800	7.13	2129	中环股份	SZ	10.82	7.21	
901	2010-09-30	9.34	9.67	9.34	9.62	89641	4.84	2130	沃尔核材	SZ	9.51	4.78	
823	2010-09-30	14.59	14.84	14.28	14.79	124931	14.71	2131	利欧股份	SZ	14.72	14.65	
905	2010-09-30	10.77	11.3	10.66	11.1	171932	5.46	2132	恒星科技	SZ	10.95	5.38	
906	2010-09-30	5.27	5.62	5.25	5.49	54561	4.22	2133	广宇集团	SZ	5.32	4.08	
907	2010-09-30	7.52	7.7	7.48	7.66	21860	7.66	2134	天津普林	SZ	7.5	7.5	
904	2010-09-30	4.65	4.81	4.64	4.72	36761	1.72	2135	东南网架	SZ	4.69	1.71	
906	2010-09-30	8.27	8.48	8.18	8.42	28090	4.18	2136	安 纳 达	SZ	8.35	4.15	
906	2010-09-30	6.72	6.85	6.6	6.82	20522	4.14	2137	实 益 达	SZ	6.75	4.1	
907	2010-09-30	14.45	14.64	14.25	14.5	25158	9.44	2138	顺络电子	SZ	14.6	9.5	
907	2010-09-30	21.36	22.08	21.23	21.81	29583	19.11	2139	拓邦股份	SZ	21.36	18.72	
908	2010-09-30	16.11	17.04	15.94	16.59	111561	10.3	2140	东华科技	SZ	16.14	10.02	
906	2010-09-30	7.87	8.07	7.86	8	15422	4.98	2141	蓉胜超微	SZ	7.99	4.97	
906	2010-09-30	11.6	12.02	11.57	11.99	178553	11.29	2142	宁波银行	SZ	11.59	10.91	
901	2010-09-30	8.25	8.35	8.15	8.35	13000	6.34	2143	高金食品	SZ	8.25	6.26	
908	2010-09-30	20.2	20.5	19.85	20.32	14989	19.68	2144	宏达高科	SZ	20.2	19.57	
847	2010-09-30	9.21	9.58	9.2	9.52	22843	9.52	2145	*ST钛白	SZ	9.29	9.29	
904	2010-09-30	7.61	8.15	7.5	7.92	263743	5.92	2146	荣盛发展	SZ	7.7	5.76	
907	2010-09-30	12.88	13.5	12.86	13.46	17190	12.91	2147	方圆支承	SZ	13	12.46	
907	2010-09-30	12.18	12.43	12.13	12.43	17859	4.02	2148	北纬通信	SZ	12.19	3.94	
907	2010-09-30	24	24.58	23.68	24.57	19424	24.25	2149	西部材料	SZ	24.13	23.81	
908	2010-09-30	8.19	8.36	8.15	8.36	13914	4.97	2150	江苏通润	SZ	8.26	4.91	
902	2010-09-30	24.3	24.83	23.95	24.82	8905	13.53	2151	北斗星通	SZ	24.31	13.25	
909	2010-09-30	19.69	20.1	19.46	19.92	25227	8.79	2152	广电运通	SZ	19.92	8.79	
908	2010-09-30	28.99	29.38	28.62	29.02	6586	20.7	2153	石基信息	SZ	28.75	20.5	
901	2010-09-30	13.4	13.76	13.08	13.75	33974	6.55	2154	报 喜 鸟	SZ	13.51	6.43	
906	2010-09-30	15.71	16.43	15.66	16.32	365045	8.76	2155	辰州矿业	SZ	15.96	8.57	
905	2010-09-30	8.65	8.88	8.65	8.86	24301	5.49	2156	通富微电	SZ	8.75	5.43	
908	2010-09-30	10.11	10.51	10.11	10.48	23388	6.44	2157	正邦科技	SZ	10.17	6.25	
909	2010-09-30	19.7	20.17	19.7	20.08	6767	14.23	2158	汉钟精机	SZ	19.91	14.11	
908	2010-09-30	20.8	21.34	20.2	21.23	12185	21.03	2159	三特索道	SZ	20.95	20.76	
905	2010-09-30	8.88	9.18	8.87	9.04	147808	3.34	2161	远 望 谷	SZ	8.91	3.29	
907	2010-09-30	11.9	12.24	11.8	12.12	38993	12.07	2162	斯 米 克	SZ	12	11.95	
900	2010-09-30	7.75	7.93	7.7	7.86	52789	3.86	2163	中航三鑫	SZ	7.8	3.83	
907	2010-09-30	7.95	8.27	7.91	8.26	33070	4.05	2164	东力传动	SZ	7.99	3.92	
906	2010-09-30	9.06	9.24	8.99	9.19	31781	4.96	2165	红 宝 丽	SZ	9.08	4.9	
904	2010-09-30	30.94	31.5	30.31	31.45	33951	31.45	2166	莱茵生物	SZ	30.93	30.93	
908	2010-09-30	13.27	13.94	13.15	13.85	185711	6.9	2167	东方锆业	SZ	13.35	6.65	
907	2010-09-30	8.33	8.53	8.25	8.42	100381	3.57	2168	深圳惠程	SZ	8.4	3.57	
905	2010-09-30	12.17	12.51	12.17	12.47	19851	8.29	2169	智光电气	SZ	12.27	8.15	
905	2010-09-30	5.9	6.13	5.85	6.09	63284	2.5	2170	芭田股份	SZ	5.98	2.46	
908	2010-09-30	14.5	14.92	14.4	14.88	26262	14.77	2171	精诚铜业	SZ	14.65	14.55	
905	2010-09-30	9.2	9.42	9.1	9.4	38266	9.4	2172	澳洋科技	SZ	9.25	9.25	
909	2010-09-30	8.9	8.92	8.66	8.84	22657	4.39	2173	山 下 湖	SZ	8.91	4.43	
906	2010-09-30	15.41	15.77	15.3	15.68	5672	15.62	2174	梅 花 伞	SZ	15.52	15.46	
901	2010-09-30	14.9	15.28	14.8	15.18	7912	15.03	2175	广陆数测	SZ	14.89	14.74	
896	2010-09-30	8.08	8.42	7.88	8.32	298631	2.3	2176	江特电机	SZ	8.17	2.25	
902	2010-09-30	4.99	4.99	4.86	4.95	67280	1.7	2177	御银股份	SZ	5.01	1.73	
908	2010-09-30	12.66	13.06	12.6	12.93	62119	9.2	2178	延华智能	SZ	12.96	9.23	
908	2010-09-30	17.5	18.98	17.5	18.85	117736	18.56	2179	中航光电	SZ	17.77	17.5	
907	2010-09-30	13.19	13.53	13.04	13.51	7599	8.88	2180	万 力 达	SZ	13.17	8.65	
904	2010-09-30	14.8	15.18	14.5	15.1	50325	14.91	2181	粤 传 媒	SZ	14.8	14.62	
908	2010-09-30	10.13	10.59	10.05	10.58	56202	6.97	2182	云海金属	SZ	10.29	6.79	
899	2010-09-30	9.23	9.51	9.2	9.49	55550	6.13	2183	怡 亚 通	SZ	9.29	6.01	
909	2010-09-30	13.1	13.33	13	13.29	11980	13.02	2184	海得控制	SZ	13.1	12.83	
904	2010-09-30	6.45	6.62	6.41	6.61	111924	4.04	2185	华天科技	SZ	6.51	3.98	
909	2010-09-30	15.56	15.93	15.56	15.88	9963	7.23	2186	全 聚 德	SZ	15.69	7.15	
908	2010-09-30	17.58	17.67	17.29	17.66	19690	9.28	2187	广百股份	SZ	17.61	9.25	
881	2010-09-30	10.21	10.61	10.11	10.54	31734	10.54	2188	新 嘉 联	SZ	10.21	10.21	
908	2010-09-30	11.8	12.17	11.72	12.1	42934	12.06	2189	利达光电	SZ	11.89	11.85	
907	2010-09-30	29.15	29.99	28.46	29.31	90332	22.25	2190	成飞集成	SZ	29.69	22.54	
906	2010-09-30	10.3	10.55	10.25	10.51	26369	9.96	2191	劲嘉股份	SZ	10.35	9.81	
904	2010-09-30	39.1	40.38	38.85	39.96	27400	39.88	2192	路翔股份	SZ	39.82	39.74	
908	2010-09-30	15.32	15.56	15.28	15.56	14594	15.5	2193	山东如意	SZ	15.32	15.26	
909	2010-09-30	15.17	15.98	15.02	15.89	78910	14.9	2194	武汉凡谷	SZ	15.22	14.28	
908	2010-09-30	13.33	14.33	13.33	14.07	22773	9.19	2195	海隆软件	SZ	13.17	8.6	
903	2010-09-30	13.9	14.13	13.75	14.08	12809	9.04	2196	方正电机	SZ	13.89	8.91	
904	2010-09-30	11.82	11.9	11.62	11.78	27008	7.24	2197	证通电子	SZ	11.95	7.35	
906	2010-09-30	6.27	6.48	6.2	6.42	43694	2.53	2198	嘉应制药	SZ	6.27	2.47	
906	2010-09-30	11.59	11.92	11.59	11.88	7144	7.75	2199	东晶电子	SZ	11.76	7.67	
913	2010-09-30	13.35	13.75	13.26	13.54	23961	12.33	22	深赤湾Ａ	SZ	13.35	12.15	
885	2010-09-30	35.21	39.13	35.02	38.6	32227	38.6	2200	绿 大 地	SZ	35.57	35.57	
870	2010-09-30	9.92	10.22	9.92	10.22	16125	7.85	2201	九鼎新材	SZ	10.02	7.69	
907	2010-09-30	18.77	19.29	18.63	19.26	145470	18.48	2202	金风科技	SZ	18.96	18.19	
882	2010-09-30	10.33	10.49	10.22	10.43	22465	4.49	2204	华锐铸钢	SZ	10.36	4.46	
905	2010-09-30	23.76	24.13	23.6	24.07	3450	23.78	2205	国统股份	SZ	23.78	23.49	
903	2010-09-30	11.81	12.12	11.6	11.94	29202	7.07	2206	海 利 得	SZ	11.91	7.05	
908	2010-09-30	21.55	21.95	21.3	21.92	6204	21.76	2207	准油股份	SZ	21.63	21.47	
906	2010-09-30	11.11	11.97	11.03	11.79	55801	11.27	2208	合肥城建	SZ	11.36	10.86	
906	2010-09-30	11.23	11.55	11.23	11.53	10481	11.36	2209	达 意 隆	SZ	11.36	11.2	
908	2010-09-30	7.71	7.92	7.65	7.86	23755	5.9	2210	飞马国际	SZ	7.72	5.79	
905	2010-09-30	9.04	9.26	8.93	9.2	12621	6.13	2211	宏达新材	SZ	9.04	6.03	
902	2010-09-30	7.89	8.24	7.8	8.12	19613	3.92	2212	南洋股份	SZ	7.91	3.82	
907	2010-09-30	10.52	10.78	10.35	10.7	14464	10.54	2213	特 尔 佳	SZ	10.6	10.44	
883	2010-09-30	16.5	16.72	16.45	16.58	6938	8.06	2214	大立科技	SZ	16.57	8.05	
902	2010-09-30	12.58	12.58	12.17	12.52	7188	5	2215	诺 普 信	SZ	12.58	5.02	
905	2010-09-30	18.95	19.44	18.85	19.4	9114	9.41	2216	三全食品	SZ	19	9.22	
907	2010-09-30	7.08	7.21	7.07	7.12	50985	4.64	2217	联合化工	SZ	7.09	4.62	
906	2010-09-30	14.93	15.22	14.87	15.19	24191	10.1	2218	拓日新能	SZ	14.93	9.93	
907	2010-09-30	7.58	7.63	7.35	7.57	71043	3.75	2219	独 一 味	SZ	7.6	3.76	
909	2010-09-30	9.6	9.77	9.35	9.74	40058	4.73	2220	天宝股份	SZ	9.62	4.68	
902	2010-09-30	5.14	5.2	5.09	5.18	59618	2.55	2221	东华能源	SZ	5.21	2.57	
909	2010-09-30	7.41	7.59	7.41	7.54	33983	4.81	2222	福晶科技	SZ	7.46	4.76	
908	2010-09-30	19.04	19.66	19.04	19.65	17936	9.35	2223	鱼跃医疗	SZ	19.04	9.06	
905	2010-09-30	7.79	7.99	7.78	7.96	8989	4.28	2224	三 力 士	SZ	7.86	4.22	
901	2010-09-30	8.38	8.52	8.3	8.49	19194	6.41	2225	濮耐股份	SZ	8.42	6.36	
900	2010-09-30	14.41	14.64	14.39	14.49	15917	9.01	2226	江南化工	SZ	14.47	8.99	
903	2010-09-30	10.13	10.34	10.01	10.32	15454	6.25	2228	合兴包装	SZ	10.12	6.13	
904	2010-09-30	7.31	7.45	7.3	7.44	12424	3.73	2229	鸿博股份	SZ	7.3	3.66	
903	2010-09-30	23.72	24.08	23	23.2	111602	5.9	2230	科大讯飞	SZ	23.84	6.06	
907	2010-09-30	6.75	6.99	6.66	6.93	65848	3.26	2231	奥维通信	SZ	6.68	3.14	
906	2010-09-30	11	12.15	10.87	12.15	201809	8.67	2232	启明信息	SZ	11.04	7.88	
906	2010-09-30	6.62	6.72	6.59	6.68	31235	3.22	2233	塔牌集团	SZ	6.66	3.21	
904	2010-09-30	8.14	8.47	8.14	8.38	19725	3.9	2234	民和股份	SZ	8.31	3.87	
905	2010-09-30	12.6	13.19	12.6	13.05	16660	12.64	2235	安妮股份	SZ	12.96	12.56	
907	2010-09-30	9.57	9.69	9.31	9.67	52237	1.13	2236	大华股份	SZ	9.59	1.12	
907	2010-09-30	25.99	27.1	25.98	26.91	149835	13.27	2237	恒邦股份	SZ	25.91	12.78	
905	2010-09-30	19.9	20.28	19.59	19.98	17780	16.43	2238	天威视讯	SZ	20.25	16.65	
901	2010-09-30	10.73	10.9	10.71	10.85	8736	10.79	2239	金 飞 达	SZ	10.82	10.76	
908	2010-09-30	6.19	6.31	6.13	6.26	52291	3.91	2240	威华股份	SZ	6.18	3.86	
907	2010-09-30	10.52	10.66	10.47	10.62	24344	2.87	2241	歌尔声学	SZ	10.56	2.85	
906	2010-09-30	17.14	17.6	17	17.53	31682	14.19	2242	九阳股份	SZ	17.13	13.86	
904	2010-09-30	12.7	12.95	12.65	12.74	13725	12.56	2243	通产丽星	SZ	12.82	12.64	
909	2010-09-30	9.28	10.28	9.17	10.2	114684	10	2244	滨江集团	SZ	9.4	9.21	
906	2010-09-30	6.45	6.64	6.43	6.61	35080	3.25	2245	澳洋顺昌	SZ	6.47	3.18	
862	2010-09-30	18.5	18.98	18.23	18.61	12332	18.13	2246	北化股份	SZ	18.65	18.17	
909	2010-09-30	9.94	10.16	9.78	10	58655	4.68	2247	帝龙新材	SZ	10.15	4.74	
906	2010-09-30	25.74	26	25.5	26	21447	25.83	2248	华东数控	SZ	25.82	25.65	
903	2010-09-30	20.39	20.7	20	20.62	27152	12.93	2249	大洋电机	SZ	20.41	12.8	
899	2010-09-30	18.97	19.13	18.57	19.13	20908	9.62	2250	联化科技	SZ	19.03	9.57	
908	2010-09-30	13.02	13.32	13	13.25	14798	6.53	2251	步 步 高	SZ	13.18	6.49	
908	2010-09-30	19.59	20.18	19.44	20.18	46685	6.41	2252	上海莱士	SZ	19.59	6.22	
904	2010-09-30	30.54	31.06	30.31	30.99	4439	18.62	2253	川大智胜	SZ	31.04	18.66	
908	2010-09-30	13.73	14.09	13.66	13.96	59110	6.62	2254	烟台氨纶	SZ	13.86	6.57	
904	2010-09-30	20.34	20.69	20.04	20.68	12410	10.1	2255	海陆重工	SZ	20.35	9.94	
801	2010-09-30	7.18	7.28	7.18	7.25	26482	5.98	2256	彩虹精化	SZ	7.22	5.95	
908	2010-09-30	18.46	19	18.38	18.82	16068	18.68	2258	利尔化学	SZ	18.61	18.47	
906	2010-09-30	4.19	4.29	4.14	4.23	185606	2.35	2259	升达林业	SZ	4.22	2.34	
907	2010-09-30	12.56	12.68	12.4	12.62	15702	12.3	2260	伊 立 浦	SZ	12.54	12.22	
904	2010-09-30	18.28	18.43	17.85	18.35	16478	9.32	2261	拓维信息	SZ	18.32	9.3	
909	2010-09-30	20.19	20.28	20	20.16	10634	15.99	2262	恩华药业	SZ	20.21	16.03	
905	2010-09-30	8.23	8.53	8.22	8.33	57949	6.78	2263	大 东 南	SZ	8.33	6.78	
903	2010-09-30	6.85	7.02	6.85	6.98	14438	2.26	2264	新 华 都	SZ	6.85	2.22	
906	2010-09-30	9.61	9.81	9.52	9.76	15080	9.75	2265	西仪股份	SZ	9.65	9.64	
899	2010-09-30	4.17	4.41	4.16	4.37	95343	0.5	2266	浙富股份	SZ	4.2	0.48	
908	2010-09-30	9.65	9.81	9.59	9.79	62603	4.59	2267	陕天然气	SZ	9.64	4.52	
908	2010-09-30	21.62	22.12	21.28	21.88	15936	16.59	2268	卫 士 通	SZ	21.91	16.62	
907	2010-09-30	27.63	28.89	27.35	28.8	21397	26.08	2269	美邦服饰	SZ	27.5	24.9	
909	2010-09-30	13.38	13.92	13.18	13.77	25902	10.32	2270	法因数控	SZ	13.55	10.15	
904	2010-09-30	14.24	14.51	14.09	14.5	19506	7.08	2271	东方雨虹	SZ	14.24	6.96	
908	2010-09-30	7.65	7.71	7.55	7.67	18768	2.53	2272	川润股份	SZ	7.65	2.52	
904	2010-09-30	11.69	11.93	11.68	11.87	34629	3.75	2273	水晶光电	SZ	11.68	3.69	
905	2010-09-30	11	11.29	10.86	11.16	19762	11.09	2274	华昌化工	SZ	11.02	10.95	
907	2010-09-30	18.89	19.34	18.85	19.18	23117	13.36	2275	桂林三金	SZ	18.98	13.23	
888	2010-09-30	7.78	7.83	7.67	7.81	36029	4.24	2276	万马电缆	SZ	7.82	4.25	
903	2010-09-30	15.53	16.17	15.45	16.04	57814	9.7	2277	友阿股份	SZ	15.69	9.49	
914	2010-09-30	10.98	11.36	10.98	11.22	14227	8.17	2278	神开股份	SZ	11.64	8.48	
913	2010-09-30	15.62	15.87	15.56	15.79	12365	9.34	2279	久其软件	SZ	16.16	9.56	
909	2010-09-30	26.5	26.98	25.8	26.72	11256	25.29	2280	新世纪	SZ	26.78	25.35	
895	2010-09-30	34.77	35.37	34.72	35.1	5363	34.27	2281	光迅科技	SZ	35.02	34.19	
907	2010-09-30	10.28	10.5	10.27	10.45	8181	7.81	2282	博深工具	SZ	10.32	7.71	
900	2010-09-30	10.18	10.6	10.1	10.5	114893	5.21	2283	天润曲轴	SZ	10.12	5.03	
894	2010-09-30	12.33	12.67	12.19	12.63	19400	8.18	2284	亚太股份	SZ	12.43	8.05	
908	2010-09-30	17.69	18.85	17.64	18.63	30240	9.14	2285	世联地产	SZ	17.98	8.83	
908	2010-09-30	19.98	20.82	19.92	20.7	9966	15.67	2286	保龄宝	SZ	20.19	15.29	
906	2010-09-30	29.45	30.98	28.53	30.13	141684	28.92	2287	奇正藏药	SZ	29.27	28.09	
903	2010-09-30	6.08	6.24	6.08	6.22	16737	2.65	2288	超华科技	SZ	6.17	2.63	
905	2010-09-30	24	24.35	23.92	24.3	6051	24.26	2289	宇顺电子	SZ	24.01	23.97	
907	2010-09-30	19	19.39	18.93	19.26	9324	13.41	2290	禾盛新材	SZ	18.97	13.2	
907	2010-09-30	13.81	13.98	13.64	13.82	9049	10.52	2291	星期六	SZ	13.87	10.55	
908	2010-09-30	12.19	12.37	12.12	12.32	22447	4.95	2292	奥飞动漫	SZ	12.19	4.89	
909	2010-09-30	36.12	37.19	35.75	36.97	4848	16.92	2293	罗莱家纺	SZ	36.5	16.71	
909	2010-09-30	24.13	24.72	23.98	24.61	25994	8	2294	信立泰	SZ	24.3	7.9	
905	2010-09-30	11.35	11.5	11.3	11.5	11110	7.58	2295	精艺股份	SZ	11.33	7.47	
829	2010-09-30	31.76	32.59	31.76	32.47	4212	18.6	2296	辉煌科技	SZ	32.03	18.35	
913	2010-09-30	15.33	15.68	14.99	15.6	39005	10.36	2297	博云新材	SZ	15.49	10.29	
907	2010-09-30	6.55	6.75	6.55	6.72	27686	3.31	2298	鑫龙电器	SZ	6.64	3.27	
903	2010-09-30	13.74	13.98	13.65	13.93	22396	6.74	2299	圣农发展	SZ	13.9	6.73	
907	2010-09-30	8.05	8.28	8	8.16	21919	8.09	23	深天地Ａ	SZ	8.09	8.02	
912	2010-09-30	12.83	13.01	12.75	12.99	13617	7.82	2300	太阳电缆	SZ	12.94	7.79	
910	2010-09-30	9.05	9.4	8.95	9.35	27152	4.6	2301	齐心文具	SZ	9.05	4.45	
905	2010-09-30	16.47	16.82	16.29	16.82	18152	12.87	2302	西部建设	SZ	16.45	12.58	
907	2010-09-30	18.19	18.63	18.06	18.55	7376	9.07	2303	美盈森	SZ	18.39	9	
905	2010-09-30	84.7	86.08	84.55	85.41	12892	33.94	2304	洋河股份	SZ	84.7	33.66	
906	2010-09-30	5.99	6.2	5.92	6.11	20585	2.95	2305	南国置业	SZ	6.05	2.92	
900	2010-09-30	6.12	6.24	6.1	6.23	44019	1.4	2306	湘鄂情	SZ	6.13	1.38	
902	2010-09-30	12.51	12.77	12.4	12.75	26074	6.34	2307	北新路桥	SZ	12.52	6.23	
905	2010-09-30	10.1	10.25	10.02	10.21	56620	4.83	2308	威创股份	SZ	10.18	4.82	
905	2010-09-30	14.41	14.59	14.27	14.55	28894	7.11	2309	中利科技	SZ	14.4	7.04	
901	2010-09-30	26.58	27.33	26.36	27.17	38957	6.78	2310	东方园林	SZ	26.53	6.62	
901	2010-09-30	10.69	11.04	10.58	10.87	18093	4.05	2311	海大集团	SZ	10.82	4.03	
912	2010-09-30	9.66	9.72	9.5	9.67	26860	3.11	2312	三泰电子	SZ	9.65	3.1	
907	2010-09-30	15.38	15.58	15.3	15.57	10258	5.73	2313	日海通讯	SZ	15.35	5.65	
907	2010-09-30	16.89	17.18	16.8	17.11	8907	16.53	2314	雅致股份	SZ	16.89	16.32	
908	2010-09-30	67.78	70	67.04	68.91	4945	65.02	2315	焦点科技	SZ	68.5	64.63	
906	2010-09-30	7.78	8	7.74	7.95	14744	3.1	2316	键桥通讯	SZ	7.85	3.06	
906	2010-09-30	14.48	14.81	14.33	14.8	15603	4.48	2317	众生药业	SZ	14.48	4.39	
905	2010-09-30	13.73	13.9	13.61	13.88	14313	9.05	2318	久立特材	SZ	13.75	8.97	
907	2010-09-30	10.85	11.05	10.85	10.98	11794	5.33	2319	乐通股份	SZ	10.95	5.32	
908	2010-09-30	19.95	20.34	19.71	20.16	15486	9.29	2320	海峡股份	SZ	20.18	9.3	
907	2010-09-30	9.43	9.54	9.32	9.52	16054	4.62	2321	华英农业	SZ	9.41	4.57	
907	2010-09-30	17.37	17.61	17.13	17.5	13692	4.18	2322	理工监测	SZ	17.5	4.18	
908	2010-09-30	22	22.27	22	22.23	3527	15.72	2323	中联电气	SZ	22.07	15.6	
910	2010-09-30	17.85	18.3	17.75	18.2	15697	8.95	2324	普利特	SZ	17.85	8.77	
905	2010-09-30	7.29	7.44	7.2	7.33	16076	1.6	2325	洪涛股份	SZ	7.33	1.6	
908	2010-09-30	30.94	31.84	30.94	31.31	5533	17.23	2326	永太科技	SZ	31.22	17.18	
908	2010-09-30	18.97	19.15	18.61	18.92	11375	7.45	2327	富安娜	SZ	18.99	7.48	
907	2010-09-30	11.24	11.46	11.15	11.43	11804	7.28	2328	新朋股份	SZ	11.25	7.17	
907	2010-09-30	19.5	19.9	18.75	19.57	9468	9.54	2329	皇氏乳业	SZ	19.6	9.56	
909	2010-09-30	9.14	9.36	9.06	9.35	12339	4.55	2330	得利斯	SZ	9.2	4.48	
903	2010-09-30	9.92	10.08	9.89	10.07	8018	3.54	2331	皖通科技	SZ	9.93	3.49	
904	2010-09-30	16.26	16.55	16.12	16.41	46576	15.58	2332	仙琚制药	SZ	16.36	15.53	
906	2010-09-30	14.95	15.22	14.8	15.21	16780	14.63	2333	罗普斯金	SZ	14.94	14.37	
904	2010-09-30	17.74	19.16	17.64	18.74	57421	6.27	2334	英威腾	SZ	17.74	5.93	
905	2010-09-30	17.27	17.71	17.15	17.58	10827	5.94	2335	科华恒盛	SZ	17.48	5.9	
906	2010-09-30	26.4	27.23	26.4	27.06	9866	25.65	2336	人人乐	SZ	26.75	25.36	
909	2010-09-30	16.79	17.06	16.61	16.92	6798	9.89	2337	赛象科技	SZ	16.7	9.76	
908	2010-09-30	25.7	26.13	25.63	26.07	4236	16.57	2338	奥普光电	SZ	25.89	16.45	
908	2010-09-30	9.02	9.19	8.99	9.13	13862	2.17	2339	积成电子	SZ	9.18	2.18	
903	2010-09-30	10.15	10.37	10.06	10.35	20783	1.92	2340	格林美	SZ	10.15	1.88	
902	2010-09-30	9.88	10.31	9.77	10.31	32865	2.46	2341	新纶科技	SZ	9.92	2.36	
902	2010-09-30	8.34	8.5	8.31	8.48	15510	4.15	2342	巨力索具	SZ	8.4	4.11	
909	2010-09-30	14.94	15.08	14.81	15.03	5423	6.91	2343	禾欣股份	SZ	14.89	6.84	
907	2010-09-30	13.27	14.5	13.27	14.07	51381	3.28	2344	海宁皮城	SZ	13.69	3.19	
903	2010-09-30	18.9	19.1	18.4	18.97	35380	8.79	2345	潮宏基	SZ	18.9	8.76	
908	2010-09-30	8.12	8.24	8.07	8.12	14967	3.89	2346	柘中建设	SZ	8.12	3.9	
906	2010-09-30	12.22	12.4	12.07	12.27	9021	6.47	2347	泰尔重工	SZ	12.27	6.46	
908	2010-09-30	6.31	6.37	6.25	6.34	16990	1.86	2348	高乐股份	SZ	6.31	1.86	
906	2010-09-30	11.84	12.04	11.81	11.93	9853	4.68	2349	精华制药	SZ	11.93	4.68	
906	2010-09-30	13.86	14.02	13.59	13.91	11429	7.72	2350	北京科锐	SZ	13.76	7.64	
906	2010-09-30	14.88	15.14	14.59	15.14	50873	7.08	2351	漫步者	SZ	14.95	6.99	
906	2010-09-30	27.71	28.19	27	28	5115	26.14	2352	鼎泰新材	SZ	27.7	25.86	
908	2010-09-30	21.9	22.69	21.65	22.52	34082	4.2	2353	杰瑞股份	SZ	21.88	4.08	
905	2010-09-30	19.66	20.06	19.66	20.02	5683	19.78	2354	科冕木业	SZ	19.66	19.43	
904	2010-09-30	7.03	7.15	6.95	7.11	18965	3.36	2355	兴民钢圈	SZ	7.04	3.33	
908	2010-09-30	30.95	31.37	30.8	31.31	4258	30.3	2356	浩宁达	SZ	31.22	30.22	
896	2010-09-30	10.44	10.65	10.4	10.6	16840	5.02	2357	富临运业	SZ	10.4	4.93	
907	2010-09-30	13.56	13.86	13.35	13.7	7097	3.63	2358	森源电气	SZ	13.47	3.57	
689	2010-09-30	6.76	6.91	6.7	6.83	9510	2.19	2359	齐星铁塔	SZ	6.82	2.19	
885	2010-09-30	21.46	21.97	21.21	21.37	34770	3.36	2360	同德化工	SZ	21.14	3.33	
906	2010-09-30	6.17	6.31	6.17	6.28	12914	1.63	2361	神剑股份	SZ	6.17	1.6	
908	2010-09-30	40.2	41.15	40.1	41	17540	20.5	2362	汉王科技	SZ	40.53	20.27	
906	2010-09-30	19	19.34	18.9	19.17	4945	18.94	2363	隆基机械	SZ	19	18.77	
907	2010-09-30	11.17	11.37	11.16	11.33	8849	3.59	2364	中恒电气	SZ	11.28	3.57	
909	2010-09-30	15.97	16.22	15.97	16.11	7664	7.65	2365	永安药业	SZ	15.96	7.58	
906	2010-09-30	18.31	18.69	18.28	18.6	5009	16.86	2366	丹甫股份	SZ	18.45	16.73	
904	2010-09-30	6.44	6.51	6.34	6.45	21187	1.2	2367	康力电梯	SZ	6.47	1.21	
904	2010-09-30	17.83	18.05	17.83	17.92	27360	7.13	2368	太极股份	SZ	17.92	7.12	
907	2010-09-30	14.94	15.15	14.83	15.1	7839	7.17	2369	卓翼科技	SZ	14.94	7.09	
907	2010-09-30	11.86	12.15	11.82	12.04	10412	6.95	2370	亚太药业	SZ	11.86	6.85	
903	2010-09-30	15.51	15.71	15.38	15.43	31468	3.24	2371	七星电子	SZ	15.53	3.26	
901	2010-09-30	14.28	14.7	14.22	14.61	14006	9.89	2372	伟星新材	SZ	14.31	9.69	
906	2010-09-30	13.75	14.24	13.7	14.19	8981	7.04	2373	联信永益	SZ	14.07	6.98	
902	2010-09-30	10.3	10.75	10.3	10.59	15702	3.47	2374	丽鹏股份	SZ	10.49	3.43	
906	2010-09-30	23.89	24.6	23.43	24.52	45026	8.03	2375	亚厦股份	SZ	24.06	7.89	
906	2010-09-30	10.39	10.81	10.34	10.73	33589	2.58	2376	新北洋	SZ	10.51	2.52	
904	2010-09-30	10.05	10.05	9.7	9.78	8391	4.77	2377	国创高新	SZ	9.55	4.65	
904	2010-09-30	30.2	32.8	29.8	32.41	56514	31.43	2378	章源钨业	SZ	30.62	29.69	
904	2010-09-30	9.74	9.97	9.68	9.94	24884	2.45	2379	鲁丰股份	SZ	9.93	2.45	
908	2010-09-30	46.09	47.18	45.61	46.88	4342	45.95	2380	科远股份	SZ	46.1	45.19	
908	2010-09-30	10.1	10.3	10.06	10.3	11972	3.14	2381	双箭股份	SZ	10.17	3.1	
885	2010-09-30	11.33	11.37	11.14	11.29	11033	3.65	2382	蓝帆股份	SZ	11.27	3.64	
906	2010-09-30	33.32	33.69	32.99	33.68	13306	21.05	2383	合众思壮	SZ	33.33	20.84	
904	2010-09-30	25.93	26.36	25.57	26.27	21369	12.07	2384	东山精密	SZ	25.97	11.93	
907	2010-09-30	10.33	10.65	10.26	10.61	44061	2.47	2385	大北农	SZ	10.39	2.42	
909	2010-09-30	15.05	15.26	14.9	15.2	29447	14.9	2386	天原集团	SZ	15.09	14.79	
908	2010-09-30	17.22	18.07	17.18	17.65	45667	7.42	2387	黑牛食品	SZ	17.22	7.24	
903	2010-09-30	15.47	15.91	15.39	15.79	12426	8.51	2388	新亚制程	SZ	15.51	8.36	
903	2010-09-30	8.83	8.91	8.8	8.9	26933	1.42	2389	南洋科技	SZ	8.89	1.41	
908	2010-09-30	20	20.19	19.7	19.88	14100	9.74	2390	信邦制药	SZ	20	9.8	
908	2010-09-30	15.51	15.68	15.49	15.62	25084	7.4	2391	长青股份	SZ	15.59	7.38	
904	2010-09-30	8.93	9.12	8.88	9.02	22299	2.19	2392	北京利尔	SZ	8.92	2.16	
908	2010-09-30	42.2	42.78	42	42.62	6906	39.94	2393	力生制药	SZ	42.2	39.54	
905	2010-09-30	20.39	20.75	20.31	20.72	10509	9.47	2394	联发股份	SZ	20.45	9.35	
908	2010-09-30	13.57	14.02	13.5	14	29422	6.74	2396	星网锐捷	SZ	13.5	6.5	
907	2010-09-30	27.11	27.86	27.06	27.48	19886	16.41	2397	梦洁家纺	SZ	27.38	16.35	
909	2010-09-30	11.23	11.33	11.02	11.18	36916	4.97	2398	建研集团	SZ	11.26	5.01	
907	2010-09-30	60.5	62.4	60.3	61.96	11554	28.24	2399	海普瑞	SZ	61	27.8	
914	2010-09-30	16.22	17.49	16.2	17.33	350557	16.94	24	招商地产	SZ	16.25	15.88	
908	2010-09-30	8.79	8.88	8.76	8.85	27281	1.81	2400	省广股份	SZ	8.79	1.79	
907	2010-09-30	16.01	16.35	16.01	16.28	5933	6.69	2402	和而泰	SZ	16.09	6.62	
904	2010-09-30	15.84	16.07	15.8	16.01	7564	15.81	2403	爱仕达	SZ	15.85	15.65	
907	2010-09-30	9.25	9.38	9.18	9.33	9945	4.26	2404	嘉欣丝绸	SZ	9.23	4.21	
905	2010-09-30	27.31	27.73	26.46	27.64	18245	13.07	2407	多氟多	SZ	27.4	12.96	
907	2010-09-30	16.04	16.35	15.86	16.17	47819	7.1	2408	齐翔腾达	SZ	16.17	7.1	
907	2010-09-30	17.8	18.27	17.8	18.11	5379	11.67	2409	雅克科技	SZ	17.88	11.52	
907	2010-09-30	17.44	17.95	16.9	17.78	63327	5.61	2410	广联达	SZ	17.44	5.5	
905	2010-09-30	10.74	10.74	10.41	10.7	35765	3.88	2411	九九久	SZ	10.81	3.92	
906	2010-09-30	12.51	12.83	12.51	12.71	17789	8.22	2413	常发股份	SZ	12.59	8.13	
906	2010-09-30	13.66	13.85	13.52	13.74	33144	6.28	2414	高德红外	SZ	13.73	6.27	
687	2010-09-30	8.94	9.12	8.88	9.04	86896	1.03	2415	海康威视	SZ	8.88	1.02	
906	2010-09-30	9.11	9.23	9.04	9.15	23019	4.02	2417	三元达	SZ	9.11	4.01	
906	2010-09-30	11.17	11.29	11.17	11.29	9579	6.93	2418	康盛股份	SZ	11.23	6.88	
906	2010-09-30	22.42	22.74	22.26	22.4	21891	10.65	2419	天虹商场	SZ	22.56	10.73	
906	2010-09-30	12.41	12.63	12.35	12.54	14921	12.35	2420	毅昌股份	SZ	12.45	12.26	
909	2010-09-30	60.88	61.49	60.76	61.38	19033	30.22	2422	科伦药业	SZ	61.11	30.09	
903	2010-09-30	8.82	8.93	8.8	8.91	18129	8.77	2423	中原特钢	SZ	8.82	8.68	
901	2010-09-30	14.74	15.09	14.6	15.02	38605	4.43	2424	贵州百灵	SZ	14.64	4.32	
907	2010-09-30	13.56	13.95	13.56	13.76	12966	5.62	2425	凯撒股份	SZ	13.68	5.58	
906	2010-09-30	13.92	14.06	13.46	13.6	35529	10.34	2427	尤夫股份	SZ	13.92	10.58	
904	2010-09-30	11.48	11.86	11.34	11.85	154683	2.21	2428	云南锗业	SZ	11.5	2.14	
903	2010-09-30	10.93	10.93	10.76	10.84	46262	4.47	2429	兆驰股份	SZ	10.98	4.53	
905	2010-09-30	12.74	13.33	12.71	13.32	37946	6.3	2430	杭氧股份	SZ	12.84	6.08	
902	2010-09-30	24.51	26.77	24.51	26.61	87348	6.79	2431	棕榈园林	SZ	24.79	6.32	
907	2010-09-30	12.74	13.04	12.71	12.88	38351	5.08	2433	太安堂	SZ	12.92	5.09	
899	2010-09-30	13.74	14.1	13.66	14.1	19694	6.73	2434	万里扬	SZ	13.77	6.57	
907	2010-09-30	20.1	20.8	20.09	20.68	22245	9.86	2436	兴森科技	SZ	20	9.54	
905	2010-09-30	39	39.97	38.9	39.25	17107	18.97	2437	誉衡药业	SZ	39.4	19.04	
818	2010-09-30	18.16	18.89	18.15	18.81	18964	9.3	2439	启明星辰	SZ	18.1	8.95	
908	2010-09-30	21.85	22.18	21.84	22.08	9354	10.49	2441	众业达	SZ	21.85	10.38	
907	2010-09-30	5.97	6.1	5.97	6.05	35070	2.38	2442	龙星化工	SZ	5.97	2.35	
905	2010-09-30	8.53	8.63	8.45	8.59	17234	3.09	2443	金洲管道	SZ	8.55	3.07	
807	2010-09-30	16.88	17.3	16.62	17.12	7993	12.98	2446	盛路通信	SZ	16.72	12.68	
893	2010-09-30	20.38	21.01	20.2	20.94	13202	9.76	2448	中原内配	SZ	20.49	9.55	
899	2010-09-30	4.01	4.08	4.01	4.07	27297	0.84	2450	康得新	SZ	4.05	0.84	
906	2010-09-30	22.4	22.79	22.16	22.76	15710	7.52	2451	摩恩电气	SZ	22.57	7.46	
908	2010-09-30	41.57	42.6	41.54	42.46	7814	15.75	2452	长高集团	SZ	41.74	15.48	
906	2010-09-30	30.84	31.92	30.84	31.69	12260	3.8	2453	天马精化	SZ	31.23	3.75	
905	2010-09-30	21.72	22.52	21.61	22.47	32143	16.48	2454	松芝股份	SZ	21.85	16.03	
688	2010-09-30	18.51	18.84	18.51	18.77	5271	12.1	2455	百川股份	SZ	18.63	12.01	
904	2010-09-30	7	7	6.63	6.82	64192	0.82	2456	欧菲光	SZ	6.99	0.84	
907	2010-09-30	12.03	12.1	11.88	12.03	15673	4.84	2457	青龙管业	SZ	11.87	4.78	
907	2010-09-30	11.63	11.73	11.46	11.69	24822	4.16	2458	益生股份	SZ	11.81	4.2	
908	2010-09-30	19.79	20.31	19.71	20.19	12916	15.2	2459	天业通联	SZ	20.08	15.12	
907	2010-09-30	38.6	39.87	37.81	39.02	21158	25.29	2460	赣锋锂业	SZ	38.87	25.2	
906	2010-09-30	24.2	24.26	23.11	23.85	97753	23.77	2461	珠江啤酒	SZ	24.52	24.44	
908	2010-09-30	16.67	17.11	16.67	16.99	22245	10.89	2462	嘉事堂	SZ	16.67	10.68	
879	2010-09-30	28.33	30.51	27.83	30.36	44784	29.01	2464	金利科技	SZ	28.51	27.24	
907	2010-09-30	19.8	20.23	19.78	20.1	45709	9.08	2465	海格通信	SZ	19.87	8.98	
902	2010-09-30	45.33	46.97	44.87	46.07	26687	30.46	2466	天齐锂业	SZ	45.95	30.38	
906	2010-09-30	16.06	16.81	16.06	16.59	28405	7.75	2467	二六三	SZ	16.25	7.6	
906	2010-09-30	15.16	15.9	15.08	15.33	68144	8.42	2468	艾迪西	SZ	15.6	8.57	
906	2010-09-30	14.65	15.21	14.65	15.19	18258	2.95	2469	三维工程	SZ	14.77	2.86	
906	2010-09-30	19.1	19.7	18.82	19.68	59272	19.25	2470	金正大	SZ	19.09	18.67	
905	2010-09-30	8.15	8.46	8.05	8.33	67737	2.96	2471	中超电缆	SZ	8.2	2.91	
907	2010-09-30	15.54	16.1	15.41	15.97	36556	6.48	2472	双环传动	SZ	15.54	6.31	
908	2010-09-30	14.39	14.84	14.28	14.61	29231	7.02	2473	圣莱达	SZ	14.6	7.01	
904	2010-09-30	13.56	14.11	13.44	13.75	36216	4.24	2474	榕基软件	SZ	13.57	4.18	
903	2010-09-30	11.4	12.37	11.3	11.96	163466	3.67	2475	立讯精密	SZ	11.52	3.54	
908	2010-09-30	5.69	5.88	5.62	5.81	91597	1.25	2476	宝莫股份	SZ	5.72	1.23	
906	2010-09-30	7.83	8.31	7.74	8.07	202959	1.14	2477	雏鹰农牧	SZ	7.93	1.12	
908	2010-09-30	16.06	16.42	16.05	16.32	53864	15.82	2478	常宝股份	SZ	16.26	15.76	
906	2010-09-30	7.41	7.64	7.39	7.59	152102	2.03	2479	富春环保	SZ	7.49	2	
906	2010-09-30	24.2	26.97	24	26.97	77476	13.17	2480	新筑股份	SZ	24.51	11.97	
907	2010-09-30	5.45	5.62	5.45	5.57	115899	0.74	2481	双塔食品	SZ	5.45	0.73	
904	2010-09-30	19.38	20.64	19.23	20.64	412941	6.33	2482	广田股份	SZ	-1	-1	
900	2010-09-30	15.06	15.68	15	15.5	106577	8.31	2483	润邦股份	SZ	15.61	8.37	
906	2010-09-30	17.58	18.29	16.98	17.68	147510	13.22	2484	江海股份	SZ	18.45	13.8	
914	2010-09-30	9.8	9.97	9.69	9.9	9551	9.9	25	特 力Ａ	SZ	9.81	9.81	
913	2010-09-30	10.63	10.84	10.52	10.76	20078	7.47	26	飞亚达Ａ	SZ	10.62	7.38	
910	2010-09-30	8.44	8.65	8.44	8.6	62279	6.97	27	深圳能源	SZ	8.44	6.84	
907	2010-09-30	36.77	38.6	36.25	37.9	10378	37.39	28	一致药业	SZ	36.8	36.3	
908	2010-09-30	5.14	5.37	5.06	5.3	60159	5.3	29	深深房Ａ	SZ	5.15	5.15	
906	2010-09-30	20.32	20.71	20.13	20.65	7895	13.38	300001	特锐德	SZ	20.22	13.1	
907	2010-09-30	13.67	13.93	13.66	13.87	35683	3.15	300002	神州泰岳	SZ	13.81	3.13	
907	2010-09-30	24.95	25.15	24.5	25.08	19893	24.2	300003	乐普医疗	SZ	25.09	24.21	
905	2010-09-30	22.2	22.4	22	22.3	6563	11.02	300004	南风股份	SZ	22.3	11.02	
904	2010-09-30	8.5	9.29	8.5	9.26	40322	2.89	300005	探路者	SZ	8.65	2.7	
902	2010-09-30	12.5	12.77	12.48	12.71	10377	6.27	300006	莱美药业	SZ	12.49	6.17	
908	2010-09-30	18	18.32	17.2	18.09	10069	17.84	300007	汉威电子	SZ	18.02	17.77	
907	2010-09-30	18.87	19.22	18.7	19.05	13231	12.15	300008	上海佳豪	SZ	19.3	12.32	
909	2010-09-30	13.52	14.07	13.45	13.96	21882	8.49	300009	安科生物	SZ	13.68	8.32	
905	2010-09-30	13.96	14.88	13.86	14.8	21393	3.35	300011	鼎汉技术	SZ	14	3.17	
907	2010-09-30	8.71	8.92	8.67	8.88	10280	2.74	300012	华测检测	SZ	8.71	2.69	
908	2010-09-30	14.16	14.38	14.16	14.35	4606	14.27	300013	新宁物流	SZ	14.17	14.09	
906	2010-09-30	18.63	18.99	18.34	18.75	43390	5.98	300014	亿纬锂能	SZ	18.85	6.01	
907	2010-09-30	20.97	21.66	20.84	21.53	29544	13.24	300015	爱尔眼科	SZ	21.05	12.94	
908	2010-09-30	6.01	6.2	6.01	6.17	11871	1.87	300016	北陆药业	SZ	6.06	1.84	
906	2010-09-30	14.5	14.98	14.5	14.95	11334	14.64	300017	网宿科技	SZ	14.61	14.31	
907	2010-09-30	13.53	13.77	13.4	13.67	12699	8.59	300018	中元华电	SZ	13.62	8.56	
908	2010-09-30	10.94	11.23	10.94	11.18	8409	6.6	300019	硅宝科技	SZ	11.07	6.54	
905	2010-09-30	14.41	15.43	14.41	15.4	21616	10.13	300020	银江股份	SZ	14.67	9.65	
908	2010-09-30	7.8	7.9	7.75	7.89	13948	3.91	300021	大禹节水	SZ	7.8	3.87	
906	2010-09-30	13	13.24	12.8	13.18	18389	6.5	300022	吉峰农机	SZ	13.01	6.41	
909	2010-09-30	15	15.25	14.88	15.25	4362	15.25	300023	宝德股份	SZ	15.02	15.02	
904	2010-09-30	15.68	16.23	15.64	16.08	12716	7.29	300024	机器人	SZ	15.72	7.13	
905	2010-09-30	11	11.25	10.92	11.25	7705	5.72	300025	华星创业	SZ	11.03	5.61	
906	2010-09-30	11.12	11.37	10.99	11.3	12988	3.24	300026	红日药业	SZ	11.16	3.2	
906	2010-09-30	14.77	14.93	14.75	14.85	22819	7.06	300027	华谊兄弟	SZ	14.85	7.06	
862	2010-09-30	10.05	10.29	10	10.24	10908	6.64	300028	金亚科技	SZ	10.06	6.52	
908	2010-09-30	23.98	24.7	23.6	24.53	5322	24.19	300029	天龙光电	SZ	24.48	24.14	
907	2010-09-30	24.99	25.12	24.11	24.96	15900	6.12	300030	阳普医疗	SZ	24.76	6.07	
906	2010-09-30	13.41	13.7	13.41	13.69	8467	8.69	300031	宝通带业	SZ	13.47	8.55	
908	2010-09-30	9.18	9.19	9.05	9.14	29102	4.35	300032	金龙机电	SZ	9.12	4.35	
906	2010-09-30	30.69	31.63	30.41	31.6	8545	31.04	300033	同花顺	SZ	30.81	30.26	
907	2010-09-30	14.83	15.2	14.69	15.03	16813	8.21	300034	钢研高纳	SZ	14.83	8.1	
909	2010-09-30	10.98	11.34	10.97	11.22	20543	5.49	300035	中科电气	SZ	11.03	5.39	
908	2010-09-30	21.56	21.88	21.48	21.84	1717	13.51	300036	超图软件	SZ	21.64	13.38	
909	2010-09-30	24.94	26.02	24.94	26	9354	15.66	300037	新宙邦	SZ	25.19	15.17	
908	2010-09-30	14.46	14.63	14.38	14.48	7918	9.38	300038	梅泰诺	SZ	14.46	9.37	
909	2010-09-30	12.02	12.66	11.96	12.42	30627	2.97	300039	上海凯宝	SZ	12.12	2.9	
907	2010-09-30	9.22	9.43	9.14	9.4	21849	4.43	300040	九洲电气	SZ	9.37	4.41	
907	2010-09-30	23.44	24.68	23.09	24.65	19708	8.94	300041	回天胶业	SZ	23.16	8.4	
907	2010-09-30	14.24	14.53	14.06	14.49	6733	7.07	300042	朗科科技	SZ	14.27	6.96	
890	2010-09-30	9.61	9.83	9.61	9.83	14823	1.54	300043	星辉车模	SZ	9.71	1.52	
907	2010-09-30	13.18	13.52	12.97	13.41	14131	5.93	300044	赛为智能	SZ	13.31	5.89	
907	2010-09-30	8.54	9.41	8.53	9.25	71786	2.24	300045	华力创通	SZ	8.59	2.08	
907	2010-09-30	20	20.33	19.79	20.33	6189	8.9	300046	台基股份	SZ	20.1	8.8	
907	2010-09-30	8.95	9.03	8.84	9.01	12173	2.7	300047	天源迪科	SZ	8.88	2.66	
907	2010-09-30	13.17	13.31	12.97	13.21	30371	4.6	300048	合康变频	SZ	13.16	4.58	
902	2010-09-30	18.77	19.05	18.48	18.85	3988	13.99	300049	福瑞股份	SZ	24.46	18.15	
907	2010-09-30	30	30.75	29.61	30.57	24367	14.92	300050	世纪鼎利	SZ	30.06	14.67	
907	2010-09-30	5.77	5.86	5.63	5.82	18374	1.35	300051	三五互联	SZ	5.73	1.33	
908	2010-09-30	9.91	10.24	9.91	10.23	12512	4.93	300052	中青宝	SZ	9.99	4.81	
908	2010-09-30	11.51	11.8	11.51	11.77	9633	5.84	300053	欧比特	SZ	11.61	5.76	
908	2010-09-30	7.7	7.81	7.65	7.8	16677	1.01	300054	鼎龙股份	SZ	7.72	1	
906	2010-09-30	43.6	45	43.6	45	6677	22.3	300055	万邦达	SZ	43.97	21.8	
907	2010-09-30	21.56	22.22	21.37	22.03	3893	11.85	300056	三维丝	SZ	21.56	11.6	
872	2010-09-30	9.62	9.83	9.62	9.83	13851	3.17	300058	蓝色光标	SZ	9.73	3.14	
906	2010-09-30	9.5	9.78	9.44	9.7	26687	1.97	300059	东方财富	SZ	9.5	1.93	
909	2010-09-30	13.18	13.39	13.09	13.33	2025	8.33	300061	康耐特	SZ	13.21	8.26	
906	2010-09-30	12.5	12.65	12.4	12.6	7815	6.06	300062	中能电气	SZ	12.53	6.03	
906	2010-09-30	16.08	16.41	16.01	16.31	3634	10.54	300063	天龙集团	SZ	16.17	10.45	
903	2010-09-30	6.25	6.39	6.24	6.3	65085	1.52	300064	豫金刚石	SZ	6.3	1.52	
907	2010-09-30	23.98	24.79	23.98	24.73	3521	16.21	300065	海兰信	SZ	24.31	15.94	
906	2010-09-30	14.38	14.61	14.17	14.53	6863	4.58	300066	三川股份	SZ	14.42	4.55	
908	2010-09-30	12.03	12.26	12.01	12.19	5816	7.8	300067	安诺其	SZ	12.03	7.7	
905	2010-09-30	11.86	12.31	11.82	12.2	35967	4.9	300068	南都电源	SZ	11.95	4.8	
904	2010-09-30	14.47	14.88	14.39	14.8	23774	2.42	300070	碧水源	SZ	14.36	2.34	
907	2010-09-30	19.14	19.68	19.04	19.63	7953	3.19	300071	华谊嘉信	SZ	19.13	3.11	
905	2010-09-30	7.48	7.74	7.4	7.69	25195	1.42	300072	三聚环保	SZ	7.48	1.38	
905	2010-09-30	23.76	24.52	23.5	24.21	9047	11.92	300073	当升科技	SZ	24.01	11.82	
906	2010-09-30	7.5	7.69	7.46	7.62	18204	0.85	300074	华平股份	SZ	7.52	0.84	
909	2010-09-30	22.71	23.01	22.58	22.98	3399	9.92	300075	数字政通	SZ	22.69	9.8	
908	2010-09-30	27.02	27.94	26.82	27.61	12857	27	300076	宁波GQY	SZ	27.02	26.42	
908	2010-09-30	47.2	48.32	46.84	48.08	23084	18.66	300077	国民技术	SZ	47.51	18.44	
908	2010-09-30	23.44	24.15	23.4	24.1	9008	8.8	300078	中瑞思创	SZ	23.54	8.59	
908	2010-09-30	15.33	15.58	15.24	15.58	18534	5	300079	数码视讯	SZ	15.33	4.92	
906	2010-09-30	17.88	18.55	17.81	18.46	38775	6.97	300080	新大新材	SZ	17.92	6.77	
905	2010-09-30	14.49	14.7	14.43	14.7	7698	7.26	300081	恒信移动	SZ	14.5	7.16	
909	2010-09-30	35.93	36.62	35.79	36.53	7386	26.64	300082	奥克股份	SZ	35.93	26.2	
906	2010-09-30	13.83	14.09	13.76	14.06	4679	6.86	300083	劲胜股份	SZ	13.9	6.79	
908	2010-09-30	13.34	13.66	13.34	13.65	8393	6.71	300084	海默科技	SZ	13.39	6.58	
908	2010-09-30	27.52	27.87	27.31	27.81	5299	6.5	300085	银之杰	SZ	27.55	6.44	
903	2010-09-30	34.65	35.4	34.65	35.4	8926	17.17	300086	康芝药业	SZ	34.65	16.81	
906	2010-09-30	20.39	20.75	19.85	20.41	9857	10	300087	荃银高科	SZ	20.27	9.94	
907	2010-09-30	8.9	9.23	8.9	9.04	85657	2.2	300088	长信科技	SZ	8.98	2.18	
908	2010-09-30	12.92	13.18	12.92	13.07	13860	8.61	300089	长城集团	SZ	12.98	8.55	
906	2010-09-30	9.84	10.07	9.71	9.96	23221	4.96	300090	盛运股份	SZ	9.68	4.82	
907	2010-09-30	12.88	13.81	12.72	13.64	65374	5.35	300091	金通灵	SZ	13.03	5.11	
905	2010-09-30	20.88	21.8	20.72	21.7	5630	21.3	300092	科新机电	SZ	20.95	20.56	
904	2010-09-30	11.36	11.81	11.36	11.7	14517	6.42	300093	金刚玻璃	SZ	11.48	6.3	
906	2010-09-30	13.49	13.87	13.42	13.87	15507	12.61	300094	国联水产	SZ	13.57	12.34	
908	2010-09-30	19.97	20.53	19.95	20.42	7081	15.41	300095	华伍股份	SZ	20.01	15.1	
907	2010-09-30	12.26	12.72	12.26	12.65	9280	6.24	300096	易联众	SZ	12.38	6.1	
907	2010-09-30	12.52	13.09	12.5	13	5586	6.41	300097	智云股份	SZ	12.64	6.24	
864	2010-09-30	13.13	13.28	13.04	13.25	4561	4.91	300098	高新兴	SZ	13.13	4.87	
907	2010-09-30	15.6	15.74	15.46	15.68	7476	2.81	300099	尤洛卡	SZ	15.6	2.8	
905	2010-09-30	11.69	11.96	11.63	11.93	20329	3.45	300100	双林股份	SZ	11.67	3.38	
906	2010-09-30	17	18.09	17	17.84	17113	4.39	300101	国腾电子	SZ	17.32	4.26	
909	2010-09-30	30	30.32	29.54	30.31	16766	11.45	300102	乾照光电	SZ	30.16	11.39	
904	2010-09-30	11.59	11.81	11.55	11.79	10627	3.48	300103	达刚路机	SZ	11.63	3.43	
906	2010-09-30	4.66	4.74	4.63	4.68	89090	0.57	300104	乐视网	SZ	4.71	0.58	
886	2010-09-30	20.74	21.5	20.52	21.45	12020	21.32	300106	西部牧业	SZ	20.91	20.78	
905	2010-09-30	13.28	13.49	13.1	13.45	5327	6.5	300108	双龙股份	SZ	13.29	6.42	
908	2010-09-30	20.84	21.56	20.67	21.43	10367	6.96	300109	新开源	SZ	21.19	6.88	
909	2010-09-30	10.51	10.83	10.5	10.81	12939	4.66	300112	万讯自控	SZ	10.58	4.56	
907	2010-09-30	16.67	17.09	16.54	16.97	8568	8.55	300114	中航电测	SZ	16.72	8.42	
905	2010-09-30	15.33	15.89	15.27	15.89	22366	5.11	300115	长盈精密	SZ	15.44	4.96	
906	2010-09-30	16.84	18.25	16.7	17.8	41963	8.9	300116	坚瑞消防	SZ	16.67	8.34	
902	2010-09-30	13.15	13.73	13.04	13.57	34985	6.71	300117	嘉寓股份	SZ	13.05	6.45	
905	2010-09-30	14.05	14.49	13.82	14.49	144712	4.39	300118	东方日升	SZ	13.18	3.99	
906	2010-09-30	48.29	50.05	48.17	49.53	46107	8.88	300119	瑞普生物	SZ	48.19	8.64	
907	2010-09-30	11.37	11.89	11.34	11.75	31250	5.76	300120	经纬电材	SZ	11.34	5.56	
908	2010-09-30	10.48	11.1	10.47	10.94	31186	4.62	300121	阳谷华泰	SZ	10.47	4.43	
906	2010-09-30	38.82	40.63	38.82	40.36	71320	39.51	300122	智飞生物	SZ	38.76	37.94	
904	2010-09-30	20.94	22.41	20.77	21.81	69222	13.4	300123	太阳鸟	SZ	20.58	12.64	
905	2010-09-30	25.56	26.72	25.14	26.11	133928	6.94	300124	汇川技术	SZ	25.04	6.65	
911	2010-09-30	4.72	4.82	4.71	4.8	64111	4.62	301	东方市场	SZ	4.73	4.55	
913	2010-09-30	6.65	7.06	6.6	7	138522	6.88	31	中粮地产	SZ	6.75	6.64	
912	2010-09-30	10.28	10.6	10.19	10.51	71953	10.22	32	深桑达Ａ	SZ	10.4	10.12	
907	2010-09-30	6.6	6.74	6.53	6.69	38316	6.69	33	新都酒店	SZ	6.66	6.66	
908	2010-09-30	31.23	31.75	31.08	31.54	107564	12.7	338	潍柴动力	SZ	31.25	12.58	
907	2010-09-30	6.82	7.1	6.82	7.09	39138	7.09	34	ST深泰	SZ	6.96	6.96	
904	2010-09-30	5.05	5.18	5.02	5.15	11412	4.09	35	*ST科健	SZ	5.09	4.04	
914	2010-09-30	4.24	4.49	4.22	4.42	109914	4.42	36	华联控股	SZ	4.33	4.33	
907	2010-09-30	6.05	6.14	6.04	6.09	17235	6.09	37	深南电Ａ	SZ	6.04	6.04	
912	2010-09-30	13.33	14.39	13.29	14.3	275369	13.44	39	中集集团	SZ	13.38	12.57	
913	2010-09-30	11.4	11.45	11.3	11.39	8151	11.39	4	ST国农	SZ	11.45	11.45	
857	2010-09-30	5.23	5.45	5.15	5.35	46760	5.27	40	深 鸿 基	SZ	5.28	5.2	
913	2010-09-30	22.96	23.53	22.89	23.26	119719	17.66	400	许继电气	SZ	23.19	17.6	
911	2010-09-30	21.1	21.4	20.58	21.09	55744	20.86	401	冀东水泥	SZ	21.36	21.13	
