307	2013-02-20	13.03	13.12	12.31	12.69	1054652	7.83	000001	深发展Ａ	SZ	13.01	8.03	
307	2013-02-20	11.18	11.46	11.14	11.44	840893	10.75	000002	万 科Ａ	SZ	11.2	10.53	
307	2013-02-20	9.1	9.3	9.08	9.28	11482	9.28	000004	ST国农	SZ	9.1	9.1	
307	2013-02-20	7.15	7.29	7.01	7.29	46667	7.29	000011	深物业A	SZ	7.17	7.17	
307	2013-02-20	9.02	9.08	8.8	9.02	166097	8.6	000012	南 玻Ａ	SZ	9.02	8.6	
307	2013-02-20	10.3	10.8	10.05	10.69	245938	10.66	000014	沙河股份	SZ	10.28	10.25	
307	2013-02-20	3.49	3.52	3.44	3.52	51680	3.51	000016	深康佳Ａ	SZ	3.49	3.48	
307	2013-02-20	7.46	7.7	7.46	7.65	5059	7.65	000018	ST中冠A	SZ	7.5	7.5	
307	2013-02-20	8.29	8.4	8.25	8.39	16806	8.18	000019	深深宝Ａ	SZ	8.29	8.08	
307	2013-02-20	6.52	6.67	6.52	6.65	9699	6.65	000020	深华发Ａ	SZ	6.54	6.54	
307	2013-02-20	4.74	4.81	4.72	4.8	61843	4.78	000021	长城开发	SZ	4.73	4.71	
307	2013-02-20	13.58	14.05	13.58	13.97	42671	13.58	000022	深赤湾Ａ	SZ	13.87	13.48	
307	2013-02-20	6.7	6.85	6.65	6.83	18624	6.8	000023	深天地Ａ	SZ	6.72	6.69	
307	2013-02-20	25.52	26.48	25.5	26.37	214420	26.12	000024	招商地产	SZ	25.52	25.28	
307	2013-02-20	6.65	6.72	6.63	6.65	7015	6.65	000025	特 力Ａ	SZ	6.65	6.65	
307	2013-02-20	7.82	8.01	7.7	8	63233	7.9	000026	飞亚达Ａ	SZ	7.87	7.77	
307	2013-02-20	6.12	6.19	6.12	6.18	44063	6.09	000027	深圳能源	SZ	6.12	6.03	
307	2013-02-20	34.14	35.72	33.9	35.72	23507	35.54	000028	一致药业	SZ	34.3	34.13	
307	2013-02-20	4.03	4.08	4.01	4.07	44186	4.07	000029	深深房Ａ	SZ	4.03	4.03	
307	2013-02-20	9.09	9.14	8.99	9.06	20864	9.06	000030	*ST盛润A	SZ	9.1	9.1	
307	2013-02-20	4.56	4.68	4.54	4.64	196345	4.6	000031	中粮地产	SZ	4.58	4.55	
307	2013-02-20	8.3	8.36	8.23	8.36	18002	8.2	000032	深桑达Ａ	SZ	8.3	8.15	
307	2013-02-20	4.59	4.67	4.56	4.65	22210	4.65	000033	新都酒店	SZ	4.6	4.6	
307	2013-02-20	4.26	4.29	4.22	4.28	23839	4.28	000034	ST深泰	SZ	4.26	4.26	
307	2013-02-20	3.77	3.93	3.73	3.9	309455	3.9	000036	华联控股	SZ	3.75	3.75	
307	2013-02-20	4.42	4.46	4.38	4.46	10442	4.46	000037	深南电Ａ	SZ	4.42	4.42	
307	2013-02-20	13.9	14.4	13.9	14.36	112635	14.1	000039	中集集团	SZ	13.93	13.68	
307	2013-02-20	4.85	4.91	4.8	4.89	44338	4.85	000040	深 鸿 基	SZ	4.85	4.81	
307	2013-02-20	2.38	2.43	2.37	2.42	673715	2.34	000100	TCL 集团	SZ	2.39	2.31	
307	2013-02-20	4.95	5.02	4.9	4.99	8419	4.99	000150	宜华地产	SZ	4.94	4.94	
307	2013-02-20	7.01	7.12	7.01	7.09	18494	7.04	000151	中成股份	SZ	7.01	6.96	
307	2013-02-20	7.14	7.45	7.11	7.35	50747	7.28	000153	丰原药业	SZ	7.15	7.08	
307	2013-02-20	4.39	4.46	4.36	4.45	14009	4.45	000155	川化股份	SZ	4.39	4.39	
307	2013-02-20	9.56	9.72	9.48	9.66	479282	9.32	000157	中联重科	SZ	9.55	9.22	
307	2013-02-20	4.16	4.17	4.01	4.14	158407	4.14	000158	常山股份	SZ	4.23	4.23	
307	2013-02-20	7.22	7.43	7.2	7.38	42951	7.31	000159	国际实业	SZ	7.23	7.16	
307	2013-02-20	3.19	3.21	3.17	3.21	74171	3.16	000301	东方市场	SZ	3.19	3.14	
307	2013-02-20	25.99	26.5	25.81	26.26	89031	25.86	000338	潍柴动力	SZ	26.11	25.71	
307	2013-02-20	21.77	22.48	21.62	22.25	67430	17.06	000400	许继电气	SZ	21.82	16.73	
307	2013-02-20	14.16	14.42	13.7	14.41	173865	14.25	000401	冀东水泥	SZ	14.18	14.03	
307	2013-02-20	6.76	6.85	6.7	6.77	323573	6.62	000402	金 融 街	SZ	6.75	6.6	
307	2013-02-20	5.81	5.87	5.8	5.87	53490	5.81	001696	宗申动力	SZ	5.82	5.76	
307	2013-02-20	4.53	4.57	4.48	4.56	19215	4.56	001896	*ST豫能	SZ	4.52	4.52	
307	2013-02-20	18.6	19.1	18.47	19.05	62473	18.57	002001	新 和 成	SZ	18.48	18.01	
307	2013-02-20	10.2	10.35	10.05	10.35	18011	10.35	002002	ST琼花	SZ	10.23	10.23	
307	2013-02-20	13.09	13.43	12.82	13.42	43077	9.23	002003	伟星股份	SZ	13.12	9.02	
307	2013-02-20	16.81	17.68	16.8	17.68	101262	17.33	002004	华邦制药	SZ	16.8	16.47	
307	2013-02-20	7.17	7.48	7.16	7.47	119992	7.47	002005	德豪润达	SZ	7.22	7.22	
307	2013-02-20	9.82	10.15	9.59	9.96	201710	9.96	002006	精功科技	SZ	9.93	9.93	
307	2013-02-20	24.58	26.19	24.57	26.14	126312	26.04	002007	华兰生物	SZ	24.6	24.51	
307	2013-02-20	11.58	11.78	11.24	11.78	382849	11.63	002008	大族激光	SZ	11.67	11.52	
307	2013-02-20	7.73	7.89	7.68	7.89	33182	7.89	002009	天奇股份	SZ	7.71	7.71	
307	2013-02-20	8.22	8.33	8.14	8.31	18634	8.22	002010	传化股份	SZ	8.25	8.16	
307	2013-02-20	10.07	10.44	10.03	10.44	102430	10.44	002011	盾安环境	SZ	10.07	10.07	
307	2013-02-20	5.54	5.86	5.51	5.75	224268	5.73	002012	凯恩股份	SZ	5.54	5.52	
307	2013-02-20	15.44	15.56	15.05	15.5	76858	15.45	002013	中航精机	SZ	15.43	15.38	
307	2013-02-20	10.45	10.59	10.38	10.58	26561	9.97	002014	永新股份	SZ	10.38	9.78	
307	2013-02-20	6.9	7.18	6.9	7.15	78283	7.15	002015	霞客环保	SZ	6.9	6.9	
307	2013-02-20	7.33	7.45	7.23	7.4	49288	5.2	002016	世荣兆业	SZ	7.32	5.14	
307	2013-02-20	10	10.28	9.98	10.26	20200	10.22	002017	东信和平	SZ	10.04	10	
307	2013-02-20	7.36	7.43	7.23	7.38	89299	5.01	002018	华星化工	SZ	7.37	5	
307	2013-02-20	6.85	6.97	6.85	6.97	26646	6.97	002019	鑫富药业	SZ	6.87	6.87	
307	2013-02-20	7.45	7.72	7.31	7.72	28433	3.82	002020	京新药业	SZ	7.44	3.68	
307	2013-02-20	4.21	4.27	4.18	4.23	86870	4.21	002021	中捷股份	SZ	4.21	4.19	
307	2013-02-20	13.95	14.77	13.68	14.48	133162	14.04	002022	科华生物	SZ	13.98	13.56	
307	2013-02-20	10.1	10.5	10.04	10.47	56518	10.4	002023	海特高新	SZ	10.08	10.01	
307	2013-02-20	6.89	7.07	6.82	7.06	789973	7.01	002024	苏宁电器	SZ	6.81	6.76	
307	2013-02-20	12.7	12.96	12.63	12.85	30401	12.69	002025	航天电器	SZ	12.75	12.59	
307	2013-02-20	6.16	6.23	6.15	6.22	11298	4.72	002026	山东威达	SZ	6.17	4.68	
307	2013-02-20	4.11	4.23	4.11	4.23	16765	4.23	002027	七喜控股	SZ	4.15	4.15	
307	2013-02-20	14.3	14.75	14.18	14.73	48571	14.66	002028	思源电气	SZ	14.32	14.25	
307	2013-02-20	12.46	13.04	12.44	12.89	91288	8.51	002029	七 匹 狼	SZ	12.49	8.25	
307	2013-02-20	7.91	8.15	7.82	8.14	130051	7.39	002030	达安基因	SZ	7.95	7.22	
307	2013-02-20	6.76	6.95	6.7	6.87	47478	6.82	002031	巨轮股份	SZ	6.77	6.72	
307	2013-02-20	12.2	12.59	12.01	12.51	8936	12.23	002032	苏 泊 尔	SZ	12.2	11.93	
307	2013-02-20	14.16	14.59	14.16	14.54	35760	10.97	002033	丽江旅游	SZ	14.33	10.82	
307	2013-02-20	10.1	10.41	10.1	10.4	9506	10.15	002034	美 欣 达	SZ	10.19	9.95	
307	2013-02-20	11.87	12.24	11.87	12.22	17081	9.88	002035	华帝股份	SZ	11.87	9.6	
307	2013-02-20	9.65	10.06	9.6	10.05	47360	9.98	002036	宜科科技	SZ	9.68	9.61	
307	2013-02-20	13.77	14.11	13.69	14.01	23601	8.64	002037	久联发展	SZ	13.77	8.49	
307	2013-02-20	41.95	43.92	41.58	43.58	27282	36.18	002038	双鹭药业	SZ	41.74	34.65	
307	2013-02-20	14.5	14.72	14.48	14.68	12991	14.56	002039	黔源电力	SZ	14.51	14.39	
307	2013-02-20	5.36	5.47	5.36	5.46	9001	5.43	002040	南 京 港	SZ	5.37	5.34	
307	2013-02-20	23.78	24.65	23.78	24.62	58194	24.52	002041	登海种业	SZ	23.78	23.69	
307	2013-02-20	4.45	4.52	4.36	4.5	47944	4.48	002042	华孚色纺	SZ	4.45	4.43	
307	2013-02-20	4.75	4.93	4.73	4.88	192547	4.85	002043	兔 宝 宝	SZ	4.77	4.74	
307	2013-02-20	7.33	7.42	7.2	7.41	19721	7.21	002044	江苏三友	SZ	7.29	7.1	
307	2013-02-20	3.79	4.18	3.76	4.09	307152	3.97	002045	广州国光	SZ	3.8	3.69	
307	2013-02-20	9.54	9.78	9.54	9.71	29596	9.65	002046	轴研科技	SZ	9.57	9.51	
307	2013-02-20	3.05	3.13	3.03	3.11	83846	3.11	002047	成霖股份	SZ	3.04	3.04	
307	2013-02-20	7.6	7.76	7.52	7.74	41217	7.7	002048	宁波华翔	SZ	7.6	7.56	
307	2013-02-20	22.08	22.29	21.8	22.26	14782	22.19	002049	晶源电子	SZ	22.11	22.04	
307	2013-02-20	10.18	10.58	10.1	10.53	57106	10.45	002050	三花股份	SZ	10.12	10.04	
307	2013-02-20	28.48	28.8	28.3	28.6	12170	28.33	002051	中工国际	SZ	28.47	28.2	
307	2013-02-20	5.66	5.82	5.6	5.78	171005	2.86	002052	同洲电子	SZ	5.66	2.8	
307	2013-02-20	7.58	7.61	7.47	7.59	15015	7.59	002053	云南盐化	SZ	7.58	7.58	
307	2013-02-20	6.86	7.06	6.86	7.05	24690	6.93	002054	德美化工	SZ	6.96	6.85	
307	2013-02-20	6.7	6.95	6.66	6.72	140083	6.69	002055	得润电子	SZ	6.61	6.58	
307	2013-02-20	12.76	12.95	12.51	12.91	36942	12.91	002056	横店东磁	SZ	12.68	12.68	
307	2013-02-20	12	12.16	11.93	12.14	7287	12.14	002057	中钢天源	SZ	11.95	11.95	
307	2013-02-20	5.99	6.11	5.94	6.1	11605	5.28	002058	威 尔 泰	SZ	6	5.19	
307	2013-02-20	8.33	8.36	8.19	8.35	16234	8.31	002059	云南旅游	SZ	8.27	8.23	
307	2013-02-20	4.39	4.49	4.38	4.48	91791	3.72	002060	粤 水 电	SZ	4.39	3.64	
307	2013-02-20	7	7.19	6.95	7.08	69420	4.66	002061	江山化工	SZ	7.02	4.62	
307	2013-02-20	5.25	5.32	5.22	5.3	32045	3.68	002062	宏润建设	SZ	5.27	3.66	
307	2013-02-20	14.45	14.73	14.4	14.65	58666	14.47	002063	远光软件	SZ	14.38	14.21	
307	2013-02-20	6.83	6.86	6.47	6.85	131634	6.76	002064	华峰氨纶	SZ	6.82	6.73	
307	2013-02-20	15.23	15.79	15.19	15.71	120901	15.57	002065	东华软件	SZ	15.22	15.09	
307	2013-02-20	5.39	5.5	5.39	5.47	29445	5.42	002066	瑞泰科技	SZ	5.4	5.35	
307	2013-02-20	2.93	2.95	2.86	2.92	351831	2.92	002067	景兴纸业	SZ	2.93	2.93	
307	2013-02-20	6.25	6.35	6.18	6.34	52944	6.21	002068	黑猫股份	SZ	6.26	6.13	
307	2013-02-20	16.84	16.95	16.5	16.91	33110	16.52	002069	獐 子 岛	SZ	16.84	16.45	
307	2013-02-20	5.98	6.2	5.98	6.13	51704	4.72	002070	众和股份	SZ	6.05	4.65	
307	2013-02-20	5.54	5.65	5.52	5.64	20574	5.64	002071	江苏宏宝	SZ	5.55	5.55	
307	2013-02-20	6.33	6.45	6.33	6.33	77851	6.33	002072	*ST德棉	SZ	6.66	6.66	
307	2013-02-20	9.98	10.2	9.85	10.07	207712	10.04	002073	软控股份	SZ	9.98	9.95	
307	2013-02-20	6.49	7.15	6.49	7.15	56283	6.99	002076	雪 莱 特	SZ	6.5	6.36	
307	2013-02-20	6.08	6.17	6.02	6.17	23190	6.12	002077	大港股份	SZ	6.08	6.04	
307	2013-02-20	5.65	5.93	5.61	5.91	119393	5.79	002078	太阳纸业	SZ	5.68	5.57	
307	2013-02-20	4.14	4.41	4.13	4.33	235080	4.32	002079	苏州固锝	SZ	4.14	4.13	
307	2013-02-20	9.09	9.26	9.05	9.2	28052	9.06	002080	中材科技	SZ	9.13	8.99	
307	2013-02-20	26.85	27.68	26.69	27.41	36696	18.17	002081	金 螳 螂	SZ	26.69	17.69	
307	2013-02-20	7.09	7.16	7.06	7.16	12998	7.07	002082	栋梁新材	SZ	7.09	7	
307	2013-02-20	4.2	4.26	4.17	4.25	91484	4.25	002083	孚日股份	SZ	4.21	4.21	
307	2013-02-20	5.39	5.5	5.36	5.5	93018	4.93	002084	海鸥卫浴	SZ	5.41	4.85	
307	2013-02-20	8.88	8.96	8.77	8.96	16577	8.69	002085	万丰奥威	SZ	8.84	8.58	
307	2013-02-20	11.07	11.3	11.02	11.28	45797	11.28	002086	东方海洋	SZ	11.07	11.07	
307	2013-02-20	3.53	3.59	3.52	3.58	52921	3.58	002087	新野纺织	SZ	3.53	3.53	
307	2013-02-20	9.09	9.3	9.01	9.25	18103	9.13	002088	鲁阳股份	SZ	9.11	8.99	
307	2013-02-20	6.58	6.81	6.55	6.79	73949	6.71	002089	新 海 宜	SZ	6.6	6.52	
307	2013-02-20	7.48	7.59	7.36	7.58	16708	7.49	002090	金智科技	SZ	7.53	7.44	
307	2013-02-20	9.34	9.54	9.27	9.53	28403	9.44	002091	江苏国泰	SZ	9.33	9.24	
307	2013-02-20	7.92	8.26	7.92	8.23	213142	7.95	002092	中泰化学	SZ	7.96	7.69	
307	2013-02-20	4.35	4.51	4.3	4.5	102706	4.49	002093	国脉科技	SZ	4.35	4.34	
307	2013-02-20	8.3	8.4	8.27	8.4	25785	8.4	002094	青岛金王	SZ	8.25	8.25	
307	2013-02-20	12.73	12.94	12.61	12.9	12255	12.84	002095	生 意 宝	SZ	12.7	12.64	
307	2013-02-20	13.19	13.37	13.12	13.35	15960	13.3	002096	南岭民爆	SZ	13.23	13.18	
307	2013-02-20	7.04	7.13	7.04	7.12	22224	7.09	002097	山河智能	SZ	7.05	7.02	
307	2013-02-20	7.47	7.85	7.43	7.79	54737	7.69	002098	浔兴股份	SZ	7.48	7.38	
307	2013-02-20	6.47	7.12	6.42	7.12	244616	7.12	002099	海翔药业	SZ	6.47	6.47	
307	2013-02-20	7.62	7.93	7.62	7.92	50446	6.06	002100	天康生物	SZ	7.67	5.87	
307	2013-02-20	9.23	9.39	9.08	9.38	8291	9.18	002101	广东鸿图	SZ	9.21	9.02	
307	2013-02-20	4.68	4.71	4.58	4.63	69098	4.63	002102	冠福家用	SZ	4.7	4.7	
307	2013-02-20	5.82	5.92	5.8	5.9	9049	5.85	002103	广博股份	SZ	5.82	5.77	
307	2013-02-20	9.68	9.94	9.57	9.92	75089	9.85	002104	恒宝股份	SZ	9.71	9.64	
307	2013-02-20	4.77	4.85	4.77	4.85	23150	4.76	002105	信隆实业	SZ	4.8	4.71	
307	2013-02-20	21.11	22.45	20.81	22.4	103303	22.26	002106	莱宝高科	SZ	21.11	20.97	
307	2013-02-20	9.31	9.77	9.3	9.69	20207	9.69	002107	沃华医药	SZ	9.37	9.37	
307	2013-02-20	7.98	8.14	7.98	8.12	43451	7.98	002108	沧州明珠	SZ	8	7.87	
307	2013-02-20	7.29	7.42	7.24	7.42	27672	7.31	002109	兴化股份	SZ	7.31	7.2	
307	2013-02-20	5.43	5.52	5.43	5.51	10248	5.51	002110	三钢闽光	SZ	5.43	5.43	
307	2013-02-20	8.27	8.33	8.12	8.3	29342	8.22	002111	威海广泰	SZ	8.24	8.16	
307	2013-02-20	4.42	4.47	4.39	4.47	21652	2.47	002112	三变科技	SZ	4.42	2.44	
307	2013-02-20	7.89	8.02	7.89	7.99	7386	7.99	002113	ST天润	SZ	7.95	7.95	
307	2013-02-20	10.4	10.59	10.33	10.54	31252	10.54	002114	罗平锌电	SZ	10.39	10.39	
307	2013-02-20	6.26	6.43	6.19	6.42	67636	5.28	002115	三维通信	SZ	6.25	5.14	
307	2013-02-20	13.72	13.84	13.54	13.82	9123	13.57	002116	中国海诚	SZ	13.6	13.36	
307	2013-02-20	5.62	5.72	5.6	5.69	29760	3.79	002117	东港股份	SZ	5.62	3.74	
307	2013-02-20	7.9	8.16	7.81	8.15	120769	8.15	002118	紫鑫药业	SZ	7.91	7.91	
307	2013-02-20	6.27	6.34	6.21	6.33	14441	6.29	002119	康强电子	SZ	6.24	6.2	
307	2013-02-20	8.87	9.15	8.87	9.15	17895	9.04	002120	新海股份	SZ	8.93	8.83	
307	2013-02-20	7.64	7.86	7.61	7.83	40833	7.79	002121	科陆电子	SZ	7.67	7.63	
307	2013-02-20	5.77	5.82	5.72	5.79	38732	5.69	002122	天马股份	SZ	5.74	5.64	
307	2013-02-20	10.15	10.7	9.96	10.66	403491	10.66	002123	荣信股份	SZ	10.12	10.12	
307	2013-02-20	7.66	7.77	7.6	7.76	25458	7.67	002124	天邦股份	SZ	7.66	7.58	
307	2013-02-20	7.94	7.99	7.72	7.93	26137	7.93	002125	湘潭电化	SZ	7.93	7.93	
307	2013-02-20	7.75	7.99	7.7	7.83	132980	7.79	002126	银轮股份	SZ	7.8	7.76	
307	2013-02-20	4	4.05	3.92	4.02	46963	4.02	002127	新民科技	SZ	4.03	4.03	
307	2013-02-20	13.36	13.51	13.33	13.49	31724	13.29	002128	露天煤业	SZ	13.38	13.18	
307	2013-02-20	14	14.76	13.92	14.49	69501	14.49	002129	中环股份	SZ	14	14	
307	2013-02-20	7.08	7.15	7.02	7.12	90640	5.43	002130	沃尔核材	SZ	7.18	5.47	
307	2013-02-20	9.5	9.84	9.49	9.8	49008	9.75	002131	利欧股份	SZ	9.49	9.44	
307	2013-02-20	4.85	4.93	4.81	4.93	41282	4.88	002132	恒星科技	SZ	4.84	4.79	
307	2013-02-20	4.68	4.74	4.66	4.73	65340	4.55	002133	广宇集团	SZ	4.69	4.52	
307	2013-02-20	5.65	5.78	5.65	5.77	15391	5.77	002134	天津普林	SZ	5.68	5.68	
307	2013-02-20	4.73	4.79	4.7	4.79	100879	4.77	002135	东南网架	SZ	4.73	4.71	
307	2013-02-20	8.46	8.62	8.42	8.62	40159	8.62	002136	安 纳 达	SZ	8.41	8.41	
307	2013-02-20	4	4.09	3.98	4.08	36992	3.01	002137	实 益 达	SZ	4	2.95	
307	2013-02-20	13.1	13.66	12.91	13.55	66392	13.41	002138	顺络电子	SZ	13.11	12.97	
307	2013-02-20	6.16	6.36	6.16	6.34	39244	6.22	002139	拓邦股份	SZ	6.21	6.1	
307	2013-02-20	26.41	27.8	26.41	27.75	31152	27.71	002140	东华科技	SZ	26.59	26.55	
307	2013-02-20	5.12	5.28	5.12	5.23	20065	5.23	002141	蓉胜超微	SZ	5.14	5.14	
307	2013-02-20	11.81	11.86	11.38	11.6	190170	11.31	002142	宁波银行	SZ	11.8	11.51	
307	2013-02-20	5.61	5.74	5.6	5.73	15375	5.73	002143	高金食品	SZ	5.67	5.67	
307	2013-02-20	13.68	14.34	13.56	14.15	32771	14.04	002144	宏达高科	SZ	13.69	13.59	
307	2013-02-20	10.8	11.06	10.75	11.03	30708	11.03	002145	*ST钛白	SZ	10.88	10.88	
307	2013-02-20	12.74	13.3	12.66	13.27	258868	13.16	002146	荣盛发展	SZ	12.75	12.65	
307	2013-02-20	6.03	6.15	5.98	6.15	27418	6.05	002147	方圆支承	SZ	6.03	5.93	
307	2013-02-20	7.68	7.99	7.64	7.99	80437	3.94	002148	北纬通信	SZ	7.68	3.79	
307	2013-02-20	12.18	12.3	12.05	12.24	17328	12.19	002149	西部材料	SZ	12.17	12.12	
307	2013-02-20	5.58	5.7	5.56	5.7	12907	5.59	002150	江苏通润	SZ	5.61	5.5	
307	2013-02-20	35.56	35.94	34.9	35.66	48653	35.61	002151	北斗星通	SZ	35.56	35.51	
307	2013-02-20	13	13.14	12.83	13.11	54201	10.7	002152	广电运通	SZ	13.07	10.67	
307	2013-02-20	9.59	10.24	9.54	10.2	172133	9.95	002154	报 喜 鸟	SZ	9.63	9.4	
307	2013-02-20	14.64	14.83	14.64	14.82	105098	11.31	002155	辰州矿业	SZ	14.66	11.19	
307	2013-02-20	4.32	4.5	4.29	4.46	100356	4.44	002156	通富微电	SZ	4.34	4.32	
307	2013-02-20	7.79	7.9	7.64	7.9	113765	7.85	002157	正邦科技	SZ	7.78	7.73	
307	2013-02-20	12.09	12.25	11.96	12.25	36489	10.93	002158	汉钟精机	SZ	12.15	10.84	
307	2013-02-20	8.28	8.47	8.21	8.42	154684	8.38	002161	远 望 谷	SZ	8.45	8.4	
307	2013-02-20	5.02	5.03	4.95	5.01	67787	5.01	002162	斯 米 克	SZ	5.03	5.03	
307	2013-02-20	3.8	3.85	3.74	3.83	85858	3.83	002163	中航三鑫	SZ	3.82	3.82	
307	2013-02-20	4.31	4.41	4.28	4.39	48005	4.39	002164	东力传动	SZ	4.29	4.29	
307	2013-02-20	6.87	6.9	6.76	6.9	93481	6.8	002165	红 宝 丽	SZ	6.84	6.74	
307	2013-02-20	16.69	17.38	16.4	17.07	87802	17.07	002166	莱茵生物	SZ	17.1	17.1	
307	2013-02-20	14.91	15.08	14.81	15.06	39903	15.06	002167	东方锆业	SZ	14.93	14.93	
307	2013-02-20	9.3	9.49	9.19	9.37	83542	9.31	002168	深圳惠程	SZ	9.37	9.31	
307	2013-02-20	5.25	5.35	5.21	5.35	56677	5.35	002169	智光电气	SZ	5.3	5.3	
307	2013-02-20	4.73	4.82	4.72	4.82	27370	2.64	002170	芭田股份	SZ	4.76	2.6	
307	2013-02-20	9.2	9.44	9.16	9.27	40436	9.27	002171	精诚铜业	SZ	9.24	9.24	
307	2013-02-20	5.54	5.89	5.38	5.85	80757	5.85	002172	澳洋科技	SZ	5.61	5.61	
307	2013-02-20	8.1	8.19	7.98	8.18	15094	8.18	002173	山 下 湖	SZ	8.09	8.09	
307	2013-02-20	15.36	15.75	15.31	15.65	11444	15.64	002174	梅 花 伞	SZ	15.33	15.32	
307	2013-02-20	9.45	9.69	9.45	9.62	24243	9.62	002175	广陆数测	SZ	9.68	9.68	
307	2013-02-20	8.22	8.45	8.2	8.45	107300	8.44	002176	江特电机	SZ	8.21	8.2	
307	2013-02-20	4.08	4.12	4.01	4.11	121553	3.15	002177	御银股份	SZ	4.08	3.13	
307	2013-02-20	10.03	10.42	9.97	10.39	33163	10.35	002178	延华智能	SZ	10	9.96	
307	2013-02-20	15.18	15.38	15.08	15.33	43995	15.23	002179	中航光电	SZ	15.18	15.08	
307	2013-02-20	11.07	11.18	10.92	11.17	10023	11.12	002180	万 力 达	SZ	11.05	11	
307	2013-02-20	8.38	8.49	8.33	8.48	22245	8.4	002181	粤 传 媒	SZ	8.34	8.26	
307	2013-02-20	9.24	9.34	9.18	9.31	51162	9.25	002182	云海金属	SZ	9.24	9.18	
307	2013-02-20	4.88	4.94	4.86	4.94	32611	4.91	002183	怡 亚 通	SZ	4.88	4.85	
307	2013-02-20	5.58	5.65	5.53	5.65	12109	5.6	002184	海得控制	SZ	5.58	5.53	
307	2013-02-20	5.14	5.23	5.13	5.21	58651	5.18	002185	华天科技	SZ	5.15	5.12	
307	2013-02-20	15.07	15.65	15.03	15.65	26636	7.62	002186	全 聚 德	SZ	15.13	7.37	
307	2013-02-20	7.75	7.85	7.71	7.84	12294	7.65	002187	广百股份	SZ	7.74	7.55	
307	2013-02-20	8.8	9.3	8.8	9.12	43702	9.12	002188	新 嘉 联	SZ	8.76	8.76	
307	2013-02-20	8.09	8.17	8.02	8.17	26307	8.15	002189	利达光电	SZ	8.08	8.06	
307	2013-02-20	17.95	18.25	17.51	17.93	164360	17.84	002190	成飞集成	SZ	18.38	18.28	
307	2013-02-20	9	9.21	8.94	9.2	59438	9.2	002191	劲嘉股份	SZ	8.97	8.97	
307	2013-02-20	16.68	17.35	16.68	17.23	17724	17.23	002192	路翔股份	SZ	16.67	16.67	
307	2013-02-20	8.08	8.23	8.03	8.22	17508	8.22	002193	山东如意	SZ	8.09	8.09	
307	2013-02-20	6.35	6.46	6.25	6.46	31659	6.34	002194	武汉凡谷	SZ	6.31	6.19	
307	2013-02-20	14.57	14.57	13.98	14.15	119417	14.01	002195	海隆软件	SZ	14.62	14.48	
307	2013-02-20	10.52	10.65	10.44	10.64	9080	10.42	002196	方正电机	SZ	10.52	10.3	
307	2013-02-20	9.17	9.58	9.16	9.56	58818	9.51	002197	证通电子	SZ	9.2	9.15	
307	2013-02-20	5.49	5.49	5.2	5.43	147977	2.68	002198	嘉应制药	SZ	5.49	2.71	
307	2013-02-20	6.18	6.55	6.17	6.45	79019	6.45	002199	东晶电子	SZ	6.17	6.17	
307	2013-02-20	12.62	13.68	12.62	13.41	61815	13.41	002200	绿 大 地	SZ	13.16	13.16	
307	2013-02-20	6.73	6.86	6.67	6.86	14919	6.86	002201	九鼎新材	SZ	6.73	6.73	
307	2013-02-20	5.81	5.97	5.81	5.96	179750	5.91	002202	金风科技	SZ	5.81	5.76	
307	2013-02-20	7.36	7.44	7.31	7.42	21218	7.32	002203	海亮股份	SZ	7.35	7.25	
307	2013-02-20	8.57	8.77	8.55	8.73	15711	5.76	002204	华锐铸钢	SZ	8.57	5.65	
307	2013-02-20	13.57	14.75	13.57	14.36	35487	14.31	002205	国统股份	SZ	13.57	13.52	
307	2013-02-20	6.45	6.58	6.45	6.56	45757	6.21	002206	海 利 得	SZ	6.52	6.17	
307	2013-02-20	12.32	12.71	12.23	12.66	23509	12.61	002207	准油股份	SZ	12.38	12.33	
307	2013-02-20	6.73	6.79	6.71	6.78	23541	6.64	002208	合肥城建	SZ	6.76	6.62	
307	2013-02-20	6.46	6.61	6.45	6.61	30504	6.58	002209	达 意 隆	SZ	6.46	6.43	
307	2013-02-20	5.15	5.25	5.12	5.25	18864	5.22	002210	飞马国际	SZ	5.15	5.12	
307	2013-02-20	5.88	6.38	5.82	6.23	297574	6.23	002211	宏达新材	SZ	5.88	5.88	
307	2013-02-20	4.72	4.8	4.72	4.79	29415	4.72	002212	南洋股份	SZ	4.73	4.66	
307	2013-02-20	6.44	6.64	6.4	6.59	14128	6.55	002213	特 尔 佳	SZ	6.46	6.42	
307	2013-02-20	8.7	8.89	8.7	8.86	23258	4.37	002214	大立科技	SZ	8.77	4.33	
307	2013-02-20	5.75	5.83	5.7	5.83	40305	3.84	002215	诺 普 信	SZ	5.74	3.78	
307	2013-02-20	14.19	14.65	14.09	14.43	22149	7.12	002216	三全食品	SZ	14.1	6.96	
307	2013-02-20	4.76	4.86	4.71	4.85	40239	4.85	002217	联合化工	SZ	4.73	4.73	
307	2013-02-20	6.44	6.55	6.33	6.53	91051	6.53	002218	拓日新能	SZ	6.45	6.45	
307	2013-02-20	10.12	10.41	9.99	10.39	89511	7.4	002219	独 一 味	SZ	10.13	7.22	
307	2013-02-20	7.7	7.77	7.6	7.77	14518	7.77	002220	天宝股份	SZ	7.71	7.71	
307	2013-02-20	9.91	10.07	9.4	10.05	113710	5	002221	东华能源	SZ	9.78	4.87	
307	2013-02-20	6.94	7.09	6.94	7.09	35029	7	002222	福晶科技	SZ	6.97	6.88	
307	2013-02-20	17.72	18.65	17.72	18.52	40621	18.44	002223	鱼跃医疗	SZ	17.72	17.64	
307	2013-02-20	6.37	6.43	6.27	6.43	8217	4.24	002224	三 力 士	SZ	6.37	4.2	
307	2013-02-20	12	12.22	11.91	12.21	31942	11.92	002226	江南化工	SZ	12	11.71	
307	2013-02-20	20.5	20.76	20.25	20.7	12536	20.61	002227	奥 特 迅	SZ	20.55	20.46	
307	2013-02-20	4.77	4.92	4.77	4.92	19307	4.84	002228	合兴包装	SZ	4.82	4.74	
307	2013-02-20	6.6	6.68	6.55	6.67	34167	6.62	002229	鸿博股份	SZ	6.6	6.55	
307	2013-02-20	33.9	34.55	33.01	34.36	123256	20.04	002230	科大讯飞	SZ	33.9	19.77	
307	2013-02-20	7.1	7.26	7.08	7.26	58235	7.26	002231	奥维通信	SZ	7.2	7.2	
307	2013-02-20	6.93	7.05	6.87	7.04	20698	7.03	002232	启明信息	SZ	6.93	6.92	
307	2013-02-20	8.44	8.52	8.28	8.52	104673	8.44	002233	塔牌集团	SZ	8.46	8.38	
307	2013-02-20	11.35	11.57	11.2	11.57	40879	11.57	002234	民和股份	SZ	11.5	11.5	
307	2013-02-20	7.7	7.84	7.68	7.84	11786	7.6	002235	安妮股份	SZ	7.7	7.46	
307	2013-02-20	25	25.59	24.92	25.4	26589	12.64	002236	大华股份	SZ	24.97	12.43	
307	2013-02-20	22.56	22.74	22.45	22.72	63798	22.72	002237	恒邦股份	SZ	22.52	22.52	
307	2013-02-20	11.04	11.38	10.9	11.31	30163	11.23	002238	天威视讯	SZ	11.11	11.03	
307	2013-02-20	11.4	11.6	11.4	11.56	10079	11.54	002239	金 飞 达	SZ	11.44	11.42	
307	2013-02-20	4.16	4.25	4.16	4.23	84954	4.23	002240	威华股份	SZ	4.15	4.15	
307	2013-02-20	20.67	20.89	20.46	20.89	70892	11.57	002241	歌尔声学	SZ	20.67	11.45	
307	2013-02-20	7.3	7.44	7.19	7.42	35279	6.66	002242	九阳股份	SZ	7.31	6.56	
307	2013-02-20	8.09	8.28	8.03	8.21	35035	8.18	002243	通产丽星	SZ	8.08	8.05	
307	2013-02-20	9.47	9.56	9.41	9.55	132876	9.47	002244	滨江集团	SZ	9.48	9.4	
307	2013-02-20	5.8	5.98	5.78	5.97	22070	5.89	002245	澳洋顺昌	SZ	5.8	5.72	
307	2013-02-20	9.18	9.58	8.93	9.29	35449	9.26	002246	北化股份	SZ	9.01	8.98	
307	2013-02-20	7.28	7.49	7.28	7.36	21174	3.59	002247	帝龙新材	SZ	7.3	3.57	
307	2013-02-20	8.1	8.35	7.96	8.26	69368	8.16	002249	大洋电机	SZ	8.11	8.01	
307	2013-02-20	21.4	21.78	21.28	21.66	13178	21.57	002250	联化科技	SZ	21.4	21.31	
307	2013-02-20	12.19	12.33	12.18	12.28	9532	6.4	002251	步 步 高	SZ	12.22	6.37	
307	2013-02-20	16.97	17.92	16.83	17.71	29529	17.65	002252	上海莱士	SZ	16.97	16.91	
307	2013-02-20	14.31	14.69	14.24	14.69	13244	14.54	002253	川大智胜	SZ	14.42	14.28	
307	2013-02-20	8.34	8.45	8.21	8.42	44735	6.47	002254	烟台氨纶	SZ	8.35	6.42	
307	2013-02-20	14.85	15.55	14.72	15.45	61570	15.38	002255	海陆重工	SZ	14.88	14.81	
307	2013-02-20	5.37	5.49	5.28	5.43	77069	5.41	002256	彩虹精化	SZ	5.38	5.36	
307	2013-02-20	13.34	14.8	13.34	14.36	31691	14.25	002258	利尔化学	SZ	13.46	13.36	
307	2013-02-20	3.65	3.79	3.64	3.73	402367	3.73	002259	升达林业	SZ	3.65	3.65	
307	2013-02-20	5.93	6.06	5.9	6.06	23422	5.99	002260	伊 立 浦	SZ	5.91	5.84	
307	2013-02-20	9.02	9.25	9	9.22	44360	9.21	002261	拓维信息	SZ	9.03	9.02	
307	2013-02-20	24.36	25.43	24.33	25.06	16762	19.99	002262	恩华药业	SZ	24.4	19.46	
307	2013-02-20	4.79	4.92	4.79	4.9	81286	4.08	002263	大 东 南	SZ	4.8	4	
307	2013-02-20	5.6	5.65	5.45	5.65	104065	5.6	002264	新 华 都	SZ	5.61	5.56	
307	2013-02-20	6.5	6.59	6.47	6.59	12040	6.59	002265	西仪股份	SZ	6.5	6.5	
307	2013-02-20	3.83	3.97	3.79	3.93	299451	1.95	002266	浙富股份	SZ	3.87	1.91	
307	2013-02-20	8.32	9.13	8.32	9.13	226778	8.97	002267	陕天然气	SZ	8.3	8.15	
307	2013-02-20	10.43	11.36	10.28	11.26	80444	11.25	002268	卫 士 通	SZ	10.42	10.41	
307	2013-02-20	14.39	14.89	14.31	14.87	45218	14.12	002269	美邦服饰	SZ	14.45	13.72	
307	2013-02-20	6.78	7.18	6.76	6.9	334234	6.81	002270	法因数控	SZ	6.63	6.54	
307	2013-02-20	15.79	16.03	15.45	15.97	28539	15.71	002271	东方雨虹	SZ	15.8	15.54	
307	2013-02-20	6.19	6.38	6.19	6.35	105109	6.34	002272	川润股份	SZ	6.2	6.19	
307	2013-02-20	16.67	17.57	16.67	17.43	53801	11.54	002273	水晶光电	SZ	17.07	11.3	
307	2013-02-20	6.71	6.91	6.68	6.88	20305	6.88	002274	华昌化工	SZ	6.68	6.68	
307	2013-02-20	15.9	16.7	15.85	16.63	25821	15.63	002275	桂林三金	SZ	15.91	14.95	
307	2013-02-20	5.39	5.5	5.36	5.5	39287	5.45	002276	万马电缆	SZ	5.38	5.33	
307	2013-02-20	10.3	10.55	10.28	10.49	53588	10.39	002277	友阿股份	SZ	10.22	10.12	
307	2013-02-20	9.74	9.96	9.72	9.92	41752	8.91	002278	神开股份	SZ	9.82	8.82	
307	2013-02-20	8.38	8.54	8.33	8.53	17141	8.37	002279	久其软件	SZ	8.43	8.27	
307	2013-02-20	9.7	9.98	9.7	9.91	12568	9.54	002280	新世纪	SZ	9.68	9.32	
307	2013-02-20	21.2	21.55	20.81	21.52	17965	21.33	002281	光迅科技	SZ	21.28	21.09	
307	2013-02-20	7.63	7.7	7.6	7.7	11941	7.65	002282	博深工具	SZ	7.61	7.56	
307	2013-02-20	6.55	6.6	6.39	6.53	64849	6.51	002283	天润曲轴	SZ	6.55	6.53	
307	2013-02-20	6.03	6.13	6.01	6.12	11706	6.06	002284	亚太股份	SZ	6.03	5.97	
307	2013-02-20	11.21	11.54	11.08	11.52	16282	8.64	002285	世联地产	SZ	11.19	8.4	
307	2013-02-20	14.51	15.06	14.51	15.05	21129	14.92	002286	保龄宝	SZ	14.58	14.45	
307	2013-02-20	15.8	16.3	15.67	16.3	10954	16.07	002287	奇正藏药	SZ	15.8	15.57	
307	2013-02-20	8.25	8.47	8.22	8.46	40976	7.03	002288	超华科技	SZ	8.26	6.87	
307	2013-02-20	13.5	14.55	13.1	14.21	52224	14.21	002289	宇顺电子	SZ	13.5	13.5	
307	2013-02-20	9.32	9.4	9.11	9.35	37520	9.25	002290	禾盛新材	SZ	9.51	9.4	
307	2013-02-20	5.88	6.01	5.88	6	13668	6	002291	星期六	SZ	5.87	5.87	
307	2013-02-20	14.31	14.52	14.1	14.47	27576	9.61	002292	奥飞动漫	SZ	14.31	9.51	
307	2013-02-20	25.35	26.61	25.09	26.57	17429	12.93	002293	罗莱家纺	SZ	25.35	12.33	
307	2013-02-20	33.07	34.29	32.41	34.15	28875	22.4	002294	信立泰	SZ	33.19	21.77	
307	2013-02-20	6.37	6.52	6.32	6.49	19163	6.49	002295	精艺股份	SZ	6.35	6.35	
307	2013-02-20	14.66	15.43	14.66	15.23	64396	15.08	002296	辉煌科技	SZ	14.77	14.62	
307	2013-02-20	8.59	8.63	8.47	8.59	38703	5.71	002297	博云新材	SZ	8.58	5.7	
307	2013-02-20	8.49	8.7	8.48	8.65	34849	8.63	002298	鑫龙电器	SZ	8.51	8.49	
307	2013-02-20	12.03	12.03	11.6	11.95	75537	11.95	002299	圣农发展	SZ	11.95	11.95	
307	2013-02-20	7.46	7.67	7.45	7.67	24437	7.38	002300	太阳电缆	SZ	7.45	7.17	
307	2013-02-20	7.25	7.34	7.19	7.31	51625	7.29	002301	齐心文具	SZ	7.24	7.22	
307	2013-02-20	12.06	12.72	11.96	12.6	33425	9.74	002302	西部建设	SZ	12.18	9.41	
307	2013-02-20	10.6	11.12	10.6	11.06	6640	5.49	002303	美盈森	SZ	10.85	5.39	
307	2013-02-20	79.99	80.55	78.56	79.63	32501	77.39	002304	洋河股份	SZ	79.57	77.33	
307	2013-02-20	7.33	7.63	7.25	7.57	58100	7.47	002305	南国置业	SZ	7.46	7.37	
307	2013-02-20	4.91	4.97	4.9	4.96	117608	2.42	002306	湘鄂情	SZ	4.93	2.41	
307	2013-02-20	7.09	7.18	7.05	7.17	34005	7.17	002307	北新路桥	SZ	7.08	7.08	
307	2013-02-20	8.54	8.72	8.5	8.68	43611	6.49	002308	威创股份	SZ	8.54	6.38	
307	2013-02-20	11.28	11.6	11.2	11.6	68925	11.52	002309	中利科技	SZ	11.26	11.18	
307	2013-02-20	37.1	39.44	37	38.29	39576	19.06	002310	东方园林	SZ	37.25	18.54	
307	2013-02-20	17.38	17.7	17.18	17.68	21084	17.56	002311	海大集团	SZ	17.38	17.26	
307	2013-02-20	5.04	5.15	5.04	5.13	35782	2.51	002312	三泰电子	SZ	5.06	2.48	
307	2013-02-20	13.49	13.92	13.32	13.87	20512	10.52	002313	日海通讯	SZ	13.47	10.22	
307	2013-02-20	7.19	7.37	7.17	7.35	20356	7.35	002314	雅致股份	SZ	7.17	7.17	
307	2013-02-20	33.32	34.91	33.22	34.7	13029	33.85	002315	焦点科技	SZ	33.36	32.54	
307	2013-02-20	6.75	6.86	6.68	6.82	21976	5.66	002316	键桥通讯	SZ	6.78	5.63	
307	2013-02-20	16.72	17.19	16.72	17.09	91493	8.31	002317	众生药业	SZ	16.71	8.13	
307	2013-02-20	13.47	13.64	13.38	13.6	48551	13.51	002318	久立特材	SZ	13.52	13.43	
307	2013-02-20	10.46	10.74	10.25	10.66	295772	5.29	002319	乐通股份	SZ	10.81	5.36	
307	2013-02-20	9.81	9.94	9.74	9.92	33681	9.81	002320	海峡股份	SZ	9.81	9.7	
307	2013-02-20	6.78	6.92	6.69	6.9	58949	6.9	002321	华英农业	SZ	6.78	6.78	
307	2013-02-20	8.55	8.81	8.55	8.79	27451	4.37	002322	理工监测	SZ	8.55	4.25	
307	2013-02-20	14	14.26	13.89	14.26	4024	10.58	002323	中联电气	SZ	13.98	10.37	
307	2013-02-20	14.95	15.75	14.86	15.62	24363	15.54	002324	普利特	SZ	14.98	14.9	
307	2013-02-20	12.02	12.67	12.02	12.41	30204	8.24	002325	洪涛股份	SZ	12.13	8.06	
307	2013-02-20	12.15	12.48	12.15	12.44	20016	12.32	002326	永太科技	SZ	12.14	12.02	
307	2013-02-20	18.76	20	18.52	19.99	22187	9.78	002327	富安娜	SZ	18.76	9.18	
307	2013-02-20	6.7	6.75	6.62	6.71	7180	6.68	002328	新朋股份	SZ	6.69	6.66	
307	2013-02-20	10.28	10.83	10.23	10.69	57095	10.55	002329	皇氏乳业	SZ	10.24	10.11	
307	2013-02-20	6.22	6.44	6.21	6.39	58860	3.19	002330	得利斯	SZ	6.22	3.11	
307	2013-02-20	8.38	8.54	8.25	8.51	18650	5.26	002331	皖通科技	SZ	8.32	5.14	
307	2013-02-20	11.2	12.32	11.2	12.27	115940	12.1	002332	仙琚制药	SZ	11.36	11.2	
307	2013-02-20	9.83	10.03	9.81	9.97	15289	9.78	002333	罗普斯金	SZ	9.85	9.66	
307	2013-02-20	8.46	8.58	8.34	8.58	63896	5.31	002334	英威腾	SZ	8.46	5.24	
307	2013-02-20	9.7	9.87	9.66	9.82	16920	9.73	002335	科华恒盛	SZ	9.71	9.62	
307	2013-02-20	9.37	9.47	9.35	9.45	11747	9.45	002336	人人乐	SZ	9.36	9.36	
307	2013-02-20	9.83	10.02	9.8	10	11825	9.56	002337	赛象科技	SZ	9.84	9.4	
307	2013-02-20	20.76	21.11	20.65	21.09	4850	20.82	002338	奥普光电	SZ	20.76	20.49	
307	2013-02-20	7.72	8	7.7	7.95	37896	3.94	002339	积成电子	SZ	7.72	3.83	
307	2013-02-20	9.89	10.36	9.85	10.3	309070	7.89	002340	格林美	SZ	9.77	7.48	
307	2013-02-20	10.88	11.3	10.71	11.26	60001	11.19	002341	新纶科技	SZ	10.91	10.84	
307	2013-02-20	7.62	7.75	7.6	7.67	32282	7.65	002342	巨力索具	SZ	7.69	7.67	
307	2013-02-20	8.61	8.73	8.51	8.72	12118	8.41	002343	禾欣股份	SZ	8.61	8.3	
307	2013-02-20	16.3	17.25	16.28	17.01	69474	8.41	002344	海宁皮城	SZ	16.24	8.03	
307	2013-02-20	10.89	11.1	10.78	11.1	19531	5.42	002345	潮宏基	SZ	10.89	5.32	
307	2013-02-20	6.1	6.14	6.06	6.14	11112	3.02	002346	柘中建设	SZ	6.09	3	
307	2013-02-20	8.99	9.04	8.88	9.03	14278	4.99	002347	泰尔重工	SZ	8.95	4.94	
307	2013-02-20	5.3	5.41	5.24	5.36	32672	2.64	002348	高乐股份	SZ	5.3	2.61	
307	2013-02-20	11.1	11.58	11.03	11.49	58189	11.44	002349	精华制药	SZ	11.23	11.18	
307	2013-02-20	10.77	11.59	10.77	11.59	93065	11.37	002350	北京科锐	SZ	10.54	10.34	
307	2013-02-20	8.09	8.24	8.05	8.22	7116	8.04	002351	漫步者	SZ	8.08	7.9	
307	2013-02-20	20.71	21.55	20.71	20.93	9472	20.62	002352	鼎泰新材	SZ	20.73	20.42	
307	2013-02-20	47.73	49.47	47.31	49.01	17365	37.58	002353	杰瑞股份	SZ	47.45	36.38	
307	2013-02-20	10.53	10.78	10.48	10.76	4614	10.73	002354	科冕木业	SZ	10.53	10.5	
307	2013-02-20	7.15	7.15	6.84	6.91	129317	3.44	002355	兴民钢圈	SZ	7.18	3.58	
307	2013-02-20	24.25	25.3	24.24	25.01	6159	24.73	002356	浩宁达	SZ	24.51	24.24	
307	2013-02-20	8.11	8.22	8.1	8.22	10541	7.97	002357	富临运业	SZ	8.1	7.85	
307	2013-02-20	13.85	14.2	13.76	14.2	28335	14.09	002358	森源电气	SZ	13.82	13.71	
307	2013-02-20	15.57	15.71	15.43	15.71	18137	5.11	002360	同德化工	SZ	15.45	5.02	
307	2013-02-20	7.93	7.99	7.71	7.99	127988	4.25	002361	神剑股份	SZ	7.93	4.21	
307	2013-02-20	10.41	10.63	10.39	10.62	14164	10.62	002362	汉王科技	SZ	10.45	10.45	
307	2013-02-20	13.75	14.16	13.69	14.13	18774	14.13	002363	隆基机械	SZ	13.75	13.75	
307	2013-02-20	8.99	9.25	8.91	9.24	13061	4.57	002364	中恒电气	SZ	8.98	4.44	
307	2013-02-20	10.3	10.77	10.29	10.72	32279	10.51	002365	永安药业	SZ	10.29	10.09	
307	2013-02-20	8.2	8.58	8.17	8.53	29790	8.37	002366	丹甫股份	SZ	8.21	8.05	
307	2013-02-20	4.8	4.84	4.78	4.82	44011	2.24	002367	康力电梯	SZ	4.8	2.23	
307	2013-02-20	15.18	15.35	15	15.27	23362	15.12	002369	卓翼科技	SZ	15.19	15.05	
307	2013-02-20	7.68	7.9	7.62	7.88	17761	7.88	002370	亚太药业	SZ	7.68	7.68	
307	2013-02-20	17.7	17.87	17.58	17.8	10511	8.86	002371	七星电子	SZ	17.7	8.81	
307	2013-02-20	12.75	13.2	12.75	13.13	15042	9.56	002372	伟星新材	SZ	12.82	9.33	
307	2013-02-20	5.91	6.05	5.91	6.03	13008	3.01	002373	联信永益	SZ	5.97	2.99	
307	2013-02-20	8.24	8.38	8.24	8.37	15632	4.48	002374	丽鹏股份	SZ	8.23	4.41	
307	2013-02-20	25.31	25.7	24.92	25.51	30236	25.44	002375	亚厦股份	SZ	25.31	25.24	
307	2013-02-20	8.75	9.11	8.74	9.1	23391	4.46	002376	新北洋	SZ	8.82	4.33	
307	2013-02-20	7.25	7.37	7.16	7.36	25106	7.36	002377	国创高新	SZ	7.25	7.25	
307	2013-02-20	24.86	25.13	24.72	25	12482	24.78	002378	章源钨业	SZ	24.71	24.5	
307	2013-02-20	5.59	5.76	5.41	5.76	78444	2.88	002379	鲁丰股份	SZ	5.57	2.78	
307	2013-02-20	24.25	25.29	24.2	25.18	4276	25.02	002380	科远股份	SZ	24.35	24.19	
307	2013-02-20	9.35	9.48	9.21	9.48	33553	4.54	002381	双箭股份	SZ	9.35	4.48	
307	2013-02-20	9.1	9.37	9.08	9.36	19151	9.29	002382	蓝帆股份	SZ	9.1	9.04	
307	2013-02-20	19.71	19.89	19.5	19.78	15544	19.78	002383	合众思壮	SZ	19.59	19.59	
307	2013-02-20	8.7	9.04	8.67	8.99	86202	8.99	002384	东山精密	SZ	8.76	8.76	
307	2013-02-20	11.85	12.18	11.71	12.17	86030	6.01	002385	大北农	SZ	11.81	5.83	
307	2013-02-20	7.1	7.13	6.97	7.1	31462	7.04	002386	天原集团	SZ	7.09	7.03	
307	2013-02-20	10.25	10.66	10.19	10.49	128244	10.46	002387	黑牛食品	SZ	10.73	10.7	
307	2013-02-20	8.1	8.18	8.02	8.16	5463	8.07	002388	新亚制程	SZ	8.09	8	
307	2013-02-20	6.49	6.75	6.4	6.72	34608	3.34	002389	南洋科技	SZ	6.49	3.22	
307	2013-02-20	15.21	15.42	15.1	15.4	51757	15.35	002390	信邦制药	SZ	15.23	15.18	
307	2013-02-20	12.58	13.13	12.51	13	23064	8.37	002391	长青股份	SZ	12.51	8.05	
307	2013-02-20	8.2	8.35	8.15	8.33	42706	8.28	002392	北京利尔	SZ	8.21	8.16	
307	2013-02-20	34.95	36.26	34.9	36.26	21509	35.48	002393	力生制药	SZ	34.92	34.17	
307	2013-02-20	12.17	12.48	12.17	12.47	12038	12.1	002394	联发股份	SZ	12.18	11.82	
307	2013-02-20	7.3	7.38	7.28	7.36	8365	3.6	002395	双象股份	SZ	7.3	3.56	
307	2013-02-20	15.75	16.38	15.75	16.37	33913	16.13	002396	星网锐捷	SZ	15.84	15.6	
307	2013-02-20	11.85	13.04	11.71	13.04	39542	12.77	002397	梦洁家纺	SZ	11.85	11.6	
307	2013-02-20	17.18	17.55	16.98	17.55	22509	13.43	002398	建研集团	SZ	17.22	13.18	
307	2013-02-20	19.94	20.28	19.85	20.21	62240	19.62	002399	海普瑞	SZ	19.89	19.31	
307	2013-02-20	17.35	18.9	17.02	18.5	55581	9.18	002400	省广股份	SZ	17.35	8.61	
307	2013-02-20	11.85	12.01	11.74	11.92	71448	11.87	002401	交技发展	SZ	11.89	11.84	
307	2013-02-20	8.17	8.23	8.07	8.21	18587	5.27	002402	和而泰	SZ	8.17	5.25	
307	2013-02-20	9.06	9.32	8.95	9.31	27532	9.31	002403	爱仕达	SZ	9	9	
307	2013-02-20	7.55	7.7	7.48	7.69	27782	7.28	002404	嘉欣丝绸	SZ	7.56	7.16	
307	2013-02-20	10.07	10.23	10.04	10.18	99578	8.42	002405	四维图新	SZ	10.08	8.33	
307	2013-02-20	8.8	8.96	8.76	8.91	16831	8.69	002406	远东传动	SZ	8.8	8.58	
307	2013-02-20	16.45	16.6	16.18	16.26	87689	16.16	002407	多氟多	SZ	16.5	16.4	
307	2013-02-20	18.44	18.77	18.25	18.51	24845	18.11	002408	齐翔腾达	SZ	18.45	18.05	
307	2013-02-20	15.48	15.86	15.47	15.86	4642	15.6	002409	雅克科技	SZ	15.6	15.34	
307	2013-02-20	15.62	16.15	15.38	15.61	43282	11.72	002410	广联达	SZ	15.84	11.9	
307	2013-02-20	7.33	7.57	7.29	7.55	76500	5	002411	九九久	SZ	7.28	4.82	
307	2013-02-20	21.33	22.58	21.01	22.58	25544	22.58	002412	汉森制药	SZ	21.34	21.34	
307	2013-02-20	8.71	8.88	8.59	8.86	37653	8.74	002413	常发股份	SZ	8.74	8.62	
307	2013-02-20	8.16	8.5	8.15	8.48	41945	4.2	002414	高德红外	SZ	8.23	4.09	
307	2013-02-20	6.51	6.66	6.48	6.64	23845	6.64	002416	爱施德	SZ	6.52	6.52	
307	2013-02-20	6.97	7.19	6.92	7.19	58560	7.19	002417	三元达	SZ	6.97	6.97	
307	2013-02-20	11.2	11.37	11.15	11.35	14857	11.02	002419	天虹商场	SZ	11.25	10.93	
307	2013-02-20	6.23	6.35	6.2	6.34	24847	6.32	002420	毅昌股份	SZ	6.25	6.23	
307	2013-02-20	17.2	18.4	17.18	18.16	66030	18.11	002421	达实智能	SZ	17.2	17.15	
307	2013-02-20	66.67	70.4	66.23	70.25	22505	69.99	002422	科伦药业	SZ	66.11	65.87	
307	2013-02-20	11.83	11.96	11.73	11.91	50712	11.88	002423	中原特钢	SZ	11.83	11.8	
307	2013-02-20	16.65	17.36	16.52	17.23	109028	16.87	002424	贵州百灵	SZ	16.7	16.35	
307	2013-02-20	6.53	6.7	6.51	6.62	10621	5.48	002425	凯撒股份	SZ	6.56	5.43	
307	2013-02-20	13.34	13.68	13.32	13.64	11115	6.72	002426	胜利精密	SZ	13.5	6.66	
307	2013-02-20	6.88	6.97	6.85	6.92	15694	6.91	002427	尤夫股份	SZ	6.91	6.9	
307	2013-02-20	13.34	13.44	13.18	13.36	64006	6.61	002428	云南锗业	SZ	13.34	6.6	
307	2013-02-20	9.2	10.11	9.13	10.11	196590	6.6	002429	兆驰股份	SZ	9.19	6	
307	2013-02-20	11.6	12.4	11.6	12.28	209470	12.06	002430	杭氧股份	SZ	11.45	11.24	
307	2013-02-20	22.02	22.58	21.46	22.49	65822	18.7	002431	棕榈园林	SZ	22	18.3	
307	2013-02-20	5.1	5.42	5.09	5.33	106692	3.55	002432	九安医疗	SZ	5.1	3.4	
307	2013-02-20	13.52	14.06	13.47	13.96	72077	5.75	002433	太安堂	SZ	13.52	5.57	
307	2013-02-20	9.1	9.54	8.99	9.3	63145	9.08	002434	万里扬	SZ	9.1	8.88	
307	2013-02-20	6.97	7.26	6.93	7.21	54383	4.74	002435	长江润发	SZ	6.97	4.59	
307	2013-02-20	17.7	18.24	17.6	18.16	17367	17.86	002436	兴森科技	SZ	17.9	17.61	
307	2013-02-20	24.15	25.35	24.05	25.11	23805	24.59	002437	誉衡药业	SZ	24.38	23.88	
307	2013-02-20	13.92	14.09	13.61	13.98	46319	13.93	002438	江苏神通	SZ	14.12	14.07	
307	2013-02-20	16.22	17.18	16.22	16.92	64107	16.84	002439	启明星辰	SZ	16.39	16.32	
307	2013-02-20	9.17	9.69	9.16	9.65	42715	4.68	002440	闰土股份	SZ	9.27	4.5	
307	2013-02-20	14.22	15.28	14.1	15	37529	14.72	002441	众业达	SZ	14.25	13.98	
307	2013-02-20	5.76	5.79	5.68	5.78	52746	5.78	002442	龙星化工	SZ	5.79	5.79	
307	2013-02-20	6.97	7.22	6.97	7.19	56705	5.92	002443	金洲管道	SZ	7.03	5.79	
307	2013-02-20	5.97	6.12	5.95	6.05	69110	2.92	002444	巨星科技	SZ	5.97	2.89	
307	2013-02-20	8.47	8.65	8.36	8.58	28365	8.53	002445	中南重工	SZ	8.47	8.42	
307	2013-02-20	9.82	10.19	9.79	10.16	15330	10.12	002446	盛路通信	SZ	9.87	9.83	
307	2013-02-20	23.38	23.79	23.2	23.67	22475	23.6	002447	壹桥苗业	SZ	23.38	23.31	
307	2013-02-20	14.1	14.52	14.1	14.52	28416	7	002448	中原内配	SZ	14.11	6.8	
307	2013-02-20	7.55	7.89	7.55	7.74	59798	7.58	002449	国星光电	SZ	7.66	7.51	
307	2013-02-20	18.08	18.31	17.78	18.31	86257	12.17	002450	康得新	SZ	18.19	12.09	
307	2013-02-20	14.54	14.82	14.44	14.82	14957	7.35	002451	摩恩电气	SZ	14.52	7.2	
307	2013-02-20	23.84	24.28	23.78	24.2	7803	11.85	002452	长高集团	SZ	23.84	11.67	
307	2013-02-20	21.24	21.76	20.96	21.68	27719	5.34	002453	天马精化	SZ	21.26	5.24	
307	2013-02-20	8.97	9.13	8.9	9.11	10693	9.11	002454	松芝股份	SZ	8.95	8.95	
307	2013-02-20	12.04	12.42	11.96	12.4	85609	3.05	002456	欧菲光	SZ	12.05	2.96	
307	2013-02-20	10.66	11.17	10.6	11.1	83409	11.07	002457	青龙管业	SZ	10.66	10.63	
307	2013-02-20	11.16	11.52	11.02	11.39	30389	11.39	002458	益生股份	SZ	11.15	11.15	
307	2013-02-20	6.57	6.68	6.55	6.68	29543	6.68	002459	天业通联	SZ	6.58	6.58	
307	2013-02-20	21.4	21.87	21.1	21.75	24017	21.58	002460	赣锋锂业	SZ	21.38	21.22	
307	2013-02-20	10.36	10.93	10	10.78	263245	10.77	002461	珠江啤酒	SZ	10.37	10.36	
307	2013-02-20	8.5	8.82	8.46	8.77	29042	8.69	002462	嘉事堂	SZ	8.43	8.35	
307	2013-02-20	4.01	4.07	3.97	4.06	82046	3.23	002463	沪电股份	SZ	4.03	3.2	
307	2013-02-20	15.69	16.06	15.62	15.93	25148	15.72	002464	金利科技	SZ	16.14	15.93	
307	2013-02-20	15.15	15.62	15.05	15.62	30497	7.64	002465	海格通信	SZ	15.25	7.46	
307	2013-02-20	38.39	40.12	38.1	39.72	21633	39.63	002466	天齐锂业	SZ	38.38	38.3	
307	2013-02-20	16.16	17.39	16.02	17.09	215927	16.87	002467	二六三	SZ	16.16	15.95	
307	2013-02-20	7.74	7.82	7.64	7.79	61097	6.49	002468	艾迪西	SZ	7.77	6.47	
307	2013-02-20	21.8	22.76	21.8	22.49	23605	11.4	002469	三维工程	SZ	22.19	11.24	
307	2013-02-20	17.25	17.93	17.23	17.75	33949	17.62	002470	金正大	SZ	17.25	17.12	
307	2013-02-20	6.44	6.62	6.43	6.59	25768	3.21	002471	中超电缆	SZ	6.45	3.14	
307	2013-02-20	8.22	8.36	8.11	8.31	23238	8.25	002472	双环传动	SZ	8.2	8.14	
307	2013-02-20	7.06	7.14	7.03	7.14	9187	7.03	002473	圣莱达	SZ	7.08	6.97	
307	2013-02-20	10.23	10.52	10.13	10.51	57587	6.91	002474	榕基软件	SZ	10.23	6.73	
307	2013-02-20	20.88	21.33	20.47	21.21	13997	14.08	002475	立讯精密	SZ	20.88	13.86	
307	2013-02-20	7.35	7.58	7.29	7.49	224305	4.97	002476	宝莫股份	SZ	7.37	4.89	
307	2013-02-20	11.5	11.8	11.36	11.79	49782	7.24	002477	雏鹰农牧	SZ	11.56	7.09	
307	2013-02-20	10.24	10.46	10.21	10.45	11047	10.28	002478	常宝股份	SZ	10.25	10.09	
307	2013-02-20	8.23	8.71	8.23	8.7	172040	4.98	002479	富春环保	SZ	8.21	4.7	
307	2013-02-20	11.1	11.42	11.06	11.36	12559	11.36	002480	新筑股份	SZ	11.28	11.28	
307	2013-02-20	8.02	8.28	8.02	8.19	57967	4.09	002481	双塔食品	SZ	8.06	4.02	
307	2013-02-20	21.69	22.38	21.28	22.26	27344	22.15	002482	广田股份	SZ	21.82	21.71	
307	2013-02-20	8.06	8.18	8.01	8.18	16927	7.96	002483	润邦股份	SZ	8.05	7.83	
307	2013-02-20	12.04	12.36	12.04	12.3	13140	12.23	002484	江海股份	SZ	12.08	12.01	
307	2013-02-20	7.92	8.12	7.9	8.11	21602	7.91	002485	希努尔	SZ	7.92	7.72	
307	2013-02-20	3.66	3.83	3.65	3.81	70095	0.91	002486	嘉麟杰	SZ	3.66	0.88	
307	2013-02-20	5.11	5.18	5.09	5.17	14121	2.56	002487	大金重工	SZ	5.11	2.53	
307	2013-02-20	8.4	8.63	8.38	8.6	22368	8.46	002488	金固股份	SZ	8.38	8.24	
307	2013-02-20	9.23	9.4	9.21	9.39	13641	9.1	002489	浙江永强	SZ	9.25	8.97	
307	2013-02-20	11.79	12.15	11.68	12.08	102651	12.02	002490	山东墨龙	SZ	11.76	11.7	
307	2013-02-20	11.72	11.93	11.55	11.93	18722	11.7	002491	通鼎光电	SZ	11.73	11.5	
307	2013-02-20	15.35	15.67	15.28	15.66	14544	15.44	002494	华斯股份	SZ	15.35	15.13	
307	2013-02-20	6.33	6.39	6.16	6.35	136553	6.25	002495	佳隆股份	SZ	6.48	6.38	
307	2013-02-20	14.95	15.88	14.95	15.88	44591	7.93	002496	辉丰股份	SZ	14.96	7.47	
307	2013-02-20	12.53	12.97	12.5	12.83	41896	12.65	002497	雅化集团	SZ	12.63	12.46	
307	2013-02-20	6.29	6.51	6.27	6.49	49731	4.25	002498	汉缆股份	SZ	6.3	4.12	
307	2013-02-20	18.71	19.93	18.71	19.37	43878	19.33	002499	科林环保	SZ	18.71	18.67	
307	2013-02-20	8.08	8.2	8.03	8.19	198223	8.14	002500	山西证券	SZ	8.08	8.03	
307	2013-02-20	11.81	12.01	11.67	11.94	49977	6.53	002501	利源铝业	SZ	11.77	6.44	
307	2013-02-20	9.82	10.47	9.81	10.16	58631	10.09	002502	骅威股份	SZ	9.55	9.49	
307	2013-02-20	14.68	15.15	14.68	15.13	13148	9.77	002503	搜于特	SZ	15.01	9.69	
307	2013-02-20	7.45	7.62	7.45	7.61	12428	5.84	002504	东光微电	SZ	7.47	5.73	
307	2013-02-20	7.61	7.77	7.48	7.77	42177	7.77	002505	大康牧业	SZ	7.64	7.64	
307	2013-02-20	4.36	4.42	4.25	4.4	326477	4.4	002506	超日太阳	SZ	4.38	4.38	
307	2013-02-20	26.5	28.17	26.28	27.99	14489	27.62	002507	涪陵榨菜	SZ	26.55	26.2	
307	2013-02-20	25.27	26.98	25.2	26.98	12858	26.75	002508	老板电器	SZ	25.77	25.55	
307	2013-02-20	7.89	8.27	7.84	8.27	74969	4.1	002509	天广消防	SZ	7.89	3.91	
307	2013-02-20	20.44	20.8	20.42	20.72	5555	10.1	002510	天汽模	SZ	20.42	9.95	
307	2013-02-20	15.53	16.13	15.4	16.05	34873	10.59	002511	中顺洁柔	SZ	15.46	10.2	
307	2013-02-20	10.71	11.09	10.7	11.08	17613	10.98	002513	蓝丰生化	SZ	10.84	10.74	
307	2013-02-20	25.8	26.6	25.44	26.5	12979	13.14	002514	宝馨科技	SZ	25.82	12.81	
307	2013-02-20	13.17	13.56	13.14	13.47	7635	13.38	002515	金字火腿	SZ	13.17	13.08	
307	2013-02-20	8.66	8.87	8.62	8.79	19395	8.67	002516	江苏旷达	SZ	8.66	8.54	
307	2013-02-20	8.6	8.82	8.56	8.76	13120	8.76	002517	泰亚股份	SZ	8.62	8.62	
307	2013-02-20	10.86	11.16	10.77	11.13	21690	7.83	002518	科士达	SZ	10.98	7.73	
307	2013-02-20	9.47	9.61	9.33	9.59	25223	6.1	002519	银河电子	SZ	9.46	6.02	
307	2013-02-20	9	9	8.65	8.92	33677	5.5	002520	日发数码	SZ	8.76	5.4	
307	2013-02-20	8.15	8.26	8.05	8.26	55665	3.98	002521	齐峰股份	SZ	8.05	3.88	
307	2013-02-20	17.4	17.53	17.15	17.36	5209	16.61	002522	浙江众成	SZ	17.27	16.52	
307	2013-02-20	4.27	4.36	4.26	4.36	56062	3.32	002523	天桥起重	SZ	4.28	3.26	
307	2013-02-20	5.63	5.67	5.52	5.58	138599	3.27	002524	光正钢构	SZ	5.55	3.25	
307	2013-02-20	6.92	7.06	6.92	7.06	128965	7.02	002526	山东矿机	SZ	6.97	6.93	
307	2013-02-20	9.45	9.71	9.35	9.71	79382	5.62	002527	新时达	SZ	9.44	5.46	
307	2013-02-20	9.28	9.56	9.23	9.52	14998	9.35	002528	英飞拓	SZ	9.22	9.06	
307	2013-02-20	11.7	12.1	11.51	12.1	82658	12.08	002529	海源机械	SZ	12.12	12.1	
307	2013-02-20	6.29	6.4	6.27	6.39	21361	6.29	002530	丰东股份	SZ	6.28	6.18	
307	2013-02-20	9.75	9.98	9.59	9.81	111045	4.78	002531	天顺风能	SZ	9.84	4.79	
307	2013-02-20	17.36	18.18	17.36	18.04	44122	17.95	002532	新界泵业	SZ	17.33	17.24	
307	2013-02-20	6.7	6.77	6.63	6.75	70792	6.52	002533	金杯电工	SZ	6.68	6.46	
307	2013-02-20	15.18	15.68	15.17	15.64	23720	15.14	002534	杭锅股份	SZ	15.19	14.7	
307	2013-02-20	7.75	7.87	7.68	7.83	60223	7.72	002535	林州重机	SZ	7.74	7.63	
307	2013-02-20	16.07	16.37	15.99	16.31	6759	16.13	002536	西泵股份	SZ	16.07	15.89	
307	2013-02-20	12.39	12.68	12.36	12.64	11031	12.54	002537	海立美达	SZ	12.41	12.31	
307	2013-02-20	13	13.35	12.98	13.3	13941	13.06	002538	司尔特	SZ	13.1	12.86	
307	2013-02-20	9.72	9.88	9.65	9.88	25136	9.45	002539	新都化工	SZ	9.74	9.32	
307	2013-02-20	6.8	6.9	6.79	6.9	25665	3.31	002540	亚太科技	SZ	6.8	3.27	
307	2013-02-20	12.24	12.7	11.88	12.57	27593	12.53	002541	鸿路钢构	SZ	12.08	12.04	
307	2013-02-20	27.64	28.3	27.64	28.12	31707	13.91	002542	中化岩土	SZ	27.78	13.75	
307	2013-02-20	9.35	9.48	9.31	9.46	9326	4.61	002543	万和电气	SZ	9.36	4.56	
307	2013-02-20	5.76	5.95	5.76	5.93	82682	2.9	002544	杰赛科技	SZ	5.8	2.84	
307	2013-02-20	13.43	13.85	13.39	13.8	11886	13.64	002545	东方铁塔	SZ	13.45	13.29	
307	2013-02-20	17.95	18.41	17.89	18.32	18450	17.53	002546	新联电子	SZ	17.99	17.21	
307	2013-02-20	11.83	12.05	11.73	12.02	35308	12.02	002547	春兴精工	SZ	11.75	11.75	
307	2013-02-20	12.66	12.95	12.65	12.94	15392	12.6	002548	金新农	SZ	12.74	12.41	
307	2013-02-20	10.27	10.86	10.13	10.84	111565	7.15	002549	凯美特气	SZ	10.19	6.72	
307	2013-02-20	14.37	14.65	14.02	14.6	31017	6.93	002550	千红制药	SZ	14.27	6.78	
307	2013-02-20	14.65	15.16	14.51	14.75	37972	9.76	002551	尚荣医疗	SZ	14.65	9.69	
307	2013-02-20	11.26	11.44	11.18	11.4	5117	11.3	002552	宝鼎重工	SZ	11.26	11.16	
307	2013-02-20	7.01	7.25	6.93	7.22	20368	3.45	002553	南方轴承	SZ	7.01	3.36	
307	2013-02-20	7.53	7.97	7.53	7.9	172647	5.25	002554	惠博普	SZ	7.59	5.04	
307	2013-02-20	10.9	10.93	10.81	10.91	8499	10.59	002555	顺荣股份	SZ	10.86	10.54	
307	2013-02-20	7.35	7.56	7.35	7.53	90153	7.41	002556	辉隆股份	SZ	7.37	7.25	
307	2013-02-20	19.1	20.15	18.77	19.55	48139	18.94	002557	洽洽食品	SZ	19.51	18.9	
307	2013-02-20	25.08	25.43	24.81	25.29	5364	25.2	002558	世纪游轮	SZ	25.13	25.04	
307	2013-02-20	10.49	10.68	10.43	10.68	12541	10.48	002559	亚威股份	SZ	10.49	10.29	
307	2013-02-20	13.99	14.08	13.69	14.07	13682	13.88	002560	通达股份	SZ	14.05	13.86	
307	2013-02-20	8.69	8.78	8.63	8.78	16180	8.18	002561	徐家汇	SZ	8.66	8.07	
307	2013-02-20	8.79	9	8.73	8.97	37425	8.91	002565	上海绿新	SZ	8.79	8.73	
307	2013-02-20	17.3	17.8	17.04	17.74	44482	17.74	002566	益盛药业	SZ	17.2	17.2	
307	2013-02-20	12.41	12.75	12.3	12.74	13071	12.67	300001	特锐德	SZ	12.31	12.25	
307	2013-02-20	5.27	5.46	5.27	5.45	106387	1.59	300002	神州泰岳	SZ	5.29	1.54	
307	2013-02-20	10.18	10.86	10.18	10.74	137428	10.58	300003	乐普医疗	SZ	10.16	10.01	
307	2013-02-20	22.36	23.55	22.36	23.31	13617	23.22	300004	南风股份	SZ	22.61	22.52	
307	2013-02-20	12.82	13.15	12.71	13.08	48068	10.81	300005	探路者	SZ	12.82	10.59	
307	2013-02-20	19.81	21.99	19.59	21.4	28333	21.33	300006	莱美药业	SZ	20.06	19.99	
307	2013-02-20	13.08	13.93	13.08	13.49	64636	13.44	300007	汉威电子	SZ	12.92	12.87	
307	2013-02-20	6.7	6.82	6.65	6.81	24709	6.71	300008	上海佳豪	SZ	6.7	6.6	
307	2013-02-20	11.26	11.95	11.26	11.87	69739	9.41	300009	安科生物	SZ	11.32	8.97	
307	2013-02-20	6.3	6.48	6.26	6.48	85907	6.41	300010	立思辰	SZ	6.2	6.14	
307	2013-02-20	8.33	8.41	8.15	8.39	63317	3.08	300011	鼎汉技术	SZ	8.31	3.06	
307	2013-02-20	10.86	11.25	10.86	11.24	24787	5.54	300012	华测检测	SZ	10.9	5.36	
307	2013-02-20	9.32	9.5	9.32	9.49	9007	9.48	300013	新宁物流	SZ	9.37	9.36	
307	2013-02-20	12.14	12.59	12.1	12.59	75868	6.22	300014	亿纬锂能	SZ	12.14	5.99	
307	2013-02-20	19.5	21.51	19.46	21.51	69119	21.44	300015	爱尔眼科	SZ	19.55	19.48	
307	2013-02-20	7.82	8.28	7.76	8.27	49845	4.04	300016	北陆药业	SZ	7.84	3.83	
307	2013-02-20	20.32	22.2	20.3	21.94	29002	21.83	300017	网宿科技	SZ	20.51	20.41	
307	2013-02-20	5.63	5.77	5.59	5.77	41567	3.76	300018	中元华电	SZ	5.63	3.67	
307	2013-02-20	8.68	8.94	8.63	8.93	15128	5.47	300019	硅宝科技	SZ	8.69	5.32	
307	2013-02-20	15.95	16.9	15.69	16.66	77293	16.62	300020	银江股份	SZ	16.1	16.06	
307	2013-02-20	9.52	9.99	9.51	9.91	185289	9.91	300021	大禹节水	SZ	9.43	9.43	
307	2013-02-20	8.23	8.77	8.23	8.69	199056	8.69	300022	吉峰农机	SZ	8.3	8.3	
307	2013-02-20	8.81	9.1	8.78	9.07	9008	9.07	300023	宝德股份	SZ	8.83	8.83	
307	2013-02-20	32.7	34.15	32.34	33.99	67828	33.92	300024	机器人	SZ	32.68	32.61	
307	2013-02-20	6.58	6.76	6.54	6.73	37857	6.71	300025	华星创业	SZ	6.56	6.54	
307	2013-02-20	28.53	29.87	28.33	29.85	27587	19.84	300026	红日药业	SZ	28.55	18.98	
307	2013-02-20	9.98	10.4	9.95	10.23	306719	5.02	300027	华谊兄弟	SZ	9.99	4.91	
307	2013-02-20	5.53	5.71	5.51	5.7	38285	5.66	300028	金亚科技	SZ	5.53	5.49	
307	2013-02-20	6.28	6.43	6.23	6.43	69715	6.43	300029	天龙光电	SZ	6.32	6.32	
307	2013-02-20	18.42	19.34	18.36	19.34	37459	9.6	300030	阳普医疗	SZ	18.36	9.12	
307	2013-02-20	10.41	10.72	10.41	10.67	23853	10.37	300031	宝通带业	SZ	10.45	10.16	
307	2013-02-20	12.44	12.75	12.33	12.7	7222	6.31	300032	金龙机电	SZ	12.64	6.28	
307	2013-02-20	14.59	14.92	14.55	14.9	7331	14.86	300033	同花顺	SZ	14.58	14.54	
307	2013-02-20	16.6	17.19	16.53	17.12	55128	16.98	300034	钢研高纳	SZ	16.73	16.59	
307	2013-02-20	7.54	7.83	7.54	7.76	15836	5.17	300035	中科电气	SZ	7.56	5.04	
307	2013-02-20	11.05	11.25	10.99	11.24	10468	11.24	300036	超图软件	SZ	11.05	11.05	
307	2013-02-20	17.6	17.87	17.37	17.83	8297	17.69	300037	新宙邦	SZ	17.4	17.26	
307	2013-02-20	10.56	10.98	10.45	10.78	65746	10.73	300038	梅泰诺	SZ	10.69	10.64	
307	2013-02-20	10.96	11.65	10.88	11.63	92159	4.6	300039	上海凯宝	SZ	11.02	4.36	
307	2013-02-20	8.93	9.09	8.74	9.09	106167	4.42	300040	九洲电气	SZ	8.26	4.02	
307	2013-02-20	9.08	9.32	9.08	9.29	18880	5.68	300041	回天胶业	SZ	9.12	5.58	
307	2013-02-20	8.93	9.08	8.86	9.05	10905	8.98	300042	朗科科技	SZ	8.89	8.82	
307	2013-02-20	11.69	12.07	11.67	12.05	28942	3.95	300043	星辉车模	SZ	11.79	3.86	
307	2013-02-20	9.59	9.84	9.39	9.82	166903	4.41	300044	赛为智能	SZ	9.74	4.38	
307	2013-02-20	14.37	14.75	14.3	14.73	20881	14.71	300045	华力创通	SZ	14.41	14.39	
307	2013-02-20	9.45	9.83	9.45	9.83	21020	9.14	300046	台基股份	SZ	9.48	8.82	
307	2013-02-20	7.55	7.67	7.47	7.61	95550	3.71	300047	天源迪科	SZ	7.53	3.67	
307	2013-02-20	9.06	9.55	9.06	9.48	60217	9.35	300048	合康变频	SZ	9.14	9.02	
307	2013-02-20	11.27	11.62	11.22	11.6	19405	11.6	300049	福瑞股份	SZ	11.23	11.23	
307	2013-02-20	10.16	10.67	10.07	10.57	25325	10.56	300050	世纪鼎利	SZ	10.13	10.12	
307	2013-02-20	5.57	5.97	5.57	5.93	138329	2.95	300052	中青宝	SZ	5.59	2.78	
307	2013-02-20	10.67	10.98	10.58	10.93	44827	3.55	300054	鼎龙股份	SZ	10.69	3.47	
307	2013-02-20	24.45	26.23	24.2	25.4	131709	25.31	300055	万邦达	SZ	23.87	23.79	
307	2013-02-20	13.86	14.46	13.85	14.2	68704	14.16	300056	三维丝	SZ	13.9	13.87	
307	2013-02-20	11.31	11.96	11.31	11.88	63908	11.83	300057	万顺股份	SZ	11.32	11.28	
307	2013-02-20	28.47	29.6	28.1	29.41	19367	29.35	300058	蓝色光标	SZ	28.22	28.16	
307	2013-02-20	5.3	5.79	5.28	5.7	207798	2.83	300059	东方财富	SZ	5.31	2.63	
307	2013-02-20	7.6	7.81	7.6	7.8	13334	7.8	300061	康耐特	SZ	7.6	7.6	
307	2013-02-20	8.49	8.65	8.43	8.63	7034	8.53	300062	中能电气	SZ	8.46	8.36	
307	2013-02-20	9.8	10.1	9.73	10.01	13221	9.91	300063	天龙集团	SZ	9.8	9.7	
307	2013-02-20	5.8	5.89	5.76	5.87	80002	5.83	300064	豫金刚石	SZ	5.81	5.77	
307	2013-02-20	10.1	10.32	10.02	10.32	26835	10.32	300065	海兰信	SZ	10.15	10.15	
307	2013-02-20	9.35	9.76	9.33	9.75	19560	9.65	300066	三川股份	SZ	9.44	9.34	
307	2013-02-20	7.23	7.56	7.2	7.49	47046	7.42	300067	安诺其	SZ	7.21	7.14	
307	2013-02-20	7.12	7.32	7.11	7.31	168171	3.61	300068	南都电源	SZ	7.02	3.47	
307	2013-02-20	8.1	8.23	8.07	8.22	3037	5.37	300069	金利华电	SZ	8.07	5.28	
307	2013-02-20	28.71	30.2	28.69	29.89	49784	18.67	300070	碧水源	SZ	28.71	17.93	
307	2013-02-20	20.44	21	20.02	20.82	24970	10.35	300071	华谊嘉信	SZ	20.5	10.19	
307	2013-02-20	13.73	14.65	13.71	14.38	158894	11.04	300072	三聚环保	SZ	13.77	10.57	
307	2013-02-20	9.52	9.72	9.48	9.68	25377	9.64	300073	当升科技	SZ	9.56	9.52	
307	2013-02-20	11.05	11.36	10.76	10.91	71334	3.27	300074	华平股份	SZ	10.99	3.29	
307	2013-02-20	22.59	23.28	22.53	23.17	10680	15.36	300075	数字政通	SZ	22.66	15.02	
307	2013-02-20	12.59	12.81	12.49	12.76	9402	12.76	300076	宁波GQY	SZ	12.56	12.56	
307	2013-02-20	15.34	15.82	15.27	15.82	38006	15.74	300077	国民技术	SZ	15.28	15.2	
307	2013-02-20	12.12	12.36	12.05	12.35	15218	11.98	300078	中瑞思创	SZ	12.12	11.76	
307	2013-02-20	17.04	17.6	16.9	17.51	51254	17.35	300079	数码视讯	SZ	16.94	16.79	
307	2013-02-20	6.8	6.97	6.78	6.96	73512	6.96	300080	新大新材	SZ	6.85	6.85	
307	2013-02-20	7.78	8.06	7.78	8.05	24051	3.97	300081	恒信移动	SZ	7.8	3.85	
307	2013-02-20	9.57	9.84	9.55	9.81	39526	7.42	300082	奥克股份	SZ	9.56	7.23	
307	2013-02-20	14.82	16.28	14.59	15.56	42687	15.48	300083	劲胜股份	SZ	14.8	14.72	
307	2013-02-20	12.32	12.67	12.26	12.61	22176	12.61	300084	海默科技	SZ	12.33	12.33	
307	2013-02-20	16.1	16.96	16.1	16.82	24616	8.33	300085	银之杰	SZ	16.18	8.01	
307	2013-02-20	13.6	14.23	13.52	14.23	14618	14.05	300086	康芝药业	SZ	13.6	13.43	
307	2013-02-20	13.94	14.26	13.81	14.19	16816	14.19	300087	荃银高科	SZ	13.85	13.85	
307	2013-02-20	12.41	13.25	12.41	13.25	83079	8.77	300088	长信科技	SZ	12.51	8.27	
307	2013-02-20	7.41	7.6	7.38	7.59	25887	7.59	300089	长城集团	SZ	7.4	7.4	
307	2013-02-20	22.2	23.85	22.01	23.83	26751	23.83	300090	盛运股份	SZ	22.28	22.28	
307	2013-02-20	7.72	8.17	7.72	8.04	32621	8.04	300091	金通灵	SZ	7.76	7.76	
307	2013-02-20	11.05	11.2	10.89	11.1	12442	10.98	300092	科新机电	SZ	11.04	10.92	
307	2013-02-20	6.55	6.65	6.45	6.63	27855	6.61	300093	金刚玻璃	SZ	6.58	6.56	
307	2013-02-20	5.32	5.55	5.29	5.51	71561	5.51	300094	国联水产	SZ	5.36	5.36	
307	2013-02-20	10.92	11.25	10.54	11.19	47560	8.53	300095	华伍股份	SZ	11.38	8.68	
307	2013-02-20	9.6	9.94	9.53	9.94	33530	9.88	300096	易联众	SZ	9.6	9.54	
307	2013-02-20	6.24	6.37	6.21	6.36	5626	3.18	300097	智云股份	SZ	6.24	3.12	
307	2013-02-20	8.32	8.46	8.18	8.39	14169	8.39	300098	高新兴	SZ	8.32	8.32	
307	2013-02-20	11.3	11.43	11.14	11.35	23511	5.44	300099	尤洛卡	SZ	11.2	5.37	
307	2013-02-20	7.8	7.89	7.66	7.88	102166	3.72	300100	双林股份	SZ	7.85	3.7	
307	2013-02-20	14.68	14.9	14.4	14.88	27077	14.84	300101	国腾电子	SZ	14.68	14.64	
307	2013-02-20	8.9	9.18	8.85	9.17	51497	9.01	300102	乾照光电	SZ	8.9	8.74	
307	2013-02-20	10.44	10.65	10.44	10.64	34865	10.59	300103	达刚路机	SZ	10.48	10.43	
307	2013-02-20	11.67	12.26	11.67	12.13	111828	6.37	300104	乐视网	SZ	11.69	6.14	
307	2013-02-20	26.95	28.15	26.95	27.87	21872	27.79	300105	龙源技术	SZ	26.95	26.87	
307	2013-02-20	14.1	14.67	14.01	14.49	23050	14.47	300106	西部牧业	SZ	14.14	14.12	
307	2013-02-20	19.8	20.8	19.78	20.62	18910	10.28	300107	建新股份	SZ	19.96	9.95	
307	2013-02-20	7.47	7.66	7.44	7.65	15873	7.51	300108	双龙股份	SZ	7.46	7.32	
307	2013-02-20	8.2	8.43	8.11	8.38	11318	8.33	300109	新开源	SZ	8.23	8.18	
307	2013-02-20	8.45	8.9	8.43	8.88	50543	4.44	300110	华仁药业	SZ	8.55	4.27	
307	2013-02-20	3.25	3.28	3.2	3.26	141332	1.48	300111	向日葵	SZ	3.27	1.49	
307	2013-02-20	8.88	8.88	8.65	8.84	21148	8.8	300112	万讯自控	SZ	8.77	8.73	
307	2013-02-20	26.1	28.98	26.08	28.89	21854	28.73	300113	顺网科技	SZ	26.36	26.22	
307	2013-02-20	11.22	11.35	11.11	11.35	4424	8.69	300114	中航电测	SZ	11.22	8.59	
307	2013-02-20	23.2	24.22	23.19	24.08	59557	24.02	300115	长盈精密	SZ	23.33	23.27	
307	2013-02-20	4.7	4.86	4.68	4.82	20481	2.41	300116	坚瑞消防	SZ	4.7	2.35	
307	2013-02-20	8.18	8.31	8.12	8.27	30446	8.22	300117	嘉寓股份	SZ	8.18	8.13	
307	2013-02-20	5.34	5.34	5.16	5.29	116597	5.29	300118	东方日升	SZ	5.33	5.33	
307	2013-02-20	43.36	45.25	43.36	45.19	9473	22.24	300119	瑞普生物	SZ	42.82	21.07	
307	2013-02-20	6.91	7.44	6.91	7.22	89268	7.13	300120	经纬电材	SZ	7.18	7.09	
307	2013-02-20	7.86	7.98	7.81	7.96	5889	6.12	300121	阳谷华泰	SZ	7.88	6.06	
307	2013-02-20	37.12	37.68	37.12	37.45	11762	37.21	300122	智飞生物	SZ	37.19	36.95	
307	2013-02-20	15.49	15.7	15.21	15.62	30770	15.53	300123	太阳鸟	SZ	15.49	15.4	
307	2013-02-20	26.64	27.66	26.21	27.39	9357	26.95	300124	汇川技术	SZ	26.57	26.14	
307	2013-02-20	11.45	12.45	11.43	12.07	62119	12.05	300125	易世达	SZ	11.34	11.32	
307	2013-02-20	8.51	8.77	8.47	8.77	43303	8.68	300126	锐奇股份	SZ	8.48	8.39	
307	2013-02-20	39.38	39.94	38.6	39.68	16648	19.18	300127	银河磁体	SZ	39.06	18.88	
307	2013-02-20	10.45	11.04	10.45	11	22632	5.37	300128	锦富新材	SZ	10.59	5.17	
307	2013-02-20	5.71	5.87	5.66	5.87	50279	5.82	300129	泰胜风能	SZ	5.71	5.67	
307	2013-02-20	12.95	13.25	12.81	13.22	13123	13.17	300130	新国都	SZ	12.94	12.89	
307	2013-02-20	8.09	8.48	8.09	8.24	17338	4.07	300131	英唐智控	SZ	8.09	4	
307	2013-02-20	8.56	8.83	8.49	8.77	14320	5.39	300132	青松股份	SZ	8.53	5.24	
307	2013-02-20	13	13.73	13	13.71	22615	9.1	300133	华策影视	SZ	13.19	8.76	
307	2013-02-20	10.71	11.12	10.61	10.93	30131	10.93	300134	大富科技	SZ	10.92	10.92	
307	2013-02-20	5.79	5.88	5.75	5.88	78612	3.62	300135	宝利沥青	SZ	5.78	3.56	
307	2013-02-20	15.11	15.7	14.92	15.6	35523	15.6	300136	信维通信	SZ	15.14	15.14	
307	2013-02-20	12.85	13.41	12.85	13.08	107805	10.06	300137	先河环保	SZ	12.83	9.87	
307	2013-02-20	9.78	10.1	9.72	10.1	27428	10	300138	晨光生物	SZ	9.79	9.69	
307	2013-02-20	24.2	24.85	24.2	24.8	7151	24.67	300139	福星晓程	SZ	24.25	24.12	
307	2013-02-20	10.4	10.65	10.3	10.6	15441	10.6	300140	启源装备	SZ	10.37	10.37	
307	2013-02-20	7.02	7.2	7.02	7.19	11530	4.7	300141	和顺电气	SZ	7.04	4.6	
307	2013-02-20	41	42.46	40.8	42.46	20944	42.2	300142	沃森生物	SZ	41.06	40.81	
307	2013-02-20	12.21	12.3	11.9	12.05	85374	12.05	300143	星河生物	SZ	12.47	12.47	
307	2013-02-20	13.44	14.16	13.31	14.08	49442	13.89	300144	宋城股份	SZ	13.44	13.26	
307	2013-02-20	20.93	21.57	20.88	21.56	9902	21.45	300145	南方泵业	SZ	20.95	20.84	
307	2013-02-20	22.5	23.47	22.5	23.27	34900	7.37	300146	汤臣倍健	SZ	22.5	7.12	
307	2013-02-20	11.54	12.64	11.53	12.5	155342	9.51	300147	香雪制药	SZ	11.77	8.96	
307	2013-02-20	9.93	10.92	9.92	10.57	132524	5.8	300148	天舟文化	SZ	9.97	5.47	
307	2013-02-20	7.41	7.7	7.38	7.7	27628	7.65	300149	量子高科	SZ	7.41	7.36	
307	2013-02-20	7.93	8.18	7.85	8.16	27019	3.87	300150	世纪瑞尔	SZ	7.91	3.74	
307	2013-02-20	10.12	10.37	10.06	10.3	13428	10.11	300151	昌红科技	SZ	10.12	9.94	
307	2013-02-20	12.3	13.28	12.23	12.92	289817	12.88	300152	燃控科技	SZ	12.4	12.36	
307	2013-02-20	7.98	8.22	7.86	8.22	17813	8.13	300153	科泰电源	SZ	7.96	7.87	
307	2013-02-20	8.53	8.77	8.5	8.67	8948	8.49	300154	瑞凌股份	SZ	8.57	8.39	
307	2013-02-20	15.58	16.07	15.23	15.74	18266	15.56	300155	安居宝	SZ	15.62	15.44	
307	2013-02-20	14.99	15.84	14.91	15.61	205815	15.4	300156	天立环保	SZ	14.83	14.63	
307	2013-02-20	11.82	12.25	11.73	12.23	33282	6.1	300157	恒泰艾普	SZ	11.84	5.9	
307	2013-02-20	9.67	10.64	9.62	10.64	64199	10.62	300158	振东制药	SZ	9.67	9.65	
307	2013-02-20	31.72	33.16	31.56	33.16	40244	16.1	300159	新研股份	SZ	31.8	15.44	
307	2013-02-20	8.36	8.45	8.28	8.42	30502	8.37	300160	秀强股份	SZ	8.42	8.37	
307	2013-02-20	14.02	14.34	13.95	14.3	24617	14.29	300161	华中数控	SZ	14.16	14.15	
307	2013-02-20	12.21	12.58	12.03	12.49	41896	12.23	300162	雷曼光电	SZ	12.39	12.14	
307	2013-02-20	13.43	13.7	13.2	13.7	4310	13.59	300163	先锋新材	SZ	13.48	13.37	
307	2013-02-20	13.06	13.74	13.06	13.68	44927	13.52	300165	天瑞仪器	SZ	13.12	12.97	
307	2013-02-20	15.95	16.18	15.71	16.09	19429	16.05	300166	东方国信	SZ	15.9	15.86	
307	2013-02-20	6.43	6.55	6.27	6.45	16276	3.18	300167	迪威视讯	SZ	6.43	3.17	
307	2013-02-20	18.88	20.1	18.66	19.92	32888	19.85	300168	万达信息	SZ	18.99	18.92	
307	2013-02-20	6.83	7.08	6.78	7.08	37912	7.08	300169	天晟新材	SZ	6.83	6.83	
307	2013-02-20	13.65	13.98	13.65	13.96	17227	9.2	300170	汉得信息	SZ	13.65	8.99	
307	2013-02-20	29.71	31.2	29.67	31.19	13776	30.7	300171	东富龙	SZ	29.72	29.26	
307	2013-02-20	15.17	15.88	15.17	15.72	76710	11.92	300172	中电环保	SZ	15.19	11.52	
307	2013-02-20	8.14	8.23	8	8.18	9873	8.09	300173	松德股份	SZ	8.1	8.01	
307	2013-02-20	8.76	8.98	8.58	8.91	27475	8.78	300174	元力股份	SZ	8.56	8.43	
307	2013-02-20	4.33	4.4	4.29	4.38	167933	4.37	300175	朗源股份	SZ	4.32	4.31	
307	2013-02-20	10.33	10.59	10.29	10.58	7770	8.74	300176	鸿特精密	SZ	10.36	8.55	
307	2013-02-20	14.16	14.37	13.88	14.34	41483	14.34	300177	中海达	SZ	14.19	14.19	
307	2013-02-20	13.97	14.35	13.92	14.3	16006	14.22	300178	腾邦国际	SZ	14	13.92	
307	2013-02-20	7.39	7.84	7.39	7.78	65057	4.25	300179	四方达	SZ	7.41	4.04	
307	2013-02-20	11.46	11.66	11.44	11.64	8747	11.54	300180	华峰超纤	SZ	11.47	11.38	
307	2013-02-20	6.64	7.04	6.56	6.97	142244	3.02	300181	佐力药业	SZ	6.65	2.88	
307	2013-02-20	20.74	21.75	20.53	21.68	18197	16.47	300182	捷成股份	SZ	20.85	15.83	
307	2013-02-20	24.85	25.49	24.71	25.4	23018	24.95	300183	东软载波	SZ	25	24.56	
307	2013-02-20	11.1	11.33	11.1	11.31	7554	7.29	300184	力源信息	SZ	11.11	7.17	
307	2013-02-20	4.58	4.72	4.56	4.7	84810	4.61	300185	通裕重工	SZ	4.58	4.49	
307	2013-02-20	7.69	8	7.64	7.98	55062	3.79	300186	大华农	SZ	7.69	3.65	
307	2013-02-20	19.85	20.79	19.85	20.3	55811	13.53	300187	永清环保	SZ	19.79	13.19	
