99	2013-12-10	13.3	13.34	13.2	13.29	324033	13.29	1	深发展Ａ	SZ	13.19	13.19	
99	2013-12-10	7.05	7.05	7.05	7.05	0	7.05	10	S ST华新	SZ	7.05	7.05	
99	2013-12-10	2.41	2.49	2.38	2.45	3999718	2.4	100	TCL 集团	SZ	2.4	2.35	
99	2013-12-10	8.09	8.28	8.07	8.2	66196	8.2	11	深物业A	SZ	8.07	8.07	
99	2013-12-10	9.15	9.24	9.12	9.15	231950	8.83	12	南 玻Ａ	SZ	9.12	8.8	
99	2013-12-10	10.73	11.1	10.73	10.97	57605	10.97	14	沙河股份	SZ	10.73	10.73	
99	2013-12-10	5.14	5.2	5.11	5.15	36202	5.15	150	宜华地产	SZ	5.1	5.1	
99	2013-12-10	7.6	7.75	7.58	7.62	19874	7.62	151	中成股份	SZ	7.61	7.61	
99	2013-12-10	8.05	8.06	7.86	7.91	36167	7.91	153	丰原药业	SZ	8.08	8.08	
99	2013-12-10	3.85	3.86	3.77	3.79	29283	3.79	155	川化股份	SZ	3.86	3.86	
99	2013-12-10	5.9	5.92	5.8	5.83	498536	5.83	157	中联重科	SZ	5.91	5.91	
99	2013-12-10	4.42	4.43	4.38	4.4	22563	4.4	158	常山股份	SZ	4.42	4.42	
99	2013-12-10	8.06	8.12	7.95	8.03	57312	8.03	159	国际实业	SZ	8.07	8.07	
99	2013-12-10	4.06	4.33	4.04	4.19	324666	4.19	16	深康佳Ａ	SZ	4.06	4.06	
99	2013-12-10	4.7	4.7	4.7	4.7	0	4.7	1696	宗申动力	SZ	4.7	4.7	
99	2013-12-10	4.19	4.19	4.19	4.19	0	4.19	17	*ST中华A	SZ	4.19	4.19	
99	2013-12-10	8.8	8.86	8.69	8.74	5319	8.74	18	ST中冠A	SZ	8.87	8.87	
99	2013-12-10	6.75	6.77	6.48	6.54	62570	6.54	1896	*ST豫能	SZ	6.75	6.75	
99	2013-12-10	7.88	8.2	7.82	8.1	53838	8.1	19	深深宝Ａ	SZ	7.88	7.88	
99	2013-12-10	8.62	8.71	8.62	8.67	538959	8.27	2	万 科Ａ	SZ	8.62	8.22	
99	2013-12-10	6.61	7.16	6.61	6.86	57690	6.86	20	深华发Ａ	SZ	6.62	6.62	
99	2013-12-10	20.33	20.42	19.85	20	48929	20	2001	新 和 成	SZ	20.29	20.29	
99	2013-12-10	10.43	10.59	10.17	10.2	21432	10.2	2002	ST琼花	SZ	10.49	10.49	
99	2013-12-10	13.88	14	13.64	13.73	49316	9.91	2003	伟星股份	SZ	13.9	10.03	
99	2013-12-10	14.63	14.79	14.56	14.65	19986	14.65	2004	华邦制药	SZ	14.61	14.61	
99	2013-12-10	8.71	8.76	8.16	8.23	561528	8.23	2005	德豪润达	SZ	8.79	8.79	
99	2013-12-10	7.52	7.6	7.37	7.4	63006	7.4	2006	精功科技	SZ	7.35	7.35	
99	2013-12-10	26.74	26.89	26.4	26.64	51938	26.64	2007	华兰生物	SZ	26.55	26.55	
99	2013-12-10	13.01	13.09	12.4	12.58	357445	12.58	2008	大族激光	SZ	13.01	13.01	
99	2013-12-10	11.95	12.05	11.69	11.8	20541	11.8	2009	天奇股份	SZ	11.97	11.97	
99	2013-12-10	9.18	9.32	9.15	9.26	23777	9.26	2010	传化股份	SZ	9.25	9.25	
99	2013-12-10	9.12	9.23	8.98	9.18	170721	9.18	2011	盾安环境	SZ	9.14	9.14	
99	2013-12-10	5.45	5.49	5.35	5.4	52426	5.4	2012	凯恩股份	SZ	5.45	5.45	
99	2013-12-10	17.36	17.37	16.33	16.4	158079	16.4	2013	中航精机	SZ	16.73	16.73	
99	2013-12-10	8.54	8.67	8.46	8.5	42005	8.23	2014	永新股份	SZ	8.52	8.25	
99	2013-12-10	6.38	6.38	6.38	6.38	0	6.38	2015	霞客环保	SZ	6.38	6.38	
99	2013-12-10	7.05	7.2	6.97	7.2	102534	7.2	2016	世荣兆业	SZ	7.05	7.05	
99	2013-12-10	16.35	16.38	15.97	16.03	36352	16.03	2017	东信和平	SZ	16.22	16.22	
99	2013-12-10	7.8	7.9	7.58	7.65	86732	7.64	2018	华星化工	SZ	7.81	7.8	
99	2013-12-10	16.99	17.2	16.75	17.11	16585	17.11	2019	鑫富药业	SZ	16.98	16.98	
99	2013-12-10	13.15	13.24	12.9	12.99	25875	12.99	2020	京新药业	SZ	13.22	13.22	
99	2013-12-10	6.09	6.33	6.08	6.33	133530	6.33	2021	中捷股份	SZ	6.09	6.09	
99	2013-12-10	17	17.08	16.75	16.98	55865	16.82	2022	科华生物	SZ	16.92	16.76	
99	2013-12-10	16.74	16.95	16.4	16.45	25173	16.45	2023	海特高新	SZ	16.75	16.75	
99	2013-12-10	9.73	10.29	9.72	10.1	2159037	10.1	2024	苏宁电器	SZ	9.66	9.66	
99	2013-12-10	13.35	13.4	12.93	13.14	63961	13.14	2025	航天电器	SZ	13.43	13.43	
99	2013-12-10	6.22	6.32	6.22	6.32	15453	6.28	2026	山东威达	SZ	6.28	6.24	
99	2013-12-10	5.81	5.81	5.81	5.81	0	5.81	2027	七喜控股	SZ	5.81	5.81	
99	2013-12-10	14.62	14.86	14.6	14.68	38912	14.68	2028	思源电气	SZ	14.62	14.62	
99	2013-12-10	8.44	8.46	8.33	8.39	88828	8.39	2029	七 匹 狼	SZ	8.41	8.41	
99	2013-12-10	13.89	14.37	13.89	14.18	86443	14.18	2030	达安基因	SZ	13.88	13.88	
99	2013-12-10	7.87	7.87	7.87	7.87	0	7.87	2031	巨轮股份	SZ	7.87	7.87	
99	2013-12-10	15.96	16.35	15.73	15.98	31283	15.98	2032	苏 泊 尔	SZ	15.99	15.99	
99	2013-12-10	13.55	13.87	13.45	13.7	49573	13.59	2033	丽江旅游	SZ	13.45	13.34	
99	2013-12-10	14.59	14.85	14.05	14.22	23692	14.22	2034	美 欣 达	SZ	14.66	14.66	
99	2013-12-10	15.98	16.39	15.84	15.96	34768	13.11	2035	华帝股份	SZ	15.89	13.06	
99	2013-12-10	8.53	8.64	8.42	8.48	34592	8.48	2036	宜科科技	SZ	8.6	8.6	
99	2013-12-10	10.6	10.75	10.58	10.63	39599	10.63	2037	久联发展	SZ	10.58	10.58	
99	2013-12-10	48.36	48.56	47.7	48.1	19068	48.1	2038	双鹭药业	SZ	48.17	48.17	
99	2013-12-10	10.49	10.62	10.42	10.46	10429	10.46	2039	黔源电力	SZ	10.45	10.45	
99	2013-12-10	5.75	5.85	5.72	5.78	12381	5.78	2040	南 京 港	SZ	5.76	5.76	
99	2013-12-10	37.2	37.2	35.58	36.15	32888	36.15	2041	登海种业	SZ	37.28	37.28	
99	2013-12-10	4.75	4.77	4.67	4.67	134447	4.67	2042	华孚色纺	SZ	4.79	4.79	
99	2013-12-10	4.16	4.25	4.03	4.04	179555	4.04	2043	兔 宝 宝	SZ	3.98	3.98	
99	2013-12-10	7.25	7.4	7.1	7.34	66682	7.34	2044	江苏三友	SZ	7.34	7.34	
99	2013-12-10	5.75	5.81	5.73	5.77	27104	5.69	2045	广州国光	SZ	5.75	5.67	
99	2013-12-10	9.17	9.2	8.88	9.09	151721	9.09	2046	轴研科技	SZ	9.18	9.18	
99	2013-12-10	6.35	6.44	6.3	6.38	21671	6.38	2047	成霖股份	SZ	6.37	6.37	
99	2013-12-10	8.26	8.46	8.23	8.41	94848	8.41	2048	宁波华翔	SZ	8.27	8.27	
99	2013-12-10	47.56	47.78	46.18	46.8	26986	46.8	2049	晶源电子	SZ	47.69	47.69	
99	2013-12-10	11.38	11.39	11.14	11.23	33998	11.23	2050	三花股份	SZ	11.34	11.34	
99	2013-12-10	20.75	20.82	19.98	20.18	40454	20.18	2051	中工国际	SZ	20.7	20.7	
99	2013-12-10	13	13.08	12.68	12.8	162559	12.8	2052	同洲电子	SZ	13.03	13.03	
99	2013-12-10	7.54	7.59	7.48	7.5	11173	7.5	2053	云南盐化	SZ	7.54	7.54	
99	2013-12-10	6.85	6.85	6.85	6.85	0	6.85	2054	德美化工	SZ	6.85	6.85	
99	2013-12-10	9.98	10.07	9.81	9.91	35958	9.91	2055	得润电子	SZ	9.97	9.97	
99	2013-12-10	16.05	16.19	15.78	16.06	43468	16.06	2056	横店东磁	SZ	16.15	16.15	
99	2013-12-10	13.2	13.27	13.05	13.22	11028	13.22	2057	中钢天源	SZ	13.2	13.2	
99	2013-12-10	7.12	7.26	7.1	7.16	17844	7.16	2058	威 尔 泰	SZ	7.13	7.13	
99	2013-12-10	9.22	9.39	9.15	9.16	32803	9.16	2059	云南旅游	SZ	9.21	9.21	
99	2013-12-10	4.35	4.39	4.33	4.36	68182	4.36	2060	粤 水 电	SZ	4.39	4.39	
99	2013-12-10	6.71	6.86	6.61	6.66	67677	6.66	2061	江山化工	SZ	6.8	6.8	
99	2013-12-10	4.88	4.94	4.83	4.85	31041	3.46	2062	宏润建设	SZ	4.89	3.49	
99	2013-12-10	17.83	18	17.63	17.78	27490	17.78	2063	远光软件	SZ	17.83	17.83	
99	2013-12-10	9.18	9.89	9.12	9.76	205184	9.71	2064	华峰氨纶	SZ	9.16	9.11	
99	2013-12-10	30.88	31.3	30.65	30.7	30102	30.7	2065	东华软件	SZ	30.85	30.85	
99	2013-12-10	4.89	4.92	4.81	4.89	19364	4.89	2066	瑞泰科技	SZ	4.88	4.88	
99	2013-12-10	2.28	2.31	2.26	2.31	181951	2.31	2067	景兴纸业	SZ	2.28	2.28	
99	2013-12-10	4.41	4.43	4.38	4.4	28699	4.4	2068	黑猫股份	SZ	4.41	4.41	
99	2013-12-10	16.3	16.47	15.93	16.07	45430	16.07	2069	獐 子 岛	SZ	16.3	16.3	
99	2013-12-10	5.59	5.76	5.58	5.72	105179	5.72	2070	众和股份	SZ	5.61	5.61	
99	2013-12-10	15.54	16.75	15.4	16.19	186634	16.19	2071	江苏宏宝	SZ	15.65	15.65	
99	2013-12-10	7.01	7.03	6.93	6.96	12640	6.96	2072	*ST德棉	SZ	7.01	7.01	
99	2013-12-10	8.27	8.31	8.13	8.16	87629	8.16	2073	软控股份	SZ	8.24	8.24	
99	2013-12-10	6.24	6.3	6.17	6.19	31408	6.19	2074	东源电器	SZ	6.23	6.23	
99	2013-12-10	9.15	9.15	8.71	8.97	289529	8.97	2076	雪 莱 特	SZ	9.46	9.46	
99	2013-12-10	6.52	6.54	6.33	6.41	23207	6.41	2077	大港股份	SZ	6.47	6.47	
99	2013-12-10	6.75	6.75	6.75	6.75	0	6.75	2078	太阳纸业	SZ	6.75	6.75	
99	2013-12-10	5.65	5.71	5.59	5.61	63034	5.61	2079	苏州固锝	SZ	5.64	5.64	
99	2013-12-10	14.38	14.47	13.91	14.02	40767	13.9	2080	中材科技	SZ	14.38	14.25	
99	2013-12-10	24.3	24.59	23.69	24.22	97184	24.22	2081	金 螳 螂	SZ	24.3	24.3	
99	2013-12-10	7.52	7.66	7.45	7.59	70846	7.59	2082	栋梁新材	SZ	7.59	7.59	
99	2013-12-10	4.04	4.05	4.01	4.03	41657	4.03	2083	孚日股份	SZ	4.04	4.04	
99	2013-12-10	4.93	4.95	4.88	4.93	29166	4.93	2084	海鸥卫浴	SZ	4.92	4.92	
99	2013-12-10	19.19	21.18	19.19	20.75	105059	20.75	2085	万丰奥威	SZ	19.29	19.29	
99	2013-12-10	9.83	9.84	9.61	9.67	46253	9.67	2086	东方海洋	SZ	9.78	9.78	
99	2013-12-10	3.86	3.9	3.82	3.83	57576	3.83	2087	新野纺织	SZ	3.85	3.85	
99	2013-12-10	9.08	9.1	8.88	8.9	24882	8.9	2088	鲁阳股份	SZ	9.08	9.08	
99	2013-12-10	8	8.09	7.85	7.89	64696	7.85	2089	新 海 宜	SZ	7.97	7.93	
99	2013-12-10	9.23	9.45	9.2	9.39	16097	9.39	2090	金智科技	SZ	9.23	9.23	
99	2013-12-10	12.98	13.07	12.91	13.03	35758	13.03	2091	江苏国泰	SZ	12.91	12.91	
99	2013-12-10	5.53	5.75	5.53	5.64	209717	5.58	2092	中泰化学	SZ	5.52	5.46	
99	2013-12-10	5.44	5.45	5.36	5.4	56253	5.4	2093	国脉科技	SZ	5.43	5.43	
99	2013-12-10	7.84	7.84	7.74	7.79	23282	7.79	2094	青岛金王	SZ	7.8	7.8	
99	2013-12-10	29.09	29.33	28.25	28.82	23587	28.82	2095	生 意 宝	SZ	29.11	29.11	
99	2013-12-10	11.8	12.27	11.78	12.27	41600	12.27	2096	南岭民爆	SZ	11.8	11.8	
99	2013-12-10	7.38	7.39	7.2	7.25	56047	7.25	2097	山河智能	SZ	7.33	7.33	
99	2013-12-10	9.1	9.3	9.03	9.24	41512	9.24	2098	浔兴股份	SZ	9.12	9.12	
99	2013-12-10	6.69	6.69	6.69	6.69	0	6.69	2099	海翔药业	SZ	6.69	6.69	
99	2013-12-10	5.4	5.49	5.36	5.42	65983	5.42	21	长城开发	SZ	5.4	5.4	
99	2013-12-10	12.21	12.43	11.78	11.84	49514	11.84	2100	天康生物	SZ	12.19	12.19	
99	2013-12-10	11.62	12.2	11.46	11.48	46583	11.48	2101	广东鸿图	SZ	11.71	11.71	
99	2013-12-10	5.16	5.21	5.15	5.19	18384	5.19	2102	冠福家用	SZ	5.18	5.18	
99	2013-12-10	6.66	6.66	6.59	6.61	6576	6.61	2103	广博股份	SZ	6.63	6.63	
99	2013-12-10	16.37	16.37	16.37	16.37	0	16.37	2104	恒宝股份	SZ	16.37	16.37	
99	2013-12-10	5.13	5.13	5.13	5.13	0	5.13	2105	信隆实业	SZ	5.13	5.13	
99	2013-12-10	12.97	12.99	12.69	12.74	52297	12.74	2106	莱宝高科	SZ	12.88	12.88	
99	2013-12-10	10.98	11.04	10.83	10.98	13385	10.98	2107	沃华医药	SZ	10.98	10.98	
99	2013-12-10	8.25	8.25	8.25	8.25	0	8.25	2108	沧州明珠	SZ	8.25	8.25	
99	2013-12-10	5.3	5.33	5.28	5.3	24641	5.3	2109	兴化股份	SZ	5.3	5.3	
99	2013-12-10	4.77	4.83	4.7	4.8	24659	4.8	2110	三钢闽光	SZ	4.79	4.79	
99	2013-12-10	10.18	10.25	9.82	9.94	70262	9.94	2111	威海广泰	SZ	10.17	10.17	
99	2013-12-10	6.66	6.82	6.54	6.7	90241	6.7	2112	三变科技	SZ	6.66	6.66	
99	2013-12-10	8.78	8.83	8.7	8.8	6273	8.8	2113	ST天润	SZ	8.71	8.71	
99	2013-12-10	8.23	8.37	8.21	8.3	21716	8.3	2114	罗平锌电	SZ	8.25	8.25	
99	2013-12-10	6.56	6.59	6.41	6.43	67466	6.43	2115	三维通信	SZ	6.54	6.54	
99	2013-12-10	14.45	14.96	14.3	14.85	35548	14.85	2116	中国海诚	SZ	14.49	14.49	
99	2013-12-10	11.76	11.89	11.4	11.48	47824	9.45	2117	东港股份	SZ	11.82	9.73	
99	2013-12-10	9.61	9.72	9.58	9.66	19855	9.66	2118	紫鑫药业	SZ	9.63	9.63	
99	2013-12-10	7.29	7.44	7.23	7.29	21142	7.27	2119	康强电子	SZ	7.3	7.28	
99	2013-12-10	8.9	9.57	8.75	9.57	270961	9.57	2120	新海股份	SZ	8.7	8.7	
99	2013-12-10	7.62	7.77	7.62	7.7	55206	7.7	2121	科陆电子	SZ	7.61	7.61	
99	2013-12-10	4.5	4.53	4.46	4.46	22952	4.46	2122	天马股份	SZ	4.5	4.5	
99	2013-12-10	7.24	7.24	7.14	7.17	45079	7.17	2123	荣信股份	SZ	7.21	7.21	
99	2013-12-10	7.92	8.2	7.69	8.14	45816	8.05	2124	天邦股份	SZ	7.99	7.9	
99	2013-12-10	8.55	8.55	8.55	8.55	0	8.55	2125	湘潭电化	SZ	8.55	8.55	
99	2013-12-10	8.55	8.99	8.41	8.95	244156	8.95	2126	银轮股份	SZ	8.69	8.69	
99	2013-12-10	6.65	6.65	6.65	6.65	0	6.65	2127	新民科技	SZ	6.65	6.65	
99	2013-12-10	8.96	9.01	8.81	8.88	36079	8.88	2128	露天煤业	SZ	8.96	8.96	
99	2013-12-10	21	21.09	20.46	20.76	46743	20.76	2129	中环股份	SZ	20.95	20.95	
99	2013-12-10	7.08	7.08	6.93	6.97	107631	6.95	2130	沃尔核材	SZ	7.05	7.03	
99	2013-12-10	12.7	12.99	12.6	12.94	33943	12.91	2131	利欧股份	SZ	12.56	12.53	
99	2013-12-10	3.97	4	3.94	3.96	16716	3.96	2132	恒星科技	SZ	3.96	3.96	
99	2013-12-10	3.95	4.02	3.94	3.99	58646	3.92	2133	广宇集团	SZ	3.94	3.87	
99	2013-12-10	6.3	6.35	6.19	6.33	20756	6.33	2134	天津普林	SZ	6.3	6.3	
99	2013-12-10	3.71	3.76	3.66	3.7	81301	3.7	2135	东南网架	SZ	3.71	3.71	
99	2013-12-10	7.11	7.13	7.05	7.05	13409	7.05	2136	安 纳 达	SZ	7.1	7.1	
99	2013-12-10	4.16	4.16	4.1	4.1	24945	4.1	2137	实 益 达	SZ	4.15	4.15	
99	2013-12-10	17.35	17.58	17.12	17.35	51899	17.35	2138	顺络电子	SZ	17.45	17.45	
99	2013-12-10	9.12	9.15	8.91	9.06	67734	9.06	2139	拓邦股份	SZ	9.1	9.1	
99	2013-12-10	19.73	19.87	19.51	19.7	24032	19.7	2140	东华科技	SZ	19.57	19.57	
99	2013-12-10	7.06	7.1	7.03	7.07	9855	7.07	2141	蓉胜超微	SZ	7.09	7.09	
99	2013-12-10	9.44	9.57	9.44	9.49	148303	9.49	2142	宁波银行	SZ	9.42	9.42	
99	2013-12-10	6.69	6.69	6.69	6.69	0	6.69	2143	高金食品	SZ	6.69	6.69	
99	2013-12-10	18.47	18.97	18.16	18.39	35967	18.39	2144	宏达高科	SZ	18.49	18.49	
99	2013-12-10	8.06	8.12	8	8.02	25011	8.02	2145	*ST钛白	SZ	8.06	8.06	
99	2013-12-10	11.33	11.44	11.19	11.26	89379	11.26	2146	荣盛发展	SZ	11.31	11.31	
99	2013-12-10	5.83	5.92	5.76	5.83	26203	5.83	2147	方圆支承	SZ	5.79	5.79	
99	2013-12-10	21.17	21.19	19.92	20.03	152597	9.96	2148	北纬通信	SZ	21.09	10.48	
99	2013-12-10	12.21	12.39	11.8	11.89	25374	11.89	2149	西部材料	SZ	12.21	12.21	
99	2013-12-10	6.04	6.2	5.97	6	40500	6	2150	江苏通润	SZ	6.15	6.15	
99	2013-12-10	35.85	35.85	34.5	34.81	41895	34.81	2151	北斗星通	SZ	35.8	35.8	
99	2013-12-10	17.62	18.75	17.56	18.53	124907	18.53	2152	广电运通	SZ	17.53	17.53	
99	2013-12-10	43.01	44.4	42.63	44.38	9478	44.38	2153	石基信息	SZ	42.93	42.93	
99	2013-12-10	6.33	6.36	6.24	6.29	65760	6.29	2154	报 喜 鸟	SZ	6.33	6.33	
99	2013-12-10	9.2	9.32	8.9	8.95	254721	8.95	2155	辰州矿业	SZ	9.34	9.34	
99	2013-12-10	5.7	5.77	5.58	5.63	43520	5.63	2156	通富微电	SZ	5.7	5.7	
99	2013-12-10	8.23	8.25	8	8.18	64902	8.18	2157	正邦科技	SZ	8.28	8.28	
99	2013-12-10	16.24	16.37	15.82	16.07	19879	16.07	2158	汉钟精机	SZ	16.25	16.25	
99	2013-12-10	16.24	16.92	16.02	16.18	8012	16.14	2159	三特索道	SZ	16.2	16.16	
99	2013-12-10	8.34	8.48	8.29	8.42	124938	8.42	2161	远 望 谷	SZ	8.36	8.36	
99	2013-12-10	6.66	6.75	6.41	6.41	64637	6.41	2162	斯 米 克	SZ	6.67	6.67	
99	2013-12-10	4.44	4.49	4.36	4.37	94188	4.37	2163	中航三鑫	SZ	4.44	4.44	
99	2013-12-10	3.96	3.98	3.93	3.95	20519	3.95	2164	东力传动	SZ	3.96	3.96	
99	2013-12-10	6.2	6.45	6	6.13	554041	6.13	2165	红 宝 丽	SZ	5.92	5.92	
99	2013-12-10	15.19	15.26	14.96	15.02	21347	15.02	2166	莱茵生物	SZ	15.2	15.2	
99	2013-12-10	11.65	11.71	11.48	11.52	42649	11.52	2167	东方锆业	SZ	11.72	11.72	
99	2013-12-10	7.49	7.68	7.33	7.63	127618	7.63	2168	深圳惠程	SZ	7.46	7.46	
99	2013-12-10	5.55	5.74	5.55	5.72	22542	5.72	2169	智光电气	SZ	5.57	5.57	
99	2013-12-10	7.45	7.58	7.16	7.4	570406	7.4	2170	芭田股份	SZ	7.45	7.45	
99	2013-12-10	7.77	8.03	7.75	7.96	33184	7.96	2171	精诚铜业	SZ	7.77	7.77	
99	2013-12-10	4.6	4.74	4.57	4.63	121107	4.63	2172	澳洋科技	SZ	4.56	4.56	
99	2013-12-10	8.06	8.15	8	8.03	8879	8.03	2173	山 下 湖	SZ	8.1	8.1	
99	2013-12-10	41.9	44.5	41.62	43.79	23001	43.79	2174	梅 花 伞	SZ	41.73	41.73	
99	2013-12-10	13.08	13.08	12.58	12.78	9082	12.78	2175	广陆数测	SZ	12.86	12.86	
99	2013-12-10	11.13	11.18	11.05	11.18	31971	11.18	2176	江特电机	SZ	11.12	11.12	
99	2013-12-10	5.79	6.09	5.78	6.03	365275	6.03	2177	御银股份	SZ	5.75	5.75	
99	2013-12-10	13.12	13.28	12.98	13.19	28174	13.19	2178	延华智能	SZ	13.12	13.12	
99	2013-12-10	17.2	17.33	16.49	16.51	37744	16.51	2179	中航光电	SZ	17.26	17.26	
99	2013-12-10	9.3	9.3	9.3	9.3	0	9.3	2180	万 力 达	SZ	9.3	9.3	
99	2013-12-10	11.55	11.7	11.33	11.39	43866	11.39	2181	粤 传 媒	SZ	11.45	11.45	
99	2013-12-10	7.52	7.62	7.52	7.56	27048	7.56	2182	云海金属	SZ	7.54	7.54	
99	2013-12-10	7.31	7.47	7.3	7.38	69340	7.38	2183	怡 亚 通	SZ	7.3	7.3	
99	2013-12-10	7	7.24	7	7.16	23980	7.16	2184	海得控制	SZ	6.99	6.99	
99	2013-12-10	10.95	11.11	10.8	11.04	117320	11.04	2185	华天科技	SZ	10.95	10.95	
99	2013-12-10	20	20.28	19.93	20.14	13560	20.14	2186	全 聚 德	SZ	20.1	20.1	
99	2013-12-10	8.49	8.72	8.48	8.65	35782	8.65	2187	广百股份	SZ	8.49	8.49	
99	2013-12-10	8.02	8.09	8.02	8.07	10874	8.07	2188	新 嘉 联	SZ	8.02	8.02	
99	2013-12-10	6.95	6.99	6.87	6.95	25503	6.95	2189	利达光电	SZ	6.95	6.95	
99	2013-12-10	16.25	16.34	15.98	16.25	45277	16.25	2190	成飞集成	SZ	16.17	16.17	
99	2013-12-10	14.81	14.81	13.5	13.69	304017	13.69	2191	劲嘉股份	SZ	14.82	14.82	
99	2013-12-10	13.07	13.45	13.07	13.25	12636	13.25	2192	路翔股份	SZ	13.04	13.04	
99	2013-12-10	7.65	7.65	7.65	7.65	0	7.65	2193	山东如意	SZ	7.65	7.65	
99	2013-12-10	9.15	9.19	8.92	9	60005	9	2194	武汉凡谷	SZ	9.19	9.19	
99	2013-12-10	15.8	15.8	15.8	15.8	0	15.77	2195	海隆软件	SZ	15.8	15.77	
99	2013-12-10	8.89	8.89	8.89	8.89	0	8.82	2196	方正电机	SZ	8.89	8.82	
99	2013-12-10	11.78	11.89	11.45	11.51	33572	11.51	2197	证通电子	SZ	11.84	11.84	
99	2013-12-10	6.66	6.66	6.45	6.45	14651	3.2	2198	嘉应制药	SZ	6.59	3.27	
99	2013-12-10	15.8	17.47	15.58	16.56	586785	16.56	2199	东晶电子	SZ	15.88	15.88	
99	2013-12-10	16.94	17.4	16.58	17.3	63151	17.3	22	深赤湾Ａ	SZ	16.99	16.99	
99	2013-12-10	15.79	15.99	15.68	15.73	5291	15.73	2200	绿 大 地	SZ	15.88	15.88	
99	2013-12-10	7.28	7.32	7.17	7.18	15874	7.18	2201	九鼎新材	SZ	7.25	7.25	
99	2013-12-10	8.57	8.74	8.52	8.59	134558	8.59	2202	金风科技	SZ	8.57	8.57	
99	2013-12-10	10.68	10.83	10.4	10.53	33866	10.53	2203	海亮股份	SZ	10.81	10.81	
99	2013-12-10	8.88	9.09	8.75	8.99	21968	8.99	2204	华锐铸钢	SZ	8.83	8.83	
99	2013-12-10	14.5	14.87	14.22	14.28	42468	14.28	2205	国统股份	SZ	14.41	14.41	
99	2013-12-10	5.46	5.49	5.33	5.48	59667	5.32	2206	海 利 得	SZ	5.46	5.3	
99	2013-12-10	17.18	17.25	16.7	16.85	14182	16.85	2207	准油股份	SZ	17.18	17.18	
99	2013-12-10	7.01	7.28	6.95	7.03	113432	6.94	2208	合肥城建	SZ	7.14	7.05	
99	2013-12-10	6.06	6.17	6.04	6.16	18729	6.16	2209	达 意 隆	SZ	6.04	6.04	
99	2013-12-10	6.99	7.06	6.99	7.02	26064	7.02	2210	飞马国际	SZ	6.99	6.99	
99	2013-12-10	4.36	4.46	4.36	4.4	51986	4.4	2211	宏达新材	SZ	4.38	4.38	
99	2013-12-10	4.24	4.26	4.19	4.23	28321	4.23	2212	南洋股份	SZ	4.24	4.24	
99	2013-12-10	8.17	8.2	8.04	8.09	10088	8.09	2213	特 尔 佳	SZ	8.17	8.17	
99	2013-12-10	14.25	14.61	14.21	14.34	21740	14.27	2214	大立科技	SZ	14.26	14.19	
99	2013-12-10	10.45	10.51	10.28	10.35	63045	10.35	2215	诺 普 信	SZ	10.55	10.55	
99	2013-12-10	21.1	21.1	20.72	20.81	11438	20.81	2216	三全食品	SZ	21.15	21.15	
99	2013-12-10	5.13	5.15	5.05	5.12	20763	5.12	2217	联合化工	SZ	5.1	5.1	
99	2013-12-10	7.03	7.09	6.95	6.98	34893	6.98	2218	拓日新能	SZ	7.04	7.04	
99	2013-12-10	14.66	14.94	14.57	14.81	57254	10.55	2219	独 一 味	SZ	14.69	10.47	
99	2013-12-10	7.38	7.45	7.33	7.42	21431	7.42	2220	天宝股份	SZ	7.37	7.37	
99	2013-12-10	10.5	10.68	10.47	10.61	35592	10.59	2221	东华能源	SZ	10.48	10.46	
99	2013-12-10	7.88	8.03	7.87	7.98	33499	7.98	2222	福晶科技	SZ	7.88	7.88	
99	2013-12-10	24.99	25.04	24.37	24.79	35298	24.79	2223	鱼跃医疗	SZ	24.99	24.99	
99	2013-12-10	11.8	11.8	11.53	11.68	12046	11.68	2224	三 力 士	SZ	11.81	11.81	
99	2013-12-10	5.85	5.87	5.79	5.83	21412	5.83	2225	濮耐股份	SZ	5.84	5.84	
99	2013-12-10	14.55	14.67	14.16	14.2	52831	14.2	2226	江南化工	SZ	14.53	14.53	
99	2013-12-10	28	28.35	27.4	27.54	8288	27.54	2227	奥 特 迅	SZ	28.1	28.1	
99	2013-12-10	6.5	6.51	6.41	6.5	12157	6.5	2228	合兴包装	SZ	6.5	6.5	
99	2013-12-10	12.94	13.42	12.67	13.15	166433	13.15	2229	鸿博股份	SZ	12.87	12.87	
99	2013-12-10	46.14	47.52	45.88	47.19	81486	27.65	2230	科大讯飞	SZ	46.17	27.05	
99	2013-12-10	6.6	6.65	6.43	6.45	68075	6.45	2231	奥维通信	SZ	6.59	6.59	
99	2013-12-10	6.89	6.93	6.81	6.93	19762	6.93	2232	启明信息	SZ	6.83	6.83	
99	2013-12-10	6.79	6.96	6.7	6.85	97731	6.85	2233	塔牌集团	SZ	6.79	6.79	
99	2013-12-10	9.35	9.56	9.33	9.5	35875	9.5	2234	民和股份	SZ	9.35	9.35	
99	2013-12-10	10.67	10.85	10.48	10.67	51009	10.67	2235	安妮股份	SZ	10.58	10.58	
99	2013-12-10	40.42	40.6	39.88	40.04	35567	40.04	2236	大华股份	SZ	40.03	40.03	
99	2013-12-10	14.19	14.35	14.08	14.35	40034	14.35	2237	恒邦股份	SZ	14.2	14.2	
99	2013-12-10	14.46	14.52	14.3	14.44	17717	14.44	2238	天威视讯	SZ	14.45	14.45	
99	2013-12-10	10.51	10.7	10.51	10.58	60866	10.58	2239	金 飞 达	SZ	10.54	10.54	
99	2013-12-10	7.7	7.7	7.7	7.7	0	7.7	2240	威华股份	SZ	7.7	7.7	
99	2013-12-10	36.5	36.77	36.1	36.45	46697	36.45	2241	歌尔声学	SZ	36.23	36.23	
99	2013-12-10	7.82	8.61	7.77	8.61	276997	8.22	2242	九阳股份	SZ	7.83	7.47	
99	2013-12-10	6.65	6.72	6.61	6.63	29361	6.63	2243	通产丽星	SZ	6.62	6.62	
99	2013-12-10	7.42	7.44	7.35	7.41	63892	7.41	2244	滨江集团	SZ	7.42	7.42	
99	2013-12-10	6.36	6.61	6.35	6.55	58486	6.5	2245	澳洋顺昌	SZ	6.35	6.3	
99	2013-12-10	8.61	8.68	8.55	8.64	7073	8.64	2246	北化股份	SZ	8.61	8.61	
99	2013-12-10	9.65	9.75	9.4	9.49	30860	4.7	2247	帝龙新材	SZ	9.65	4.78	
99	2013-12-10	6.68	6.75	6.58	6.63	9571	6.63	2248	华东数控	SZ	6.69	6.69	
99	2013-12-10	10.21	10.41	10.08	10.19	68135	10.19	2249	大洋电机	SZ	10.25	10.25	
99	2013-12-10	21.03	21.4	20.91	21.35	20068	21.35	2250	联化科技	SZ	21.03	21.03	
99	2013-12-10	12.9	13.38	12.74	13.36	64083	13.36	2251	步 步 高	SZ	12.86	12.86	
99	2013-12-10	40.02	41.01	37.13	40.84	37660	40.78	2252	上海莱士	SZ	41.13	41.07	
99	2013-12-10	25.5	25.5	24.91	25.39	11820	25.39	2253	川大智胜	SZ	25.51	25.51	
99	2013-12-10	7.86	8.26	7.79	8.23	83005	8.23	2254	烟台氨纶	SZ	7.85	7.85	
99	2013-12-10	14.56	14.66	14.3	14.44	27375	14.44	2255	海陆重工	SZ	14.57	14.57	
99	2013-12-10	9.85	9.85	9.42	9.48	150646	9.48	2256	彩虹精化	SZ	9.87	9.87	
99	2013-12-10	14.92	14.97	14.66	14.81	11545	14.81	2258	利尔化学	SZ	14.92	14.92	
99	2013-12-10	6.7	6.89	6.69	6.84	151619	6.84	2259	升达林业	SZ	6.72	6.72	
99	2013-12-10	13.3	13.48	13.3	13.4	5989	13.4	2260	伊 立 浦	SZ	13.39	13.39	
99	2013-12-10	21.04	21.18	20.64	20.7	46802	20.7	2261	拓维信息	SZ	21.04	21.04	
99	2013-12-10	24.62	24.67	24.11	24.65	8859	24.65	2262	恩华药业	SZ	24.67	24.67	
99	2013-12-10	5.87	5.9	5.76	5.77	120112	5.77	2263	大 东 南	SZ	5.88	5.88	
99	2013-12-10	8.56	8.57	7.73	7.73	316993	7.73	2264	新 华 都	SZ	8.59	8.59	
99	2013-12-10	6.1	6.18	6.03	6.09	11017	6.09	2265	西仪股份	SZ	6.07	6.07	
99	2013-12-10	9.25	9.25	9.25	9.25	0	9.25	2266	浙富股份	SZ	9.25	9.25	
99	2013-12-10	10.72	10.73	10.45	10.46	40728	10.46	2267	陕天然气	SZ	10.68	10.68	
99	2013-12-10	28.6	29.7	28.53	29	38550	29	2268	卫 士 通	SZ	28.45	28.45	
99	2013-12-10	13.16	13.47	13.1	13.36	17722	13.36	2269	美邦服饰	SZ	13.17	13.17	
99	2013-12-10	6.65	6.69	6.56	6.61	19804	6.57	2270	法因数控	SZ	6.64	6.6	
99	2013-12-10	27.85	28.5	27.85	28.23	23990	28.02	2271	东方雨虹	SZ	27.73	27.52	
99	2013-12-10	4.7	4.71	4.62	4.64	50133	4.64	2272	川润股份	SZ	4.7	4.7	
99	2013-12-10	17.46	17.85	17.45	17.56	87852	17.56	2273	水晶光电	SZ	17.52	17.52	
99	2013-12-10	6.97	7.05	6.92	6.97	13879	6.97	2274	华昌化工	SZ	6.97	6.97	
99	2013-12-10	15.35	15.5	15.13	15.19	12610	14.69	2275	桂林三金	SZ	15.33	14.83	
99	2013-12-10	4.75	4.79	4.73	4.79	29802	4.79	2276	万马电缆	SZ	4.77	4.77	
99	2013-12-10	11.56	11.97	11.56	11.85	247678	11.85	2277	友阿股份	SZ	11.43	11.43	
99	2013-12-10	11.34	11.4	11.11	11.14	69111	11.14	2278	神开股份	SZ	11.31	11.31	
99	2013-12-10	12.26	12.26	12.26	12.26	0	12.14	2279	久其软件	SZ	12.26	12.14	
99	2013-12-10	12.69	12.84	12.63	12.74	6115	12.41	2280	新世纪	SZ	12.57	12.24	
99	2013-12-10	33.6	34.3	32.3	32.41	54373	32.41	2281	光迅科技	SZ	33.9	33.9	
99	2013-12-10	8.58	8.76	8.51	8.57	19793	8.57	2282	博深工具	SZ	8.63	8.63	
99	2013-12-10	5.87	5.93	5.73	5.75	54567	5.75	2283	天润曲轴	SZ	5.85	5.85	
99	2013-12-10	8.6	8.75	8.42	8.71	59978	8.71	2284	亚太股份	SZ	8.69	8.69	
99	2013-12-10	13.67	13.76	13.5	13.58	17785	13.58	2285	世联地产	SZ	13.7	13.7	
99	2013-12-10	16.6	16.6	16.21	16.41	17868	16.41	2286	保龄宝	SZ	16.5	16.5	
99	2013-12-10	21.87	21.98	21.01	21.52	13273	21.52	2287	奇正藏药	SZ	21.98	21.98	
99	2013-12-10	7.58	7.62	7.55	7.57	26453	7.57	2288	超华科技	SZ	7.57	7.57	
99	2013-12-10	17.57	17.7	17.43	17.45	6871	17.45	2289	宇顺电子	SZ	17.56	17.56	
99	2013-12-10	11.14	11.29	11.01	11.04	11260	11.04	2290	禾盛新材	SZ	11	11	
99	2013-12-10	6	6.07	5.8	5.93	48293	5.93	2291	星期六	SZ	6.03	6.03	
99	2013-12-10	28	29.39	27.89	28.83	85588	28.83	2292	奥飞动漫	SZ	27.81	27.81	
99	2013-12-10	23.25	23.56	22.88	23.42	41642	23.42	2293	罗莱家纺	SZ	23.38	23.38	
99	2013-12-10	34.34	34.46	33.71	33.85	18778	33.85	2294	信立泰	SZ	34.34	34.34	
99	2013-12-10	6.29	6.29	6.14	6.17	22144	6.17	2295	精艺股份	SZ	6.24	6.24	
99	2013-12-10	20.75	20.93	20.17	20.38	28502	20.17	2296	辉煌科技	SZ	20.76	20.55	
99	2013-12-10	9.28	9.32	9.1	9.17	26842	9.17	2297	博云新材	SZ	9.2	9.2	
99	2013-12-10	7.15	7.23	7.07	7.11	81278	7.11	2298	鑫龙电器	SZ	7.16	7.16	
99	2013-12-10	11.05	11.1	10.87	10.91	17143	10.91	2299	圣农发展	SZ	11.05	11.05	
99	2013-12-10	7.82	8.01	7.73	7.92	14079	7.92	23	深天地Ａ	SZ	7.77	7.77	
99	2013-12-10	8.11	8.14	7.97	8.01	23154	8.01	2300	太阳电缆	SZ	8.09	8.09	
99	2013-12-10	8.34	8.82	8.27	8.7	62643	8.7	2301	齐心文具	SZ	8.29	8.29	
99	2013-12-10	13	13.22	12.89	13.11	57499	13.11	2302	西部建设	SZ	12.84	12.84	
99	2013-12-10	18	18	17.2	17.44	17275	17.44	2303	美盈森	SZ	17.9	17.9	
99	2013-12-10	42.95	43.1	42.61	42.71	29187	42.71	2304	洋河股份	SZ	43.14	43.14	
99	2013-12-10	7.86	7.95	7.78	7.86	20412	7.86	2305	南国置业	SZ	7.86	7.86	
99	2013-12-10	5.18	5.18	5.18	5.18	0	5.18	2306	湘鄂情	SZ	5.18	5.18	
99	2013-12-10	5.8	5.85	5.73	5.75	29075	5.75	2307	北新路桥	SZ	5.83	5.83	
99	2013-12-10	7.88	7.94	7.82	7.89	42389	7.89	2308	威创股份	SZ	7.87	7.87	
99	2013-12-10	19.34	19.67	19.01	19.45	27869	19.45	2309	中利科技	SZ	19.53	19.53	
99	2013-12-10	34.98	35.35	34.16	34.29	76567	34.29	2310	东方园林	SZ	35.09	35.09	
99	2013-12-10	12.79	12.99	12.52	12.6	44071	12.6	2311	海大集团	SZ	12.79	12.79	
99	2013-12-10	18.53	20.28	18.4	19.69	116561	19.63	2312	三泰电子	SZ	18.66	18.6	
99	2013-12-10	16.66	16.78	16.23	16.33	78649	16.33	2313	日海通讯	SZ	16.65	16.65	
99	2013-12-10	7.19	7.23	7	7.07	52212	7.07	2314	雅致股份	SZ	7.19	7.19	
99	2013-12-10	41.91	42.15	41.04	41.37	12191	41.37	2315	焦点科技	SZ	41.91	41.91	
99	2013-12-10	9.01	9.32	8.95	9.19	27940	9.19	2316	键桥通讯	SZ	8.95	8.95	
99	2013-12-10	20.83	20.89	20.58	20.65	20365	20.65	2317	众生药业	SZ	20.88	20.88	
99	2013-12-10	18.57	18.57	18.08	18.25	25397	18.25	2318	久立特材	SZ	18.51	18.51	
99	2013-12-10	7.67	7.93	7.65	7.82	103485	7.82	2319	乐通股份	SZ	7.67	7.67	
99	2013-12-10	9.83	9.93	9.73	9.82	34069	9.82	2320	海峡股份	SZ	9.89	9.89	
99	2013-12-10	6.92	6.96	6.72	6.76	59577	6.76	2321	华英农业	SZ	6.91	6.91	
99	2013-12-10	14.44	14.88	14.25	14.42	57649	14.42	2322	理工监测	SZ	14.47	14.47	
99	2013-12-10	14.1	14.18	13.9	13.98	7666	13.84	2323	中联电气	SZ	14.07	13.93	
99	2013-12-10	18	18.15	17.7	18.05	36075	18.05	2324	普利特	SZ	18	18	
99	2013-12-10	9.93	10.05	9.73	10.05	97820	10.05	2325	洪涛股份	SZ	9.88	9.88	
99	2013-12-10	13.67	13.67	13.08	13.1	75944	13.1	2326	永太科技	SZ	13.69	13.69	
99	2013-12-10	17.18	17.28	16.93	17.17	17114	17.06	2327	富安娜	SZ	17.17	17.06	
99	2013-12-10	8.05	8.28	8.02	8.24	20578	8.24	2328	新朋股份	SZ	8.12	8.12	
99	2013-12-10	12.56	12.76	12.5	12.73	34158	12.73	2329	皇氏乳业	SZ	12.56	12.56	
99	2013-12-10	5.35	5.63	5.33	5.51	68260	5.51	2330	得利斯	SZ	5.34	5.34	
99	2013-12-10	9.56	9.67	9.49	9.56	18024	9.55	2331	皖通科技	SZ	9.59	9.58	
99	2013-12-10	13.18	13.58	13.15	13.43	33587	13.43	2332	仙琚制药	SZ	13.13	13.13	
99	2013-12-10	10.65	10.82	10.55	10.69	36696	10.69	2333	罗普斯金	SZ	10.59	10.59	
99	2013-12-10	12.38	12.47	12.06	12.15	23272	12.15	2334	英威腾	SZ	12.28	12.28	
99	2013-12-10	13.65	13.99	13.62	13.78	6980	13.78	2335	科华恒盛	SZ	13.74	13.74	
99	2013-12-10	10.02	10.18	9.9	9.9	24340	9.9	2336	人人乐	SZ	10.06	10.06	
99	2013-12-10	10.2	10.6	10.19	10.49	41241	10.27	2337	赛象科技	SZ	10.19	9.98	
99	2013-12-10	25.68	26.28	25.59	25.81	15039	25.81	2338	奥普光电	SZ	25.79	25.79	
99	2013-12-10	9.36	9.49	9.22	9.26	31135	9.26	2339	积成电子	SZ	9.35	9.35	
99	2013-12-10	10.4	10.55	10.3	10.4	105496	10.4	2340	格林美	SZ	10.41	10.41	
99	2013-12-10	17.71	17.8	17.14	17.54	23639	17.54	2341	新纶科技	SZ	17.71	17.71	
99	2013-12-10	6.68	6.72	6.49	6.5	47674	6.5	2342	巨力索具	SZ	6.69	6.69	
99	2013-12-10	8.29	8.43	8.26	8.33	20150	8.33	2343	禾欣股份	SZ	8.28	8.28	
99	2013-12-10	18.85	18.9	18.45	18.62	28436	18.62	2344	海宁皮城	SZ	18.79	18.79	
99	2013-12-10	11.36	11.41	11.32	11.37	8937	11.37	2345	潮宏基	SZ	11.35	11.35	
99	2013-12-10	6.26	6.26	6.26	6.26	0	3.13	2346	柘中建设	SZ	6.26	3.13	
99	2013-12-10	7.23	7.73	7.13	7.42	73503	7.42	2347	泰尔重工	SZ	7.25	7.25	
99	2013-12-10	6.8	6.83	6.69	6.76	66669	6.76	2348	高乐股份	SZ	6.79	6.79	
99	2013-12-10	12.26	12.26	11.88	12.12	14820	12.12	2349	精华制药	SZ	12.26	12.26	
99	2013-12-10	10.06	10.28	9.94	10.23	26294	10.23	2350	北京科锐	SZ	10.05	10.05	
99	2013-12-10	9.72	9.87	9.61	9.82	14930	9.82	2351	漫步者	SZ	9.69	9.69	
99	2013-12-10	24.98	25.08	24	24.55	26982	24.55	2352	鼎泰新材	SZ	24.9	24.9	
99	2013-12-10	74.56	75.1	73.7	74.25	12716	74.25	2353	杰瑞股份	SZ	74.2	74.2	
99	2013-12-10	15.77	15.77	15.77	15.77	0	15.77	2354	科冕木业	SZ	15.77	15.77	
99	2013-12-10	7.3	7.45	7.3	7.32	61065	7.32	2355	兴民钢圈	SZ	7.35	7.35	
99	2013-12-10	21.83	21.83	21.83	21.83	0	21.83	2356	浩宁达	SZ	21.83	21.83	
99	2013-12-10	9.45	9.56	9.34	9.46	4749	9.4	2357	富临运业	SZ	9.4	9.34	
99	2013-12-10	21	21	19.62	20.19	87607	20.19	2358	森源电气	SZ	19.29	19.29	
99	2013-12-10	5.86	5.86	5.86	5.86	0	5.86	2359	齐星铁塔	SZ	5.86	5.86	
99	2013-12-10	21.88	21.98	21.22	21.54	40263	10.62	2360	同德化工	SZ	21.86	10.77	
99	2013-12-10	5.8	5.88	5.72	5.85	51267	5.76	2361	神剑股份	SZ	5.79	5.7	
99	2013-12-10	13.56	13.74	13.48	13.63	24904	13.63	2362	汉王科技	SZ	13.54	13.54	
99	2013-12-10	15.18	15.26	15.01	15.15	12130	15.15	2363	隆基机械	SZ	15.15	15.15	
99	2013-12-10	11.63	11.72	11.2	11.29	29646	11.29	2364	中恒电气	SZ	11.63	11.63	
99	2013-12-10	8.91	9.3	8.83	9.01	23173	9.01	2365	永安药业	SZ	8.88	8.88	
99	2013-12-10	9.49	9.67	9.41	9.58	32166	9.58	2366	丹甫股份	SZ	9.49	9.49	
99	2013-12-10	7.04	7.08	7.02	7.05	38143	3.4	2367	康力电梯	SZ	7.04	3.4	
99	2013-12-10	32.85	33.68	32.5	32.7	28522	32.7	2368	太极股份	SZ	32.78	32.78	
99	2013-12-10	17.1	17.1	17.1	17.1	0	17.1	2369	卓翼科技	SZ	17.1	17.1	
99	2013-12-10	17.66	17.69	16.95	17.25	13654	17.25	2370	亚太药业	SZ	17.68	17.68	
99	2013-12-10	21.05	21.28	20.81	21.11	14385	21.11	2371	七星电子	SZ	21.29	21.29	
99	2013-12-10	15.25	15.36	14.92	15.09	20922	15.09	2372	伟星新材	SZ	15.29	15.29	
99	2013-12-10	10.3	10.3	9.82	10.09	27984	10.09	2373	联信永益	SZ	10.21	10.21	
99	2013-12-10	6.95	6.95	6.84	6.92	22146	6.88	2374	丽鹏股份	SZ	6.92	6.88	
99	2013-12-10	28	28.25	27.8	28.01	27651	28.01	2375	亚厦股份	SZ	28	28	
99	2013-12-10	11.45	11.59	11.36	11.54	32266	11.54	2376	新北洋	SZ	11.45	11.45	
99	2013-12-10	7.13	7.16	7.01	7.11	9557	7.11	2377	国创高新	SZ	7.13	7.13	
99	2013-12-10	19.01	19.15	18.8	18.92	8037	18.92	2378	章源钨业	SZ	18.98	18.98	
99	2013-12-10	5.5	5.56	5.49	5.53	45579	5.53	2379	鲁丰股份	SZ	5.5	5.5	
99	2013-12-10	34.03	34.95	33.5	33.9	14373	33.9	2380	科远股份	SZ	34	34	
99	2013-12-10	11.6	11.99	11.56	11.88	70550	11.71	2381	双箭股份	SZ	11.61	11.44	
99	2013-12-10	12	12.15	11.96	12.01	6051	12.01	2382	蓝帆股份	SZ	12	12	
99	2013-12-10	19.46	19.46	18.77	18.82	30201	18.82	2383	合众思壮	SZ	19.35	19.35	
99	2013-12-10	20.16	20.29	19.72	19.88	8337	19.88	2384	东山精密	SZ	20.04	20.04	
99	2013-12-10	16.45	16.59	16.21	16.24	91604	16.24	2385	大北农	SZ	16.46	16.46	
99	2013-12-10	7.38	7.4	7.29	7.3	22871	7.3	2386	天原集团	SZ	7.37	7.37	
99	2013-12-10	8.13	8.14	7.94	7.98	16737	7.98	2387	黑牛食品	SZ	8.09	8.09	
99	2013-12-10	8.61	8.67	8.42	8.44	19571	8.44	2388	新亚制程	SZ	8.61	8.61	
99	2013-12-10	6.6	6.6	6.6	6.6	0	6.6	2389	南洋科技	SZ	6.6	6.6	
99	2013-12-10	26.62	27.12	26.32	26.92	6913	26.92	2390	信邦制药	SZ	26.73	26.73	
99	2013-12-10	15.51	15.52	15.15	15.17	16365	9.93	2391	长青股份	SZ	15.46	10.12	
99	2013-12-10	7.17	7.35	7.16	7.26	61270	7.26	2392	北京利尔	SZ	7.2	7.2	
99	2013-12-10	40.5	40.65	39.38	39.83	30650	39.83	2393	力生制药	SZ	40.29	40.29	
99	2013-12-10	17.52	17.85	16.69	17.11	92615	17.11	2394	联发股份	SZ	17.73	17.73	
99	2013-12-10	8.59	8.78	8.55	8.64	9506	8.64	2395	双象股份	SZ	8.59	8.59	
99	2013-12-10	19.38	20.02	19.16	19.48	98323	19.48	2396	星网锐捷	SZ	19.31	19.31	
99	2013-12-10	15.22	15.75	15.05	15.6	24295	15.6	2397	梦洁家纺	SZ	15.21	15.21	
99	2013-12-10	14.34	14.58	14.15	14.29	61099	14.29	2398	建研集团	SZ	14.09	14.09	
99	2013-12-10	22.4	22.4	22.4	22.4	0	22.4	2399	海普瑞	SZ	22.4	22.4	
99	2013-12-10	21.35	21.7	21.35	21.66	118306	21.66	24	招商地产	SZ	21.3	21.3	
99	2013-12-10	31.79	32.48	31.45	31.99	59789	31.99	2400	省广股份	SZ	31.44	31.44	
99	2013-12-10	12.36	12.55	12.32	12.32	17164	12.32	2401	交技发展	SZ	12.38	12.38	
99	2013-12-10	11.93	12.18	11.73	11.91	17602	7.81	2402	和而泰	SZ	11.97	7.85	
99	2013-12-10	9.89	10.12	9.62	9.67	70027	9.67	2403	爱仕达	SZ	9.56	9.56	
99	2013-12-10	7.28	7.42	7.26	7.35	25484	7.17	2404	嘉欣丝绸	SZ	7.28	7.1	
99	2013-12-10	12.11	12.19	12	12.04	76151	12.01	2405	四维图新	SZ	12.11	12.08	
99	2013-12-10	8.77	8.82	8.68	8.75	51910	8.75	2406	远东传动	SZ	8.74	8.74	
99	2013-12-10	13	13.35	12.99	13.06	57434	13.06	2407	多氟多	SZ	13.01	13.01	
99	2013-12-10	15.35	15.55	15.05	15.43	50015	15.28	2408	齐翔腾达	SZ	15.29	15.14	
99	2013-12-10	15.96	16.5	15.7	15.72	26733	15.61	2409	雅克科技	SZ	15.95	15.83	
99	2013-12-10	27.15	28.7	27.01	28.52	21553	28.52	2410	广联达	SZ	27.2	27.2	
99	2013-12-10	10.15	10.19	9.79	9.95	88604	9.95	2411	九九久	SZ	10.18	10.18	
99	2013-12-10	31.5	31.5	29.35	30.27	13699	30.27	2412	汉森制药	SZ	31.37	31.37	
99	2013-12-10	7.38	7.47	7.36	7.4	20436	7.4	2413	常发股份	SZ	7.35	7.35	
99	2013-12-10	21.72	21.78	20.51	20.99	107165	20.99	2414	高德红外	SZ	21.55	21.55	
99	2013-12-10	22.9	23.43	22.85	23.27	113921	23.27	2415	海康威视	SZ	22.69	22.69	
99	2013-12-10	21.7	22.12	21.31	21.4	53552	21.4	2416	爱施德	SZ	21.8	21.8	
99	2013-12-10	6.95	6.95	6.69	6.75	44473	6.75	2417	三元达	SZ	6.95	6.95	
99	2013-12-10	6.7	7.09	6.67	7.05	107576	7.05	2418	康盛股份	SZ	6.7	6.7	
99	2013-12-10	10.67	11.15	10.6	11	65373	11	2419	天虹商场	SZ	10.7	10.7	
99	2013-12-10	5.88	6.41	5.83	6.21	116963	6.21	2420	毅昌股份	SZ	5.92	5.92	
99	2013-12-10	18.5	19.18	18.45	18.94	52348	18.94	2421	达实智能	SZ	18.44	18.44	
99	2013-12-10	43.82	44.17	43.44	43.97	21523	43.97	2422	科伦药业	SZ	43.97	43.97	
99	2013-12-10	9.26	9.35	9.15	9.27	39325	9.27	2423	中原特钢	SZ	9.25	9.25	
99	2013-12-10	20.38	20.63	20.12	20.3	19742	20.3	2424	贵州百灵	SZ	20.47	20.47	
99	2013-12-10	8.85	9.04	8.71	8.99	41156	8.99	2425	凯撒股份	SZ	8.79	8.79	
99	2013-12-10	30.36	31.18	30.2	30.54	11958	15.2	2426	胜利精密	SZ	30.38	15.12	
99	2013-12-10	6.06	6.12	5.98	6.07	10292	6.07	2427	尤夫股份	SZ	6.06	6.06	
99	2013-12-10	14.12	14.76	14.09	14.29	396119	14.22	2428	云南锗业	SZ	14.16	14.09	
99	2013-12-10	14.4	15.81	14.4	15.72	183690	15.72	2429	兆驰股份	SZ	14.38	14.38	
99	2013-12-10	7.78	7.87	7.7	7.74	34524	7.74	2430	杭氧股份	SZ	7.77	7.77	
99	2013-12-10	20.95	21.12	20.65	20.93	56862	20.93	2431	棕榈园林	SZ	21.15	21.15	
99	2013-12-10	11.56	11.6	11.2	11.31	52536	11.31	2432	九安医疗	SZ	11.53	11.53	
99	2013-12-10	9.09	9.09	8.6	8.94	68240	4.44	2433	太安堂	SZ	8.78	4.36	
99	2013-12-10	10.36	11.42	10.36	11.1	160314	10.96	2434	万里扬	SZ	10.38	10.25	
99	2013-12-10	8.26	8.3	8.18	8.24	11239	8.24	2435	长江润发	SZ	8.25	8.25	
99	2013-12-10	19.8	20.05	19.49	19.59	7769	19.59	2436	兴森科技	SZ	19.63	19.63	
99	2013-12-10	36.61	37.19	36.53	36.61	7228	36.61	2437	誉衡药业	SZ	36.62	36.62	
99	2013-12-10	12.92	13.01	12.51	12.7	29809	12.7	2438	江苏神通	SZ	12.96	12.96	
99	2013-12-10	28.02	28.5	27.5	28.5	28590	28.5	2439	启明星辰	SZ	28.01	28.01	
99	2013-12-10	17.01	17.3	16.69	17.25	163965	17.25	2440	闰土股份	SZ	17.13	17.13	
99	2013-12-10	14.71	14.92	14.61	14.65	22661	14.65	2441	众业达	SZ	14.73	14.73	
99	2013-12-10	4.26	4.29	4.19	4.29	45722	4.29	2442	龙星化工	SZ	4.26	4.26	
99	2013-12-10	8.21	8.26	8.09	8.12	61770	8.12	2443	金洲管道	SZ	8.2	8.2	
99	2013-12-10	8.78	8.83	8.6	8.8	83555	8.8	2444	巨星科技	SZ	8.85	8.85	
99	2013-12-10	8.69	8.9	8.66	8.76	18044	8.76	2445	中南重工	SZ	8.71	8.71	
99	2013-12-10	10.82	10.82	10.82	10.82	0	10.82	2446	盛路通信	SZ	10.82	10.82	
99	2013-12-10	20.35	20.4	19.7	19.76	22078	19.76	2447	壹桥苗业	SZ	20	20	
99	2013-12-10	12.34	12.39	12.14	12.17	32445	11.98	2448	中原内配	SZ	12.33	12.14	
99	2013-12-10	8.11	8.16	8.02	8.12	38791	8.05	2449	国星光电	SZ	8.11	8.04	
99	2013-12-10	24.37	24.45	24.04	24.3	27451	24.3	2450	康得新	SZ	24.36	24.36	
99	2013-12-10	18.82	18.82	18.26	18.34	16976	9.17	2451	摩恩电气	SZ	18.7	9.35	
99	2013-12-10	34.82	35.24	34.6	34.76	11662	17.29	2452	长高集团	SZ	34.76	17.29	
99	2013-12-10	20.22	20.24	19.6	19.96	33240	9.94	2453	天马精化	SZ	20.26	10.09	
99	2013-12-10	10.65	10.75	10.46	10.59	49580	10.59	2454	松芝股份	SZ	10.69	10.69	
99	2013-12-10	13.44	13.44	13.44	13.44	0	13.44	2455	百川股份	SZ	13.44	13.44	
99	2013-12-10	22.75	22.92	22.49	22.75	65697	11.29	2456	欧菲光	SZ	22.65	11.24	
99	2013-12-10	8.85	8.86	8.64	8.67	59672	8.67	2457	青龙管业	SZ	8.71	8.71	
99	2013-12-10	9.13	9.15	8.92	8.93	12548	8.93	2458	益生股份	SZ	9.11	9.11	
99	2013-12-10	6.97	7.16	6.97	7.06	31833	7.06	2459	天业通联	SZ	6.96	6.96	
99	2013-12-10	23.17	24.18	22.81	23.92	51875	23.92	2460	赣锋锂业	SZ	22.9	22.9	
99	2013-12-10	10.06	10.08	9.89	9.92	42702	9.92	2461	珠江啤酒	SZ	10.02	10.02	
99	2013-12-10	15.4	16.1	15.37	15.69	16721	15.69	2462	嘉事堂	SZ	15.4	15.4	
99	2013-12-10	3.94	3.96	3.88	3.92	61942	3.92	2463	沪电股份	SZ	3.94	3.94	
99	2013-12-10	14.27	14.36	14.14	14.19	6436	14.19	2464	金利科技	SZ	14.27	14.27	
99	2013-12-10	20.18	20.25	19.32	19.45	169370	19.36	2465	海格通信	SZ	20.2	20.11	
99	2013-12-10	33.62	33.62	31.5	32.1	23860	32.1	2466	天齐锂业	SZ	30.6	30.6	
99	2013-12-10	21.44	21.44	20.9	21.17	31544	21.17	2467	二六三	SZ	21.16	21.16	
99	2013-12-10	7.36	7.43	7.29	7.38	21743	7.38	2468	艾迪西	SZ	7.29	7.29	
99	2013-12-10	21.12	21.12	20.31	20.68	41231	15.81	2469	三维工程	SZ	20.99	16.05	
99	2013-12-10	21.89	22.74	21.56	22.56	105368	22.56	2470	金正大	SZ	21.84	21.84	
99	2013-12-10	9.26	9.27	8.86	8.9	208708	8.9	2471	中超电缆	SZ	9.02	9.02	
99	2013-12-10	7.11	7.23	7.04	7.04	24530	7.04	2472	双环传动	SZ	7.07	7.07	
99	2013-12-10	19.4	19.76	18.71	19.48	29175	19.36	2473	圣莱达	SZ	19.4	19.28	
99	2013-12-10	11.4	11.47	11.11	11.17	47508	11.17	2474	榕基软件	SZ	11.38	11.38	
99	2013-12-10	27.5	28.06	27.27	27.95	24557	27.95	2475	立讯精密	SZ	27.42	27.42	
99	2013-12-10	9.23	9.23	9.23	9.23	0	9.23	2476	宝莫股份	SZ	9.23	9.23	
99	2013-12-10	11.26	11.29	11.03	11.09	93072	11.09	2477	雏鹰农牧	SZ	11.24	11.24	
99	2013-12-10	11.12	11.18	10.93	11.07	39489	11.07	2478	常宝股份	SZ	11.07	11.07	
99	2013-12-10	9.17	9.2	8.98	9.02	50212	9.02	2479	富春环保	SZ	9.18	9.18	
99	2013-12-10	14.9	15.06	14.51	14.9	8649	14.9	2480	新筑股份	SZ	14.88	14.88	
99	2013-12-10	12.62	13.28	12.61	13.1	63418	13.1	2481	双塔食品	SZ	12.6	12.6	
99	2013-12-10	20.04	20.48	19.97	20.44	38405	20.44	2482	广田股份	SZ	20.17	20.17	
99	2013-12-10	9.91	10.17	9.84	10.05	28143	9.94	2483	润邦股份	SZ	9.9	9.79	
99	2013-12-10	19.11	19.45	18.85	18.99	21702	18.99	2484	江海股份	SZ	19.2	19.2	
99	2013-12-10	6.64	6.66	6.56	6.6	25445	6.6	2485	希努尔	SZ	6.64	6.64	
99	2013-12-10	6.37	6.75	6.37	6.72	170500	3.32	2486	嘉麟杰	SZ	6.4	3.16	
99	2013-12-10	6.02	6.13	5.93	6.01	104593	6	2487	大金重工	SZ	6.08	6.07	
99	2013-12-10	10.35	10.54	10.17	10.39	33742	10.39	2488	金固股份	SZ	10.34	10.34	
99	2013-12-10	10.25	10.35	10.2	10.28	25122	10.28	2489	浙江永强	SZ	10.25	10.25	
99	2013-12-10	10.35	10.48	10.09	10.43	155411	10.43	2490	山东墨龙	SZ	10.35	10.35	
99	2013-12-10	15.15	15.2	14.89	14.93	15253	14.93	2491	通鼎光电	SZ	15.16	15.16	
99	2013-12-10	7.69	7.69	7.69	7.69	0	3.84	2492	恒基达鑫	SZ	7.69	3.84	
99	2013-12-10	24.41	24.41	24.41	24.41	0	24.41	2493	荣盛石化	SZ	24.41	24.41	
99	2013-12-10	18.95	19.43	18.5	18.85	58957	18.85	2494	华斯股份	SZ	18.98	18.98	
99	2013-12-10	6.16	6.16	6.07	6.09	18301	6.09	2495	佳隆股份	SZ	6.15	6.15	
99	2013-12-10	22.05	22.07	21.29	21.5	50465	16.41	2496	辉丰股份	SZ	22.02	16.81	
99	2013-12-10	10.94	11.35	10.89	11.35	128219	11.35	2497	雅化集团	SZ	10.94	10.94	
99	2013-12-10	6.82	6.88	6.71	6.75	44602	6.75	2498	汉缆股份	SZ	6.84	6.84	
99	2013-12-10	30.02	30.24	29.01	29.04	58869	29.04	2499	科林环保	SZ	30.49	30.49	
99	2013-12-10	8.35	8.98	8.22	8.8	36137	8.8	25	特 力Ａ	SZ	8.35	8.35	
99	2013-12-10	6.85	6.95	6.8	6.88	89568	6.88	2500	山西证券	SZ	6.86	6.86	
99	2013-12-10	13.63	13.95	13.56	13.61	67337	13.61	2501	利源铝业	SZ	13.66	13.66	
99	2013-12-10	13.99	14.24	13.99	14.07	12744	14.07	2502	骅威股份	SZ	14.09	14.09	
99	2013-12-10	9.99	10.25	9.94	9.96	36977	9.96	2503	搜于特	SZ	10.04	10.04	
99	2013-12-10	8.17	8.17	8.17	8.17	0	8.17	2504	东光微电	SZ	8.17	8.17	
99	2013-12-10	15.22	15.28	14.88	15.05	18037	15.05	2505	大康牧业	SZ	15.19	15.19	
99	2013-12-10	2.76	2.8	2.75	2.76	68553	2.76	2506	超日太阳	SZ	2.78	2.78	
99	2013-12-10	37.9	38.72	37.01	38.24	6659	38.24	2507	涪陵榨菜	SZ	37.89	37.89	
99	2013-12-10	38.92	41.29	38.71	40.96	21742	40.96	2508	老板电器	SZ	38.88	38.88	
99	2013-12-10	8.95	9.06	8.89	9.03	29047	8.98	2509	天广消防	SZ	8.9	8.86	
99	2013-12-10	24.16	25.46	24.02	24.76	78333	12.25	2510	天汽模	SZ	24.18	11.96	
99	2013-12-10	11.6	11.67	11.46	11.5	26433	11.5	2511	中顺洁柔	SZ	11.59	11.59	
99	2013-12-10	12	12.14	11.9	12.05	19571	12.05	2512	达华智能	SZ	12.05	12.05	
99	2013-12-10	10.12	10.32	9.95	9.97	29142	9.97	2513	蓝丰生化	SZ	10.15	10.15	
99	2013-12-10	33.9	33.96	32.14	33.2	8471	16.47	2514	宝馨科技	SZ	33.84	16.79	
99	2013-12-10	14.6	14.6	14.25	14.29	10221	14.29	2515	金字火腿	SZ	14.52	14.52	
99	2013-12-10	10.34	10.62	10.3	10.54	42211	10.54	2516	江苏旷达	SZ	10.33	10.33	
99	2013-12-10	8.88	8.98	8.88	8.97	38859	8.97	2517	泰亚股份	SZ	8.88	8.88	
99	2013-12-10	18.11	18.26	17.31	17.4	18953	12.39	2518	科士达	SZ	18.09	12.88	
99	2013-12-10	13.34	13.34	13.34	13.34	0	13.34	2519	银河电子	SZ	13.34	13.34	
99	2013-12-10	14.8	15.26	14.55	15	34352	15	2520	日发数码	SZ	15.03	15.03	
99	2013-12-10	8.02	8.27	8.02	8.23	73221	8.23	2521	齐峰股份	SZ	8.02	8.02	
99	2013-12-10	15.51	15.68	15.45	15.57	11463	15.57	2522	浙江众成	SZ	15.6	15.6	
99	2013-12-10	4.93	5	4.92	4.96	63720	4.96	2523	天桥起重	SZ	4.92	4.92	
99	2013-12-10	6.42	6.49	6.3	6.31	32590	6.31	2524	光正钢构	SZ	6.3	6.3	
99	2013-12-10	5.91	5.91	5.73	5.76	137542	5.76	2526	山东矿机	SZ	5.87	5.87	
99	2013-12-10	10.98	10.98	10.98	10.98	0	10.98	2527	新时达	SZ	10.98	10.98	
99	2013-12-10	18.14	18.3	16.86	17.19	152959	17.19	2528	英飞拓	SZ	18.14	18.14	
99	2013-12-10	11.89	12	11.76	11.84	12267	11.84	2529	海源机械	SZ	11.86	11.86	
99	2013-12-10	5.9	5.94	5.83	5.87	13564	5.83	2530	丰东股份	SZ	5.9	5.86	
99	2013-12-10	9.93	10.18	9.89	10.12	52043	10.12	2531	天顺风能	SZ	9.9	9.9	
99	2013-12-10	24.8	24.8	24.11	24.5	30036	24.5	2532	新界泵业	SZ	24.59	24.59	
99	2013-12-10	6.65	6.68	6.45	6.48	77795	6.38	2533	金杯电工	SZ	6.67	6.57	
99	2013-12-10	13.02	13.05	12.85	12.89	14852	12.73	2534	杭锅股份	SZ	13.09	12.93	
99	2013-12-10	7.31	7.52	7.2	7.52	52341	7.52	2535	林州重机	SZ	7.25	7.25	
99	2013-12-10	22.39	22.81	21.65	22.6	42252	22.6	2536	西泵股份	SZ	22.27	22.27	
99	2013-12-10	13.95	14.19	13.79	13.95	13101	13.95	2537	海立美达	SZ	13.9	13.9	
99	2013-12-10	10.74	10.86	10.52	10.66	68352	10.55	2538	司尔特	SZ	10.82	10.71	
99	2013-12-10	9.45	9.45	9.01	9.12	32869	8.96	2539	新都化工	SZ	9.32	9.15	
99	2013-12-10	9.43	9.55	9.31	9.38	18244	9.22	2540	亚太科技	SZ	9.43	9.27	
99	2013-12-10	12.15	12.46	11.72	11.88	69118	11.88	2541	鸿路钢构	SZ	11.67	11.67	
99	2013-12-10	24.86	24.9	24.22	24.7	18615	12.28	2542	中化岩土	SZ	24.66	12.26	
99	2013-12-10	12.53	12.79	12.35	12.79	43054	12.79	2543	万和电气	SZ	12.43	12.43	
99	2013-12-10	12.23	12.29	11.98	11.99	22764	11.99	2544	杰赛科技	SZ	12.15	12.15	
99	2013-12-10	17.47	17.68	16.82	16.84	43200	16.84	2545	东方铁塔	SZ	17.5	17.5	
99	2013-12-10	15.67	15.94	15.4	15.49	13706	15.15	2546	新联电子	SZ	15.67	15.33	
99	2013-12-10	10.15	10.22	10.06	10.08	21985	10.08	2547	春兴精工	SZ	10.15	10.15	
99	2013-12-10	14.15	14.17	13.81	13.98	27195	13.98	2548	金新农	SZ	14.15	14.15	
99	2013-12-10	14.95	15.15	14.76	14.82	13938	14.82	2549	凯美特气	SZ	14.98	14.98	
99	2013-12-10	16.8	16.9	16.41	16.5	28311	8.05	2550	千红制药	SZ	16.76	8.18	
99	2013-12-10	27.56	28.29	27.15	27.58	16092	27.58	2551	尚荣医疗	SZ	27.77	27.77	
99	2013-12-10	11.62	11.7	11.31	11.36	11182	11.36	2552	宝鼎重工	SZ	11.62	11.62	
99	2013-12-10	11.49	11.79	11.2	11.53	32887	5.59	2553	南方轴承	SZ	11.44	5.55	
99	2013-12-10	12.17	12.2	11.96	12.01	44075	12.01	2554	惠博普	SZ	12.16	12.16	
99	2013-12-10	24.99	25.54	24.6	24.95	24415	24.82	2555	顺荣股份	SZ	25.08	24.95	
99	2013-12-10	12.44	12.57	12.2	12.34	356708	12.34	2556	辉隆股份	SZ	12.5	12.5	
99	2013-12-10	21.05	21.89	21.05	21.73	15982	21.73	2557	洽洽食品	SZ	21.16	21.16	
99	2013-12-10	29.99	30.88	29.43	29.6	14865	29.6	2558	世纪游轮	SZ	30.09	30.09	
99	2013-12-10	14.48	15.34	14.47	15.01	73288	15.01	2559	亚威股份	SZ	14.45	14.45	
99	2013-12-10	17.79	17.8	17.17	17.18	24390	17.18	2560	通达股份	SZ	17.4	17.4	
99	2013-12-10	11.6	12.42	11.58	11.75	145691	11.37	2561	徐家汇	SZ	11.5	11.13	
99	2013-12-10	18	18.24	17.72	18.02	12591	18.02	2565	上海绿新	SZ	18	18	
99	2013-12-10	26.5	26.5	25.82	26.26	14794	26.26	2566	益盛药业	SZ	26.56	26.56	
99	2013-12-10	7.77	8	7.69	7.95	72377	7.95	26	飞亚达Ａ	SZ	7.73	7.73	
99	2013-12-10	5.82	5.84	5.78	5.8	78753	5.8	27	深圳能源	SZ	5.81	5.81	
99	2013-12-10	39.99	40.08	39.4	39.67	2542	39.67	28	一致药业	SZ	39.88	39.88	
99	2013-12-10	3.8	3.97	3.77	3.92	97643	3.92	29	深深房Ａ	SZ	3.78	3.78	
99	2013-12-10	6.2	6.33	6.17	6.28	35431	6.28	30	*ST盛润A	SZ	6.2	6.2	
99	2013-12-10	21.45	21.96	21	21.05	22911	21.05	300001	特锐德	SZ	21.6	21.6	
99	2013-12-10	12.5	12.61	12.15	12.25	105561	6.02	300002	神州泰岳	SZ	12.5	6.14	
99	2013-12-10	15.02	15.19	14.72	14.85	40349	14.85	300003	乐普医疗	SZ	15.09	15.09	
99	2013-12-10	34.9	34.9	34.9	34.9	0	34.9	300004	南风股份	SZ	34.9	34.9	
99	2013-12-10	13.21	13.4	13.02	13.31	22428	13.31	300005	探路者	SZ	13.28	13.28	
99	2013-12-10	24.02	24.48	23.71	24.05	10339	24.05	300006	莱美药业	SZ	24.02	24.02	
99	2013-12-10	14.7	14.7	14.25	14.33	22508	14.33	300007	汉威电子	SZ	14.7	14.7	
99	2013-12-10	8.8	9.2	8.8	8.92	37737	8.89	300008	上海佳豪	SZ	9.02	8.99	
99	2013-12-10	14.71	14.86	14.65	14.77	14351	14.77	300009	安科生物	SZ	14.7	14.7	
99	2013-12-10	11.88	11.88	11.88	11.88	0	11.88	300010	立思辰	SZ	11.88	11.88	
99	2013-12-10	11.84	11.93	11.76	11.87	35336	6.57	300011	鼎汉技术	SZ	11.83	6.55	
99	2013-12-10	16.15	16.15	16.15	16.15	0	16.15	300012	华测检测	SZ	16.15	16.15	
99	2013-12-10	14.57	15.45	14.57	14.97	24770	14.97	300013	新宁物流	SZ	14.57	14.57	
99	2013-12-10	33.51	34.16	33.13	33.7	33658	16.85	300014	亿纬锂能	SZ	33.32	16.66	
99	2013-12-10	27.76	27.78	27.11	27.24	20404	27.24	300015	爱尔眼科	SZ	27.9	27.9	
99	2013-12-10	7.85	7.96	7.84	7.88	16134	7.88	300016	北陆药业	SZ	7.95	7.95	
99	2013-12-10	71.49	73.5	69.3	72.02	23994	72.02	300017	网宿科技	SZ	71.12	71.12	
99	2013-12-10	6.57	6.62	6.52	6.56	14496	6.56	300018	中元华电	SZ	6.57	6.57	
99	2013-12-10	11.21	11.26	11.11	11.19	7944	11.19	300019	硅宝科技	SZ	11.23	11.23	
99	2013-12-10	21.48	21.93	20.8	21.15	15986	21.15	300020	银江股份	SZ	21.55	21.55	
99	2013-12-10	10.2	10.25	9.86	9.97	79140	9.97	300021	大禹节水	SZ	10.19	10.19	
99	2013-12-10	6.49	6.54	6.43	6.47	62185	6.47	300022	吉峰农机	SZ	6.45	6.45	
99	2013-12-10	10.52	10.52	10.25	10.3	16254	10.3	300023	宝德股份	SZ	10.5	10.5	
99	2013-12-10	41.88	43.43	41.5	41.99	60854	41.99	300024	机器人	SZ	41.94	41.94	
99	2013-12-10	11.15	11.83	10.98	11.35	29276	11.35	300025	华星创业	SZ	11.08	11.08	
99	2013-12-10	33.85	34	32.59	33.9	34900	33.9	300026	红日药业	SZ	33.84	33.84	
99	2013-12-10	31.4	31.88	30.5	31.55	889798	31.42	300027	华谊兄弟	SZ	30.77	30.65	
99	2013-12-10	7.79	7.8	7.58	7.63	54506	7.63	300028	金亚科技	SZ	7.76	7.76	
99	2013-12-10	9.51	10.17	9.51	9.59	270211	9.59	300029	天龙光电	SZ	9.59	9.59	
99	2013-12-10	32.22	32.74	32	32.58	23575	16.26	300030	阳普医疗	SZ	32.5	16.22	
99	2013-12-10	11.25	11.49	11.08	11.18	65654	11.18	300031	宝通带业	SZ	11.25	11.25	
99	2013-12-10	16.79	16.79	16.79	16.79	0	16.79	300032	金龙机电	SZ	16.79	16.79	
99	2013-12-10	23.03	23.41	22.83	23.17	4774	23.17	300033	同花顺	SZ	23.08	23.08	
99	2013-12-10	18.85	18.9	18.12	18.12	35933	18.12	300034	钢研高纳	SZ	18.79	18.79	
99	2013-12-10	9.48	9.48	9.22	9.3	18785	9.3	300035	中科电气	SZ	9.34	9.34	
99	2013-12-10	13.81	13.89	13.42	13.57	19800	13.57	300036	超图软件	SZ	13.75	13.75	
99	2013-12-10	18.28	18.28	17.92	18.03	12378	18.03	300037	新宙邦	SZ	18.22	18.22	
99	2013-12-10	15.6	15.6	15.03	15.18	20301	15.18	300038	梅泰诺	SZ	15.53	15.53	
99	2013-12-10	11.62	11.65	11.33	11.33	85018	9.28	300039	上海凯宝	SZ	11.59	9.49	
99	2013-12-10	5.69	5.73	5.57	5.69	29626	5.69	300040	九洲电气	SZ	5.68	5.68	
99	2013-12-10	15.12	15.37	14.7	14.93	27511	14.93	300041	回天胶业	SZ	15.19	15.19	
99	2013-12-10	11.28	11.32	11.06	11.16	9572	11.16	300042	朗科科技	SZ	11.24	11.24	
99	2013-12-10	17.11	17.27	16.48	16.49	81079	8.24	300043	星辉车模	SZ	17.23	8.61	
99	2013-12-10	9.13	9.13	9.13	9.13	0	9.13	300044	赛为智能	SZ	9.13	9.13	
99	2013-12-10	22.96	23.15	22.3	22.49	21325	22.49	300045	华力创通	SZ	22.96	22.96	
99	2013-12-10	12.31	12.5	11.75	12.04	88491	11.69	300046	台基股份	SZ	12.29	11.93	
99	2013-12-10	10.31	10.33	10.02	10.12	56224	10.09	300047	天源迪科	SZ	10.31	10.28	
99	2013-12-10	7.6	7.99	7.6	7.8	97809	7.8	300048	合康变频	SZ	7.64	7.64	
99	2013-12-10	18.85	19.3	18.61	19.28	18194	19.28	300049	福瑞股份	SZ	18.9	18.9	
99	2013-12-10	11.88	12.28	11.5	11.67	25863	11.67	300050	世纪鼎利	SZ	11.84	11.84	
99	2013-12-10	8.96	9.09	8.7	8.76	104317	8.76	300051	三五互联	SZ	8.94	8.94	
99	2013-12-10	27.18	27.44	26.42	26.69	93116	26.67	300052	中青宝	SZ	27.2	27.18	
99	2013-12-10	10.09	10.1	9.87	9.97	22561	9.97	300053	欧比特	SZ	10.01	10.01	
99	2013-12-10	11.55	11.8	11.47	11.67	38891	7.75	300054	鼎龙股份	SZ	11.61	7.71	
99	2013-12-10	34.4	34.5	33.68	33.9	8517	33.9	300055	万邦达	SZ	34.4	34.4	
99	2013-12-10	27.19	27.2	26.15	26.35	70647	26.35	300056	三维丝	SZ	27.5	27.5	
99	2013-12-10	12.31	12.31	11.88	11.89	38449	11.89	300057	万顺股份	SZ	12.24	12.24	
99	2013-12-10	46.7	47.96	44.71	46.1	16514	46.1	300058	蓝色光标	SZ	46.28	46.28	
99	2013-12-10	16.82	16.95	16.32	16.42	75407	16.42	300059	东方财富	SZ	16.89	16.89	
99	2013-12-10	10.78	10.85	10.57	10.75	11984	10.75	300061	康耐特	SZ	10.77	10.77	
99	2013-12-10	8.97	9.03	8.82	8.94	7183	8.94	300062	中能电气	SZ	8.92	8.92	
99	2013-12-10	10.74	10.85	10.59	10.63	11161	10.63	300063	天龙集团	SZ	10.75	10.75	
99	2013-12-10	4.88	5.24	4.84	5.08	190753	5.08	300064	豫金刚石	SZ	4.89	4.89	
99	2013-12-10	14.23	14.28	13.51	13.58	50823	13.58	300065	海兰信	SZ	14.14	14.14	
99	2013-12-10	14.8	16.14	14.78	15.79	48285	15.79	300066	三川股份	SZ	14.8	14.8	
99	2013-12-10	11.11	11.16	10.76	11.05	33965	11.05	300067	安诺其	SZ	11.1	11.1	
99	2013-12-10	7.51	7.56	7.38	7.4	55244	7.4	300068	南都电源	SZ	7.53	7.53	
99	2013-12-10	10.06	10.24	10.03	10.08	7586	10.08	300069	金利华电	SZ	10.13	10.13	
99	2013-12-10	39.01	39.36	37.4	37.62	73950	37.62	300070	碧水源	SZ	38.98	38.98	
99	2013-12-10	58	58	58	58	0	28.95	300071	华谊嘉信	SZ	58	28.95	
99	2013-12-10	17.3	17.35	16.96	17.05	38386	17.05	300072	三聚环保	SZ	17.29	17.29	
99	2013-12-10	10.96	10.97	10.69	10.71	21561	10.71	300073	当升科技	SZ	10.94	10.94	
99	2013-12-10	13.69	13.69	13.33	13.45	53377	8.92	300074	华平股份	SZ	13.64	9.05	
99	2013-12-10	35.12	36.4	34.89	35.78	5861	35.78	300075	数字政通	SZ	35.14	35.14	
99	2013-12-10	16.15	17.47	15.61	17.47	60749	17.47	300076	宁波GQY	SZ	15.88	15.88	
99	2013-12-10	21.68	21.68	21.68	21.68	0	21.68	300077	国民技术	SZ	21.68	21.68	
99	2013-12-10	22.54	22.94	21.9	22.15	17808	22.15	300078	中瑞思创	SZ	22.54	22.54	
99	2013-12-10	19.78	19.78	18.88	19.05	65916	19.05	300079	数码视讯	SZ	19.68	19.68	
99	2013-12-10	7.87	7.93	7.67	7.67	38413	7.67	300080	新大新材	SZ	7.9	7.9	
99	2013-12-10	11.94	11.98	11.5	11.58	32716	11.58	300081	恒信移动	SZ	11.94	11.94	
99	2013-12-10	11.1	11.14	10.92	11	14011	11	300082	奥克股份	SZ	11.07	11.07	
99	2013-12-10	17.51	17.52	17.2	17.28	8671	17.28	300083	劲胜股份	SZ	17.43	17.43	
99	2013-12-10	15.23	15.34	14.94	15.11	27197	15.11	300084	海默科技	SZ	15.32	15.32	
99	2013-12-10	44.36	44.7	43.04	43.5	3839	21.72	300085	银之杰	SZ	44.1	22.02	
99	2013-12-10	13.4	13.55	13.19	13.26	18661	13.26	300086	康芝药业	SZ	13.4	13.4	
99	2013-12-10	12.06	12.1	11.7	11.94	25955	11.94	300087	荃银高科	SZ	11.99	11.99	
99	2013-12-10	15.53	15.58	14.68	14.7	106721	14.7	300088	长信科技	SZ	15.5	15.5	
99	2013-12-10	9.33	9.33	9.12	9.16	11212	9.16	300089	长城集团	SZ	9.18	9.18	
99	2013-12-10	31.26	32	30.91	31.18	7750	31.18	300090	盛运股份	SZ	31.6	31.6	
99	2013-12-10	13.7	13.71	13.52	13.67	10754	13.67	300091	金通灵	SZ	13.69	13.69	
99	2013-12-10	10.1	10.33	10.07	10.17	7967	10.17	300092	科新机电	SZ	10.15	10.15	
99	2013-12-10	6.94	7.04	6.84	6.98	48365	6.98	300093	金刚玻璃	SZ	6.89	6.89	
99	2013-12-10	6.95	6.96	6.89	6.96	9149	6.96	300094	国联水产	SZ	6.95	6.95	
99	2013-12-10	11.61	11.77	11.4	11.59	19225	11.59	300095	华伍股份	SZ	11.59	11.59	
99	2013-12-10	23.15	23.2	22.66	23.1	12843	23.1	300096	易联众	SZ	23.1	23.1	
99	2013-12-10	11.27	11.38	11.05	11.13	16553	11.13	300097	智云股份	SZ	11.27	11.27	
99	2013-12-10	15	15.14	14.5	15.02	15268	15.02	300098	高新兴	SZ	14.88	14.88	
99	2013-12-10	12.58	12.58	12.07	12.09	18795	12.09	300099	尤洛卡	SZ	12.52	12.52	
99	2013-12-10	6.92	6.92	6.79	6.87	14778	6.87	300100	双林股份	SZ	6.92	6.92	
99	2013-12-10	17.2	17.43	16.9	17	23350	17	300101	国腾电子	SZ	17.26	17.26	
99	2013-12-10	10.2	10.38	9.91	10.37	78619	10.37	300102	乾照光电	SZ	10.26	10.26	
99	2013-12-10	12.26	12.68	12.07	12.5	84445	12.5	300103	达刚路机	SZ	12.28	12.28	
99	2013-12-10	35.02	35.62	34.55	34.92	99007	34.92	300104	乐视网	SZ	34.97	34.97	
99	2013-12-10	21.18	21.18	20.75	20.83	18968	20.83	300105	龙源技术	SZ	21.16	21.16	
99	2013-12-10	17.54	17.7	17.22	17.47	10510	17.47	300106	西部牧业	SZ	17.54	17.54	
99	2013-12-10	29.6	30.36	29.26	29.82	18710	14.91	300107	建新股份	SZ	29.58	14.79	
99	2013-12-10	7.14	7.14	7.14	7.14	0	7.09	300108	双龙股份	SZ	7.14	7.09	
99	2013-12-10	10.28	10.39	10.02	10.1	9586	10.1	300109	新开源	SZ	10.43	10.43	
99	2013-12-10	8.49	8.59	8.48	8.53	19854	8.53	300110	华仁药业	SZ	8.53	8.53	
99	2013-12-10	3.56	3.57	3.5	3.53	221230	3.53	300111	向日葵	SZ	3.56	3.56	
99	2013-12-10	10.11	10.17	9.61	9.7	63845	9.7	300112	万讯自控	SZ	10.17	10.17	
99	2013-12-10	50.05	50.89	48.33	49	16353	49	300113	顺网科技	SZ	50.63	50.63	
99	2013-12-10	16	16.03	15.4	15.41	27602	15.41	300114	中航电测	SZ	15.93	15.93	
99	2013-12-10	33.6	34	33.39	33.49	2918	33.49	300115	长盈精密	SZ	33.71	33.71	
99	2013-12-10	5.99	5.99	5.99	5.99	0	5.99	300116	坚瑞消防	SZ	5.99	5.99	
99	2013-12-10	8.42	8.94	8.28	8.69	133186	8.69	300117	嘉寓股份	SZ	8.39	8.39	
99	2013-12-10	7.35	7.55	7.28	7.44	51172	7.44	300118	东方日升	SZ	7.32	7.32	
99	2013-12-10	48.58	49.44	48.26	48.8	8799	24.27	300119	瑞普生物	SZ	48.78	24.26	
99	2013-12-10	8.02	8.06	7.83	7.97	24495	7.97	300120	经纬电材	SZ	8.01	8.01	
99	2013-12-10	11.35	11.74	11.35	11.5	10432	11.5	300121	阳谷华泰	SZ	11.35	11.35	
99	2013-12-10	45.81	46.3	45.49	45.64	1736	45.64	300122	智飞生物	SZ	45.8	45.8	
99	2013-12-10	16.45	16.48	16.02	16.16	18009	16.16	300123	太阳鸟	SZ	16.4	16.4	
99	2013-12-10	51.6	52.3	50.5	52.01	5651	52.01	300124	汇川技术	SZ	52.05	52.05	
99	2013-12-10	14.2	14.31	13.78	13.9	25078	13.9	300125	易世达	SZ	14.2	14.2	
99	2013-12-10	9.94	10.11	9.94	9.97	13586	9.97	300126	锐奇股份	SZ	10.03	10.03	
99	2013-12-10	34.28	34.72	34.02	34.5	7232	17.08	300127	银河磁体	SZ	34.38	17.02	
99	2013-12-10	12	12.18	11.73	12.06	30052	12.06	300128	锦富新材	SZ	11.98	11.98	
99	2013-12-10	6.6	6.66	6.55	6.59	36854	6.59	300129	泰胜风能	SZ	6.66	6.66	
99	2013-12-10	15.32	15.32	15.32	15.32	0	15.32	300130	新国都	SZ	15.32	15.32	
99	2013-12-10	9.24	9.24	9.24	9.24	3986	9.24	300131	英唐智控	SZ	8.4	8.4	
99	2013-12-10	11.19	11.19	10.2	10.66	16688	10.66	300132	青松股份	SZ	10.97	10.97	
99	2013-12-10	29.52	29.94	28.9	29.47	43181	29.47	300133	华策影视	SZ	29.71	29.71	
99	2013-12-10	12.54	12.87	12.42	12.72	31560	12.72	300134	大富科技	SZ	12.68	12.68	
99	2013-12-10	6.74	7.05	6.69	6.9	144354	6.9	300135	宝利沥青	SZ	6.74	6.74	
99	2013-12-10	17.11	17.56	16.74	16.93	31943	16.93	300136	信维通信	SZ	17	17	
99	2013-12-10	19.07	19.07	18.46	18.54	45128	18.54	300137	先河环保	SZ	18.95	18.95	
99	2013-12-10	8.66	8.78	8.57	8.65	18168	8.65	300138	晨光生物	SZ	8.55	8.55	
99	2013-12-10	26.67	26.9	26.1	26.12	20395	26.12	300139	福星晓程	SZ	26.46	26.46	
99	2013-12-10	20.88	21.34	20.11	21.3	8659	21.3	300140	启源装备	SZ	20.98	20.98	
99	2013-12-10	8.65	8.73	8.59	8.62	8171	8.54	300141	和顺电气	SZ	8.72	8.64	
99	2013-12-10	35	35.69	34.69	35.45	8521	35.45	300142	沃森生物	SZ	35.08	35.08	
99	2013-12-10	9.8	9.8	9.8	9.8	0	9.8	300143	星河生物	SZ	9.8	9.8	
99	2013-12-10	18	18	17.29	17.83	57121	17.77	300144	宋城股份	SZ	16.58	16.52	
99	2013-12-10	31	31.5	30.49	30.78	5081	30.78	300145	南方泵业	SZ	30.78	30.78	
99	2013-12-10	33.22	33.57	32.17	32.5	31953	15.79	300146	汤臣倍健	SZ	33.2	16.13	
99	2013-12-10	19.13	19.39	18.4	18.93	13162	18.93	300147	香雪制药	SZ	19.2	19.2	
99	2013-12-10	22.01	22.88	21.6	22.75	116832	15.13	300148	天舟文化	SZ	22.08	14.69	
99	2013-12-10	10.8	11.92	10.72	11.92	93444	11.92	300149	量子高科	SZ	10.84	10.84	
99	2013-12-10	9.17	9.19	9.04	9.09	19473	9.09	300150	世纪瑞尔	SZ	9.22	9.22	
99	2013-12-10	15.56	15.56	14.8	14.96	8208	14.96	300151	昌红科技	SZ	15.52	15.52	
99	2013-12-10	12.47	12.59	12.17	12.22	78664	12.22	300152	燃控科技	SZ	12.46	12.46	
99	2013-12-10	8.82	8.96	8.82	8.89	8403	8.89	300153	科泰电源	SZ	8.82	8.82	
99	2013-12-10	10.29	10.35	10.1	10.16	13033	10.16	300154	瑞凌股份	SZ	10.29	10.29	
99	2013-12-10	20.36	20.63	20.19	20.36	15609	20.36	300155	安居宝	SZ	20.1	20.1	
99	2013-12-10	12.76	12.8	12.4	12.55	173847	12.55	300156	天立环保	SZ	12.73	12.73	
99	2013-12-10	23.14	23.5	22.65	22.71	23922	22.71	300157	恒泰艾普	SZ	23.14	23.14	
99	2013-12-10	12.68	12.8	12.61	12.66	8080	12.66	300158	振东制药	SZ	12.67	12.67	
99	2013-12-10	36.54	36.94	35.96	36.46	14192	17.85	300159	新研股份	SZ	36.44	17.84	
99	2013-12-10	8.23	8.33	8.13	8.17	20709	8.17	300160	秀强股份	SZ	8.25	8.25	
99	2013-12-10	20.77	21.5	20.42	20.5	9141	20.5	300161	华中数控	SZ	20.88	20.88	
99	2013-12-10	13.62	13.78	13.35	13.6	11563	13.51	300162	雷曼光电	SZ	13.7	13.61	
99	2013-12-10	17.5	17.69	16.8	16.95	27659	16.95	300163	先锋新材	SZ	17.42	17.42	
99	2013-12-10	14.85	14.87	14.45	14.51	21087	14.51	300164	通源石油	SZ	14.73	14.73	
99	2013-12-10	16.01	16.01	16.01	16.01	0	15.94	300165	天瑞仪器	SZ	16.01	15.94	
99	2013-12-10	23.6	23.98	23	23.08	5926	23.08	300166	东方国信	SZ	23.6	23.6	
99	2013-12-10	15.86	15.88	15.41	15.43	8098	15.43	300167	迪威视讯	SZ	15.86	15.86	
99	2013-12-10	26.97	27.55	26.75	27.06	23594	27.06	300168	万达信息	SZ	26.97	26.97	
99	2013-12-10	6.35	6.35	6.35	6.35	0	6.35	300169	天晟新材	SZ	6.35	6.35	
99	2013-12-10	15.2	15.3	15.01	15.28	16978	15.28	300170	汉得信息	SZ	15.18	15.18	
99	2013-12-10	34.75	35.38	34.07	34.18	27552	34.18	300171	东富龙	SZ	34.75	34.75	
99	2013-12-10	20.92	21.06	20.5	20.64	22732	15.78	300172	中电环保	SZ	21.04	16.09	
99	2013-12-10	9.8	9.8	9.36	9.43	10742	9.43	300173	松德股份	SZ	9.68	9.68	
99	2013-12-10	11.53	11.53	11.13	11.53	174353	11.48	300174	元力股份	SZ	10.48	10.44	
99	2013-12-10	4.3	4.31	4.21	4.26	71066	4.26	300175	朗源股份	SZ	4.3	4.3	
99	2013-12-10	10.81	10.95	10.59	10.66	10269	10.66	300176	鸿特精密	SZ	10.89	10.89	
99	2013-12-10	25.8	26.09	24.32	24.55	41205	24.55	300177	中海达	SZ	25.8	25.8	
99	2013-12-10	27.38	27.44	26.55	27.06	15126	27.06	300178	腾邦国际	SZ	27.35	27.35	
99	2013-12-10	7.87	8	7.65	7.91	54394	7.91	300179	四方达	SZ	7.86	7.86	
99	2013-12-10	14.43	14.47	14.13	14.34	15148	14.34	300180	华峰超纤	SZ	14.33	14.33	
99	2013-12-10	10.27	10.37	9.95	10.16	50037	4.46	300181	佐力药业	SZ	10.31	4.53	
99	2013-12-10	38.18	38.19	36.38	37.49	13301	37.49	300182	捷成股份	SZ	37.84	37.84	
99	2013-12-10	32.7	33.58	32.3	32.71	17799	32.71	300183	东软载波	SZ	32.51	32.51	
99	2013-12-10	17.7	17.73	16.72	16.86	23421	11.24	300184	力源信息	SZ	17.68	11.79	
99	2013-12-10	5.32	5.38	5.15	5.28	656233	5.28	300185	通裕重工	SZ	5.39	5.39	
99	2013-12-10	8.34	8.34	8.22	8.26	17099	8.26	300186	大华农	SZ	8.33	8.33	
99	2013-12-10	28.5	28.7	28.09	28.25	13475	28.25	300187	永清环保	SZ	28.67	28.67	
99	2013-12-10	3.39	3.42	3.38	3.4	78206	3.4	301	东方市场	SZ	3.39	3.39	
99	2013-12-10	3.98	4.02	3.96	3.98	76025	3.98	31	中粮地产	SZ	3.99	3.99	
99	2013-12-10	8.86	9.18	8.86	9.13	19518	9.13	32	深桑达Ａ	SZ	8.9	8.9	
99	2013-12-10	4.01	4.17	4	4.11	59493	4.11	33	新都酒店	SZ	4.01	4.01	
99	2013-12-10	21.2	21.44	20.78	20.88	71066	20.88	338	潍柴动力	SZ	21.21	21.21	
99	2013-12-10	4.23	4.65	4.22	4.65	172009	4.65	34	ST深泰	SZ	4.23	4.23	
99	2013-12-10	10.86	11.38	10.74	11.38	35136	11.38	35	*ST科健	SZ	10.84	10.84	
99	2013-12-10	3.03	3.09	3.02	3.07	94725	3.07	36	华联控股	SZ	3.02	3.02	
99	2013-12-10	4.06	4.16	4.05	4.08	17425	4.08	37	深南电Ａ	SZ	4.06	4.06	
99	2013-12-10	15.05	15.12	14.55	14.62	167273	14.62	39	中集集团	SZ	15.06	15.06	
99	2013-12-10	11.4	11.74	11.32	11.57	11012	11.57	4	ST国农	SZ	11.41	11.41	
99	2013-12-10	4.29	4.33	4.26	4.3	51290	4.3	40	深 鸿 基	SZ	4.3	4.3	
99	2013-12-10	31.08	31.14	29.77	30.07	86418	30.07	400	许继电气	SZ	31.08	31.08	
99	2013-12-10	9.76	10.2	9.76	10.11	138703	10.11	401	冀东水泥	SZ	9.79	9.79	
99	2013-12-10	5.18	5.21	5.16	5.19	128117	5.19	402	金 融 街	SZ	5.18	5.18	
