244	2013-05-20	12.8	13.44	12.74	13.11	1403159	8.09	1	深发展Ａ	SZ	12.74	7.86	
244	2013-05-20	2.97	2.97	2.92	2.94	1402745	2.88	100	TCL 集团	SZ	2.97	2.91	
244	2013-05-20	8.25	8.52	8.2	8.3	145027	8.3	11	深物业A	SZ	8.28	8.28	
244	2013-05-20	9.28	9.39	9.05	9.2	440993	8.77	12	南 玻Ａ	SZ	9.31	8.87	
244	2013-05-20	9.79	9.79	9.55	9.66	135826	9.64	14	沙河股份	SZ	9.82	9.79	
244	2013-05-20	5.08	5.35	5.02	5.25	77757	5.25	150	宜华地产	SZ	5.11	5.11	
244	2013-05-20	8.47	8.57	8.38	8.55	37290	8.49	151	中成股份	SZ	8.47	8.41	
244	2013-05-20	8.95	9	8.66	8.81	102149	8.72	153	丰原药业	SZ	8.94	8.85	
244	2013-05-20	4.63	4.8	4.63	4.68	24365	4.68	155	川化股份	SZ	4.64	4.64	
244	2013-05-20	7.45	7.5	7.4	7.47	502769	7.21	157	中联重科	SZ	7.42	7.16	
244	2013-05-20	4.03	4.15	4.03	4.08	34943	4.08	158	常山股份	SZ	4.04	4.04	
244	2013-05-20	6.58	6.6	6.45	6.49	58141	6.43	159	国际实业	SZ	6.44	6.38	
244	2013-05-20	3.41	3.45	3.35	3.44	118948	3.43	16	深康佳Ａ	SZ	3.4	3.39	
244	2013-05-20	5.1	5.18	5.07	5.13	75436	5.08	1696	宗申动力	SZ	5.11	5.06	
244	2013-05-20	8.48	8.85	8.46	8.85	12328	8.85	18	ST中冠A	SZ	8.43	8.43	
244	2013-05-20	4.45	4.5	4.45	4.48	21818	4.48	1896	*ST豫能	SZ	4.47	4.47	
244	2013-05-20	8.25	8.36	8.13	8.26	26232	8.05	19	深深宝Ａ	SZ	8.24	8.03	
244	2013-05-20	12.2	12.45	11.9	11.93	1262904	11.38	2	万 科Ａ	SZ	12.16	11.59	
244	2013-05-20	6.52	6.58	6.42	6.5	17318	6.5	20	深华发Ａ	SZ	6.46	6.46	
244	2013-05-20	17.76	17.76	17.5	17.69	49459	17.69	2001	新 和 成	SZ	17.76	17.76	
244	2013-05-20	10.72	10.82	10.45	10.69	18020	10.69	2002	ST琼花	SZ	10.72	10.72	
244	2013-05-20	11.93	12.16	11.93	12.05	13353	8.7	2003	伟星股份	SZ	11.96	8.63	
244	2013-05-20	14	14.04	13.68	13.85	77847	13.58	2004	华邦制药	SZ	13.99	13.71	
244	2013-05-20	10.72	11.46	10.55	11.38	1163631	11.38	2005	德豪润达	SZ	10.42	10.42	
244	2013-05-20	8.54	8.83	8.41	8.74	162979	8.74	2006	精功科技	SZ	8.54	8.54	
244	2013-05-20	25.22	25.25	24.46	24.81	76025	24.72	2007	华兰生物	SZ	25.2	25.11	
244	2013-05-20	13.2	13.42	12.74	13.42	905010	13.25	2008	大族激光	SZ	12.2	12.04	
244	2013-05-20	8.93	9.18	8.92	9.16	91347	9.16	2009	天奇股份	SZ	8.94	8.94	
244	2013-05-20	9.32	9.5	9.32	9.43	27727	9.32	2010	传化股份	SZ	9.34	9.23	
244	2013-05-20	9.25	9.5	9.21	9.48	87474	9.48	2011	盾安环境	SZ	9.25	9.25	
244	2013-05-20	6.09	6.38	6.09	6.25	150316	6.22	2012	凯恩股份	SZ	6.08	6.05	
244	2013-05-20	14.95	15.56	14.91	15.47	86300	15.42	2013	中航精机	SZ	14.8	14.75	
244	2013-05-20	10.29	10.53	10.22	10.43	34548	10.1	2014	永新股份	SZ	10.23	9.9	
244	2013-05-20	6.58	6.75	6.56	6.73	47292	6.73	2015	霞客环保	SZ	6.58	6.58	
244	2013-05-20	7.78	7.89	7.6	7.8	174716	7.8	2016	世荣兆业	SZ	7.75	7.75	
244	2013-05-20	10.99	11.48	10.98	11.48	77055	11.48	2017	东信和平	SZ	11	11	
244	2013-05-20	8.14	8.15	7.34	7.82	363424	7.81	2018	华星化工	SZ	8.15	8.14	
244	2013-05-20	11.43	11.43	10.79	11.03	128569	5.46	2020	京新药业	SZ	11.44	5.66	
244	2013-05-20	4.78	4.85	4.76	4.84	126864	4.82	2021	中捷股份	SZ	4.8	4.78	
244	2013-05-20	16.73	16.73	15.6	16	158472	15.85	2022	科华生物	SZ	16.75	16.59	
244	2013-05-20	13.6	13.79	13.39	13.43	75185	13.34	2023	海特高新	SZ	13.63	13.54	
244	2013-05-20	6.14	6.24	6.13	6.15	661482	6.11	2024	苏宁电器	SZ	6.08	6.04	
244	2013-05-20	12.83	13.03	12.7	12.9	73612	12.74	2025	航天电器	SZ	12.74	12.58	
244	2013-05-20	6.21	6.27	6.19	6.21	12105	6.17	2026	山东威达	SZ	6.19	6.15	
244	2013-05-20	4.08	4.17	4.07	4.13	24274	4.13	2027	七喜控股	SZ	4.07	4.07	
244	2013-05-20	18.68	19.96	18.6	19.9	120410	19.8	2028	思源电气	SZ	18.7	18.61	
244	2013-05-20	10.06	10.25	10.01	10.05	165750	6.64	2029	七 匹 狼	SZ	9.98	6.59	
244	2013-05-20	10.5	10.59	10.18	10.47	395183	9.51	2030	达安基因	SZ	10.67	9.69	
244	2013-05-20	7.71	7.75	7.56	7.67	121070	7.61	2031	巨轮股份	SZ	7.67	7.61	
244	2013-05-20	13.15	13.78	13.01	13.65	38821	13.65	2032	苏 泊 尔	SZ	13.1	13.1	
244	2013-05-20	13.2	13.29	13.08	13.24	32660	13.13	2033	丽江旅游	SZ	13.1	12.99	
244	2013-05-20	10.65	10.84	10.65	10.73	10969	10.48	2034	美 欣 达	SZ	10.74	10.49	
244	2013-05-20	13.14	13.73	12.82	13.63	99932	11.2	2035	华帝股份	SZ	13.04	10.72	
244	2013-05-20	8.45	8.67	8.44	8.59	25718	8.53	2036	宜科科技	SZ	8.44	8.38	
244	2013-05-20	13.44	14.03	13.38	13.79	75111	8.5	2037	久联发展	SZ	13.51	8.33	
244	2013-05-20	55	55.01	50.12	52.9	84402	43.91	2038	双鹭药业	SZ	55.68	46.22	
244	2013-05-20	13.7	14.02	13.66	13.9	22982	13.78	2039	黔源电力	SZ	13.68	13.57	
244	2013-05-20	5.16	5.21	5.14	5.2	8782	5.2	2040	南 京 港	SZ	5.18	5.15	
244	2013-05-20	23.98	24.73	23.86	24.28	101374	24.19	2041	登海种业	SZ	23.91	23.82	
244	2013-05-20	4.65	4.86	4.64	4.85	104726	4.85	2042	华孚色纺	SZ	4.66	4.66	
244	2013-05-20	4.14	4.18	4.13	4.17	100999	4.14	2043	兔 宝 宝	SZ	4.12	4.09	
244	2013-05-20	7.6	7.8	7.33	7.8	123949	7.8	2044	江苏三友	SZ	7.62	7.62	
244	2013-05-20	5.03	5.1	4.94	5.07	217786	4.93	2045	广州国光	SZ	5.04	4.9	
244	2013-05-20	8.03	8.14	8	8.14	41384	8.09	2046	轴研科技	SZ	8.03	7.98	
244	2013-05-20	9.03	9.16	8.9	9.12	108795	9.07	2048	宁波华翔	SZ	9.03	8.98	
244	2013-05-20	31.41	32.2	30.78	31.81	41258	31.71	2049	晶源电子	SZ	31.35	31.25	
244	2013-05-20	13	13.08	11.57	11.71	422048	11.71	2050	三花股份	SZ	12.56	12.56	
244	2013-05-20	28.93	30.5	28.9	30.05	45760	29.77	2051	中工国际	SZ	28.91	28.64	
244	2013-05-20	9.64	10.12	9.61	9.88	396630	4.88	2052	同洲电子	SZ	9.56	4.73	
244	2013-05-20	7.25	7.36	7.2	7.34	23672	7.34	2053	云南盐化	SZ	7.25	7.25	
244	2013-05-20	7.45	7.63	7.35	7.49	58953	7.37	2054	德美化工	SZ	7.41	7.29	
244	2013-05-20	12.57	13.28	12.07	12.2	250030	12.15	2055	得润电子	SZ	12.3	12.25	
244	2013-05-20	14.93	15.8	14.93	15.75	164651	15.75	2056	横店东磁	SZ	14.79	14.79	
244	2013-05-20	13.64	14.5	13.55	13.98	35040	13.98	2057	中钢天源	SZ	13.75	13.75	
244	2013-05-20	5.98	6.03	5.97	6.02	16027	5.2	2058	威 尔 泰	SZ	5.96	5.15	
244	2013-05-20	8.1	8.21	8.1	8.16	15306	8.12	2059	云南旅游	SZ	8.12	8.08	
244	2013-05-20	4.33	4.38	4.33	4.38	63376	3.64	2060	粤 水 电	SZ	4.33	3.6	
244	2013-05-20	6.65	6.69	6.61	6.66	57038	6.66	2061	江山化工	SZ	6.65	6.65	
244	2013-05-20	5.18	5.28	5.12	5.2	108461	3.71	2062	宏润建设	SZ	5.11	3.65	
244	2013-05-20	16.6	16.98	16.19	16.68	94816	16.48	2063	远光软件	SZ	16.38	16.18	
244	2013-05-20	7.8	7.95	7.72	7.81	108964	7.71	2064	华峰氨纶	SZ	7.8	7.7	
244	2013-05-20	21.86	23.19	21.86	22.63	89892	22.43	2065	东华软件	SZ	21.6	21.41	
244	2013-05-20	5.07	5.08	4.96	5.01	31590	4.96	2066	瑞泰科技	SZ	4.95	4.9	
244	2013-05-20	2.42	2.48	2.41	2.45	270470	2.45	2067	景兴纸业	SZ	2.42	2.42	
244	2013-05-20	5.68	5.87	5.66	5.87	88676	5.75	2068	黑猫股份	SZ	5.68	5.56	
244	2013-05-20	13.78	14.85	13.78	14.66	96525	14.32	2069	獐 子 岛	SZ	13.9	13.58	
244	2013-05-20	6.98	7.22	6.84	7.11	177891	5.47	2070	众和股份	SZ	6.95	5.35	
244	2013-05-20	7.08	7.13	6.9	7.1	28020	7.1	2072	*ST德棉	SZ	7.1	7.1	
244	2013-05-20	9.76	9.98	9.66	9.69	206472	9.69	2073	软控股份	SZ	9.68	9.68	
244	2013-05-20	5.64	5.75	5.62	5.67	92863	5.65	2074	东源电器	SZ	5.6	5.58	
244	2013-05-20	7.97	8.17	7.9	8.16	87292	7.98	2076	雪 莱 特	SZ	7.97	7.79	
244	2013-05-20	5.95	6.06	5.93	6.01	26595	5.97	2077	大港股份	SZ	5.94	5.9	
244	2013-05-20	5.15	5.25	5.11	5.22	57152	5.11	2078	太阳纸业	SZ	5.15	5.05	
244	2013-05-20	4.49	4.75	4.42	4.64	216755	4.63	2079	苏州固锝	SZ	4.49	4.48	
244	2013-05-20	13.2	13.59	13.08	13.26	45133	13.05	2080	中材科技	SZ	13.18	12.97	
244	2013-05-20	28.74	30.55	28.74	30.01	207885	19.89	2081	金 螳 螂	SZ	28.5	18.89	
244	2013-05-20	6.66	6.73	6.65	6.7	22602	6.61	2082	栋梁新材	SZ	6.65	6.57	
244	2013-05-20	4.05	4.09	4.02	4.09	114825	4.09	2083	孚日股份	SZ	4.04	4.04	
244	2013-05-20	5.78	5.91	5.73	5.85	117543	5.25	2084	海鸥卫浴	SZ	5.77	5.17	
244	2013-05-20	9.37	9.45	9.25	9.29	33974	9.01	2085	万丰奥威	SZ	9.25	8.97	
244	2013-05-20	10.16	10.35	10.06	10.34	80300	10.34	2086	东方海洋	SZ	10.07	10.07	
244	2013-05-20	3.62	3.65	3.61	3.63	61703	3.63	2087	新野纺织	SZ	3.61	3.61	
244	2013-05-20	8.43	8.57	8.39	8.56	21811	8.45	2088	鲁阳股份	SZ	8.42	8.31	
244	2013-05-20	6.93	7.05	6.81	6.92	129959	6.88	2089	新 海 宜	SZ	6.81	6.78	
244	2013-05-20	8.22	8.42	8.17	8.29	40334	8.2	2090	金智科技	SZ	8.24	8.15	
244	2013-05-20	17.75	18.77	17.62	18.65	227101	18.65	2091	江苏国泰	SZ	17.95	17.95	
244	2013-05-20	7.08	7.16	7.05	7.1	113437	7.02	2092	中泰化学	SZ	7.08	7	
244	2013-05-20	5.54	5.78	5.41	5.65	274299	5.64	2093	国脉科技	SZ	5.4	5.39	
244	2013-05-20	8.97	9.36	8.96	9.31	82030	9.31	2094	青岛金王	SZ	8.97	8.97	
244	2013-05-20	17	18.9	16.97	17.96	91886	17.88	2095	生 意 宝	SZ	17.29	17.21	
244	2013-05-20	14.15	15.5	14.15	15.23	116766	15.17	2096	南岭民爆	SZ	14.15	14.1	
244	2013-05-20	7.16	7.25	7.09	7.21	58360	7.18	2097	山河智能	SZ	7.09	7.06	
244	2013-05-20	7.19	7.35	7.16	7.26	19774	7.16	2098	浔兴股份	SZ	7.18	7.08	
244	2013-05-20	6.24	6.3	6.15	6.28	71991	6.28	2099	海翔药业	SZ	6.24	6.24	
244	2013-05-20	5.12	5.38	5.04	5.24	425553	5.22	21	长城开发	SZ	5.12	5.1	
244	2013-05-20	8.74	8.89	8.62	8.86	100020	6.78	2100	天康生物	SZ	8.71	6.66	
244	2013-05-20	8.79	9.2	8.79	9.14	25178	9.14	2101	广东鸿图	SZ	8.79	8.79	
244	2013-05-20	5.5	5.61	5.48	5.58	56684	5.58	2102	冠福家用	SZ	5.52	5.52	
244	2013-05-20	5.75	5.86	5.74	5.85	23752	5.8	2103	广博股份	SZ	5.76	5.71	
244	2013-05-20	12.25	12.35	11.98	12.09	115249	12	2104	恒宝股份	SZ	12.23	12.14	
244	2013-05-20	4.72	4.79	4.71	4.76	10538	4.67	2105	信隆实业	SZ	4.71	4.62	
244	2013-05-20	21.93	22.35	21.64	22.06	140015	21.92	2106	莱宝高科	SZ	22.06	21.92	
244	2013-05-20	11.32	11.34	11.05	11.18	15232	11.18	2107	沃华医药	SZ	11.21	11.21	
244	2013-05-20	9.61	9.87	9.58	9.66	69485	9.66	2108	沧州明珠	SZ	9.65	9.65	
244	2013-05-20	6.15	6.27	6.14	6.24	44822	6.15	2109	兴化股份	SZ	6.15	6.06	
244	2013-05-20	5.36	5.53	5.35	5.39	46986	5.39	2110	三钢闽光	SZ	5.35	5.35	
244	2013-05-20	9.07	9.37	9.07	9.3	82280	9.21	2111	威海广泰	SZ	9.13	9.04	
244	2013-05-20	5.15	5.29	5.14	5.29	45907	2.93	2112	三变科技	SZ	5.12	2.84	
244	2013-05-20	7.83	8.03	7.83	8	22625	8	2113	ST天润	SZ	7.85	7.85	
244	2013-05-20	10.14	10.39	10.13	10.17	92215	10.17	2114	罗平锌电	SZ	10.08	10.08	
244	2013-05-20	6.76	6.82	6.56	6.67	272495	5.48	2115	三维通信	SZ	6.53	5.37	
244	2013-05-20	13.58	14.24	13.55	13.82	39115	13.57	2116	中国海诚	SZ	13.57	13.33	
244	2013-05-20	6.38	6.57	6.3	6.5	82174	5.35	2117	东港股份	SZ	6.36	5.23	
244	2013-05-20	9.22	9.25	9.02	9.11	135917	9.11	2118	紫鑫药业	SZ	9.21	9.21	
244	2013-05-20	7.1	7.19	7.06	7.18	57421	7.14	2119	康强电子	SZ	7.11	7.07	
244	2013-05-20	8.28	8.28	8.11	8.12	31137	8.03	2120	新海股份	SZ	8.05	7.96	
244	2013-05-20	7.4	7.62	7.35	7.54	76364	7.5	2121	科陆电子	SZ	7.31	7.27	
244	2013-05-20	5.11	5.15	5.08	5.13	47352	5.04	2122	天马股份	SZ	5.11	5.02	
244	2013-05-20	9.34	9.62	9.27	9.48	118500	9.48	2123	荣信股份	SZ	9.35	9.35	
244	2013-05-20	7.33	7.42	7.28	7.31	22255	7.23	2124	天邦股份	SZ	7.32	7.24	
244	2013-05-20	7.69	7.81	7.63	7.78	20076	7.78	2125	湘潭电化	SZ	7.7	7.7	
244	2013-05-20	6.48	6.78	6.48	6.73	84314	6.7	2126	银轮股份	SZ	6.48	6.45	
244	2013-05-20	3.65	3.69	3.62	3.68	34530	3.68	2127	新民科技	SZ	3.65	3.65	
244	2013-05-20	12.05	12.06	11.84	11.93	41870	11.75	2128	露天煤业	SZ	12.04	11.86	
244	2013-05-20	14.65	16.01	14.57	16.01	140361	16.01	2129	中环股份	SZ	14.55	14.55	
244	2013-05-20	6.8	6.95	6.75	6.92	107926	5.27	2130	沃尔核材	SZ	6.75	5.14	
244	2013-05-20	9.68	9.84	9.6	9.67	41211	9.62	2131	利欧股份	SZ	9.69	9.64	
244	2013-05-20	4.39	4.47	4.36	4.46	44867	4.41	2132	恒星科技	SZ	4.39	4.34	
244	2013-05-20	4.52	4.6	4.46	4.54	142541	4.37	2133	广宇集团	SZ	4.48	4.31	
244	2013-05-20	5.55	5.87	5.51	5.82	59957	5.82	2134	天津普林	SZ	5.55	5.55	
244	2013-05-20	4.16	4.22	4.16	4.22	79324	4.22	2135	东南网架	SZ	4.16	4.16	
244	2013-05-20	8.78	9.04	8.68	8.98	128470	8.98	2136	安 纳 达	SZ	8.83	8.83	
244	2013-05-20	4.84	4.93	4.69	4.89	385196	4.89	2137	实 益 达	SZ	4.48	4.48	
244	2013-05-20	18.45	19.42	18.32	18.42	74732	18.42	2138	顺络电子	SZ	18.45	18.45	
244	2013-05-20	7.29	7.3	7.01	7.25	200982	7.25	2139	拓邦股份	SZ	7.34	7.21	
244	2013-05-20	29.52	30.5	29.52	30.17	63508	30.12	2140	东华科技	SZ	29.43	29.38	
244	2013-05-20	5.44	5.73	5.44	5.59	36214	5.59	2141	蓉胜超微	SZ	5.45	5.45	
244	2013-05-20	10.59	10.84	10.51	10.63	265123	10.36	2142	宁波银行	SZ	10.56	10.3	
244	2013-05-20	5.24	5.28	5.17	5.28	22065	5.28	2143	高金食品	SZ	5.23	5.23	
244	2013-05-20	17	17.48	16.85	17.35	38815	17.22	2144	宏达高科	SZ	16.91	16.78	
244	2013-05-20	11.1	11.4	10.93	11.27	69207	11.27	2145	*ST钛白	SZ	11.18	11.18	
244	2013-05-20	15.16	15.83	14.91	14.95	239621	14.83	2146	荣盛发展	SZ	14.97	14.85	
244	2013-05-20	5.35	5.44	5.34	5.41	23958	5.41	2147	方圆支承	SZ	5.35	5.35	
244	2013-05-20	11.78	12.98	11.78	12.98	262241	6.45	2148	北纬通信	SZ	11.8	5.86	
244	2013-05-20	12.35	12.55	12.23	12.47	35175	12.42	2149	西部材料	SZ	12.3	12.25	
244	2013-05-20	5.63	5.63	5.52	5.56	18922	5.45	2150	江苏通润	SZ	5.58	5.47	
244	2013-05-20	35.5	36.38	35.38	35.91	80345	35.91	2151	北斗星通	SZ	35.14	35.14	
244	2013-05-20	13.16	13.55	12.93	13.55	109474	13.55	2152	广电运通	SZ	13.39	10.93	
244	2013-05-20	22.59	23.45	22.5	23.14	15473	23.05	2153	石基信息	SZ	22.59	22.5	
244	2013-05-20	7.28	7.49	7.27	7.38	135245	7.2	2154	报 喜 鸟	SZ	7.28	7.1	
244	2013-05-20	11.46	11.75	11.36	11.72	157240	8.95	2155	辰州矿业	SZ	11.51	8.78	
244	2013-05-20	4.65	4.93	4.65	4.82	140350	4.8	2156	通富微电	SZ	4.65	4.63	
244	2013-05-20	7.19	7.33	7.13	7.26	76656	7.21	2157	正邦科技	SZ	7.19	7.14	
244	2013-05-20	11.3	11.61	11.24	11.52	32573	10.28	2158	汉钟精机	SZ	11.26	10.06	
244	2013-05-20	16.61	17.01	16.53	16.96	10856	16.86	2159	三特索道	SZ	16.61	16.51	
244	2013-05-20	8	8.36	8	8.36	283785	8.32	2161	远 望 谷	SZ	7.99	7.95	
244	2013-05-20	5.27	5.31	5.22	5.27	48792	5.27	2162	斯 米 克	SZ	5.26	5.26	
244	2013-05-20	5.2	5.38	5.13	5.32	353837	5.32	2163	中航三鑫	SZ	5.16	5.16	
244	2013-05-20	4.11	4.19	4.09	4.15	64741	4.15	2164	东力传动	SZ	4.14	4.14	
244	2013-05-20	6.7	6.75	6.58	6.67	110465	6.57	2165	红 宝 丽	SZ	6.67	6.57	
244	2013-05-20	15.82	15.85	15.42	15.76	78539	15.76	2166	莱茵生物	SZ	15.89	15.89	
244	2013-05-20	12.74	13.11	12.65	13	135766	13	2167	东方锆业	SZ	12.64	12.64	
244	2013-05-20	9.04	9.35	8.85	9.27	179140	9.27	2168	深圳惠程	SZ	9.01	9.01	
244	2013-05-20	4.85	5.04	4.82	5.01	66070	5.01	2169	智光电气	SZ	4.94	4.94	
244	2013-05-20	5.91	6.06	5.84	6.01	132602	6.01	2170	芭田股份	SZ	5.91	5.91	
244	2013-05-20	7.98	8.04	7.89	7.99	49483	7.99	2171	精诚铜业	SZ	8	8	
244	2013-05-20	4.91	5.02	4.86	4.96	75264	4.96	2172	澳洋科技	SZ	4.91	4.91	
244	2013-05-20	16.16	16.68	16.11	16.5	20112	16.49	2174	梅 花 伞	SZ	16.15	16.14	
244	2013-05-20	10.21	10.36	10.12	10.29	14241	10.29	2175	广陆数测	SZ	10.2	10.2	
244	2013-05-20	10.03	10.38	9.9	10.31	143055	10.3	2176	江特电机	SZ	10.1	10.09	
244	2013-05-20	3.93	4.02	3.93	3.99	117984	3.06	2177	御银股份	SZ	3.93	3.02	
244	2013-05-20	12.37	12.67	12.3	12.63	56169	12.63	2178	延华智能	SZ	12.37	12.37	
244	2013-05-20	14.72	15.28	14.72	15.14	83513	15.04	2179	中航光电	SZ	14.69	14.59	
244	2013-05-20	9.92	10.14	9.83	10.07	20421	10.02	2180	万 力 达	SZ	9.89	9.85	
244	2013-05-20	8.9	9.05	8.77	9	80200	8.91	2181	粤 传 媒	SZ	8.92	8.83	
244	2013-05-20	8.98	9.15	8.93	9.09	57827	9.03	2182	云海金属	SZ	9.04	8.98	
244	2013-05-20	6.07	6.25	6.07	6.12	93796	6.08	2183	怡 亚 通	SZ	6.1	6.06	
244	2013-05-20	5.53	5.61	5.45	5.57	14679	5.52	2184	海得控制	SZ	5.53	5.48	
244	2013-05-20	7.25	7.66	7.22	7.6	321503	7.56	2185	华天科技	SZ	7.26	7.22	
244	2013-05-20	16.05	16.25	15.9	16.2	17992	7.89	2186	全 聚 德	SZ	15.89	7.74	
244	2013-05-20	7.46	7.65	7.45	7.6	44090	7.6	2187	广百股份	SZ	7.46	7.46	
244	2013-05-20	8.17	8.59	8.11	8.45	41302	8.45	2188	新 嘉 联	SZ	8.18	8.18	
244	2013-05-20	8.13	8.41	8	8.31	58010	8.29	2189	利达光电	SZ	8.23	8.21	
244	2013-05-20	15	15.48	14.66	15.42	140308	15.34	2190	成飞集成	SZ	15.27	15.19	
244	2013-05-20	8.63	8.74	8.57	8.64	80101	8.64	2191	劲嘉股份	SZ	8.64	8.64	
244	2013-05-20	18.13	18.7	17.92	18.69	30992	18.69	2192	路翔股份	SZ	18.1	18.1	
244	2013-05-20	8.86	9.03	8.8	9.03	46774	9.03	2193	山东如意	SZ	8.83	8.83	
244	2013-05-20	7.8	8.1	7.75	7.92	115985	7.77	2194	武汉凡谷	SZ	7.82	7.67	
244	2013-05-20	11.19	11.61	11.19	11.58	31069	11.47	2195	海隆软件	SZ	11.17	11.06	
244	2013-05-20	10.34	10.7	10.34	10.66	22216	10.44	2196	方正电机	SZ	10.31	10.1	
244	2013-05-20	8.03	8.18	7.98	8.18	35288	8.13	2197	证通电子	SZ	7.98	7.93	
244	2013-05-20	4.91	4.91	4.8	4.9	32430	2.43	2198	嘉应制药	SZ	4.89	2.43	
244	2013-05-20	7	7.75	6.9	7.44	265593	7.44	2199	东晶电子	SZ	7.27	7.27	
244	2013-05-20	13.5	13.53	13.34	13.44	32291	13.06	22	深赤湾Ａ	SZ	13.47	13.09	
244	2013-05-20	13.48	13.73	13.28	13.5	14532	13.5	2200	绿 大 地	SZ	13.48	13.48	
244	2013-05-20	6.86	6.97	6.83	6.92	19363	6.92	2201	九鼎新材	SZ	6.9	6.9	
244	2013-05-20	6.25	6.86	6.17	6.75	857979	6.69	2202	金风科技	SZ	6.24	6.19	
244	2013-05-20	7.76	7.84	7.69	7.79	61626	7.69	2203	海亮股份	SZ	7.78	7.68	
244	2013-05-20	7.6	7.77	7.6	7.75	25650	5.12	2204	华锐铸钢	SZ	7.61	5.02	
244	2013-05-20	12.65	13.28	12.55	13	26154	12.95	2205	国统股份	SZ	12.56	12.51	
244	2013-05-20	5.74	5.92	5.69	5.92	67100	5.6	2206	海 利 得	SZ	5.71	5.4	
244	2013-05-20	15	15.65	14.88	15.63	28264	15.63	2207	准油股份	SZ	15.15	15.15	
244	2013-05-20	6.2	6.2	6.1	6.15	31011	6.02	2208	合肥城建	SZ	6.16	6.03	
244	2013-05-20	6.35	6.52	6.33	6.48	49790	6.45	2209	达 意 隆	SZ	6.32	6.29	
244	2013-05-20	6.1	6.46	6.1	6.35	59284	6.31	2210	飞马国际	SZ	6.12	6.09	
244	2013-05-20	5.01	5.33	5.01	5.24	84635	5.24	2211	宏达新材	SZ	5.01	5.01	
244	2013-05-20	4.89	4.96	4.86	4.88	82261	4.81	2212	南洋股份	SZ	4.87	4.8	
244	2013-05-20	6.38	6.45	6.35	6.43	15457	6.39	2213	特 尔 佳	SZ	6.35	6.31	
244	2013-05-20	9.17	9.32	8.98	9.19	62523	4.54	2214	大立科技	SZ	9.15	4.52	
244	2013-05-20	7.27	7.71	7.25	7.65	137174	5.04	2215	诺 普 信	SZ	7.26	4.78	
244	2013-05-20	16.58	16.77	16.37	16.59	34825	16.59	2216	三全食品	SZ	16.68	16.68	
244	2013-05-20	4.61	4.68	4.59	4.66	35940	4.66	2217	联合化工	SZ	4.61	4.61	
244	2013-05-20	6.28	6.55	6.22	6.49	109862	6.49	2218	拓日新能	SZ	6.29	6.29	
244	2013-05-20	13.29	13.49	12.51	12.99	119726	9.26	2219	独 一 味	SZ	13.27	9.46	
244	2013-05-20	7.94	7.95	7.78	7.95	31009	7.95	2220	天宝股份	SZ	7.95	7.95	
244	2013-05-20	13.78	13.9	13.65	13.88	83954	13.86	2221	东华能源	SZ	13.8	13.78	
244	2013-05-20	7.39	7.42	7.22	7.3	82479	7.21	2222	福晶科技	SZ	7.22	7.13	
244	2013-05-20	18	18.27	17.45	18.12	44821	18.04	2223	鱼跃医疗	SZ	17.93	17.85	
244	2013-05-20	9.8	9.87	9.62	9.87	36385	6.58	2224	三 力 士	SZ	9.86	6.57	
244	2013-05-20	6.57	6.69	6.53	6.68	76480	6.68	2225	濮耐股份	SZ	6.54	6.54	
244	2013-05-20	11.48	11.92	11.48	11.81	70618	11.81	2226	江南化工	SZ	11.5	11.5	
244	2013-05-20	20.28	21.09	20.1	20.98	18002	20.89	2227	奥 特 迅	SZ	20.26	20.17	
244	2013-05-20	5.85	6.06	5.85	6.04	50957	5.94	2228	合兴包装	SZ	5.83	5.74	
244	2013-05-20	6.1	6.71	6.09	6.71	92869	6.66	2229	鸿博股份	SZ	6.1	6.06	
244	2013-05-20	39	40.19	38.22	39.7	162434	23.16	2230	科大讯飞	SZ	39.15	22.83	
244	2013-05-20	6.59	6.68	6.42	6.51	106130	6.51	2231	奥维通信	SZ	6.4	6.4	
244	2013-05-20	6.98	7.13	6.9	6.99	69291	6.98	2232	启明信息	SZ	6.75	6.74	
244	2013-05-20	7.5	7.52	7.42	7.46	84809	7.46	2233	塔牌集团	SZ	7.43	7.43	
244	2013-05-20	10.42	10.83	10.41	10.49	94566	10.49	2234	民和股份	SZ	10.41	10.41	
244	2013-05-20	6.97	7.35	6.88	7.23	43738	7	2235	安妮股份	SZ	6.91	6.69	
244	2013-05-20	39.86	40.5	39.47	40.5	76677	40.5	2236	大华股份	SZ	39.87	39.87	
244	2013-05-20	17.1	17.58	16.95	17.46	108396	17.46	2237	恒邦股份	SZ	17.22	17.22	
244	2013-05-20	13.38	13.85	13.21	13.26	92763	13.16	2238	天威视讯	SZ	13.3	13.2	
244	2013-05-20	10.4	10.55	10.38	10.53	55879	10.51	2239	金 飞 达	SZ	10.4	10.38	
244	2013-05-20	36.1	36.56	34.93	36.03	102232	19.95	2241	歌尔声学	SZ	35.94	19.9	
244	2013-05-20	7.21	7.31	7.15	7.28	42542	6.53	2242	九阳股份	SZ	7.18	6.44	
244	2013-05-20	8.31	8.44	8.27	8.3	102586	8.3	2243	通产丽星	SZ	8.35	8.35	
244	2013-05-20	9.46	9.68	9.18	9.22	204244	9.14	2244	滨江集团	SZ	9.38	9.3	
244	2013-05-20	5.6	5.68	5.56	5.65	58179	5.61	2245	澳洋顺昌	SZ	5.57	5.53	
244	2013-05-20	8.65	8.95	8.65	8.85	11066	8.82	2246	北化股份	SZ	8.68	8.65	
244	2013-05-20	6.98	7.03	6.83	6.99	26896	3.42	2247	帝龙新材	SZ	6.98	3.41	
244	2013-05-20	8.08	8.2	7.98	8.16	49965	8.16	2248	华东数控	SZ	8.11	8.11	
244	2013-05-20	8.65	9.35	8.64	9.33	117335	9.21	2249	大洋电机	SZ	8.62	8.51	
244	2013-05-20	23.2	23.2	22.65	22.66	36072	22.57	2250	联化科技	SZ	23.2	23.11	
244	2013-05-20	13.11	13.52	13.11	13.37	31028	6.97	2251	步 步 高	SZ	13.07	6.81	
244	2013-05-20	18.55	19.17	18.2	18.95	59947	18.95	2253	川大智胜	SZ	18.43	18.43	
244	2013-05-20	7.99	8.08	7.83	8.06	93294	8.06	2254	烟台氨纶	SZ	7.98	7.98	
244	2013-05-20	18.35	19.35	18.35	19.19	105970	19.1	2255	海陆重工	SZ	18.32	18.23	
244	2013-05-20	5.32	5.65	5.29	5.51	126307	5.49	2256	彩虹精化	SZ	5.28	5.26	
244	2013-05-20	15.7	16.27	15.51	16.09	43576	16.09	2258	利尔化学	SZ	15.63	15.63	
244	2013-05-20	3.67	3.74	3.65	3.71	132211	3.71	2259	升达林业	SZ	3.68	3.68	
244	2013-05-20	8.06	8.23	7.9	8.17	29140	8.17	2260	伊 立 浦	SZ	8.08	8.08	
244	2013-05-20	10.49	11.05	10.49	10.92	219715	10.9	2261	拓维信息	SZ	10.49	10.47	
244	2013-05-20	26.38	26.38	24.4	25.3	26088	20.19	2262	恩华药业	SZ	26.39	21.05	
244	2013-05-20	4.57	4.64	4.55	4.63	73332	3.86	2263	大 东 南	SZ	4.59	3.83	
244	2013-05-20	5.62	6.18	5.62	6.18	141239	6.13	2264	新 华 都	SZ	5.62	5.57	
244	2013-05-20	6.32	6.44	6.28	6.36	19815	6.36	2265	西仪股份	SZ	6.32	6.32	
244	2013-05-20	5.4	5.63	5.38	5.61	294027	2.78	2266	浙富股份	SZ	5.43	2.68	
244	2013-05-20	10.81	11.25	10.7	11.16	147571	10.96	2267	陕天然气	SZ	10.81	10.62	
244	2013-05-20	14.31	14.78	14.18	14.25	56616	14.24	2268	卫 士 通	SZ	14.28	14.27	
244	2013-05-20	10.33	11.26	10.3	10.88	110323	10.88	2269	美邦服饰	SZ	10.26	10.26	
244	2013-05-20	6.3	6.56	6.3	6.49	61040	6.4	2270	法因数控	SZ	6.33	6.25	
244	2013-05-20	18.3	18.5	17.93	18.27	77377	17.97	2271	东方雨虹	SZ	18.15	17.85	
244	2013-05-20	5.42	5.56	5.42	5.56	143257	5.55	2272	川润股份	SZ	5.52	5.51	
244	2013-05-20	23.81	24.33	23.1	24.21	167705	16.03	2273	水晶光电	SZ	24.01	15.89	
244	2013-05-20	6.38	6.49	6.34	6.48	27090	6.48	2274	华昌化工	SZ	6.35	6.35	
244	2013-05-20	16.61	16.7	15.93	16.19	30912	15.66	2275	桂林三金	SZ	16.63	16.09	
244	2013-05-20	5.12	5.25	5.1	5.16	62265	5.16	2276	万马电缆	SZ	5.14	5.14	
244	2013-05-20	9.42	9.66	9.41	9.61	107112	9.61	2277	友阿股份	SZ	9.41	9.41	
244	2013-05-20	10.86	11.8	10.86	11.59	192205	10.41	2278	神开股份	SZ	10.73	9.64	
244	2013-05-20	8.51	8.99	8.51	8.76	51533	8.59	2279	久其软件	SZ	8.47	8.31	
244	2013-05-20	9.45	9.69	9.32	9.59	9125	9.23	2280	新世纪	SZ	9.37	9.02	
244	2013-05-20	25.57	26.5	25.33	25.95	49060	25.72	2281	光迅科技	SZ	25.57	25.34	
244	2013-05-20	7.64	7.89	7.64	7.84	32512	7.79	2282	博深工具	SZ	7.6	7.55	
244	2013-05-20	6.31	6.45	6.3	6.43	69034	6.41	2283	天润曲轴	SZ	6.31	6.29	
244	2013-05-20	8.65	8.87	8.56	8.72	34998	8.63	2284	亚太股份	SZ	8.64	8.55	
244	2013-05-20	11.62	11.8	11.28	11.31	25364	11.31	2285	世联地产	SZ	11.48	11.48	
244	2013-05-20	15.71	15.97	15.55	15.8	27093	15.66	2286	保龄宝	SZ	15.68	15.54	
244	2013-05-20	18.4	18.6	17.96	18.35	16214	18.09	2287	奇正藏药	SZ	18.38	18.12	
244	2013-05-20	8.65	8.81	8.61	8.74	201272	8.74	2288	超华科技	SZ	8.68	8.68	
244	2013-05-20	20.28	20.58	19.6	20.23	54818	20.23	2289	宇顺电子	SZ	20.42	20.42	
244	2013-05-20	8.63	8.95	8.59	8.9	23817	8.9	2290	禾盛新材	SZ	8.62	8.62	
244	2013-05-20	5.7	5.8	5.67	5.78	19235	5.78	2291	星期六	SZ	5.73	5.73	
244	2013-05-20	16.95	17.59	16.6	17.39	112534	17.39	2292	奥飞动漫	SZ	17.05	17.05	
244	2013-05-20	21.3	21.7	21.3	21.67	27358	10.55	2293	罗莱家纺	SZ	21.25	10.34	
244	2013-05-20	38.3	38.3	35.2	35.2	145320	35.2	2294	信立泰	SZ	39.11	39.11	
244	2013-05-20	5.94	5.99	5.9	5.98	20877	5.98	2295	精艺股份	SZ	5.92	5.92	
244	2013-05-20	18.18	19.08	18.17	18.73	36969	18.54	2296	辉煌科技	SZ	18.2	18.02	
244	2013-05-20	8.79	8.9	8.69	8.86	71544	5.88	2297	博云新材	SZ	8.75	5.81	
244	2013-05-20	9.57	9.8	9.39	9.8	115310	9.78	2298	鑫龙电器	SZ	9.57	9.55	
244	2013-05-20	12.7	13.1	12.7	12.73	93404	12.73	2299	圣农发展	SZ	12.69	12.69	
244	2013-05-20	6.94	6.95	6.82	6.86	23627	6.83	23	深天地Ａ	SZ	6.93	6.9	
244	2013-05-20	7.33	7.42	7.3	7.41	19133	7.13	2300	太阳电缆	SZ	7.33	7.06	
244	2013-05-20	6.37	6.64	6.31	6.55	46939	6.53	2301	齐心文具	SZ	6.35	6.33	
244	2013-05-20	12.01	12.01	11.74	11.98	19648	9.25	2302	西部建设	SZ	11.95	9.23	
244	2013-05-20	14.1	14.72	14.1	14.5	20232	7.2	2303	美盈森	SZ	14.1	7	
244	2013-05-20	62.08	63.92	62.08	63.42	59007	61.64	2304	洋河股份	SZ	61.96	60.22	
244	2013-05-20	8.85	9.25	8.7	8.94	220288	8.94	2305	南国置业	SZ	8.95	8.95	
244	2013-05-20	3.98	4.04	3.97	4.01	131734	1.96	2306	湘鄂情	SZ	3.97	1.94	
244	2013-05-20	6.35	6.41	6.28	6.38	52494	6.38	2307	北新路桥	SZ	6.34	6.34	
244	2013-05-20	10.81	11.05	10.62	10.9	174617	8.15	2308	威创股份	SZ	10.73	8.02	
244	2013-05-20	15.16	16.09	15.16	15.61	93083	15.5	2309	中利科技	SZ	15.1	14.99	
244	2013-05-20	45.45	47.99	44.75	47.12	54446	23.46	2310	东方园林	SZ	44.7	22.25	
244	2013-05-20	15	15.16	14.8	15.11	36993	15.11	2311	海大集团	SZ	19.69	19.56	
244	2013-05-20	7.17	7.24	6.94	7.08	195088	3.47	2312	三泰电子	SZ	6.75	3.31	
244	2013-05-20	20	20.19	19.67	19.96	70440	19.96	2313	日海通讯	SZ	19.99	19.99	
244	2013-05-20	7.01	7.08	6.7	7.03	34643	7.03	2314	雅致股份	SZ	7.01	7.01	
244	2013-05-20	31	32.36	31	31.99	43428	31.99	2315	焦点科技	SZ	30.84	30.84	
244	2013-05-20	8.41	8.48	8.24	8.45	75833	7.02	2316	键桥通讯	SZ	8.32	6.92	
244	2013-05-20	18.7	19.05	17.82	18.15	142182	18.15	2317	众生药业	SZ	18.87	18.87	
244	2013-05-20	17.1	17.45	16.95	17.07	46547	17.07	2318	久立特材	SZ	16.96	16.96	
244	2013-05-20	9.43	9.85	9.33	9.76	318731	9.76	2319	乐通股份	SZ	9.42	9.42	
244	2013-05-20	11.73	12.07	11.7	11.99	135347	11.85	2320	海峡股份	SZ	11.83	11.7	
244	2013-05-20	6.13	6.42	6.13	6.34	130168	6.34	2321	华英农业	SZ	6.07	6.07	
244	2013-05-20	13.6	14.61	13.53	14.49	145227	14.49	2322	理工监测	SZ	13.66	13.66	
244	2013-05-20	13.64	14.01	13.52	13.98	8396	13.84	2323	中联电气	SZ	13.64	13.5	
244	2013-05-20	16.29	16.64	16.19	16.41	26654	16.32	2324	普利特	SZ	16.18	16.1	
244	2013-05-20	13	13.39	12.42	12.93	199757	8.59	2325	洪涛股份	SZ	12.3	8.17	
244	2013-05-20	11.1	11.28	11.07	11.27	17801	11.16	2326	永太科技	SZ	11.11	11	
244	2013-05-20	17.85	18.29	17.79	18.12	43266	8.86	2327	富安娜	SZ	17.75	8.68	
244	2013-05-20	7.15	7.34	7.09	7.23	37830	7.2	2328	新朋股份	SZ	7.15	7.12	
244	2013-05-20	12.31	12.85	12.3	12.7	42712	12.53	2329	皇氏乳业	SZ	12.23	12.07	
244	2013-05-20	5.69	5.83	5.63	5.82	73160	5.82	2330	得利斯	SZ	5.68	5.68	
244	2013-05-20	9.77	10.46	9.77	10.4	116169	10.38	2331	皖通科技	SZ	9.7	9.69	
244	2013-05-20	12.51	12.89	12.17	12.82	61438	12.64	2332	仙琚制药	SZ	12.49	12.32	
244	2013-05-20	9.11	9.28	9.1	9.17	18091	8.99	2333	罗普斯金	SZ	9.07	8.89	
244	2013-05-20	9.06	9.98	9.04	9.73	140489	9.73	2334	英威腾	SZ	9.1	9.1	
244	2013-05-20	14.48	15.4	14.48	15.02	131236	14.88	2335	科华恒盛	SZ	14	13.87	
244	2013-05-20	9.23	9.3	9.15	9.26	14884	9.26	2336	人人乐	SZ	9.19	9.19	
244	2013-05-20	9.27	9.46	9.26	9.42	14261	9.22	2337	赛象科技	SZ	9.25	9.06	
244	2013-05-20	21	21.3	20.88	21.3	8738	21.03	2338	奥普光电	SZ	21.08	20.81	
244	2013-05-20	10.26	11.23	10.26	11.13	136696	5.52	2339	积成电子	SZ	10.28	5.1	
244	2013-05-20	10.65	10.98	10.56	10.91	400695	8.35	2340	格林美	SZ	10.62	8.13	
244	2013-05-20	14.29	14.58	14.12	14.55	58704	14.55	2341	新纶科技	SZ	14.28	14.28	
244	2013-05-20	7.27	7.35	7.2	7.26	56241	7.26	2342	巨力索具	SZ	7.21	7.21	
244	2013-05-20	8.59	8.73	8.52	8.69	18793	8.38	2343	禾欣股份	SZ	8.53	8.23	
244	2013-05-20	20.3	20.74	19.95	20.44	52906	10.11	2344	海宁皮城	SZ	20.33	10.05	
244	2013-05-20	11.64	11.69	11.5	11.69	73146	5.71	2345	潮宏基	SZ	11.5	5.62	
244	2013-05-20	6.13	6.19	6.09	6.14	21270	3.02	2346	柘中建设	SZ	6.11	3.01	
244	2013-05-20	7.55	8.01	7.53	7.94	73677	7.94	2347	泰尔重工	SZ	7.55	7.55	
244	2013-05-20	7.52	8.43	7.5	8.43	474470	8.43	2348	高乐股份	SZ	7.66	7.66	
244	2013-05-20	13	13.11	12.5	12.8	42177	12.75	2349	精华制药	SZ	12.99	12.94	
244	2013-05-20	10.33	10.59	10.13	10.31	38101	10.11	2350	北京科锐	SZ	10.13	9.93	
244	2013-05-20	7.97	8.31	7.94	8.31	28542	8.31	2351	漫步者	SZ	7.94	7.94	
244	2013-05-20	19.07	19.43	18.82	19.2	16052	18.91	2352	鼎泰新材	SZ	19.14	18.86	
244	2013-05-20	65.08	65.76	63.83	65.08	62413	49.9	2353	杰瑞股份	SZ	65.13	49.94	
244	2013-05-20	10.44	10.8	10.27	10.7	11260	10.67	2354	科冕木业	SZ	10.44	10.41	
244	2013-05-20	8.46	8.57	8.26	8.57	226734	8.57	2355	兴民钢圈	SZ	8.52	8.52	
244	2013-05-20	20.65	20.97	20.31	20.74	9666	20.51	2356	浩宁达	SZ	20.56	20.33	
244	2013-05-20	7.45	7.5	7.4	7.45	15581	7.4	2357	富临运业	SZ	7.41	7.36	
244	2013-05-20	15.28	16.75	15.28	16.4	75880	16.27	2358	森源电气	SZ	15.29	15.17	
244	2013-05-20	16.66	16.8	16.56	16.68	23940	8.22	2360	同德化工	SZ	16.64	8.2	
244	2013-05-20	5.87	5.96	5.82	5.96	60966	5.87	2361	神剑股份	SZ	5.87	5.78	
244	2013-05-20	10.7	10.95	10.55	10.79	47037	10.79	2362	汉王科技	SZ	10.73	10.73	
244	2013-05-20	11.99	12.24	11.96	12.22	23328	12.22	2363	隆基机械	SZ	11.99	11.99	
244	2013-05-20	12.43	13.76	12.38	13.56	98942	13.56	2364	中恒电气	SZ	12.52	12.52	
244	2013-05-20	9.39	9.4	9.29	9.37	22585	9.37	2365	永安药业	SZ	9.36	9.36	
244	2013-05-20	8.4	8.76	8.4	8.75	41809	8.58	2366	丹甫股份	SZ	8.44	8.28	
244	2013-05-20	6.32	6.62	6.23	6.51	84804	3.14	2367	康力电梯	SZ	6.2	2.99	
244	2013-05-20	19.95	21.27	19.81	20.82	45470	20.65	2368	太极股份	SZ	20.02	19.86	
244	2013-05-20	15.3	15.8	15.13	15.64	55624	15.64	2369	卓翼科技	SZ	15.34	15.34	
244	2013-05-20	13	13.78	13	13.76	46735	13.76	2370	亚太药业	SZ	13.02	13.02	
244	2013-05-20	20.41	21.46	20.3	21.32	21799	21.32	2371	七星电子	SZ	20.75	20.75	
244	2013-05-20	13.45	13.93	13.43	13.83	31419	10.07	2372	伟星新材	SZ	13.3	9.68	
244	2013-05-20	7	7.08	6.88	6.99	24685	3.49	2373	联信永益	SZ	6.85	3.42	
244	2013-05-20	8.61	8.82	8.61	8.67	41932	4.64	2374	丽鹏股份	SZ	8.61	4.61	
244	2013-05-20	27.1	29.81	26.87	29.8	131074	29.71	2375	亚厦股份	SZ	27.1	27.02	
244	2013-05-20	10.47	10.77	10.35	10.69	75809	5.25	2376	新北洋	SZ	10.35	5.07	
244	2013-05-20	6.6	6.82	6.57	6.82	38017	6.82	2377	国创高新	SZ	6.64	6.64	
244	2013-05-20	22.51	22.9	22.22	22.68	29749	22.48	2378	章源钨业	SZ	22.33	22.14	
244	2013-05-20	6.41	6.54	6.31	6.49	84797	6.49	2379	鲁丰股份	SZ	6.42	6.42	
244	2013-05-20	22.79	23.86	22.6	23.6	6214	23.45	2380	科远股份	SZ	22.8	22.65	
244	2013-05-20	10.4	10.86	10.31	10.79	120667	10.63	2381	双箭股份	SZ	10.4	10.25	
244	2013-05-20	11.7	12.3	11.42	12.15	39769	12.07	2382	蓝帆股份	SZ	11.63	11.55	
244	2013-05-20	17.65	18.05	17.65	17.95	60822	17.95	2383	合众思壮	SZ	17.65	17.65	
244	2013-05-20	12.87	13.18	12.57	12.9	102349	12.9	2384	东山精密	SZ	12.85	12.85	
244	2013-05-20	12.15	12.66	12.15	12.45	99548	6.15	2385	大北农	SZ	12.21	6.03	
244	2013-05-20	8.65	8.96	8.53	8.6	94678	8.53	2386	天原集团	SZ	8.65	8.58	
244	2013-05-20	9.31	9.46	9.22	9.42	49631	9.39	2387	黑牛食品	SZ	9.35	9.32	
244	2013-05-20	7.84	8.14	7.8	8.08	16000	7.99	2388	新亚制程	SZ	7.84	7.75	
244	2013-05-20	8.38	8.71	8.2	8.57	151476	8.57	2389	南洋科技	SZ	8.38	8.38	
244	2013-05-20	17.1	17.52	16.6	17.01	54749	16.96	2390	信邦制药	SZ	16.99	16.94	
244	2013-05-20	14.45	15.47	14.36	15.37	35230	9.89	2391	长青股份	SZ	14.45	9.3	
244	2013-05-20	7.16	7.28	7.05	7.16	69635	7.16	2392	北京利尔	SZ	7.02	7.02	
244	2013-05-20	38.18	38.48	37.38	38.32	25635	37.49	2393	力生制药	SZ	38.25	37.43	
244	2013-05-20	12.29	12.43	12.18	12.4	29893	12.03	2394	联发股份	SZ	12.27	11.91	
244	2013-05-20	7.95	8.24	7.9	8.2	29089	4	2395	双象股份	SZ	7.93	3.87	
244	2013-05-20	15.7	16.48	15.69	16.31	80619	16.07	2396	星网锐捷	SZ	15.61	15.38	
244	2013-05-20	14.04	14.4	13.85	14.19	37047	13.89	2397	梦洁家纺	SZ	14.01	13.72	
244	2013-05-20	17.2	17.62	17	17.15	66280	13.12	2398	建研集团	SZ	17.07	13.06	
244	2013-05-20	18	18.18	17.83	18.09	35474	17.56	2399	海普瑞	SZ	17.97	17.45	
244	2013-05-20	29.11	29.8	28.1	28.28	194900	28.02	24	招商地产	SZ	29.03	28.76	
244	2013-05-20	29.32	29.6	27.5	28.69	149162	28.69	2400	省广股份	SZ	29.9	29.9	
244	2013-05-20	12.65	12.99	12.5	12.9	88826	12.85	2401	交技发展	SZ	12.48	12.43	
244	2013-05-20	7.95	8.16	7.95	8.1	26377	5.2	2402	和而泰	SZ	7.94	5.1	
244	2013-05-20	9.32	9.47	9.26	9.33	22094	9.33	2403	爱仕达	SZ	9.27	9.27	
244	2013-05-20	6.77	6.85	6.75	6.84	20025	6.67	2404	嘉欣丝绸	SZ	6.76	6.59	
244	2013-05-20	12.59	13.75	12.59	13.75	468533	13.71	2405	四维图新	SZ	12.5	12.47	
244	2013-05-20	8.43	8.59	8.4	8.58	24929	8.37	2406	远东传动	SZ	8.41	8.2	
244	2013-05-20	14.55	15.2	14.41	15.2	93733	15.11	2407	多氟多	SZ	14.56	14.47	
244	2013-05-20	15.59	15.98	15.52	15.93	48642	15.59	2408	齐翔腾达	SZ	15.56	15.23	
244	2013-05-20	15	15.4	14.92	15.36	9366	15.25	2409	雅克科技	SZ	15.05	14.94	
244	2013-05-20	19.98	21.54	19.98	21.27	43987	15.98	2410	广联达	SZ	20.19	15.17	
244	2013-05-20	7.13	7.49	7.11	7.47	121071	4.95	2411	九九久	SZ	7.15	4.74	
244	2013-05-20	21.7	21.7	20.6	21.03	17510	21.03	2412	汉森制药	SZ	21.15	21.15	
244	2013-05-20	7.69	7.82	7.65	7.8	25208	7.7	2413	常发股份	SZ	7.69	7.59	
244	2013-05-20	8.69	8.86	8.65	8.8	82165	4.36	2414	高德红外	SZ	8.69	4.31	
244	2013-05-20	8.8	9.14	8.59	8.96	142142	8.96	2416	爱施德	SZ	8.77	8.77	
244	2013-05-20	7.53	8.25	7.53	8.12	188481	8.12	2417	三元达	SZ	7.6	7.6	
244	2013-05-20	7.37	7.43	7.22	7.37	40072	7.33	2418	康盛股份	SZ	7.34	7.3	
244	2013-05-20	10.03	10.18	9.98	10.15	28885	10.15	2419	天虹商场	SZ	10.03	10.03	
244	2013-05-20	6.58	7.05	6.5	6.94	98998	6.94	2420	毅昌股份	SZ	6.56	6.56	
244	2013-05-20	19.39	20.12	19.35	19.78	38910	19.73	2421	达实智能	SZ	19.36	19.31	
244	2013-05-20	65	65.2	58.98	60.88	40398	60.66	2422	科伦药业	SZ	65	64.76	
244	2013-05-20	11.9	12.29	11.9	12.1	101999	12.07	2423	中原特钢	SZ	11.86	11.83	
244	2013-05-20	17.68	17.7	16.97	17.3	101823	17.3	2424	贵州百灵	SZ	17.65	17.65	
244	2013-05-20	6.35	6.49	6.27	6.46	33126	6.46	2425	凯撒股份	SZ	6.32	6.32	
244	2013-05-20	24.5	25.1	24	24.76	65671	12.32	2426	胜利精密	SZ	24.5	12.19	
244	2013-05-20	6.31	6.4	6.28	6.37	17284	6.36	2427	尤夫股份	SZ	6.3	6.29	
244	2013-05-20	15.12	15.53	14.9	15.37	207345	15.29	2428	云南锗业	SZ	15.14	15.07	
244	2013-05-20	9.61	10.07	9.47	9.78	382130	6.39	2429	兆驰股份	SZ	9.25	6.04	
244	2013-05-20	9.8	9.8	9.61	9.72	69185	9.54	2430	杭氧股份	SZ	9.71	9.53	
244	2013-05-20	20.67	21.62	20.67	20.67	105342	17.19	2431	棕榈园林	SZ	20.5	17.05	
244	2013-05-20	6.6	6.67	6.4	6.57	128918	4.38	2432	九安医疗	SZ	6.53	4.35	
244	2013-05-20	7.05	7.08	6.91	6.99	84283	3.47	2433	太安堂	SZ	7.01	3.48	
244	2013-05-20	7.81	7.94	7.75	7.93	23073	7.83	2434	万里扬	SZ	7.81	7.71	
244	2013-05-20	7.77	7.98	7.75	7.95	46991	5.23	2435	长江润发	SZ	7.77	5.11	
244	2013-05-20	16.7	16.82	16.48	16.7	30065	16.43	2436	兴森科技	SZ	16.69	16.42	
244	2013-05-20	25.85	26.16	24.8	25.6	33754	25.07	2437	誉衡药业	SZ	25.86	25.33	
244	2013-05-20	13.54	14.05	13.47	13.98	41654	13.93	2438	江苏神通	SZ	13.5	13.46	
244	2013-05-20	15.58	16.2	15.5	15.66	29838	15.59	2439	启明星辰	SZ	15.31	15.24	
244	2013-05-20	9.95	10.65	9.95	10.5	99634	5.09	2440	闰土股份	SZ	9.92	4.81	
244	2013-05-20	14.97	15.18	14.77	15.08	23881	15.08	2441	众业达	SZ	14.89	14.89	
244	2013-05-20	4.9	4.99	4.87	4.95	39748	4.95	2442	龙星化工	SZ	4.9	4.9	
244	2013-05-20	7.65	7.83	7.58	7.83	147374	6.45	2443	金洲管道	SZ	7.68	6.33	
244	2013-05-20	6.82	6.84	6.73	6.81	87197	3.4	2444	巨星科技	SZ	6.8	3.4	
244	2013-05-20	8.05	8.13	8.01	8.12	26756	8.07	2445	中南重工	SZ	8.07	8.02	
244	2013-05-20	10.37	11.11	10.37	11.09	40797	11.04	2446	盛路通信	SZ	10.36	10.32	
244	2013-05-20	21.35	21.95	21.22	21.77	44940	21.7	2447	壹桥苗业	SZ	21.18	21.12	
244	2013-05-20	14	14.57	14	14.43	39862	6.96	2448	中原内配	SZ	13.99	6.75	
244	2013-05-20	8.21	8.53	8.1	8.4	232618	8.33	2449	国星光电	SZ	8.18	8.11	
244	2013-05-20	25.83	28.08	25.83	28.04	176971	28.04	2450	康得新	SZ	25.79	25.79	
244	2013-05-20	14.18	14.88	14.18	14.48	17795	7.18	2451	摩恩电气	SZ	14.16	7.02	
244	2013-05-20	26.04	26.9	26.04	26.38	28301	12.92	2452	长高集团	SZ	26.02	12.74	
244	2013-05-20	24.22	24.64	23.78	24.36	62678	6.07	2453	天马精化	SZ	24.18	6.02	
244	2013-05-20	12.3	13.15	12.16	12.9	95569	12.9	2454	松芝股份	SZ	12.14	12.14	
244	2013-05-20	27.35	27.6	26	27.07	198794	13.44	2456	欧菲光	SZ	27.35	13.58	
244	2013-05-20	9.39	9.45	9.27	9.37	67145	9.34	2457	青龙管业	SZ	9.32	9.29	
244	2013-05-20	10.75	11.12	10.75	10.79	59631	10.79	2458	益生股份	SZ	10.74	10.74	
244	2013-05-20	6.89	6.93	6.82	6.87	44438	6.87	2459	天业通联	SZ	6.95	6.95	
244	2013-05-20	24.81	26.57	24.8	26.57	117643	26.37	2460	赣锋锂业	SZ	25	24.81	
244	2013-05-20	9.3	9.39	9.2	9.32	33427	9.31	2461	珠江啤酒	SZ	9.3	9.29	
244	2013-05-20	9.13	9.3	9.02	9.29	33962	9.2	2462	嘉事堂	SZ	9.13	9.04	
244	2013-05-20	4.04	4.1	4.02	4.05	82833	4.05	2463	沪电股份	SZ	4.04	4.04	
244	2013-05-20	15.92	16.36	15.92	16.22	23252	16	2464	金利科技	SZ	16	15.79	
244	2013-05-20	16.67	17.03	16.6	16.64	51527	8.28	2465	海格通信	SZ	16.58	8.25	
244	2013-05-20	39.6	42.16	39.41	41.99	29472	41.9	2466	天齐锂业	SZ	39.85	39.76	
244	2013-05-20	21.34	22.38	21.3	22.27	196487	21.98	2467	二六三	SZ	20.75	20.48	
244	2013-05-20	7.33	7.44	7.31	7.38	28638	7.38	2468	艾迪西	SZ	7.27	7.27	
244	2013-05-20	23.2	24.44	23.2	24.41	42682	18.67	2469	三维工程	SZ	23.07	17.64	
244	2013-05-20	17.88	18.6	17.45	18.42	40217	18.28	2470	金正大	SZ	17.77	17.64	
244	2013-05-20	7.2	7.49	7.18	7.43	64376	3.62	2471	中超电缆	SZ	7.2	3.51	
244	2013-05-20	7.48	7.63	7.45	7.6	16053	7.6	2472	双环传动	SZ	7.48	7.48	
244	2013-05-20	8.08	8.45	8.08	8.43	37281	8.3	2473	圣莱达	SZ	8.08	7.95	
244	2013-05-20	9.48	9.87	9.48	9.84	74512	9.84	2474	榕基软件	SZ	9.45	9.45	
244	2013-05-20	23.67	24.52	23.21	23.53	32356	15.62	2475	立讯精密	SZ	23.47	15.58	
244	2013-05-20	8.93	9.44	8.84	9.32	473208	6.18	2476	宝莫股份	SZ	8.91	5.91	
244	2013-05-20	10.61	10.65	10.55	10.6	13126	10.43	2478	常宝股份	SZ	10.6	10.43	
244	2013-05-20	8.53	8.95	8.51	8.94	162231	8.94	2479	富春环保	SZ	8.53	8.53	
244	2013-05-20	15.71	16.01	15.61	15.99	16354	15.99	2480	新筑股份	SZ	15.71	15.71	
244	2013-05-20	10.6	11.2	10.6	11.1	53750	5.54	2481	双塔食品	SZ	10.58	5.28	
244	2013-05-20	22.2	24	22	22.9	150346	22.79	2482	广田股份	SZ	21.85	21.74	
244	2013-05-20	8.23	8.42	8.17	8.18	32312	7.96	2483	润邦股份	SZ	8.22	8	
244	2013-05-20	15.05	15.7	15.03	15.57	57338	15.53	2484	江海股份	SZ	15.03	14.99	
244	2013-05-20	6.93	7.01	6.92	7	38899	7	2485	希努尔	SZ	6.91	6.91	
244	2013-05-20	4.02	4.39	3.98	4.23	409853	2.09	2486	嘉麟杰	SZ	4	1.97	
244	2013-05-20	5.73	5.95	5.7	5.83	68613	5.82	2487	大金重工	SZ	5.73	5.72	
244	2013-05-20	8.15	8.35	8.11	8.35	23848	8.22	2488	金固股份	SZ	8.15	8.02	
244	2013-05-20	9.91	10.1	9.83	10.03	59930	10.03	2489	浙江永强	SZ	9.91	9.91	
244	2013-05-20	11.28	11.72	11.27	11.56	157383	11.5	2490	山东墨龙	SZ	11.25	11.19	
244	2013-05-20	13.92	14.28	13.69	13.74	55478	13.74	2491	通鼎光电	SZ	13.69	13.69	
244	2013-05-20	14.4	14.72	14.31	14.6	21236	14.6	2494	华斯股份	SZ	14.4	14.4	
244	2013-05-20	5.69	5.83	5.69	5.75	28368	5.66	2495	佳隆股份	SZ	5.69	5.6	
244	2013-05-20	19.63	20.24	19.32	20.21	46191	15.43	2496	辉丰股份	SZ	19.5	14.88	
244	2013-05-20	14.66	15.05	14.5	14.66	48205	14.66	2497	雅化集团	SZ	14.83	14.83	
244	2013-05-20	6.43	6.69	6.41	6.63	63415	4.33	2498	汉缆股份	SZ	6.43	4.21	
244	2013-05-20	18.75	19.58	18.55	19.43	26641	19.39	2499	科林环保	SZ	18.74	18.7	
244	2013-05-20	6.43	6.55	6.43	6.51	18738	6.51	25	特 力Ａ	SZ	6.45	6.45	
244	2013-05-20	7.66	7.86	7.62	7.73	234739	7.68	2500	山西证券	SZ	7.68	7.63	
244	2013-05-20	15.11	15.36	14.84	15.2	91487	15.2	2501	利源铝业	SZ	14.99	14.99	
244	2013-05-20	9.9	10.39	9.81	10.36	40706	10.29	2502	骅威股份	SZ	9.89	9.82	
244	2013-05-20	13.37	13.96	13.37	13.96	39221	13.96	2503	搜于特	SZ	13.35	13.35	
244	2013-05-20	7.54	7.72	7.54	7.65	28619	5.87	2504	东光微电	SZ	7.55	5.79	
244	2013-05-20	8.71	9.14	8.71	8.83	71051	8.83	2505	大康牧业	SZ	8.48	8.48	
244	2013-05-20	3.47	3.51	3.44	3.5	203820	3.5	2506	超日太阳	SZ	3.47	3.47	
244	2013-05-20	25.45	25.8	24.81	25.69	27848	25.35	2507	涪陵榨菜	SZ	25.3	24.97	
244	2013-05-20	33.3	34.7	32.86	34.3	15362	34.3	2508	老板电器	SZ	33.18	33.18	
244	2013-05-20	10.2	10.78	10.2	10.65	126961	5.27	2509	天广消防	SZ	10.2	5.05	
244	2013-05-20	19.84	20.24	19.8	20.24	16469	10.01	2510	天汽模	SZ	19.9	9.84	
244	2013-05-20	15.13	15.53	15.01	15.37	35461	10.14	2511	中顺洁柔	SZ	15.11	9.96	
244	2013-05-20	11.68	12.18	11.61	12.01	90067	12.01	2512	达华智能	SZ	11.71	11.71	
244	2013-05-20	10.15	10.46	10.12	10.4	23104	10.31	2513	蓝丰生化	SZ	10.15	10.06	
244	2013-05-20	25.1	25.72	24.8	25.72	6987	12.76	2514	宝馨科技	SZ	25.08	12.44	
244	2013-05-20	13.99	14.48	13.8	14.27	17760	14.27	2515	金字火腿	SZ	13.89	13.89	
244	2013-05-20	8.16	8.26	8.16	8.25	23159	8.13	2516	江苏旷达	SZ	8.18	8.06	
244	2013-05-20	8.97	9.4	8.91	9.39	63451	9.39	2517	泰亚股份	SZ	9.1	9.1	
244	2013-05-20	11.68	12.32	11.67	12.04	42956	8.57	2518	科士达	SZ	11.66	8.3	
244	2013-05-20	10.1	10.35	10.08	10.11	32173	10.11	2519	银河电子	SZ	10.05	10.05	
244	2013-05-20	8.48	8.78	8.46	8.75	32436	8.75	2520	日发数码	SZ	8.49	8.49	
244	2013-05-20	8.34	8.95	8.28	8.85	236006	8.85	2521	齐峰股份	SZ	8.14	8.14	
244	2013-05-20	16.68	17.32	16.6	17.26	34407	17.26	2522	浙江众成	SZ	16.96	16.96	
244	2013-05-20	4.61	4.76	4.6	4.72	89936	4.72	2523	天桥起重	SZ	4.62	4.62	
244	2013-05-20	7.58	7.84	7.42	7.69	126445	4.51	2524	光正钢构	SZ	7.53	4.42	
244	2013-05-20	6.26	6.32	6.17	6.29	173833	6.25	2526	山东矿机	SZ	6.23	6.19	
244	2013-05-20	9.31	9.48	9.19	9.38	55156	9.21	2528	英飞拓	SZ	9.3	9.14	
244	2013-05-20	13.6	14.96	13.55	14.81	147305	14.78	2529	海源机械	SZ	13.6	13.57	
244	2013-05-20	5.89	5.99	5.88	5.98	21503	5.94	2530	丰东股份	SZ	5.89	5.85	
244	2013-05-20	10.3	11.06	10.26	10.81	144094	10.81	2531	天顺风能	SZ	10.44	5.08	
244	2013-05-20	18	18.67	18	18.04	42135	17.95	2532	新界泵业	SZ	17.9	17.81	
244	2013-05-20	6	6.24	5.98	6.18	76529	5.97	2533	金杯电工	SZ	6	5.8	
244	2013-05-20	15	15.71	14.98	15.45	91998	15.26	2534	杭锅股份	SZ	15.26	15.07	
244	2013-05-20	6.93	7.05	6.89	7.03	85514	6.93	2535	林州重机	SZ	6.9	6.8	
244	2013-05-20	15.6	15.99	15.5	15.86	11221	15.68	2536	西泵股份	SZ	15.5	15.32	
244	2013-05-20	11.89	12.18	11.89	12.09	9314	11.99	2537	海立美达	SZ	11.88	11.79	
244	2013-05-20	12.85	13.38	12.78	13.32	34468	13.08	2538	司尔特	SZ	12.79	12.56	
244	2013-05-20	8.66	8.84	8.64	8.78	21776	8.62	2539	新都化工	SZ	8.67	8.51	
244	2013-05-20	8.41	8.53	8.2	8.44	103944	8.29	2540	亚太科技	SZ	8.41	8.26	
244	2013-05-20	11.48	11.61	11.36	11.54	29406	11.54	2541	鸿路钢构	SZ	11.43	11.43	
244	2013-05-20	26.4	27.06	26.2	26.8	41353	13.26	2542	中化岩土	SZ	26.64	13.18	
244	2013-05-20	10.89	11.05	10.81	10.98	29582	5.35	2543	万和电气	SZ	10.81	5.27	
244	2013-05-20	9.1	9.73	9	9.6	211837	4.7	2544	杰赛科技	SZ	8.99	4.41	
244	2013-05-20	16.98	17.18	16.82	17.04	27675	16.67	2546	新联电子	SZ	16.89	16.52	
244	2013-05-20	13.81	14.4	13.77	14.4	103074	14.4	2547	春兴精工	SZ	13.95	13.95	
244	2013-05-20	12.02	12.24	12.02	12.16	15810	11.84	2548	金新农	SZ	11.99	11.68	
244	2013-05-20	10.83	11.66	10.72	11.25	63041	11.25	2549	凯美特气	SZ	10.79	10.79	
244	2013-05-20	16.79	16.87	15.75	16.57	93764	8.08	2550	千红制药	SZ	16.77	8.18	
244	2013-05-20	19.25	19.67	18.73	19.2	41428	12.7	2551	尚荣医疗	SZ	19.25	12.73	
244	2013-05-20	12.42	12.67	12.23	12.41	16652	12.3	2552	宝鼎重工	SZ	12.41	12.3	
244	2013-05-20	6.57	6.72	6.57	6.66	17425	3.19	2553	南方轴承	SZ	6.57	3.14	
244	2013-05-20	13.96	14.37	13.72	14.27	125727	14.27	2554	惠博普	SZ	13.95	13.95	
244	2013-05-20	10.47	10.88	10.46	10.59	16833	10.28	2555	顺荣股份	SZ	10.44	10.13	
244	2013-05-20	6.94	7.08	6.92	7.03	143347	6.92	2556	辉隆股份	SZ	6.92	6.81	
244	2013-05-20	20.46	21	20.26	21	15237	20.34	2557	洽洽食品	SZ	20.47	19.83	
244	2013-05-20	23.5	23.84	23.3	23.7	4109	23.62	2558	世纪游轮	SZ	23.32	23.24	
244	2013-05-20	9.56	9.7	9.47	9.67	15638	9.49	2559	亚威股份	SZ	9.46	9.28	
244	2013-05-20	8.25	8.37	8.25	8.31	16221	8.04	2561	徐家汇	SZ	8.24	7.98	
244	2013-05-20	10.85	11.62	10.8	11.28	100487	11.2	2565	上海绿新	SZ	10.85	10.78	
244	2013-05-20	16.76	16.88	16.39	16.59	43962	16.59	2566	益盛药业	SZ	16.73	16.73	
244	2013-05-20	7.95	8.08	7.85	8.01	83851	7.91	26	飞亚达Ａ	SZ	7.95	7.85	
244	2013-05-20	5.89	5.91	5.84	5.9	127161	5.81	27	深圳能源	SZ	5.87	5.78	
244	2013-05-20	32.2	32.2	28.97	30.93	86351	30.77	28	一致药业	SZ	32.18	32.02	
244	2013-05-20	3.8	3.84	3.76	3.78	56616	3.78	29	深深房Ａ	SZ	3.8	3.8	
244	2013-05-20	7.98	8.06	7.85	7.98	50291	7.98	30	*ST盛润A	SZ	7.97	7.97	
244	2013-05-20	16.05	17.3	15.96	16.48	41983	16.39	300001	特锐德	SZ	15.95	15.87	
244	2013-05-20	6.91	7.26	6.88	7.16	212744	2.08	300002	神州泰岳	SZ	6.91	2.01	
244	2013-05-20	11.81	12.07	11.62	11.9	65830	11.9	300003	乐普医疗	SZ	11.79	11.79	
244	2013-05-20	12.71	13.34	12.59	13.26	50620	10.95	300005	探路者	SZ	12.62	10.42	
244	2013-05-20	12.83	13.23	12.82	13.12	22207	13.07	300007	汉威电子	SZ	12.83	12.78	
244	2013-05-20	6.8	7.05	6.79	6.95	50307	6.92	300008	上海佳豪	SZ	6.83	6.81	
244	2013-05-20	15.69	15.72	14.88	15.36	60785	12.17	300009	安科生物	SZ	15.68	12.43	
244	2013-05-20	7.32	7.76	7.32	7.69	79158	7.61	300010	立思辰	SZ	7.38	7.3	
244	2013-05-20	13.42	13.46	12.67	13.1	105592	13.1	300012	华测检测	SZ	13.39	13.39	
244	2013-05-20	16.19	16.97	15.92	16.66	13779	16.64	300013	新宁物流	SZ	16.28	16.26	
244	2013-05-20	20.6	21.28	20.38	20.9	90629	10.45	300014	亿纬锂能	SZ	20.83	10.41	
244	2013-05-20	20.51	22.33	20.35	22	61560	21.92	300015	爱尔眼科	SZ	20.5	20.43	
244	2013-05-20	7.91	7.98	7.52	7.68	110651	7.68	300016	北陆药业	SZ	7.88	7.88	
244	2013-05-20	36.25	37.37	35.85	37.3	32565	37.12	300017	网宿科技	SZ	36.1	35.92	
244	2013-05-20	6.2	6.37	6.2	6.36	44345	4.14	300018	中元华电	SZ	6.19	4.03	
244	2013-05-20	10.47	10.83	10.38	10.82	42806	6.63	300019	硅宝科技	SZ	10.38	6.36	
244	2013-05-20	21.85	22.87	21.83	22.46	32893	22.46	300020	银江股份	SZ	21.72	21.72	
244	2013-05-20	8.97	9.15	8.96	9.13	60915	9.13	300021	大禹节水	SZ	8.96	8.96	
244	2013-05-20	6.93	7.15	6.92	7.09	118874	7.09	300022	吉峰农机	SZ	6.93	6.93	
244	2013-05-20	8.69	9.44	8.67	9.16	37737	9.16	300023	宝德股份	SZ	8.67	8.67	
244	2013-05-20	38.35	39.85	37.8	39.62	90998	39.53	300024	机器人	SZ	37.8	37.72	
244	2013-05-20	7.15	7.45	7.11	7.36	45528	7.36	300025	华星创业	SZ	7.15	7.15	
244	2013-05-20	32.31	32.32	30.58	31.59	59125	31.59	300026	红日药业	SZ	32.6	32.6	
244	2013-05-20	15.02	16.3	14.65	15.73	616644	7.83	300027	华谊兄弟	SZ	14.95	7.45	
244	2013-05-20	6.1	6.27	6.01	6.23	103872	6.19	300028	金亚科技	SZ	6.06	6.02	
244	2013-05-20	6.41	6.74	6.37	6.65	155381	6.65	300029	天龙光电	SZ	6.46	6.46	
244	2013-05-20	19.34	19.62	19.12	19.54	20289	9.7	300030	阳普医疗	SZ	19.4	9.63	
244	2013-05-20	9.35	9.37	9.23	9.36	36806	9.36	300031	宝通带业	SZ	9.6	9.33	
244	2013-05-20	16.85	16.95	16.39	16.88	11506	8.39	300032	金龙机电	SZ	16.84	8.38	
244	2013-05-20	16.82	18.45	16.72	17.88	23375	17.83	300033	同花顺	SZ	16.88	16.83	
244	2013-05-20	16.95	17.75	16.95	17.58	53544	17.44	300034	钢研高纳	SZ	16.76	16.62	
244	2013-05-20	9.47	9.73	9.43	9.57	58506	6.38	300035	中科电气	SZ	9.39	6.26	
244	2013-05-20	11.21	11.79	11.21	11.79	50657	11.79	300036	超图软件	SZ	11.1	11.1	
244	2013-05-20	29	29.01	28.01	28.98	15210	28.98	300037	新宙邦	SZ	29	29	
244	2013-05-20	9.63	10.54	9.63	10.1	52774	10.06	300038	梅泰诺	SZ	9.58	9.54	
244	2013-05-20	12.01	12.09	11.42	11.58	172398	9.48	300039	上海凯宝	SZ	12	9.83	
244	2013-05-20	7.54	7.74	7.54	7.71	65717	3.75	300040	九洲电气	SZ	7.55	3.68	
244	2013-05-20	10.7	11.39	10.63	11.37	69259	11.37	300041	回天胶业	SZ	10.73	10.73	
244	2013-05-20	10.25	11.33	10.2	11.33	79234	11.24	300042	朗科科技	SZ	10.3	10.22	
244	2013-05-20	13.28	13.74	13.03	13.56	56826	6.78	300043	星辉车模	SZ	13.21	6.61	
244	2013-05-20	8.15	8.44	8.12	8.36	141235	8.36	300044	赛为智能	SZ	8.15	8.15	
244	2013-05-20	17.61	18.55	17.38	18.35	69725	18.32	300045	华力创通	SZ	17.61	17.58	
244	2013-05-20	8.56	9	8.49	8.79	28672	8.53	300046	台基股份	SZ	8.53	8.28	
244	2013-05-20	9.21	9.92	9.21	9.45	148888	9.42	300047	天源迪科	SZ	9.21	9.18	
244	2013-05-20	10.1	10.67	10.08	10.57	80358	10.57	300048	合康变频	SZ	10.08	10.08	
244	2013-05-20	11.2	11.38	11.15	11.36	35253	11.36	300049	福瑞股份	SZ	11.17	11.17	
244	2013-05-20	10.1	10.77	10.04	10.75	53393	10.75	300050	世纪鼎利	SZ	10.1	10.1	
244	2013-05-20	5.97	6.33	5.97	6.2	298009	3.1	300051	三五互联	SZ	6.01	3.01	
244	2013-05-20	7.5	8.19	7.39	8.19	270075	4.07	300052	中青宝	SZ	7.45	3.7	
244	2013-05-20	7.82	8.14	7.81	8.1	80692	8.08	300053	欧比特	SZ	7.82	7.8	
244	2013-05-20	31.2	32.23	30.7	31.71	34686	31.6	300055	万邦达	SZ	31.09	30.99	
244	2013-05-20	13.18	13.48	12.8	13.44	76962	13.44	300057	万顺股份	SZ	13.15	13.15	
244	2013-05-20	44.25	45.29	42.4	44.45	22695	44.45	300058	蓝色光标	SZ	44.58	44.58	
244	2013-05-20	10.7	11.63	10.5	11.3	231278	11.3	300059	东方财富	SZ	10.83	10.83	
244	2013-05-20	9.08	9.37	9	9.27	42629	9.27	300061	康耐特	SZ	9.15	9.15	
244	2013-05-20	8.82	9.05	8.79	9.02	22502	8.92	300062	中能电气	SZ	8.8	8.7	
244	2013-05-20	10.04	10.35	10.04	10.15	19873	10.05	300063	天龙集团	SZ	10.11	10.01	
244	2013-05-20	5.13	5.26	5.12	5.25	66995	5.21	300064	豫金刚石	SZ	5.15	5.12	
244	2013-05-20	9.16	9.58	9.16	9.48	30898	9.48	300065	海兰信	SZ	9.21	9.21	
244	2013-05-20	11.13	11.87	11.13	11.79	40463	11.67	300066	三川股份	SZ	11.2	11.08	
244	2013-05-20	7.36	7.56	7.36	7.53	24553	7.46	300067	安诺其	SZ	7.4	7.33	
244	2013-05-20	7.88	8.18	7.85	8.11	207067	8.11	300068	南都电源	SZ	7.84	7.84	
244	2013-05-20	9.67	9.92	9.53	9.89	13913	6.46	300069	金利华电	SZ	9.62	6.29	
244	2013-05-20	38.58	40.5	37.8	38.9	72566	38.9	300070	碧水源	SZ	38.38	38.38	
244	2013-05-20	26.9	28.32	26.6	27.84	87735	13.9	300071	华谊嘉信	SZ	27.52	13.74	
244	2013-05-20	18.28	19.66	18.01	19.5	209909	19.5	300072	三聚环保	SZ	18.28	18.28	
244	2013-05-20	10.23	10.5	10.2	10.45	46476	10.4	300073	当升科技	SZ	10.17	10.13	
244	2013-05-20	12.81	13.25	12.43	12.85	149068	8.53	300074	华平股份	SZ	12.88	3.86	
244	2013-05-20	27.71	29.32	27.67	29.23	14804	19.37	300075	数字政通	SZ	27.86	18.46	
244	2013-05-20	12.83	13.2	12.81	13.03	13921	13.03	300076	宁波GQY	SZ	12.83	12.83	
244	2013-05-20	17.33	17.95	17.15	17.63	86196	17.54	300077	国民技术	SZ	17.29	17.2	
244	2013-05-20	14.19	14.6	14.09	14.45	40253	14.02	300078	中瑞思创	SZ	14.12	13.7	
244	2013-05-20	22	23.45	22	23.16	158232	22.95	300079	数码视讯	SZ	21.7	21.5	
244	2013-05-20	7.1	7.84	7.1	7.84	190427	7.84	300080	新大新材	SZ	7.13	7.13	
244	2013-05-20	13.8	14.67	13.7	14.4	173393	14.4	300081	恒信移动	SZ	13.92	13.92	
244	2013-05-20	10.08	10.36	9.97	10.26	37847	7.76	300082	奥克股份	SZ	9.96	7.53	
244	2013-05-20	21.45	22.8	21.32	22.42	46982	22.3	300083	劲胜股份	SZ	21.42	21.31	
244	2013-05-20	11.4	12.58	11.4	12.16	77061	12.16	300084	海默科技	SZ	11.45	11.45	
244	2013-05-20	20.1	22.16	20.1	21.7	46263	10.74	300085	银之杰	SZ	20.14	9.97	
244	2013-05-20	14.4	14.56	14.07	14.3	19511	14.3	300086	康芝药业	SZ	14.51	14.51	
244	2013-05-20	11.69	12.08	11.61	12.02	27276	12.02	300087	荃银高科	SZ	11.66	11.66	
244	2013-05-20	7.59	8.04	7.55	7.88	63922	7.88	300089	长城集团	SZ	7.58	7.58	
244	2013-05-20	6.76	6.94	6.73	6.84	39054	6.84	300091	金通灵	SZ	6.78	6.78	
244	2013-05-20	10.17	10.76	10.17	10.58	13989	10.47	300092	科新机电	SZ	10.16	10.05	
244	2013-05-20	6.15	6.54	6.15	6.5	69552	6.48	300093	金刚玻璃	SZ	6.15	6.13	
244	2013-05-20	6.58	6.73	6.41	6.52	52202	6.52	300094	国联水产	SZ	6.59	6.59	
244	2013-05-20	10.58	10.72	10.48	10.71	8036	8.16	300095	华伍股份	SZ	10.47	7.98	
244	2013-05-20	14.08	14.65	14.08	14.61	34810	14.52	300096	易联众	SZ	14.29	14.2	
244	2013-05-20	7.04	7.07	6.92	6.97	11270	3.48	300097	智云股份	SZ	6.86	3.43	
244	2013-05-20	10.54	10.79	10.54	10.69	18855	10.69	300098	高新兴	SZ	10.56	10.56	
244	2013-05-20	10.53	11.13	10.53	10.99	70411	10.99	300099	尤洛卡	SZ	10.52	10.52	
244	2013-05-20	8	8.18	7.93	8.15	59008	3.85	300100	双林股份	SZ	7.93	3.74	
244	2013-05-20	18.36	19.4	18.33	19.4	132599	19.4	300101	国腾电子	SZ	18.32	18.32	
244	2013-05-20	10.2	10.44	9.95	10.18	238765	10.18	300102	乾照光电	SZ	10.01	9.83	
244	2013-05-20	9.9	10.34	9.67	10.1	82438	10.1	300103	达刚路机	SZ	9.86	9.86	
244	2013-05-20	22.41	24.71	22.33	24.32	285884	12.77	300104	乐视网	SZ	22.46	11.8	
244	2013-05-20	30.4	32.11	30.12	31.98	25494	31.89	300105	龙源技术	SZ	30.51	30.42	
244	2013-05-20	15.4	15.92	15.29	15.68	26323	15.66	300106	西部牧业	SZ	15.32	15.3	
244	2013-05-20	17.68	18.12	17.52	17.98	7449	8.96	300107	建新股份	SZ	17.58	8.76	
244	2013-05-20	7.19	7.4	7.13	7.36	21795	7.22	300108	双龙股份	SZ	7.2	7.06	
244	2013-05-20	8.55	8.96	8.54	8.8	11945	8.75	300109	新开源	SZ	8.57	8.52	
244	2013-05-20	10.32	10.32	9.93	10.16	88768	10.16	300110	华仁药业	SZ	10.33	10.33	
244	2013-05-20	3.96	4.29	3.94	4.27	312815	1.94	300111	向日葵	SZ	3.98	1.81	
244	2013-05-20	8.55	8.75	8.55	8.66	46844	8.62	300112	万讯自控	SZ	8.57	8.53	
244	2013-05-20	46.58	47.57	44.8	44.9	25271	44.66	300113	顺网科技	SZ	46.87	46.61	
244	2013-05-20	33.52	33.9	32.6	32.8	33732	32.72	300115	长盈精密	SZ	34	33.91	
244	2013-05-20	6.01	6.25	6.01	6.2	35915	3.1	300116	坚瑞消防	SZ	6.03	3.02	
244	2013-05-20	7.81	8	7.74	7.9	58486	7.86	300117	嘉寓股份	SZ	7.83	7.79	
244	2013-05-20	5.41	5.61	5.35	5.58	143398	5.58	300118	东方日升	SZ	5.41	5.41	
244	2013-05-20	45.02	46.19	44.42	45.83	16664	22.79	300119	瑞普生物	SZ	44.8	22.28	
244	2013-05-20	7.06	7.3	7.06	7.27	20796	7.18	300120	经纬电材	SZ	7.07	6.98	
244	2013-05-20	8.71	9.04	8.66	8.96	13664	8.96	300121	阳谷华泰	SZ	8.71	8.71	
244	2013-05-20	41.45	42	40.33	41.94	7732	41.67	300122	智飞生物	SZ	41.17	40.9	
244	2013-05-20	14.95	15.16	14.72	15.08	26714	14.99	300123	太阳鸟	SZ	14.84	14.75	
244	2013-05-20	34.92	37.3	34.92	36.97	21597	36.97	300124	汇川技术	SZ	34.9	34.9	
244	2013-05-20	12.28	13.28	12.28	12.97	77329	12.97	300125	易世达	SZ	12.07	12.07	
244	2013-05-20	8.58	8.79	8.58	8.78	12728	8.69	300126	锐奇股份	SZ	8.57	8.48	
244	2013-05-20	38.3	42.12	38.2	41.3	59710	20.45	300127	银河磁体	SZ	38.42	19.02	
244	2013-05-20	13.64	14	13.53	13.95	54069	6.82	300128	锦富新材	SZ	13.64	6.66	
244	2013-05-20	5.8	6.06	5.76	5.99	77002	5.99	300129	泰胜风能	SZ	5.77	5.77	
244	2013-05-20	12.25	12.58	12.2	12.47	20288	12.47	300130	新国都	SZ	12.2	12.2	
244	2013-05-20	8.27	8.8	8.12	8.53	43426	4.22	300131	英唐智控	SZ	8.2	4.05	
244	2013-05-20	7.94	8.25	7.94	8.24	22003	8.24	300132	青松股份	SZ	7.92	7.92	
244	2013-05-20	21.5	22.8	20.44	22.48	156970	22.48	300133	华策影视	SZ	21.4	21.4	
244	2013-05-20	13.17	13.53	13.08	13.36	59906	13.36	300134	大富科技	SZ	13.24	13.24	
244	2013-05-20	5.88	5.97	5.82	5.96	139875	3.67	300135	宝利沥青	SZ	5.83	3.59	
244	2013-05-20	24.39	25	23.72	24.98	21423	24.98	300136	信维通信	SZ	24.4	24.4	
244	2013-05-20	11.87	12.42	11.87	12.39	61713	9.53	300137	先河环保	SZ	11.85	9.12	
244	2013-05-20	9.68	9.79	9.5	9.67	20740	9.67	300138	晨光生物	SZ	9.57	9.57	
244	2013-05-20	26.06	26.65	25.86	25.89	14999	25.89	300139	福星晓程	SZ	26.29	26.29	
244	2013-05-20	10.78	11.19	10.75	11.17	19341	11.17	300140	启源装备	SZ	10.78	10.78	
244	2013-05-20	9.59	10.28	9.57	10.24	56916	10.14	300141	和顺电气	SZ	9.59	9.5	
244	2013-05-20	39.95	40.93	39.71	40.8	12792	40.55	300142	沃森生物	SZ	40.09	39.85	
244	2013-05-20	10.57	10.87	10.55	10.67	40767	10.67	300143	星河生物	SZ	10.62	10.62	
244	2013-05-20	15.08	15.43	15.01	15.3	30289	15.24	300144	宋城股份	SZ	15.08	15.03	
244	2013-05-20	24.6	24.95	24.01	24.94	9457	24.81	300145	南方泵业	SZ	24.51	24.38	
244	2013-05-20	25.27	25.8	24.65	25	64729	12.14	300146	汤臣倍健	SZ	25.49	12.38	
244	2013-05-20	15.48	15.54	14.65	15.16	103471	11.54	300147	香雪制药	SZ	15.48	11.78	
244	2013-05-20	11.34	11.99	11.34	11.58	110464	7.7	300148	天舟文化	SZ	11.31	7.52	
244	2013-05-20	7.23	7.36	7.22	7.35	16112	7.35	300149	量子高科	SZ	7.22	7.22	
244	2013-05-20	8.42	8.76	8.41	8.71	60354	8.71	300150	世纪瑞尔	SZ	8.41	8.41	
244	2013-05-20	9.82	10.13	9.79	10.01	14548	9.83	300151	昌红科技	SZ	9.82	9.64	
244	2013-05-20	11.89	12.42	11.82	12.29	168862	12.25	300152	燃控科技	SZ	11.88	11.84	
244	2013-05-20	7.9	8.04	7.8	8.02	15728	7.93	300153	科泰电源	SZ	7.89	7.8	
244	2013-05-20	8.74	8.95	8.72	8.94	30811	8.76	300154	瑞凌股份	SZ	8.73	8.55	
244	2013-05-20	16.33	16.98	16.18	16.88	33100	16.69	300155	安居宝	SZ	16.3	16.11	
244	2013-05-20	13.77	14.13	13.7	13.83	132587	13.64	300156	天立环保	SZ	13.74	13.56	
244	2013-05-20	17.1	18.17	17	18.15	51791	9.05	300157	恒泰艾普	SZ	17.19	8.57	
244	2013-05-20	11.3	11.42	11.11	11.41	30310	11.38	300158	振东制药	SZ	11.3	11.27	
244	2013-05-20	32.1	33.36	32.02	33.1	33403	16.07	300159	新研股份	SZ	31.98	15.52	
244	2013-05-20	8.12	8.22	7.97	8.22	20202	8.17	300160	秀强股份	SZ	8.06	8.02	
244	2013-05-20	13.31	14.1	13.14	14.09	38173	14.08	300161	华中数控	SZ	13.19	13.18	
244	2013-05-20	13.19	13.79	13.16	13.49	71682	13.21	300162	雷曼光电	SZ	13.46	13.18	
244	2013-05-20	12.1	12.39	12.07	12.37	5897	12.27	300163	先锋新材	SZ	12.1	12	
244	2013-05-20	14.61	14.87	14.51	14.77	42809	14.6	300165	天瑞仪器	SZ	14.49	14.33	
244	2013-05-20	8.94	9.44	8.94	9.4	40902	4.64	300167	迪威视讯	SZ	8.99	4.44	
244	2013-05-20	25.01	26.67	24.61	26.67	35577	26.58	300168	万达信息	SZ	25.02	24.93	
244	2013-05-20	6	6.14	5.93	6.08	38803	6.08	300169	天晟新材	SZ	5.94	5.94	
244	2013-05-20	15.93	17.13	15.91	17.13	45081	11.29	300170	汉得信息	SZ	15.73	10.37	
244	2013-05-20	31.5	31.66	31.01	31.59	33496	31.1	300171	东富龙	SZ	31.35	30.86	
244	2013-05-20	14.98	15.58	14.98	15.45	39101	11.71	300172	中电环保	SZ	15.02	11.39	
244	2013-05-20	8.05	8.27	8.05	8.24	6846	8.14	300173	松德股份	SZ	8.12	8.03	
244	2013-05-20	8.35	8.42	8.25	8.42	12150	8.39	300174	元力股份	SZ	8.32	8.29	
244	2013-05-20	4.36	4.66	4.33	4.52	245508	4.51	300175	朗源股份	SZ	4.36	4.35	
244	2013-05-20	10.01	10.15	10	10.12	7956	8.36	300176	鸿特精密	SZ	10.01	8.26	
244	2013-05-20	18.88	19.38	18.6	19.25	88877	19.25	300177	中海达	SZ	18.69	18.69	
244	2013-05-20	14.65	15.27	14.63	15.09	36682	15.01	300178	腾邦国际	SZ	14.39	14.31	
244	2013-05-20	7.59	7.74	7.47	7.71	53085	4.21	300179	四方达	SZ	7.51	4.1	
244	2013-05-20	12.82	13.47	12.79	13.32	21663	13.21	300180	华峰超纤	SZ	12.81	12.7	
244	2013-05-20	6.86	6.9	6.68	6.79	81026	2.94	300181	佐力药业	SZ	6.84	2.96	
244	2013-05-20	31.89	33.08	30.88	31	43183	31	300182	捷成股份	SZ	31.33	31.33	
244	2013-05-20	26.23	27	26.15	26.56	30459	26.09	300183	东软载波	SZ	25.82	25.37	
244	2013-05-20	12.06	12.49	12	12.42	44902	8.28	300184	力源信息	SZ	12	8	
244	2013-05-20	4.42	4.51	4.4	4.46	67336	4.37	300185	通裕重工	SZ	4.41	4.32	
244	2013-05-20	8.41	8.68	8.4	8.61	68432	8.61	300186	大华农	SZ	8.37	8.37	
244	2013-05-20	20.8	21.17	20.54	20.59	41280	13.72	300187	永清环保	SZ	19.94	13.29	
244	2013-05-20	3.03	3.05	3.02	3.04	76722	2.99	301	东方市场	SZ	3.04	2.99	
244	2013-05-20	4.23	4.29	4.16	4.23	350399	4.2	31	中粮地产	SZ	4.21	4.18	
244	2013-05-20	8.6	8.67	8.43	8.61	56235	8.45	32	深桑达Ａ	SZ	8.57	8.41	
244	2013-05-20	4.1	4.22	4.06	4.11	27202	4.11	33	新都酒店	SZ	4.08	4.08	
244	2013-05-20	23.1	23.9	23.1	23.64	139173	23.28	338	潍柴动力	SZ	22.67	22.33	
244	2013-05-20	4.1	4.12	4.05	4.11	69711	4.11	34	ST深泰	SZ	4.11	4.11	
244	2013-05-20	3.32	3.35	3.28	3.3	196961	3.3	36	华联控股	SZ	3.31	3.31	
244	2013-05-20	4.55	4.6	4.46	4.53	36237	4.53	37	深南电Ａ	SZ	4.52	4.52	
244	2013-05-20	12.53	12.7	12.4	12.61	93289	12.38	39	中集集团	SZ	12.52	12.3	
244	2013-05-20	12.15	12.33	11.74	11.9	42666	11.9	4	ST国农	SZ	12.15	12.15	
244	2013-05-20	4.58	4.63	4.56	4.58	55084	4.54	40	深 鸿 基	SZ	4.57	4.53	
244	2013-05-20	30.4	31.55	29.81	31.19	122672	31.19	400	许继电气	SZ	30.44	30.44	
244	2013-05-20	11.67	11.7	11.52	11.57	114859	11.45	401	冀东水泥	SZ	11.59	11.47	
244	2013-05-20	6.14	6.21	6.11	6.12	305302	5.98	402	金 融 街	SZ	6.14	6	
