0	2014-04-29	20.9	21.45	20.8	21.17	73719	21.17	002456	欧菲光	SZ	20.93	20.93	
1	2014-04-28	21.5	21.5	20.5	20.93	85824	20.93	002456	欧菲光	SZ	21.52	21.52	
2	2014-04-25	21.85	22.59	21.5	21.52	90631	21.52	002456	欧菲光	SZ	21.95	21.95	
3	2014-04-24	22.35	22.48	21.86	21.95	60251	21.95	002456	欧菲光	SZ	22.27	22.27	
4	2014-04-23	22.8	22.94	22.09	22.27	70982	22.27	002456	欧菲光	SZ	22.8	22.8	
5	2014-04-22	23.15	23.66	21.8	22.8	162736	22.8	002456	欧菲光	SZ	23.55	11.69	
6	2014-04-21	23.28	24.34	23.06	23.55	131713	11.69	002456	欧菲光	SZ	23.45	11.64	
7	2014-04-18	23.5	23.62	23.08	23.45	73128	11.64	002456	欧菲光	SZ	23.5	11.67	
8	2014-04-17	22.88	23.65	22.88	23.5	106932	11.67	002456	欧菲光	SZ	22.65	11.24	
9	2014-04-16	22.32	22.75	22.08	22.65	67844	11.24	002456	欧菲光	SZ	22.33	11.08	
10	2014-04-15	22.96	23.2	22.08	22.33	127396	11.08	002456	欧菲光	SZ	23	11.42	
11	2014-04-14	23.75	23.88	22.76	23	141852	11.42	002456	欧菲光	SZ	23.58	11.71	
12	2014-04-11	23.56	23.69	23.27	23.58	94753	11.71	002456	欧菲光	SZ	23.71	11.77	
13	2014-04-10	23	23.74	23	23.71	166413	11.77	002456	欧菲光	SZ	22.94	11.39	
14	2014-04-09	22.97	23.58	22.75	22.94	104636	11.39	002456	欧菲光	SZ	22.81	11.32	
15	2014-04-08	22.17	23.11	22	22.81	119341	11.32	002456	欧菲光	SZ	22.12	10.98	
17	2014-04-04	21.97	22.33	21.85	22.12	83690	10.98	002456	欧菲光	SZ	21.97	10.9	
18	2014-04-03	22.19	22.39	21.77	21.97	87749	10.9	002456	欧菲光	SZ	22.19	11.02	
19	2014-04-02	21.69	22.48	21.69	22.19	199016	11.02	002456	欧菲光	SZ	21.55	10.7	
20	2014-04-01	21.06	21.6	20.83	21.55	107651	10.7	002456	欧菲光	SZ	21.05	10.45	
21	2014-03-31	21.2	21.7	20.74	21.05	109047	10.45	002456	欧菲光	SZ	21.83	10.84	
22	2014-03-28	21.25	22.15	19.52	21.83	373516	10.84	002456	欧菲光	SZ	21.69	10.77	
23	2014-03-27	24.5	24.64	21.65	21.69	455133	10.77	002456	欧菲光	SZ	24.06	11.94	
47	2014-02-21	23.91	24.65	23.7	24.06	144014	11.94	002456	欧菲光	SZ	23.91	11.87	
48	2014-02-20	24.25	24.7	23.67	23.91	125716	11.87	002456	欧菲光	SZ	24.24	12.03	
49	2014-02-19	24.65	24.67	23.89	24.24	141361	12.03	002456	欧菲光	SZ	24.73	12.28	
50	2014-02-18	25.85	25.85	24.42	24.73	259390	12.28	002456	欧菲光	SZ	25.85	12.84	
51	2014-02-17	25.85	26.18	25.43	25.85	207808	12.84	002456	欧菲光	SZ	25.82	12.82	
52	2014-02-14	23.94	25.99	23.94	25.82	279250	12.82	002456	欧菲光	SZ	23.92	11.88	
53	2014-02-13	24.1	24.72	23.75	23.92	265135	11.88	002456	欧菲光	SZ	24.08	11.96	
54	2014-02-12	23.49	24.39	23.09	24.08	190170	11.96	002456	欧菲光	SZ	23.45	11.64	
55	2014-02-11	22.99	24.52	22.99	23.45	361535	11.64	002456	欧菲光	SZ	22.3	11.07	
56	2014-02-10	21.6	22.48	21.5	22.3	254116	11.07	002456	欧菲光	SZ	21.48	10.66	
57	2014-02-07	21.15	21.68	20.75	21.48	200379	10.66	002456	欧菲光	SZ	21.24	10.54	
62	2014-01-30	20.81	21.49	20.81	21.24	57078	10.54	002456	欧菲光	SZ	20.86	10.36	
63	2014-01-29	21.2	21.25	20.77	20.86	71042	10.36	002456	欧菲光	SZ	21.1	10.48	
64	2014-01-28	21.48	21.8	20.94	21.1	72786	10.48	002456	欧菲光	SZ	21.6	10.72	
65	2014-01-27	21.5	21.81	21.21	21.6	70086	10.72	002456	欧菲光	SZ	21.58	10.72	
66	2014-01-24	21.4	21.77	21.15	21.58	96339	10.72	002456	欧菲光	SZ	21.42	10.63	
67	2014-01-23	21.85	21.96	21.35	21.42	97030	10.63	002456	欧菲光	SZ	21.83	10.84	
68	2014-01-22	21.16	21.89	21.09	21.83	78139	10.84	002456	欧菲光	SZ	21.09	10.47	
69	2014-01-21	20.9	21.42	20.88	21.09	50722	10.47	002456	欧菲光	SZ	20.9	10.37	
70	2014-01-20	21.05	21.38	20.76	20.9	76146	10.37	002456	欧菲光	SZ	21.22	10.53	
71	2014-01-17	22.22	22.37	21.09	21.22	128706	10.53	002456	欧菲光	SZ	22.22	11.03	
72	2014-01-16	22.23	22.42	22.05	22.22	60055	11.03	002456	欧菲光	SZ	22.22	11.03	
73	2014-01-15	22.15	22.35	21.99	22.22	58190	11.03	002456	欧菲光	SZ	22.1	10.97	
74	2014-01-14	21.85	22.23	21.64	22.1	71006	10.97	002456	欧菲光	SZ	21.85	10.85	
75	2014-01-13	23.13	23.25	21.6	21.85	128310	10.85	002456	欧菲光	SZ	23.1	11.47	
76	2014-01-10	23.91	24.05	23.09	23.1	60943	11.47	002456	欧菲光	SZ	24.03	11.93	
77	2014-01-09	24.04	24.3	23.7	24.03	79412	11.93	002456	欧菲光	SZ	24	11.92	
78	2014-01-08	23.38	24.2	23.26	24	97954	11.92	002456	欧菲光	SZ	23.25	11.55	
79	2014-01-07	23.14	23.59	23.05	23.25	65699	11.55	002456	欧菲光	SZ	23.42	11.63	
80	2014-01-06	24.17	24.19	23.29	23.42	102627	11.63	002456	欧菲光	SZ	24.18	12	
81	2014-01-03	23.9	24.56	23.82	24.18	138148	12	002456	欧菲光	SZ	24.23	12.03	
82	2014-01-02	24.52	25	24	24.23	129597	12.03	002456	欧菲光	SZ	24.04	11.94	
84	2013-12-31	23.6	24.12	23.26	24.04	104285	11.94	002456	欧菲光	SZ	23.66	11.74	
85	2013-12-30	23.42	23.75	23.25	23.66	78098	11.74	002456	欧菲光	SZ	23.42	11.63	
86	2013-12-27	22.58	23.42	22.46	23.42	107832	11.63	002456	欧菲光	SZ	22.58	11.21	
87	2013-12-26	22.64	22.96	22.45	22.58	57211	11.21	002456	欧菲光	SZ	22.77	11.31	
88	2013-12-25	22.17	22.78	22	22.77	68994	11.31	002456	欧菲光	SZ	22.17	11.01	
89	2013-12-24	22.45	22.64	21.98	22.17	55445	11.01	002456	欧菲光	SZ	22.45	11.15	
90	2013-12-23	22.43	22.5	21.9	22.45	63778	11.15	002456	欧菲光	SZ	22.45	11.15	
91	2013-12-20	23.15	23.61	22.35	22.45	74211	11.15	002456	欧菲光	SZ	22.82	11.33	
92	2013-12-19	22.62	23.14	22.62	22.82	58045	11.33	002456	欧菲光	SZ	22.65	11.24	
93	2013-12-18	22.75	23.04	22.47	22.65	42965	11.24	002456	欧菲光	SZ	22.94	11.39	
94	2013-12-17	23.17	23.26	22.81	22.94	51070	11.39	002456	欧菲光	SZ	23.17	11.5	
95	2013-12-16	22.75	23.19	22.56	23.17	94256	11.5	002456	欧菲光	SZ	22.69	11.27	
96	2013-12-13	22.62	22.89	22.4	22.69	67027	11.27	002456	欧菲光	SZ	22.77	11.3	
97	2013-12-12	22.47	22.79	22.41	22.77	64173	11.3	002456	欧菲光	SZ	22.46	11.15	
98	2013-12-11	22.75	22.76	22.35	22.46	60442	11.15	002456	欧菲光	SZ	22.75	11.29	
99	2013-12-10	22.75	22.92	22.49	22.75	65697	11.29	002456	欧菲光	SZ	22.65	11.24	
100	2013-12-09	22.9	23.12	22.45	22.65	95986	11.24	002456	欧菲光	SZ	22.69	11.27	
101	2013-12-06	23.13	23.25	22.4	22.69	89202	11.27	002456	欧菲光	SZ	23.12	11.48	
102	2013-12-05	23.9	24.35	23.1	23.12	82520	11.48	002456	欧菲光	SZ	23.81	11.82	
103	2013-12-04	23.42	24.5	23.42	23.81	129417	11.82	002456	欧菲光	SZ	23.29	11.56	
104	2013-12-03	22.56	23.42	22.55	23.29	76903	11.56	002456	欧菲光	SZ	22.7	11.27	
105	2013-12-02	23.22	23.55	22.58	22.7	154670	11.27	002456	欧菲光	SZ	23.92	11.88	
106	2013-11-29	23.84	24.47	23.84	23.92	132886	11.88	002456	欧菲光	SZ	23.7	11.77	
107	2013-11-28	23.9	24.05	23.55	23.7	128004	11.77	002456	欧菲光	SZ	23.88	11.85	
108	2013-11-27	23.25	24.25	23.1	23.88	211566	11.85	002456	欧菲光	SZ	23.25	11.54	
109	2013-11-26	22.55	23.38	22.31	23.25	179144	11.54	002456	欧菲光	SZ	22.47	11.16	
110	2013-11-25	22.3	22.89	22.11	22.47	121670	11.16	002456	欧菲光	SZ	22.2	11.02	
111	2013-11-22	22.34	22.65	22.16	22.2	74438	11.02	002456	欧菲光	SZ	22.41	11.12	
112	2013-11-21	22.4	22.5	21.81	22.41	109965	11.12	002456	欧菲光	SZ	22.67	11.25	
113	2013-11-20	22.9	23.09	22	22.67	126555	11.25	002456	欧菲光	SZ	22.9	11.37	
114	2013-11-19	21.75	23.53	21.67	22.9	232951	11.37	002456	欧菲光	SZ	21.75	10.8	
115	2013-11-18	21.6	21.93	21.38	21.75	95911	10.8	002456	欧菲光	SZ	21.55	10.7	
116	2013-11-15	21.19	22	21.05	21.55	123168	10.7	002456	欧菲光	SZ	21.25	10.55	
117	2013-11-14	20.99	21.38	20.91	21.25	52085	10.55	002456	欧菲光	SZ	21.1	10.48	
118	2013-11-13	21.15	21.43	21	21.1	67869	10.48	002456	欧菲光	SZ	21.1	10.48	
119	2013-11-12	21.1	21.2	20.89	21.1	53720	10.48	002456	欧菲光	SZ	21.08	10.46	
120	2013-11-11	20.88	21.17	20.64	21.08	50802	10.46	002456	欧菲光	SZ	20.9	10.38	
121	2013-11-08	20.9	21.39	20.86	20.9	54876	10.38	002456	欧菲光	SZ	20.89	10.37	
122	2013-11-07	20.98	21.28	20.83	20.89	153209	10.37	002456	欧菲光	SZ	21.52	10.69	
123	2013-11-06	21.5	22.03	21.45	21.52	81905	10.69	002456	欧菲光	SZ	21.47	10.66	
124	2013-11-05	21.25	21.67	21.24	21.47	52548	10.66	002456	欧菲光	SZ	21.43	10.64	
125	2013-11-04	20.9	21.65	20.9	21.43	75586	10.64	002456	欧菲光	SZ	20.9	10.37	
126	2013-11-01	21.03	21.22	20.5	20.9	79327	10.37	002456	欧菲光	SZ	21.38	10.61	
127	2013-10-31	22.05	22.13	21.34	21.38	64524	10.61	002456	欧菲光	SZ	21.96	10.9	
128	2013-10-30	21.48	22.11	21.45	21.96	90952	10.9	002456	欧菲光	SZ	21.38	10.61	
129	2013-10-29	22.06	22.06	20.3	21.38	144573	10.61	002456	欧菲光	SZ	22.07	10.95	
130	2013-10-28	22.17	22.74	21.72	22.07	128583	10.95	002456	欧菲光	SZ	22.01	10.93	
131	2013-10-25	21.91	22.77	21.78	22.01	107902	10.93	002456	欧菲光	SZ	22.3	11.07	
132	2013-10-24	21.66	22.37	21.3	22.3	113738	11.07	002456	欧菲光	SZ	21.95	10.9	
133	2013-10-23	23	23.03	21.85	21.95	204838	10.9	002456	欧菲光	SZ	23.23	11.53	
134	2013-10-22	22.98	23.77	22.9	23.23	230002	11.53	002456	欧菲光	SZ	23.2	11.52	
135	2013-10-21	23.8	23.83	22.33	23.2	269770	11.52	002456	欧菲光	SZ	23.6	11.72	
136	2013-10-18	24.74	24.74	23.21	23.6	420920	11.72	002456	欧菲光	SZ	23.16	11.5	
137	2013-10-17	22.5	23.16	22.5	23.16	283977	11.5	002456	欧菲光	SZ	21.06	10.45	
138	2013-10-16	21.14	21.65	20.77	21.06	179487	10.45	002456	欧菲光	SZ	21.14	10.49	
139	2013-10-15	20.99	21.94	20.7	21.14	272314	10.49	002456	欧菲光	SZ	21	10.43	
140	2013-10-14	19.65	21.2	19.45	21	343380	10.43	002456	欧菲光	SZ	19.47	9.66	
141	2013-10-11	20.3	20.42	19.34	19.47	380493	9.66	002456	欧菲光	SZ	20.35	10.1	
142	2013-10-10	21.15	21.2	20.25	20.35	251636	10.1	002456	欧菲光	SZ	21.58	10.71	
143	2013-10-09	21.52	21.65	21	21.58	113139	10.71	002456	欧菲光	SZ	21.52	10.68	
144	2013-10-08	21.24	21.67	20.78	21.52	143316	10.68	002456	欧菲光	SZ	21.25	10.55	
150	2013-09-30	21.21	21.59	21.21	21.25	78612	10.55	002456	欧菲光	SZ	21.26	10.55	
151	2013-09-27	21.13	21.87	21.05	21.26	95846	10.55	002456	欧菲光	SZ	21.14	10.5	
152	2013-09-26	21.93	21.93	21.1	21.14	145518	10.5	002456	欧菲光	SZ	21.93	10.89	
153	2013-09-25	22.45	22.45	21.86	21.93	169277	10.89	002456	欧菲光	SZ	22.6	11.22	
154	2013-09-24	22.75	23.17	22.5	22.6	116356	11.22	002456	欧菲光	SZ	22.65	11.24	
155	2013-09-23	22.25	22.67	22.05	22.65	108709	11.24	002456	欧菲光	SZ	22.05	10.95	
157	2013-09-18	22	22.28	21.86	22.05	92639	10.95	002456	欧菲光	SZ	22.01	10.93	
158	2013-09-17	22.88	22.9	21.95	22.01	176318	10.93	002456	欧菲光	SZ	22.78	11.31	
159	2013-09-16	22.88	22.99	22.45	22.78	100732	11.31	002456	欧菲光	SZ	22.88	11.36	
160	2013-09-13	22.84	23.05	22.5	22.88	74043	11.36	002456	欧菲光	SZ	22.84	11.34	
161	2013-09-12	22.45	22.95	22.45	22.84	113097	11.34	002456	欧菲光	SZ	22.35	11.1	
162	2013-09-11	23.49	23.49	22.1	22.35	273223	11.1	002456	欧菲光	SZ	23.5	11.67	
163	2013-09-10	23.95	24.1	23.27	23.5	141371	11.67	002456	欧菲光	SZ	23.9	11.87	
164	2013-09-09	24.6	24.6	23.67	23.9	198754	11.87	002456	欧菲光	SZ	24.69	12.26	
165	2013-09-06	24.45	25.23	24.28	24.69	173595	12.26	002456	欧菲光	SZ	24.57	12.2	
166	2013-09-05	25.14	25.27	24.26	24.57	240523	12.2	002456	欧菲光	SZ	25.01	12.42	
167	2013-09-04	23.5	25.25	23.45	25.01	374013	12.42	002456	欧菲光	SZ	23.54	11.69	
168	2013-09-03	23.18	24.15	23.08	23.54	119339	11.69	002456	欧菲光	SZ	23	11.42	
169	2013-09-02	22.77	23.27	22.65	23	94920	11.42	002456	欧菲光	SZ	22.89	11.36	
170	2013-08-30	23.84	24.18	22.5	22.89	176029	11.36	002456	欧菲光	SZ	23.84	11.84	
171	2013-08-29	23.14	24.19	22.5	23.84	176212	11.84	002456	欧菲光	SZ	23.25	11.54	
172	2013-08-28	23.86	23.86	23.17	23.25	159782	11.54	002456	欧菲光	SZ	24.07	11.95	
173	2013-08-27	24.4	24.58	23.9	24.07	141845	11.95	002456	欧菲光	SZ	24.55	12.19	
174	2013-08-26	24.35	25.27	24.35	24.55	249534	12.19	002456	欧菲光	SZ	24.39	12.11	
175	2013-08-23	23.25	24.63	23.25	24.39	361252	12.11	002456	欧菲光	SZ	23.1	11.47	
176	2013-08-22	22.91	23.42	22.91	23.1	102144	11.47	002456	欧菲光	SZ	23	11.42	
177	2013-08-21	23.36	23.4	22.85	23	106671	11.42	002456	欧菲光	SZ	23.42	11.63	
178	2013-08-20	22.75	23.67	22.5	23.42	201850	11.63	002456	欧菲光	SZ	22.69	11.27	
179	2013-08-19	22.75	23.07	22.07	22.69	226418	11.27	002456	欧菲光	SZ	22.75	11.29	
180	2013-08-16	23.29	23.49	22.67	22.75	170825	11.29	002456	欧菲光	SZ	23.45	11.64	
181	2013-08-15	23.65	24	23.4	23.45	100205	11.64	002456	欧菲光	SZ	23.6	11.72	
182	2013-08-14	24.18	24.22	23.55	23.6	169453	11.72	002456	欧菲光	SZ	24.18	12	
183	2013-08-13	24.08	24.26	23.5	24.18	125063	12	002456	欧菲光	SZ	24.09	11.96	
184	2013-08-12	25.15	25.25	23.4	24.09	290651	11.96	002456	欧菲光	SZ	25.16	12.49	
185	2013-08-09	25.35	25.89	24.75	25.16	185492	12.49	002456	欧菲光	SZ	25.27	12.55	
186	2013-08-08	24.21	25.99	24.16	25.27	321281	12.55	002456	欧菲光	SZ	24.49	12.16	
187	2013-08-07	24.75	25.34	24.11	24.49	169111	12.16	002456	欧菲光	SZ	24.97	12.39	
188	2013-08-06	23.27	25.3	23.27	24.97	276992	12.39	002456	欧菲光	SZ	23.12	11.48	
189	2013-08-05	23	23.4	22.75	23.12	169354	11.48	002456	欧菲光	SZ	23.1	11.47	
190	2013-08-02	23.94	24	23	23.1	174755	11.47	002456	欧菲光	SZ	23.92	11.88	
191	2013-08-01	23.35	23.93	22.25	23.92	249808	11.88	002456	欧菲光	SZ	23.64	11.74	
192	2013-07-31	23.55	24.25	23.41	23.64	99034	11.74	002456	欧菲光	SZ	23.64	11.74	
193	2013-07-30	23.4	23.9	23.19	23.64	102730	11.74	002456	欧菲光	SZ	23.17	11.51	
194	2013-07-29	24	24	22.89	23.17	141283	11.51	002456	欧菲光	SZ	24.02	11.93	
195	2013-07-26	24.15	24.8	23.83	24.02	118451	11.93	002456	欧菲光	SZ	24.3	12.06	
196	2013-07-25	25.8	26.18	24.29	24.3	164396	12.06	002456	欧菲光	SZ	25.85	12.83	
197	2013-07-24	25.73	26.37	25.44	25.85	185337	12.83	002456	欧菲光	SZ	25.72	12.77	
198	2013-07-23	24.83	25.74	24.75	25.72	162618	12.77	002456	欧菲光	SZ	24.44	12.14	
199	2013-07-22	23.74	24.75	23.25	24.44	140498	12.14	002456	欧菲光	SZ	23.76	11.8	
200	2013-07-19	25.28	25.75	23.74	23.76	282232	11.8	002456	欧菲光	SZ	25.42	12.62	
201	2013-07-18	25.98	26.25	25.26	25.42	203046	12.62	002456	欧菲光	SZ	26.33	13.07	
202	2013-07-17	27.35	27.58	25.93	26.33	158856	13.07	002456	欧菲光	SZ	27.05	13.43	
203	2013-07-16	26.67	27.3	26.25	27.05	181486	13.43	002456	欧菲光	SZ	26.32	13.07	
204	2013-07-15	25.75	26.56	25.75	26.32	186693	13.07	002456	欧菲光	SZ	26.2	13.01	
205	2013-07-12	27.46	28	26.17	26.2	189986	13.01	002456	欧菲光	SZ	27.36	13.58	
206	2013-07-11	26.11	27.38	25.75	27.36	198343	13.58	002456	欧菲光	SZ	25.98	12.9	
207	2013-07-10	26.38	26.5	25.39	25.98	181641	12.9	002456	欧菲光	SZ	26.16	12.99	
208	2013-07-09	26.07	26.65	25.25	26.16	174191	12.99	002456	欧菲光	SZ	26.07	12.94	
209	2013-07-08	26.7	27.9	25.75	26.07	211576	12.94	002456	欧菲光	SZ	27.4	13.6	
210	2013-07-05	28.94	29.25	27.29	27.4	176353	13.6	002456	欧菲光	SZ	28.97	14.38	
211	2013-07-04	29.26	29.75	28.4	28.97	243862	14.38	002456	欧菲光	SZ	29.15	14.47	
212	2013-07-03	26.9	29.15	26.51	29.15	340769	14.47	002456	欧菲光	SZ	26.5	13.16	
213	2013-07-02	25.64	26.74	25.29	26.5	201553	13.16	002456	欧菲光	SZ	25.44	12.63	
214	2013-07-01	24.1	25.75	23.83	25.44	235641	12.63	002456	欧菲光	SZ	23.83	11.83	
215	2013-06-28	23.59	24.77	23	23.83	166083	11.83	002456	欧菲光	SZ	23.35	11.59	
216	2013-06-27	24.05	24.27	22.73	23.35	143437	11.59	002456	欧菲光	SZ	23.85	11.84	
217	2013-06-26	21.75	23.98	21.58	23.85	210855	11.84	002456	欧菲光	SZ	21.86	10.86	
218	2013-06-25	20.5	21.99	18.91	21.86	196620	10.86	002456	欧菲光	SZ	20.92	10.39	
219	2013-06-24	23	23.01	20.92	20.92	147675	10.39	002456	欧菲光	SZ	23.12	11.48	
220	2013-06-21	23.44	23.58	21.85	23.12	113632	11.48	002456	欧菲光	SZ	23.68	11.76	
221	2013-06-20	24.34	24.61	23.62	23.68	72035	11.76	002456	欧菲光	SZ	24.5	12.17	
222	2013-06-19	23.8	24.73	23.33	24.5	141000	12.17	002456	欧菲光	SZ	23.8	11.82	
223	2013-06-18	24.34	24.35	23.44	23.8	144670	11.82	002456	欧菲光	SZ	24.35	12.09	
224	2013-06-17	25.75	25.99	24.25	24.35	213231	12.09	002456	欧菲光	SZ	25.52	12.67	
225	2013-06-14	24.65	25.7	24.65	25.52	128836	12.67	002456	欧菲光	SZ	24.61	12.22	
226	2013-06-13	25	25	23.33	24.61	119819	12.22	002456	欧菲光	SZ	25.15	12.49	
230	2013-06-07	24.67	25.63	24.66	25.15	160315	12.49	002456	欧菲光	SZ	24.66	12.24	
231	2013-06-06	24.75	24.93	24.52	24.66	85172	12.24	002456	欧菲光	SZ	24.75	12.29	
232	2013-06-05	23.97	24.94	23.82	24.75	156319	12.29	002456	欧菲光	SZ	23.97	11.9	
233	2013-06-04	24.55	24.83	23.76	23.97	122275	11.9	002456	欧菲光	SZ	24.58	12.2	
234	2013-06-03	23.99	25.38	23.74	24.58	198518	12.2	002456	欧菲光	SZ	24.17	12	
235	2013-05-31	25.45	25.45	23.74	24.17	273246	12	002456	欧菲光	SZ	25.23	12.52	
236	2013-05-30	26	26.35	24.95	25.23	213013	12.52	002456	欧菲光	SZ	26.6	13.21	
237	2013-05-29	27	27	24.35	26.6	281580	13.21	002456	欧菲光	SZ	27.05	13.43	
238	2013-05-28	28	28.4	26.75	27.05	217261	13.43	002456	欧菲光	SZ	28	13.9	
239	2013-05-27	27.05	28.24	26.7	28	213454	13.9	002456	欧菲光	SZ	27.05	13.43	
240	2013-05-24	26.92	27.5	26.52	27.05	143711	13.43	002456	欧菲光	SZ	27.12	13.47	
241	2013-05-23	27.3	27.79	27.11	27.12	134647	13.47	002456	欧菲光	SZ	27.47	13.64	
242	2013-05-22	28.08	28.72	27.25	27.47	190039	13.64	002456	欧菲光	SZ	28.08	13.94	
243	2013-05-21	27.1	28.84	26.25	28.08	311117	13.94	002456	欧菲光	SZ	27.07	13.44	
244	2013-05-20	27.35	27.6	26	27.07	198794	13.44	002456	欧菲光	SZ	27.35	13.58	
245	2013-05-17	27.4	27.64	26.88	27.35	175213	13.58	002456	欧菲光	SZ	27.38	13.59	
246	2013-05-16	27.3	28.22	26.8	27.38	275419	13.59	002456	欧菲光	SZ	27.62	13.71	
247	2013-05-15	26.38	28.25	26	27.62	322249	13.71	002456	欧菲光	SZ	25.99	12.9	
248	2013-05-14	26.49	26.59	25.75	25.99	184714	12.9	002456	欧菲光	SZ	26.34	13.08	
249	2013-05-13	25.27	26.69	25.27	26.34	226062	13.08	002456	欧菲光	SZ	25.52	12.67	
250	2013-05-10	25.75	26.15	25	25.52	198419	12.67	002456	欧菲光	SZ	26.1	12.96	
251	2013-05-09	26.04	26.67	25.35	26.1	364656	12.96	002456	欧菲光	SZ	26.04	12.93	
252	2013-05-08	24	26.13	23.66	26.04	405903	12.93	002456	欧菲光	SZ	23.9	11.87	
253	2013-05-07	24.48	24.48	23.3	23.9	274029	11.87	002456	欧菲光	SZ	24.61	12.22	
254	2013-05-06	25	26	24.3	24.61	263194	12.22	002456	欧菲光	SZ	25	12.41	
255	2013-05-03	24.79	26.39	24.67	25	291768	12.41	002456	欧菲光	SZ	24.93	12.38	
256	2013-05-02	23	25	23	24.93	324919	12.38	002456	欧菲光	SZ	23.19	11.52	
260	2013-04-26	25.15	25.2	22.95	23.19	446860	11.52	002456	欧菲光	SZ	25.5	12.66	
261	2013-04-25	27.25	29.5	24.75	25.5	533625	12.66	002456	欧菲光	SZ	27.33	13.57	
262	2013-04-24	24.83	27.33	24.47	27.33	343317	13.57	002456	欧菲光	SZ	24.85	12.34	
263	2013-04-23	24.26	24.99	23.69	24.85	297841	12.34	002456	欧菲光	SZ	24.19	12.01	
264	2013-04-22	22.43	24.3	22.24	24.19	265336	12.01	002456	欧菲光	SZ	22.48	11.16	
265	2013-04-19	22.66	22.75	22.25	22.48	201823	11.16	002456	欧菲光	SZ	22.47	11.16	
266	2013-04-18	22	22.92	22	22.47	264781	11.16	002456	欧菲光	SZ	22.5	11.17	
267	2013-04-17	20.53	22.5	20.26	22.5	291633	11.17	002456	欧菲光	SZ	20.53	10.19	
268	2013-04-16	20.21	21.04	19.75	20.53	214909	10.19	002456	欧菲光	SZ	20.34	5	
269	2013-04-15	20.47	20.69	19.42	20.34	151826	5	002456	欧菲光	SZ	20.38	5.01	
270	2013-04-12	20.14	21	20.05	20.38	189758	5.01	002456	欧菲光	SZ	20.17	4.96	
271	2013-04-11	19.91	20.65	19.48	20.17	129783	4.96	002456	欧菲光	SZ	19.95	4.91	
272	2013-04-10	19.83	20.15	19.08	19.95	143097	4.91	002456	欧菲光	SZ	19.94	4.9	
273	2013-04-09	19.58	20.46	18.97	19.94	170620	4.9	002456	欧菲光	SZ	19.22	4.73	
274	2013-04-08	17	19.39	16.55	19.22	194940	4.73	002456	欧菲光	SZ	17.62	4.33	
277	2013-04-03	17.46	18.44	17.12	17.62	206457	4.33	002456	欧菲光	SZ	17.84	4.39	
278	2013-04-02	18.66	20.12	17.22	17.84	310419	4.39	002456	欧菲光	SZ	18.7	4.6	
279	2013-04-01	18.86	19.05	18	18.7	189574	4.6	002456	欧菲光	SZ	18.84	4.63	
280	2013-03-29	17.15	18.84	17.15	18.84	156799	4.63	002456	欧菲光	SZ	17.13	4.21	
281	2013-03-28	17.62	17.62	17.01	17.13	123494	4.21	002456	欧菲光	SZ	17.67	4.35	
282	2013-03-27	17.47	17.72	17.19	17.67	100342	4.35	002456	欧菲光	SZ	17.38	4.27	
283	2013-03-26	16.92	17.7	16.75	17.38	143727	4.27	002456	欧菲光	SZ	16.92	4.16	
284	2013-03-25	16.95	17.29	16.54	16.92	122901	4.16	002456	欧菲光	SZ	16.95	4.17	
285	2013-03-22	16.62	17.42	16.52	16.95	111082	4.17	002456	欧菲光	SZ	16.76	4.12	
286	2013-03-21	15.51	16.95	15.38	16.76	143734	4.12	002456	欧菲光	SZ	15.52	3.82	
287	2013-03-20	15.14	15.68	15.08	15.52	91222	3.82	002456	欧菲光	SZ	15.32	3.77	
288	2013-03-19	15.5	15.86	15.23	15.32	96925	3.77	002456	欧菲光	SZ	15.61	3.84	
289	2013-03-18	15.33	16	14.82	15.61	124887	3.84	002456	欧菲光	SZ	15.34	3.77	
290	2013-03-15	15.34	16.22	15.18	15.34	198100	3.77	002456	欧菲光	SZ	15.34	3.77	
291	2013-03-14	13.93	15.34	13.76	15.34	197251	3.77	002456	欧菲光	SZ	13.94	3.43	
292	2013-03-13	13.59	14.05	13.05	13.94	103712	3.43	002456	欧菲光	SZ	13.7	3.37	
293	2013-03-12	14.4	14.4	13.45	13.7	127454	3.37	002456	欧菲光	SZ	14.41	3.55	
294	2013-03-11	14	14.52	13.76	14.41	111630	3.55	002456	欧菲光	SZ	14.18	3.49	
295	2013-03-08	14.57	15.1	13.41	14.18	161772	3.49	002456	欧菲光	SZ	14.59	3.59	
296	2013-03-07	14.45	14.61	14.19	14.59	116299	3.59	002456	欧菲光	SZ	14.4	3.54	
297	2013-03-06	13.86	14.88	13.68	14.4	115234	3.54	002456	欧菲光	SZ	13.75	3.38	
298	2013-03-05	12.99	13.99	12.92	13.75	151956	3.38	002456	欧菲光	SZ	12.9	3.17	
299	2013-03-04	12.79	13.12	12.73	12.9	83815	3.17	002456	欧菲光	SZ	12.86	3.16	
300	2013-03-01	12.5	12.92	12.3	12.86	96024	3.16	002456	欧菲光	SZ	12.48	3.07	
301	2013-02-28	12.48	12.69	12.33	12.48	102892	3.07	002456	欧菲光	SZ	12.52	3.08	
302	2013-02-27	12.26	12.61	11.98	12.52	103362	3.08	002456	欧菲光	SZ	12.26	3.02	
303	2013-02-26	12.6	12.9	12.25	12.26	94039	3.02	002456	欧菲光	SZ	12.62	3.1	
304	2013-02-25	12.26	12.65	12.03	12.62	87529	3.1	002456	欧菲光	SZ	12.17	2.99	
305	2013-02-22	12.05	12.66	12	12.17	133169	2.99	002456	欧菲光	SZ	12.08	2.97	
306	2013-02-21	12.4	12.57	11.82	12.08	91729	2.97	002456	欧菲光	SZ	12.4	3.05	
307	2013-02-20	12.04	12.42	11.96	12.4	85609	3.05	002456	欧菲光	SZ	12.05	2.96	
308	2013-02-19	12.04	12.2	11.82	12.05	56868	2.96	002456	欧菲光	SZ	12.1	2.98	
309	2013-02-18	11.85	12.38	11.85	12.1	101678	2.98	002456	欧菲光	SZ	11.84	2.91	
315	2013-02-08	11.5	12.09	11.45	11.84	110782	2.91	002456	欧菲光	SZ	11.5	2.83	
316	2013-02-07	11.2	11.62	11.1	11.5	116320	2.83	002456	欧菲光	SZ	11.12	2.74	
317	2013-02-06	10.99	11.33	10.91	11.12	66816	2.74	002456	欧菲光	SZ	10.93	2.69	
318	2013-02-05	10.63	11.05	10.55	10.93	65249	2.69	002456	欧菲光	SZ	10.69	2.63	
319	2013-02-04	11.25	11.36	10.69	10.69	110778	2.63	002456	欧菲光	SZ	11.27	2.77	
320	2013-02-01	11.11	11.27	10.95	11.27	71113	2.77	002456	欧菲光	SZ	11.18	2.75	
321	2013-01-31	11.38	11.74	11.15	11.18	86097	2.75	002456	欧菲光	SZ	11.27	2.77	
322	2013-01-30	11.18	11.46	11.09	11.27	109719	2.77	002456	欧菲光	SZ	11.19	2.75	
323	2013-01-29	11.23	11.27	10.84	11.19	97359	2.75	002456	欧菲光	SZ	11.22	2.76	
324	2013-01-28	10.9	11.23	10.9	11.22	106052	2.76	002456	欧菲光	SZ	10.93	2.69	
325	2013-01-25	10.98	11.2	10.8	10.93	58066	2.69	002456	欧菲光	SZ	11.09	2.73	
326	2013-01-24	11.38	11.52	10.84	11.09	145399	2.73	002456	欧菲光	SZ	11.52	2.83	
327	2013-01-23	11.6	11.6	11.24	11.52	83866	2.83	002456	欧菲光	SZ	11.67	2.87	
328	2013-01-22	12.07	12.17	11.67	11.67	63367	2.87	002456	欧菲光	SZ	12.09	2.97	
329	2013-01-21	12.1	12.22	11.91	12.09	75589	2.97	002456	欧菲光	SZ	12.09	2.97	
330	2013-01-18	11.69	12.12	11.63	12.09	123815	2.97	002456	欧菲光	SZ	11.63	2.86	
331	2013-01-17	11.65	11.85	11.57	11.63	56454	2.86	002456	欧菲光	SZ	11.75	2.89	
332	2013-01-16	11.88	11.95	11.55	11.75	99040	2.89	002456	欧菲光	SZ	11.88	2.92	
333	2013-01-15	11.88	12.12	11.71	11.88	128089	2.92	002456	欧菲光	SZ	11.93	2.93	
334	2013-01-14	11.47	12.06	11.2	11.93	212121	2.93	002456	欧菲光	SZ	11.55	2.84	
335	2013-01-11	11.45	11.93	11.1	11.55	213031	2.84	002456	欧菲光	SZ	11.49	2.83	
337	2013-01-09	11.31	11.61	11.25	11.49	145782	2.83	002456	欧菲光	SZ	11.46	2.82	
338	2013-01-08	11	11.69	10.86	11.46	237766	2.82	002456	欧菲光	SZ	10.85	2.67	
339	2013-01-07	10.78	10.94	10.62	10.85	144071	2.67	002456	欧菲光	SZ	10.78	2.65	
340	2013-01-04	10.7	10.79	10.4	10.78	162669	2.65	002456	欧菲光	SZ	10.49	2.58	
344	2012-12-31	10.49	10.82	10.31	10.49	192679	2.58	002456	欧菲光	SZ	10.57	2.6	
345	2012-12-28	10.59	10.81	10.22	10.57	131368	2.6	002456	欧菲光	SZ	10.56	2.6	
346	2012-12-27	10.86	11.19	10.54	10.56	150796	2.6	002456	欧菲光	SZ	10.79	2.65	
347	2012-12-26	10.64	11.14	10.64	10.79	141969	2.65	002456	欧菲光	SZ	10.71	2.63	
348	2012-12-25	10.72	10.85	10.57	10.71	137080	2.63	002456	欧菲光	SZ	10.73	2.64	
349	2012-12-24	9.86	10.84	9.75	10.73	197694	2.64	002456	欧菲光	SZ	9.86	2.43	
350	2012-12-21	9.86	9.9	9.68	9.86	63304	2.43	002456	欧菲光	SZ	9.85	2.42	
351	2012-12-20	9.73	9.93	9.43	9.85	95094	2.42	002456	欧菲光	SZ	9.73	2.39	
352	2012-12-19	9.65	9.77	9.62	9.73	53446	2.39	002456	欧菲光	SZ	9.62	2.37	
353	2012-12-18	9.57	9.82	9.43	9.62	80936	2.37	002456	欧菲光	SZ	9.8	2.41	
354	2012-12-17	10	10.1	9.12	9.8	206826	2.41	002456	欧菲光	SZ	10.1	2.49	
355	2012-12-14	9.88	10.24	9.83	10.1	102965	2.49	002456	欧菲光	SZ	9.93	2.44	
356	2012-12-13	9.95	9.95	9.8	9.93	38197	2.44	002456	欧菲光	SZ	9.95	2.45	
357	2012-12-12	9.86	9.98	9.75	9.95	61987	2.45	002456	欧菲光	SZ	9.88	2.43	
358	2012-12-11	9.94	10.35	9.86	9.88	92482	2.43	002456	欧菲光	SZ	9.94	2.44	
359	2012-12-10	10.07	10.07	9.88	9.94	72879	2.44	002456	欧菲光	SZ	10.09	2.48	
360	2012-12-07	10	10.12	9.81	10.09	97700	2.48	002456	欧菲光	SZ	10.01	2.46	
361	2012-12-06	9.85	10.25	9.63	10.01	123836	2.46	002456	欧菲光	SZ	9.9	2.43	
362	2012-12-05	9.5	10	9.46	9.9	131994	2.43	002456	欧菲光	SZ	9.5	2.34	
363	2012-12-04	9.44	9.57	9.25	9.5	52534	2.34	002456	欧菲光	SZ	9.48	2.33	
364	2012-12-03	9.28	9.65	9.25	9.48	135901	2.33	002456	欧菲光	SZ	9.28	2.28	
365	2012-11-30	8.65	9.38	8.65	9.28	124893	2.28	002456	欧菲光	SZ	8.72	2.15	
366	2012-11-29	8.45	8.78	8.4	8.72	75978	2.15	002456	欧菲光	SZ	8.48	2.08	
367	2012-11-28	8.72	8.76	8.44	8.48	130571	2.08	002456	欧菲光	SZ	8.77	2.16	
368	2012-11-27	8.91	9.06	8.76	8.77	57563	2.16	002456	欧菲光	SZ	8.88	2.18	
369	2012-11-26	9.31	9.38	8.75	8.88	132712	2.18	002456	欧菲光	SZ	9.28	2.28	
370	2012-11-23	9.19	9.38	9.18	9.28	56655	2.28	002456	欧菲光	SZ	9.25	2.28	
371	2012-11-22	9.49	9.49	9.25	9.25	86942	2.28	002456	欧菲光	SZ	9.55	2.35	
372	2012-11-21	9.75	9.82	9.2	9.55	161414	2.35	002456	欧菲光	SZ	9.71	2.39	
373	2012-11-20	9.79	9.93	9.67	9.71	75769	2.39	002456	欧菲光	SZ	9.67	2.38	
374	2012-11-19	9.57	9.85	9.5	9.67	85923	2.38	002456	欧菲光	SZ	9.57	2.35	
375	2012-11-16	9.49	9.73	9.44	9.57	44129	2.35	002456	欧菲光	SZ	9.57	2.35	
376	2012-11-15	9.74	9.85	9.57	9.57	55926	2.35	002456	欧菲光	SZ	9.82	2.42	
377	2012-11-14	9.75	9.85	9.49	9.82	87598	2.42	002456	欧菲光	SZ	9.7	2.39	
378	2012-11-13	9.91	9.96	9.7	9.7	50984	2.39	002456	欧菲光	SZ	10.04	2.47	
379	2012-11-12	10.15	10.15	9.48	10.04	162318	2.47	002456	欧菲光	SZ	10.07	2.48	
380	2012-11-09	10.06	10.24	9.91	10.07	60000	2.48	002456	欧菲光	SZ	10.09	2.48	
381	2012-11-08	10.37	10.37	10.01	10.09	67654	2.48	002456	欧菲光	SZ	10.4	2.56	
382	2012-11-07	10.44	10.48	10.23	10.4	93282	2.56	002456	欧菲光	SZ	10.49	2.58	
383	2012-11-06	10.65	10.73	10.38	10.49	63843	2.58	002456	欧菲光	SZ	10.69	2.63	
384	2012-11-05	10.6	10.86	10.32	10.69	135009	2.63	002456	欧菲光	SZ	10.62	2.61	
385	2012-11-02	10.84	10.85	10.62	10.62	84503	2.61	002456	欧菲光	SZ	10.88	2.67	
386	2012-11-01	10.8	10.9	10.65	10.88	77736	2.67	002456	欧菲光	SZ	10.76	2.65	
387	2012-10-31	10.82	10.86	10.62	10.76	81235	2.65	002456	欧菲光	SZ	10.8	2.66	
388	2012-10-30	10.53	10.89	10.4	10.8	140644	2.66	002456	欧菲光	SZ	10.56	2.6	
389	2012-10-29	10	10.6	10	10.56	156667	2.6	002456	欧菲光	SZ	10.08	2.48	
390	2012-10-26	10.09	10.15	9.72	10.08	110337	2.48	002456	欧菲光	SZ	9.99	2.46	
391	2012-10-25	9.8	10.62	9.77	9.99	151129	2.46	002456	欧菲光	SZ	9.77	2.4	
392	2012-10-24	9.68	9.95	9.68	9.77	115850	2.4	002456	欧菲光	SZ	9.75	2.4	
393	2012-10-23	10.39	10.43	9.6	9.75	180819	2.4	002456	欧菲光	SZ	10.05	2.47	
394	2012-10-22	9.99	10.12	9.94	10.05	50975	2.47	002456	欧菲光	SZ	10.08	2.48	
395	2012-10-19	10.15	10.19	9.98	10.08	52771	2.48	002456	欧菲光	SZ	10.11	2.49	
396	2012-10-18	10.19	10.35	10.07	10.11	103733	2.49	002456	欧菲光	SZ	10.18	2.5	
397	2012-10-17	9.72	10.22	9.65	10.18	100374	2.5	002456	欧菲光	SZ	9.71	2.39	
398	2012-10-16	10	10.01	9.69	9.71	86790	2.39	002456	欧菲光	SZ	9.99	2.46	
399	2012-10-15	10	10.07	9.84	9.99	71885	2.46	002456	欧菲光	SZ	9.96	2.45	
400	2012-10-12	9.69	9.99	9.6	9.96	87358	2.45	002456	欧菲光	SZ	9.62	2.37	
401	2012-10-11	9.77	9.87	9.61	9.62	64887	2.37	002456	欧菲光	SZ	9.77	2.4	
402	2012-10-10	9.7	10.22	9.7	9.77	171727	2.4	002456	欧菲光	SZ	9.68	2.38	
403	2012-10-09	9.07	9.96	9.07	9.68	160420	2.38	002456	欧菲光	SZ	9.1	2.24	
404	2012-10-08	9.01	9.16	8.96	9.1	80214	2.24	002456	欧菲光	SZ	9.02	2.22	
410	2012-09-28	8.69	9.16	8.68	9.02	109070	2.22	002456	欧菲光	SZ	8.77	2.16	
411	2012-09-27	8.4	8.77	8.32	8.77	93764	2.16	002456	欧菲光	SZ	8.4	2.07	
412	2012-09-26	8.5	8.59	8.35	8.4	41510	2.07	002456	欧菲光	SZ	8.57	2.11	
413	2012-09-25	8.59	8.63	8.5	8.57	47917	2.11	002456	欧菲光	SZ	8.54	2.1	
414	2012-09-24	8.24	8.6	8.12	8.54	74390	2.1	002456	欧菲光	SZ	8.2	2.02	
415	2012-09-21	8.22	8.25	8.11	8.2	47881	2.02	002456	欧菲光	SZ	8.22	2.02	
416	2012-09-20	8.47	8.47	8.18	8.22	43936	2.02	002456	欧菲光	SZ	8.47	2.08	
417	2012-09-19	8.5	8.51	8.38	8.47	55913	2.08	002456	欧菲光	SZ	8.45	2.08	
418	2012-09-18	8.19	8.46	8.13	8.45	77416	2.08	002456	欧菲光	SZ	8.2	2.02	
419	2012-09-17	8.35	8.49	8.12	8.2	65870	2.02	002456	欧菲光	SZ	8.36	2.06	
420	2012-09-14	8.38	8.55	8.27	8.36	73600	2.06	002456	欧菲光	SZ	8.44	2.08	
421	2012-09-13	8.73	8.74	8.24	8.44	193042	2.08	002456	欧菲光	SZ	8.73	2.15	
422	2012-09-12	8.82	8.85	8.66	8.73	75861	2.15	002456	欧菲光	SZ	8.79	2.16	
423	2012-09-11	8.76	8.95	8.76	8.79	73652	2.16	002456	欧菲光	SZ	8.81	2.17	
424	2012-09-10	8.93	8.93	8.72	8.81	77956	2.17	002456	欧菲光	SZ	8.92	2.19	
425	2012-09-07	8.9	9.01	8.73	8.92	143249	2.19	002456	欧菲光	SZ	8.87	2.18	
426	2012-09-06	9	9	8.74	8.87	73739	2.18	002456	欧菲光	SZ	9	2.21	
427	2012-09-05	8.88	9.09	8.8	9	83043	2.21	002456	欧菲光	SZ	8.95	2.2	
428	2012-09-04	9.02	9.16	8.89	8.95	74190	2.2	002456	欧菲光	SZ	9	2.21	
429	2012-09-03	8.78	9.14	8.65	9	148323	2.21	002456	欧菲光	SZ	8.78	2.16	
430	2012-08-31	8.66	8.8	8.56	8.78	100319	2.16	002456	欧菲光	SZ	8.69	2.14	
431	2012-08-30	8.5	8.73	8.1	8.69	123787	2.14	002456	欧菲光	SZ	8.6	2.11	
432	2012-08-29	8.43	8.84	8.43	8.6	160580	2.11	002456	欧菲光	SZ	8.46	2.08	
433	2012-08-28	8.15	8.56	8.1	8.46	137502	2.08	002456	欧菲光	SZ	8.18	2.01	
434	2012-08-27	8.57	8.62	8.13	8.18	190025	2.01	002456	欧菲光	SZ	8.6	2.11	
435	2012-08-24	8.9	8.99	8.59	8.6	212137	2.11	002456	欧菲光	SZ	8.6	2.12	
436	2012-08-23	8.61	8.82	8.5	8.6	75931	2.12	002456	欧菲光	SZ	8.6	2.11	
437	2012-08-22	8.76	8.8	8.47	8.6	87723	2.11	002456	欧菲光	SZ	8.75	2.15	
438	2012-08-21	8.21	9.02	8.19	8.75	221633	2.15	002456	欧菲光	SZ	8.21	2.02	
439	2012-08-20	8.15	8.31	7.93	8.21	57044	2.02	002456	欧菲光	SZ	8.15	2	
440	2012-08-17	8.05	8.32	7.93	8.15	83711	2	002456	欧菲光	SZ	8.15	2.01	
441	2012-08-16	8.48	8.65	8.09	8.15	82045	2.01	002456	欧菲光	SZ	8.47	2.08	
442	2012-08-15	8.44	8.53	8.38	8.47	41408	2.08	002456	欧菲光	SZ	8.45	2.08	
443	2012-08-14	8.56	8.6	8.12	8.45	106746	2.08	002456	欧菲光	SZ	8.62	2.12	
444	2012-08-13	8.68	8.69	8.43	8.62	65788	2.12	002456	欧菲光	SZ	8.67	2.13	
445	2012-08-10	8.5	8.74	8.43	8.67	118245	2.13	002456	欧菲光	SZ	8.48	2.09	
446	2012-08-09	8.42	8.53	8.29	8.48	59083	2.09	002456	欧菲光	SZ	8.41	2.07	
447	2012-08-08	8.38	8.56	8.29	8.41	95523	2.07	002456	欧菲光	SZ	8.41	2.07	
448	2012-08-07	8.2	8.48	8.19	8.41	105830	2.07	002456	欧菲光	SZ	8.27	2.04	
449	2012-08-06	8.23	8.54	8.12	8.27	135082	2.04	002456	欧菲光	SZ	8.29	2.04	
450	2012-08-03	8.07	8.38	8	8.29	179190	2.04	002456	欧菲光	SZ	8.07	1.99	
451	2012-08-02	7.6	8.08	7.55	8.07	201549	1.99	002456	欧菲光	SZ	7.6	1.87	
452	2012-08-01	7.59	7.7	7.5	7.6	67825	1.87	002456	欧菲光	SZ	7.51	1.85	
453	2012-07-31	7.32	7.57	7.25	7.51	57662	1.85	002456	欧菲光	SZ	7.41	1.82	
454	2012-07-30	7.72	7.8	7.36	7.41	67448	1.82	002456	欧菲光	SZ	7.72	1.9	
455	2012-07-27	7.62	7.82	7.57	7.72	63088	1.9	002456	欧菲光	SZ	7.67	1.89	
456	2012-07-26	7.6	7.86	7.6	7.67	141130	1.89	002456	欧菲光	SZ	7.58	1.86	
457	2012-07-25	7.26	7.64	7.26	7.58	138013	1.86	002456	欧菲光	SZ	7.26	1.79	
458	2012-07-24	7.1	7.36	7.1	7.26	48226	1.79	002456	欧菲光	SZ	7.24	1.78	
459	2012-07-23	7.05	7.39	6.9	7.24	86690	1.78	002456	欧菲光	SZ	7.09	1.74	
460	2012-07-20	7.18	7.24	7.03	7.09	41799	1.74	002456	欧菲光	SZ	7.2	1.77	
461	2012-07-19	7.03	7.25	6.91	7.2	123931	1.77	002456	欧菲光	SZ	7.03	1.73	
462	2012-07-18	6.94	7.07	6.72	7.03	71545	1.73	002456	欧菲光	SZ	6.94	1.71	
463	2012-07-17	6.85	7	6.78	6.94	79268	1.71	002456	欧菲光	SZ	6.85	1.68	
464	2012-07-16	7.45	7.45	6.7	6.85	250089	1.68	002456	欧菲光	SZ	7.45	1.83	
465	2012-07-13	7.54	7.6	7.43	7.45	66025	1.83	002456	欧菲光	SZ	7.55	1.86	
466	2012-07-12	7.5	7.7	7.43	7.55	113294	1.86	002456	欧菲光	SZ	7.55	1.86	
467	2012-07-11	7.28	7.57	7.25	7.55	101677	1.86	002456	欧菲光	SZ	7.32	1.8	
468	2012-07-10	7.53	7.58	7.25	7.32	121220	1.8	002456	欧菲光	SZ	7.56	1.86	
469	2012-07-09	7.66	7.79	7.56	7.56	86438	1.86	002456	欧菲光	SZ	7.72	1.9	
470	2012-07-06	7.53	7.77	7.26	7.72	177995	1.9	002456	欧菲光	SZ	7.49	1.84	
471	2012-07-05	7.5	7.6	7.32	7.49	141113	1.84	002456	欧菲光	SZ	7.6	1.87	
472	2012-07-04	7.93	7.97	7.57	7.6	142427	1.87	002456	欧菲光	SZ	7.91	1.94	
473	2012-07-03	7.9	7.95	7.77	7.91	170225	1.94	002456	欧菲光	SZ	7.89	1.94	
474	2012-07-02	7.43	7.89	7.38	7.89	213492	1.94	002456	欧菲光	SZ	7.43	1.83	
475	2012-06-29	6.99	7.49	6.97	7.43	187228	1.83	002456	欧菲光	SZ	7.19	1.77	
477	2012-06-27	7.22	7.45	7.16	7.19	203957	1.77	002456	欧菲光	SZ	7.11	1.75	
478	2012-06-26	7.1	7.14	6.82	7.11	88112	1.75	002456	欧菲光	SZ	7.14	1.76	
479	2012-06-25	7.22	7.34	7.08	7.14	105357	1.76	002456	欧菲光	SZ	7.22	1.78	
481	2012-06-21	6.93	7.22	6.91	7.22	125838	1.78	002456	欧菲光	SZ	7.01	1.73	
482	2012-06-20	7.06	7.22	7.01	7.01	97553	1.73	002456	欧菲光	SZ	7.06	1.74	
483	2012-06-19	6.99	7.17	6.96	7.06	131701	1.74	002456	欧菲光	SZ	6.98	1.72	
484	2012-06-18	6.87	7.03	6.8	6.98	107033	1.72	002456	欧菲光	SZ	6.81	1.68	
485	2012-06-15	6.81	6.87	6.74	6.81	95423	1.68	002456	欧菲光	SZ	6.81	1.68	
486	2012-06-14	7.01	7.11	6.79	6.81	109743	1.68	002456	欧菲光	SZ	7.05	1.73	
487	2012-06-13	6.99	7.11	6.93	7.05	118729	1.73	002456	欧菲光	SZ	6.99	1.72	
488	2012-06-12	6.97	7.06	6.89	6.99	104662	1.72	002456	欧菲光	SZ	7.01	1.72	
489	2012-06-11	6.74	7.01	6.54	7.01	244144	1.72	002456	欧菲光	SZ	6.74	1.66	
490	2012-06-08	6.8	6.89	6.66	6.74	140398	1.66	002456	欧菲光	SZ	6.7	1.65	
491	2012-06-07	6.7	6.76	6.56	6.7	117617	1.65	002456	欧菲光	SZ	6.64	1.63	
492	2012-06-06	6.89	6.91	6.61	6.64	150395	1.63	002456	欧菲光	SZ	6.87	1.69	
493	2012-06-05	6.81	6.93	6.73	6.87	115927	1.69	002456	欧菲光	SZ	6.81	1.68	
494	2012-06-04	6.85	7.06	6.75	6.81	174289	1.68	002456	欧菲光	SZ	7.03	1.73	
495	2012-06-01	6.95	7.22	6.9	7.03	236598	1.73	002456	欧菲光	SZ	6.99	1.72	
496	2012-05-31	6.73	7.29	6.72	6.99	297533	1.72	002456	欧菲光	SZ	6.8	1.67	
497	2012-05-30	6.7	6.81	6.59	6.8	164312	1.67	002456	欧菲光	SZ	6.72	1.65	
498	2012-05-29	6.41	6.86	6.41	6.72	269497	1.65	002456	欧菲光	SZ	6.47	1.59	
499	2012-05-28	6.25	6.47	6.15	6.47	104670	1.59	002456	欧菲光	SZ	6.3	1.55	
500	2012-05-25	6.45	6.59	6.28	6.3	133848	1.55	002456	欧菲光	SZ	6.43	1.58	
501	2012-05-24	6.36	6.62	6.33	6.43	185064	1.58	002456	欧菲光	SZ	6.42	1.58	
502	2012-05-23	6.2	6.45	6.07	6.42	163768	1.58	002456	欧菲光	SZ	6.21	1.53	
503	2012-05-22	6.16	6.36	6.16	6.21	152708	1.53	002456	欧菲光	SZ	6.15	1.51	
504	2012-05-21	6.5	6.55	6.03	6.15	211444	1.51	002456	欧菲光	SZ	6.52	1.6	
505	2012-05-18	6.54	6.62	6.35	6.52	221548	1.6	002456	欧菲光	SZ	6.51	1.6	
506	2012-05-17	6.43	6.55	6.3	6.51	215943	1.6	002456	欧菲光	SZ	6.4	1.57	
507	2012-05-16	6.1	6.62	6.1	6.4	313301	1.57	002456	欧菲光	SZ	6.15	1.51	
508	2012-05-15	6.08	6.37	6.06	6.15	263738	1.51	002456	欧菲光	SZ	6.22	1.53	
509	2012-05-14	5.91	6.44	5.91	6.22	411813	1.53	002456	欧菲光	SZ	5.86	1.44	
510	2012-05-11	5.96	5.98	5.82	5.86	84518	1.44	002456	欧菲光	SZ	5.96	1.47	
511	2012-05-10	5.92	6.05	5.86	5.96	81713	1.47	002456	欧菲光	SZ	6.02	1.48	
513	2012-05-08	6.18	6.28	6.01	6.02	158840	1.48	002456	欧菲光	SZ	6.23	1.53	
514	2012-05-07	5.99	6.3	5.88	6.23	196035	1.53	002456	欧菲光	SZ	6.01	1.48	
515	2012-05-04	5.78	6.07	5.74	6.01	147528	1.48	002456	欧菲光	SZ	5.78	1.42	
516	2012-05-03	5.64	5.82	5.64	5.78	74462	1.42	002456	欧菲光	SZ	5.7	1.4	
517	2012-05-02	5.74	5.85	5.66	5.7	112767	1.4	002456	欧菲光	SZ	5.64	1.39	
520	2012-04-27	5.64	5.72	5.55	5.64	59102	1.39	002456	欧菲光	SZ	5.64	1.39	
521	2012-04-26	5.71	5.75	5.59	5.64	56659	1.39	002456	欧菲光	SZ	5.73	1.41	
522	2012-04-25	5.68	5.79	5.45	5.73	142253	1.41	002456	欧菲光	SZ	5.69	1.4	
523	2012-04-24	5.75	5.93	5.55	5.69	168123	1.4	002456	欧菲光	SZ	5.88	1.45	
524	2012-04-23	6.06	6.06	5.81	5.88	131932	1.45	002456	欧菲光	SZ	6.05	1.49	
525	2012-04-20	6.28	6.32	5.97	6.05	226583	1.49	002456	欧菲光	SZ	6.37	1.57	
526	2012-04-19	6.3	6.38	6.14	6.37	149742	1.57	002456	欧菲光	SZ	6.3	1.55	
527	2012-04-18	6.13	6.4	6.11	6.3	252160	1.55	002456	欧菲光	SZ	6.12	1.5	
528	2012-04-17	6.05	6.19	5.95	6.12	174260	1.5	002456	欧菲光	SZ	6.18	1.52	
529	2012-04-16	5.71	6.24	5.66	6.18	278457	1.52	002456	欧菲光	SZ	5.7	1.4	
530	2012-04-13	5.61	5.8	5.59	5.7	75054	1.4	002456	欧菲光	SZ	5.61	1.38	
531	2012-04-12	5.57	5.67	5.55	5.61	117529	1.38	002456	欧菲光	SZ	5.5	1.35	
533	2012-04-10	5.52	5.59	5.3	5.5	78760	1.35	002456	欧菲光	SZ	5.55	1.36	
534	2012-04-09	5.75	5.75	5.5	5.55	68920	1.36	002456	欧菲光	SZ	5.82	1.43	
535	2012-04-06	5.66	5.95	5.65	5.82	119829	1.43	002456	欧菲光	SZ	5.72	1.41	
536	2012-04-05	5.54	5.75	5.25	5.72	83729	1.41	002456	欧菲光	SZ	5.51	1.35	
540	2012-03-30	5.43	5.8	5.43	5.51	78482	1.35	002456	欧菲光	SZ	5.41	1.33	
541	2012-03-29	5.39	5.45	5.22	5.41	66158	1.33	002456	欧菲光	SZ	5.38	1.32	
542	2012-03-28	5.57	5.63	5.38	5.38	91062	1.32	002456	欧菲光	SZ	5.63	1.39	
543	2012-03-27	5.74	5.79	5.63	5.63	41619	1.39	002456	欧菲光	SZ	5.66	1.39	
544	2012-03-26	5.8	5.86	5.55	5.66	48440	1.39	002456	欧菲光	SZ	5.8	1.43	
545	2012-03-23	5.82	5.97	5.75	5.8	69685	1.43	002456	欧菲光	SZ	5.82	1.43	
546	2012-03-22	5.84	5.89	5.72	5.82	81630	1.43	002456	欧菲光	SZ	5.78	1.42	
547	2012-03-21	6.11	6.11	5.72	5.78	185725	1.42	002456	欧菲光	SZ	6.1	1.5	
548	2012-03-20	6.31	6.35	6	6.1	128262	1.5	002456	欧菲光	SZ	6.34	1.56	
549	2012-03-19	6.23	6.43	6.18	6.34	142014	1.56	002456	欧菲光	SZ	6.28	1.54	
550	2012-03-16	6.03	6.4	5.94	6.28	244313	1.54	002456	欧菲光	SZ	6.07	1.49	
551	2012-03-15	5.85	6.12	5.55	6.07	223028	1.49	002456	欧菲光	SZ	5.87	1.44	
552	2012-03-14	6.09	6.1	5.74	5.87	348058	1.44	002456	欧菲光	SZ	6.06	1.49	
553	2012-03-13	5.6	6.14	5.6	6.06	429498	1.49	002456	欧菲光	SZ	5.66	1.39	
555	2012-03-09	5.72	5.72	5.59	5.66	237047	1.39	002456	欧菲光	SZ	5.73	1.41	
556	2012-03-08	5.78	5.79	5.52	5.73	287673	1.41	002456	欧菲光	SZ	5.78	1.42	
557	2012-03-07	5.87	5.93	5.72	5.78	224475	1.42	002456	欧菲光	SZ	5.97	1.47	
558	2012-03-06	5.72	6.1	5.68	5.97	295376	1.47	002456	欧菲光	SZ	5.72	1.41	
559	2012-03-05	5.53	5.85	5.53	5.72	315149	1.41	002456	欧菲光	SZ	5.51	1.35	
561	2012-03-01	5.55	5.63	5.47	5.51	153510	1.35	002456	欧菲光	SZ	5.57	1.37	
562	2012-02-29	5.38	5.62	5.3	5.57	262917	1.37	002456	欧菲光	SZ	5.4	1.33	
563	2012-02-28	5.39	5.47	5.25	5.4	168165	1.33	002456	欧菲光	SZ	5.39	1.33	
564	2012-02-27	5.24	5.53	5.16	5.39	277227	1.33	002456	欧菲光	SZ	5.15	1.27	
565	2012-02-24	5.04	5.22	5.04	5.15	167398	1.27	002456	欧菲光	SZ	5.13	1.26	
566	2012-02-23	5.05	5.3	5.03	5.13	240023	1.26	002456	欧菲光	SZ	5.05	1.24	
567	2012-02-22	4.92	5.12	4.89	5.05	175872	1.24	002456	欧菲光	SZ	4.95	1.22	
568	2012-02-21	4.9	4.96	4.8	4.95	169729	1.22	002456	欧菲光	SZ	4.96	1.22	
569	2012-02-20	5.03	5.2	4.93	4.96	209153	1.22	002456	欧菲光	SZ	4.99	1.23	
570	2012-02-17	4.8	5.03	4.8	4.99	222470	1.23	002456	欧菲光	SZ	4.9	1.21	
571	2012-02-16	5.2	5.2	4.75	4.9	450220	1.21	002456	欧菲光	SZ	4.97	1.22	
574	2012-02-13	4.53	5.07	4.53	4.97	422668	1.22	002456	欧菲光	SZ	4.61	1.13	
575	2012-02-10	4.51	4.71	4.47	4.61	184271	1.13	002456	欧菲光	SZ	4.52	1.11	
576	2012-02-09	4.47	4.7	4.44	4.52	227737	1.11	002456	欧菲光	SZ	4.54	1.12	
577	2012-02-08	4.36	4.59	4.34	4.54	259407	1.12	002456	欧菲光	SZ	4.41	1.08	
578	2012-02-07	4.33	4.57	4.31	4.41	276309	1.08	002456	欧菲光	SZ	4.33	1.06	
579	2012-02-06	4.3	4.49	4.28	4.33	244280	1.06	002456	欧菲光	SZ	4.13	1.02	
580	2012-02-03	3.76	4.13	3.75	4.13	154535	1.02	002456	欧菲光	SZ	3.76	0.92	
581	2012-02-02	3.61	3.76	3.61	3.76	50617	0.92	002456	欧菲光	SZ	3.62	0.89	
582	2012-02-01	3.62	3.7	3.58	3.62	36950	0.89	002456	欧菲光	SZ	3.66	0.9	
583	2012-01-31	3.6	3.67	3.57	3.66	41196	0.9	002456	欧菲光	SZ	3.64	0.89	
584	2012-01-30	3.63	3.8	3.55	3.64	50608	0.89	002456	欧菲光	SZ	3.63	0.89	
590	2012-01-20	3.53	3.68	3.5	3.63	57104	0.89	002456	欧菲光	SZ	3.51	0.86	
591	2012-01-19	3.5	3.55	3.3	3.51	67788	0.86	002456	欧菲光	SZ	3.49	0.86	
592	2012-01-18	3.85	3.88	3.46	3.49	82232	0.86	002456	欧菲光	SZ	3.82	0.94	
593	2012-01-17	3.61	3.87	3.43	3.82	87383	0.94	002456	欧菲光	SZ	3.67	0.9	
594	2012-01-16	3.89	3.97	3.6	3.67	80410	0.9	002456	欧菲光	SZ	4	0.98	
595	2012-01-13	4.3	4.32	3.96	4	71002	0.98	002456	欧菲光	SZ	4.25	1.05	
596	2012-01-12	4.22	4.37	4.19	4.25	51681	1.05	002456	欧菲光	SZ	4.25	1.05	
597	2012-01-11	4.22	4.45	4.18	4.25	76655	1.05	002456	欧菲光	SZ	4.25	1.05	
598	2012-01-10	4.13	4.33	4.05	4.25	86442	1.05	002456	欧菲光	SZ	4.1	1.01	
599	2012-01-09	4.03	4.13	3.78	4.1	100415	1.01	002456	欧菲光	SZ	4.01	0.99	
600	2012-01-06	4.09	4.2	3.88	4.01	43747	0.99	002456	欧菲光	SZ	4.1	1.01	
601	2012-01-05	4.37	4.43	4.06	4.1	36880	1.01	002456	欧菲光	SZ	4.45	1.09	
602	2012-01-04	4.68	4.74	4.4	4.45	22018	1.09	002456	欧菲光	SZ	4.63	1.14	
603	2012-01-03	4.41	4.66	4.41	4.63	21982	1.14	002456	欧菲光	SZ	4.63	1.14	
604	2012-01-02	4.41	4.66	4.41	4.63	21982	1.14	002456	欧菲光	SZ	4.63	1.14	
605	2011-12-30	4.41	4.66	4.41	4.63	21982	1.14	002456	欧菲光	SZ	4.49	1.1	
606	2011-12-29	4.38	4.49	4.34	4.49	19003	1.1	002456	欧菲光	SZ	4.47	1.1	
607	2011-12-28	4.45	4.5	4.18	4.47	46330	1.1	002456	欧菲光	SZ	4.5	1.11	
608	2011-12-27	4.74	4.74	4.49	4.5	32046	1.11	002456	欧菲光	SZ	4.69	1.15	
609	2011-12-26	4.58	4.76	4.54	4.69	11749	1.15	002456	欧菲光	SZ	4.74	1.17	
610	2011-12-23	4.69	4.8	4.63	4.74	23485	1.17	002456	欧菲光	SZ	4.72	1.16	
611	2011-12-22	4.7	4.8	4.48	4.72	41443	1.16	002456	欧菲光	SZ	4.74	1.16	
612	2011-12-21	4.92	4.95	4.73	4.74	34914	1.16	002456	欧菲光	SZ	4.84	1.19	
613	2011-12-20	4.89	5.04	4.82	4.84	46232	1.19	002456	欧菲光	SZ	4.91	1.21	
614	2011-12-19	4.84	4.95	4.72	4.91	34742	1.21	002456	欧菲光	SZ	4.86	1.2	
615	2011-12-16	4.7	4.88	4.64	4.86	34158	1.2	002456	欧菲光	SZ	4.7	1.16	
616	2011-12-15	4.58	4.76	4.54	4.7	56151	1.16	002456	欧菲光	SZ	4.71	1.16	
617	2011-12-14	4.58	4.75	4.52	4.71	58322	1.16	002456	欧菲光	SZ	4.72	1.16	
618	2011-12-13	4.88	4.9	4.7	4.72	43810	1.16	002456	欧菲光	SZ	4.88	1.2	
619	2011-12-12	4.91	4.97	4.88	4.88	40221	1.2	002456	欧菲光	SZ	4.91	1.21	
620	2011-12-09	4.97	5.1	4.88	4.91	43847	1.21	002456	欧菲光	SZ	5.05	1.24	
621	2011-12-08	5	5.2	4.97	5.05	41430	1.24	002456	欧菲光	SZ	5.07	1.25	
622	2011-12-07	5.1	5.2	5.03	5.07	36483	1.25	002456	欧菲光	SZ	5.05	1.24	
623	2011-12-06	5.02	5.1	4.9	5.05	32542	1.24	002456	欧菲光	SZ	5.03	1.24	
624	2011-12-05	5.29	5.29	4.97	5.03	63183	1.24	002456	欧菲光	SZ	5.29	1.3	
625	2011-12-02	5.47	5.57	5.22	5.29	83034	1.3	002456	欧菲光	SZ	5.51	1.35	
626	2011-12-01	5.62	5.68	5.48	5.51	117908	1.35	002456	欧菲光	SZ	5.43	1.33	
627	2011-11-30	5.68	5.74	5.25	5.43	162446	1.33	002456	欧菲光	SZ	5.64	1.39	
628	2011-11-29	5.58	5.67	5.51	5.64	123498	1.39	002456	欧菲光	SZ	5.48	1.35	
629	2011-11-28	5.57	5.64	5.38	5.48	63393	1.35	002456	欧菲光	SZ	5.55	1.36	
630	2011-11-25	5.61	5.76	5.5	5.55	91727	1.36	002456	欧菲光	SZ	5.6	1.38	
631	2011-11-24	5.43	5.66	5.14	5.6	86552	1.38	002456	欧菲光	SZ	5.52	1.36	
632	2011-11-23	5.69	5.79	5.52	5.52	80846	1.36	002456	欧菲光	SZ	5.71	1.4	
633	2011-11-22	5.5	5.71	5.33	5.71	89232	1.4	002456	欧菲光	SZ	5.54	1.36	
634	2011-11-21	5.72	5.81	5.46	5.54	117597	1.36	002456	欧菲光	SZ	5.72	1.41	
635	2011-11-18	5.89	6.03	5.7	5.72	152515	1.41	002456	欧菲光	SZ	6.05	1.49	
636	2011-11-17	5.9	6.16	5.86	6.05	141739	1.49	002456	欧菲光	SZ	5.95	1.46	
637	2011-11-16	5.96	6.38	5.9	5.95	211908	1.46	002456	欧菲光	SZ	6	1.47	
638	2011-11-14	5.87	6.14	5.87	6	218126	1.47	002456	欧菲光	SZ	5.84	1.44	
639	2011-11-11	5.95	6.02	5.77	5.84	225687	1.44	002456	欧菲光	SZ	6.03	1.48	
640	2011-11-10	5.87	6.14	5.75	6.03	343581	1.48	002456	欧菲光	SZ	5.93	1.46	
641	2011-11-09	5.64	5.93	5.58	5.93	295112	1.46	002456	欧菲光	SZ	5.6	1.38	
642	2011-11-08	5.57	5.66	5.53	5.6	140203	1.38	002456	欧菲光	SZ	5.61	1.38	
643	2011-11-07	5.74	5.74	5.54	5.61	233249	1.38	002456	欧菲光	SZ	5.78	1.42	
644	2011-11-04	5.85	5.89	5.68	5.78	201341	1.42	002456	欧菲光	SZ	5.84	1.44	
645	2011-11-03	5.81	6	5.7	5.84	348599	1.44	002456	欧菲光	SZ	5.84	1.44	
646	2011-11-02	5.35	5.96	5.35	5.84	620768	1.44	002456	欧菲光	SZ	5.45	1.34	
647	2011-11-01	4.91	5.45	4.88	5.45	413102	1.34	002456	欧菲光	SZ	4.96	1.22	
648	2011-10-31	4.88	4.96	4.78	4.96	135357	1.22	002456	欧菲光	SZ	4.92	1.21	
649	2011-10-28	4.94	4.97	4.82	4.92	126919	1.21	002456	欧菲光	SZ	4.86	1.2	
650	2011-10-27	4.91	5.05	4.82	4.86	142185	1.2	002456	欧菲光	SZ	4.93	1.21	
651	2011-10-26	4.76	5.07	4.69	4.93	185027	1.21	002456	欧菲光	SZ	4.82	1.19	
652	2011-10-25	4.74	4.92	4.63	4.82	140822	1.19	002456	欧菲光	SZ	4.74	1.17	
653	2011-10-24	4.48	4.78	4.38	4.74	114745	1.17	002456	欧菲光	SZ	4.44	1.09	
654	2011-10-21	4.58	4.63	4.44	4.44	54380	1.09	002456	欧菲光	SZ	4.57	1.13	
655	2011-10-20	4.66	4.82	4.51	4.57	83747	1.13	002456	欧菲光	SZ	4.72	1.16	
656	2011-10-19	4.76	4.86	4.61	4.72	81146	1.16	002456	欧菲光	SZ	4.76	1.17	
657	2011-10-18	4.99	5.06	4.75	4.76	134311	1.17	002456	欧菲光	SZ	5.06	1.24	
658	2011-10-17	5	5.22	4.97	5.06	211203	1.24	002456	欧菲光	SZ	4.99	1.23	
659	2011-10-14	5.16	5.16	4.94	4.99	198284	1.23	002456	欧菲光	SZ	5.06	1.24	
660	2011-10-13	4.55	5.06	4.55	5.06	216017	1.24	002456	欧菲光	SZ	4.6	1.13	
661	2011-10-12	4.41	4.64	4.23	4.6	96645	1.13	002456	欧菲光	SZ	4.43	1.09	
662	2011-10-11	4.63	4.7	4.34	4.43	86474	1.09	002456	欧菲光	SZ	4.49	1.1	
663	2011-10-10	4.55	4.61	4.43	4.49	46855	1.1	002456	欧菲光	SZ	4.54	1.12	
664	2011-09-30	4.49	4.55	4.34	4.54	87674	1.12	002456	欧菲光	SZ	4.47	1.1	
665	2011-09-29	4.9	4.9	4.45	4.47	156135	1.1	002456	欧菲光	SZ	4.94	1.21	
666	2011-09-28	5.07	5.22	4.91	4.94	113580	1.21	002456	欧菲光	SZ	5.04	1.24	
667	2011-09-27	5.26	5.34	5.03	5.04	142148	1.24	002456	欧菲光	SZ	5.22	1.28	
668	2011-09-26	5.18	5.3	5.12	5.22	147342	1.28	002456	欧菲光	SZ	5.23	1.29	
669	2011-09-23	5.1	5.31	5.06	5.23	146903	1.29	002456	欧菲光	SZ	5.23	1.29	
670	2011-09-22	5.38	5.43	5.18	5.23	218754	1.29	002456	欧菲光	SZ	5.45	1.34	
671	2011-09-21	5.26	5.47	5.19	5.45	300172	1.34	002456	欧菲光	SZ	5.32	1.31	
672	2011-09-20	5.2	5.32	5.03	5.32	231973	1.31	002456	欧菲光	SZ	5.22	1.28	
673	2011-09-19	5.1	5.29	5.02	5.22	186029	1.28	002456	欧菲光	SZ	5.14	1.26	
674	2011-09-16	4.97	5.31	4.96	5.14	266409	1.26	002456	欧菲光	SZ	4.88	1.2	
675	2011-09-15	4.51	4.88	4.51	4.88	142423	1.2	002456	欧菲光	SZ	4.44	1.09	
676	2011-09-13	4.52	4.52	4.39	4.44	37484	1.09	002456	欧菲光	SZ	4.62	1.14	
677	2011-09-09	4.7	4.78	4.58	4.62	31294	1.14	002456	欧菲光	SZ	4.7	1.16	
678	2011-09-08	4.72	4.87	4.7	4.7	59527	1.16	002456	欧菲光	SZ	4.71	1.16	
679	2011-09-07	4.68	4.72	4.6	4.71	45419	1.16	002456	欧菲光	SZ	4.61	1.13	
680	2011-09-06	4.6	4.79	4.59	4.61	43424	1.13	002456	欧菲光	SZ	4.71	1.16	
681	2011-09-05	4.95	4.97	4.71	4.71	63176	1.16	002456	欧菲光	SZ	5	1.23	
682	2011-09-02	4.97	5.12	4.92	5	73954	1.23	002456	欧菲光	SZ	5	1.23	
683	2011-09-01	5.14	5.22	5	5	49151	1.23	002456	欧菲光	SZ	5.12	1.26	
684	2011-08-31	5.21	5.25	5.07	5.12	45400	1.26	002456	欧菲光	SZ	5.23	1.29	
685	2011-08-30	5.39	5.42	5.23	5.23	67173	1.29	002456	欧菲光	SZ	5.4	1.33	
686	2011-08-29	5.51	5.72	5.39	5.4	126521	1.33	002456	欧菲光	SZ	5.38	1.32	
687	2011-08-26	5.28	5.46	5.19	5.38	107042	1.32	002456	欧菲光	SZ	5.28	1.3	
688	2011-08-25	5.26	5.32	5.13	5.28	68065	1.3	002456	欧菲光	SZ	5.25	1.29	
689	2011-08-24	5.2	5.45	5.15	5.25	105756	1.29	002456	欧菲光	SZ	5.18	1.27	
690	2011-08-23	5.08	5.2	5.03	5.18	54741	1.27	002456	欧菲光	SZ	5.04	1.24	
691	2011-08-22	5.02	5.09	4.95	5.04	25366	1.24	002456	欧菲光	SZ	5.02	1.23	
692	2011-08-19	4.96	5.03	4.85	5.02	33207	1.23	002456	欧菲光	SZ	5.09	1.25	
693	2011-08-18	5.22	5.22	5.05	5.09	44126	1.25	002456	欧菲光	SZ	5.22	1.28	
694	2011-08-17	5.12	5.25	5.11	5.22	53096	1.28	002456	欧菲光	SZ	5.14	1.27	
695	2011-08-16	5.32	5.32	5.13	5.14	73000	1.27	002456	欧菲光	SZ	5.3	1.3	
696	2011-08-15	5.22	5.34	5.16	5.3	53956	1.3	002456	欧菲光	SZ	5.22	1.28	
697	2011-08-12	5.17	5.28	5.17	5.22	72475	1.28	002456	欧菲光	SZ	5.09	1.25	
698	2011-08-11	4.92	5.12	4.88	5.09	51163	1.25	002456	欧菲光	SZ	5.07	1.25	
699	2011-08-10	5.19	5.22	5.05	5.07	59565	1.25	002456	欧菲光	SZ	5.06	1.24	
700	2011-08-09	5.01	5.23	4.79	5.06	64758	1.24	002456	欧菲光	SZ	5.23	1.29	
701	2011-08-08	5.68	5.75	5.19	5.23	102952	1.29	002456	欧菲光	SZ	5.77	1.42	
702	2011-08-05	5.62	5.8	5.6	5.77	43430	1.42	002456	欧菲光	SZ	5.93	1.46	
703	2011-08-04	5.91	5.99	5.86	5.93	43139	1.46	002456	欧菲光	SZ	5.95	1.46	
704	2011-08-03	5.68	6.03	5.66	5.95	87827	1.46	002456	欧菲光	SZ	5.76	1.42	
705	2011-08-02	5.8	5.8	5.58	5.76	49293	1.42	002456	欧菲光	SZ	5.8	1.43	
706	2011-08-01	5.75	5.9	5.7	5.8	47192	1.43	002456	欧菲光	SZ	5.86	1.44	
707	2011-07-29	6.1	6.11	5.85	5.86	93666	1.44	002456	欧菲光	SZ	6.1	1.5	
708	2011-07-28	6.1	6.24	6.03	6.1	65593	1.5	002456	欧菲光	SZ	6.2	1.53	
709	2011-07-27	6.08	6.24	5.95	6.2	55320	1.53	002456	欧菲光	SZ	6.11	1.5	
710	2011-07-26	6.12	6.2	5.93	6.11	89062	1.5	002456	欧菲光	SZ	6.16	1.52	
711	2011-07-25	6.61	6.61	6.16	6.16	125345	1.52	002456	欧菲光	SZ	6.61	1.63	
712	2011-07-22	6.63	6.68	6.55	6.61	73113	1.63	002456	欧菲光	SZ	6.64	1.63	
713	2011-07-21	6.87	6.95	6.55	6.64	85589	1.63	002456	欧菲光	SZ	6.82	1.68	
714	2011-07-20	6.97	7.02	6.75	6.82	123946	1.68	002456	欧菲光	SZ	7	1.72	
715	2011-07-19	6.52	7.11	6.49	7	271223	1.72	002456	欧菲光	SZ	6.52	1.6	
716	2011-07-18	6.47	6.62	6.47	6.52	117478	1.6	002456	欧菲光	SZ	6.43	1.58	
717	2011-07-15	6.54	6.56	6.41	6.43	146247	1.58	002456	欧菲光	SZ	6.57	1.61	
718	2011-07-14	6.77	6.77	6.39	6.57	235740	1.61	002456	欧菲光	SZ	6.97	1.72	
719	2011-07-13	6.76	7.06	6.76	6.97	69309	1.72	002456	欧菲光	SZ	6.81	1.67	
720	2011-07-12	7	7	6.81	6.81	70631	1.67	002456	欧菲光	SZ	7.07	1.74	
721	2011-07-11	6.95	7.21	6.87	7.07	94682	1.74	002456	欧菲光	SZ	6.95	1.71	
722	2011-07-08	7.12	7.2	6.9	6.95	108250	1.71	002456	欧菲光	SZ	7.2	1.77	
723	2011-07-07	7.33	7.35	7.12	7.2	152016	1.77	002456	欧菲光	SZ	7.39	1.82	
724	2011-07-06	6.97	7.64	6.9	7.39	230281	1.82	002456	欧菲光	SZ	7	1.72	
725	2011-07-05	6.88	7.12	6.78	7	152731	1.72	002456	欧菲光	SZ	6.86	1.69	
726	2011-07-04	6.75	6.89	6.68	6.86	96039	1.69	002456	欧菲光	SZ	6.72	1.65	
727	2011-07-01	6.76	6.87	6.65	6.72	63098	1.65	002456	欧菲光	SZ	6.84	1.68	
728	2011-06-30	6.61	6.87	6.61	6.84	112647	1.68	002456	欧菲光	SZ	6.66	1.64	
729	2011-06-29	6.69	6.87	6.6	6.66	111666	1.64	002456	欧菲光	SZ	6.78	1.67	
730	2011-06-28	6.76	7.05	6.75	6.78	155731	1.67	002456	欧菲光	SZ	6.82	1.68	
731	2011-06-27	6.95	7.07	6.78	6.82	318781	1.68	002456	欧菲光	SZ	6.62	1.63	
732	2011-06-24	6	6.62	5.93	6.62	79614	1.63	002456	欧菲光	SZ	6.01	1.48	
733	2011-06-23	5.88	6.07	5.69	6.01	44318	1.48	002456	欧菲光	SZ	5.93	1.46	
734	2011-06-22	6.02	6.09	5.92	5.93	24720	1.46	002456	欧菲光	SZ	6.03	1.48	
735	2011-06-21	5.8	6.07	5.72	6.03	38122	1.48	002456	欧菲光	SZ	5.69	1.4	
736	2011-06-20	6.03	6.03	5.66	5.69	57501	1.4	002456	欧菲光	SZ	6.06	1.49	
737	2011-06-17	6.25	6.36	6	6.06	37408	1.49	002456	欧菲光	SZ	6.32	1.55	
738	2011-06-16	6.37	6.37	6.25	6.32	34620	1.55	002456	欧菲光	SZ	6.47	1.59	
739	2011-06-15	6.55	6.75	6.45	6.47	46144	1.59	002456	欧菲光	SZ	6.62	1.63	
740	2011-06-14	6.38	6.72	6.33	6.62	48154	1.63	002456	欧菲光	SZ	6.43	1.58	
741	2011-06-13	6.44	6.47	6.2	6.43	35028	1.58	002456	欧菲光	SZ	6.43	1.58	
742	2011-06-10	6.18	6.5	6.13	6.43	60856	1.58	002456	欧菲光	SZ	6.25	1.54	
743	2011-06-09	6.64	6.7	6.25	6.25	62347	1.54	002456	欧菲光	SZ	6.74	1.66	
744	2011-06-08	6.53	6.88	6.53	6.74	88586	1.66	002456	欧菲光	SZ	6.62	1.63	
745	2011-06-07	6.65	6.68	6.42	6.62	74709	1.63	002456	欧菲光	SZ	6.7	1.65	
746	2011-06-03	6.38	6.79	6.21	6.7	134959	1.65	002456	欧菲光	SZ	6.37	1.57	
747	2011-06-02	6.38	6.62	6.18	6.37	127218	1.57	002456	欧菲光	SZ	6.3	1.55	
748	2011-06-01	5.74	6.3	5.6	6.3	57952	1.55	002456	欧菲光	SZ	5.72	1.41	
749	2011-05-31	5.5	5.78	5.5	5.72	43982	1.41	002456	欧菲光	SZ	5.51	1.36	
750	2011-05-30	5.75	5.76	5.4	5.51	51872	1.36	002456	欧菲光	SZ	5.84	1.44	
751	2011-05-27	6.18	6.18	5.65	5.84	76849	1.44	002456	欧菲光	SZ	6.26	1.54	
752	2011-05-26	6.46	6.53	6.18	6.26	78583	1.54	002456	欧菲光	SZ	6.5	1.6	
753	2011-05-25	6.43	6.74	6.35	6.5	98544	1.6	002456	欧菲光	SZ	6.55	1.61	
754	2011-05-24	6.48	6.91	6.03	6.55	138989	1.61	002456	欧菲光	SZ	6.48	1.59	
755	2011-05-23	6.18	6.6	6.18	6.48	220965	1.59	002456	欧菲光	SZ	6	1.48	
756	2011-05-20	5.51	6	5.49	6	113086	1.48	002456	欧菲光	SZ	5.46	1.34	
757	2011-05-19	5.51	5.55	5.46	5.46	12872	1.34	002456	欧菲光	SZ	5.51	1.36	
758	2011-05-18	5.47	5.55	5.45	5.51	13948	1.36	002456	欧菲光	SZ	5.51	1.36	
759	2011-05-17	5.56	5.56	5.45	5.51	25406	1.36	002456	欧菲光	SZ	5.5	1.35	
760	2011-05-16	5.62	5.65	5.5	5.5	14163	1.35	002456	欧菲光	SZ	5.61	1.38	
761	2011-05-13	5.53	5.66	5.53	5.61	16766	1.38	002456	欧菲光	SZ	5.54	1.36	
762	2011-05-12	5.57	5.72	5.51	5.54	28059	1.36	002456	欧菲光	SZ	5.53	1.36	
763	2011-05-11	5.62	5.62	5.5	5.53	24674	1.36	002456	欧菲光	SZ	5.65	1.39	
764	2011-05-10	5.68	5.72	5.25	5.65	23023	1.39	002456	欧菲光	SZ	5.68	1.4	
765	2011-05-09	5.8	5.87	5.58	5.68	39481	1.4	002456	欧菲光	SZ	5.72	1.41	
766	2011-05-06	5.7	5.79	5.62	5.72	18607	1.41	002456	欧菲光	SZ	5.72	1.41	
767	2011-05-05	5.7	5.74	5.55	5.72	12341	1.41	002456	欧菲光	SZ	5.7	1.4	
768	2011-05-04	5.81	5.85	5.68	5.7	29052	1.4	002456	欧菲光	SZ	5.82	1.43	
769	2011-05-03	5.87	5.9	5.73	5.82	21380	1.43	002456	欧菲光	SZ	5.92	1.46	
770	2011-04-29	6.18	6.2	5.66	5.92	28995	1.46	002456	欧菲光	SZ	6.2	0.74	
771	2011-04-28	6.28	6.32	6.18	6.2	17519	0.74	002456	欧菲光	SZ	6.28	0.75	
772	2011-04-27	6.28	6.34	6.2	6.28	18320	0.75	002456	欧菲光	SZ	6.25	0.75	
773	2011-04-26	6.27	6.4	6.19	6.25	32008	0.75	002456	欧菲光	SZ	6.27	0.75	
774	2011-04-25	6.57	6.71	6.22	6.27	81422	0.75	002456	欧菲光	SZ	6.56	0.79	
775	2011-04-22	6.75	6.77	6.54	6.56	81394	0.79	002456	欧菲光	SZ	6.84	0.82	
776	2011-04-21	6.93	7.06	6.78	6.84	39089	0.82	002456	欧菲光	SZ	6.93	0.83	
777	2011-04-20	7.03	7.03	6.84	6.93	41840	0.83	002456	欧菲光	SZ	7.06	0.85	
778	2011-04-19	6.79	7.12	6.69	7.06	47247	0.85	002456	欧菲光	SZ	6.79	0.82	
779	2011-04-18	6.86	6.9	6.72	6.79	45178	0.82	002456	欧菲光	SZ	6.9	0.83	
780	2011-04-15	7.01	7.01	6.8	6.9	59607	0.83	002456	欧菲光	SZ	6.97	0.84	
781	2011-04-14	7.25	7.29	6.96	6.97	60375	0.84	002456	欧菲光	SZ	7.25	0.87	
782	2011-04-13	7.38	7.38	7.19	7.25	27176	0.87	002456	欧菲光	SZ	7.41	0.89	
783	2011-04-12	7.39	7.56	7.38	7.41	17157	0.89	002456	欧菲光	SZ	7.47	0.9	
784	2011-04-11	7.62	7.69	7.46	7.47	19072	0.9	002456	欧菲光	SZ	7.6	0.91	
785	2011-04-08	7.43	7.69	7.38	7.6	24787	0.91	002456	欧菲光	SZ	7.38	0.89	
786	2011-04-07	7.36	7.41	7.24	7.38	6709	0.89	002456	欧菲光	SZ	7.36	0.88	
787	2011-04-06	7.25	7.41	7.21	7.36	13476	0.88	002456	欧菲光	SZ	7.37	0.89	
788	2011-04-01	7.35	7.42	7.17	7.37	10354	0.89	002456	欧菲光	SZ	7.41	0.89	
789	2011-03-30	7.44	7.5	7.16	7.41	23408	0.89	002456	欧菲光	SZ	7.5	0.9	
790	2011-03-29	7.78	7.79	7.49	7.5	19912	0.9	002456	欧菲光	SZ	7.74	0.93	
791	2011-03-28	7.69	7.82	7.66	7.74	18350	0.93	002456	欧菲光	SZ	7.8	0.94	
792	2011-03-25	7.71	7.81	7.64	7.8	25199	0.94	002456	欧菲光	SZ	7.71	0.93	
793	2011-03-24	7.84	7.84	7.62	7.71	23388	0.93	002456	欧菲光	SZ	7.84	0.94	
794	2011-03-23	7.75	7.85	7.75	7.84	17011	0.94	002456	欧菲光	SZ	7.78	0.93	
795	2011-03-22	7.8	8.06	7.65	7.78	26366	0.93	002456	欧菲光	SZ	7.7	0.92	
796	2011-03-21	7.88	7.9	7.61	7.7	44852	0.92	002456	欧菲光	SZ	7.91	0.95	
797	2011-03-18	7.87	8	7.84	7.91	15704	0.95	002456	欧菲光	SZ	7.86	0.94	
798	2011-03-17	8.13	8.23	7.86	7.86	24071	0.94	002456	欧菲光	SZ	8.23	0.99	
799	2011-03-16	8.15	8.31	8	8.23	18587	0.99	002456	欧菲光	SZ	8.15	0.98	
800	2011-03-15	8.21	8.25	7.88	8.15	34423	0.98	002456	欧菲光	SZ	8.28	0.99	
801	2011-03-14	8.41	8.66	8.23	8.28	36182	0.99	002456	欧菲光	SZ	8.31	1	
802	2011-03-11	8.23	8.45	8.19	8.31	45106	1	002456	欧菲光	SZ	8.26	0.99	
803	2011-03-10	8.59	8.6	8.2	8.26	59122	0.99	002456	欧菲光	SZ	8.49	1.02	
804	2011-03-09	8.4	8.76	8.35	8.49	82332	1.02	002456	欧菲光	SZ	8.4	1.01	
805	2011-03-08	8.06	8.4	8	8.4	45020	1.01	002456	欧菲光	SZ	8.06	0.97	
806	2011-03-07	8	8.2	7.94	8.06	56007	0.97	002456	欧菲光	SZ	8	0.96	
807	2011-03-04	7.48	8	7.38	8	49588	0.96	002456	欧菲光	SZ	7.49	0.9	
808	2011-03-03	7.65	7.8	7.36	7.49	92005	0.9	002456	欧菲光	SZ	7.75	0.93	
809	2011-03-02	7.84	7.94	7.65	7.75	38889	0.93	002456	欧菲光	SZ	7.86	0.94	
810	2011-03-01	8.2	8.2	7.84	7.86	88746	0.94	002456	欧菲光	SZ	8.12	0.98	
811	2011-02-28	8.06	8.15	7.9	8.12	85313	0.98	002456	欧菲光	SZ	8.08	0.97	
812	2011-02-25	8.06	8.14	8	8.08	40674	0.97	002456	欧菲光	SZ	8.06	0.97	
813	2011-02-24	7.85	8.18	7.78	8.06	62829	0.97	002456	欧菲光	SZ	7.88	0.95	
814	2011-02-23	7.54	8.16	7.51	7.88	65851	0.95	002456	欧菲光	SZ	7.56	0.91	
815	2011-02-22	7.74	7.74	7.55	7.56	31030	0.91	002456	欧菲光	SZ	7.7	0.92	
816	2011-02-21	7.48	7.72	7.43	7.7	23099	0.92	002456	欧菲光	SZ	7.57	0.91	
817	2011-02-18	7.56	7.74	7.41	7.57	76124	0.91	002456	欧菲光	SZ	7.56	0.91	
818	2011-02-17	7.46	7.62	7.38	7.56	59511	0.91	002456	欧菲光	SZ	7.41	0.89	
819	2011-02-16	7.24	7.5	7.2	7.41	32819	0.89	002456	欧菲光	SZ	7.25	0.87	
820	2011-02-15	7.29	7.43	7.18	7.25	30939	0.87	002456	欧菲光	SZ	7.32	0.88	
821	2011-02-14	7.31	7.42	7.21	7.32	26313	0.88	002456	欧菲光	SZ	7.3	0.88	
822	2011-02-11	7.13	7.36	7.09	7.3	32093	0.88	002456	欧菲光	SZ	7.13	0.86	
823	2011-02-10	7.04	7.19	6.9	7.13	22211	0.86	002456	欧菲光	SZ	7.05	0.85	
824	2011-02-09	6.93	7.05	6.75	7.05	23128	0.85	002456	欧菲光	SZ	7.05	0.85	
825	2011-02-01	7.02	7.1	6.88	7.05	27507	0.85	002456	欧菲光	SZ	7.01	0.84	
826	2011-01-31	6.84	7.06	6.84	7.01	29637	0.84	002456	欧菲光	SZ	6.82	0.82	
827	2011-01-28	6.75	6.89	6.75	6.82	15685	0.82	002456	欧菲光	SZ	6.86	0.82	
828	2011-01-27	6.75	6.97	6.68	6.86	26906	0.82	002456	欧菲光	SZ	6.86	0.82	
829	2011-01-26	6.51	6.99	6.51	6.86	37902	0.82	002456	欧菲光	SZ	6.51	0.78	
830	2011-01-25	6.37	6.56	6.31	6.51	30488	0.78	002456	欧菲光	SZ	6.38	0.77	
831	2011-01-24	6.5	6.57	6.35	6.38	15930	0.77	002456	欧菲光	SZ	6.51	0.78	
832	2011-01-21	6.45	6.62	6.33	6.51	19182	0.78	002456	欧菲光	SZ	6.54	0.79	
833	2011-01-20	6.87	6.94	6.49	6.54	40156	0.79	002456	欧菲光	SZ	6.68	0.8	
834	2011-01-18	6.69	6.81	6.56	6.68	25543	0.8	002456	欧菲光	SZ	6.71	0.81	
835	2011-01-17	7.19	7.24	6.47	6.71	53355	0.81	002456	欧菲光	SZ	7.19	0.86	
836	2011-01-14	7.54	7.66	7.13	7.19	45401	0.86	002456	欧菲光	SZ	7.62	0.91	
837	2011-01-13	7.74	7.81	7.54	7.62	15399	0.91	002456	欧菲光	SZ	7.7	0.92	
838	2011-01-12	7.47	7.71	7.36	7.7	30261	0.92	002456	欧菲光	SZ	7.46	0.9	
839	2011-01-11	7.6	7.74	7.29	7.46	34911	0.9	002456	欧菲光	SZ	7.7	0.92	
840	2011-01-10	7.7	7.95	7.6	7.7	29793	0.92	002456	欧菲光	SZ	7.8	0.94	
841	2011-01-07	8	8.03	7.68	7.8	52915	0.94	002456	欧菲光	SZ	8.06	0.97	
842	2011-01-06	8.1	8.16	7.97	8.06	27116	0.97	002456	欧菲光	SZ	8.11	0.97	
843	2011-01-05	8.6	8.62	7.97	8.11	82673	0.97	002456	欧菲光	SZ	8.66	1.04	
844	2011-01-04	8.56	8.7	8.5	8.66	23854	1.04	002456	欧菲光	SZ	8.65	1.04	
845	2010-12-31	8.22	8.69	8.19	8.65	37900	1.04	002456	欧菲光	SZ	8.22	0.99	
846	2010-12-30	8.2	8.3	8.1	8.22	16767	0.99	002456	欧菲光	SZ	8.27	0.99	
847	2010-12-29	7.92	8.31	7.75	8.27	30841	0.99	002456	欧菲光	SZ	7.79	0.94	
848	2010-12-28	7.81	7.94	7.56	7.79	26214	0.94	002456	欧菲光	SZ	7.89	0.95	
849	2010-12-27	8.14	8.37	7.85	7.89	14891	0.95	002456	欧菲光	SZ	8.23	0.99	
850	2010-12-24	8.19	8.35	7.93	8.23	26048	0.99	002456	欧菲光	SZ	8.2	0.98	
851	2010-12-23	8.36	8.47	8.15	8.2	18124	0.98	002456	欧菲光	SZ	8.47	1.02	
852	2010-12-22	8.57	8.62	8.44	8.47	19602	1.02	002456	欧菲光	SZ	8.57	1.03	
853	2010-12-21	8.43	8.61	8.29	8.57	26229	1.03	002456	欧菲光	SZ	8.44	1.01	
854	2010-12-20	8.81	8.81	8.12	8.44	39073	1.01	002456	欧菲光	SZ	8.74	1.05	
855	2010-12-17	8.92	8.99	8.63	8.74	32911	1.05	002456	欧菲光	SZ	8.89	1.07	
856	2010-12-16	8.89	9.06	8.83	8.89	26756	1.07	002456	欧菲光	SZ	8.91	1.07	
857	2010-12-15	8.93	9	8.8	8.91	24028	1.07	002456	欧菲光	SZ	8.93	1.07	
858	2010-12-14	9.04	9.06	8.81	8.93	43952	1.07	002456	欧菲光	SZ	9.03	1.08	
859	2010-12-13	8.76	9.19	8.76	9.03	38151	1.08	002456	欧菲光	SZ	8.76	1.05	
860	2010-12-10	8.53	8.84	8.38	8.76	36726	1.05	002456	欧菲光	SZ	8.62	1.04	
861	2010-12-09	8.34	8.88	8.26	8.62	55379	1.04	002456	欧菲光	SZ	8.43	1.01	
862	2010-12-08	8.38	8.86	8.31	8.43	40761	1.01	002456	欧菲光	SZ	8.5	1.02	
863	2010-12-07	7.76	8.62	7.76	8.5	80660	1.02	002456	欧菲光	SZ	7.86	0.94	
864	2010-12-06	8.12	8.22	7.63	7.86	68397	0.94	002456	欧菲光	SZ	8.19	0.98	
865	2010-12-03	8.56	8.6	7.94	8.19	41343	0.98	002456	欧菲光	SZ	8.57	1.03	
866	2010-12-02	8.78	8.85	8.54	8.57	31896	1.03	002456	欧菲光	SZ	8.65	1.04	
867	2010-12-01	8.62	8.74	8.44	8.65	19092	1.04	002456	欧菲光	SZ	8.74	1.05	
868	2010-11-30	9.32	9.32	8.42	8.74	73124	1.05	002456	欧菲光	SZ	9.36	1.12	
869	2010-11-29	9.03	9.49	9.01	9.36	38001	1.12	002456	欧菲光	SZ	9.17	1.1	
870	2010-11-26	9.13	9.38	9.1	9.17	27349	1.1	002456	欧菲光	SZ	9.14	1.1	
871	2010-11-25	9.35	9.44	9.13	9.14	49887	1.1	002456	欧菲光	SZ	9.44	1.13	
872	2010-11-24	9.38	9.48	9.28	9.44	51568	1.13	002456	欧菲光	SZ	9.52	1.14	
873	2010-11-23	9.38	9.62	9	9.52	67875	1.14	002456	欧菲光	SZ	9.5	1.14	
874	2010-11-22	9.77	9.95	9.32	9.5	172046	1.14	002456	欧菲光	SZ	9.32	1.12	
875	2010-11-19	8.62	9.32	8.5	9.32	136080	1.12	002456	欧菲光	SZ	8.48	1.02	
876	2010-11-18	8.05	8.48	8.05	8.48	54800	1.02	002456	欧菲光	SZ	8.06	0.97	
877	2010-11-17	8.06	8.61	7.94	8.06	70289	0.97	002456	欧菲光	SZ	8.19	0.98	
878	2010-11-16	8.61	8.69	8.09	8.19	65082	0.98	002456	欧菲光	SZ	8.6	1.03	
879	2010-11-15	8.2	8.62	8.08	8.6	67275	1.03	002456	欧菲光	SZ	8.12	0.98	
880	2010-11-12	8.49	8.72	8.01	8.12	89337	0.98	002456	欧菲光	SZ	8.5	1.02	
881	2010-11-11	8.35	8.79	8.23	8.5	90077	1.02	002456	欧菲光	SZ	8.37	1.01	
882	2010-11-10	8.26	8.48	8.21	8.37	62351	1.01	002456	欧菲光	SZ	8.31	1	
883	2010-11-09	8.48	8.79	8.25	8.31	136648	1	002456	欧菲光	SZ	8.61	1.03	
884	2010-11-08	7.94	8.62	7.72	8.61	193053	1.03	002456	欧菲光	SZ	7.84	0.94	
885	2010-11-04	7.68	7.92	7.57	7.84	96560	0.94	002456	欧菲光	SZ	7.75	0.93	
886	2010-11-03	7.56	7.97	7.43	7.75	203981	0.93	002456	欧菲光	SZ	7.76	0.93	
887	2010-11-02	7.75	8	7.49	7.76	103543	0.93	002456	欧菲光	SZ	7.84	0.94	
888	2010-11-01	7.88	8	7.64	7.84	121221	0.94	002456	欧菲光	SZ	7.91	0.95	
889	2010-10-29	7.42	8.1	7.35	7.91	131733	0.95	002456	欧菲光	SZ	7.6	0.91	
890	2010-10-28	7.42	8.1	7.35	7.6	129484	0.91	002456	欧菲光	SZ	7.44	0.89	
891	2010-10-27	7.07	7.46	6.94	7.44	123302	0.89	002456	欧菲光	SZ	7.07	0.85	
892	2010-10-26	7.04	7.15	6.94	7.07	66635	0.85	002456	欧菲光	SZ	7.03	0.84	
893	2010-10-25	6.82	7.24	6.73	7.03	114820	0.84	002456	欧菲光	SZ	6.83	0.82	
894	2010-10-22	6.49	6.98	6.35	6.83	154487	0.82	002456	欧菲光	SZ	6.35	0.76	
895	2010-10-21	6.24	6.39	6.18	6.35	80335	0.76	002456	欧菲光	SZ	6.11	0.73	
896	2010-10-20	6.21	6.28	6.06	6.11	56077	0.73	002456	欧菲光	SZ	6.3	0.76	
897	2010-10-19	6.16	6.44	6.13	6.3	80485	0.76	002456	欧菲光	SZ	6.17	0.74	
898	2010-10-18	6	6.22	5.95	6.17	55637	0.74	002456	欧菲光	SZ	5.96	0.72	
899	2010-10-15	6.16	6.31	5.91	5.96	100007	0.72	002456	欧菲光	SZ	6.3	0.76	
900	2010-10-14	6.48	6.48	6.27	6.3	67275	0.76	002456	欧菲光	SZ	6.57	0.79	
901	2010-10-13	6.67	6.75	6.35	6.57	76372	0.79	002456	欧菲光	SZ	6.66	0.8	
902	2010-10-12	6.88	6.93	6.65	6.66	51827	0.8	002456	欧菲光	SZ	6.82	0.82	
903	2010-10-11	6.97	6.97	6.75	6.82	71842	0.82	002456	欧菲光	SZ	6.82	0.82	
904	2010-09-30	7	7	6.63	6.82	64192	0.82	002456	欧菲光	SZ	6.99	0.84	
905	2010-09-29	7.04	7.18	6.89	6.99	68180	0.84	002456	欧菲光	SZ	7.04	0.85	
906	2010-09-28	6.9	7.07	6.82	7.04	71177	0.85	002456	欧菲光	SZ	6.91	0.83	
907	2010-09-27	6.68	6.95	6.62	6.91	51946	0.83	002456	欧菲光	SZ	6.68	0.8	
908	2010-09-21	6.76	6.94	6.64	6.68	30251	0.8	002456	欧菲光	SZ	6.79	0.82	
909	2010-09-20	6.71	6.86	6.64	6.79	37717	0.82	002456	欧菲光	SZ	6.72	0.81	
910	2010-09-17	6.62	6.91	6.57	6.72	65312	0.81	002456	欧菲光	SZ	6.64	0.8	
911	2010-09-16	6.62	6.72	6.5	6.64	43319	0.8	002456	欧菲光	SZ	6.64	0.8	
912	2010-09-15	7.01	7.01	6.63	6.64	67516	0.8	002456	欧菲光	SZ	7.01	0.84	
913	2010-09-14	7	7.04	6.92	7.01	56535	0.84	002456	欧菲光	SZ	6.95	0.83	
914	2010-09-13	6.86	6.99	6.79	6.95	63871	0.83	002456	欧菲光	SZ	6.9	0.83	
915	2010-09-10	6.76	6.93	6.56	6.9	89456	0.83	002456	欧菲光	SZ	6.82	0.82	
916	2010-09-09	6.92	6.98	6.82	6.82	74336	0.82	002456	欧菲光	SZ	6.95	0.83	
917	2010-09-08	7.06	7.07	6.88	6.95	83176	0.83	002456	欧菲光	SZ	7.09	0.85	
918	2010-09-07	6.91	7.14	6.84	7.09	76776	0.85	002456	欧菲光	SZ	6.96	0.84	
919	2010-09-06	7.34	7.43	6.88	6.96	132312	0.84	002456	欧菲光	SZ	7.34	0.88	
920	2010-09-03	7.36	7.45	7.22	7.34	112200	0.88	002456	欧菲光	SZ	7.38	0.89	
921	2010-09-02	7.14	7.48	7.02	7.38	199288	0.89	002456	欧菲光	SZ	7.06	0.85	
922	2010-09-01	7.15	7.42	6.94	7.06	195664	0.85	002456	欧菲光	SZ	7.2	0.86	
923	2010-08-31	6.76	7.32	6.63	7.2	200352	0.86	002456	欧菲光	SZ	6.82	0.82	
924	2010-08-30	6.59	6.84	6.56	6.82	122968	0.82	002456	欧菲光	SZ	6.61	0.79	
925	2010-08-27	6.49	6.61	6.36	6.61	119568	0.79	002456	欧菲光	SZ	6.51	0.78	
926	2010-08-26	6.4	6.52	6.25	6.51	105096	0.78	002456	欧菲光	SZ	6.36	0.76	
927	2010-08-25	6.35	6.5	6.33	6.36	100024	0.76	002456	欧菲光	SZ	6.55	0.79	
928	2010-08-24	6.35	6.68	6.32	6.55	124696	0.79	002456	欧菲光	SZ	6.35	0.76	
929	2010-08-23	6.5	6.61	6.31	6.35	143616	0.76	002456	欧菲光	SZ	6.57	0.79	
930	2010-08-20	6.7	6.85	6.45	6.57	199048	0.79	002456	欧菲光	SZ	6.83	0.82	
931	2010-08-19	6.81	7.01	6.8	6.83	166112	0.82	002456	欧菲光	SZ	6.79	0.82	
932	2010-08-18	6.89	6.95	6.7	6.79	239824	0.82	002456	欧菲光	SZ	6.94	0.83	
933	2010-08-17	6.64	7.02	6.64	6.94	241160	0.83	002456	欧菲光	SZ	6.69	0.8	
934	2010-08-16	6.57	6.76	6.47	6.69	228000	0.8	002456	欧菲光	SZ	6.6	0.79	
935	2010-08-13	6.51	6.64	6.29	6.6	274504	0.79	002456	欧菲光	SZ	6.5	0.78	
936	2010-08-12	6.94	6.98	6.36	6.5	416288	0.78	002456	欧菲光	SZ	7.04	0.85	
937	2010-08-11	6.82	7.15	6.77	7.04	352456	0.85	002456	欧菲光	SZ	6.97	0.84	
938	2010-08-10	6.85	7.21	6.74	6.97	420344	0.84	002456	欧菲光	SZ	6.66	0.8	
939	2010-08-09	6.34	6.69	6.34	6.66	480096	0.8	002456	欧菲光	SZ	6.32	0.76	
940	2010-08-06	6.24	6.56	6.24	6.32	552528	0.76	002456	欧菲光	SZ	6.15	0.74	
941	2010-08-05	6.07	6.2	5.99	6.15	542080	0.74	002456	欧菲光	SZ	6.15	0.74	
942	2010-08-04	6.04	6.32	5.95	6.15	887552	0.74	002456	欧菲光	SZ	5.79	0.7	
943	2010-08-03	5.75	5.97	5.57	5.79	1324704	0.7	002456	欧菲光	SZ	-1	-1	
