0	2014-04-29	17.15	17.38	16.95	17.36	36308	17.36	2369	卓翼科技	SZ	17.12	17.12	
1	2014-04-28	17.02	17.34	16.65	17.12	41949	17.12	2369	卓翼科技	SZ	17.26	17.26	
2	2014-04-25	17.88	17.91	17.26	17.26	45723	17.26	2369	卓翼科技	SZ	17.73	17.73	
3	2014-04-24	18.31	18.36	17.71	17.73	54999	17.73	2369	卓翼科技	SZ	18.3	18.3	
4	2014-04-23	18.22	18.38	18.12	18.3	31727	18.3	2369	卓翼科技	SZ	18.26	18.26	
5	2014-04-22	18.58	18.7	18.03	18.26	74563	18.26	2369	卓翼科技	SZ	18.6	18.6	
6	2014-04-21	19.28	19.54	18.6	18.6	88482	18.6	2369	卓翼科技	SZ	19.58	19.58	
7	2014-04-18	19.17	19.67	19.03	19.58	84655	19.58	2369	卓翼科技	SZ	19.23	19.23	
8	2014-04-17	18.73	19.39	18.73	19.23	91342	19.23	2369	卓翼科技	SZ	18.67	18.67	
9	2014-04-16	18.53	18.97	18.46	18.67	35333	18.67	2369	卓翼科技	SZ	18.64	18.64	
10	2014-04-15	18.86	18.99	18.61	18.64	47135	18.64	2369	卓翼科技	SZ	18.85	18.85	
11	2014-04-14	18.48	18.85	18.42	18.85	45394	18.85	2369	卓翼科技	SZ	18.47	18.47	
12	2014-04-11	18.6	18.61	18.17	18.47	65734	18.47	2369	卓翼科技	SZ	18.76	18.76	
13	2014-04-10	18.8	19.2	18.7	18.76	91709	18.76	2369	卓翼科技	SZ	18.84	18.84	
14	2014-04-09	18.6	18.97	18.43	18.84	85776	18.84	2369	卓翼科技	SZ	18.65	18.65	
15	2014-04-08	18.2	18.67	18	18.65	62449	18.65	2369	卓翼科技	SZ	18.38	18.38	
16	2014-04-07	18.38	18.38	18.38	18.38	0	18.38	2369	卓翼科技	SZ	18.38	18.38	
17	2014-04-04	17.91	18.46	17.91	18.38	45380	18.38	2369	卓翼科技	SZ	18.08	18.08	
18	2014-04-03	17.9	18.45	17.9	18.08	57407	18.08	2369	卓翼科技	SZ	17.96	17.96	
19	2014-04-02	18.16	18.5	17.83	17.96	59374	17.96	2369	卓翼科技	SZ	18.07	18.07	
20	2014-04-01	17.89	18.23	17.83	18.07	47124	18.07	2369	卓翼科技	SZ	17.94	17.94	
21	2014-03-31	18.29	18.5	17.55	17.94	78958	17.94	2369	卓翼科技	SZ	18.29	18.29	
22	2014-03-28	19.72	19.72	18.29	18.29	98016	18.29	2369	卓翼科技	SZ	19.74	19.74	
23	2014-03-27	20.45	20.5	19.74	19.74	78117	19.74	2369	卓翼科技	SZ	20.43	20.43	
24	2014-03-26	19.74	20.48	19.58	20.43	127849	20.43	2369	卓翼科技	SZ	19.71	19.71	
25	2014-03-25	19.5	19.83	19.21	19.71	57811	19.71	2369	卓翼科技	SZ	19.53	19.53	
26	2014-03-24	19.78	19.78	19.3	19.53	60830	19.53	2369	卓翼科技	SZ	19.67	19.67	
27	2014-03-21	19.1	19.77	18.77	19.67	66279	19.67	2369	卓翼科技	SZ	19.3	19.3	
28	2014-03-20	19.6	19.97	19.3	19.3	77278	19.3	2369	卓翼科技	SZ	19.6	19.6	
29	2014-03-19	19.63	19.66	19.2	19.6	61058	19.6	2369	卓翼科技	SZ	19.73	19.73	
30	2014-03-18	19.75	20.2	19.61	19.73	111362	19.73	2369	卓翼科技	SZ	19.57	19.57	
31	2014-03-17	19	19.63	18.86	19.57	78604	19.57	2369	卓翼科技	SZ	18.92	18.92	
32	2014-03-14	19.27	19.38	18.68	18.92	99904	18.92	2369	卓翼科技	SZ	19.59	19.59	
33	2014-03-13	20.08	20.3	19.5	19.59	155511	19.59	2369	卓翼科技	SZ	19.59	19.59	
34	2014-03-12	19.16	19.61	18.88	19.59	73294	19.59	2369	卓翼科技	SZ	19.15	19.15	
35	2014-03-11	19.6	19.82	18.95	19.15	104751	19.15	2369	卓翼科技	SZ	19.64	19.64	
36	2014-03-10	20	20.43	19.42	19.64	88189	19.64	2369	卓翼科技	SZ	20.35	20.35	
37	2014-03-07	20.79	20.95	20.28	20.35	69158	20.35	2369	卓翼科技	SZ	20.82	20.82	
38	2014-03-06	20.65	20.88	20.15	20.82	114656	20.82	2369	卓翼科技	SZ	20.44	20.44	
39	2014-03-05	20.3	20.97	20.29	20.44	108665	20.44	2369	卓翼科技	SZ	20.22	20.22	
40	2014-03-04	20.3	20.3	19.83	20.22	94863	20.22	2369	卓翼科技	SZ	20.66	20.66	
41	2014-03-03	20.43	21.02	20.28	20.66	126884	20.66	2369	卓翼科技	SZ	20.45	20.45	
42	2014-02-28	20.27	20.7	19.83	20.45	129160	20.45	2369	卓翼科技	SZ	20.24	20.24	
43	2014-02-27	21.9	21.9	19.65	20.24	115433	20.24	2369	卓翼科技	SZ	21.78	21.78	
44	2014-02-26	21.6	21.9	20.52	21.78	89098	21.78	2369	卓翼科技	SZ	21.43	21.43	
45	2014-02-25	23.1	23.46	21.31	21.43	90236	21.43	2369	卓翼科技	SZ	22.98	22.98	
46	2014-02-24	23	23.2	22.43	22.98	66826	22.98	2369	卓翼科技	SZ	23.18	23.18	
47	2014-02-21	22.9	23.43	22.71	23.18	57833	23.18	2369	卓翼科技	SZ	23	23	
48	2014-02-20	23.28	23.46	22.88	23	96239	23	2369	卓翼科技	SZ	23.3	23.3	
49	2014-02-19	24.9	24.9	23.09	23.3	270928	23.3	2369	卓翼科技	SZ	25.65	25.65	
50	2014-02-18	25.78	25.98	25.35	25.65	119809	25.65	2369	卓翼科技	SZ	25.65	25.65	
51	2014-02-17	25.48	26.58	25.11	25.65	174739	25.65	2369	卓翼科技	SZ	25.28	25.28	
52	2014-02-14	25	25.6	24.56	25.28	107658	25.28	2369	卓翼科技	SZ	25.2	25.2	
53	2014-02-13	25	25.82	24.57	25.2	150237	25.2	2369	卓翼科技	SZ	25.45	25.45	
54	2014-02-12	26.5	26.99	25.25	25.45	166291	25.45	2369	卓翼科技	SZ	25.45	25.45	
55	2014-02-11	25.88	26.09	24.8	25.45	91461	25.45	2369	卓翼科技	SZ	25.9	25.9	
56	2014-02-10	24.98	27.39	24.58	25.9	100313	25.9	2369	卓翼科技	SZ	24.9	24.9	
57	2014-02-07	23.9	25.16	23.52	24.9	43784	24.9	2369	卓翼科技	SZ	24.25	24.25	
58	2014-02-06	24.25	24.25	24.25	24.25	0	24.25	2369	卓翼科技	SZ	24.25	24.25	
59	2014-02-05	24.25	24.25	24.25	24.25	0	24.25	2369	卓翼科技	SZ	24.25	24.25	
60	2014-02-03	24.25	24.25	24.25	24.25	0	24.25	2369	卓翼科技	SZ	24.25	24.25	
61	2014-01-31	24.25	24.25	24.25	24.25	0	24.25	2369	卓翼科技	SZ	24.25	24.25	
62	2014-01-30	24.5	24.73	23.8	24.25	42852	24.25	2369	卓翼科技	SZ	24.6	24.6	
63	2014-01-29	22.78	24.9	22.6	24.6	112760	24.6	2369	卓翼科技	SZ	23	23	
64	2014-01-28	21.89	23	21.21	23	74647	23	2369	卓翼科技	SZ	21.9	21.9	
65	2014-01-27	21.15	22.22	20.65	21.9	85083	21.9	2369	卓翼科技	SZ	21.2	21.2	
66	2014-01-24	20.99	21.7	20.47	21.2	127066	21.2	2369	卓翼科技	SZ	20.85	20.85	
67	2014-01-23	19.35	20.9	19.05	20.85	157480	20.85	2369	卓翼科技	SZ	19	19	
68	2014-01-22	19.51	19.59	18.76	19	93697	19	2369	卓翼科技	SZ	19.5	19.5	
69	2014-01-21	19.12	19.78	19.12	19.5	47963	19.5	2369	卓翼科技	SZ	19.28	19.28	
70	2014-01-20	19.43	19.69	18.9	19.28	51600	19.28	2369	卓翼科技	SZ	19.61	19.61	
71	2014-01-17	19.54	20.41	19.5	19.61	63923	19.61	2369	卓翼科技	SZ	19.7	19.7	
72	2014-01-16	19.56	20.17	18.9	19.7	122220	19.7	2369	卓翼科技	SZ	19.48	19.48	
73	2014-01-15	18.99	19.6	18.85	19.48	80654	19.48	2369	卓翼科技	SZ	19.18	19.18	
74	2014-01-14	19	19.41	18.72	19.18	85077	19.18	2369	卓翼科技	SZ	18.9	18.9	
75	2014-01-13	17.7	18.9	17.51	18.9	109827	18.9	2369	卓翼科技	SZ	17.7	17.7	
76	2014-01-10	17.75	18.24	17.35	17.7	44370	17.7	2369	卓翼科技	SZ	17.66	17.66	
77	2014-01-09	18.3	18.77	17.66	17.66	58188	17.66	2369	卓翼科技	SZ	18.58	18.58	
78	2014-01-08	18.28	18.8	17.6	18.58	68386	18.58	2369	卓翼科技	SZ	18.28	18.28	
79	2014-01-07	17.58	18.77	17.58	18.28	62945	18.28	2369	卓翼科技	SZ	17.9	17.9	
80	2014-01-06	17.72	18.28	17.31	17.9	63641	17.9	2369	卓翼科技	SZ	17.9	17.9	
81	2014-01-03	17.8	18.47	17.67	17.9	49559	17.9	2369	卓翼科技	SZ	17.9	17.9	
82	2014-01-02	17.68	18	17.5	17.9	54826	17.9	2369	卓翼科技	SZ	17.8	17.8	
83	2014-01-01	17.8	17.8	17.8	17.8	0	17.8	2369	卓翼科技	SZ	17.8	17.8	
84	2013-12-31	16.76	18.22	16.72	17.8	98593	17.8	2369	卓翼科技	SZ	16.76	16.76	
85	2013-12-30	16.99	17.08	16.62	16.76	86310	16.76	2369	卓翼科技	SZ	16.94	16.94	
86	2013-12-27	16.17	17.02	16.17	16.94	58711	16.94	2369	卓翼科技	SZ	16.16	16.16	
87	2013-12-26	16.15	16.77	16.1	16.16	60056	16.16	2369	卓翼科技	SZ	16.15	16.15	
88	2013-12-25	15.71	16.53	15.71	16.15	87825	16.15	2369	卓翼科技	SZ	15.81	15.81	
89	2013-12-24	14.94	15.83	14.94	15.81	54268	15.81	2369	卓翼科技	SZ	15	15	
90	2013-12-23	15	15.17	14.72	15	34173	15	2369	卓翼科技	SZ	15	15	
91	2013-12-20	15.48	15.62	14.88	15	39447	15	2369	卓翼科技	SZ	15.54	15.54	
92	2013-12-19	16.18	16.18	15.54	15.54	31807	15.54	2369	卓翼科技	SZ	16.01	16.01	
93	2013-12-18	16.16	16.58	15.88	16.01	36229	16.01	2369	卓翼科技	SZ	16.27	16.27	
94	2013-12-17	16.08	16.45	15.88	16.27	43528	16.27	2369	卓翼科技	SZ	16.08	16.08	
95	2013-12-16	16.47	16.48	16.02	16.08	36753	16.08	2369	卓翼科技	SZ	16.45	16.45	
96	2013-12-13	16.62	17.11	16.4	16.45	48298	16.45	2369	卓翼科技	SZ	16.83	16.83	
97	2013-12-12	16.7	17.25	15.82	16.83	177423	16.83	2369	卓翼科技	SZ	17.1	17.1	
98	2013-12-11	17.1	17.1	17.1	17.1	0	17.1	2369	卓翼科技	SZ	17.1	17.1	
99	2013-12-10	17.1	17.1	17.1	17.1	0	17.1	2369	卓翼科技	SZ	17.1	17.1	
100	2013-12-09	17.1	17.1	17.1	17.1	0	17.1	2369	卓翼科技	SZ	17.1	17.1	
101	2013-12-06	16.35	17.1	16.21	17.1	94286	17.1	2369	卓翼科技	SZ	16.42	16.42	
102	2013-12-05	16.8	17.13	16.35	16.42	116542	16.42	2369	卓翼科技	SZ	16.8	16.8	
103	2013-12-04	17	17.45	16.76	16.8	157559	16.8	2369	卓翼科技	SZ	16.94	16.94	
104	2013-12-03	15.9	17.19	15.8	16.94	119776	16.94	2369	卓翼科技	SZ	16.14	16.14	
105	2013-12-02	15.83	16.65	15.65	16.14	163903	16.14	2369	卓翼科技	SZ	16.16	16.16	
106	2013-11-29	16	16.25	15.9	16.16	68931	16.16	2369	卓翼科技	SZ	16.17	16.17	
107	2013-11-28	15.32	16.55	15.32	16.17	176442	16.17	2369	卓翼科技	SZ	15.45	15.45	
108	2013-11-27	15.33	15.8	15.21	15.45	122261	15.45	2369	卓翼科技	SZ	15.46	15.46	
109	2013-11-26	14.9	15.49	14.8	15.46	81647	15.46	2369	卓翼科技	SZ	14.92	14.92	
110	2013-11-25	14.9	15.23	14.83	14.92	53934	14.92	2369	卓翼科技	SZ	14.9	14.9	
111	2013-11-22	14.95	15.06	14.78	14.9	49273	14.9	2369	卓翼科技	SZ	15.1	15.1	
112	2013-11-21	15.16	15.17	14.71	15.1	79911	15.1	2369	卓翼科技	SZ	15	15	
113	2013-11-20	14.64	15.05	14.63	15	87630	15	2369	卓翼科技	SZ	14.66	14.66	
114	2013-11-19	14.6	14.75	14.45	14.66	63074	14.66	2369	卓翼科技	SZ	14.69	14.69	
115	2013-11-18	14.4	14.8	14.2	14.69	113120	14.69	2369	卓翼科技	SZ	14.27	14.27	
116	2013-11-15	14	14.49	14	14.27	77316	14.27	2369	卓翼科技	SZ	14.17	14.17	
117	2013-11-14	13.68	14.18	13.6	14.17	80223	14.17	2369	卓翼科技	SZ	13.66	13.66	
118	2013-11-13	13.64	14.22	13.62	13.66	65162	13.66	2369	卓翼科技	SZ	13.81	13.81	
119	2013-11-12	13.8	14.1	13.7	13.81	31700	13.81	2369	卓翼科技	SZ	13.8	13.8	
120	2013-11-11	13.51	13.86	13.33	13.8	26175	13.8	2369	卓翼科技	SZ	13.39	13.39	
121	2013-11-08	13.58	13.7	13.36	13.39	25798	13.39	2369	卓翼科技	SZ	13.62	13.62	
122	2013-11-07	14.18	14.2	13.59	13.62	42216	13.62	2369	卓翼科技	SZ	14.27	14.27	
123	2013-11-06	14.28	14.45	14.11	14.27	50942	14.27	2369	卓翼科技	SZ	14.29	14.29	
124	2013-11-05	14.2	14.37	13.92	14.29	31689	14.29	2369	卓翼科技	SZ	14.2	14.2	
125	2013-11-04	13.7	14.59	13.7	14.2	117296	14.2	2369	卓翼科技	SZ	13.64	13.64	
126	2013-11-01	13.55	13.79	13.15	13.64	33346	13.64	2369	卓翼科技	SZ	13.52	13.52	
127	2013-10-31	13.85	13.88	13.5	13.52	34840	13.52	2369	卓翼科技	SZ	13.97	13.97	
128	2013-10-30	13.62	14.05	13.52	13.97	44683	13.97	2369	卓翼科技	SZ	13.56	13.56	
129	2013-10-29	13.92	14.07	13	13.56	76060	13.56	2369	卓翼科技	SZ	13.85	13.85	
130	2013-10-28	14.37	14.52	13.62	13.85	72519	13.85	2369	卓翼科技	SZ	14.39	14.39	
131	2013-10-25	14.9	14.93	14.27	14.39	50683	14.39	2369	卓翼科技	SZ	14.81	14.81	
132	2013-10-24	14.7	15.05	14.66	14.81	41564	14.81	2369	卓翼科技	SZ	14.75	14.75	
133	2013-10-23	15.2	15.35	14.56	14.75	83768	14.75	2369	卓翼科技	SZ	15.17	15.17	
134	2013-10-22	15.5	15.52	15.1	15.17	70594	15.17	2369	卓翼科技	SZ	15.5	15.5	
135	2013-10-21	15.11	15.52	15.09	15.5	113219	15.5	2369	卓翼科技	SZ	15.18	15.18	
136	2013-10-18	15.75	15.87	15.02	15.18	168053	15.18	2369	卓翼科技	SZ	15.73	15.73	
137	2013-10-17	16.04	16.2	15.67	15.73	63048	15.73	2369	卓翼科技	SZ	15.98	15.98	
138	2013-10-16	15.78	16.13	15.51	15.98	94291	15.98	2369	卓翼科技	SZ	15.86	15.86	
139	2013-10-15	16.26	16.37	15.71	15.86	104421	15.86	2369	卓翼科技	SZ	16.28	16.28	
140	2013-10-14	16.22	16.42	15.99	16.28	141008	16.28	2369	卓翼科技	SZ	16.14	16.14	
141	2013-10-11	16.2	16.4	15.84	16.14	190382	16.14	2369	卓翼科技	SZ	16.45	16.45	
142	2013-10-10	17.29	17.3	16.05	16.45	102649	16.45	2369	卓翼科技	SZ	17.23	17.23	
143	2013-10-09	17.2	17.38	16.95	17.23	80257	17.23	2369	卓翼科技	SZ	17.4	17.4	
144	2013-10-08	16.96	17.45	16.8	17.4	103275	17.4	2369	卓翼科技	SZ	16.96	16.96	
145	2013-10-07	16.96	16.96	16.96	16.96	0	16.96	2369	卓翼科技	SZ	16.96	16.96	
146	2013-10-04	16.96	16.96	16.96	16.96	0	16.96	2369	卓翼科技	SZ	16.96	16.96	
147	2013-10-03	16.96	16.96	16.96	16.96	0	16.96	2369	卓翼科技	SZ	16.96	16.96	
148	2013-10-02	16.96	16.96	16.96	16.96	0	16.96	2369	卓翼科技	SZ	16.96	16.96	
149	2013-10-01	16.96	16.96	16.96	16.96	0	16.96	2369	卓翼科技	SZ	16.96	16.96	
150	2013-09-30	16.89	17.1	16.6	16.96	42588	16.96	2369	卓翼科技	SZ	16.71	16.71	
151	2013-09-27	16.48	16.91	16.48	16.71	44494	16.71	2369	卓翼科技	SZ	16.44	16.44	
152	2013-09-26	16.86	17.17	16.42	16.44	78090	16.44	2369	卓翼科技	SZ	17.2	17.2	
153	2013-09-25	17.59	17.64	16.94	17.2	86142	17.2	2369	卓翼科技	SZ	17.55	17.55	
154	2013-09-24	17.58	17.75	17.36	17.55	99718	17.55	2369	卓翼科技	SZ	17.69	17.69	
155	2013-09-23	17.17	17.98	17.03	17.69	154067	17.69	2369	卓翼科技	SZ	17.16	17.16	
156	2013-09-20	17.16	17.16	17.16	17.16	0	17.16	2369	卓翼科技	SZ	17.16	17.16	
157	2013-09-18	17.2	17.3	16.72	17.16	98195	17.16	2369	卓翼科技	SZ	17.28	17.28	
158	2013-09-17	17	17.49	16.79	17.28	190644	17.28	2369	卓翼科技	SZ	17.15	17.15	
159	2013-09-16	16.01	17.3	15.87	17.15	148227	17.15	2369	卓翼科技	SZ	16.06	16.06	
160	2013-09-13	15.93	16.11	15.69	16.06	34224	16.06	2369	卓翼科技	SZ	15.89	15.89	
161	2013-09-12	15.88	16.25	15.65	15.89	45478	15.89	2369	卓翼科技	SZ	15.93	15.93	
162	2013-09-11	16.89	16.89	15.7	15.93	84188	15.93	2369	卓翼科技	SZ	16.98	16.98	
163	2013-09-10	16.31	17.08	16.17	16.98	113697	16.98	2369	卓翼科技	SZ	16.31	16.31	
164	2013-09-09	16.61	16.66	16.25	16.31	47004	16.31	2369	卓翼科技	SZ	16.6	16.6	
165	2013-09-06	16.3	16.62	16.17	16.6	62368	16.6	2369	卓翼科技	SZ	16.45	16.45	
166	2013-09-05	16.38	16.48	16.06	16.45	51781	16.45	2369	卓翼科技	SZ	16.41	16.41	
167	2013-09-04	15.7	16.65	15.7	16.41	78218	16.41	2369	卓翼科技	SZ	15.85	15.85	
168	2013-09-03	15.69	15.94	15.5	15.85	34406	15.85	2369	卓翼科技	SZ	15.69	15.69	
169	2013-09-02	15.3	15.86	15.29	15.69	37431	15.69	2369	卓翼科技	SZ	15.36	15.36	
170	2013-08-30	16.28	16.33	15.35	15.36	72414	15.36	2369	卓翼科技	SZ	16.31	16.31	
171	2013-08-29	16.14	16.44	16.05	16.31	48662	16.31	2369	卓翼科技	SZ	16.1	16.1	
172	2013-08-28	16.62	16.62	16.08	16.1	89253	16.1	2369	卓翼科技	SZ	16.79	16.79	
173	2013-08-27	16.91	17	16.6	16.79	64053	16.79	2369	卓翼科技	SZ	16.99	16.99	
174	2013-08-26	16.97	17.16	16.77	16.99	85407	16.99	2369	卓翼科技	SZ	16.97	16.97	
175	2013-08-23	16.59	17.16	16.2	16.97	130114	16.97	2369	卓翼科技	SZ	16.38	16.38	
176	2013-08-22	16.38	16.9	16.29	16.38	81570	16.38	2369	卓翼科技	SZ	16.49	16.49	
177	2013-08-21	16.26	16.55	16.03	16.49	80193	16.49	2369	卓翼科技	SZ	16.41	16.41	
178	2013-08-20	16.24	16.6	16	16.41	96402	16.41	2369	卓翼科技	SZ	16.24	16.24	
179	2013-08-19	14.96	16.33	14.96	16.24	88539	16.24	2369	卓翼科技	SZ	15.18	15.18	
180	2013-08-16	15.98	16.2	15.17	15.18	79285	15.18	2369	卓翼科技	SZ	16.06	16.06	
181	2013-08-15	16.22	16.54	16.04	16.06	64495	16.06	2369	卓翼科技	SZ	16.28	16.28	
182	2013-08-14	16.24	16.41	15.88	16.28	81337	16.28	2369	卓翼科技	SZ	16.25	16.25	
183	2013-08-13	16	16.55	15.99	16.25	82086	16.25	2369	卓翼科技	SZ	16.13	16.13	
184	2013-08-12	16.6	16.75	15.83	16.13	95977	16.13	2369	卓翼科技	SZ	16.38	16.38	
185	2013-08-09	16.35	16.94	16.01	16.38	163478	16.38	2369	卓翼科技	SZ	16.76	16.76	
186	2013-08-08	15.84	17.3	15.77	16.76	223400	16.76	2369	卓翼科技	SZ	15.77	15.77	
187	2013-08-07	16.1	16.95	15.65	15.77	149437	15.77	2369	卓翼科技	SZ	15.55	15.55	
188	2013-08-06	15.18	15.56	15.07	15.55	52842	15.55	2369	卓翼科技	SZ	15.18	15.18	
189	2013-08-05	14.92	15.19	14.86	15.18	35463	15.18	2369	卓翼科技	SZ	14.88	14.88	
190	2013-08-02	14.8	15.08	14.7	14.88	40007	14.88	2369	卓翼科技	SZ	14.65	14.65	
191	2013-08-01	14.1	14.82	14.1	14.65	36846	14.65	2369	卓翼科技	SZ	14.11	14.11	
192	2013-07-31	14.15	14.39	14.04	14.11	33026	14.11	2369	卓翼科技	SZ	14.11	14.11	
193	2013-07-30	14.95	14.96	14.07	14.11	50985	14.11	2369	卓翼科技	SZ	14.77	14.77	
194	2013-07-29	15.16	15.47	14.71	14.77	33345	14.77	2369	卓翼科技	SZ	15.26	15.26	
195	2013-07-26	15.04	15.49	14.93	15.26	42232	15.26	2369	卓翼科技	SZ	15.21	15.21	
196	2013-07-25	16.3	16.38	15.2	15.21	58411	15.21	2369	卓翼科技	SZ	16.41	16.41	
197	2013-07-24	16.12	16.45	15.88	16.41	76370	16.41	2369	卓翼科技	SZ	16.26	16.26	
198	2013-07-23	15.6	16.36	15.52	16.26	90717	16.26	2369	卓翼科技	SZ	15.6	15.6	
199	2013-07-22	15.03	15.63	14.88	15.6	51499	15.6	2369	卓翼科技	SZ	15.2	15.2	
200	2013-07-19	15.9	16.28	15.1	15.2	78000	15.2	2369	卓翼科技	SZ	15.97	15.97	
201	2013-07-18	16.11	16.16	15.65	15.97	68460	15.97	2369	卓翼科技	SZ	16.2	16.2	
202	2013-07-17	15.51	16.2	15.22	16.2	105553	16.2	2369	卓翼科技	SZ	15.5	15.5	
203	2013-07-16	16	16.07	15.24	15.5	71222	15.5	2369	卓翼科技	SZ	15.79	15.79	
204	2013-07-15	15.38	15.91	15.2	15.79	80870	15.79	2369	卓翼科技	SZ	15.26	15.26	
205	2013-07-12	15.38	15.72	14.98	15.26	77546	15.26	2369	卓翼科技	SZ	15.38	15.38	
206	2013-07-11	15.15	15.44	14.93	15.38	54803	15.38	2369	卓翼科技	SZ	15.22	15.22	
207	2013-07-10	15.01	15.36	14.82	15.22	55748	15.22	2369	卓翼科技	SZ	15.16	15.16	
208	2013-07-09	14.5	15.25	14.38	15.16	72587	15.16	2369	卓翼科技	SZ	14.38	14.38	
209	2013-07-08	14.49	14.68	13.87	14.38	43168	14.38	2369	卓翼科技	SZ	14.5	14.5	
210	2013-07-05	15.01	15.15	14.5	14.5	47937	14.5	2369	卓翼科技	SZ	15.15	15.15	
211	2013-07-04	15.1	15.64	14.89	15.15	81137	15.15	2369	卓翼科技	SZ	14.97	14.97	
212	2013-07-03	14.9	15.2	14.35	14.97	59224	14.97	2369	卓翼科技	SZ	14.88	14.88	
213	2013-07-02	14.8	15.06	14.44	14.88	70005	14.88	2369	卓翼科技	SZ	14.99	14.99	
214	2013-07-01	14.24	15.27	14.01	14.99	93733	14.99	2369	卓翼科技	SZ	14.58	14.58	
215	2013-06-28	14.15	14.76	14.15	14.58	82480	14.58	2369	卓翼科技	SZ	13.42	13.42	
216	2013-06-27	13.55	13.78	13.28	13.42	23425	13.42	2369	卓翼科技	SZ	13.55	13.55	
217	2013-06-26	13.29	13.88	13.22	13.55	44318	13.55	2369	卓翼科技	SZ	13.24	13.24	
218	2013-06-25	12.04	13.24	11.8	13.24	46564	13.24	2369	卓翼科技	SZ	12.04	12.04	
219	2013-06-24	12.77	12.9	11.7	12.04	21226	12.04	2369	卓翼科技	SZ	12.78	12.78	
220	2013-06-21	13	13	12.3	12.78	21268	12.78	2369	卓翼科技	SZ	13.12	13.12	
221	2013-06-20	14.1	14.1	13.03	13.12	22965	13.12	2369	卓翼科技	SZ	14.09	14.09	
222	2013-06-19	14.07	14.13	13.89	14.09	10617	14.09	2369	卓翼科技	SZ	14.06	14.06	
223	2013-06-18	14.1	14.57	13.92	14.06	12919	14.06	2369	卓翼科技	SZ	14.01	14.01	
224	2013-06-17	14.08	14.24	13.8	14.01	14705	14.01	2369	卓翼科技	SZ	13.99	13.99	
225	2013-06-14	13.73	14.19	13.73	13.99	13500	13.99	2369	卓翼科技	SZ	13.73	13.73	
226	2013-06-13	14.45	14.48	13.6	13.73	14660	13.73	2369	卓翼科技	SZ	14.68	14.68	
227	2013-06-12	14.68	14.68	14.68	14.68	0	14.68	2369	卓翼科技	SZ	14.68	14.68	
228	2013-06-11	14.68	14.68	14.68	14.68	0	14.68	2369	卓翼科技	SZ	14.68	14.68	
229	2013-06-10	14.68	14.68	14.68	14.68	0	14.68	2369	卓翼科技	SZ	14.68	14.68	
230	2013-06-07	14.32	14.68	13.9	14.68	22370	14.68	2369	卓翼科技	SZ	14.32	14.32	
231	2013-06-06	14.5	14.61	14.25	14.32	13348	14.32	2369	卓翼科技	SZ	14.5	14.5	
232	2013-06-05	14.39	14.84	14.35	14.5	16311	14.5	2369	卓翼科技	SZ	14.39	14.39	
233	2013-06-04	14.96	14.96	14.2	14.39	28327	14.39	2369	卓翼科技	SZ	14.96	14.96	
234	2013-06-03	15.26	15.54	14.89	14.96	22441	14.96	2369	卓翼科技	SZ	15.25	15.25	
235	2013-05-31	15.86	15.87	15.22	15.25	29374	15.25	2369	卓翼科技	SZ	15.85	15.85	
236	2013-05-30	15.37	15.91	15.2	15.85	39777	15.85	2369	卓翼科技	SZ	15.35	15.35	
237	2013-05-29	15.45	15.48	15.08	15.35	27543	15.35	2369	卓翼科技	SZ	15.52	15.52	
238	2013-05-28	15.67	15.89	15.22	15.52	32308	15.52	2369	卓翼科技	SZ	15.67	15.67	
239	2013-05-27	15.66	15.91	15.48	15.67	34642	15.67	2369	卓翼科技	SZ	15.6	15.6	
240	2013-05-24	15.35	15.68	15.3	15.6	25886	15.6	2369	卓翼科技	SZ	15.29	15.29	
241	2013-05-23	15.1	15.87	14.88	15.29	36540	15.29	2369	卓翼科技	SZ	15.2	15.2	
242	2013-05-22	15.75	15.98	15.18	15.2	42496	15.2	2369	卓翼科技	SZ	15.72	15.72	
243	2013-05-21	15.8	15.8	15.38	15.72	42896	15.72	2369	卓翼科技	SZ	15.64	15.64	
244	2013-05-20	15.3	15.8	15.13	15.64	55624	15.64	2369	卓翼科技	SZ	15.34	15.34	
245	2013-05-17	14.57	15.4	14.39	15.34	50593	15.34	2369	卓翼科技	SZ	14.57	14.57	
246	2013-05-16	14.49	14.87	14.35	14.57	33445	14.57	2369	卓翼科技	SZ	14.49	14.49	
247	2013-05-15	14.12	14.55	13.95	14.49	32366	14.49	2369	卓翼科技	SZ	14.15	14.01	
248	2013-05-14	14.35	14.35	13.85	14.15	15359	14.01	2369	卓翼科技	SZ	14.28	14.14	
249	2013-05-13	14.24	14.39	14.02	14.28	21158	14.14	2369	卓翼科技	SZ	14.26	14.12	
250	2013-05-10	14.21	14.57	14.1	14.26	18138	14.12	2369	卓翼科技	SZ	14.43	14.29	
251	2013-05-09	14.24	14.57	14	14.43	27292	14.29	2369	卓翼科技	SZ	14.24	14.1	
252	2013-05-08	13.96	14.36	13.87	14.24	31347	14.1	2369	卓翼科技	SZ	14.03	13.9	
253	2013-05-07	13.99	14.15	13.71	14.03	30070	13.9	2369	卓翼科技	SZ	14.23	14.09	
254	2013-05-06	13.63	14.41	13.15	14.23	73680	14.09	2369	卓翼科技	SZ	13.2	13.07	
255	2013-05-03	12	13.2	11.95	13.2	43532	13.07	2369	卓翼科技	SZ	12	11.89	
256	2013-05-02	12.95	12.95	11.8	12	51434	11.89	2369	卓翼科技	SZ	12.95	12.83	
257	2013-05-01	12.95	12.95	12.95	12.95	0	12.83	2369	卓翼科技	SZ	12.95	12.83	
258	2013-04-30	12.95	12.95	12.95	12.95	0	12.83	2369	卓翼科技	SZ	12.95	12.83	
259	2013-04-29	12.95	12.95	12.95	12.95	0	12.83	2369	卓翼科技	SZ	12.95	12.83	
260	2013-04-26	14.35	14.36	12.95	12.95	53616	12.83	2369	卓翼科技	SZ	14.39	14.25	
261	2013-04-25	14.69	14.8	14.35	14.39	21577	14.25	2369	卓翼科技	SZ	14.56	14.42	
262	2013-04-24	14.18	14.65	14.18	14.56	20366	14.42	2369	卓翼科技	SZ	14.18	14.04	
263	2013-04-23	14.73	14.8	14.16	14.18	30970	14.04	2369	卓翼科技	SZ	14.73	14.59	
264	2013-04-22	14.8	14.86	14.54	14.73	28657	14.59	2369	卓翼科技	SZ	15.02	14.88	
265	2013-04-19	14.51	15.06	14.5	15.02	24246	14.88	2369	卓翼科技	SZ	14.53	14.39	
266	2013-04-18	14.65	14.86	14.4	14.53	10891	14.39	2369	卓翼科技	SZ	14.8	14.66	
267	2013-04-17	14.65	14.86	14.49	14.8	7311	14.66	2369	卓翼科技	SZ	14.6	14.46	
268	2013-04-16	14.09	14.67	14.09	14.6	8312	14.46	2369	卓翼科技	SZ	14.31	14.17	
269	2013-04-15	14.75	14.75	14.2	14.31	13248	14.17	2369	卓翼科技	SZ	14.75	14.61	
270	2013-04-12	15.2	15.24	14.5	14.75	16518	14.61	2369	卓翼科技	SZ	15.17	15.03	
271	2013-04-11	14.94	15.27	14.94	15.17	26561	15.03	2369	卓翼科技	SZ	14.93	14.79	
272	2013-04-10	15.26	15.26	14.88	14.93	21545	14.79	2369	卓翼科技	SZ	15.28	15.13	
273	2013-04-09	15.16	15.34	14.98	15.28	32040	15.13	2369	卓翼科技	SZ	15.19	15.05	
274	2013-04-08	14.7	15.19	14.4	15.19	25120	15.05	2369	卓翼科技	SZ	14.84	14.7	
275	2013-04-05	14.84	14.84	14.84	14.84	0	14.7	2369	卓翼科技	SZ	14.84	14.7	
276	2013-04-04	14.84	14.84	14.84	14.84	0	14.7	2369	卓翼科技	SZ	14.84	14.7	
277	2013-04-03	14.86	14.99	14.45	14.84	13012	14.7	2369	卓翼科技	SZ	14.85	14.71	
278	2013-04-02	14.96	15.4	14.81	14.85	42196	14.71	2369	卓翼科技	SZ	14.95	14.81	
279	2013-04-01	14.82	15.09	14.63	14.95	33246	14.81	2369	卓翼科技	SZ	14.85	14.71	
280	2013-03-29	14.02	14.9	14.02	14.85	47025	14.71	2369	卓翼科技	SZ	14	13.87	
281	2013-03-28	14.46	14.46	13.95	14	23908	13.87	2369	卓翼科技	SZ	14.5	14.36	
282	2013-03-27	14.75	14.78	14.29	14.5	24657	14.36	2369	卓翼科技	SZ	14.7	14.56	
283	2013-03-26	14.5	14.77	14.43	14.7	26519	14.56	2369	卓翼科技	SZ	14.55	14.41	
284	2013-03-25	14.81	14.9	14.4	14.55	41238	14.41	2369	卓翼科技	SZ	14.8	14.66	
285	2013-03-22	15.35	15.35	14.7	14.8	51799	14.66	2369	卓翼科技	SZ	15.37	15.22	
286	2013-03-21	15	15.45	15	15.37	33112	15.22	2369	卓翼科技	SZ	15.05	14.91	
287	2013-03-20	14.72	15.12	14.5	15.05	25379	14.91	2369	卓翼科技	SZ	14.73	14.59	
288	2013-03-19	14.83	15.26	14.66	14.73	12650	14.59	2369	卓翼科技	SZ	14.83	14.69	
289	2013-03-18	15.2	15.38	14.68	14.83	13884	14.69	2369	卓翼科技	SZ	15.24	15.09	
290	2013-03-15	15.59	15.59	14.62	15.24	30123	15.09	2369	卓翼科技	SZ	15.65	15.5	
291	2013-03-14	15.9	16.06	15.58	15.65	14443	15.5	2369	卓翼科技	SZ	15.97	15.82	
292	2013-03-13	15.4	16.1	15.2	15.97	13859	15.82	2369	卓翼科技	SZ	15.6	15.45	
293	2013-03-12	16.38	16.59	15.39	15.6	19115	15.45	2369	卓翼科技	SZ	16.39	16.23	
294	2013-03-11	16.99	17.09	16.2	16.39	18650	16.23	2369	卓翼科技	SZ	17.07	16.91	
295	2013-03-08	17.1	17.17	16.58	17.07	23027	16.91	2369	卓翼科技	SZ	17.05	16.89	
296	2013-03-07	16.83	17.25	16.55	17.05	41596	16.89	2369	卓翼科技	SZ	16.99	16.83	
297	2013-03-06	15.76	17.05	15.71	16.99	58656	16.83	2369	卓翼科技	SZ	15.76	15.61	
298	2013-03-05	15.09	15.85	15.03	15.76	34660	15.61	2369	卓翼科技	SZ	15	14.86	
299	2013-03-04	15.59	15.59	14.97	15	19749	14.86	2369	卓翼科技	SZ	15.65	15.5	
300	2013-03-01	15.83	15.9	15.41	15.65	33274	15.5	2369	卓翼科技	SZ	15.9	15.75	
301	2013-02-28	15.42	16.1	15.35	15.9	49029	15.75	2369	卓翼科技	SZ	16.15	16	
302	2013-02-27	15.9	16.35	14.7	16.15	52597	16	2369	卓翼科技	SZ	15.87	15.72	
303	2013-02-26	15.36	16.22	15.31	15.87	27242	15.72	2369	卓翼科技	SZ	15.38	15.23	
304	2013-02-25	15.56	15.67	15.27	15.38	11078	15.23	2369	卓翼科技	SZ	15.56	15.41	
305	2013-02-22	15.7	16.18	15.55	15.56	23114	15.41	2369	卓翼科技	SZ	15.67	15.52	
306	2013-02-21	15.27	15.68	15.13	15.67	27171	15.52	2369	卓翼科技	SZ	15.27	15.12	
307	2013-02-20	15.18	15.35	15	15.27	23362	15.12	2369	卓翼科技	SZ	15.19	15.05	
308	2013-02-19	15.39	15.43	14.93	15.19	16353	15.05	2369	卓翼科技	SZ	15.47	15.32	
309	2013-02-18	15.31	15.56	15.31	15.47	12374	15.32	2369	卓翼科技	SZ	15.27	15.12	
310	2013-02-15	15.27	15.27	15.27	15.27	0	15.12	2369	卓翼科技	SZ	15.27	15.12	
311	2013-02-14	15.27	15.27	15.27	15.27	0	15.12	2369	卓翼科技	SZ	15.27	15.12	
312	2013-02-13	15.27	15.27	15.27	15.27	0	15.12	2369	卓翼科技	SZ	15.27	15.12	
313	2013-02-12	15.27	15.27	15.27	15.27	0	15.12	2369	卓翼科技	SZ	15.27	15.12	
314	2013-02-11	15.27	15.27	15.27	15.27	0	15.12	2369	卓翼科技	SZ	15.27	15.12	
315	2013-02-08	15.2	15.34	15.02	15.27	17009	15.12	2369	卓翼科技	SZ	15.14	15	
316	2013-02-07	15.2	15.56	14.96	15.14	12129	15	2369	卓翼科技	SZ	15.15	15.01	
317	2013-02-06	14.82	15.3	14.82	15.15	14632	15.01	2369	卓翼科技	SZ	14.86	14.72	
318	2013-02-05	14.67	14.88	14.6	14.86	7873	14.72	2369	卓翼科技	SZ	14.67	14.53	
319	2013-02-04	14.85	14.95	14.58	14.67	11400	14.53	2369	卓翼科技	SZ	14.74	14.6	
320	2013-02-01	14.33	14.74	14.33	14.74	12473	14.6	2369	卓翼科技	SZ	14.35	14.21	
321	2013-01-31	15.03	15.26	14.35	14.35	24670	14.21	2369	卓翼科技	SZ	15.16	15.02	
322	2013-01-30	15.67	15.67	15.12	15.16	15161	15.02	2369	卓翼科技	SZ	15.63	15.48	
323	2013-01-29	15.16	15.7	15.02	15.63	18567	15.48	2369	卓翼科技	SZ	15.08	14.94	
324	2013-01-28	15.4	15.4	14.93	15.08	19225	14.94	2369	卓翼科技	SZ	15.07	14.93	
325	2013-01-25	15.5	15.5	15.06	15.07	9655	14.93	2369	卓翼科技	SZ	15.57	15.42	
326	2013-01-24	15.66	15.9	15.38	15.57	7627	15.42	2369	卓翼科技	SZ	15.7	15.55	
327	2013-01-23	15.79	15.79	15.5	15.7	7273	15.55	2369	卓翼科技	SZ	15.82	15.67	
328	2013-01-22	16.45	16.63	15.25	15.82	21359	15.67	2369	卓翼科技	SZ	16.55	16.39	
329	2013-01-21	16.72	16.72	16.38	16.55	6814	16.39	2369	卓翼科技	SZ	16.55	16.39	
330	2013-01-18	16.63	16.85	16.23	16.55	9145	16.39	2369	卓翼科技	SZ	16.64	16.48	
331	2013-01-17	17.08	17.08	16.58	16.64	5754	16.48	2369	卓翼科技	SZ	17.09	16.93	
332	2013-01-16	17.02	17.36	16.77	17.09	12523	16.93	2369	卓翼科技	SZ	17	16.84	
333	2013-01-15	16.77	17.21	16.65	17	14819	16.84	2369	卓翼科技	SZ	16.69	16.53	
334	2013-01-14	16.2	16.77	16.01	16.69	5725	16.53	2369	卓翼科技	SZ	16.25	16.09	
335	2013-01-11	16.65	16.89	16.11	16.25	7765	16.09	2369	卓翼科技	SZ	16.7	16.54	
336	2013-01-10	16.53	16.78	16.34	16.7	6945	16.54	2369	卓翼科技	SZ	16.53	16.37	
337	2013-01-09	16.69	16.86	16.41	16.53	5332	16.37	2369	卓翼科技	SZ	16.87	16.71	
338	2013-01-08	16.45	16.95	16.1	16.87	13169	16.71	2369	卓翼科技	SZ	16.45	16.29	
339	2013-01-07	16.44	16.46	16.09	16.45	4516	16.29	2369	卓翼科技	SZ	16.44	16.28	
340	2013-01-04	17	17	16.35	16.44	7723	16.28	2369	卓翼科技	SZ	16.83	16.67	
341	2013-01-03	16.83	16.83	16.83	16.83	0	16.67	2369	卓翼科技	SZ	16.83	16.67	
342	2013-01-02	16.83	16.83	16.83	16.83	0	16.67	2369	卓翼科技	SZ	16.83	16.67	
343	2013-01-01	16.83	16.83	16.83	16.83	0	16.67	2369	卓翼科技	SZ	16.83	16.67	
344	2012-12-31	16.81	16.86	16.5	16.83	7813	16.67	2369	卓翼科技	SZ	16.91	16.75	
345	2012-12-28	16.87	16.96	16.72	16.91	2306	16.75	2369	卓翼科技	SZ	16.88	16.72	
346	2012-12-27	17.25	17.35	16.66	16.88	9446	16.72	2369	卓翼科技	SZ	17.16	17	
347	2012-12-26	17.15	17.23	16.87	17.16	5155	17	2369	卓翼科技	SZ	17.15	16.99	
348	2012-12-25	16.31	17.35	16.31	17.15	13669	16.99	2369	卓翼科技	SZ	16.47	16.31	
349	2012-12-24	15.8	16.78	15.72	16.47	10076	16.31	2369	卓翼科技	SZ	15.94	15.79	
350	2012-12-21	15.62	15.95	15.47	15.94	5936	15.79	2369	卓翼科技	SZ	15.86	15.71	
351	2012-12-20	15.85	15.99	15	15.86	14021	15.71	2369	卓翼科技	SZ	15.85	15.7	
352	2012-12-19	15.6	16	15.51	15.85	8255	15.7	2369	卓翼科技	SZ	15.45	15.3	
353	2012-12-18	15.49	15.71	15.3	15.45	9135	15.3	2369	卓翼科技	SZ	15.6	15.45	
354	2012-12-17	16.34	16.34	15.55	15.6	13250	15.45	2369	卓翼科技	SZ	16.34	16.18	
355	2012-12-14	15.15	16.34	15.11	16.34	9395	16.18	2369	卓翼科技	SZ	15.32	15.17	
356	2012-12-13	14.9	15.46	14.88	15.32	3792	15.17	2369	卓翼科技	SZ	15.01	14.87	
357	2012-12-12	15.08	15.11	14.9	15.01	5185	14.87	2369	卓翼科技	SZ	14.9	14.76	
358	2012-12-11	15.07	15.15	14.83	14.9	1317	14.76	2369	卓翼科技	SZ	15.2	15.05	
359	2012-12-10	15.14	15.29	15.03	15.2	2204	15.05	2369	卓翼科技	SZ	15.14	15	
360	2012-12-07	14.68	15.18	14.68	15.14	5089	15	2369	卓翼科技	SZ	14.65	14.51	
361	2012-12-06	14.9	15	14.6	14.65	1892	14.51	2369	卓翼科技	SZ	14.86	14.72	
362	2012-12-05	13.93	14.97	13.9	14.86	3708	14.72	2369	卓翼科技	SZ	13.93	13.8	
363	2012-12-04	13.51	13.93	13.5	13.93	1544	13.8	2369	卓翼科技	SZ	13.59	13.46	
364	2012-12-03	14.62	14.72	13.4	13.59	9218	13.46	2369	卓翼科技	SZ	14.62	14.48	
365	2012-11-30	14.51	14.79	14.51	14.62	3326	14.48	2369	卓翼科技	SZ	14.58	14.44	
366	2012-11-29	14.63	14.81	14.41	14.58	7327	14.44	2369	卓翼科技	SZ	14.59	14.45	
367	2012-11-28	14.51	14.7	14.5	14.59	2251	14.45	2369	卓翼科技	SZ	14.61	14.47	
368	2012-11-27	15.18	15.18	14.5	14.61	8876	14.47	2369	卓翼科技	SZ	15.1	14.96	
369	2012-11-26	15.73	15.73	15.06	15.1	4544	14.96	2369	卓翼科技	SZ	15.65	15.5	
370	2012-11-23	16.14	16.26	15.6	15.65	7103	15.5	2369	卓翼科技	SZ	16.09	15.94	
371	2012-11-22	16.17	16.29	15.79	16.09	4239	15.94	2369	卓翼科技	SZ	16.28	16.12	
372	2012-11-21	15.79	16.28	15.7	16.28	4930	16.12	2369	卓翼科技	SZ	15.9	15.75	
373	2012-11-20	15.78	15.93	15.55	15.9	8622	15.75	2369	卓翼科技	SZ	15.68	15.53	
374	2012-11-19	16.06	16.06	15.52	15.68	5839	15.53	2369	卓翼科技	SZ	16.05	15.9	
375	2012-11-16	16.39	16.64	16.02	16.05	3305	15.9	2369	卓翼科技	SZ	16.49	16.33	
376	2012-11-15	16.27	16.6	16.1	16.49	4364	16.33	2369	卓翼科技	SZ	16.43	16.27	
377	2012-11-14	16.69	16.69	16.3	16.43	2392	16.27	2369	卓翼科技	SZ	16.5	16.34	
378	2012-11-13	16.7	16.71	16.33	16.5	4000	16.34	2369	卓翼科技	SZ	16.8	16.64	
379	2012-11-12	16.89	16.97	16.46	16.8	3405	16.64	2369	卓翼科技	SZ	16.81	16.65	
380	2012-11-09	16.47	16.94	16.26	16.81	7712	16.65	2369	卓翼科技	SZ	16.45	16.29	
381	2012-11-08	16.59	16.87	16.41	16.45	4268	16.29	2369	卓翼科技	SZ	16.79	16.63	
382	2012-11-07	17.2	17.22	16.79	16.79	12488	16.63	2369	卓翼科技	SZ	17.2	17.04	
383	2012-11-06	17.48	17.5	16.72	17.2	16675	17.04	2369	卓翼科技	SZ	17.44	17.27	
384	2012-11-05	16.49	17.48	16.2	17.44	26801	17.27	2369	卓翼科技	SZ	16.53	16.37	
385	2012-11-02	16.8	17.49	16.21	16.53	37573	16.37	2369	卓翼科技	SZ	16.89	16.73	
386	2012-11-01	16.78	17.11	16.75	16.89	12497	16.73	2369	卓翼科技	SZ	16.93	16.77	
387	2012-10-31	16.99	17.12	16.65	16.93	11457	16.77	2369	卓翼科技	SZ	17.1	16.94	
388	2012-10-30	16.49	17.35	16.48	17.1	24432	16.94	2369	卓翼科技	SZ	16.49	16.33	
389	2012-10-29	15.33	16.6	15.25	16.49	15177	16.33	2369	卓翼科技	SZ	15.36	15.21	
390	2012-10-26	15.6	15.86	15.32	15.36	19570	15.21	2369	卓翼科技	SZ	15.68	15.53	
391	2012-10-25	16.49	16.59	15.6	15.68	19211	15.53	2369	卓翼科技	SZ	16.49	16.33	
392	2012-10-24	16.3	16.76	16.2	16.49	15114	16.33	2369	卓翼科技	SZ	16.36	16.2	
393	2012-10-23	16.1	16.78	16.02	16.36	15629	16.2	2369	卓翼科技	SZ	16.1	15.95	
394	2012-10-22	16	16.48	15.98	16.1	11523	15.95	2369	卓翼科技	SZ	16.1	15.95	
395	2012-10-19	16.05	16.55	15.99	16.1	17013	15.95	2369	卓翼科技	SZ	16.17	16.02	
396	2012-10-18	15.99	16.3	15.85	16.17	18166	16.02	2369	卓翼科技	SZ	15.52	15.37	
397	2012-10-17	15.24	15.62	15.24	15.52	9651	15.37	2369	卓翼科技	SZ	15.24	15.09	
398	2012-10-16	15.23	15.3	14.84	15.24	3979	15.09	2369	卓翼科技	SZ	15.26	15.11	
399	2012-10-15	15.3	16	14.96	15.26	9389	15.11	2369	卓翼科技	SZ	15.31	15.16	
400	2012-10-12	15.32	15.39	14.94	15.31	7716	15.16	2369	卓翼科技	SZ	15.3	15.15	
401	2012-10-11	15.7	15.7	15.01	15.3	13422	15.15	2369	卓翼科技	SZ	15.7	15.55	
402	2012-10-10	15.35	15.9	15.19	15.7	17731	15.55	2369	卓翼科技	SZ	15.13	14.99	
403	2012-10-09	14.98	15.32	14.98	15.13	15784	14.99	2369	卓翼科技	SZ	15	14.86	
404	2012-10-08	15.05	15.22	14.91	15	12910	14.86	2369	卓翼科技	SZ	15.11	14.97	
405	2012-10-05	15.11	15.11	15.11	15.11	0	14.97	2369	卓翼科技	SZ	15.11	14.97	
406	2012-10-04	15.11	15.11	15.11	15.11	0	14.97	2369	卓翼科技	SZ	15.11	14.97	
407	2012-10-03	15.11	15.11	15.11	15.11	0	14.97	2369	卓翼科技	SZ	15.11	14.97	
408	2012-10-02	15.11	15.11	15.11	15.11	0	14.97	2369	卓翼科技	SZ	15.11	14.97	
409	2012-10-01	15.11	15.11	15.11	15.11	0	14.97	2369	卓翼科技	SZ	15.11	14.97	
410	2012-09-28	14.25	15.24	14.02	15.11	26392	14.97	2369	卓翼科技	SZ	14.28	14.14	
411	2012-09-27	13.66	14.3	13.66	14.28	11285	14.14	2369	卓翼科技	SZ	13.79	13.66	
412	2012-09-26	13.99	14.01	13.65	13.79	14725	13.66	2369	卓翼科技	SZ	14.04	13.91	
413	2012-09-25	14.18	14.36	13.7	14.04	7269	13.91	2369	卓翼科技	SZ	14.19	14.05	
414	2012-09-24	13.61	14.21	13.6	14.19	24402	14.05	2369	卓翼科技	SZ	13.65	13.52	
415	2012-09-21	14.35	14.57	13.62	13.65	11883	13.52	2369	卓翼科技	SZ	14.4	14.26	
416	2012-09-20	14.69	14.97	14.4	14.4	18409	14.26	2369	卓翼科技	SZ	14.74	14.6	
417	2012-09-19	14.66	14.78	14.57	14.74	14726	14.6	2369	卓翼科技	SZ	14.63	14.49	
418	2012-09-18	14.28	14.74	14.23	14.63	16760	14.49	2369	卓翼科技	SZ	14.28	14.14	
419	2012-09-17	14.45	14.65	14.22	14.28	12689	14.14	2369	卓翼科技	SZ	14.5	14.36	
420	2012-09-14	14.6	14.66	14.31	14.5	17332	14.36	2369	卓翼科技	SZ	14.52	14.38	
421	2012-09-13	15.05	15.1	14.4	14.52	34835	14.38	2369	卓翼科技	SZ	15.09	14.95	
422	2012-09-12	15.02	15.25	14.81	15.09	26195	14.95	2369	卓翼科技	SZ	14.97	14.83	
423	2012-09-11	15.65	15.65	14.77	14.97	33818	14.83	2369	卓翼科技	SZ	15.59	15.44	
424	2012-09-10	15.89	15.89	15.4	15.59	19716	15.44	2369	卓翼科技	SZ	15.9	15.75	
425	2012-09-07	15.55	16.3	15.45	15.9	41997	15.75	2369	卓翼科技	SZ	15.62	15.47	
426	2012-09-06	15.52	15.82	15.37	15.62	34331	15.47	2369	卓翼科技	SZ	15.52	15.37	
427	2012-09-05	14.82	15.67	14.63	15.52	47450	15.37	2369	卓翼科技	SZ	14.51	14.37	
428	2012-09-04	14.67	14.95	14.35	14.51	14225	14.37	2369	卓翼科技	SZ	14.54	14.4	
429	2012-09-03	14.06	14.71	13.96	14.54	14505	14.4	2369	卓翼科技	SZ	13.96	13.83	
430	2012-08-31	13.86	14.14	13.69	13.96	7433	13.83	2369	卓翼科技	SZ	14.17	14.03	
431	2012-08-30	14.82	15.04	13.6	14.17	16996	14.03	2369	卓翼科技	SZ	14.76	14.62	
432	2012-08-29	14.4	14.95	14.3	14.76	12653	14.62	2369	卓翼科技	SZ	14.4	14.26	
433	2012-08-28	14.55	14.66	14.38	14.4	7384	14.26	2369	卓翼科技	SZ	14.57	14.43	
434	2012-08-27	14.2	14.57	14.1	14.57	8368	14.43	2369	卓翼科技	SZ	14.4	14.26	
435	2012-08-24	14.58	14.72	14.05	14.4	12482	14.26	2369	卓翼科技	SZ	14.57	14.43	
436	2012-08-23	14.35	14.84	14.35	14.57	12609	14.43	2369	卓翼科技	SZ	14.42	14.28	
437	2012-08-22	14.65	14.97	14.33	14.42	13416	14.28	2369	卓翼科技	SZ	14.65	14.51	
438	2012-08-21	14.24	14.79	14.16	14.65	21489	14.51	2369	卓翼科技	SZ	14.3	14.16	
439	2012-08-20	13.31	14.3	13.31	14.3	18794	14.16	2369	卓翼科技	SZ	13.49	13.36	
440	2012-08-17	13.22	13.58	13.13	13.49	11907	13.36	2369	卓翼科技	SZ	13.21	13.08	
441	2012-08-16	13.25	13.62	13.07	13.21	16804	13.08	2369	卓翼科技	SZ	13.48	13.35	
442	2012-08-15	13.86	14.18	13.3	13.48	22257	13.35	2369	卓翼科技	SZ	13.75	13.62	
443	2012-08-14	14.33	14.5	13.2	13.75	25255	13.62	2369	卓翼科技	SZ	14.31	14.17	
444	2012-08-13	14.87	15.15	14.31	14.31	13174	14.17	2369	卓翼科技	SZ	15	14.86	
445	2012-08-10	14.71	15.3	14.66	15	15379	14.86	2369	卓翼科技	SZ	14.8	14.66	
446	2012-08-09	14.69	15.01	14.55	14.8	13072	14.66	2369	卓翼科技	SZ	14.74	14.6	
447	2012-08-08	14.82	14.95	14.63	14.74	11312	14.6	2369	卓翼科技	SZ	14.88	14.74	
448	2012-08-07	14.2	15.1	14.2	14.88	29782	14.74	2369	卓翼科技	SZ	14.35	14.21	
449	2012-08-06	14.12	14.56	13.81	14.35	27294	14.21	2369	卓翼科技	SZ	14.14	14.01	
450	2012-08-03	13.48	14.18	13.34	14.14	23142	14.01	2369	卓翼科技	SZ	13.59	13.46	
451	2012-08-02	13.07	13.94	13.07	13.59	45650	13.46	2369	卓翼科技	SZ	13.24	13.11	
452	2012-08-01	12.25	13.29	12.25	13.24	30190	13.11	2369	卓翼科技	SZ	12.47	12.35	
453	2012-07-31	12.29	12.78	12.11	12.47	11510	12.35	2369	卓翼科技	SZ	12.35	12.23	
454	2012-07-30	12.87	12.89	12.34	12.35	12906	12.23	2369	卓翼科技	SZ	13.04	12.92	
455	2012-07-27	12.75	13.15	12.18	13.04	23850	12.92	2369	卓翼科技	SZ	12.69	12.57	
456	2012-07-26	13.19	13.2	12.61	12.69	21677	12.57	2369	卓翼科技	SZ	13.23	13.1	
457	2012-07-25	13.53	13.74	13.2	13.23	27648	13.1	2369	卓翼科技	SZ	13.51	13.38	
458	2012-07-24	12.66	13.62	12.65	13.51	42902	13.38	2369	卓翼科技	SZ	13.15	13.02	
459	2012-07-23	12.8	13.25	12.65	13.15	58081	13.02	2369	卓翼科技	SZ	12.53	12.41	
460	2012-07-20	12.53	12.53	12.53	12.53	8668	12.41	2369	卓翼科技	SZ	11.39	11.28	
461	2012-07-19	11.39	11.39	11.39	11.39	0	11.28	2369	卓翼科技	SZ	11.39	11.28	
462	2012-07-18	11.39	11.39	11.39	11.39	0	11.28	2369	卓翼科技	SZ	11.39	11.28	
463	2012-07-17	11.39	11.39	11.39	11.39	0	11.28	2369	卓翼科技	SZ	11.39	11.28	
464	2012-07-16	11.39	11.39	11.39	11.39	0	11.28	2369	卓翼科技	SZ	11.39	11.28	
465	2012-07-13	11.4	11.55	11.28	11.39	17219	11.28	2369	卓翼科技	SZ	11.38	11.27	
466	2012-07-12	11.08	11.39	11.08	11.38	18462	11.27	2369	卓翼科技	SZ	11.16	11.05	
467	2012-07-11	11.06	11.2	10.99	11.16	10628	11.05	2369	卓翼科技	SZ	11.1	10.99	
468	2012-07-10	11.52	11.59	11	11.1	16710	10.99	2369	卓翼科技	SZ	11.5	11.39	
469	2012-07-09	11.86	11.97	11.5	11.5	15016	11.39	2369	卓翼科技	SZ	12.01	11.9	
470	2012-07-06	12.12	12.2	11.52	12.01	21722	11.9	2369	卓翼科技	SZ	12.01	11.9	
471	2012-07-05	12.69	12.81	12.01	12.01	11351	11.9	2369	卓翼科技	SZ	12.88	12.76	
472	2012-07-04	13.02	13.2	12.79	12.88	9605	12.76	2369	卓翼科技	SZ	13.08	12.96	
473	2012-07-03	12.95	13.2	12.81	13.08	12474	12.96	2369	卓翼科技	SZ	12.94	12.82	
474	2012-07-02	12.69	12.94	12.63	12.94	11779	12.82	2369	卓翼科技	SZ	12.68	12.56	
475	2012-06-29	12.45	12.77	12.41	12.68	16064	12.56	2369	卓翼科技	SZ	12.6	12.48	
476	2012-06-28	12.93	13.17	12.6	12.6	10613	12.48	2369	卓翼科技	SZ	12.88	12.76	
477	2012-06-27	13.03	13.28	12.8	12.88	12597	12.76	2369	卓翼科技	SZ	13.16	13.03	
478	2012-06-26	13.7	13.7	12.86	13.16	18073	13.03	2369	卓翼科技	SZ	13.85	13.72	
479	2012-06-25	13.74	13.99	13.55	13.85	19512	13.72	2369	卓翼科技	SZ	13.84	13.71	
480	2012-06-22	13.84	13.84	13.84	13.84	0	13.71	2369	卓翼科技	SZ	13.84	13.71	
481	2012-06-21	14.17	14.28	13.77	13.84	29182	13.71	2369	卓翼科技	SZ	14.51	14.37	
482	2012-06-20	15.17	15.17	14.2	14.51	60875	14.37	2369	卓翼科技	SZ	14.52	14.38	
483	2012-06-19	13.52	14.52	13.5	14.52	32317	14.38	2369	卓翼科技	SZ	13.2	13.07	
484	2012-06-18	13.2	13.2	13.2	13.2	0	13.07	2369	卓翼科技	SZ	13.2	13.07	
485	2012-06-15	13.28	13.37	13.04	13.2	9376	13.07	2369	卓翼科技	SZ	13.28	13.15	
486	2012-06-14	13.52	13.53	13.25	13.28	6706	13.15	2369	卓翼科技	SZ	13.43	13.3	
487	2012-06-13	13.57	13.6	13.31	13.43	10548	13.3	2369	卓翼科技	SZ	13.68	13.37	
488	2012-06-12	13.83	13.83	13.57	13.68	5907	13.37	2369	卓翼科技	SZ	13.95	13.64	
489	2012-06-11	13.64	13.95	13.17	13.95	13551	13.64	2369	卓翼科技	SZ	13.63	13.32	
490	2012-06-08	14.1	14.12	13.6	13.63	9781	13.32	2369	卓翼科技	SZ	13.86	13.55	
491	2012-06-07	13.8	13.89	13.54	13.86	16932	13.55	2369	卓翼科技	SZ	13.47	13.17	
492	2012-06-06	13.45	13.63	13.43	13.47	6406	13.17	2369	卓翼科技	SZ	13.43	13.13	
493	2012-06-05	13.66	13.76	13.4	13.43	5881	13.13	2369	卓翼科技	SZ	13.62	13.31	
494	2012-06-04	13.98	13.98	13.62	13.62	10127	13.31	2369	卓翼科技	SZ	14.16	13.84	
495	2012-06-01	13.99	14.18	13.75	14.16	18028	13.84	2369	卓翼科技	SZ	13.99	13.67	
496	2012-05-31	13.72	14.1	13.64	13.99	20293	13.67	2369	卓翼科技	SZ	13.73	13.42	
497	2012-05-30	13.55	13.87	13.15	13.73	13513	13.42	2369	卓翼科技	SZ	13.55	13.24	
498	2012-05-29	13.71	14.18	13.48	13.55	20078	13.24	2369	卓翼科技	SZ	13.01	12.72	
499	2012-05-28	13.02	13.15	12.7	13.01	11500	12.72	2369	卓翼科技	SZ	13.15	12.85	
500	2012-05-25	13.4	13.58	13.1	13.15	7203	12.85	2369	卓翼科技	SZ	13.4	13.1	
501	2012-05-24	13.41	13.63	13.26	13.4	12517	13.1	2369	卓翼科技	SZ	13.6	13.29	
502	2012-05-23	13.52	14.55	13.45	13.6	39857	13.29	2369	卓翼科技	SZ	13.26	12.96	
503	2012-05-22	13.31	13.44	13.15	13.26	8101	12.96	2369	卓翼科技	SZ	13.25	12.95	
504	2012-05-21	13.35	13.5	12.81	13.25	14565	12.95	2369	卓翼科技	SZ	13.6	13.29	
505	2012-05-18	13.6	13.6	13.6	13.6	0	13.29	2369	卓翼科技	SZ	13.6	13.29	
506	2012-05-17	13.53	13.74	13.3	13.6	9271	13.29	2369	卓翼科技	SZ	13.29	12.99	
507	2012-05-16	13.37	13.56	13.2	13.29	8148	12.99	2369	卓翼科技	SZ	13.43	13.13	
508	2012-05-15	13.59	13.6	12.6	13.43	6993	13.13	2369	卓翼科技	SZ	13.65	13.34	
509	2012-05-14	13.74	13.95	13.56	13.65	9884	13.34	2369	卓翼科技	SZ	13.82	13.51	
510	2012-05-11	13.82	13.97	13.6	13.82	12855	13.51	2369	卓翼科技	SZ	13.79	13.48	
511	2012-05-10	13.8	13.92	13.66	13.79	9368	13.48	2369	卓翼科技	SZ	13.71	13.4	
512	2012-05-09	14.5	14.5	13.59	13.71	25514	13.4	2369	卓翼科技	SZ	14.6	14.27	
513	2012-05-08	14.45	14.66	14.32	14.6	10782	14.27	2369	卓翼科技	SZ	14.42	14.09	
514	2012-05-07	14.4	14.48	14.28	14.42	5922	14.09	2369	卓翼科技	SZ	14.46	14.13	
515	2012-05-04	14.25	14.55	14.22	14.46	8902	14.13	2369	卓翼科技	SZ	14.25	13.93	
516	2012-05-03	14.22	14.36	14.11	14.25	6153	13.93	2369	卓翼科技	SZ	14.2	13.88	
517	2012-05-02	14.05	14.45	14.03	14.2	13066	13.88	2369	卓翼科技	SZ	13.92	13.61	
518	2012-05-01	13.92	13.92	13.92	13.92	0	13.61	2369	卓翼科技	SZ	13.92	13.61	
519	2012-04-30	13.92	13.92	13.92	13.92	0	13.61	2369	卓翼科技	SZ	13.92	13.61	
520	2012-04-27	14.09	14.2	13.88	13.92	5044	13.61	2369	卓翼科技	SZ	14.16	13.84	
521	2012-04-26	14.11	14.27	13.61	14.16	11668	13.84	2369	卓翼科技	SZ	14.21	13.89	
522	2012-04-25	14.7	14.7	13.91	14.21	7718	13.89	2369	卓翼科技	SZ	14.23	13.91	
523	2012-04-24	14.88	15.1	13.72	14.23	18429	13.91	2369	卓翼科技	SZ	15.24	14.9	
524	2012-04-23	16	16	15.11	15.24	7822	14.9	2369	卓翼科技	SZ	15.84	15.48	
525	2012-04-20	15.85	15.94	15.76	15.84	7209	15.48	2369	卓翼科技	SZ	15.85	15.49	
526	2012-04-19	15.6	15.92	15.6	15.85	7484	15.49	2369	卓翼科技	SZ	15.6	15.25	
527	2012-04-18	15.33	15.72	15.3	15.6	7227	15.25	2369	卓翼科技	SZ	15.32	14.97	
528	2012-04-17	15.7	15.75	15.32	15.32	6030	14.97	2369	卓翼科技	SZ	15.6	15.25	
529	2012-04-16	15.75	15.75	15.25	15.6	9933	15.25	2369	卓翼科技	SZ	15.75	15.39	
530	2012-04-13	15.65	15.97	15.6	15.75	7691	15.39	2369	卓翼科技	SZ	15.67	15.32	
531	2012-04-12	15.17	15.69	15.17	15.67	8128	15.32	2369	卓翼科技	SZ	15.27	14.93	
532	2012-04-11	15.15	15.5	15	15.27	6926	14.93	2369	卓翼科技	SZ	15.3	14.95	
533	2012-04-10	15	15.3	14.59	15.3	7646	14.95	2369	卓翼科技	SZ	14.95	14.61	
534	2012-04-09	15.18	15.78	14.95	14.95	9361	14.61	2369	卓翼科技	SZ	15.77	15.41	
535	2012-04-06	15.5	15.88	15.4	15.77	9172	15.41	2369	卓翼科技	SZ	15.49	15.14	
536	2012-04-05	15	15.58	14.7	15.49	6593	15.14	2369	卓翼科技	SZ	15.04	14.7	
537	2012-04-04	15.04	15.04	15.04	15.04	0	14.7	2369	卓翼科技	SZ	15.04	14.7	
538	2012-04-03	15.04	15.04	15.04	15.04	0	14.7	2369	卓翼科技	SZ	15.04	14.7	
539	2012-04-02	15.04	15.04	15.04	15.04	0	14.7	2369	卓翼科技	SZ	15.04	14.7	
540	2012-03-30	14.7	15.08	14.7	15.04	6909	14.7	2369	卓翼科技	SZ	14.81	14.48	
541	2012-03-29	15.36	15.36	14.75	14.81	6796	14.48	2369	卓翼科技	SZ	15.39	15.04	
542	2012-03-28	16.05	16.05	15.26	15.39	9854	15.04	2369	卓翼科技	SZ	15.9	15.54	
543	2012-03-27	16.02	16.43	15.9	15.9	6770	15.54	2369	卓翼科技	SZ	15.98	15.62	
544	2012-03-26	15.73	16.2	15.73	15.98	3705	15.62	2369	卓翼科技	SZ	15.96	15.6	
545	2012-03-23	16.56	16.59	15.91	15.96	8982	15.6	2369	卓翼科技	SZ	16.59	16.22	
546	2012-03-22	16.21	16.85	16.21	16.59	8784	16.22	2369	卓翼科技	SZ	16.38	16.01	
547	2012-03-21	16.85	16.85	15.9	16.38	18994	16.01	2369	卓翼科技	SZ	16.68	16.3	
548	2012-03-20	17.72	17.79	16.66	16.68	26303	16.3	2369	卓翼科技	SZ	17.79	17.39	
549	2012-03-19	17.59	18.13	17.55	17.79	21951	17.39	2369	卓翼科技	SZ	17.73	17.33	
550	2012-03-16	17.31	17.8	17.1	17.73	25965	17.33	2369	卓翼科技	SZ	17.31	16.92	
551	2012-03-15	16.76	17.51	16.4	17.31	27718	16.92	2369	卓翼科技	SZ	16.8	16.42	
552	2012-03-14	17.7	17.85	16.6	16.8	31260	16.42	2369	卓翼科技	SZ	17.68	17.28	
553	2012-03-13	17.75	17.75	17.4	17.68	20313	17.28	2369	卓翼科技	SZ	17.85	17.45	
554	2012-03-12	17	18.3	16.93	17.85	56695	17.45	2369	卓翼科技	SZ	17.01	16.63	
555	2012-03-09	16.25	17.28	16.25	17.01	57880	16.63	2369	卓翼科技	SZ	16.25	15.88	
556	2012-03-08	16	16.3	15.88	16.25	29053	15.88	2369	卓翼科技	SZ	15.97	15.61	
557	2012-03-07	15.91	16.07	15.65	15.97	26191	15.61	2369	卓翼科技	SZ	16.08	15.72	
558	2012-03-06	16.3	16.44	15.85	16.08	23951	15.72	2369	卓翼科技	SZ	16.39	16.02	
559	2012-03-05	16	16.5	15.85	16.39	33273	16.02	2369	卓翼科技	SZ	15.96	15.6	
560	2012-03-02	15.85	16.03	15.73	15.96	15918	15.6	2369	卓翼科技	SZ	15.81	15.45	
561	2012-03-01	15.43	15.9	15.35	15.81	14528	15.45	2369	卓翼科技	SZ	15.48	15.13	
562	2012-02-29	15.7	15.7	15.4	15.48	16897	15.13	2369	卓翼科技	SZ	15.8	15.44	
563	2012-02-28	16.2	16.3	15.5	15.8	29481	15.44	2369	卓翼科技	SZ	16.37	16	
564	2012-02-27	16.5	16.6	16.27	16.37	27508	16	2369	卓翼科技	SZ	16.4	16.03	
565	2012-02-24	16.05	16.49	15.89	16.4	31715	16.03	2369	卓翼科技	SZ	16.15	15.79	
566	2012-02-23	16.44	16.65	15.97	16.15	27004	15.79	2369	卓翼科技	SZ	16.3	15.93	
567	2012-02-22	15.73	16.31	15.57	16.3	30539	15.93	2369	卓翼科技	SZ	15.69	15.34	
568	2012-02-21	15.5	15.77	15.1	15.69	26867	15.34	2369	卓翼科技	SZ	15.6	15.25	
569	2012-02-20	16	16.25	15.54	15.6	21771	15.25	2369	卓翼科技	SZ	15.85	15.49	
570	2012-02-17	16.16	16.24	15.5	15.85	22052	15.49	2369	卓翼科技	SZ	16.16	15.8	
571	2012-02-16	16.08	16.41	15.7	16.16	25361	15.8	2369	卓翼科技	SZ	16.15	15.79	
572	2012-02-15	15.43	16.22	15.43	16.15	30861	15.79	2369	卓翼科技	SZ	15.53	15.18	
573	2012-02-14	15.87	16.05	15.45	15.53	27052	15.18	2369	卓翼科技	SZ	15.88	15.52	
574	2012-02-13	14.9	15.92	14.82	15.88	34178	15.52	2369	卓翼科技	SZ	15.04	14.7	
575	2012-02-10	14.82	15.25	14.67	15.04	14427	14.7	2369	卓翼科技	SZ	14.8	14.47	
576	2012-02-09	14.23	14.82	14.23	14.8	23624	14.47	2369	卓翼科技	SZ	14.36	14.04	
577	2012-02-08	14.01	14.37	13.76	14.36	21672	14.04	2369	卓翼科技	SZ	14	13.68	
578	2012-02-07	13.97	14.39	13.91	14	27305	13.68	2369	卓翼科技	SZ	14.13	13.81	
579	2012-02-06	13.98	14.17	13.92	14.13	30394	13.81	2369	卓翼科技	SZ	13.53	13.22	
580	2012-02-03	13.53	13.53	13.53	13.53	0	13.22	2369	卓翼科技	SZ	13.53	13.22	
581	2012-02-02	13.33	13.55	13.23	13.53	9210	13.22	2369	卓翼科技	SZ	13.33	13.03	
582	2012-02-01	13.6	13.88	13.25	13.33	6026	13.03	2369	卓翼科技	SZ	13.68	13.37	
583	2012-01-31	13.25	13.74	13.01	13.68	4926	13.37	2369	卓翼科技	SZ	13.52	13.21	
584	2012-01-30	13.94	13.94	13.5	13.52	8324	13.21	2369	卓翼科技	SZ	13.57	13.26	
585	2012-01-27	13.57	13.57	13.57	13.57	0	13.26	2369	卓翼科技	SZ	13.57	13.26	
586	2012-01-26	13.57	13.57	13.57	13.57	0	13.26	2369	卓翼科技	SZ	13.57	13.26	
587	2012-01-25	13.57	13.57	13.57	13.57	0	13.26	2369	卓翼科技	SZ	13.57	13.26	
588	2012-01-24	13.57	13.57	13.57	13.57	0	13.26	2369	卓翼科技	SZ	13.57	13.26	
589	2012-01-23	13.57	13.57	13.57	13.57	0	13.26	2369	卓翼科技	SZ	13.57	13.26	
590	2012-01-20	13.13	13.8	13	13.57	17457	13.26	2369	卓翼科技	SZ	12.97	12.68	
591	2012-01-19	12.42	13.05	12.42	12.97	13542	12.68	2369	卓翼科技	SZ	12.42	12.14	
592	2012-01-18	13.8	13.8	12.4	12.42	22311	12.14	2369	卓翼科技	SZ	13.41	13.11	
593	2012-01-17	13.01	13.5	13	13.41	38719	13.11	2369	卓翼科技	SZ	13.1	12.8	
594	2012-01-16	14.22	14.22	13.1	13.1	12908	12.8	2369	卓翼科技	SZ	14.3	13.98	
595	2012-01-13	15	15	13.66	14.3	18924	13.98	2369	卓翼科技	SZ	15.05	14.71	
596	2012-01-12	15.51	15.73	14.97	15.05	15341	14.71	2369	卓翼科技	SZ	15.74	15.38	
597	2012-01-11	15.48	16.08	15.48	15.74	6069	15.38	2369	卓翼科技	SZ	15.52	15.17	
598	2012-01-10	15.02	15.58	15.02	15.52	3779	15.17	2369	卓翼科技	SZ	15.02	14.68	
599	2012-01-09	14.09	15.04	13.8	15.02	6347	14.68	2369	卓翼科技	SZ	14.12	13.8	
600	2012-01-06	14.41	14.41	13.4	14.12	11661	13.8	2369	卓翼科技	SZ	14.36	14.04	
601	2012-01-05	15.5	15.5	14.2	14.36	17411	14.04	2369	卓翼科技	SZ	15.66	15.31	
602	2012-01-04	16.58	16.65	15.65	15.66	6779	15.31	2369	卓翼科技	SZ	16.65	16.27	
603	2012-01-03	15.93	16.65	15.62	16.65	15675	16.27	2369	卓翼科技	SZ	16.65	16.27	
604	2012-01-02	15.93	16.65	15.62	16.65	15675	16.27	2369	卓翼科技	SZ	16.65	16.27	
605	2011-12-30	15.93	16.65	15.62	16.65	15675	16.27	2369	卓翼科技	SZ	15.9	15.54	
606	2011-12-29	16.04	16.3	15.5	15.9	17655	15.54	2369	卓翼科技	SZ	16.1	15.74	
607	2011-12-28	15.8	16.1	15.29	16.1	4766	15.74	2369	卓翼科技	SZ	15.88	15.52	
608	2011-12-27	16.6	16.69	15.81	15.88	5190	15.52	2369	卓翼科技	SZ	16.72	16.34	
609	2011-12-26	16.72	17.08	16.48	16.72	1689	16.34	2369	卓翼科技	SZ	16.88	16.5	
610	2011-12-23	16.52	17.09	16.52	16.88	1983	16.5	2369	卓翼科技	SZ	16.9	16.52	
611	2011-12-22	16.49	17.1	16.1	16.9	3842	16.52	2369	卓翼科技	SZ	16.77	16.39	
612	2011-12-21	17.48	17.48	16.77	16.77	1628	16.39	2369	卓翼科技	SZ	17.45	17.06	
613	2011-12-20	17.38	17.7	17.21	17.45	3112	17.06	2369	卓翼科技	SZ	17.3	16.91	
614	2011-12-19	16.61	17.3	16.3	17.3	2245	16.91	2369	卓翼科技	SZ	16.9	16.52	
615	2011-12-16	16.49	16.98	16.32	16.9	2575	16.52	2369	卓翼科技	SZ	16.5	16.13	
616	2011-12-15	16.49	16.7	16.1	16.5	5354	16.13	2369	卓翼科技	SZ	16.74	16.36	
617	2011-12-14	16.32	16.75	16.05	16.74	3163	16.36	2369	卓翼科技	SZ	16.68	16.3	
618	2011-12-13	17.01	17.06	16.51	16.68	3931	16.3	2369	卓翼科技	SZ	17.07	16.68	
619	2011-12-12	16.93	17.15	16.9	17.07	3203	16.68	2369	卓翼科技	SZ	17.01	16.63	
620	2011-12-09	17.45	17.57	16.95	17.01	2712	16.63	2369	卓翼科技	SZ	17.58	17.18	
621	2011-12-08	17.61	17.62	16.82	17.58	5473	17.18	2369	卓翼科技	SZ	17.28	16.89	
622	2011-12-07	17.7	17.97	17.26	17.28	4800	16.89	2369	卓翼科技	SZ	17.66	17.26	
623	2011-12-06	17.69	18.09	17.42	17.66	5304	17.26	2369	卓翼科技	SZ	17.72	17.32	
624	2011-12-05	18.35	18.6	17.72	17.72	4726	17.32	2369	卓翼科技	SZ	18.7	18.28	
625	2011-12-02	18.93	18.93	18.21	18.7	7150	18.28	2369	卓翼科技	SZ	19.04	18.61	
626	2011-12-01	18.82	19.2	18.61	19.04	16051	18.61	2369	卓翼科技	SZ	18.5	18.08	
627	2011-11-30	18.38	18.6	17.8	18.5	13473	18.08	2369	卓翼科技	SZ	18.49	18.07	
628	2011-11-29	18.45	18.69	18.25	18.49	12800	18.07	2369	卓翼科技	SZ	18.24	17.83	
629	2011-11-28	18.9	19	18.01	18.24	26764	17.83	2369	卓翼科技	SZ	18.9	18.47	
630	2011-11-25	19.15	19.15	18.7	18.9	12028	18.47	2369	卓翼科技	SZ	19.09	18.66	
631	2011-11-24	18.63	19.2	18.28	19.09	20810	18.66	2369	卓翼科技	SZ	19	18.57	
632	2011-11-23	18.76	19	17.7	19	23676	18.57	2369	卓翼科技	SZ	18.72	18.3	
633	2011-11-22	18.62	18.85	18.51	18.72	2498	18.3	2369	卓翼科技	SZ	18.85	18.42	
634	2011-11-21	19	19	18.39	18.85	6348	18.42	2369	卓翼科技	SZ	19.14	18.71	
635	2011-11-18	18.6	19.26	18.36	19.14	12984	18.71	2369	卓翼科技	SZ	18.92	18.49	
636	2011-11-17	19.2	19.32	18.7	18.92	12976	18.49	2369	卓翼科技	SZ	18.96	18.53	
637	2011-11-16	19.5	19.69	18.87	18.96	14896	18.53	2369	卓翼科技	SZ	19.58	19.14	
638	2011-11-15	19.23	19.59	19.13	19.58	19090	19.14	2369	卓翼科技	SZ	19.23	18.8	
639	2011-11-14	19.34	19.45	19.08	19.23	14463	18.8	2369	卓翼科技	SZ	19.2	18.77	
640	2011-11-11	18.78	19.5	18.78	19.2	17709	18.77	2369	卓翼科技	SZ	18.8	18.38	
641	2011-11-10	18.48	19.46	18.29	18.8	13942	18.38	2369	卓翼科技	SZ	18.67	18.25	
642	2011-11-09	18.35	18.75	17.99	18.67	10349	18.25	2369	卓翼科技	SZ	18.15	17.74	
643	2011-11-08	18.81	19.09	18.04	18.15	9988	17.74	2369	卓翼科技	SZ	18.81	18.39	
644	2011-11-07	18.91	19.11	18.68	18.81	4463	18.39	2369	卓翼科技	SZ	18.91	18.48	
645	2011-11-04	18.8	19.1	18.6	18.91	11040	18.48	2369	卓翼科技	SZ	18.66	18.24	
646	2011-11-03	19	19.98	18.6	18.66	18653	18.24	2369	卓翼科技	SZ	18.93	18.5	
647	2011-11-02	17.65	18.98	17.65	18.93	15459	18.5	2369	卓翼科技	SZ	18.15	17.74	
648	2011-11-01	17.9	18.3	17.7	18.15	7135	17.74	2369	卓翼科技	SZ	18.05	17.64	
649	2011-10-31	17.55	18.16	17.55	18.05	9254	17.64	2369	卓翼科技	SZ	17.55	17.15	
650	2011-10-28	17.37	17.88	17.37	17.55	12792	17.15	2369	卓翼科技	SZ	17.35	16.96	
651	2011-10-27	17.46	17.55	17.2	17.35	6020	16.96	2369	卓翼科技	SZ	17.5	17.1	
652	2011-10-26	16.8	17.8	16.51	17.5	13515	17.1	2369	卓翼科技	SZ	16.72	16.34	
653	2011-10-25	16.02	16.94	16.02	16.72	8534	16.34	2369	卓翼科技	SZ	15.99	15.63	
654	2011-10-24	15.44	16.14	15.44	15.99	4196	15.63	2369	卓翼科技	SZ	15.41	15.06	
655	2011-10-21	15.58	15.64	15.01	15.41	5609	15.06	2369	卓翼科技	SZ	15.25	14.91	
656	2011-10-20	16.34	16.48	15.21	15.25	11359	14.91	2369	卓翼科技	SZ	16.34	15.97	
657	2011-10-19	17.2	17.2	16.32	16.34	7331	15.97	2369	卓翼科技	SZ	17.08	16.69	
658	2011-10-18	17.1	17.4	16.92	17.08	9966	16.69	2369	卓翼科技	SZ	17.3	16.91	
659	2011-10-17	17	17.34	16.7	17.3	13309	16.91	2369	卓翼科技	SZ	16.84	16.46	
660	2011-10-14	16.3	16.93	16.21	16.84	7762	16.46	2369	卓翼科技	SZ	16.38	16.01	
661	2011-10-13	15.9	16.52	15.5	16.38	7628	16.01	2369	卓翼科技	SZ	15.7	15.35	
662	2011-10-12	15.27	15.84	15.04	15.7	5005	15.35	2369	卓翼科技	SZ	15.27	14.93	
663	2011-10-11	16.92	17.18	15.06	15.27	5546	14.93	2369	卓翼科技	SZ	16.42	16.05	
664	2011-09-30	16.88	17.2	16.21	16.42	3083	16.05	2369	卓翼科技	SZ	16.9	16.52	
665	2011-09-29	17.6	17.89	16.67	16.9	4192	16.52	2369	卓翼科技	SZ	17.72	17.32	
666	2011-09-28	18.31	18.31	17.72	17.72	3861	17.32	2369	卓翼科技	SZ	18	17.59	
667	2011-09-27	17.7	18.36	17.6	18	3912	17.59	2369	卓翼科技	SZ	17.5	17.1	
668	2011-09-26	17.5	17.7	17.3	17.5	4470	17.1	2369	卓翼科技	SZ	17.3	16.91	
669	2011-09-23	17.65	17.99	17.3	17.3	6296	16.91	2369	卓翼科技	SZ	17.93	17.53	
670	2011-09-22	18.3	18.5	17.81	17.93	5916	17.53	2369	卓翼科技	SZ	18.37	17.87	
671	2011-09-21	17.92	18.55	17.71	18.37	7380	17.87	2369	卓翼科技	SZ	17.72	17.24	
672	2011-09-20	17.85	17.98	17.6	17.72	3066	17.24	2369	卓翼科技	SZ	17.71	17.23	
673	2011-09-19	18.16	18.16	17.66	17.71	2016	17.23	2369	卓翼科技	SZ	18.15	17.65	
674	2011-09-16	18.1	18.35	18.02	18.15	4613	17.65	2369	卓翼科技	SZ	18.1	17.6	
675	2011-09-15	17.68	18.36	17.68	18.1	9554	17.6	2369	卓翼科技	SZ	17.42	16.94	
676	2011-09-13	17.68	17.68	17.25	17.42	3399	16.94	2369	卓翼科技	SZ	18.05	17.56	
677	2011-09-09	18.18	18.56	18	18.05	4633	17.56	2369	卓翼科技	SZ	18.18	17.68	
678	2011-09-08	18.3	18.58	18.18	18.18	3654	17.68	2369	卓翼科技	SZ	18.28	17.78	
679	2011-09-07	17.87	18.4	17.86	18.28	4766	17.78	2369	卓翼科技	SZ	17.85	17.36	
680	2011-09-06	18.09	18.48	17.51	17.85	7411	17.36	2369	卓翼科技	SZ	18.39	17.89	
681	2011-09-05	19.3	19.3	18.38	18.39	5684	17.89	2369	卓翼科技	SZ	19.4	18.87	
682	2011-09-02	20.46	20.49	19.31	19.4	13346	18.87	2369	卓翼科技	SZ	20.31	19.75	
683	2011-09-01	20.22	20.75	20.18	20.31	17049	19.75	2369	卓翼科技	SZ	20.13	19.58	
684	2011-08-31	20.1	20.29	19.86	20.13	14975	19.58	2369	卓翼科技	SZ	20.23	19.68	
685	2011-08-30	19.53	20.28	19.52	20.23	19660	19.68	2369	卓翼科技	SZ	19.49	18.96	
686	2011-08-29	19.69	19.86	19.38	19.49	7614	18.96	2369	卓翼科技	SZ	19.86	19.32	
687	2011-08-26	19.91	20.13	19.74	19.86	8846	19.32	2369	卓翼科技	SZ	20.05	19.5	
688	2011-08-25	19.57	20.18	19.4	20.05	15621	19.5	2369	卓翼科技	SZ	19.66	19.12	
689	2011-08-24	19.54	19.96	19.4	19.66	14260	19.12	2369	卓翼科技	SZ	19.42	18.89	
690	2011-08-23	19.58	19.6	18.96	19.42	15053	18.89	2369	卓翼科技	SZ	19.3	18.77	
691	2011-08-22	20.5	20.5	19.28	19.3	26561	18.77	2369	卓翼科技	SZ	20.5	19.94	
692	2011-08-19	19.75	20.68	19.35	20.5	18823	19.94	2369	卓翼科技	SZ	20.09	19.54	
693	2011-08-18	20.51	21.05	20.05	20.09	29241	19.54	2369	卓翼科技	SZ	20.57	20.01	
694	2011-08-17	19.8	21	19.58	20.57	53925	20.01	2369	卓翼科技	SZ	19.99	19.44	
695	2011-08-16	19.66	20.4	19.47	19.99	46562	19.44	2369	卓翼科技	SZ	18.93	18.41	
696	2011-08-15	18.85	19	18.47	18.93	14461	18.41	2369	卓翼科技	SZ	18.78	18.27	
697	2011-08-12	17.95	18.91	17.95	18.78	16218	18.27	2369	卓翼科技	SZ	17.9	17.41	
698	2011-08-11	17.31	18.02	17.2	17.9	3941	17.41	2369	卓翼科技	SZ	17.81	17.32	
699	2011-08-10	18.18	18.5	17.78	17.81	6610	17.32	2369	卓翼科技	SZ	17.67	17.19	
700	2011-08-09	17.12	17.85	16.9	17.67	9966	17.19	2369	卓翼科技	SZ	18.16	17.66	
701	2011-08-08	18.18	18.72	16.88	18.16	16117	17.66	2369	卓翼科技	SZ	18.75	18.24	
702	2011-08-05	18.65	19.07	18.31	18.75	4993	18.24	2369	卓翼科技	SZ	19.33	18.8	
703	2011-08-04	19.7	19.7	19.16	19.33	6045	18.8	2369	卓翼科技	SZ	19.6	19.06	
704	2011-08-03	19.59	20.04	19.45	19.6	4941	19.06	2369	卓翼科技	SZ	19.74	19.2	
705	2011-08-02	19.93	20	19.35	19.74	6376	19.2	2369	卓翼科技	SZ	19.93	19.38	
706	2011-08-01	20	20.38	19.51	19.93	7783	19.38	2369	卓翼科技	SZ	20.14	19.59	
707	2011-07-29	19.7	20.63	19.7	20.14	30765	19.59	2369	卓翼科技	SZ	19.69	19.15	
708	2011-07-28	19.6	19.8	19.08	19.69	11640	19.15	2369	卓翼科技	SZ	19.54	19.01	
709	2011-07-27	18.7	19.59	18.47	19.54	10673	19.01	2369	卓翼科技	SZ	18.75	18.24	
710	2011-07-26	18.26	18.85	18.26	18.75	3941	18.24	2369	卓翼科技	SZ	18.6	18.09	
711	2011-07-25	19.1	19.33	18.38	18.6	14564	18.09	2369	卓翼科技	SZ	19.31	18.78	
712	2011-07-22	19.42	19.74	19.28	19.31	8311	18.78	2369	卓翼科技	SZ	19.41	18.88	
713	2011-07-21	19.36	19.68	19.35	19.41	9902	18.88	2369	卓翼科技	SZ	19.47	18.94	
714	2011-07-20	19.7	19.8	19.33	19.47	13243	18.94	2369	卓翼科技	SZ	19.55	19.02	
715	2011-07-19	19.86	19.86	19.21	19.55	25939	19.02	2369	卓翼科技	SZ	19.87	19.33	
716	2011-07-18	19.1	19.96	19.08	19.87	55639	19.33	2369	卓翼科技	SZ	19.02	18.5	
717	2011-07-15	18.25	19.51	18.25	19.02	24685	18.5	2369	卓翼科技	SZ	18.51	18	
718	2011-07-14	18.8	18.93	18.35	18.51	9328	18	2369	卓翼科技	SZ	18.65	18.14	
719	2011-07-13	18.28	18.65	18.12	18.65	5342	18.14	2369	卓翼科技	SZ	18.28	17.78	
720	2011-07-12	18.5	18.5	18.22	18.28	4183	17.78	2369	卓翼科技	SZ	18.63	18.12	
721	2011-07-11	18.42	18.85	18.4	18.63	5557	18.12	2369	卓翼科技	SZ	18.4	17.9	
722	2011-07-08	19.03	19.38	18.19	18.4	15844	17.9	2369	卓翼科技	SZ	19.2	18.67	
723	2011-07-07	18.9	19.5	18.75	19.2	20895	18.67	2369	卓翼科技	SZ	18.75	18.24	
724	2011-07-06	18.68	18.89	18.41	18.75	9088	18.24	2369	卓翼科技	SZ	18.7	18.19	
725	2011-07-05	18.72	18.99	18.4	18.7	15203	18.19	2369	卓翼科技	SZ	18.87	18.35	
726	2011-07-04	18.27	19.32	18.27	18.87	29809	18.35	2369	卓翼科技	SZ	18.4	17.9	
727	2011-07-01	18.2	18.85	18.16	18.4	12827	17.9	2369	卓翼科技	SZ	18.33	17.83	
728	2011-06-30	17.9	18.5	17.7	18.33	10420	17.83	2369	卓翼科技	SZ	18	17.51	
729	2011-06-29	18.43	18.83	18	18	27597	17.51	2369	卓翼科技	SZ	18.43	17.93	
730	2011-06-28	17.77	18.77	17.67	18.43	24225	17.93	2369	卓翼科技	SZ	17.9	17.41	
731	2011-06-27	17.58	18.03	17.34	17.9	26076	17.41	2369	卓翼科技	SZ	17.62	17.14	
732	2011-06-24	16.6	18.2	16.6	17.62	27417	17.14	2369	卓翼科技	SZ	16.86	16.4	
733	2011-06-23	16.3	16.89	16.11	16.86	15636	16.4	2369	卓翼科技	SZ	16.65	16.19	
734	2011-06-22	16.18	17.66	16.18	16.65	12900	16.19	2369	卓翼科技	SZ	16.05	15.61	
735	2011-06-21	15.73	16.08	15.71	16.05	2552	15.61	2369	卓翼科技	SZ	15.83	15.4	
736	2011-06-20	15.5	15.87	15.46	15.83	2859	15.4	2369	卓翼科技	SZ	15.71	15.28	
737	2011-06-17	15.69	16.08	15.49	15.71	4292	15.28	2369	卓翼科技	SZ	15.8	15.37	
738	2011-06-16	16.2	16.25	15.14	15.8	3036	15.37	2369	卓翼科技	SZ	16.37	15.92	
739	2011-06-15	16.01	16.38	16.01	16.37	4910	15.92	2369	卓翼科技	SZ	16.13	15.69	
740	2011-06-14	16.08	16.25	15.8	16.13	3610	15.69	2369	卓翼科技	SZ	15.95	15.51	
741	2011-06-13	15.58	16.04	15.55	15.95	2107	15.51	2369	卓翼科技	SZ	15.77	15.34	
742	2011-06-10	15.99	15.99	15.53	15.77	2805	15.34	2369	卓翼科技	SZ	16	15.56	
743	2011-06-09	16.34	16.34	15.81	16	3696	15.56	2369	卓翼科技	SZ	16.27	15.82	
744	2011-06-08	16.26	16.42	16	16.27	4728	15.82	2369	卓翼科技	SZ	16.3	15.85	
745	2011-06-07	16.02	16.33	15.85	16.3	2549	15.85	2369	卓翼科技	SZ	16.02	15.58	
746	2011-06-03	15.63	16.09	15.63	16.02	2734	15.58	2369	卓翼科技	SZ	15.81	15.38	
747	2011-06-02	15.8	15.99	15.5	15.81	2931	15.38	2369	卓翼科技	SZ	16.17	15.73	
748	2011-06-01	15.51	16.5	15.51	16.17	3953	15.73	2369	卓翼科技	SZ	15.85	15.42	
749	2011-05-31	15.39	15.9	14.5	15.85	2329	15.42	2369	卓翼科技	SZ	15.55	15.12	
750	2011-05-30	15.35	15.84	15	15.55	3799	15.12	2369	卓翼科技	SZ	15.45	15.03	
751	2011-05-27	15.91	15.93	15	15.45	5257	15.03	2369	卓翼科技	SZ	15.85	15.42	
752	2011-05-26	16.43	16.74	15.71	15.85	4836	15.42	2369	卓翼科技	SZ	16.38	15.93	
753	2011-05-25	16.95	17.39	16.3	16.38	4521	15.93	2369	卓翼科技	SZ	16.99	16.53	
754	2011-05-24	17.28	17.39	16.03	16.99	3016	16.53	2369	卓翼科技	SZ	17.2	16.73	
755	2011-05-23	18.1	18.1	17.2	17.2	3639	16.73	2369	卓翼科技	SZ	17.95	17.46	
756	2011-05-20	18.14	18.36	17.87	17.95	2973	17.46	2369	卓翼科技	SZ	18.11	17.61	
757	2011-05-19	18.47	18.58	18.01	18.11	3382	17.61	2369	卓翼科技	SZ	18.39	17.89	
758	2011-05-18	17.88	18.52	17.8	18.39	2888	17.89	2369	卓翼科技	SZ	18.13	17.63	
759	2011-05-17	18.8	18.8	17.72	18.13	7071	17.63	2369	卓翼科技	SZ	19.1	9.07	
760	2011-05-16	19.84	19.9	19.1	19.1	11143	9.07	2369	卓翼科技	SZ	19.84	9.42	
761	2011-05-13	19.7	19.94	19.51	19.84	6625	9.42	2369	卓翼科技	SZ	19.7	9.35	
762	2011-05-12	19.8	20.25	19.7	19.7	6245	9.35	2369	卓翼科技	SZ	19.92	9.46	
763	2011-05-11	20	20.2	19.8	19.92	7075	9.46	2369	卓翼科技	SZ	19.8	9.4	
764	2011-05-10	19.8	19.85	19.51	19.8	5777	9.4	2369	卓翼科技	SZ	19.73	9.37	
765	2011-05-09	19.33	19.83	19.17	19.73	8131	9.37	2369	卓翼科技	SZ	19.17	9.11	
766	2011-05-05	18.9	19.25	18.63	19.17	4054	9.11	2369	卓翼科技	SZ	18.9	8.97	
767	2011-05-04	18.89	19.35	18.68	18.9	4039	8.97	2369	卓翼科技	SZ	18.95	9	
768	2011-05-03	18.93	19.15	18.5	18.95	2832	9	2369	卓翼科技	SZ	18.93	8.99	
769	2011-04-29	18.45	19.25	18.45	18.93	3786	8.99	2369	卓翼科技	SZ	18.45	8.76	
770	2011-04-28	19.4	20	18.3	18.45	10315	8.76	2369	卓翼科技	SZ	19.41	9.21	
771	2011-04-27	19.65	20.6	19.15	19.41	8218	9.21	2369	卓翼科技	SZ	19.55	9.28	
772	2011-04-26	20.14	20.14	19.01	19.55	10297	9.28	2369	卓翼科技	SZ	20.14	9.56	
773	2011-04-25	20.45	20.55	20.11	20.14	8204	9.56	2369	卓翼科技	SZ	20.49	9.73	
774	2011-04-22	20.6	20.78	20.25	20.49	9613	9.73	2369	卓翼科技	SZ	20.65	9.81	
775	2011-04-21	19.75	20.91	19.63	20.65	27030	9.81	2369	卓翼科技	SZ	19.69	9.35	
776	2011-04-20	19.48	19.7	19.16	19.69	7183	9.35	2369	卓翼科技	SZ	19.43	9.23	
777	2011-04-19	19.25	19.43	19.08	19.43	9218	9.23	2369	卓翼科技	SZ	19.49	9.26	
778	2011-04-18	19.43	19.5	18.9	19.49	9850	9.26	2369	卓翼科技	SZ	19.44	9.23	
779	2011-04-15	19.4	19.65	19.3	19.44	5139	9.23	2369	卓翼科技	SZ	19.4	9.21	
780	2011-04-14	19.55	19.7	19.33	19.4	7867	9.21	2369	卓翼科技	SZ	19.55	9.28	
781	2011-04-13	19	19.64	18.9	19.55	12116	9.28	2369	卓翼科技	SZ	18.88	8.96	
782	2011-04-12	19.01	19.24	18.7	18.88	14587	8.96	2369	卓翼科技	SZ	19.11	9.07	
783	2011-04-11	18.4	19.28	18.4	19.11	24561	9.07	2369	卓翼科技	SZ	18.37	8.72	
784	2011-04-08	18.05	18.38	17.8	18.37	14092	8.72	2369	卓翼科技	SZ	17.96	8.53	
785	2011-04-07	17.96	18.18	17.86	17.96	4530	8.53	2369	卓翼科技	SZ	17.96	8.53	
786	2011-04-06	18.35	18.64	17.85	17.96	8622	8.53	2369	卓翼科技	SZ	18.35	8.71	
787	2011-04-01	18	18.35	17.88	18.35	4146	8.71	2369	卓翼科技	SZ	18.05	8.57	
788	2011-03-31	18	18.09	17.78	18.05	4446	8.57	2369	卓翼科技	SZ	18	8.55	
789	2011-03-30	18.22	18.22	17.94	18	4718	8.55	2369	卓翼科技	SZ	18.05	8.57	
790	2011-03-29	18.18	18.39	18.04	18.05	8479	8.57	2369	卓翼科技	SZ	18.12	8.61	
791	2011-03-28	18.66	18.66	18.1	18.12	8075	8.61	2369	卓翼科技	SZ	18.65	8.86	
792	2011-03-25	19.02	19.02	18.5	18.65	8511	8.86	2369	卓翼科技	SZ	19.09	9.07	
793	2011-03-24	19.1	19.21	18.92	19.09	4842	9.07	2369	卓翼科技	SZ	19.1	9.07	
794	2011-03-23	19	19.23	18.83	19.1	3938	9.07	2369	卓翼科技	SZ	19.03	9.04	
795	2011-03-22	19.19	19.19	18.7	19.03	3793	9.04	2369	卓翼科技	SZ	19.08	9.06	
796	2011-03-21	19.15	19.33	18.98	19.08	5133	9.06	2369	卓翼科技	SZ	19.15	9.09	
797	2011-03-18	19.29	19.49	19.03	19.15	3431	9.09	2369	卓翼科技	SZ	19.33	9.18	
798	2011-03-17	19.79	19.79	18.94	19.33	13964	9.18	2369	卓翼科技	SZ	19.84	9.42	
799	2011-03-16	20.17	20.2	19.8	19.84	17712	9.42	2369	卓翼科技	SZ	20.2	9.59	
800	2011-03-15	20.2	20.39	19.5	20.2	14208	9.59	2369	卓翼科技	SZ	20.24	9.61	
801	2011-03-14	19.86	20.31	19.65	20.24	13875	9.61	2369	卓翼科技	SZ	19.86	9.43	
802	2011-03-11	19.55	19.94	19.45	19.86	15969	9.43	2369	卓翼科技	SZ	19.6	9.31	
803	2011-03-10	19.45	19.89	19.41	19.6	10316	9.31	2369	卓翼科技	SZ	19.48	9.25	
804	2011-03-09	19.31	19.6	19.31	19.48	10936	9.25	2369	卓翼科技	SZ	19.34	9.18	
805	2011-03-08	19.51	19.51	19	19.34	8928	9.18	2369	卓翼科技	SZ	19.51	9.27	
806	2011-03-07	19.52	19.63	19.35	19.51	11126	9.27	2369	卓翼科技	SZ	19.49	9.26	
807	2011-03-04	19.53	19.53	19.29	19.49	5726	9.26	2369	卓翼科技	SZ	19.48	9.25	
808	2011-03-03	19.41	19.59	19.25	19.48	7819	9.25	2369	卓翼科技	SZ	19.39	9.21	
809	2011-03-02	19.55	19.73	19.18	19.39	11983	9.21	2369	卓翼科技	SZ	19.53	9.28	
810	2011-03-01	19.83	20	19.46	19.53	14064	9.28	2369	卓翼科技	SZ	19.85	9.43	
811	2011-02-28	20.06	20.06	19.42	19.85	19168	9.43	2369	卓翼科技	SZ	20.04	9.52	
812	2011-02-25	20.55	20.64	19.91	20.04	6749	9.52	2369	卓翼科技	SZ	20.55	9.76	
813	2011-02-24	20.65	20.67	20.4	20.55	7899	9.76	2369	卓翼科技	SZ	20.5	9.73	
814	2011-02-23	20.19	20.7	20.19	20.5	9170	9.73	2369	卓翼科技	SZ	20.4	9.68	
815	2011-02-22	21.12	21.12	20.35	20.4	11900	9.68	2369	卓翼科技	SZ	21.12	10.03	
816	2011-02-21	20.27	21.29	20	21.12	11662	10.03	2369	卓翼科技	SZ	20.3	9.64	
817	2011-02-18	20.83	20.83	20.25	20.3	6541	9.64	2369	卓翼科技	SZ	20.81	9.88	
818	2011-02-17	20.49	21.05	20.41	20.81	22591	9.88	2369	卓翼科技	SZ	20.48	9.72	
819	2011-02-16	19.95	20.48	19.74	20.48	22021	9.72	2369	卓翼科技	SZ	20.08	9.54	
820	2011-02-15	20.5	20.55	20.05	20.08	8830	9.54	2369	卓翼科技	SZ	20.38	9.68	
821	2011-02-14	19.91	20.57	19.91	20.38	7341	9.68	2369	卓翼科技	SZ	19.9	9.45	
822	2011-02-11	19.85	20.2	19.85	19.9	4815	9.45	2369	卓翼科技	SZ	20.01	9.5	
823	2011-02-10	19.49	20.1	19.26	20.01	8634	9.5	2369	卓翼科技	SZ	19.4	9.21	
824	2011-02-09	18.77	19.6	18.77	19.4	5606	9.21	2369	卓翼科技	SZ	19.15	9.09	
825	2011-02-01	19.06	19.49	19.05	19.15	3524	9.09	2369	卓翼科技	SZ	19.24	9.14	
826	2011-01-31	19.1	19.27	18.76	19.24	4416	9.14	2369	卓翼科技	SZ	19.1	9.07	
827	2011-01-28	19.17	19.35	18.95	19.1	3622	9.07	2369	卓翼科技	SZ	19.2	9.12	
828	2011-01-27	19	19.48	18.94	19.2	3300	9.12	2369	卓翼科技	SZ	19.16	9.1	
829	2011-01-26	18.4	19.25	18.37	19.16	6858	9.1	2369	卓翼科技	SZ	18.2	8.64	
830	2011-01-25	18.3	18.5	17.77	18.2	8937	8.64	2369	卓翼科技	SZ	18.45	8.76	
831	2011-01-24	19.57	19.73	18.4	18.45	6141	8.76	2369	卓翼科技	SZ	19.57	9.29	
832	2011-01-21	19.09	19.89	19.09	19.57	3287	9.29	2369	卓翼科技	SZ	19.45	9.24	
833	2011-01-20	20.01	20.23	19.31	19.45	5714	9.24	2369	卓翼科技	SZ	20.14	9.56	
834	2011-01-19	19.42	20.14	19.4	20.14	6634	9.56	2369	卓翼科技	SZ	19.32	9.17	
835	2011-01-18	19.28	19.49	18.8	19.32	3992	9.17	2369	卓翼科技	SZ	19.28	9.16	
836	2011-01-17	19.3	19.6	18.55	19.28	9344	9.16	2369	卓翼科技	SZ	19.67	9.34	
837	2011-01-14	20.03	20.25	19.36	19.67	10489	9.34	2369	卓翼科技	SZ	20.33	9.65	
838	2011-01-13	20.7	21.04	20.26	20.33	10486	9.65	2369	卓翼科技	SZ	20.45	9.71	
839	2011-01-12	20.7	20.99	20.26	20.45	6757	9.71	2369	卓翼科技	SZ	20.73	9.84	
840	2011-01-11	20.5	20.95	20.31	20.73	3868	9.84	2369	卓翼科技	SZ	20.8	9.88	
841	2011-01-10	21.55	21.55	20.5	20.8	10102	9.88	2369	卓翼科技	SZ	21.38	10.15	
842	2011-01-07	21.33	21.77	21.1	21.38	7002	10.15	2369	卓翼科技	SZ	21.58	10.25	
843	2011-01-06	22.15	22.29	21.15	21.58	9513	10.25	2369	卓翼科技	SZ	22	10.45	
844	2011-01-05	22.53	22.65	21.95	22	11770	10.45	2369	卓翼科技	SZ	22.8	10.83	
845	2011-01-04	22.62	23.17	22	22.8	12415	10.83	2369	卓翼科技	SZ	22.62	10.74	
846	2010-12-31	22.39	22.62	22.15	22.62	7908	10.74	2369	卓翼科技	SZ	22.25	10.56	
847	2010-12-30	21.64	22.74	21.35	22.25	18698	10.56	2369	卓翼科技	SZ	21.5	10.21	
848	2010-12-29	21.02	21.94	20.58	21.5	15815	10.21	2369	卓翼科技	SZ	20.86	9.91	
849	2010-12-28	20.5	21.04	20	20.86	9511	9.91	2369	卓翼科技	SZ	20.56	9.76	
850	2010-12-27	22.1	22.4	20.42	20.56	18773	9.76	2369	卓翼科技	SZ	21.8	10.35	
851	2010-12-24	21.75	22.42	21.33	21.8	15124	10.35	2369	卓翼科技	SZ	21.99	10.44	
852	2010-12-23	22.88	22.88	21.81	21.99	14081	10.44	2369	卓翼科技	SZ	23	10.92	
853	2010-12-22	22.85	23.3	22.41	23	18266	10.92	2369	卓翼科技	SZ	22.9	10.87	
854	2010-12-21	21.38	22.9	21.25	22.9	29535	10.87	2369	卓翼科技	SZ	21.88	10.39	
855	2010-12-20	21.74	22.08	20.67	21.88	18447	10.39	2369	卓翼科技	SZ	21.96	10.43	
856	2010-12-17	21.86	22.14	21.77	21.96	6000	10.43	2369	卓翼科技	SZ	21.94	10.42	
857	2010-12-16	21.88	22.26	21.75	21.94	14049	10.42	2369	卓翼科技	SZ	21.88	10.39	
858	2010-12-15	22.14	22.45	21.7	21.88	11861	10.39	2369	卓翼科技	SZ	22.12	10.51	
859	2010-12-14	22.2	22.47	21.78	22.12	12496	10.51	2369	卓翼科技	SZ	22.15	10.52	
860	2010-12-13	21.68	22.48	21.68	22.15	15783	10.52	2369	卓翼科技	SZ	21.56	10.24	
861	2010-12-10	20.8	21.88	20.5	21.56	22419	10.24	2369	卓翼科技	SZ	20.93	9.94	
862	2010-12-09	20.9	21.14	20.25	20.93	14400	9.94	2369	卓翼科技	SZ	20.9	9.92	
863	2010-12-08	20.75	21.48	20.52	20.9	22538	9.92	2369	卓翼科技	SZ	20.75	9.85	
864	2010-12-07	19.6	20.75	19.42	20.75	16677	9.85	2369	卓翼科技	SZ	19.63	9.32	
865	2010-12-06	20.24	20.48	19.27	19.63	17848	9.32	2369	卓翼科技	SZ	20.24	9.61	
866	2010-12-03	20.78	20.9	20.1	20.24	11968	9.61	2369	卓翼科技	SZ	20.68	9.82	
867	2010-12-02	20.73	21.3	20.6	20.68	14004	9.82	2369	卓翼科技	SZ	20.45	9.71	
868	2010-12-01	20.59	21.12	20.15	20.45	13700	9.71	2369	卓翼科技	SZ	20.62	9.79	
869	2010-11-30	21.69	21.89	20.4	20.62	27696	9.79	2369	卓翼科技	SZ	21.85	10.38	
870	2010-11-29	21.04	21.93	20.9	21.85	28967	10.38	2369	卓翼科技	SZ	21.41	10.16	
871	2010-11-26	21.08	21.73	21.08	21.41	23610	10.16	2369	卓翼科技	SZ	21.44	10.18	
872	2010-11-25	21.99	22.35	21.03	21.44	36882	10.18	2369	卓翼科技	SZ	21.93	10.41	
873	2010-11-24	21.9	22.15	21.5	21.93	34703	10.41	2369	卓翼科技	SZ	21.76	10.34	
874	2010-11-23	21.45	22.2	21.2	21.76	39666	10.34	2369	卓翼科技	SZ	21.8	10.35	
875	2010-11-22	20.38	21.8	20.11	21.8	69278	10.35	2369	卓翼科技	SZ	20.38	9.68	
876	2010-11-19	18.75	20.76	18.75	20.38	53165	9.68	2369	卓翼科技	SZ	18.88	8.96	
877	2010-11-18	18.48	18.99	17.57	18.88	34135	8.96	2369	卓翼科技	SZ	18.33	8.7	
878	2010-11-17	18.65	18.99	18.3	18.33	26789	8.7	2369	卓翼科技	SZ	18.95	9	
879	2010-11-16	18.8	19.65	18.25	18.95	58969	9	2369	卓翼科技	SZ	18.8	8.93	
880	2010-11-15	18.05	18.8	17.96	18.8	39134	8.93	2369	卓翼科技	SZ	17.9	8.5	
881	2010-11-12	19.35	19.5	17.9	17.9	51944	8.5	2369	卓翼科技	SZ	19.55	9.28	
882	2010-11-11	19.5	19.8	19.25	19.55	33527	9.28	2369	卓翼科技	SZ	19.6	9.31	
883	2010-11-10	19.67	20.05	19.41	19.6	21822	9.31	2369	卓翼科技	SZ	19.65	9.33	
884	2010-11-09	19.94	19.94	19.25	19.65	27058	9.33	2369	卓翼科技	SZ	19.99	9.49	
885	2010-11-08	19.28	20.25	19.2	19.99	54300	9.49	2369	卓翼科技	SZ	19.33	9.18	
886	2010-11-05	18.48	19.68	18.16	19.33	50921	9.18	2369	卓翼科技	SZ	18.35	8.71	
887	2010-11-04	18.44	18.5	17.77	18.35	45922	8.71	2369	卓翼科技	SZ	18.45	8.76	
888	2010-11-03	18.55	19.15	18.26	18.45	37942	8.76	2369	卓翼科技	SZ	18.25	8.67	
889	2010-11-02	18.83	19.21	18.2	18.25	51997	8.67	2369	卓翼科技	SZ	18.94	9	
890	2010-11-01	18.25	19.33	18.25	18.94	42112	9	2369	卓翼科技	SZ	18.13	8.61	
891	2010-10-29	17.33	18.45	17.07	18.13	54094	8.61	2369	卓翼科技	SZ	17.75	8.43	
892	2010-10-28	17.33	17.93	17.07	17.75	59254	8.43	2369	卓翼科技	SZ	17.37	8.25	
893	2010-10-27	17.3	17.49	16.84	17.37	60073	8.25	2369	卓翼科技	SZ	17.41	8.27	
894	2010-10-26	16.94	17.5	16.6	17.41	63003	8.27	2369	卓翼科技	SZ	16.71	7.93	
895	2010-10-25	15.99	16.73	15.99	16.71	38593	7.93	2369	卓翼科技	SZ	15.95	7.57	
896	2010-10-22	15.9	16.06	15.77	15.95	19743	7.57	2369	卓翼科技	SZ	15.88	7.54	
897	2010-10-21	15.6	15.9	15.51	15.88	24803	7.54	2369	卓翼科技	SZ	15.5	7.36	
898	2010-10-20	15.45	15.74	15.26	15.5	20321	7.36	2369	卓翼科技	SZ	15.55	7.38	
899	2010-10-19	14.99	15.65	14.88	15.55	17651	7.38	2369	卓翼科技	SZ	15	7.12	
900	2010-10-18	14.57	15.07	14.25	15	18575	7.12	2369	卓翼科技	SZ	14.73	6.99	
901	2010-10-15	14.69	14.85	14.5	14.73	20122	6.99	2369	卓翼科技	SZ	14.85	7.05	
902	2010-10-14	15.25	15.27	14.85	14.85	18217	7.05	2369	卓翼科技	SZ	15.32	7.28	
903	2010-10-13	15.6	15.6	15.1	15.32	19036	7.28	2369	卓翼科技	SZ	15.61	7.41	
904	2010-10-12	15.52	15.71	15.52	15.61	12087	7.41	2369	卓翼科技	SZ	15.58	7.4	
905	2010-10-11	15.46	15.83	15.44	15.58	15837	7.4	2369	卓翼科技	SZ	15.44	7.33	
906	2010-10-08	15.15	15.55	15.15	15.44	11466	7.33	2369	卓翼科技	SZ	15.1	7.17	
907	2010-09-30	14.94	15.15	14.83	15.1	7839	7.17	2369	卓翼科技	SZ	14.94	7.09	
908	2010-09-29	15.4	15.49	14.8	14.94	15755	7.09	2369	卓翼科技	SZ	15.44	7.33	
909	2010-09-28	15.65	15.75	15.4	15.44	10874	7.33	2369	卓翼科技	SZ	15.6	7.41	
910	2010-09-27	15.4	15.6	15.36	15.6	11543	7.41	2369	卓翼科技	SZ	15.34	7.28	
911	2010-09-21	15.31	15.49	15.31	15.34	7392	7.28	2369	卓翼科技	SZ	15.38	7.3	
912	2010-09-20	15.36	15.55	15.35	15.38	11376	7.3	2369	卓翼科技	SZ	15.35	7.29	
913	2010-09-17	15.6	15.69	15.31	15.35	15867	7.29	2369	卓翼科技	SZ	15.56	7.39	
914	2010-09-16	16.19	16.3	15.41	15.56	25796	7.39	2369	卓翼科技	SZ	16.19	7.69	
915	2010-09-15	16.87	16.94	16.11	16.19	23923	7.69	2369	卓翼科技	SZ	16.81	7.98	
916	2010-09-14	16.68	16.86	16.55	16.81	28004	7.98	2369	卓翼科技	SZ	16.67	7.92	
917	2010-09-13	16.44	16.75	16.41	16.67	25680	7.92	2369	卓翼科技	SZ	16.46	7.82	
918	2010-09-10	16.31	16.48	16.04	16.46	26269	7.82	2369	卓翼科技	SZ	16.3	7.74	
919	2010-09-09	16.64	16.75	16.27	16.3	28116	7.74	2369	卓翼科技	SZ	16.63	7.9	
920	2010-09-08	16.51	16.65	16.35	16.63	21845	7.9	2369	卓翼科技	SZ	16.58	7.87	
921	2010-09-07	16.41	16.62	16.28	16.58	20930	7.87	2369	卓翼科技	SZ	16.41	7.79	
922	2010-09-06	17	17.14	16.41	16.41	41165	7.79	2369	卓翼科技	SZ	17	8.07	
923	2010-09-03	17.14	17.19	16.89	17	39129	8.07	2369	卓翼科技	SZ	17.45	8.07	
924	2010-09-02	17.27	17.48	17.05	17.45	32671	8.07	2369	卓翼科技	SZ	17.14	7.93	
925	2010-09-01	17.65	17.77	16.9	17.14	41251	7.93	2369	卓翼科技	SZ	17.68	8.18	
926	2010-08-31	17.35	17.88	17.23	17.68	48545	8.18	2369	卓翼科技	SZ	17.44	8.07	
927	2010-08-30	17.2	17.48	17.16	17.44	42305	8.07	2369	卓翼科技	SZ	17.25	7.98	
928	2010-08-27	16.9	17.5	16.81	17.25	57629	7.98	2369	卓翼科技	SZ	16.65	7.7	
929	2010-08-26	16.42	16.69	16.21	16.65	24424	7.7	2369	卓翼科技	SZ	16.42	7.6	
930	2010-08-25	16.45	16.74	16.35	16.42	20663	7.6	2369	卓翼科技	SZ	16.56	7.66	
931	2010-08-24	16.43	16.75	16.26	16.56	17418	7.66	2369	卓翼科技	SZ	16.43	7.6	
932	2010-08-23	16.4	16.58	16.35	16.43	14910	7.6	2369	卓翼科技	SZ	16.4	7.58	
933	2010-08-20	16.74	16.94	16.35	16.4	27955	7.58	2369	卓翼科技	SZ	16.74	7.74	
934	2010-08-19	16.8	16.95	16.71	16.74	27935	7.74	2369	卓翼科技	SZ	16.86	7.8	
935	2010-08-18	17.06	17.24	16.78	16.86	28513	7.8	2369	卓翼科技	SZ	17.18	7.95	
936	2010-08-17	17.5	17.5	16.98	17.18	39898	7.95	2369	卓翼科技	SZ	17.16	7.94	
937	2010-08-13	16.75	17.25	16.75	17.16	43561	7.94	2369	卓翼科技	SZ	16.72	7.73	
938	2010-08-12	16.82	16.96	16.67	16.72	25980	7.73	2369	卓翼科技	SZ	16.98	7.85	
939	2010-08-11	16.75	16.99	16.67	16.98	31393	7.85	2369	卓翼科技	SZ	16.82	7.78	
940	2010-08-10	17	17.27	16.81	16.82	48473	7.78	2369	卓翼科技	SZ	16.92	7.83	
941	2010-08-09	17.08	17.08	16.83	16.92	41520	7.83	2369	卓翼科技	SZ	16.96	7.85	
942	2010-08-06	16.83	16.98	16.68	16.96	41080	7.85	2369	卓翼科技	SZ	16.73	7.74	
943	2010-08-05	16.5	16.84	16.48	16.73	40335	7.74	2369	卓翼科技	SZ	16.49	7.63	
944	2010-08-04	16.09	16.49	15.98	16.49	29592	7.63	2369	卓翼科技	SZ	16.09	7.44	
945	2010-08-03	16.5	16.5	16.08	16.09	30932	7.44	2369	卓翼科技	SZ	16.51	7.64	
946	2010-08-02	16.4	16.58	16.1	16.51	39369	7.64	2369	卓翼科技	SZ	16.4	7.58	
947	2010-07-30	15.89	16.6	15.89	16.4	61076	7.58	2369	卓翼科技	SZ	15.89	7.35	
948	2010-07-28	15.64	15.97	15.52	15.89	38718	7.35	2369	卓翼科技	SZ	15.64	7.23	
949	2010-07-27	15.84	15.88	15.57	15.64	28202	7.23	2369	卓翼科技	SZ	15.97	7.39	
950	2010-07-26	15.6	16.03	15.6	15.97	29623	7.39	2369	卓翼科技	SZ	15.6	7.21	
951	2010-07-23	15.73	15.78	15.32	15.6	26152	7.21	2369	卓翼科技	SZ	15.69	7.26	
952	2010-07-22	15.48	15.73	15.4	15.69	22378	7.26	2369	卓翼科技	SZ	15.53	7.18	
953	2010-07-21	15.69	15.94	15.52	15.53	32066	7.18	2369	卓翼科技	SZ	15.66	7.25	
954	2010-07-20	15.44	15.69	15.26	15.66	36106	7.25	2369	卓翼科技	SZ	15.44	7.14	
955	2010-07-19	14.81	15.49	14.75	15.44	32905	7.14	2369	卓翼科技	SZ	15.1	6.99	
956	2010-07-16	14.74	15.13	14.59	15.1	20314	6.99	2369	卓翼科技	SZ	14.91	6.9	
957	2010-07-15	15.1	15.58	14.9	14.91	26497	6.9	2369	卓翼科技	SZ	15.15	7.01	
958	2010-07-14	15.35	15.49	15	15.15	34223	7.01	2369	卓翼科技	SZ	15.39	7.12	
959	2010-07-13	15.1	15.73	15.1	15.39	47041	7.12	2369	卓翼科技	SZ	14.9	6.89	
960	2010-07-12	14.9	15.24	14.79	14.9	28880	6.89	2369	卓翼科技	SZ	14.81	6.85	
961	2010-07-09	14.29	15.05	14.12	14.81	38673	6.85	2369	卓翼科技	SZ	14.28	6.61	
962	2010-07-08	14.4	14.5	13.95	14.28	30259	6.61	2369	卓翼科技	SZ	14.43	6.68	
963	2010-07-07	13.93	14.46	13.93	14.43	29147	6.68	2369	卓翼科技	SZ	13.93	6.44	
964	2010-07-06	13.4	13.99	13.25	13.93	23434	6.44	2369	卓翼科技	SZ	13.4	6.2	
965	2010-07-05	13.41	13.55	13	13.4	18983	6.2	2369	卓翼科技	SZ	13.56	6.27	
966	2010-07-02	14.23	14.24	12.99	13.56	31941	6.27	2369	卓翼科技	SZ	14.15	6.55	
967	2010-07-01	14.57	14.82	14.12	14.15	32908	6.55	2369	卓翼科技	SZ	14.8	6.84	
968	2010-06-30	14.74	14.91	14.45	14.8	21459	6.84	2369	卓翼科技	SZ	14.86	6.88	
969	2010-06-29	15.7	15.9	14.86	14.86	25020	6.88	2369	卓翼科技	SZ	15.86	7.34	
970	2010-06-28	15.85	15.94	15.29	15.86	19060	7.34	2369	卓翼科技	SZ	15.9	7.36	
971	2010-06-25	16.22	16.4	15.68	15.9	26462	7.36	2369	卓翼科技	SZ	16.44	7.61	
972	2010-06-24	16.48	16.48	16.15	16.44	18365	7.61	2369	卓翼科技	SZ	16.42	7.59	
973	2010-06-23	16.13	16.61	16	16.42	25197	7.59	2369	卓翼科技	SZ	16.25	7.52	
974	2010-06-22	15.95	16.36	15.8	16.25	28258	7.52	2369	卓翼科技	SZ	16	7.4	
975	2010-06-21	15.36	16.08	15.3	16	28583	7.4	2369	卓翼科技	SZ	15.35	7.1	
976	2010-06-18	16.66	16.8	15.15	15.35	49818	7.1	2369	卓翼科技	SZ	16.78	7.76	
977	2010-06-17	17.34	17.5	16.75	16.78	59777	7.76	2369	卓翼科技	SZ	17.5	8.1	
978	2010-06-11	17.9	17.93	17.42	17.5	27228	8.1	2369	卓翼科技	SZ	17.8	8.23	
979	2010-06-10	17.44	17.93	17.41	17.8	34582	8.23	2369	卓翼科技	SZ	17.58	8.14	
980	2010-06-09	17.67	17.74	17.31	17.58	35553	8.14	2369	卓翼科技	SZ	17.56	8.12	
981	2010-06-08	17.38	17.74	17.22	17.56	50539	8.12	2369	卓翼科技	SZ	17.48	8.09	
982	2010-06-07	16.35	17.5	16.28	17.48	54263	8.09	2369	卓翼科技	SZ	16.52	7.64	
983	2010-06-04	16.06	16.6	16.04	16.52	16723	7.64	2369	卓翼科技	SZ	16.17	7.48	
984	2010-06-03	16.34	16.75	16.17	16.17	27385	7.48	2369	卓翼科技	SZ	16.26	7.52	
985	2010-06-02	16.01	16.27	15.7	16.26	19000	7.52	2369	卓翼科技	SZ	16.01	7.41	
986	2010-06-01	16.15	16.39	15.65	16.01	22716	7.41	2369	卓翼科技	SZ	16.45	7.61	
987	2010-05-31	16.75	17.06	16.45	16.45	19989	7.61	2369	卓翼科技	SZ	16.88	7.81	
988	2010-05-28	17.27	17.33	16.7	16.88	27791	7.81	2369	卓翼科技	SZ	17.11	7.92	
989	2010-05-27	16.75	17.25	16.35	17.11	28875	7.92	2369	卓翼科技	SZ	16.8	7.77	
990	2010-05-26	16.89	17.05	16.6	16.8	19605	7.77	2369	卓翼科技	SZ	16.86	7.8	
991	2010-05-25	17.04	17.2	16.62	16.86	38839	7.8	2369	卓翼科技	SZ	17.25	7.98	
992	2010-05-24	16.7	17.33	16.59	17.25	57211	7.98	2369	卓翼科技	SZ	16.7	7.73	
993	2010-05-21	15.5	16.75	15.27	16.7	43606	7.73	2369	卓翼科技	SZ	16.05	7.42	
994	2010-05-20	15.76	16.7	15.76	16.05	42251	7.42	2369	卓翼科技	SZ	16.08	7.44	
995	2010-05-19	15.26	16.27	15.22	16.08	38255	7.44	2369	卓翼科技	SZ	15.45	7.15	
996	2010-05-18	14.75	15.6	14.75	15.45	22522	7.15	2369	卓翼科技	SZ	14.9	6.9	
997	2010-05-17	15.99	16.15	14.9	14.9	24658	6.9	2369	卓翼科技	SZ	16.26	7.52	
998	2010-05-14	15.65	16.34	15.45	16.26	32016	7.52	2369	卓翼科技	SZ	15.87	7.34	
999	2010-05-13	15.49	15.99	14.9	15.87	27988	7.34	2369	卓翼科技	SZ	15.45	7.15	
1000	2010-05-12	15.52	16.05	15.1	15.45	23060	7.15	2369	卓翼科技	SZ	15.88	7.34	
1001	2010-05-11	16.7	16.9	15.81	15.88	22155	7.34	2369	卓翼科技	SZ	16.34	7.56	
1002	2010-05-10	16.91	17.17	15.65	16.34	29063	7.56	2369	卓翼科技	SZ	16.95	7.84	
1003	2010-05-07	16.77	17.4	16.55	16.95	32411	7.84	2369	卓翼科技	SZ	17.72	8.2	
1004	2010-05-05	16.9	17.72	16.59	17.72	34841	8.2	2369	卓翼科技	SZ	16.88	7.81	
1005	2010-05-04	16.24	17.14	16.1	16.88	26219	7.81	2369	卓翼科技	SZ	16.45	7.61	
1006	2010-04-30	16.88	17.19	16.07	16.45	38250	7.61	2369	卓翼科技	SZ	17	7.87	
1007	2010-04-29	18.75	18.89	16.98	17	42683	7.87	2369	卓翼科技	SZ	18.67	8.63	
1008	2010-04-28	18.5	18.97	18	18.67	34116	8.63	2369	卓翼科技	SZ	18.99	8.78	
1009	2010-04-27	19.05	19.72	18.67	18.99	71007	8.78	2369	卓翼科技	SZ	18.5	8.56	
1010	2010-04-26	19.28	19.48	17.94	18.5	48413	8.56	2369	卓翼科技	SZ	19.27	8.91	
1011	2010-04-23	19.56	20.02	19.23	19.27	41434	8.91	2369	卓翼科技	SZ	19.73	9.13	
1012	2010-04-22	19.66	20.24	19.34	19.73	53300	9.13	2369	卓翼科技	SZ	19.8	9.16	
1013	2010-04-21	18.75	19.99	18.62	19.8	70143	9.16	2369	卓翼科技	SZ	18.93	8.76	
1014	2010-04-20	18.5	18.98	17.8	18.93	45275	8.76	2369	卓翼科技	SZ	18.53	8.57	
1015	2010-04-19	18.09	19.09	17.9	18.53	65537	8.57	2369	卓翼科技	SZ	18.11	8.38	
1016	2010-04-16	17.62	18.47	17.51	18.11	39342	8.38	2369	卓翼科技	SZ	17.62	8.15	
1017	2010-04-15	18.87	18.95	17.49	17.62	60682	8.15	2369	卓翼科技	SZ	18.71	8.66	
1018	2010-04-14	18.55	19.25	18.55	18.71	42612	8.66	2369	卓翼科技	SZ	19	8.79	
1019	2010-04-13	20.95	21.05	18.8	19	102651	8.79	2369	卓翼科技	SZ	20.89	9.66	
1020	2010-04-12	20.51	21.16	20.11	20.89	70291	9.66	2369	卓翼科技	SZ	20.64	9.55	
1021	2010-04-09	20	20.84	20	20.64	53907	9.55	2369	卓翼科技	SZ	20.33	9.4	
1022	2010-04-08	20.95	21.83	20.26	20.33	83013	9.4	2369	卓翼科技	SZ	21.25	9.83	
1023	2010-04-07	20.4	21.54	20	21.25	118696	9.83	2369	卓翼科技	SZ	20.67	9.56	
1024	2010-04-06	19.25	20.9	19.05	20.67	120434	9.56	2369	卓翼科技	SZ	19.02	8.8	
1025	2010-04-02	18.9	19.3	18.69	19.02	66200	8.8	2369	卓翼科技	SZ	19.3	8.93	
1026	2010-04-01	19.06	20.28	19.06	19.3	100300	8.93	2369	卓翼科技	SZ	19.25	8.91	
1027	2010-03-31	19.06	19.75	19	19.25	79622	8.91	2369	卓翼科技	SZ	19.44	8.99	
1028	2010-03-30	18.62	19.94	18.36	19.44	95848	8.99	2369	卓翼科技	SZ	18.55	8.58	
1029	2010-03-29	18.4	18.67	17.83	18.55	78848	8.58	2369	卓翼科技	SZ	18.64	8.62	
1030	2010-03-26	18.71	19	18.06	18.64	86372	8.62	2369	卓翼科技	SZ	19.2	8.88	
1031	2010-03-25	19	19.84	18.76	19.2	145898	8.88	2369	卓翼科技	SZ	19.36	8.96	
1032	2010-03-24	18	19.36	18	19.36	144790	8.96	2369	卓翼科技	SZ	17.6	8.14	
1033	2010-03-23	17.23	18.14	17.05	17.6	132828	8.14	2369	卓翼科技	SZ	17.25	7.98	
1034	2010-03-22	16.75	17.64	16.59	17.25	154876	7.98	2369	卓翼科技	SZ	16.59	7.67	
1035	2010-03-19	16.86	17	16.29	16.59	149582	7.67	2369	卓翼科技	SZ	17.06	7.89	
1036	2010-03-18	17.35	18	16.91	17.06	273730	7.89	2369	卓翼科技	SZ	16.72	7.73	
1037	2010-03-17	15.65	16.72	15.65	16.72	162084	7.73	2369	卓翼科技	SZ	15.2	7.03	
1038	2010-03-16	15.06	16	14.78	15.2	298570	7.03	2369	卓翼科技	SZ	-1	-1	
