166	2013-09-05	11.08	11.13	10.98	11.03	343230	11.03	1	深发展Ａ	SZ	11.08	11.08	
166	2013-09-05	6.92	6.92	6.92	6.92	0	6.92	10	S ST华新	SZ	6.92	6.92	
166	2013-09-05	2.31	2.31	2.25	2.26	1335053	2.21	100	TCL 集团	SZ	2.31	2.26	
166	2013-09-05	8.83	8.95	8.52	8.63	93326	8.63	11	深物业A	SZ	8.85	8.85	
166	2013-09-05	9.05	9.3	8.95	9.21	606121	8.88	12	南 玻Ａ	SZ	9.01	8.69	
166	2013-09-05	9.75	9.96	9.5	9.59	88850	9.59	14	沙河股份	SZ	9.79	9.79	
166	2013-09-05	4.79	4.98	4.76	4.9	53850	4.9	150	宜华地产	SZ	4.8	4.8	
166	2013-09-05	7.5	7.67	7.46	7.56	26555	7.56	151	中成股份	SZ	7.5	7.5	
166	2013-09-05	7.66	7.73	7.6	7.62	19980	7.62	153	丰原药业	SZ	7.69	7.69	
166	2013-09-05	3.77	3.77	3.77	3.77	0	3.77	155	川化股份	SZ	3.77	3.77	
166	2013-09-05	5.63	5.68	5.54	5.55	584885	5.55	157	中联重科	SZ	5.64	5.64	
166	2013-09-05	4.05	4.12	4.02	4.08	38071	4.08	158	常山股份	SZ	4.07	4.07	
166	2013-09-05	6.75	7.25	6.55	6.61	319330	6.6	159	国际实业	SZ	6.73	6.72	
166	2013-09-05	3.53	3.57	3.51	3.52	49546	3.52	16	深康佳Ａ	SZ	3.54	3.54	
166	2013-09-05	4.81	4.81	4.74	4.77	46004	4.77	1696	宗申动力	SZ	4.8	4.8	
166	2013-09-05	4.19	4.19	4.19	4.19	0	4.19	17	*ST中华A	SZ	4.19	4.19	
166	2013-09-05	10.48	10.78	10.23	10.47	7280	10.47	18	ST中冠A	SZ	10.38	10.38	
166	2013-09-05	5.06	5.06	4.95	4.97	22075	4.97	1896	*ST豫能	SZ	5.06	5.06	
166	2013-09-05	8.69	8.69	8.3	8.38	31025	8.38	19	深深宝Ａ	SZ	8.6	8.6	
166	2013-09-05	9.7	9.9	9.66	9.66	1056883	9.21	2	万 科Ａ	SZ	9.63	9.18	
166	2013-09-05	6.43	6.74	6.34	6.69	43823	6.69	20	深华发Ａ	SZ	6.45	6.45	
166	2013-09-05	20.76	21.02	20.35	20.86	61782	20.86	2001	新 和 成	SZ	20.76	20.76	
166	2013-09-05	9.7	9.87	9.65	9.79	8833	9.79	2002	ST琼花	SZ	9.82	9.82	
166	2013-09-05	12.04	12.04	11.91	12.04	10970	8.69	2003	伟星股份	SZ	12.02	8.68	
166	2013-09-05	17.7	17.7	17.7	17.7	0	17.7	2004	华邦制药	SZ	17.7	17.7	
166	2013-09-05	8.74	9.27	8.66	9.17	372574	9.17	2005	德豪润达	SZ	8.72	8.72	
166	2013-09-05	7.81	8.59	7.8	8.59	281845	8.59	2006	精功科技	SZ	7.81	7.81	
166	2013-09-05	26.64	27.11	26.46	26.89	57604	26.89	2007	华兰生物	SZ	26.69	26.69	
166	2013-09-05	11.33	11.52	11.25	11.45	177536	11.45	2008	大族激光	SZ	11.3	11.3	
166	2013-09-05	12.03	12.78	12	12.49	132400	12.49	2009	天奇股份	SZ	11.99	11.99	
166	2013-09-05	8.8	8.86	8.7	8.83	18155	8.83	2010	传化股份	SZ	8.8	8.8	
166	2013-09-05	10.08	10.08	9.89	9.9	78323	9.9	2011	盾安环境	SZ	10.08	10.08	
166	2013-09-05	5.94	6.06	5.9	6	83084	6	2012	凯恩股份	SZ	5.96	5.96	
166	2013-09-05	14.56	14.95	14.36	14.45	76489	14.45	2013	中航精机	SZ	14.62	14.62	
166	2013-09-05	8.23	8.36	8.13	8.3	39517	8.03	2014	永新股份	SZ	8.23	7.97	
166	2013-09-05	6.26	6.32	6.25	6.29	28471	6.29	2015	霞客环保	SZ	6.27	6.27	
166	2013-09-05	7.98	8.12	7.81	7.91	158988	7.91	2016	世荣兆业	SZ	8.1	8.1	
166	2013-09-05	13.97	14.17	13.55	13.74	95622	13.74	2017	东信和平	SZ	14	14	
166	2013-09-05	6.92	6.97	6.88	6.95	48148	6.94	2018	华星化工	SZ	6.93	6.92	
166	2013-09-05	16.65	16.78	15.97	16.3	56982	16.3	2019	鑫富药业	SZ	16.55	16.55	
166	2013-09-05	15.22	15.55	15.11	15.41	54709	15.41	2020	京新药业	SZ	15.22	15.22	
166	2013-09-05	5.21	5.23	5.01	5.16	141778	5.16	2021	中捷股份	SZ	5.24	5.24	
166	2013-09-05	15.7	16.04	15.65	15.79	22615	15.64	2022	科华生物	SZ	15.75	15.6	
166	2013-09-05	14.24	14.5	14.15	14.35	32306	14.35	2023	海特高新	SZ	14.33	14.33	
166	2013-09-05	8.02	8.19	7.88	8.12	1111031	8.12	2024	苏宁电器	SZ	8.04	8.04	
166	2013-09-05	12.22	12.32	12.09	12.12	44611	12.12	2025	航天电器	SZ	12.22	12.22	
166	2013-09-05	5.99	5.99	5.89	5.93	11561	5.89	2026	山东威达	SZ	5.97	5.93	
166	2013-09-05	4.61	4.7	4.53	4.65	42888	4.65	2027	七喜控股	SZ	4.63	4.63	
166	2013-09-05	15.43	15.56	15.33	15.37	39474	15.37	2028	思源电气	SZ	15.45	15.45	
166	2013-09-05	8.02	8.09	7.92	7.97	116978	7.97	2029	七 匹 狼	SZ	8.05	8.05	
166	2013-09-05	9.84	9.99	9.82	9.93	63455	9.93	2030	达安基因	SZ	9.85	9.85	
166	2013-09-05	7.2	7.29	7.15	7.21	28962	7.21	2031	巨轮股份	SZ	7.21	7.21	
166	2013-09-05	12.84	12.91	12.53	12.58	10793	12.58	2032	苏 泊 尔	SZ	12.85	12.85	
166	2013-09-05	13.41	13.57	13.41	13.46	30299	13.35	2033	丽江旅游	SZ	13.45	13.34	
166	2013-09-05	12.65	13.15	12.65	13.15	9775	13.15	2034	美 欣 达	SZ	13.01	13.01	
166	2013-09-05	13.56	13.58	13.21	13.46	15033	11.06	2035	华帝股份	SZ	13.56	11.14	
166	2013-09-05	7.45	7.61	7.34	7.53	25224	7.53	2036	宜科科技	SZ	7.46	7.46	
166	2013-09-05	12.21	12.65	12.18	12.43	44481	12.43	2037	久联发展	SZ	12.27	12.27	
166	2013-09-05	55.01	55.37	53.97	54.4	19889	54.4	2038	双鹭药业	SZ	55.12	55.12	
166	2013-09-05	11.07	11.07	10.94	11.01	8806	11.01	2039	黔源电力	SZ	11.06	11.06	
166	2013-09-05	5.23	5.3	5.1	5.16	37551	5.16	2040	南 京 港	SZ	5.32	5.32	
166	2013-09-05	27.3	27.37	26.72	27.25	23789	27.25	2041	登海种业	SZ	27.55	27.55	
166	2013-09-05	4.9	4.9	4.83	4.86	54295	4.86	2042	华孚色纺	SZ	4.9	4.9	
166	2013-09-05	3.75	3.82	3.66	3.77	87034	3.77	2043	兔 宝 宝	SZ	3.74	3.74	
166	2013-09-05	6.88	6.93	6.68	6.69	66464	6.69	2044	江苏三友	SZ	6.76	6.76	
166	2013-09-05	7.2	7.28	6.98	7.17	159488	7.07	2045	广州国光	SZ	7.3	7.2	
166	2013-09-05	6.87	6.88	6.72	6.75	29355	6.75	2046	轴研科技	SZ	6.9	6.9	
166	2013-09-05	7.01	7.01	6.35	6.45	195423	6.45	2047	成霖股份	SZ	6.68	6.68	
166	2013-09-05	8.77	8.85	8.63	8.75	92329	8.75	2048	宁波华翔	SZ	8.84	8.84	
166	2013-09-05	36.99	38.75	36.8	38.5	28444	38.5	2049	晶源电子	SZ	37.01	37.01	
166	2013-09-05	13.15	13.27	13.03	13.14	38760	13.14	2050	三花股份	SZ	13.14	13.14	
166	2013-09-05	25.81	25.83	25.26	25.28	16328	25.28	2051	中工国际	SZ	25.83	25.83	
166	2013-09-05	8.54	8.65	8.5	8.55	62613	8.55	2052	同洲电子	SZ	8.53	8.53	
166	2013-09-05	7.08	7.27	7.06	7.22	15508	7.22	2053	云南盐化	SZ	7.09	7.09	
166	2013-09-05	6.81	7.24	6.8	7.19	66727	7.19	2054	德美化工	SZ	6.84	6.84	
166	2013-09-05	12.27	12.4	12	12.04	113036	12.04	2055	得润电子	SZ	12.25	12.25	
166	2013-09-05	17.24	17.59	17	17.29	148152	17.29	2056	横店东磁	SZ	17.28	17.28	
166	2013-09-05	12.65	12.71	12.4	12.43	10999	12.43	2057	中钢天源	SZ	12.69	12.69	
166	2013-09-05	6.6	6.73	6.53	6.72	20274	6.72	2058	威 尔 泰	SZ	6.6	6.6	
166	2013-09-05	8.85	9	8.83	8.89	22048	8.89	2059	云南旅游	SZ	8.92	8.92	
166	2013-09-05	4.04	4.06	4	4	57065	4	2060	粤 水 电	SZ	4.05	4.05	
166	2013-09-05	5.58	5.6	5.5	5.57	19172	5.57	2061	江山化工	SZ	5.59	5.59	
166	2013-09-05	4.52	4.54	4.47	4.48	21113	3.2	2062	宏润建设	SZ	4.52	3.22	
166	2013-09-05	18.5	19.16	18.18	19.01	51067	19.01	2063	远光软件	SZ	18.64	18.64	
166	2013-09-05	10.38	10.68	10.13	10.6	104555	10.55	2064	华峰氨纶	SZ	10.29	10.24	
166	2013-09-05	29.88	29.88	29.88	29.88	0	29.88	2065	东华软件	SZ	29.88	29.88	
166	2013-09-05	4.74	4.74	4.64	4.68	28952	4.68	2066	瑞泰科技	SZ	4.75	4.75	
166	2013-09-05	2.23	2.39	2.23	2.33	473647	2.33	2067	景兴纸业	SZ	2.31	2.31	
166	2013-09-05	4.61	4.62	4.51	4.52	80529	4.52	2068	黑猫股份	SZ	4.61	4.61	
166	2013-09-05	13.35	13.35	12.93	13.06	42105	13.06	2069	獐 子 岛	SZ	13.38	13.38	
166	2013-09-05	6.49	6.64	6.4	6.56	120880	6.56	2070	众和股份	SZ	6.53	6.53	
166	2013-09-05	18.75	20.6	18.73	19.59	260273	19.59	2071	江苏宏宝	SZ	19.28	19.28	
166	2013-09-05	7.78	8.47	7.7	8.39	99940	8.39	2072	*ST德棉	SZ	7.8	7.8	
166	2013-09-05	9.02	9.07	8.86	9	116041	9	2073	软控股份	SZ	9.01	9.01	
166	2013-09-05	5.55	5.64	5.45	5.49	66565	5.49	2074	东源电器	SZ	5.58	5.58	
166	2013-09-05	6.95	7.03	6.9	7.01	15277	7.01	2076	雪 莱 特	SZ	6.95	6.95	
166	2013-09-05	5.99	6.15	5.88	6.08	67269	6.08	2077	大港股份	SZ	5.95	5.95	
166	2013-09-05	4.94	4.99	4.84	4.93	49667	4.93	2078	太阳纸业	SZ	4.98	4.98	
166	2013-09-05	7.04	7.08	6.84	6.95	233762	6.95	2079	苏州固锝	SZ	7.1	7.1	
166	2013-09-05	15.57	15.76	15.34	15.41	45970	15.27	2080	中材科技	SZ	15.57	15.43	
166	2013-09-05	25.95	26.09	25.46	25.48	63136	25.48	2081	金 螳 螂	SZ	26	26	
166	2013-09-05	6.52	6.55	6.49	6.52	12082	6.52	2082	栋梁新材	SZ	6.55	6.55	
166	2013-09-05	3.95	4.15	3.92	4.01	179341	4.01	2083	孚日股份	SZ	3.95	3.95	
166	2013-09-05	4.63	4.65	4.59	4.63	25256	4.63	2084	海鸥卫浴	SZ	4.63	4.63	
166	2013-09-05	14.67	14.77	14.15	14.38	32625	13.95	2085	万丰奥威	SZ	14.74	14.3	
166	2013-09-05	8.96	8.96	8.8	8.83	29412	8.83	2086	东方海洋	SZ	8.96	8.96	
166	2013-09-05	3.62	3.69	3.58	3.65	153376	3.65	2087	新野纺织	SZ	3.71	3.71	
166	2013-09-05	7.74	7.85	7.74	7.75	12261	7.75	2088	鲁阳股份	SZ	7.77	7.77	
166	2013-09-05	7.75	8.15	7.7	8.09	187967	8.05	2089	新 海 宜	SZ	7.74	7.7	
166	2013-09-05	8.63	8.98	8.62	8.95	20961	8.95	2090	金智科技	SZ	8.72	8.72	
166	2013-09-05	15.74	16.05	15.36	15.9	129990	15.9	2091	江苏国泰	SZ	15.78	15.78	
166	2013-09-05	5.94	5.94	5.73	5.75	215298	5.69	2092	中泰化学	SZ	5.92	5.86	
166	2013-09-05	5.65	5.74	5.57	5.7	91482	5.7	2093	国脉科技	SZ	5.65	5.65	
166	2013-09-05	7.57	7.67	7.51	7.53	49195	7.53	2094	青岛金王	SZ	7.62	7.62	
166	2013-09-05	38	40.54	37.55	39.38	89035	39.38	2095	生 意 宝	SZ	38.39	38.39	
166	2013-09-05	13.94	14.36	13.76	14.32	44876	14.32	2096	南岭民爆	SZ	13.93	13.93	
166	2013-09-05	7.03	7.07	6.88	6.91	41406	6.91	2097	山河智能	SZ	7.02	7.02	
166	2013-09-05	8.2	8.24	8.05	8.22	33826	8.22	2098	浔兴股份	SZ	8.19	8.19	
166	2013-09-05	5.37	5.43	5.34	5.38	44291	5.38	2099	海翔药业	SZ	5.37	5.37	
166	2013-09-05	6.08	6.12	5.88	6.09	150081	6.09	21	长城开发	SZ	6.02	6.02	
166	2013-09-05	8.84	8.84	8.59	8.61	67378	8.61	2100	天康生物	SZ	8.82	8.82	
166	2013-09-05	8.67	8.67	8.55	8.6	4841	8.6	2101	广东鸿图	SZ	8.63	8.63	
166	2013-09-05	5.33	5.63	5.29	5.53	110971	5.53	2102	冠福家用	SZ	5.37	5.37	
166	2013-09-05	6.89	7.5	6.89	7.18	83748	7.18	2103	广博股份	SZ	6.99	6.99	
166	2013-09-05	13.8	14.14	13.6	14.08	74928	14.08	2104	恒宝股份	SZ	13.92	13.92	
166	2013-09-05	5.25	5.49	5.15	5.28	93573	5.28	2105	信隆实业	SZ	5.3	5.3	
166	2013-09-05	15.63	15.69	15.42	15.47	98455	15.47	2106	莱宝高科	SZ	15.74	15.74	
166	2013-09-05	11.28	11.5	11.11	11.2	27756	11.2	2107	沃华医药	SZ	11.29	11.29	
166	2013-09-05	8.9	8.97	8.8	8.89	49839	8.89	2108	沧州明珠	SZ	8.9	8.9	
166	2013-09-05	5.38	5.45	5.33	5.38	21292	5.38	2109	兴化股份	SZ	5.38	5.38	
166	2013-09-05	4.9	4.91	4.81	4.83	42853	4.83	2110	三钢闽光	SZ	4.94	4.94	
166	2013-09-05	8.53	8.69	8.53	8.65	29117	8.65	2111	威海广泰	SZ	8.64	8.64	
166	2013-09-05	5.24	5.27	5.21	5.27	18242	5.27	2112	三变科技	SZ	5.23	5.23	
166	2013-09-05	10.9	11.46	10.81	11.4	32386	11.4	2113	ST天润	SZ	10.88	10.88	
166	2013-09-05	9.41	9.5	9.15	9.15	49024	9.15	2114	罗平锌电	SZ	9.57	9.57	
166	2013-09-05	6.7	7.08	6.61	6.96	252114	6.96	2115	三维通信	SZ	6.72	6.72	
166	2013-09-05	12.69	12.78	12.39	12.46	20514	12.46	2116	中国海诚	SZ	12.73	12.73	
166	2013-09-05	9.73	10	9.66	9.68	62104	7.97	2117	东港股份	SZ	9.71	7.99	
166	2013-09-05	11.19	11.68	11	11.21	228507	11.21	2118	紫鑫药业	SZ	11.19	11.19	
166	2013-09-05	7.28	7.33	7.23	7.28	30742	7.26	2119	康强电子	SZ	7.31	7.29	
166	2013-09-05	7.32	7.33	7.19	7.3	13600	7.3	2120	新海股份	SZ	7.3	7.3	
166	2013-09-05	7.82	7.92	7.76	7.82	34967	7.82	2121	科陆电子	SZ	7.85	7.85	
166	2013-09-05	4.12	4.12	4.05	4.06	40498	4.06	2122	天马股份	SZ	4.11	4.11	
166	2013-09-05	7.66	7.81	7.61	7.7	120657	7.7	2123	荣信股份	SZ	7.6	7.6	
166	2013-09-05	6.9	6.9	6.9	6.9	0	6.82	2124	天邦股份	SZ	6.9	6.82	
166	2013-09-05	7.68	7.79	7.59	7.72	16996	7.72	2125	湘潭电化	SZ	7.69	7.69	
166	2013-09-05	7	7.19	6.97	6.97	67654	6.97	2126	银轮股份	SZ	7.15	7.15	
166	2013-09-05	5.44	5.44	5.24	5.31	101581	5.31	2127	新民科技	SZ	5.46	5.46	
166	2013-09-05	9.13	9.13	8.99	9.01	37868	9.01	2128	露天煤业	SZ	9.17	9.17	
166	2013-09-05	21	21.97	20.72	21.31	108335	21.31	2129	中环股份	SZ	21.08	21.08	
166	2013-09-05	6.3	6.32	6.18	6.2	49709	6.18	2130	沃尔核材	SZ	6.31	6.29	
166	2013-09-05	10.52	10.75	10.41	10.53	49114	10.5	2131	利欧股份	SZ	10.52	10.49	
166	2013-09-05	4.28	4.29	4.17	4.17	58095	4.13	2132	恒星科技	SZ	4.29	4.24	
166	2013-09-05	4.2	4.2	4.14	4.15	50065	4.07	2133	广宇集团	SZ	4.19	4.11	
166	2013-09-05	5.84	6.08	5.71	5.85	53494	5.85	2134	天津普林	SZ	5.83	5.83	
166	2013-09-05	3.72	3.73	3.68	3.69	31582	3.69	2135	东南网架	SZ	3.72	3.72	
166	2013-09-05	8.22	8.37	8.06	8.18	72311	8.18	2136	安 纳 达	SZ	8.28	8.28	
166	2013-09-05	4.43	4.56	4.41	4.5	34514	4.5	2137	实 益 达	SZ	4.46	4.46	
166	2013-09-05	17.45	17.78	17.18	17.57	49779	17.57	2138	顺络电子	SZ	17.45	17.45	
166	2013-09-05	7.94	8.28	7.9	8.27	85196	8.27	2139	拓邦股份	SZ	7.96	7.96	
166	2013-09-05	22.13	22.25	21.33	21.6	32566	21.6	2140	东华科技	SZ	22.22	22.22	
166	2013-09-05	7.16	7.5	7.11	7.45	58416	7.45	2141	蓉胜超微	SZ	7.12	7.12	
166	2013-09-05	8.75	8.81	8.64	8.66	141439	8.66	2142	宁波银行	SZ	8.78	8.78	
166	2013-09-05	5.26	5.28	5.2	5.24	6504	5.24	2143	高金食品	SZ	5.26	5.26	
166	2013-09-05	16.27	16.55	16.04	16.36	16705	16.36	2144	宏达高科	SZ	16.13	16.13	
166	2013-09-05	9.73	10.14	9.3	9.77	192550	9.77	2145	*ST钛白	SZ	9.72	9.72	
166	2013-09-05	13.93	14.16	13.82	13.86	94426	13.86	2146	荣盛发展	SZ	13.85	13.85	
166	2013-09-05	5.47	5.63	5.42	5.5	35256	5.5	2147	方圆支承	SZ	5.56	5.56	
166	2013-09-05	29	32.45	28.83	32.45	116306	16.13	2148	北纬通信	SZ	29.5	14.66	
166	2013-09-05	10.95	10.95	10.67	10.7	19934	10.7	2149	西部材料	SZ	10.91	10.91	
166	2013-09-05	5.39	5.55	5.35	5.41	22983	5.41	2150	江苏通润	SZ	5.39	5.39	
166	2013-09-05	35.75	36.68	35.2	35.24	91481	35.24	2151	北斗星通	SZ	35.04	35.04	
166	2013-09-05	14.23	14.3	13.9	13.92	40339	13.92	2152	广电运通	SZ	14.23	14.23	
166	2013-09-05	31.42	31.98	30.79	31.63	14556	31.63	2153	石基信息	SZ	31.6	31.6	
166	2013-09-05	6.08	6.18	6.06	6.08	70762	6.08	2154	报 喜 鸟	SZ	6.08	6.08	
166	2013-09-05	9.73	9.73	9.73	9.73	0	9.73	2155	辰州矿业	SZ	9.73	9.73	
166	2013-09-05	5.83	6.08	5.75	5.99	179344	5.99	2156	通富微电	SZ	5.93	5.93	
166	2013-09-05	6.4	6.45	6.33	6.39	25788	6.39	2157	正邦科技	SZ	6.42	6.42	
166	2013-09-05	14.38	14.95	14.35	14.83	34301	14.83	2158	汉钟精机	SZ	14.46	14.46	
166	2013-09-05	15.8	16.04	15.6	16	7056	15.96	2159	三特索道	SZ	15.9	15.86	
166	2013-09-05	8.99	9.16	8.76	9.09	212761	9.09	2161	远 望 谷	SZ	9.02	9.02	
166	2013-09-05	5.7	5.71	5.51	5.56	71887	5.56	2162	斯 米 克	SZ	5.72	5.72	
166	2013-09-05	4.15	4.28	4.1	4.19	127102	4.19	2163	中航三鑫	SZ	4.16	4.16	
166	2013-09-05	4.13	4.14	4.01	4.04	45942	4.04	2164	东力传动	SZ	4.14	4.14	
166	2013-09-05	5.52	5.59	5.44	5.55	52852	5.55	2165	红 宝 丽	SZ	5.55	5.55	
166	2013-09-05	14.43	15.06	14.42	14.9	69777	14.9	2166	莱茵生物	SZ	14.44	14.44	
166	2013-09-05	11.31	11.45	11.27	11.28	43312	11.28	2167	东方锆业	SZ	11.43	11.43	
166	2013-09-05	8.14	8.14	8.02	8.04	57277	8.04	2168	深圳惠程	SZ	8.14	8.14	
166	2013-09-05	5.02	5.05	4.95	4.99	30506	4.99	2169	智光电气	SZ	5.05	5.05	
166	2013-09-05	5	5.25	4.96	5.13	428252	5.13	2170	芭田股份	SZ	5.09	5.09	
166	2013-09-05	6.39	6.39	6.39	6.39	0	6.39	2171	精诚铜业	SZ	6.39	6.39	
166	2013-09-05	4.33	4.35	4.29	4.31	26668	4.31	2172	澳洋科技	SZ	4.32	4.32	
166	2013-09-05	7.41	7.44	7.3	7.38	10392	7.38	2173	山 下 湖	SZ	7.37	7.37	
166	2013-09-05	20	20	20	20	0	20	2174	梅 花 伞	SZ	20	20	
166	2013-09-05	11.28	11.28	11.28	11.28	0	11.28	2175	广陆数测	SZ	11.28	11.28	
166	2013-09-05	10.48	10.61	10.32	10.61	55843	10.61	2176	江特电机	SZ	10.47	10.47	
166	2013-09-05	4.07	4.14	4.04	4.13	113172	4.13	2177	御银股份	SZ	4.08	4.08	
166	2013-09-05	11.9	12.06	11.81	11.95	16889	11.95	2178	延华智能	SZ	11.94	11.94	
166	2013-09-05	14.83	14.83	14.44	14.45	20990	14.36	2179	中航光电	SZ	14.68	14.58	
166	2013-09-05	8.7	9.1	8.7	9.05	24871	9.05	2180	万 力 达	SZ	8.85	8.85	
166	2013-09-05	11	11	11	11	0	11	2181	粤 传 媒	SZ	11	11	
166	2013-09-05	8.27	8.27	8	8	71746	8	2182	云海金属	SZ	8.27	8.27	
166	2013-09-05	8.07	8.09	7.69	7.71	254166	7.71	2183	怡 亚 通	SZ	8	8	
166	2013-09-05	7.26	7.59	7.05	7.45	45418	7.45	2184	海得控制	SZ	7.28	7.28	
166	2013-09-05	9.48	9.48	9.17	9.25	108816	9.25	2185	华天科技	SZ	9.52	9.52	
166	2013-09-05	14.77	14.83	14.58	14.63	12352	14.63	2186	全 聚 德	SZ	14.77	14.77	
166	2013-09-05	7.6	7.6	7.42	7.49	30471	7.49	2187	广百股份	SZ	7.6	7.6	
166	2013-09-05	10.1	10.1	9.53	9.66	85275	9.66	2188	新 嘉 联	SZ	10.29	10.29	
166	2013-09-05	7.67	7.67	7.67	7.67	0	7.67	2189	利达光电	SZ	7.67	7.67	
166	2013-09-05	15.9	16.03	15.58	15.6	68710	15.6	2190	成飞集成	SZ	15.98	15.98	
166	2013-09-05	12.17	12.78	12.02	12.39	298085	12.39	2191	劲嘉股份	SZ	12.1	12.1	
166	2013-09-05	14.6	14.68	14.46	14.54	8302	14.54	2192	路翔股份	SZ	14.6	14.6	
166	2013-09-05	7.65	7.65	7.65	7.65	0	7.65	2193	山东如意	SZ	7.65	7.65	
166	2013-09-05	9.18	9.8	9.08	9.69	180439	9.69	2194	武汉凡谷	SZ	9.12	9.12	
166	2013-09-05	14.45	14.94	14.26	14.58	39143	14.55	2195	海隆软件	SZ	14.45	14.42	
166	2013-09-05	9.43	9.59	9.35	9.45	7987	9.37	2196	方正电机	SZ	9.44	9.36	
166	2013-09-05	11.86	12.27	11.65	12.2	63773	12.2	2197	证通电子	SZ	11.95	11.95	
166	2013-09-05	6.88	6.88	6.41	6.42	94844	3.19	2198	嘉应制药	SZ	6.43	3.19	
166	2013-09-05	7	7.3	6.93	7.13	112734	7.13	2199	东晶电子	SZ	6.96	6.96	
166	2013-09-05	12.21	12.21	11.71	12.12	86064	12.12	22	深赤湾Ａ	SZ	12.27	12.27	
166	2013-09-05	14.27	14.27	14.27	14.27	0	14.27	2200	绿 大 地	SZ	14.27	14.27	
166	2013-09-05	6	6	6	6	0	6	2201	九鼎新材	SZ	6	6	
166	2013-09-05	6.22	6.42	6.13	6.13	555496	6.13	2202	金风科技	SZ	6.17	6.17	
166	2013-09-05	7.89	8.22	7.87	8	59659	8	2203	海亮股份	SZ	7.96	7.96	
166	2013-09-05	6.84	6.96	6.75	6.75	24637	6.75	2204	华锐铸钢	SZ	6.85	6.85	
166	2013-09-05	13.18	13.37	12.46	12.47	78143	12.47	2205	国统股份	SZ	12.95	12.95	
166	2013-09-05	5.4	5.43	5.34	5.39	35532	5.23	2206	海 利 得	SZ	5.46	5.3	
166	2013-09-05	15.71	16.15	15.39	15.43	35405	15.43	2207	准油股份	SZ	15.55	15.55	
166	2013-09-05	6.16	6.24	6.1	6.17	32478	6.09	2208	合肥城建	SZ	6.18	6.1	
166	2013-09-05	6.24	6.3	6.15	6.23	24243	6.23	2209	达 意 隆	SZ	6.28	6.28	
166	2013-09-05	8.15	8.15	7.76	7.88	178047	7.88	2210	飞马国际	SZ	8.25	8.25	
166	2013-09-05	5.62	5.62	5.62	5.62	0	5.62	2211	宏达新材	SZ	5.62	5.62	
166	2013-09-05	4.2	4.2	4.14	4.16	21581	4.16	2212	南洋股份	SZ	4.2	4.2	
166	2013-09-05	8.85	9.44	8.64	9.33	50957	9.33	2213	特 尔 佳	SZ	8.85	8.85	
166	2013-09-05	12.47	12.79	12.4	12.46	38631	12.4	2214	大立科技	SZ	12.45	12.39	
166	2013-09-05	8.32	8.6	8.16	8.39	137911	8.39	2215	诺 普 信	SZ	8.36	8.36	
166	2013-09-05	20.72	20.97	20.6	20.72	14640	20.72	2216	三全食品	SZ	20.82	20.82	
166	2013-09-05	4.2	4.2	4.2	4.2	0	4.2	2217	联合化工	SZ	4.2	4.2	
166	2013-09-05	6.92	7.39	6.87	7.09	263432	7.09	2218	拓日新能	SZ	6.89	6.89	
166	2013-09-05	14.57	14.67	14.21	14.44	45174	10.3	2219	独 一 味	SZ	14.56	10.38	
166	2013-09-05	6.82	6.86	6.68	6.76	40451	6.76	2220	天宝股份	SZ	6.83	6.83	
166	2013-09-05	10.88	11.06	10.66	10.77	76903	10.75	2221	东华能源	SZ	10.85	10.83	
166	2013-09-05	7.39	7.59	7.33	7.54	72056	7.54	2222	福晶科技	SZ	7.37	7.37	
166	2013-09-05	21	21.46	20.76	21.45	44247	21.45	2223	鱼跃医疗	SZ	21.03	21.03	
166	2013-09-05	11	11.13	10.93	11.09	4678	7.39	2224	三 力 士	SZ	11.04	7.36	
166	2013-09-05	5.81	5.92	5.79	5.86	28980	5.86	2225	濮耐股份	SZ	5.83	5.83	
166	2013-09-05	14.4	14.74	14.25	14.29	15012	14.29	2226	江南化工	SZ	14.36	14.36	
166	2013-09-05	23.66	23.66	21.9	23.19	79425	23.19	2227	奥 特 迅	SZ	21.51	21.51	
166	2013-09-05	6.5	6.55	6.42	6.48	18696	6.48	2228	合兴包装	SZ	6.55	6.55	
166	2013-09-05	14.65	16.18	14.65	15.45	409453	15.45	2229	鸿博股份	SZ	14.9	14.9	
166	2013-09-05	46.82	49.42	46.62	49.07	261829	28.62	2230	科大讯飞	SZ	46.57	27.16	
166	2013-09-05	7.17	7.81	7.11	7.66	259035	7.66	2231	奥维通信	SZ	7.19	7.19	
166	2013-09-05	7.11	7.27	7.07	7.23	43787	7.23	2232	启明信息	SZ	7.12	7.12	
166	2013-09-05	6.55	6.55	6.4	6.41	49675	6.41	2233	塔牌集团	SZ	6.54	6.54	
166	2013-09-05	11.56	11.65	11.18	11.25	48584	11.25	2234	民和股份	SZ	11.62	11.62	
166	2013-09-05	12.05	12.55	12	12.3	52550	12.3	2235	安妮股份	SZ	12.22	12.22	
166	2013-09-05	44.3	44.56	42.65	43.08	60992	43.08	2236	大华股份	SZ	44.3	44.3	
166	2013-09-05	16.9	16.99	16.65	16.76	101183	16.76	2237	恒邦股份	SZ	17.33	17.33	
166	2013-09-05	12.63	13.14	12.59	12.96	47780	12.96	2238	天威视讯	SZ	12.59	12.59	
166	2013-09-05	9.95	10	9.83	9.87	23665	9.87	2239	金 飞 达	SZ	10.01	10.01	
166	2013-09-05	4.77	4.77	4.77	4.77	0	4.77	2240	威华股份	SZ	4.77	4.77	
166	2013-09-05	42.37	43.2	41.68	42.2	62355	42.2	2241	歌尔声学	SZ	42.51	42.51	
166	2013-09-05	6.66	6.7	6.51	6.62	26395	6.32	2242	九阳股份	SZ	6.67	6.37	
166	2013-09-05	6.73	6.78	6.61	6.63	53326	6.63	2243	通产丽星	SZ	6.77	6.77	
166	2013-09-05	8.48	8.64	8.46	8.5	71989	8.5	2244	滨江集团	SZ	8.44	8.44	
166	2013-09-05	6.11	6.21	6.03	6.15	48377	6.1	2245	澳洋顺昌	SZ	6.11	6.06	
166	2013-09-05	8.75	8.79	8.63	8.68	7949	8.65	2246	北化股份	SZ	8.74	8.71	
166	2013-09-05	7.01	7.09	6.83	6.89	23653	3.41	2247	帝龙新材	SZ	7.05	3.49	
166	2013-09-05	6.9	6.96	6.82	6.84	18559	6.84	2248	华东数控	SZ	6.89	6.89	
166	2013-09-05	9.13	9.3	9.05	9.18	65925	9.18	2249	大洋电机	SZ	9.11	9.11	
166	2013-09-05	22.85	22.98	22.71	22.85	6868	22.85	2250	联化科技	SZ	22.86	22.86	
166	2013-09-05	10.86	11	10.86	10.87	12353	10.87	2251	步 步 高	SZ	10.95	10.95	
166	2013-09-05	24.17	24.4	24.1	24.15	10485	24.12	2252	上海莱士	SZ	24.17	24.14	
166	2013-09-05	21.71	22.53	21.58	22.24	24124	22.24	2253	川大智胜	SZ	21.75	21.75	
166	2013-09-05	9.37	9.5	9.19	9.39	37857	9.39	2254	烟台氨纶	SZ	9.36	9.36	
166	2013-09-05	15.05	15.06	14.93	14.96	26314	14.96	2255	海陆重工	SZ	14.99	14.99	
166	2013-09-05	6.09	6.16	6	6.12	39873	6.12	2256	彩虹精化	SZ	6.1	6.1	
166	2013-09-05	15.19	15.55	15.07	15.54	33228	15.54	2258	利尔化学	SZ	15.08	15.08	
166	2013-09-05	6.8	6.97	6.61	6.82	296117	6.82	2259	升达林业	SZ	6.85	6.85	
166	2013-09-05	14.9	14.95	13.71	13.98	86080	13.98	2260	伊 立 浦	SZ	13.76	13.76	
166	2013-09-05	27.2	29.77	27.06	29.77	212064	29.77	2261	拓维信息	SZ	27.06	27.06	
166	2013-09-05	26	26.24	25.85	26.14	2432	26.14	2262	恩华药业	SZ	26.26	26.26	
166	2013-09-05	5.63	5.64	5.57	5.57	110733	5.57	2263	大 东 南	SZ	5.63	5.63	
166	2013-09-05	5.38	5.57	5.31	5.45	59129	5.45	2264	新 华 都	SZ	5.4	5.4	
166	2013-09-05	5.98	6.02	5.9	5.92	11993	5.92	2265	西仪股份	SZ	6.02	6.02	
166	2013-09-05	8.11	8.11	7.91	7.98	105607	3.95	2266	浙富股份	SZ	8.06	3.99	
166	2013-09-05	10.4	10.4	9.95	10.02	133989	10.02	2267	陕天然气	SZ	10.34	10.34	
166	2013-09-05	18.74	18.74	18.74	18.74	0	18.74	2268	卫 士 通	SZ	18.74	18.74	
166	2013-09-05	9.42	9.47	9.32	9.36	20961	9.36	2269	美邦服饰	SZ	9.41	9.41	
166	2013-09-05	6.35	6.49	6.3	6.47	39037	6.43	2270	法因数控	SZ	6.34	6.3	
166	2013-09-05	23.45	23.45	23.45	23.45	0	23.27	2271	东方雨虹	SZ	23.45	23.27	
166	2013-09-05	4.92	4.92	4.92	4.92	0	4.92	2272	川润股份	SZ	4.92	4.92	
166	2013-09-05	19.02	19.3	18.89	18.95	75311	18.95	2273	水晶光电	SZ	18.9	18.9	
166	2013-09-05	6.24	6.36	6.2	6.28	23308	6.28	2274	华昌化工	SZ	6.23	6.23	
166	2013-09-05	15.67	15.91	15.67	15.82	7510	15.3	2275	桂林三金	SZ	15.77	15.26	
166	2013-09-05	4.7	4.7	4.63	4.65	28454	4.65	2276	万马电缆	SZ	4.69	4.69	
166	2013-09-05	8.91	9.6	8.82	9.45	210782	9.45	2277	友阿股份	SZ	8.91	8.91	
166	2013-09-05	9.48	9.54	9.42	9.47	24581	9.47	2278	神开股份	SZ	9.47	9.47	
166	2013-09-05	12.64	13.15	12.48	12.86	58376	12.74	2279	久其软件	SZ	12.62	12.5	
166	2013-09-05	11.24	11.59	11.24	11.36	15256	11.06	2280	新世纪	SZ	11.28	10.98	
166	2013-09-05	30	30.92	29.75	30.37	21276	30.37	2281	光迅科技	SZ	30.1	30.1	
166	2013-09-05	7.43	7.55	7.38	7.4	11556	7.4	2282	博深工具	SZ	7.49	7.49	
166	2013-09-05	5.59	5.59	5.5	5.56	41275	5.56	2283	天润曲轴	SZ	5.59	5.59	
166	2013-09-05	8.17	8.17	8.07	8.12	18111	8.12	2284	亚太股份	SZ	8.12	8.12	
166	2013-09-05	12.66	13.65	12.66	13.47	100234	13.47	2285	世联地产	SZ	12.44	12.44	
166	2013-09-05	13.16	13.34	13.09	13.23	13080	13.23	2286	保龄宝	SZ	13.16	13.16	
166	2013-09-05	19.16	19.2	18.86	19.06	8695	19.06	2287	奇正藏药	SZ	19.2	19.2	
166	2013-09-05	8.63	8.65	8.5	8.51	76608	8.51	2288	超华科技	SZ	8.61	8.61	
166	2013-09-05	20.9	20.9	20	20.1	32697	20.1	2289	宇顺电子	SZ	20.78	20.78	
166	2013-09-05	8.18	8.18	8.05	8.09	7708	8.09	2290	禾盛新材	SZ	8.13	8.13	
166	2013-09-05	5.56	5.61	5.49	5.6	15379	5.6	2291	星期六	SZ	5.56	5.56	
166	2013-09-05	28.16	28.16	28.16	28.16	0	28.16	2292	奥飞动漫	SZ	28.16	28.16	
166	2013-09-05	20	20.24	19.73	20.23	12567	20.23	2293	罗莱家纺	SZ	20	20	
166	2013-09-05	33.33	33.7	33.13	33.59	30011	33.59	2294	信立泰	SZ	33.2	33.2	
166	2013-09-05	5.68	5.82	5.67	5.75	17966	5.75	2295	精艺股份	SZ	5.69	5.69	
166	2013-09-05	17.06	17.33	16.68	17.23	24288	17.06	2296	辉煌科技	SZ	17.12	16.95	
166	2013-09-05	8.73	8.75	8.49	8.52	61802	8.52	2297	博云新材	SZ	8.58	8.58	
166	2013-09-05	7.2	7.28	7.15	7.23	81780	7.23	2298	鑫龙电器	SZ	7.2	7.2	
166	2013-09-05	10.84	11.1	10.41	10.79	49107	10.79	2299	圣农发展	SZ	10.84	10.84	
166	2013-09-05	7.63	7.63	7.36	7.4	16441	7.4	23	深天地Ａ	SZ	7.56	7.56	
166	2013-09-05	7.43	7.49	7.37	7.41	14664	7.41	2300	太阳电缆	SZ	7.42	7.42	
166	2013-09-05	6.4	6.85	6.28	6.66	105502	6.66	2301	齐心文具	SZ	6.4	6.4	
166	2013-09-05	14.45	15.39	14.28	14.58	187910	14.58	2302	西部建设	SZ	14.05	14.05	
166	2013-09-05	16.75	17	16.6	16.76	30361	8.38	2303	美盈森	SZ	16.75	8.38	
166	2013-09-05	47.2	47.54	46.82	47.25	27775	47.25	2304	洋河股份	SZ	47.33	47.33	
166	2013-09-05	9.45	9.53	9.28	9.46	23739	9.46	2305	南国置业	SZ	9.47	9.47	
166	2013-09-05	3.68	3.72	3.66	3.69	103616	3.69	2306	湘鄂情	SZ	3.69	3.69	
166	2013-09-05	6.77	6.77	6.25	6.39	475949	6.39	2307	北新路桥	SZ	6.19	6.19	
166	2013-09-05	9.69	9.86	9.69	9.78	42213	9.78	2308	威创股份	SZ	9.69	9.69	
166	2013-09-05	13.9	14.3	13.86	14.11	44550	14.11	2309	中利科技	SZ	13.89	13.89	
166	2013-09-05	33.98	34.22	33.33	33.51	81280	33.51	2310	东方园林	SZ	33.97	33.97	
166	2013-09-05	10.63	10.8	10.61	10.69	33357	10.69	2311	海大集团	SZ	10.67	10.67	
166	2013-09-05	11.09	12.31	10.87	12.31	211164	12.27	2312	三泰电子	SZ	11.19	11.15	
166	2013-09-05	19.01	19.4	18.9	19.18	97085	19.18	2313	日海通讯	SZ	19	19	
166	2013-09-05	7.69	7.69	7.69	7.69	0	7.69	2314	雅致股份	SZ	7.69	7.69	
166	2013-09-05	43.99	47.23	43.6	46.25	41615	46.25	2315	焦点科技	SZ	44.26	44.26	
166	2013-09-05	8.37	8.4	8.24	8.27	30302	8.27	2316	键桥通讯	SZ	8.37	8.37	
166	2013-09-05	21.3	21.98	21.26	21.6	25492	21.6	2317	众生药业	SZ	21.24	21.24	
166	2013-09-05	23.29	23.34	22.63	22.9	28900	22.9	2318	久立特材	SZ	23.26	23.26	
166	2013-09-05	8.42	8.59	8.31	8.46	60956	8.46	2319	乐通股份	SZ	8.39	8.39	
166	2013-09-05	10.61	10.8	10.27	10.6	129488	10.6	2320	海峡股份	SZ	10.87	10.87	
166	2013-09-05	5.92	6.02	5.82	5.87	59730	5.87	2321	华英农业	SZ	6.08	6.08	
166	2013-09-05	12.95	12.99	12.74	12.76	46844	12.76	2322	理工监测	SZ	12.94	12.94	
166	2013-09-05	13.41	13.59	13.32	13.53	7867	13.4	2323	中联电气	SZ	13.46	13.33	
166	2013-09-05	16.18	16.36	15.97	16.15	63897	16.15	2324	普利特	SZ	16.14	16.14	
166	2013-09-05	10.9	11	10.84	10.97	33998	10.97	2325	洪涛股份	SZ	10.93	10.93	
166	2013-09-05	10.1	10.47	10.04	10.06	51072	10.06	2326	永太科技	SZ	10.1	10.1	
166	2013-09-05	16.38	16.6	16.15	16.54	19236	16.43	2327	富安娜	SZ	16.28	16.17	
166	2013-09-05	6.71	7.13	6.71	6.95	66431	6.95	2328	新朋股份	SZ	6.8	6.8	
166	2013-09-05	13.08	13.84	13	13.64	61116	13.64	2329	皇氏乳业	SZ	13.14	13.14	
166	2013-09-05	5.76	5.77	5.58	5.59	53636	5.59	2330	得利斯	SZ	5.77	5.77	
166	2013-09-05	9.92	10.13	9.88	10.02	44370	10.01	2331	皖通科技	SZ	9.92	9.91	
166	2013-09-05	13.46	13.65	13.34	13.54	17208	13.54	2332	仙琚制药	SZ	13.36	13.36	
166	2013-09-05	9.2	9.2	8.8	8.93	29778	8.93	2333	罗普斯金	SZ	9.21	9.21	
166	2013-09-05	9.95	10.3	9.86	10.17	73246	10.17	2334	英威腾	SZ	9.98	9.98	
166	2013-09-05	15.12	15.52	15.12	15.28	11501	15.28	2335	科华恒盛	SZ	15.17	15.17	
166	2013-09-05	9.15	9.15	8.99	9.04	13226	9.04	2336	人人乐	SZ	9.12	9.12	
166	2013-09-05	9.43	9.43	9.2	9.43	15205	9.23	2337	赛象科技	SZ	9.43	9.23	
166	2013-09-05	21.65	22.5	21.4	21.68	12099	21.68	2338	奥普光电	SZ	21.7	21.7	
166	2013-09-05	9.13	9.2	8.97	9.05	32991	9.05	2339	积成电子	SZ	9.13	9.13	
166	2013-09-05	11.56	12.1	11.47	11.89	354079	11.89	2340	格林美	SZ	11.53	11.53	
166	2013-09-05	18.12	18.29	17.91	18.13	11444	18.13	2341	新纶科技	SZ	18.18	18.18	
166	2013-09-05	7	7.04	6.83	6.86	22853	6.86	2342	巨力索具	SZ	6.98	6.98	
166	2013-09-05	8.03	8.05	7.83	7.91	13803	7.91	2343	禾欣股份	SZ	8.03	8.03	
166	2013-09-05	16.85	16.88	16.62	16.71	28426	16.71	2344	海宁皮城	SZ	16.84	16.84	
166	2013-09-05	12.28	12.34	12.06	12.17	43818	12.17	2345	潮宏基	SZ	12.38	12.38	
166	2013-09-05	6.93	7	6.7	6.78	62923	3.39	2346	柘中建设	SZ	6.9	3.45	
166	2013-09-05	6.7	6.73	6.67	6.7	9170	6.7	2347	泰尔重工	SZ	6.7	6.7	
166	2013-09-05	6.99	7.69	6.92	7.33	542593	7.33	2348	高乐股份	SZ	7.04	7.04	
166	2013-09-05	11.59	11.92	11.58	11.89	13888	11.89	2349	精华制药	SZ	11.66	11.66	
166	2013-09-05	12.2	13.11	12.11	12.68	75568	12.68	2350	北京科锐	SZ	12.46	12.46	
166	2013-09-05	10.09	10.09	9.85	10.06	18117	10.06	2351	漫步者	SZ	10.03	10.03	
166	2013-09-05	18.11	18.13	18.01	18.02	2550	17.84	2352	鼎泰新材	SZ	18.08	17.9	
166	2013-09-05	67.5	68.9	66.53	68.7	27702	68.7	2353	杰瑞股份	SZ	67.27	67.27	
166	2013-09-05	13.75	14.1	13.7	14.06	14701	14.06	2354	科冕木业	SZ	13.75	13.75	
166	2013-09-05	10.97	12.07	10.94	11.88	197978	11.88	2355	兴民钢圈	SZ	10.97	10.97	
166	2013-09-05	21.72	21.72	21.4	21.7	2632	21.7	2356	浩宁达	SZ	21.88	21.88	
166	2013-09-05	7.46	7.5	7.3	7.48	8259	7.43	2357	富临运业	SZ	7.46	7.41	
166	2013-09-05	16.08	16.14	15.18	15.32	45162	15.32	2358	森源电气	SZ	16.05	16.05	
166	2013-09-05	5.86	5.86	5.86	5.86	0	2.88	2359	齐星铁塔	SZ	5.86	2.88	
166	2013-09-05	16.5	16.54	16.34	16.5	14447	8.13	2360	同德化工	SZ	16.5	8.13	
166	2013-09-05	5.4	5.61	5.35	5.44	109304	5.36	2361	神剑股份	SZ	5.32	5.24	
166	2013-09-05	15.7	16.19	15.41	15.72	74955	15.72	2362	汉王科技	SZ	15.8	15.8	
166	2013-09-05	11.63	11.76	11.6	11.69	4459	11.69	2363	隆基机械	SZ	11.68	11.68	
166	2013-09-05	13.38	13.47	13.3	13.31	8654	13.31	2364	中恒电气	SZ	13.47	13.47	
166	2013-09-05	9.04	9.08	8.94	9	11940	9	2365	永安药业	SZ	9.03	9.03	
166	2013-09-05	9.1	9.11	8.96	8.97	21955	8.97	2366	丹甫股份	SZ	9.13	9.13	
166	2013-09-05	6.7	6.82	6.59	6.74	114172	3.26	2367	康力电梯	SZ	6.77	3.27	
166	2013-09-05	37.7	38.28	36	37.82	25339	37.82	2368	太极股份	SZ	37.77	37.77	
166	2013-09-05	16.38	16.48	16.06	16.45	51781	16.45	2369	卓翼科技	SZ	16.41	16.41	
166	2013-09-05	14.69	15.6	14.25	15.49	49698	15.49	2370	亚太药业	SZ	14.99	14.99	
166	2013-09-05	18.39	18.72	18.25	18.66	8816	18.66	2371	七星电子	SZ	18.44	18.44	
166	2013-09-05	13.78	13.9	13.49	13.6	30829	13.6	2372	伟星新材	SZ	13.65	13.65	
166	2013-09-05	6.82	6.82	6.82	6.82	0	6.82	2373	联信永益	SZ	6.82	6.82	
166	2013-09-05	7.53	7.66	7.45	7.45	14372	7.41	2374	丽鹏股份	SZ	7.53	7.49	
166	2013-09-05	28.58	29.1	28.32	28.61	21836	28.61	2375	亚厦股份	SZ	28.47	28.47	
166	2013-09-05	11	11.08	10.68	10.8	51310	10.8	2376	新北洋	SZ	11	11	
166	2013-09-05	6.63	6.92	6.61	6.76	28331	6.76	2377	国创高新	SZ	6.64	6.64	
166	2013-09-05	20.55	20.55	20.21	20.23	12179	20.23	2378	章源钨业	SZ	20.41	20.41	
166	2013-09-05	5.87	5.95	5.73	5.75	55264	5.75	2379	鲁丰股份	SZ	5.91	5.91	
166	2013-09-05	26.51	27.48	26.46	27.11	5650	27.11	2380	科远股份	SZ	26.69	26.69	
166	2013-09-05	9.93	9.93	9.63	9.72	31625	9.58	2381	双箭股份	SZ	9.93	9.79	
166	2013-09-05	14.14	14.57	13.96	14.3	28640	14.3	2382	蓝帆股份	SZ	14.14	14.14	
166	2013-09-05	16.72	16.87	16.31	16.5	20391	16.5	2383	合众思壮	SZ	16.71	16.71	
166	2013-09-05	16.62	16.78	16.5	16.69	9501	16.69	2384	东山精密	SZ	16.62	16.62	
166	2013-09-05	12.31	12.31	11.95	12.07	70058	12.07	2385	大北农	SZ	12.32	12.32	
166	2013-09-05	7.05	7.05	6.98	7	23147	7	2386	天原集团	SZ	7.05	7.05	
166	2013-09-05	8.62	8.65	8.46	8.47	25110	8.47	2387	黑牛食品	SZ	8.6	8.6	
166	2013-09-05	8.03	8.03	8.03	8.03	0	8.03	2388	新亚制程	SZ	8.03	8.03	
166	2013-09-05	6.6	6.71	6.57	6.58	48903	6.58	2389	南洋科技	SZ	6.63	6.63	
166	2013-09-05	22.86	22.93	22.27	22.45	28509	22.45	2390	信邦制药	SZ	22.96	22.96	
166	2013-09-05	15.21	15.44	15.13	15.23	6932	9.98	2391	长青股份	SZ	15.21	9.96	
166	2013-09-05	6.63	7.08	6.61	6.96	118156	6.96	2392	北京利尔	SZ	6.63	6.63	
166	2013-09-05	32.9	33.25	32.81	33.09	8436	33.09	2393	力生制药	SZ	33	33	
166	2013-09-05	11.64	11.66	11.55	11.62	12503	11.44	2394	联发股份	SZ	11.62	11.44	
166	2013-09-05	9.25	9.25	8.95	9.15	23157	9.15	2395	双象股份	SZ	9.26	9.26	
166	2013-09-05	19.29	19.86	19.2	19.47	78630	19.47	2396	星网锐捷	SZ	19.21	19.21	
166	2013-09-05	13.4	14.29	13.16	14.06	42713	14.06	2397	梦洁家纺	SZ	13.39	13.39	
166	2013-09-05	14.73	14.94	14.73	14.8	13064	14.8	2398	建研集团	SZ	14.81	14.81	
166	2013-09-05	19.05	19.05	18.74	18.85	17399	18.85	2399	海普瑞	SZ	18.99	18.99	
166	2013-09-05	28.2	28.2	28.2	28.2	0	28.2	24	招商地产	SZ	28.2	28.2	
166	2013-09-05	36.65	36.65	36.65	36.65	0	36.65	2400	省广股份	SZ	36.65	36.65	
166	2013-09-05	12.36	12.58	12.17	12.53	34310	12.53	2401	交技发展	SZ	12.36	12.36	
166	2013-09-05	9.87	9.91	9.69	9.73	33370	6.38	2402	和而泰	SZ	9.77	6.41	
166	2013-09-05	10.49	11.1	10.26	10.83	90043	10.83	2403	爱仕达	SZ	10.64	10.64	
166	2013-09-05	6.89	7.08	6.8	6.96	72640	6.79	2404	嘉欣丝绸	SZ	7.19	7.01	
166	2013-09-05	14.06	14.34	13.97	14.18	234632	14.14	2405	四维图新	SZ	14.08	14.04	
166	2013-09-05	9.24	9.4	8.97	9.1	73962	9.1	2406	远东传动	SZ	9.2	9.2	
166	2013-09-05	12.67	12.93	12.54	12.74	50403	12.74	2407	多氟多	SZ	12.67	12.67	
166	2013-09-05	13.6	13.8	13.44	13.51	39725	13.38	2408	齐翔腾达	SZ	13.59	13.45	
166	2013-09-05	14.98	15.12	14.93	15.1	3371	14.99	2409	雅克科技	SZ	15.08	14.97	
166	2013-09-05	26.58	26.67	25.8	25.8	25972	25.8	2410	广联达	SZ	26.48	26.48	
166	2013-09-05	6.91	7.12	6.91	7.1	67613	7.1	2411	九九久	SZ	6.96	6.96	
166	2013-09-05	24.93	25.45	24.93	24.96	4206	24.96	2412	汉森制药	SZ	25.12	25.12	
166	2013-09-05	7.2	7.27	7.17	7.19	12804	7.19	2413	常发股份	SZ	7.2	7.2	
166	2013-09-05	12.84	12.89	12.3	12.6	132831	12.6	2414	高德红外	SZ	13.03	13.03	
166	2013-09-05	25.54	25.54	24.44	24.68	76977	24.68	2415	海康威视	SZ	25.33	25.33	
166	2013-09-05	17.88	18.95	17.56	17.86	111312	17.86	2416	爱施德	SZ	18.1	18.1	
166	2013-09-05	7.68	7.89	7.63	7.83	62927	7.83	2417	三元达	SZ	7.65	7.65	
166	2013-09-05	6.65	6.66	6.58	6.61	15617	6.61	2418	康盛股份	SZ	6.63	6.63	
166	2013-09-05	8.59	8.61	8.47	8.53	19862	8.53	2419	天虹商场	SZ	8.58	8.58	
166	2013-09-05	6.34	6.34	6.26	6.31	13246	6.31	2420	毅昌股份	SZ	6.34	6.34	
166	2013-09-05	18.95	19.6	18.9	19.29	51712	19.29	2421	达实智能	SZ	18.93	18.93	
166	2013-09-05	50.38	50.38	49.28	49.59	35189	49.59	2422	科伦药业	SZ	50.5	50.5	
166	2013-09-05	11	11.27	10.84	11.04	202582	11.04	2423	中原特钢	SZ	11.31	11.31	
166	2013-09-05	18.25	18.75	17.88	18.56	36470	18.56	2424	贵州百灵	SZ	18.33	18.33	
166	2013-09-05	6.53	6.56	6.47	6.51	17486	6.51	2425	凯撒股份	SZ	6.53	6.53	
166	2013-09-05	33.34	33.34	33.34	33.34	0	16.59	2426	胜利精密	SZ	33.34	16.59	
166	2013-09-05	5.85	5.85	5.7	5.78	7042	5.78	2427	尤夫股份	SZ	5.83	5.83	
166	2013-09-05	13.95	14.06	13.75	13.79	99886	13.72	2428	云南锗业	SZ	13.93	13.86	
166	2013-09-05	10.5	10.5	10.02	10.23	50844	10.23	2429	兆驰股份	SZ	10.45	10.45	
166	2013-09-05	7.7	7.93	7.69	7.78	110084	7.78	2430	杭氧股份	SZ	7.65	7.65	
166	2013-09-05	19.9	20.08	19.59	19.62	16660	19.62	2431	棕榈园林	SZ	19.9	19.9	
166	2013-09-05	11.48	11.97	11.31	11.6	317563	11.6	2432	九安医疗	SZ	11.56	11.56	
166	2013-09-05	9.24	9.73	9.24	9.55	135886	4.74	2433	太安堂	SZ	9.26	4.6	
166	2013-09-05	9.56	9.59	9.18	9.32	71701	9.2	2434	万里扬	SZ	9.25	9.13	
166	2013-09-05	8.57	8.66	8.32	8.54	33691	8.54	2435	长江润发	SZ	8.5	8.5	
166	2013-09-05	22.7	23.8	22.5	23.46	48080	23.46	2436	兴森科技	SZ	22.71	22.71	
166	2013-09-05	29.25	29.9	28.95	29.4	16124	29.4	2437	誉衡药业	SZ	29.16	29.16	
166	2013-09-05	12.14	12.22	11.98	11.98	11372	11.98	2438	江苏神通	SZ	12.21	12.21	
166	2013-09-05	25.41	26.68	24.85	26.65	32828	26.65	2439	启明星辰	SZ	25.55	25.55	
166	2013-09-05	15.44	15.57	15.07	15.35	70511	7.68	2440	闰土股份	SZ	15.52	7.76	
166	2013-09-05	14.57	14.71	14.47	14.54	14014	14.54	2441	众业达	SZ	14.52	14.52	
166	2013-09-05	4.28	4.3	4.26	4.26	23501	4.26	2442	龙星化工	SZ	4.3	4.3	
166	2013-09-05	7.92	7.96	7.51	7.55	165207	6.22	2443	金洲管道	SZ	7.75	6.38	
166	2013-09-05	7.72	7.88	7.65	7.84	50148	3.92	2444	巨星科技	SZ	7.72	3.86	
166	2013-09-05	7.64	7.65	7.56	7.63	9044	7.63	2445	中南重工	SZ	7.64	7.64	
166	2013-09-05	10.8	10.99	10.68	10.99	10285	10.99	2446	盛路通信	SZ	10.7	10.7	
166	2013-09-05	21.1	21.28	20.78	20.86	17259	20.86	2447	壹桥苗业	SZ	21.4	21.4	
166	2013-09-05	12.82	13.15	12.82	13.06	12518	12.85	2448	中原内配	SZ	12.92	12.72	
166	2013-09-05	7.65	7.97	7.65	7.88	107980	7.81	2449	国星光电	SZ	7.69	7.62	
166	2013-09-05	26.23	26.76	25.01	26.74	152247	26.74	2450	康得新	SZ	26.2	26.2	
166	2013-09-05	15.88	15.88	15.2	15.46	28040	7.73	2451	摩恩电气	SZ	15.9	7.95	
166	2013-09-05	26.1	26.1	25.72	26.06	6619	12.87	2452	长高集团	SZ	25.82	12.75	
166	2013-09-05	18.86	18.86	18.56	18.62	12535	4.64	2453	天马精化	SZ	18.86	4.7	
166	2013-09-05	10.28	10.28	10.09	10.11	27161	10.11	2454	松芝股份	SZ	10.25	10.25	
166	2013-09-05	13.44	13.44	13.44	13.44	0	13.44	2455	百川股份	SZ	13.44	13.44	
166	2013-09-05	25.14	25.27	24.26	24.57	240523	12.2	2456	欧菲光	SZ	25.01	12.42	
166	2013-09-05	8.55	8.55	8.32	8.33	54478	8.33	2457	青龙管业	SZ	8.6	8.6	
166	2013-09-05	10.25	10.35	10.15	10.15	19930	10.15	2458	益生股份	SZ	10.27	10.27	
166	2013-09-05	6.89	7.16	6.75	6.94	98734	6.94	2459	天业通联	SZ	6.66	6.66	
166	2013-09-05	22.91	23.29	22.72	22.93	17495	22.93	2460	赣锋锂业	SZ	22.93	22.93	
166	2013-09-05	9.39	9.57	9.18	9.43	47878	9.43	2461	珠江啤酒	SZ	9.74	9.74	
166	2013-09-05	14.35	14.53	14.01	14.43	31104	14.43	2462	嘉事堂	SZ	14.34	14.34	
166	2013-09-05	4	4.14	3.96	4.07	209483	4.07	2463	沪电股份	SZ	3.99	3.99	
166	2013-09-05	13.52	13.57	13.35	13.5	4540	13.5	2464	金利科技	SZ	13.41	13.41	
166	2013-09-05	17.1	17.62	17.1	17.39	53136	8.65	2465	海格通信	SZ	17.02	8.47	
166	2013-09-05	34.63	35.15	34.5	34.69	6341	34.69	2466	天齐锂业	SZ	34.8	34.8	
166	2013-09-05	21.13	21.85	21.07	21.77	87163	21.77	2467	二六三	SZ	21.1	21.1	
166	2013-09-05	6.82	6.82	6.66	6.71	22277	6.71	2468	艾迪西	SZ	6.81	6.81	
166	2013-09-05	18.91	19.12	18.82	19.03	16453	14.55	2469	三维工程	SZ	18.91	14.46	
166	2013-09-05	16.97	16.97	16.31	16.37	33766	16.37	2470	金正大	SZ	16.89	16.89	
166	2013-09-05	6.86	6.93	6.81	6.86	22201	6.86	2471	中超电缆	SZ	6.89	6.89	
166	2013-09-05	6.98	7.02	6.93	6.95	10114	6.95	2472	双环传动	SZ	6.98	6.98	
166	2013-09-05	9.48	9.48	9.48	9.48	0	9.42	2473	圣莱达	SZ	9.48	9.42	
166	2013-09-05	11.81	12.36	11.81	12.18	60444	12.18	2474	榕基软件	SZ	11.9	11.9	
166	2013-09-05	29.25	29.84	28.41	28.52	30035	28.52	2475	立讯精密	SZ	29	29	
166	2013-09-05	6.59	6.66	6.54	6.56	81372	6.56	2476	宝莫股份	SZ	6.6	6.6	
166	2013-09-05	11.44	11.6	11.21	11.4	46142	11.4	2477	雏鹰农牧	SZ	11.48	11.48	
166	2013-09-05	9.53	9.53	9.3	9.34	15584	9.34	2478	常宝股份	SZ	9.53	9.53	
166	2013-09-05	8.54	8.78	8.52	8.74	79430	8.74	2479	富春环保	SZ	8.55	8.55	
166	2013-09-05	16.56	16.68	16.4	16.66	5025	16.66	2480	新筑股份	SZ	16.61	16.61	
166	2013-09-05	11.35	12	11.34	11.91	40761	11.91	2481	双塔食品	SZ	11.39	11.39	
166	2013-09-05	23.7	24.1	23.36	23.38	18827	23.38	2482	广田股份	SZ	23.62	23.62	
166	2013-09-05	9.55	9.76	9.42	9.62	19065	9.51	2483	润邦股份	SZ	9.57	9.46	
166	2013-09-05	18.17	18.31	17.48	17.62	22919	17.57	2484	江海股份	SZ	18.17	18.12	
166	2013-09-05	6.53	6.54	6.44	6.47	16182	6.47	2485	希努尔	SZ	6.51	6.51	
166	2013-09-05	5.93	6.3	5.71	6.14	355896	3.03	2486	嘉麟杰	SZ	5.96	2.94	
166	2013-09-05	5.27	5.29	5.18	5.2	36620	5.19	2487	大金重工	SZ	5.29	5.28	
166	2013-09-05	8.03	8.12	8.03	8.08	4823	8.08	2488	金固股份	SZ	8.1	8.1	
166	2013-09-05	9.83	10.07	9.81	9.99	20243	9.99	2489	浙江永强	SZ	9.84	9.84	
166	2013-09-05	8.65	8.87	8.62	8.84	63551	8.84	2490	山东墨龙	SZ	8.65	8.65	
166	2013-09-05	14.48	14.83	14.4	14.79	29129	14.79	2491	通鼎光电	SZ	14.51	14.51	
166	2013-09-05	7.69	7.69	7.69	7.69	0	3.84	2492	恒基达鑫	SZ	7.69	3.84	
166	2013-09-05	24.41	24.41	24.41	24.41	0	24.41	2493	荣盛石化	SZ	24.41	24.41	
166	2013-09-05	16.97	17.17	16.71	16.85	20766	16.85	2494	华斯股份	SZ	16.92	16.92	
166	2013-09-05	5.67	5.69	5.57	5.61	14485	5.61	2495	佳隆股份	SZ	5.65	5.65	
166	2013-09-05	17.39	17.91	17.37	17.61	24626	13.45	2496	辉丰股份	SZ	17.39	13.28	
166	2013-09-05	10.1	10.21	10.02	10.12	11957	10.12	2497	雅化集团	SZ	10.12	10.12	
166	2013-09-05	6.25	6.32	6.21	6.23	29731	6.23	2498	汉缆股份	SZ	6.26	6.26	
166	2013-09-05	18.6	19.49	18.5	19.4	25547	19.4	2499	科林环保	SZ	18.67	18.67	
166	2013-09-05	6.45	6.53	6.39	6.48	14548	6.48	25	特 力Ａ	SZ	6.45	6.45	
166	2013-09-05	6.68	6.73	6.6	6.64	113830	6.64	2500	山西证券	SZ	6.64	6.64	
166	2013-09-05	13	13	12.58	12.64	57860	12.64	2501	利源铝业	SZ	12.96	12.96	
166	2013-09-05	13.34	14.73	13.13	14.73	99306	14.73	2502	骅威股份	SZ	13.39	13.39	
166	2013-09-05	12.09	12.27	11.93	12.17	24032	12.17	2503	搜于特	SZ	12.11	12.11	
166	2013-09-05	8.15	8.24	8.03	8.17	34479	8.17	2504	东光微电	SZ	8.12	8.12	
166	2013-09-05	13.6	14.24	13.6	13.95	30932	13.95	2505	大康牧业	SZ	13.69	13.69	
166	2013-09-05	3.26	3.33	3.21	3.33	166519	3.33	2506	超日太阳	SZ	3.17	3.17	
166	2013-09-05	31.29	31.3	30.34	30.34	7169	30.34	2507	涪陵榨菜	SZ	31.1	31.1	
166	2013-09-05	36.21	36.85	36.21	36.27	5280	36.27	2508	老板电器	SZ	36.28	36.28	
166	2013-09-05	9.19	9.35	9.12	9.32	20202	9.27	2509	天广消防	SZ	9.23	9.18	
166	2013-09-05	21.46	21.46	20.64	20.94	27776	10.36	2510	天汽模	SZ	21.68	10.72	
166	2013-09-05	12.9	13.31	12.64	13.14	108471	13.14	2511	中顺洁柔	SZ	12.79	12.79	
166	2013-09-05	14.59	14.7	14.3	14.62	35207	14.62	2512	达华智能	SZ	14.58	14.58	
166	2013-09-05	10.2	10.36	9.96	10	26945	10	2513	蓝丰生化	SZ	10.24	10.24	
166	2013-09-05	24.04	24.04	24.04	24.04	0	11.92	2514	宝馨科技	SZ	24.04	11.92	
166	2013-09-05	13.03	13.13	12.9	13.04	4398	13.04	2515	金字火腿	SZ	12.96	12.96	
166	2013-09-05	8.35	8.43	8.22	8.3	17981	8.3	2516	江苏旷达	SZ	8.35	8.35	
166	2013-09-05	13.48	13.5	13.3	13.4	9834	13.4	2517	泰亚股份	SZ	13.48	13.48	
166	2013-09-05	12.98	13.78	12.86	13.03	76459	9.27	2518	科士达	SZ	13.27	9.45	
166	2013-09-05	10.39	10.67	10.38	10.55	14256	10.55	2519	银河电子	SZ	10.42	10.42	
166	2013-09-05	9.5	9.5	9.1	9.16	16035	9.16	2520	日发数码	SZ	9.04	9.04	
166	2013-09-05	8.1	8.67	8.1	8.33	205337	8.33	2521	齐峰股份	SZ	7.91	7.91	
166	2013-09-05	16.85	17.19	16.51	16.7	36801	16.7	2522	浙江众成	SZ	17.57	17.57	
166	2013-09-05	5.8	6.15	5.79	5.99	68836	5.99	2523	天桥起重	SZ	5.84	5.84	
166	2013-09-05	8.43	8.74	8.12	8.2	128668	8.2	2524	光正钢构	SZ	8.35	8.35	
166	2013-09-05	5.41	5.46	5.22	5.23	120226	5.23	2526	山东矿机	SZ	5.32	5.32	
166	2013-09-05	11.27	11.45	11.2	11.44	30601	11.44	2527	新时达	SZ	11.29	11.29	
166	2013-09-05	11.87	12.03	11.79	11.93	23073	11.93	2528	英飞拓	SZ	11.87	11.87	
166	2013-09-05	13.8	14.15	13.56	14.03	44194	14.03	2529	海源机械	SZ	13.82	13.82	
166	2013-09-05	5.71	5.75	5.64	5.75	14785	5.71	2530	丰东股份	SZ	5.73	5.69	
166	2013-09-05	8.75	8.8	8.65	8.65	20370	8.65	2531	天顺风能	SZ	8.73	8.73	
166	2013-09-05	20.21	20.21	19.75	19.86	23832	19.86	2532	新界泵业	SZ	20.3	20.3	
166	2013-09-05	5.7	5.72	5.65	5.7	17988	5.61	2533	金杯电工	SZ	5.7	5.61	
166	2013-09-05	13.77	14.04	13.59	14	11045	13.83	2534	杭锅股份	SZ	13.77	13.6	
166	2013-09-05	5.74	5.78	5.68	5.71	31068	5.71	2535	林州重机	SZ	5.71	5.71	
166	2013-09-05	15.81	15.96	15.71	15.72	3497	15.72	2536	西泵股份	SZ	15.9	15.9	
166	2013-09-05	12.96	13	12.75	12.88	10223	12.88	2537	海立美达	SZ	12.97	12.97	
166	2013-09-05	9.75	9.75	9.59	9.63	24413	9.53	2538	司尔特	SZ	9.75	9.65	
166	2013-09-05	7.81	8.16	7.8	8.14	71683	7.99	2539	新都化工	SZ	7.83	7.69	
166	2013-09-05	8.04	8.06	7.94	7.97	16977	7.83	2540	亚太科技	SZ	7.97	7.83	
166	2013-09-05	10.02	10.09	9.95	10.01	11457	10.01	2541	鸿路钢构	SZ	10.02	10.02	
166	2013-09-05	23.08	23.66	23.08	23.2	21387	11.53	2542	中化岩土	SZ	23.16	11.51	
166	2013-09-05	10.86	10.95	10.65	10.78	23404	10.78	2543	万和电气	SZ	10.9	10.9	
166	2013-09-05	10.51	10.75	10.45	10.58	67276	10.58	2544	杰赛科技	SZ	10.51	10.51	
166	2013-09-05	14.89	15.06	14.86	15.05	7323	15.05	2545	东方铁塔	SZ	14.98	14.98	
166	2013-09-05	14.84	14.92	14.72	14.91	7929	14.58	2546	新联电子	SZ	14.8	14.48	
166	2013-09-05	10.78	10.9	10.73	10.88	18956	10.88	2547	春兴精工	SZ	10.85	10.85	
166	2013-09-05	12.35	12.4	11.94	12.03	18875	12.03	2548	金新农	SZ	12.58	12.58	
166	2013-09-05	13.23	13.38	13	13.27	18640	13.27	2549	凯美特气	SZ	13.2	13.2	
166	2013-09-05	15.16	15.4	15.02	15.34	32620	7.48	2550	千红制药	SZ	15.16	7.4	
166	2013-09-05	24.38	24.38	24.38	24.38	0	24.38	2551	尚荣医疗	SZ	24.38	24.38	
166	2013-09-05	11.28	11.5	11.19	11.43	3188	11.43	2552	宝鼎重工	SZ	11.29	11.29	
166	2013-09-05	7.52	7.62	7.35	7.47	20063	3.62	2553	南方轴承	SZ	7.61	3.69	
166	2013-09-05	11.17	11.37	11.12	11.21	79912	11.21	2554	惠博普	SZ	11.23	11.23	
166	2013-09-05	10.59	10.59	10.59	10.59	0	10.54	2555	顺荣股份	SZ	10.59	10.54	
166	2013-09-05	8.12	9.02	8	9.02	1517381	9.02	2556	辉隆股份	SZ	8.2	8.2	
166	2013-09-05	17.7	18.22	17.65	18.11	18379	18.11	2557	洽洽食品	SZ	17.77	17.77	
166	2013-09-05	22.87	22.95	22.75	22.91	1719	22.91	2558	世纪游轮	SZ	22.86	22.86	
166	2013-09-05	9.57	9.67	9.5	9.55	8474	9.55	2559	亚威股份	SZ	9.57	9.57	
166	2013-09-05	12.56	12.61	12.42	12.48	3301	12.48	2560	通达股份	SZ	12.58	12.58	
166	2013-09-05	9.8	9.8	9.31	9.66	146991	9.35	2561	徐家汇	SZ	9.86	9.55	
166	2013-09-05	17.64	17.64	16.29	16.88	207450	16.88	2565	上海绿新	SZ	16.04	16.04	
166	2013-09-05	22	22.45	21.8	21.91	26269	21.91	2566	益盛药业	SZ	22.09	22.09	
166	2013-09-05	7.48	7.5	7.31	7.35	61232	7.35	26	飞亚达Ａ	SZ	7.52	7.52	
166	2013-09-05	5.41	5.47	5.39	5.42	55490	5.42	27	深圳能源	SZ	5.43	5.43	
166	2013-09-05	39.21	41.4	39.21	40.5	45185	40.5	28	一致药业	SZ	38.99	38.99	
166	2013-09-05	3.65	3.69	3.53	3.57	74431	3.57	29	深深房Ａ	SZ	3.66	3.66	
166	2013-09-05	6.57	6.65	6.48	6.6	27712	6.6	30	*ST盛润A	SZ	6.59	6.59	
166	2013-09-05	17.69	17.97	17.51	17.59	19504	17.59	300001	特锐德	SZ	17.41	17.41	
166	2013-09-05	14.68	16.11	14.55	15.9	494009	7.81	300002	神州泰岳	SZ	14.85	7.3	
166	2013-09-05	12.45	13.28	12.45	13.01	225775	13.01	300003	乐普医疗	SZ	12.59	12.59	
166	2013-09-05	26.59	26.76	26.07	26.36	5657	26.36	300004	南风股份	SZ	26.55	26.55	
166	2013-09-05	10.55	11.48	10.5	11.18	133931	11.18	300005	探路者	SZ	10.56	10.56	
166	2013-09-05	29.21	29.5	28.5	29.2	17797	29.2	300006	莱美药业	SZ	29.7	29.7	
166	2013-09-05	14.35	14.49	14.13	14.37	16175	14.37	300007	汉威电子	SZ	14.4	14.4	
166	2013-09-05	7.7	7.85	7.67	7.83	45822	7.8	300008	上海佳豪	SZ	7.72	7.69	
166	2013-09-05	16.8	17.18	16.78	16.92	19204	16.92	300009	安科生物	SZ	16.91	16.91	
166	2013-09-05	9.45	9.9	9.45	9.81	90037	9.81	300010	立思辰	SZ	9.42	9.42	
166	2013-09-05	11.68	11.89	11.55	11.78	45751	6.52	300011	鼎汉技术	SZ	11.71	6.48	
166	2013-09-05	17.29	18.18	17.17	17.87	55748	17.87	300012	华测检测	SZ	17.29	17.29	
166	2013-09-05	14.75	15.02	14.72	14.91	15254	14.91	300013	新宁物流	SZ	14.82	14.82	
166	2013-09-05	37.5	39	37.06	37.92	65580	18.96	300014	亿纬锂能	SZ	37.8	18.9	
166	2013-09-05	27.81	28.4	27.7	27.92	12545	27.92	300015	爱尔眼科	SZ	27.96	27.96	
166	2013-09-05	7.75	7.86	7.69	7.83	41894	7.83	300016	北陆药业	SZ	7.75	7.75	
166	2013-09-05	55	56.8	54.31	56.01	16879	56.01	300017	网宿科技	SZ	55.48	55.48	
166	2013-09-05	6.08	6.12	6.04	6.07	20872	6.07	300018	中元华电	SZ	6.08	6.08	
166	2013-09-05	9.52	9.65	9.4	9.44	11081	9.44	300019	硅宝科技	SZ	9.45	9.45	
166	2013-09-05	22.67	22.67	22.67	22.67	0	22.67	300020	银江股份	SZ	22.67	22.67	
166	2013-09-05	8.35	8.39	8.27	8.31	32015	8.31	300021	大禹节水	SZ	8.38	8.38	
166	2013-09-05	6.71	6.81	6.6	6.8	135129	6.8	300022	吉峰农机	SZ	6.79	6.79	
166	2013-09-05	10.39	10.58	10.15	10.51	13820	10.51	300023	宝德股份	SZ	10.46	10.46	
166	2013-09-05	47.79	49.55	47.11	49.4	82782	49.4	300024	机器人	SZ	47.95	47.95	
166	2013-09-05	8.1	8.33	8.07	8.28	33170	8.28	300025	华星创业	SZ	8.13	8.13	
166	2013-09-05	39.47	39.79	38.48	38.87	11993	38.87	300026	红日药业	SZ	39.59	39.59	
166	2013-09-05	26.01	28.82	25.95	28.82	799869	14.35	300027	华谊兄弟	SZ	26.19	13.05	
166	2013-09-05	7.07	7.19	7.01	7.13	56365	7.13	300028	金亚科技	SZ	7.05	7.05	
166	2013-09-05	7.42	7.78	7.41	7.66	91988	7.66	300029	天龙光电	SZ	7.41	7.41	
166	2013-09-05	26.8	28.48	26.62	28.36	44222	14.15	300030	阳普医疗	SZ	27.2	13.57	
166	2013-09-05	9.59	9.99	9.39	9.99	69073	9.99	300031	宝通带业	SZ	9.61	9.61	
166	2013-09-05	15.27	15.6	15.17	15.33	34249	15.33	300032	金龙机电	SZ	15.39	15.39	
166	2013-09-05	25.47	26.29	25.35	26.13	18939	26.13	300033	同花顺	SZ	25.52	25.52	
166	2013-09-05	17.2	17.41	16.85	17.16	23126	17.16	300034	钢研高纳	SZ	17.12	17.12	
166	2013-09-05	9.74	9.94	9.61	9.78	32878	9.78	300035	中科电气	SZ	9.75	9.75	
166	2013-09-05	12.7	12.93	12.37	12.79	27906	12.79	300036	超图软件	SZ	12.62	12.62	
166	2013-09-05	22.54	23.44	22.16	23.12	51550	23.12	300037	新宙邦	SZ	22.55	22.55	
166	2013-09-05	14	14.89	13.9	14.83	44156	14.83	300038	梅泰诺	SZ	13.97	13.97	
166	2013-09-05	11.78	11.98	11.67	11.92	33978	9.76	300039	上海凯宝	SZ	11.75	9.62	
166	2013-09-05	5.67	5.67	5.55	5.59	29361	5.59	300040	九洲电气	SZ	5.67	5.67	
166	2013-09-05	10.75	11.25	10.68	11.05	50654	11.05	300041	回天胶业	SZ	10.77	10.77	
166	2013-09-05	11.09	11.54	10.98	11.44	57394	11.44	300042	朗科科技	SZ	10.9	10.9	
166	2013-09-05	12.53	12.53	12.53	12.53	0	6.26	300043	星辉车模	SZ	12.53	6.26	
166	2013-09-05	9.31	9.77	9.31	9.72	96892	9.72	300044	赛为智能	SZ	9.34	9.34	
166	2013-09-05	14.39	14.62	14.27	14.4	49361	14.4	300045	华力创通	SZ	14.24	14.24	
166	2013-09-05	8.98	9	8.85	8.96	14430	8.7	300046	台基股份	SZ	8.9	8.64	
166	2013-09-05	10.05	10.57	10.01	10.29	82001	10.26	300047	天源迪科	SZ	10.11	10.08	
166	2013-09-05	7.93	8.13	7.89	8	45152	8	300048	合康变频	SZ	7.94	7.94	
166	2013-09-05	11.85	12.25	11.78	12.15	22705	12.15	300049	福瑞股份	SZ	11.84	11.84	
166	2013-09-05	12.73	13.05	12.6	12.75	28158	12.75	300050	世纪鼎利	SZ	12.73	12.73	
166	2013-09-05	11.12	11.7	11.02	11.6	238840	11.6	300051	三五互联	SZ	11.27	11.27	
166	2013-09-05	39.51	43.17	39.51	43.06	262900	21.51	300052	中青宝	SZ	39.25	19.61	
166	2013-09-05	10.29	11.31	10.29	11.31	151114	11.31	300053	欧比特	SZ	10.28	10.28	
166	2013-09-05	12.11	12.29	11.83	12.08	42926	8.02	300054	鼎龙股份	SZ	12.11	8.04	
166	2013-09-05	32.28	32.75	31.5	32.71	32680	32.71	300055	万邦达	SZ	32.24	32.24	
166	2013-09-05	14.58	16.01	14.56	16.01	130943	16.01	300056	三维丝	SZ	14.55	14.55	
166	2013-09-05	16.33	17	16.06	17	75443	17	300057	万顺股份	SZ	16.16	16.16	
166	2013-09-05	49.2	53.5	48	52.7	29855	52.7	300058	蓝色光标	SZ	48.8	48.8	
166	2013-09-05	16.39	17.64	16.21	17.4	196152	17.4	300059	东方财富	SZ	16.39	16.39	
166	2013-09-05	10.74	11.12	10.63	10.96	24698	10.96	300061	康耐特	SZ	10.81	10.81	
166	2013-09-05	8.12	8.18	8.09	8.14	4452	8.14	300062	中能电气	SZ	8.12	8.12	
166	2013-09-05	9.84	10.01	9.8	9.94	12030	9.94	300063	天龙集团	SZ	9.9	9.9	
166	2013-09-05	4.74	4.82	4.73	4.75	45971	4.75	300064	豫金刚石	SZ	4.75	4.75	
166	2013-09-05	11.42	11.84	11.28	11.49	59377	11.49	300065	海兰信	SZ	11.86	11.86	
166	2013-09-05	11.31	11.6	11.13	11.44	25535	11.44	300066	三川股份	SZ	11.12	11.12	
166	2013-09-05	12.17	12.4	11.63	12.4	82942	12.4	300067	安诺其	SZ	12.19	12.19	
166	2013-09-05	8.03	8.16	7.93	7.93	142812	7.93	300068	南都电源	SZ	8.07	8.07	
166	2013-09-05	10.04	10.19	9.94	10.15	9421	10.15	300069	金利华电	SZ	10	10	
166	2013-09-05	41	41.39	40.7	41.21	39625	41.21	300070	碧水源	SZ	40.97	40.97	
166	2013-09-05	47.2	50.5	46.62	49.8	46243	24.86	300071	华谊嘉信	SZ	47.52	23.72	
166	2013-09-05	16.7	17.15	16.51	17.08	83651	17.08	300072	三聚环保	SZ	16.74	16.74	
166	2013-09-05	10.73	10.85	10.5	10.65	34685	10.65	300073	当升科技	SZ	10.85	10.85	
166	2013-09-05	18.18	19.29	18.18	19.02	57623	12.62	300074	华平股份	SZ	18.45	12.24	
166	2013-09-05	40.28	42.2	40	41.78	7762	41.78	300075	数字政通	SZ	40.28	40.28	
166	2013-09-05	14.12	14.55	14.1	14.41	18001	14.41	300076	宁波GQY	SZ	14.12	14.12	
166	2013-09-05	18.48	18.96	18.25	18.76	59777	18.76	300077	国民技术	SZ	18.48	18.48	
166	2013-09-05	18.13	19.15	18.13	18.97	35391	18.97	300078	中瑞思创	SZ	18.1	18.1	
166	2013-09-05	26.61	28.37	26.6	27.88	67266	27.88	300079	数码视讯	SZ	27.2	27.2	
166	2013-09-05	7.58	7.77	7.5	7.66	68643	7.66	300080	新大新材	SZ	7.55	7.55	
166	2013-09-05	15.28	16.37	15.21	16.24	100461	16.24	300081	恒信移动	SZ	15.34	15.34	
166	2013-09-05	10.65	10.78	10.55	10.77	23971	10.77	300082	奥克股份	SZ	10.62	10.62	
166	2013-09-05	22.25	22.38	21.6	21.9	54683	21.9	300083	劲胜股份	SZ	22.48	22.48	
166	2013-09-05	10.81	10.9	10.72	10.86	19587	10.86	300084	海默科技	SZ	10.8	10.8	
166	2013-09-05	28.24	29.62	28	28.76	23469	14.36	300085	银之杰	SZ	28.22	14.09	
166	2013-09-05	15.4	15.4	14.71	15	51586	15	300086	康芝药业	SZ	14.84	14.84	
166	2013-09-05	9.9	10	9.82	9.95	16050	9.95	300087	荃银高科	SZ	9.95	9.95	
166	2013-09-05	20.6	20.89	20.14	20.7	196680	20.7	300088	长信科技	SZ	20.49	20.49	
166	2013-09-05	7.78	8.11	7.7	8.04	33019	8.04	300089	长城集团	SZ	7.78	7.78	
166	2013-09-05	35.28	35.93	34.7	35.69	13154	35.69	300090	盛运股份	SZ	35.44	35.44	
166	2013-09-05	11.7	12	11.48	11.69	34637	11.69	300091	金通灵	SZ	11.7	11.7	
166	2013-09-05	9.47	9.82	9.47	9.75	11000	9.75	300092	科新机电	SZ	9.53	9.53	
166	2013-09-05	6.31	6.46	6.08	6.11	55508	6.11	300093	金刚玻璃	SZ	6.29	6.29	
166	2013-09-05	6.26	6.32	6.18	6.28	17366	6.28	300094	国联水产	SZ	6.26	6.26	
166	2013-09-05	9.83	10.03	9.81	9.95	5922	9.95	300095	华伍股份	SZ	9.83	9.83	
166	2013-09-05	17.05	17.5	16.92	17.39	59516	17.39	300096	易联众	SZ	16.71	16.71	
166	2013-09-05	13.5	13.96	13.15	13.63	62056	13.63	300097	智云股份	SZ	13.68	13.68	
166	2013-09-05	13.12	13.12	12.87	13	12196	13	300098	高新兴	SZ	13.13	13.13	
166	2013-09-05	15.38	16.3	15.1	15.26	104742	15.26	300099	尤洛卡	SZ	15.7	15.7	
166	2013-09-05	6.53	6.68	6.5	6.65	22910	6.65	300100	双林股份	SZ	6.55	6.55	
166	2013-09-05	13.61	13.87	13.33	13.35	52525	13.35	300101	国腾电子	SZ	13.48	13.48	
166	2013-09-05	9.74	10.14	9.62	10.01	85114	10.01	300102	乾照光电	SZ	9.66	9.66	
166	2013-09-05	10.4	10.4	10.25	10.36	23430	10.36	300103	达刚路机	SZ	10.4	10.4	
166	2013-09-05	31.84	31.84	31.84	31.84	0	31.84	300104	乐视网	SZ	31.84	31.84	
166	2013-09-05	21.38	21.88	21.15	21.83	27086	21.83	300105	龙源技术	SZ	21.45	21.45	
166	2013-09-05	18.51	19.28	18.27	18.73	67565	18.73	300106	西部牧业	SZ	19.04	19.04	
166	2013-09-05	24.16	24.52	23.9	24	9766	12	300107	建新股份	SZ	24.3	12.15	
166	2013-09-05	7.32	7.39	7.25	7.38	12438	7.33	300108	双龙股份	SZ	7.3	7.25	
166	2013-09-05	9.78	9.78	9.6	9.68	4914	9.68	300109	新开源	SZ	9.67	9.67	
166	2013-09-05	9.54	9.78	9.5	9.73	41039	9.73	300110	华仁药业	SZ	9.58	9.58	
166	2013-09-05	5.9	6.15	5.72	6.04	351483	6.04	300111	向日葵	SZ	5.99	5.99	
166	2013-09-05	8.01	8.23	8.01	8.18	21844	8.18	300112	万讯自控	SZ	8.04	8.04	
166	2013-09-05	54	57.99	53.62	56.81	27892	56.81	300113	顺网科技	SZ	55.23	55.23	
166	2013-09-05	14.34	14.34	14.16	14.28	16718	14.28	300114	中航电测	SZ	14.26	14.26	
166	2013-09-05	44.2	44.2	41.84	42.75	16915	42.75	300115	长盈精密	SZ	43.4	43.4	
166	2013-09-05	6.34	6.38	6.19	6.3	19012	6.3	300116	坚瑞消防	SZ	6.34	6.34	
166	2013-09-05	7.08	7.21	7.07	7.2	17171	7.2	300117	嘉寓股份	SZ	7.11	7.11	
166	2013-09-05	7.07	7.07	7.07	7.07	0	7.07	300118	东方日升	SZ	7.07	7.07	
166	2013-09-05	43.76	45.83	42.82	45.21	25668	22.48	300119	瑞普生物	SZ	43.76	21.76	
166	2013-09-05	7.84	7.93	7.71	7.72	23707	7.72	300120	经纬电材	SZ	7.91	7.91	
166	2013-09-05	9.18	9.23	9.11	9.18	8263	9.18	300121	阳谷华泰	SZ	9.14	9.14	
166	2013-09-05	52.57	54.5	52.27	54.17	5748	54.17	300122	智飞生物	SZ	52.1	52.1	
166	2013-09-05	12.93	13.1	12.81	12.92	10966	12.92	300123	太阳鸟	SZ	12.92	12.92	
166	2013-09-05	44	45.88	44	45.12	10770	45.12	300124	汇川技术	SZ	45.05	45.05	
166	2013-09-05	13.36	13.52	13	13.29	17849	13.29	300125	易世达	SZ	13.36	13.36	
166	2013-09-05	9.76	9.77	9.51	9.55	15309	9.55	300126	锐奇股份	SZ	9.76	9.76	
166	2013-09-05	39	39.52	38.3	38.58	11616	19.1	300127	银河磁体	SZ	39.3	19.46	
166	2013-09-05	12.1	12.31	11.19	11.65	175149	11.65	300128	锦富新材	SZ	11.19	11.19	
166	2013-09-05	5.43	5.59	5.38	5.54	65843	5.54	300129	泰胜风能	SZ	5.43	5.43	
166	2013-09-05	14.15	14.65	14.01	14.51	33748	14.51	300130	新国都	SZ	14.09	14.09	
166	2013-09-05	9.12	9.23	8.95	9.05	40327	9.05	300131	英唐智控	SZ	9.16	9.16	
166	2013-09-05	7.94	8.55	7.94	8.4	29170	8.4	300132	青松股份	SZ	7.99	7.99	
166	2013-09-05	33.3	36.5	33.3	35.92	91496	35.92	300133	华策影视	SZ	34.17	34.17	
166	2013-09-05	11.5	11.5	11.5	11.5	0	11.5	300134	大富科技	SZ	11.5	11.5	
166	2013-09-05	6.15	6.23	6.13	6.14	58872	6.14	300135	宝利沥青	SZ	6.15	6.15	
166	2013-09-05	24.72	25.5	24.02	25.01	26791	25.01	300136	信维通信	SZ	24.82	24.82	
166	2013-09-05	14.59	15.13	14.43	15.01	92406	15.01	300137	先河环保	SZ	14.51	14.51	
166	2013-09-05	8.98	9.39	8.83	9.39	42154	9.39	300138	晨光生物	SZ	8.54	8.54	
166	2013-09-05	23	23.4	22.75	23.24	6647	23.24	300139	福星晓程	SZ	22.99	22.99	
166	2013-09-05	11.8	12.92	11.61	12.45	36389	12.45	300140	启源装备	SZ	11.75	11.75	
166	2013-09-05	8.88	8.98	8.87	8.91	8071	8.83	300141	和顺电气	SZ	8.93	8.85	
166	2013-09-05	41.55	42.48	41.37	41.75	5287	41.75	300142	沃森生物	SZ	41.3	41.3	
166	2013-09-05	8.79	9.22	8.73	8.94	49444	8.94	300143	星河生物	SZ	8.81	8.81	
166	2013-09-05	18.3	18.7	17.85	18.34	42828	18.27	300144	宋城股份	SZ	18.13	18.06	
166	2013-09-05	33.11	33.97	32.5	33.72	6911	33.72	300145	南方泵业	SZ	33.11	33.11	
166	2013-09-05	29.75	30.75	29.75	30.67	28868	14.9	300146	汤臣倍健	SZ	29.75	14.45	
166	2013-09-05	22.71	23.59	22.47	23.27	30062	23.27	300147	香雪制药	SZ	22.85	22.85	
166	2013-09-05	31.1	31.1	31.1	31.1	45060	20.69	300148	天舟文化	SZ	28.27	18.8	
166	2013-09-05	7.3	7.41	7.23	7.36	15635	7.36	300149	量子高科	SZ	7.34	7.34	
166	2013-09-05	10.42	10.65	10.2	10.58	43354	10.58	300150	世纪瑞尔	SZ	10.42	10.42	
166	2013-09-05	12.87	13.39	12.53	13.11	22439	13.11	300151	昌红科技	SZ	12.86	12.86	
166	2013-09-05	10.52	11	10.52	10.89	64985	10.89	300152	燃控科技	SZ	10.6	10.6	
166	2013-09-05	8.98	8.98	8.73	8.82	19162	8.82	300153	科泰电源	SZ	8.94	8.94	
166	2013-09-05	10.37	10.66	10.25	10.49	38730	10.49	300154	瑞凌股份	SZ	10.41	10.41	
166	2013-09-05	19.26	20.83	19.26	19.58	63956	19.58	300155	安居宝	SZ	19.14	19.14	
166	2013-09-05	10.8	11.1	10.78	11.01	48805	11.01	300156	天立环保	SZ	10.83	10.83	
166	2013-09-05	17.23	17.59	16.6	17.44	56152	17.44	300157	恒泰艾普	SZ	17.23	17.23	
166	2013-09-05	11.4	11.65	11.4	11.62	15947	11.62	300158	振东制药	SZ	11.48	11.48	
166	2013-09-05	41.6	41.68	39.6	39.96	61936	19.56	300159	新研股份	SZ	41.22	20.18	
166	2013-09-05	7.57	7.72	7.54	7.61	18485	7.61	300160	秀强股份	SZ	7.55	7.55	
166	2013-09-05	13.47	13.89	13.4	13.87	12047	13.87	300161	华中数控	SZ	13.48	13.48	
166	2013-09-05	13.03	14.35	12.95	13.87	56441	13.78	300162	雷曼光电	SZ	13.09	13	
166	2013-09-05	13.36	13.37	13.15	13.29	3667	13.29	300163	先锋新材	SZ	13.29	13.29	
166	2013-09-05	14.8	15.15	14.71	15.13	12774	15.13	300164	通源石油	SZ	14.89	14.89	
166	2013-09-05	16.01	16.01	16.01	16.01	0	15.94	300165	天瑞仪器	SZ	16.01	15.94	
166	2013-09-05	25.59	26.79	25.2	25.85	36323	25.85	300166	东方国信	SZ	25.88	25.88	
166	2013-09-05	12.8	14.05	12.71	13.88	49229	13.88	300167	迪威视讯	SZ	12.8	12.8	
166	2013-09-05	38.18	38.75	37	37.85	12090	37.85	300168	万达信息	SZ	38.5	38.5	
166	2013-09-05	6.27	6.43	6.24	6.26	47257	6.26	300169	天晟新材	SZ	6.28	6.28	
166	2013-09-05	17.4	17.75	17.17	17.64	21081	17.64	300170	汉得信息	SZ	17.27	17.27	
166	2013-09-05	29.11	29.76	29.08	29.22	24536	29.22	300171	东富龙	SZ	29.05	29.05	
166	2013-09-05	18.25	19.35	18.2	19.09	54850	14.59	300172	中电环保	SZ	18.32	14.01	
166	2013-09-05	8.05	8.38	8.04	8.3	20644	8.3	300173	松德股份	SZ	8.26	8.26	
166	2013-09-05	8.19	8.27	8.12	8.27	4642	8.24	300174	元力股份	SZ	8.2	8.17	
166	2013-09-05	4.62	4.76	4.59	4.7	140632	4.7	300175	朗源股份	SZ	4.66	4.66	
166	2013-09-05	9.89	9.95	9.77	9.9	5439	9.9	300176	鸿特精密	SZ	9.83	9.83	
166	2013-09-05	20.92	21.53	20.74	21.28	38651	21.28	300177	中海达	SZ	20.68	20.68	
166	2013-09-05	25.8	26.6	25.22	26	28318	26	300178	腾邦国际	SZ	25.82	25.82	
166	2013-09-05	6.9	7.02	6.78	7	22557	7	300179	四方达	SZ	6.93	6.93	
166	2013-09-05	11.66	11.81	11.65	11.72	8740	11.72	300180	华峰超纤	SZ	11.65	11.65	
166	2013-09-05	7.85	8.04	7.85	7.98	34642	3.5	300181	佐力药业	SZ	7.85	3.45	
166	2013-09-05	36.81	37.35	35.8	36.21	6965	36.21	300182	捷成股份	SZ	36.3	36.3	
166	2013-09-05	34.5	35.74	34.35	35.74	26184	35.74	300183	东软载波	SZ	34.9	34.9	
166	2013-09-05	14.13	14.13	14.13	14.13	0	9.42	300184	力源信息	SZ	14.13	9.42	
166	2013-09-05	3.88	3.91	3.87	3.89	35218	3.89	300185	通裕重工	SZ	3.88	3.88	
166	2013-09-05	7.64	7.7	7.61	7.66	13709	7.66	300186	大华农	SZ	7.67	7.67	
166	2013-09-05	21.4	22.44	21.15	22.4	27994	22.4	300187	永清环保	SZ	21.42	21.42	
166	2013-09-05	3.18	3.18	3.11	3.13	68678	3.13	301	东方市场	SZ	3.18	3.18	
166	2013-09-05	4.03	4.12	3.96	3.99	97864	3.99	31	中粮地产	SZ	4.02	4.02	
166	2013-09-05	9.19	9.79	9.1	9.79	85647	9.79	32	深桑达Ａ	SZ	8.9	8.9	
166	2013-09-05	3.88	3.88	3.83	3.86	17037	3.86	33	新都酒店	SZ	3.88	3.88	
166	2013-09-05	19.49	19.62	19.08	19.12	75101	19.03	338	潍柴动力	SZ	19.47	19.38	
166	2013-09-05	4.32	4.39	4.19	4.2	59573	4.2	34	ST深泰	SZ	4.32	4.32	
166	2013-09-05	9.73	9.73	9.73	9.73	0	9.73	35	*ST科健	SZ	9.73	9.73	
166	2013-09-05	3.27	3.27	3.27	3.27	0	3.27	36	华联控股	SZ	3.27	3.27	
166	2013-09-05	4.1	4.11	4.07	4.08	8208	4.08	37	深南电Ａ	SZ	4.11	4.11	
166	2013-09-05	12.05	12.67	11.79	12.52	182147	12.52	39	中集集团	SZ	12.08	12.08	
166	2013-09-05	12.41	12.67	12.11	12.58	24894	12.58	4	ST国农	SZ	12.4	12.4	
166	2013-09-05	4.43	4.47	4.35	4.44	41489	4.44	40	深 鸿 基	SZ	4.46	4.46	
166	2013-09-05	34.28	34.79	33.06	33.45	66010	33.45	400	许继电气	SZ	34.26	34.26	
166	2013-09-05	7.8	7.83	7.68	7.77	103582	7.77	401	冀东水泥	SZ	7.82	7.82	
166	2013-09-05	5.55	5.68	5.44	5.46	615368	5.46	402	金 融 街	SZ	5.39	5.39	
