635	2011-11-18	9.93	10.05	9.91	9.97	230189	6.09	1	深发展Ａ	SZ	9.99	6.1	
635	2011-11-18	3.66	3.66	3.66	3.66	0	0.91	10	S ST华新	SZ	3.66	0.91	
635	2011-11-18	2.13	2.14	2.1	2.11	1280458	2	100	TCL 集团	SZ	2.14	2.03	
635	2011-11-18	7.75	7.75	7.52	7.52	31633	7.52	11	深物业A	SZ	7.82	7.82	
635	2011-11-18	11.79	11.79	11.2	11.23	377768	10.52	12	南 玻Ａ	SZ	11.96	11.2	
635	2011-11-18	6.38	6.4	6.21	6.24	8796	6.21	14	沙河股份	SZ	6.43	6.4	
635	2011-11-18	4.41	4.45	4.28	4.29	10916	4.29	150	宜华地产	SZ	4.44	4.44	
635	2011-11-18	10.18	10.96	10.08	10.8	165507	10.72	151	中成股份	SZ	10.24	10.17	
635	2011-11-18	7.64	7.64	7.31	7.37	23204	7.3	153	丰原药业	SZ	7.69	7.61	
635	2011-11-18	6	6.04	5.81	5.87	50573	5.87	155	川化股份	SZ	6.02	6.02	
635	2011-11-18	9.12	9.16	8.97	9.01	338827	8.5	157	中联重科	SZ	9.2	8.68	
635	2011-11-18	5.44	5.44	5.2	5.22	28719	5.22	158	常山股份	SZ	5.44	5.44	
635	2011-11-18	11	11.01	10.6	10.64	48121	10.37	159	国际实业	SZ	11.13	10.85	
635	2011-11-18	4.02	4.09	3.97	4	160454	3.98	16	深康佳Ａ	SZ	4.05	4.03	
635	2011-11-18	6.4	6.64	6.37	6.5	145542	6.28	1696	宗申动力	SZ	6.43	6.21	
635	2011-11-18	4.48	4.49	4.34	4.35	23733	4.35	17	*ST中华A	SZ	4.48	4.48	
635	2011-11-18	7.92	7.96	7.72	7.83	5628	7.83	18	ST中冠A	SZ	7.96	7.96	
635	2011-11-18	6.9	6.9	6.63	6.73	50299	6.73	1896	*ST豫能	SZ	6.99	6.99	
635	2011-11-18	10.22	10.25	9.91	9.94	8951	9.69	19	深深宝Ａ	SZ	10.26	10	
635	2011-11-18	7.26	7.28	6.99	7.09	711611	6.58	2	万 科Ａ	SZ	7.3	6.77	
635	2011-11-18	7.31	7.4	7.02	7.06	21692	7.06	20	深华发Ａ	SZ	7.49	7.49	
635	2011-11-18	22.63	22.65	22.1	22.12	27152	21.03	2001	新 和 成	SZ	22.78	21.66	
635	2011-11-18	7.09	7.09	7.09	7.09	0	7.09	2002	ST琼花	SZ	7.09	7.09	
635	2011-11-18	18.2	18.2	17.56	17.68	39539	11.54	2003	伟星股份	SZ	18.76	12.24	
635	2011-11-18	14.3	14.77	14.12	14.53	15663	4.6	2004	华邦制药	SZ	14.33	4.53	
635	2011-11-18	9.68	9.78	9.4	9.55	166027	4.73	2005	德豪润达	SZ	9.73	4.81	
635	2011-11-18	19.07	19.07	18.09	18.1	158833	11.99	2006	精功科技	SZ	19.2	12.72	
635	2011-11-18	26.94	27.6	26.63	27.35	123633	27.14	2007	华兰生物	SZ	27.07	26.86	
635	2011-11-18	9.2	9.21	8.9	8.92	215849	8.57	2008	大族激光	SZ	9.29	8.93	
635	2011-11-18	12.34	12.49	11.8	11.85	46353	11.81	2009	天奇股份	SZ	12.36	12.32	
635	2011-11-18	7.68	7.75	7.35	7.37	27171	7.24	2010	传化股份	SZ	7.67	7.54	
635	2011-11-18	12.65	12.65	11.96	12	55567	11.8	2011	盾安环境	SZ	12.72	12.5	
635	2011-11-18	7.45	7.49	7.17	7.2	55817	3.47	2012	凯恩股份	SZ	7.5	3.62	
635	2011-11-18	14.45	14.58	13.71	13.77	47849	10.54	2013	中航精机	SZ	14.66	11.22	
635	2011-11-18	10.06	10.17	9.82	9.93	10802	6.06	2014	永新股份	SZ	10.13	6.17	
635	2011-11-18	9.66	9.66	9.24	9.27	27277	9.27	2015	霞客环保	SZ	9.68	9.68	
635	2011-11-18	5.79	5.88	5.64	5.75	27421	4.04	2016	世荣兆业	SZ	5.83	4.09	
635	2011-11-18	14.8	14.89	14.01	14.07	65719	14.01	2017	东信和平	SZ	15.1	15.04	
635	2011-11-18	4.13	4.16	4.02	4.03	29899	2.73	2018	华星化工	SZ	4.16	2.82	
635	2011-11-18	11.58	11.65	10.92	10.97	55450	10.97	2019	鑫富药业	SZ	11.65	11.65	
635	2011-11-18	10.51	10.51	10.09	10.1	5561	4.86	2020	京新药业	SZ	10.51	5.06	
635	2011-11-18	4.2	4.22	4.09	4.14	73167	3.15	2021	中捷股份	SZ	4.24	3.23	
635	2011-11-18	12.73	12.87	12.49	12.57	56413	11.79	2022	科华生物	SZ	12.86	12.06	
635	2011-11-18	12.8	13	12.24	12.29	28691	12.03	2023	海特高新	SZ	13	12.72	
635	2011-11-18	10.3	10.37	9.99	10.02	537361	9.8	2024	苏宁电器	SZ	10.36	10.13	
635	2011-11-18	14.14	14.41	13.9	14.08	82853	13.81	2025	航天电器	SZ	14.39	14.12	
635	2011-11-18	7.88	8.02	7.83	7.88	97152	5.94	2026	山东威达	SZ	7.84	5.91	
635	2011-11-18	5.32	5.32	5.32	5.32	0	5.32	2027	七喜控股	SZ	5.32	5.32	
635	2011-11-18	15.93	15.98	15.58	15.86	39404	15.67	2028	思源电气	SZ	16.06	15.86	
635	2011-11-18	17.93	18.16	17.73	18.15	20050	7.91	2029	七 匹 狼	SZ	17.96	7.83	
635	2011-11-18	7.58	7.61	7.32	7.35	100664	5.54	2030	达安基因	SZ	7.64	5.77	
635	2011-11-18	7.1	7.38	7.05	7.14	45489	7.04	2031	巨轮股份	SZ	7.17	7.07	
635	2011-11-18	17.15	17.15	16.37	16.82	11063	14.67	2032	苏 泊 尔	SZ	17.18	14.98	
635	2011-11-18	16.77	16.77	15.1	16.35	24839	12.24	2033	丽江旅游	SZ	16.78	12.56	
635	2011-11-18	18.9	19.1	18.5	18.57	15634	17.77	2034	美 欣 达	SZ	19.14	18.32	
635	2011-11-18	11.67	11.67	10.9	10.9	27950	7.83	2035	华帝股份	SZ	11.28	8.11	
635	2011-11-18	15.53	15.95	15.37	15.79	22737	15.63	2036	宜科科技	SZ	15.72	15.57	
635	2011-11-18	14.12	14.34	14.06	14.09	20449	8.57	2037	久联发展	SZ	14.33	8.72	
635	2011-11-18	28.99	29.08	28.32	28.91	9642	23.84	2038	双鹭药业	SZ	29.23	24.1	
635	2011-11-18	14.72	14.74	14.22	14.23	4991	14.11	2039	黔源电力	SZ	14.76	14.64	
635	2011-11-18	6.76	6.76	6.5	6.51	5386	6.45	2040	南 京 港	SZ	6.75	6.68	
635	2011-11-18	32.6	33.5	32.4	32.5	54372	32.24	2041	登海种业	SZ	32.7	32.44	
635	2011-11-18	7	7.04	6.81	6.82	57965	4.46	2042	华孚色纺	SZ	7.05	4.61	
635	2011-11-18	4.43	4.43	4.31	4.35	27629	2.12	2043	兔 宝 宝	SZ	4.44	2.17	
635	2011-11-18	12.81	12.81	11.99	12	13685	11.56	2044	江苏三友	SZ	12.79	12.33	
635	2011-11-18	7.39	7.62	7.1	7.27	67316	6.97	2045	广州国光	SZ	7.71	7.39	
635	2011-11-18	9.45	9.5	9.12	9.15	39116	4.5	2046	轴研科技	SZ	9.52	4.68	
635	2011-11-18	4.07	4.08	3.91	3.92	98985	3.92	2047	成霖股份	SZ	4.16	4.16	
635	2011-11-18	9.99	10.11	9.87	9.88	44253	9.73	2048	宁波华翔	SZ	10.03	9.88	
635	2011-11-18	23.3	23.3	21.74	21.8	11680	21.63	2049	晶源电子	SZ	23.23	23.05	
635	2011-11-18	14.4	14.54	13.9	14.38	25928	6.88	2050	三花股份	SZ	14.4	6.9	
635	2011-11-18	22.15	22.15	21.22	21.37	6257	16.09	2051	中工国际	SZ	22.15	16.68	
635	2011-11-18	4.84	4.84	4.59	4.7	60451	2.32	2052	同洲电子	SZ	4.82	2.39	
635	2011-11-18	12.01	12.09	11.7	11.71	14644	11.65	2053	云南盐化	SZ	12.07	12.01	
635	2011-11-18	11.1	11.11	10.71	10.89	27964	10.58	2054	德美化工	SZ	11.11	10.8	
635	2011-11-18	10.59	10.84	10.5	10.55	33027	5.2	2055	得润电子	SZ	10.75	5.3	
635	2011-11-18	21.51	21.65	20.5	20.53	44383	20.51	2056	横店东磁	SZ	21.73	21.71	
635	2011-11-18	17.09	17.48	16.85	17.19	10161	17.19	2057	中钢天源	SZ	17.09	17.09	
635	2011-11-18	8.7	8.7	8.23	8.36	50622	7.18	2058	威 尔 泰	SZ	8.78	7.54	
635	2011-11-18	10.89	10.89	10.14	10.43	20554	10.33	2059	云南旅游	SZ	10.98	10.88	
635	2011-11-18	7.22	7.28	6.95	6.97	62963	4.8	2060	粤 水 电	SZ	7.24	4.98	
635	2011-11-18	6.9	6.91	6.64	6.66	32888	4.38	2061	江山化工	SZ	6.93	4.56	
635	2011-11-18	6.76	6.76	6.61	6.62	32310	3.6	2062	宏润建设	SZ	6.9	3.75	
635	2011-11-18	16.82	17.25	16.21	16.62	28515	12.46	2063	远光软件	SZ	17.06	12.79	
635	2011-11-18	6.63	6.75	6.42	6.45	45361	6.37	2064	华峰氨纶	SZ	6.62	6.53	
635	2011-11-18	16.67	16.74	16	16.11	12601	12.15	2065	东华软件	SZ	16.75	12.63	
635	2011-11-18	7.45	7.53	7.25	7.28	17746	3.53	2066	瑞泰科技	SZ	7.49	3.64	
635	2011-11-18	3.14	3.14	3.07	3.07	69671	1.53	2067	景兴纸业	SZ	3.14	1.57	
635	2011-11-18	7.81	7.97	7.73	7.84	92811	7.67	2068	黑猫股份	SZ	7.89	7.72	
635	2011-11-18	27.98	28	27.13	27.53	13016	26.45	2069	獐 子 岛	SZ	28.01	26.91	
635	2011-11-18	3.17	3.2	3.12	3.14	38368	1.85	2070	众和股份	SZ	3.2	1.89	
635	2011-11-18	9.8	9.89	9.42	9.48	73071	9.44	2071	江苏宏宝	SZ	10.12	10.07	
635	2011-11-18	11.14	11.27	10.9	11.2	23792	11.2	2072	*ST德棉	SZ	11.18	11.18	
635	2011-11-18	18.01	18.24	17.35	17.54	52546	17.46	2073	软控股份	SZ	18.24	18.16	
635	2011-11-18	9.03	9.03	8.71	8.84	41646	8.68	2074	东源电器	SZ	9.14	8.97	
635	2011-11-18	8.47	8.57	8.22	8.23	27102	7.96	2076	雪 莱 特	SZ	8.59	8.31	
635	2011-11-18	9.8	9.8	9.17	9.21	24092	9.1	2077	大港股份	SZ	9.88	9.76	
635	2011-11-18	8.25	8.35	8.09	8.14	26645	7.85	2078	太阳纸业	SZ	8.35	8.05	
635	2011-11-18	8.14	8.21	7.67	7.79	36153	4.27	2079	苏州固锝	SZ	8.26	4.52	
635	2011-11-18	15.75	15.75	15.02	15.13	64740	14.77	2080	中材科技	SZ	15.86	15.48	
635	2011-11-18	17.25	17.38	16.94	16.99	19492	7.44	2081	金 螳 螂	SZ	17.39	7.62	
635	2011-11-18	11.72	11.77	11.34	11.41	28631	11.01	2082	栋梁新材	SZ	11.84	11.43	
635	2011-11-18	6.9	6.91	6.6	6.61	57166	6.53	2083	孚日股份	SZ	6.98	6.89	
635	2011-11-18	4.63	4.63	4.38	4.4	21337	3.51	2084	海鸥卫浴	SZ	4.64	3.71	
635	2011-11-18	11.98	11.98	11.61	11.65	12726	10.79	2085	万丰奥威	SZ	11.87	10.99	
635	2011-11-18	15.68	15.8	15.29	15.31	14730	15.08	2086	东方海洋	SZ	15.8	15.56	
635	2011-11-18	4.16	4.16	4.16	4.16	0	4.12	2087	新野纺织	SZ	4.16	4.12	
635	2011-11-18	13.39	13.5	12.92	12.95	15002	12.67	2088	鲁阳股份	SZ	13.39	13.1	
635	2011-11-18	10.48	10.48	10.48	10.48	0	8.54	2089	新 海 宜	SZ	10.48	8.54	
635	2011-11-18	10.48	10.6	10.16	10.19	27296	10.02	2090	金智科技	SZ	10.68	10.5	
635	2011-11-18	16	16.1	15.25	15.32	47463	15.01	2091	江苏国泰	SZ	16.19	15.86	
635	2011-11-18	9.62	9.66	9.26	9.3	90174	8.89	2092	中泰化学	SZ	9.71	9.29	
635	2011-11-18	6.8	6.86	6.6	6.62	43692	6.61	2093	国脉科技	SZ	6.87	6.86	
635	2011-11-18	15.5	16.49	15.48	16.1	135259	16.1	2094	青岛金王	SZ	15.44	15.44	
635	2011-11-18	16.75	16.75	16.05	16.06	27719	15.87	2095	生 意 宝	SZ	16.96	16.76	
635	2011-11-18	16.7	16.92	16.16	16.6	12531	8.19	2096	南岭民爆	SZ	16.75	8.27	
635	2011-11-18	12.03	12.05	11.67	11.85	56010	11.75	2097	山河智能	SZ	12.08	11.97	
635	2011-11-18	11.73	11.73	11.31	11.35	6323	10.83	2098	浔兴股份	SZ	11.7	11.16	
635	2011-11-18	11.38	11.52	11	11.39	22495	5.55	2099	海翔药业	SZ	11.55	5.63	
635	2011-11-18	7.27	7.44	7.11	7.15	116524	7.01	21	长城开发	SZ	7.34	7.2	
635	2011-11-18	9.42	9.45	9.15	9.17	20586	6.93	2100	天康生物	SZ	9.48	7.17	
635	2011-11-18	13.32	13.32	12.4	12.48	13515	12.22	2101	广东鸿图	SZ	13.28	13	
635	2011-11-18	8.95	8.95	8.71	8.74	93531	8.74	2102	冠福家用	SZ	9.01	9.01	
635	2011-11-18	7.11	7.14	6.89	6.91	9403	6.75	2103	广博股份	SZ	7.13	6.96	
635	2011-11-18	11.6	11.75	11.25	11.38	70605	11.25	2104	恒宝股份	SZ	11.79	11.66	
635	2011-11-18	6.12	6.17	5.92	5.93	11531	5.7	2105	信隆实业	SZ	6.18	5.94	
635	2011-11-18	29.22	29.6	28.09	28.5	93186	28.08	2106	莱宝高科	SZ	29.62	29.18	
635	2011-11-18	12.67	12.84	12.5	12.61	9810	12.61	2107	沃华医药	SZ	12.75	12.75	
635	2011-11-18	9.31	9.31	9	9.01	24233	8.76	2108	沧州明珠	SZ	9.3	9.04	
635	2011-11-18	10.25	10.33	9.98	10	51536	9.65	2109	兴化股份	SZ	10.35	9.99	
635	2011-11-18	8.51	8.62	8.26	8.33	21616	8.32	2110	三钢闽光	SZ	8.54	8.53	
635	2011-11-18	9.8	10.09	9.58	9.63	36777	9.47	2111	威海广泰	SZ	9.87	9.71	
635	2011-11-18	5.68	5.74	5.36	5.39	35718	2.99	2112	三变科技	SZ	5.7	3.16	
635	2011-11-18	8.16	8.26	8.12	8.12	4941	8.12	2113	ST天润	SZ	8.24	8.24	
635	2011-11-18	10.28	10.41	10	10.26	11277	10.26	2114	罗平锌电	SZ	10.35	10.35	
635	2011-11-18	8.61	8.61	8.42	8.46	34681	4.55	2115	三维通信	SZ	8.66	4.65	
635	2011-11-18	10.47	10.47	10.17	10.2	5148	5.43	2116	中国海诚	SZ	10.43	5.55	
635	2011-11-18	12.54	12.55	12.2	12.55	15824	7.37	2117	东港股份	SZ	12.56	7.38	
635	2011-11-18	15.15	15.15	14.06	14.22	97799	14.22	2118	紫鑫药业	SZ	15.2	15.2	
635	2011-11-18	8.62	8.7	8.27	8.29	42070	8.24	2119	康强电子	SZ	8.81	8.76	
635	2011-11-18	8.59	8.6	8.28	8.4	9433	8.26	2120	新海股份	SZ	8.63	8.49	
635	2011-11-18	12.48	12.48	11.99	12.03	41924	11.95	2121	科陆电子	SZ	12.6	12.51	
635	2011-11-18	9.26	9.3	8.97	9.02	61366	8.75	2122	天马股份	SZ	9.31	9.03	
635	2011-11-18	19.6	19.6	18.95	19.23	55155	19.23	2123	荣信股份	SZ	19.63	19.63	
635	2011-11-18	8.5	8.5	8.16	8.2	15342	8.01	2124	天邦股份	SZ	8.53	8.33	
635	2011-11-18	11.8	11.85	11.34	11.34	6450	7.06	2125	湘潭电化	SZ	11.8	7.35	
635	2011-11-18	8.6	8.6	8.38	8.4	19264	4.15	2126	银轮股份	SZ	8.6	4.25	
635	2011-11-18	7.03	7.07	6.83	6.88	26695	6.85	2127	新民科技	SZ	7.08	7.05	
635	2011-11-18	17.09	17.09	16.35	16.42	56657	15.65	2128	露天煤业	SZ	17.24	16.43	
635	2011-11-18	14.45	14.6	13.56	13.57	110128	13.56	2129	中环股份	SZ	14.65	14.64	
635	2011-11-18	8.46	8.54	8.04	8.07	142316	4.08	2130	沃尔核材	SZ	8.57	4.33	
635	2011-11-18	15.45	15.6	15.1	15.1	20851	15.02	2131	利欧股份	SZ	15.47	15.39	
635	2011-11-18	8.88	8.88	8.2	8.31	98782	8.22	2132	恒星科技	SZ	8.95	8.85	
635	2011-11-18	4.23	4.25	4.1	4.12	65839	3.25	2133	广宇集团	SZ	4.26	3.36	
635	2011-11-18	9.3	9.37	8.95	8.96	39858	8.96	2134	天津普林	SZ	9.44	9.44	
635	2011-11-18	5.49	5.64	5.43	5.46	42085	3.01	2135	东南网架	SZ	5.49	3.03	
635	2011-11-18	18.8	18.97	18.03	18.21	134001	18.09	2136	安 纳 达	SZ	19.14	19.01	
635	2011-11-18	6.59	6.6	6.38	6.39	31811	4.66	2137	实 益 达	SZ	6.65	4.85	
635	2011-11-18	10.78	10.79	10.38	10.4	12196	6.77	2138	顺络电子	SZ	10.8	7.03	
635	2011-11-18	11.18	11.22	10.68	10.73	38575	9.4	2139	拓邦股份	SZ	11.32	9.92	
635	2011-11-18	26.99	27.3	26.2	26.41	21349	26.23	2140	东华科技	SZ	27.3	27.11	
635	2011-11-18	6.82	6.82	6.6	6.62	11410	6.62	2141	蓉胜超微	SZ	6.82	6.82	
635	2011-11-18	9.6	9.73	9.34	9.41	148558	9	2142	宁波银行	SZ	9.68	9.26	
635	2011-11-18	7.48	7.72	7.46	7.65	28606	5.81	2143	高金食品	SZ	7.68	5.83	
635	2011-11-18	16.3	16.38	15.9	16.06	13638	15.72	2144	宏达高科	SZ	16.37	16.02	
635	2011-11-18	11.27	11.27	11.27	11.27	0	11.27	2145	*ST钛白	SZ	11.27	11.27	
635	2011-11-18	7.04	7.11	6.91	6.97	32169	6.85	2146	荣盛发展	SZ	7.1	6.98	
635	2011-11-18	12.09	12.18	11.7	11.74	12137	11.36	2147	方圆支承	SZ	12.18	11.78	
635	2011-11-18	8.2	8.43	7.95	8	22382	3.93	2148	北纬通信	SZ	8.27	4.07	
635	2011-11-18	18.65	18.65	17.6	17.66	28065	17.58	2149	西部材料	SZ	18.78	18.7	
635	2011-11-18	8.14	8.15	7.82	8.05	16116	7.78	2150	江苏通润	SZ	8.1	7.83	
635	2011-11-18	23.73	23.86	23.23	23.29	31715	19.29	2151	北斗星通	SZ	24.17	20.02	
635	2011-11-18	16.28	16.4	15.89	15.93	33492	9.23	2152	广电运通	SZ	16.4	9.5	
635	2011-11-18	30.55	31.02	30.04	30.19	1703	29.79	2153	石基信息	SZ	30.78	30.37	
635	2011-11-18	13.8	14.05	13.61	13.7	6764	13.24	2154	报 喜 鸟	SZ	13.82	13.35	
635	2011-11-18	14.56	14.66	14.1	14.13	154330	7.64	2155	辰州矿业	SZ	14.88	8.04	
635	2011-11-18	7.12	7.12	6.84	6.85	54295	6.8	2156	通富微电	SZ	7.13	7.08	
635	2011-11-18	10.95	11.07	10.51	10.54	18694	10.36	2157	正邦科技	SZ	11.01	10.83	
635	2011-11-18	17.91	18.18	16.98	17.1	23589	14.75	2158	汉钟精机	SZ	18.07	15.59	
635	2011-11-18	16.3	16.37	15.8	15.8	3412	15.71	2159	三特索道	SZ	16.37	16.28	
635	2011-11-18	9.9	9.9	9.51	9.62	98053	4.74	2161	远 望 谷	SZ	9.95	4.9	
635	2011-11-18	8.49	8.54	8.1	8.17	53335	8.17	2162	斯 米 克	SZ	8.62	8.62	
635	2011-11-18	6.03	6.03	5.75	5.78	80787	5.73	2163	中航三鑫	SZ	6.08	6.02	
635	2011-11-18	6.22	6.25	5.98	6	68765	5.97	2164	东力传动	SZ	6.3	6.27	
635	2011-11-18	7.58	7.61	7.32	7.36	41839	3.97	2165	红 宝 丽	SZ	7.64	4.12	
635	2011-11-18	17.44	17.44	17.44	17.44	0	17.44	2166	莱茵生物	SZ	17.44	17.44	
635	2011-11-18	18.44	18.73	17.75	18.73	59486	9.32	2167	东方锆业	SZ	18.56	9.23	
635	2011-11-18	12.35	12.54	12.04	12.08	38334	10.25	2168	深圳惠程	SZ	12.56	10.66	
635	2011-11-18	9.22	9.39	8.83	8.85	40659	8.85	2169	智光电气	SZ	9.35	9.35	
635	2011-11-18	5.13	5.13	4.99	5.05	84656	2.71	2170	芭田股份	SZ	5.17	2.78	
635	2011-11-18	14.6	14.66	14.02	14.07	33656	14.05	2171	精诚铜业	SZ	14.81	14.79	
634	2011-11-18	5.54	5.63	5.31	5.36	39600	5.36	2172	澳洋科技	SZ	5.63	5.63	
635	2011-11-18	11.57	11.7	11.16	11.17	25259	11.11	2173	山 下 湖	SZ	11.6	11.54	
635	2011-11-18	14.36	14.6	14.16	14.3	18044	14.29	2174	梅 花 伞	SZ	14.43	14.42	
635	2011-11-18	12.2	12.2	11.85	11.85	5949	11.73	2175	广陆数测	SZ	12.26	12.14	
635	2011-11-18	11.45	11.45	10.99	11.1	56661	5.53	2176	江特电机	SZ	11.48	5.72	
635	2011-11-18	6.21	6.22	6.06	6.19	117954	2.77	2177	御银股份	SZ	6.26	2.81	
635	2011-11-18	10.26	10.3	9.91	10.04	23825	10	2178	延华智能	SZ	10.41	10.37	
635	2011-11-18	19.7	19.8	19.1	19.16	9588	18.92	2179	中航光电	SZ	19.82	19.57	
635	2011-11-18	17.79	17.79	16.61	16.61	17042	16.42	2180	万 力 达	SZ	17.99	17.79	
635	2011-11-18	13.1	13.34	12.68	12.82	72305	12.69	2181	粤 传 媒	SZ	13.21	13.08	
635	2011-11-18	15.27	15.3	14.2	14.62	146111	14.46	2182	云海金属	SZ	15.5	15.33	
635	2011-11-18	6.36	6.57	6.3	6.34	64191	6.24	2183	怡 亚 通	SZ	6.39	6.28	
635	2011-11-18	8.82	8.82	8.48	8.52	14717	8.38	2184	海得控制	SZ	8.9	8.75	
635	2011-11-18	6.01	6.09	5.87	5.89	32170	3.6	2185	华天科技	SZ	6.07	3.71	
635	2011-11-18	14.33	14.34	14.06	14.07	7638	6.62	2186	全 聚 德	SZ	14.34	6.74	
635	2011-11-18	11.88	11.88	11.58	11.61	6676	9.27	2187	广百股份	SZ	11.99	9.57	
635	2011-11-18	9.01	9.05	8.7	8.8	8283	8.8	2188	新 嘉 联	SZ	8.98	8.98	
635	2011-11-18	13.25	13.25	12.75	12.89	11628	12.86	2189	利达光电	SZ	13.38	13.35	
635	2011-11-18	20.12	20.12	19.31	19.41	35363	14.73	2190	成飞集成	SZ	20.3	15.41	
635	2011-11-18	9.8	9.8	9.5	9.67	44818	9.49	2191	劲嘉股份	SZ	9.84	9.65	
635	2011-11-18	21.17	21.36	20.49	20.55	17060	20.55	2192	路翔股份	SZ	21.48	21.48	
635	2011-11-18	10.58	10.71	10.27	10.27	6123	10.27	2193	山东如意	SZ	10.7	10.7	
635	2011-11-18	10.62	10.77	10.39	10.45	29202	9.98	2194	武汉凡谷	SZ	10.83	10.34	
634	2011-11-18	20.45	20.45	19.52	19.76	43775	19.46	2195	海隆软件	SZ	20.76	20.44	
634	2011-11-18	16.46	16.46	16.05	16.1	3679	15.61	2196	方正电机	SZ	16.45	15.95	
635	2011-11-18	14.68	14.68	13.86	14.07	49501	13.84	2197	证通电子	SZ	14.72	14.48	
634	2011-11-18	5.33	5.33	5.1	5.11	19007	2.52	2198	嘉应制药	SZ	5.34	2.63	
634	2011-11-18	10.35	10.5	10	10	16735	6.59	2199	东晶电子	SZ	10.34	6.81	
635	2011-11-18	11.7	11.72	10.88	10.91	47640	10.22	22	深赤湾Ａ	SZ	11.75	11	
634	2011-11-18	15.39	15.39	15.39	15.39	8920	15.39	2200	绿 大 地	SZ	14.66	14.66	
634	2011-11-18	10.66	10.82	10.36	10.41	32749	10.4	2201	九鼎新材	SZ	10.66	10.64	
634	2011-11-18	10.09	10.11	9.76	9.78	171974	9.62	2202	金风科技	SZ	10.16	10	
634	2011-11-18	8.39	8.39	7.98	8.04	15192	5.22	2203	海亮股份	SZ	8.37	5.44	
634	2011-11-18	12.64	12.68	12.19	12.21	18665	5.3	2204	华锐铸钢	SZ	12.66	5.49	
634	2011-11-18	19.8	19.9	19.1	19.2	7425	19.04	2205	国统股份	SZ	19.91	19.75	
634	2011-11-18	11.49	11.69	11.15	11.49	12017	10.42	2206	海 利 得	SZ	11.67	10.58	
634	2011-11-18	18.4	18.68	17.83	17.85	32501	17.72	2207	准油股份	SZ	18.62	18.48	
634	2011-11-18	6.6	6.66	6.37	6.39	16292	6.17	2208	合肥城建	SZ	6.67	6.44	
634	2011-11-18	9.54	9.56	9.03	9.09	26653	9	2209	达 意 隆	SZ	9.6	9.51	
634	2011-11-18	6.28	6.35	6.08	6.08	29532	4.59	2210	飞马国际	SZ	6.28	4.73	
634	2011-11-18	10.15	10.3	9.74	9.79	33029	9.79	2211	宏达新材	SZ	10.29	10.29	
634	2011-11-18	7.45	7.5	7.18	7.2	39826	7.03	2212	南洋股份	SZ	7.52	7.34	
634	2011-11-18	10.3	10.3	9.87	9.92	30256	9.8	2213	特 尔 佳	SZ	10.42	10.3	
634	2011-11-18	18.95	18.95	18.95	18.95	0	9.25	2214	大立科技	SZ	18.95	9.25	
634	2011-11-18	8.83	8.91	8.41	8.8	141982	5.68	2215	诺 普 信	SZ	8.88	5.74	
634	2011-11-18	17.61	17.73	17.3	17.42	8309	8.54	2216	三全食品	SZ	17.75	8.7	
634	2011-11-18	7.43	7.43	7.17	7.19	54161	4.72	2217	联合化工	SZ	7.47	4.91	
635	2011-11-18	11.31	11.37	10.88	10.89	51415	10.89	2218	拓日新能	SZ	11.58	11.58	
635	2011-11-18	9.16	9.24	8.57	8.58	43963	5.31	2219	独 一 味	SZ	9.28	5.74	
635	2011-11-18	8.81	8.94	8.59	8.6	10598	4.18	2220	天宝股份	SZ	8.85	4.3	
635	2011-11-18	5.8	5.84	5.49	5.51	56452	2.72	2221	东华能源	SZ	5.84	2.89	
635	2011-11-18	9.47	9.5	8.91	9	73650	8.75	2222	福晶科技	SZ	9.59	9.32	
635	2011-11-18	19.46	19.48	18.78	19.23	58609	14.64	2223	鱼跃医疗	SZ	19.69	14.99	
635	2011-11-18	6.37	6.37	6.1	6.17	13536	4	2224	三 力 士	SZ	6.41	4.16	
635	2011-11-18	13.24	13.37	12.91	13.02	70797	12.87	2225	濮耐股份	SZ	13.42	13.27	
635	2011-11-18	16.75	17.35	16.75	16.88	25893	16.25	2226	江南化工	SZ	17.12	16.48	
635	2011-11-18	29.6	30.1	28.55	28.6	61468	28.36	2227	奥 特 迅	SZ	29.5	29.26	
635	2011-11-18	7.51	7.55	7.31	7.32	20134	7.09	2228	合兴包装	SZ	7.51	7.27	
635	2011-11-18	7.21	7.26	7.06	7.26	6940	3.7	2229	鸿博股份	SZ	7.21	3.67	
635	2011-11-18	25.27	25.99	25.13	25.33	96681	9.76	2230	科大讯飞	SZ	25.45	9.8	
635	2011-11-18	6.78	6.86	6.64	6.68	27079	3.18	2231	奥维通信	SZ	6.8	3.24	
635	2011-11-18	10.73	10.88	10.17	10.19	39833	10.18	2232	启明信息	SZ	10.8	10.78	
635	2011-11-18	11.26	11.26	11	11	89565	10.69	2233	塔牌集团	SZ	11.37	11.05	
635	2011-11-18	14.99	15.12	14.82	14.89	45796	6.98	2234	民和股份	SZ	15.14	7.1	
635	2011-11-18	14.96	15.06	14.61	14.94	7903	14.48	2235	安妮股份	SZ	15.07	14.6	
635	2011-11-18	11	11	10.6	10.73	35569	2.63	2236	大华股份	SZ	11.07	2.71	
635	2011-11-18	18.25	18.35	18.05	18.09	25886	8.92	2237	恒邦股份	SZ	18.74	9.24	
635	2011-11-18	20.28	20.7	19.7	19.95	14654	19.69	2238	天威视讯	SZ	20.4	20.13	
634	2011-11-18	5.92	5.98	5.72	5.72	32227	5.72	2240	威华股份	SZ	6	6	
635	2011-11-18	14.6	14.68	14.22	14.45	53357	7.93	2241	歌尔声学	SZ	14.67	8.05	
635	2011-11-18	9.4	9.4	9.08	9.15	42525	8.09	2242	九阳股份	SZ	9.46	8.37	
635	2011-11-18	11.31	11.35	10.69	10.72	29568	10.57	2243	通产丽星	SZ	11.42	11.26	
635	2011-11-18	7.35	7.42	7.18	7.19	33209	7.09	2244	滨江集团	SZ	7.43	7.32	
635	2011-11-18	8.02	8.02	7.5	7.59	28433	7.47	2245	澳洋顺昌	SZ	7.93	7.8	
635	2011-11-18	12.56	12.79	12.2	12.23	10104	12.13	2246	北化股份	SZ	12.88	12.78	
635	2011-11-18	7.66	7.7	7.44	7.7	16562	3.71	2247	帝龙新材	SZ	7.7	3.71	
635	2011-11-18	15.29	15.29	14.45	14.5	85684	14.44	2248	华东数控	SZ	15.47	15.4	
635	2011-11-18	12.27	12.31	11.73	11.85	40456	7.52	2249	大洋电机	SZ	12.47	7.91	
635	2011-11-18	17.2	17.43	17	17.02	19943	12.96	2250	联化科技	SZ	17.49	13.32	
635	2011-11-18	13.3	13.37	12.97	13.04	10719	6.56	2251	步 步 高	SZ	13.38	6.73	
635	2011-11-18	13.86	13.99	13.17	13.47	17997	7.45	2252	上海莱士	SZ	14.01	7.76	
635	2011-11-18	18.94	19.06	18.41	18.48	11973	11.23	2253	川大智胜	SZ	19.09	11.61	
635	2011-11-18	11.04	11.13	10.61	10.71	43018	8.03	2254	烟台氨纶	SZ	11.04	8.27	
635	2011-11-18	15.7	16.12	15.65	15.76	24081	7.79	2255	海陆重工	SZ	15.85	7.84	
635	2011-11-18	10.21	10.21	9.38	9.52	114707	7.86	2256	彩虹精化	SZ	10.32	8.52	
635	2011-11-18	12.38	12.55	12.03	12.06	7465	11.97	2258	利尔化学	SZ	12.51	12.41	
635	2011-11-18	4.2	4.25	4.06	4.08	103275	4.08	2259	升达林业	SZ	4.28	4.28	
635	2011-11-18	9.12	9.17	8.76	8.77	8859	8.54	2260	伊 立 浦	SZ	9.13	8.9	
635	2011-11-18	14.04	14.14	13.71	13.82	44813	10.59	2261	拓维信息	SZ	14.16	10.85	
635	2011-11-18	16.3	16.63	16.3	16.49	2931	13.12	2262	恩华药业	SZ	16.64	13.24	
635	2011-11-18	7.27	7.36	7.07	7.09	27270	5.82	2263	大 东 南	SZ	7.33	6.02	
635	2011-11-18	8.7	8.93	8.57	8.67	106820	5.67	2264	新 华 都	SZ	8.78	5.75	
635	2011-11-18	7.9	7.9	7.42	7.49	14495	7.49	2265	西仪股份	SZ	7.97	7.97	
635	2011-11-18	5.12	5.12	4.73	4.78	58126	1.15	2266	浙富股份	SZ	5.07	1.22	
635	2011-11-18	9.3	9.3	9.05	9.1	20452	4.36	2267	陕天然气	SZ	9.34	4.47	
635	2011-11-18	18.61	18.61	17.71	17.98	39445	17.91	2268	卫 士 通	SZ	18.77	18.69	
635	2011-11-18	29.29	29.33	28.11	29.1	9251	26.74	2269	美邦服饰	SZ	29.3	26.92	
635	2011-11-18	8.52	8.58	8.22	8.42	63716	6.35	2270	法因数控	SZ	8.68	6.55	
635	2011-11-18	14.2	14.2	13.6	13.62	47367	13.3	2271	东方雨虹	SZ	14.42	14.08	
635	2011-11-18	5.3	5.36	5.15	5.16	20688	2.55	2272	川润股份	SZ	5.41	2.67	
635	2011-11-18	12.05	12.17	11.83	11.87	12415	3.75	2273	水晶光电	SZ	12.13	3.83	
635	2011-11-18	11.63	11.69	11.4	11.53	36875	11.46	2274	华昌化工	SZ	11.7	11.62	
635	2011-11-18	14.56	14.6	14.17	14.28	7042	13.07	2275	桂林三金	SZ	14.62	13.39	
635	2011-11-18	6.93	7.07	6.85	6.94	89004	3.78	2276	万马电缆	SZ	6.99	3.8	
635	2011-11-18	13.16	13.19	12.64	12.83	52892	7.83	2277	友阿股份	SZ	13.21	8.06	
635	2011-11-18	10.66	10.98	10.57	10.69	17153	9.44	2278	神开股份	SZ	10.82	9.55	
635	2011-11-18	16.34	16.38	15.5	15.79	116763	9.53	2279	久其软件	SZ	16.62	10.03	
635	2011-11-18	16.24	16.37	15.7	15.74	9239	15.04	2280	新世纪	SZ	16.41	15.68	
635	2011-11-18	36.14	36.67	36	36.01	2287	35.37	2281	光迅科技	SZ	36.31	35.66	
635	2011-11-18	13.65	13.65	13.12	13.16	18622	12.96	2282	博深工具	SZ	13.65	13.44	
635	2011-11-18	13.2	13.22	12.88	13.09	24984	13	2283	天润曲轴	SZ	13.27	13.18	
635	2011-11-18	9.05	9.08	8.75	8.77	10929	8.58	2284	亚太股份	SZ	9.09	8.89	
635	2011-11-18	10.12	10.22	9.92	9.93	10619	7.31	2285	世联地产	SZ	10.14	7.46	
635	2011-11-18	15.12	15.2	14.59	14.64	12794	11.08	2286	保龄宝	SZ	15.25	11.54	
635	2011-11-18	20.01	20.01	19.25	19.27	8953	18.7	2287	奇正藏药	SZ	20.11	19.52	
635	2011-11-18	7.94	7.95	7.7	7.71	20343	4	2288	超华科技	SZ	7.94	4.12	
635	2011-11-18	24.94	25.33	24	24.07	40050	24.03	2289	宇顺电子	SZ	25.54	25.49	
635	2011-11-18	15.54	15.54	14.63	14.81	15442	10.39	2290	禾盛新材	SZ	15.56	10.91	
635	2011-11-18	8.8	8.82	8.57	8.73	10040	8.63	2291	星期六	SZ	8.83	8.73	
635	2011-11-18	16.11	16.23	15	15.08	184543	9.89	2292	奥飞动漫	SZ	16.25	10.65	
635	2011-11-18	41.24	41.26	40.4	40.94	5008	19.39	2293	罗莱家纺	SZ	41.74	19.77	
635	2011-11-18	17.87	18	17.4	17.88	17931	9.54	2294	信立泰	SZ	18.03	9.62	
635	2011-11-18	11.96	12.23	11.8	11.87	59727	11.87	2295	精艺股份	SZ	12.11	12.11	
635	2011-11-18	22.25	22.32	20.36	20.67	20442	20.33	2296	辉煌科技	SZ	22.23	21.87	
635	2011-11-18	12.3	12.3	11.73	11.8	45553	7.84	2297	博云新材	SZ	12.43	8.25	
635	2011-11-18	8.5	8.68	8.4	8.52	57739	4.25	2298	鑫龙电器	SZ	8.57	4.28	
635	2011-11-18	16.93	16.93	16.25	16.32	50678	16	2299	圣农发展	SZ	17	16.66	
635	2011-11-18	7.4	7.4	7.05	7.07	8135	7.01	23	深天地Ａ	SZ	7.37	7.31	
635	2011-11-18	11.6	11.76	11.23	11.49	37612	10.73	2300	太阳电缆	SZ	11.76	10.98	
635	2011-11-18	7.26	7.47	7.24	7.36	28139	3.61	2301	齐心文具	SZ	7.3	3.59	
635	2011-11-18	13.35	13.48	12.88	12.99	8166	9.94	2302	西部建设	SZ	13.46	10.3	
635	2011-11-18	14	14.16	13.7	13.7	15408	6.8	2303	美盈森	SZ	14.15	7.03	
635	2011-11-18	115.93	116.96	115.4	115.57	12953	92.72	2304	洋河股份	SZ	116.67	93.6	
635	2011-11-18	5.6	5.63	5.48	5.59	25256	5.46	2305	南国置业	SZ	5.63	5.5	
635	2011-11-18	4.69	4.72	4.62	4.64	33016	1.04	2306	湘鄂情	SZ	4.73	1.06	
635	2011-11-18	8.51	8.58	8.17	8.21	53853	8.21	2307	北新路桥	SZ	8.58	8.58	
635	2011-11-18	9.08	9.37	8.87	8.92	40668	6.47	2308	威创股份	SZ	9.25	6.71	
635	2011-11-18	11.43	11.43	10.69	10.72	46731	5.28	2309	中利科技	SZ	11.48	5.65	
635	2011-11-18	23.8	23.8	23.32	23.6	15645	5.89	2310	东方园林	SZ	23.85	5.95	
635	2011-11-18	14.62	14.73	14.08	14.36	22165	10.88	2311	海大集团	SZ	14.78	11.2	
635	2011-11-18	6.82	6.9	6.47	6.58	19401	3.18	2312	三泰电子	SZ	6.93	3.34	
635	2011-11-18	18.27	18.62	18.16	18.2	6880	6.8	2313	日海通讯	SZ	18.5	6.91	
635	2011-11-18	13.93	13.93	13.53	13.56	11013	13.31	2314	雅致股份	SZ	14	13.74	
635	2011-11-18	49.95	49.95	48.28	48.45	10856	46.32	2315	焦点科技	SZ	50.3	48.09	
635	2011-11-18	6.7	6.7	6.4	6.43	75394	3.53	2316	键桥通讯	SZ	6.71	3.69	
635	2011-11-18	12.77	12.9	12.52	12.65	16269	5.96	2317	众生药业	SZ	12.94	6.09	
635	2011-11-18	11.87	11.97	11.57	11.61	15516	7.63	2318	久立特材	SZ	11.99	7.88	
635	2011-11-18	7.05	7.09	6.85	6.86	17850	3.37	2319	乐通股份	SZ	7.07	3.48	
635	2011-11-18	11.41	11.41	11.11	11.16	13619	8.23	2320	海峡股份	SZ	11.42	8.42	
635	2011-11-18	8.98	9.02	8.8	8.8	30710	4.35	2321	华英农业	SZ	8.98	4.44	
635	2011-11-18	12.52	12.73	12.15	12.2	19136	2.98	2322	理工监测	SZ	12.84	3.13	
635	2011-11-18	17.56	17.56	16.93	17.15	3454	12.29	2323	中联电气	SZ	17.52	12.56	
635	2011-11-18	13.4	13.46	12.8	13.1	10286	12.94	2324	普利特	SZ	13.45	13.28	
635	2011-11-18	8.35	8.35	8.17	8.17	9044	2.67	2325	洪涛股份	SZ	8.37	2.73	
635	2011-11-18	21.87	21.87	20.54	20.6	23265	20.4	2326	永太科技	SZ	21.98	21.77	
635	2011-11-18	21.79	21.79	21.79	21.79	0	8.88	2327	富安娜	SZ	21.79	8.88	
635	2011-11-18	9.18	9.24	8.91	8.98	13533	5.85	2328	新朋股份	SZ	9.22	6.01	
635	2011-11-18	17.62	17.79	16.82	16.86	16064	16.52	2329	皇氏乳业	SZ	18.05	17.69	
635	2011-11-18	6.81	6.9	6.72	6.8	33772	3.31	2330	得利斯	SZ	6.86	3.34	
635	2011-11-18	8.86	8.94	8.57	8.58	17412	5.22	2331	皖通科技	SZ	9.01	5.48	
635	2011-11-18	12.95	13.28	12.79	12.82	28766	12.43	2332	仙琚制药	SZ	13.04	12.64	
635	2011-11-18	11.82	11.84	11.41	11.44	7924	11.07	2333	罗普斯金	SZ	11.82	11.44	
635	2011-11-18	13.19	13.43	12.96	13.19	27093	4.41	2334	英威腾	SZ	13.53	4.53	
635	2011-11-18	15.13	15.28	14.69	14.71	7649	10.28	2335	科华恒盛	SZ	15.34	10.73	
635	2011-11-18	17.36	17.47	17.13	17.17	10258	16.64	2336	人人乐	SZ	17.45	16.91	
635	2011-11-18	12.93	12.99	12	12.33	9949	11.7	2337	赛象科技	SZ	13.1	12.44	
635	2011-11-18	27.43	27.43	26.8	27.09	1616	17.47	2338	奥普光电	SZ	27.43	17.69	
635	2011-11-18	6.28	6.38	6.24	6.26	36170	1.51	2339	积成电子	SZ	6.4	1.54	
635	2011-11-18	10.42	10.42	9.88	10	134439	3.75	2340	格林美	SZ	10.5	3.94	
635	2011-11-18	10.56	10.83	10.34	10.62	27669	5.2	2341	新纶科技	SZ	10.66	5.22	
635	2011-11-18	7.73	7.73	7.11	7.24	72478	7.17	2342	巨力索具	SZ	7.75	7.68	
635	2011-11-18	14.71	14.87	14.02	14.2	27721	13.43	2343	禾欣股份	SZ	14.87	14.07	
635	2011-11-18	12.55	12.65	12.32	12.33	37863	5.99	2344	海宁皮城	SZ	12.69	6.16	
635	2011-11-18	15.2	15.2	14.72	14.99	13341	7.13	2345	潮宏基	SZ	15.3	7.28	
635	2011-11-18	7.75	7.8	7.55	7.6	18921	3.67	2346	柘中建设	SZ	7.82	3.78	
635	2011-11-18	10.21	10.21	9.82	9.88	8448	5.29	2347	泰尔重工	SZ	10.2	5.46	
635	2011-11-18	6.1	6.12	5.91	5.95	19667	2.8	2348	高乐股份	SZ	6.15	2.89	
635	2011-11-18	13.15	13.15	12.95	12.97	5955	6.4	2349	精华制药	SZ	13.16	6.5	
635	2011-11-18	13	13.28	12.88	12.94	38645	7.31	2350	北京科锐	SZ	13.24	7.47	
635	2011-11-18	11.5	11.5	11.12	11.17	13996	10.72	2351	漫步者	SZ	11.6	11.13	
635	2011-11-18	24.56	24.92	24.31	24.4	4750	23.34	2352	鼎泰新材	SZ	24.77	23.69	
635	2011-11-18	27.85	27.88	27.32	27.81	12127	10.66	2353	杰瑞股份	SZ	27.87	10.68	
635	2011-11-18	13.5	13.66	13.14	13.19	4312	13.03	2354	科冕木业	SZ	13.56	13.4	
635	2011-11-18	6.75	7.03	6.71	6.92	79150	3.32	2355	兴民钢圈	SZ	6.81	3.27	
635	2011-11-18	23.09	23.25	22.56	22.64	2645	22.17	2356	浩宁达	SZ	23.3	22.82	
635	2011-11-18	10.18	10.33	10.1	10.14	22176	9.69	2357	富临运业	SZ	10.2	9.74	
635	2011-11-18	12.57	12.67	12.22	12.31	20031	6.7	2358	森源电气	SZ	12.77	6.95	
635	2011-11-18	5.86	5.86	5.86	5.86	0	2.88	2359	齐星铁塔	SZ	5.86	2.88	
635	2011-11-18	20.4	20.45	19.68	19.84	14013	6.38	2360	同德化工	SZ	20.51	6.6	
635	2011-11-18	5.48	5.54	5.28	5.31	17360	2.82	2361	神剑股份	SZ	5.5	2.92	
635	2011-11-18	18.83	18.94	17.83	18.1	42078	18.1	2362	汉王科技	SZ	19.07	19.07	
635	2011-11-18	15.34	15.5	14.71	14.73	8861	14.64	2363	隆基机械	SZ	15.43	15.33	
635	2011-11-18	8.76	8.77	8.28	8.4	94465	4.08	2364	中恒电气	SZ	8.8	4.27	
635	2011-11-18	16.42	16.42	15.52	15.94	220029	15.39	2365	永安药业	SZ	17.24	16.65	
635	2011-11-18	12.5	12.61	12.09	12.12	17016	11.52	2366	丹甫股份	SZ	12.58	11.96	
635	2011-11-18	5.14	5.19	5	5.08	25611	1.48	2367	康力电梯	SZ	5.18	1.51	
635	2011-11-18	19.96	20.08	19.42	19.63	19513	16.1	2368	太极股份	SZ	20.22	16.58	
635	2011-11-18	18.6	19.26	18.36	19.14	12984	18.71	2369	卓翼科技	SZ	18.92	18.49	
635	2011-11-18	11.35	11.36	10.8	10.94	20960	10.85	2370	亚太药业	SZ	11.52	11.42	
635	2011-11-18	17.44	17.44	17.44	17.44	0	4.79	2371	七星电子	SZ	17.44	4.79	
635	2011-11-18	14.29	14.4	13.86	13.96	7693	9.64	2372	伟星新材	SZ	14.41	9.94	
635	2011-11-18	8.35	8.38	8.1	8.18	25275	4.09	2373	联信永益	SZ	8.41	4.2	
635	2011-11-18	7.85	7.98	7.82	7.87	11826	4.16	2374	丽鹏股份	SZ	7.85	4.14	
635	2011-11-18	20.2	20.27	18.69	18.88	17459	12.49	2375	亚厦股份	SZ	20.21	13.37	
635	2011-11-18	9.98	9.98	9.84	9.84	14923	4.72	2376	新北洋	SZ	9.99	4.8	
635	2011-11-18	9.95	9.96	9.53	9.68	44641	9.68	2377	国创高新	SZ	9.93	9.93	
635	2011-11-18	25.9	25.9	24.76	24.83	18858	24.34	2378	章源钨业	SZ	26.14	25.62	
635	2011-11-18	6.22	6.32	5.99	6.14	42272	3.07	2379	鲁丰股份	SZ	6.39	3.19	
635	2011-11-18	33.31	33.68	32.7	32.96	3955	32.51	2380	科远股份	SZ	33.72	33.26	
635	2011-11-18	7.76	7.86	7.47	7.51	15209	3.5	2381	双箭股份	SZ	7.84	3.66	
635	2011-11-18	11.82	11.82	11.82	11.82	0	5.84	2382	蓝帆股份	SZ	11.82	5.84	
635	2011-11-18	22.85	23.16	22.61	22.82	15363	17.39	2383	合众思壮	SZ	23.06	17.57	
635	2011-11-18	14.94	14.94	14.1	14.19	49797	7.83	2384	东山精密	SZ	15.06	8.3	
635	2011-11-18	9.26	9.3	9.13	9.18	42304	2.2	2385	大北农	SZ	9.32	2.23	
635	2011-11-18	11.39	11.4	11.1	11.15	30202	11	2386	天原集团	SZ	11.46	11.31	
635	2011-11-18	13.06	13.06	12.69	12.88	21333	9.81	2387	黑牛食品	SZ	13.08	9.96	
635	2011-11-18	12.8	12.89	12.45	12.8	19256	12.54	2388	新亚制程	SZ	12.79	12.53	
635	2011-11-18	9.18	9.18	8.83	8.89	31469	2.88	2389	南洋科技	SZ	9.26	3	
635	2011-11-18	14.86	14.97	14.46	14.51	8765	14.42	2390	信邦制药	SZ	15.09	14.99	
635	2011-11-18	11.68	11.75	11.32	11.4	7494	7.14	2391	长青股份	SZ	11.78	7.38	
635	2011-11-18	12.38	12.59	11.86	11.99	43514	11.86	2392	北京利尔	SZ	12.55	12.41	
635	2011-11-18	39.66	39.8	38.66	38.95	15036	37.16	2393	力生制药	SZ	39.88	38.05	
635	2011-11-18	16.91	16.97	16.46	16.48	7471	15.6	2394	联发股份	SZ	17.07	16.16	
635	2011-11-18	10.52	10.52	10.19	10.2	6382	4.78	2395	双象股份	SZ	10.54	4.94	
635	2011-11-18	15.7	15.79	15.21	15.65	30777	15.17	2396	星网锐捷	SZ	15.75	15.27	
635	2011-11-18	29.34	29.4	28.37	28.95	4255	28.08	2397	梦洁家纺	SZ	29.79	28.9	
635	2011-11-18	12.77	13.01	12.73	12.73	15499	7.44	2398	建研集团	SZ	12.85	7.51	
635	2011-11-18	33.8	34.88	32.53	34.32	79416	32.62	2399	海普瑞	SZ	33.69	32.02	
635	2011-11-18	16.69	16.74	15.9	16.2	63390	15.94	24	招商地产	SZ	16.88	16.61	
635	2011-11-18	8.73	9.02	8.66	8.72	53248	3.26	2400	省广股份	SZ	8.89	3.33	
635	2011-11-18	9.43	9.44	8.98	8.98	14278	4.66	2401	交技发展	SZ	9.43	4.89	
635	2011-11-18	11.81	11.82	11.41	11.49	23874	7.25	2402	和而泰	SZ	11.93	7.53	
635	2011-11-18	12	12.13	11.8	11.8	9895	11.8	2403	爱仕达	SZ	12.02	12.02	
635	2011-11-18	8.01	8.06	7.84	7.99	17922	4.89	2404	嘉欣丝绸	SZ	8.07	4.94	
635	2011-11-18	18.99	19.13	18.19	18.22	70353	12.4	2405	四维图新	SZ	19.14	13.03	
635	2011-11-18	13.76	13.82	13.26	13.27	19732	12.7	2406	远东传动	SZ	13.91	13.32	
635	2011-11-18	28.05	28.42	27.7	28.19	39987	27.9	2407	多氟多	SZ	28.37	28.08	
635	2011-11-18	19.09	19.12	18.33	18.34	47722	14.73	2408	齐翔腾达	SZ	19.3	15.5	
635	2011-11-18	19.37	19.59	18.63	18.93	8213	12.28	2409	雅克科技	SZ	19.7	12.78	
635	2011-11-18	19.38	19.62	18.72	18.98	17467	9.25	2410	广联达	SZ	19.52	9.51	
635	2011-11-18	9.21	9.21	8.86	8.88	46039	5.85	2411	九九久	SZ	9.29	6.12	
635	2011-11-18	26.3	26.69	25.92	26.26	25385	26.26	2412	汉森制药	SZ	26.35	26.35	
635	2011-11-18	13.25	13.6	13.05	13.06	19887	12.75	2413	常发股份	SZ	13.32	13.01	
635	2011-11-18	9.81	9.9	9.42	9.45	48304	4.46	2414	高德红外	SZ	9.94	4.69	
635	2011-11-18	10.97	10.97	10.97	10.97	0	2.59	2415	海康威视	SZ	10.97	2.59	
635	2011-11-18	14.84	14.96	14.5	14.95	27202	14.56	2416	爱施德	SZ	15.05	14.66	
635	2011-11-18	10.77	10.77	10.16	10.19	53587	6.72	2417	三元达	SZ	10.84	7.15	
635	2011-11-18	8.73	8.73	8.37	8.42	17063	8.26	2418	康盛股份	SZ	8.77	8.61	
635	2011-11-18	21.96	21.96	21.35	21.46	5163	20.42	2419	天虹商场	SZ	21.96	20.89	
635	2011-11-18	8.15	8.16	7.8	7.87	9124	7.82	2420	毅昌股份	SZ	8.18	8.13	
635	2011-11-18	10.2	10.56	9.98	10.09	17901	4.91	2421	达实智能	SZ	10.28	5.01	
635	2011-11-18	54.1	54.47	52.65	53.06	10849	52.63	2422	科伦药业	SZ	54.61	54.16	
635	2011-11-18	9.96	10.98	9.52	10.8	114485	10.7	2423	中原特钢	SZ	9.98	9.89	
635	2011-11-18	17.4	17.4	17.1	17.22	19024	16.69	2424	贵州百灵	SZ	17.52	16.98	
635	2011-11-18	10.51	10.51	9.93	10.04	27011	8.26	2425	凯撒股份	SZ	10.54	8.67	
635	2011-11-18	21.76	22.72	21.28	22.08	177828	10.75	2426	胜利精密	SZ	21.28	10.36	
635	2011-11-18	9.74	9.81	9.48	9.73	17146	9.68	2427	尤夫股份	SZ	9.83	9.78	
635	2011-11-18	9.4	9.4	9.18	9.33	41494	2.29	2428	云南锗业	SZ	9.47	2.32	
635	2011-11-18	6.31	6.38	6.09	6.1	95320	3.9	2429	兆驰股份	SZ	6.42	4.1	
635	2011-11-18	18.07	18.15	17.63	17.93	17963	12.88	2430	杭氧股份	SZ	18.19	13.07	
635	2011-11-18	26.68	26.92	26.29	26.29	15907	21.81	2431	棕榈园林	SZ	27.06	22.45	
635	2011-11-18	7.88	8.32	7.79	8.22	204644	5.4	2432	九安医疗	SZ	8	5.25	
635	2011-11-18	9.88	9.92	9.59	9.61	4937	3.96	2433	太安堂	SZ	9.94	4.1	
635	2011-11-18	10.6	10.63	10.2	10.3	13810	9.96	2434	万里扬	SZ	10.73	10.37	
635	2011-11-18	7.95	7.96	7.71	7.71	10856	5.01	2435	长江润发	SZ	7.97	5.17	
635	2011-11-18	20.2	20.64	19.81	20.58	12756	19.91	2436	兴森科技	SZ	20.45	19.78	
635	2011-11-18	22.04	22.25	21.11	21.24	13338	20.8	2437	誉衡药业	SZ	22.13	21.67	
635	2011-11-18	14.15	14.35	13.85	13.89	29369	6.88	2438	江苏神通	SZ	14.28	7.08	
635	2011-11-18	20.41	20.56	19.8	19.98	9266	19.76	2439	启明星辰	SZ	20.62	20.4	
635	2011-11-18	10.6	10.61	10.24	10.29	42636	4.75	2440	闰土股份	SZ	10.73	4.95	
635	2011-11-18	19.31	19.31	18.54	18.6	13146	17.99	2441	众业达	SZ	19.42	18.78	
635	2011-11-18	6.55	6.57	6.44	6.45	44273	4.18	2442	龙星化工	SZ	6.65	4.31	
635	2011-11-18	6.07	6.12	5.87	5.88	28756	2.78	2443	金洲管道	SZ	6.1	2.89	
635	2011-11-18	5.97	6.12	5.95	6.04	73476	2.92	2444	巨星科技	SZ	6.06	2.93	
635	2011-11-18	11.18	11.56	10.95	11.1	26761	10.95	2445	中南重工	SZ	11.3	11.15	
635	2011-11-18	14.38	14.38	13.82	13.9	14227	13.84	2446	盛路通信	SZ	14.49	14.43	
635	2011-11-18	15.7	15.7	15.27	15.3	14309	7.6	2447	壹桥苗业	SZ	15.79	7.85	
635	2011-11-18	15.48	15.77	15.16	15.49	36450	7.31	2448	中原内配	SZ	15.59	7.35	
635	2011-11-18	10.31	10.31	9.82	9.83	58519	4.69	2449	国星光电	SZ	10.39	4.96	
635	2011-11-18	10.77	11.08	10.69	10.71	75495	4.44	2450	康得新	SZ	10.91	4.52	
635	2011-11-18	16.43	16.81	16.33	16.65	22935	5.51	2451	摩恩电气	SZ	16.49	5.45	
635	2011-11-18	29.17	29.17	28.25	28.28	7312	10.54	2452	长高集团	SZ	29.17	10.87	
635	2011-11-18	26.69	26.8	26.15	26.53	14671	3.22	2453	天马精化	SZ	26.88	3.26	
635	2011-11-18	13.68	13.68	13.32	13.32	9006	13.02	2454	松芝股份	SZ	13.71	13.41	
635	2011-11-18	5.89	6.03	5.7	5.72	152515	1.41	2456	欧菲光	SZ	6.05	1.49	
635	2011-11-18	11.51	11.65	11.33	11.39	30576	7.51	2457	青龙管业	SZ	11.57	7.63	
635	2011-11-18	15.69	15.69	15.02	15.14	29515	7.16	2458	益生股份	SZ	15.75	7.45	
635	2011-11-18	15.18	15.27	14.42	14.52	12344	14.52	2459	天业通联	SZ	15.21	15.21	
635	2011-11-18	28.28	28.4	27.45	27.49	24500	27.07	2460	赣锋锂业	SZ	28.65	28.21	
635	2011-11-18	13.01	13.16	12.53	12.6	11230	12.59	2461	珠江啤酒	SZ	13.12	13.11	
635	2011-11-18	10.54	10.65	10.3	10.35	7662	10.1	2462	嘉事堂	SZ	10.67	10.41	
635	2011-11-18	4.85	4.88	4.62	4.65	74113	2.64	2463	沪电股份	SZ	4.87	2.77	
635	2011-11-18	13.6	13.6	13.22	13.26	17834	6.21	2465	海格通信	SZ	13.7	6.42	
635	2011-11-18	37.95	37.95	35.98	36.5	25991	36.31	2466	天齐锂业	SZ	38.22	38.03	
635	2011-11-18	12.9	13.05	12.6	12.69	9429	6.1	2467	二六三	SZ	12.94	6.22	
635	2011-11-18	10.31	10.49	10.08	10.19	26280	6.85	2468	艾迪西	SZ	10.5	7.06	
635	2011-11-18	21.96	21.96	20.8	20.99	40818	7.04	2469	三维工程	SZ	21.96	7.37	
635	2011-11-18	16.6	16.68	16.25	16.36	18713	16.09	2470	金正大	SZ	16.78	16.5	
635	2011-11-18	8	8	7.55	7.62	53568	3.64	2471	中超电缆	SZ	8.07	3.85	
635	2011-11-18	12.72	12.72	12.22	12.29	5214	9.14	2472	双环传动	SZ	12.74	9.47	
635	2011-11-18	11.26	11.28	10.72	10.8	10042	10.5	2473	圣莱达	SZ	11.31	11	
635	2011-11-18	14.6	14.63	14.17	14.27	54720	4.58	2474	榕基软件	SZ	14.78	4.75	
635	2011-11-18	19.21	19.4	19.05	19.21	19850	9.01	2475	立讯精密	SZ	19.26	9.03	
635	2011-11-18	5.54	5.56	5.28	5.29	46092	1.74	2476	宝莫股份	SZ	5.58	1.83	
635	2011-11-18	8.99	8.99	8.57	8.62	93165	2.55	2477	雏鹰农牧	SZ	9.05	2.67	
635	2011-11-18	13.57	13.82	13.31	13.63	69849	13.3	2478	常宝股份	SZ	13.58	13.25	
635	2011-11-18	11.01	11.01	10.59	10.62	103066	5.86	2479	富春环保	SZ	11.12	6.14	
635	2011-11-18	18.4	18.5	17.51	17.69	20391	17.43	2480	新筑股份	SZ	18.61	18.33	
635	2011-11-18	7.19	7.25	7.08	7.17	26189	1.98	2481	双塔食品	SZ	7.2	1.98	
635	2011-11-18	16.23	16.31	15.52	15.52	38039	9.6	2482	广田股份	SZ	16.27	10.07	
635	2011-11-18	13.85	14.05	13.57	13.69	20442	13.21	2483	润邦股份	SZ	13.88	13.39	
635	2011-11-18	16.37	16.54	15.77	15.77	13396	12.01	2484	江海股份	SZ	16.39	12.49	
635	2011-11-18	14.26	14.34	14.11	14.25	9614	8.38	2485	希努尔	SZ	14.38	8.45	
635	2011-11-18	5.22	5.22	5.01	5.06	54239	1.15	2486	嘉麟杰	SZ	5.26	1.19	
635	2011-11-18	7.37	7.42	7.21	7.21	6819	2.35	2487	大金重工	SZ	7.43	2.42	
635	2011-11-18	12.8	12.8	11.91	11.97	26945	11.44	2488	金固股份	SZ	12.71	12.14	
635	2011-11-18	11.95	11.95	11.49	11.5	17512	5.22	2489	浙江永强	SZ	11.97	5.43	
635	2011-11-18	7.09	7.14	6.75	6.82	26851	3.35	2490	山东墨龙	SZ	7.16	3.52	
635	2011-11-18	14.81	14.95	14.38	14.4	7874	13.91	2491	通鼎光电	SZ	15	14.49	
635	2011-11-18	18.3	18.44	17.99	18.25	4313	17.87	2494	华斯股份	SZ	18.47	18.09	
635	2011-11-18	7.61	7.63	7.37	7.4	10368	4.68	2495	佳隆股份	SZ	7.65	4.84	
635	2011-11-18	21.04	21.35	20.67	21.12	35663	10.47	2496	辉丰股份	SZ	21.04	10.43	
635	2011-11-18	11.98	12	11.55	11.6	25572	7.43	2497	雅化集团	SZ	12	7.68	
635	2011-11-18	21.07	21.26	19.92	20.02	16682	13.24	2499	科林环保	SZ	21.07	13.93	
635	2011-11-18	8.01	8.19	7.67	7.73	10054	7.73	25	特 力Ａ	SZ	8.01	8.01	
635	2011-11-18	8.27	8.66	8.22	8.46	319203	8.36	2500	山西证券	SZ	8.3	8.2	
635	2011-11-18	12.78	12.81	12.27	12.31	41850	6.62	2501	利源铝业	SZ	12.85	6.91	
635	2011-11-18	16	16.19	15.54	15.57	15054	9.59	2502	骅威股份	SZ	16.09	9.91	
635	2011-11-18	13.04	13.09	12.7	12.73	9257	4.41	2503	搜于特	SZ	13.15	4.56	
635	2011-11-18	15.17	15.17	13.93	14.12	19900	10.71	2504	东光微电	SZ	15.14	11.48	
635	2011-11-18	9.52	9.73	9.33	9.67	30226	6.37	2505	大康牧业	SZ	9.59	6.32	
635	2011-11-18	10.88	10.88	10.27	10.38	76163	6.41	2506	超日太阳	SZ	10.99	6.78	
635	2011-11-18	16.58	16.58	16.03	16.06	7713	15.59	2507	涪陵榨菜	SZ	16.64	16.15	
635	2011-11-18	16.08	16.17	15.28	15.34	13345	15.05	2508	老板电器	SZ	16.19	15.89	
635	2011-11-18	5.72	5.72	5.47	5.5	26914	1.32	2509	天广消防	SZ	5.73	1.37	
635	2011-11-18	13.53	13.53	12.77	12.89	112703	8.51	2512	达华智能	SZ	13.71	9.06	
635	2011-11-18	15.18	15.23	14.38	14.43	35673	8.79	2513	蓝丰生化	SZ	15.29	9.32	
635	2011-11-18	34.31	34.31	33.19	33.31	8701	10.23	2514	宝馨科技	SZ	34.42	10.58	
635	2011-11-18	17.59	17.59	16.99	17.16	3433	11.26	2515	金字火腿	SZ	17.51	11.49	
635	2011-11-18	12.17	12.35	11.99	12.03	12056	11.61	2516	江苏旷达	SZ	12.34	11.91	
635	2011-11-18	9.31	9.31	8.94	8.97	16161	4.4	2517	泰亚股份	SZ	9.36	4.6	
635	2011-11-18	14.72	14.79	14.23	14.27	19504	5.45	2518	科士达	SZ	14.89	5.69	
635	2011-11-18	11.7	11.8	11.25	11.39	11636	6.99	2519	银河电子	SZ	11.77	7.22	
635	2011-11-18	15.62	15.7	15.04	15.09	35554	5.76	2520	日发数码	SZ	15.7	5.99	
635	2011-11-18	8.93	8.93	8.54	8.56	24969	3.97	2521	齐峰股份	SZ	8.97	4.16	
635	2011-11-18	21.25	21.49	21.1	21.24	8480	20.04	2522	浙江众成	SZ	21.3	20.1	
635	2011-11-18	6.96	7.11	6.87	6.87	14266	3.21	2523	天桥起重	SZ	7	3.28	
635	2011-11-18	6.5	6.52	6.23	6.25	31670	3.05	2524	光正钢构	SZ	6.54	3.18	
635	2011-11-18	11.22	11.58	10.87	10.89	107955	6	2526	山东矿机	SZ	10.89	6	
635	2011-11-18	12.29	12.74	12.2	12.24	10024	6.95	2527	新时达	SZ	12.45	7.06	
635	2011-11-18	15.23	15.27	14.6	14.61	14901	9.39	2528	英飞拓	SZ	15.31	9.84	
635	2011-11-18	15.99	16.28	15.76	15.85	9165	15.58	2529	海源机械	SZ	16.08	15.81	
635	2011-11-18	7.85	7.85	7.66	7.66	10086	3.72	2530	丰东股份	SZ	7.89	3.82	
635	2011-11-18	8.8	8.89	8.61	8.63	15116	4.11	2531	天顺风能	SZ	8.88	4.22	
635	2011-11-18	19.16	19.69	18.59	18.75	16257	18.56	2532	新界泵业	SZ	19.4	19.2	
635	2011-11-18	9.75	9.75	9.38	9.42	11645	7.49	2533	金杯电工	SZ	9.79	7.79	
635	2011-11-18	24.52	24.65	23.84	24.03	4177	22.95	2534	杭锅股份	SZ	24.7	23.59	
635	2011-11-18	11.12	11.76	11.11	11.22	53194	8.42	2535	林州重机	SZ	11.14	8.36	
635	2011-11-18	22.5	22.62	21.81	21.95	3425	21.47	2536	西泵股份	SZ	22.64	22.14	
635	2011-11-18	17.5	17.51	16.97	17	5892	11.24	2537	海立美达	SZ	17.5	11.57	
635	2011-11-18	12	12.14	11.62	11.65	27622	5.64	2538	司尔特	SZ	12.1	5.85	
635	2011-11-18	14.58	14.58	14.18	14.19	26617	13.33	2539	新都化工	SZ	14.7	13.81	
635	2011-11-18	9.81	9.81	9.58	9.59	10729	4.45	2540	亚太科技	SZ	9.88	4.58	
635	2011-11-18	17.98	18.09	17.7	17.9	4353	8.71	2541	鸿路钢构	SZ	18.11	8.82	
635	2011-11-18	21.9	22.36	21.34	21.45	16987	5.27	2542	中化岩土	SZ	22.38	5.5	
635	2011-11-18	10.88	10.89	10.63	10.65	11781	5.05	2543	万和电气	SZ	10.93	5.17	
635	2011-11-18	7.62	7.68	7.43	7.62	49440	3.66	2544	杰赛科技	SZ	7.64	3.67	
635	2011-11-18	19.86	20	19.2	19.25	12227	18.81	2545	东方铁塔	SZ	20.15	19.69	
635	2011-11-18	20.66	20.92	20.12	20.18	16324	19.09	2546	新联电子	SZ	20.87	19.74	
635	2011-11-18	9.72	9.9	9.43	9.88	57739	4.89	2547	春兴精工	SZ	9.72	4.81	
635	2011-11-18	14.05	14.13	13.45	13.92	38565	8.83	2548	金新农	SZ	14.41	9.14	
635	2011-11-18	13.21	13.34	12.9	13.15	10207	5.72	2549	凯美特气	SZ	13.34	5.8	
635	2011-11-18	14.79	14.89	14.41	14.44	21842	6.66	2550	千红制药	SZ	14.92	6.88	
635	2011-11-18	12.25	12.36	11.92	12.08	16863	5.23	2551	尚荣医疗	SZ	12.41	5.38	
635	2011-11-18	13.75	13.86	13.2	13.36	9403	13.03	2552	宝鼎重工	SZ	13.88	13.53	
635	2011-11-18	9.77	9.98	9.5	9.76	43593	4.62	2553	南方轴承	SZ	9.74	4.61	
635	2011-11-18	8	8	7.76	7.87	19845	3.41	2554	惠博普	SZ	8.07	3.49	
635	2011-11-18	13.99	13.99	13.66	13.72	6160	13.29	2555	顺荣股份	SZ	14.1	13.65	
635	2011-11-18	11.05	11.18	10.8	10.94	16722	5.24	2556	辉隆股份	SZ	11.2	5.37	
635	2011-11-18	20.23	20.31	19.92	20.02	5858	14.48	2557	洽洽食品	SZ	20.31	14.69	
635	2011-11-18	27	27	26.29	26.5	2358	26.01	2558	世纪游轮	SZ	26.94	26.44	
635	2011-11-18	15.95	16.35	15.85	15.93	27040	7.62	2559	亚威股份	SZ	16.04	7.68	
635	2011-11-18	18.65	19	18.2	18.38	7842	17.97	2560	通达股份	SZ	18.86	18.43	
635	2011-11-18	14.26	14.34	13.9	13.95	13917	12.69	2561	徐家汇	SZ	14.38	13.08	
635	2011-11-18	11.46	11.56	11.19	11.34	28934	6.93	2565	上海绿新	SZ	11.51	7.04	
635	2011-11-18	16.23	16.23	15.74	15.75	5395	7.78	2566	益盛药业	SZ	16.35	8.07	
635	2011-11-18	16.9	16.9	16.29	16.71	16566	16.37	26	飞亚达Ａ	SZ	16.88	16.54	
635	2011-11-18	6.9	6.98	6.8	6.85	40885	6.66	27	深圳能源	SZ	6.99	6.8	
635	2011-11-18	27.6	27.6	27.6	27.6	0	27.34	28	一致药业	SZ	27.6	27.34	
635	2011-11-18	4.3	4.35	4.18	4.19	52803	4.19	29	深深房Ａ	SZ	4.35	4.35	
635	2011-11-18	14.68	15.48	14.63	15.32	114465	15.32	30	*ST盛润A	SZ	14.75	14.75	
635	2011-11-18	17.7	17.88	17.07	17.16	14160	16.87	300001	特锐德	SZ	17.89	17.58	
635	2011-11-18	8.88	8.91	8.6	8.67	113203	2.42	300002	神州泰岳	SZ	8.93	2.49	
635	2011-11-18	17.64	17.65	16.85	16.94	35455	16.5	300003	乐普医疗	SZ	17.62	17.16	
635	2011-11-18	33.5	33.5	32.5	32.5	6068	32.25	300004	南风股份	SZ	33.5	33.24	
635	2011-11-18	12.76	12.88	12.47	12.59	22361	7.95	300005	探路者	SZ	12.76	8.05	
635	2011-11-18	20.32	20.45	20.09	20.19	7320	20.02	300006	莱美药业	SZ	20.6	20.42	
635	2011-11-18	16.23	17.2	15.9	16.05	34258	15.91	300007	汉威电子	SZ	16.41	16.27	
635	2011-11-18	11.59	11.59	11.06	11.11	22908	7.17	300008	上海佳豪	SZ	11.6	7.49	
635	2011-11-18	10.94	11.06	10.75	10.85	35213	8.42	300009	安科生物	SZ	11.06	8.58	
635	2011-11-18	13.32	13.41	12.69	12.84	20602	12.58	300010	立思辰	SZ	13.52	13.25	
635	2011-11-18	9.84	9.95	9.61	9.63	19460	2.22	300011	鼎汉技术	SZ	10	2.31	
635	2011-11-18	9.69	9.94	9.5	9.79	16951	4.68	300012	华测检测	SZ	9.74	4.66	
635	2011-11-18	11.89	12.25	11.25	11.27	23921	11.25	300013	新宁物流	SZ	11.8	11.78	
635	2011-11-18	17.71	17.75	17.07	17.16	114938	8.36	300014	亿纬锂能	SZ	17.96	8.75	
635	2011-11-18	25.72	25.99	25.34	25.5	20954	25.23	300015	爱尔眼科	SZ	25.91	25.64	
635	2011-11-18	5.36	5.36	5.1	5.15	23120	2.42	300016	北陆药业	SZ	5.37	2.52	
635	2011-11-18	14.7	14.93	14.33	14.34	27548	14.14	300017	网宿科技	SZ	14.93	14.72	
635	2011-11-18	9.13	9.13	8.77	8.84	27633	5.64	300018	中元华电	SZ	9.17	5.85	
635	2011-11-18	9.79	9.89	9.38	9.44	10519	5.65	300019	硅宝科技	SZ	9.89	5.92	
635	2011-11-18	15.05	15.09	14.52	14.61	14894	14.51	300020	银江股份	SZ	15.09	14.99	
635	2011-11-18	12.96	13.27	12.88	12.93	92949	12.93	300021	大禹节水	SZ	12.85	12.85	
635	2011-11-18	13.11	13.38	12.63	12.66	99132	12.58	300022	吉峰农机	SZ	12.72	12.64	
635	2011-11-18	16.35	16.69	15.33	15.44	33271	15.44	300023	宝德股份	SZ	16.58	16.58	
635	2011-11-18	23.35	23.45	22.6	22.6	32352	22.55	300024	机器人	SZ	23.76	23.71	
635	2011-11-18	11.12	11.12	10.54	10.73	18566	8.23	300025	华星创业	SZ	11.15	8.56	
635	2011-11-18	12.57	12.73	12.22	12.48	20532	5.47	300026	红日药业	SZ	12.71	5.57	
635	2011-11-18	8.81	8.91	8.58	8.6	204886	4.15	300027	华谊兄弟	SZ	8.89	4.28	
635	2011-11-18	9.05	9.26	8.81	8.92	70572	8.86	300028	金亚科技	SZ	9.16	9.1	
635	2011-11-18	18.63	18.88	17.92	18.01	53074	17.85	300029	天龙光电	SZ	18.92	18.76	
635	2011-11-18	29.06	29.66	28.56	28.98	83595	14.31	300030	阳普医疗	SZ	29.36	14.5	
635	2011-11-18	12.13	12.36	12	12.05	12802	7.65	300031	宝通带业	SZ	12.37	7.86	
635	2011-11-18	11.94	11.94	11.65	11.69	12234	5.68	300032	金龙机电	SZ	11.99	5.82	
635	2011-11-18	21.9	22.08	21.13	21.2	6770	20.98	300033	同花顺	SZ	21.95	21.72	
635	2011-11-18	17.7	17.7	16.8	16.81	35815	16.6	300034	钢研高纳	SZ	17.52	17.3	
635	2011-11-18	9.02	9.18	8.75	8.79	6543	5.7	300035	中科电气	SZ	9.11	5.9	
635	2011-11-18	22.29	22.38	21.61	21.78	6847	21.78	300036	超图软件	SZ	22.52	22.52	
635	2011-11-18	25.84	26.04	25.09	25.14	6960	15.3	300037	新宙邦	SZ	25.99	15.82	
635	2011-11-18	10.52	10.52	10.21	10.21	13276	6.7	300038	梅泰诺	SZ	10.61	6.97	
635	2011-11-18	10.21	10.53	9.38	10	38121	3.71	300039	上海凯宝	SZ	10.32	3.83	
635	2011-11-18	6.73	6.74	6.47	6.49	20516	3.09	300040	九洲电气	SZ	6.78	3.23	
635	2011-11-18	17.06	17.5	16.88	17.4	19239	10.39	300041	回天胶业	SZ	17.13	10.23	
635	2011-11-18	11.51	11.68	11.34	11.4	16567	5.61	300042	朗科科技	SZ	11.73	5.76	
635	2011-11-18	11.9	11.9	11.9	11.9	0	3.84	300043	星辉车模	SZ	11.9	3.84	
635	2011-11-18	7	7.01	6.66	6.76	49994	2.99	300044	赛为智能	SZ	7.07	3.13	
635	2011-11-18	11.81	11.81	11.44	11.47	35896	5.65	300045	华力创通	SZ	11.93	5.88	
635	2011-11-18	18.63	18.7	17.75	17.77	4355	15.91	300046	台基股份	SZ	18.69	16.73	
635	2011-11-18	6.9	6.91	6.6	6.61	53223	3.07	300047	天源迪科	SZ	6.96	3.23	
635	2011-11-18	14.46	14.59	13.7	14.19	20894	9.99	300048	合康变频	SZ	14.58	10.27	
635	2011-11-18	14.62	14.62	13.92	13.98	15100	13.7	300049	福瑞股份	SZ	14.66	14.37	
635	2011-11-18	18.7	19.2	18.13	18.2	22604	17.95	300050	世纪鼎利	SZ	18.91	18.65	
635	2011-11-18	6.91	6.97	6.5	6.6	203163	3.25	300051	三五互联	SZ	6.99	3.44	
635	2011-11-18	9.89	10.02	9.6	9.66	114235	4.76	300052	中青宝	SZ	10.02	4.94	
635	2011-11-18	9.69	9.83	9.33	9.35	30114	9.27	300053	欧比特	SZ	9.88	9.8	
635	2011-11-18	8.46	8.48	8	8.13	33736	1.68	300054	鼎龙股份	SZ	8.48	1.75	
635	2011-11-18	33.75	34.18	32.6	32.9	7012	32.67	300055	万邦达	SZ	34.3	34.06	
635	2011-11-18	15.45	15.71	14.91	14.94	22307	8.22	300056	三维丝	SZ	15.63	8.59	
635	2011-11-18	9.55	9.55	9.11	9.14	10532	9.05	300057	万顺股份	SZ	9.53	9.43	
635	2011-11-18	14.4	14.85	14.16	14.3	34014	7.05	300058	蓝色光标	SZ	14.44	7.12	
635	2011-11-18	7.18	7.18	6.88	6.93	94449	2.15	300059	东方财富	SZ	7.19	2.23	
635	2011-11-18	10.44	10.49	10	10.07	5872	6.3	300061	康耐特	SZ	10.52	6.57	
635	2011-11-18	13.15	13.29	12.9	12.94	12099	12.64	300062	中能电气	SZ	13.21	12.9	
635	2011-11-18	14.2	14.28	13.65	13.75	13254	9.07	300063	天龙集团	SZ	14.28	9.42	
635	2011-11-18	9.21	9.21	8.85	8.9	36563	4.37	300064	豫金刚石	SZ	9.32	4.57	
635	2011-11-18	21.27	21.43	20.67	20.76	6929	13.77	300065	海兰信	SZ	21.24	14.09	
635	2011-11-18	12.67	13.03	12.39	12.47	17120	8.07	300066	三川股份	SZ	12.92	8.36	
635	2011-11-18	10.65	10.71	10.3	10.3	16586	10.1	300067	安诺其	SZ	10.78	10.57	
635	2011-11-18	9.25	9.51	8.94	9	58271	4.38	300068	南都电源	SZ	9.33	4.54	
635	2011-11-18	10.93	10.93	10.64	10.71	6311	7	300069	金利华电	SZ	11.01	7.19	
635	2011-11-18	17.43	17.66	16.85	17	57784	6.21	300070	碧水源	SZ	17.46	6.38	
635	2011-11-18	23.08	23.99	22.56	22.67	89101	7.44	300071	华谊嘉信	SZ	23.24	7.62	
635	2011-11-18	7.5	7.53	7.31	7.34	78912	2.78	300072	三聚环保	SZ	7.58	2.87	
635	2011-11-18	16	16	15	15.05	42515	14.98	300073	当升科技	SZ	16.05	15.98	
635	2011-11-18	7.62	7.7	7.43	7.53	31944	2.25	300074	华平股份	SZ	7.7	2.31	
635	2011-11-18	16.57	16.65	16.07	16.13	8587	10.57	300075	数字政通	SZ	16.67	10.93	
635	2011-11-18	17.15	17.22	16.51	16.52	15726	16.16	300076	宁波GQY	SZ	17.24	16.86	
635	2011-11-18	27.82	28.21	27.1	27.47	113842	27	300077	国民技术	SZ	28.44	27.95	
635	2011-11-18	21.1	21.15	20.33	20.52	35093	19.43	300078	中瑞思创	SZ	21.41	20.28	
635	2011-11-18	18.01	18.2	17.4	17.4	28266	11.49	300079	数码视讯	SZ	18.26	12.06	
635	2011-11-18	12.97	13.08	12.47	12.5	59434	9.62	300080	新大新材	SZ	13.22	10.17	
635	2011-11-18	9.14	9.14	8.85	8.86	21935	4.38	300081	恒信移动	SZ	9.17	4.53	
635	2011-11-18	16.04	16.05	15.45	15.45	21746	11.37	300082	奥克股份	SZ	16.14	11.87	
635	2011-11-18	15.74	16.08	15.25	15.3	9425	15.14	300083	劲胜股份	SZ	16	15.84	
635	2011-11-18	11.7	11.85	11.16	11.19	50099	11.14	300084	海默科技	SZ	11.95	11.89	
635	2011-11-18	26.36	26.36	25.5	25.66	37967	12.5	300085	银之杰	SZ	26.6	12.96	
635	2011-11-18	16.07	16.07	15.22	15.3	15513	15.1	300086	康芝药业	SZ	16.16	15.95	
635	2011-11-18	20.75	22.47	20.62	21.31	91235	21.18	300087	荃银高科	SZ	20.98	20.85	
635	2011-11-18	10	10.09	9.59	9.63	73628	4.82	300088	长信科技	SZ	10.18	5.09	
635	2011-11-18	11.73	11.85	11.34	11.47	28868	7.55	300089	长城集团	SZ	11.84	7.8	
635	2011-11-18	11.6	11.77	11.12	11.17	67971	11.13	300090	盛运股份	SZ	11.89	11.85	
635	2011-11-18	13.37	13.45	12.83	12.84	17600	12.71	300091	金通灵	SZ	13.45	13.31	
635	2011-11-18	18.53	18.53	17.32	17.4	15585	17.08	300092	科新机电	SZ	18.55	18.21	
635	2011-11-18	10.9	10.91	10.2	10.26	42019	10.2	300093	金刚玻璃	SZ	11	10.93	
635	2011-11-18	8.6	8.64	8.2	8.25	40566	8.25	300094	国联水产	SZ	8.7	8.7	
635	2011-11-18	12.92	12.98	12.71	12.73	5916	9.66	300095	华伍股份	SZ	12.99	9.86	
635	2011-11-18	16	16.24	15.68	15.86	51786	15.64	300096	易联众	SZ	16.4	16.18	
635	2011-11-18	9.45	9.65	9.41	9.48	18218	4.7	300097	智云股份	SZ	9.53	4.73	
635	2011-11-18	13.97	13.97	13.97	13.97	0	6.88	300098	高新兴	SZ	13.97	6.88	
635	2011-11-18	16.25	16.68	15.5	15.75	48998	7.27	300099	尤洛卡	SZ	15.16	7	
635	2011-11-18	9	9.03	8.75	8.77	23755	3.98	300100	双林股份	SZ	9.09	4.12	
635	2011-11-18	17.8	17.9	16.65	17.09	39370	8.52	300101	国腾电子	SZ	17.85	8.9	
635	2011-11-18	21.53	21.68	21	21.05	50783	20.15	300102	乾照光电	SZ	21.77	20.83	
635	2011-11-18	10.2	10.24	10.02	10.19	9845	5.52	300103	达刚路机	SZ	10.24	5.55	
635	2011-11-18	8.04	8.33	7.73	7.81	162006	2.15	300104	乐视网	SZ	8.2	2.25	
635	2011-11-18	31.83	32.11	31.05	31.23	4926	17.23	300105	龙源技术	SZ	32.25	17.8	
635	2011-11-18	15.99	16	15.38	15.5	8507	15.4	300106	西部牧业	SZ	16.06	15.96	
635	2011-11-18	33.7	33.7	32.16	32.24	7586	16.03	300107	建新股份	SZ	33.94	16.88	
635	2011-11-18	9.88	10.05	9.73	9.73	9131	4.73	300108	双龙股份	SZ	10.06	4.89	
635	2011-11-18	14.55	14.69	13.67	13.74	18352	9.03	300109	新开源	SZ	14.81	9.74	
635	2011-11-18	6.9	6.91	6.64	6.68	36531	3.23	300110	华仁药业	SZ	6.91	3.33	
635	2011-11-18	7.34	7.45	6.87	6.91	43869	3.14	300111	向日葵	SZ	7.45	3.39	
635	2011-11-18	9.14	9.25	8.93	9.05	33570	5.95	300112	万讯自控	SZ	9.27	6.09	
635	2011-11-18	28	28.39	26.73	27.51	27723	27.12	300113	顺网科技	SZ	28.95	28.54	
635	2011-11-18	15.8	15.85	15.31	15.38	8931	11.7	300114	中航电测	SZ	15.94	12.12	
635	2011-11-18	24.89	24.89	24.07	24.13	11853	15.99	300115	长盈精密	SZ	24.98	16.55	
635	2011-11-18	9	9.05	8.73	8.75	12397	4.38	300116	坚瑞消防	SZ	9.14	4.57	
635	2011-11-18	11.08	11.23	10.67	10.77	11311	10.71	300117	嘉寓股份	SZ	11.19	11.13	
635	2011-11-18	9.93	9.93	9.43	9.44	69565	5.84	300118	东方日升	SZ	10.04	6.2	
635	2011-11-18	37.26	37.37	35.99	36.31	30824	13.54	300119	瑞普生物	SZ	37.57	14.01	
635	2011-11-18	10	10.07	9.48	9.6	28021	6.21	300120	经纬电材	SZ	10.08	6.52	
635	2011-11-18	11.95	11.95	11.25	11.43	7945	8.7	300121	阳谷华泰	SZ	11.9	9.05	
635	2011-11-18	29	29.3	28.08	28.38	8540	27.92	300122	智飞生物	SZ	29.12	28.65	
635	2011-11-18	17.85	17.88	17.33	17.4	18096	17.17	300123	太阳鸟	SZ	18.01	17.77	
635	2011-11-18	40	40.14	39.37	39.45	9130	21.57	300124	汇川技术	SZ	40.43	22.1	
635	2011-11-18	24	24.06	22.6	22.81	16733	22.77	300125	易世达	SZ	24.1	24.06	
635	2011-11-18	14.7	14.7	13.98	14.09	24153	13.39	300126	锐奇股份	SZ	14.8	14.06	
635	2011-11-18	67	68.96	64.66	64.98	76260	30.77	300127	银河磁体	SZ	68.2	32.3	
635	2011-11-18	8.07	8.15	7.78	7.82	46112	3.75	300128	锦富新材	SZ	8.2	3.93	
635	2011-11-18	7.62	7.69	7.2	7.23	137999	4.75	300129	泰胜风能	SZ	7.66	5.03	
635	2011-11-18	22.8	22.95	22.4	22.78	17236	22.57	300130	新国都	SZ	23.02	22.81	
635	2011-11-18	10.07	10.19	9.83	9.99	14407	4.87	300131	英唐智控	SZ	10.23	4.99	
635	2011-11-18	9.89	10.31	9.89	10.04	9941	6.1	300132	青松股份	SZ	10.18	6.19	
635	2011-11-18	11.52	11.72	11.2	11.27	79421	3.74	300133	华策影视	SZ	11.62	3.86	
635	2011-11-18	23.19	23.19	21.9	22	42321	22	300134	大富科技	SZ	23.42	23.42	
635	2011-11-18	4.64	4.66	4.49	4.5	58347	1.34	300135	宝利沥青	SZ	4.67	1.39	
635	2011-11-18	24.65	25.05	23.7	23.85	11807	23.69	300136	信维通信	SZ	25.05	24.88	
635	2011-11-18	16.23	16.47	15.72	15.95	188422	12.21	300137	先河环保	SZ	16.63	12.73	
635	2011-11-18	13.65	14.03	13.59	13.59	7277	6.63	300138	晨光生物	SZ	13.84	6.75	
635	2011-11-18	34.04	35.5	32.9	33.21	43520	16.26	300139	福星晓程	SZ	34.55	16.92	
635	2011-11-18	20.84	21.15	19.81	20	43186	19.74	300140	启源装备	SZ	21.29	21.01	
635	2011-11-18	10.45	10.58	10.17	10.19	9710	3.27	300141	和顺电气	SZ	10.52	3.38	
635	2011-11-18	47.01	50.42	47	50.33	33956	41.38	300142	沃森生物	SZ	47.67	39.19	
635	2011-11-18	20.17	20.17	19.19	19.19	9949	18.9	300143	星河生物	SZ	20.2	19.9	
635	2011-11-18	16.33	16.41	15.87	16.05	35138	10.43	300144	宋城股份	SZ	16.55	10.76	
635	2011-11-18	18.7	18.94	18.27	18.31	3932	18.08	300145	南方泵业	SZ	18.81	18.57	
635	2011-11-18	14.58	14.58	13.9	14.02	66598	2.09	300146	汤臣倍健	SZ	14.69	2.19	
635	2011-11-18	8.86	8.98	8.58	8.6	77710	5.3	300147	香雪制药	SZ	9.1	5.61	
635	2011-11-18	17.34	17.71	16.81	17.12	133568	7.23	300148	天舟文化	SZ	17.31	7.31	
635	2011-11-18	8.53	8.58	8.14	8.15	27869	5.36	300149	量子高科	SZ	8.63	5.68	
635	2011-11-18	12.04	12.04	11.45	11.47	23435	5.1	300150	世纪瑞尔	SZ	12.04	5.35	
635	2011-11-18	15.88	15.88	15.08	15.1	8647	14.6	300151	昌红科技	SZ	15.89	15.36	
635	2011-11-18	13.28	13.39	12.82	13	22727	5.63	300152	燃控科技	SZ	13.43	5.82	
635	2011-11-18	16.86	17.45	16.65	17.29	74541	16.85	300153	科泰电源	SZ	17.15	16.72	
635	2011-11-18	13.21	13.21	12.72	12.74	14122	12.37	300154	瑞凌股份	SZ	13.25	12.86	
635	2011-11-18	14.18	14.18	13.52	13.83	24960	13.42	300155	安居宝	SZ	14.35	13.92	
635	2011-11-18	16.28	16.28	15.48	15.68	48842	8.59	300156	天立环保	SZ	16.45	9.02	
635	2011-11-18	19.25	19.7	18.9	19	3404	9.34	300157	恒泰艾普	SZ	19.75	9.71	
635	2011-11-18	15.43	15.43	14.85	14.98	10756	7.47	300158	振东制药	SZ	15.55	7.76	
635	2011-11-18	34.91	35.48	33.61	33.89	19577	8.23	300159	新研股份	SZ	34.83	8.45	
635	2011-11-18	16.42	16.57	16.1	16.3	30627	7.88	300160	秀强股份	SZ	16.62	8.04	
635	2011-11-18	20.67	20.93	19.82	19.91	11455	19.67	300161	华中数控	SZ	20.67	20.42	
635	2011-11-18	22.15	22.49	21.22	22	68809	21.41	300162	雷曼光电	SZ	22.3	21.7	
635	2011-11-18	22.49	22.49	21.7	21.9	6304	21.33	300163	先锋新材	SZ	22.73	22.14	
635	2011-11-18	11.51	11.51	10.86	11.16	9257	3.57	300164	通源石油	SZ	11.51	3.68	
635	2011-11-18	22.4	23.07	22.15	22.3	26528	16.56	300165	天瑞仪器	SZ	22.72	16.86	
635	2011-11-18	17.33	17.61	17.06	17.41	12755	5.74	300166	东方国信	SZ	17.4	5.73	
635	2011-11-18	7.81	7.94	7.48	7.5	13511	2.47	300167	迪威视讯	SZ	7.78	2.56	
635	2011-11-18	13.31	13.47	13.18	13.4	17649	6.63	300168	万达信息	SZ	13.5	6.67	
635	2011-11-18	12.15	12.72	12.12	12.28	28422	5.99	300169	天晟新材	SZ	12.22	5.96	
635	2011-11-18	13.83	14.01	13.73	13.9	9249	9.16	300170	汉得信息	SZ	13.99	9.22	
635	2011-11-18	35.81	35.89	34.24	35.11	5944	26.02	300171	东富龙	SZ	36.14	26.78	
635	2011-11-18	20.78	20.9	20.29	20.39	51222	11.81	300172	中电环保	SZ	21.32	12.35	
635	2011-11-18	11.61	11.61	11.21	11.23	13544	8.54	300173	松德股份	SZ	11.63	8.84	
635	2011-11-18	13	13.1	12.65	12.69	4367	6.16	300174	元力股份	SZ	13.19	6.4	
635	2011-11-18	5.6	5.68	5.4	5.45	123208	2.72	300175	朗源股份	SZ	5.7	2.84	
635	2011-11-18	11.83	11.97	11.56	11.58	6854	9.38	300176	鸿特精密	SZ	11.92	9.65	
635	2011-11-18	11.65	11.75	11.3	11.34	14555	5.62	300177	中海达	SZ	11.75	5.82	
635	2011-11-18	20.75	20.75	19.23	19.41	18381	19.06	300178	腾邦国际	SZ	20.8	20.43	
635	2011-11-18	8.86	8.86	8.44	8.63	8647	3.14	300179	四方达	SZ	8.93	3.25	
635	2011-11-18	14.68	15.31	14.36	14.75	11502	14.45	300180	华峰超纤	SZ	14.69	14.39	
635	2011-11-18	5.96	6.03	5.75	5.8	21723	1.4	300181	佐力药业	SZ	6.05	1.46	
635	2011-11-18	19.64	20	19.41	19.41	2009	9.63	300182	捷成股份	SZ	19.79	9.82	
635	2011-11-18	25.82	26.15	25.58	25.85	46879	11.25	300183	东软载波	SZ	26.2	11.4	
635	2011-11-18	19.5	19.57	19.1	19.15	6705	7.99	300184	力源信息	SZ	19.59	8.17	
635	2011-11-18	6.47	6.47	6.28	6.29	53132	2.37	300185	通裕重工	SZ	6.5	2.45	
635	2011-11-18	8.45	8.49	8.24	8.26	13307	3.63	300186	大华农	SZ	8.47	3.73	
635	2011-11-18	17.39	17.66	16.9	17.58	15010	5.8	300187	永清环保	SZ	17.51	5.78	
635	2011-11-18	3.61	3.65	3.48	3.5	97663	3.42	301	东方市场	SZ	3.65	3.57	
635	2011-11-18	4.66	4.68	4.52	4.54	38567	4.48	31	中粮地产	SZ	4.65	4.59	
635	2011-11-18	7.67	7.74	7.28	7.36	23115	7.22	32	深桑达Ａ	SZ	7.71	7.57	
635	2011-11-18	5.46	5.52	5.28	5.35	38332	5.35	33	新都酒店	SZ	5.51	5.51	
635	2011-11-18	31.22	31.22	29.72	29.77	103183	24.21	338	潍柴动力	SZ	31.28	25.44	
635	2011-11-18	6.44	6.59	6.36	6.55	39913	6.55	34	ST深泰	SZ	6.49	6.49	
635	2011-11-18	9.73	9.73	9.73	9.73	0	7.72	35	*ST科健	SZ	9.73	7.72	
635	2011-11-18	3.15	3.17	3.04	3.06	39551	3.06	36	华联控股	SZ	3.16	3.16	
635	2011-11-18	4.7	4.76	4.62	4.64	11197	4.64	37	深南电Ａ	SZ	4.77	4.77	
635	2011-11-18	16.45	16.45	15.9	16.16	113498	15.42	39	中集集团	SZ	16.54	15.78	
635	2011-11-18	11.44	11.5	11.09	11.12	7049	11.12	4	ST国农	SZ	11.51	11.51	
635	2011-11-18	4.46	4.46	4.25	4.26	24455	4.19	40	深 鸿 基	SZ	4.44	4.37	
635	2011-11-18	18.27	18.3	17.65	17.68	30365	13.47	400	许继电气	SZ	18.38	14.01	
635	2011-11-18	15.9	15.95	15.43	15.69	87768	15.52	401	冀东水泥	SZ	16.05	15.88	
635	2011-11-18	6.3	6.33	6.15	6.16	144531	5.94	402	金 融 街	SZ	6.31	6.09	
