823	2011-01-28	9.57	9.6	9.41	9.5	296671	5.8	000001	深发展Ａ	SZ	9.58	5.85	
828	2011-01-28	8.31	8.52	8.12	8.26	1362360	7.58	000002	万 科Ａ	SZ	8.3	7.61	
828	2011-01-28	12.06	12.12	11.96	12.06	4799	12.06	000004	ST国农	SZ	12.07	12.07	
828	2011-01-28	7	7.22	6.98	7.08	42359	7.08	000011	深物业A	SZ	7.05	7.05	
828	2011-01-28	18.45	18.82	18.21	18.58	302207	17.06	000012	南 玻Ａ	SZ	18.6	17.08	
827	2011-01-28	8.95	9.11	8.87	9.03	28604	8.95	000014	沙河股份	SZ	9.01	8.93	
827	2011-01-28	4.53	4.54	4.48	4.53	51910	4.5	000016	深康佳Ａ	SZ	4.5	4.47	
828	2011-01-28	5	5.2	5	5.18	15523	5.18	000017	*ST中华A	SZ	5.02	5.02	
828	2011-01-28	7.96	7.98	7.83	7.9	1135	7.9	000018	ST中冠A	SZ	7.89	7.89	
808	2011-01-28	10.63	10.9	10.48	10.9	33991	10.63	000019	深深宝Ａ	SZ	10.78	10.51	
826	2011-01-28	8.48	8.64	8.48	8.6	8286	8.6	000020	深华发Ａ	SZ	8.52	8.52	
828	2011-01-28	10.59	10.77	10.57	10.62	55841	10.25	000021	长城开发	SZ	10.54	10.17	
828	2011-01-28	15.09	15.31	15	15.05	25454	13.7	000022	深赤湾Ａ	SZ	15.18	13.82	
828	2011-01-28	8.01	8.16	7.96	8.1	9780	8.03	000023	深天地Ａ	SZ	7.99	7.92	
829	2011-01-28	16.11	16.49	15.9	16.15	159062	15.79	000024	招商地产	SZ	16.1	15.74	
829	2011-01-28	8.74	8.83	8.64	8.73	4950	8.73	000025	特 力Ａ	SZ	8.73	8.73	
829	2011-01-28	10.77	10.96	10.77	10.92	8547	7.59	000026	飞亚达Ａ	SZ	10.84	7.53	
826	2011-01-28	8.02	8.03	7.93	7.97	68853	6.46	000027	深圳能源	SZ	8.07	6.54	
828	2011-01-28	27.84	28.2	27.4	28.02	12440	27.64	000028	一致药业	SZ	27.86	27.48	
829	2011-01-28	4.62	4.72	4.62	4.65	31220	4.65	000029	深深房Ａ	SZ	4.64	4.64	
828	2011-01-28	6.07	6.15	6.06	6.09	48636	5.99	000031	中粮地产	SZ	6.07	5.97	
827	2011-01-28	8.85	8.97	8.83	8.92	17899	8.68	000032	深桑达Ａ	SZ	8.88	8.64	
822	2011-01-28	5.45	5.55	5.44	5.53	26094	5.53	000033	新都酒店	SZ	5.49	5.49	
828	2011-01-28	8.24	8.24	8.05	8.12	22465	8.12	000034	ST深泰	SZ	7.9	7.9	
820	2011-01-28	5.66	5.95	5.66	5.95	13303	4.72	000035	*ST科健	SZ	5.66	4.49	
829	2011-01-28	3.68	3.76	3.68	3.71	61694	3.71	000036	华联控股	SZ	3.7	3.7	
823	2011-01-28	4.97	5	4.94	4.98	8652	4.98	000037	深南电Ａ	SZ	4.98	4.98	
827	2011-01-28	25.61	25.97	25.12	25.46	168140	23.93	000039	中集集团	SZ	25.64	24.1	
772	2011-01-28	4.85	4.93	4.83	4.89	34017	4.81	000040	深 鸿 基	SZ	4.84	4.76	
829	2011-01-28	4.89	4.99	4.85	4.9	16196	4.9	000150	宜华地产	SZ	4.9	4.9	
827	2011-01-28	11.32	11.53	11.3	11.46	38039	11.36	000151	中成股份	SZ	11.42	11.32	
829	2011-01-28	9	9.26	8.96	9.2	27296	9.11	000153	丰原药业	SZ	9.03	8.94	
828	2011-01-28	6.03	6.05	5.98	6.04	7990	6.04	000155	川化股份	SZ	6.02	6.02	
828	2011-01-28	10.26	10.77	10.17	10.64	888330	7.57	000157	中联重科	SZ	10.26	7.3	
828	2011-01-28	5.91	5.93	5.8	5.88	66932	5.86	000158	常山股份	SZ	5.91	5.89	
827	2011-01-28	13.65	13.65	13.22	13.65	152601	13.28	000159	国际实业	SZ	12.41	12.07	
826	2011-01-28	4.53	4.55	4.51	4.54	54980	4.37	000301	东方市场	SZ	4.53	4.36	
829	2011-01-28	40.75	42.46	40.49	42.4	229610	34.14	000338	潍柴动力	SZ	40.83	32.88	
828	2011-01-28	22.82	23.52	22.69	23.02	44646	17.48	000400	许继电气	SZ	22.82	17.32	
826	2011-01-28	21.6	22.42	21.6	22.26	85076	22.02	000401	冀东水泥	SZ	21.8	21.57	
825	2011-01-28	9.81	9.95	9.65	9.79	266775	9.13	001696	宗申动力	SZ	9.81	9.15	
822	2011-01-28	4.76	4.82	4.76	4.78	8267	4.78	001896	*ST豫能	SZ	4.79	4.79	
826	2011-01-28	24.4	24.5	24.07	24.5	43696	22.95	002001	新 和 成	SZ	24.34	22.8	
796	2011-01-28	6.25	6.35	6.25	6.35	14432	6.35	002002	ST琼花	SZ	6.27	6.27	
816	2011-01-28	31.42	32.17	31.16	31.45	19817	20.23	002003	伟星股份	SZ	31.43	20.22	
823	2011-01-28	13.41	13.48	13.14	13.46	7889	4.26	002004	华邦制药	SZ	13.43	4.25	
824	2011-01-28	7.96	8.11	7.94	8.04	48240	3.98	002005	德豪润达	SZ	8.03	3.97	
826	2011-01-28	13.19	13.83	13.17	13.62	123912	4.51	002006	精功科技	SZ	13.19	4.37	
823	2011-01-28	41.5	42.95	41	42.64	52541	41.97	002007	华兰生物	SZ	42.04	41.38	
829	2011-01-28	13.81	14.11	13.57	13.71	252106	8.79	002008	大族激光	SZ	13.8	8.84	
823	2011-01-28	14.69	15.03	14.64	14.97	17952	14.92	002009	天奇股份	SZ	14.67	14.62	
825	2011-01-28	9	9.25	9	9.14	21009	4.47	002010	传化股份	SZ	9	4.41	
828	2011-01-28	10.92	11.18	10.85	11.02	35332	5.31	002011	盾安环境	SZ	10.93	5.27	
828	2011-01-28	7.74	7.8	7.66	7.74	98412	3.69	002012	凯恩股份	SZ	7.76	3.7	
827	2011-01-28	15.73	16.78	15.44	16.36	95246	9.62	002013	中航精机	SZ	15.68	9.22	
827	2011-01-28	10.87	11.15	10.72	11.07	113666	5.04	002014	永新股份	SZ	10.73	4.89	
819	2011-01-28	10.46	10.72	10.41	10.57	33542	10.53	002015	霞客环保	SZ	10.52	10.48	
828	2011-01-28	5.76	5.8	5.67	5.76	42380	4.05	002016	世荣兆业	SZ	5.76	4.05	
813	2011-01-28	17.23	17.54	17.09	17.28	26863	15.43	002017	东信和平	SZ	17.16	15.33	
824	2011-01-28	4.52	4.59	4.49	4.57	42473	3.1	002018	华星化工	SZ	4.53	3.07	
828	2011-01-28	13.21	13.65	13.06	13.59	26357	13.59	002019	鑫富药业	SZ	13.29	13.29	
827	2011-01-28	8.35	8.59	8.35	8.55	15825	4.12	002020	京新药业	SZ	8.32	4.01	
825	2011-01-28	4.21	4.26	4.19	4.25	26618	3.24	002021	中捷股份	SZ	4.22	3.21	
828	2011-01-28	16.28	16.47	16.2	16.46	40383	15.15	002022	科华生物	SZ	16.27	14.98	
828	2011-01-28	13.4	14.48	13.31	14.14	43783	13.84	002023	海特高新	SZ	13.36	13.08	
828	2011-01-28	12.3	12.59	12.28	12.46	256903	12.1	002024	苏宁电器	SZ	12.34	11.99	
828	2011-01-28	11.65	12.09	11.64	11.95	40037	11.63	002025	航天电器	SZ	11.68	11.37	
828	2011-01-28	7.31	7.45	7.22	7.38	20738	4.25	002026	山东威达	SZ	7.24	4.17	
827	2011-01-28	6.05	6.12	6	6.07	16701	6.07	002027	七喜控股	SZ	6.03	6.03	
829	2011-01-28	22.6	22.78	22.41	22.7	47524	21.56	002028	思源电气	SZ	22.69	21.55	
827	2011-01-28	13.01	13.38	12.9	13.19	21285	5.68	002029	七 匹 狼	SZ	13.02	5.6	
827	2011-01-28	7.89	8.04	7.89	7.99	41691	5.03	002030	达安基因	SZ	7.92	4.98	
824	2011-01-28	7.99	8.2	7.88	8.17	26456	5.33	002031	巨轮股份	SZ	7.96	5.19	
827	2011-01-28	19.75	20.45	19.75	20.27	10557	17.47	002032	苏 泊 尔	SZ	19.75	17.02	
824	2011-01-28	17.05	17.45	17.04	17.31	10720	9.97	002033	丽江旅游	SZ	17.07	9.83	
828	2011-01-28	11.89	12.07	11.82	11.96	3322	11.44	002034	美 欣 达	SZ	11.92	11.41	
828	2011-01-28	13.85	14.02	13.53	13.68	44785	9.62	002035	华帝股份	SZ	13.8	9.7	
829	2011-01-28	11.7	12.12	11.7	12	22695	11.85	002036	宜科科技	SZ	11.86	11.71	
824	2011-01-28	13.81	13.84	13.56	13.7	8266	8.24	002037	久联发展	SZ	13.65	8.21	
827	2011-01-28	26.62	28.22	26.61	28.22	19715	15.51	002038	双鹭药业	SZ	26.61	14.63	
829	2011-01-28	19.76	19.98	19.54	19.81	5106	19.49	002039	黔源电力	SZ	19.65	19.34	
829	2011-01-28	7.97	8.1	7.97	8.06	13218	7.96	002040	南 京 港	SZ	7.97	7.87	
827	2011-01-28	30.28	30.65	29.78	30.07	15595	14.81	002041	登海种业	SZ	29.82	14.68	
821	2011-01-28	8.51	8.82	8.46	8.77	36580	2.8	002042	华孚色纺	SZ	8.51	2.71	
827	2011-01-28	5.07	5.46	4.99	5.46	204827	2.66	002043	兔 宝 宝	SZ	5.12	2.5	
828	2011-01-28	11.22	11.28	10.96	11.02	22258	7.67	002044	江苏三友	SZ	11.21	7.8	
827	2011-01-28	11.15	11.47	10.92	11.41	44336	7.19	002045	广州国光	SZ	11.19	7.05	
828	2011-01-28	13.25	14.5	13.18	14.29	123820	6.94	002046	轴研科技	SZ	13.45	6.53	
829	2011-01-28	4.7	4.78	4.7	4.76	19192	4.76	002047	成霖股份	SZ	4.74	4.74	
826	2011-01-28	13	13.44	12.96	13.37	57498	13.01	002048	宁波华翔	SZ	13.06	12.71	
829	2011-01-28	21.22	21.6	20.78	21.4	17049	21.14	002049	晶源电子	SZ	21	20.75	
826	2011-01-28	16	16.38	16	16.25	4540	7.51	002050	三花股份	SZ	16.32	7.55	
826	2011-01-28	20.65	21.79	20.48	21.4	38786	12.2	002051	中工国际	SZ	20.43	11.65	
822	2011-01-28	4.45	4.49	4.41	4.45	44418	2.2	002052	同洲电子	SZ	4.43	2.19	
826	2011-01-28	11.51	11.78	11.5	11.78	8121	11.68	002053	云南盐化	SZ	11.56	11.46	
828	2011-01-28	11.15	11.22	11.1	11.22	8097	10.8	002054	德美化工	SZ	11.15	10.73	
826	2011-01-28	11.65	12.06	11.5	12.06	50313	5.92	002055	得润电子	SZ	11.85	5.81	
827	2011-01-28	31.55	32.17	31.38	31.78	74054	31.69	002056	横店东磁	SZ	32.18	32.08	
827	2011-01-28	22.57	22.87	22.2	22.73	16029	22.73	002057	中钢天源	SZ	22.64	22.64	
828	2011-01-28	7.1	7.2	7.07	7.17	7201	3.06	002058	威 尔 泰	SZ	7.1	3.03	
827	2011-01-28	9.5	9.88	9.42	9.75	38831	9.66	002059	云南旅游	SZ	9.65	9.56	
825	2011-01-28	9.88	10.74	9.81	10.35	349151	7.05	002060	粤 水 电	SZ	9.99	6.8	
824	2011-01-28	7.87	8.11	7.81	8.02	28021	5.27	002061	江山化工	SZ	7.87	5.17	
827	2011-01-28	9.93	10.22	9.88	10.08	23418	5.48	002062	宏润建设	SZ	9.93	5.4	
829	2011-01-28	15.21	15.37	15.05	15.17	12614	8.7	002063	远光软件	SZ	15.21	8.72	
828	2011-01-28	10.4	10.46	10.3	10.39	35791	10.16	002064	华峰氨纶	SZ	10.34	10.11	
829	2011-01-28	15.49	15.58	15.18	15.41	43410	9.63	002065	东华软件	SZ	15.49	9.68	
829	2011-01-28	7.7	7.73	7.55	7.72	22042	3.69	002066	瑞泰科技	SZ	7.7	3.67	
828	2011-01-28	3.26	3.3	3.24	3.3	76649	1.6	002067	景兴纸业	SZ	3.24	1.58	
825	2011-01-28	6.18	6.21	6.12	6.16	22791	3.77	002068	黑猫股份	SZ	6.17	3.77	
827	2011-01-28	25.82	26.17	25.71	26.09	28673	16.41	002069	獐 子 岛	SZ	25.84	16.26	
827	2011-01-28	3.7	3.71	3.65	3.7	13945	1.68	002070	众和股份	SZ	3.7	1.68	
828	2011-01-28	10.43	10.75	10.38	10.6	20099	10.52	002071	江苏宏宝	SZ	10.48	10.41	
820	2011-01-28	8.45	8.63	8.45	8.6	4172	8.6	002072	*ST德棉	SZ	8.58	8.58	
827	2011-01-28	23.78	24.19	23.75	24	35818	23.81	002073	软控股份	SZ	24	23.81	
829	2011-01-28	10.61	10.83	10.57	10.59	53318	5.78	002074	东源电器	SZ	10.72	5.85	
829	2011-01-28	9.44	9.61	9.38	9.54	10556	9.15	002076	雪 莱 特	SZ	9.44	9.05	
814	2011-01-28	9.85	10	9.79	9.97	28969	9.85	002077	大港股份	SZ	9.95	9.83	
824	2011-01-28	10.59	10.67	10.53	10.65	23823	10.14	002078	太阳纸业	SZ	10.61	10.11	
822	2011-01-28	6.97	6.99	6.84	6.92	30501	2.92	002079	苏州固锝	SZ	6.88	2.9	
826	2011-01-28	18.34	18.47	18	18.39	30174	8.82	002080	中材科技	SZ	18.23	8.74	
827	2011-01-28	19.52	20.12	18.97	19.11	27515	5.53	002081	金 螳 螂	SZ	19.5	5.64	
828	2011-01-28	12.04	12.18	11.92	12.15	13282	11.62	002082	栋梁新材	SZ	12.01	11.48	
829	2011-01-28	9.05	9.08	8.93	9.05	61895	8.94	002083	孚日股份	SZ	9.05	8.94	
828	2011-01-28	5.54	5.62	5.53	5.62	16383	3.74	002084	海鸥卫浴	SZ	5.53	3.68	
824	2011-01-28	10.43	10.98	10.43	10.8	12894	9.63	002085	万丰奥威	SZ	10.49	9.36	
828	2011-01-28	15.11	15.73	15.02	15.31	40358	15.08	002086	东方海洋	SZ	15.31	15.08	
827	2011-01-28	5.25	5.33	5.25	5.3	22513	5.21	002087	新野纺织	SZ	5.28	5.19	
828	2011-01-28	16.07	16.19	15.77	16	12232	15.57	002088	鲁阳股份	SZ	16.19	15.75	
825	2011-01-28	10.89	11.39	10.89	11.29	38658	6.06	002089	新 海 宜	SZ	10.96	5.89	
770	2011-01-28	12.16	12.36	12.16	12.33	7942	12.08	002090	金智科技	SZ	12.26	12.01	
829	2011-01-28	19.03	19.65	18.83	19.44	47775	15.87	002091	江苏国泰	SZ	19.1	15.59	
824	2011-01-28	12.62	12.84	12.55	12.78	41307	12.18	002092	中泰化学	SZ	12.63	12.04	
826	2011-01-28	7.84	7.94	7.65	7.9	30976	3.94	002093	国脉科技	SZ	7.76	3.88	
828	2011-01-28	13.81	14.5	13.81	14.36	37724	14.36	002094	青岛金王	SZ	14	14	
829	2011-01-28	18.83	19.21	18.72	19.04	6336	15.6	002095	生 意 宝	SZ	18.86	15.45	
800	2011-01-28	15.81	15.81	15.41	15.52	8411	7.59	002096	南岭民爆	SZ	15.45	7.56	
828	2011-01-28	15.4	15.71	15.26	15.55	47754	15.38	002097	山河智能	SZ	15.4	15.24	
822	2011-01-28	13.75	14.26	13.63	14.18	28404	13.32	002098	浔兴股份	SZ	13.81	12.98	
822	2011-01-28	10.85	11.4	10.75	11.37	28867	5.46	002099	海翔药业	SZ	10.85	5.21	
824	2011-01-28	10.77	10.9	10.59	10.86	19451	6.29	002100	天康生物	SZ	10.79	6.25	
819	2011-01-28	14.95	15.15	14.84	15.06	7206	7.3	002101	广东鸿图	SZ	14.94	7.24	
829	2011-01-28	7.63	7.69	7.6	7.66	7544	7.35	002103	广博股份	SZ	7.55	7.25	
829	2011-01-28	13.23	13.31	13.12	13.22	48379	12.98	002104	恒宝股份	SZ	13.23	12.99	
827	2011-01-28	6.59	6.69	6.57	6.64	9376	6.38	002105	信隆实业	SZ	6.6	6.35	
829	2011-01-28	37.89	38.52	37.07	38.11	74597	26.66	002106	莱宝高科	SZ	37.88	26.5	
828	2011-01-28	12.9	12.95	12.8	12.9	6228	12.9	002107	沃华医药	SZ	12.9	12.9	
823	2011-01-28	9.83	9.93	9.73	9.91	16476	5.35	002108	沧州明珠	SZ	9.83	5.31	
824	2011-01-28	9.01	9.16	9.01	9.09	10822	8.71	002109	兴化股份	SZ	9.05	8.67	
826	2011-01-28	9.55	9.69	9.54	9.65	18701	9.62	002110	三钢闽光	SZ	9.51	9.48	
823	2011-01-28	11.46	12.11	11.34	11.88	22973	6.42	002111	威海广泰	SZ	11.46	6.19	
827	2011-01-28	8.03	8.18	8	8.12	18796	4.47	002112	三变科技	SZ	8.1	4.46	
825	2011-01-28	7.72	7.83	7.68	7.8	6600	7.8	002113	ST天润	SZ	7.72	7.72	
829	2011-01-28	14.51	14.69	14.46	14.61	9107	14.61	002114	罗平锌电	SZ	14.53	14.53	
827	2011-01-28	9.06	9.11	8.96	9.07	28293	4.8	002115	三维通信	SZ	9.02	4.78	
828	2011-01-28	12.26	12.52	12.11	12.43	12854	6.44	002116	中国海诚	SZ	12.22	6.33	
825	2011-01-28	14.57	14.84	14.47	14.84	15273	8.58	002117	东港股份	SZ	14.52	8.4	
784	2011-01-28	13.5	14.15	13.19	14	30129	7	002118	紫鑫药业	SZ	13.61	6.8	
822	2011-01-28	11.35	11.46	11.2	11.4	18463	11.28	002119	康强电子	SZ	11.31	11.19	
826	2011-01-28	16.19	16.33	15.92	16.13	30112	10.68	002121	科陆电子	SZ	16.29	10.79	
829	2011-01-28	15.58	16.45	15.41	15.88	526632	15.3	002122	天马股份	SZ	15.71	15.13	
829	2011-01-28	27.57	27.93	27.13	27.33	24116	18.22	002123	荣信股份	SZ	27.41	18.27	
828	2011-01-28	9.02	9.19	8.96	9.13	12719	8.83	002124	天邦股份	SZ	9.02	8.72	
827	2011-01-28	12.78	13.97	12.78	13.68	16440	8.51	002125	湘潭电化	SZ	12.78	7.96	
822	2011-01-28	12.69	12.77	12.35	12.58	47163	4.75	002126	银轮股份	SZ	12.72	4.8	
829	2011-01-28	9.82	10.12	9.82	10.01	18146	8.25	002127	新民科技	SZ	9.87	8.14	
828	2011-01-28	22.09	22.25	21.75	22.03	25051	20.55	002128	露天煤业	SZ	22.07	20.59	
827	2011-01-28	17.03	17.47	16.87	17.41	42034	11.59	002129	中环股份	SZ	17.03	11.34	
822	2011-01-28	11.41	11.73	11.38	11.57	51071	5.82	002130	沃尔核材	SZ	11.51	5.79	
827	2011-01-28	13.19	14	13.06	13.9	75150	6.84	002132	恒星科技	SZ	13.2	6.49	
826	2011-01-28	5.15	5.21	5.1	5.13	44407	3.94	002133	广宇集团	SZ	5.14	3.95	
827	2011-01-28	7.72	7.82	7.68	7.76	15765	7.76	002134	天津普林	SZ	7.78	7.78	
825	2011-01-28	5.59	5.67	5.51	5.61	39825	2.05	002135	东南网架	SZ	5.59	2.04	
827	2011-01-28	7.38	7.49	7.35	7.46	9486	3.71	002136	安 纳 达	SZ	7.39	3.67	
827	2011-01-28	6.43	6.48	6.33	6.46	18202	3.92	002137	实 益 达	SZ	6.38	3.87	
827	2011-01-28	15.51	15.95	15.37	15.88	33820	10.34	002138	顺络电子	SZ	15.52	10.1	
828	2011-01-28	15.93	16.12	15.86	16.04	10590	14.05	002139	拓邦股份	SZ	16.05	14.06	
828	2011-01-28	25.3	25.91	24.81	25.12	40013	15.6	002140	东华科技	SZ	24.81	15.4	
827	2011-01-28	7.03	7.34	6.99	7.31	36585	4.55	002141	蓉胜超微	SZ	7.03	4.37	
827	2011-01-28	12.66	12.7	12.43	12.53	124731	11.79	002142	宁波银行	SZ	12.71	11.96	
822	2011-01-28	6.98	7.13	6.87	7.08	10851	5.37	002143	高金食品	SZ	6.96	5.29	
828	2011-01-28	15.55	16	15.5	15.86	4186	15.36	002144	宏达高科	SZ	15.85	15.35	
791	2011-01-28	7.16	7.2	7.02	7.16	19250	7.16	002145	*ST钛白	SZ	7.16	7.16	
824	2011-01-28	9.32	9.75	9.09	9.24	364049	6.91	002146	荣盛发展	SZ	9.32	6.97	
828	2011-01-28	14.5	14.98	14.41	14.79	58535	14.18	002147	方圆支承	SZ	14.6	14	
828	2011-01-28	11.76	12.14	11.73	11.83	28480	3.82	002148	北纬通信	SZ	11.74	3.79	
828	2011-01-28	21	21.3	20.51	21.17	7176	20.89	002149	西部材料	SZ	20.8	20.53	
828	2011-01-28	8.23	8.29	8.16	8.25	8875	4.91	002150	江苏通润	SZ	8.19	4.87	
824	2011-01-28	20.06	20.67	20.06	20.58	7622	11.22	002151	北斗星通	SZ	20.14	10.98	
829	2011-01-28	19.4	19.62	19.25	19.6	12830	8.65	002152	广电运通	SZ	19.48	8.6	
829	2011-01-28	30.8	31.93	30.8	31.88	3652	22.74	002153	石基信息	SZ	31.29	22.31	
822	2011-01-28	13.1	13.35	12.95	13.09	24568	6.24	002154	报 喜 鸟	SZ	13.1	6.24	
827	2011-01-28	15.23	15.65	15.12	15.53	181064	8.33	002155	辰州矿业	SZ	15.52	8.33	
829	2011-01-28	9.62	9.79	9.58	9.69	32338	6.01	002156	通富微电	SZ	9.72	6.03	
828	2011-01-28	8.24	8.43	8.14	8.38	37859	5.15	002157	正邦科技	SZ	8.21	5.05	
829	2011-01-28	23.02	23.02	22.25	22.6	6752	16.02	002158	汉钟精机	SZ	22.58	16	
829	2011-01-28	15.05	15.4	14.98	15.24	6862	15.1	002159	三特索道	SZ	15.03	14.89	
828	2011-01-28	10.87	11.36	10.77	11.2	87338	4.14	002161	远 望 谷	SZ	10.74	3.97	
827	2011-01-28	10.59	10.72	10.48	10.7	27553	10.66	002162	斯 米 克	SZ	10.56	10.52	
821	2011-01-28	8.22	8.22	7.99	8.2	44591	4.03	002163	中航三鑫	SZ	8.22	4.03	
827	2011-01-28	7.86	8.03	7.81	8.02	10642	3.93	002164	东力传动	SZ	7.92	3.89	
827	2011-01-28	7.32	7.61	7.32	7.53	19022	4.06	002165	红 宝 丽	SZ	7.37	3.98	
825	2011-01-28	22.9	23.48	22.66	23.05	24536	23.05	002166	莱茵生物	SZ	22.92	22.92	
828	2011-01-28	16.4	17.26	16.33	17.05	90828	8.49	002167	东方锆业	SZ	16.5	8.21	
828	2011-01-28	13.4	13.85	13.4	13.79	36792	5.85	002168	深圳惠程	SZ	13.55	5.75	
826	2011-01-28	11.83	11.89	11.57	11.7	33878	7.78	002169	智光电气	SZ	11.83	7.86	
826	2011-01-28	6.36	6.64	6.33	6.53	86775	2.68	002170	芭田股份	SZ	6.33	2.6	
828	2011-01-28	28.5	31.79	28.45	31.79	187645	31.56	002171	精诚铜业	SZ	28.9	28.69	
826	2011-01-28	8.5	8.64	8.48	8.61	14669	8.61	002172	澳洋科技	SZ	8.55	8.55	
829	2011-01-28	8.31	8.44	8.3	8.4	7354	4.17	002173	山 下 湖	SZ	8.38	4.17	
827	2011-01-28	13.62	13.9	13.6	13.8	4661	13.75	002174	梅 花 伞	SZ	13.77	13.72	
821	2011-01-28	13.98	14.25	13.87	14.17	7697	14.03	002175	广陆数测	SZ	14	13.86	
823	2011-01-28	8.2	8.61	8.08	8.49	126599	2.34	002176	江特电机	SZ	8.22	2.27	
825	2011-01-28	6.41	6.53	6.27	6.47	89663	2.23	002177	御银股份	SZ	6.47	2.23	
828	2011-01-28	10.17	10.61	10.14	10.44	15313	7.43	002178	延华智能	SZ	10.17	7.24	
828	2011-01-28	17.18	17.64	16.7	17.48	30484	17.21	002179	中航光电	SZ	16.98	16.72	
827	2011-01-28	16.16	16.98	15.9	16.27	58652	10.69	002180	万 力 达	SZ	16.19	10.64	
825	2011-01-28	11.62	11.95	11.58	11.83	23945	11.68	002181	粤 传 媒	SZ	11.65	11.51	
829	2011-01-28	14.99	15.88	14.93	15.36	236056	10.12	002182	云海金属	SZ	15.25	10.05	
824	2011-01-28	7.5	7.68	7.42	7.65	35318	4.95	002183	怡 亚 通	SZ	7.42	4.8	
829	2011-01-28	13.09	13.4	13	13.31	20718	13.04	002184	海得控制	SZ	13.09	12.82	
828	2011-01-28	7.75	7.84	7.56	7.76	90817	4.74	002185	华天科技	SZ	7.74	4.73	
829	2011-01-28	14.8	15.42	14.74	15.19	18900	6.92	002186	全 聚 德	SZ	14.81	6.75	
828	2011-01-28	14.46	15	14.44	14.84	13077	7.8	002187	广百股份	SZ	14.51	7.62	
803	2011-01-28	9.1	9.54	9.06	9.45	18130	9.45	002188	新 嘉 联	SZ	9	9	
828	2011-01-28	13.25	13.55	13.05	13.5	17936	13.45	002189	利达光电	SZ	13.18	13.13	
828	2011-01-28	21.15	21.72	20.77	21.37	23741	16.22	002190	成飞集成	SZ	21.31	16.18	
827	2011-01-28	10.54	10.63	10.44	10.59	46704	10.04	002191	劲嘉股份	SZ	10.54	9.99	
827	2011-01-28	24.87	25.29	24.41	25.09	18690	25.04	002192	路翔股份	SZ	24.86	24.81	
828	2011-01-28	14.34	14.34	14.03	14.23	6825	14.17	002193	山东如意	SZ	14.24	14.18	
829	2011-01-28	13.1	13.25	13.03	13.13	11132	12.32	002194	武汉凡谷	SZ	13.13	12.32	
828	2011-01-28	14.49	14.52	14.31	14.47	5479	9.46	002195	海隆软件	SZ	14.49	9.47	
827	2011-01-28	15.23	15.55	15.11	15.33	19343	9.84	002196	方正电机	SZ	15.23	9.77	
825	2011-01-28	9.24	9.52	9.18	9.51	14352	5.85	002197	证通电子	SZ	9.28	5.7	
826	2011-01-28	5.83	5.88	5.77	5.86	10162	2.31	002198	嘉应制药	SZ	5.77	2.27	
826	2011-01-28	11.19	11.39	11.13	11.37	8443	7.42	002199	东晶电子	SZ	11.19	7.3	
810	2011-01-28	23.62	23.8	23.03	23.4	51169	23.4	002200	绿 大 地	SZ	23.61	23.61	
826	2011-01-28	8.6	8.79	8.59	8.66	10396	6.65	002201	九鼎新材	SZ	8.6	6.61	
827	2011-01-28	19.32	19.55	19.12	19.38	127719	18.59	002202	金风科技	SZ	19.32	18.53	
827	2011-01-28	9.61	9.83	9.5	9.77	19902	6.28	002203	海亮股份	SZ	9.64	6.2	
803	2011-01-28	10.32	10.42	10.13	10.18	11142	4.39	002204	华锐铸钢	SZ	10.4	4.48	
826	2011-01-28	32.65	34.45	32.14	33.26	29364	32.86	002205	国统股份	SZ	32.79	32.39	
823	2011-01-28	14.67	14.68	14.25	14.53	28354	8.6	002206	海 利 得	SZ	14.67	8.68	
828	2011-01-28	19.4	19.65	19.09	19.65	9733	19.5	002207	准油股份	SZ	19.63	19.48	
827	2011-01-28	10.16	10.3	10.1	10.18	34459	9.73	002208	合肥城建	SZ	10.17	9.72	
827	2011-01-28	11.34	11.41	11.15	11.32	12394	11.16	002209	达 意 隆	SZ	11.26	11.1	
828	2011-01-28	7.12	7.15	7.05	7.14	16906	5.36	002210	飞马国际	SZ	7.15	5.37	
826	2011-01-28	9.53	9.72	9.5	9.69	8482	6.46	002211	宏达新材	SZ	9.52	6.35	
824	2011-01-28	9.43	9.49	9.36	9.44	11058	4.56	002212	南洋股份	SZ	9.47	4.57	
828	2011-01-28	14.89	15.39	14.65	14.72	27945	14.5	002213	特 尔 佳	SZ	14.8	14.57	
803	2011-01-28	18.05	18.33	17.98	18.25	13241	8.87	002214	大立科技	SZ	18.09	8.8	
824	2011-01-28	10.79	11.16	10.72	10.98	22224	4.38	002215	诺 普 信	SZ	10.83	4.32	
826	2011-01-28	15.35	15.74	15.24	15.68	12401	7.61	002216	三全食品	SZ	15.35	7.45	
828	2011-01-28	6.47	6.53	6.43	6.51	11415	4.24	002217	联合化工	SZ	6.47	4.22	
827	2011-01-28	14.91	15.17	14.83	15.11	12863	10.04	002218	拓日新能	SZ	14.93	9.93	
827	2011-01-28	7.09	7.2	7.09	7.2	11613	3.56	002219	独 一 味	SZ	7.09	3.51	
829	2011-01-28	9.68	9.68	9.54	9.59	11431	4.66	002220	天宝股份	SZ	9.61	4.67	
823	2011-01-28	5.2	5.45	5.18	5.39	119644	2.65	002221	东华能源	SZ	5.22	2.57	
829	2011-01-28	10.67	10.67	10.4	10.59	41863	6.75	002222	福晶科技	SZ	10.65	6.79	
829	2011-01-28	19.02	19.08	18.61	18.94	12241	9.01	002223	鱼跃医疗	SZ	18.94	9.01	
827	2011-01-28	8.68	8.74	8.61	8.71	29240	4.68	002224	三 力 士	SZ	8.68	4.67	
821	2011-01-28	7.12	7.21	7.06	7.18	15429	5.42	002225	濮耐股份	SZ	7.08	5.34	
821	2011-01-28	14	14.41	13.83	14.36	10750	8.93	002226	江南化工	SZ	14.05	8.74	
829	2011-01-28	28.33	28.33	27.85	28.1	4827	27.77	002227	奥 特 迅	SZ	28.27	27.93	
825	2011-01-28	9.04	9.04	8.86	8.98	5037	5.43	002228	合兴包装	SZ	8.99	5.44	
826	2011-01-28	8.21	8.31	8.05	8.21	11826	4.11	002229	鸿博股份	SZ	8.21	4.11	
827	2011-01-28	28	28.22	26.49	26.88	57495	6.83	002230	科大讯飞	SZ	27.44	6.97	
827	2011-01-28	5.93	6.43	5.92	6.4	39521	3.01	002231	奥维通信	SZ	5.93	2.79	
827	2011-01-28	12.25	12.52	12.19	12.46	51822	8.89	002232	启明信息	SZ	12.26	8.75	
827	2011-01-28	6.93	7.12	6.85	7.07	61421	3.41	002233	塔牌集团	SZ	6.91	3.33	
824	2011-01-28	9.56	9.74	9.38	9.68	36811	4.51	002234	民和股份	SZ	9.56	4.45	
826	2011-01-28	12.17	12.2	11.92	12.06	7549	11.68	002235	安妮股份	SZ	12.14	11.76	
828	2011-01-28	8.36	8.45	8.23	8.32	42650	0.97	002236	大华股份	SZ	8.37	0.98	
828	2011-01-28	20.7	21.34	20.55	21.22	26656	10.46	002237	恒邦股份	SZ	21.33	10.52	
821	2011-01-28	9.24	9.3	9.15	9.23	8157	9.18	002239	金 飞 达	SZ	9.25	9.2	
828	2011-01-28	5.72	5.76	5.69	5.74	14871	3.59	002240	威华股份	SZ	5.72	3.58	
828	2011-01-28	12.39	12.61	12.3	12.42	18968	3.35	002241	歌尔声学	SZ	12.48	3.37	
827	2011-01-28	15.29	15.48	15.22	15.34	19157	12.41	002242	九阳股份	SZ	15.29	12.37	
825	2011-01-28	12.78	12.95	12.75	12.83	5847	12.65	002243	通产丽星	SZ	12.85	12.67	
829	2011-01-28	10.74	11.2	10.7	10.79	119952	10.57	002244	滨江集团	SZ	10.74	10.52	
826	2011-01-28	8.15	8.31	8.07	8.27	28520	4.07	002245	澳洋顺昌	SZ	8.19	4.03	
829	2011-01-28	9.98	10.07	9.85	10.07	5517	4.71	002247	帝龙新材	SZ	9.86	4.61	
828	2011-01-28	25.09	25.1	23.44	24.17	65494	24.01	002248	华东数控	SZ	25.66	25.49	
823	2011-01-28	17.75	18.51	17.75	18.07	23773	11.33	002249	大洋电机	SZ	17.99	11.28	
821	2011-01-28	17.43	17.72	17.23	17.64	15516	8.87	002250	联化科技	SZ	17.23	8.67	
828	2011-01-28	13.72	14.61	13.46	14.16	35353	6.98	002251	步 步 高	SZ	13.72	6.76	
828	2011-01-28	16.22	16.85	16.11	16.61	23111	8.96	002252	上海莱士	SZ	16.17	8.72	
825	2011-01-28	23.12	23.87	22.58	23.54	12974	14.15	002253	川大智胜	SZ	23.31	14.01	
828	2011-01-28	15.57	16.02	15.43	15.9	25983	7.54	002254	烟台氨纶	SZ	15.58	7.39	
826	2011-01-28	18	18.24	17.81	18.1	16762	8.84	002255	海陆重工	SZ	17.98	8.78	
722	2011-01-28	13.17	13.42	12.89	13.42	96009	11.07	002256	彩虹精化	SZ	13.33	11	
828	2011-01-28	16.5	16.65	16.2	16.51	8512	16.38	002258	利尔化学	SZ	16.66	16.53	
827	2011-01-28	4.33	4.37	4.32	4.36	37835	2.42	002259	升达林业	SZ	4.34	2.41	
828	2011-01-28	10.64	10.74	10.49	10.66	11466	10.39	002260	伊 立 浦	SZ	10.59	10.32	
824	2011-01-28	17.84	18.1	17.44	17.57	18515	8.92	002261	拓维信息	SZ	17.95	9.11	
829	2011-01-28	15.35	16	15.26	16	10511	12.69	002262	恩华药业	SZ	15.35	12.18	
824	2011-01-28	7.17	7.53	7.17	7.46	51912	2.42	002264	新 华 都	SZ	7.22	2.34	
827	2011-01-28	9.91	10.48	9.91	10.41	20152	10.4	002265	西仪股份	SZ	10.01	10	
819	2011-01-28	5.34	5.51	5.25	5.47	70003	0.62	002266	浙富股份	SZ	5.33	0.61	
828	2011-01-28	9.5	9.8	9.4	9.72	33586	4.56	002267	陕天然气	SZ	9.47	4.44	
829	2011-01-28	18.56	18.79	18.38	18.75	7078	14.22	002268	卫 士 通	SZ	18.56	14.08	
828	2011-01-28	31.3	32.2	30.57	32	17859	28.97	002269	美邦服饰	SZ	31.4	28.43	
829	2011-01-28	12.25	12.48	12.24	12.32	8377	9.23	002270	法因数控	SZ	12.48	9.35	
824	2011-01-28	18.3	18.5	18.08	18.27	19765	8.92	002271	东方雨虹	SZ	18.3	8.94	
828	2011-01-28	7.67	7.88	7.64	7.73	16657	2.55	002272	川润股份	SZ	7.68	2.53	
826	2011-01-28	13.6	14.2	13.33	14.13	30629	4.47	002273	水晶光电	SZ	13.63	4.31	
827	2011-01-28	10.22	10.36	10.1	10.23	13051	10.16	002274	华昌化工	SZ	10.18	10.11	
828	2011-01-28	16.55	16.58	16.38	16.49	5071	11.49	002275	桂林三金	SZ	16.58	11.55	
812	2011-01-28	7.47	7.56	7.41	7.52	17739	4.09	002276	万马电缆	SZ	7.44	4.05	
824	2011-01-28	13.84	14.19	13.74	14.18	45623	8.57	002277	友阿股份	SZ	13.88	8.39	
829	2011-01-28	11.21	11.67	11.18	11.54	12152	8.4	002278	神开股份	SZ	11.27	8.21	
828	2011-01-28	15.06	15.48	14.84	15.3	8370	9.05	002279	久其软件	SZ	15.05	8.9	
829	2011-01-28	21	21.46	20.88	21.08	3650	19.95	002280	新世纪	SZ	20.99	19.87	
818	2011-01-28	37.88	37.88	37.12	37.23	7992	36.35	002281	光迅科技	SZ	37.13	36.25	
828	2011-01-28	15.41	16.38	15.41	16.11	51685	12.04	002282	博深工具	SZ	15.72	11.75	
824	2011-01-28	16.17	16.89	15.81	16.89	156098	8.39	002283	天润曲轴	SZ	16.08	7.99	
828	2011-01-28	13.6	13.77	13.4	13.44	31606	8.7	002284	亚太股份	SZ	13.63	8.83	
829	2011-01-28	18	18.27	17.81	18.21	4076	13.79	002286	保龄宝	SZ	17.99	13.62	
828	2011-01-28	21.4	21.73	21.38	21.67	5137	20.8	002287	奇正藏药	SZ	21.36	20.5	
823	2011-01-28	5.99	6.15	5.9	6.05	26484	2.58	002288	超华科技	SZ	6.02	2.57	
826	2011-01-28	28.43	29.8	28.11	29.38	38929	29.33	002289	宇顺电子	SZ	28.78	28.73	
828	2011-01-28	21.06	21.43	20.82	21.31	14019	14.83	002290	禾盛新材	SZ	20.89	14.54	
827	2011-01-28	12.57	12.81	12.57	12.77	2636	9.71	002291	星期六	SZ	12.67	9.64	
828	2011-01-28	12.16	12.48	12.1	12.41	14036	4.98	002292	奥飞动漫	SZ	12.21	4.9	
829	2011-01-28	31.37	32.65	31.2	32.5	12409	14.87	002293	罗莱家纺	SZ	31.31	14.33	
829	2011-01-28	21.86	22.01	21.53	21.81	13224	7.09	002294	信立泰	SZ	21.81	7.09	
750	2011-01-28	37.65	37.65	36.58	36.66	1396	21	002296	辉煌科技	SZ	36.72	21.03	
828	2011-01-28	12.81	13.05	12.81	12.93	12335	8.59	002297	博云新材	SZ	12.92	8.58	
825	2011-01-28	6.85	7.05	6.85	6.97	9659	3.43	002298	鑫龙电器	SZ	6.91	3.4	
827	2011-01-28	16.5	17.5	16.31	17.17	106441	8.32	002299	圣农发展	SZ	16.48	7.98	
827	2011-01-28	12.27	12.4	12.14	12.24	9670	7.37	002300	太阳电缆	SZ	12.28	7.4	
826	2011-01-28	7.24	7.33	7.18	7.31	14422	3.59	002301	齐心文具	SZ	7.24	3.56	
825	2011-01-28	14.91	15.08	14.81	15	11476	11.48	002302	西部建设	SZ	14.91	11.4	
827	2011-01-28	17.94	18.14	17.94	18.06	12495	8.83	002303	美盈森	SZ	18	8.81	
828	2011-01-28	88.38	89.35	88.11	88.12	7077	35.02	002304	洋河股份	SZ	89.4	35.53	
827	2011-01-28	5.53	5.66	5.49	5.66	14749	2.73	002305	南国置业	SZ	5.51	2.66	
824	2011-01-28	5.61	5.78	5.61	5.72	44411	1.28	002306	湘鄂情	SZ	5.58	1.25	
823	2011-01-28	10.16	10.26	10.01	10.16	63016	5.05	002307	北新路桥	SZ	10.24	5.09	
826	2011-01-28	8.3	8.44	8.3	8.42	44086	3.99	002308	威创股份	SZ	8.36	3.96	
826	2011-01-28	12.38	12.62	12.38	12.55	11108	6.14	002309	中利科技	SZ	12.5	6.11	
824	2011-01-28	26.17	26.3	25.58	26.07	27820	6.51	002310	东方园林	SZ	26.07	6.51	
825	2011-01-28	10.58	10.67	10.39	10.61	14816	3.95	002311	海大集团	SZ	10.61	3.95	
828	2011-01-28	7.33	7.47	7.32	7.41	8916	2.38	002312	三泰电子	SZ	7.33	2.36	
827	2011-01-28	18.46	19.06	18.21	18.92	21327	6.96	002313	日海通讯	SZ	18.46	6.79	
827	2011-01-28	16.17	16.22	16.04	16.15	5406	15.61	002314	雅致股份	SZ	16.14	15.6	
829	2011-01-28	68.55	69.51	67.95	68.95	7801	65.06	002315	焦点科技	SZ	68.66	64.78	
827	2011-01-28	6.52	6.57	6.47	6.54	13606	2.55	002316	键桥通讯	SZ	6.52	2.54	
827	2011-01-28	13.37	13.5	13.28	13.41	8537	4.06	002317	众生药业	SZ	13.37	4.05	
826	2011-01-28	11.81	11.95	11.72	11.88	14181	7.75	002318	久立特材	SZ	11.81	7.7	
827	2011-01-28	9.62	9.69	9.57	9.64	13279	4.68	002319	乐通股份	SZ	9.62	4.68	
828	2011-01-28	17.07	17.07	16.79	17.02	11786	7.85	002320	海峡股份	SZ	17.07	7.87	
829	2011-01-28	10.49	10.73	10.31	10.63	27375	5.16	002321	华英农业	SZ	10.49	5.09	
829	2011-01-28	17.56	18.01	17.56	17.76	1943	4.24	002322	理工监测	SZ	17.82	4.25	
829	2011-01-28	21.41	21.41	21.13	21.28	3143	15.04	002323	中联电气	SZ	21.42	15.14	
826	2011-01-28	17.39	17.4	16.8	17.1	47471	8.4	002324	普利特	SZ	17.5	8.6	
828	2011-01-28	8.12	8.18	7.96	8.04	10285	1.75	002325	洪涛股份	SZ	8.12	1.77	
828	2011-01-28	26.42	26.86	26.18	26.49	9731	14.57	002326	永太科技	SZ	26.4	14.52	
828	2011-01-28	14.47	15.22	14.47	15.08	20652	5.94	002327	富安娜	SZ	14.03	5.53	
829	2011-01-28	11.77	11.92	11.71	11.81	11746	7.57	002328	新朋股份	SZ	11.77	7.54	
828	2011-01-28	21.66	21.94	21.66	21.85	2534	10.66	002329	皇氏乳业	SZ	21.6	10.54	
829	2011-01-28	7.61	7.68	7.54	7.61	14828	3.7	002330	得利斯	SZ	7.61	3.7	
824	2011-01-28	9.82	9.99	9.74	9.89	6462	3.48	002331	皖通科技	SZ	9.9	3.48	
826	2011-01-28	15.8	16.58	15.8	16.57	41362	15.73	002332	仙琚制药	SZ	15.88	15.08	
826	2011-01-28	13.2	13.29	13.11	13.25	6568	12.75	002333	罗普斯金	SZ	13.12	12.62	
825	2011-01-28	19.72	20.14	19.48	19.55	10382	6.54	002334	英威腾	SZ	18.68	6.25	
826	2011-01-28	17.89	17.96	17.79	17.93	6791	6.06	002335	科华恒盛	SZ	17.9	6.05	
827	2011-01-28	21.31	21.42	21.15	21.32	7858	20.21	002336	人人乐	SZ	21.31	20.2	
829	2011-01-28	16.33	16.42	16.29	16.41	3130	9.59	002337	赛象科技	SZ	16.33	9.54	
828	2011-01-28	24.07	24.56	24.05	24.5	2615	15.57	002338	奥普光电	SZ	24.29	15.43	
828	2011-01-28	8.5	8.55	8.4	8.5	9084	2.02	002339	积成电子	SZ	8.5	2.02	
823	2011-01-28	9.83	10	9.73	9.85	31701	1.83	002340	格林美	SZ	9.92	1.84	
824	2011-01-28	8.4	8.88	8.34	8.75	19042	2.08	002341	新纶科技	SZ	8.34	1.99	
823	2011-01-28	8.5	8.63	8.45	8.56	9205	4.19	002342	巨力索具	SZ	8.47	4.14	
829	2011-01-28	14.82	14.95	14.77	14.88	4275	6.83	002343	禾欣股份	SZ	14.81	6.8	
829	2011-01-28	11.72	12.13	11.61	11.71	66378	2.73	002344	海宁皮城	SZ	11.68	2.73	
827	2011-01-28	14.59	15.07	14.44	15.05	17838	6.97	002345	潮宏基	SZ	14.57	6.75	
828	2011-01-28	11.05	11.07	10.73	10.98	20211	5.27	002346	柘中建设	SZ	11.06	5.3	
827	2011-01-28	12.88	13.38	12.79	13.29	31570	7	002347	泰尔重工	SZ	13.06	6.88	
828	2011-01-28	5.98	6	5.92	5.99	9100	1.76	002348	高乐股份	SZ	5.96	1.75	
826	2011-01-28	12.29	12.39	12.12	12.25	24055	4.81	002349	精华制药	SZ	12.24	4.8	
827	2011-01-28	12.09	12.12	11.99	12.07	6264	6.7	002350	北京科锐	SZ	12.09	6.71	
828	2011-01-28	13.75	13.95	13.75	13.81	5695	6.46	002351	漫步者	SZ	13.78	6.45	
826	2011-01-28	29.76	29.9	29.11	29.31	4600	27.54	002352	鼎泰新材	SZ	29.79	27.99	
829	2011-01-28	25.39	25.96	25.25	25.77	18694	4.81	002353	杰瑞股份	SZ	25.55	4.77	
827	2011-01-28	19.1	19.1	18.7	18.92	6381	18.7	002354	科冕木业	SZ	19.04	18.81	
825	2011-01-28	8.15	8.4	8.07	8.31	100884	3.93	002355	兴民钢圈	SZ	8.19	3.87	
828	2011-01-28	29.41	30	29.3	29.75	1786	28.79	002356	浩宁达	SZ	29.41	28.46	
817	2011-01-28	9.23	9.41	9.22	9.37	6543	4.44	002357	富临运业	SZ	9.35	4.43	
828	2011-01-28	10.55	10.66	10.46	10.59	13932	2.8	002358	森源电气	SZ	10.52	2.79	
806	2011-01-28	21.01	21.33	21.01	21.28	5064	3.35	002360	同德化工	SZ	21.11	3.32	
827	2011-01-28	6.45	6.49	6.36	6.48	9253	1.68	002361	神剑股份	SZ	6.39	1.66	
828	2011-01-28	36.72	37.15	36.56	37.07	8229	18.53	002362	汉王科技	SZ	36.72	18.36	
827	2011-01-28	17.97	18.07	17.71	18.02	4593	17.8	002363	隆基机械	SZ	17.92	17.7	
827	2011-01-28	9.22	9.44	9.2	9.42	5812	2.98	002364	中恒电气	SZ	9.29	2.94	
829	2011-01-28	15.19	15.39	15.05	15.31	3788	7.27	002365	永安药业	SZ	15.18	7.21	
827	2011-01-28	17.18	17.25	17.04	17.19	4160	15.85	002366	丹甫股份	SZ	17.12	15.79	
826	2011-01-28	6.02	6.03	5.96	6	23867	1.12	002367	康力电梯	SZ	6	1.12	
826	2011-01-28	18.79	19.16	18.78	19.01	6543	7.56	002368	太极股份	SZ	18.78	7.47	
827	2011-01-28	19.17	19.35	18.95	19.1	3622	9.07	002369	卓翼科技	SZ	19.2	9.12	
828	2011-01-28	10.89	11.06	10.87	10.99	2887	6.34	002370	亚太药业	SZ	10.89	6.29	
823	2011-01-28	17.52	17.92	17.31	17.82	8990	3.74	002371	七星电子	SZ	17.37	3.65	
822	2011-01-28	14.92	15.12	14.9	15.01	11495	10.16	002372	伟星新材	SZ	14.9	10.09	
828	2011-01-28	12.94	13.15	12.91	12.99	2366	6.44	002373	联信永益	SZ	13.05	6.47	
823	2011-01-28	10.82	11.04	10.82	10.99	2973	3.6	002374	丽鹏股份	SZ	10.94	3.58	
827	2011-01-28	24.51	24.95	23.97	24.82	16602	8.13	002375	亚厦股份	SZ	24.75	8.11	
829	2011-01-28	9.43	9.52	9.29	9.44	26609	2.27	002376	新北洋	SZ	9.4	2.26	
826	2011-01-28	9.13	9.13	9	9.08	3583	4.54	002377	国创高新	SZ	9.06	4.53	
825	2011-01-28	31.51	31.98	31.41	31.84	6234	30.97	002378	章源钨业	SZ	31.67	30.81	
826	2011-01-28	8.74	8.75	8.64	8.73	5096	2.16	002379	鲁丰股份	SZ	8.7	2.15	
828	2011-01-28	45.02	45.86	45.02	45.67	1234	44.77	002380	科远股份	SZ	45.35	44.45	
828	2011-01-28	9.72	10.12	9.72	10.02	7342	3.06	002381	双箭股份	SZ	9.83	3	
805	2011-01-28	10.87	11.33	10.87	11.33	12897	3.66	002382	蓝帆股份	SZ	10.85	3.51	
826	2011-01-28	29.71	29.96	29.37	29.87	6644	18.67	002383	合众思壮	SZ	29.68	18.55	
826	2011-01-28	28.24	28.79	27.59	28.15	9898	12.93	002384	东山精密	SZ	28.31	13.01	
828	2011-01-28	8.88	8.93	8.8	8.9	20534	2.07	002385	大北农	SZ	8.8	2.05	
829	2011-01-28	14.68	14.85	14.61	14.85	14452	14.56	002386	天原集团	SZ	14.67	14.38	
828	2011-01-28	15.19	15.3	15.03	15.25	3685	6.41	002387	黑牛食品	SZ	15.2	6.39	
825	2011-01-28	13.7	13.92	13.61	13.84	5608	7.46	002388	新亚制程	SZ	13.74	7.41	
823	2011-01-28	8.1	8.22	8.03	8.03	57849	1.28	002389	南洋科技	SZ	8.02	1.27	
828	2011-01-28	18.2	18.33	18.05	18.3	3450	8.97	002390	信邦制药	SZ	18.27	8.95	
828	2011-01-28	15.9	16.05	15.77	15.86	6539	7.51	002391	长青股份	SZ	15.96	7.56	
824	2011-01-28	10.04	10.27	9.97	10.25	15261	2.48	002392	北京利尔	SZ	10.04	2.43	
829	2011-01-28	43.32	43.58	42.81	43.44	6508	40.71	002393	力生制药	SZ	43.3	40.58	
828	2011-01-28	21.15	21.38	20.95	21.26	8093	9.85	002394	联发股份	SZ	21.11	9.77	
829	2011-01-28	18.92	19.16	18.47	18.74	18030	9.02	002396	星网锐捷	SZ	18.92	9.11	
828	2011-01-28	22.96	24.05	22.78	24.05	5474	14.36	002397	梦洁家纺	SZ	23.19	13.84	
829	2011-01-28	12.18	12.37	12.11	12.3	9522	5.47	002398	建研集团	SZ	12.37	5.5	
827	2011-01-28	63.15	63.42	62.62	63.34	8523	28.87	002399	海普瑞	SZ	63.1	28.76	
829	2011-01-28	9.55	9.8	9.55	9.8	14018	2	002400	省广股份	SZ	9.57	1.95	
828	2011-01-28	16.16	16.31	15.98	16.21	4443	6.67	002402	和而泰	SZ	16.16	6.64	
828	2011-01-28	9.59	9.84	9.59	9.78	13998	4.47	002404	嘉欣丝绸	SZ	9.68	4.42	
827	2011-01-28	26.82	27.49	26.72	27.22	19855	12.87	002407	多氟多	SZ	26.63	12.6	
829	2011-01-28	18.5	19.68	18.38	19.28	83296	8.47	002408	齐翔腾达	SZ	18.56	8.16	
828	2011-01-28	23.42	24.07	23.42	23.91	3462	15.41	002409	雅克科技	SZ	23.49	15.14	
828	2011-01-28	19.15	19.5	19.05	19.48	13205	6.15	002410	广联达	SZ	19.45	6.14	
826	2011-01-28	12.59	12.59	12.11	12.47	7090	4.52	002411	九九久	SZ	12.46	4.52	
826	2011-01-28	15.4	15.4	15.07	15.33	4871	9.91	002413	常发股份	SZ	15.23	9.84	
827	2011-01-28	13.84	14.25	13.7	14.06	24143	6.43	002414	高德红外	SZ	13.75	6.28	
828	2011-01-28	10.14	10.22	9.82	9.88	46129	4.34	002417	三元达	SZ	10.22	4.49	
827	2011-01-28	12.38	12.5	12.35	12.48	5820	7.65	002418	康盛股份	SZ	12.43	7.62	
826	2011-01-28	21.35	21.49	21.06	21.18	10690	10.08	002419	天虹商场	SZ	21.34	10.15	
827	2011-01-28	12.12	12.24	12.07	12.19	6057	12	002420	毅昌股份	SZ	12.18	11.99	
829	2011-01-28	68	70.9	67.57	70.5	18840	34.72	002422	科伦药业	SZ	67.81	33.39	
824	2011-01-28	8.93	9.08	8.83	8.99	27400	8.85	002423	中原特钢	SZ	9.02	8.88	
825	2011-01-28	15.97	15.97	15.81	15.86	8597	7.49	002424	贵州百灵	SZ	15.88	7.5	
828	2011-01-28	14.98	15.12	14.71	15.12	3487	6.17	002425	凯撒股份	SZ	14.98	6.11	
827	2011-01-28	14.08	14.08	13.73	13.92	8982	10.58	002427	尤夫股份	SZ	13.93	10.59	
827	2011-01-28	14.07	14.42	14.04	14.25	64965	2.66	002428	云南锗业	SZ	14.19	2.65	
825	2011-01-28	10.31	10.44	10.26	10.38	18059	4.28	002429	兆驰股份	SZ	10.31	4.25	
827	2011-01-28	15.65	16.34	15.65	16.02	26229	7.58	002430	杭氧股份	SZ	15.94	7.54	
822	2011-01-28	28.79	29.12	28.55	28.77	9002	11.9	002431	棕榈园林	SZ	28.77	11.9	
828	2011-01-28	11.12	11.24	11.07	11.2	7856	4.42	002433	太安堂	SZ	11.16	4.4	
828	2011-01-28	14.4	14.4	14.11	14.26	12821	6.8	002434	万里扬	SZ	14.27	6.81	
828	2011-01-28	27.44	28.2	27.15	28	12898	13.35	002436	兴森科技	SZ	27.15	12.94	
827	2011-01-28	30.58	31.74	30.58	31.52	19064	15.23	002437	誉衡药业	SZ	30.54	14.76	
828	2011-01-28	24.08	24.53	23.83	24.35	10791	11.57	002441	众业达	SZ	24	11.4	
828	2011-01-28	5.54	5.54	5.48	5.52	20681	2.17	002442	龙星化工	SZ	5.47	2.15	
826	2011-01-28	8.52	8.62	8.45	8.58	12297	3.09	002443	金洲管道	SZ	8.54	3.07	
813	2011-01-28	19.2	19.74	19.2	19.64	6428	9.15	002448	中原内配	SZ	19.38	9.03	
828	2011-01-28	19.6	20.1	19.21	20.1	19870	9.46	002449	国星光电	SZ	19.58	9.22	
822	2011-01-28	6.67	6.89	6.54	6.62	43406	1.37	002450	康得新	SZ	6.53	1.35	
827	2011-01-28	20.13	20.52	20.13	20.51	6575	6.78	002451	摩恩电气	SZ	20.16	6.67	
828	2011-01-28	40.92	41.69	40.92	41.35	4764	15.34	002452	长高集团	SZ	41.37	15.34	
826	2011-01-28	33	33.33	32	32.81	11063	3.94	002453	天马精化	SZ	33.09	3.97	
826	2011-01-28	21.58	21.85	21.39	21.64	13819	15.87	002454	松芝股份	SZ	21.82	16.01	
827	2011-01-28	6.75	6.89	6.75	6.82	15685	0.82	002456	欧菲光	SZ	6.86	0.82	
828	2011-01-28	16.73	17.78	16.73	17.46	61491	7.03	002457	青龙管业	SZ	16.67	6.71	
828	2011-01-28	13.65	14.1	13.65	14.03	16960	4.99	002458	益生股份	SZ	13.83	4.92	
829	2011-01-28	21.85	22.22	21.74	21.84	18546	16.44	002459	天业通联	SZ	21.95	16.53	
828	2011-01-28	28	28.27	27.8	28.11	4309	18.22	002460	赣锋锂业	SZ	28	18.15	
827	2011-01-28	17.1	17.83	16.8	17.8	26103	17.74	002461	珠江啤酒	SZ	17.35	17.29	
829	2011-01-28	12.33	12.49	12.23	12.43	7640	7.96	002462	嘉事堂	SZ	12.33	7.9	
827	2011-01-28	7.25	7.39	7.23	7.38	38277	3.41	002463	沪电股份	SZ	7.16	3.31	
799	2011-01-28	23.85	24.09	23.72	23.97	4402	22.9	002464	金利科技	SZ	23.86	22.8	
828	2011-01-28	17.38	18.09	17.25	17.86	25284	8.07	002465	海格通信	SZ	17.38	7.85	
824	2011-01-28	33.17	33.45	32.67	33.25	7236	21.99	002466	天齐锂业	SZ	33.23	21.97	
826	2011-01-28	13.98	14.01	13.8	13.95	8283	6.52	002467	二六三	SZ	13.96	6.53	
827	2011-01-28	12.58	12.8	12.56	12.72	13108	6.99	002468	艾迪西	SZ	12.58	6.91	
827	2011-01-28	20.83	20.87	20.13	20.65	9046	4	002469	三维工程	SZ	20.9	4.05	
827	2011-01-28	17.18	17.32	17.08	17.25	10648	16.87	002470	金正大	SZ	17.24	16.87	
826	2011-01-28	8.52	8.61	8.44	8.53	28451	3.03	002471	中超电缆	SZ	8.5	3.02	
828	2011-01-28	17.09	17.32	16.88	17.29	13258	7.01	002472	双环传动	SZ	17.11	6.94	
828	2011-01-28	13.3	13.31	13.08	13.21	15953	6.34	002473	圣莱达	SZ	13.37	6.42	
827	2011-01-28	13.83	13.99	13.54	13.98	28170	4.31	002474	榕基软件	SZ	13.68	4.22	
824	2011-01-28	15.18	15.27	14.98	15.25	10864	4.68	002475	立讯精密	SZ	15.18	4.66	
829	2011-01-28	5.89	5.95	5.85	5.9	19313	1.27	002476	宝莫股份	SZ	5.92	1.28	
827	2011-01-28	7.5	7.81	7.5	7.69	30426	1.08	002477	雏鹰农牧	SZ	7.61	1.07	
828	2011-01-28	15.85	15.94	15.7	15.92	9684	15.43	002478	常宝股份	SZ	15.9	15.41	
828	2011-01-28	11.12	12.44	11.02	12.07	355918	3.22	002479	富春环保	SZ	11.31	3.02	
827	2011-01-28	34.78	35.33	34.75	35.05	6818	17.11	002480	新筑股份	SZ	35.03	17.11	
827	2011-01-28	7.81	8.3	7.67	8.05	125644	1.07	002481	双塔食品	SZ	7.81	1.04	
827	2011-01-28	21.5	21.68	21.14	21.54	21983	6.6	002482	广田股份	SZ	21.52	6.6	
823	2011-01-28	17.61	18.04	17.53	17.99	50958	9.64	002483	润邦股份	SZ	17.67	9.47	
827	2011-01-28	21	21	20.42	20.95	10084	15.67	002484	江海股份	SZ	21.02	15.72	
828	2011-01-28	14.96	15	14.68	14.95	12294	8.5	002485	希努尔	SZ	14.96	8.5	
826	2011-01-28	6.94	7.09	6.88	7.06	39804	1.54	002486	嘉麟杰	SZ	6.98	1.52	
828	2011-01-28	11.08	11.12	10.97	11.12	20547	3.62	002487	大金重工	SZ	11.08	3.61	
828	2011-01-28	14.37	14.49	14.23	14.43	12463	9.04	002488	金固股份	SZ	14.4	9.02	
827	2011-01-28	16.17	16.3	16.07	16.26	20413	7	002489	浙江永强	SZ	16.22	6.98	
828	2011-01-28	9.85	10.05	9.77	9.91	46391	4.88	002490	山东墨龙	SZ	9.85	4.85	
827	2011-01-28	16.95	16.99	16.71	16.97	27824	16.31	002491	通鼎光电	SZ	16.96	16.3	
829	2011-01-28	24.49	24.66	23.92	24.44	5469	23.83	002494	华斯股份	SZ	24.73	24.12	
828	2011-01-28	10.54	10.6	10.45	10.57	5948	3.64	002495	佳隆股份	SZ	10.54	3.63	
827	2011-01-28	25.21	25.29	24.76	25.07	13714	7.48	002496	辉丰股份	SZ	25.21	7.53	
824	2011-01-28	12.29	12.33	12	12.13	21635	3.81	002497	雅化集团	SZ	12.33	3.87	
798	2011-01-28	15.33	16	15.31	15.66	44799	6.68	002498	汉缆股份	SZ	15.44	6.58	
829	2011-01-28	24.75	24.87	24.41	24.8	4814	16.26	002499	科林环保	SZ	24.75	16.23	
829	2011-01-28	10.15	10.2	10.04	10.11	85200	9.84	002500	山西证券	SZ	10.22	9.95	
829	2011-01-28	14.27	14.56	14.06	14.42	28783	3.8	002501	利源铝业	SZ	14.36	3.78	
828	2011-01-28	16.84	16.94	16.62	16.77	4188	10.2	002502	骅威股份	SZ	16.91	10.29	
829	2011-01-28	14.1	14.26	13.95	14.17	21997	2.31	002503	搜于特	SZ	14.12	2.3	
829	2011-01-28	17.22	17.45	16.92	17.22	6055	12.9	002504	东光微电	SZ	17.22	12.89	
825	2011-01-28	9.93	10.15	9.87	10.11	13695	4.16	002505	大康牧业	SZ	9.93	4.09	
829	2011-01-28	23.9	24.01	23.52	23.79	13493	22.76	002507	涪陵榨菜	SZ	24.18	23.14	
828	2011-01-28	21.16	21.23	20.75	21.12	19487	12.77	002508	老板电器	SZ	21.27	12.86	
827	2011-01-28	7.07	7.21	7	7.12	61696	1.7	002509	天广消防	SZ	7.24	1.73	
828	2011-01-28	11.04	11.06	10.93	11.05	10195	3.95	002512	达华智能	SZ	11.04	3.95	
826	2011-01-28	15.92	15.92	15.32	15.6	25783	5.17	002513	蓝丰生化	SZ	16.09	5.33	
828	2011-01-28	42.72	42.72	41.51	42.33	7525	12.61	002514	宝馨科技	SZ	42.66	12.71	
827	2011-01-28	23.61	23.89	23.02	23.62	22775	11.81	002515	金字火腿	SZ	23.67	11.84	
827	2011-01-28	15.28	15.3	15.06	15.2	8287	11.74	002516	江苏旷达	SZ	15.2	11.74	
827	2011-01-28	12	12.16	11.79	11.88	16160	5.68	002517	泰亚股份	SZ	12.02	5.75	
827	2011-01-28	17.5	18.03	17.34	17.97	20380	6.76	002518	科士达	SZ	17.41	6.55	
829	2011-01-28	15.94	16.02	15.6	15.89	16592	4.72	002519	银河电子	SZ	15.94	4.74	
829	2011-01-28	12.2	12.21	11.97	12.07	17781	2.88	002520	日发数码	SZ	12.2	2.91	
829	2011-01-28	12.79	12.9	12.68	12.81	12981	4.21	002521	齐峰股份	SZ	12.82	4.21	
829	2011-01-28	28.12	28.73	27.81	28.55	18730	16.71	002522	浙江众成	SZ	28.31	16.57	
826	2011-01-28	7.36	7.63	7.21	7.52	118995	1.82	002524	光正钢构	SZ	7.62	1.85	
828	2011-01-28	13.33	13.6	13.28	13.44	23350	7.26	002526	山东矿机	SZ	13.43	7.25	
825	2011-01-28	12.2	12.93	12.2	12.86	38917	7.22	002527	新时达	SZ	12.49	7.02	
826	2011-01-28	18.17	18.48	18.1	18.46	25706	7.28	002528	英飞拓	SZ	18.07	7.13	
827	2011-01-28	22.52	23.18	22.52	23.05	14343	22.32	002529	海源机械	SZ	22.79	22.06	
829	2011-01-28	8.57	8.82	8.53	8.8	47335	4.17	002530	丰东股份	SZ	8.69	4.12	
824	2011-01-28	11.35	11.4	11.2	11.25	23097	5.25	002531	天顺风能	SZ	11.36	5.3	
825	2011-01-28	19.2	20.77	19.2	20.4	59823	10.05	002532	新界泵业	SZ	19.12	9.42	
827	2011-01-28	13.03	13.16	12.87	13.06	29130	5.13	002533	金杯电工	SZ	13.03	5.12	
826	2011-01-28	26.92	27.36	26.56	26.79	19807	25.32	002534	杭锅股份	SZ	27.15	25.66	
828	2011-01-28	23.33	23.47	23.13	23.25	4967	15.38	002537	海立美达	SZ	23.36	15.45	
828	2011-01-28	11.9	12.08	11.83	11.94	13425	5.69	002538	司尔特	SZ	12.03	5.73	
827	2011-01-28	14.7	14.78	14.5	14.6	20919	6.73	002539	新都化工	SZ	14.79	6.82	
827	2011-01-28	12.92	12.92	12.7	12.82	18951	4.51	002540	亚太科技	SZ	12.94	4.55	
825	2011-01-28	19.9	19.91	19	19.28	36758	9.39	002541	鸿路钢构	SZ	19.98	9.73	
826	2011-01-28	25.79	26.29	25.54	25.92	14060	16.79	300001	特锐德	SZ	25.8	16.71	
827	2011-01-28	12.16	12.44	12.14	12.39	39920	2.81	300002	神州泰岳	SZ	12.19	2.77	
829	2011-01-28	25.88	25.98	25.5	25.55	11914	24.65	300003	乐普医疗	SZ	25.8	24.89	
825	2011-01-28	24.5	24.59	23.91	24.25	7340	11.99	300004	南风股份	SZ	24.4	12.06	
826	2011-01-28	10.58	10.71	10.09	10.24	63213	3.2	300005	探路者	SZ	10.74	3.36	
824	2011-01-28	15.99	15.99	15.4	15.85	8187	7.83	300006	莱美药业	SZ	15.76	7.78	
829	2011-01-28	17.02	17.68	16.93	17.36	6843	17.12	300007	汉威电子	SZ	17.02	16.78	
827	2011-01-28	20.25	20.99	20.13	20.82	22594	13.28	300008	上海佳豪	SZ	20.19	12.89	
829	2011-01-28	12.02	12.13	11.91	12.06	11110	7.34	300009	安科生物	SZ	12.02	7.31	
821	2011-01-28	15.01	15.6	14.85	15.52	3503	10.01	300010	立思辰	SZ	15.07	9.72	
826	2011-01-28	17.01	17.15	16.64	16.76	36816	3.79	300011	鼎汉技术	SZ	16.67	3.77	
828	2011-01-28	9.97	10.39	9.9	10.37	16840	3.2	300012	华测检测	SZ	10	3.09	
828	2011-01-28	14.4	14.4	14.2	14.3	4303	14.22	300013	新宁物流	SZ	14.33	14.25	
827	2011-01-28	15.06	15.29	14.97	15.23	21199	4.86	300014	亿纬锂能	SZ	15.1	4.82	
828	2011-01-28	22.81	22.81	22.34	22.69	12098	13.95	300015	爱尔眼科	SZ	22.69	13.95	
828	2011-01-28	5.83	5.85	5.76	5.82	8908	1.76	300016	北陆药业	SZ	5.79	1.76	
827	2011-01-28	15.32	15.84	15.31	15.53	11851	15.21	300017	网宿科技	SZ	15.39	15.07	
827	2011-01-28	12.39	12.4	12.13	12.25	11939	7.7	300018	中元华电	SZ	12.32	7.75	
828	2011-01-28	12	13	12	12.56	15218	7.42	300019	硅宝科技	SZ	11.88	7.02	
825	2011-01-28	16.13	16.46	16.01	16.29	13502	10.72	300020	银江股份	SZ	16.22	10.67	
828	2011-01-28	10.65	11.25	10.47	10.95	67861	5.43	300021	大禹节水	SZ	10.62	5.27	
826	2011-01-28	15.5	16.25	15.35	15.88	51160	7.83	300022	吉峰农机	SZ	15.64	7.71	
829	2011-01-28	15.1	15.35	14.98	15.31	3635	15.31	300023	宝德股份	SZ	15.02	15.02	
825	2011-01-28	26.27	26.66	25.95	26.23	25617	11.9	300024	机器人	SZ	26.27	11.92	
826	2011-01-28	13.82	14.18	13.54	14.1	6578	7.17	300025	华星创业	SZ	13.67	6.95	
827	2011-01-28	12.16	12.38	12.09	12.33	16084	3.54	300026	红日药业	SZ	12.18	3.5	
826	2011-01-28	13	13.14	12.94	13.1	28693	6.23	300027	华谊兄弟	SZ	13.01	6.18	
782	2011-01-28	9.09	9.18	9.04	9.15	12776	5.93	300028	金亚科技	SZ	9.07	5.88	
828	2011-01-28	29.5	29.96	29.32	29.63	16700	29.22	300029	天龙光电	SZ	29.73	29.31	
829	2011-01-28	30.8	31.49	30.8	31.35	4368	7.69	300030	阳普医疗	SZ	31.4	7.7	
828	2011-01-28	12.6	12.6	12.37	12.51	4856	7.94	300031	宝通带业	SZ	12.48	7.93	
828	2011-01-28	9.52	9.74	9.43	9.7	12280	4.62	300032	金龙机电	SZ	9.47	4.51	
827	2011-01-28	29.46	30.38	29.3	30.14	8430	29.6	300033	同花顺	SZ	29.45	28.93	
828	2011-01-28	16.72	16.82	16.56	16.68	5069	9.11	300034	钢研高纳	SZ	16.71	9.13	
829	2011-01-28	10.26	10.38	10.1	10.36	3285	5.06	300035	中科电气	SZ	10.31	5.04	
828	2011-01-28	17.44	17.9	17.44	17.63	4079	10.9	300036	超图软件	SZ	17.51	10.82	
829	2011-01-28	24.49	24.94	24.34	24.78	9168	14.92	300037	新宙邦	SZ	24.57	14.79	
829	2011-01-28	12.51	12.6	12.4	12.57	5231	8.15	300038	梅泰诺	SZ	12.52	8.11	
829	2011-01-28	12.91	12.91	12.54	12.78	9013	3.05	300039	上海凯宝	SZ	12.92	3.09	
828	2011-01-28	8.7	8.77	8.61	8.77	9069	4.13	300040	九洲电气	SZ	8.67	4.08	
829	2011-01-28	21.88	22.34	21.8	22.12	6883	8.03	300041	回天胶业	SZ	21.88	7.94	
810	2011-01-28	10.97	11.1	10.87	11.06	6188	1.73	300043	星辉车模	SZ	10.97	1.71	
828	2011-01-28	10.23	10.35	10.09	10.25	9720	4.54	300044	赛为智能	SZ	10.24	4.53	
828	2011-01-28	9	9.39	8.97	9.32	5125	2.26	300045	华力创通	SZ	9.31	2.25	
828	2011-01-28	24.09	24.6	24.09	24.5	7716	10.73	300046	台基股份	SZ	24.24	10.61	
827	2011-01-28	8.64	8.68	8.53	8.65	18035	2.59	300047	天源迪科	SZ	8.65	2.59	
828	2011-01-28	18.6	19.26	18.59	18.93	38422	6.59	300048	合康变频	SZ	18.58	6.47	
827	2011-01-28	18.98	19.01	18.58	18.77	4361	13.93	300049	福瑞股份	SZ	18.73	13.9	
829	2011-01-28	31.01	31.5	30.85	31.5	8640	15.37	300050	世纪鼎利	SZ	31	15.13	
827	2011-01-28	5.9	6.07	5.9	6.02	13879	1.4	300051	三五互联	SZ	5.99	1.39	
829	2011-01-28	9.1	9.13	9.02	9.09	8415	4.38	300052	中青宝	SZ	9.06	4.36	
828	2011-01-28	11.14	11.24	11.09	11.2	6364	5.56	300053	欧比特	SZ	11.13	5.52	
829	2011-01-28	7.42	7.42	7.21	7.37	29752	0.95	300054	鼎龙股份	SZ	7.41	0.96	
826	2011-01-28	62.72	62.72	61	62.34	1685	30.9	300055	万邦达	SZ	62.25	30.86	
828	2011-01-28	18.72	18.88	18.34	18.88	3008	10.16	300056	三维丝	SZ	18.83	10.13	
828	2011-01-28	12.5	12.9	12.2	12.89	22520	6.29	300057	万顺股份	SZ	12.6	6.15	
793	2011-01-28	9.51	9.71	9.51	9.6	13630	3.1	300058	蓝色光标	SZ	9.58	3.09	
828	2011-01-28	9.65	9.76	9.56	9.6	44949	1.95	300059	东方财富	SZ	9.62	1.95	
829	2011-01-28	12.69	13.11	12.69	12.93	2070	8.08	300061	康耐特	SZ	12.88	8.05	
829	2011-01-28	15.97	16.3	15.9	16.14	1968	7.76	300062	中能电气	SZ	15.91	7.65	
827	2011-01-28	16.23	16.43	16.17	16.43	1865	10.62	300063	天龙集团	SZ	16.27	10.51	
824	2011-01-28	9.27	9.27	8.75	8.93	15308	2.15	300064	豫金刚石	SZ	8.79	2.12	
829	2011-01-28	29	29.72	28.6	29.21	4397	19.15	300065	海兰信	SZ	29.43	19.3	
828	2011-01-28	16.59	16.89	16.54	16.89	5715	5.33	300066	三川股份	SZ	16.56	5.22	
828	2011-01-28	11.67	11.7	11.57	11.68	2093	7.48	300067	安诺其	SZ	11.61	7.43	
826	2011-01-28	10.8	10.91	10.75	10.87	14317	4.37	300068	南都电源	SZ	10.86	4.36	
825	2011-01-28	17.66	17.91	17.38	17.71	28227	2.89	300070	碧水源	SZ	17.66	2.88	
828	2011-01-28	19.21	19.79	19.2	19.63	4544	3.19	300071	华谊嘉信	SZ	19.18	3.12	
827	2011-01-28	7.31	7.4	7.28	7.38	11776	1.37	300072	三聚环保	SZ	7.33	1.36	
826	2011-01-28	19.15	19.24	18.9	19.16	3495	9.43	300073	当升科技	SZ	19.1	9.41	
827	2011-01-28	10.04	10.35	9.96	10.18	65635	1.14	300074	华平股份	SZ	9.96	1.11	
829	2011-01-28	21.69	21.69	21.33	21.5	2330	9.29	300075	数字政通	SZ	21.51	9.29	
829	2011-01-28	23.28	23.77	23.23	23.53	5127	23.01	300076	宁波GQY	SZ	23.28	22.77	
829	2011-01-28	44.64	45.18	44.32	45	9877	17.46	300077	国民技术	SZ	44.72	17.35	
829	2011-01-28	31	32.36	30.71	31.9	33169	11.65	300078	中瑞思创	SZ	31.34	11.44	
828	2011-01-28	19.5	19.81	19.47	19.72	19943	6.33	300079	数码视讯	SZ	19.56	6.27	
827	2011-01-28	19.3	20.23	19.3	20.1	18142	7.59	300080	新大新材	SZ	19.37	7.31	
827	2011-01-28	13.61	13.78	13.6	13.75	4674	6.79	300081	恒信移动	SZ	13.62	6.72	
829	2011-01-28	39.23	39.23	38.23	39	5278	28.44	300082	奥克股份	SZ	39.08	28.49	
827	2011-01-28	20.69	20.9	20.22	20.88	5241	10.2	300083	劲胜股份	SZ	20.48	10	
829	2011-01-28	16.85	16.85	16.42	16.81	3559	8.26	300084	海默科技	SZ	16.83	8.27	
829	2011-01-28	25.64	26.47	25.55	26.21	4486	6.13	300085	银之杰	SZ	25.64	5.99	
825	2011-01-28	36.06	36.78	36	36.5	3965	17.71	300086	康芝药业	SZ	36.02	17.48	
826	2011-01-28	31.17	31.24	30.1	30.8	6086	15.09	300087	荃银高科	SZ	30.8	15.09	
827	2011-01-28	11.36	11.43	11.1	11.39	33452	2.77	300088	长信科技	SZ	11.35	2.76	
828	2011-01-28	13.91	13.97	13.73	13.91	6289	9.16	300089	长城集团	SZ	13.81	9.1	
827	2011-01-28	14.5	14.94	14.32	14.9	9750	7.42	300090	盛运股份	SZ	14.55	7.25	
827	2011-01-28	17.31	18	16.94	17.99	5406	7.06	300091	金通灵	SZ	17.39	6.82	
826	2011-01-28	25.93	26.66	25.8	26.6	2438	26.11	300092	科新机电	SZ	26.66	26.17	
825	2011-01-28	15.01	15.66	14.77	15.65	19590	8.58	300093	金刚玻璃	SZ	15.16	8.31	
827	2011-01-28	12.5	12.78	12.38	12.75	6711	11.6	300094	国联水产	SZ	12.46	11.33	
829	2011-01-28	17.45	17.52	17.31	17.45	4722	13.17	300095	华伍股份	SZ	17.35	13.09	
828	2011-01-28	17.65	18	17.42	17.53	5655	8.64	300096	易联众	SZ	17.6	8.68	
828	2011-01-28	13.1	13.24	12.9	13.19	3692	6.51	300097	智云股份	SZ	13.1	6.46	
785	2011-01-28	12.27	12.4	12.18	12.37	3243	4.59	300098	高新兴	SZ	12.27	4.55	
827	2011-01-28	19.14	19.84	19.03	19.74	13312	3.54	300099	尤洛卡	SZ	19.2	3.44	
827	2011-01-28	11.87	12	11.82	11.94	11306	3.46	300100	双林股份	SZ	11.87	3.44	
828	2011-01-28	21.03	21.59	20.75	21.1	8053	5.19	300101	国腾电子	SZ	21.15	5.2	
829	2011-01-28	29.87	30.32	29.87	30.11	6966	11.37	300102	乾照光电	SZ	29.92	11.3	
826	2011-01-28	11.84	11.94	11.73	11.85	2833	3.5	300103	达刚路机	SZ	11.84	3.49	
827	2011-01-28	5.78	6.02	5.71	5.87	80012	0.72	300104	乐视网	SZ	5.78	0.71	
807	2011-01-28	17.8	18.15	17.6	18.09	7080	17.98	300106	西部牧业	SZ	17.75	17.64	
827	2011-01-28	16.78	17.34	16.78	16.78	63581	8.11	300108	双龙股份	SZ	18.65	9.02	
829	2011-01-28	16.83	17.49	16.83	17.4	4773	5.65	300109	新开源	SZ	17	5.52	
829	2011-01-28	10.32	10.32	10.02	10.27	5082	4.43	300112	万讯自控	SZ	10.31	4.45	
828	2011-01-28	17.44	17.83	17.44	17.74	4036	8.94	300114	中航电测	SZ	17.64	8.88	
827	2011-01-28	17.33	17.72	17.33	17.66	8196	5.68	300115	长盈精密	SZ	17.67	5.68	
827	2011-01-28	13.23	13.61	13.23	13.42	9758	6.71	300116	坚瑞消防	SZ	13.4	6.7	
824	2011-01-28	13.07	13.3	13.05	13.25	9347	6.55	300117	嘉寓股份	SZ	13.07	6.46	
827	2011-01-28	19.99	20.41	19.69	20.25	52496	6.14	300118	东方日升	SZ	19.78	5.99	
827	2011-01-28	47.69	48.52	47.41	48.14	17044	8.63	300119	瑞普生物	SZ	47.92	8.6	
828	2011-01-28	12.64	12.74	12.49	12.67	5570	6.21	300120	经纬电材	SZ	12.64	6.2	
829	2011-01-28	11.09	11.09	10.97	10.99	5987	4.64	300121	阳谷华泰	SZ	11.07	4.68	
826	2011-01-28	33.68	33.68	32.73	33.14	5819	32.44	300122	智飞生物	SZ	33.49	32.78	
826	2011-01-28	23.34	23.35	23.01	23.16	2808	14.22	300123	太阳鸟	SZ	23.12	14.2	
827	2011-01-28	36.97	38.19	36.97	38.11	8531	10.13	300124	汇川技术	SZ	37.38	9.93	
829	2011-01-28	34.42	34.99	34.24	34.97	7400	17.34	300125	易世达	SZ	34.42	17.07	
829	2011-01-28	16.82	16.94	16.73	16.89	8199	8.85	300126	锐奇股份	SZ	16.91	8.86	
829	2011-01-28	43.7	43.9	43.12	43.66	7915	20.41	300127	银河磁体	SZ	43.5	20.33	
829	2011-01-28	9.67	9.87	9.6	9.83	17486	2.27	300128	锦富新材	SZ	9.7	2.24	
827	2011-01-28	9.93	10.1	9.8	9.97	23916	3.29	300132	青松股份	SZ	10.03	3.32	
825	2011-01-28	8.98	8.99	8.73	8.99	49368	0.83	300133	华策影视	SZ	8.95	0.82	
826	2011-01-28	32.53	34.19	31.78	34.1	70596	16.5	300134	大富科技	SZ	32.82	15.88	
826	2011-01-28	6.34	6.39	6.23	6.34	47048	0.86	300135	宝利沥青	SZ	6.34	0.86	
828	2011-01-28	24.8	24.8	24.8	24.8	3572	11.1	300143	星河生物	SZ	22.55	10.1	
827	2011-01-28	14.17	14.36	14.1	14.24	35704	4.13	300144	宋城股份	SZ	14.16	4.1	
828	2011-01-28	18.88	19.5	18.79	19.31	11579	10.48	300145	南方泵业	SZ	18.86	10.24	
826	2011-01-28	21.13	21.47	20.89	21.36	6457	13.4	300151	昌红科技	SZ	20.99	13.17	
828	2011-01-28	17.9	18.07	17.45	17.74	23466	7.53	300152	燃控科技	SZ	17.94	7.62	
827	2011-01-28	17.2	17.24	17.12	17.18	3524	6.35	300155	安居宝	SZ	17.2	6.36	
825	2011-01-28	16.39	16.54	16.11	16.53	29431	4.53	300156	天立环保	SZ	16.42	4.5	
808	2011-01-28	14.51	14.72	14.4	14.45	8004	3.55	300157	恒泰艾普	SZ	14.59	3.58	
826	2011-01-28	17.42	17.48	17.28	17.34	10040	8.5	300158	振东制药	SZ	17.43	8.54	
828	2011-01-28	40.57	41.4	40.11	41.23	11079	4.48	300159	新研股份	SZ	40.54	4.41	
