824	2011-01-27	9.47	9.62	9.38	9.58	408818	5.85	1	深发展Ａ	SZ	9.54	5.82	
829	2011-01-27	7.1	7.1	6.88	7.05	53344	7.05	11	深物业A	SZ	7.22	7.22	
829	2011-01-27	17.8	18.66	17.48	18.6	393136	17.08	12	南 玻Ａ	SZ	18.08	16.6	
828	2011-01-27	8.9	9.11	8.66	9.01	42543	8.93	14	沙河股份	SZ	9.07	8.99	
830	2011-01-27	4.84	4.9	4.74	4.9	19711	4.9	150	宜华地产	SZ	4.88	4.88	
828	2011-01-27	11.12	11.53	11.02	11.42	49485	11.32	151	中成股份	SZ	11.21	11.11	
830	2011-01-27	8.82	9.08	8.75	9.03	24776	8.94	153	丰原药业	SZ	8.85	8.76	
829	2011-01-27	5.98	6.06	5.95	6.02	9318	6.02	155	川化股份	SZ	5.98	5.98	
829	2011-01-27	10.02	10.38	9.88	10.26	518159	7.3	157	中联重科	SZ	10.03	7.14	
829	2011-01-27	5.89	5.93	5.79	5.91	65531	5.89	158	常山股份	SZ	5.9	5.88	
828	2011-01-27	12.21	12.5	12.05	12.41	43359	12.07	159	国际实业	SZ	12.21	11.87	
828	2011-01-27	4.44	4.52	4.42	4.5	69439	4.47	16	深康佳Ａ	SZ	4.46	4.43	
826	2011-01-27	9	9.81	8.9	9.81	201999	9.15	1696	宗申动力	SZ	8.92	8.32	
829	2011-01-27	5.03	5.07	4.92	5.02	14779	5.02	17	*ST中华A	SZ	5.07	5.07	
829	2011-01-27	7.85	7.95	7.78	7.89	3522	7.89	18	ST中冠A	SZ	7.87	7.87	
823	2011-01-27	4.77	4.84	4.73	4.79	11090	4.79	1896	*ST豫能	SZ	4.84	4.84	
809	2011-01-27	10.31	10.91	10.31	10.78	56208	10.51	19	深深宝Ａ	SZ	10.52	10.26	
829	2011-01-27	8.15	8.33	7.95	8.3	1761521	7.61	2	万 科Ａ	SZ	8.51	7.81	
827	2011-01-27	8.4	8.59	8.35	8.52	8423	8.52	20	深华发Ａ	SZ	8.45	8.45	
827	2011-01-27	24.05	24.49	23.81	24.34	30633	22.8	2001	新 和 成	SZ	24.16	22.63	
797	2011-01-27	6.25	6.31	6.14	6.27	17119	6.27	2002	ST琼花	SZ	6.28	6.28	
817	2011-01-27	30.54	31.65	30.06	31.43	10851	20.22	2003	伟星股份	SZ	30.81	19.82	
824	2011-01-27	13.2	13.43	13.06	13.43	7777	4.25	2004	华邦制药	SZ	13.33	4.22	
825	2011-01-27	7.7	8.14	7.66	8.03	98148	3.97	2005	德豪润达	SZ	7.78	3.85	
827	2011-01-27	12.95	13.67	12.88	13.19	100904	4.37	2006	精功科技	SZ	13.08	4.33	
824	2011-01-27	41.5	42.15	41.31	42.04	50667	41.38	2007	华兰生物	SZ	41.5	40.84	
830	2011-01-27	12.96	14.1	12.83	13.8	379685	8.84	2008	大族激光	SZ	12.96	8.31	
824	2011-01-27	14.19	14.72	14.04	14.67	14162	14.62	2009	天奇股份	SZ	14.32	14.27	
826	2011-01-27	8.81	9.27	8.66	9	34599	4.41	2010	传化股份	SZ	8.81	4.31	
829	2011-01-27	10.46	11.12	10.43	10.93	59409	5.27	2011	盾安环境	SZ	10.63	5.13	
829	2011-01-27	7.64	7.82	7.6	7.76	181031	3.7	2012	凯恩股份	SZ	7.69	3.67	
828	2011-01-27	14.8	16.01	14.62	15.68	111627	9.22	2013	中航精机	SZ	15.03	8.84	
828	2011-01-27	10.77	10.82	10.16	10.73	110060	4.89	2014	永新股份	SZ	10.87	4.95	
820	2011-01-27	10.05	10.6	9.95	10.52	50830	10.48	2015	霞客环保	SZ	10.12	10.09	
829	2011-01-27	5.56	5.76	5.46	5.76	45738	4.05	2016	世荣兆业	SZ	5.62	3.95	
814	2011-01-27	16.71	17.46	16.37	17.16	32426	15.33	2017	东信和平	SZ	16.86	15.06	
825	2011-01-27	4.48	4.57	4.43	4.53	51787	3.07	2018	华星化工	SZ	4.47	3.03	
829	2011-01-27	13.3	13.41	12.95	13.29	37341	13.29	2019	鑫富药业	SZ	13.43	13.43	
828	2011-01-27	8.19	8.4	8.11	8.32	8844	4.01	2020	京新药业	SZ	8.23	3.97	
826	2011-01-27	4.14	4.22	4.11	4.22	40600	3.21	2021	中捷股份	SZ	4.16	3.17	
829	2011-01-27	15.75	16.31	15.65	16.27	56145	14.98	2022	科华生物	SZ	15.81	14.55	
829	2011-01-27	12.9	13.47	12.8	13.36	19731	13.08	2023	海特高新	SZ	13.06	12.78	
829	2011-01-27	12.12	12.5	12.03	12.34	283641	11.99	2024	苏宁电器	SZ	12.25	11.9	
829	2011-01-27	11.27	11.92	11.21	11.68	42099	11.37	2025	航天电器	SZ	11.39	11.09	
829	2011-01-27	7.04	7.31	6.98	7.24	20157	4.17	2026	山东威达	SZ	7.12	4.1	
828	2011-01-27	5.99	6.07	5.91	6.03	20738	6.03	2027	七喜控股	SZ	6	6	
830	2011-01-27	22.4	22.9	22.01	22.69	53960	21.55	2028	思源电气	SZ	22.45	21.32	
828	2011-01-27	12.79	13.14	12.53	13.02	36146	5.6	2029	七 匹 狼	SZ	12.88	5.54	
828	2011-01-27	7.85	7.95	7.8	7.92	49119	4.98	2030	达安基因	SZ	7.83	4.92	
825	2011-01-27	7.77	8.04	7.68	7.96	21717	5.19	2031	巨轮股份	SZ	7.77	5.07	
828	2011-01-27	18.37	19.98	18.36	19.75	8945	17.02	2032	苏 泊 尔	SZ	18.51	15.95	
825	2011-01-27	16.57	17.32	16.24	17.07	27369	9.83	2033	丽江旅游	SZ	16.75	9.64	
829	2011-01-27	11.57	12.05	11.46	11.92	7758	11.41	2034	美 欣 达	SZ	11.6	11.1	
829	2011-01-27	13.64	13.85	13.37	13.8	52427	9.7	2035	华帝股份	SZ	13.68	9.62	
830	2011-01-27	11.7	12.06	11.61	11.86	19689	11.71	2036	宜科科技	SZ	11.85	11.7	
825	2011-01-27	13.26	14	13.21	13.65	20958	8.21	2037	久联发展	SZ	13.34	8.02	
828	2011-01-27	25.99	26.88	25.62	26.61	28564	14.63	2038	双鹭药业	SZ	26.08	14.34	
830	2011-01-27	19.4	20.12	19.4	19.65	6080	19.34	2039	黔源电力	SZ	19.4	19.09	
830	2011-01-27	7.89	8.02	7.8	7.97	15301	7.87	2040	南 京 港	SZ	7.88	7.78	
828	2011-01-27	29.5	30.34	29.29	29.82	15407	14.68	2041	登海种业	SZ	29.8	14.67	
822	2011-01-27	8.6	8.65	8.38	8.51	61152	2.71	2042	华孚色纺	SZ	8.67	2.77	
828	2011-01-27	5.09	5.22	4.87	5.12	154478	2.5	2043	兔 宝 宝	SZ	5.12	2.5	
829	2011-01-27	11.27	11.34	10.89	11.21	26524	7.8	2044	江苏三友	SZ	11.22	7.81	
828	2011-01-27	11.23	11.39	10.87	11.19	35381	7.05	2045	广州国光	SZ	11.25	7.09	
829	2011-01-27	12.95	14.24	12.73	13.45	83207	6.53	2046	轴研科技	SZ	13.12	6.38	
830	2011-01-27	4.71	4.78	4.65	4.74	19270	4.74	2047	成霖股份	SZ	4.74	4.74	
827	2011-01-27	12.85	13.11	12.67	13.06	48615	12.71	2048	宁波华翔	SZ	12.88	12.54	
830	2011-01-27	20.65	21.21	20.3	21	17446	20.75	2049	晶源电子	SZ	20.91	20.66	
827	2011-01-27	15.68	16.42	15.55	16.32	10772	7.55	2050	三花股份	SZ	15.84	7.32	
827	2011-01-27	18.57	20.43	17.92	20.43	33238	11.65	2051	中工国际	SZ	18.57	10.59	
823	2011-01-27	4.39	4.45	4.35	4.43	49543	2.19	2052	同洲电子	SZ	4.41	2.18	
827	2011-01-27	11.35	11.66	11.35	11.56	7358	11.46	2053	云南盐化	SZ	11.46	11.36	
829	2011-01-27	10.82	11.15	10.8	11.15	9423	10.73	2054	德美化工	SZ	10.82	10.42	
827	2011-01-27	11.51	11.94	10.99	11.85	51894	5.81	2055	得润电子	SZ	11.5	5.64	
828	2011-01-27	30.8	32.58	30	32.18	127079	32.08	2056	横店东磁	SZ	32.91	32.81	
828	2011-01-27	22.2	22.89	21.93	22.64	16728	22.64	2057	中钢天源	SZ	22.33	22.33	
829	2011-01-27	6.87	7.14	6.84	7.1	11894	3.03	2058	威 尔 泰	SZ	6.97	2.97	
828	2011-01-27	9.56	9.77	9.35	9.65	39927	9.56	2059	云南旅游	SZ	9.82	9.73	
826	2011-01-27	9.06	10.11	9.03	9.99	344332	6.8	2060	粤 水 电	SZ	9.22	6.28	
825	2011-01-27	7.78	7.93	7.63	7.87	27107	5.17	2061	江山化工	SZ	7.78	5.12	
828	2011-01-27	9.83	9.96	9.74	9.93	16929	5.4	2062	宏润建设	SZ	9.82	5.33	
830	2011-01-27	14.75	15.58	14.45	15.21	33098	8.72	2063	远光软件	SZ	14.83	8.51	
829	2011-01-27	10.09	10.4	9.98	10.34	49541	10.11	2064	华峰氨纶	SZ	10.14	9.92	
830	2011-01-27	15.29	15.73	15.11	15.49	28685	9.68	2065	东华软件	SZ	15.33	9.58	
830	2011-01-27	7.62	7.74	7.5	7.7	18208	3.67	2066	瑞泰科技	SZ	7.62	3.64	
829	2011-01-27	3.17	3.26	3.17	3.24	65995	1.58	2067	景兴纸业	SZ	3.2	1.56	
826	2011-01-27	6.09	6.21	6.07	6.17	32611	3.77	2068	黑猫股份	SZ	6.18	3.78	
828	2011-01-27	25.19	25.87	24.86	25.84	29556	16.26	2069	獐 子 岛	SZ	25.04	15.75	
828	2011-01-27	3.68	3.72	3.6	3.7	12969	1.68	2070	众和股份	SZ	3.68	1.67	
829	2011-01-27	10.2	10.65	10.02	10.48	26065	10.41	2071	江苏宏宝	SZ	10.35	10.28	
821	2011-01-27	8.54	8.61	8.3	8.58	3927	8.58	2072	*ST德棉	SZ	8.53	8.53	
828	2011-01-27	22.85	24.33	22.65	24	40665	23.81	2073	软控股份	SZ	23	22.81	
830	2011-01-27	10.34	10.77	10.16	10.72	93061	5.85	2074	东源电器	SZ	10.45	5.7	
830	2011-01-27	9.32	9.48	9.18	9.44	10967	9.05	2076	雪 莱 特	SZ	9.33	8.95	
815	2011-01-27	9.55	9.97	9.36	9.95	29899	9.83	2077	大港股份	SZ	9.61	9.5	
825	2011-01-27	10.43	10.62	10.32	10.61	28998	10.11	2078	太阳纸业	SZ	10.45	9.95	
823	2011-01-27	6.76	6.96	6.67	6.88	37749	2.9	2079	苏州固锝	SZ	6.83	2.88	
827	2011-01-27	17.95	18.38	17.59	18.23	33024	8.74	2080	中材科技	SZ	18.01	8.64	
828	2011-01-27	20.38	20.38	19.4	19.5	33203	5.64	2081	金 螳 螂	SZ	20.15	5.83	
829	2011-01-27	11.7	12.08	11.7	12.01	12564	11.48	2082	栋梁新材	SZ	11.83	11.31	
830	2011-01-27	8.93	9.06	8.83	9.05	71334	8.94	2083	孚日股份	SZ	8.94	8.83	
829	2011-01-27	5.43	5.56	5.39	5.53	17728	3.68	2084	海鸥卫浴	SZ	5.45	3.62	
825	2011-01-27	10.25	10.5	10.05	10.49	10929	9.36	2085	万丰奥威	SZ	10.25	9.14	
829	2011-01-27	14.36	15.6	14.1	15.31	62385	15.08	2086	东方海洋	SZ	14.4	14.18	
828	2011-01-27	5.19	5.3	5.14	5.28	25138	5.19	2087	新野纺织	SZ	5.22	5.13	
829	2011-01-27	15.88	16.26	15.66	16.19	19545	15.75	2088	鲁阳股份	SZ	15.94	15.51	
826	2011-01-27	10.55	11.06	10.46	10.96	44145	5.89	2089	新 海 宜	SZ	10.6	5.69	
771	2011-01-27	12.12	12.34	11.85	12.26	6236	12.01	2090	金智科技	SZ	12.08	11.84	
830	2011-01-27	18.9	19.29	18.52	19.1	45902	15.59	2091	江苏国泰	SZ	18.96	15.48	
825	2011-01-27	12.26	12.8	12.26	12.63	64817	12.04	2092	中泰化学	SZ	12.16	11.59	
827	2011-01-27	7.59	7.88	7.45	7.76	34366	3.88	2093	国脉科技	SZ	7.59	3.79	
829	2011-01-27	13.7	14.13	13.52	14	22074	14	2094	青岛金王	SZ	13.7	13.7	
830	2011-01-27	18.41	19.25	18.33	18.86	9864	15.45	2095	生 意 宝	SZ	18.37	15.05	
801	2011-01-27	15.14	15.61	14.85	15.45	8844	7.56	2096	南岭民爆	SZ	15.34	7.5	
829	2011-01-27	15.05	15.6	14.97	15.4	44773	15.24	2097	山河智能	SZ	15.19	15.03	
823	2011-01-27	13.68	14.15	13.21	13.81	36377	12.98	2098	浔兴股份	SZ	14	13.15	
823	2011-01-27	10.91	11.2	10.74	10.85	30453	5.21	2099	海翔药业	SZ	11.03	5.3	
829	2011-01-27	10.3	10.56	10.26	10.54	48747	10.17	21	长城开发	SZ	10.4	10.03	
825	2011-01-27	10.59	10.8	10.43	10.79	34699	6.25	2100	天康生物	SZ	10.6	6.14	
820	2011-01-27	14.29	14.95	14.15	14.94	10341	7.24	2101	广东鸿图	SZ	14.4	6.98	
826	2011-01-27	4.55	4.66	4.55	4.64	23494	2.32	2102	冠福家用	SZ	4.61	2.31	
830	2011-01-27	12.99	13.3	12.82	13.23	52791	12.99	2104	恒宝股份	SZ	13.1	12.86	
828	2011-01-27	6.54	6.64	6.38	6.6	9479	6.35	2105	信隆实业	SZ	6.54	6.29	
830	2011-01-27	36.07	37.98	35.36	37.88	117363	26.5	2106	莱宝高科	SZ	36.74	25.71	
829	2011-01-27	12.7	12.98	12.63	12.9	9379	12.9	2107	沃华医药	SZ	12.8	12.8	
824	2011-01-27	9.71	9.89	9.64	9.83	15955	5.31	2108	沧州明珠	SZ	9.79	5.29	
825	2011-01-27	8.77	9.13	8.73	9.05	24825	8.67	2109	兴化股份	SZ	8.74	8.37	
827	2011-01-27	9.4	9.63	9.27	9.51	18621	9.48	2110	三钢闽光	SZ	9.45	9.42	
824	2011-01-27	11.01	11.47	11.01	11.46	15609	6.19	2111	威海广泰	SZ	11.23	6.07	
828	2011-01-27	7.88	8.11	7.83	8.1	20825	4.46	2112	三变科技	SZ	7.88	4.34	
826	2011-01-27	7.7	7.76	7.61	7.72	7966	7.72	2113	ST天润	SZ	7.73	7.73	
830	2011-01-27	14.19	14.62	14.01	14.53	11949	14.53	2114	罗平锌电	SZ	14.22	14.22	
828	2011-01-27	8.94	9.06	8.76	9.02	40681	4.78	2115	三维通信	SZ	8.99	4.76	
829	2011-01-27	11.98	12.32	11.74	12.22	15146	6.33	2116	中国海诚	SZ	12.06	6.25	
826	2011-01-27	14.19	14.65	13.9	14.52	15813	8.4	2117	东港股份	SZ	14.21	8.22	
785	2011-01-27	13.18	14.25	13.1	13.61	35528	6.8	2118	紫鑫药业	SZ	13.43	6.72	
823	2011-01-27	11.05	11.37	11	11.31	20342	11.19	2119	康强电子	SZ	11.15	11.03	
827	2011-01-27	15.54	16.35	15.19	16.29	49592	10.79	2121	科陆电子	SZ	15.71	10.4	
830	2011-01-27	14.68	16.45	14.48	15.71	730609	15.13	2122	天马股份	SZ	15.08	14.53	
830	2011-01-27	26.59	27.65	26.15	27.41	25659	18.27	2123	荣信股份	SZ	26.66	17.77	
829	2011-01-27	8.84	9.06	8.78	9.02	16003	8.72	2124	天邦股份	SZ	8.85	8.56	
828	2011-01-27	12.5	12.96	12.36	12.78	7479	7.96	2125	湘潭电化	SZ	12.58	7.83	
823	2011-01-27	12.64	12.8	12.37	12.72	43632	4.8	2126	银轮股份	SZ	12.7	4.79	
830	2011-01-27	9.73	9.96	9.54	9.87	20845	8.14	2127	新民科技	SZ	9.74	8.03	
829	2011-01-27	21.4	22.31	21.18	22.07	29855	20.59	2128	露天煤业	SZ	21.52	20.07	
828	2011-01-27	16.66	17.39	15.92	17.03	23760	11.34	2129	中环股份	SZ	16.59	11.05	
823	2011-01-27	11.07	11.79	10.88	11.51	71126	5.79	2130	沃尔核材	SZ	11.1	5.58	
828	2011-01-27	13.14	13.44	12.94	13.2	54361	6.49	2132	恒星科技	SZ	13.19	6.49	
827	2011-01-27	5.12	5.18	5.03	5.14	43268	3.95	2133	广宇集团	SZ	5.22	4.01	
828	2011-01-27	7.65	7.8	7.51	7.78	14268	7.78	2134	天津普林	SZ	7.69	7.69	
826	2011-01-27	5.42	5.67	5.35	5.59	42507	2.04	2135	东南网架	SZ	5.47	2	
828	2011-01-27	7.28	7.43	7.11	7.39	7221	3.67	2136	安 纳 达	SZ	7.3	3.63	
828	2011-01-27	6.3	6.41	6.24	6.38	16274	3.87	2137	实 益 达	SZ	6.32	3.84	
828	2011-01-27	14.83	15.66	14.73	15.52	51712	10.1	2138	顺络电子	SZ	15.03	9.78	
829	2011-01-27	15.84	16.17	15.66	16.05	12617	14.06	2139	拓邦股份	SZ	15.92	13.95	
829	2011-01-27	23.42	24.83	23.19	24.81	30753	15.4	2140	东华科技	SZ	23.56	14.63	
828	2011-01-27	6.89	7.04	6.82	7.03	17957	4.37	2141	蓉胜超微	SZ	6.96	4.33	
828	2011-01-27	12.42	12.74	12.33	12.71	190604	11.96	2142	宁波银行	SZ	12.62	11.88	
823	2011-01-27	6.87	7.03	6.79	6.96	9341	5.29	2143	高金食品	SZ	6.9	5.24	
829	2011-01-27	16	16	15.55	15.85	4783	15.35	2144	宏达高科	SZ	15.75	15.26	
792	2011-01-27	7.03	7.2	6.95	7.16	20673	7.16	2145	*ST钛白	SZ	7.09	7.09	
825	2011-01-27	9.54	9.54	8.93	9.32	389800	6.97	2146	荣盛发展	SZ	9.92	7.42	
829	2011-01-27	14.58	14.75	14.22	14.6	62521	14	2147	方圆支承	SZ	14.59	13.99	
829	2011-01-27	11.73	11.93	11.59	11.74	45200	3.79	2148	北纬通信	SZ	11.71	3.78	
829	2011-01-27	20.25	21.05	19.91	20.8	6552	20.53	2149	西部材料	SZ	20.3	20.03	
829	2011-01-27	7.94	8.27	7.81	8.19	8396	4.87	2150	江苏通润	SZ	8.03	4.78	
825	2011-01-27	20	20.32	19.73	20.14	10632	10.98	2151	北斗星通	SZ	20	10.9	
830	2011-01-27	19.01	19.68	18.91	19.48	17038	8.6	2152	广电运通	SZ	19.27	8.5	
830	2011-01-27	31.08	31.67	30.37	31.29	6385	22.31	2153	石基信息	SZ	31.08	22.16	
823	2011-01-27	12.75	13.4	12.55	13.1	37701	6.24	2154	报 喜 鸟	SZ	12.8	6.09	
828	2011-01-27	14.66	15.7	14.46	15.52	261393	8.33	2155	辰州矿业	SZ	14.59	7.83	
830	2011-01-27	9.39	9.74	9.31	9.72	70954	6.03	2156	通富微电	SZ	9.25	5.74	
829	2011-01-27	8.06	8.31	7.99	8.21	32446	5.05	2157	正邦科技	SZ	8.12	4.99	
830	2011-01-27	21.82	22.7	21.59	22.58	7024	16	2158	汉钟精机	SZ	21.98	15.58	
830	2011-01-27	14.9	15.2	14.52	15.03	7491	14.89	2159	三特索道	SZ	14.89	14.75	
829	2011-01-27	10.75	11.04	10.37	10.74	84982	3.97	2161	远 望 谷	SZ	10.67	3.94	
828	2011-01-27	10.4	10.68	10.28	10.56	27676	10.52	2162	斯 米 克	SZ	10.39	10.35	
822	2011-01-27	8.14	8.24	7.91	8.22	55652	4.03	2163	中航三鑫	SZ	8.12	3.99	
828	2011-01-27	7.73	7.95	7.62	7.92	13336	3.89	2164	东力传动	SZ	7.77	3.81	
828	2011-01-27	7.31	7.42	7.19	7.37	16721	3.98	2165	红 宝 丽	SZ	7.31	3.94	
826	2011-01-27	22.67	22.97	22.1	22.92	24984	22.92	2166	莱茵生物	SZ	22.69	22.69	
829	2011-01-27	15.38	16.77	15.35	16.5	90388	8.21	2167	东方锆业	SZ	15.38	7.65	
829	2011-01-27	13.41	13.68	13.12	13.55	45962	5.75	2168	深圳惠程	SZ	13.41	5.69	
827	2011-01-27	11.25	11.83	11.2	11.83	41618	7.86	2169	智光电气	SZ	11.33	7.53	
827	2011-01-27	6.15	6.48	6.05	6.33	81590	2.6	2170	芭田股份	SZ	6.24	2.57	
829	2011-01-27	27.8	29.4	27.01	28.9	149430	28.69	2171	精诚铜业	SZ	28.73	28.53	
827	2011-01-27	8.4	8.58	8.32	8.55	21485	8.55	2172	澳洋科技	SZ	8.43	8.43	
830	2011-01-27	8.27	8.43	8.1	8.38	5391	4.17	2173	山 下 湖	SZ	8.28	4.12	
828	2011-01-27	13.4	13.77	13.3	13.77	5410	13.72	2174	梅 花 伞	SZ	13.57	13.52	
822	2011-01-27	13.58	14.09	13.45	14	11625	13.86	2175	广陆数测	SZ	13.63	13.49	
824	2011-01-27	8.03	8.49	7.92	8.22	152646	2.27	2176	江特电机	SZ	8.26	2.28	
826	2011-01-27	6.59	6.59	6.11	6.47	147099	2.23	2177	御银股份	SZ	6.44	2.22	
829	2011-01-27	9.99	10.19	9.93	10.17	8969	7.24	2178	延华智能	SZ	10.01	7.13	
829	2011-01-27	16.7	17.26	16.52	16.98	25298	16.72	2179	中航光电	SZ	16.65	16.39	
828	2011-01-27	15.86	16.33	15.43	16.19	49634	10.64	2180	万 力 达	SZ	16.08	10.57	
826	2011-01-27	11.4	11.7	11.31	11.65	24036	11.51	2181	粤 传 媒	SZ	11.55	11.41	
830	2011-01-27	14.06	15.31	13.79	15.25	228925	10.05	2182	云海金属	SZ	14.52	9.57	
825	2011-01-27	7.39	7.47	7.26	7.42	28469	4.8	2183	怡 亚 通	SZ	7.39	4.78	
830	2011-01-27	12.88	13.24	12.78	13.09	25222	12.82	2184	海得控制	SZ	13.02	12.76	
829	2011-01-27	7.62	7.81	7.54	7.74	77545	4.73	2185	华天科技	SZ	7.63	4.66	
830	2011-01-27	14.56	14.89	14.41	14.81	13106	6.75	2186	全 聚 德	SZ	14.63	6.66	
829	2011-01-27	14.41	14.54	14.28	14.51	9039	7.62	2187	广百股份	SZ	14.38	7.56	
829	2011-01-27	12.46	13.45	12.38	13.18	21040	13.13	2189	利达光电	SZ	12.66	12.62	
829	2011-01-27	20.33	21.68	20.15	21.31	31517	16.18	2190	成飞集成	SZ	20.58	15.63	
828	2011-01-27	10.47	10.62	10.39	10.54	52844	9.99	2191	劲嘉股份	SZ	10.53	9.98	
828	2011-01-27	24.15	25.15	23.9	24.86	18395	24.81	2192	路翔股份	SZ	24.27	24.22	
829	2011-01-27	13.91	14.27	13.71	14.24	10194	14.18	2193	山东如意	SZ	13.97	13.92	
830	2011-01-27	12.81	13.26	12.8	13.13	15898	12.32	2194	武汉凡谷	SZ	12.91	12.11	
829	2011-01-27	14.19	14.52	14.05	14.49	8030	9.47	2195	海隆软件	SZ	14.19	9.27	
828	2011-01-27	14.72	15.46	14.67	15.23	21500	9.77	2196	方正电机	SZ	14.91	9.57	
826	2011-01-27	9.05	9.32	8.96	9.28	10066	5.7	2197	证通电子	SZ	9.12	5.6	
827	2011-01-27	5.71	5.77	5.63	5.77	14399	2.27	2198	嘉应制药	SZ	5.7	2.25	
827	2011-01-27	10.94	11.29	10.92	11.19	7330	7.3	2199	东晶电子	SZ	11.12	7.26	
829	2011-01-27	14.87	15.31	14.56	15.18	44464	13.82	22	深赤湾Ａ	SZ	14.9	13.56	
811	2011-01-27	22.88	23.97	22.51	23.61	69764	23.61	2200	绿 大 地	SZ	22.86	22.86	
827	2011-01-27	8.33	8.62	8.31	8.6	11966	6.61	2201	九鼎新材	SZ	8.45	6.49	
828	2011-01-27	18.78	19.5	18.61	19.32	181695	18.53	2202	金风科技	SZ	18.93	18.16	
828	2011-01-27	9.33	9.7	9.17	9.64	17591	6.2	2203	海亮股份	SZ	9.37	6.03	
804	2011-01-27	10.14	10.53	10	10.4	16195	4.48	2204	华锐铸钢	SZ	10.13	4.36	
827	2011-01-27	30.95	33.33	30.53	32.79	39577	32.39	2205	国统股份	SZ	31.3	30.92	
824	2011-01-27	14.37	14.75	14.12	14.67	38355	8.68	2206	海 利 得	SZ	14.32	8.47	
829	2011-01-27	19.51	19.87	19.1	19.63	6308	19.48	2207	准油股份	SZ	19.6	19.45	
828	2011-01-27	10.33	10.35	10	10.17	66854	9.72	2208	合肥城建	SZ	10.51	10.05	
828	2011-01-27	11.08	11.37	10.96	11.26	12990	11.1	2209	达 意 隆	SZ	11.21	11.05	
829	2011-01-27	6.99	7.17	6.96	7.15	15997	5.37	2210	飞马国际	SZ	7.05	5.3	
827	2011-01-27	9.33	9.59	9.14	9.52	8514	6.35	2211	宏达新材	SZ	9.38	6.25	
825	2011-01-27	9.25	9.47	9.18	9.47	14907	4.57	2212	南洋股份	SZ	9.3	4.49	
829	2011-01-27	13.99	15.08	13.73	14.8	28669	14.57	2213	特 尔 佳	SZ	13.94	13.73	
804	2011-01-27	17.75	18.4	17.55	18.09	8987	8.8	2214	大立科技	SZ	17.9	8.7	
825	2011-01-27	10.75	11.08	10.44	10.83	25866	4.32	2215	诺 普 信	SZ	10.75	4.29	
827	2011-01-27	15.2	15.77	15.06	15.35	17767	7.45	2216	三全食品	SZ	15.15	7.35	
829	2011-01-27	6.35	6.53	6.32	6.47	14548	4.22	2217	联合化工	SZ	6.37	4.15	
828	2011-01-27	14.75	15.04	14.67	14.93	11611	9.93	2218	拓日新能	SZ	14.79	9.84	
828	2011-01-27	7.02	7.11	6.91	7.09	12844	3.51	2219	独 一 味	SZ	7.02	3.47	
830	2011-01-27	9.55	9.73	9.4	9.61	14194	4.67	2220	天宝股份	SZ	9.51	4.62	
824	2011-01-27	5.24	5.34	5.18	5.22	106862	2.57	2221	东华能源	SZ	5.28	2.6	
830	2011-01-27	10.09	10.73	10.02	10.65	69994	6.79	2222	福晶科技	SZ	10.19	6.5	
830	2011-01-27	18.22	18.94	17.83	18.94	33446	9.01	2223	鱼跃医疗	SZ	18.27	8.69	
828	2011-01-27	8.49	8.74	8.42	8.68	29974	4.67	2224	三 力 士	SZ	8.56	4.6	
822	2011-01-27	7.04	7.12	6.98	7.08	9729	5.34	2225	濮耐股份	SZ	7.04	5.31	
822	2011-01-27	13.67	14.12	13.47	14.05	16056	8.74	2226	江南化工	SZ	13.65	8.49	
830	2011-01-27	27.7	28.4	27.39	28.27	5975	27.93	2227	奥 特 迅	SZ	27.74	27.41	
826	2011-01-27	8.79	9.05	8.76	8.99	7675	5.44	2228	合兴包装	SZ	8.79	5.32	
827	2011-01-27	7.9	8.28	7.9	8.21	23845	4.11	2229	鸿博股份	SZ	8.03	4.02	
828	2011-01-27	26.22	27.5	25.34	27.44	66382	6.97	2230	科大讯飞	SZ	26.42	6.71	
828	2011-01-27	5.78	5.99	5.7	5.93	10817	2.79	2231	奥维通信	SZ	5.81	2.73	
828	2011-01-27	11.86	12.4	11.63	12.26	69885	8.75	2232	启明信息	SZ	11.93	8.51	
828	2011-01-27	6.75	6.97	6.7	6.91	57624	3.33	2233	塔牌集团	SZ	6.84	3.3	
825	2011-01-27	9.39	9.74	9.34	9.56	38630	4.45	2234	民和股份	SZ	9.33	4.34	
827	2011-01-27	11.96	12.15	11.73	12.14	2989	11.76	2235	安妮股份	SZ	11.96	11.59	
829	2011-01-27	8.09	8.62	8.08	8.37	36677	0.98	2236	大华股份	SZ	8.26	0.97	
829	2011-01-27	20.7	21.55	20.51	21.33	26586	10.52	2237	恒邦股份	SZ	20.69	10.2	
826	2011-01-27	18.06	19.08	17.94	19.07	23218	15.68	2238	天威视讯	SZ	18.24	15	
822	2011-01-27	9.37	9.37	9.17	9.25	14649	9.2	2239	金 飞 达	SZ	9.31	9.26	
829	2011-01-27	5.62	5.76	5.6	5.72	20542	3.58	2240	威华股份	SZ	5.59	3.5	
829	2011-01-27	11.86	12.68	11.67	12.48	55752	3.37	2241	歌尔声学	SZ	11.97	3.23	
828	2011-01-27	15.23	15.32	14.97	15.29	21591	12.37	2242	九阳股份	SZ	15.28	12.37	
826	2011-01-27	12.68	12.88	12.4	12.85	9599	12.67	2243	通产丽星	SZ	12.65	12.47	
830	2011-01-27	10.8	11.11	10.44	10.74	140723	10.52	2244	滨江集团	SZ	11.25	11.02	
827	2011-01-27	7.9	8.19	7.8	8.19	30409	4.03	2245	澳洋顺昌	SZ	7.99	3.93	
830	2011-01-27	9.79	9.94	9.56	9.86	6546	4.61	2247	帝龙新材	SZ	9.8	4.58	
829	2011-01-27	25	26.2	25	25.66	20846	25.49	2248	华东数控	SZ	25.3	25.13	
824	2011-01-27	17.93	18.31	17.67	17.99	15362	11.28	2249	大洋电机	SZ	17.93	11.25	
822	2011-01-27	17.07	17.36	16.71	17.23	15211	8.67	2250	联化科技	SZ	17.08	8.59	
829	2011-01-27	13.68	13.79	13.53	13.72	21572	6.76	2251	步 步 高	SZ	13.67	6.74	
829	2011-01-27	15.67	16.31	15.46	16.17	22528	8.72	2252	上海莱士	SZ	15.71	8.48	
826	2011-01-27	21.38	23.36	21.34	23.31	23233	14.01	2253	川大智胜	SZ	22.36	13.44	
829	2011-01-27	14.82	15.67	14.63	15.58	34207	7.39	2254	烟台氨纶	SZ	14.82	7.03	
827	2011-01-27	17.35	18.25	17.33	17.98	18305	8.78	2255	海陆重工	SZ	17.7	8.64	
723	2011-01-27	12.32	13.49	12.23	13.33	156080	11	2256	彩虹精化	SZ	12.27	10.12	
829	2011-01-27	16.15	17.15	16.15	16.66	13662	16.53	2258	利尔化学	SZ	15.97	15.85	
828	2011-01-27	4.28	4.37	4.26	4.34	60217	2.41	2259	升达林业	SZ	4.28	2.38	
829	2011-01-27	10.41	10.66	10.3	10.59	9011	10.32	2260	伊 立 浦	SZ	10.6	10.33	
825	2011-01-27	18.12	18.12	17.75	17.95	22455	9.11	2261	拓维信息	SZ	18.12	9.2	
830	2011-01-27	14.78	15.38	14.58	15.35	11515	12.18	2262	恩华药业	SZ	15.05	11.94	
827	2011-01-27	7.9	8.03	7.8	7.97	24924	6.49	2263	大 东 南	SZ	7.89	6.42	
825	2011-01-27	7.16	7.36	7.03	7.22	71421	2.34	2264	新 华 都	SZ	7.17	2.32	
828	2011-01-27	9.61	10.11	9.55	10.01	17617	10	2265	西仪股份	SZ	9.74	9.73	
820	2011-01-27	5.1	5.35	4.99	5.33	63571	0.61	2266	浙富股份	SZ	5.1	0.58	
829	2011-01-27	9.19	9.51	9.19	9.47	28754	4.44	2267	陕天然气	SZ	9.36	4.39	
830	2011-01-27	18.08	18.66	18.08	18.56	12686	14.08	2268	卫 士 通	SZ	18.32	13.89	
829	2011-01-27	28.88	31.4	28.34	31.4	17506	28.43	2269	美邦服饰	SZ	29.09	26.34	
830	2011-01-27	11.63	12.48	11.42	12.48	23976	9.35	2270	法因数控	SZ	11.64	8.72	
825	2011-01-27	17.5	18.66	17.49	18.3	29621	8.94	2271	东方雨虹	SZ	17.69	8.64	
829	2011-01-27	7.5	7.75	7.4	7.68	17259	2.53	2272	川润股份	SZ	7.66	2.53	
827	2011-01-27	13.37	13.77	13.1	13.63	24385	4.31	2273	水晶光电	SZ	13.37	4.23	
828	2011-01-27	10.01	10.3	9.86	10.18	11662	10.11	2274	华昌化工	SZ	10.07	10	
829	2011-01-27	16.35	16.58	16.2	16.58	5862	11.55	2275	桂林三金	SZ	16.35	11.39	
813	2011-01-27	7.37	7.48	7.32	7.44	22631	4.05	2276	万马电缆	SZ	7.37	4	
825	2011-01-27	13.94	14	13.7	13.88	39492	8.39	2277	友阿股份	SZ	13.97	8.45	
830	2011-01-27	11.06	11.32	10.84	11.27	8277	8.21	2278	神开股份	SZ	11.06	8.06	
829	2011-01-27	14.73	15.31	14.56	15.05	7204	8.9	2279	久其软件	SZ	14.77	8.74	
830	2011-01-27	19.98	21.5	19.75	20.99	8028	19.87	2280	新世纪	SZ	19.94	18.87	
819	2011-01-27	37.2	37.45	36.51	37.13	15878	36.25	2281	光迅科技	SZ	36.78	35.91	
829	2011-01-27	14.99	16.38	14.58	15.72	65343	11.75	2282	博深工具	SZ	15.08	11.27	
825	2011-01-27	15.5	16.16	15.12	16.08	97013	7.99	2283	天润曲轴	SZ	15.5	7.7	
829	2011-01-27	13.55	13.9	13.2	13.63	57138	8.83	2284	亚太股份	SZ	13.63	8.83	
829	2011-01-27	13.49	13.49	12.46	13.42	42340	6.59	2285	世联地产	SZ	13.67	6.71	
830	2011-01-27	17.68	18.04	17.38	17.99	5006	13.62	2286	保龄宝	SZ	17.66	13.37	
829	2011-01-27	20.95	21.47	20.9	21.36	4934	20.5	2287	奇正藏药	SZ	20.99	20.14	
824	2011-01-27	5.98	6.06	5.86	6.02	17090	2.57	2288	超华科技	SZ	5.98	2.55	
827	2011-01-27	28.1	28.95	27	28.78	34842	28.73	2289	宇顺电子	SZ	28.65	28.6	
829	2011-01-27	20.27	20.93	20.06	20.89	14242	14.54	2290	禾盛新材	SZ	20.27	14.11	
828	2011-01-27	12.42	12.76	12.31	12.67	6198	9.64	2291	星期六	SZ	12.42	9.45	
829	2011-01-27	11.98	12.24	11.68	12.21	19609	4.9	2292	奥飞动漫	SZ	12.01	4.82	
830	2011-01-27	31	31.59	30.44	31.31	9500	14.33	2293	罗莱家纺	SZ	31.24	14.3	
830	2011-01-27	21.25	21.84	20.94	21.81	19201	7.09	2294	信立泰	SZ	21.25	6.91	
827	2011-01-27	11.77	12.05	11.73	11.97	17516	7.89	2295	精艺股份	SZ	11.97	7.89	
751	2011-01-27	36.47	37.35	35.81	36.72	1898	21.03	2296	辉煌科技	SZ	36.18	20.72	
829	2011-01-27	12.77	13.13	12.6	12.92	16778	8.58	2297	博云新材	SZ	12.77	8.48	
826	2011-01-27	6.72	6.99	6.6	6.91	12575	3.4	2298	鑫龙电器	SZ	6.71	3.3	
828	2011-01-27	16.3	16.68	15.94	16.48	96784	7.98	2299	圣农发展	SZ	16.38	7.93	
829	2011-01-27	7.9	8.03	7.84	7.99	12033	7.92	23	深天地Ａ	SZ	7.96	7.89	
828	2011-01-27	11.98	12.47	11.83	12.28	10538	7.4	2300	太阳电缆	SZ	12.01	7.23	
827	2011-01-27	7.11	7.24	7.05	7.24	16848	3.56	2301	齐心文具	SZ	7.17	3.52	
826	2011-01-27	14.84	14.95	14.66	14.91	15453	11.4	2302	西部建设	SZ	14.83	11.34	
828	2011-01-27	17.8	18.08	17.55	18	19653	8.81	2303	美盈森	SZ	17.83	8.72	
829	2011-01-27	88.05	89.93	87.21	89.4	12551	35.53	2304	洋河股份	SZ	89.17	35.43	
828	2011-01-27	5.43	5.54	5.4	5.51	11450	2.66	2305	南国置业	SZ	5.49	2.65	
824	2011-01-27	9.93	10.29	9.9	10.24	86552	5.09	2307	北新路桥	SZ	10.12	5.03	
827	2011-01-27	8.28	8.46	8.14	8.36	50328	3.96	2308	威创股份	SZ	8.3	3.93	
827	2011-01-27	12.14	12.59	11.94	12.5	22363	6.11	2309	中利科技	SZ	12.16	5.94	
825	2011-01-27	25.74	26.36	25.32	26.07	44589	6.51	2310	东方园林	SZ	25.57	6.38	
826	2011-01-27	10.42	10.73	10.27	10.61	24312	3.95	2311	海大集团	SZ	10.46	3.9	
829	2011-01-27	7.29	7.51	7.23	7.33	17139	2.36	2312	三泰电子	SZ	7.28	2.34	
828	2011-01-27	17.81	18.52	17.65	18.46	22798	6.79	2313	日海通讯	SZ	17.92	6.59	
828	2011-01-27	15.89	16.14	15.75	16.14	6781	15.6	2314	雅致股份	SZ	15.91	15.38	
830	2011-01-27	67.37	68.8	66.89	68.66	6379	64.78	2315	焦点科技	SZ	67.37	63.57	
828	2011-01-27	6.35	6.54	6.26	6.52	17780	2.54	2316	键桥通讯	SZ	6.39	2.49	
828	2011-01-27	13.16	13.4	13.04	13.37	12999	4.05	2317	众生药业	SZ	13.15	3.98	
827	2011-01-27	11.69	11.93	11.59	11.81	16419	7.7	2318	久立特材	SZ	11.69	7.62	
828	2011-01-27	9.52	9.66	9.43	9.62	14779	4.68	2319	乐通股份	SZ	9.56	4.65	
829	2011-01-27	16.4	17.07	16.35	17.07	13183	7.87	2320	海峡股份	SZ	16.57	7.64	
830	2011-01-27	10.31	10.59	10.18	10.49	30996	5.09	2321	华英农业	SZ	10.31	5	
830	2011-01-27	17.25	18.3	17.01	17.82	11513	4.25	2322	理工监测	SZ	17.15	4.09	
830	2011-01-27	21.29	21.42	20.79	21.42	3826	15.14	2323	中联电气	SZ	21.15	14.95	
827	2011-01-27	17.19	17.72	17	17.5	18428	8.6	2324	普利特	SZ	17.25	8.48	
829	2011-01-27	7.77	8.14	7.6	8.12	27653	1.77	2325	洪涛股份	SZ	7.77	1.69	
829	2011-01-27	26.72	26.81	25.83	26.4	9519	14.52	2326	永太科技	SZ	26.67	14.67	
829	2011-01-27	13.71	14.13	13.54	14.03	6265	5.53	2327	富安娜	SZ	13.67	5.38	
830	2011-01-27	11.23	11.77	11.21	11.77	13567	7.54	2328	新朋股份	SZ	11.53	7.39	
829	2011-01-27	21.15	21.6	21	21.6	2556	10.54	2329	皇氏乳业	SZ	21.09	10.29	
830	2011-01-27	7.41	7.64	7.34	7.61	7014	3.7	2330	得利斯	SZ	7.44	3.62	
825	2011-01-27	9.88	10.01	9.71	9.9	6263	3.48	2331	皖通科技	SZ	9.88	3.47	
827	2011-01-27	15.48	16.13	15.35	15.88	25257	15.08	2332	仙琚制药	SZ	15.58	14.79	
827	2011-01-27	12.94	13.2	12.82	13.12	7638	12.62	2333	罗普斯金	SZ	12.95	12.46	
827	2011-01-27	17.82	17.93	17.42	17.9	9621	6.05	2335	科华恒盛	SZ	17.59	5.94	
828	2011-01-27	20.88	21.46	20.83	21.31	12685	20.2	2336	人人乐	SZ	21.05	19.96	
830	2011-01-27	16.27	16.43	16.01	16.33	5420	9.54	2337	赛象科技	SZ	16.27	9.51	
829	2011-01-27	23.87	24.31	23.67	24.29	2307	15.43	2338	奥普光电	SZ	24	15.25	
829	2011-01-27	8.34	8.55	8.1	8.5	11057	2.02	2339	积成电子	SZ	8.32	1.98	
824	2011-01-27	9.71	10.1	9.52	9.92	20937	1.84	2340	格林美	SZ	9.72	1.8	
825	2011-01-27	8.24	8.46	8.1	8.34	14314	1.99	2341	新纶科技	SZ	8.19	1.95	
824	2011-01-27	8.34	8.54	8.31	8.47	11273	4.14	2342	巨力索具	SZ	8.37	4.1	
830	2011-01-27	14.8	14.95	14.6	14.81	6590	6.8	2343	禾欣股份	SZ	14.8	6.8	
830	2011-01-27	11.13	11.9	11.13	11.68	73125	2.73	2344	海宁皮城	SZ	11.25	2.62	
828	2011-01-27	14.4	14.68	14.25	14.57	13261	6.75	2345	潮宏基	SZ	14.4	6.67	
829	2011-01-27	10.8	11.22	10.65	11.06	31569	5.3	2346	柘中建设	SZ	10.96	5.25	
828	2011-01-27	12.98	13.32	12.53	13.06	39398	6.88	2347	泰尔重工	SZ	13.14	6.92	
829	2011-01-27	5.88	6.03	5.8	5.96	14932	1.75	2348	高乐股份	SZ	5.93	1.74	
827	2011-01-27	12.04	12.3	11.84	12.24	20359	4.8	2349	精华制药	SZ	12.04	4.72	
828	2011-01-27	11.88	12.17	11.72	12.09	9278	6.71	2350	北京科锐	SZ	11.91	6.61	
829	2011-01-27	13.6	13.85	13.41	13.78	9205	6.45	2351	漫步者	SZ	13.64	6.38	
827	2011-01-27	29.42	30.32	28.71	29.79	11041	27.99	2352	鼎泰新材	SZ	29.79	27.99	
830	2011-01-27	25.11	25.83	25.11	25.55	17594	4.77	2353	杰瑞股份	SZ	25.58	4.78	
828	2011-01-27	18.84	19.12	18.54	19.04	7147	18.81	2354	科冕木业	SZ	18.85	18.63	
826	2011-01-27	8.11	8.24	7.86	8.19	119839	3.87	2355	兴民钢圈	SZ	8.19	3.87	
829	2011-01-27	29.1	30.1	28.61	29.41	2719	28.46	2356	浩宁达	SZ	29.2	28.26	
818	2011-01-27	9.15	9.36	9.1	9.35	8755	4.43	2357	富临运业	SZ	9.2	4.36	
829	2011-01-27	10.42	10.65	10.28	10.52	23091	2.79	2358	森源电气	SZ	10.43	2.76	
807	2011-01-27	20.79	21.24	20.34	21.11	5870	3.32	2360	同德化工	SZ	20.91	3.29	
828	2011-01-27	6.36	6.41	6.22	6.39	16839	1.66	2361	神剑股份	SZ	6.38	1.66	
829	2011-01-27	36.28	36.78	35.15	36.72	13580	18.36	2362	汉王科技	SZ	36.37	18.18	
828	2011-01-27	17.56	18.08	17.36	17.92	3213	17.7	2363	隆基机械	SZ	17.67	17.46	
828	2011-01-27	9.16	9.33	9.09	9.29	7617	2.94	2364	中恒电气	SZ	9.16	2.9	
830	2011-01-27	15.06	15.19	14.91	15.18	3508	7.21	2365	永安药业	SZ	15.05	7.15	
828	2011-01-27	16.75	17.2	16.62	17.12	3464	15.79	2366	丹甫股份	SZ	16.89	15.57	
827	2011-01-27	5.83	6.04	5.78	6	31941	1.12	2367	康力电梯	SZ	5.82	1.09	
827	2011-01-27	18.54	19.06	18.54	18.78	6747	7.47	2368	太极股份	SZ	18.67	7.42	
828	2011-01-27	19	19.48	18.94	19.2	3300	9.12	2369	卓翼科技	SZ	19.16	9.1	
829	2011-01-27	10.85	11.02	10.59	10.89	3990	6.29	2370	亚太药业	SZ	10.82	6.25	
824	2011-01-27	17.22	17.52	16.75	17.37	10116	3.65	2371	七星电子	SZ	17.26	3.63	
823	2011-01-27	14.65	14.92	14.48	14.9	12684	10.09	2372	伟星新材	SZ	14.7	9.96	
829	2011-01-27	12.69	13.08	12.52	13.05	7103	6.47	2373	联信永益	SZ	12.75	6.32	
824	2011-01-27	10.66	11.04	10.66	10.94	5591	3.58	2374	丽鹏股份	SZ	10.85	3.55	
828	2011-01-27	24.33	25.03	23.68	24.75	14073	8.11	2375	亚厦股份	SZ	24.56	8.05	
830	2011-01-27	9.2	9.62	9.12	9.4	37690	2.26	2376	新北洋	SZ	9.26	2.22	
827	2011-01-27	8.95	9.12	8.89	9.06	5012	4.53	2377	国创高新	SZ	8.95	4.47	
826	2011-01-27	30.49	31.85	30.49	31.67	7937	30.81	2378	章源钨业	SZ	30.72	29.89	
827	2011-01-27	8.59	8.77	8.51	8.7	6221	2.15	2379	鲁丰股份	SZ	8.63	2.13	
829	2011-01-27	44.71	45.44	44.31	45.35	1993	44.45	2380	科远股份	SZ	44.71	43.83	
829	2011-01-27	9.66	9.83	9.57	9.83	6436	3	2381	双箭股份	SZ	9.66	2.95	
806	2011-01-27	10.8	10.92	10.66	10.85	5170	3.51	2382	蓝帆股份	SZ	10.67	3.45	
827	2011-01-27	29.1	29.81	28.92	29.68	7453	18.55	2383	合众思壮	SZ	29.23	18.27	
827	2011-01-27	27.19	28.47	26.62	28.31	13649	13.01	2384	东山精密	SZ	27.27	12.53	
829	2011-01-27	8.6	8.81	8.55	8.8	20913	2.05	2385	大北农	SZ	8.68	2.02	
830	2011-01-27	14.3	14.75	14.2	14.67	24092	14.38	2386	天原集团	SZ	14.39	14.11	
829	2011-01-27	14.95	15.23	14.74	15.2	8883	6.39	2387	黑牛食品	SZ	14.99	6.3	
826	2011-01-27	13.54	13.74	13.34	13.74	7342	7.41	2388	新亚制程	SZ	13.54	7.3	
824	2011-01-27	7.84	8.25	7.83	8.02	49703	1.27	2389	南洋科技	SZ	7.88	1.25	
829	2011-01-27	17.95	18.5	17.94	18.27	6599	8.95	2390	信邦制药	SZ	18.12	8.88	
829	2011-01-27	15.82	16.05	15.67	15.96	12238	7.56	2391	长青股份	SZ	15.85	7.51	
825	2011-01-27	9.91	10.05	9.84	10.04	20346	2.43	2392	北京利尔	SZ	9.91	2.4	
830	2011-01-27	42.8	43.47	42.11	43.3	6130	40.58	2393	力生制药	SZ	42.88	40.18	
829	2011-01-27	20.85	21.17	20.74	21.11	9042	9.77	2394	联发股份	SZ	20.74	9.6	
830	2011-01-27	18.15	19	17.85	18.92	27455	9.11	2396	星网锐捷	SZ	18.24	8.78	
829	2011-01-27	22.39	23.19	22.16	23.19	4798	13.84	2397	梦洁家纺	SZ	22.38	13.36	
830	2011-01-27	12.23	12.46	11.95	12.37	13883	5.5	2398	建研集团	SZ	12.29	5.46	
828	2011-01-27	62.01	63.15	62.01	63.1	7978	28.76	2399	海普瑞	SZ	62.56	28.51	
830	2011-01-27	16.01	16.15	15.5	16.1	183682	15.74	24	招商地产	SZ	16.51	16.14	
830	2011-01-27	9.41	9.61	9.36	9.57	13789	1.95	2400	省广股份	SZ	9.51	1.94	
829	2011-01-27	15.91	16.22	15.75	16.16	4605	6.64	2402	和而泰	SZ	15.92	6.54	
827	2011-01-27	15.45	15.68	15.31	15.58	5211	15.38	2403	爱仕达	SZ	15.5	15.3	
829	2011-01-27	9.34	9.72	9.34	9.68	10338	4.42	2404	嘉欣丝绸	SZ	9.54	4.35	
828	2011-01-27	26.14	26.83	25.66	26.63	15574	12.6	2407	多氟多	SZ	26.25	12.42	
830	2011-01-27	18.42	18.75	17.87	18.56	64588	8.16	2408	齐翔腾达	SZ	18.6	8.17	
829	2011-01-27	22.87	23.91	22.87	23.49	6199	15.14	2409	雅克科技	SZ	23.52	15.16	
829	2011-01-27	19.41	19.69	18.8	19.45	12479	6.14	2410	广联达	SZ	19.45	6.14	
827	2011-01-27	12.06	12.59	11.97	12.46	10677	4.52	2411	九九久	SZ	12.06	4.37	
827	2011-01-27	14.67	15.47	14.54	15.23	7358	9.84	2413	常发股份	SZ	14.67	9.48	
828	2011-01-27	13.3	13.94	13.3	13.75	20593	6.28	2414	高德红外	SZ	13.48	6.16	
829	2011-01-27	10.2	10.23	10.11	10.22	28650	4.49	2417	三元达	SZ	10.18	4.48	
828	2011-01-27	12.31	12.48	12.19	12.43	6701	7.62	2418	康盛股份	SZ	12.31	7.55	
827	2011-01-27	21.74	21.79	21	21.34	15380	10.15	2419	天虹商场	SZ	21.4	10.18	
828	2011-01-27	12	12.21	11.96	12.18	7250	11.99	2420	毅昌股份	SZ	12.08	11.9	
830	2011-01-27	66.89	68.62	65.5	67.81	17752	33.39	2422	科伦药业	SZ	67.35	33.16	
825	2011-01-27	8.69	9.28	8.67	9.02	43905	8.88	2423	中原特钢	SZ	8.64	8.5	
826	2011-01-27	15.48	15.9	15.31	15.88	13849	7.5	2424	贵州百灵	SZ	15.57	7.36	
829	2011-01-27	14.81	15.19	14.81	14.98	9011	6.11	2425	凯撒股份	SZ	14.79	6.04	
828	2011-01-27	13.87	14.14	13.69	13.93	10084	10.59	2427	尤夫股份	SZ	13.95	10.61	
828	2011-01-27	13.46	14.42	13.28	14.19	112897	2.65	2428	云南锗业	SZ	13.55	2.53	
826	2011-01-27	10.12	10.34	9.96	10.31	18199	4.25	2429	兆驰股份	SZ	10.12	4.17	
828	2011-01-27	15.14	16.3	14.89	15.94	41682	7.54	2430	杭氧股份	SZ	15.27	7.23	
823	2011-01-27	28.38	29.08	27.96	28.77	9444	11.9	2431	棕榈园林	SZ	28.38	11.74	
829	2011-01-27	10.97	11.2	10.91	11.16	10861	4.4	2433	太安堂	SZ	10.97	4.32	
829	2011-01-27	14.04	14.38	13.9	14.27	11715	6.81	2434	万里扬	SZ	14.01	6.68	
829	2011-01-27	26.84	27.65	26.33	27.15	8338	12.94	2436	兴森科技	SZ	27.1	12.92	
828	2011-01-27	30.01	30.8	29.75	30.54	20920	14.76	2437	誉衡药业	SZ	30.35	14.67	
829	2011-01-27	23.5	24.12	23.25	24	12596	11.4	2441	众业达	SZ	23.6	11.21	
827	2011-01-27	8.41	8.6	8.28	8.54	22763	3.07	2443	金洲管道	SZ	8.45	3.04	
814	2011-01-27	19.02	19.5	18.7	19.38	8777	9.03	2448	中原内配	SZ	19	8.86	
829	2011-01-27	19.2	19.64	18.81	19.58	12380	9.22	2449	国星光电	SZ	19.21	9.04	
828	2011-01-27	19.87	20.32	19.84	20.16	7750	6.67	2451	摩恩电气	SZ	20.07	6.63	
829	2011-01-27	40.45	41.48	39.95	41.37	8014	15.34	2452	长高集团	SZ	40.46	15	
827	2011-01-27	32.35	33.46	31.64	33.09	20202	3.97	2453	天马精化	SZ	32.85	3.94	
827	2011-01-27	21.22	22.04	20.86	21.82	30743	16.01	2454	松芝股份	SZ	21.24	15.58	
828	2011-01-27	6.75	6.97	6.68	6.86	26906	0.82	2456	欧菲光	SZ	6.86	0.82	
829	2011-01-27	15.21	16.75	15.02	16.67	49132	6.71	2457	青龙管业	SZ	15.31	6.16	
829	2011-01-27	13.45	13.83	13.43	13.83	14045	4.92	2458	益生股份	SZ	13.68	4.87	
830	2011-01-27	21.31	22.37	21.08	21.95	33449	16.53	2459	天业通联	SZ	21.53	16.21	
829	2011-01-27	27.52	28.4	27.18	28	6803	18.15	2460	赣锋锂业	SZ	27.53	17.85	
828	2011-01-27	17.55	17.7	17.08	17.35	19425	17.29	2461	珠江啤酒	SZ	17.05	16.99	
830	2011-01-27	12.17	12.4	12.01	12.33	11382	7.9	2462	嘉事堂	SZ	12.19	7.81	
800	2011-01-27	23.5	24.16	23.06	23.86	5663	22.8	2464	金利科技	SZ	23.58	22.53	
829	2011-01-27	17	17.5	16.93	17.38	21886	7.85	2465	海格通信	SZ	17.09	7.72	
825	2011-01-27	32.59	33.98	31.99	33.23	10513	21.97	2466	天齐锂业	SZ	32.31	21.36	
827	2011-01-27	13.8	14.05	13.65	13.96	10453	6.53	2467	二六三	SZ	13.9	6.49	
828	2011-01-27	12.43	12.67	12.21	12.58	18999	6.91	2468	艾迪西	SZ	12.56	6.9	
828	2011-01-27	20.04	21.07	19.54	20.9	17907	4.05	2469	三维工程	SZ	19.84	3.85	
828	2011-01-27	17	17.34	16.83	17.24	15078	16.87	2470	金正大	SZ	17.11	16.74	
827	2011-01-27	8.33	8.64	8.33	8.5	38036	3.02	2471	中超电缆	SZ	8.46	3	
829	2011-01-27	16.71	17.2	16.46	17.11	18727	6.94	2472	双环传动	SZ	16.85	6.83	
829	2011-01-27	13.22	13.6	13.01	13.37	28593	6.42	2473	圣莱达	SZ	13.11	6.29	
828	2011-01-27	13.6	13.86	13.4	13.68	14964	4.22	2474	榕基软件	SZ	13.65	4.21	
825	2011-01-27	14.98	15.24	14.88	15.18	17598	4.66	2475	立讯精密	SZ	15	4.61	
830	2011-01-27	5.81	5.94	5.63	5.92	21476	1.28	2476	宝莫股份	SZ	5.82	1.25	
828	2011-01-27	7.49	7.69	7.35	7.61	63146	1.07	2477	雏鹰农牧	SZ	7.55	1.06	
829	2011-01-27	15.56	16.09	15.48	15.9	11993	15.41	2478	常宝股份	SZ	15.55	15.07	
829	2011-01-27	11.24	11.46	10.74	11.31	282128	3.02	2479	富春环保	SZ	11.39	3.04	
828	2011-01-27	33.76	35.3	33.35	35.03	15101	17.11	2480	新筑股份	SZ	34.2	16.7	
828	2011-01-27	7.36	7.82	7.24	7.81	91039	1.04	2481	双塔食品	SZ	7.43	0.99	
828	2011-01-27	20.94	21.77	20.78	21.52	35305	6.6	2482	广田股份	SZ	21.33	6.54	
824	2011-01-27	17.06	17.92	16.94	17.67	67720	9.47	2483	润邦股份	SZ	17.16	9.19	
828	2011-01-27	20.74	21.18	20.48	21.02	10003	15.72	2484	江海股份	SZ	20.78	15.54	
829	2011-01-27	14.59	15	14.59	14.96	15909	8.5	2485	希努尔	SZ	14.73	8.37	
827	2011-01-27	6.9	7.01	6.85	6.98	28324	1.52	2486	嘉麟杰	SZ	6.97	1.52	
829	2011-01-27	10.9	11.12	10.7	11.08	26010	3.61	2487	大金重工	SZ	10.94	3.56	
829	2011-01-27	14.29	14.52	14.01	14.4	20576	9.02	2488	金固股份	SZ	14.37	9	
828	2011-01-27	15.91	16.31	15.88	16.22	33375	6.98	2489	浙江永强	SZ	16.06	6.91	
829	2011-01-27	9.76	10.02	9.63	9.85	53495	4.85	2490	山东墨龙	SZ	9.82	4.83	
828	2011-01-27	16.4	17.08	16.3	16.96	33173	16.3	2491	通鼎光电	SZ	16.58	15.94	
830	2011-01-27	24.51	24.78	24	24.73	5894	24.12	2494	华斯股份	SZ	24.49	23.88	
829	2011-01-27	10.41	10.58	10.41	10.54	6772	3.63	2495	佳隆股份	SZ	10.5	3.61	
828	2011-01-27	24.85	25.42	24.47	25.21	19783	7.53	2496	辉丰股份	SZ	25.01	7.47	
825	2011-01-27	12.1	12.5	11.96	12.33	23695	3.87	2497	雅化集团	SZ	12.23	3.84	
799	2011-01-27	15.33	15.53	15.12	15.44	34174	6.58	2498	汉缆股份	SZ	15.43	6.58	
830	2011-01-27	24.69	24.85	24.05	24.75	4891	16.23	2499	科林环保	SZ	24.75	16.22	
830	2011-01-27	8.59	8.82	8.45	8.73	6340	8.73	25	特 力Ａ	SZ	8.68	8.68	
830	2011-01-27	9.98	10.38	9.87	10.22	134878	9.95	2500	山西证券	SZ	10.02	9.75	
830	2011-01-27	13.61	14.37	13.61	14.36	45565	3.78	2501	利源铝业	SZ	13.82	3.64	
829	2011-01-27	16.67	16.99	16.41	16.91	7054	10.29	2502	骅威股份	SZ	16.78	10.21	
830	2011-01-27	14.04	14.19	13.78	14.12	21679	2.3	2503	搜于特	SZ	14.07	2.29	
830	2011-01-27	16.81	17.27	16.62	17.22	8521	12.89	2504	东光微电	SZ	17.09	12.8	
826	2011-01-27	9.81	9.95	9.63	9.93	12893	4.09	2505	大康牧业	SZ	9.83	4.05	
825	2011-01-27	12.93	13.55	12.77	13.44	51379	4.05	2506	超日太阳	SZ	13	3.92	
830	2011-01-27	23.6	24.38	23.3	24.18	19600	23.14	2507	涪陵榨菜	SZ	23.9	22.87	
829	2011-01-27	20.61	21.38	20.31	21.27	25041	12.86	2508	老板电器	SZ	20.84	12.6	
828	2011-01-27	7.07	7.47	7.07	7.24	119330	1.73	2509	天广消防	SZ	7.01	1.68	
829	2011-01-27	10.9	11.13	10.79	11.04	12183	3.95	2512	达华智能	SZ	10.98	3.93	
827	2011-01-27	16.01	16.24	15.85	16.09	10239	5.33	2513	蓝丰生化	SZ	16.08	5.33	
829	2011-01-27	41.88	42.84	41.28	42.66	7311	12.71	2514	宝馨科技	SZ	42.5	12.66	
828	2011-01-27	24.1	24.31	23.44	23.67	26626	11.84	2515	金字火腿	SZ	24.35	12.18	
828	2011-01-27	14.96	15.27	14.85	15.2	10947	11.74	2516	江苏旷达	SZ	15.06	11.63	
828	2011-01-27	11.6	12.09	11.34	12.02	25513	5.75	2517	泰亚股份	SZ	11.68	5.59	
828	2011-01-27	17.08	17.5	16.89	17.41	13919	6.55	2518	科士达	SZ	17.18	6.46	
830	2011-01-27	15.62	16.11	15.51	15.94	16417	4.74	2519	银河电子	SZ	15.91	4.73	
830	2011-01-27	12	12.31	11.98	12.2	12512	2.91	2520	日发数码	SZ	12.09	2.88	
830	2011-01-27	12.68	12.89	12.54	12.82	15446	4.21	2521	齐峰股份	SZ	12.75	4.18	
830	2011-01-27	27.69	28.31	27.06	28.31	14619	16.57	2522	浙江众成	SZ	27.79	16.27	
827	2011-01-27	7.38	8.09	7.35	7.62	184314	1.85	2524	光正钢构	SZ	7.47	1.81	
829	2011-01-27	13.22	13.72	13.12	13.43	44294	7.25	2526	山东矿机	SZ	13.42	7.25	
826	2011-01-27	12.51	12.83	12.17	12.49	46517	7.02	2527	新时达	SZ	12.54	7.04	
828	2011-01-27	22.89	23.45	22.52	22.79	20089	22.06	2529	海源机械	SZ	22.93	22.2	
830	2011-01-27	8.6	8.74	8.52	8.69	41378	4.12	2530	丰东股份	SZ	8.57	4.06	
825	2011-01-27	11.15	11.41	11.06	11.36	26110	5.3	2531	天顺风能	SZ	11.26	5.25	
826	2011-01-27	18.5	19.42	18.25	19.12	46403	9.42	2532	新界泵业	SZ	18.97	9.34	
828	2011-01-27	12.86	13.11	12.77	13.03	34870	5.12	2533	金杯电工	SZ	12.98	5.1	
827	2011-01-27	26.04	27.37	25.45	27.15	40541	25.66	2534	杭锅股份	SZ	26.32	24.87	
829	2011-01-27	23.27	23.37	22.81	23.36	7785	15.45	2537	海立美达	SZ	23.41	15.49	
829	2011-01-27	11.69	12.06	11.68	12.03	18787	5.73	2538	司尔特	SZ	11.86	5.65	
828	2011-01-27	14.25	14.84	14.19	14.79	37484	6.82	2539	新都化工	SZ	14.39	6.63	
828	2011-01-27	12.77	12.95	12.58	12.94	24926	4.55	2540	亚太科技	SZ	12.77	4.49	
826	2011-01-27	19.2	20.18	19.2	19.98	44961	9.73	2541	鸿路钢构	SZ	19.5	9.5	
830	2011-01-27	10.69	10.89	10.57	10.84	7826	7.53	26	飞亚达Ａ	SZ	10.68	7.42	
827	2011-01-27	7.99	8.11	7.9	8.07	55253	6.54	27	深圳能源	SZ	8.01	6.49	
829	2011-01-27	27.43	28.06	27.1	27.86	7169	27.48	28	一致药业	SZ	27.39	27.02	
830	2011-01-27	4.6	4.65	4.5	4.64	35109	4.64	29	深深房Ａ	SZ	4.66	4.66	
827	2011-01-27	25.41	26.49	25.34	25.8	18846	16.71	300001	特锐德	SZ	25.74	16.67	
828	2011-01-27	12.11	12.34	11.72	12.19	66007	2.77	300002	神州泰岳	SZ	12.11	2.75	
830	2011-01-27	25.57	25.96	25.31	25.8	10105	24.89	300003	乐普医疗	SZ	25.59	24.69	
826	2011-01-27	23.55	24.75	23.54	24.4	10527	12.06	300004	南风股份	SZ	24.08	11.9	
827	2011-01-27	10.34	10.85	10.19	10.74	39498	3.36	300005	探路者	SZ	10.35	3.24	
825	2011-01-27	15.99	16.15	15.6	15.76	22728	7.78	300006	莱美药业	SZ	15.9	7.85	
830	2011-01-27	16.74	17.1	16.52	17.02	5282	16.78	300007	汉威电子	SZ	16.75	16.52	
828	2011-01-27	19.77	20.38	19.51	20.19	14658	12.89	300008	上海佳豪	SZ	19.9	12.7	
830	2011-01-27	11.8	12.06	11.66	12.02	17605	7.31	300009	安科生物	SZ	11.84	7.2	
822	2011-01-27	14.37	15.19	14.37	15.07	6893	9.72	300010	立思辰	SZ	14.47	9.33	
829	2011-01-27	9.83	10.18	9.73	10	15759	3.09	300012	华测检测	SZ	9.85	3.04	
829	2011-01-27	14.2	14.39	13.91	14.33	6738	14.25	300013	新宁物流	SZ	14.19	14.11	
828	2011-01-27	14.67	15.19	14.59	15.1	19687	4.82	300014	亿纬锂能	SZ	14.84	4.73	
829	2011-01-27	21.79	22.78	21.61	22.69	19239	13.95	300015	爱尔眼科	SZ	22.09	13.58	
829	2011-01-27	5.7	5.84	5.64	5.79	11840	1.76	300016	北陆药业	SZ	5.71	1.73	
828	2011-01-27	15.11	15.45	14.99	15.39	12007	15.07	300017	网宿科技	SZ	15.25	14.93	
828	2011-01-27	12.22	12.46	12.13	12.32	7883	7.75	300018	中元华电	SZ	12.28	7.72	
829	2011-01-27	11.69	11.98	11.62	11.88	5674	7.02	300019	硅宝科技	SZ	11.77	6.95	
826	2011-01-27	16.03	16.31	15.73	16.22	12578	10.67	300020	银江股份	SZ	16.03	10.54	
829	2011-01-27	10.25	10.81	9.98	10.62	70519	5.27	300021	大禹节水	SZ	10.31	5.11	
827	2011-01-27	14.9	15.7	14.5	15.64	54830	7.71	300022	吉峰农机	SZ	15.02	7.41	
830	2011-01-27	14.88	15.09	14.64	15.02	3524	15.02	300023	宝德股份	SZ	14.85	14.85	
826	2011-01-27	25.72	26.74	25.15	26.27	30663	11.92	300024	机器人	SZ	25.85	11.73	
827	2011-01-27	13.74	13.91	13.49	13.67	16716	6.95	300025	华星创业	SZ	13.76	6.99	
828	2011-01-27	11.76	12.3	11.76	12.18	15455	3.5	300026	红日药业	SZ	11.94	3.43	
827	2011-01-27	12.73	13.05	12.69	13.01	32363	6.18	300027	华谊兄弟	SZ	12.79	6.08	
783	2011-01-27	8.96	9.13	8.84	9.07	16831	5.88	300028	金亚科技	SZ	8.99	5.83	
829	2011-01-27	29.04	29.94	28.53	29.73	34006	29.31	300029	天龙光电	SZ	29	28.6	
830	2011-01-27	30.78	31.47	30.38	31.4	6199	7.7	300030	阳普医疗	SZ	30.76	7.54	
829	2011-01-27	12.08	12.67	12.08	12.48	4848	7.93	300031	宝通带业	SZ	12.13	7.71	
829	2011-01-27	9.25	9.48	9.1	9.47	8820	4.51	300032	金龙机电	SZ	9.25	4.41	
828	2011-01-27	28.98	29.5	28.93	29.45	7742	28.93	300033	同花顺	SZ	29.05	28.53	
829	2011-01-27	16.38	16.71	16.12	16.71	6715	9.13	300034	钢研高纳	SZ	16.43	8.97	
830	2011-01-27	9.98	10.46	9.89	10.31	6508	5.04	300035	中科电气	SZ	9.97	4.88	
829	2011-01-27	17.41	17.59	17.19	17.51	7625	10.82	300036	超图软件	SZ	17.41	10.76	
830	2011-01-27	24.04	24.65	23.83	24.57	23778	14.79	300037	新宙邦	SZ	24.16	14.55	
830	2011-01-27	12.37	12.57	12.25	12.52	5757	8.11	300038	梅泰诺	SZ	12.41	8.04	
830	2011-01-27	12.68	12.96	12.48	12.92	17561	3.09	300039	上海凯宝	SZ	12.69	3.03	
829	2011-01-27	8.48	8.72	8.37	8.67	12325	4.08	300040	九洲电气	SZ	8.53	4.02	
830	2011-01-27	21.41	22.07	21.09	21.88	7944	7.94	300041	回天胶业	SZ	21.6	7.84	
829	2011-01-27	12.44	12.66	12.44	12.66	13702	6.17	300042	朗科科技	SZ	12.56	6.12	
811	2011-01-27	10.71	10.99	10.55	10.97	12289	1.71	300043	星辉车模	SZ	10.89	1.7	
829	2011-01-27	9.99	10.41	9.81	10.24	12786	4.53	300044	赛为智能	SZ	10.05	4.45	
829	2011-01-27	9.15	9.4	9.15	9.31	5816	2.25	300045	华力创通	SZ	9.2	2.23	
829	2011-01-27	23.48	24.56	23	24.24	5694	10.61	300046	台基股份	SZ	23.56	10.31	
828	2011-01-27	8.76	8.76	8.5	8.65	34761	2.59	300047	天源迪科	SZ	8.82	2.64	
829	2011-01-27	17.54	18.58	17.54	18.58	32604	6.47	300048	合康变频	SZ	17.86	6.22	
828	2011-01-27	18.46	18.82	18.31	18.73	4887	13.9	300049	福瑞股份	SZ	18.56	13.77	
830	2011-01-27	30.25	31.15	30.12	31	7466	15.13	300050	世纪鼎利	SZ	30.48	14.87	
828	2011-01-27	5.95	5.99	5.81	5.99	19643	1.39	300051	三五互联	SZ	5.95	1.38	
830	2011-01-27	8.85	9.11	8.8	9.06	7325	4.36	300052	中青宝	SZ	8.92	4.3	
829	2011-01-27	11.11	11.19	10.9	11.13	8532	5.52	300053	欧比特	SZ	11.11	5.51	
830	2011-01-27	7.26	7.45	7.13	7.41	20344	0.96	300054	鼎龙股份	SZ	7.31	0.94	
827	2011-01-27	59.4	63.25	58.44	62.25	2427	30.86	300055	万邦达	SZ	59.44	29.46	
829	2011-01-27	18.26	18.83	17.95	18.83	5558	10.13	300056	三维丝	SZ	18.33	9.86	
829	2011-01-27	11.84	12.98	11.52	12.6	56432	6.15	300057	万顺股份	SZ	11.84	5.78	
794	2011-01-27	9.25	9.79	9.18	9.58	7452	3.09	300058	蓝色光标	SZ	9.38	3.03	
829	2011-01-27	9.49	9.66	9.47	9.62	27290	1.95	300059	东方财富	SZ	9.46	1.92	
830	2011-01-27	12.57	13	12.52	12.88	2671	8.05	300061	康耐特	SZ	12.75	7.97	
830	2011-01-27	15.76	15.98	15.26	15.91	2957	7.65	300062	中能电气	SZ	15.53	7.47	
828	2011-01-27	16.08	16.38	15.95	16.27	3098	10.51	300063	天龙集团	SZ	16.21	10.48	
825	2011-01-27	8.62	8.9	8.5	8.79	24989	2.12	300064	豫金刚石	SZ	8.62	2.08	
830	2011-01-27	28.25	29.54	26.86	29.43	5163	19.3	300065	海兰信	SZ	28.27	18.54	
829	2011-01-27	16.33	16.65	16.13	16.56	5106	5.22	300066	三川股份	SZ	16.35	5.16	
829	2011-01-27	11.41	11.7	11.41	11.61	3224	7.43	300067	安诺其	SZ	11.51	7.37	
827	2011-01-27	10.52	10.87	10.43	10.86	26190	4.36	300068	南都电源	SZ	10.56	4.24	
826	2011-01-27	17.31	17.9	16.97	17.66	30341	2.88	300070	碧水源	SZ	17.51	2.86	
829	2011-01-27	18.72	19.25	18.6	19.18	4571	3.12	300071	华谊嘉信	SZ	18.93	3.08	
828	2011-01-27	7.12	7.34	6.99	7.33	26251	1.36	300072	三聚环保	SZ	7.17	1.33	
827	2011-01-27	18.69	19.2	18.54	19.1	5951	9.41	300073	当升科技	SZ	18.69	9.2	
828	2011-01-27	9.56	10.08	9.33	9.96	49810	1.11	300074	华平股份	SZ	9.62	1.07	
830	2011-01-27	21.12	21.69	20.93	21.51	4897	9.29	300075	数字政通	SZ	21.25	9.18	
830	2011-01-27	23.08	23.61	22.78	23.28	5297	22.77	300076	宁波GQY	SZ	23.25	22.74	
830	2011-01-27	44	44.98	43.45	44.72	12936	17.35	300077	国民技术	SZ	44.28	17.18	
830	2011-01-27	29.15	32	29.02	31.34	44637	11.44	300078	中瑞思创	SZ	29.58	10.8	
829	2011-01-27	19.33	19.78	18.89	19.56	26737	6.27	300079	数码视讯	SZ	19.5	6.25	
828	2011-01-27	18.88	19.5	18.88	19.37	13244	7.31	300080	新大新材	SZ	19.17	7.24	
828	2011-01-27	13.45	13.66	13.4	13.62	5932	6.72	300081	恒信移动	SZ	13.56	6.69	
830	2011-01-27	38.85	39.58	38.56	39.08	7093	28.49	300082	奥克股份	SZ	39.04	28.47	
828	2011-01-27	19.8	20.69	19.67	20.48	7921	10	300083	劲胜股份	SZ	19.64	9.59	
830	2011-01-27	16.6	16.9	16.5	16.83	4476	8.27	300084	海默科技	SZ	16.82	8.27	
830	2011-01-27	25.22	25.78	25.11	25.64	2126	5.99	300085	银之杰	SZ	25.29	5.91	
826	2011-01-27	35.01	36.49	34.78	36.02	7674	17.48	300086	康芝药业	SZ	35	16.98	
827	2011-01-27	30	31.44	29.5	30.8	5218	15.09	300087	荃银高科	SZ	30.74	15.06	
828	2011-01-27	11.03	11.5	10.93	11.35	38779	2.76	300088	长信科技	SZ	11.28	2.74	
829	2011-01-27	13.41	13.87	13.38	13.81	10775	9.1	300089	长城集团	SZ	13.53	8.91	
828	2011-01-27	14.27	14.74	14.1	14.55	7691	7.25	300090	盛运股份	SZ	14.55	7.25	
828	2011-01-27	16.92	17.8	16.92	17.39	7149	6.82	300091	金通灵	SZ	17	6.67	
827	2011-01-27	25.78	27.25	25.3	26.66	2465	26.17	300092	科新机电	SZ	26.11	25.63	
826	2011-01-27	15.17	15.48	14.7	15.16	16686	8.31	300093	金刚玻璃	SZ	15.17	8.32	
828	2011-01-27	12.23	12.55	12.15	12.46	9239	11.33	300094	国联水产	SZ	12.21	11.1	
830	2011-01-27	17.08	17.42	16.92	17.35	5464	13.09	300095	华伍股份	SZ	17.16	12.95	
829	2011-01-27	18.01	18.15	17.25	17.6	11441	8.68	300096	易联众	SZ	18	8.88	
829	2011-01-27	12.93	13.15	12.6	13.1	4773	6.46	300097	智云股份	SZ	13	6.41	
786	2011-01-27	12.04	12.31	12	12.27	3986	4.55	300098	高新兴	SZ	12.12	4.49	
828	2011-01-27	19	19.46	18.63	19.2	15740	3.44	300099	尤洛卡	SZ	19.16	3.44	
828	2011-01-27	11.74	12	11.74	11.87	21529	3.44	300100	双林股份	SZ	11.84	3.43	
829	2011-01-27	20.38	21.41	20.38	21.15	2449	5.2	300101	国腾电子	SZ	20.75	5.1	
830	2011-01-27	29.2	29.99	29.04	29.92	10879	11.3	300102	乾照光电	SZ	29.4	11.11	
827	2011-01-27	11.6	11.84	11.54	11.84	4716	3.49	300103	达刚路机	SZ	11.69	3.45	
828	2011-01-27	5.67	5.89	5.49	5.78	77308	0.71	300104	乐视网	SZ	5.73	0.7	
808	2011-01-27	17.4	17.9	17.28	17.75	7562	17.64	300106	西部牧业	SZ	17.62	17.51	
828	2011-01-27	17.2	18.75	16.88	18.65	21205	9.02	300108	双龙股份	SZ	17.51	8.46	
830	2011-01-27	16.89	17.23	16.56	17	4816	5.52	300109	新开源	SZ	16.92	5.5	
830	2011-01-27	10.12	10.33	10.05	10.31	7419	4.45	300112	万讯自控	SZ	10.18	4.39	
829	2011-01-27	17.61	17.71	17.29	17.64	3845	8.88	300114	中航电测	SZ	17.54	8.83	
828	2011-01-27	17	17.73	16.6	17.67	16715	5.68	300115	长盈精密	SZ	17.1	5.5	
828	2011-01-27	13.2	13.64	13.14	13.4	14914	6.7	300116	坚瑞消防	SZ	13.45	6.72	
825	2011-01-27	12.94	13.12	12.75	13.07	10795	6.46	300117	嘉寓股份	SZ	13.02	6.43	
828	2011-01-27	18.91	19.93	18.83	19.78	61096	5.99	300118	东方日升	SZ	19.11	5.79	
828	2011-01-27	46.86	47.92	46.18	47.92	10124	8.6	300119	瑞普生物	SZ	47.07	8.44	
829	2011-01-27	12.41	12.79	12.31	12.64	8641	6.2	300120	经纬电材	SZ	12.5	6.13	
830	2011-01-27	10.73	11.1	10.71	11.07	5701	4.68	300121	阳谷华泰	SZ	10.84	4.58	
827	2011-01-27	33.33	33.72	33.04	33.49	5658	32.78	300122	智飞生物	SZ	33.6	32.89	
827	2011-01-27	22.19	23.69	22	23.12	6434	14.2	300123	太阳鸟	SZ	22.44	13.78	
828	2011-01-27	35.83	37.72	35.42	37.38	15636	9.93	300124	汇川技术	SZ	35.98	9.56	
830	2011-01-27	33.85	34.89	33.55	34.42	8091	17.07	300125	易世达	SZ	33.88	16.8	
830	2011-01-27	16.67	16.93	16.56	16.91	10109	8.86	300126	锐奇股份	SZ	16.82	8.82	
830	2011-01-27	42.4	43.58	42.12	43.5	10454	20.33	300127	银河磁体	SZ	42.96	20.08	
830	2011-01-27	9.5	9.74	9.4	9.7	25551	2.24	300128	锦富新材	SZ	9.6	2.21	
827	2011-01-27	12.25	12.51	12.19	12.48	32357	4.49	300129	泰胜风能	SZ	12.27	4.41	
828	2011-01-27	9.83	10.16	9.77	10.03	32575	3.32	300132	青松股份	SZ	10.13	3.35	
826	2011-01-27	8.78	9.06	8.73	8.95	67428	0.82	300133	华策影视	SZ	8.87	0.81	
827	2011-01-27	30.58	33.25	30.06	32.82	59698	15.88	300134	大富科技	SZ	31.44	15.21	
827	2011-01-27	6.08	6.37	6.03	6.34	89260	0.86	300135	宝利沥青	SZ	6.14	0.83	
828	2011-01-27	13.96	14.24	13.79	14.16	48310	4.1	300144	宋城股份	SZ	14.17	4.11	
829	2011-01-27	18.61	18.94	18.41	18.86	5763	10.24	300145	南方泵业	SZ	18.71	10.16	
827	2011-01-27	20.7	21.09	20.57	20.99	6408	13.17	300151	昌红科技	SZ	20.87	13.1	
829	2011-01-27	17.63	18.15	17.33	17.94	22502	7.62	300152	燃控科技	SZ	17.7	7.52	
828	2011-01-27	17	17.3	16.89	17.2	4835	6.36	300155	安居宝	SZ	17.16	6.34	
826	2011-01-27	16.03	16.58	15.84	16.42	30412	4.5	300156	天立环保	SZ	16.03	4.39	
809	2011-01-27	14.17	14.68	14.05	14.59	7348	3.58	300157	恒泰艾普	SZ	14.32	3.52	
827	2011-01-27	16.81	17.5	16.68	17.43	18513	8.54	300158	振东制药	SZ	16.9	8.28	
829	2011-01-27	40.27	40.82	39.09	40.54	8346	4.41	300159	新研股份	SZ	40.49	4.4	
827	2011-01-27	4.48	4.54	4.45	4.53	61175	4.36	301	东方市场	SZ	4.5	4.33	
829	2011-01-27	6.06	6.08	5.98	6.07	68395	5.97	31	中粮地产	SZ	6.12	6.02	
828	2011-01-27	8.8	8.96	8.73	8.88	15331	8.64	32	深桑达Ａ	SZ	8.89	8.65	
823	2011-01-27	5.39	5.49	5.33	5.49	25929	5.49	33	新都酒店	SZ	5.42	5.42	
830	2011-01-27	39.22	41.04	38.83	40.83	147571	32.88	338	潍柴动力	SZ	39.23	31.59	
829	2011-01-27	7.85	8	7.77	7.9	12192	7.9	34	ST深泰	SZ	7.88	7.88	
821	2011-01-27	5.56	5.72	5.53	5.66	9981	4.49	35	*ST科健	SZ	5.6	4.44	
830	2011-01-27	3.72	3.74	3.66	3.7	68804	3.7	36	华联控股	SZ	3.74	3.74	
824	2011-01-27	4.91	5	4.81	4.98	11047	4.98	37	深南电Ａ	SZ	4.92	4.92	
828	2011-01-27	24.3	26.06	24.02	25.64	318499	24.1	39	中集集团	SZ	24.62	23.14	
829	2011-01-27	11.98	12.2	11.89	12.07	6236	12.07	4	ST国农	SZ	11.91	11.91	
773	2011-01-27	4.84	4.86	4.71	4.84	39777	4.76	40	深 鸿 基	SZ	4.83	4.75	
829	2011-01-27	21.84	23.15	21.7	22.82	61822	17.32	400	许继电气	SZ	22.04	16.73	
827	2011-01-27	21.5	22.42	20.85	21.8	114148	21.57	401	冀东水泥	SZ	21.68	21.45	
