732	2011-06-24	10.32	10.74	10.31	10.62	516521	6.48	000001	深发展Ａ	SZ	10.38	6.33	
734	2011-06-24	8.25	8.5	8.23	8.38	757512	7.77	000002	万 科Ａ	SZ	8.27	7.67	
734	2011-06-24	11.76	12.18	11.71	12.01	63305	12.01	000004	ST国农	SZ	11.89	11.89	
734	2011-06-24	11.89	12.5	11.65	12.06	326239	12.06	000011	深物业A	SZ	11.4	11.4	
734	2011-06-24	15.7	16.89	15.62	16.09	1060251	15.07	000012	南 玻Ａ	SZ	15.52	14.54	
733	2011-06-24	7.86	8.12	7.85	8.02	30929	7.95	000014	沙河股份	SZ	7.81	7.74	
733	2011-06-24	4.34	4.45	4.33	4.42	75001	4.39	000016	深康佳Ａ	SZ	4.34	4.31	
733	2011-06-24	4.89	5.03	4.86	4.98	17266	4.98	000017	*ST中华A	SZ	4.9	4.9	
733	2011-06-24	6.96	7.12	6.9	7.12	5646	7.12	000018	ST中冠A	SZ	6.95	6.95	
714	2011-06-24	10	10.35	9.95	10.17	33602	9.92	000019	深深宝Ａ	SZ	10.01	9.76	
732	2011-06-24	8.11	8.35	8.1	8.28	15165	8.28	000020	深华发Ａ	SZ	8.09	8.09	
733	2011-06-24	8.02	8.32	8	8.28	81441	8.12	000021	长城开发	SZ	8.03	7.88	
733	2011-06-24	13.78	14.24	13.68	14.07	44405	12.81	000022	深赤湾Ａ	SZ	13.42	12.22	
734	2011-06-24	8.71	8.98	8.43	8.5	54411	8.43	000023	深天地Ａ	SZ	8.39	8.32	
734	2011-06-24	18.56	18.66	18.08	18.08	160606	17.79	000024	招商地产	SZ	18.16	17.87	
734	2011-06-24	10.32	10.93	10.32	10.47	38202	10.47	000025	特 力Ａ	SZ	10.27	10.27	
734	2011-06-24	14.78	15.5	14.78	15.39	50994	15.08	000026	飞亚达Ａ	SZ	14.95	14.64	
733	2011-06-24	7.35	7.57	7.33	7.49	68655	7.28	000027	深圳能源	SZ	7.34	7.14	
733	2011-06-24	25.2	25.95	25.07	25.7	10871	25.46	000028	一致药业	SZ	25.17	24.93	
733	2011-06-24	5.08	5.15	4.98	5.06	168828	5.06	000029	深深房Ａ	SZ	4.99	4.99	
733	2011-06-24	5.61	5.73	5.6	5.71	84391	5.62	000031	中粮地产	SZ	5.61	5.52	
733	2011-06-24	7.94	8.19	7.93	8.14	19376	7.99	000032	深桑达Ａ	SZ	7.96	7.81	
728	2011-06-24	6.07	6.32	6.04	6.23	72251	6.23	000033	新都酒店	SZ	6.04	6.04	
734	2011-06-24	7.02	7.26	7	7.18	22701	7.18	000034	ST深泰	SZ	7.03	7.03	
725	2011-06-24	7.57	7.76	7.52	7.69	17131	6.11	000035	*ST科健	SZ	7.54	5.99	
734	2011-06-24	3.96	4.03	3.89	3.96	199912	3.96	000036	华联控股	SZ	4	4	
730	2011-06-24	5	5.17	5	5.16	37496	5.16	000037	深南电Ａ	SZ	5.02	5.02	
732	2011-06-24	20	21.28	19.88	21.17	427589	20.2	000039	中集集团	SZ	19.87	18.96	
734	2011-06-24	5.64	5.82	5.61	5.78	171400	5.69	000040	深 鸿 基	SZ	5.6	5.51	
733	2011-06-24	2.9	3.02	2.89	2.98	2416935	2.82	000100	TCL 集团	SZ	2.92	2.77	
734	2011-06-24	5.3	5.47	5.3	5.45	25859	5.45	000150	宜华地产	SZ	5.34	5.34	
732	2011-06-24	10.1	10.45	10.02	10.39	34913	10.32	000151	中成股份	SZ	10.1	10.03	
734	2011-06-24	8.91	9.28	8.88	9.2	42915	9.11	000153	丰原药业	SZ	8.91	8.82	
733	2011-06-24	11.73	11.99	11.69	11.8	1314581	8.4	000157	中联重科	SZ	11.73	8.35	
734	2011-06-24	6.35	6.48	6.29	6.42	30671	6.4	000158	常山股份	SZ	6.36	6.34	
733	2011-06-24	13.4	13.89	13.33	13.71	87409	13.37	000159	国际实业	SZ	13.46	13.12	
732	2011-06-24	4.04	4.16	4.02	4.14	97423	3.99	000301	东方市场	SZ	4.06	3.91	
734	2011-06-24	36.65	38.46	36.5	37.89	216621	30.51	000338	潍柴动力	SZ	36.78	29.61	
734	2011-06-24	22.31	23.15	22.15	22.5	151617	17.08	000400	许继电气	SZ	22.01	16.7	
732	2011-06-24	24.67	25.69	24.49	24.56	170329	24.3	000401	冀东水泥	SZ	24.68	24.41	
733	2011-06-24	6.97	7.21	6.9	7.16	104510	6.92	001696	宗申动力	SZ	6.97	6.73	
729	2011-06-24	9.75	10.96	9.75	10.25	283707	10.25	001896	*ST豫能	SZ	10	10	
731	2011-06-24	27.48	28.45	27.26	28.03	53646	26.65	002001	新 和 成	SZ	27.6	26.24	
701	2011-06-24	6.71	6.78	6.64	6.77	24372	6.77	002002	ST琼花	SZ	6.69	6.69	
728	2011-06-24	21.22	22.28	21.22	22.05	20253	14.39	002003	伟星股份	SZ	21.41	13.97	
729	2011-06-24	13.9	14.17	13.9	14.16	18642	4.48	002004	华邦制药	SZ	13.89	4.39	
733	2011-06-24	7.6	7.89	7.57	7.8	47515	3.86	002005	德豪润达	SZ	7.67	3.8	
732	2011-06-24	17.96	19.52	17.93	19.01	155030	6.3	002006	精功科技	SZ	18.11	6	
728	2011-06-24	32.63	34.11	32.51	34	48592	33.73	002007	华兰生物	SZ	32.35	32.1	
734	2011-06-24	11.51	12.43	11.41	12.13	124850	11.66	002008	大族激光	SZ	11.51	11.06	
732	2011-06-24	14.91	15.49	14.91	15.18	23428	15.13	002009	天奇股份	SZ	15.07	15.02	
732	2011-06-24	9.42	10.13	9.38	9.94	121700	9.77	002010	传化股份	SZ	9.67	9.5	
733	2011-06-24	12.77	13.36	12.76	13.2	109763	12.98	002011	盾安环境	SZ	12.76	12.54	
733	2011-06-24	6.39	6.7	6.36	6.7	104678	3.23	002012	凯恩股份	SZ	6.43	3.1	
733	2011-06-24	14.96	15.77	14.96	15.53	60690	11.89	002013	中航精机	SZ	14.98	11.47	
732	2011-06-24	10.05	10.35	10	10.32	27390	6.29	002014	永新股份	SZ	10.05	6.13	
733	2011-06-24	5.72	5.86	5.69	5.79	29504	4.06	002016	世荣兆业	SZ	5.73	4.02	
719	2011-06-24	15.8	16.33	15.68	16.1	34304	16.04	002017	东信和平	SZ	15.76	15.7	
729	2011-06-24	5.51	5.75	5.26	5.28	328796	3.58	002018	华星化工	SZ	5.32	3.61	
733	2011-06-24	18.75	19.55	18.35	19.01	46784	19.01	002019	鑫富药业	SZ	19.06	19.06	
734	2011-06-24	9.45	9.6	9.41	9.56	12020	4.61	002020	京新药业	SZ	9.5	4.58	
734	2011-06-24	12.76	13.18	12.68	13.1	67474	12.29	002022	科华生物	SZ	12.7	11.91	
733	2011-06-24	14.92	16.09	14.92	16	50110	15.66	002023	海特高新	SZ	15.12	14.8	
733	2011-06-24	12.64	13.1	12.59	12.82	446042	12.54	002024	苏宁电器	SZ	12.63	12.35	
733	2011-06-24	11.4	11.93	11.36	11.73	44001	11.51	002025	航天电器	SZ	11.46	11.24	
733	2011-06-24	7.11	7.36	7.1	7.32	14296	5.51	002026	山东威达	SZ	7.17	5.4	
732	2011-06-24	5.88	6.12	5.87	6.03	34565	6.03	002027	七喜控股	SZ	5.92	5.92	
734	2011-06-24	13.46	13.95	13.36	13.79	135538	13.62	002028	思源电气	SZ	13.59	13.42	
732	2011-06-24	13.35	14.11	13.35	13.96	25293	6.08	002029	七 匹 狼	SZ	13.55	5.9	
732	2011-06-24	7.53	7.77	7.47	7.71	67351	5.82	002030	达安基因	SZ	7.5	5.66	
729	2011-06-24	7.4	7.67	7.4	7.6	20353	7.49	002031	巨轮股份	SZ	7.4	7.29	
733	2011-06-24	20.29	21.08	20.28	20.74	4207	18.08	002032	苏 泊 尔	SZ	20.37	17.76	
730	2011-06-24	14.27	14.85	14.18	14.72	21630	11.01	002033	丽江旅游	SZ	14.29	10.7	
734	2011-06-24	19.71	20.56	19.51	20.28	57321	19.41	002034	美 欣 达	SZ	19.85	19	
733	2011-06-24	12.74	13.58	12.65	13.16	62905	9.45	002035	华帝股份	SZ	12.76	9.17	
734	2011-06-24	16.1	16.56	15.94	16.47	39567	16.31	002036	宜科科技	SZ	16.1	15.94	
730	2011-06-24	14.74	15.12	14.52	15.03	18255	9.14	002037	久联发展	SZ	14.69	8.93	
732	2011-06-24	30.75	31.23	30.52	30.87	15326	25.45	002038	双鹭药业	SZ	30.83	25.42	
734	2011-06-24	19.59	20.14	19.43	20	12195	19.83	002039	黔源电力	SZ	19.63	19.47	
734	2011-06-24	7.96	8.34	7.92	8.28	14709	8.18	002040	南 京 港	SZ	8	7.9	
733	2011-06-24	19.18	20.49	19.02	20.26	66971	20.1	002041	登海种业	SZ	19.23	19.08	
731	2011-06-24	7.66	7.87	7.62	7.83	44521	2.56	002042	华孚色纺	SZ	7.69	2.51	
732	2011-06-24	4.78	4.91	4.74	4.86	68271	2.37	002043	兔 宝 宝	SZ	4.8	2.34	
733	2011-06-24	10.49	10.78	10.34	10.69	16435	10.3	002044	江苏三友	SZ	10.45	10.07	
733	2011-06-24	6.93	7.36	6.85	7.28	96932	6.97	002045	广州国光	SZ	6.93	6.64	
734	2011-06-24	9.56	10.68	9.56	10.68	93250	5.25	002046	轴研科技	SZ	9.7	4.77	
734	2011-06-24	5.03	5.19	4.99	5.13	107705	5.13	002047	成霖股份	SZ	5.05	5.05	
733	2011-06-24	12	12.38	11.64	12.13	158502	11.81	002048	宁波华翔	SZ	11.49	11.18	
734	2011-06-24	18.07	19.99	18.06	19.94	23202	19.79	002049	晶源电子	SZ	18.33	18.19	
734	2011-06-24	16.11	16.55	16.01	16.55	11603	7.92	002050	三花股份	SZ	16.18	7.75	
733	2011-06-24	20.36	20.61	19.98	20.42	8548	15.38	002051	中工国际	SZ	19.98	15.05	
731	2011-06-24	5.11	5.39	5.09	5.3	64073	2.62	002052	同洲电子	SZ	5.14	2.54	
731	2011-06-24	11.63	12.05	11.63	11.93	15842	11.87	002053	云南盐化	SZ	11.69	11.63	
733	2011-06-24	10.93	11.29	10.82	11.16	38324	10.85	002054	德美化工	SZ	10.93	10.62	
731	2011-06-24	8.75	9.5	8.75	9.26	52551	4.57	002055	得润电子	SZ	8.84	4.36	
733	2011-06-24	24.67	27.38	24.59	27.38	130691	27.35	002056	横店东磁	SZ	24.89	24.87	
732	2011-06-24	18.5	19.98	18.3	19.23	17194	19.23	002057	中钢天源	SZ	18.6	18.6	
733	2011-06-24	8.92	9.24	8.89	9.1	42481	7.82	002058	威 尔 泰	SZ	8.92	7.66	
734	2011-06-24	10.9	11.32	10.82	11.2	20713	11.09	002059	云南旅游	SZ	10.95	10.85	
730	2011-06-24	7.29	7.97	7.29	7.97	360005	5.48	002060	粤 水 电	SZ	7.24	4.98	
731	2011-06-24	8.23	8.57	8.2	8.49	35241	5.58	002061	江山化工	SZ	8.24	5.42	
733	2011-06-24	8.66	8.94	8.66	8.8	52333	4.78	002062	宏润建设	SZ	8.62	4.69	
734	2011-06-24	13.46	13.76	13.38	13.56	15570	10.17	002063	远光软件	SZ	13.4	10.05	
733	2011-06-24	9.01	9.36	8.95	9.26	58551	9.06	002064	华峰氨纶	SZ	9.03	8.83	
734	2011-06-24	14.17	14.85	14.13	14.82	28506	9.26	002065	东华软件	SZ	14.29	8.93	
734	2011-06-24	7.61	7.82	7.54	7.78	37452	3.78	002066	瑞泰科技	SZ	7.67	3.73	
733	2011-06-24	3.59	3.68	3.57	3.66	229111	1.83	002067	景兴纸业	SZ	3.6	1.8	
731	2011-06-24	8.61	9.49	8.45	9.29	267154	5.68	002068	黑猫股份	SZ	8.62	5.28	
732	2011-06-24	23.2	23.93	23.06	23.68	31763	22.75	002069	獐 子 岛	SZ	23.19	22.28	
733	2011-06-24	3.5	3.63	3.49	3.59	172158	2.11	002070	众和股份	SZ	3.54	2.08	
733	2011-06-24	12.06	12.77	12.03	12.41	47751	12.32	002071	江苏宏宝	SZ	12.13	12.04	
730	2011-06-24	9.8	9.8	9.61	9.73	12773	9.73	002072	*ST德棉	SZ	9.72	9.72	
733	2011-06-24	19.17	19.87	19.17	19.68	84241	19.52	002073	软控股份	SZ	19.2	19.04	
734	2011-06-24	9.83	10.17	9.53	9.81	83896	9.63	002074	东源电器	SZ	9.91	9.73	
734	2011-06-24	9.33	9.68	9.28	9.6	37337	9.28	002076	雪 莱 特	SZ	9.36	9.05	
719	2011-06-24	11.5	11.98	11.48	11.82	32827	11.68	002077	大港股份	SZ	11.56	11.42	
734	2011-06-24	10.36	10.74	10.3	10.68	95581	10.17	002078	太阳纸业	SZ	10.41	9.92	
732	2011-06-24	9.68	9.97	9.62	9.87	77448	5.41	002079	苏州固锝	SZ	9.68	5.31	
731	2011-06-24	13.1	13.7	13.02	13.48	65228	13.16	002080	中材科技	SZ	13.18	12.87	
733	2011-06-24	16.36	17.15	16.14	16.84	34026	7.38	002081	金 螳 螂	SZ	16.38	7.17	
734	2011-06-24	13.41	13.98	13.36	13.95	55882	13.34	002082	栋梁新材	SZ	13.5	12.91	
734	2011-06-24	7.89	8.28	7.86	8.18	97286	8.08	002083	孚日股份	SZ	7.93	7.83	
734	2011-06-24	5.21	5.34	5.17	5.27	39597	4.21	002084	海鸥卫浴	SZ	5.21	4.16	
732	2011-06-24	13.1	13.78	13.1	13.67	15756	12.19	002085	万丰奥威	SZ	13.18	11.76	
733	2011-06-24	13.75	14.47	13.67	14.26	50296	14.04	002086	东方海洋	SZ	13.84	13.63	
731	2011-06-24	4.78	4.92	4.76	4.88	68100	4.8	002087	新野纺织	SZ	4.78	4.7	
733	2011-06-24	13.7	14.1	13.68	13.97	13254	13.67	002088	鲁阳股份	SZ	13.68	13.39	
733	2011-06-24	10.83	11.22	10.76	11.04	19857	9	002089	新 海 宜	SZ	10.9	8.88	
734	2011-06-24	9.99	10.44	9.95	10.32	27450	10.15	002090	金智科技	SZ	10.1	9.93	
734	2011-06-24	17.65	18.5	17.6	18.45	44318	18.08	002091	江苏国泰	SZ	17.82	17.46	
733	2011-06-24	6.27	6.53	6.22	6.49	36123	3.24	002093	国脉科技	SZ	6.32	3.15	
733	2011-06-24	15.81	16.2	15.71	16.06	58710	16.06	002094	青岛金王	SZ	16.01	16.01	
734	2011-06-24	14.59	15.05	14.48	14.97	8172	14.8	002095	生 意 宝	SZ	14.61	14.44	
705	2011-06-24	14.8	15.35	14.56	15.15	6990	7.48	002096	南岭民爆	SZ	14.99	7.4	
733	2011-06-24	13.73	14.14	13.57	13.85	139240	13.7	002097	山河智能	SZ	13.64	13.49	
728	2011-06-24	13.7	14.15	13.5	13.89	21402	13.25	002098	浔兴股份	SZ	13.6	12.98	
733	2011-06-24	10.95	11.2	10.95	11.15	12480	5.44	002099	海翔药业	SZ	11.02	5.37	
730	2011-06-24	8.77	9.19	8.75	9.18	35817	6.94	002100	天康生物	SZ	8.85	6.69	
731	2011-06-24	16.68	17.75	16.65	17.41	22816	17.04	002101	广东鸿图	SZ	16.59	16.24	
731	2011-06-24	8.56	9.09	8.51	8.78	280998	8.78	002102	冠福家用	SZ	8.67	8.67	
734	2011-06-24	7.85	8.02	7.78	7.98	12175	7.79	002103	广博股份	SZ	7.95	7.63	
734	2011-06-24	11.7	12.59	11.61	12.37	117775	12.14	002104	恒宝股份	SZ	11.72	11.51	
733	2011-06-24	7	7.28	7	7.27	24261	6.99	002105	信隆实业	SZ	7.05	6.78	
734	2011-06-24	27.94	29.72	27.8	29.06	107233	28.63	002106	莱宝高科	SZ	27.93	27.52	
734	2011-06-24	11.6	11.93	11.41	11.78	9009	11.78	002107	沃华医药	SZ	11.46	11.46	
728	2011-06-24	8.8	9.19	8.76	9.08	41427	8.83	002108	沧州明珠	SZ	8.84	8.59	
729	2011-06-24	9.5	9.82	9.49	9.76	31934	9.42	002109	兴化股份	SZ	9.57	9.24	
733	2011-06-24	10.15	10.67	10.01	10.34	155078	10.33	002110	三钢闽光	SZ	10.27	10.26	
729	2011-06-24	10.06	10.44	9.96	10.35	13880	5.65	002111	威海广泰	SZ	10.06	5.49	
733	2011-06-24	6.29	6.52	6.28	6.44	28274	3.57	002112	三变科技	SZ	6.33	3.48	
733	2011-06-24	7.92	8.09	7.9	8.03	9743	8.03	002113	ST天润	SZ	7.96	7.96	
734	2011-06-24	13.62	13.99	13.5	13.79	11835	13.79	002114	罗平锌电	SZ	13.62	13.62	
733	2011-06-24	8.12	8.42	8.12	8.38	18455	4.5	002115	三维通信	SZ	8.18	4.4	
733	2011-06-24	10.22	10.46	10.15	10.43	10170	5.4	002116	中国海诚	SZ	10.18	5.27	
732	2011-06-24	11.05	11.62	11.05	11.56	42614	6.79	002117	东港股份	SZ	11.17	6.56	
690	2011-06-24	17.09	18.06	16.91	17.71	84485	17.71	002118	紫鑫药业	SZ	17.09	17.09	
733	2011-06-24	9.55	9.98	9.5	9.9	32015	9.8	002119	康强电子	SZ	9.62	9.52	
732	2011-06-24	9.7	10.07	9.6	9.9	25786	9.74	002120	新海股份	SZ	9.75	9.59	
732	2011-06-24	14.86	15.38	14.75	15.16	26368	15.05	002121	科陆电子	SZ	14.84	14.74	
734	2011-06-24	12.17	12.82	12.1	12.56	118735	12.18	002122	天马股份	SZ	12.16	11.8	
734	2011-06-24	21.28	22.14	21.11	22.1	65534	22.1	002123	荣信股份	SZ	21.29	21.29	
734	2011-06-24	8.82	9.18	8.76	9.08	28928	8.87	002124	天邦股份	SZ	8.88	8.67	
732	2011-06-24	8.9	9.35	8.85	9.25	42018	4.57	002126	银轮股份	SZ	8.92	4.41	
734	2011-06-24	8.94	9.38	8.94	9.31	25003	7.67	002127	新民科技	SZ	9.04	7.45	
734	2011-06-24	20.77	21.46	20.7	21.19	50537	20.2	002128	露天煤业	SZ	20.9	19.92	
734	2011-06-24	17.18	19.06	17.18	18.95	72255	18.93	002129	中环股份	SZ	17.38	17.37	
733	2011-06-24	7.3	7.5	7.25	7.45	89442	3.76	002130	沃尔核材	SZ	7.27	3.67	
730	2011-06-24	17.1	17.85	16.91	17.49	30525	17.4	002131	利欧股份	SZ	17.11	17.02	
733	2011-06-24	10.77	11.5	10.76	11.5	214289	11.38	002132	恒星科技	SZ	10.45	10.34	
734	2011-06-24	4.58	4.72	4.55	4.68	52581	3.69	002133	广宇集团	SZ	4.59	3.62	
732	2011-06-24	9.36	10.32	9.31	10.32	225460	10.32	002134	天津普林	SZ	9.38	9.38	
732	2011-06-24	5.42	5.63	5.36	5.56	109984	3.07	002135	东南网架	SZ	5.51	3.04	
732	2011-06-24	13.12	14	12.77	13.49	204375	6.7	002136	安 纳 达	SZ	13.13	6.52	
733	2011-06-24	6.46	6.73	6.44	6.67	56398	4.86	002137	实 益 达	SZ	6.55	4.77	
733	2011-06-24	12.85	13.37	12.69	13.2	27897	8.59	002138	顺络电子	SZ	12.88	8.38	
733	2011-06-24	15	15.95	14.83	15.68	46985	13.74	002139	拓邦股份	SZ	15	13.14	
734	2011-06-24	25.9	26.67	25.9	26.46	28631	26.28	002140	东华科技	SZ	26.09	25.91	
732	2011-06-24	6.9	7.18	6.87	7.14	27714	7.14	002141	蓉胜超微	SZ	6.94	6.94	
732	2011-06-24	10.62	11.02	10.57	10.92	162361	10.45	002142	宁波银行	SZ	10.64	10.18	
729	2011-06-24	7.15	7.37	7.12	7.26	35383	5.51	002143	高金食品	SZ	7.15	5.43	
733	2011-06-24	13.58	13.86	13.4	13.78	13730	13.49	002144	宏达高科	SZ	13.65	13.36	
697	2011-06-24	8.8	9.37	8.71	9.3	63176	9.3	002145	*ST钛白	SZ	8.92	8.92	
732	2011-06-24	9.11	9.52	9.1	9.4	110322	9.24	002146	荣盛发展	SZ	9.16	9	
733	2011-06-24	15.4	15.76	15.33	15.49	36950	14.98	002147	方圆支承	SZ	15.39	14.89	
733	2011-06-24	8.01	8.4	8	8.32	24987	4.09	002148	北纬通信	SZ	8.06	3.96	
733	2011-06-24	17.8	18.65	17.68	18.48	20271	18.4	002149	西部材料	SZ	17.63	17.56	
734	2011-06-24	9.61	10.22	9.61	10.02	127281	9.68	002150	江苏通润	SZ	9.95	9.62	
731	2011-06-24	22.22	23.12	22.02	22.76	21969	18.85	002151	北斗星通	SZ	22.19	18.38	
734	2011-06-24	17.46	18.02	17.43	17.89	25545	10.37	002152	广电运通	SZ	17.54	10.16	
734	2011-06-24	34.38	35.45	34.32	35.15	2506	34.68	002153	石基信息	SZ	34.62	34.16	
730	2011-06-24	12.51	13.11	12.5	12.98	24279	12.54	002154	报 喜 鸟	SZ	12.55	12.13	
733	2011-06-24	17.04	17.91	16.97	17.75	293317	9.59	002155	辰州矿业	SZ	17.29	9.34	
734	2011-06-24	8.15	8.31	8.02	8.13	113867	8.07	002156	通富微电	SZ	8.15	8.09	
733	2011-06-24	10.07	10.75	10.07	10.51	127450	10.34	002157	正邦科技	SZ	10.2	10.03	
734	2011-06-24	19.77	20.85	19.77	20.69	16261	17.85	002158	汉钟精机	SZ	19.77	17.06	
734	2011-06-24	12.79	13.31	12.6	13.09	17224	13.01	002159	三特索道	SZ	12.81	12.74	
733	2011-06-24	10.12	10.52	10.06	10.36	94174	5.1	002161	远 望 谷	SZ	10.15	5	
733	2011-06-24	10.68	11.09	10.6	11	53854	11	002162	斯 米 克	SZ	10.73	10.73	
732	2011-06-24	7.69	8.04	7.65	7.95	135139	7.88	002163	中航三鑫	SZ	7.7	7.63	
733	2011-06-24	8.6	9.46	8.5	9.18	65618	9.13	002164	东力传动	SZ	8.61	8.56	
732	2011-06-24	7.86	8.17	7.82	8.14	107592	4.4	002165	红 宝 丽	SZ	7.86	4.24	
731	2011-06-24	20.83	21.19	20.44	20.83	33323	20.83	002166	莱茵生物	SZ	20.51	20.51	
733	2011-06-24	18.5	19.19	18.34	19	142796	9.46	002167	东方锆业	SZ	18.6	9.26	
734	2011-06-24	14.87	15.43	14.79	15.04	52866	12.77	002168	深圳惠程	SZ	14.91	12.65	
732	2011-06-24	8.9	9.27	8.86	9.15	44343	9.15	002169	智光电气	SZ	8.98	8.98	
732	2011-06-24	6.13	6.37	6.13	6.36	413139	3.42	002170	芭田股份	SZ	6.25	3.36	
733	2011-06-24	16.55	17.34	16.46	17.1	74477	17.07	002171	精诚铜业	SZ	16.68	16.65	
732	2011-06-24	6.72	6.98	6.67	6.92	33450	6.92	002172	澳洋科技	SZ	6.72	6.72	
734	2011-06-24	12.89	13.5	12.8	13.2	72449	13.13	002173	山 下 湖	SZ	12.99	12.92	
733	2011-06-24	13.46	13.8	13.46	13.61	4724	13.6	002174	梅 花 伞	SZ	13.42	13.41	
728	2011-06-24	12.8	13.32	12.75	13.23	12481	13.1	002175	广陆数测	SZ	12.82	12.69	
733	2011-06-24	11	11.4	10.9	11.23	117063	5.59	002176	江特电机	SZ	10.66	5.31	
733	2011-06-24	5.44	5.56	5.39	5.49	148945	2.46	002177	御银股份	SZ	5.47	2.45	
733	2011-06-24	10.8	11.88	10.77	11.58	65647	11.54	002178	延华智能	SZ	10.88	10.84	
734	2011-06-24	19.44	20.9	19.2	20.57	37446	20.31	002179	中航光电	SZ	19.5	19.25	
733	2011-06-24	26.84	27.7	26.35	27.08	21045	26.77	002180	万 力 达	SZ	26.88	26.58	
730	2011-06-24	10.45	10.9	10.4	10.77	14779	10.66	002181	粤 传 媒	SZ	10.53	10.43	
734	2011-06-24	12.1	12.78	12.04	12.54	46300	12.4	002182	云海金属	SZ	12.18	12.04	
731	2011-06-24	6.72	6.98	6.7	6.9	62312	6.79	002183	怡 亚 通	SZ	6.76	6.65	
734	2011-06-24	11.44	11.76	11.37	11.64	19275	11.4	002184	海得控制	SZ	11.44	11.21	
734	2011-06-24	6.52	6.79	6.49	6.73	78312	4.11	002185	华天科技	SZ	6.55	4	
734	2011-06-24	13.36	13.74	13.34	13.65	5999	6.42	002186	全 聚 德	SZ	13.38	6.3	
734	2011-06-24	12.33	12.67	12.32	12.65	11116	10.1	002187	广百股份	SZ	12.33	9.85	
708	2011-06-24	11.28	11.44	11.06	11.34	19942	11.34	002188	新 嘉 联	SZ	11.18	11.18	
733	2011-06-24	14.79	15.15	14.68	15	7295	14.97	002189	利达光电	SZ	14.79	14.76	
733	2011-06-24	23.08	24.54	22.62	23.99	112356	18.22	002190	成飞集成	SZ	23.31	17.7	
732	2011-06-24	8.52	8.77	8.47	8.7	73260	8.25	002191	劲嘉股份	SZ	8.54	8.1	
732	2011-06-24	22.57	23.23	22.11	22.56	47178	22.51	002192	路翔股份	SZ	22.71	22.66	
733	2011-06-24	12.7	13.45	12.7	13.3	16140	13.25	002193	山东如意	SZ	12.77	12.72	
734	2011-06-24	10.6	10.95	10.55	10.86	24147	10.37	002194	武汉凡谷	SZ	10.63	10.15	
733	2011-06-24	16.64	17.39	16.55	17.09	37629	16.83	002195	海隆软件	SZ	16.76	16.5	
733	2011-06-24	15.2	15.8	15.12	15.63	10778	15.16	002196	方正电机	SZ	15.2	14.74	
730	2011-06-24	13.4	13.74	13.21	13.47	40170	13.25	002197	证通电子	SZ	13.39	8.23	
731	2011-06-24	5.24	5.48	5.24	5.32	59869	2.62	002198	嘉应制药	SZ	5.27	2.6	
732	2011-06-24	10.11	10.68	10.11	10.59	20429	6.98	002199	东晶电子	SZ	10.29	6.78	
724	2011-06-24	13.88	13.88	13.33	13.45	111627	13.45	002200	绿 大 地	SZ	13.25	13.25	
732	2011-06-24	10	10.55	10	10.16	114167	10.15	002201	九鼎新材	SZ	9.77	9.76	
733	2011-06-24	9.7	10	9.59	9.9	50141	6.36	002203	海亮股份	SZ	9.74	6.26	
728	2011-06-24	13.73	14.31	13.64	14.12	62595	6.13	002204	华锐铸钢	SZ	13.76	5.97	
732	2011-06-24	21.72	23.4	21.56	22.7	30461	22.51	002205	国统股份	SZ	21.73	21.55	
731	2011-06-24	12.76	13.14	12.58	13.1	18012	11.87	002206	海 利 得	SZ	12.78	11.58	
733	2011-06-24	15.76	16.22	15.41	15.9	48588	15.78	002207	准油股份	SZ	14.99	14.88	
733	2011-06-24	9.15	9.38	9.06	9.33	45401	9.01	002208	合肥城建	SZ	9.2	8.89	
732	2011-06-24	8.92	9.35	8.88	9.2	20080	9.11	002209	达 意 隆	SZ	8.97	8.88	
733	2011-06-24	6.5	6.92	6.46	6.76	62975	5.1	002210	飞马国际	SZ	6.51	4.9	
731	2011-06-24	10.45	10.95	10.35	10.88	26992	10.88	002211	宏达新材	SZ	10.52	10.52	
730	2011-06-24	8.01	8.81	8	8.81	32521	8.6	002212	南洋股份	SZ	8.01	7.82	
733	2011-06-24	12.7	13.82	12.61	13.31	12233	13.15	002213	特 尔 佳	SZ	12.7	12.55	
728	2011-06-24	22	22.45	21.58	22.25	15549	10.82	002214	大立科技	SZ	22	10.69	
731	2011-06-24	10.07	10.41	10	10.4	44909	6.64	002215	诺 普 信	SZ	10.09	6.44	
731	2011-06-24	17.1	17.51	17.08	17.5	9655	8.58	002216	三全食品	SZ	17.38	8.51	
733	2011-06-24	6.99	7.34	6.97	7.21	75820	4.74	002217	联合化工	SZ	7	4.6	
732	2011-06-24	13.74	14.31	13.6	14.24	32644	14.24	002218	拓日新能	SZ	13.64	13.64	
733	2011-06-24	10.5	10.56	10.31	10.43	59134	6.46	002219	独 一 味	SZ	10.48	6.49	
734	2011-06-24	8.6	8.76	8.56	8.75	38058	4.25	002220	天宝股份	SZ	8.66	4.21	
729	2011-06-24	4.22	4.38	4.2	4.35	32464	2.15	002221	东华能源	SZ	4.24	2.1	
734	2011-06-24	8.54	8.98	8.54	8.81	47976	8.57	002222	福晶科技	SZ	8.59	8.35	
734	2011-06-24	18.1	18.83	18	18.66	16080	14.21	002223	鱼跃医疗	SZ	18.1	13.78	
733	2011-06-24	6.75	6.97	6.73	6.9	13035	4.48	002224	三 力 士	SZ	6.77	4.39	
727	2011-06-24	12.45	13.1	12.3	12.64	297973	12.5	002225	濮耐股份	SZ	12.38	12.24	
730	2011-06-24	16.94	17.77	16.94	17.45	5440	10.85	002226	江南化工	SZ	17.19	10.69	
734	2011-06-24	26.2	27.8	26.15	27.15	22870	26.93	002227	奥 特 迅	SZ	26.69	26.47	
731	2011-06-24	7.17	7.34	7.08	7.3	14851	7.07	002228	合兴包装	SZ	7.15	6.92	
732	2011-06-24	7.61	7.88	7.55	7.83	19960	3.99	002229	鸿博股份	SZ	7.61	3.87	
732	2011-06-24	24.73	25.57	24.61	25.33	37626	9.76	002230	科大讯飞	SZ	24.71	9.52	
734	2011-06-24	5.83	6.01	5.82	5.98	9884	2.85	002231	奥维通信	SZ	5.82	2.78	
732	2011-06-24	10.58	10.86	10.51	10.79	30817	10.77	002232	启明信息	SZ	10.62	10.6	
732	2011-06-24	11.2	12.05	10.89	11.24	1026278	10.92	002233	塔牌集团	SZ	11.1	10.78	
733	2011-06-24	12.34	12.59	12.2	12.35	89554	5.79	002234	民和股份	SZ	12.46	5.84	
731	2011-06-24	11.68	12.18	11.46	11.93	30117	11.56	002235	安妮股份	SZ	11.82	11.45	
733	2011-06-24	10.16	10.35	10.02	10.25	77921	2.51	002236	大华股份	SZ	10.16	2.49	
734	2011-06-24	19.51	20.31	19.5	20.2	22863	9.96	002237	恒邦股份	SZ	19.92	9.82	
732	2011-06-24	17.31	17.99	17.28	17.71	17035	17.48	002238	天威视讯	SZ	17.37	17.14	
726	2011-06-24	7.58	7.85	7.53	7.83	9949	7.8	002239	金 飞 达	SZ	7.59	7.56	
733	2011-06-24	6.66	6.98	6.66	6.91	55139	6.91	002240	威华股份	SZ	6.69	6.69	
733	2011-06-24	12.23	13.08	12.22	12.99	75256	7.13	002241	歌尔声学	SZ	12.24	6.72	
733	2011-06-24	12.16	12.5	12.1	12.41	27467	10.34	002242	九阳股份	SZ	12.15	10.12	
732	2011-06-24	14.09	14.8	14.09	14.8	16714	14.59	002243	通产丽星	SZ	14.18	13.98	
734	2011-06-24	12.1	12.49	11.95	12.11	45004	11.93	002244	滨江集团	SZ	12.06	11.89	
734	2011-06-24	7.72	8.15	7.71	8.05	41779	7.92	002245	澳洋顺昌	SZ	7.78	7.66	
733	2011-06-24	14.85	15.46	14.7	15.42	22400	15.3	002246	北化股份	SZ	14.85	14.73	
734	2011-06-24	9.05	9.14	8.85	8.98	33910	4.33	002247	帝龙新材	SZ	9.15	4.28	
733	2011-06-24	14.76	15.84	14.6	15.73	61995	15.66	002248	华东数控	SZ	14.85	14.79	
730	2011-06-24	13.43	13.89	13.21	13.71	40845	8.7	002249	大洋电机	SZ	13.45	8.54	
731	2011-06-24	15.14	15.67	14.87	15.57	13443	7.91	002250	联化科技	SZ	15.14	7.69	
734	2011-06-24	12.52	12.71	12.45	12.7	16322	6.39	002251	步 步 高	SZ	12.45	6.27	
734	2011-06-24	12.72	13.41	12.58	13.31	23147	7.37	002252	上海莱士	SZ	12.72	7.04	
730	2011-06-24	22.19	22.88	22.08	22.71	9567	13.8	002253	川大智胜	SZ	22.38	13.61	
733	2011-06-24	13.33	13.93	13.27	13.7	41617	10.27	002254	烟台氨纶	SZ	13.47	10.1	
732	2011-06-24	15	15.6	14.93	15.34	19394	7.59	002255	海陆重工	SZ	15.14	7.49	
733	2011-06-24	14.56	14.96	14.43	14.95	16056	14.84	002258	利尔化学	SZ	14.55	14.44	
733	2011-06-24	3.86	4.01	3.86	3.98	31555	2.21	002259	升达林业	SZ	3.91	2.17	
733	2011-06-24	10.2	10.5	10.08	10.36	17952	10.09	002260	伊 立 浦	SZ	10.13	9.87	
729	2011-06-24	12.94	13.84	12.94	13.6	23429	10.42	002261	拓维信息	SZ	12.97	9.94	
734	2011-06-24	13.87	14.32	13.82	14.13	8923	11.24	002262	恩华药业	SZ	13.86	11.02	
733	2011-06-24	8.41	8.75	8.32	8.75	53772	7.18	002263	大 东 南	SZ	8.41	6.9	
732	2011-06-24	7.25	7.48	7.21	7.47	77181	2.45	002264	新 华 都	SZ	7.27	2.38	
733	2011-06-24	11.08	11.57	11.03	11.53	42256	11.53	002265	西仪股份	SZ	11.25	11.25	
733	2011-06-24	8.6	8.89	8.59	8.76	52475	4.11	002267	陕天然气	SZ	8.66	4.06	
734	2011-06-24	15.4	16.06	15	15.92	26887	15.85	002268	卫 士 通	SZ	15.69	15.62	
733	2011-06-24	29.77	30.4	29.3	30	12179	27.57	002269	美邦服饰	SZ	29.89	27.47	
734	2011-06-24	10.37	10.65	10.32	10.58	8498	7.99	002270	法因数控	SZ	10.4	7.85	
731	2011-06-24	16.46	17.3	16.35	16.83	45193	16.44	002271	东方雨虹	SZ	16.33	15.95	
733	2011-06-24	6.61	6.93	6.55	6.82	139256	3.38	002272	川润股份	SZ	6.82	3.37	
734	2011-06-24	11.18	11.55	11.17	11.49	23670	3.63	002273	水晶光电	SZ	11.27	3.56	
732	2011-06-24	10.53	10.97	10.52	10.84	41059	10.77	002274	华昌化工	SZ	10.59	10.52	
733	2011-06-24	15.78	16.18	15.7	16.11	7125	14.75	002275	桂林三金	SZ	15.82	14.48	
731	2011-06-24	12.66	13.16	12.56	13.16	68787	8.03	002277	友阿股份	SZ	12.71	7.75	
734	2011-06-24	9.72	10.1	9.64	10	24808	8.83	002278	神开股份	SZ	9.82	8.67	
733	2011-06-24	11.81	12.04	11.73	11.94	9233	7.21	002279	久其软件	SZ	11.78	7.11	
734	2011-06-24	18.66	19.39	18.55	19.12	10353	18.27	002280	新世纪	SZ	18.95	18.11	
724	2011-06-24	30.76	31.61	30.7	31.46	10587	30.9	002281	光迅科技	SZ	30.81	30.26	
734	2011-06-24	15.2	16.45	15.05	15.6	108486	15.36	002282	博深工具	SZ	15.2	14.97	
731	2011-06-24	14.02	14.39	13.74	14.16	136611	14.06	002283	天润曲轴	SZ	13.98	13.89	
733	2011-06-24	10.29	10.7	10.27	10.58	22429	10.35	002284	亚太股份	SZ	10.34	10.12	
734	2011-06-24	13.08	13.58	13.08	13.44	12139	9.89	002285	世联地产	SZ	13.23	9.74	
734	2011-06-24	14.44	14.96	14.35	14.84	23588	11.24	002286	保龄宝	SZ	14.45	10.94	
733	2011-06-24	20.15	20.65	20	20.35	10112	19.75	002287	奇正藏药	SZ	20.15	19.56	
730	2011-06-24	6.38	6.67	6.31	6.55	30978	3.4	002288	超华科技	SZ	6.36	3.3	
732	2011-06-24	22.89	23.79	22.89	23.6	13725	23.56	002289	宇顺电子	SZ	23.06	23.02	
734	2011-06-24	15.88	16.4	15.86	16.4	120094	11.5	002290	禾盛新材	SZ	14.91	10.45	
733	2011-06-24	10.05	10.51	10	10.4	20308	10.28	002291	星期六	SZ	10.08	9.97	
733	2011-06-24	12.26	12.88	12.21	12.7	32670	8.33	002292	奥飞动漫	SZ	12.33	8.09	
734	2011-06-24	38.15	38.45	37.56	38.17	3402	18.08	002293	罗莱家纺	SZ	38.47	18.23	
734	2011-06-24	17.98	18.71	17.84	18.51	14451	9.88	002294	信立泰	SZ	17.98	9.6	
733	2011-06-24	10	10.48	9.95	10.35	37417	10.35	002295	精艺股份	SZ	10.11	10.11	
656	2011-06-24	24.68	25.76	24.68	25.64	7602	25.22	002296	辉煌科技	SZ	25.02	24.61	
734	2011-06-24	11.81	12.15	11.79	12.04	40280	8	002297	博云新材	SZ	11.9	7.9	
731	2011-06-24	5.57	5.77	5.57	5.76	30603	2.87	002298	鑫龙电器	SZ	5.64	2.81	
733	2011-06-24	11.03	11.38	10.91	11.34	13290	10.59	002300	太阳电缆	SZ	11.03	10.3	
732	2011-06-24	6.9	7.11	6.8	7.02	13925	3.45	002301	齐心文具	SZ	6.91	3.4	
733	2011-06-24	15.43	16.34	15.35	15.78	58724	12.07	002302	西部建设	SZ	15.67	11.99	
734	2011-06-24	16.96	17.28	16.81	17.25	20272	8.57	002303	美盈森	SZ	17	8.44	
733	2011-06-24	96.67	99	96.67	97.5	17553	78.22	002304	洋河股份	SZ	97.49	78.21	
733	2011-06-24	6	6.26	5.98	6.23	62980	6.08	002305	南国置业	SZ	6.04	5.9	
732	2011-06-24	4.72	4.95	4.69	4.88	63873	1.09	002306	湘鄂情	SZ	4.72	1.06	
729	2011-06-24	7.85	8.07	7.76	8.04	41483	4.02	002307	北新路桥	SZ	7.88	3.94	
733	2011-06-24	7.98	8.35	7.91	8.24	37563	5.98	002308	威创股份	SZ	8.01	5.81	
731	2011-06-24	12.28	12.73	12.24	12.68	37207	6.24	002309	中利科技	SZ	12.28	6.04	
730	2011-06-24	21.21	22.08	21.09	21.71	25652	5.42	002310	东方园林	SZ	21.23	5.3	
732	2011-06-24	11.68	11.9	11.6	11.76	31487	8.91	002311	海大集团	SZ	11.6	8.79	
734	2011-06-24	6.79	6.95	6.68	6.88	16569	3.32	002312	三泰电子	SZ	6.71	3.24	
732	2011-06-24	15.25	15.84	15.21	15.77	6025	5.89	002313	日海通讯	SZ	15.25	5.7	
732	2011-06-24	14.28	14.75	14.23	14.71	13816	14.44	002314	雅致股份	SZ	14.4	14.13	
734	2011-06-24	46.3	48	46	47.62	8011	45.53	002315	焦点科技	SZ	46.3	44.27	
732	2011-06-24	6.13	6.3	6.11	6.24	25307	2.43	002316	键桥通讯	SZ	6.16	2.4	
732	2011-06-24	11.16	11.42	11	11.31	12109	5.33	002317	众生药业	SZ	11.16	5.25	
732	2011-06-24	11.53	12.07	11.51	11.99	19022	7.88	002318	久立特材	SZ	11.67	7.67	
732	2011-06-24	7.64	7.86	7.6	7.84	15567	3.81	002319	乐通股份	SZ	7.68	3.73	
734	2011-06-24	8.49	8.89	8.44	8.78	59778	4.34	002321	华英农业	SZ	8.53	4.22	
734	2011-06-24	11.56	11.77	11.35	11.66	18446	2.84	002322	理工监测	SZ	11.59	2.83	
734	2011-06-24	18.35	18.58	18.15	18.58	6160	13.13	002323	中联电气	SZ	18.25	12.9	
732	2011-06-24	15.41	15.91	15.27	15.63	25152	15.44	002324	普利特	SZ	15.51	15.32	
734	2011-06-24	6.39	6.67	6.37	6.57	31417	2.14	002325	洪涛股份	SZ	6.43	2.1	
733	2011-06-24	23.55	24.38	23.45	24.18	8130	23.94	002326	永太科技	SZ	23.67	23.44	
734	2011-06-24	16.63	17.21	16.62	16.94	15540	6.67	002327	富安娜	SZ	16.71	6.58	
734	2011-06-24	10.43	10.7	10.34	10.55	26392	6.88	002328	新朋股份	SZ	10.44	6.8	
733	2011-06-24	16.41	17.8	16.35	17.8	9928	17.44	002329	皇氏乳业	SZ	16.18	15.85	
734	2011-06-24	7.11	7.33	7.11	7.25	54042	3.53	002330	得利斯	SZ	7.17	3.49	
733	2011-06-24	8.62	8.91	8.59	8.84	56578	5.38	002331	皖通科技	SZ	8.76	5.33	
732	2011-06-24	12.6	13.15	12.55	13.13	31719	12.73	002332	仙琚制药	SZ	12.7	12.31	
732	2011-06-24	12.78	13.49	12.59	12.97	61582	12.55	002333	罗普斯金	SZ	12.41	12.01	
733	2011-06-24	17.43	17.88	17.43	17.67	10109	5.91	002334	英威腾	SZ	17.42	5.83	
733	2011-06-24	13.14	14.42	13.14	13.94	15465	9.75	002335	科华恒盛	SZ	13.2	9.23	
734	2011-06-24	18.41	18.98	18.41	18.9	15103	18.32	002336	人人乐	SZ	18.58	18	
734	2011-06-24	14.29	14.89	14.29	14.63	7221	13.89	002337	赛象科技	SZ	14.38	13.65	
733	2011-06-24	27.68	28.77	27.53	28.75	6277	18.54	002338	奥普光电	SZ	27.77	17.9	
733	2011-06-24	6.1	6.28	6.07	6.27	26973	1.51	002339	积成电子	SZ	6.13	1.48	
733	2011-06-24	7.67	8.04	7.62	7.93	83449	2.97	002340	格林美	SZ	7.68	2.88	
730	2011-06-24	9.55	9.98	9.55	9.74	12836	4.77	002341	新纶科技	SZ	9.57	4.69	
732	2011-06-24	9.81	10.25	9.81	10.19	40902	5.05	002342	巨力索具	SZ	9.91	4.91	
734	2011-06-24	13.26	13.46	13.07	13.4	16287	12.68	002343	禾欣股份	SZ	13.25	12.53	
734	2011-06-24	10.4	10.94	10.4	10.83	60724	5.26	002344	海宁皮城	SZ	10.5	5.1	
732	2011-06-24	12.38	12.9	12.26	12.64	20882	6.01	002345	潮宏基	SZ	12.4	5.89	
734	2011-06-24	10.89	11.3	10.65	11.1	67901	5.32	002346	柘中建设	SZ	11.01	5.28	
733	2011-06-24	11.46	11.77	11.44	11.63	16447	6.22	002347	泰尔重工	SZ	11.46	6.14	
734	2011-06-24	5.51	5.78	5.43	5.72	24615	2.69	002348	高乐股份	SZ	5.52	2.6	
733	2011-06-24	11.1	11.65	11.02	11.51	12339	5.68	002349	精华制药	SZ	11.14	5.5	
733	2011-06-24	10.58	10.8	10.46	10.68	39206	6.03	002350	北京科锐	SZ	10.66	6.02	
734	2011-06-24	11.57	11.85	11.48	11.81	17376	11.33	002351	漫步者	SZ	11.6	11.13	
733	2011-06-24	21.4	22.18	21.4	22	4617	21.04	002352	鼎泰新材	SZ	21.52	20.58	
734	2011-06-24	23.46	24.3	23.46	23.95	10075	9.18	002353	杰瑞股份	SZ	23.75	9.11	
732	2011-06-24	13.74	14.18	13.67	14.01	6945	13.84	002354	科冕木业	SZ	13.8	13.64	
733	2011-06-24	6.8	7.02	6.76	6.95	32133	3.29	002355	兴民钢圈	SZ	6.82	3.23	
733	2011-06-24	23.33	23.87	23	23.71	3569	23.22	002356	浩宁达	SZ	23.33	22.84	
733	2011-06-24	10.62	10.88	10.44	10.75	77817	10.27	002357	富临运业	SZ	10.57	10.1	
734	2011-06-24	9.86	10.09	9.76	10.01	17552	5.44	002358	森源电气	SZ	9.83	5.35	
734	2011-06-24	20.08	21.44	19.48	20.76	43298	6.68	002360	同德化工	SZ	20.09	6.46	
733	2011-06-24	5.71	5.9	5.61	5.89	25792	3.13	002361	神剑股份	SZ	5.71	3.03	
733	2011-06-24	24.36	26.32	24.22	25.6	92455	25.6	002362	汉王科技	SZ	24.61	24.61	
733	2011-06-24	15.97	16.52	15.92	16.18	11819	16.08	002363	隆基机械	SZ	15.97	15.87	
733	2011-06-24	7.7	7.97	7.64	7.89	16603	3.83	002364	中恒电气	SZ	7.75	3.76	
734	2011-06-24	13.59	14.45	13.59	14.34	13873	13.85	002365	永安药业	SZ	13.68	13.21	
733	2011-06-24	13.88	14.24	13.76	14.23	30455	13.12	002366	丹甫股份	SZ	13.96	12.87	
733	2011-06-24	5.43	5.57	5.37	5.53	53066	1.62	002367	康力电梯	SZ	5.44	1.59	
732	2011-06-24	16.6	18.2	16.6	17.62	27417	17.14	002369	卓翼科技	SZ	16.86	16.4	
733	2011-06-24	11.74	12.09	11.64	12.01	10610	6.93	002370	亚太药业	SZ	11.75	6.78	
729	2011-06-24	13.57	14.19	13.38	14.04	9210	2.95	002371	七星电子	SZ	13.55	2.85	
729	2011-06-24	13.08	13.55	12.96	13.38	29541	9.24	002372	伟星新材	SZ	13.06	9.01	
733	2011-06-24	9.44	9.77	9.44	9.68	28769	4.8	002373	联信永益	SZ	9.5	4.71	
733	2011-06-24	8.25	9.02	8.24	8.72	48923	4.6	002374	丽鹏股份	SZ	8.3	4.38	
733	2011-06-24	17.87	19.51	17.73	19.47	50107	12.88	002375	亚厦股份	SZ	17.73	11.73	
734	2011-06-24	8.24	8.57	8.23	8.44	13719	4.05	002376	新北洋	SZ	8.3	3.99	
732	2011-06-24	8.3	8.59	8.15	8.52	24058	4.26	002377	国创高新	SZ	8.31	4.16	
730	2011-06-24	27.72	29.03	27.61	28.88	49569	28.31	002378	章源钨业	SZ	28.05	27.49	
732	2011-06-24	7.1	7.37	7.07	7.34	15720	3.67	002379	鲁丰股份	SZ	7.18	3.59	
733	2011-06-24	34.7	35.6	34.5	35.45	2462	34.96	002380	科远股份	SZ	34.6	34.12	
734	2011-06-24	8.27	8.4	8.16	8.38	8808	3.91	002381	双箭股份	SZ	8.27	3.85	
711	2011-06-24	9.49	9.7	9.43	9.49	14151	4.69	002382	蓝帆股份	SZ	9.56	4.72	
731	2011-06-24	23.83	24.23	23.46	23.96	15314	18.25	002383	合众思壮	SZ	23.38	17.81	
733	2011-06-24	17.41	18.59	17.25	18.59	213197	10.25	002384	东山精密	SZ	16.91	9.32	
733	2011-06-24	7.53	7.81	7.5	7.76	93593	1.86	002385	大北农	SZ	7.57	1.82	
734	2011-06-24	12.69	13.2	12.69	13.09	22380	12.83	002386	天原集团	SZ	12.74	12.49	
734	2011-06-24	13.07	13.76	12.84	13.46	74134	10.25	002387	黑牛食品	SZ	13.08	9.96	
732	2011-06-24	13.17	13.49	13.05	13.34	26764	12.94	002388	新亚制程	SZ	13.24	12.85	
732	2011-06-24	8.08	8.32	8	8.24	24988	2.67	002389	南洋科技	SZ	8.07	2.61	
733	2011-06-24	14.2	14.7	14.15	14.57	12547	14.48	002390	信邦制药	SZ	14.26	14.17	
733	2011-06-24	12.09	12.37	12.02	12.33	27895	7.73	002391	长青股份	SZ	12.11	7.59	
731	2011-06-24	12	12.4	11.85	12.35	85428	6.11	002392	北京利尔	SZ	12	5.93	
734	2011-06-24	38.1	39.46	37.89	39.05	17979	37.26	002393	力生制药	SZ	38.11	36.36	
733	2011-06-24	17.28	17.68	17.15	17.61	10354	16.54	002394	联发股份	SZ	17.28	16.23	
734	2011-06-24	11.76	12.19	11.76	12.09	20592	5.66	002395	双象股份	SZ	11.89	5.57	
734	2011-06-24	13.25	14.05	13.1	13.82	19543	6.66	002396	星网锐捷	SZ	13.23	6.37	
734	2011-06-24	26.41	27.11	26.16	26.62	3180	15.9	002397	梦洁家纺	SZ	26.5	15.82	
734	2011-06-24	11.07	11.57	11.03	11.15	47648	6.52	002398	建研集团	SZ	11.25	6.58	
733	2011-06-24	35.83	37.79	35.62	37	56426	35.17	002399	海普瑞	SZ	36.02	34.24	
734	2011-06-24	7.1	7.37	7.06	7.3	25306	2.73	002400	省广股份	SZ	7.13	2.67	
732	2011-06-24	8.78	9.08	8.77	9.05	15975	2.35	002401	交技发展	SZ	8.78	2.28	
734	2011-06-24	11.17	12.1	11.13	11.88	73827	7.5	002402	和而泰	SZ	11.65	7.36	
732	2011-06-24	13.23	13.65	13.12	13.54	34634	13.54	002403	爱仕达	SZ	13.21	13.21	
734	2011-06-24	7.51	7.8	7.51	7.73	14620	4.73	002404	嘉欣丝绸	SZ	7.55	4.62	
732	2011-06-24	20.71	21.66	20.64	21.38	32934	14.56	002405	四维图新	SZ	20.89	14.22	
734	2011-06-24	15.65	16.26	15.62	16.17	14257	15.48	002406	远东传动	SZ	15.77	15.1	
733	2011-06-24	27.75	28.44	27.5	27.91	30358	17.26	002407	多氟多	SZ	27.75	17.16	
734	2011-06-24	24.65	25.83	24.58	25.58	74434	20.54	002408	齐翔腾达	SZ	24.82	19.93	
733	2011-06-24	21.17	21.79	21.05	21.57	3020	13.99	002409	雅克科技	SZ	21.11	13.7	
733	2011-06-24	16.16	17.08	16.16	17	20363	8.28	002410	广联达	SZ	16.35	7.96	
733	2011-06-24	9.14	9.47	9	9.43	42236	6.21	002411	九九久	SZ	9.21	6.06	
734	2011-06-24	18.66	19.98	18.51	19.35	8276	19.35	002412	汉森制药	SZ	18.66	18.66	
732	2011-06-24	14.13	14.66	14.01	14.66	6622	9.47	002413	常发股份	SZ	14.2	9.18	
733	2011-06-24	9.69	10.1	9.62	9.96	57903	4.55	002414	高德红外	SZ	9.62	4.39	
731	2011-06-24	13.57	14.34	13.57	14.34	34274	6.98	002416	爱施德	SZ	13.73	6.69	
733	2011-06-24	9.16	9.46	9.03	9.36	56093	6.17	002417	三元达	SZ	9.09	6	
733	2011-06-24	10.31	10.74	10.23	10.68	27120	10.48	002418	康盛股份	SZ	10.35	10.16	
732	2011-06-24	20.68	21.2	20.6	21.12	11196	20.09	002419	天虹商场	SZ	20.66	19.65	
733	2011-06-24	8.88	9.18	8.84	9.05	25033	8.99	002420	毅昌股份	SZ	8.89	8.83	
734	2011-06-24	9.94	10.48	9.78	10.25	53859	4.99	002421	达实智能	SZ	9.98	4.86	
734	2011-06-24	56.51	58.3	56.51	57.6	11920	57.13	002422	科伦药业	SZ	56.5	56.04	
734	2011-06-24	11.63	12.75	11.63	12.75	315343	12.63	002423	中原特钢	SZ	11.59	11.48	
731	2011-06-24	17.86	18.41	17.77	18.3	28438	8.65	002424	贵州百灵	SZ	17.86	8.44	
734	2011-06-24	18.27	18.27	16.88	17.14	22375	14.1	002425	凯撒股份	SZ	17.07	14.04	
734	2011-06-24	21.3	22.48	21.24	22.48	60750	10.94	002426	胜利精密	SZ	20.44	9.95	
732	2011-06-24	12.78	12.97	12.5	12.83	12524	12.77	002427	尤夫股份	SZ	12.86	9.78	
734	2011-06-24	10.35	10.87	10.2	10.68	88701	2.62	002428	云南锗业	SZ	10.43	2.56	
731	2011-06-24	7.64	7.93	7.63	7.85	39866	3.24	002429	兆驰股份	SZ	7.72	3.19	
732	2011-06-24	15.8	16.26	15.63	15.82	21929	11.37	002430	杭氧股份	SZ	15.79	11.35	
729	2011-06-24	21.14	22.17	20.88	22.02	21659	18.27	002431	棕榈园林	SZ	21.15	17.55	
733	2011-06-24	7.01	7.26	6.98	7.23	12279	4.75	002432	九安医疗	SZ	7.04	4.62	
733	2011-06-24	9.37	9.69	9.3	9.58	10081	3.78	002433	太安堂	SZ	9.37	3.69	
733	2011-06-24	13.75	14.14	13.75	14.1	11957	6.81	002434	万里扬	SZ	13.9	6.72	
734	2011-06-24	8.55	8.82	8.55	8.76	10045	5.68	002435	长江润发	SZ	8.6	5.58	
733	2011-06-24	22.85	24	22.84	23.55	11195	22.78	002436	兴森科技	SZ	23.09	22.34	
734	2011-06-24	22.8	23.32	22.53	22.9	11269	22.43	002437	誉衡药业	SZ	22.65	22.18	
733	2011-06-24	10.3	10.88	10.25	10.77	24116	5.33	002438	江苏神通	SZ	10.35	5.13	
730	2011-06-24	15.9	16.58	15.81	16.49	12803	8.16	002439	启明星辰	SZ	15.96	7.89	
734	2011-06-24	10.2	10.62	10.2	10.45	41041	4.82	002440	闰土股份	SZ	10.54	3.58	
733	2011-06-24	17.07	17.86	16.9	17.6	21968	17.02	002441	众业达	SZ	17.09	16.53	
733	2011-06-24	6.85	7.29	6.79	7.13	156170	4.62	002442	龙星化工	SZ	6.86	4.45	
732	2011-06-24	6.47	6.6	6.41	6.54	19169	3.1	002443	金洲管道	SZ	6.47	3.06	
732	2011-06-24	7.32	7.76	7.32	7.61	79271	3.68	002444	巨星科技	SZ	7.35	3.55	
732	2011-06-24	13.76	14.34	13.57	14.34	45734	6.9	002445	中南重工	SZ	13.93	6.7	
733	2011-06-24	15.87	16.59	15.71	16.26	7499	16.19	002446	盛路通信	SZ	15.86	15.8	
732	2011-06-24	12.89	13.67	12.88	13.55	16565	3.31	002447	壹桥苗业	SZ	12.89	3.15	
719	2011-06-24	16.07	16.47	15.88	16.2	22291	7.64	002448	中原内配	SZ	16.06	7.57	
733	2011-06-24	12.14	12.74	12.1	12.61	74415	6.02	002449	国星光电	SZ	12.27	5.86	
729	2011-06-24	8.49	9.07	8.38	8.92	82057	3.69	002450	康得新	SZ	8.48	3.51	
732	2011-06-24	19.33	19.85	19.16	19.56	13871	6.47	002451	摩恩电气	SZ	19.35	6.4	
733	2011-06-24	30.78	31.91	30.78	31.77	8109	11.84	002452	长高集团	SZ	31.05	11.57	
732	2011-06-24	32.79	33.79	32.52	33.63	12914	4.08	002453	天马精化	SZ	32.86	3.98	
731	2011-06-24	15.93	16.55	15.9	16.48	18247	16.11	002454	松芝股份	SZ	15.98	15.62	
732	2011-06-24	6	6.62	5.93	6.62	79614	1.63	002456	欧菲光	SZ	6.01	1.48	
733	2011-06-24	11.63	12.55	11.53	12.14	91798	8	002457	青龙管业	SZ	11.63	7.66	
733	2011-06-24	10.56	10.79	10.41	10.77	15010	5.09	002458	益生股份	SZ	10.52	4.98	
734	2011-06-24	18.02	18.93	17.6	18.78	39702	18.78	002459	天业通联	SZ	17.86	17.86	
733	2011-06-24	27.38	28.38	27.02	27.9	17107	27.48	002460	赣锋锂业	SZ	27.39	26.97	
733	2011-06-24	15.99	16.49	15.7	16.31	14742	16.29	002461	珠江啤酒	SZ	16.02	16.01	
734	2011-06-24	10.49	10.93	10.47	10.93	16218	7	002462	嘉事堂	SZ	10.55	6.76	
732	2011-06-24	6.19	6.35	6.16	6.32	25976	3.6	002463	沪电股份	SZ	6.18	3.52	
704	2011-06-24	18.74	19.35	18.4	19.01	9939	18.54	002464	金利科技	SZ	18.8	18.34	
733	2011-06-24	14.38	14.7	14.29	14.6	32515	6.84	002465	海格通信	SZ	14.34	6.72	
730	2011-06-24	29.9	31.43	29.79	30.76	15197	30.6	002466	天齐锂业	SZ	29.98	29.83	
733	2011-06-24	12.14	12.5	12.14	12.38	5473	5.95	002467	二六三	SZ	12.12	5.83	
732	2011-06-24	11.19	11.59	11.13	11.21	92733	7.54	002468	艾迪西	SZ	11.34	7.62	
733	2011-06-24	14.61	15.59	14.33	15.07	29743	5.06	002469	三维工程	SZ	14.46	4.85	
733	2011-06-24	16.32	16.97	16.32	16.87	21752	16.59	002470	金正大	SZ	16.45	16.18	
732	2011-06-24	6.73	6.89	6.7	6.78	30415	3.24	002471	中超电缆	SZ	6.73	3.21	
733	2011-06-24	14.08	14.28	13.89	14.21	9025	10.57	002472	双环传动	SZ	14.08	10.47	
733	2011-06-24	13.55	14.29	13.36	13.76	67399	13.38	002473	圣莱达	SZ	13.64	13.26	
733	2011-06-24	12.28	12.63	12.23	12.58	12424	4.04	002474	榕基软件	SZ	12.32	3.96	
733	2011-06-24	16.62	17.6	16.48	16.95	30318	7.95	002475	立讯精密	SZ	16.67	7.82	
734	2011-06-24	4.91	5.33	4.91	5.24	31569	1.72	002476	宝莫股份	SZ	4.99	1.64	
733	2011-06-24	9.34	9.79	9.31	9.52	161445	2.81	002477	雏鹰农牧	SZ	9.42	2.78	
733	2011-06-24	15.15	15.69	15.01	15.47	46298	15.09	002478	常宝股份	SZ	15.19	14.82	
734	2011-06-24	9.79	10.06	9.78	9.95	84744	5.49	002479	富春环保	SZ	9.71	5.36	
733	2011-06-24	26.89	27.77	26.8	27.55	15095	27.14	002480	新筑股份	SZ	26.93	26.53	
733	2011-06-24	7.73	7.97	7.66	7.82	71827	2.15	002481	双塔食品	SZ	7.86	2.17	
732	2011-06-24	18.36	19.74	18.25	18.94	25422	11.71	002482	广田股份	SZ	18.44	11.4	
729	2011-06-24	13.48	13.88	13.41	13.85	20870	13.36	002483	润邦股份	SZ	13.55	13.07	
732	2011-06-24	17.42	18.46	17.42	18.21	28616	13.87	002484	江海股份	SZ	17.65	13.44	
733	2011-06-24	13.17	13.69	13.14	13.46	19708	7.92	002485	希努尔	SZ	13.27	7.8	
734	2011-06-24	6.78	7.43	6.78	7.38	32439	1.67	002486	嘉麟杰	SZ	6.79	1.54	
733	2011-06-24	8.62	8.86	8.53	8.84	74662	2.88	002487	大金重工	SZ	8.71	2.84	
734	2011-06-24	12.4	12.72	12.32	12.67	20082	12.11	002488	金固股份	SZ	12.41	11.86	
732	2011-06-24	14.08	14.76	14.07	14.63	42418	6.64	002489	浙江永强	SZ	14.23	6.46	
734	2011-06-24	7.56	7.93	7.53	7.83	51127	3.85	002490	山东墨龙	SZ	7.64	3.76	
733	2011-06-24	15.5	15.93	15.46	15.9	14608	15.36	002491	通鼎光电	SZ	15.49	14.97	
734	2011-06-24	19.3	19.9	19.16	19.75	6218	19.34	002494	华斯股份	SZ	19.28	18.88	
733	2011-06-24	8.31	8.53	8.24	8.53	24314	5.4	002495	佳隆股份	SZ	8.33	5.27	
733	2011-06-24	17.38	17.84	17.26	17.65	27936	8.75	002496	辉丰股份	SZ	17.45	8.65	
734	2011-06-24	11.83	12.21	11.69	11.92	23497	7.63	002497	雅化集团	SZ	11.92	7.63	
704	2011-06-24	11.93	12.53	11.87	12.49	21433	7.99	002498	汉缆股份	SZ	12.03	7.7	
734	2011-06-24	18.77	19.37	18.71	19.24	8964	12.72	002499	科林环保	SZ	18.93	12.52	
734	2011-06-24	8.71	9.53	8.7	9.23	300003	9.12	002500	山西证券	SZ	8.77	8.67	
734	2011-06-24	11.08	11.44	10.97	11.31	32728	6.08	002501	利源铝业	SZ	11.06	5.94	
733	2011-06-24	14.17	14.51	14.04	14.47	6992	8.91	002502	骅威股份	SZ	14.18	8.73	
734	2011-06-24	11.74	12.18	11.64	12.11	17588	4.2	002503	搜于特	SZ	11.85	4.11	
734	2011-06-24	14.46	15	14.28	14.76	17842	11.2	002504	东光微电	SZ	14.56	11.04	
731	2011-06-24	10.09	10.39	9.97	10.3	66323	6.79	002505	大康牧业	SZ	10.1	6.65	
732	2011-06-24	10.94	11.76	10.93	11.76	167237	7.26	002506	超日太阳	SZ	10.69	6.6	
734	2011-06-24	18.51	18.95	18.32	18.9	16482	18.34	002507	涪陵榨菜	SZ	18.61	18.06	
733	2011-06-24	15.82	16.8	15.82	16.6	36737	16.29	002508	老板电器	SZ	16.12	15.82	
733	2011-06-24	5.61	5.87	5.57	5.83	49681	1.39	002509	天广消防	SZ	5.64	1.35	
733	2011-06-24	9.74	10.1	9.66	9.97	22424	3.57	002512	达华智能	SZ	9.88	3.54	
732	2011-06-24	13.26	13.75	13.18	13.58	20962	4.5	002513	蓝丰生化	SZ	13.28	4.4	
733	2011-06-24	34.88	35.85	34.65	35.56	13457	10.93	002514	宝馨科技	SZ	35.08	10.78	
733	2011-06-24	18.14	18.77	18.14	18.68	13307	12.26	002515	金字火腿	SZ	18.33	12.03	
733	2011-06-24	13.14	14.48	13.04	13.98	31722	13.5	002516	江苏旷达	SZ	13.18	12.72	
733	2011-06-24	8.88	9.26	8.88	9.17	20200	4.5	002517	泰亚股份	SZ	8.98	4.41	
733	2011-06-24	14.44	15.66	14.38	15.44	53499	5.9	002518	科士达	SZ	14.31	5.47	
734	2011-06-24	11.35	12.08	11.32	11.77	64554	7.22	002519	银河电子	SZ	11.35	6.96	
734	2011-06-24	12.62	12.98	12.54	12.88	45730	4.92	002520	日发数码	SZ	12.7	4.85	
734	2011-06-24	8.59	8.86	8.59	8.84	28780	4.1	002521	齐峰股份	SZ	8.65	4.01	
734	2011-06-24	19.79	20.9	19.71	20.73	34150	19.56	002522	浙江众成	SZ	19.89	18.77	
734	2011-06-24	7.76	8.02	7.74	7.89	38613	3.69	002523	天桥起重	SZ	7.76	3.63	
732	2011-06-24	7.18	7.49	7.03	7.14	196437	3.48	002524	光正钢构	SZ	7.12	3.47	
734	2011-06-24	11.61	12.11	11.58	11.93	39268	6.57	002526	山东矿机	SZ	11.69	6.44	
732	2011-06-24	11.86	12.55	11.8	12.24	22171	6.95	002527	新时达	SZ	11.89	6.75	
732	2011-06-24	13.55	13.95	13.54	13.92	20383	5.49	002528	英飞拓	SZ	13.54	5.34	
732	2011-06-24	16.66	17.63	16.65	17.33	14066	17.03	002529	海源机械	SZ	16.66	16.38	
734	2011-06-24	7.45	7.68	7.39	7.64	76487	3.71	002530	丰东股份	SZ	7.53	3.65	
729	2011-06-24	9.4	9.66	9.4	9.56	26631	4.55	002531	天顺风能	SZ	9.48	4.51	
733	2011-06-24	18.29	19.35	18	18.78	58433	18.59	002532	新界泵业	SZ	18.29	18.11	
734	2011-06-24	10.4	10.79	10.34	10.7	35525	8.51	002533	金杯电工	SZ	10.44	8.3	
733	2011-06-24	21.83	22.74	21.76	22.22	14422	21.22	002534	杭锅股份	SZ	22.14	21.14	
731	2011-06-24	12.32	12.68	12.21	12.52	64868	9.4	002535	林州重机	SZ	12.27	9.21	
733	2011-06-24	24.06	24.81	24.01	24.66	6250	24.12	002536	西泵股份	SZ	24.11	23.58	
734	2011-06-24	17.62	18.18	17.62	18.11	8984	11.98	002537	海立美达	SZ	17.77	11.75	
733	2011-06-24	10.9	11.4	10.77	11.03	46234	5.34	002538	司尔特	SZ	10.76	5.2	
733	2011-06-24	13.55	14.04	13.55	14.02	21378	6.58	002539	新都化工	SZ	13.64	6.4	
734	2011-06-24	9.59	9.74	9.53	9.65	38883	4.48	002540	亚太科技	SZ	9.6	4.46	
733	2011-06-24	18.85	19.4	18.7	19.24	14786	9.37	002541	鸿路钢构	SZ	18.93	9.22	
734	2011-06-24	24.6	25.59	24.3	24.75	80075	6.08	002542	中化岩土	SZ	24.91	6.12	
734	2011-06-24	11.85	12.2	11.8	12.11	18384	5.74	002543	万和电气	SZ	11.9	5.63	
733	2011-06-24	7.49	7.75	7.45	7.68	32762	3.69	002544	杰赛科技	SZ	7.49	3.6	
733	2011-06-24	19.35	19.92	19.27	19.8	28204	12.9	002545	东方铁塔	SZ	19.42	12.65	
733	2011-06-24	18.67	18.89	18.48	18.67	12306	8.83	002546	新联电子	SZ	18.65	8.82	
733	2011-06-24	8.27	8.43	8.2	8.35	40845	4.13	002547	春兴精工	SZ	8.27	4.09	
733	2011-06-24	13.44	13.97	13.4	13.83	23979	8.77	002548	金新农	SZ	13.53	8.58	
732	2011-06-24	11.87	12.31	11.87	12.25	20192	5.33	002549	凯美特气	SZ	11.91	5.18	
733	2011-06-24	14.15	14.55	14.01	14.39	37359	6.64	002550	千红制药	SZ	14.18	6.54	
732	2011-06-24	12.21	12.8	12.09	12.52	25289	5.42	002551	尚荣医疗	SZ	12.26	3.49	
733	2011-06-24	13.94	14.65	13.7	14.35	50735	13.99	002552	宝鼎重工	SZ	14	13.65	
734	2011-06-24	10.36	10.98	10.34	10.81	42246	5.11	002553	南方轴承	SZ	10.46	4.95	
734	2011-06-24	8.31	8.7	8.31	8.5	39412	3.68	002554	惠博普	SZ	8.4	3.64	
732	2011-06-24	13.14	13.76	13.14	13.68	11023	13.25	002555	顺荣股份	SZ	13.3	12.88	
734	2011-06-24	9.4	9.74	9.35	9.66	28142	4.63	002556	辉隆股份	SZ	9.46	4.54	
732	2011-06-24	17.04	17.67	16.96	17.37	10791	9.37	002557	洽洽食品	SZ	17.14	9.25	
734	2011-06-24	26.49	26.78	26.12	26.6	9879	26.11	002558	世纪游轮	SZ	26.63	26.14	
733	2011-06-24	14.38	14.97	14.38	14.76	34093	7.06	002559	亚威股份	SZ	14.38	6.88	
732	2011-06-24	16.8	17.46	16.71	17.24	9734	16.85	002560	通达股份	SZ	16.89	16.51	
733	2011-06-24	15.09	15.72	15.06	15.57	28528	13.91	002561	徐家汇	SZ	15.18	13.56	
733	2011-06-24	9.71	9.91	9.65	9.84	13975	3.67	002565	上海绿新	SZ	9.72	3.62	
733	2011-06-24	14.64	15.4	14.64	15.27	17595	7.54	002566	益盛药业	SZ	14.87	7.34	
732	2011-06-24	22.01	22.59	21.85	22.58	15552	22.19	300001	特锐德	SZ	22.08	21.7	
732	2011-06-24	8.59	8.82	8.53	8.77	112988	2.44	300002	神州泰岳	SZ	8.68	2.42	
734	2011-06-24	18.94	19.5	18.8	19.39	23965	18.88	300003	乐普医疗	SZ	18.96	18.47	
733	2011-06-24	23.52	23.8	23.06	23.75	5466	23.57	300004	南风股份	SZ	23.52	23.34	
731	2011-06-24	19.14	20.75	18.92	20.4	52037	10.07	300006	莱美药业	SZ	18.92	9.34	
734	2011-06-24	16.28	17.3	16.02	16.78	9906	16.64	300007	汉威电子	SZ	16.32	16.18	
734	2011-06-24	11.67	12.13	11.61	11.97	22404	7.72	300008	上海佳豪	SZ	11.65	7.52	
734	2011-06-24	9.14	9.46	9.11	9.42	23470	7.31	300009	安科生物	SZ	9.21	7.15	
729	2011-06-24	13.26	13.55	13	13.42	5417	13.15	300010	立思辰	SZ	13.26	12.99	
733	2011-06-24	11.43	11.66	11.32	11.63	31054	2.68	300011	鼎汉技术	SZ	11.43	2.64	
733	2011-06-24	8.42	8.64	8.31	8.47	37071	4.05	300012	华测检测	SZ	8.43	4.03	
734	2011-06-24	11.59	11.86	11.53	11.78	7366	11.76	300013	新宁物流	SZ	11.53	11.51	
733	2011-06-24	14.65	15.23	14.62	14.95	67123	7.28	300014	亿纬锂能	SZ	14.8	7.21	
733	2011-06-24	19.05	19.67	19.03	19.62	11545	12.14	300015	爱尔眼科	SZ	19.09	11.81	
733	2011-06-24	5.2	5.39	5.19	5.33	18572	2.5	300016	北陆药业	SZ	5.23	2.46	
733	2011-06-24	12.44	12.84	12.37	12.69	14865	12.43	300017	网宿科技	SZ	12.51	12.25	
732	2011-06-24	10.59	10.95	10.47	10.77	92039	6.88	300018	中元华电	SZ	10.64	6.79	
733	2011-06-24	11.06	11.41	11.01	11.27	16875	6.75	300019	硅宝科技	SZ	11.12	6.66	
733	2011-06-24	11.54	12.04	11.51	11.98	35889	11.9	300020	银江股份	SZ	11.65	11.57	
734	2011-06-24	9.31	9.86	9.2	9.65	61383	9.65	300021	大禹节水	SZ	9.32	9.32	
733	2011-06-24	10.63	11.21	10.54	11.04	51592	10.97	300022	吉峰农机	SZ	10.62	10.55	
734	2011-06-24	12.2	12.5	12.04	12.41	4339	12.41	300023	宝德股份	SZ	12.21	12.21	
732	2011-06-24	21.35	22.09	21.25	21.73	31309	21.68	300024	机器人	SZ	21.5	21.45	
732	2011-06-24	10.62	11.04	10.61	10.72	17098	8.23	300025	华星创业	SZ	10.48	8.04	
733	2011-06-24	12	12.27	11.88	12.15	15581	5.32	300026	红日药业	SZ	11.96	5.24	
732	2011-06-24	7.25	7.42	7.18	7.34	117004	3.54	300027	华谊兄弟	SZ	7.23	3.48	
688	2011-06-24	7.94	8.18	7.9	8.11	43083	8.05	300028	金亚科技	SZ	8.02	7.96	
733	2011-06-24	21.2	22.46	21.01	22.31	63731	22.12	300029	天龙光电	SZ	21.43	21.24	
734	2011-06-24	22.2	23.58	22.14	22.84	9024	11.28	300030	阳普医疗	SZ	22.36	11.04	
734	2011-06-24	10.07	10.49	10.02	10.43	17063	6.62	300031	宝通带业	SZ	10.19	6.47	
733	2011-06-24	11.75	12.1	11.75	12.06	7432	5.86	300032	金龙机电	SZ	11.93	5.79	
733	2011-06-24	22.8	23.46	22.72	23.31	14003	23.07	300033	同花顺	SZ	23.09	22.85	
733	2011-06-24	16.8	18.1	16.77	17.91	35886	17.69	300034	钢研高纳	SZ	17.08	16.87	
734	2011-06-24	9.15	9.58	9.05	9.43	7141	6.11	300035	中科电气	SZ	9.24	5.99	
734	2011-06-24	16.36	17.2	16.36	17	9122	17	300036	超图软件	SZ	16.53	16.53	
734	2011-06-24	23.44	24.06	23.44	23.95	6532	14.58	300037	新宙邦	SZ	23.69	14.42	
734	2011-06-24	9.91	10.21	9.89	10.17	9697	6.59	300038	梅泰诺	SZ	9.99	6.48	
734	2011-06-24	9.58	9.9	9.48	9.8	22007	3.64	300039	上海凯宝	SZ	9.6	3.56	
734	2011-06-24	6.61	6.78	6.59	6.75	12806	3.22	300040	九洲电气	SZ	6.61	3.15	
734	2011-06-24	20.12	20.93	20.12	20.9	7309	12.48	300041	回天胶业	SZ	20.12	12.02	
734	2011-06-24	10.53	10.77	10.46	10.74	13641	5.28	300042	朗科科技	SZ	10.52	5.17	
718	2011-06-24	9.73	10.19	9.72	10.18	15768	3.28	300043	星辉车模	SZ	9.79	3.16	
733	2011-06-24	9.8	10.1	9.6	10.05	27282	4.96	300045	华力创通	SZ	9.85	4.85	
733	2011-06-24	19.86	20.36	19.82	20.3	7720	18.17	300046	台基股份	SZ	19.91	17.82	
732	2011-06-24	6.39	6.55	6.35	6.54	20667	3.04	300047	天源迪科	SZ	6.4	2.97	
734	2011-06-24	13.63	14.11	13.54	13.97	23932	9.84	300048	合康变频	SZ	13.64	9.61	
734	2011-06-24	14.51	14.89	14.48	14.82	3756	14.52	300049	福瑞股份	SZ	14.48	14.19	
734	2011-06-24	23.41	23.98	23.11	23.85	11911	23.53	300050	世纪鼎利	SZ	23.39	23.07	
733	2011-06-24	5.12	5.26	5.08	5.22	18535	2.57	300051	三五互联	SZ	5.14	2.53	
734	2011-06-24	7.12	7.3	7.07	7.25	17988	3.57	300052	中青宝	SZ	7.14	3.52	
733	2011-06-24	9.97	10.34	9.89	10.26	21353	10.18	300053	欧比特	SZ	10.05	9.97	
734	2011-06-24	6.89	7.21	6.84	7.13	22385	1.47	300054	鼎龙股份	SZ	6.88	1.42	
732	2011-06-24	46.7	48.1	46.56	48	6080	47.66	300055	万邦达	SZ	47.48	47.15	
734	2011-06-24	16.9	17.19	16.78	17.11	5319	9.41	300056	三维丝	SZ	16.91	9.3	
733	2011-06-24	10.83	11.22	10.83	11.16	16641	11.05	300057	万顺股份	SZ	11	10.89	
734	2011-06-24	7.19	7.42	7.16	7.33	88807	2.27	300059	东方财富	SZ	7.24	2.24	
734	2011-06-24	10.34	10.7	10.34	10.7	3180	6.69	300061	康耐特	SZ	10.46	6.54	
734	2011-06-24	12.49	12.9	12.46	12.87	16468	12.57	300062	中能电气	SZ	12.6	12.31	
733	2011-06-24	11.58	11.87	11.53	11.84	5682	7.81	300063	天龙集团	SZ	11.62	7.67	
733	2011-06-24	8.65	8.85	8.58	8.75	27054	4.29	300064	豫金刚石	SZ	8.63	4.24	
734	2011-06-24	21.69	22.6	21.69	22.37	3389	14.67	300065	海兰信	SZ	21.87	14.34	
733	2011-06-24	11.79	12.13	11.79	12.05	9824	7.8	300066	三川股份	SZ	11.83	7.66	
733	2011-06-24	9.66	9.98	9.61	9.9	7439	9.71	300067	安诺其	SZ	9.76	9.57	
732	2011-06-24	7.45	7.85	7.45	7.8	131289	3.8	300068	南都电源	SZ	7.49	3.65	
734	2011-06-24	9.75	10.03	9.75	9.98	6761	6.52	300069	金利华电	SZ	9.77	6.38	
732	2011-06-24	14.46	14.94	14.42	14.88	74212	5.44	300070	碧水源	SZ	14.46	5.29	
734	2011-06-24	16.51	16.93	16.47	16.84	6770	5.52	300071	华谊嘉信	SZ	16.52	5.42	
732	2011-06-24	4.88	5.12	4.86	5.07	66610	1.92	300072	三聚环保	SZ	4.91	1.86	
733	2011-06-24	14.9	15.48	14.81	15.35	27177	15.28	300073	当升科技	SZ	15.02	14.95	
733	2011-06-24	8.35	8.53	8.2	8.38	92308	2.51	300074	华平股份	SZ	8.4	2.51	
734	2011-06-24	14.19	14.8	14.07	14.6	11660	9.57	300075	数字政通	SZ	14.23	9.32	
734	2011-06-24	16.3	16.78	16.08	16.78	19665	16.41	300076	宁波GQY	SZ	16.29	15.93	
734	2011-06-24	26.68	27.75	26.68	27.32	72192	26.85	300077	国民技术	SZ	26.6	26.14	
734	2011-06-24	19.1	19.99	19.02	19.82	24599	18.77	300078	中瑞思创	SZ	19.25	18.23	
733	2011-06-24	12.95	13.53	12.95	13.37	42487	8.83	300079	数码视讯	SZ	12.99	8.58	
732	2011-06-24	15.06	15.91	15.01	15.82	60148	5.97	300080	新大新材	SZ	15.26	5.76	
734	2011-06-24	9.51	9.84	9.51	9.81	15002	4.84	300081	恒信移动	SZ	9.61	4.74	
734	2011-06-24	20.69	21.45	20.69	21.3	14102	15.67	300082	奥克股份	SZ	20.83	15.32	
733	2011-06-24	12.39	13.09	12.3	13.01	29791	12.88	300083	劲胜股份	SZ	12.47	12.34	
734	2011-06-24	13.65	14.12	13.52	13.99	9784	13.92	300084	海默科技	SZ	13.77	13.7	
734	2011-06-24	22.54	23.26	22.42	23.1	7782	11.26	300085	银之杰	SZ	22.62	11.02	
731	2011-06-24	17.9	18.4	17.55	18.23	33312	17.86	300086	康芝药业	SZ	17.87	17.5	
732	2011-06-24	15.94	16.58	15.8	16.5	24227	16.4	300087	荃银高科	SZ	16.18	16.08	
734	2011-06-24	10.25	10.5	10.01	10.21	134762	5.11	300088	长信科技	SZ	10.1	5.05	
733	2011-06-24	9.67	10.11	9.67	10	13183	6.59	300089	长城集团	SZ	9.73	6.41	
733	2011-06-24	10.3	10.66	10.25	10.59	16028	10.55	300090	盛运股份	SZ	10.36	10.32	
733	2011-06-24	14.4	14.89	14.09	14.67	55542	14.52	300091	金通灵	SZ	14.51	14.36	
731	2011-06-24	16.39	16.85	16.26	16.79	14438	16.48	300092	科新机电	SZ	16.47	16.17	
732	2011-06-24	12.36	12.71	12.33	12.51	21140	6.86	300093	金刚玻璃	SZ	12.31	6.75	
733	2011-06-24	8.72	8.99	8.65	8.92	19235	8.92	300094	国联水产	SZ	8.73	8.73	
734	2011-06-24	15.13	15.64	14.95	15.52	11876	11.71	300095	华伍股份	SZ	15.18	11.45	
733	2011-06-24	14.75	15.25	14.73	14.97	12411	7.38	300096	易联众	SZ	14.81	7.31	
733	2011-06-24	8.89	9.12	8.78	9.09	8619	4.48	300097	智云股份	SZ	8.89	4.39	
691	2011-06-24	12.8	12.94	12.51	12.9	4525	6.36	300098	高新兴	SZ	12.8	6.31	
733	2011-06-24	14.56	15.3	14.56	15.15	11217	6.88	300099	尤洛卡	SZ	14.7	6.68	
734	2011-06-24	8.22	8.6	8.18	8.5	23951	3.85	300100	双林股份	SZ	8.27	3.75	
734	2011-06-24	13.79	14.44	13.7	14.38	28162	7.17	300101	国腾电子	SZ	13.8	6.88	
734	2011-06-24	29.8	30.29	29.1	30	5375	28.71	300102	乾照光电	SZ	29.59	28.32	
732	2011-06-24	7.87	8.68	7.8	8.66	33898	4.69	300103	达刚路机	SZ	7.89	4.27	
732	2011-06-24	5.45	5.78	5.43	5.66	96989	1.56	300104	乐视网	SZ	5.48	1.51	
734	2011-06-24	25.04	26.56	24.82	26.28	8120	14.5	300105	龙源技术	SZ	25.22	13.92	
732	2011-06-24	15.59	16.22	15.57	16.01	8889	15.91	300106	西部牧业	SZ	15.7	15.6	
734	2011-06-24	37.02	37.92	37.02	37.88	8686	18.84	300107	建新股份	SZ	37.42	18.61	
733	2011-06-24	11.95	12.75	11.78	12.56	25538	6.11	300108	双龙股份	SZ	11.97	5.82	
734	2011-06-24	11.65	12.19	11.53	12.06	14155	7.93	300109	新开源	SZ	11.72	7.71	
733	2011-06-24	8.64	9.08	8.55	9	52824	4.09	300111	向日葵	SZ	8.68	3.95	
734	2011-06-24	7.98	8.39	7.85	8.23	6653	5.42	300112	万讯自控	SZ	8	5.26	
733	2011-06-24	22.2	22.99	22.1	22.7	1922	22.38	300113	顺网科技	SZ	22.18	21.86	
733	2011-06-24	14.71	15.62	14.7	15.39	24465	11.71	300114	中航电测	SZ	14.88	11.32	
733	2011-06-24	15.51	15.98	15.4	15.9	22354	10.53	300115	长盈精密	SZ	15.51	10.27	
733	2011-06-24	9.49	9.76	9.44	9.69	16462	4.84	300116	坚瑞消防	SZ	9.56	4.78	
732	2011-06-24	13.61	14.23	13.61	13.98	12873	13.9	300117	嘉寓股份	SZ	13.83	13.75	
733	2011-06-24	12.86	13.53	12.8	13.32	60029	8.23	300118	东方日升	SZ	12.95	8	
733	2011-06-24	31.02	32.46	31.02	32.17	9858	11.99	300119	瑞普生物	SZ	31.27	11.66	
733	2011-06-24	9.72	10.08	9.72	10.07	10819	6.51	300120	经纬电材	SZ	9.81	6.34	
734	2011-06-24	10.62	11.09	10.62	10.91	6358	8.3	300121	阳谷华泰	SZ	10.65	8.1	
733	2011-06-24	28.48	28.66	27.82	28.57	3539	28.11	300122	智飞生物	SZ	27.96	27.51	
732	2011-06-24	19.59	20.5	18.91	20.15	13409	19.89	300123	太阳鸟	SZ	19.18	18.93	
733	2011-06-24	37.54	38.47	37.23	37.93	7840	20.73	300124	汇川技术	SZ	37.63	20.57	
734	2011-06-24	26.09	26.71	26	26.52	7744	26.48	300125	易世达	SZ	26.02	25.98	
734	2011-06-24	13.7	14.21	13.62	14.09	10997	13.39	300126	锐奇股份	SZ	13.8	13.11	
734	2011-06-24	33.84	35.54	33.84	35.32	16876	16.73	300127	银河磁体	SZ	34.1	16.15	
734	2011-06-24	9.19	9.38	9.06	9.29	21509	4.45	300128	锦富新材	SZ	9.22	4.41	
734	2011-06-24	8.89	9.2	8.83	9.1	36900	5.97	300129	泰胜风能	SZ	8.93	5.86	
732	2011-06-24	18.55	19.3	18.47	19.14	7240	18.96	300130	新国都	SZ	18.76	18.59	
731	2011-06-24	9.85	10.18	9.77	10.14	11026	4.94	300131	英唐智控	SZ	9.94	4.85	
734	2011-06-24	9.34	9.59	9.26	9.48	11255	5.76	300132	青松股份	SZ	9.18	5.58	
732	2011-06-24	7.65	7.84	7.59	7.79	11818	1.52	300133	华策影视	SZ	7.68	1.5	
732	2011-06-24	25.09	25.75	24.8	25.61	17476	12.81	300134	大富科技	SZ	25.18	12.59	
732	2011-06-24	4.53	4.72	4.52	4.69	45246	1.39	300135	宝利沥青	SZ	4.55	1.35	
734	2011-06-24	17.69	19	17.52	18.25	9388	18.12	300136	信维通信	SZ	17.79	17.67	
734	2011-06-24	11.19	11.69	11.15	11.58	28155	8.87	300137	先河环保	SZ	11.23	8.6	
732	2011-06-24	13.8	14.23	13.76	14.15	11589	6.9	300138	晨光生物	SZ	13.85	6.75	
731	2011-06-24	25.7	25.85	25.25	25.35	6406	12.41	300139	福星晓程	SZ	25.7	12.59	
733	2011-06-24	14.81	15.35	14.7	15.15	7549	14.95	300140	启源装备	SZ	14.88	14.68	
734	2011-06-24	9.48	9.66	9.42	9.62	21325	3.09	300141	和顺电气	SZ	9.5	3.05	
732	2011-06-24	42.56	44.42	42.55	44.4	7405	36.31	300142	沃森生物	SZ	42.75	34.96	
733	2011-06-24	22.3	22.85	22.02	22.54	20912	22.2	300143	星河生物	SZ	22.36	22.03	
732	2011-06-24	12.78	13.18	12.74	13.07	22059	8.5	300144	宋城股份	SZ	12.83	8.34	
733	2011-06-24	17.93	18.88	17.93	18.64	16070	18.4	300145	南方泵业	SZ	18.05	17.82	
732	2011-06-24	8.38	9	8.38	8.79	55803	1.31	300146	汤臣倍健	SZ	8.22	1.22	
732	2011-06-24	8.13	8.33	8.11	8.28	14441	5.1	300147	香雪制药	SZ	8.12	5	
730	2011-06-24	8.17	8.46	8.13	8.4	14808	3.55	300148	天舟文化	SZ	8.17	3.45	
733	2011-06-24	9.25	9.55	9.13	9.33	26708	6.14	300149	量子高科	SZ	9.27	6.1	
733	2011-06-24	13.68	14.15	13.68	14.05	33078	6.25	300150	世纪瑞尔	SZ	13.77	6.13	
733	2011-06-24	12.82	13.07	12.67	12.92	26914	5.6	300152	燃控科技	SZ	12.77	5.54	
732	2011-06-24	13.96	14.29	13.81	14.15	13990	13.74	300154	瑞凌股份	SZ	13.95	13.54	
734	2011-06-24	11.42	11.95	11.42	11.8	13451	11.45	300155	安居宝	SZ	11.58	11.23	
731	2011-06-24	13.56	13.94	13.4	13.67	13209	7.49	300156	天立环保	SZ	13.61	7.46	
713	2011-06-24	14.89	15.14	14.77	15.06	13520	7.4	300157	恒泰艾普	SZ	14.89	7.32	
733	2011-06-24	14.94	15.27	14.8	15.15	7418	7.56	300158	振东制药	SZ	14.9	7.43	
734	2011-06-24	29.88	31.88	29.85	31.78	10290	7.71	300159	新研股份	SZ	30.37	7.37	
734	2011-06-24	15.24	15.72	15.18	15.62	20536	7.55	300160	秀强股份	SZ	15.27	7.38	
732	2011-06-24	11.93	12.43	11.88	12.35	17981	6.01	300162	雷曼光电	SZ	12.02	5.85	
732	2011-06-24	19.88	20.34	19.65	20.28	6746	19.76	300163	先锋新材	SZ	19.97	19.45	
733	2011-06-24	9.39	9.62	9.34	9.6	10017	3.07	300164	通源石油	SZ	9.41	3.01	
734	2011-06-24	18.6	19.04	18.55	18.81	5097	13.96	300165	天瑞仪器	SZ	18.69	13.88	
733	2011-06-24	14.14	14.61	14.14	14.53	7796	4.79	300166	东方国信	SZ	14.23	4.69	
734	2011-06-24	7.34	7.83	7.33	7.68	10789	2.53	300167	迪威视讯	SZ	7.41	2.44	
732	2011-06-24	10.1	10.3	10.02	10.27	4485	5.08	300168	万达信息	SZ	10.11	5	
732	2011-06-24	15.26	15.83	15.25	15.74	75371	7.67	300169	天晟新材	SZ	15.58	7.6	
733	2011-06-24	10.89	11.39	10.71	11.27	40799	7.42	300170	汉得信息	SZ	10.87	7.16	
734	2011-06-24	30.68	31.44	30.53	31.22	7638	23.13	300171	东富龙	SZ	30	22.23	
734	2011-06-24	14.62	15.38	14.61	15.08	13745	8.73	300172	中电环保	SZ	14.72	8.53	
733	2011-06-24	9.7	10.07	9.7	9.96	9027	7.57	300173	松德股份	SZ	9.76	7.42	
733	2011-06-24	11.95	12.99	11.78	12.44	5410	6.03	300174	元力股份	SZ	12.06	5.85	
732	2011-06-24	3.91	4.05	3.86	4	66733	0.91	300175	朗源股份	SZ	3.9	0.89	
732	2011-06-24	12.59	12.96	12.57	12.88	8172	10.43	300176	鸿特精密	SZ	12.65	10.24	
730	2011-06-24	10.02	10.2	9.97	10.17	10435	2.52	300177	中海达	SZ	10.06	2.49	
734	2011-06-24	19.6	20.18	19.53	19.97	24799	19.61	300178	腾邦国际	SZ	20.03	19.67	
733	2011-06-24	9.38	9.8	9.27	9.67	6071	3.52	300179	四方达	SZ	9.58	3.48	
734	2011-06-24	15.22	15.78	15.2	15.62	16688	15.3	300180	华峰超纤	SZ	15.33	15.02	
734	2011-06-24	4.78	4.96	4.78	4.93	15278	1.19	300181	佐力药业	SZ	4.85	1.17	
734	2011-06-24	16.26	17.12	16.11	16.91	9282	8.39	300182	捷成股份	SZ	16.38	8.13	
734	2011-06-24	19.47	20.02	19.35	19.91	15473	8.66	300183	东软载波	SZ	19.64	8.54	
732	2011-06-24	17.21	17.8	17.21	17.72	5117	7.39	300184	力源信息	SZ	17.35	7.24	
733	2011-06-24	6.76	6.96	6.74	6.9	100437	2.6	300185	通裕重工	SZ	6.8	2.57	
734	2011-06-24	7.36	7.62	7.32	7.59	45480	3.34	300186	大华农	SZ	7.42	3.27	
734	2011-06-24	17.57	17.67	17.37	17.47	16114	5.77	300187	永清环保	SZ	17.5	5.78	
