742	2011-06-10	10.32	10.47	10.25	10.33	232913	6.31	1	深发展Ａ	SZ	10.34	6.31	
742	2011-06-10	2.97	3.15	2.92	3.03	4138218	2.87	100	TCL 集团	SZ	3.17	3	
743	2011-06-10	11.24	11.85	11.15	11.79	189328	11.79	11	深物业A	SZ	11.3	11.3	
744	2011-06-10	15.2	15.34	14.9	15.23	188992	14.27	12	南 玻Ａ	SZ	15.21	14.25	
743	2011-06-10	7.85	8	7.68	7.98	15151	7.91	14	沙河股份	SZ	7.84	7.77	
744	2011-06-10	5.41	5.58	5.39	5.52	20627	5.52	150	宜华地产	SZ	5.42	5.42	
742	2011-06-10	10.31	10.46	10.12	10.41	16306	10.34	151	中成股份	SZ	10.34	10.27	
744	2011-06-10	9.1	9.32	9.05	9.27	33386	9.18	153	丰原药业	SZ	9.46	9.36	
742	2011-06-10	8.03	8.17	7.58	7.85	127714	7.85	155	川化股份	SZ	8.11	8.11	
743	2011-06-10	10.57	10.81	10.56	10.79	269479	7.68	157	中联重科	SZ	10.62	7.56	
744	2011-06-10	6.45	6.47	6.25	6.38	34517	6.36	158	常山股份	SZ	6.44	6.42	
743	2011-06-10	13.92	14.38	13.83	14.17	105822	13.82	159	国际实业	SZ	14.18	13.79	
742	2011-06-10	4.49	4.53	4.39	4.47	98477	4.44	16	深康佳Ａ	SZ	4.51	4.48	
743	2011-06-10	6.99	7.08	6.94	7.07	53280	6.83	1696	宗申动力	SZ	7.18	6.93	
743	2011-06-10	4.92	5.16	4.83	5.07	35819	5.07	17	*ST中华A	SZ	4.91	4.91	
743	2011-06-10	7.16	7.26	7.13	7.25	1794	7.25	18	ST中冠A	SZ	7.2	7.2	
739	2011-06-10	8.28	8.49	7.93	8.35	126263	8.35	1896	*ST豫能	SZ	8.55	8.55	
724	2011-06-10	10.14	10.3	9.69	10.11	41063	9.86	19	深深宝Ａ	SZ	10.24	9.99	
744	2011-06-10	7.95	8.1	7.95	8	412506	7.42	2	万 科Ａ	SZ	7.9	7.33	
742	2011-06-10	8.26	8.31	8.09	8.26	8932	8.26	20	深华发Ａ	SZ	8.26	8.26	
741	2011-06-10	28.6	29.18	28.16	28.66	45452	27.25	2001	新 和 成	SZ	28.3	26.91	
711	2011-06-10	6.45	6.6	6.43	6.55	12383	6.55	2002	ST琼花	SZ	6.47	6.47	
738	2011-06-10	23.96	24.44	22.81	23.52	59352	15.35	2003	伟星股份	SZ	24.11	15.74	
739	2011-06-10	13.67	13.96	13.6	13.86	3982	4.38	2004	华邦制药	SZ	13.87	4.39	
743	2011-06-10	7.88	7.99	7.76	7.95	22024	3.93	2005	德豪润达	SZ	7.85	3.88	
742	2011-06-10	18.96	19	18.64	18.96	61324	6.28	2006	精功科技	SZ	19.01	6.3	
738	2011-06-10	34	34.3	33.41	34	13906	33.46	2007	华兰生物	SZ	34	33.46	
744	2011-06-10	11.67	12.02	11.57	12.01	76358	7.69	2008	大族激光	SZ	11.7	7.5	
738	2011-06-10	14.85	15	14.7	15	9137	14.95	2009	天奇股份	SZ	14.86	14.81	
742	2011-06-10	11.1	11.49	11	11.22	57355	11.02	2010	传化股份	SZ	11.02	10.83	
743	2011-06-10	13.1	13.17	12.72	13.1	45591	12.88	2011	盾安环境	SZ	13.15	12.93	
743	2011-06-10	6.41	6.43	6.22	6.34	54638	3.05	2012	凯恩股份	SZ	6.43	3.1	
742	2011-06-10	14.81	15.56	14.71	15.4	64575	11.79	2013	中航精机	SZ	14.95	11.45	
742	2011-06-10	10.07	10.23	10.07	10.13	13543	6.18	2014	永新股份	SZ	10.21	6.22	
741	2011-06-10	9.8	9.93	9.48	9.78	43805	9.75	2015	霞客环保	SZ	9.89	9.86	
743	2011-06-10	5.55	5.64	5.49	5.64	9435	3.96	2016	世荣兆业	SZ	5.57	3.91	
729	2011-06-10	16.31	16.7	16.15	16.7	17375	16.63	2017	东信和平	SZ	16.5	16.43	
739	2011-06-10	4.77	4.96	4.72	4.85	48236	3.29	2018	华星化工	SZ	4.81	3.26	
743	2011-06-10	17.4	17.75	17.02	17.59	11985	17.59	2019	鑫富药业	SZ	17.52	17.52	
744	2011-06-10	9.45	9.57	9.4	9.5	5491	4.58	2020	京新药业	SZ	9.4	4.53	
742	2011-06-10	5.05	5.27	5.01	5.23	119580	3.98	2021	中捷股份	SZ	5.17	3.94	
744	2011-06-10	13.53	14.09	13.3	13.44	100232	12.6	2022	科华生物	SZ	12.95	12.15	
743	2011-06-10	15.56	16.1	15.46	15.93	27432	15.59	2023	海特高新	SZ	15.71	15.38	
743	2011-06-10	12.02	12.21	11.86	12.1	151424	11.83	2024	苏宁电器	SZ	12.02	11.76	
743	2011-06-10	11.68	12.03	11.6	11.9	27205	11.58	2025	航天电器	SZ	11.69	11.38	
743	2011-06-10	7.56	7.65	7.35	7.55	8766	5.69	2026	山东威达	SZ	7.58	5.71	
742	2011-06-10	6.2	6.31	6.14	6.29	35989	6.29	2027	七喜控股	SZ	6.28	6.28	
744	2011-06-10	13.78	13.8	13.45	13.73	50597	13.56	2028	思源电气	SZ	13.8	13.63	
742	2011-06-10	14.49	14.53	13.93	14.18	25939	6.18	2029	七 匹 狼	SZ	14.56	6.34	
742	2011-06-10	7.88	7.97	7.68	7.97	35091	5.01	2030	达安基因	SZ	7.85	4.93	
739	2011-06-10	7.64	7.73	7.49	7.56	18847	7.45	2031	巨轮股份	SZ	7.63	7.52	
743	2011-06-10	20.64	20.68	20.02	20.56	7205	17.93	2032	苏 泊 尔	SZ	20.64	17.99	
740	2011-06-10	14.59	14.73	14.2	14.6	6218	10.93	2033	丽江旅游	SZ	14.54	10.88	
744	2011-06-10	22.31	22.95	20.78	22.01	68731	21.06	2034	美 欣 达	SZ	22.75	21.77	
743	2011-06-10	11.89	12.36	11.89	12.13	25768	8.72	2035	华帝股份	SZ	12	8.62	
744	2011-06-10	16.52	17.09	16.31	17.09	75233	16.92	2036	宜科科技	SZ	16.65	16.49	
739	2011-06-10	14.44	14.56	14.25	14.39	4408	8.75	2037	久联发展	SZ	14.41	8.77	
742	2011-06-10	30.43	31.34	30.05	31	8602	25.56	2038	双鹭药业	SZ	30.56	25.2	
744	2011-06-10	19.21	19.5	18.92	19.48	4913	19.32	2039	黔源电力	SZ	19.11	18.95	
744	2011-06-10	8.03	8.09	7.81	7.99	5025	7.89	2040	南 京 港	SZ	8.03	7.93	
742	2011-06-10	19.8	19.94	19.21	19.63	27399	19.47	2041	登海种业	SZ	19.87	19.71	
741	2011-06-10	7.46	7.63	7.43	7.61	25722	2.49	2042	华孚色纺	SZ	7.46	2.44	
742	2011-06-10	4.64	4.66	4.54	4.59	23285	2.24	2043	兔 宝 宝	SZ	4.65	2.27	
743	2011-06-10	10.39	10.56	10.31	10.56	11486	10.18	2044	江苏三友	SZ	10.41	10.03	
743	2011-06-10	7.16	7.18	6.91	7.13	30996	6.83	2045	广州国光	SZ	7.14	6.84	
743	2011-06-10	10.27	10.43	10.13	10.33	10860	5.08	2046	轴研科技	SZ	10.26	5.04	
744	2011-06-10	5.6	5.85	5.52	5.76	167416	5.76	2047	成霖股份	SZ	5.69	5.69	
743	2011-06-10	12.11	12.14	11.59	11.88	77810	11.56	2048	宁波华翔	SZ	12.09	11.77	
744	2011-06-10	20.32	20.68	20.2	20.59	4226	20.43	2049	晶源电子	SZ	20.46	20.3	
744	2011-06-10	16.2	16.25	15.98	16.25	8983	7.78	2050	三花股份	SZ	16.25	7.78	
743	2011-06-10	20.05	20.25	19.68	20.22	5950	15.23	2051	中工国际	SZ	20.08	15.12	
741	2011-06-10	5.49	5.64	5.39	5.61	51179	2.77	2052	同洲电子	SZ	5.59	2.76	
741	2011-06-10	11.85	11.93	11.59	11.83	12416	11.73	2053	云南盐化	SZ	11.86	11.76	
743	2011-06-10	10.66	11.18	10.66	11.18	35031	10.86	2054	德美化工	SZ	10.16	9.87	
741	2011-06-10	8.76	8.94	8.7	8.9	7853	4.39	2055	得润电子	SZ	8.77	4.32	
742	2011-06-10	19.79	19.79	19	19.4	14141	19.4	2057	中钢天源	SZ	19.82	19.82	
743	2011-06-10	8.9	8.94	8.5	8.76	38774	7.52	2058	威 尔 泰	SZ	8.96	7.69	
744	2011-06-10	10.98	11.15	10.53	11.02	15455	10.91	2059	云南旅游	SZ	11	10.89	
740	2011-06-10	7.14	7.22	6.77	6.95	88583	4.73	2060	粤 水 电	SZ	7.13	4.86	
741	2011-06-10	8.45	8.6	8.33	8.53	20716	5.61	2061	江山化工	SZ	8.43	5.54	
743	2011-06-10	8.57	8.61	8.24	8.48	19141	4.61	2062	宏润建设	SZ	8.57	4.66	
744	2011-06-10	13.83	13.92	13.65	13.74	22193	10.3	2063	远光软件	SZ	13.87	10.4	
743	2011-06-10	9	9.15	8.94	9.13	25223	8.93	2064	华峰氨纶	SZ	9.02	8.82	
744	2011-06-10	15.45	15.56	15.13	15.35	2576	9.59	2065	东华软件	SZ	15.5	9.69	
744	2011-06-10	7.55	7.55	7.23	7.47	20830	3.56	2066	瑞泰科技	SZ	7.54	3.6	
743	2011-06-10	3.53	3.56	3.45	3.54	105470	1.77	2067	景兴纸业	SZ	3.54	1.77	
740	2011-06-10	8.12	9.06	8.12	9.06	285461	5.54	2068	黑猫股份	SZ	8.24	5.04	
742	2011-06-10	23.85	24.25	23.8	24.23	22071	23.28	2069	獐 子 岛	SZ	23.89	22.95	
743	2011-06-10	4.02	4.08	3.89	3.99	46302	2.35	2070	众和股份	SZ	4.08	2.41	
743	2011-06-10	12.41	12.7	12.1	12.5	45451	12.41	2071	江苏宏宝	SZ	12.7	12.61	
740	2011-06-10	9.4	9.5	9.09	9.24	20678	9.24	2072	*ST德棉	SZ	9.48	9.48	
743	2011-06-10	21.75	21.95	21	21.45	15544	21.28	2073	软控股份	SZ	21.91	21.73	
744	2011-06-10	9.29	9.39	9.01	9.31	14517	5.08	2074	东源电器	SZ	9.27	5.05	
744	2011-06-10	9.63	10.09	9.63	10.04	78534	9.71	2076	雪 莱 特	SZ	9.62	9.3	
729	2011-06-10	11.56	11.75	11.33	11.68	25471	11.54	2077	大港股份	SZ	11.57	11.43	
744	2011-06-10	10.66	10.74	10.5	10.68	26616	10.17	2078	太阳纸业	SZ	10.69	10.18	
742	2011-06-10	9.74	9.94	9.39	9.74	49424	5.34	2079	苏州固锝	SZ	9.77	5.36	
741	2011-06-10	13.64	13.75	13.18	13.37	22208	13.05	2080	中材科技	SZ	13.68	13.36	
743	2011-06-10	16.42	16.47	16.16	16.47	11917	7.21	2081	金 螳 螂	SZ	16.39	7.18	
744	2011-06-10	12.88	13.21	12.8	13.17	18378	12.59	2082	栋梁新材	SZ	13	12.43	
744	2011-06-10	8.35	8.43	7.97	8.13	76462	8.03	2083	孚日股份	SZ	8.37	8.26	
744	2011-06-10	5.18	5.26	5.12	5.25	24083	4.19	2084	海鸥卫浴	SZ	5.21	4.16	
742	2011-06-10	13.4	13.63	13.18	13.41	9871	11.96	2085	万丰奥威	SZ	13.54	12.08	
743	2011-06-10	14.26	14.43	14.02	14.4	31756	14.18	2086	东方海洋	SZ	14.26	14.04	
741	2011-06-10	4.86	4.98	4.84	4.96	58406	4.87	2087	新野纺织	SZ	4.9	4.81	
743	2011-06-10	14.04	14.14	13.92	14.12	7301	13.82	2088	鲁阳股份	SZ	14.05	13.75	
743	2011-06-10	11.23	11.42	11.02	11.34	17168	9.24	2089	新 海 宜	SZ	11.27	9.19	
743	2011-06-10	10.9	11.04	10.4	10.76	25474	10.58	2090	金智科技	SZ	11.05	10.86	
744	2011-06-10	17.51	17.74	17.05	17.69	11416	17.33	2091	江苏国泰	SZ	17.54	17.19	
740	2011-06-10	12.26	12.5	12.06	12.41	86354	11.87	2092	中泰化学	SZ	12.35	11.81	
743	2011-06-10	6.37	6.39	6.26	6.38	12907	3.19	2093	国脉科技	SZ	6.37	3.18	
743	2011-06-10	14.9	15.53	14.87	15.5	32585	15.5	2094	青岛金王	SZ	15	15	
744	2011-06-10	15.14	15.14	14.6	14.82	4278	14.65	2095	生 意 宝	SZ	15.17	15	
715	2011-06-10	16.5	16.5	16.15	16.25	2705	7.95	2096	南岭民爆	SZ	16.5	8.07	
743	2011-06-10	13.04	13.28	12.8	13.11	24610	12.97	2097	山河智能	SZ	13.22	13.08	
738	2011-06-10	12.34	12.55	12	12.4	18623	11.83	2098	浔兴股份	SZ	12.53	11.95	
743	2011-06-10	11.2	11.23	11.02	11.23	12301	5.47	2099	海翔药业	SZ	11.24	5.48	
743	2011-06-10	8.41	8.45	8.31	8.42	37261	8.12	21	长城开发	SZ	8.42	8.12	
740	2011-06-10	9.69	9.81	9.5	9.81	14075	7.41	2100	天康生物	SZ	9.81	7.41	
741	2011-06-10	18.33	18.33	17.06	17.49	44513	17.12	2101	广东鸿图	SZ	18.88	18.48	
741	2011-06-10	9.11	9.64	9.02	9.3	354923	9.3	2102	冠福家用	SZ	9.3	9.3	
744	2011-06-10	8.01	8.08	7.71	7.97	6915	7.65	2103	广博股份	SZ	8.02	7.7	
744	2011-06-10	11.55	11.7	11.25	11.5	41722	11.29	2104	恒宝股份	SZ	11.73	11.52	
743	2011-06-10	6.93	6.97	6.75	6.93	12438	6.66	2105	信隆实业	SZ	6.88	6.62	
744	2011-06-10	28.25	28.69	27.72	28.33	29377	27.91	2106	莱宝高科	SZ	28.2	27.78	
744	2011-06-10	12.03	12.25	11.65	12.16	6713	12.16	2107	沃华医药	SZ	12.03	12.03	
738	2011-06-10	8.6	8.81	8.48	8.78	21040	8.54	2108	沧州明珠	SZ	8.6	8.36	
739	2011-06-10	10.18	10.18	9.61	9.94	61277	9.6	2109	兴化股份	SZ	10.12	9.77	
742	2011-06-10	9.15	9.23	9.04	9.18	20213	9.15	2110	三钢闽光	SZ	9.21	9.18	
739	2011-06-10	10.63	10.99	10.61	10.82	6954	5.91	2111	威海广泰	SZ	10.62	5.8	
743	2011-06-10	6.9	7.56	6.67	7.43	48379	4.09	2112	三变科技	SZ	6.94	3.82	
743	2011-06-10	8.08	8.16	8.02	8.12	6374	8.12	2113	ST天润	SZ	8.1	8.1	
744	2011-06-10	14	14.55	13.8	14.4	24662	14.4	2114	罗平锌电	SZ	14.09	14.09	
743	2011-06-10	8.44	8.47	8.36	8.44	9174	4.54	2115	三维通信	SZ	8.44	4.54	
743	2011-06-10	10.08	10.26	9.75	10	4523	5.18	2116	中国海诚	SZ	10.17	5.27	
742	2011-06-10	11.07	11.07	10.66	10.83	11106	6.36	2117	东港股份	SZ	11.03	6.48	
700	2011-06-10	18.01	18.88	17.5	18.46	127445	18.46	2118	紫鑫药业	SZ	18.09	18.09	
743	2011-06-10	10.01	10.09	9.9	10.04	19619	9.93	2119	康强电子	SZ	10.08	9.97	
742	2011-06-10	10.52	10.68	9.73	10.26	58473	10.09	2120	新海股份	SZ	10.6	10.43	
742	2011-06-10	14.88	15	14.52	14.83	20427	14.73	2121	科陆电子	SZ	14.92	14.82	
744	2011-06-10	12.28	12.42	12.1	12.3	49810	11.93	2122	天马股份	SZ	12.32	11.95	
744	2011-06-10	21.55	21.9	21.37	21.85	14201	21.85	2123	荣信股份	SZ	21.55	21.55	
744	2011-06-10	9.24	9.53	9.06	9.46	26072	9.24	2124	天邦股份	SZ	9.3	9.08	
743	2011-06-10	13.07	13.42	12.75	13.22	23960	8.23	2125	湘潭电化	SZ	13.54	8.43	
742	2011-06-10	8.93	9	8.75	8.9	11248	4.4	2126	银轮股份	SZ	8.93	4.41	
743	2011-06-10	9.68	9.78	9.4	9.51	13934	7.84	2127	新民科技	SZ	9.76	8.05	
744	2011-06-10	21.1	21.25	20.44	20.79	33524	19.82	2128	露天煤业	SZ	21.1	20.11	
744	2011-06-10	17.83	18.07	17.5	17.97	10239	17.96	2129	中环股份	SZ	17.91	17.9	
743	2011-06-10	7.88	8.05	7.72	7.79	31442	3.94	2130	沃尔核材	SZ	7.99	4.04	
740	2011-06-10	16.75	16.94	15.8	16.3	32973	16.22	2131	利欧股份	SZ	16.87	16.78	
742	2011-06-10	11.8	12.28	11.5	12.28	73592	12.15	2132	恒星科技	SZ	11.89	11.76	
743	2011-06-10	4.65	4.7	4.57	4.65	25923	3.67	2133	广宇集团	SZ	4.63	3.65	
742	2011-06-10	8.88	8.89	8.45	8.74	23767	8.74	2134	天津普林	SZ	8.9	8.9	
742	2011-06-10	4.82	4.86	4.7	4.81	16871	2.65	2135	东南网架	SZ	4.84	2.67	
742	2011-06-10	11.93	12.75	11.85	12.4	121815	6.16	2136	安 纳 达	SZ	11.98	5.95	
743	2011-06-10	7.44	7.81	7.3	7.73	184332	5.63	2137	实 益 达	SZ	7.45	5.43	
743	2011-06-10	13.32	13.59	13.13	13.53	8773	8.81	2138	顺络电子	SZ	13.39	8.72	
743	2011-06-10	15.18	15.35	14.82	15.27	16320	13.38	2139	拓邦股份	SZ	15.35	13.45	
744	2011-06-10	24.61	25.12	24.2	24.85	12842	24.68	2140	东华科技	SZ	25.3	25.13	
742	2011-06-10	7.5	7.75	7.5	7.69	13206	7.69	2141	蓉胜超微	SZ	7.66	4.77	
742	2011-06-10	11.03	11.07	10.74	10.97	99106	10.49	2142	宁波银行	SZ	11.21	10.55	
738	2011-06-10	6.87	6.98	6.55	6.84	43146	5.19	2143	高金食品	SZ	6.87	5.22	
743	2011-06-10	13.23	13.3	13.04	13.24	3067	12.82	2144	宏达高科	SZ	13.2	12.79	
707	2011-06-10	8.36	8.82	8.36	8.7	28496	8.7	2145	*ST钛白	SZ	8.54	8.54	
741	2011-06-10	8.69	8.95	8.55	8.62	59212	8.47	2146	荣盛发展	SZ	8.72	8.57	
743	2011-06-10	14.48	14.65	14.22	14.5	19067	14.03	2147	方圆支承	SZ	14.5	14.03	
743	2011-06-10	8.26	8.33	8.14	8.22	17512	4.04	2148	北纬通信	SZ	8.26	4.06	
743	2011-06-10	18.06	18.2	17.66	18.2	10060	18.12	2149	西部材料	SZ	18.16	18.08	
744	2011-06-10	9.19	9.8	9.05	9.8	248981	9.47	2150	江苏通润	SZ	8.91	8.61	
741	2011-06-10	21.08	24.22	21.08	23.15	32630	19.17	2151	北斗星通	SZ	22.02	18.23	
744	2011-06-10	17.56	17.91	17.41	17.86	11999	10.35	2152	广电运通	SZ	17.62	10.21	
744	2011-06-10	37.3	37.8	36.01	36.92	4581	36.43	2153	石基信息	SZ	37.4	36.9	
739	2011-06-10	12.95	13.24	12.93	13.23	26079	12.78	2154	报 喜 鸟	SZ	12.89	12.46	
743	2011-06-10	17.64	17.83	16.92	17.42	187928	9.42	2155	辰州矿业	SZ	17.7	9.57	
744	2011-06-10	7.39	7.43	7.2	7.35	27548	7.3	2156	通富微电	SZ	7.35	7.3	
743	2011-06-10	9.99	10.48	9.71	10.36	200397	10.19	2157	正邦科技	SZ	9.98	9.81	
744	2011-06-10	19.45	19.86	19.2	19.71	9444	17	2158	汉钟精机	SZ	19.48	16.8	
744	2011-06-10	13.9	14.13	13.8	14	7426	13.87	2159	三特索道	SZ	14.2	14.07	
743	2011-06-10	10.26	10.35	10.09	10.28	64123	5.06	2161	远 望 谷	SZ	10.41	5.13	
743	2011-06-10	10.85	10.99	10.56	10.85	43615	10.85	2162	斯 米 克	SZ	10.96	10.96	
742	2011-06-10	7.69	8.03	7.55	7.89	90805	7.82	2163	中航三鑫	SZ	7.74	7.67	
743	2011-06-10	9.38	9.38	9.11	9.28	22968	9.23	2164	东力传动	SZ	9.43	9.38	
742	2011-06-10	7.72	7.87	7.66	7.82	26239	4.22	2165	红 宝 丽	SZ	7.82	4.22	
741	2011-06-10	21.38	21.62	19.96	20.85	20141	20.85	2166	莱茵生物	SZ	21.39	21.39	
743	2011-06-10	18.09	18.27	17.65	18.05	58717	8.98	2167	东方锆业	SZ	18.09	9	
742	2011-06-10	9.87	9.87	9.5	9.64	12765	9.64	2169	智光电气	SZ	9.84	9.84	
742	2011-06-10	5.04	5.1	4.92	5.09	34432	2.74	2170	芭田股份	SZ	5.04	2.71	
743	2011-06-10	17.3	17.99	17.2	17.75	60586	17.72	2171	精诚铜业	SZ	17.54	17.51	
742	2011-06-10	7.31	7.38	7.14	7.35	11183	7.35	2172	澳洋科技	SZ	7.29	7.29	
744	2011-06-10	13.85	14.23	13.18	13.65	83247	13.57	2173	山 下 湖	SZ	14.13	14.05	
742	2011-06-10	13.34	13.69	13.19	13.42	4673	13.37	2174	梅 花 伞	SZ	13.54	13.49	
738	2011-06-10	13.42	13.47	13.11	13.36	4241	13.23	2175	广陆数测	SZ	13.33	13.2	
740	2011-06-10	10.89	10.97	10.44	10.59	81548	5.28	2176	江特电机	SZ	10.9	5.43	
742	2011-06-10	5	5.03	4.89	5	42094	2.24	2177	御银股份	SZ	4.98	2.23	
743	2011-06-10	11.61	11.91	11.2	11.56	46348	11.52	2178	延华智能	SZ	11.9	11.86	
743	2011-06-10	19.05	19.56	19	19.15	20594	18.91	2179	中航光电	SZ	19.25	19	
743	2011-06-10	30.86	30.86	29.12	30.29	39202	29.95	2180	万 力 达	SZ	30.46	30.12	
740	2011-06-10	11.11	11.28	10.92	11.23	10251	11.12	2181	粤 传 媒	SZ	11.07	10.93	
744	2011-06-10	12.71	13.15	12.66	13.02	34541	12.87	2182	云海金属	SZ	12.94	12.79	
740	2011-06-10	6.81	7.08	6.67	7.03	63909	6.91	2183	怡 亚 通	SZ	6.89	6.78	
744	2011-06-10	11.2	11.5	11.05	11.5	21724	11.27	2184	海得控制	SZ	11.26	11.03	
744	2011-06-10	6.58	6.73	6.38	6.68	47689	4.08	2185	华天科技	SZ	6.58	4.02	
744	2011-06-10	13.82	13.84	13.6	13.78	3163	6.49	2186	全 聚 德	SZ	13.7	6.45	
744	2011-06-10	12.54	12.65	12.24	12.43	5819	9.93	2187	广百股份	SZ	12.57	10.04	
718	2011-06-10	10.19	10.65	10.04	10.47	25027	10.47	2188	新 嘉 联	SZ	10.19	10.19	
743	2011-06-10	14.03	14.15	13.9	14.05	3537	14	2189	利达光电	SZ	14.03	13.98	
743	2011-06-10	20.66	20.66	19.89	20.45	22740	15.52	2190	成飞集成	SZ	20.78	15.77	
742	2011-06-10	8.4	8.46	8.18	8.36	37414	7.93	2191	劲嘉股份	SZ	8.4	7.96	
742	2011-06-10	18.36	18.54	17.5	18.03	13653	17.99	2192	路翔股份	SZ	18.42	18.38	
743	2011-06-10	13.69	13.7	12.98	13.21	11578	13.16	2193	山东如意	SZ	13.7	13.65	
744	2011-06-10	11	11.05	10.8	11	10924	10.5	2194	武汉凡谷	SZ	11.04	10.54	
743	2011-06-10	17.37	17.52	16.55	17.03	29881	16.77	2195	海隆软件	SZ	17.33	17.07	
743	2011-06-10	15.06	15.19	14.82	15.07	3779	14.62	2196	方正电机	SZ	15.06	14.61	
740	2011-06-10	12.38	12.74	12.28	12.74	14704	7.83	2197	证通电子	SZ	12.88	7.91	
741	2011-06-10	5.61	5.66	5.45	5.48	42882	2.71	2198	嘉应制药	SZ	5.61	2.77	
742	2011-06-10	10.78	10.93	10.77	10.93	4859	7.2	2199	东晶电子	SZ	10.85	7.15	
743	2011-06-10	13.97	13.97	13.4	13.73	14751	12.5	22	深赤湾Ａ	SZ	13.91	12.66	
730	2011-06-10	11.48	11.57	11.16	11.41	36149	11.41	2200	绿 大 地	SZ	11.53	11.53	
742	2011-06-10	9.19	9.31	9.01	9.24	7899	9.23	2201	九鼎新材	SZ	9.19	9.18	
741	2011-06-10	15.2	15.3	15.03	15.24	105137	14.62	2202	金风科技	SZ	15.25	14.63	
743	2011-06-10	9.24	9.4	9.12	9.28	16424	5.97	2203	海亮股份	SZ	9.25	5.95	
738	2011-06-10	14.28	14.6	14.04	14.56	46637	6.32	2204	华锐铸钢	SZ	14.43	6.26	
742	2011-06-10	21.71	21.71	20.89	21.48	10604	21.22	2205	国统股份	SZ	21.71	21.45	
740	2011-06-10	12.49	12.74	12.39	12.66	13359	11.48	2206	海 利 得	SZ	12.49	11.32	
743	2011-06-10	14.03	14.19	13.82	14.18	4901	14.07	2207	准油股份	SZ	14.16	14.05	
743	2011-06-10	8.72	8.87	8.65	8.81	9325	8.42	2208	合肥城建	SZ	8.67	8.29	
742	2011-06-10	9.43	9.44	9.14	9.34	6860	9.25	2209	达 意 隆	SZ	9.43	9.34	
743	2011-06-10	7.18	7.2	6.86	7.12	110031	5.37	2210	飞马国际	SZ	7.36	5.55	
741	2011-06-10	11.2	11.38	10.95	11.25	30759	11.25	2211	宏达新材	SZ	11.32	11.32	
740	2011-06-10	8.06	8.16	8	8.16	15362	7.96	2212	南洋股份	SZ	8.06	7.87	
743	2011-06-10	12.9	13.5	12.49	13.29	11741	13.13	2213	特 尔 佳	SZ	12.73	12.58	
738	2011-06-10	19.32	19.75	19.29	19.5	4486	9.48	2214	大立科技	SZ	19.5	9.48	
741	2011-06-10	10	10.2	10	10.2	14457	4.07	2215	诺 普 信	SZ	10	3.99	
741	2011-06-10	17.34	17.44	17.24	17.42	1362	8.53	2216	三全食品	SZ	17.39	8.52	
743	2011-06-10	7.13	7.31	7.03	7.26	52868	4.73	2217	联合化工	SZ	7.14	4.65	
742	2011-06-10	13.9	14.1	13.6	14.08	12867	14.08	2218	拓日新能	SZ	13.86	13.86	
744	2011-06-10	8.4	8.47	8.25	8.45	8695	4.11	2220	天宝股份	SZ	8.4	4.08	
739	2011-06-10	4.65	4.7	4.51	4.58	14795	2.26	2221	东华能源	SZ	4.63	2.29	
744	2011-06-10	8.68	8.75	8.4	8.72	18165	8.48	2222	福晶科技	SZ	8.66	8.42	
744	2011-06-10	19.23	19.36	18.59	18.92	10575	14.41	2223	鱼跃医疗	SZ	19.29	14.69	
736	2011-06-10	12.47	12.81	12.15	12.6	175760	12.46	2225	濮耐股份	SZ	12.51	12.37	
740	2011-06-10	17.74	18.15	17.47	17.85	1953	11.1	2226	江南化工	SZ	17.87	11.11	
744	2011-06-10	23.33	23.57	23.03	23.25	1925	23.06	2227	奥 特 迅	SZ	23.33	23.14	
741	2011-06-10	7.66	7.84	7.29	7.64	5958	7.4	2228	合兴包装	SZ	7.88	4.77	
742	2011-06-10	7.21	7.35	7.07	7.31	11255	3.72	2229	鸿博股份	SZ	7.37	3.75	
742	2011-06-10	25.5	26.09	24.83	25.13	34392	9.68	2230	科大讯飞	SZ	25.53	9.83	
744	2011-06-10	5.92	5.98	5.85	5.97	7111	2.85	2231	奥维通信	SZ	5.91	2.82	
742	2011-06-10	10.26	10.48	10.26	10.38	10174	10.36	2232	启明信息	SZ	10.37	10.35	
742	2011-06-10	8.6	8.68	8.23	8.44	168874	8.2	2233	塔牌集团	SZ	8.6	8.35	
743	2011-06-10	11.3	11.35	11	11.35	24466	5.28	2234	民和股份	SZ	11.24	5.23	
741	2011-06-10	11.23	11.38	10.91	11.15	6192	10.8	2235	安妮股份	SZ	11.3	10.95	
743	2011-06-10	10.15	10.27	9.98	10.11	13247	2.48	2236	大华股份	SZ	10.18	2.49	
744	2011-06-10	20.17	20.36	19.76	20.11	12211	9.92	2237	恒邦股份	SZ	20.38	10.05	
742	2011-06-10	17.28	17.74	17.09	17.39	12870	17.16	2238	天威视讯	SZ	17.5	17.27	
736	2011-06-10	8.2	8.28	7.98	8.15	5463	8.1	2239	金 飞 达	SZ	8.2	8.15	
743	2011-06-10	7.28	7.34	7.09	7.25	41118	7.25	2240	威华股份	SZ	7.35	7.35	
743	2011-06-10	12.21	12.41	11.73	12.03	14656	6.6	2241	歌尔声学	SZ	12.21	6.7	
743	2011-06-10	13.08	13.28	12.96	13.18	18737	10.98	2242	九阳股份	SZ	13.08	10.9	
742	2011-06-10	14.15	14.25	13.96	14.21	5376	14.01	2243	通产丽星	SZ	14.11	13.91	
744	2011-06-10	11.5	11.85	11.44	11.58	25291	11.41	2244	滨江集团	SZ	11.58	11.41	
744	2011-06-10	7.95	8.16	7.81	8.16	38218	8.03	2245	澳洋顺昌	SZ	8.19	8.06	
742	2011-06-10	14.75	15.15	14.66	15.08	12385	14.69	2246	北化股份	SZ	14.82	14.44	
744	2011-06-10	8.11	8.11	7.75	7.93	7445	3.71	2247	帝龙新材	SZ	8.11	3.79	
743	2011-06-10	16.45	16.45	15.83	16.08	10394	16.01	2248	华东数控	SZ	16.47	16.4	
739	2011-06-10	15	15.14	14.83	14.99	11457	9.52	2249	大洋电机	SZ	15.12	9.6	
743	2011-06-10	12.49	12.79	12.48	12.79	12800	6.44	2251	步 步 高	SZ	12.49	6.28	
740	2011-06-10	23.76	25.16	23.76	24.7	15673	15.01	2253	川大智胜	SZ	23.38	14.21	
743	2011-06-10	13.05	13.25	12.84	13.25	19343	9.93	2254	烟台氨纶	SZ	13.04	9.77	
741	2011-06-10	14.8	15.25	14.8	15.05	7582	7.44	2255	海陆重工	SZ	14.98	7.41	
743	2011-06-10	14.56	14.7	14.38	14.63	5801	14.52	2258	利尔化学	SZ	14.61	14.5	
743	2011-06-10	4.1	4.1	3.89	3.89	70457	2.16	2259	升达林业	SZ	4.16	2.31	
743	2011-06-10	11.29	11.55	10.88	11.08	19929	10.8	2260	伊 立 浦	SZ	11.21	10.92	
739	2011-06-10	14.41	14.6	13.95	14.22	4455	10.89	2261	拓维信息	SZ	14.61	11.19	
744	2011-06-10	14.71	14.82	14.64	14.75	2480	11.74	2262	恩华药业	SZ	14.86	11.83	
743	2011-06-10	8.4	8.46	8.19	8.41	17106	6.9	2263	大 东 南	SZ	8.43	6.92	
742	2011-06-10	7.67	7.8	7.41	7.53	37314	2.47	2264	新 华 都	SZ	7.67	2.51	
742	2011-06-10	10.14	10.68	10.1	10.51	21775	10.51	2265	西仪股份	SZ	10.16	10.16	
743	2011-06-10	4.54	4.57	4.46	4.54	26979	0.52	2266	浙富股份	SZ	4.56	0.52	
743	2011-06-10	9.08	9.14	8.81	8.9	41699	4.17	2267	陕天然气	SZ	9.09	4.26	
744	2011-06-10	15.9	16.1	15.5	15.96	8568	15.89	2268	卫 士 通	SZ	16.11	16.04	
743	2011-06-10	30.7	30.7	29.78	29.8	5145	27.38	2269	美邦服饰	SZ	30.9	28.4	
744	2011-06-10	10.89	11	10.78	10.98	7854	8.29	2270	法因数控	SZ	10.92	8.24	
741	2011-06-10	16.02	16.4	16.02	16.22	17792	7.92	2271	东方雨虹	SZ	16.08	7.85	
743	2011-06-10	5.88	5.93	5.76	5.86	7284	2.9	2272	川润股份	SZ	5.93	2.93	
744	2011-06-10	11.58	11.69	11.37	11.53	9402	3.65	2273	水晶光电	SZ	11.59	3.66	
742	2011-06-10	10.53	11.21	10.5	10.74	74800	10.67	2274	华昌化工	SZ	10.2	10.13	
743	2011-06-10	16.23	16.43	16	16.28	5196	14.91	2275	桂林三金	SZ	16.23	14.86	
741	2011-06-10	13.45	13.45	13.05	13.31	24937	8.12	2277	友阿股份	SZ	13.47	8.22	
744	2011-06-10	10	10.06	9.74	9.99	9775	8.82	2278	神开股份	SZ	10.01	8.84	
743	2011-06-10	12.07	12.16	11.56	11.84	4850	7.14	2279	久其软件	SZ	12.06	7.28	
744	2011-06-10	16.91	17.5	16.82	17.4	3539	16.63	2280	新世纪	SZ	17.2	16.44	
734	2011-06-10	35.5	35.58	34.36	34.85	2624	34.23	2281	光迅科技	SZ	35.54	34.91	
743	2011-06-10	14.22	14.6	13.71	14.59	58411	14.37	2282	博深工具	SZ	14.25	14.03	
741	2011-06-10	12.43	12.6	12.08	12.55	25224	12.47	2283	天润曲轴	SZ	12.42	12.34	
743	2011-06-10	11.33	11.39	11.13	11.26	8086	11.02	2284	亚太股份	SZ	11.4	11.15	
744	2011-06-10	13.71	14.21	13.71	13.81	8763	10.16	2285	世联地产	SZ	13.83	10.18	
744	2011-06-10	14.01	14.15	13.96	14.09	4353	10.67	2286	保龄宝	SZ	14.15	10.72	
743	2011-06-10	19.71	20.24	19.7	20.1	3104	19.51	2287	奇正藏药	SZ	20.03	19.44	
740	2011-06-10	6.27	6.45	6.25	6.4	18518	2.73	2288	超华科技	SZ	6.31	2.69	
741	2011-06-10	22.16	22.24	21.2	21.95	6014	21.91	2289	宇顺电子	SZ	22.15	22.11	
744	2011-06-10	14.81	14.94	14.58	14.86	7642	10.42	2290	禾盛新材	SZ	14.85	10.41	
743	2011-06-10	9.93	10.06	9.85	10.01	4709	9.9	2291	星期六	SZ	9.93	9.82	
743	2011-06-10	12.06	12.09	11.88	11.95	5051	7.84	2292	奥飞动漫	SZ	12.06	7.91	
744	2011-06-10	37.76	38.24	37.53	37.99	1044	18	2293	罗莱家纺	SZ	38.06	18.03	
744	2011-06-10	19.86	19.87	19.44	19.53	7905	10.42	2294	信立泰	SZ	19.58	10.45	
743	2011-06-10	10.66	10.75	10.31	10.68	15263	10.68	2295	精艺股份	SZ	10.66	10.66	
666	2011-06-10	29.42	29.9	28.5	28.8	6359	28.33	2296	辉煌科技	SZ	29.46	28.98	
743	2011-06-10	11.34	11.57	11.34	11.49	8591	7.63	2297	博云新材	SZ	11.43	7.59	
741	2011-06-10	6.18	6.18	6	6.11	6913	3.01	2298	鑫龙电器	SZ	6.2	3.05	
743	2011-06-10	16.45	16.66	16.2	16.66	30071	16.33	2299	圣农发展	SZ	16.47	16.15	
743	2011-06-10	8.2	8.26	8.01	8.25	9945	8.18	23	深天地Ａ	SZ	8.17	8.1	
743	2011-06-10	11.68	11.68	11.28	11.43	6926	10.67	2300	太阳电缆	SZ	11.66	10.89	
742	2011-06-10	6.86	7.07	6.81	6.91	13017	3.4	2301	齐心文具	SZ	6.96	3.42	
742	2011-06-10	13.49	14.03	13.49	13.91	9058	10.64	2302	西部建设	SZ	13.76	10.53	
744	2011-06-10	17.31	17.4	17.05	17.25	3639	8.57	2303	美盈森	SZ	17.35	8.62	
743	2011-06-10	92.83	92.97	91.17	91.67	7070	73.54	2304	洋河股份	SZ	92.82	74.46	
743	2011-06-10	5.68	5.88	5.67	5.83	33870	5.69	2305	南国置业	SZ	5.73	5.59	
742	2011-06-10	4.56	4.56	4.43	4.49	33233	1.01	2306	湘鄂情	SZ	4.55	1.02	
739	2011-06-10	7.65	7.81	7.62	7.78	15639	3.89	2307	北新路桥	SZ	7.85	3.92	
743	2011-06-10	8.46	8.72	8.38	8.69	24604	6.31	2308	威创股份	SZ	8.67	6.29	
741	2011-06-10	12.29	12.45	12	12.31	20022	6.06	2309	中利科技	SZ	12.37	6.09	
739	2011-06-10	22.09	22.34	21.39	21.86	36616	5.46	2310	东方园林	SZ	22.34	5.58	
741	2011-06-10	11.23	11.51	10.96	11.48	17857	8.7	2311	海大集团	SZ	11.23	8.51	
744	2011-06-10	6.8	6.95	6.8	6.95	4192	3.35	2312	三泰电子	SZ	6.85	3.3	
742	2011-06-10	15.77	15.92	15.63	15.87	1846	5.93	2313	日海通讯	SZ	15.77	5.89	
742	2011-06-10	14.65	14.73	14.42	14.67	4474	14.18	2314	雅致股份	SZ	14.61	14.12	
744	2011-06-10	47.73	47.79	47.11	47.6	3007	45.51	2315	焦点科技	SZ	47.73	45.64	
742	2011-06-10	5.85	5.95	5.85	5.94	16072	2.32	2316	键桥通讯	SZ	5.87	2.29	
742	2011-06-10	11.34	11.49	11.2	11.44	4771	5.39	2317	众生药业	SZ	11.39	5.36	
742	2011-06-10	11.47	11.72	11.27	11.66	5904	7.66	2318	久立特材	SZ	11.51	7.56	
742	2011-06-10	7.78	7.8	7.56	7.68	4016	3.73	2319	乐通股份	SZ	7.74	3.76	
743	2011-06-10	13.32	13.33	12.71	13.12	15629	9.67	2320	海峡股份	SZ	13.89	6.41	
744	2011-06-10	9.36	9.4	9.05	9.24	17063	4.57	2321	华英农业	SZ	9.36	4.54	
744	2011-06-10	11.64	11.74	11.36	11.5	11566	2.8	2322	理工监测	SZ	11.75	2.87	
744	2011-06-10	17.71	17.85	17.35	17.85	4084	12.62	2323	中联电气	SZ	17.72	12.52	
742	2011-06-10	15.01	15.01	14.51	14.77	9684	14.59	2324	普利特	SZ	15	14.82	
744	2011-06-10	7.06	7.11	6.98	7.07	3671	1.54	2325	洪涛股份	SZ	7.03	1.53	
743	2011-06-10	25.77	26.29	25.08	25.7	3660	25.45	2326	永太科技	SZ	26.06	14.33	
744	2011-06-10	16.16	16.17	15.83	15.98	11826	6.3	2327	富安娜	SZ	16.25	6.4	
744	2011-06-10	10.21	10.29	9.97	10.21	15095	6.65	2328	新朋股份	SZ	10.22	6.66	
743	2011-06-10	17.12	17.46	17.12	17.39	4655	17.04	2329	皇氏乳业	SZ	17.38	17.03	
744	2011-06-10	6.66	6.8	6.6	6.8	20211	3.31	2330	得利斯	SZ	6.65	3.24	
743	2011-06-10	8.32	8.41	8.05	8.22	16710	5	2331	皖通科技	SZ	8.32	5.06	
742	2011-06-10	13.31	13.58	13.31	13.55	10989	13.13	2332	仙琚制药	SZ	13.52	13.11	
742	2011-06-10	11.71	11.89	11.62	11.88	4310	11.5	2333	罗普斯金	SZ	11.82	11.44	
743	2011-06-10	16.53	16.83	16.53	16.76	6021	5.61	2334	英威腾	SZ	16.54	5.53	
743	2011-06-10	13.71	13.81	13.5	13.79	5948	9.65	2335	科华恒盛	SZ	13.71	9.59	
743	2011-06-10	18.46	18.53	18.22	18.45	5143	17.88	2336	人人乐	SZ	18.44	17.87	
744	2011-06-10	13.6	13.79	13.49	13.66	1554	12.97	2337	赛象科技	SZ	13.64	12.95	
743	2011-06-10	30.67	31.52	28.03	30	24328	19.34	2338	奥普光电	SZ	31.14	20.08	
743	2011-06-10	6.2	6.2	6.03	6.11	9898	1.47	2339	积成电子	SZ	6.15	1.48	
743	2011-06-10	8.65	8.88	8.38	8.55	170987	3.21	2340	格林美	SZ	8.88	3.33	
740	2011-06-10	9.59	9.78	9.49	9.69	4706	4.74	2341	新纶科技	SZ	9.69	4.74	
742	2011-06-10	10.09	10.15	9.83	10.06	33054	4.98	2342	巨力索具	SZ	9.98	4.94	
744	2011-06-10	13.1	13.38	12.6	12.9	7667	12.2	2343	禾欣股份	SZ	13.32	12.6	
744	2011-06-10	10.41	10.6	9.95	10.27	47385	4.98	2344	海宁皮城	SZ	10.48	5.09	
742	2011-06-10	12.24	12.26	11.98	12.14	8751	5.77	2345	潮宏基	SZ	12.24	5.82	
744	2011-06-10	9.94	10.07	9.75	10.07	13682	4.83	2346	柘中建设	SZ	9.85	4.72	
743	2011-06-10	11.44	11.45	11.19	11.37	3677	6.09	2347	泰尔重工	SZ	11.5	6.06	
744	2011-06-10	5.89	5.89	5.55	5.8	1795	2.73	2348	高乐股份	SZ	6	1.76	
743	2011-06-10	11.85	11.85	11.55	11.68	9490	5.76	2349	精华制药	SZ	12.05	5.95	
743	2011-06-10	10.72	10.73	10.45	10.57	4427	5.97	2350	北京科锐	SZ	10.79	5.99	
743	2011-06-10	23.05	23.4	22.75	22.85	1745	21.86	2352	鼎泰新材	SZ	23.07	22.07	
744	2011-06-10	22.31	22.67	22.01	22.38	6979	8.58	2353	杰瑞股份	SZ	22.49	8.62	
742	2011-06-10	15.2	15.31	14.75	15	4794	14.82	2354	科冕木业	SZ	15.28	15.1	
743	2011-06-10	7.2	7.2	6.78	6.99	29008	3.3	2355	兴民钢圈	SZ	7.11	3.36	
743	2011-06-10	24.3	24.5	23.1	24.05	4316	23.28	2356	浩宁达	SZ	24.62	23.83	
744	2011-06-10	9.3	9.4	9.24	9.38	4966	2.48	2358	森源电气	SZ	9.39	2.49	
743	2011-06-10	5.73	6.19	5.7	6.19	40803	3.29	2361	神剑股份	SZ	5.73	3.05	
743	2011-06-10	25.14	28.2	25.02	27.85	171841	27.85	2362	汉王科技	SZ	25.7	25.7	
743	2011-06-10	15.9	15.9	15.5	15.74	2762	15.55	2363	隆基机械	SZ	15.86	15.67	
743	2011-06-10	7.75	7.88	7.51	7.66	15706	3.72	2364	中恒电气	SZ	7.89	3.83	
744	2011-06-10	14.19	14.41	13.3	13.97	5041	13.49	2365	永安药业	SZ	14.22	13.73	
743	2011-06-10	13	13	12.6	12.94	9886	11.93	2366	丹甫股份	SZ	13	11.99	
742	2011-06-10	5.06	5.18	5.06	5.11	19324	1.49	2367	康力电梯	SZ	5.06	1.48	
742	2011-06-10	15.38	15.55	14.75	15.13	7485	12.41	2368	太极股份	SZ	15.4	12.63	
742	2011-06-10	15.99	15.99	15.53	15.77	2805	15.34	2369	卓翼科技	SZ	16	15.56	
743	2011-06-10	12.22	13.32	11.76	12.78	68051	7.38	2370	亚太药业	SZ	12.24	7.06	
738	2011-06-10	14.53	14.53	13.87	13.92	6279	2.92	2371	七星电子	SZ	14.32	3.01	
739	2011-06-10	12.81	12.92	12.64	12.88	11741	8.89	2372	伟星新材	SZ	12.76	8.81	
743	2011-06-10	9.84	9.9	9.58	9.81	3444	4.86	2373	联信永益	SZ	9.9	4.91	
738	2011-06-10	9.01	9.09	8.82	9.06	4301	4.78	2374	丽鹏股份	SZ	9	4.75	
743	2011-06-10	19.27	19.53	18.89	19.32	8225	12.78	2375	亚厦股份	SZ	19.57	12.95	
744	2011-06-10	8.35	8.59	8.35	8.57	14068	4.11	2376	新北洋	SZ	8.55	4.11	
742	2011-06-10	8.17	8.17	7.95	8.09	5783	4.05	2377	国创高新	SZ	8.1	4.05	
740	2011-06-10	31.72	31.88	29.8	30.7	27736	30.09	2378	章源钨业	SZ	32.1	31.46	
742	2011-06-10	7.51	7.7	7.41	7.57	15081	3.79	2379	鲁丰股份	SZ	7.67	3.84	
743	2011-06-10	35.8	36.39	35.28	35.7	806	35.21	2380	科远股份	SZ	35.8	35.31	
744	2011-06-10	8.39	8.44	8.24	8.4	2035	3.92	2381	双箭股份	SZ	8.39	3.91	
721	2011-06-10	8.85	9.24	8.55	9.05	4684	4.47	2382	蓝帆股份	SZ	8.85	4.37	
741	2011-06-10	22.75	23.95	22.68	23.61	12411	17.98	2383	合众思壮	SZ	22.94	17.47	
743	2011-06-10	18.5	18.55	17.61	17.89	48155	9.86	2384	东山精密	SZ	18.55	10.23	
743	2011-06-10	8.01	8.15	7.97	8.1	32277	1.94	2385	大北农	SZ	8.01	1.92	
744	2011-06-10	13.33	13.38	13.02	13.29	10109	13.03	2386	天原集团	SZ	13.15	12.89	
743	2011-06-10	11.39	11.46	11.32	11.33	3796	8.63	2387	黑牛食品	SZ	11.47	8.74	
741	2011-06-10	11.63	11.63	11	11.31	4982	10.98	2388	新亚制程	SZ	11.51	11.17	
742	2011-06-10	8.07	8.13	7.85	8	14083	2.59	2389	南洋科技	SZ	8.08	2.62	
743	2011-06-10	15.03	15.05	14.46	14.8	5254	14.71	2390	信邦制药	SZ	15.02	14.92	
743	2011-06-10	11.47	11.53	11.26	11.43	8774	7.16	2391	长青股份	SZ	11.47	7.19	
741	2011-06-10	11.06	11.24	10.59	11.1	40444	5.49	2392	北京利尔	SZ	11.26	5.57	
744	2011-06-10	38.75	38.99	38.17	38.79	6300	37.01	2393	力生制药	SZ	38.75	36.97	
743	2011-06-10	17.93	17.93	17.38	17.7	6955	16.63	2394	联发股份	SZ	17.86	16.78	
744	2011-06-10	11.6	11.6	11.26	11.41	4023	5.23	2395	双象股份	SZ	11.41	5.22	
744	2011-06-10	14.4	14.59	14.31	14.51	5185	6.99	2396	星网锐捷	SZ	14.48	6.97	
744	2011-06-10	26.04	26.47	25.71	26.41	1857	15.77	2397	梦洁家纺	SZ	26.3	15.7	
744	2011-06-10	10.11	10.13	9.84	10.01	4794	5.85	2398	建研集团	SZ	10.14	5.93	
743	2011-06-10	31.5	31.8	30.9	31.61	16867	30.05	2399	海普瑞	SZ	31.6	30.04	
744	2011-06-10	16.23	16.6	16.07	16.37	95341	16.11	24	招商地产	SZ	16.21	15.95	
744	2011-06-10	7.04	7.23	7.03	7.2	19558	2.69	2400	省广股份	SZ	7.12	2.66	
742	2011-06-10	8.86	9.03	8.78	9	7973	2.33	2401	交技发展	SZ	8.86	2.3	
744	2011-06-10	11.14	11.21	10.68	10.87	6418	6.86	2402	和而泰	SZ	11.11	7.01	
742	2011-06-10	13.22	13.42	13	13.19	3516	13.19	2403	爱仕达	SZ	13.28	13.28	
744	2011-06-10	8.02	8.03	7.64	7.81	7487	4.78	2404	嘉欣丝绸	SZ	7.97	4.87	
742	2011-06-10	20.31	22.36	20.14	21.03	18191	14.32	2405	四维图新	SZ	20.56	13.99	
744	2011-06-10	15.27	15.45	15.05	15.29	4860	14.64	2406	远东传动	SZ	15.38	14.72	
743	2011-06-10	27.46	27.46	26.12	26.67	15661	16.5	2407	多氟多	SZ	27.31	16.89	
744	2011-06-10	24.58	24.99	23.94	24.77	42538	19.89	2408	齐翔腾达	SZ	24.6	19.75	
743	2011-06-10	22	22.09	21.39	21.59	2782	14.01	2409	雅克科技	SZ	22	14.27	
743	2011-06-10	16.59	16.67	16.21	16.56	8992	8.06	2410	广联达	SZ	16.63	8.1	
743	2011-06-10	9.15	9.3	8.7	8.99	45424	3.26	2411	九九久	SZ	9.26	3.36	
744	2011-06-10	20.4	20.4	19.71	20.11	5972	20.11	2412	汉森制药	SZ	20.34	20.34	
742	2011-06-10	15.13	15.16	14.69	14.93	2296	9.65	2413	常发股份	SZ	15.13	9.78	
743	2011-06-10	9.57	9.62	9.4	9.56	19812	4.37	2414	高德红外	SZ	9.64	4.4	
741	2011-06-10	14.49	14.62	14.35	14.59	10367	7.1	2416	爱施德	SZ	14.6	7.11	
743	2011-06-10	10.3	10.3	9.53	9.81	31108	6.47	2417	三元达	SZ	10.48	4.61	
743	2011-06-10	10.37	10.37	9.83	10.11	7910	9.92	2418	康盛股份	SZ	10.53	6.46	
742	2011-06-10	21	21.42	20.88	21.4	5206	20.36	2419	天虹商场	SZ	21.12	20.09	
743	2011-06-10	9.75	10.2	9.68	10.18	12028	10.02	2420	毅昌股份	SZ	9.78	9.63	
744	2011-06-10	8.95	9.59	8.87	9.49	26570	4.63	2421	达实智能	SZ	8.99	4.38	
744	2011-06-10	55.63	56.49	54.12	55.3	14811	54.85	2422	科伦药业	SZ	55.8	55.34	
743	2011-06-10	9.3	9.3	9.3	9.3	8368	9.21	2423	中原特钢	SZ	8.51	8.38	
741	2011-06-10	18.58	18.75	18.25	18.64	13192	8.81	2424	贵州百灵	SZ	18.65	8.81	
744	2011-06-10	17.21	17.4	16.67	17.09	5623	14.06	2425	凯撒股份	SZ	17.25	14.19	
743	2011-06-10	21.9	21.9	20.84	21.48	5265	10.46	2426	胜利精密	SZ	21.78	10.6	
742	2011-06-10	11.95	12.22	11.92	12.13	3593	9.22	2427	尤夫股份	SZ	12.14	9.23	
744	2011-06-10	11.75	11.82	11.24	11.53	77925	2.83	2428	云南锗业	SZ	11.9	2.92	
741	2011-06-10	7.98	8.04	7.5	7.69	24613	3.17	2429	兆驰股份	SZ	7.96	3.28	
742	2011-06-10	14.07	14.28	13.88	14.22	8610	10.22	2430	杭氧股份	SZ	14.11	10.14	
739	2011-06-10	22.59	23.05	22.52	22.67	6856	18.81	2431	棕榈园林	SZ	22.75	18.88	
743	2011-06-10	7.6	7.66	7.33	7.53	10287	4.95	2432	九安医疗	SZ	7.56	4.96	
743	2011-06-10	10.05	10.08	9.71	9.87	5388	3.89	2433	太安堂	SZ	10.1	3.98	
743	2011-06-10	13.94	14.09	13.79	13.94	3469	6.74	2434	万里扬	SZ	13.95	6.74	
744	2011-06-10	9.5	9.67	9.13	9.33	13526	6.06	2435	长江润发	SZ	9.52	6.18	
743	2011-06-10	21.82	23.02	21.61	22.97	7984	22.22	2436	兴森科技	SZ	22	21.28	
743	2011-06-10	23.45	23.45	22.4	22.9	7348	22.43	2437	誉衡药业	SZ	23.48	23	
743	2011-06-10	11.32	11.49	11.05	11.26	5723	5.58	2438	江苏神通	SZ	11.38	5.64	
740	2011-06-10	16.84	16.9	16.24	16.9	6705	8.36	2439	启明星辰	SZ	16.79	8.3	
744	2011-06-10	10.43	10.6	10.43	10.53	15898	3.58	2440	闰土股份	SZ	10.46	3.55	
743	2011-06-10	17.58	17.91	17.32	17.88	7608	17.29	2441	众业达	SZ	17.55	16.97	
743	2011-06-10	6.67	7.2	6.53	7.07	122973	4.58	2442	龙星化工	SZ	6.71	4.35	
742	2011-06-10	6.72	6.76	6.52	6.66	5690	3.15	2443	金洲管道	SZ	6.73	3.18	
742	2011-06-10	7.47	7.51	7.28	7.45	31940	3.6	2444	巨星科技	SZ	7.47	3.61	
739	2011-06-10	12.68	12.89	12.59	12.79	8938	6.15	2445	中南重工	SZ	12.79	6.15	
743	2011-06-10	17.71	17.93	17.01	17.5	3477	17.43	2446	盛路通信	SZ	17.72	17.65	
742	2011-06-10	13.16	13.36	13	13.25	5938	3.24	2447	壹桥苗业	SZ	13.22	3.23	
729	2011-06-10	15.3	15.3	14.85	15.1	11723	7.12	2448	中原内配	SZ	15.35	7.24	
743	2011-06-10	11.65	11.82	11.48	11.8	25328	5.63	2449	国星光电	SZ	11.69	5.58	
739	2011-06-10	8.28	8.37	7.71	7.96	27351	3.3	2450	康得新	SZ	8.27	1.71	
742	2011-06-10	18.37	18.4	17.81	18.24	6370	6.03	2451	摩恩电气	SZ	18.4	6.08	
743	2011-06-10	30.85	30.92	30.02	30.62	3119	11.41	2452	长高集团	SZ	30.88	11.51	
742	2011-06-10	33.3	34.3	33.02	34.15	6711	4.14	2453	天马精化	SZ	33.49	4.06	
741	2011-06-10	17	17.05	16.48	16.75	5439	16.38	2454	松芝股份	SZ	17	16.62	
742	2011-06-10	6.18	6.5	6.13	6.43	60856	1.58	2456	欧菲光	SZ	6.25	1.54	
743	2011-06-10	11.27	11.27	10.93	11.24	33354	7.41	2457	青龙管业	SZ	11.42	7.53	
743	2011-06-10	10.81	10.95	10.65	10.85	4463	5.13	2458	益生股份	SZ	10.95	5.18	
744	2011-06-10	14.21	14.42	13.91	14.03	2907	14.03	2459	天业通联	SZ	14.2	14.2	
743	2011-06-10	26.7	26.83	25.62	26.53	9455	26.13	2460	赣锋锂业	SZ	26.82	26.41	
743	2011-06-10	16.3	16.98	16.3	16.65	13639	16.63	2461	珠江啤酒	SZ	16.44	16.42	
744	2011-06-10	10.87	10.9	10.53	10.73	5036	6.88	2462	嘉事堂	SZ	10.81	6.92	
742	2011-06-10	6.58	6.67	6.37	6.61	50641	3.76	2463	沪电股份	SZ	6.7	3.81	
714	2011-06-10	18.35	18.35	17.9	18.2	2786	17.39	2464	金利科技	SZ	18.3	17.48	
743	2011-06-10	13.91	14.47	13.82	14.3	26090	6.7	2465	海格通信	SZ	13.94	6.53	
743	2011-06-10	12.9	12.94	12.71	12.77	1504	6.14	2467	二六三	SZ	12.82	6.17	
742	2011-06-10	9.15	9.28	8.97	9.17	12638	6.17	2468	艾迪西	SZ	9.27	6.23	
743	2011-06-10	14.62	14.62	14.13	14.55	14896	4.88	2469	三维工程	SZ	14.67	4.92	
742	2011-06-10	17.2	17.35	16.9	17.17	10683	16.89	2470	金正大	SZ	17.29	17	
742	2011-06-10	6.78	6.78	6.43	6.51	27336	3.1	2471	中超电缆	SZ	6.73	3.21	
743	2011-06-10	14.68	14.82	14.32	14.52	3897	10.79	2472	双环传动	SZ	14.71	10.94	
743	2011-06-10	11.43	11.54	11.08	11.3	6655	10.99	2473	圣莱达	SZ	11.45	11.13	
743	2011-06-10	12.41	12.5	12.33	12.47	4019	4.01	2474	榕基软件	SZ	12.4	3.98	
743	2011-06-10	15.29	15.63	15.02	15.62	8127	7.33	2475	立讯精密	SZ	15.29	7.17	
744	2011-06-10	4.99	5.11	4.99	5.11	12499	1.68	2476	宝莫股份	SZ	5.02	1.65	
742	2011-06-10	8.97	9.38	8.84	9.36	146431	2.76	2477	雏鹰农牧	SZ	9.06	2.67	
743	2011-06-10	15.2	15.2	14.77	14.9	21366	14.53	2478	常宝股份	SZ	15.3	14.93	
744	2011-06-10	10.18	10.18	9.66	9.87	46384	5.45	2479	富春环保	SZ	10.16	5.61	
743	2011-06-10	26.05	26.85	25.82	26.47	5925	26.08	2480	新筑股份	SZ	26.54	26.15	
743	2011-06-10	7.11	7.28	6.67	7.16	25781	1.97	2481	双塔食品	SZ	7.1	1.96	
742	2011-06-10	18.56	18.75	18.14	18.73	9050	11.59	2482	广田股份	SZ	18.59	11.5	
739	2011-06-10	13.3	13.33	12.9	13.21	11001	12.74	2483	润邦股份	SZ	13.42	12.95	
742	2011-06-10	18.62	18.62	17.92	18.45	11494	14.06	2484	江海股份	SZ	18.61	14.17	
743	2011-06-10	13.2	13.32	12.63	13.16	15531	7.48	2485	希努尔	SZ	13.31	7.57	
744	2011-06-10	6.94	7.05	6.9	7.03	14019	1.59	2486	嘉麟杰	SZ	7.07	1.6	
743	2011-06-10	7.75	7.86	7.58	7.78	9278	2.53	2487	大金重工	SZ	7.74	2.52	
744	2011-06-10	11.85	12.09	11.7	11.96	3615	11.43	2488	金固股份	SZ	12.02	11.48	
742	2011-06-10	15.04	15.05	14.67	14.92	10675	6.77	2489	浙江永强	SZ	15.02	6.82	
744	2011-06-10	7.61	7.64	7.48	7.59	16210	3.73	2490	山东墨龙	SZ	7.64	3.76	
743	2011-06-10	15.3	15.5	15	15.34	4582	14.82	2491	通鼎光电	SZ	15.34	14.82	
744	2011-06-10	21.58	21.58	21	21.49	3376	21.05	2494	华斯股份	SZ	21.58	21.05	
743	2011-06-10	7.99	8.05	7.75	7.89	6241	4.99	2495	佳隆股份	SZ	7.98	5.05	
742	2011-06-10	18.29	18.98	17.84	17.91	37538	8.88	2496	辉丰股份	SZ	18.45	9.15	
744	2011-06-10	10.91	11.02	10.69	10.85	15566	6.95	2497	雅化集团	SZ	10.91	6.99	
714	2011-06-10	12.14	12.8	12.14	12.62	10949	5.38	2498	汉缆股份	SZ	12.53	5.35	
744	2011-06-10	18.42	18.53	17.95	18.27	4994	12.08	2499	科林环保	SZ	18.53	12.26	
743	2011-06-10	11.39	11.39	10.71	11.21	57547	11.21	25	特 力Ａ	SZ	11.61	11.61	
744	2011-06-10	8.78	8.82	8.61	8.75	60952	8.65	2500	山西证券	SZ	8.9	8.66	
744	2011-06-10	11.04	11.25	10.83	11.06	14513	5.94	2501	利源铝业	SZ	11.06	5.94	
743	2011-06-10	14.81	14.81	14.38	14.75	2692	8.97	2502	骅威股份	SZ	14.72	8.96	
744	2011-06-10	12.14	12.4	11.96	12.26	17042	4.25	2503	搜于特	SZ	12.16	4.21	
744	2011-06-10	14.18	14.56	13.83	14.15	14058	10.73	2504	东光微电	SZ	14.36	10.89	
741	2011-06-10	10.77	10.91	10.21	10.81	97653	7.12	2505	大康牧业	SZ	10.7	7.05	
741	2011-06-10	11.28	11.44	11	11.29	40263	6.97	2506	超日太阳	SZ	11.34	7	
744	2011-06-10	18.01	18.14	17.67	17.96	5341	17.43	2507	涪陵榨菜	SZ	18.05	17.52	
743	2011-06-10	15.51	15.63	15.32	15.56	5670	15.27	2508	老板电器	SZ	15.51	15.22	
742	2011-06-10	5.52	5.57	5.45	5.55	30788	1.33	2509	天广消防	SZ	5.53	1.32	
743	2011-06-10	9.59	9.66	9.41	9.48	6860	3.39	2512	达华智能	SZ	9.59	3.43	
742	2011-06-10	12.6	12.66	12.24	12.33	8627	4.09	2513	蓝丰生化	SZ	12.6	4.18	
743	2011-06-10	32.51	32.95	32.16	32.79	2802	10.07	2514	宝馨科技	SZ	32.75	10.06	
742	2011-06-10	17.85	18.33	17.72	18.09	5158	11.87	2515	金字火腿	SZ	17.86	11.72	
743	2011-06-10	13.5	13.58	12.81	13.1	7253	12.65	2516	江苏旷达	SZ	13.39	12.93	
743	2011-06-10	8.74	8.89	8.65	8.84	5618	4.34	2517	泰亚股份	SZ	8.7	4.27	
743	2011-06-10	14.51	14.72	14.21	14.42	11189	5.51	2518	科士达	SZ	14.62	5.59	
744	2011-06-10	10.76	10.88	10.65	10.76	6003	6.6	2519	银河电子	SZ	10.8	6.63	
744	2011-06-10	12.5	12.71	12.35	12.53	14754	4.78	2520	日发数码	SZ	12.67	4.83	
744	2011-06-10	9.01	9.15	8.6	8.68	36719	4.02	2521	齐峰股份	SZ	9.05	4.19	
744	2011-06-10	18.88	19	18.44	18.9	7118	17.84	2522	浙江众成	SZ	19	17.93	
744	2011-06-10	7.55	7.67	7.32	7.46	8258	3.49	2523	天桥起重	SZ	7.54	3.53	
742	2011-06-10	6.63	6.72	6.43	6.6	45336	3.21	2524	光正钢构	SZ	6.71	3.27	
744	2011-06-10	12.33	12.76	12.33	12.6	30895	6.94	2526	山东矿机	SZ	12.38	6.82	
741	2011-06-10	11.87	12	11.19	11.89	11640	6.75	2527	新时达	SZ	11.87	6.73	
742	2011-06-10	16.63	16.82	16.22	16.42	6075	16.14	2529	海源机械	SZ	16.62	16.34	
744	2011-06-10	7.22	7.26	7.12	7.22	7198	3.5	2530	丰东股份	SZ	7.22	3.5	
739	2011-06-10	9.51	9.56	9.19	9.36	16718	4.37	2531	天顺风能	SZ	9.51	4.44	
742	2011-06-10	18.73	19.1	18.1	18.48	48250	18.29	2532	新界泵业	SZ	19.03	18.84	
744	2011-06-10	10.08	10.14	9.82	9.98	12343	7.94	2533	金杯电工	SZ	10.07	8.01	
743	2011-06-10	21.21	21.48	20.88	21.35	8011	20.39	2534	杭锅股份	SZ	20.84	19.9	
741	2011-06-10	12	12.19	11.62	11.82	33318	8.87	2535	林州重机	SZ	12.08	9.07	
743	2011-06-10	25.13	25.49	24.66	25.23	3835	24.68	2536	西泵股份	SZ	25.37	24.81	
744	2011-06-10	17.99	17.99	17.27	17.79	6659	11.76	2537	海立美达	SZ	18.15	12	
743	2011-06-10	10.09	10.23	9.85	9.99	11915	4.83	2538	司尔特	SZ	10.09	4.88	
743	2011-06-10	13.73	13.85	13.55	13.75	7965	6.46	2539	新都化工	SZ	13.71	6.44	
743	2011-06-10	9.4	9.45	9.15	9.31	10175	4.32	2540	亚太科技	SZ	9.43	4.38	
742	2011-06-10	18.65	18.8	18.5	18.68	2644	9.1	2541	鸿路钢构	SZ	18.66	9.09	
744	2011-06-10	21.25	21.63	20.58	21.04	22571	5.17	2542	中化岩土	SZ	21.68	5.33	
744	2011-06-10	11.6	11.67	11.45	11.59	6621	5.49	2543	万和电气	SZ	11.63	5.51	
743	2011-06-10	7.05	7.3	6.94	7.26	20025	3.49	2544	杰赛科技	SZ	7.32	1.76	
743	2011-06-10	18.68	18.85	18.25	18.53	12373	12.07	2545	东方铁塔	SZ	18.8	12.25	
743	2011-06-10	18.34	18.57	18.15	18.41	5509	8.7	2546	新联电子	SZ	18.38	8.69	
743	2011-06-10	7.62	7.66	7.49	7.61	10649	3.76	2547	春兴精工	SZ	7.62	3.77	
743	2011-06-10	13.43	13.54	12.87	13.17	15393	8.36	2548	金新农	SZ	13.81	8.76	
742	2011-06-10	12	12	11.7	11.85	10956	3.43	2549	凯美特气	SZ	11.93	3.46	
743	2011-06-10	13.07	13.17	12.66	12.86	14667	5.93	2550	千红制药	SZ	13.09	6.03	
742	2011-06-10	11.82	11.84	11.41	11.56	18998	3.29	2551	尚荣医疗	SZ	11.83	3.37	
743	2011-06-10	12.85	13.09	12.8	13.04	6544	8.36	2552	宝鼎重工	SZ	12.97	8.31	
744	2011-06-10	10.68	10.75	10.43	10.65	15386	5.04	2553	南方轴承	SZ	10.68	5.05	
744	2011-06-10	8.17	8.53	7.86	8.03	19529	3.48	2554	惠博普	SZ	8.34	3.61	
742	2011-06-10	13.76	13.91	13.6	13.79	5204	6.59	2555	顺荣股份	SZ	13.77	6.58	
744	2011-06-10	9	9.49	8.73	9.45	52437	4.53	2556	辉隆股份	SZ	8.98	4.3	
742	2011-06-10	17.22	17.75	16.98	17.75	16693	9.58	2557	洽洽食品	SZ	17.22	9.29	
744	2011-06-10	26.03	26.28	25	25.53	2899	25.06	2558	世纪游轮	SZ	26.03	25.55	
743	2011-06-10	14.52	14.68	14.14	14.31	15594	6.85	2559	亚威股份	SZ	14.68	7.02	
742	2011-06-10	16.9	17.01	16.4	16.64	4050	16.26	2560	通达股份	SZ	17.01	16.63	
742	2011-06-10	15.97	15.99	15.4	15.6	28526	13.94	2561	徐家汇	SZ	16.16	14.44	
742	2011-06-10	9.76	9.76	9.46	9.54	6367	3.55	2565	上海绿新	SZ	9.77	3.64	
743	2011-06-10	15.44	15.5	15.07	15.25	8457	7.53	2566	益盛药业	SZ	15.45	7.63	
744	2011-06-10	13.99	14.39	13.8	14.39	37474	14.1	26	飞亚达Ａ	SZ	14.16	13.87	
743	2011-06-10	7.84	7.86	7.7	7.82	54512	6.33	27	深圳能源	SZ	7.8	6.32	
743	2011-06-10	28.5	28.5	26.07	26.82	34870	26.46	28	一致药业	SZ	28.7	28.31	
743	2011-06-10	4.89	5.03	4.85	4.98	90517	4.98	29	深深房Ａ	SZ	4.9	4.9	
742	2011-06-10	21.7	21.99	20.73	21.3	13475	20.94	300001	特锐德	SZ	21.92	21.55	
742	2011-06-10	9.09	9.16	8.94	9.06	34950	2.53	300002	神州泰岳	SZ	9.17	2.56	
744	2011-06-10	19.76	19.81	19.36	19.58	10695	19.07	300003	乐普医疗	SZ	19.75	19.23	
743	2011-06-10	22.75	22.84	22.41	22.82	4076	22.64	300004	南风股份	SZ	22.75	22.57	
742	2011-06-10	9.41	9.7	9.41	9.66	19000	6.1	300005	探路者	SZ	9.49	5.99	
741	2011-06-10	18.35	18.94	18.01	18.9	7255	9.33	300006	莱美药业	SZ	18.5	9.13	
744	2011-06-10	17.05	17.05	16.71	16.98	3669	16.83	300007	汉威电子	SZ	17.01	16.77	
744	2011-06-10	11.47	11.99	11.47	11.77	15156	7.6	300008	上海佳豪	SZ	11.69	7.54	
744	2011-06-10	9.34	9.4	9.07	9.23	9751	7.16	300009	安科生物	SZ	9.33	7.24	
739	2011-06-10	13.87	14	13.4	13.63	2956	13.36	300010	立思辰	SZ	13.86	13.58	
743	2011-06-10	7.78	7.87	7.69	7.82	12547	3.74	300012	华测检测	SZ	7.82	3.74	
744	2011-06-10	12.66	12.67	12.1	12.55	28126	12.52	300013	新宁物流	SZ	12.75	12.68	
743	2011-06-10	13.91	14	13.46	13.74	19802	6.7	300014	亿纬锂能	SZ	14	6.82	
743	2011-06-10	19.69	19.69	19.06	19.19	10533	11.87	300015	爱尔眼科	SZ	19.69	12.18	
743	2011-06-10	5.22	5.26	5.12	5.24	5847	2.46	300016	北陆药业	SZ	5.25	2.46	
743	2011-06-10	13.08	13.08	12.7	12.97	6919	12.7	300017	网宿科技	SZ	13.03	12.76	
742	2011-06-10	9.53	9.59	9.21	9.42	23345	6.01	300018	中元华电	SZ	9.63	6.15	
743	2011-06-10	10.4	10.41	10.01	10.25	5263	6.14	300019	硅宝科技	SZ	10.39	6.22	
742	2011-06-10	11.92	11.98	11.64	11.77	9972	11.69	300020	银江股份	SZ	11.92	11.84	
744	2011-06-10	10.28	10.28	9.98	10.15	47345	10.15	300021	大禹节水	SZ	10.3	10.3	
743	2011-06-10	11.22	11.41	11.03	11.24	31876	11.17	300022	吉峰农机	SZ	11.42	11.35	
744	2011-06-10	12.37	12.43	12.05	12.33	2840	12.33	300023	宝德股份	SZ	12.43	12.43	
742	2011-06-10	22.7	22.98	22.35	22.75	13013	22.7	300024	机器人	SZ	22.8	22.75	
742	2011-06-10	11.54	11.55	11.31	11.44	1670	8.78	300025	华星创业	SZ	11.54	8.85	
743	2011-06-10	11.65	11.72	11.49	11.6	5367	5.08	300026	红日药业	SZ	11.75	5.15	
742	2011-06-10	7.2	7.34	7.18	7.28	60354	3.51	300027	华谊兄弟	SZ	7.2	3.47	
698	2011-06-10	8.31	8.4	8.22	8.4	16148	8.34	300028	金亚科技	SZ	8.33	8.27	
743	2011-06-10	23.25	23.4	22.76	23.2	19953	23	300029	天龙光电	SZ	23.25	23.05	
744	2011-06-10	23.26	23.3	22	22.76	7652	11.24	300030	阳普医疗	SZ	23.22	11.47	
744	2011-06-10	9.49	10.43	9.49	9.98	18383	6.34	300031	宝通带业	SZ	9.48	6.02	
743	2011-06-10	11.79	12.1	11.5	12.1	3960	5.76	300032	金龙机电	SZ	11.8	5.62	
743	2011-06-10	22.32	22.66	21.81	22.17	4012	21.94	300033	同花顺	SZ	22.33	22.1	
743	2011-06-10	15.48	16.9	14.98	16.41	24902	16.2	300034	钢研高纳	SZ	15.51	15.32	
744	2011-06-10	9.28	9.43	9.28	9.41	3986	4.6	300035	中科电气	SZ	9.32	4.56	
744	2011-06-10	16.56	16.98	16.39	16.98	3584	10.5	300036	超图软件	SZ	16.75	10.36	
744	2011-06-10	22.62	22.62	22.29	22.61	4140	13.76	300037	新宙邦	SZ	22.59	13.75	
744	2011-06-10	10.34	10.34	9.92	10.09	10368	6.54	300038	梅泰诺	SZ	10.33	6.69	
744	2011-06-10	9.17	9.31	8.75	9.15	23814	3.39	300039	上海凯宝	SZ	9.3	3.45	
744	2011-06-10	7	7.07	6.97	7.07	5453	3.37	300040	九洲电气	SZ	7.03	3.35	
744	2011-06-10	20.57	20.83	20.12	20.62	6919	12.31	300041	回天胶业	SZ	20.12	12.02	
744	2011-06-10	10.55	10.59	10.18	10.45	11843	5.1	300042	朗科科技	SZ	10.55	5.14	
728	2011-06-10	10.13	10.16	9.81	10.07	12921	3.24	300043	星辉车模	SZ	10.23	3.3	
742	2011-06-10	7.27	7.27	6.78	7.05	31732	3.12	300044	赛为智能	SZ	7.27	3.22	
743	2011-06-10	9.99	10.37	9.89	10.22	9306	2.48	300045	华力创通	SZ	9.99	2.42	
743	2011-06-10	19.59	19.75	19.1	19.71	6080	17.65	300046	台基股份	SZ	19.59	17.54	
742	2011-06-10	6.61	6.61	6.47	6.55	5427	3.04	300047	天源迪科	SZ	6.57	3.05	
744	2011-06-10	13.7	13.75	13.31	13.65	17655	9.62	300048	合康变频	SZ	13.8	9.72	
744	2011-06-10	14.68	14.79	14.51	14.77	1512	14.47	300049	福瑞股份	SZ	14.65	14.36	
744	2011-06-10	23.9	24.04	23.28	23.7	5536	23.38	300050	世纪鼎利	SZ	23.96	23.64	
743	2011-06-10	5.33	5.39	5.2	5.34	13682	2.63	300051	三五互联	SZ	5.39	2.65	
744	2011-06-10	7.05	7.1	6.94	7.05	7673	3.47	300052	中青宝	SZ	7.11	3.51	
743	2011-06-10	10.24	10.44	10	10.37	11514	10.29	300053	欧比特	SZ	10.31	10.23	
744	2011-06-10	7.43	7.47	7.19	7.4	26145	0.95	300054	鼎龙股份	SZ	7.52	0.97	
742	2011-06-10	50.56	50.56	49.2	50.3	988	49.95	300055	万邦达	SZ	50.56	50.21	
744	2011-06-10	16.39	16.39	16.02	16.28	1851	8.95	300056	三维丝	SZ	16.61	8.94	
743	2011-06-10	10.29	10.47	10.11	10.27	7034	10.17	300057	万顺股份	SZ	10.36	10.26	
744	2011-06-10	6.97	7.03	6.78	6.95	30981	2.15	300059	东方财富	SZ	7.03	2.18	
744	2011-06-10	10.78	10.84	10.59	10.73	1596	6.71	300061	康耐特	SZ	10.76	6.73	
744	2011-06-10	12.65	12.96	12.61	12.9	3152	12.6	300062	中能电气	SZ	12.83	12.53	
743	2011-06-10	11.81	11.9	11.4	11.61	4114	7.66	300063	天龙集团	SZ	11.87	7.83	
742	2011-06-10	8.46	8.62	8.46	8.6	20580	4.22	300064	豫金刚石	SZ	8.53	4.19	
744	2011-06-10	23.32	24.87	22.9	24.21	7275	15.87	300065	海兰信	SZ	23.37	15.32	
743	2011-06-10	11.5	11.53	11.27	11.53	3734	7.46	300066	三川股份	SZ	11.53	7.46	
743	2011-06-10	10.05	10.23	10.02	10.2	3710	10.01	300067	安诺其	SZ	10.05	9.86	
742	2011-06-10	7.61	7.66	7.45	7.55	98747	3.67	300068	南都电源	SZ	7.68	3.74	
744	2011-06-10	10.09	10.17	9.98	10.13	1853	5	300069	金利华电	SZ	10.09	4.98	
742	2011-06-10	13.76	13.79	13.18	13.35	66620	4.88	300070	碧水源	SZ	13.91	5.08	
743	2011-06-10	16.29	16.67	16.13	16.53	5708	5.42	300071	华谊嘉信	SZ	16.63	5.45	
742	2011-06-10	4.93	5	4.83	4.97	32009	1.88	300072	三聚环保	SZ	5	1.89	
743	2011-06-10	14.24	14.24	13.8	14.24	7358	14.18	300073	当升科技	SZ	14.24	14.18	
743	2011-06-10	6.79	6.88	6.67	6.81	19315	2.04	300074	华平股份	SZ	6.85	2.05	
744	2011-06-10	14.85	15.03	14.47	14.86	6436	9.74	300075	数字政通	SZ	14.85	9.73	
744	2011-06-10	15.82	16.2	15.42	15.79	9626	15.44	300076	宁波GQY	SZ	15.88	15.53	
744	2011-06-10	27.21	27.5	25.91	26.6	38039	26.14	300077	国民技术	SZ	27.47	27	
744	2011-06-10	19.82	19.9	19	19.41	21400	18.38	300078	中瑞思创	SZ	20	18.94	
743	2011-06-10	13.86	13.96	13.62	13.83	14043	9.13	300079	数码视讯	SZ	13.91	9.19	
741	2011-06-10	15.77	15.88	15.46	15.66	26317	5.91	300080	新大新材	SZ	15.9	6	
744	2011-06-10	9.91	9.95	9.66	9.81	9619	4.84	300081	恒信移动	SZ	9.92	4.9	
744	2011-06-10	20.83	20.98	20.46	20.92	12754	15.39	300082	奥克股份	SZ	20.78	15.29	
743	2011-06-10	13.7	13.72	13.3	13.53	3633	6.61	300083	劲胜股份	SZ	13.7	6.69	
744	2011-06-10	14.4	14.63	14.4	14.52	1320	7.14	300084	海默科技	SZ	14.52	7.13	
744	2011-06-10	24.38	24.38	23.42	23.78	6203	11.59	300085	银之杰	SZ	24.26	11.82	
741	2011-06-10	16.87	17.13	16.74	17.13	14186	16.78	300086	康芝药业	SZ	16.94	16.59	
742	2011-06-10	16.8	17	16.41	16.87	8434	16.77	300087	荃银高科	SZ	17	16.9	
744	2011-06-10	9.36	9.52	9.1	9.36	22453	4.68	300088	长信科技	SZ	9.33	4.67	
743	2011-06-10	9.91	10	9.61	9.85	3601	6.49	300089	长城集团	SZ	9.91	6.53	
743	2011-06-10	10.82	11.2	10.28	10.61	10018	10.57	300090	盛运股份	SZ	10.95	10.91	
743	2011-06-10	16.75	16.78	15.91	16.5	50335	16.33	300091	金通灵	SZ	17.05	16.88	
741	2011-06-10	16.54	16.63	15.57	15.9	9841	15.61	300092	科新机电	SZ	16.55	16.24	
742	2011-06-10	13.16	13.67	13.02	13.29	8531	7.29	300093	金刚玻璃	SZ	13.16	7.22	
743	2011-06-10	9.3	9.36	9.05	9.24	13149	8.4	300094	国联水产	SZ	9.29	8.45	
744	2011-06-10	14.26	14.85	14.23	14.82	6354	11.18	300095	华伍股份	SZ	14.26	10.76	
743	2011-06-10	14.42	14.53	14.12	14.24	9140	7.02	300096	易联众	SZ	14.5	7.15	
743	2011-06-10	9.03	9.2	8.95	9.19	2947	4.54	300097	智云股份	SZ	9.12	4.5	
701	2011-06-10	11.68	11.95	11.68	11.82	3049	5.83	300098	高新兴	SZ	11.8	5.81	
743	2011-06-10	15.6	15.6	14.5	14.99	14271	6.81	300099	尤洛卡	SZ	15.54	7.06	
744	2011-06-10	8.9	8.94	8.46	8.61	20472	3.9	300100	双林股份	SZ	8.94	4.05	
744	2011-06-10	12.65	13.23	12.48	13.1	19485	6.53	300101	国腾电子	SZ	12.62	6.29	
744	2011-06-10	30.08	30.2	29.32	30.04	2981	28.75	300102	乾照光电	SZ	30.08	28.79	
742	2011-06-10	8.03	8.16	7.78	8.06	4959	4.37	300103	达刚路机	SZ	8.17	4.42	
742	2011-06-10	6.01	6.37	5.95	6.22	110446	1.71	300104	乐视网	SZ	6.13	1.69	
744	2011-06-10	26.93	26.94	25.89	26.56	4026	14.65	300105	龙源技术	SZ	26.94	14.87	
742	2011-06-10	15.15	15.28	14.69	14.95	5716	14.86	300106	西部牧业	SZ	15.17	15.08	
744	2011-06-10	36.46	36.46	35.96	36.42	2028	18.11	300107	建新股份	SZ	36.38	18.09	
743	2011-06-10	12.6	12.85	12	12.72	33419	6.18	300108	双龙股份	SZ	12.81	6.23	
744	2011-06-10	12.39	12.45	11.87	12.17	3182	8	300109	新开源	SZ	12.38	8.14	
743	2011-06-10	9.24	9.32	9.04	9.17	37703	4.17	300111	向日葵	SZ	9.31	4.23	
744	2011-06-10	8.35	8.35	8.07	8.22	2567	5.41	300112	万讯自控	SZ	8.29	5.45	
743	2011-06-10	23.5	23.72	23.04	23.5	2414	23.16	300113	顺网科技	SZ	23.68	23.34	
743	2011-06-10	13.85	14.08	13.81	13.97	2439	10.63	300114	中航电测	SZ	13.82	10.51	
743	2011-06-10	15.83	15.99	15.67	15.87	2370	10.51	300115	长盈精密	SZ	15.87	10.51	
743	2011-06-10	9.4	9.4	8.9	9.32	12380	4.66	300116	坚瑞消防	SZ	9.15	4.57	
741	2011-06-10	12.9	13.23	12.8	13.08	7610	13.01	300117	嘉寓股份	SZ	12.9	12.83	
743	2011-06-10	13.46	13.59	13.19	13.58	25687	8.39	300118	东方日升	SZ	13.46	8.32	
743	2011-06-10	32.74	32.74	31.61	32.07	5856	11.95	300119	瑞普生物	SZ	32.69	12.19	
743	2011-06-10	9.59	9.59	9.25	9.49	4232	6.14	300120	经纬电材	SZ	9.49	6.13	
744	2011-06-10	10.46	10.64	10.46	10.54	1185	8.02	300121	阳谷华泰	SZ	10.5	7.99	
743	2011-06-10	28.03	28.75	27.61	28.51	7382	28.05	300122	智飞生物	SZ	28.2	27.75	
742	2011-06-10	18.2	19	18.11	18.41	4291	18.17	300123	太阳鸟	SZ	18.19	17.95	
742	2011-06-10	38.61	39.16	38.34	38.99	4300	21.31	300124	汇川技术	SZ	38.7	21.16	
744	2011-06-10	25	25.57	24.81	25.47	3684	25.43	300125	易世达	SZ	25	24.96	
744	2011-06-10	13.87	13.95	13.61	13.9	3242	13.21	300126	锐奇股份	SZ	13.95	13.26	
744	2011-06-10	34.34	34.54	33.2	33.98	6718	16.09	300127	银河磁体	SZ	34.42	16.3	
744	2011-06-10	8.78	8.93	8.57	8.75	5785	4.19	300128	锦富新材	SZ	8.9	4.26	
744	2011-06-10	9.07	9.17	8.73	8.96	17574	5.88	300129	泰胜风能	SZ	9.08	5.96	
742	2011-06-10	19.31	19.7	18.81	19.45	3732	19.27	300130	新国都	SZ	19.3	19.12	
741	2011-06-10	9.37	9.65	9.37	9.64	6487	4.7	300131	英唐智控	SZ	9.46	4.61	
743	2011-06-10	9.55	9.56	9.29	9.48	1959	5.76	300132	青松股份	SZ	9.38	5.7	
741	2011-06-10	7.46	7.46	7.31	7.41	2630	1.45	300133	华策影视	SZ	7.46	1.46	
742	2011-06-10	27.67	28.09	27.52	28.09	6549	14.05	300134	大富科技	SZ	27.84	13.92	
742	2011-06-10	4.86	4.87	4.65	4.74	16991	1.41	300135	宝利沥青	SZ	4.84	1.44	
744	2011-06-10	19.5	19.65	18.8	19.1	7088	18.97	300136	信维通信	SZ	19.58	19.45	
744	2011-06-10	11.46	11.5	11.08	11.31	14272	8.66	300137	先河环保	SZ	11.58	8.86	
742	2011-06-10	14.36	14.65	14.16	14.36	5004	7	300138	晨光生物	SZ	14.51	7.07	
741	2011-06-10	23.4	23.45	22.85	23.44	3244	11.48	300139	福星晓程	SZ	23.45	11.26	
743	2011-06-10	14.48	14.69	14.31	14.5	2623	14.31	300140	启源装备	SZ	14.53	14.34	
744	2011-06-10	8.86	8.95	8.54	8.78	7052	2.82	300141	和顺电气	SZ	8.86	2.85	
742	2011-06-10	46.51	46.81	45.67	46.02	4602	37.63	300142	沃森生物	SZ	46.51	38.03	
743	2011-06-10	21.02	21.3	20.31	20.8	11386	20.49	300143	星河生物	SZ	21.1	20.79	
742	2011-06-10	13.34	13.41	13.11	13.31	13791	8.65	300144	宋城股份	SZ	13.34	8.67	
743	2011-06-10	17.2	17.56	17.11	17.32	9864	17.1	300145	南方泵业	SZ	17.32	17.1	
742	2011-06-10	8.14	8.26	8.08	8.25	9899	1.23	300146	汤臣倍健	SZ	8.17	1.21	
742	2011-06-10	8.47	8.55	8.43	8.54	6417	5.26	300147	香雪制药	SZ	8.51	5.24	
740	2011-06-10	8.41	8.46	8.22	8.34	7658	3.52	300148	天舟文化	SZ	8.43	3.56	
743	2011-06-10	8.23	8.6	8.07	8.53	23975	5.61	300149	量子高科	SZ	8.25	5.43	
743	2011-06-10	13.6	13.98	13.34	13.97	20900	6.21	300150	世纪瑞尔	SZ	13.55	6.03	
742	2011-06-10	14.91	14.96	14.53	14.71	1981	14.22	300151	昌红科技	SZ	14.9	14.4	
743	2011-06-10	12.69	12.77	12.04	12.32	19650	5.34	300152	燃控科技	SZ	12.74	5.52	
742	2011-06-10	12.49	12.49	12.2	12.31	3068	12	300153	科泰电源	SZ	12.51	12.19	
742	2011-06-10	14.88	14.9	14.57	14.81	6088	14.38	300154	瑞凌股份	SZ	14.99	14.55	
744	2011-06-10	11.93	12.08	11.51	11.82	12684	11.47	300155	安居宝	SZ	11.95	11.59	
741	2011-06-10	13.86	13.87	13.28	13.64	15825	7.48	300156	天立环保	SZ	13.92	7.63	
723	2011-06-10	14.02	14.07	13.9	14.03	2056	6.9	300157	恒泰艾普	SZ	14.02	6.89	
743	2011-06-10	14.9	15.2	14.5	15.09	5439	7.53	300158	振东制药	SZ	15	7.48	
743	2011-06-10	33.66	34.4	32.55	34.4	4786	8.35	300159	新研股份	SZ	34.14	8.29	
744	2011-06-10	15.2	15.38	14.95	15.35	8227	7.31	300160	秀强股份	SZ	15.29	7.28	
742	2011-06-10	12.07	12.16	11.88	12.06	4609	5.87	300162	雷曼光电	SZ	12.11	5.89	
742	2011-06-10	19.7	20.02	19.38	19.94	1071	19.43	300163	先锋新材	SZ	20.02	19.5	
743	2011-06-10	9.65	9.65	9.34	9.49	3421	3.03	300164	通源石油	SZ	9.77	2.48	
744	2011-06-10	18.62	18.62	18.37	18.61	1627	13.82	300165	天瑞仪器	SZ	18.62	13.82	
743	2011-06-10	14	14.15	14	14.13	3844	4.65	300166	东方国信	SZ	14.06	4.63	
744	2011-06-10	7.7	7.82	7.64	7.82	3054	2.57	300167	迪威视讯	SZ	7.73	2.54	
742	2011-06-10	10.2	10.28	10.14	10.26	4988	5.07	300168	万达信息	SZ	10.2	5.04	
742	2011-06-10	13.49	13.99	13.36	13.98	16370	6.81	300169	天晟新材	SZ	13.55	6.61	
743	2011-06-10	10.76	10.83	10.57	10.78	3257	7.1	300170	汉得信息	SZ	10.73	7.07	
743	2011-06-10	30.85	31.54	30.77	31.47	3208	23.32	300171	东富龙	SZ	30.92	22.92	
744	2011-06-10	14.76	14.76	14.3	14.49	7839	8.4	300172	中电环保	SZ	14.77	8.56	
742	2011-06-10	10.43	10.48	10.08	10.27	5356	7.81	300173	松德股份	SZ	10.42	7.92	
743	2011-06-10	11.98	11.98	11.72	11.91	1098	5.78	300174	元力股份	SZ	11.93	5.78	
742	2011-06-10	3.68	3.76	3.68	3.72	13120	0.84	300175	朗源股份	SZ	3.72	0.84	
742	2011-06-10	12.78	12.81	12.54	12.75	2992	10.32	300176	鸿特精密	SZ	12.84	10.4	
739	2011-06-10	9.42	9.64	9.4	9.55	9741	2.37	300177	中海达	SZ	9.43	2.34	
744	2011-06-10	18.31	18.55	17.88	18.29	3335	17.96	300178	腾邦国际	SZ	18.34	18.01	
743	2011-06-10	9.41	9.5	9.33	9.44	2271	3.44	300179	四方达	SZ	9.44	3.44	
744	2011-06-10	15	15.1	14.67	15	6863	14.69	300180	华峰超纤	SZ	15.1	14.79	
744	2011-06-10	5	5	4.9	4.96	6002	1.19	300181	佐力药业	SZ	5.01	1.2	
744	2011-06-10	14.57	14.87	14.05	14.62	15110	7.25	300182	捷成股份	SZ	14.72	7.3	
744	2011-06-10	19.45	19.95	19.32	19.91	14349	8.66	300183	东软载波	SZ	19.55	8.51	
742	2011-06-10	17.36	17.58	17.18	17.22	3559	7.18	300184	力源信息	SZ	17.52	7.31	
743	2011-06-10	6.67	6.71	6.35	6.5	93537	2.45	300185	通裕重工	SZ	6.68	2.52	
743	2011-06-10	8.13	8.13	7.39	7.6	98339	3.35	300186	大华农	SZ	8.14	3.58	
744	2011-06-10	16.66	16.67	16.2	16.3	23147	5.38	300187	永清环保	SZ	16.67	5.5	
742	2011-06-10	4.3	4.34	4.25	4.31	41096	4.15	301	东方市场	SZ	4.3	4.14	
743	2011-06-10	5.63	5.71	5.62	5.68	41365	5.59	31	中粮地产	SZ	5.62	5.53	
743	2011-06-10	8.2	8.29	8.11	8.26	12837	8.03	32	深桑达Ａ	SZ	8.25	8.02	
738	2011-06-10	6.26	6.38	6.15	6.35	61439	6.35	33	新都酒店	SZ	6.35	6.35	
744	2011-06-10	37.21	37.9	37.07	37.64	71581	30.31	338	潍柴动力	SZ	37.29	30.03	
743	2011-06-10	7.35	7.37	7.06	7.22	25634	7.22	34	ST深泰	SZ	7.34	7.34	
735	2011-06-10	7.61	7.71	7.5	7.57	9587	6.01	35	*ST科健	SZ	7.64	6.06	
744	2011-06-10	3.77	3.83	3.71	3.81	36684	3.81	36	华联控股	SZ	3.8	3.8	
740	2011-06-10	5.28	5.36	5.13	5.25	40976	5.25	37	深南电Ａ	SZ	5.29	5.29	
742	2011-06-10	20.02	20.44	19.84	20.22	97787	19.3	39	中集集团	SZ	20.1	19.18	
744	2011-06-10	15.06	15.36	13.91	14.16	201779	14.16	4	ST国农	SZ	15.46	15.46	
743	2011-06-10	22.77	22.91	21.99	22.46	19708	17.05	400	许继电气	SZ	22.62	17.17	
742	2011-06-10	21.5	21.69	21.08	21.51	70295	21.28	401	冀东水泥	SZ	21.56	21.33	
743	2011-06-10	6.94	7.06	6.88	6.98	167747	6.53	402	金 融 街	SZ	6.91	6.47	
