674	2011-09-19	10.51	10.51	10.35	10.38	169597	6.33	000001	深发展Ａ	SZ	10.62	6.49	
674	2011-09-19	8	8.02	7.7	7.78	607367	7.22	000002	万 科Ａ	SZ	8.06	7.48	
674	2011-09-19	12.06	12.06	11.68	11.85	10174	11.85	000004	ST国农	SZ	12.08	12.08	
674	2011-09-19	8.87	8.88	8.6	8.6	36704	8.6	000011	深物业A	SZ	8.96	8.96	
674	2011-09-19	14.78	14.8	14.41	14.45	58958	13.53	000012	南 玻Ａ	SZ	14.85	13.91	
673	2011-09-19	6.76	6.81	6.62	6.77	10537	6.74	000014	沙河股份	SZ	6.77	6.74	
674	2011-09-19	3.78	3.78	3.6	3.62	68263	3.6	000016	深康佳Ａ	SZ	3.78	3.76	
674	2011-09-19	5.24	5.28	5.08	5.09	31685	5.09	000017	*ST中华A	SZ	5.25	5.25	
673	2011-09-19	7.65	7.65	7.42	7.44	6415	7.44	000018	ST中冠A	SZ	7.63	7.63	
673	2011-09-19	10.08	10.08	9.75	9.94	12177	9.69	000019	深深宝Ａ	SZ	10.07	9.82	
673	2011-09-19	7.52	7.58	7.34	7.34	4651	7.34	000020	深华发Ａ	SZ	7.58	7.58	
674	2011-09-19	6.93	6.99	6.8	6.99	36888	6.86	000021	长城开发	SZ	7	6.87	
673	2011-09-19	11.8	11.8	11.61	11.68	5112	10.94	000022	深赤湾Ａ	SZ	11.88	11.13	
674	2011-09-19	7.76	7.76	7.58	7.6	3193	7.54	000023	深天地Ａ	SZ	7.78	7.71	
674	2011-09-19	18.76	18.76	18.05	18.07	59210	17.78	000024	招商地产	SZ	18.82	18.52	
674	2011-09-19	9.2	9.2	9	9.09	4168	9.09	000025	特 力Ａ	SZ	9.26	9.26	
674	2011-09-19	17.8	17.86	17.35	17.7	16194	17.34	000026	飞亚达Ａ	SZ	17.79	17.43	
674	2011-09-19	6.6	6.6	6.39	6.4	29726	6.22	000027	深圳能源	SZ	6.63	6.45	
673	2011-09-19	26.1	26.1	25.13	25.29	5914	25.05	000028	一致药业	SZ	26.1	25.85	
674	2011-09-19	4.64	4.64	4.54	4.55	11933	4.55	000029	深深房Ａ	SZ	4.64	4.64	
672	2011-09-19	19.82	19.82	19.5	19.82	60561	19.82	000030	*ST盛润A	SZ	18.88	18.88	
674	2011-09-19	4.89	4.9	4.8	4.8	32672	4.74	000031	中粮地产	SZ	4.9	4.84	
673	2011-09-19	7.71	7.8	7.55	7.65	6462	7.51	000032	深桑达Ａ	SZ	7.74	7.6	
674	2011-09-19	6.23	6.25	5.94	5.94	71592	5.94	000033	新都酒店	SZ	6.26	6.26	
674	2011-09-19	7.29	7.41	7.02	7.1	34406	7.1	000034	ST深泰	SZ	7.39	7.39	
666	2011-09-19	8.79	8.84	8.42	8.42	52302	6.68	000035	*ST科健	SZ	8.86	7.03	
674	2011-09-19	3.29	3.29	3.21	3.23	30248	3.23	000036	华联控股	SZ	3.31	3.31	
671	2011-09-19	4.95	4.95	4.82	4.87	13583	4.87	000037	深南电Ａ	SZ	4.95	4.95	
673	2011-09-19	15.92	15.92	15.49	15.51	107875	14.8	000039	中集集团	SZ	15.92	15.19	
674	2011-09-19	4.8	4.8	4.67	4.69	15552	4.62	000040	深 鸿 基	SZ	4.81	4.73	
674	2011-09-19	2.19	2.19	2.11	2.12	1635041	2.01	000100	TCL 集团	SZ	2.2	2.08	
674	2011-09-19	4.85	4.96	4.78	4.78	5813	4.78	000150	宜华地产	SZ	4.91	4.91	
672	2011-09-19	8.88	9.01	8.82	8.96	13767	8.9	000151	中成股份	SZ	9.03	8.97	
674	2011-09-19	8.1	8.28	8.05	8.18	24031	8.1	000153	丰原药业	SZ	8.14	8.06	
674	2011-09-19	6.85	7.09	6.76	6.96	87448	6.96	000155	川化股份	SZ	6.9	6.9	
673	2011-09-19	9.98	10.02	9.77	9.83	202388	9.27	000157	中联重科	SZ	10.02	9.45	
674	2011-09-19	5.99	5.99	5.83	5.92	15695	5.92	000158	常山股份	SZ	5.99	5.99	
674	2011-09-19	10.8	10.8	10.61	10.63	16431	10.36	000159	国际实业	SZ	10.88	10.61	
674	2011-09-19	3.47	3.48	3.4	3.4	24978	3.32	000301	东方市场	SZ	3.49	3.41	
674	2011-09-19	32.97	33.08	32.52	32.66	40686	26.56	000338	潍柴动力	SZ	33.05	26.88	
674	2011-09-19	19.09	19.09	18.54	18.6	17063	14.17	000400	许继电气	SZ	19.14	14.58	
673	2011-09-19	15.5	15.7	15.21	15.41	39679	15.24	000401	冀东水泥	SZ	15.65	15.48	
674	2011-09-19	6.52	6.53	6.4	6.4	142018	6.17	000402	金 融 街	SZ	6.57	6.34	
673	2011-09-19	5.91	5.95	5.74	5.75	29776	5.55	001696	宗申动力	SZ	5.95	5.75	
674	2011-09-19	7.59	7.59	7.29	7.33	33414	7.33	001896	*ST豫能	SZ	7.57	7.57	
671	2011-09-19	24.54	24.54	24.07	24.52	39394	23.31	002001	新 和 成	SZ	24.54	23.33	
646	2011-09-19	7.78	7.94	7.61	7.79	32739	7.79	002002	ST琼花	SZ	7.75	7.75	
673	2011-09-19	23.19	23.26	22.07	22.41	9662	14.63	002003	伟星股份	SZ	23.34	15.23	
673	2011-09-19	15.29	15.33	15.19	15.23	1700	4.82	002004	华邦制药	SZ	15.27	4.83	
674	2011-09-19	7.55	7.61	7.53	7.53	17966	3.73	002005	德豪润达	SZ	7.58	3.75	
674	2011-09-19	23	23	21.79	21.8	100639	14.44	002006	精功科技	SZ	23.22	15.39	
674	2011-09-19	25.35	25.68	24.9	25	32818	24.8	002007	华兰生物	SZ	25.5	25.3	
674	2011-09-19	9.39	9.39	9.19	9.19	64106	8.83	002008	大族激光	SZ	9.47	9.1	
673	2011-09-19	14.57	14.57	14.1	14.15	8804	14.1	002009	天奇股份	SZ	14.55	14.5	
674	2011-09-19	9	9.11	8.81	8.81	13759	8.66	002010	传化股份	SZ	9.06	8.9	
674	2011-09-19	13	13.28	12.93	13.11	19245	12.89	002011	盾安环境	SZ	13.18	12.96	
674	2011-09-19	7.2	7.53	7.2	7.4	60811	3.57	002012	凯恩股份	SZ	7.34	3.54	
674	2011-09-19	15.27	15.55	14.85	14.85	35322	11.37	002013	中航精机	SZ	15.58	11.93	
673	2011-09-19	10.33	10.53	10.13	10.32	23287	6.29	002014	永新股份	SZ	10.33	6.3	
673	2011-09-19	8.93	9	8.74	8.75	16341	8.74	002015	霞客环保	SZ	9	8.99	
674	2011-09-19	5.77	5.82	5.54	5.54	33247	3.89	002016	世荣兆业	SZ	5.85	4.11	
674	2011-09-19	14.82	14.9	14.35	14.35	14272	14.29	002017	东信和平	SZ	14.92	14.86	
670	2011-09-19	4.86	4.87	4.7	4.7	32906	3.19	002018	华星化工	SZ	4.89	3.32	
673	2011-09-19	14.8	14.8	14.5	14.54	7318	14.54	002019	鑫富药业	SZ	14.93	14.93	
674	2011-09-19	10.72	10.72	10.52	10.52	2492	5.07	002020	京新药业	SZ	10.72	5.17	
674	2011-09-19	4.38	4.38	4.28	4.28	39865	3.26	002021	中捷股份	SZ	4.39	3.34	
674	2011-09-19	12.54	12.61	12.42	12.46	12477	11.69	002022	科华生物	SZ	12.61	11.83	
674	2011-09-19	14.24	14.56	14	14.04	14679	13.74	002023	海特高新	SZ	14.58	14.27	
674	2011-09-19	10.9	10.91	10.6	10.67	243887	10.44	002024	苏宁电器	SZ	10.93	10.69	
674	2011-09-19	12.69	12.88	12.35	12.46	48497	12.22	002025	航天电器	SZ	12.69	12.45	
674	2011-09-19	7.05	7.1	6.92	7.02	8698	5.29	002026	山东威达	SZ	7.05	5.32	
674	2011-09-19	5.46	5.46	5.3	5.31	5490	5.31	002027	七喜控股	SZ	5.46	5.46	
674	2011-09-19	14.23	14.25	13.86	13.87	12986	13.7	002028	思源电气	SZ	14.25	14.08	
673	2011-09-19	15.94	16.14	15.48	15.95	2788	6.95	002029	七 匹 狼	SZ	15.86	6.91	
673	2011-09-19	6.55	6.59	6.5	6.52	23834	4.92	002030	达安基因	SZ	6.63	5	
671	2011-09-19	7	7	6.74	6.76	16279	6.66	002031	巨轮股份	SZ	6.99	6.89	
673	2011-09-19	20.09	20.09	19.68	19.92	1121	17.37	002032	苏 泊 尔	SZ	20.09	17.52	
674	2011-09-19	18.17	18.18	17.6	17.66	16931	13.22	002033	丽江旅游	SZ	18.35	13.74	
674	2011-09-19	20.99	20.99	20.25	20.25	17845	19.38	002034	美 欣 达	SZ	21.12	20.21	
673	2011-09-19	12.53	12.64	12.44	12.57	20896	9.03	002035	华帝股份	SZ	12.53	9.01	
674	2011-09-19	17.25	17.26	16.82	16.83	8490	16.66	002036	宜科科技	SZ	17.2	17.03	
670	2011-09-19	14.18	14.18	13.86	13.96	3136	8.49	002037	久联发展	SZ	14.18	8.62	
673	2011-09-19	28.17	28.25	27.58	28.21	9988	23.26	002038	双鹭药业	SZ	28.42	23.43	
674	2011-09-19	16.49	16.49	16.08	16.16	2612	16.03	002039	黔源电力	SZ	16.42	16.28	
674	2011-09-19	7.18	7.18	6.99	7.04	5371	6.97	002040	南 京 港	SZ	7.17	7.1	
673	2011-09-19	29	29.79	28.97	29.1	45180	28.87	002041	登海种业	SZ	29.14	28.91	
674	2011-09-19	7.47	7.47	7.27	7.28	30996	4.76	002042	华孚色纺	SZ	7.54	4.93	
673	2011-09-19	4.49	4.5	4.43	4.45	14239	2.17	002043	兔 宝 宝	SZ	4.49	2.19	
674	2011-09-19	12.29	12.29	11.83	11.95	6375	11.52	002044	江苏三友	SZ	12.31	11.86	
674	2011-09-19	8.43	8.43	7.86	8.25	157120	7.9	002045	广州国光	SZ	8.49	8.13	
674	2011-09-19	9.31	9.34	8.9	8.93	14808	4.39	002046	轴研科技	SZ	9.34	4.59	
674	2011-09-19	4.34	4.34	4.18	4.2	22026	4.2	002047	成霖股份	SZ	4.34	4.34	
673	2011-09-19	10.42	10.46	10.14	10.14	30292	9.99	002048	宁波华翔	SZ	10.42	10.26	
674	2011-09-19	19.41	20.16	19.4	19.91	4746	19.76	002049	晶源电子	SZ	19.96	19.81	
674	2011-09-19	15	15.1	14.89	14.94	2562	7.15	002050	三花股份	SZ	15.1	7.23	
673	2011-09-19	21.04	21.22	20.77	20.92	8330	15.76	002051	中工国际	SZ	21.18	15.95	
673	2011-09-19	5.44	5.56	5.42	5.48	56452	2.71	002052	同洲电子	SZ	5.44	2.69	
673	2011-09-19	13.36	13.85	13.32	13.55	49322	13.48	002053	云南盐化	SZ	13.47	13.4	
672	2011-09-19	9.32	9.32	8.95	9.02	14147	4.44	002055	得润电子	SZ	9.3	4.59	
674	2011-09-19	24.58	24.58	23.7	23.73	28545	23.71	002056	横店东磁	SZ	24.69	24.67	
673	2011-09-19	17.7	18.25	17.7	18.04	7172	18.04	002057	中钢天源	SZ	18.05	18.05	
674	2011-09-19	7.97	7.98	7.83	7.85	6399	6.74	002058	威 尔 泰	SZ	7.96	6.83	
674	2011-09-19	13.45	13.45	12.86	13.08	57972	12.96	002059	云南旅游	SZ	13.46	13.33	
673	2011-09-19	6.98	6.98	6.77	6.78	38773	4.66	002060	粤 水 电	SZ	6.96	4.79	
674	2011-09-19	8.27	8.32	8	8	41048	5.26	002061	江山化工	SZ	8.37	5.51	
674	2011-09-19	7.58	7.58	7.27	7.35	12522	4	002062	宏润建设	SZ	7.59	4.13	
674	2011-09-19	15.48	15.62	15.26	15.37	7556	11.52	002063	远光软件	SZ	15.55	11.66	
674	2011-09-19	7.68	7.83	7.6	7.64	17019	7.54	002064	华峰氨纶	SZ	7.71	7.61	
674	2011-09-19	16.02	16.3	15.62	16.14	10614	12.17	002065	东华软件	SZ	16.17	12.2	
674	2011-09-19	7.35	7.64	7.34	7.51	43335	3.65	002066	瑞泰科技	SZ	7.3	3.55	
674	2011-09-19	3.36	3.36	3.32	3.34	40488	1.67	002067	景兴纸业	SZ	3.38	1.69	
674	2011-09-19	26.66	27.11	26	26.97	23585	25.91	002069	獐 子 岛	SZ	26.85	25.8	
674	2011-09-19	3.37	3.39	3.33	3.34	23832	1.97	002070	众和股份	SZ	3.38	1.99	
674	2011-09-19	10.45	10.57	10.17	10.19	13767	10.14	002071	江苏宏宝	SZ	10.51	10.46	
674	2011-09-19	11.09	11.2	10.72	10.86	5750	10.86	002072	*ST德棉	SZ	11.09	11.09	
674	2011-09-19	19.99	20.08	19.63	20	27721	19.84	002073	软控股份	SZ	20.06	19.9	
674	2011-09-19	8.48	8.5	8.17	8.29	36489	8.14	002074	东源电器	SZ	8.52	8.36	
674	2011-09-19	8.09	8.09	7.91	7.91	6914	7.65	002076	雪 莱 特	SZ	8.13	7.86	
659	2011-09-19	10.8	10.83	10.49	10.49	5766	10.36	002077	大港股份	SZ	10.63	10.5	
674	2011-09-19	9.11	9.11	9	9	18212	8.68	002078	太阳纸业	SZ	9.13	8.8	
674	2011-09-19	8.54	8.76	8.46	8.62	14567	4.72	002079	苏州固锝	SZ	8.71	4.77	
673	2011-09-19	16.5	16.65	16.01	16.12	131078	15.74	002080	中材科技	SZ	16.66	16.26	
674	2011-09-19	18.8	18.8	18.32	18.62	10697	8.16	002081	金 螳 螂	SZ	18.82	8.24	
674	2011-09-19	12.82	12.9	12.51	12.51	30036	12.08	002082	栋梁新材	SZ	13	12.55	
674	2011-09-19	7.75	7.78	7.65	7.68	26243	7.58	002083	孚日股份	SZ	7.76	7.66	
674	2011-09-19	4.64	4.64	4.5	4.51	10931	3.6	002084	海鸥卫浴	SZ	4.64	3.71	
673	2011-09-19	12.14	12.29	11.95	12.06	10610	10.76	002085	万丰奥威	SZ	12.14	10.83	
674	2011-09-19	13.98	14.44	13.75	14.06	50061	13.84	002086	东方海洋	SZ	14.24	14.02	
674	2011-09-19	4.42	4.42	4.29	4.3	42660	4.26	002087	新野纺织	SZ	4.44	4.4	
673	2011-09-19	14.92	14.92	14.5	14.5	6824	14.19	002088	鲁阳股份	SZ	14.92	14.6	
674	2011-09-19	10.35	10.35	10.12	10.12	7235	8.25	002089	新 海 宜	SZ	10.38	8.46	
674	2011-09-19	10.3	10.3	9.9	9.96	10718	9.79	002090	金智科技	SZ	10.28	10.11	
674	2011-09-19	15.3	15.3	14.78	14.79	15343	14.49	002091	江苏国泰	SZ	15.38	15.07	
673	2011-09-19	10.8	10.82	10.54	10.54	48676	10.08	002092	中泰化学	SZ	10.83	10.36	
674	2011-09-19	6.55	6.57	6.4	6.41	19254	6.4	002093	国脉科技	SZ	6.58	6.57	
674	2011-09-19	16.58	16.65	16.18	16.2	11676	16.2	002094	青岛金王	SZ	16.57	16.57	
674	2011-09-19	16.7	16.78	16.23	16.36	12083	16.17	002095	生 意 宝	SZ	16.86	16.67	
674	2011-09-19	11.51	11.63	11.32	11.46	11414	11.36	002097	山河智能	SZ	11.56	11.46	
674	2011-09-19	11.88	11.98	11.67	11.79	3277	11.25	002098	浔兴股份	SZ	12.01	11.46	
674	2011-09-19	11.38	11.38	11.09	11.14	3265	5.43	002099	海翔药业	SZ	11.38	5.55	
674	2011-09-19	10.53	10.81	10.15	10.33	33660	7.81	002100	天康生物	SZ	10.77	8.14	
673	2011-09-19	15.62	15.62	15.02	15.27	4150	14.95	002101	广东鸿图	SZ	15.59	15.26	
673	2011-09-19	10.25	10.74	10.19	10.31	175868	10.31	002102	冠福家用	SZ	10.4	10.4	
674	2011-09-19	7.39	7.39	7.21	7.24	3282	7.07	002103	广博股份	SZ	7.39	7.22	
674	2011-09-19	11.38	11.38	10.87	10.98	38571	10.86	002104	恒宝股份	SZ	11.38	11.25	
674	2011-09-19	6.48	6.48	6.26	6.27	7271	6.03	002105	信隆实业	SZ	6.49	6.24	
674	2011-09-19	28.9	28.9	26.89	27.1	87384	26.7	002106	莱宝高科	SZ	28.98	28.55	
674	2011-09-19	12.42	12.56	12.33	12.51	5229	12.51	002107	沃华医药	SZ	12.51	12.51	
674	2011-09-19	9.15	9.38	9.15	9.18	23579	8.93	002108	沧州明珠	SZ	9.24	8.98	
669	2011-09-19	13.11	13.28	12.48	12.6	287846	12.16	002109	兴化股份	SZ	13.13	12.68	
673	2011-09-19	8.34	8.34	8.16	8.16	15056	8.15	002110	三钢闽光	SZ	8.4	8.39	
673	2011-09-19	5.91	5.91	5.76	5.77	6754	3.2	002112	三变科技	SZ	5.91	3.27	
674	2011-09-19	9.16	9.25	8.92	8.95	20192	8.95	002113	ST天润	SZ	9.13	9.13	
674	2011-09-19	11.8	11.93	11.65	11.75	9765	11.75	002114	罗平锌电	SZ	11.8	11.8	
673	2011-09-19	8.81	8.81	8.58	8.59	10863	4.62	002115	三维通信	SZ	8.82	4.74	
674	2011-09-19	9.94	10.09	9.85	9.87	1712	5.26	002116	中国海诚	SZ	10.04	5.35	
672	2011-09-19	11.72	11.72	11.26	11.26	10833	6.61	002117	东港股份	SZ	11.74	6.9	
673	2011-09-19	8.71	8.72	8.5	8.5	7770	8.45	002119	康强电子	SZ	8.74	8.69	
673	2011-09-19	9.37	9.37	9.1	9.1	5681	8.95	002120	新海股份	SZ	9.37	9.22	
674	2011-09-19	13.35	13.35	12.7	12.75	28061	12.66	002121	科陆电子	SZ	13.43	13.34	
674	2011-09-19	9.46	9.5	9.19	9.2	41921	8.92	002122	天马股份	SZ	9.56	9.27	
674	2011-09-19	22	22.09	21.5	21.57	8950	21.57	002123	荣信股份	SZ	22.2	22.2	
674	2011-09-19	8.5	8.51	8.22	8.26	14853	8.07	002124	天邦股份	SZ	8.51	8.31	
674	2011-09-19	12.84	12.89	12.51	12.54	8833	7.81	002125	湘潭电化	SZ	12.94	8.06	
674	2011-09-19	8.75	8.84	8.63	8.63	5133	4.26	002126	银轮股份	SZ	8.85	4.37	
674	2011-09-19	7.72	7.72	7.36	7.37	37919	7.34	002127	新民科技	SZ	7.78	7.75	
674	2011-09-19	17.25	17.25	16.88	16.94	18294	16.15	002128	露天煤业	SZ	17.27	16.46	
674	2011-09-19	18.13	18.13	17.2	17.45	31996	17.44	002129	中环股份	SZ	18.22	18.2	
674	2011-09-19	6.75	6.75	6.62	6.63	20280	3.35	002130	沃尔核材	SZ	6.8	3.44	
670	2011-09-19	14.56	14.69	13.93	14.01	11085	13.94	002131	利欧股份	SZ	14.63	14.56	
673	2011-09-19	9.28	9.28	8.96	8.96	48551	8.86	002132	恒星科技	SZ	9.35	9.25	
674	2011-09-19	4.12	4.12	3.98	3.98	7875	3.14	002133	广宇集团	SZ	4.08	3.22	
673	2011-09-19	9.22	9.37	9.21	9.26	16253	9.26	002134	天津普林	SZ	9.3	9.3	
673	2011-09-19	5.22	5.23	4.99	5	22068	2.76	002135	东南网架	SZ	5.2	2.87	
673	2011-09-19	18.43	19.25	18.1	18.43	214630	9.15	002136	安 纳 达	SZ	18.61	9.24	
674	2011-09-19	6.11	6.2	6.02	6.05	16277	4.41	002137	实 益 达	SZ	6.23	4.54	
673	2011-09-19	11.52	11.61	11.11	11.17	15475	7.27	002138	顺络电子	SZ	11.61	7.56	
674	2011-09-19	13.51	13.52	12.93	12.97	29929	11.37	002139	拓邦股份	SZ	13.56	11.88	
674	2011-09-19	27.15	27.5	27	27.5	7707	27.31	002140	东华科技	SZ	27.5	27.31	
673	2011-09-19	6.81	6.81	6.71	6.73	5046	6.73	002141	蓉胜超微	SZ	6.88	6.88	
672	2011-09-19	9.61	9.64	9.38	9.41	93881	9	002142	宁波银行	SZ	9.68	9.26	
673	2011-09-19	6.96	6.96	6.82	6.87	6384	5.22	002143	高金食品	SZ	7.01	5.32	
673	2011-09-19	14.83	14.83	14.6	14.7	11102	14.39	002144	宏达高科	SZ	14.83	14.51	
647	2011-09-19	13.6	13.98	13.05	13.11	262147	13.11	002145	*ST钛白	SZ	13.31	13.31	
674	2011-09-19	8.11	8.11	7.89	7.9	38708	7.77	002146	荣盛发展	SZ	8.13	7.99	
674	2011-09-19	12.66	12.74	12.49	12.52	5548	12.11	002147	方圆支承	SZ	12.69	12.27	
674	2011-09-19	9.02	9.2	8.81	8.94	61772	4.4	002148	北纬通信	SZ	9.05	4.45	
673	2011-09-19	20.22	21.36	20.02	20.73	96511	20.64	002149	西部材料	SZ	20.51	20.42	
674	2011-09-19	8.44	8.44	8.22	8.24	7795	7.96	002150	江苏通润	SZ	8.49	8.21	
673	2011-09-19	23.17	23.57	22.95	23.18	8258	19.2	002151	北斗星通	SZ	23.17	19.19	
674	2011-09-19	17.8	17.8	17.49	17.54	3724	10.16	002152	广电运通	SZ	17.86	10.35	
674	2011-09-19	30.21	30.58	29.2	30	4682	29.6	002153	石基信息	SZ	30.34	29.93	
672	2011-09-19	13.9	13.95	13.6	13.8	6014	13.34	002154	报 喜 鸟	SZ	13.97	13.5	
674	2011-09-19	16.58	16.59	15.88	15.89	109694	8.59	002155	辰州矿业	SZ	16.51	8.92	
674	2011-09-19	7.65	7.65	7.35	7.35	22107	7.3	002156	通富微电	SZ	7.66	7.6	
674	2011-09-19	11.88	11.95	11.5	11.51	26278	11.32	002157	正邦科技	SZ	11.88	11.68	
674	2011-09-19	18.02	18.33	17.65	17.69	5042	15.26	002158	汉钟精机	SZ	18.25	15.75	
674	2011-09-19	16.41	16.68	16.15	16.37	4928	16.28	002159	三特索道	SZ	16.72	16.62	
674	2011-09-19	9.57	9.57	9.28	9.3	31087	4.58	002161	远 望 谷	SZ	9.6	4.73	
674	2011-09-19	10	10.48	9.76	10.39	88526	10.39	002162	斯 米 克	SZ	10.27	10.27	
674	2011-09-19	6.33	6.41	6.25	6.27	36426	6.21	002163	中航三鑫	SZ	6.36	6.3	
673	2011-09-19	7.05	7.06	6.69	6.73	56702	6.69	002164	东力传动	SZ	7.08	7.04	
673	2011-09-19	8.47	8.61	8.21	8.21	45940	4.43	002165	红 宝 丽	SZ	8.58	4.63	
674	2011-09-19	17.68	17.88	17.31	17.47	7194	17.47	002166	莱茵生物	SZ	17.72	17.72	
674	2011-09-19	19.04	19.21	18.65	18.65	17300	9.28	002167	东方锆业	SZ	19.3	9.6	
674	2011-09-19	11.6	11.6	11	11.03	39844	9.36	002168	深圳惠程	SZ	11.68	9.92	
674	2011-09-19	9.4	9.4	9.04	9.05	22240	9.05	002169	智光电气	SZ	9.42	9.42	
674	2011-09-19	5.57	5.77	5.54	5.58	89014	3	002170	芭田股份	SZ	5.61	3.02	
674	2011-09-19	15.41	15.41	15.15	15.15	15065	15.13	002171	精诚铜业	SZ	15.51	15.49	
673	2011-09-19	6.7	6.7	6.55	6.57	10428	6.57	002172	澳洋科技	SZ	6.66	6.66	
674	2011-09-19	11.5	11.66	11.31	11.47	38108	11.41	002173	山 下 湖	SZ	11.76	11.7	
673	2011-09-19	15.29	15.52	15.1	15.23	22370	15.22	002174	梅 花 伞	SZ	15.23	15.22	
674	2011-09-19	12.7	12.7	12.39	12.48	3534	12.36	002175	广陆数测	SZ	12.72	12.59	
673	2011-09-19	10.34	10.34	9.92	10	45175	4.98	002176	江特电机	SZ	10.27	5.12	
674	2011-09-19	6.07	6.1	5.92	5.95	50242	2.66	002177	御银股份	SZ	6.14	2.75	
674	2011-09-19	10.03	10.03	9.74	9.75	5516	9.71	002178	延华智能	SZ	10.03	9.99	
674	2011-09-19	22.2	22.37	21.75	21.76	8391	21.48	002179	中航光电	SZ	22.3	22.02	
674	2011-09-19	20.16	20.89	19.84	20.5	22555	20.27	002180	万 力 达	SZ	20.46	20.23	
670	2011-09-19	9.68	9.68	9.45	9.51	9365	9.42	002181	粤 传 媒	SZ	9.69	9.59	
674	2011-09-19	13.65	13.95	13.22	13.32	200373	13.17	002182	云海金属	SZ	13.83	13.67	
672	2011-09-19	7.06	7.23	6.94	7.02	35749	6.9	002183	怡 亚 通	SZ	7.1	6.98	
674	2011-09-19	10.39	10.39	10.15	10.3	15951	10.13	002184	海得控制	SZ	10.41	10.24	
674	2011-09-19	6.36	6.41	6.17	6.18	52946	3.78	002185	华天科技	SZ	6.39	3.9	
674	2011-09-19	13.69	13.69	13.4	13.44	4359	6.32	002186	全 聚 德	SZ	13.7	6.45	
674	2011-09-19	12.34	12.34	12.13	12.15	3706	9.7	002187	广百股份	SZ	12.43	9.92	
674	2011-09-19	13.06	13.06	12.76	12.79	3229	12.76	002189	利达光电	SZ	13	12.97	
674	2011-09-19	19.58	19.58	18.88	19.15	10445	14.54	002190	成飞集成	SZ	19.66	14.93	
673	2011-09-19	9.32	9.45	9.28	9.34	29070	8.85	002191	劲嘉股份	SZ	9.36	8.87	
673	2011-09-19	11.26	11.26	10.9	11.02	8293	11.02	002193	山东如意	SZ	11.29	11.29	
674	2011-09-19	10.02	10.21	9.91	10.06	24443	9.6	002194	武汉凡谷	SZ	10.08	9.62	
673	2011-09-19	17.16	17.16	16.6	16.6	7085	16.35	002195	海隆软件	SZ	17.18	16.92	
673	2011-09-19	15.65	17.18	15.65	17.17	17552	16.65	002196	方正电机	SZ	15.84	15.36	
671	2011-09-19	15.04	15.12	14.76	15.05	25444	14.8	002197	证通电子	SZ	15.04	14.79	
672	2011-09-19	5.27	5.29	5.2	5.24	5304	2.58	002198	嘉应制药	SZ	5.26	2.6	
672	2011-09-19	10.47	10.79	10.42	10.6	32933	6.98	002199	东晶电子	SZ	10.71	7.06	
671	2011-09-19	16.01	16.73	16.01	16.73	73855	16.73	002200	绿 大 地	SZ	15.93	15.93	
672	2011-09-19	9.31	9.31	8.98	9	10946	8.99	002201	九鼎新材	SZ	9.32	9.31	
672	2011-09-19	10.7	10.7	10.5	10.51	82864	10.34	002202	金风科技	SZ	10.76	10.59	
673	2011-09-19	8.67	9.31	8.67	8.85	60227	5.75	002203	海亮股份	SZ	8.51	5.53	
669	2011-09-19	12.95	12.99	12.62	12.75	23476	5.53	002204	华锐铸钢	SZ	12.79	5.55	
672	2011-09-19	20.7	20.95	20.08	20.08	5867	19.92	002205	国统股份	SZ	20.9	20.73	
671	2011-09-19	12.17	12.17	11.86	11.86	6371	10.75	002206	海 利 得	SZ	12.15	11.01	
673	2011-09-19	16.78	16.95	16.42	16.78	65242	16.65	002207	准油股份	SZ	16.82	16.69	
673	2011-09-19	7.13	7.13	6.95	6.95	14080	6.71	002208	合肥城建	SZ	7.18	6.94	
673	2011-09-19	9.95	10.17	9.8	9.94	34207	9.84	002209	达 意 隆	SZ	9.94	9.84	
673	2011-09-19	5.98	6.03	5.93	5.96	5883	4.49	002210	飞马国际	SZ	6.06	4.57	
672	2011-09-19	9.14	9.14	8.91	8.91	58266	8.7	002212	南洋股份	SZ	9.24	9.02	
673	2011-09-19	11.89	11.9	11.28	11.55	13554	11.41	002213	特 尔 佳	SZ	12	11.86	
668	2011-09-19	20.83	20.83	20.35	20.7	4197	10.1	002214	大立科技	SZ	20.85	10.18	
672	2011-09-19	9.19	9.25	9	9.03	10935	5.83	002215	诺 普 信	SZ	9.26	5.98	
671	2011-09-19	18.59	18.59	18.05	18.45	717	9.04	002216	三全食品	SZ	18.59	9.11	
673	2011-09-19	8.77	8.77	8.51	8.6	150719	5.65	002217	联合化工	SZ	8.89	5.84	
673	2011-09-19	11.63	11.63	11.21	11.21	13505	11.21	002218	拓日新能	SZ	11.67	11.67	
674	2011-09-19	9.43	9.43	9.24	9.24	19629	5.72	002219	独 一 味	SZ	9.44	5.84	
674	2011-09-19	8.62	8.67	8.43	8.45	2869	4.11	002220	天宝股份	SZ	8.62	4.19	
669	2011-09-19	5.28	5.43	5.21	5.4	54743	2.67	002221	东华能源	SZ	5.28	2.61	
674	2011-09-19	8.95	8.95	8.7	8.72	11049	8.48	002222	福晶科技	SZ	8.95	8.7	
674	2011-09-19	20.33	20.37	19.72	20.18	8664	15.37	002223	鱼跃医疗	SZ	20.33	15.48	
673	2011-09-19	7.33	7.33	7.03	7.04	22181	4.57	002224	三 力 士	SZ	7.33	4.76	
673	2011-09-19	17.51	17.51	16.95	17	6613	10.57	002226	江南化工	SZ	17.05	10.6	
674	2011-09-19	23.55	23.55	22.7	22.78	4109	22.59	002227	奥 特 迅	SZ	23.63	23.44	
673	2011-09-19	8.31	8.31	7.89	7.9	44426	7.65	002228	合兴包装	SZ	8.4	8.13	
673	2011-09-19	7.16	7.19	7.07	7.13	8423	3.63	002229	鸿博股份	SZ	7.19	3.66	
674	2011-09-19	23.39	23.49	23.11	23.19	11441	8.93	002230	科大讯飞	SZ	23.41	9.02	
674	2011-09-19	6.59	6.72	6.45	6.66	33686	3.18	002231	奥维通信	SZ	6.55	3.12	
673	2011-09-19	10.68	10.7	10.43	10.45	12667	10.43	002232	启明信息	SZ	10.68	10.66	
673	2011-09-19	12.54	12.82	12.2	12.39	157680	12.04	002233	塔牌集团	SZ	12.74	12.38	
673	2011-09-19	15.4	15.6	15.12	15.24	12949	7.15	002234	民和股份	SZ	15.4	7.22	
673	2011-09-19	14.03	14.8	14.03	14.28	3808	13.84	002235	安妮股份	SZ	14.4	13.95	
674	2011-09-19	11.68	11.68	11.24	11.56	47453	2.83	002236	大华股份	SZ	11.7	2.87	
674	2011-09-19	22.41	22.6	21.75	21.86	40737	10.78	002237	恒邦股份	SZ	22.23	10.96	
673	2011-09-19	18.67	18.87	18.46	18.46	3157	18.22	002238	天威视讯	SZ	18.67	18.43	
666	2011-09-19	8.02	8.82	8	8.82	84736	8.79	002239	金 飞 达	SZ	8.02	7.99	
673	2011-09-19	6.89	6.99	6.77	6.88	41946	6.88	002240	威华股份	SZ	6.91	6.91	
674	2011-09-19	14.08	14.14	13.89	13.94	7826	7.65	002241	歌尔声学	SZ	14.08	7.73	
673	2011-09-19	10.29	10.33	10.1	10.2	18521	8.5	002242	九阳股份	SZ	10.33	8.61	
673	2011-09-19	13.05	13.36	12.98	13.17	3470	12.99	002243	通产丽星	SZ	13.2	13.02	
674	2011-09-19	9.35	9.35	9.1	9.11	12390	8.98	002244	滨江集团	SZ	9.35	9.21	
674	2011-09-19	8.15	8.15	7.95	7.95	12523	7.82	002245	澳洋顺昌	SZ	8.15	8.02	
673	2011-09-19	13.33	13.4	12.99	12.99	6332	12.89	002246	北化股份	SZ	13.45	13.34	
674	2011-09-19	7.5	7.5	7.33	7.35	5473	3.54	002247	帝龙新材	SZ	7.5	3.61	
674	2011-09-19	12.1	12.26	11.72	11.76	21704	11.71	002248	华东数控	SZ	12.26	12.21	
673	2011-09-19	11.99	11.99	11.5	11.53	22964	7.32	002249	大洋电机	SZ	11.99	7.61	
672	2011-09-19	16.63	16.85	16.48	16.55	6612	12.61	002250	联化科技	SZ	16.58	12.63	
674	2011-09-19	14.1	14.22	13.68	13.88	5147	6.99	002251	步 步 高	SZ	14.19	7.14	
674	2011-09-19	14.69	14.69	14.33	14.39	5885	7.97	002252	上海莱士	SZ	14.69	8.13	
671	2011-09-19	20.89	21.09	20.38	20.38	5290	12.39	002253	川大智胜	SZ	20.88	12.69	
674	2011-09-19	13.81	13.92	13.35	13.41	19724	10.05	002254	烟台氨纶	SZ	13.85	10.38	
673	2011-09-19	14.18	14.18	13.95	14.02	4149	6.93	002255	海陆重工	SZ	14.18	7.01	
674	2011-09-19	9.79	9.83	9.34	9.35	66891	7.71	002256	彩虹精化	SZ	9.91	8.17	
674	2011-09-19	13	13.15	12.86	13.01	3732	12.91	002258	利尔化学	SZ	13.07	12.97	
674	2011-09-19	5.5	5.58	5.29	5.38	61254	2.99	002259	升达林业	SZ	5.5	3.06	
674	2011-09-19	10.38	10.78	10.31	10.4	14410	10.13	002260	伊 立 浦	SZ	10.58	10.31	
670	2011-09-19	12.91	13.12	12.65	12.85	10355	9.84	002261	拓维信息	SZ	12.92	9.9	
674	2011-09-19	15.96	16.32	15.86	16.08	9192	12.79	002262	恩华药业	SZ	16.09	12.8	
673	2011-09-19	8.67	8.75	8.57	8.68	48809	7.13	002263	大 东 南	SZ	8.67	7.11	
674	2011-09-19	8.43	8.57	8.37	8.4	17233	2.75	002264	新 华 都	SZ	8.43	2.76	
673	2011-09-19	8.6	8.6	8.41	8.44	4018	8.44	002265	西仪股份	SZ	8.61	8.61	
674	2011-09-19	4.78	4.78	4.63	4.63	30384	1.11	002266	浙富股份	SZ	4.8	1.15	
673	2011-09-19	9.15	9.18	9.08	9.09	9041	4.35	002267	陕天然气	SZ	9.2	4.41	
674	2011-09-19	18.38	18.38	17.85	17.91	7388	17.84	002268	卫 士 通	SZ	18.48	18.4	
673	2011-09-19	30.3	30.49	29.4	29.98	3731	27.55	002269	美邦服饰	SZ	30.59	28.11	
674	2011-09-19	10.19	10.45	10.02	10.31	33187	7.78	002270	法因数控	SZ	10.35	7.81	
673	2011-09-19	14.3	14.3	13.68	13.68	9581	13.36	002271	东方雨虹	SZ	14.31	13.98	
674	2011-09-19	5.41	5.41	5.2	5.25	10231	2.6	002272	川润股份	SZ	5.43	2.68	
674	2011-09-19	12.36	12.36	12.07	12.11	8818	3.83	002273	水晶光电	SZ	12.43	3.93	
673	2011-09-19	11.33	11.33	10.75	10.8	35996	10.73	002274	华昌化工	SZ	11.45	11.38	
674	2011-09-19	14.23	14.23	13.85	13.95	4274	12.77	002275	桂林三金	SZ	14.22	13.02	
673	2011-09-19	7.81	7.81	7.33	7.33	53736	3.99	002276	万马电缆	SZ	7.85	4.27	
673	2011-09-19	13.5	13.5	13.02	13.07	22495	7.98	002277	友阿股份	SZ	13.61	8.3	
674	2011-09-19	10.28	10.75	10.28	10.55	21536	9.31	002278	神开股份	SZ	10.35	9.14	
673	2011-09-19	11.44	11.46	11.09	11.11	5698	6.7	002279	久其软件	SZ	11.46	6.91	
674	2011-09-19	15.81	15.81	15.36	15.45	2331	14.76	002280	新世纪	SZ	15.94	15.23	
674	2011-09-19	35.42	35.88	35.09	35.09	2001	34.46	002281	光迅科技	SZ	35.89	35.25	
674	2011-09-19	12.01	12.06	11.88	11.89	5372	11.71	002282	博深工具	SZ	12.1	11.91	
674	2011-09-19	12.85	13.04	12.8	12.88	14131	12.79	002283	天润曲轴	SZ	12.88	12.79	
674	2011-09-19	9.7	9.7	9.37	9.38	5827	9.18	002284	亚太股份	SZ	9.7	9.49	
674	2011-09-19	14	14.18	13.92	14.08	4760	10.36	002285	世联地产	SZ	14.06	10.35	
674	2011-09-19	15.15	15.15	14.63	14.63	3900	11.08	002286	保龄宝	SZ	15.18	11.49	
674	2011-09-19	18.91	19.16	18.71	18.85	1907	18.29	002287	奇正藏药	SZ	19.13	18.57	
670	2011-09-19	8.26	8.79	8.26	8.54	141937	4.43	002288	超华科技	SZ	8.38	4.35	
674	2011-09-19	22.8	22.8	22.42	22.42	2184	22.38	002289	宇顺电子	SZ	23.01	22.97	
674	2011-09-19	16.15	16.16	15.71	15.72	14608	11.02	002290	禾盛新材	SZ	16.14	11.32	
674	2011-09-19	9.7	9.73	9.46	9.6	5647	9.49	002291	星期六	SZ	9.71	9.6	
674	2011-09-19	12.39	12.39	12.05	12.11	7572	7.94	002292	奥飞动漫	SZ	12.44	8.16	
674	2011-09-19	44.75	44.75	42.01	42.6	18214	20.18	002293	罗莱家纺	SZ	44.69	21.17	
674	2011-09-19	20.38	20.38	19.89	20.05	12612	10.7	002294	信立泰	SZ	20.41	10.89	
673	2011-09-19	11.19	11.19	11.01	11.06	18764	11.06	002295	精艺股份	SZ	11.2	11.2	
674	2011-09-19	11.73	12	11.67	11.85	30919	7.87	002297	博云新材	SZ	11.85	7.87	
673	2011-09-19	7.01	7.11	6.86	7.03	12962	3.5	002298	鑫龙电器	SZ	7.05	3.52	
674	2011-09-19	16.71	17.12	16.53	16.76	25265	16.43	002299	圣农发展	SZ	16.8	16.47	
674	2011-09-19	11.5	11.5	11.16	11.23	9039	10.49	002300	太阳电缆	SZ	11.58	10.81	
673	2011-09-19	7.44	7.44	7.14	7.14	4204	3.51	002301	齐心文具	SZ	7.36	3.61	
674	2011-09-19	13.88	14	13.6	13.62	5685	10.42	002302	西部建设	SZ	14	10.71	
674	2011-09-19	17.83	17.89	17.57	17.61	1542	8.75	002303	美盈森	SZ	17.8	8.84	
674	2011-09-19	117.67	117.67	116.25	116.77	6384	93.68	002304	洋河股份	SZ	118.3	94.91	
674	2011-09-19	5.04	5.06	4.98	4.99	9886	4.87	002305	南国置业	SZ	5.06	4.94	
674	2011-09-19	4.39	4.39	4.24	4.25	13552	0.95	002306	湘鄂情	SZ	4.4	0.99	
674	2011-09-19	8.79	8.99	8.79	8.8	28732	4.4	002307	北新路桥	SZ	8.9	4.45	
674	2011-09-19	8.85	8.85	8.55	8.57	35790	6.22	002308	威创股份	SZ	8.88	6.45	
672	2011-09-19	13.89	13.94	13.36	13.48	22778	6.63	002309	中利科技	SZ	13.95	6.86	
674	2011-09-19	25.32	25.32	24.48	24.68	18838	6.16	002310	东方园林	SZ	25.44	6.35	
672	2011-09-19	13.38	13.44	13.08	13.2	5728	10	002311	海大集团	SZ	13.44	10.18	
674	2011-09-19	8.61	8.74	8.24	8.39	24909	4.05	002312	三泰电子	SZ	8.69	4.19	
674	2011-09-19	16.73	16.73	16.54	16.55	2242	6.18	002313	日海通讯	SZ	16.88	6.31	
673	2011-09-19	13.7	13.88	13.61	13.75	4149	13.49	002314	雅致股份	SZ	13.76	13.5	
674	2011-09-19	44.97	44.97	43.68	43.72	3093	41.8	002315	焦点科技	SZ	45.08	43.1	
673	2011-09-19	5.82	5.92	5.66	5.68	18461	3.12	002316	键桥通讯	SZ	5.88	3.23	
673	2011-09-19	12.68	13.02	12.57	12.6	28819	5.93	002317	众生药业	SZ	12.68	5.97	
673	2011-09-19	11.37	11.63	11.22	11.26	11112	7.4	002318	久立特材	SZ	11.38	7.48	
672	2011-09-19	7.3	7.3	7.05	7.14	17230	3.51	002319	乐通股份	SZ	7.27	3.57	
674	2011-09-19	10.96	10.97	10.64	10.67	9502	7.87	002320	海峡股份	SZ	10.98	8.1	
674	2011-09-19	10.59	10.97	10.59	10.74	43842	5.31	002321	华英农业	SZ	10.65	5.27	
674	2011-09-19	12.15	12.25	11.97	12.1	3127	2.95	002322	理工监测	SZ	12.31	3	
674	2011-09-19	17.48	17.48	16.92	17.32	2066	12.42	002323	中联电气	SZ	17.45	12.51	
673	2011-09-19	15.83	16.06	15.56	15.6	12923	15.41	002324	普利特	SZ	15.95	15.75	
674	2011-09-19	8.32	8.35	8.1	8.1	4694	2.64	002325	洪涛股份	SZ	8.36	2.73	
674	2011-09-19	25.29	26.29	25.29	25.78	15336	25.53	002326	永太科技	SZ	25.19	24.94	
674	2011-09-19	19.21	19.29	18.46	18.46	6920	7.53	002327	富安娜	SZ	19.23	7.84	
674	2011-09-19	9.18	9.18	8.88	8.95	6228	5.84	002328	新朋股份	SZ	9.13	5.95	
674	2011-09-19	19	19.14	18.1	18.18	6018	17.81	002329	皇氏乳业	SZ	19.2	18.81	
674	2011-09-19	6.54	6.54	6.41	6.41	7090	3.12	002330	得利斯	SZ	6.53	3.17	
674	2011-09-19	8.49	8.74	8.29	8.3	21758	5.05	002331	皖通科技	SZ	8.32	5.06	
673	2011-09-19	12.68	12.68	12.44	12.48	6119	12.1	002332	仙琚制药	SZ	12.7	12.31	
673	2011-09-19	11.55	11.65	11.28	11.33	5323	10.97	002333	罗普斯金	SZ	11.65	11.28	
674	2011-09-19	17.22	17.22	16.72	16.76	1313	5.61	002334	英威腾	SZ	17.22	5.76	
673	2011-09-19	16.22	16.29	15.66	15.71	26568	10.98	002335	科华恒盛	SZ	16.43	11.49	
674	2011-09-19	17.72	17.72	17.47	17.51	3716	16.97	002336	人人乐	SZ	17.72	17.17	
674	2011-09-19	13.76	14.13	13.54	13.9	6710	13.19	002337	赛象科技	SZ	13.78	13.08	
674	2011-09-19	30.73	30.73	30	30.07	1015	19.39	002338	奥普光电	SZ	30.57	19.71	
673	2011-09-19	5.69	5.72	5.64	5.68	4775	1.37	002339	积成电子	SZ	5.78	1.39	
674	2011-09-19	9.03	9.17	9	9	18420	3.38	002340	格林美	SZ	9.15	3.43	
673	2011-09-19	10.98	11	10.6	10.61	14131	5.19	002341	新纶科技	SZ	10.95	5.36	
673	2011-09-19	9.05	9.05	8.72	8.75	28203	4.33	002342	巨力索具	SZ	9.11	4.51	
674	2011-09-19	14.52	14.6	14.06	14.07	13466	13.31	002343	禾欣股份	SZ	14.73	13.93	
674	2011-09-19	12.3	12.44	12.01	12.23	17865	5.94	002344	海宁皮城	SZ	12.35	6	
674	2011-09-19	13.18	13.24	13.02	13.1	4601	6.23	002345	潮宏基	SZ	13.19	6.27	
674	2011-09-19	11.05	11.17	10.91	11.12	10600	5.37	002346	柘中建设	SZ	11.1	5.36	
674	2011-09-19	10.82	11.1	10.66	10.67	7916	5.71	002347	泰尔重工	SZ	10.88	5.83	
674	2011-09-19	5.4	5.41	5.18	5.19	5671	2.44	002348	高乐股份	SZ	5.39	2.53	
674	2011-09-19	12.65	12.68	12.44	12.44	4274	6.14	002349	精华制药	SZ	12.74	6.29	
673	2011-09-19	10.51	10.59	10.35	10.4	5050	5.87	002350	北京科锐	SZ	10.59	5.98	
674	2011-09-19	11.51	11.51	11.13	11.15	6906	10.7	002351	漫步者	SZ	11.55	11.08	
674	2011-09-19	22.7	22.89	22.51	22.57	1572	21.59	002352	鼎泰新材	SZ	22.85	21.86	
674	2011-09-19	26.15	26.81	25.88	25.88	3336	9.92	002353	杰瑞股份	SZ	26.37	10.11	
674	2011-09-19	15.03	15.46	14.92	15.21	11582	15.03	002354	科冕木业	SZ	15.16	14.98	
674	2011-09-19	6.76	6.84	6.68	6.68	5832	3.2	002355	兴民钢圈	SZ	6.86	3.29	
673	2011-09-19	23.08	23.08	22.2	22.2	1428	21.74	002356	浩宁达	SZ	22.85	22.37	
674	2011-09-19	9.55	9.55	9.11	9.17	15667	8.76	002357	富临运业	SZ	9.53	9.1	
674	2011-09-19	11.62	12	11.61	11.72	19633	6.38	002358	森源电气	SZ	11.67	6.35	
674	2011-09-19	19.73	19.87	19.33	19.33	5418	6.22	002360	同德化工	SZ	19.84	6.38	
674	2011-09-19	5.64	5.72	5.58	5.58	4869	2.97	002361	神剑股份	SZ	5.69	3.03	
673	2011-09-19	18.43	18.79	18.26	18.26	40108	18.26	002362	汉王科技	SZ	18.27	18.27	
674	2011-09-19	15.2	15.44	14.98	15.01	1480	14.92	002363	隆基机械	SZ	15.36	15.26	
674	2011-09-19	7.84	8.03	7.82	7.82	6733	3.8	002364	中恒电气	SZ	7.95	3.86	
674	2011-09-19	12.96	13.07	12.76	12.81	4634	12.37	002365	永安药业	SZ	13.08	12.63	
674	2011-09-19	13.1	13.14	12.77	12.78	4935	11.78	002366	丹甫股份	SZ	13.14	12.12	
673	2011-09-19	17.75	17.79	16.83	16.87	15504	13.83	002368	太极股份	SZ	17.89	14.67	
673	2011-09-19	18.16	18.16	17.66	17.71	2016	17.23	002369	卓翼科技	SZ	18.15	17.65	
673	2011-09-19	11.28	11.28	11.06	11.06	5906	10.97	002370	亚太药业	SZ	11.3	11.2	
669	2011-09-19	16.61	16.62	16.34	16.39	1770	4.5	002371	七星电子	SZ	16.61	4.56	
674	2011-09-19	15.14	15.19	14.62	14.63	12128	10.1	002372	伟星新材	SZ	15.27	10.54	
673	2011-09-19	8.15	8.19	7.95	7.95	16745	3.98	002373	联信永益	SZ	8.22	4.11	
674	2011-09-19	8.39	8.43	8.24	8.35	4807	4.41	002374	丽鹏股份	SZ	8.39	4.43	
673	2011-09-19	21.07	21.46	20.87	21.13	5762	13.98	002375	亚厦股份	SZ	21.53	14.24	
674	2011-09-19	10.51	10.66	10.31	10.34	14367	4.96	002376	新北洋	SZ	10.56	5.07	
673	2011-09-19	9.15	9.75	8.95	9.6	66077	9.6	002377	国创高新	SZ	9.42	9.42	
674	2011-09-19	26.89	26.89	26.3	26.36	12339	25.84	002378	章源钨业	SZ	27.19	26.65	
674	2011-09-19	6.33	6.34	6.25	6.28	5340	3.14	002379	鲁丰股份	SZ	6.36	3.18	
674	2011-09-19	35.01	35.01	34.01	34.11	1497	33.64	002380	科远股份	SZ	35.25	34.77	
674	2011-09-19	8.15	8.15	7.84	7.88	5517	3.67	002381	双箭股份	SZ	8.11	3.78	
651	2011-09-19	11.59	11.59	11.15	11.32	9650	5.59	002382	蓝帆股份	SZ	11.56	5.71	
673	2011-09-19	23.07	23.07	22.32	22.38	2777	17.05	002383	合众思壮	SZ	23.15	17.64	
674	2011-09-19	16.11	16.28	16.05	16.11	27779	8.88	002384	东山精密	SZ	16.54	9.12	
673	2011-09-19	8.52	8.61	8.45	8.54	56803	2.05	002385	大北农	SZ	8.55	2.05	
674	2011-09-19	14.46	15.1	14.31	14.77	118723	14.57	002386	天原集团	SZ	14.64	14.44	
674	2011-09-19	13.65	13.65	13.08	13.14	33981	10.01	002387	黑牛食品	SZ	13.54	10.31	
673	2011-09-19	13.9	14.23	13.67	13.9	22917	13.49	002388	新亚制程	SZ	14.12	13.7	
674	2011-09-19	8.73	8.74	8.53	8.58	11239	2.78	002389	南洋科技	SZ	8.77	2.84	
674	2011-09-19	14.9	15.2	14.75	14.81	4134	14.72	002390	信邦制药	SZ	15.11	15.01	
674	2011-09-19	11.6	11.6	11.29	11.31	6770	7.09	002391	长青股份	SZ	11.67	7.31	
674	2011-09-19	11.69	11.69	11.31	11.39	13806	5.63	002392	北京利尔	SZ	11.6	5.74	
674	2011-09-19	38.1	38.1	37.4	37.43	6670	35.71	002393	力生制药	SZ	38.24	36.48	
674	2011-09-19	16.65	16.72	16.32	16.33	5760	15.46	002394	联发股份	SZ	16.8	15.9	
674	2011-09-19	10.39	10.39	10.1	10.13	5280	4.75	002395	双象股份	SZ	10.43	4.88	
674	2011-09-19	13.8	13.9	13.6	13.61	6101	13.19	002396	星网锐捷	SZ	13.94	13.51	
674	2011-09-19	31.5	31.76	30.2	30.7	5185	29.78	002397	梦洁家纺	SZ	31.7	30.75	
674	2011-09-19	12.4	12.63	12.15	12.15	4850	7.1	002398	建研集团	SZ	12.41	7.26	
674	2011-09-19	30.96	30.96	30.2	30.24	6166	28.74	002399	海普瑞	SZ	30.96	29.43	
674	2011-09-19	8.15	8.19	7.69	7.92	17098	2.96	002400	省广股份	SZ	8.25	3.09	
674	2011-09-19	9.44	9.51	9.2	9.27	8510	2.4	002401	交技发展	SZ	9.57	2.48	
674	2011-09-19	10.95	10.95	10.55	10.55	11783	6.66	002402	和而泰	SZ	10.91	6.89	
674	2011-09-19	12.11	12.24	11.85	11.97	6658	11.97	002403	爱仕达	SZ	12.2	12.2	
674	2011-09-19	7.92	7.97	7.74	7.75	5625	4.74	002404	嘉欣丝绸	SZ	7.97	4.87	
673	2011-09-19	18.28	18.28	17.85	18.19	7840	12.39	002405	四维图新	SZ	18.35	12.5	
674	2011-09-19	15.35	15.4	15.2	15.21	2231	14.56	002406	远东传动	SZ	15.45	14.79	
674	2011-09-19	28.96	29.84	28.96	29.29	35769	18.12	002407	多氟多	SZ	28.66	17.72	
674	2011-09-19	24.75	24.75	24.05	24.05	46402	19.31	002408	齐翔腾达	SZ	25.02	20.09	
674	2011-09-19	19.77	20.07	19.53	20.07	2878	13.02	002409	雅克科技	SZ	20.07	13.02	
673	2011-09-19	19.03	19.13	18.88	18.97	5347	9.24	002410	广联达	SZ	19.08	9.29	
674	2011-09-19	8.41	8.53	8.27	8.29	19054	5.45	002411	九九久	SZ	8.54	5.62	
674	2011-09-19	24	24.16	23.49	23.75	15949	23.75	002412	汉森制药	SZ	24.15	24.15	
674	2011-09-19	11	11.03	10.64	10.65	14749	4.86	002414	高德红外	SZ	10.98	5.01	
673	2011-09-19	13.5	13.55	13.26	13.5	6283	6.57	002416	爱施德	SZ	13.6	6.62	
674	2011-09-19	8.99	9.11	8.8	9.1	15915	6	002417	三元达	SZ	8.99	5.93	
673	2011-09-19	9.55	9.55	9.31	9.32	4743	9.15	002418	康盛股份	SZ	9.55	9.37	
673	2011-09-19	23.63	23.8	23.01	23.15	2498	22.02	002419	天虹商场	SZ	23.63	22.48	
674	2011-09-19	8.23	8.29	8.1	8.14	4264	8.09	002420	毅昌股份	SZ	8.3	8.25	
674	2011-09-19	9.9	9.9	9.65	9.66	3689	4.71	002421	达实智能	SZ	9.89	4.82	
674	2011-09-19	61.47	62.1	60.28	60.99	4475	60.49	002422	科伦药业	SZ	62	61.49	
674	2011-09-19	11.6	11.62	10.97	11.08	95736	10.98	002423	中原特钢	SZ	11.82	11.71	
674	2011-09-19	10.67	10.74	10.51	10.69	9842	8.79	002425	凯撒股份	SZ	10.77	8.86	
674	2011-09-19	20.16	20.16	19.56	19.6	3203	9.54	002426	胜利精密	SZ	20.16	9.81	
672	2011-09-19	11	11	10.5	10.57	12954	10.52	002427	尤夫股份	SZ	11.03	10.98	
674	2011-09-19	10.23	10.23	10.03	10.03	23726	2.46	002428	云南锗业	SZ	10.21	2.5	
673	2011-09-19	6.6	6.6	6.41	6.41	14231	4.1	002429	兆驰股份	SZ	6.6	4.22	
673	2011-09-19	17.93	18.22	17.64	17.75	9798	12.75	002430	杭氧股份	SZ	17.91	12.87	
670	2011-09-19	27.83	28.54	27.17	27.81	19102	23.07	002431	棕榈园林	SZ	27.91	23.16	
674	2011-09-19	9.27	9.4	8.77	8.89	43701	5.84	002432	九安医疗	SZ	9.37	6.15	
674	2011-09-19	10.07	10.07	9.84	9.88	3917	4.07	002433	太安堂	SZ	9.85	4.06	
674	2011-09-19	12.24	12.24	11.8	11.85	4741	11.45	002434	万里扬	SZ	12.3	11.89	
674	2011-09-19	8.59	8.59	8.35	8.35	6907	5.42	002435	长江润发	SZ	8.54	5.54	
674	2011-09-19	20.17	20.3	19.34	19.47	11349	18.84	002436	兴森科技	SZ	20.12	19.46	
674	2011-09-19	24.33	24.4	22.4	22.87	12858	22.4	002437	誉衡药业	SZ	24.53	24.02	
674	2011-09-19	11.93	11.93	11.25	11.41	14702	5.65	002438	江苏神通	SZ	11.93	5.91	
673	2011-09-19	18.52	19.2	17.83	17.89	3514	17.7	002439	启明星辰	SZ	19.24	9.52	
674	2011-09-19	10.9	10.98	10.7	10.86	14780	5.01	002440	闰土股份	SZ	10.93	5.04	
674	2011-09-19	18.91	18.91	18.5	18.53	5674	17.92	002441	众业达	SZ	19	18.38	
673	2011-09-19	7.34	7.37	7.07	7.15	36615	4.64	002442	龙星化工	SZ	7.43	4.81	
673	2011-09-19	6.76	7.03	6.59	7.01	96566	3.32	002443	金洲管道	SZ	6.83	3.23	
674	2011-09-19	5.82	5.82	5.62	5.63	46340	2.72	002444	巨星科技	SZ	5.85	2.83	
674	2011-09-19	12.65	12.65	12.02	12.13	19456	11.97	002445	中南重工	SZ	12.6	12.43	
674	2011-09-19	15.09	15.48	14.82	14.82	2938	14.76	002446	盛路通信	SZ	15.1	15.04	
674	2011-09-19	16.95	16.95	16.1	16.2	23090	8.05	002447	壹桥苗业	SZ	16.95	8.42	
673	2011-09-19	15.31	15.59	15	15.56	7335	7.34	002448	中原内配	SZ	15.5	7.31	
674	2011-09-19	10.76	10.76	10.49	10.5	24381	5.01	002449	国星光电	SZ	10.87	5.19	
673	2011-09-19	10.71	10.92	10.53	10.54	37100	4.37	002450	康得新	SZ	10.83	4.49	
673	2011-09-19	19.04	19.04	18.73	18.87	1257	6.24	002451	摩恩电气	SZ	19.04	6.29	
673	2011-09-19	29.48	29.82	28.92	28.92	2724	10.78	002452	长高集团	SZ	29.94	11.16	
673	2011-09-19	29.78	29.78	28.2	29.1	11730	3.53	002453	天马精化	SZ	29.83	3.62	
671	2011-09-19	15.89	16.18	15.72	15.8	6781	15.45	002454	松芝股份	SZ	15.8	15.45	
673	2011-09-19	5.1	5.29	5.02	5.22	186029	1.28	002456	欧菲光	SZ	5.14	1.26	
674	2011-09-19	11.57	11.59	11.23	11.23	9414	7.4	002457	青龙管业	SZ	11.59	7.64	
674	2011-09-19	13.56	14.14	13.4	13.79	41216	6.52	002458	益生股份	SZ	13.48	6.37	
674	2011-09-19	17.1	18	16.95	17.21	52550	17.21	002459	天业通联	SZ	17.17	17.17	
674	2011-09-19	29.68	29.68	28.4	28.51	27650	28.08	002460	赣锋锂业	SZ	29.88	29.43	
674	2011-09-19	14.85	14.85	14.29	14.3	6907	14.29	002461	珠江啤酒	SZ	14.8	14.79	
674	2011-09-19	10.53	10.84	10.41	10.76	18967	10.5	002462	嘉事堂	SZ	10.42	10.17	
673	2011-09-19	5.36	5.36	5.24	5.25	22443	2.99	002463	沪电股份	SZ	5.36	3.05	
645	2011-09-19	17.39	17.39	17	17.08	1673	16.66	002464	金利科技	SZ	17.31	16.88	
673	2011-09-19	13.56	13.57	13.29	13.3	6860	6.23	002465	海格通信	SZ	13.57	6.36	
673	2011-09-19	40.44	40.86	39.5	39.62	22395	39.42	002466	天齐锂业	SZ	41.16	40.95	
673	2011-09-19	11.9	12	11.71	11.74	13906	5.65	002467	二六三	SZ	11.95	5.75	
674	2011-09-19	9.24	9.36	9.1	9.22	11161	6.2	002468	艾迪西	SZ	9.24	6.21	
673	2011-09-19	21.07	21.08	20	20.45	42542	6.86	002469	三维工程	SZ	21.09	7.08	
673	2011-09-19	18.71	18.74	17.77	17.8	73412	17.51	002470	金正大	SZ	18.94	18.63	
673	2011-09-19	7.31	7.4	7.01	7.05	34724	3.36	002471	中超电缆	SZ	7.43	3.54	
674	2011-09-19	12.76	12.77	12.31	12.35	3363	9.18	002472	双环传动	SZ	12.62	9.38	
674	2011-09-19	11.45	11.45	11.02	11.09	4460	10.78	002473	圣莱达	SZ	11.36	11.05	
673	2011-09-19	12.63	12.71	12.5	12.55	7044	4.03	002474	榕基软件	SZ	12.63	4.06	
673	2011-09-19	19.83	19.9	19.52	19.77	6882	9.27	002475	立讯精密	SZ	19.78	9.28	
674	2011-09-19	5.77	6	5.67	5.67	107469	1.86	002476	宝莫股份	SZ	5.53	1.82	
673	2011-09-19	9.27	9.45	9.22	9.39	60863	2.77	002477	雏鹰农牧	SZ	9.27	2.74	
674	2011-09-19	12.35	12.35	12	12.14	3968	11.84	002478	常宝股份	SZ	12.43	12.13	
674	2011-09-19	9.53	9.53	9.32	9.4	44091	5.19	002479	富春环保	SZ	9.65	5.33	
674	2011-09-19	19.9	19.9	18.98	19	15505	18.72	002480	新筑股份	SZ	20.05	19.75	
674	2011-09-19	6.8	6.89	6.62	6.68	16029	1.84	002481	双塔食品	SZ	6.89	1.9	
674	2011-09-19	18.24	18.24	17.75	17.75	12697	10.98	002482	广田股份	SZ	18.23	11.28	
674	2011-09-19	12.21	13.29	12.18	13.07	53562	12.61	002483	润邦股份	SZ	12.12	11.69	
674	2011-09-19	18.65	18.91	18.48	18.58	1198	14.15	002484	江海股份	SZ	18.76	14.29	
674	2011-09-19	13.54	13.54	13.01	13.34	7788	7.85	002485	希努尔	SZ	13.54	7.96	
674	2011-09-19	6.24	6.24	5.99	6.1	61934	1.38	002486	嘉麟杰	SZ	6.32	1.43	
673	2011-09-19	7.63	7.64	7.34	7.46	12600	2.43	002487	大金重工	SZ	7.63	2.48	
674	2011-09-19	11	11.11	10.84	10.84	3944	10.36	002488	金固股份	SZ	11.14	10.64	
672	2011-09-19	13.2	13.2	12.84	12.86	9180	5.84	002489	浙江永强	SZ	13.3	6.04	
674	2011-09-19	7.22	7.28	7.1	7.16	14558	3.52	002490	山东墨龙	SZ	7.15	3.52	
674	2011-09-19	15.83	15.84	15.57	15.59	3027	15.06	002491	通鼎光电	SZ	15.95	15.41	
674	2011-09-19	20.03	20.03	19.5	19.53	1220	19.13	002494	华斯股份	SZ	20.05	19.64	
673	2011-09-19	8.33	8.33	8.07	8.22	3468	5.2	002495	佳隆股份	SZ	8.33	5.27	
674	2011-09-19	19.15	19.24	18.37	18.48	32589	9.16	002496	辉丰股份	SZ	19.34	9.58	
674	2011-09-19	12.78	12.97	12.53	12.91	28082	8.26	002497	雅化集团	SZ	12.8	8.2	
645	2011-09-19	12.11	12.17	11.93	11.93	8891	7.64	002498	汉缆股份	SZ	12.11	7.75	
674	2011-09-19	17.52	17.52	17	17.01	1971	11.25	002499	科林环保	SZ	17.25	11.4	
674	2011-09-19	8.18	8.18	7.93	8	69212	7.9	002500	山西证券	SZ	8.16	8.06	
674	2011-09-19	12.28	12.37	11.85	11.86	28540	6.38	002501	利源铝业	SZ	12.44	6.69	
673	2011-09-19	13.88	13.96	13.76	13.87	4908	8.54	002502	骅威股份	SZ	13.88	8.55	
674	2011-09-19	13.29	13.39	13.11	13.27	4727	4.6	002503	搜于特	SZ	13.28	4.6	
674	2011-09-19	16.85	17.15	16.65	16.77	30450	12.72	002504	东光微电	SZ	16.95	12.85	
673	2011-09-19	11.79	11.97	11.41	11.44	72875	7.54	002505	大康牧业	SZ	11.81	7.78	
673	2011-09-19	11.56	11.69	11.26	11.29	26524	6.97	002506	超日太阳	SZ	11.62	7.17	
674	2011-09-19	16.6	16.65	16.27	16.3	3024	15.82	002507	涪陵榨菜	SZ	16.6	16.11	
674	2011-09-19	17.58	17.58	16.85	16.85	11779	16.53	002508	老板电器	SZ	17.58	17.25	
674	2011-09-19	6.25	6.25	6.12	6.2	24275	1.48	002509	天广消防	SZ	6.24	1.49	
673	2011-09-19	10.23	10.55	9.92	9.92	69484	6.55	002512	达华智能	SZ	10.34	6.83	
673	2011-09-19	13.89	13.92	13.58	13.58	6143	4.5	002513	蓝丰生化	SZ	14.04	4.65	
673	2011-09-19	32.19	32.19	31.74	31.75	1317	9.75	002514	宝馨科技	SZ	32.5	9.98	
673	2011-09-19	17.51	17.98	16.67	17.47	5122	11.47	002515	金字火腿	SZ	17.53	11.51	
674	2011-09-19	12.5	12.5	12.15	12.16	2428	11.74	002516	江苏旷达	SZ	12.54	12.11	
674	2011-09-19	9.52	9.52	9.25	9.28	6764	4.56	002517	泰亚股份	SZ	9.52	4.67	
674	2011-09-19	16.11	16.42	15.96	16.21	10873	6.19	002518	科士达	SZ	16.28	6.22	
674	2011-09-19	11.33	11.33	11	11.06	3700	6.79	002519	银河电子	SZ	11.33	6.95	
674	2011-09-19	15.21	15.42	14.96	15.2	30817	5.8	002520	日发数码	SZ	15.21	5.8	
674	2011-09-19	7.86	7.91	7.75	7.75	5195	3.59	002521	齐峰股份	SZ	7.91	3.67	
674	2011-09-19	20.29	20.29	19.66	19.7	4538	18.59	002522	浙江众成	SZ	20.28	19.14	
674	2011-09-19	7.02	7.08	6.94	6.95	5161	3.25	002523	天桥起重	SZ	7.09	3.31	
673	2011-09-19	6.95	6.95	6.62	6.62	46058	3.22	002524	光正钢构	SZ	6.98	3.4	
674	2011-09-19	13.53	14.04	12.74	12.83	35875	7.07	002526	山东矿机	SZ	13.16	7.25	
674	2011-09-19	11.73	11.84	11.37	11.45	3100	6.5	002527	新时达	SZ	11.7	6.64	
673	2011-09-19	16.54	16.54	16.13	16.42	11120	10.55	002528	英飞拓	SZ	16.61	10.67	
673	2011-09-19	16.08	16.1	15.84	15.85	4155	15.58	002529	海源机械	SZ	16.22	15.94	
674	2011-09-19	8.26	8.27	8.01	8.13	9795	3.94	002530	丰东股份	SZ	8.31	4.03	
669	2011-09-19	8.85	8.98	8.73	8.77	5462	4.17	002531	天顺风能	SZ	8.9	4.23	
674	2011-09-19	19.65	19.77	18.51	18.57	17003	18.38	002532	新界泵业	SZ	19.9	19.7	
674	2011-09-19	10.41	10.41	10.1	10.14	5990	8.07	002533	金杯电工	SZ	10.43	8.29	
673	2011-09-19	25.55	25.85	25.12	25.61	4133	24.46	002534	杭锅股份	SZ	25.55	24.4	
673	2011-09-19	12.61	12.69	12.16	12.24	17624	9.19	002535	林州重机	SZ	12.62	9.47	
674	2011-09-19	25.2	25.53	24.8	24.82	2253	24.28	002536	西泵股份	SZ	25.29	24.73	
674	2011-09-19	17.95	17.95	17.79	17.8	1578	11.77	002537	海立美达	SZ	18.11	11.98	
674	2011-09-19	11.55	11.55	11.25	11.25	14155	5.44	002538	司尔特	SZ	11.56	5.59	
674	2011-09-19	16	16.12	15.8	15.8	20013	7.42	002539	新都化工	SZ	15.99	7.51	
674	2011-09-19	10.27	10.3	9.97	9.97	20807	4.63	002540	亚太科技	SZ	10.27	4.76	
674	2011-09-19	18.82	18.82	18.52	18.6	1848	9.06	002541	鸿路钢构	SZ	18.85	9.18	
674	2011-09-19	24.45	24.68	23.01	23.08	22770	5.67	002542	中化岩土	SZ	24.71	6.07	
674	2011-09-19	11.65	11.77	11.65	11.68	3303	5.53	002543	万和电气	SZ	11.81	5.6	
674	2011-09-19	8	8	7.74	7.76	54841	3.73	002544	杰赛科技	SZ	8.05	3.87	
674	2011-09-19	18.55	18.59	18.2	18.34	6150	17.92	002545	东方铁塔	SZ	18.66	18.24	
674	2011-09-19	18.55	18.55	17.83	17.86	9942	16.89	002546	新联电子	SZ	18.62	17.61	
674	2011-09-19	8.24	8.4	8.16	8.18	12928	4.05	002547	春兴精工	SZ	8.25	4.08	
674	2011-09-19	13.32	13.39	13.14	13.37	5278	8.48	002548	金新农	SZ	13.33	8.46	
673	2011-09-19	12.52	12.69	12.36	12.64	14102	5.49	002549	凯美特气	SZ	12.69	5.51	
674	2011-09-19	16.15	16.15	15.5	15.53	15995	7.16	002550	千红制药	SZ	16.23	7.48	
673	2011-09-19	12.8	12.84	12.38	12.38	10083	5.36	002551	尚荣医疗	SZ	12.91	5.59	
674	2011-09-19	13.98	13.98	13.47	13.49	5379	13.15	002552	宝鼎重工	SZ	13.93	13.58	
674	2011-09-19	9.41	9.41	9.1	9.1	8264	4.31	002553	南方轴承	SZ	9.43	4.46	
674	2011-09-19	7.74	7.84	7.64	7.64	12704	3.31	002554	惠博普	SZ	7.83	3.39	
673	2011-09-19	14.34	14.43	14.05	14.16	6118	13.71	002555	顺荣股份	SZ	14.34	13.89	
674	2011-09-19	10.38	10.38	10	10.13	8103	4.86	002556	辉隆股份	SZ	10.48	5.02	
674	2011-09-19	19.04	19.04	18.67	18.67	1641	13.51	002557	洽洽食品	SZ	19.1	13.82	
674	2011-09-19	27.15	27.4	26.55	26.62	1957	26.13	002558	世纪游轮	SZ	27.37	26.86	
674	2011-09-19	15.56	15.57	15.28	15.28	2670	7.31	002559	亚威股份	SZ	15.55	7.44	
674	2011-09-19	19.81	19.9	19.01	19.07	18626	18.64	002560	通达股份	SZ	20.02	19.57	
674	2011-09-19	15.39	15.39	14.9	14.91	12266	13.56	002561	徐家汇	SZ	15.34	13.95	
674	2011-09-19	10.12	10.35	10.01	10.13	3298	6.19	002565	上海绿新	SZ	10.24	6.26	
674	2011-09-19	17.65	17.75	17.32	17.36	2857	8.57	002566	益盛药业	SZ	17.76	8.77	
674	2011-09-19	17.73	17.9	17.41	17.48	2812	17.18	300001	特锐德	SZ	17.73	17.43	
674	2011-09-19	9.6	9.6	9.06	9.18	76594	2.56	300002	神州泰岳	SZ	9.68	2.7	
674	2011-09-19	18.25	18.25	17.89	17.9	6129	17.43	300003	乐普医疗	SZ	18.36	17.88	
674	2011-09-19	30.01	30.3	29.4	29.79	4306	29.56	300004	南风股份	SZ	30.35	30.11	
674	2011-09-19	11.72	11.87	11.56	11.73	13405	7.41	300005	探路者	SZ	11.72	7.4	
674	2011-09-19	19.51	20.15	19.51	20.05	6667	19.88	300006	莱美药业	SZ	19.78	19.61	
674	2011-09-19	16.1	16.23	15.78	15.8	3174	15.66	300007	汉威电子	SZ	16.2	16.06	
674	2011-09-19	11.28	11.5	11.28	11.4	4129	7.36	300008	上海佳豪	SZ	11.41	7.37	
674	2011-09-19	10.33	10.33	10.01	10.03	13454	7.79	300009	安科生物	SZ	10.33	8.02	
670	2011-09-19	13.68	13.78	13.42	13.5	2461	13.23	300010	立思辰	SZ	13.65	13.38	
674	2011-09-19	9.49	9.54	9.21	9.21	9920	2.13	300011	鼎汉技术	SZ	9.54	2.2	
674	2011-09-19	9.38	9.38	9.14	9.16	3447	4.38	300012	华测检测	SZ	9.38	4.49	
674	2011-09-19	10.77	10.77	10.41	10.41	3794	10.39	300013	新宁物流	SZ	10.75	10.73	
674	2011-09-19	16.8	16.8	16.18	16.21	51637	7.9	300014	亿纬锂能	SZ	16.9	8.23	
674	2011-09-19	23.13	23.25	22.36	22.47	9237	22.23	300015	爱尔眼科	SZ	23.14	22.9	
674	2011-09-19	5.04	5.04	4.95	4.97	7682	2.34	300016	北陆药业	SZ	5.04	2.37	
674	2011-09-19	13.06	13.06	12.6	12.61	5213	12.43	300017	网宿科技	SZ	13.02	12.84	
673	2011-09-19	9.1	9.1	8.81	8.84	10420	5.64	300018	中元华电	SZ	9.09	5.8	
674	2011-09-19	10.82	10.93	10.51	10.59	15719	6.34	300019	硅宝科技	SZ	10.99	6.58	
674	2011-09-19	14.72	14.72	14.2	14.39	15247	14.29	300020	银江股份	SZ	14.74	14.64	
674	2011-09-19	12.05	12.05	11.24	11.33	69558	11.33	300021	大禹节水	SZ	12.12	12.12	
674	2011-09-19	11.7	11.7	11.3	11.32	28752	11.25	300022	吉峰农机	SZ	11.75	11.68	
674	2011-09-19	13.08	13.63	13.08	13.38	10138	13.38	300023	宝德股份	SZ	13.2	13.2	
673	2011-09-19	11.09	11.15	10.83	10.85	4353	8.32	300025	华星创业	SZ	11.19	8.59	
674	2011-09-19	11.84	11.84	11.65	11.72	2742	5.14	300026	红日药业	SZ	11.84	5.19	
673	2011-09-19	8.19	8.23	8.03	8.1	39886	3.9	300027	华谊兄弟	SZ	8.23	3.97	
674	2011-09-19	21.41	21.65	20.9	20.91	12514	20.73	300029	天龙光电	SZ	21.65	21.46	
674	2011-09-19	24.2	24.6	23.7	24	4270	11.85	300030	阳普医疗	SZ	24.18	11.94	
674	2011-09-19	11.8	11.8	11.33	11.39	5712	7.24	300031	宝通带业	SZ	11.78	7.48	
673	2011-09-19	12.2	12.34	11.95	12.22	7441	5.93	300032	金龙机电	SZ	12.18	5.91	
674	2011-09-19	20.33	20.57	19.98	20.2	2217	19.99	300033	同花顺	SZ	20.34	20.13	
674	2011-09-19	17.6	17.97	17.1	17.1	33235	16.89	300034	钢研高纳	SZ	18.2	17.97	
674	2011-09-19	9.47	9.6	9.35	9.51	6105	6.16	300035	中科电气	SZ	9.43	6.11	
674	2011-09-19	20.48	20.8	20.4	20.5	5510	20.5	300036	超图软件	SZ	20.43	20.43	
674	2011-09-19	24.44	24.85	24.44	24.47	2017	14.89	300037	新宙邦	SZ	24.72	15.05	
674	2011-09-19	10.12	10.13	9.73	9.89	11067	6.5	300038	梅泰诺	SZ	10.19	6.69	
674	2011-09-19	10.69	10.69	10.48	10.54	8327	3.91	300039	上海凯宝	SZ	10.74	3.98	
674	2011-09-19	6.35	6.35	6.15	6.15	6597	2.93	300040	九洲电气	SZ	6.3	3	
674	2011-09-19	17.71	17.81	17.29	17.36	2204	10.37	300041	回天胶业	SZ	17.71	10.58	
674	2011-09-19	10.85	10.88	10.6	10.6	4416	5.21	300042	朗科科技	SZ	10.89	5.35	
658	2011-09-19	12.95	12.95	12.33	12.48	15165	4.02	300043	星辉车模	SZ	12.93	4.17	
674	2011-09-19	6.95	6.95	6.74	6.77	6300	3	300044	赛为智能	SZ	6.98	3.09	
674	2011-09-19	10.6	10.89	10.6	10.85	11448	5.35	300045	华力创通	SZ	10.7	5.28	
674	2011-09-19	18.5	18.78	18.25	18.45	1647	16.52	300046	台基股份	SZ	18.79	16.82	
674	2011-09-19	6.22	6.22	6.09	6.09	9313	2.83	300047	天源迪科	SZ	6.2	2.88	
674	2011-09-19	13.94	14.21	13.94	14.14	11841	9.96	300048	合康变频	SZ	14.24	10.03	
674	2011-09-19	14.37	14.47	14.01	14.02	2789	13.74	300049	福瑞股份	SZ	14.51	14.22	
674	2011-09-19	18.46	18.5	18.03	18.03	4838	17.79	300050	世纪鼎利	SZ	18.5	18.25	
673	2011-09-19	5.1	5.18	5	5.03	17982	2.48	300051	三五互联	SZ	5.14	2.53	
674	2011-09-19	6.34	6.34	6.18	6.18	8552	3.05	300052	中青宝	SZ	6.38	3.15	
673	2011-09-19	10.38	10.39	10.12	10.14	6817	10.06	300053	欧比特	SZ	10.37	10.29	
674	2011-09-19	7.96	7.97	7.82	7.82	5256	1.61	300054	鼎龙股份	SZ	7.97	1.64	
673	2011-09-19	39.1	39.11	37.01	37.35	3139	37.09	300055	万邦达	SZ	39.49	39.21	
674	2011-09-19	14.49	14.49	14.17	14.19	1403	7.81	300056	三维丝	SZ	14.54	8	
674	2011-09-19	10.05	10.06	9.75	9.84	4196	9.74	300057	万顺股份	SZ	10.09	9.99	
674	2011-09-19	13.25	13.29	12.85	13	11243	6.41	300058	蓝色光标	SZ	13.3	6.56	
674	2011-09-19	7.1	7.1	6.76	6.79	35850	2.1	300059	东方财富	SZ	7.1	2.2	
674	2011-09-19	10.62	10.65	10.31	10.4	1186	6.5	300061	康耐特	SZ	10.64	6.65	
674	2011-09-19	12.38	12.38	12.07	12.09	3199	11.81	300062	中能电气	SZ	12.33	12.04	
674	2011-09-19	13.87	14.49	13.65	13.67	47611	9.02	300063	天龙集团	SZ	13.93	9.19	
673	2011-09-19	10.1	10.12	9.86	9.9	15480	4.86	300064	豫金刚石	SZ	10.19	5	
674	2011-09-19	20.53	20.82	20.4	20.41	1619	13.54	300065	海兰信	SZ	20.57	13.65	
674	2011-09-19	12.15	12.15	11.67	11.78	5926	7.62	300066	三川股份	SZ	12.16	7.87	
674	2011-09-19	9.44	9.45	9.13	9.13	3504	8.96	300067	安诺其	SZ	9.41	9.23	
672	2011-09-19	9.35	9.55	9.24	9.26	53892	4.51	300068	南都电源	SZ	9.4	4.58	
674	2011-09-19	10.87	10.87	10.45	10.49	2304	6.85	300069	金利华电	SZ	10.73	7.01	
674	2011-09-19	17.47	17.47	16.81	16.84	3402	5.52	300071	华谊嘉信	SZ	17.44	5.72	
673	2011-09-19	6.18	6.49	6.15	6.33	72697	2.4	300072	三聚环保	SZ	6.19	2.35	
674	2011-09-19	13.48	13.48	13.15	13.16	8578	13.1	300073	当升科技	SZ	13.59	13.53	
674	2011-09-19	7.74	7.75	7.43	7.43	12131	2.22	300074	华平股份	SZ	7.8	2.34	
674	2011-09-19	16.13	16.13	15.72	15.72	4850	10.3	300075	数字政通	SZ	16.31	10.69	
674	2011-09-19	15.6	15.74	15.4	15.4	4472	15.06	300076	宁波GQY	SZ	15.8	15.45	
674	2011-09-19	25.61	25.7	24.72	24.83	21195	24.4	300077	国民技术	SZ	26	25.55	
674	2011-09-19	19.25	19.25	18.6	18.6	7354	17.62	300078	中瑞思创	SZ	19.31	18.29	
673	2011-09-19	16.37	16.37	15.63	15.65	10953	10.34	300079	数码视讯	SZ	16.37	10.82	
672	2011-09-19	15.62	15.69	15.08	15.1	24451	11.62	300080	新大新材	SZ	15.77	12.13	
674	2011-09-19	8.65	8.65	8.4	8.4	3471	4.14	300081	恒信移动	SZ	8.69	4.29	
674	2011-09-19	17.37	17.37	17.05	17.08	7804	12.56	300082	奥克股份	SZ	17.48	12.86	
674	2011-09-19	15.51	15.51	15.12	15.13	2225	14.98	300083	劲胜股份	SZ	15.5	15.34	
674	2011-09-19	11.42	11.42	11.05	11.05	9550	11	300084	海默科技	SZ	11.42	11.36	
674	2011-09-19	23.8	23.8	22.84	22.84	6785	11.13	300085	银之杰	SZ	23.86	11.63	
672	2011-09-19	18.49	18.49	17.67	17.68	6874	17.32	300086	康芝药业	SZ	18.49	18.11	
673	2011-09-19	18.5	18.65	17.61	17.7	16499	17.59	300087	荃银高科	SZ	18.45	18.34	
674	2011-09-19	9.53	9.53	9.22	9.22	35060	4.61	300088	长信科技	SZ	9.63	4.82	
674	2011-09-19	11.93	12.07	11.61	11.63	7442	7.66	300089	长城集团	SZ	11.99	7.9	
674	2011-09-19	11.28	11.48	11.08	11.09	26606	11.05	300090	盛运股份	SZ	11.46	11.42	
674	2011-09-19	13.54	13.54	13.08	13.11	11835	12.98	300091	金通灵	SZ	13.73	13.59	
673	2011-09-19	17.32	17.32	16.61	16.61	5618	16.3	300092	科新机电	SZ	17.3	16.98	
673	2011-09-19	11.66	11.66	11.3	11.3	11878	11.23	300093	金刚玻璃	SZ	11.7	11.63	
674	2011-09-19	9.89	9.9	9.6	9.6	14916	9.6	300094	国联水产	SZ	9.87	9.87	
674	2011-09-19	12.68	12.68	12.35	12.35	3444	9.37	300095	华伍股份	SZ	12.67	9.61	
674	2011-09-19	13.45	13.45	12.61	12.64	25508	12.47	300096	易联众	SZ	13.5	13.32	
673	2011-09-19	9.48	9.65	9.11	9.16	6923	4.54	300097	智云股份	SZ	9.55	4.73	
674	2011-09-19	15.31	15.73	15.14	15.15	3565	6.99	300099	尤洛卡	SZ	15.6	7.2	
674	2011-09-19	8.51	8.51	8.23	8.23	7458	3.73	300100	双林股份	SZ	8.52	3.86	
674	2011-09-19	15.73	16.14	15.5	15.6	11666	7.78	300101	国腾电子	SZ	15.77	7.87	
674	2011-09-19	29.15	29.15	28	28.28	23396	27.06	300102	乾照光电	SZ	29.5	28.23	
674	2011-09-19	11.04	11.05	10.71	10.78	2432	5.84	300103	达刚路机	SZ	11.02	5.97	
673	2011-09-19	6.6	6.63	6.41	6.45	32596	1.77	300104	乐视网	SZ	6.57	1.81	
674	2011-09-19	27.91	28.59	27.53	28.49	6697	15.72	300105	龙源技术	SZ	28.2	15.56	
673	2011-09-19	16.03	16.22	15.61	16.07	5100	15.97	300106	西部牧业	SZ	16.09	15.99	
674	2011-09-19	32.7	32.7	31.16	31.34	3137	15.59	300107	建新股份	SZ	32.46	16.14	
674	2011-09-19	11.9	11.9	11.23	11.25	16873	5.47	300108	双龙股份	SZ	11.99	5.83	
674	2011-09-19	14.81	15.11	14.24	14.96	34232	9.84	300109	新开源	SZ	15.2	9.99	
673	2011-09-19	6.88	6.88	6.5	6.7	7004	3.23	300110	华仁药业	SZ	6.88	3.32	
674	2011-09-19	8.52	8.52	8.29	8.29	11986	3.77	300111	向日葵	SZ	8.51	3.87	
674	2011-09-19	8.13	8.15	7.85	7.87	4051	5.17	300112	万讯自控	SZ	8.15	5.36	
674	2011-09-19	21.9	21.9	21.2	21.23	1226	20.93	300113	顺网科技	SZ	21.95	21.64	
674	2011-09-19	15.5	15.5	15	15.45	5060	11.76	300114	中航电测	SZ	15.3	11.64	
674	2011-09-19	21.83	21.83	20.97	21.33	14775	14.13	300115	长盈精密	SZ	21.89	14.5	
674	2011-09-19	8.73	8.73	8.5	8.56	2016	4.28	300116	坚瑞消防	SZ	8.73	4.37	
673	2011-09-19	13.22	13.5	13.11	13.37	3970	13.29	300117	嘉寓股份	SZ	13.39	13.31	
673	2011-09-19	11.71	11.75	11.38	11.38	15876	7.03	300118	东方日升	SZ	11.75	7.26	
674	2011-09-19	34.78	34.78	33.55	33.66	10351	12.55	300119	瑞普生物	SZ	35.04	13.06	
674	2011-09-19	8.87	8.93	8.77	8.83	4452	5.71	300120	经纬电材	SZ	8.93	5.78	
674	2011-09-19	11.32	11.32	11.22	11.28	1810	8.58	300121	阳谷华泰	SZ	11.32	8.61	
674	2011-09-19	30.22	30.22	29.48	29.48	1990	29	300122	智飞生物	SZ	30.3	29.81	
673	2011-09-19	19.25	19.25	18.73	18.73	2337	18.48	300123	太阳鸟	SZ	19.2	18.95	
674	2011-09-19	43.33	43.61	42.12	42.28	1602	23.11	300124	汇川技术	SZ	43.07	23.55	
674	2011-09-19	25	25	24.02	24.02	3560	23.98	300125	易世达	SZ	25.18	25.14	
674	2011-09-19	13.94	13.94	13.38	13.39	3891	12.72	300126	锐奇股份	SZ	14	13.3	
674	2011-09-19	48	48	45.2	45.2	40841	21.4	300127	银河磁体	SZ	48.18	22.82	
674	2011-09-19	8.7	8.7	8.31	8.38	5541	4.01	300128	锦富新材	SZ	8.7	4.17	
674	2011-09-19	8.21	8.21	7.8	7.81	25161	5.12	300129	泰胜风能	SZ	8.3	5.45	
674	2011-09-19	22.55	22.57	21.5	21.8	932	21.6	300130	新国都	SZ	22.65	22.44	
673	2011-09-19	9.51	9.6	9.39	9.44	2314	4.61	300131	英唐智控	SZ	9.62	4.69	
674	2011-09-19	10.51	10.59	10.21	10.45	11453	6.35	300132	青松股份	SZ	10.56	6.42	
674	2011-09-19	9.22	9.28	9.02	9.12	7008	1.78	300133	华策影视	SZ	9.27	1.81	
673	2011-09-19	26.3	26.57	25.8	25.81	9267	25.81	300134	大富科技	SZ	26.3	26.3	
674	2011-09-19	4.39	4.39	4.22	4.22	13721	1.25	300135	宝利沥青	SZ	4.39	1.3	
674	2011-09-19	24.5	24.55	23.37	23.5	1753	23.34	300136	信维通信	SZ	24.56	24.39	
674	2011-09-19	12.54	12.54	11.62	11.68	19567	8.94	300137	先河环保	SZ	12.55	9.61	
673	2011-09-19	13.32	13.39	13.21	13.22	4288	6.44	300138	晨光生物	SZ	13.46	6.56	
674	2011-09-19	15.43	15.74	15.33	15.61	4550	15.4	300140	启源装备	SZ	15.52	15.32	
674	2011-09-19	10.04	10.04	9.5	9.63	4870	3.09	300141	和顺电气	SZ	10.04	3.23	
674	2011-09-19	48.48	49.38	48.48	48.62	1918	39.98	300142	沃森生物	SZ	49.18	40.44	
674	2011-09-19	21.11	21.34	20.69	21.01	10289	20.7	300143	星河生物	SZ	21.38	21.06	
674	2011-09-19	15.5	15.54	15.18	15.29	14112	9.94	300144	宋城股份	SZ	15.37	9.99	
674	2011-09-19	17.66	17.77	17.41	17.45	4256	17.23	300145	南方泵业	SZ	17.57	17.34	
673	2011-09-19	11.75	11.9	11.5	11.72	20485	1.74	300146	汤臣倍健	SZ	11.77	1.75	
673	2011-09-19	7.91	7.93	7.76	7.76	8412	4.78	300147	香雪制药	SZ	7.99	4.92	
670	2011-09-19	9.71	9.73	9.47	9.49	12485	4.01	300148	天舟文化	SZ	9.81	4.14	
674	2011-09-19	8.17	8.17	7.7	7.7	20598	5.07	300149	量子高科	SZ	8.21	5.4	
674	2011-09-19	11.64	11.64	11.15	11.15	13637	4.96	300150	世纪瑞尔	SZ	11.51	5.12	
674	2011-09-19	15.8	15.81	15.02	15.13	4067	14.63	300151	昌红科技	SZ	15.79	15.26	
673	2011-09-19	12.14	12.14	11.59	11.7	17569	5.07	300152	燃控科技	SZ	12.17	5.27	
674	2011-09-19	12.6	12.6	12.35	12.37	2179	12.06	300153	科泰电源	SZ	12.64	12.32	
674	2011-09-19	13	13	12.65	12.66	4942	12.29	300154	瑞凌股份	SZ	13.02	12.64	
674	2011-09-19	13.02	13.02	12.41	12.41	15930	12.04	300155	安居宝	SZ	13.02	12.63	
672	2011-09-19	14.33	14.61	14.17	14.26	6628	7.81	300156	天立环保	SZ	14.44	7.92	
654	2011-09-19	21.38	21.69	21.08	21.12	1832	10.38	300157	恒泰艾普	SZ	21.39	10.51	
674	2011-09-19	15.1	15.1	14.55	14.74	2589	7.35	300158	振东制药	SZ	15.15	7.56	
674	2011-09-19	34.4	34.62	33	33	4119	8.01	300159	新研股份	SZ	34.91	8.47	
674	2011-09-19	14.1	14.29	14.03	14.11	7346	6.82	300160	秀强股份	SZ	14.26	6.89	
674	2011-09-19	24.18	24.18	23.03	23.03	5378	22.75	300161	华中数控	SZ	24.24	23.95	
673	2011-09-19	15.34	15.34	14.35	14.45	18876	7.03	300162	雷曼光电	SZ	15.51	7.54	
674	2011-09-19	19.8	19.8	19.15	19.16	1885	18.67	300163	先锋新材	SZ	19.86	19.35	
674	2011-09-19	10.94	10.94	10.77	10.77	2070	3.44	300164	通源石油	SZ	10.96	3.5	
674	2011-09-19	18.93	19.28	18.92	19.21	5335	14.26	300165	天瑞仪器	SZ	18.92	14.05	
674	2011-09-19	15.83	15.9	15.58	15.8	4933	5.21	300166	东方国信	SZ	15.9	5.24	
674	2011-09-19	9.2	9.2	8.95	9.07	1711	2.98	300167	迪威视讯	SZ	9.25	3.04	
673	2011-09-19	11.14	11.14	10.84	10.9	6351	5.39	300168	万达信息	SZ	11.12	5.5	
673	2011-09-19	12.77	13.15	12.68	13	16345	6.34	300169	天晟新材	SZ	12.77	6.23	
674	2011-09-19	12.33	12.33	12	12.11	10243	7.98	300170	汉得信息	SZ	12.33	8.13	
674	2011-09-19	34.93	34.93	33.73	34.33	9366	25.44	300171	东富龙	SZ	34.93	25.89	
674	2011-09-19	15.08	15.35	14.89	14.92	3931	8.65	300172	中电环保	SZ	15.15	8.78	
674	2011-09-19	10.77	10.79	10.47	10.47	3746	7.96	300173	松德股份	SZ	10.8	8.21	
673	2011-09-19	12.45	12.56	12.25	12.25	2216	5.94	300174	元力股份	SZ	12.59	6.11	
674	2011-09-19	5.12	5.14	4.91	4.95	127844	2.47	300175	朗源股份	SZ	5.2	2.59	
672	2011-09-19	11.89	11.89	11.7	11.71	1555	9.48	300176	鸿特精密	SZ	11.89	9.63	
673	2011-09-19	11.24	11.34	10.9	10.92	5252	2.71	300177	中海达	SZ	11.32	2.81	
674	2011-09-19	19.85	19.85	19.28	19.36	2642	19.01	300178	腾邦国际	SZ	19.79	19.44	
673	2011-09-19	9.81	10.19	9.74	9.9	12745	3.6	300179	四方达	SZ	9.84	3.58	
674	2011-09-19	15.67	15.68	15.28	15.28	3227	14.97	300180	华峰超纤	SZ	15.7	15.38	
674	2011-09-19	6.13	6.13	5.96	5.99	14801	1.44	300181	佐力药业	SZ	6.14	1.48	
674	2011-09-19	18.98	19.23	18.52	18.97	3965	9.41	300182	捷成股份	SZ	19.18	9.51	
674	2011-09-19	21.27	21.27	20.68	20.68	8215	9	300183	东软载波	SZ	21.31	9.27	
674	2011-09-19	18.3	18.47	18.2	18.31	2475	7.64	300184	力源信息	SZ	18.58	7.75	
674	2011-09-19	6.8	6.8	6.56	6.56	28960	2.48	300185	通裕重工	SZ	6.78	2.56	
674	2011-09-19	8.26	8.3	8.09	8.1	4723	3.57	300186	大华农	SZ	8.27	3.64	
674	2011-09-19	16.75	16.92	16.33	16.5	2802	5.45	300187	永清环保	SZ	16.91	5.58	
