1830	2007-03-15	8.63	8.85	8.63	8.83	296365	4.12	1	深发展Ａ	SZ	8.65	4.04	
1445	2007-03-15	2.1	2.11	2.01	2.11	300006	0.53	10	S ST华新	SZ	2.01	0.5	
1790	2007-03-15	2.11	2.14	2.1	2.12	1166584	1	100	TCL 集团	SZ	2.12	1	
1837	2007-03-15	7	7.38	7	7.25	39739	6.58	11	深物业A	SZ	7.13	6.47	
1824	2007-03-15	7.96	8.1	7.96	7.99	70372	3.91	12	南 玻Ａ	SZ	7.95	3.89	
1836	2007-03-15	6.07	6.4	6.04	6.32	106440	4.15	14	沙河股份	SZ	6.07	3.98	
1837	2007-03-15	6.79	7.1	6.79	7.02	54570	7.02	150	宜华地产	SZ	6.89	6.89	
1836	2007-03-15	8.08	8.86	8.05	8.86	175787	8.43	151	中成股份	SZ	8.05	7.66	
1838	2007-03-15	5.3	5.47	5.24	5.39	75035	5.34	153	丰原药业	SZ	5.35	5.3	
1837	2007-03-15	7.88	7.97	7.7	7.82	168995	7.37	155	川化股份	SZ	7.88	7.43	
1822	2007-03-15	2.33	2.37	2.32	2.36	722967	0.19	157	中联重科	SZ	2.36	0.19	
1815	2007-03-15	4.06	4.26	4.06	4.2	140500	2.89	158	常山股份	SZ	4.06	2.79	
1795	2007-03-15	2.96	3.1	2.95	3.08	148585	1.44	159	国际实业	SZ	2.98	1.4	
1835	2007-03-15	3.12	3.23	3.12	3.14	358403	1.51	16	深康佳Ａ	SZ	3.07	1.47	
1807	2007-03-15	3.08	3.1	3.02	3.08	106313	0.62	1696	宗申动力	SZ	3.06	0.62	
1689	2007-03-15	3.49	3.49	3.49	3.49	0	3.49	17	*ST中华A	SZ	3.49	3.49	
1837	2007-03-15	8.8	9.29	8.7	9	14913	9	18	ST中冠A	SZ	8.85	8.85	
1827	2007-03-15	5.4	5.6	5.31	5.39	42436	5.39	1896	*ST豫能	SZ	5.47	5.47	
1773	2007-03-15	8.16	8.59	8.16	8.36	33484	8.15	19	深深宝Ａ	SZ	8.14	7.94	
1837	2007-03-15	6.32	6.76	6.32	6.67	2391085	2.45	2	万 科Ａ	SZ	6.27	2.3	
1835	2007-03-15	3.26	3.26	3.26	3.26	0	2.84	20	深华发Ａ	SZ	3.26	2.84	
1809	2007-03-15	3.72	3.86	3.71	3.79	139731	1.58	2001	新 和 成	SZ	3.71	1.54	
1779	2007-03-15	4.67	5.04	4.59	4.95	82509	2.7	2002	ST琼花	SZ	4.7	2.56	
1803	2007-03-15	16.4	16.94	16.35	16.6	4595	4.81	2003	伟星股份	SZ	16.28	4.72	
1808	2007-03-15	5.35	5.43	5.25	5.43	87688	1.64	2004	华邦制药	SZ	5.42	1.63	
1800	2007-03-15	1.7	1.79	1.69	1.78	245309	0.44	2005	德豪润达	SZ	1.71	0.42	
1798	2007-03-15	1.75	1.82	1.75	1.78	158324	0.39	2006	精功科技	SZ	1.75	0.39	
1810	2007-03-15	9.28	9.9	9.11	9.77	39389	2.55	2007	华兰生物	SZ	9.3	2.43	
1814	2007-03-15	6.99	7.22	6.89	6.92	101192	1.76	2008	大族激光	SZ	7.03	1.79	
1810	2007-03-15	6.59	6.66	6.53	6.59	16228	2.72	2009	天奇股份	SZ	6.57	2.72	
1809	2007-03-15	5.37	5.46	5.33	5.44	45753	1.52	2010	传化股份	SZ	5.38	1.51	
1811	2007-03-15	2.78	2.82	2.74	2.79	89567	0.6	2011	盾安环境	SZ	2.78	0.59	
1814	2007-03-15	2.94	3.07	2.94	3.05	217584	1.45	2012	凯恩股份	SZ	2.93	1.4	
1788	2007-03-15	3.14	3.34	3.11	3.22	120907	0.78	2013	中航精机	SZ	3.11	0.75	
1814	2007-03-15	4.86	4.94	4.84	4.91	45540	1.37	2014	永新股份	SZ	4.84	1.35	
1803	2007-03-15	5.36	5.52	5.35	5.44	61133	3.16	2015	霞客环保	SZ	5.36	3.11	
1810	2007-03-15	2.34	2.41	2.34	2.37	70934	0.69	2016	世荣兆业	SZ	2.35	0.69	
1794	2007-03-15	6.97	7.22	6.92	7.13	55632	4.68	2017	东信和平	SZ	6.99	4.59	
1822	2007-03-15	4.05	4.05	3.92	3.96	39415	0.84	2018	华星化工	SZ	3.98	0.84	
1816	2007-03-15	18.22	19.38	17.51	17.85	28792	12.48	2019	鑫富药业	SZ	17.96	12.55	
1813	2007-03-15	4.24	4.34	4.23	4.26	37174	2.05	2020	京新药业	SZ	4.23	2.04	
1811	2007-03-15	4.17	4.24	4.13	4.19	49383	1.39	2021	中捷股份	SZ	4.2	1.4	
1816	2007-03-15	7.08	7.45	7.03	7.42	140095	2.25	2022	科华生物	SZ	6.87	2.08	
1810	2007-03-15	6.17	6.36	6.17	6.29	34544	2.65	2023	海特高新	SZ	6.21	2.62	
1812	2007-03-15	6.71	6.94	6.66	6.94	165239	0.72	2024	苏宁电器	SZ	6.73	0.7	
1814	2007-03-15	13	13.25	12.93	13.09	41272	6.27	2025	航天电器	SZ	13.07	6.26	
1798	2007-03-15	4.08	4.18	4.08	4.17	59293	2.26	2026	山东威达	SZ	4.08	2.22	
1814	2007-03-15	6.8	7.05	6.8	6.99	123978	6.99	2027	七喜控股	SZ	6.72	6.72	
1816	2007-03-15	12.01	12.1	11.88	12.01	5361	2.85	2028	思源电气	SZ	12.01	2.84	
1812	2007-03-15	4.63	4.83	4.62	4.72	26101	0.86	2029	七 匹 狼	SZ	4.71	0.86	
1814	2007-03-15	3.38	3.49	3.38	3.44	78313	1.08	2030	达安基因	SZ	3.41	1.07	
1809	2007-03-15	6.89	7.05	6.85	6.91	55995	3.3	2031	巨轮股份	SZ	6.93	3.31	
1813	2007-03-15	8.5	8.6	8.27	8.58	27837	2.71	2032	苏 泊 尔	SZ	8.43	2.66	
1778	2007-03-15	9.69	9.82	9.59	9.66	42286	5.22	2033	丽江旅游	SZ	9.72	5.25	
1817	2007-03-15	9.23	9.38	9.21	9.3	21928	8.71	2034	美 欣 达	SZ	9.25	8.66	
1814	2007-03-15	7.64	7.77	7.54	7.61	46404	3.71	2035	华帝股份	SZ	7.63	3.71	
1817	2007-03-15	9.25	9.54	9.22	9.37	37500	4.9	2036	宜科科技	SZ	9.3	4.86	
1805	2007-03-15	5.68	5.76	5.61	5.76	50731	2.06	2037	久联发展	SZ	5.68	2.03	
1836	2007-03-15	5.28	5.63	5.28	5.59	75112	0.98	2038	双鹭药业	SZ	5.34	0.94	
1817	2007-03-15	11.6	11.86	11.37	11.62	11816	11.07	2039	黔源电力	SZ	11.6	11.05	
1814	2007-03-15	6.69	6.93	6.69	6.89	90931	6.67	2040	南 京 港	SZ	6.6	6.39	
1815	2007-03-15	6.16	6.43	6.12	6.42	107332	3.14	2041	登海种业	SZ	6.18	3.02	
1829	2007-03-15	1.93	2.02	1.88	2.02	182158	0.64	2042	华孚色纺	SZ	1.95	0.62	
1812	2007-03-15	2.62	2.68	2.62	2.67	71589	0.77	2043	兔 宝 宝	SZ	2.63	0.76	
1814	2007-03-15	3.58	3.76	3.58	3.68	71976	1.87	2044	江苏三友	SZ	3.58	1.82	
1810	2007-03-15	7.8	7.89	7.62	7.73	29485	3.07	2045	广州国光	SZ	7.73	3.07	
1810	2007-03-15	6.64	7.27	6.63	7.06	110324	2.61	2046	轴研科技	SZ	6.68	2.47	
1815	2007-03-15	4.1	4.18	4.09	4.11	73031	1.93	2047	成霖股份	SZ	4.1	1.92	
1810	2007-03-15	7.83	8.01	7.83	7.93	75169	4.13	2048	宁波华翔	SZ	7.86	4.09	
1783	2007-03-15	9.72	9.92	9.67	9.85	30513	6.11	2049	晶源电子	SZ	9.79	6.07	
1812	2007-03-15	5.84	6.1	5.84	6.05	37809	2.44	2050	三花股份	SZ	5.88	2.37	
1804	2007-03-15	7.4	7.59	7.37	7.53	62874	2.49	2051	中工国际	SZ	7.38	2.44	
1804	2007-03-15	5.87	6.41	5.79	6.41	62252	1.22	2052	同洲电子	SZ	5.82	1.11	
1813	2007-03-15	13.59	14.9	13.55	14.59	77984	14.02	2053	云南盐化	SZ	13.6	13.07	
1815	2007-03-15	5.26	5.49	5.25	5.48	46543	2.24	2054	德美化工	SZ	5.27	2.15	
1810	2007-03-15	5.09	5.3	5.09	5.26	45344	1.46	2055	得润电子	SZ	5.09	1.42	
1814	2007-03-15	11.9	12.43	11.85	12.31	48294	5.95	2056	横店东磁	SZ	11.85	5.73	
1815	2007-03-15	9.71	10.03	9.71	9.94	23138	8.25	2057	中钢天源	SZ	9.71	8.06	
1806	2007-03-15	5.11	5.33	5.11	5.25	37264	2.16	2058	威 尔 泰	SZ	5.13	2.11	
1789	2007-03-15	8.91	9.15	8.91	9	31029	8.74	2059	云南旅游	SZ	8.98	8.72	
1808	2007-03-15	4.75	5.06	4.75	4.97	103650	2.63	2060	粤 水 电	SZ	4.83	2.56	
1805	2007-03-15	12.67	13.53	12.67	13.45	27617	8	2061	江山化工	SZ	12.74	7.58	
1813	2007-03-15	6.1	6.22	6.06	6.09	109600	1.42	2062	宏润建设	SZ	6.11	1.42	
1813	2007-03-15	4.28	4.4	4.22	4.28	156714	0.97	2063	远光软件	SZ	4.33	0.98	
1816	2007-03-15	6.54	6.73	6.5	6.54	61088	1.18	2064	华峰氨纶	SZ	6.54	1.18	
1788	2007-03-15	4.69	4.77	4.68	4.73	80329	0.61	2065	东华软件	SZ	4.73	0.61	
1817	2007-03-15	4.83	4.96	4.82	4.87	37919	1.47	2066	瑞泰科技	SZ	4.86	1.47	
1808	2007-03-15	3.54	3.8	3.54	3.73	421542	1.38	2067	景兴纸业	SZ	3.45	1.27	
1807	2007-03-15	4.27	4.45	4.21	4.33	229035	0.89	2068	黑猫股份	SZ	4.28	0.88	
1808	2007-03-15	13.16	13.59	13.08	13.27	29056	1.79	2069	獐 子 岛	SZ	13.2	1.78	
1812	2007-03-15	4.85	4.9	4.67	4.82	50703	0.99	2070	众和股份	SZ	4.79	0.98	
1810	2007-03-15	6.64	6.8	6.57	6.67	67203	4.34	2071	江苏宏宝	SZ	6.67	4.34	
1805	2007-03-15	5.89	6.23	5.89	6.23	85035	5.62	2072	*ST德棉	SZ	5.87	5.3	
1813	2007-03-15	6.11	6.21	6.1	6.16	21735	0.66	2073	软控股份	SZ	6.11	0.65	
1813	2007-03-15	4.34	4.47	4.34	4.44	47065	1.13	2074	东源电器	SZ	4.34	1.1	
1812	2007-03-15	14.05	14.88	14	14.82	39802	7.86	2076	雪 莱 特	SZ	13.89	7.37	
1796	2007-03-15	7.29	7.5	7.29	7.46	77842	5.13	2077	大港股份	SZ	7.31	5.03	
1809	2007-03-15	7.69	7.92	7.63	7.83	54853	1.96	2078	太阳纸业	SZ	7.64	1.92	
1808	2007-03-15	2.54	2.69	2.54	2.68	228642	0.53	2079	苏州固锝	SZ	2.54	0.5	
1811	2007-03-15	13.14	13.39	13	13.31	64315	5.92	2080	中材科技	SZ	13.2	5.87	
1809	2007-03-15	2.72	2.8	2.7	2.79	82875	0.2	2081	金 螳 螂	SZ	2.75	0.2	
1814	2007-03-15	8.51	8.68	8.44	8.54	22600	3.06	2082	栋梁新材	SZ	8.43	3.02	
1817	2007-03-15	6.46	6.65	6.44	6.59	44856	3.21	2083	孚日股份	SZ	6.51	3.17	
1814	2007-03-15	11.09	11.83	11.09	11.7	47481	4.79	2084	海鸥卫浴	SZ	11.04	4.52	
1789	2007-03-15	8.98	9.32	8.87	8.95	148351	6.94	2085	万丰奥威	SZ	9	6.98	
1814	2007-03-15	6.95	7.2	6.95	7.02	83675	3.4	2086	东方海洋	SZ	6.94	3.37	
1809	2007-03-15	4.43	4.55	4.42	4.51	114526	2.64	2087	新野纺织	SZ	4.42	2.59	
1814	2007-03-15	15.64	15.9	15.48	15.8	15413	7.25	2088	鲁阳股份	SZ	15.66	7.19	
1811	2007-03-15	3.15	3.21	3.14	3.18	92498	0.55	2089	新 海 宜	SZ	3.18	0.55	
1756	2007-03-15	11.8	12.6	11.7	12.47	94420	3.61	2090	金智科技	SZ	11.99	3.47	
1816	2007-03-15	5.58	5.8	5.58	5.76	62352	1.84	2091	江苏国泰	SZ	5.6	1.79	
1803	2007-03-15	4.45	4.62	4.45	4.58	230211	1.39	2092	中泰化学	SZ	4.44	1.35	
1811	2007-03-15	2.24	2.32	2.18	2.28	234362	0.19	2093	国脉科技	SZ	2.27	0.19	
1814	2007-03-15	5.59	5.82	5.49	5.67	109621	1.81	2094	青岛金王	SZ	5.67	1.81	
1817	2007-03-15	18.7	19.73	18.57	19.44	45495	6.87	2095	生 意 宝	SZ	19.16	6.77	
1782	2007-03-15	4.29	4.37	4.29	4.36	20053	0.73	2096	南岭民爆	SZ	4.29	0.72	
1808	2007-03-15	12.15	12.66	12.02	12.54	30009	4.13	2097	山河智能	SZ	12.13	4	
1805	2007-03-15	15	15.4	14.99	15.26	15722	13.67	2098	浔兴股份	SZ	14.95	13.39	
1804	2007-03-15	5.77	5.97	5.75	5.89	34579	1.76	2099	海翔药业	SZ	5.77	1.72	
1824	2007-03-15	8.97	9.13	8.93	8.97	154051	5.1	21	长城开发	SZ	9.03	5.14	
1801	2007-03-15	6.57	6.68	6.42	6.68	79045	1.62	2100	天康生物	SZ	6.07	1.47	
1799	2007-03-15	10.26	10.48	10.2	10.27	12655	4.73	2101	广东鸿图	SZ	10.25	4.72	
1801	2007-03-15	4.64	4.97	4.6	4.92	46849	1.58	2102	冠福家用	SZ	4.67	1.5	
1810	2007-03-15	11.07	11.33	11.07	11.23	16261	8.79	2103	广博股份	SZ	11.06	8.66	
1810	2007-03-15	5.93	6.02	5.91	5.99	26140	2.23	2104	恒宝股份	SZ	5.94	2.21	
1807	2007-03-15	8.75	8.98	8.7	8.9	34597	8.03	2105	信隆实业	SZ	8.77	7.91	
1811	2007-03-15	11.6	11.88	11.57	11.84	44444	3.26	2106	莱宝高科	SZ	11.6	3.19	
1808	2007-03-15	10.2	10.99	10.15	10.8	38485	5.14	2107	沃华医药	SZ	10.2	4.85	
1802	2007-03-15	4.75	5	4.75	4.99	84033	1.05	2108	沧州明珠	SZ	4.73	0.99	
1807	2007-03-15	7.19	7.45	7.15	7.38	42208	2.79	2109	兴化股份	SZ	7.21	2.73	
1802	2007-03-15	11.16	11.46	11.16	11.4	50396	10.83	2110	三钢闽光	SZ	11.2	10.64	
1802	2007-03-15	10.07	10.17	10	10.17	8945	3.07	2111	威海广泰	SZ	10.08	3.05	
1807	2007-03-15	6.8	7.06	6.79	6.98	35233	2.64	2112	三变科技	SZ	6.82	2.58	
1792	2007-03-15	8.81	8.98	8.78	8.96	22333	5.59	2113	ST天润	SZ	8.79	5.48	
1811	2007-03-15	20.36	20.71	20.36	20.55	18634	11.2	2114	罗平锌电	SZ	20.5	11.17	
1802	2007-03-15	4.2	4.27	4.2	4.26	38115	0.81	2115	三维通信	SZ	4.21	0.81	
1809	2007-03-15	13.13	13.59	13.06	13.5	17404	6.33	2116	中国海诚	SZ	13.24	6.21	
1802	2007-03-15	10.4	10.51	10.35	10.49	17706	5.42	2117	东港股份	SZ	10.43	5.39	
1762	2007-03-15	2.75	2.87	2.74	2.84	91050	0.38	2118	紫鑫药业	SZ	2.75	0.37	
1801	2007-03-15	12	12.25	11.99	12.07	24669	5.93	2119	康强电子	SZ	12.07	5.93	
1746	2007-03-15	12.62	12.92	12.45	12.83	14766	5.54	2120	新海股份	SZ	12.85	5.55	
1804	2007-03-15	4.68	4.78	4.68	4.74	49961	0.76	2121	科陆电子	SZ	4.74	0.76	
1837	2007-03-15	20.49	20.58	20.2	20.45	33976	16.6	22	深赤湾Ａ	SZ	20.35	16.52	
1815	2007-03-15	7.66	8.15	7.55	8.07	45221	7.67	23	深天地Ａ	SZ	7.6	7.23	
1837	2007-03-15	19.85	20.2	18.27	19.01	135446	11.55	24	招商地产	SZ	19.17	11.65	
1837	2007-03-15	5.7	6.07	5.7	6.01	49706	6.01	25	特 力Ａ	SZ	5.7	5.7	
1837	2007-03-15	7.79	7.99	7.76	7.88	26456	5.26	26	飞亚达Ａ	SZ	7.89	5.27	
1833	2007-03-15	9.48	9.92	9.42	9.71	205021	7.05	27	深圳能源	SZ	9.5	6.9	
1812	2007-03-15	10	11	10	11	103003	10.68	28	一致药业	SZ	10.05	9.76	
1808	2007-03-15	6.7	7.15	6.69	6.94	154355	6.94	29	深深房Ａ	SZ	6.77	6.77	
1514	2007-03-15	2.92	2.92	2.92	2.92	0	2.92	30	*ST盛润A	SZ	2.92	2.92	
1835	2007-03-15	5.78	6.18	5.78	6.06	669834	5.66	301	东方市场	SZ	5.73	5.36	
1837	2007-03-15	6.28	6.55	6.25	6.38	392195	3.1	31	中粮地产	SZ	6.3	3.06	
1836	2007-03-15	6	6.6	6	6.39	109880	4.92	32	深桑达Ａ	SZ	6.01	4.62	
1831	2007-03-15	5.2	5.71	5.2	5.71	173477	5.71	33	新都酒店	SZ	5.19	5.19	
1632	2007-03-15	3.99	4.19	3.92	4.12	78705	2.65	34	ST深泰	SZ	4.04	2.6	
1828	2007-03-15	3.72	3.82	3.62	3.68	68493	2.92	35	*ST科健	SZ	3.66	2.91	
1838	2007-03-15	7.77	7.98	7.7	7.78	484293	7.78	36	华联控股	SZ	7.65	7.65	
1831	2007-03-15	7.28	7.8	7.28	7.8	56690	7.05	37	深南电Ａ	SZ	7.09	6.41	
1836	2007-03-15	19.59	19.96	19.34	19.83	175755	14.35	39	中集集团	SZ	19.62	14.2	
1774	2007-03-15	6.81	7.07	6.8	6.9	13479	6.9	4	ST国农	SZ	6.88	6.88	
1781	2007-03-15	5.46	5.95	5.4	5.86	203433	5.77	40	深 鸿 基	SZ	5.51	5.42	
1837	2007-03-15	9.42	9.54	9.32	9.52	93298	7.13	400	许继电气	SZ	9.39	7.04	
1835	2007-03-15	7.78	7.97	7.55	7.65	226358	7.41	401	冀东水泥	SZ	7.66	7.42	
