1697	2007-09-18	17.58	17.71	16.82	16.97	414067	7.92	1	深发展Ａ	SZ	17.5	8.17	
1312	2007-09-18	3.7	3.7	3.7	3.7	0	0.93	10	S ST华新	SZ	3.7	0.93	
1657	2007-09-18	2.87	2.88	2.78	2.83	1233858	1.34	100	TCL 集团	SZ	2.86	1.35	
1704	2007-09-18	14.36	14.36	13.87	13.87	24812	12.6	11	深物业A	SZ	14.6	13.26	
1691	2007-09-18	15.22	16.68	15	16.41	169241	8.42	12	南 玻Ａ	SZ	15.23	7.81	
1703	2007-09-18	13.4	13.53	12.81	12.97	45886	8.51	14	沙河股份	SZ	13.39	8.79	
1704	2007-09-18	15.1	15.1	15.1	15.1	0	15.1	150	宜华地产	SZ	15.1	15.1	
1703	2007-09-18	13.9	14.38	13.61	14.35	168740	13.81	151	中成股份	SZ	13.85	13.33	
1705	2007-09-18	7.65	7.84	7.57	7.75	46187	7.67	153	丰原药业	SZ	7.69	7.61	
1704	2007-09-18	12.15	12.38	11.64	12.02	71711	11.68	155	川化股份	SZ	11.98	11.64	
1689	2007-09-18	6.14	6.18	5.91	5.99	253031	0.72	157	中联重科	SZ	6.13	0.74	
1682	2007-09-18	8.88	8.88	8.43	8.67	87108	6.01	158	常山股份	SZ	8.87	6.14	
1662	2007-09-18	8.49	8.88	8.2	8.55	224137	4	159	国际实业	SZ	8.56	4.01	
1702	2007-09-18	4.72	4.74	4.51	4.72	210558	2.32	16	深康佳Ａ	SZ	4.71	2.31	
1674	2007-09-18	10.4	11.44	10.22	11.44	369435	4.66	1696	宗申动力	SZ	10.4	4.23	
1556	2007-09-18	3.49	3.49	3.49	3.49	0	3.49	17	*ST中华A	SZ	3.49	3.49	
1704	2007-09-18	8.14	8.18	7.84	7.95	11192	7.95	18	ST中冠A	SZ	8.14	8.14	
1694	2007-09-18	8.2	8.36	8	8.25	48430	8.25	1896	*ST豫能	SZ	8.08	8.08	
1640	2007-09-18	11.77	11.77	11.77	11.77	0	11.48	19	深深宝Ａ	SZ	11.77	11.48	
1704	2007-09-18	19.96	19.96	19.06	19.19	1982748	10.74	2	万 科Ａ	SZ	19.96	11.17	
1702	2007-09-18	7.8	7.98	7.56	7.68	38282	7.68	20	深华发Ａ	SZ	7.85	7.85	
1676	2007-09-18	7.82	8.16	7.74	8.16	341867	3.44	2001	新 和 成	SZ	7.42	3.12	
1646	2007-09-18	6.72	6.75	6.5	6.6	33098	5.08	2002	ST琼花	SZ	6.72	5.17	
1670	2007-09-18	22.92	22.92	22.19	22.65	6707	8.03	2003	伟星股份	SZ	22.42	7.95	
1675	2007-09-18	9.36	9.43	9.02	9.08	50246	2.73	2004	华邦制药	SZ	9.27	2.79	
1667	2007-09-18	3.09	3.09	2.9	2.96	119875	0.73	2005	德豪润达	SZ	3.09	0.76	
1665	2007-09-18	4.33	4.33	4.07	4.17	175089	0.92	2006	精功科技	SZ	4.28	0.95	
1677	2007-09-18	17.92	18	17.3	17.42	5448	5.45	2007	华兰生物	SZ	17.9	5.6	
1681	2007-09-18	11.73	12.02	11.55	11.7	37824	4.52	2008	大族激光	SZ	11.7	4.52	
1677	2007-09-18	16.64	17.89	16.64	17.3	78704	8.6	2009	天奇股份	SZ	16.75	8.32	
1676	2007-09-18	7.56	7.85	7.38	7.62	40577	2.79	2010	传化股份	SZ	7.57	2.78	
1678	2007-09-18	7.22	7.38	6.69	6.7	55078	1.43	2011	盾安环境	SZ	6.96	1.49	
1681	2007-09-18	4.68	4.69	4.51	4.56	81943	2.17	2012	凯恩股份	SZ	4.68	2.23	
1655	2007-09-18	6.11	6.32	6.04	6.16	30021	1.53	2013	中航精机	SZ	6.08	1.51	
1681	2007-09-18	8	8.09	7.9	7.97	34980	3.14	2014	永新股份	SZ	8.06	3.18	
1670	2007-09-18	7.82	7.82	7.58	7.72	35483	4.48	2015	霞客环保	SZ	7.82	4.54	
1677	2007-09-18	7.43	7.43	7.06	7.11	31683	2.08	2016	世荣兆业	SZ	7.41	2.17	
1661	2007-09-18	9.04	9.08	8.77	9.07	16099	6.13	2017	东信和平	SZ	9.04	6.11	
1689	2007-09-18	5.42	5.45	5.31	5.42	39258	1.52	2018	华星化工	SZ	5.37	1.51	
1683	2007-09-18	38.48	39.9	37.98	39.57	25164	38.83	2019	鑫富药业	SZ	38.18	37.46	
1680	2007-09-18	5.85	5.89	5.57	5.7	47554	2.74	2020	京新药业	SZ	5.83	2.81	
1678	2007-09-18	6.96	7.39	6.85	7.3	190276	2.97	2021	中捷股份	SZ	6.97	2.84	
1683	2007-09-18	16.51	16.56	15.7	16.1	38986	7.49	2022	科华生物	SZ	16.41	7.63	
1677	2007-09-18	7.5	7.66	7.35	7.59	88437	3.28	2023	海特高新	SZ	7.54	3.25	
1679	2007-09-18	14.8	14.83	14	14.22	275919	2.96	2024	苏宁电器	SZ	14.83	3.08	
1681	2007-09-18	14.1	14.1	13.51	13.58	40817	6.5	2025	航天电器	SZ	13.99	6.7	
1665	2007-09-18	5.92	5.94	5.73	5.85	53300	3.21	2026	山东威达	SZ	5.95	3.27	
1681	2007-09-18	8.43	8.49	8.17	8.41	76449	8.41	2027	七喜控股	SZ	8.42	8.42	
1683	2007-09-18	17.6	18.75	17.59	17.59	25334	6.35	2028	思源电气	SZ	18.75	4.44	
1679	2007-09-18	7.79	7.79	7.53	7.61	59066	2.12	2029	七 匹 狼	SZ	7.79	2.17	
1681	2007-09-18	6.71	7.2	6.66	7.07	142013	2.27	2030	达安基因	SZ	6.64	2.13	
1676	2007-09-18	10.73	11.04	10.04	10.37	57714	6.44	2031	巨轮股份	SZ	10.72	5.12	
1680	2007-09-18	14.05	14.05	13.64	13.67	10093	4.4	2032	苏 泊 尔	SZ	14.06	4.52	
1645	2007-09-18	16.75	17.69	16.57	17.54	47960	9.78	2033	丽江旅游	SZ	16.7	9.31	
1684	2007-09-18	11.41	11.44	11.19	11.35	8642	10.86	2034	美 欣 达	SZ	11.48	10.99	
1681	2007-09-18	8.73	8.75	8.48	8.68	32974	5.52	2035	华帝股份	SZ	8.73	5.56	
1684	2007-09-18	18.27	18.36	17.67	17.73	17204	11.25	2036	宜科科技	SZ	18.37	11.65	
1672	2007-09-18	7.58	7.62	7.38	7.54	21945	2.79	2037	久联发展	SZ	7.51	2.77	
1703	2007-09-18	11.31	11.38	10.89	10.95	24559	2.94	2038	双鹭药业	SZ	11.29	3.03	
1684	2007-09-18	16.88	17.25	16.61	16.85	6792	16.19	2039	黔源电力	SZ	16.88	16.22	
1681	2007-09-18	13.78	14.95	13.7	14.78	86142	14.4	2040	南 京 港	SZ	13.8	13.45	
1682	2007-09-18	6.14	6.6	6.14	6.45	111090	3.16	2041	登海种业	SZ	6.06	2.97	
1696	2007-09-18	3.72	3.72	3.72	3.72	0	1.19	2042	华孚色纺	SZ	3.72	1.19	
1679	2007-09-18	3.65	3.65	3.55	3.62	43161	1.13	2043	兔 宝 宝	SZ	3.6	1.12	
1681	2007-09-18	4.7	4.7	4.58	4.65	22686	2.43	2044	江苏三友	SZ	4.65	2.43	
1677	2007-09-18	7.78	7.86	7.58	7.73	40570	3.89	2045	广州国光	SZ	7.81	3.93	
1677	2007-09-18	8.11	8.15	7.83	7.97	37096	3.73	2046	轴研科技	SZ	8.11	3.8	
1682	2007-09-18	4.8	4.82	4.65	4.72	60147	2.46	2047	成霖股份	SZ	4.78	2.49	
1677	2007-09-18	13.55	13.94	13.33	13.66	42122	7.19	2048	宁波华翔	SZ	13.32	7.01	
1650	2007-09-18	9.03	9.09	8.87	9.03	14121	5.67	2049	晶源电子	SZ	9.01	5.67	
1679	2007-09-18	7.91	7.91	7.91	7.91	0	3.28	2050	三花股份	SZ	7.91	3.28	
1671	2007-09-18	11.42	11.75	11.4	11.56	35261	3.92	2051	中工国际	SZ	11.44	3.88	
1671	2007-09-18	8.4	8.43	8	8.07	84270	3.07	2052	同洲电子	SZ	8.16	3.1	
1680	2007-09-18	17.8	17.89	17.25	17.6	24989	17.22	2053	云南盐化	SZ	17.72	17.34	
1682	2007-09-18	10.18	10.46	10.1	10.27	17780	4.23	2054	德美化工	SZ	10.35	4.26	
1677	2007-09-18	8.38	8.42	8.12	8.27	21751	3.08	2055	得润电子	SZ	8.44	3.14	
1681	2007-09-18	18.1	19.07	18.08	18.31	42333	9.05	2056	横店东磁	SZ	18.14	8.97	
1682	2007-09-18	15.09	15.15	14.08	14.25	34586	14.22	2057	中钢天源	SZ	14.95	14.91	
1673	2007-09-18	6	6.03	5.87	5.93	18098	2.46	2058	威 尔 泰	SZ	6.02	2.5	
1656	2007-09-18	11.56	12.08	11.4	12.04	24889	11.83	2059	云南旅游	SZ	11.55	11.35	
1675	2007-09-18	6.63	6.77	6.54	6.66	67173	3.6	2060	粤 水 电	SZ	6.59	3.56	
1672	2007-09-18	15.87	16.3	15.33	16.25	15290	9.92	2061	江山化工	SZ	15.89	9.7	
1680	2007-09-18	9.21	9.58	9.21	9.45	49958	3.35	2062	宏润建设	SZ	9.19	3.26	
1680	2007-09-18	5.07	5.21	5.03	5.18	28542	1.21	2063	远光软件	SZ	5.07	1.18	
1683	2007-09-18	12.38	12.94	12.38	12.59	57872	2.98	2064	华峰氨纶	SZ	12.3	2.91	
1655	2007-09-18	6.84	7.05	6.84	6.92	34067	1.38	2065	东华软件	SZ	6.82	1.36	
1684	2007-09-18	6.39	6.4	6.23	6.33	7588	1.95	2066	瑞泰科技	SZ	6.31	1.94	
1675	2007-09-18	7.2	7.43	7	7.3	172313	3.55	2067	景兴纸业	SZ	7.09	3.45	
1674	2007-09-18	6.93	7.27	6.81	6.89	169517	1.48	2068	黑猫股份	SZ	6.73	1.44	
1675	2007-09-18	12.47	12.5	12	12.13	30442	1.73	2069	獐 子 岛	SZ	12.37	1.77	
1679	2007-09-18	5.08	5.18	5.01	5.06	27380	1.31	2070	众和股份	SZ	5.11	1.32	
1677	2007-09-18	6.25	6.43	6.23	6.3	32479	4.14	2071	江苏宏宝	SZ	6.16	4.05	
1672	2007-09-18	8.05	8.17	7.91	8.17	33719	7.38	2072	*ST德棉	SZ	8.04	7.25	
1680	2007-09-18	7.81	7.98	7.66	7.78	21395	1.69	2073	软控股份	SZ	7.81	1.7	
1680	2007-09-18	6.62	6.7	6.36	6.4	24455	1.98	2074	东源电器	SZ	6.51	2.02	
1679	2007-09-18	18.2	18.82	18.02	18.76	13921	17.99	2076	雪 莱 特	SZ	18.2	17.45	
1663	2007-09-18	13.46	14.39	13.46	14.09	43435	13.7	2077	大港股份	SZ	13.59	13.21	
1676	2007-09-18	12.64	12.64	12.14	12.43	51503	4.06	2078	太阳纸业	SZ	12.64	4.13	
1675	2007-09-18	3.44	3.44	3.29	3.33	63548	0.68	2079	苏州固锝	SZ	3.39	0.7	
1678	2007-09-18	15.5	15.5	14.81	14.91	11149	6.74	2080	中材科技	SZ	15.2	6.86	
1676	2007-09-18	3.88	4	3.86	3.94	36112	0.31	2081	金 螳 螂	SZ	3.86	0.3	
1681	2007-09-18	11.2	11.93	11.2	11.78	39623	6.82	2082	栋梁新材	SZ	11.23	6.5	
1684	2007-09-18	10.67	10.79	10.37	10.5	32292	6.71	2083	孚日股份	SZ	10.64	6.79	
1681	2007-09-18	13.3	13.45	13.09	13.24	20773	5.5	2084	海鸥卫浴	SZ	13.27	5.51	
1656	2007-09-18	9.91	10.3	9.91	10.3	34704	8.79	2085	万丰奥威	SZ	10.05	8.58	
1681	2007-09-18	8.69	8.85	8.57	8.79	20512	4.33	2086	东方海洋	SZ	8.79	4.33	
1676	2007-09-18	5.46	5.51	5.39	5.46	33893	3.2	2087	新野纺织	SZ	5.48	3.2	
1681	2007-09-18	27.53	28.74	27.5	28.56	5823	17.05	2088	鲁阳股份	SZ	27.55	16.44	
1678	2007-09-18	4.1	4.14	3.97	4.02	27621	0.84	2089	新 海 宜	SZ	4.1	0.86	
1623	2007-09-18	9.7	10.09	9.7	9.85	14250	4.46	2090	金智科技	SZ	9.7	4.39	
1683	2007-09-18	6.35	6.35	6.18	6.24	19659	2.58	2091	江苏国泰	SZ	6.3	2.61	
1670	2007-09-18	9.34	9.43	9.07	9.25	76387	2.89	2092	中泰化学	SZ	9.29	2.9	
1678	2007-09-18	8.03	8.31	7.85	7.92	70078	1.3	2093	国脉科技	SZ	7.86	1.29	
1681	2007-09-18	7.48	7.69	7.43	7.66	35716	2.44	2094	青岛金王	SZ	7.43	2.37	
1684	2007-09-18	25.14	25.37	24.26	24.54	11177	8.76	2095	生 意 宝	SZ	25.15	8.98	
1654	2007-09-18	6.31	6.32	6.18	6.23	13262	1.2	2096	南岭民爆	SZ	6.32	1.22	
1680	2007-09-18	33.73	34.59	33.53	33.83	12935	22.32	2097	山河智能	SZ	34.13	22.51	
1677	2007-09-18	17.98	18.64	17.9	18.06	13556	16.24	2098	浔兴股份	SZ	17.96	16.15	
1676	2007-09-18	7.2	7.37	7.16	7.25	22282	3.29	2099	海翔药业	SZ	7.22	3.28	
1691	2007-09-18	11.53	11.6	11.25	11.37	122858	6.68	21	长城开发	SZ	11.47	6.74	
1673	2007-09-18	6.79	6.79	6.79	6.79	0	2.49	2100	天康生物	SZ	6.79	2.49	
1671	2007-09-18	11.3	11.59	11.2	11.52	6603	5.42	2101	广东鸿图	SZ	11.35	5.34	
1673	2007-09-18	9.19	9.66	8.93	9.63	16993	3.17	2102	冠福家用	SZ	9.1	2.99	
1682	2007-09-18	12.48	12.64	12.27	12.5	17369	11.34	2103	广博股份	SZ	12.39	11.24	
1682	2007-09-18	12.71	12.8	12.25	12.4	38350	7.88	2104	恒宝股份	SZ	12.7	8.07	
1679	2007-09-18	9.37	9.38	9.17	9.33	19967	8.53	2105	信隆实业	SZ	9.39	8.58	
1683	2007-09-18	14.58	14.71	14.12	14.35	14053	5.37	2106	莱宝高科	SZ	14.53	5.44	
1680	2007-09-18	12.56	12.59	12.3	12.35	6162	6.11	2107	沃华医药	SZ	12.56	6.21	
1674	2007-09-18	5.71	5.85	5.66	5.77	24683	1.32	2108	沧州明珠	SZ	5.71	1.31	
1679	2007-09-18	8.12	8.16	7.99	8.08	19532	3.31	2109	兴化股份	SZ	8.12	3.32	
1674	2007-09-18	17.85	18.77	17.7	17.96	197987	17.5	2110	三钢闽光	SZ	17.61	17.16	
1674	2007-09-18	12.12	12.12	12.12	12.12	0	3.72	2111	威海广泰	SZ	12.12	3.72	
1679	2007-09-18	7.96	8.1	7.9	8.03	13169	3.09	2112	三变科技	SZ	7.96	3.06	
1664	2007-09-18	10.93	10.98	10.69	10.87	9251	6.78	2113	ST天润	SZ	10.96	6.84	
1683	2007-09-18	23.77	24.98	23.63	24.21	19646	13.19	2114	罗平锌电	SZ	23.78	12.96	
1674	2007-09-18	5.63	5.65	5.39	5.41	30505	1.1	2115	三维通信	SZ	5.62	1.14	
1681	2007-09-18	13.06	13.4	12.93	13.17	10391	6.25	2116	中国海诚	SZ	13.09	6.21	
1674	2007-09-18	11.76	11.76	11.52	11.62	9086	6.14	2117	东港股份	SZ	11.72	6.2	
1634	2007-09-18	4.04	4.07	3.93	3.98	53504	0.64	2118	紫鑫药业	SZ	4.07	0.65	
1673	2007-09-18	11.65	11.65	11.65	11.65	0	5.72	2119	康强电子	SZ	11.65	5.72	
1618	2007-09-18	15.45	15.5	14.97	15.07	10388	11.24	2120	新海股份	SZ	15.27	11.38	
1676	2007-09-18	10.24	10.6	10.05	10.34	23073	3.3	2121	科陆电子	SZ	10.04	3.21	
1683	2007-09-18	14.62	14.62	13.75	13.89	37894	1.64	2122	天马股份	SZ	14.31	1.69	
1682	2007-09-18	12.21	12.21	11.97	12.04	10782	1.64	2123	荣信股份	SZ	12.07	1.64	
1681	2007-09-18	12.2	12.2	11.54	11.83	13079	3.6	2124	天邦股份	SZ	12.2	3.71	
1669	2007-09-18	10.36	10.74	10.25	10.49	12849	6.53	2125	湘潭电化	SZ	10.36	6.45	
1677	2007-09-18	6.7	6.75	6.66	6.7	14639	2.41	2126	银轮股份	SZ	6.7	2.41	
1678	2007-09-18	5.58	5.73	5.57	5.67	22636	1.67	2127	新民科技	SZ	5.58	1.64	
1681	2007-09-18	32.02	32.25	31.07	31.42	27931	16.34	2128	露天煤业	SZ	32.01	16.65	
1673	2007-09-18	8.84	9.04	8.63	9	57641	4.73	2129	中环股份	SZ	8.84	4.64	
1673	2007-09-18	5.71	5.74	5.58	5.61	28837	0.58	2130	沃尔核材	SZ	5.7	0.59	
1595	2007-09-18	8.65	8.65	8.5	8.62	14679	2.04	2131	利欧股份	SZ	8.65	2.05	
1675	2007-09-18	9.43	9.49	8.88	9	23839	2.84	2132	恒星科技	SZ	9.4	2.96	
1676	2007-09-18	8.66	8.87	8.62	8.73	23749	3.18	2133	广宇集团	SZ	8.68	3.16	
1683	2007-09-18	13.83	13.84	13.5	13.59	13321	10.86	2134	天津普林	SZ	13.83	11.05	
1678	2007-09-18	8.17	8.18	7.85	7.93	30973	2.76	2135	东南网架	SZ	8.15	2.84	
1676	2007-09-18	11.5	11.5	11.1	11.25	17475	5.59	2136	安 纳 达	SZ	11.44	5.68	
1678	2007-09-18	11.62	11.71	11.08	11.17	61806	3.23	2137	实 益 达	SZ	11.62	3.36	
1678	2007-09-18	12.96	13.06	12.65	12.84	16977	5.37	2138	顺络电子	SZ	12.99	5.43	
1675	2007-09-18	9.52	9.58	9.29	9.32	18190	2.35	2139	拓邦股份	SZ	9.48	2.39	
1682	2007-09-18	13.84	14.18	13.37	13.45	24393	1.78	2140	东华科技	SZ	13.9	1.84	
1642	2007-09-18	11.5	11.96	11.48	11.7	51006	5.03	2141	蓉胜超微	SZ	11.62	5	
1679	2007-09-18	24.88	25.15	24	25.15	104292	22.51	2142	宁波银行	SZ	24.8	22.2	
1673	2007-09-18	14.57	14.71	14.2	14.3	11308	7.16	2143	高金食品	SZ	14.71	7.36	
1673	2007-09-18	22.62	22.96	21.8	21.86	11877	20.87	2144	宏达高科	SZ	22.62	21.59	
1589	2007-09-18	26.29	26.35	24.91	25.06	27918	25.06	2145	*ST钛白	SZ	26.28	26.28	
1673	2007-09-18	10.14	10.16	9.34	9.71	85740	2.52	2146	荣盛发展	SZ	10.12	2.63	
1651	2007-09-18	45.8	46.5	44.31	44.5	5847	10.45	2147	方圆支承	SZ	45.13	10.59	
1681	2007-09-18	10.68	10.77	10.56	10.72	11443	2.16	2148	北纬通信	SZ	10.68	2.15	
1679	2007-09-18	45.48	48.6	44.82	48.28	22605	47.45	2149	西部材料	SZ	44.8	44.03	
1683	2007-09-18	10.2	10.89	10.2	10.72	34388	2.53	2150	江苏通润	SZ	10.27	2.43	
1670	2007-09-18	18.39	18.59	17.65	17.76	12150	5.52	2151	北斗星通	SZ	18.39	5.72	
1684	2007-09-18	14.55	14.77	14.02	14.21	37673	2.47	2152	广电运通	SZ	14.79	2.57	
1682	2007-09-18	14.85	14.95	14.69	14.79	16073	2.53	2153	石基信息	SZ	14.94	2.56	
1671	2007-09-18	6.79	6.79	6.54	6.6	49952	1.14	2154	报 喜 鸟	SZ	6.73	1.16	
1681	2007-09-18	31.01	31.35	29.04	29.45	155453	10.89	2155	辰州矿业	SZ	30.89	11.42	
1679	2007-09-18	10.71	10.71	10.28	10.36	39918	4.6	2156	通富微电	SZ	10.55	4.68	
1682	2007-09-18	6.2	6.2	6.04	6.07	22268	1.23	2157	正邦科技	SZ	6.2	1.26	
1683	2007-09-18	16.13	16.16	15.67	15.94	24863	8.98	2158	汉钟精机	SZ	16.2	9.13	
1680	2007-09-18	14.93	14.94	14.53	14.63	13406	9.62	2159	三特索道	SZ	14.93	9.81	
1679	2007-09-18	5.22	5.22	4.97	5.05	55459	0.44	2161	远 望 谷	SZ	5.13	0.44	
1682	2007-09-18	13.18	13.18	13.18	13.18	0	11.64	2162	斯 米 克	SZ	13.18	11.64	
1667	2007-09-18	4.43	4.43	4.32	4.38	50982	0.89	2163	中航三鑫	SZ	4.43	0.9	
1681	2007-09-18	9.08	9.67	9.08	9.56	41613	2.99	2164	东力传动	SZ	9.2	2.88	
1680	2007-09-18	6.94	7.49	6.55	7.36	222217	1.05	2165	红 宝 丽	SZ	6.99	1	
1674	2007-09-18	15.73	16.25	15.01	15.79	54863	7.89	2166	莱茵生物	SZ	15.6	7.8	
1676	2007-09-18	10.38	10.92	9.96	10.1	124309	1.89	2167	东方锆业	SZ	10.83	2.03	
1704	2007-09-18	31.2	32.15	30.8	31.75	13750	26.32	22	深赤湾Ａ	SZ	31.1	25.78	
1682	2007-09-18	12.19	12.2	11.5	11.87	21309	11.3	23	深天地Ａ	SZ	12.09	11.51	
1704	2007-09-18	52.35	53.92	50.2	51.33	14465	31.42	24	招商地产	SZ	52.67	32.23	
1704	2007-09-18	20.6	20.6	19.15	19.78	17178	19.78	25	特 力Ａ	SZ	20.48	20.48	
1704	2007-09-18	14.16	14.29	13.79	13.81	13869	9.22	26	飞亚达Ａ	SZ	14.16	9.45	
1700	2007-09-18	24.83	26.23	23.91	24.34	422295	18.04	27	深圳能源	SZ	23.88	17.7	
1679	2007-09-18	17.85	18.21	17.4	17.59	37041	17.21	28	一致药业	SZ	17.96	17.57	
1675	2007-09-18	9.6	10.06	9.55	9.75	183620	9.75	29	深深房Ａ	SZ	9.61	9.61	
1381	2007-09-18	2.92	2.92	2.92	2.92	0	2.92	30	*ST盛润A	SZ	2.92	2.92	
1702	2007-09-18	14.06	14.95	13.68	14.7	470335	13.97	301	东方市场	SZ	14.05	13.36	
1704	2007-09-18	18.25	18.34	17.65	17.69	238932	8.6	31	中粮地产	SZ	18.25	8.87	
1703	2007-09-18	9.4	9.79	9.26	9.69	67383	7.57	32	深桑达Ａ	SZ	9.08	7.09	
1698	2007-09-18	8.17	8.59	8.1	8.52	96689	8.52	33	新都酒店	SZ	8.21	8.21	
1682	2007-09-18	25.67	25.67	24.42	24.77	115688	5.81	338	潍柴动力	SZ	25.72	6.03	
1499	2007-09-18	7.09	7.09	6.77	6.84	48600	4.4	34	ST深泰	SZ	7.12	4.58	
1695	2007-09-18	3.71	3.71	3.71	3.71	0	2.94	35	*ST科健	SZ	3.71	2.94	
1705	2007-09-18	8.42	8.42	8.42	8.42	0	8.42	36	华联控股	SZ	8.42	8.42	
1698	2007-09-18	7.59	7.82	7.55	7.81	40979	7.06	37	深南电Ａ	SZ	7.55	6.83	
1703	2007-09-18	30.61	33.32	30.61	32.29	752323	28.45	39	中集集团	SZ	30.29	26.69	
1641	2007-09-18	9.73	9.96	9.27	9.44	17981	9.44	4	ST国农	SZ	9.76	9.76	
1648	2007-09-18	9.5	9.57	9.13	9.28	182260	9.13	40	深 鸿 基	SZ	9.43	9.28	
1704	2007-09-18	14.54	14.54	14.54	14.54	0	10.89	400	许继电气	SZ	14.54	10.89	
1702	2007-09-18	21.21	22.04	19.9	20.18	79725	19.69	401	冀东水泥	SZ	21.2	20.68	
