379	2012-11-12	8.37	8.52	8.36	8.51	232558	5.25	000001	深发展Ａ	SZ	8.39	5.18	
379	2012-11-12	8.38	8.57	8.37	8.56	475668	8.05	000002	万 科Ａ	SZ	8.38	7.88	
379	2012-11-12	8.07	8.21	8.07	8.2	7445	8.2	000004	ST国农	SZ	8.06	8.06	
379	2012-11-12	3.83	3.9	3.74	3.8	28791	0.95	000010	S ST华新	SZ	3.83	0.96	
379	2012-11-12	6.37	6.58	6.37	6.58	49854	6.58	000011	深物业A	SZ	6.36	6.36	
379	2012-11-12	7.16	7.3	7.09	7.18	74407	6.84	000012	南 玻Ａ	SZ	7.16	6.82	
379	2012-11-12	8.08	8.23	8.08	8.23	28051	8.21	000014	沙河股份	SZ	8.09	8.07	
379	2012-11-12	3.13	3.17	3.13	3.17	29185	3.16	000016	深康佳Ａ	SZ	3.14	3.13	
379	2012-11-12	4.45	4.55	4.19	4.19	121305	4.19	000017	*ST中华A	SZ	4.41	4.41	
379	2012-11-12	6.85	6.85	6.7	6.74	758	6.74	000018	ST中冠A	SZ	6.81	6.81	
379	2012-11-12	7.74	7.79	7.61	7.73	5683	7.54	000019	深深宝Ａ	SZ	7.72	7.53	
379	2012-11-12	6.3	6.39	6.3	6.39	3621	6.39	000020	深华发Ａ	SZ	6.27	6.27	
379	2012-11-12	4.74	4.75	4.68	4.71	13934	4.69	000021	长城开发	SZ	4.71	4.69	
379	2012-11-12	8.66	8.76	8.66	8.72	2302	8.48	000022	深赤湾Ａ	SZ	8.69	8.45	
379	2012-11-12	6.38	6.52	6.37	6.52	5904	6.49	000023	深天地Ａ	SZ	6.4	6.37	
379	2012-11-12	22.14	22.8	22.14	22.57	115708	22.36	000024	招商地产	SZ	22.1	21.89	
379	2012-11-12	5.85	6.36	5.84	6.3	14221	6.3	000025	特 力Ａ	SZ	5.86	5.86	
379	2012-11-12	7.6	7.6	7.46	7.54	13520	7.45	000026	飞亚达Ａ	SZ	7.56	7.47	
379	2012-11-12	5.58	5.65	5.57	5.64	16431	5.55	000027	深圳能源	SZ	5.58	5.5	
379	2012-11-12	31	31.35	29.8	30.05	6093	29.9	000028	一致药业	SZ	31.16	31	
379	2012-11-12	3.5	3.57	3.48	3.57	26687	3.57	000029	深深房Ａ	SZ	3.49	3.49	
379	2012-11-12	8.55	8.55	8.02	8.03	43709	8.03	000030	*ST盛润A	SZ	8.44	8.44	
379	2012-11-12	3.88	3.99	3.86	3.98	85290	3.95	000031	中粮地产	SZ	3.86	3.83	
379	2012-11-12	6.62	6.76	6.59	6.64	18606	6.52	000032	深桑达Ａ	SZ	6.67	6.55	
379	2012-11-12	4.36	4.45	4.36	4.38	7846	4.38	000033	新都酒店	SZ	4.36	4.36	
379	2012-11-12	4.14	4.14	4.07	4.13	12015	4.13	000034	ST深泰	SZ	4.07	4.07	
379	2012-11-12	3.25	3.28	3.22	3.28	67148	3.28	000036	华联控股	SZ	3.25	3.25	
379	2012-11-12	4.45	5.09	4.45	5.09	154985	5.09	000037	深南电Ａ	SZ	4.63	4.63	
379	2012-11-12	9.81	9.91	9.8	9.9	33172	9.72	000039	中集集团	SZ	9.79	9.62	
379	2012-11-12	4.39	4.59	4.38	4.58	107021	4.54	000040	深 鸿 基	SZ	4.4	4.36	
379	2012-11-12	2.06	2.12	2.05	2.11	1719146	2.04	000100	TCL 集团	SZ	2.06	1.99	
379	2012-11-12	4.22	4.27	4.19	4.27	6526	4.27	000150	宜华地产	SZ	4.22	4.22	
379	2012-11-12	6.01	6.45	6	6.28	46874	6.24	000151	中成股份	SZ	6	5.96	
379	2012-11-12	6.35	6.4	6.32	6.4	3939	6.34	000153	丰原药业	SZ	6.35	6.29	
379	2012-11-12	3.97	4	3.88	3.92	31160	3.92	000155	川化股份	SZ	3.98	3.98	
379	2012-11-12	8.27	8.29	8.16	8.27	302771	7.98	000157	中联重科	SZ	8.22	7.93	
379	2012-11-12	3.28	3.38	3.26	3.35	34972	3.35	000158	常山股份	SZ	3.28	3.28	
379	2012-11-12	6.87	6.93	6.83	6.87	15180	6.81	000159	国际实业	SZ	6.86	6.8	
379	2012-11-12	2.95	3.01	2.95	3.01	27859	2.96	000301	东方市场	SZ	2.95	2.9	
379	2012-11-12	20.38	20.96	20.38	20.78	58675	20.47	000338	潍柴动力	SZ	20.33	20.02	
379	2012-11-12	10.84	10.92	10.73	10.89	44166	10.77	000401	冀东水泥	SZ	10.8	10.68	
379	2012-11-12	5.9	5.96	5.87	5.96	99283	5.83	000402	金 融 街	SZ	5.88	5.75	
379	2012-11-12	5.86	5.95	5.84	5.92	17735	5.86	001696	宗申动力	SZ	5.86	5.8	
379	2012-11-12	4.11	4.17	4.07	4.16	8098	4.16	001896	*ST豫能	SZ	4.11	4.11	
379	2012-11-12	18.17	18.4	18.17	18.34	5908	17.87	002001	新 和 成	SZ	18.31	17.84	
379	2012-11-12	8.1	8.16	8.05	8.1	4652	8.1	002002	ST琼花	SZ	8.07	8.07	
379	2012-11-12	11.84	11.84	11.73	11.83	5725	8.14	002003	伟星股份	SZ	11.83	8.14	
379	2012-11-12	14	14.31	13.92	14.09	11046	13.81	002004	华邦制药	SZ	13.95	13.68	
379	2012-11-12	5.94	6.06	5.9	5.98	30638	5.98	002005	德豪润达	SZ	5.94	5.94	
379	2012-11-12	8.1	8.18	8.02	8.14	34188	8.14	002006	精功科技	SZ	8.13	8.13	
379	2012-11-12	22.4	22.58	21.68	21.83	45046	21.75	002007	华兰生物	SZ	22.45	22.37	
379	2012-11-12	7.82	7.85	7.72	7.81	147461	7.71	002008	大族激光	SZ	7.8	7.7	
379	2012-11-12	7.58	7.77	7.58	7.77	16210	7.77	002009	天奇股份	SZ	7.58	7.58	
379	2012-11-12	8.17	8.22	7.97	8.07	15315	7.98	002010	传化股份	SZ	8.15	8.06	
379	2012-11-12	9.25	9.47	9.25	9.41	28900	9.41	002011	盾安环境	SZ	9.25	9.25	
379	2012-11-12	5.4	5.54	5.37	5.48	103758	5.46	002012	凯恩股份	SZ	5.46	5.44	
379	2012-11-12	11.12	11.45	11	11.25	21645	11.21	002013	中航精机	SZ	11.06	11.02	
379	2012-11-12	9	9.08	8.95	9.04	5765	8.52	002014	永新股份	SZ	8.98	8.46	
379	2012-11-12	6.32	6.65	6.32	6.48	16818	6.48	002015	霞客环保	SZ	6.29	6.29	
379	2012-11-12	7.71	7.77	7.36	7.54	19703	5.29	002016	世荣兆业	SZ	7.56	5.31	
379	2012-11-12	9.99	10.1	9.9	9.97	15146	9.93	002017	东信和平	SZ	9.91	9.87	
379	2012-11-12	5.31	5.36	5.22	5.32	29510	3.61	002018	华星化工	SZ	5.32	3.61	
379	2012-11-12	6.82	6.84	6.63	6.75	35512	6.75	002019	鑫富药业	SZ	6.83	6.83	
379	2012-11-12	5.9	6.03	5.9	5.97	26497	2.96	002020	京新药业	SZ	5.89	2.92	
379	2012-11-12	4.06	4.11	4.04	4.08	34816	4.06	002021	中捷股份	SZ	4.06	4.04	
379	2012-11-12	10.77	10.88	10.75	10.82	11930	10.49	002022	科华生物	SZ	10.8	10.47	
379	2012-11-12	9.05	9.18	8.97	9.07	31054	9.01	002023	海特高新	SZ	9.02	8.96	
379	2012-11-12	6.78	6.83	6.63	6.65	327714	6.6	002024	苏宁电器	SZ	6.73	6.68	
379	2012-11-12	11.7	11.86	11.62	11.82	13193	11.67	002025	航天电器	SZ	11.6	11.46	
379	2012-11-12	5.82	5.88	5.81	5.83	3933	4.42	002026	山东威达	SZ	5.82	4.42	
379	2012-11-12	3.87	3.93	3.87	3.91	5947	3.91	002027	七喜控股	SZ	3.87	3.87	
379	2012-11-12	13.48	13.66	13.43	13.66	11669	13.59	002028	思源电气	SZ	13.5	13.43	
379	2012-11-12	11.7	11.8	11.6	11.67	16830	7.71	002029	七 匹 狼	SZ	11.7	7.73	
379	2012-11-12	6.42	6.55	6.42	6.52	19689	5.92	002030	达安基因	SZ	6.45	5.85	
379	2012-11-12	6.41	6.85	6.41	6.77	140380	6.72	002031	巨轮股份	SZ	6.42	6.37	
379	2012-11-12	10.01	10.01	9.86	9.95	1487	9.73	002032	苏 泊 尔	SZ	9.93	9.71	
379	2012-11-12	14.28	14.43	13.85	14.14	10485	10.67	002033	丽江旅游	SZ	14.28	10.78	
379	2012-11-12	8.81	8.98	8.81	8.98	2402	8.77	002034	美 欣 达	SZ	8.8	8.59	
379	2012-11-12	9.04	9.08	8.84	8.99	27232	7.27	002035	华帝股份	SZ	9.02	7.3	
379	2012-11-12	9.9	9.9	9.67	9.72	9694	9.65	002036	宜科科技	SZ	9.72	9.65	
379	2012-11-12	13.59	13.59	13.25	13.44	8910	8.28	002037	久联发展	SZ	13.51	8.33	
379	2012-11-12	32.17	32.55	30.56	31.08	19739	25.8	002038	双鹭药业	SZ	32.17	26.7	
379	2012-11-12	13.28	13.37	13.19	13.22	8338	13.11	002039	黔源电力	SZ	13.22	13.11	
379	2012-11-12	5.03	5.09	5.01	5.06	8264	5.03	002040	南 京 港	SZ	5.07	5.04	
379	2012-11-12	21.66	22.2	21.56	21.9	27404	21.82	002041	登海种业	SZ	21.55	21.47	
379	2012-11-12	3.86	3.92	3.84	3.89	12546	3.87	002042	华孚色纺	SZ	3.86	3.84	
379	2012-11-12	3.77	4.04	3.77	3.96	147788	3.93	002043	兔 宝 宝	SZ	3.76	3.74	
379	2012-11-12	7.44	7.44	7.3	7.41	17201	7.21	002044	江苏三友	SZ	7.44	7.24	
379	2012-11-12	3.53	3.57	3.45	3.48	69547	3.38	002045	广州国光	SZ	3.5	3.4	
379	2012-11-12	7.52	7.58	7.4	7.53	8666	7.48	002046	轴研科技	SZ	7.49	7.44	
379	2012-11-12	2.92	2.99	2.91	2.97	54865	2.97	002047	成霖股份	SZ	2.89	2.89	
379	2012-11-12	6.15	6.2	6.11	6.19	10892	6.16	002048	宁波华翔	SZ	6.15	6.12	
379	2012-11-12	20.64	20.94	20.23	20.58	5822	20.52	002049	晶源电子	SZ	20.72	20.66	
379	2012-11-12	9.76	9.88	9.52	9.86	144459	9.78	002050	三花股份	SZ	9.8	9.72	
379	2012-11-12	28.15	28.74	28.06	28.2	2904	27.93	002051	中工国际	SZ	28.15	27.88	
379	2012-11-12	4.72	4.8	4.69	4.7	44526	2.33	002052	同洲电子	SZ	4.72	2.34	
379	2012-11-12	7.07	7.08	6.6	7.03	8091	7.03	002053	云南盐化	SZ	7.1	7.1	
379	2012-11-12	6.69	6.78	6.65	6.68	3847	6.57	002054	德美化工	SZ	6.67	6.56	
379	2012-11-12	5.52	5.65	5.52	5.61	18559	5.59	002055	得润电子	SZ	5.56	5.54	
379	2012-11-12	13.55	13.65	13.43	13.65	17082	13.65	002056	横店东磁	SZ	13.49	13.49	
379	2012-11-12	10.9	11.04	10.86	10.95	1940	10.95	002057	中钢天源	SZ	10.89	10.89	
379	2012-11-12	5.57	5.7	5.57	5.69	8964	4.92	002058	威 尔 泰	SZ	5.58	4.83	
379	2012-11-12	8	8.05	7.95	8.05	4395	8.01	002059	云南旅游	SZ	8	7.96	
379	2012-11-12	4.25	4.52	4.25	4.37	106853	3.62	002060	粤 水 电	SZ	4.18	3.47	
379	2012-11-12	5.51	5.61	5.51	5.59	25378	3.68	002061	江山化工	SZ	5.5	3.62	
379	2012-11-12	4.6	4.67	4.6	4.66	13488	3.24	002062	宏润建设	SZ	4.64	3.22	
379	2012-11-12	13.53	14.05	13.53	14.05	14153	13.88	002063	远光软件	SZ	13.72	13.55	
379	2012-11-12	4.7	4.75	4.68	4.74	28042	4.68	002064	华峰氨纶	SZ	4.7	4.64	
379	2012-11-12	13.92	14.15	13.8	14.12	19639	14	002065	东华软件	SZ	13.84	13.72	
379	2012-11-12	4.95	4.96	4.86	4.93	11451	4.88	002066	瑞泰科技	SZ	4.87	4.82	
379	2012-11-12	2.52	2.63	2.52	2.62	378019	2.62	002067	景兴纸业	SZ	2.54	2.54	
379	2012-11-12	6.27	6.28	6.15	6.2	39186	6.07	002068	黑猫股份	SZ	6.24	6.11	
379	2012-11-12	16.96	17.48	16.96	17.45	19953	17.04	002069	獐 子 岛	SZ	17.06	16.66	
379	2012-11-12	6.38	6.48	6.23	6.28	27846	4.83	002070	众和股份	SZ	6.37	4.9	
379	2012-11-12	5.69	5.78	5.65	5.77	9474	5.77	002071	江苏宏宝	SZ	5.65	5.65	
379	2012-11-12	6.45	6.55	6.42	6.52	62984	6.5	002073	软控股份	SZ	6.42	6.4	
379	2012-11-12	5.75	5.8	5.7	5.77	9306	5.75	002074	东源电器	SZ	5.74	5.72	
379	2012-11-12	6.39	6.39	6.26	6.29	4950	6.15	002076	雪 莱 特	SZ	6.26	6.12	
379	2012-11-12	5.47	5.6	5.47	5.59	15228	5.52	002077	大港股份	SZ	5.47	5.4	
379	2012-11-12	4.88	5.02	4.88	5.01	28739	4.91	002078	太阳纸业	SZ	4.9	4.8	
379	2012-11-12	4.68	4.78	4.61	4.72	40450	4.71	002079	苏州固锝	SZ	4.62	4.61	
379	2012-11-12	7.94	7.94	7.63	7.8	27792	7.68	002080	中材科技	SZ	8.06	7.93	
379	2012-11-12	22.33	22.79	21.77	22.33	44945	14.8	002081	金 螳 螂	SZ	22.33	14.8	
379	2012-11-12	6.65	6.71	6.62	6.71	4711	6.62	002082	栋梁新材	SZ	6.62	6.54	
379	2012-11-12	3.69	3.74	3.68	3.74	25599	3.74	002083	孚日股份	SZ	3.69	3.69	
379	2012-11-12	5.35	5.5	5.35	5.5	138128	4.93	002084	海鸥卫浴	SZ	5.37	4.82	
379	2012-11-12	8.33	8.46	8.21	8.36	5801	8.11	002085	万丰奥威	SZ	8.23	7.98	
379	2012-11-12	11.96	12.14	11.89	12.04	26081	12.04	002086	东方海洋	SZ	11.9	11.9	
379	2012-11-12	3.39	3.44	3.39	3.42	18258	3.42	002087	新野纺织	SZ	3.4	3.4	
379	2012-11-12	8.2	8.29	8.2	8.28	3721	8.17	002088	鲁阳股份	SZ	8.23	8.12	
379	2012-11-12	6.7	6.71	6.58	6.68	46991	6.6	002089	新 海 宜	SZ	6.69	6.61	
379	2012-11-12	7.34	7.34	7.21	7.3	12751	7.22	002090	金智科技	SZ	7.25	7.17	
379	2012-11-12	8.16	8.24	8.13	8.22	15444	8.14	002091	江苏国泰	SZ	8.12	8.04	
379	2012-11-12	7.05	7.11	7.04	7.09	33192	6.85	002092	中泰化学	SZ	7.05	6.81	
379	2012-11-12	4.35	4.38	4.32	4.35	20522	4.34	002093	国脉科技	SZ	4.33	4.32	
379	2012-11-12	8.35	8.69	8.35	8.46	25688	8.46	002094	青岛金王	SZ	8.35	8.35	
379	2012-11-12	12.5	13.22	12.5	12.76	42484	12.7	002095	生 意 宝	SZ	12.02	11.97	
379	2012-11-12	11.97	12.39	11.9	12.09	49934	12.04	002096	南岭民爆	SZ	12.1	12.05	
379	2012-11-12	6.73	6.83	6.66	6.78	14327	6.75	002097	山河智能	SZ	6.75	6.72	
379	2012-11-12	7.11	7.45	6.89	7.13	49284	7.03	002098	浔兴股份	SZ	6.9	6.81	
379	2012-11-12	6.41	6.47	6.38	6.44	13842	6.44	002099	海翔药业	SZ	6.41	6.41	
379	2012-11-12	6.96	7.05	6.88	7	13108	5.36	002100	天康生物	SZ	6.99	5.35	
379	2012-11-12	8.95	9.03	8.9	8.97	2358	8.78	002101	广东鸿图	SZ	8.91	8.72	
379	2012-11-12	4.3	4.37	4.16	4.19	106498	4.19	002102	冠福家用	SZ	4.34	4.34	
379	2012-11-12	5.52	5.61	5.52	5.59	2595	5.55	002103	广博股份	SZ	5.57	5.53	
379	2012-11-12	9.88	10.07	9.7	9.95	28995	9.88	002104	恒宝股份	SZ	9.88	9.81	
379	2012-11-12	4.36	4.45	4.31	4.43	9169	4.35	002105	信隆实业	SZ	4.36	4.28	
379	2012-11-12	16.02	16.24	15.88	15.96	22312	15.86	002106	莱宝高科	SZ	15.98	15.88	
379	2012-11-12	8.38	8.47	8.37	8.46	4131	8.46	002107	沃华医药	SZ	8.39	8.39	
379	2012-11-12	7.58	7.67	7.55	7.62	4775	7.49	002108	沧州明珠	SZ	7.59	7.46	
379	2012-11-12	7.35	7.42	7.26	7.37	24830	7.26	002109	兴化股份	SZ	7.36	7.25	
379	2012-11-12	4.89	5	4.85	4.93	6005	4.93	002110	三钢闽光	SZ	4.85	4.85	
379	2012-11-12	7.56	7.8	7.56	7.68	12562	7.6	002111	威海广泰	SZ	7.58	7.5	
379	2012-11-12	4.01	4.07	3.94	4.01	11508	2.22	002112	三变科技	SZ	3.98	2.21	
379	2012-11-12	7.48	7.58	7.4	7.58	3814	7.58	002113	ST天润	SZ	7.49	7.49	
379	2012-11-12	5.66	5.74	5.63	5.64	5671	4.64	002115	三维通信	SZ	5.63	4.63	
379	2012-11-12	13.2	13.44	12.65	12.7	11973	12.47	002116	中国海诚	SZ	13.15	12.92	
379	2012-11-12	4.85	4.92	4.85	4.9	9278	3.26	002117	东港股份	SZ	4.83	3.22	
379	2012-11-12	7.92	7.93	7.86	7.91	17156	7.91	002118	紫鑫药业	SZ	7.88	7.88	
379	2012-11-12	6.15	6.15	6.02	6.11	4891	6.07	002119	康强电子	SZ	6.11	6.07	
379	2012-11-12	8.86	8.96	8.74	8.81	18712	8.71	002120	新海股份	SZ	8.87	8.77	
379	2012-11-12	7.69	7.78	7.61	7.78	21810	7.74	002121	科陆电子	SZ	7.66	7.62	
379	2012-11-12	5.53	5.65	5.53	5.64	24593	5.54	002122	天马股份	SZ	5.57	5.47	
379	2012-11-12	8.32	8.39	8.23	8.35	33918	8.35	002123	荣信股份	SZ	8.31	8.31	
379	2012-11-12	8.18	8.4	8.02	8.28	125099	8.19	002124	天邦股份	SZ	8.18	8.09	
379	2012-11-12	5.51	5.57	5.35	5.45	16179	5.42	002126	银轮股份	SZ	5.51	5.48	
379	2012-11-12	3.73	3.77	3.73	3.77	11293	3.77	002127	新民科技	SZ	3.73	3.73	
379	2012-11-12	12.9	13.19	12.9	13.19	20485	12.99	002128	露天煤业	SZ	12.9	12.71	
379	2012-11-12	11.92	12.15	11.92	12	16170	12	002129	中环股份	SZ	12.06	12.06	
379	2012-11-12	6.82	6.88	6.79	6.86	18475	5.23	002130	沃尔核材	SZ	6.79	5.17	
379	2012-11-12	4.95	4.99	4.88	4.91	26764	4.86	002132	恒星科技	SZ	4.98	4.93	
379	2012-11-12	4.37	4.47	4.32	4.46	138383	4.29	002133	广宇集团	SZ	4.35	4.19	
379	2012-11-12	5.6	5.67	5.51	5.64	31643	5.64	002134	天津普林	SZ	5.6	5.6	
379	2012-11-12	5.46	5.57	5.41	5.47	23982	5.45	002135	东南网架	SZ	5.45	5.43	
379	2012-11-12	8.98	9.18	8.98	9.18	22196	9.18	002136	安 纳 达	SZ	8.98	8.98	
379	2012-11-12	4.14	4.2	4.14	4.18	12969	3.08	002137	实 益 达	SZ	4.14	3.05	
379	2012-11-12	12.59	12.75	11.81	12.06	29791	11.93	002138	顺络电子	SZ	12.38	12.25	
379	2012-11-12	6.16	6.23	6.07	6.13	23429	6.02	002139	拓邦股份	SZ	6.21	6.1	
379	2012-11-12	20.6	21.13	20.58	21.13	4956	21.1	002140	东华科技	SZ	20.58	20.55	
379	2012-11-12	4.83	4.86	4.78	4.85	6766	4.85	002141	蓉胜超微	SZ	4.83	4.83	
379	2012-11-12	8.95	9.09	8.94	9.09	52374	8.86	002142	宁波银行	SZ	8.92	8.7	
379	2012-11-12	5.5	5.55	5.47	5.55	3774	5.55	002143	高金食品	SZ	5.46	5.46	
379	2012-11-12	11.64	11.83	11.63	11.66	6077	11.57	002144	宏达高科	SZ	11.64	11.55	
379	2012-11-12	8.67	8.73	8.38	8.38	95899	8.38	002145	*ST钛白	SZ	8.82	8.82	
379	2012-11-12	10.2	10.7	10.12	10.65	163583	10.56	002146	荣盛发展	SZ	10.15	10.07	
379	2012-11-12	5.67	5.7	5.62	5.69	7856	5.6	002147	方圆支承	SZ	5.66	5.57	
379	2012-11-12	7.04	7.15	7.01	7.11	27200	3.51	002148	北纬通信	SZ	7.11	3.51	
379	2012-11-12	11.19	11.4	11.19	11.29	8297	11.24	002149	西部材料	SZ	11.15	11.1	
379	2012-11-12	5.33	5.42	5.31	5.35	4611	5.25	002150	江苏通润	SZ	5.31	5.21	
379	2012-11-12	17.3	17.87	17.3	17.5	21984	17.48	002151	北斗星通	SZ	17.3	17.28	
379	2012-11-12	10.77	10.94	10.77	10.85	8576	8.86	002152	广电运通	SZ	10.8	8.82	
379	2012-11-12	20.52	21.08	20.52	20.68	2156	20.6	002153	石基信息	SZ	20.76	20.68	
379	2012-11-12	9.4	9.5	9.36	9.45	32564	9.22	002154	报 喜 鸟	SZ	9.47	9.24	
379	2012-11-12	15.61	15.71	15.29	15.54	82490	11.86	002155	辰州矿业	SZ	15.54	11.86	
379	2012-11-12	3.84	3.91	3.84	3.9	15376	3.88	002156	通富微电	SZ	3.84	3.82	
379	2012-11-12	7.96	8.11	7.95	8.07	21132	8.02	002157	正邦科技	SZ	7.94	7.89	
379	2012-11-12	10.92	11	10.82	11	49116	9.82	002158	汉钟精机	SZ	10.91	9.74	
379	2012-11-12	12.65	12.95	12.63	12.73	1643	12.66	002159	三特索道	SZ	12.64	12.57	
379	2012-11-12	6.6	6.64	6.49	6.56	74497	6.52	002161	远 望 谷	SZ	6.59	6.55	
379	2012-11-12	5.62	5.75	5.62	5.72	15830	5.72	002162	斯 米 克	SZ	5.62	5.62	
379	2012-11-12	3.47	3.57	3.47	3.54	22319	3.54	002163	中航三鑫	SZ	3.47	3.47	
379	2012-11-12	4.53	4.65	4.48	4.57	35252	4.57	002164	东力传动	SZ	4.49	4.49	
379	2012-11-12	4.43	4.49	4.41	4.45	11175	4.39	002165	红 宝 丽	SZ	4.42	4.36	
379	2012-11-12	11.92	12.09	11.91	12.05	4371	12.05	002166	莱茵生物	SZ	11.92	11.92	
379	2012-11-12	12.75	13.01	12.65	13.01	53979	13.01	002167	东方锆业	SZ	12.87	12.87	
379	2012-11-12	7.87	7.99	7.85	7.91	9134	7.86	002168	深圳惠程	SZ	7.87	7.82	
379	2012-11-12	5.18	5.18	4.9	4.98	36594	4.98	002169	智光电气	SZ	5.1	5.1	
379	2012-11-12	4.16	4.34	4.14	4.28	49761	2.3	002170	芭田股份	SZ	4.08	2.19	
379	2012-11-12	9.26	9.32	9.22	9.3	8906	9.3	002171	精诚铜业	SZ	9.22	9.22	
378	2012-11-12	3.65	3.74	3.65	3.73	15634	3.73	002172	澳洋科技	SZ	3.69	3.69	
379	2012-11-12	7.98	8.1	7.94	8.03	9989	8.03	002173	山 下 湖	SZ	7.95	7.95	
379	2012-11-12	15.55	15.57	15.21	15.4	4234	15.39	002174	梅 花 伞	SZ	15.46	15.45	
379	2012-11-12	8.4	8.56	8.3	8.47	1654	8.47	002175	广陆数测	SZ	8.46	8.46	
379	2012-11-12	8.14	8.24	8.13	8.2	18890	8.19	002176	江特电机	SZ	8.14	8.13	
379	2012-11-12	3.96	4.02	3.96	3.99	44159	3.06	002177	御银股份	SZ	3.96	3.04	
379	2012-11-12	8.59	8.59	8.42	8.5	2944	8.47	002178	延华智能	SZ	8.46	8.43	
379	2012-11-12	13.34	13.64	13.18	13.63	26654	13.54	002179	中航光电	SZ	13.23	13.14	
379	2012-11-12	10.58	10.65	10.45	10.65	7516	10.6	002180	万 力 达	SZ	10.49	10.44	
379	2012-11-12	8.33	8.42	8.3	8.39	12153	8.31	002181	粤 传 媒	SZ	8.31	8.23	
379	2012-11-12	8.54	8.63	8.51	8.63	18881	8.57	002182	云海金属	SZ	8.54	8.49	
379	2012-11-12	4.24	4.34	4.24	4.32	30434	4.29	002183	怡 亚 通	SZ	4.23	4.2	
379	2012-11-12	5.47	5.54	5.45	5.52	3024	5.47	002184	海得控制	SZ	5.47	5.42	
379	2012-11-12	4.75	4.79	4.73	4.78	13605	4.75	002185	华天科技	SZ	4.73	4.7	
379	2012-11-12	15.84	16.02	15.81	15.85	8924	7.72	002186	全 聚 德	SZ	15.81	7.7	
379	2012-11-12	7.24	7.3	7.23	7.29	9039	7.11	002187	广百股份	SZ	7.25	7.07	
379	2012-11-12	9.3	9.83	9.08	9.83	68779	9.83	002188	新 嘉 联	SZ	9.34	9.34	
379	2012-11-12	7.56	7.6	7.43	7.49	7375	7.47	002189	利达光电	SZ	7.47	7.45	
379	2012-11-12	9.5	9.59	9.5	9.56	6602	9.38	002191	劲嘉股份	SZ	9.53	9.35	
379	2012-11-12	14.88	14.9	14.6	14.75	2048	14.75	002192	路翔股份	SZ	14.71	14.71	
379	2012-11-12	8.85	9.04	8.8	8.97	16523	8.97	002193	山东如意	SZ	9.02	9.02	
379	2012-11-12	5.97	6	5.93	5.98	4477	5.87	002194	武汉凡谷	SZ	5.95	5.84	
379	2012-11-12	12.38	12.54	12.38	12.52	3022	12.4	002195	海隆软件	SZ	12.38	12.26	
379	2012-11-12	10.61	10.77	10.48	10.6	2579	10.38	002196	方正电机	SZ	10.65	10.43	
379	2012-11-12	7.8	7.95	7.8	7.92	4128	7.87	002197	证通电子	SZ	7.85	7.81	
379	2012-11-12	4.05	4.23	4.05	4.14	8368	2.05	002198	嘉应制药	SZ	4.1	2.02	
379	2012-11-12	6.28	6.28	6.01	6.09	12311	6.09	002199	东晶电子	SZ	6.07	6.07	
379	2012-11-12	11.26	11.82	11.26	11.52	18992	11.52	002200	绿 大 地	SZ	11.26	11.26	
379	2012-11-12	6.32	6.38	6.32	6.38	3717	6.38	002201	九鼎新材	SZ	6.32	6.32	
379	2012-11-12	5.45	5.54	5.45	5.52	59451	5.47	002202	金风科技	SZ	5.44	5.39	
379	2012-11-12	6.92	7.03	6.9	6.96	9397	6.87	002203	海亮股份	SZ	6.93	6.84	
379	2012-11-12	7.77	7.85	7.59	7.63	18484	5.04	002204	华锐铸钢	SZ	7.76	5.12	
379	2012-11-12	12.9	13.26	12.85	13.1	6456	13.05	002205	国统股份	SZ	12.95	12.9	
379	2012-11-12	5.15	5.21	5.12	5.15	19117	4.87	002206	海 利 得	SZ	5.14	4.87	
379	2012-11-12	11.64	11.7	11.4	11.53	10605	11.48	002207	准油股份	SZ	11.65	11.6	
379	2012-11-12	6.31	6.73	6.31	6.57	77828	6.43	002208	合肥城建	SZ	6.39	6.26	
379	2012-11-12	6.53	6.65	6.53	6.62	2045	6.59	002209	达 意 隆	SZ	6.58	6.55	
379	2012-11-12	4.65	4.69	4.61	4.68	7095	4.65	002210	飞马国际	SZ	4.64	4.61	
379	2012-11-12	4.5	4.52	4.47	4.5	8293	4.43	002212	南洋股份	SZ	4.47	4.4	
379	2012-11-12	6.35	6.47	6.28	6.4	3361	6.36	002213	特 尔 佳	SZ	6.38	6.34	
379	2012-11-12	7.64	7.72	7.56	7.64	10514	3.77	002214	大立科技	SZ	7.64	3.77	
379	2012-11-12	4.85	4.89	4.82	4.89	17831	3.22	002215	诺 普 信	SZ	4.84	3.19	
379	2012-11-12	11.07	11.19	10.81	10.85	17676	5.35	002216	三全食品	SZ	11.06	5.46	
379	2012-11-12	5.3	5.4	5.09	5.16	190186	5.16	002217	联合化工	SZ	5.2	5.2	
379	2012-11-12	6.4	6.44	6.34	6.39	18159	6.39	002218	拓日新能	SZ	6.37	6.37	
379	2012-11-12	9.4	9.49	9.33	9.44	5278	6.73	002219	独 一 味	SZ	9.36	6.67	
379	2012-11-12	6.48	6.52	6.36	6.42	8277	6.42	002220	天宝股份	SZ	6.47	6.47	
379	2012-11-12	5.4	5.66	5.4	5.59	103617	2.78	002221	东华能源	SZ	5.4	2.69	
379	2012-11-12	6.06	6.13	6.06	6.1	4163	6.02	002222	福晶科技	SZ	6.06	5.98	
379	2012-11-12	14.6	14.79	14.01	14.12	26073	14.06	002223	鱼跃医疗	SZ	14.69	14.62	
379	2012-11-12	5.39	5.53	5.39	5.52	12846	3.64	002224	三 力 士	SZ	5.39	3.55	
379	2012-11-12	6.87	6.96	6.78	6.87	27967	6.82	002225	濮耐股份	SZ	6.9	6.85	
379	2012-11-12	12.05	12.3	12.05	12.21	12821	11.92	002226	江南化工	SZ	12.05	11.76	
379	2012-11-12	17.89	18.4	17.89	18.2	4061	18.12	002227	奥 特 迅	SZ	17.89	17.81	
379	2012-11-12	4.64	4.65	4.58	4.64	6722	4.57	002228	合兴包装	SZ	4.58	4.51	
379	2012-11-12	5.54	5.65	5.54	5.59	13921	5.55	002229	鸿博股份	SZ	5.56	5.52	
379	2012-11-12	28.92	29.37	28.45	28.8	40935	16.8	002230	科大讯飞	SZ	28.79	16.79	
379	2012-11-12	6.7	6.77	6.67	6.72	9964	6.72	002231	奥维通信	SZ	6.69	6.69	
379	2012-11-12	6.57	6.85	6.57	6.8	26133	6.79	002232	启明信息	SZ	6.62	6.61	
379	2012-11-12	7.87	7.96	7.7	7.82	33980	7.74	002233	塔牌集团	SZ	7.87	7.79	
379	2012-11-12	10.01	10.15	9.51	9.61	21528	9.61	002234	民和股份	SZ	10.15	10.15	
379	2012-11-12	7.3	7.38	7.26	7.31	5990	7.08	002235	安妮股份	SZ	7.28	7.05	
379	2012-11-12	20	20.33	19.84	20.08	16353	10	002236	大华股份	SZ	20.05	9.98	
379	2012-11-12	22.45	22.86	22.02	22.62	129227	22.62	002237	恒邦股份	SZ	22.41	22.41	
379	2012-11-12	10.99	11.13	10.96	11.05	8173	10.97	002238	天威视讯	SZ	11	10.92	
379	2012-11-12	9.46	9.59	9.31	9.52	13462	9.51	002239	金 飞 达	SZ	9.46	9.45	
378	2012-11-12	4.2	4.2	4.2	4.2	70645	4.2	002240	威华股份	SZ	3.82	3.82	
379	2012-11-12	19.97	20.1	19.43	19.5	43794	10.8	002241	歌尔声学	SZ	20	11.07	
379	2012-11-12	6.68	6.75	6.68	6.74	5874	6.05	002242	九阳股份	SZ	6.69	6	
379	2012-11-12	6.68	6.68	6.61	6.67	2389	6.65	002243	通产丽星	SZ	6.6	6.58	
379	2012-11-12	8.34	8.67	8.33	8.65	127727	8.57	002244	滨江集团	SZ	8.28	8.21	
379	2012-11-12	5.5	5.6	5.5	5.6	8057	5.52	002245	澳洋顺昌	SZ	5.5	5.43	
379	2012-11-12	7.71	7.82	7.69	7.81	1756	7.78	002246	北化股份	SZ	7.72	7.7	
379	2012-11-12	5.57	5.59	5.5	5.53	4909	2.7	002247	帝龙新材	SZ	5.53	2.7	
379	2012-11-12	7.2	7.3	7.18	7.23	10346	7.23	002248	华东数控	SZ	7.26	7.26	
379	2012-11-12	6.06	6.13	6	6.1	9292	6.02	002249	大洋电机	SZ	6.02	5.94	
379	2012-11-12	19.1	19.18	18.7	18.85	4058	18.77	002250	联化科技	SZ	19.1	19.02	
379	2012-11-12	11.74	11.74	11.5	11.6	4078	6.05	002251	步 步 高	SZ	11.7	6.1	
379	2012-11-12	13.06	13.26	12.9	13.08	11429	13.03	002252	上海莱士	SZ	13.06	13.01	
379	2012-11-12	13.18	13.43	13.18	13.32	5372	13.19	002253	川大智胜	SZ	13.18	13.05	
379	2012-11-12	6.35	6.38	6.28	6.35	11408	4.88	002254	烟台氨纶	SZ	6.34	4.88	
379	2012-11-12	13.88	13.99	13.77	13.85	7346	13.78	002255	海陆重工	SZ	13.98	13.91	
379	2012-11-12	4.8	4.84	4.76	4.81	18177	4.8	002256	彩虹精化	SZ	4.79	4.78	
379	2012-11-12	10.13	10.13	10.01	10.09	2852	10.01	002258	利尔化学	SZ	10.06	9.98	
379	2012-11-12	3.21	3.41	3.21	3.41	415040	3.41	002259	升达林业	SZ	3.1	3.1	
379	2012-11-12	5.79	5.96	5.79	5.92	12555	5.85	002260	伊 立 浦	SZ	5.83	5.76	
379	2012-11-12	8.04	8.15	8.02	8.1	18604	8.09	002261	拓维信息	SZ	8.02	8.01	
379	2012-11-12	20.45	20.78	20.17	20.44	9808	16.31	002262	恩华药业	SZ	20.72	16.53	
379	2012-11-12	4.77	4.87	4.74	4.86	25020	4.05	002263	大 东 南	SZ	4.74	3.95	
379	2012-11-12	5.39	5.44	5.35	5.42	19633	5.38	002264	新 华 都	SZ	5.38	5.34	
379	2012-11-12	5.78	5.85	5.7	5.79	3450	5.79	002265	西仪股份	SZ	5.71	5.71	
379	2012-11-12	3	3.03	2.97	3.01	35854	1.49	002266	浙富股份	SZ	3.01	1.49	
379	2012-11-12	8.15	8.25	8.02	8.1	19557	7.96	002267	陕天然气	SZ	8.12	7.98	
379	2012-11-12	9.79	10.05	9.79	9.88	10645	9.88	002268	卫 士 通	SZ	9.79	9.79	
379	2012-11-12	13.32	13.5	13.28	13.43	23894	12.75	002269	美邦服饰	SZ	13.26	12.59	
379	2012-11-12	5.72	5.78	5.7	5.77	6195	5.69	002270	法因数控	SZ	5.69	5.61	
379	2012-11-12	14.46	14.76	14.2	14.46	13983	14.22	002271	东方雨虹	SZ	14.53	14.29	
379	2012-11-12	6.55	6.65	6.55	6.61	21121	6.6	002272	川润股份	SZ	6.55	6.54	
379	2012-11-12	13.25	13.57	13.06	13.25	15400	8.77	002273	水晶光电	SZ	13.4	8.87	
379	2012-11-12	6.41	6.49	6.37	6.44	4955	6.44	002274	华昌化工	SZ	6.37	6.37	
379	2012-11-12	14.23	14.26	13.94	14.11	6960	13.26	002275	桂林三金	SZ	14.22	13.36	
379	2012-11-12	5.43	5.5	5.37	5.41	17405	5.36	002276	万马电缆	SZ	5.42	5.37	
379	2012-11-12	9.34	9.4	9.15	9.18	39931	9.09	002277	友阿股份	SZ	9.37	9.28	
379	2012-11-12	9.88	9.99	9.77	9.94	15613	8.93	002278	神开股份	SZ	9.78	8.79	
379	2012-11-12	7.71	7.91	7.69	7.82	7968	7.67	002279	久其软件	SZ	7.73	7.58	
379	2012-11-12	10.22	10.33	10.22	10.28	1657	9.9	002280	新世纪	SZ	10.26	9.88	
379	2012-11-12	15.88	16.09	15.88	16.02	3722	15.88	002281	光迅科技	SZ	15.89	15.75	
379	2012-11-12	7.59	7.64	7.52	7.56	4684	7.51	002282	博深工具	SZ	7.6	7.55	
379	2012-11-12	6	6.06	5.89	5.94	35524	5.92	002283	天润曲轴	SZ	6	5.98	
379	2012-11-12	5.72	5.8	5.68	5.78	3066	5.72	002284	亚太股份	SZ	5.73	5.67	
379	2012-11-12	9.08	9.21	9.02	9.19	12677	6.9	002285	世联地产	SZ	9.12	6.84	
379	2012-11-12	12.56	12.82	12.56	12.77	4257	12.66	002286	保龄宝	SZ	12.67	12.56	
379	2012-11-12	15.35	15.42	15.23	15.39	2633	15.17	002287	奇正藏药	SZ	15.4	15.18	
379	2012-11-12	8.87	9.12	8.86	8.98	50326	7.46	002288	超华科技	SZ	9	7.49	
379	2012-11-12	11.4	11.55	11.31	11.41	9662	11.41	002289	宇顺电子	SZ	11.36	11.36	
379	2012-11-12	8.75	9	8.74	8.89	14507	8.79	002290	禾盛新材	SZ	8.7	8.6	
379	2012-11-12	5.62	5.68	5.62	5.68	3418	5.68	002291	星期六	SZ	5.64	5.64	
379	2012-11-12	12.56	12.57	12.41	12.47	17536	8.28	002292	奥飞动漫	SZ	12.54	8.33	
379	2012-11-12	20.26	20.42	20.08	20.3	6044	9.88	002293	罗莱家纺	SZ	20.17	9.82	
379	2012-11-12	25.25	25.33	23.35	24.13	58850	15.83	002294	信立泰	SZ	25.33	16.62	
379	2012-11-12	6.21	6.36	6.2	6.29	6851	6.29	002295	精艺股份	SZ	6.2	6.2	
379	2012-11-12	12.59	13.27	12.49	12.82	84131	12.69	002296	辉煌科技	SZ	12.78	12.65	
379	2012-11-12	7.35	7.55	7.19	7.25	55126	4.82	002297	博云新材	SZ	7.37	4.89	
379	2012-11-12	7.39	7.42	7.12	7.19	28695	7.17	002298	鑫龙电器	SZ	7.34	7.32	
379	2012-11-12	9.42	9.44	9.28	9.35	50327	9.35	002299	圣农发展	SZ	9.41	9.41	
379	2012-11-12	7.8	8.27	7.8	8.25	38128	7.94	002300	太阳电缆	SZ	7.88	7.59	
379	2012-11-12	5.52	5.58	5.48	5.57	7099	5.55	002301	齐心文具	SZ	5.5	5.48	
379	2012-11-12	10.1	10.45	9.98	10.15	34823	7.84	002302	西部建设	SZ	10.32	7.97	
379	2012-11-12	8.8	8.85	8.73	8.78	6021	4.36	002303	美盈森	SZ	8.77	4.36	
379	2012-11-12	113.98	114	107.02	108.75	30861	105.69	002304	洋河股份	SZ	113.5	110.31	
379	2012-11-12	4.96	5.15	4.9	5.14	92182	5.08	002305	南国置业	SZ	4.99	4.93	
379	2012-11-12	4.18	4.28	4.13	4.24	47273	2.07	002306	湘鄂情	SZ	4.2	2.05	
379	2012-11-12	6.33	6.43	6.27	6.37	16932	6.37	002307	北新路桥	SZ	6.38	6.38	
379	2012-11-12	7.47	7.51	7.35	7.51	24676	5.61	002308	威创股份	SZ	7.46	5.58	
379	2012-11-12	9.74	9.92	9.64	9.81	22649	9.74	002309	中利科技	SZ	9.73	9.66	
379	2012-11-12	25.5	26.4	25.5	25.9	19526	12.89	002310	东方园林	SZ	25.37	12.63	
379	2012-11-12	15.62	15.64	15.4	15.53	2727	15.42	002311	海大集团	SZ	15.68	15.57	
379	2012-11-12	5.63	5.93	5.6	5.89	9123	2.89	002312	三泰电子	SZ	5.69	2.79	
379	2012-11-12	12.69	12.86	12.69	12.8	6765	9.71	002313	日海通讯	SZ	12.69	9.63	
379	2012-11-12	6.69	6.78	6.69	6.74	3961	6.74	002314	雅致股份	SZ	6.69	6.69	
379	2012-11-12	27.74	28.5	27.74	28.3	2761	27.6	002315	焦点科技	SZ	27.48	26.8	
379	2012-11-12	6.22	6.31	6.06	6.12	21676	5.09	002316	键桥通讯	SZ	6.21	5.16	
379	2012-11-12	17.25	17.75	17.14	17.58	14171	8.55	002317	众生药业	SZ	17.25	8.39	
379	2012-11-12	12.48	12.48	12.01	12.14	22823	12.06	002318	久立特材	SZ	12.35	12.27	
379	2012-11-12	4.7	4.7	4.65	4.7	3367	2.33	002319	乐通股份	SZ	4.68	2.32	
379	2012-11-12	10.55	10.77	10.54	10.57	19712	10.45	002320	海峡股份	SZ	10.46	10.34	
379	2012-11-12	5.01	5.08	4.99	5.03	29854	5.03	002321	华英农业	SZ	5.05	5.05	
379	2012-11-12	7.59	7.65	7.53	7.63	8555	3.79	002322	理工监测	SZ	7.57	3.76	
379	2012-11-12	12.15	12.21	12.08	12.14	1358	9.01	002323	中联电气	SZ	12.12	8.99	
379	2012-11-12	11.91	12.17	11.89	12	7974	11.94	002324	普利特	SZ	11.97	11.91	
379	2012-11-12	9.88	9.98	9.67	9.81	24565	6.51	002325	洪涛股份	SZ	9.92	6.59	
379	2012-11-12	12.61	12.78	12.52	12.63	10107	12.51	002326	永太科技	SZ	12.6	12.48	
379	2012-11-12	15.54	15.84	15.4	15.64	13194	7.65	002327	富安娜	SZ	15.79	7.73	
379	2012-11-12	5.87	5.96	5.7	5.86	6765	5.84	002328	新朋股份	SZ	5.87	5.85	
379	2012-11-12	9.58	10.28	9.41	10.24	63447	10.11	002329	皇氏乳业	SZ	9.5	9.38	
379	2012-11-12	4.84	4.86	4.83	4.84	2567	2.42	002330	得利斯	SZ	4.84	2.42	
379	2012-11-12	7	7.12	7	7.12	3512	4.4	002331	皖通科技	SZ	7.05	4.36	
379	2012-11-12	10.59	10.73	10.55	10.63	4781	10.48	002332	仙琚制药	SZ	10.59	10.44	
379	2012-11-12	8.72	8.77	8.67	8.77	1443	8.6	002333	罗普斯金	SZ	8.66	8.49	
379	2012-11-12	11.81	12.06	10.66	10.66	287083	6.6	002334	英威腾	SZ	11.84	7.33	
379	2012-11-12	8.82	8.82	8.54	8.72	3012	8.64	002335	科华恒盛	SZ	8.66	8.58	
379	2012-11-12	9.17	9.26	9.13	9.16	4178	9.16	002336	人人乐	SZ	9.17	9.17	
379	2012-11-12	10.23	10.59	10.22	10.42	9332	9.96	002337	赛象科技	SZ	10.3	9.84	
379	2012-11-12	17.5	17.84	17.5	17.73	873	17.5	002338	奥普光电	SZ	17.67	17.44	
379	2012-11-12	6.88	7.04	6.88	6.95	13362	3.45	002339	积成电子	SZ	6.91	3.42	
379	2012-11-12	8.62	8.83	8.54	8.64	69889	6.62	002340	格林美	SZ	8.38	6.42	
379	2012-11-12	8.82	8.89	8.65	8.8	9570	8.74	002341	新纶科技	SZ	8.82	8.76	
379	2012-11-12	7.68	8	7.66	7.85	14400	7.83	002342	巨力索具	SZ	7.68	7.66	
379	2012-11-12	8.25	8.3	8.11	8.25	5515	7.96	002343	禾欣股份	SZ	8.25	7.96	
379	2012-11-12	12.4	12.7	12.4	12.65	9450	6.25	002344	海宁皮城	SZ	12.4	6.13	
379	2012-11-12	8.73	8.94	8.73	8.94	31611	4.37	002345	潮宏基	SZ	8.64	4.22	
379	2012-11-12	5.78	5.9	5.75	5.8	11754	2.86	002346	柘中建设	SZ	5.72	2.81	
379	2012-11-12	7.88	7.94	7.84	7.94	7567	4.39	002347	泰尔重工	SZ	7.88	4.36	
379	2012-11-12	4.24	4.61	4.2	4.38	175811	2.16	002348	高乐股份	SZ	4.29	2.11	
379	2012-11-12	10.3	10.36	10.18	10.27	5659	10.23	002349	精华制药	SZ	10.2	10.16	
379	2012-11-12	11.15	11.16	10.26	10.45	36302	10.25	002350	北京科锐	SZ	11.1	10.88	
379	2012-11-12	7.55	7.55	7.45	7.5	1383	7.33	002351	漫步者	SZ	7.47	7.3	
379	2012-11-12	19.6	19.78	19.35	19.45	899	19.16	002352	鼎泰新材	SZ	19.4	19.11	
379	2012-11-12	35.04	35.23	34.77	35.19	8852	26.99	002353	杰瑞股份	SZ	35.08	26.9	
379	2012-11-12	10.09	10.94	9.96	10.6	21819	10.57	002354	科冕木业	SZ	9.96	9.93	
379	2012-11-12	5.61	5.65	5.51	5.6	47456	2.79	002355	兴民钢圈	SZ	5.61	2.79	
379	2012-11-12	19.43	20.1	19.24	20.02	7380	19.8	002356	浩宁达	SZ	19.56	19.34	
379	2012-11-12	8.02	8.11	8.02	8.09	2721	7.84	002357	富临运业	SZ	8.03	7.78	
379	2012-11-12	12.45	12.57	12.3	12.44	5428	12.34	002358	森源电气	SZ	12.37	12.27	
379	2012-11-12	14.48	14.48	14.31	14.44	9389	4.69	002360	同德化工	SZ	14.4	4.68	
379	2012-11-12	4.63	4.67	4.62	4.63	7677	2.46	002361	神剑股份	SZ	4.72	2.51	
379	2012-11-12	9.12	9.21	9.06	9.17	9192	9.17	002362	汉王科技	SZ	9.07	9.07	
379	2012-11-12	12.95	13.28	12.88	13.15	24155	13.15	002363	隆基机械	SZ	12.9	12.9	
379	2012-11-12	7.19	7.23	7.1	7.12	1925	3.52	002364	中恒电气	SZ	7.19	3.55	
379	2012-11-12	9.7	9.76	9.6	9.65	7529	9.46	002365	永安药业	SZ	9.64	9.45	
379	2012-11-12	7.78	7.88	7.78	7.83	1996	7.68	002366	丹甫股份	SZ	7.78	7.63	
379	2012-11-12	3.86	3.89	3.86	3.87	4857	1.8	002367	康力电梯	SZ	3.88	1.8	
379	2012-11-12	14.66	14.83	14.56	14.83	1874	14.71	002368	太极股份	SZ	14.67	14.55	
379	2012-11-12	16.89	16.97	16.46	16.8	3405	16.64	002369	卓翼科技	SZ	16.81	16.65	
379	2012-11-12	8.5	8.59	8.49	8.56	6581	8.56	002370	亚太药业	SZ	8.54	8.54	
379	2012-11-12	14.13	14.3	14.13	14.22	1732	7.07	002371	七星电子	SZ	14.19	7.06	
379	2012-11-12	10.69	10.82	10.61	10.82	7816	7.87	002372	伟星新材	SZ	10.69	7.78	
379	2012-11-12	5.24	5.28	5.22	5.24	6452	2.62	002373	联信永益	SZ	5.22	2.61	
379	2012-11-12	8.49	8.64	8.47	8.61	17205	4.61	002374	丽鹏股份	SZ	8.49	4.55	
379	2012-11-12	22.89	23.28	22.7	22.9	37133	22.83	002375	亚厦股份	SZ	22.89	22.82	
379	2012-11-12	9.07	9.2	8.98	9.06	6152	4.44	002376	新北洋	SZ	8.97	4.4	
379	2012-11-12	6.35	6.43	6.34	6.35	4889	6.35	002377	国创高新	SZ	6.34	6.34	
379	2012-11-12	22.9	23.32	22.86	23.2	9040	23	002378	章源钨业	SZ	22.99	22.79	
379	2012-11-12	6.13	6.39	6.09	6.36	108308	3.18	002379	鲁丰股份	SZ	6.2	3.1	
379	2012-11-12	21.41	21.65	21.23	21.53	665	21.39	002380	科远股份	SZ	21.4	21.26	
379	2012-11-12	6.91	7.16	6.91	7.12	19119	3.42	002381	双箭股份	SZ	6.93	3.32	
379	2012-11-12	8.88	9.07	8.83	9.05	13773	8.99	002382	蓝帆股份	SZ	8.83	8.77	
379	2012-11-12	16	16.4	15.5	15.8	25414	15.8	002383	合众思壮	SZ	16.09	16.09	
379	2012-11-12	8.82	8.9	8.64	8.88	35118	8.88	002384	东山精密	SZ	8.8	8.8	
379	2012-11-12	9.93	10.11	9.9	9.95	26555	4.91	002385	大北农	SZ	9.93	4.9	
379	2012-11-12	6.3	6.3	6.24	6.26	6456	6.21	002386	天原集团	SZ	6.26	6.21	
379	2012-11-12	9.1	9.17	9.03	9.1	8899	9.07	002387	黑牛食品	SZ	9.09	9.06	
379	2012-11-12	7.35	7.6	7.02	7.28	8953	7.2	002388	新亚制程	SZ	7.52	7.44	
379	2012-11-12	6.7	6.72	6.45	6.49	21589	3.22	002389	南洋科技	SZ	6.65	3.3	
379	2012-11-12	16.65	16.69	15.75	16.4	14112	16.35	002390	信邦制药	SZ	16.54	16.49	
379	2012-11-12	10.67	10.73	10.62	10.66	4716	6.86	002391	长青股份	SZ	10.62	6.84	
379	2012-11-12	6.76	6.87	6.72	6.83	14103	6.79	002392	北京利尔	SZ	6.77	6.73	
379	2012-11-12	31.5	32.12	31.31	31.8	19119	31.12	002393	力生制药	SZ	31.3	30.63	
379	2012-11-12	11.4	12.4	11.4	11.91	29082	11.56	002394	联发股份	SZ	11.42	11.08	
379	2012-11-12	6.44	6.45	6.38	6.43	4153	3.14	002395	双象股份	SZ	6.39	3.12	
379	2012-11-12	15.08	15.18	14.96	15.09	10330	14.86	002396	星网锐捷	SZ	14.96	14.74	
379	2012-11-12	11.46	11.6	11.41	11.5	5759	11.26	002397	梦洁家纺	SZ	11.5	11.26	
379	2012-11-12	13.18	13.45	13.18	13.35	2959	10.21	002398	建研集团	SZ	13.22	10.12	
379	2012-11-12	19.24	19.45	19.24	19.42	5784	18.85	002399	海普瑞	SZ	19.22	18.66	
379	2012-11-12	11	11.2	10.94	11.07	9713	5.49	002400	省广股份	SZ	10.99	5.46	
379	2012-11-12	9.06	9.26	9.06	9.16	29779	9.12	002401	交技发展	SZ	9.1	9.06	
379	2012-11-12	7.23	7.26	7.17	7.23	2988	4.65	002402	和而泰	SZ	7.21	4.63	
379	2012-11-12	8.21	8.46	8.2	8.24	7365	8.24	002403	爱仕达	SZ	8.21	8.21	
379	2012-11-12	7.15	7.21	7.1	7.14	18678	6.76	002404	嘉欣丝绸	SZ	7.1	6.72	
379	2012-11-12	8.46	8.57	8.44	8.55	36723	7.07	002405	四维图新	SZ	8.47	7	
379	2012-11-12	7.75	7.75	7.67	7.71	4513	7.52	002406	远东传动	SZ	7.68	7.49	
379	2012-11-12	15.88	16.2	15.81	15.88	7806	15.79	002407	多氟多	SZ	15.75	15.66	
379	2012-11-12	14.35	14.46	14.04	14.37	13003	14.06	002408	齐翔腾达	SZ	14.36	14.05	
379	2012-11-12	14.72	14.92	14.71	14.84	2264	14.6	002409	雅克科技	SZ	14.74	14.5	
379	2012-11-12	13.32	13.44	13.28	13.37	1798	10.04	002410	广联达	SZ	13.36	10.04	
379	2012-11-12	6.49	6.58	6.41	6.57	22118	4.35	002411	九九久	SZ	6.47	4.29	
379	2012-11-12	17.65	17.95	17.6	17.91	7164	17.91	002412	汉森制药	SZ	17.63	17.63	
379	2012-11-12	8.05	8.1	7.94	8.1	35253	7.99	002413	常发股份	SZ	8.05	7.94	
379	2012-11-12	8.65	8.68	8.55	8.58	15300	4.26	002414	高德红外	SZ	8.65	4.29	
379	2012-11-12	5.75	5.77	5.71	5.76	6370	5.76	002416	爱施德	SZ	5.73	5.73	
379	2012-11-12	6.08	6.27	6.08	6.26	11758	6.26	002417	三元达	SZ	6.1	6.1	
379	2012-11-12	7	7.09	6.96	7.04	49559	7	002418	康盛股份	SZ	7.08	7.04	
379	2012-11-12	11.15	11.22	10.91	11.09	13693	10.77	002419	天虹商场	SZ	11.15	10.83	
379	2012-11-12	5.9	5.97	5.86	5.94	3417	5.92	002420	毅昌股份	SZ	5.88	5.86	
379	2012-11-12	14.18	14.25	13.57	13.79	17298	13.75	002421	达实智能	SZ	14.08	14.04	
379	2012-11-12	52.92	53.05	51.39	52.29	18538	52.1	002422	科伦药业	SZ	53	52.8	
379	2012-11-12	7.42	7.58	7.36	7.5	46093	7.48	002423	中原特钢	SZ	7.43	7.41	
379	2012-11-12	15.07	15.19	14.84	15	15294	14.69	002424	贵州百灵	SZ	15.11	14.8	
379	2012-11-12	5.94	5.95	5.85	5.9	4101	4.88	002425	凯撒股份	SZ	5.88	4.86	
379	2012-11-12	12.66	12.86	12.66	12.8	5973	6.31	002426	胜利精密	SZ	12.64	6.23	
379	2012-11-12	6.23	6.25	6.18	6.2	2170	6.19	002427	尤夫股份	SZ	6.17	6.16	
379	2012-11-12	10.19	10.34	10.16	10.24	33871	5.06	002428	云南锗业	SZ	10.17	5.03	
379	2012-11-12	8.16	8.21	7.8	7.95	42326	5.19	002429	兆驰股份	SZ	8.11	5.3	
379	2012-11-12	10.36	10.45	10.2	10.3	25078	10.11	002430	杭氧股份	SZ	10.33	10.14	
379	2012-11-12	18.17	18.8	18.12	18.19	14129	15.13	002431	棕榈园林	SZ	17.94	14.92	
379	2012-11-12	4.93	5.03	4.86	4.96	33389	3.31	002432	九安医疗	SZ	4.93	3.29	
379	2012-11-12	10.55	10.67	10.46	10.66	21150	4.39	002433	太安堂	SZ	10.56	4.35	
379	2012-11-12	7.12	7.27	7.06	7.21	15899	7.04	002434	万里扬	SZ	7.15	6.98	
379	2012-11-12	6.33	6.41	6.33	6.37	18863	4.19	002435	长江润发	SZ	6.31	4.16	
379	2012-11-12	15.5	15.5	15.05	15.13	3564	14.88	002436	兴森科技	SZ	15.23	14.98	
379	2012-11-12	18.81	19.5	18.56	19	20905	18.61	002437	誉衡药业	SZ	18.66	18.28	
379	2012-11-12	13.52	13.64	13.5	13.58	8219	13.54	002438	江苏神通	SZ	13.51	13.47	
379	2012-11-12	16.48	16.48	16	16.35	6669	16.28	002439	启明星辰	SZ	16.3	16.23	
379	2012-11-12	6.61	6.61	6.31	6.4	22862	3.1	002440	闰土股份	SZ	6.53	3.17	
379	2012-11-12	12.28	12.42	12.25	12.36	3573	12.13	002441	众业达	SZ	12.26	12.03	
379	2012-11-12	4.86	4.96	4.86	4.92	7235	4.92	002442	龙星化工	SZ	4.9	4.9	
379	2012-11-12	6.7	6.79	6.63	6.71	21862	5.52	002443	金洲管道	SZ	6.68	5.5	
379	2012-11-12	4.7	4.72	4.6	4.66	34521	2.25	002444	巨星科技	SZ	4.66	2.25	
379	2012-11-12	9.05	9.15	9.02	9.03	7612	8.98	002445	中南重工	SZ	9.03	8.98	
379	2012-11-12	8.15	8.97	8.15	8.84	24569	8.8	002446	盛路通信	SZ	8.15	8.12	
379	2012-11-12	25.13	25.45	23.75	24.1	59266	24.03	002447	壹桥苗业	SZ	25.1	25.02	
379	2012-11-12	11.52	11.66	11.52	11.59	5369	5.59	002448	中原内配	SZ	11.51	5.55	
379	2012-11-12	7.06	7.1	6.95	7	9020	6.86	002449	国星光电	SZ	7.01	6.87	
379	2012-11-12	14.6	14.88	14.6	14.67	31639	9.75	002450	康得新	SZ	14.65	9.74	
379	2012-11-12	14	14.1	13.88	14.02	9544	6.95	002451	摩恩电气	SZ	13.92	6.9	
379	2012-11-12	23.16	23.16	22.68	22.92	3921	11.22	002452	长高集团	SZ	22.9	11.21	
379	2012-11-12	17.5	17.92	17.5	17.62	9772	4.34	002453	天马精化	SZ	17.46	4.3	
379	2012-11-12	8.08	8.13	8.05	8.12	4839	8.12	002454	松芝股份	SZ	8.05	8.05	
379	2012-11-12	10.15	10.15	9.48	10.04	162318	2.47	002456	欧菲光	SZ	10.07	2.48	
379	2012-11-12	8.83	8.94	8.7	8.78	38408	8.75	002457	青龙管业	SZ	8.6	8.58	
379	2012-11-12	9	9.11	8.85	8.93	11755	8.93	002458	益生股份	SZ	9.03	9.03	
379	2012-11-12	6.83	7.11	6.7	7.08	75889	7.08	002459	天业通联	SZ	6.88	6.88	
379	2012-11-12	19.93	20.4	19.93	20.31	10022	20.15	002460	赣锋锂业	SZ	19.92	19.77	
379	2012-11-12	9.6	9.69	9.5	9.61	17649	9.6	002461	珠江啤酒	SZ	9.59	9.58	
379	2012-11-12	8.58	8.66	8.24	8.37	7327	8.29	002462	嘉事堂	SZ	8.65	8.57	
379	2012-11-12	3.39	3.42	3.39	3.4	13360	2.71	002463	沪电股份	SZ	3.4	2.71	
379	2012-11-12	14.85	14.98	14.8	14.86	2000	14.66	002464	金利科技	SZ	14.85	14.65	
379	2012-11-12	12.53	12.8	12.53	12.7	13736	6.21	002465	海格通信	SZ	12.62	6.17	
379	2012-11-12	10.8	11.2	10.74	11	34858	10.86	002467	二六三	SZ	10.9	10.76	
379	2012-11-12	6.66	6.9	6.57	6.83	34206	5.69	002468	艾迪西	SZ	6.63	5.53	
379	2012-11-12	18.53	18.63	17.77	18.1	2814	9.18	002469	三维工程	SZ	18.18	9.21	
379	2012-11-12	14.75	14.75	14.3	14.5	7447	14.39	002470	金正大	SZ	14.6	14.49	
379	2012-11-12	6.34	6.48	6.3	6.39	6914	3.11	002471	中超电缆	SZ	6.37	3.1	
379	2012-11-12	7.4	7.44	7.36	7.4	2633	7.35	002472	双环传动	SZ	7.35	7.3	
379	2012-11-12	6.4	6.51	6.4	6.48	3853	6.38	002473	圣莱达	SZ	6.39	6.29	
379	2012-11-12	9.29	9.29	9.13	9.23	13956	6.07	002474	榕基软件	SZ	9.19	6.05	
379	2012-11-12	19.33	19.33	18	18.33	19173	12.17	002475	立讯精密	SZ	18.99	12.61	
379	2012-11-12	6.71	6.97	6.71	6.94	186048	4.6	002476	宝莫股份	SZ	6.79	4.5	
379	2012-11-12	10.01	10.16	9.94	10.02	22462	6.15	002477	雏鹰农牧	SZ	10	6.14	
379	2012-11-12	9.53	9.66	9.5	9.6	4353	9.45	002478	常宝股份	SZ	9.52	9.37	
379	2012-11-12	7.41	7.69	7.41	7.56	27064	4.33	002479	富春环保	SZ	7.43	4.25	
379	2012-11-12	11.37	11.57	11.3	11.41	25655	11.41	002480	新筑股份	SZ	11.42	11.42	
379	2012-11-12	7.81	7.9	7.68	7.85	12878	3.92	002481	双塔食品	SZ	7.95	3.97	
379	2012-11-12	17.46	17.8	17.2	17.49	24738	17.41	002482	广田股份	SZ	17.5	17.42	
379	2012-11-12	7.55	7.61	7.49	7.6	3899	7.4	002483	润邦股份	SZ	7.48	7.28	
379	2012-11-12	11.95	12.75	11.91	12.75	115850	12.68	002484	江海股份	SZ	11.59	11.53	
379	2012-11-12	7.66	7.71	7.6	7.68	9839	7.49	002485	希努尔	SZ	7.65	7.46	
379	2012-11-12	3.42	3.42	3.37	3.39	5542	0.81	002486	嘉麟杰	SZ	3.36	0.8	
379	2012-11-12	4.68	4.69	4.57	4.64	5463	2.3	002487	大金重工	SZ	4.64	2.3	
379	2012-11-12	8.17	8.21	8.07	8.15	3022	8.02	002488	金固股份	SZ	8.17	8.04	
379	2012-11-12	8.5	8.78	8.5	8.67	12875	8.41	002489	浙江永强	SZ	8.5	8.24	
379	2012-11-12	11.11	11.55	11.11	11.39	78376	11.33	002490	山东墨龙	SZ	11.08	11.02	
379	2012-11-12	9.62	9.74	9.62	9.74	4042	9.55	002491	通鼎光电	SZ	9.62	9.43	
379	2012-11-12	12.75	12.85	12.71	12.8	2938	12.62	002494	华斯股份	SZ	12.69	12.51	
379	2012-11-12	5.63	5.72	5.61	5.7	6876	5.61	002495	佳隆股份	SZ	5.6	5.51	
379	2012-11-12	12.7	12.9	12.69	12.79	14612	6.39	002496	辉丰股份	SZ	12.69	6.34	
379	2012-11-12	8.4	8.52	8.29	8.37	13527	8.26	002497	雅化集团	SZ	8.41	8.3	
379	2012-11-12	5.98	6.03	5.91	6.03	15542	3.95	002498	汉缆股份	SZ	5.99	3.92	
379	2012-11-12	15.29	16.3	15.28	15.75	19919	15.72	002499	科林环保	SZ	15.13	15.1	
379	2012-11-12	6.78	6.89	6.7	6.83	110868	6.79	002500	山西证券	SZ	6.83	6.79	
379	2012-11-12	9.71	9.83	9.7	9.82	14783	5.37	002501	利源铝业	SZ	9.7	5.31	
379	2012-11-12	10.27	10.39	10.24	10.33	4634	10.26	002502	骅威股份	SZ	10.25	10.18	
379	2012-11-12	14.99	15.12	14.4	14.57	5668	9.41	002503	搜于特	SZ	14.85	9.59	
379	2012-11-12	7.21	7.28	7.2	7.26	3009	5.57	002504	东光微电	SZ	7.2	5.52	
379	2012-11-12	6.06	6.13	6.06	6.12	4943	6.12	002505	大康牧业	SZ	6.07	6.07	
379	2012-11-12	5.2	5.3	5.2	5.29	47487	5.29	002506	超日太阳	SZ	5.22	5.22	
379	2012-11-12	20.77	21.11	20.61	20.95	2477	20.68	002507	涪陵榨菜	SZ	20.8	20.53	
379	2012-11-12	17.6	17.6	17.17	17.27	6468	17.12	002508	老板电器	SZ	17.61	17.46	
379	2012-11-12	6.32	6.41	6.23	6.28	26517	3.11	002509	天广消防	SZ	6.32	3.13	
379	2012-11-12	18.34	18.56	18.34	18.56	959	9.05	002510	天汽模	SZ	18.34	8.94	
379	2012-11-12	12.33	12.47	12.22	12.33	5023	8.13	002511	中顺洁柔	SZ	12.32	8.12	
379	2012-11-12	8.98	9.18	8.9	9.15	20384	9.15	002512	达华智能	SZ	9.24	9.24	
379	2012-11-12	9.9	10.07	9.77	9.98	12715	9.89	002513	蓝丰生化	SZ	9.8	9.71	
379	2012-11-12	18.74	19.4	18.74	19.28	1949	9.56	002514	宝馨科技	SZ	18.74	9.3	
379	2012-11-12	13.52	13.85	13.43	13.59	1469	13.5	002515	金字火腿	SZ	13.52	13.43	
379	2012-11-12	7.39	7.64	7.39	7.57	34803	7.46	002516	江苏旷达	SZ	7.37	7.27	
379	2012-11-12	8.22	8.38	8.22	8.34	7829	8.34	002517	泰亚股份	SZ	8.21	8.21	
379	2012-11-12	9.4	9.95	9.4	9.63	6459	6.78	002518	科士达	SZ	9.4	6.61	
379	2012-11-12	8.67	8.67	8.47	8.56	12096	5.45	002519	银河电子	SZ	8.69	5.53	
379	2012-11-12	7.24	7.35	7.23	7.32	2763	4.51	002520	日发数码	SZ	7.27	4.48	
379	2012-11-12	5.91	6.01	5.91	5.99	15099	2.89	002521	齐峰股份	SZ	5.91	2.85	
379	2012-11-12	16.1	16.27	15.95	16.12	5398	15.42	002522	浙江众成	SZ	16.06	15.37	
379	2012-11-12	4.01	4.04	3.99	4.04	14688	3.08	002523	天桥起重	SZ	3.99	3.04	
379	2012-11-12	3.64	3.68	3.62	3.68	19305	2.16	002524	光正钢构	SZ	3.64	2.14	
379	2012-11-12	5.35	5.39	5.33	5.37	25888	5.34	002526	山东矿机	SZ	5.33	5.3	
379	2012-11-12	7.19	7.29	7.19	7.26	3323	4.2	002527	新时达	SZ	7.19	4.16	
379	2012-11-12	8.47	8.5	8.36	8.46	8257	8.31	002528	英飞拓	SZ	8.46	8.31	
379	2012-11-12	8.05	8.22	8.05	8.13	2598	8.11	002529	海源机械	SZ	8.07	8.05	
379	2012-11-12	5.88	5.92	5.83	5.88	3095	5.78	002530	丰东股份	SZ	5.84	5.74	
379	2012-11-12	7.34	7.41	7.28	7.4	5894	3.6	002531	天顺风能	SZ	7.34	3.58	
379	2012-11-12	15.86	16.5	15.47	16.07	100879	15.99	002532	新界泵业	SZ	15.69	15.61	
379	2012-11-12	5.94	6.03	5.94	6.02	11759	5.82	002533	金杯电工	SZ	5.97	5.77	
379	2012-11-12	12.89	13.08	12.88	12.94	5262	12.53	002534	杭锅股份	SZ	12.84	12.43	
379	2012-11-12	6.82	6.88	6.75	6.88	25905	6.78	002535	林州重机	SZ	6.83	6.73	
379	2012-11-12	14.78	14.86	14.63	14.68	2903	14.51	002536	西泵股份	SZ	14.8	14.63	
379	2012-11-12	11.22	11.24	11.06	11.14	1073	11.05	002537	海立美达	SZ	11.11	11.02	
379	2012-11-12	10.75	10.93	10.66	10.8	5963	10.61	002538	司尔特	SZ	10.8	10.61	
379	2012-11-12	9.34	9.56	9.34	9.44	4222	9.03	002539	新都化工	SZ	9.47	9.06	
379	2012-11-12	6.11	6.25	6.11	6.18	11952	2.97	002540	亚太科技	SZ	6.11	2.94	
379	2012-11-12	11.09	11.21	11.04	11.15	6317	11.11	002541	鸿路钢构	SZ	11.06	11.02	
379	2012-11-12	24.1	24.46	24.06	24.36	7044	12.05	002542	中化岩土	SZ	24.04	11.9	
379	2012-11-12	8.43	8.49	8.4	8.44	2351	4.12	002543	万和电气	SZ	8.38	4.08	
379	2012-11-12	5.39	5.45	5.39	5.45	10652	2.67	002544	杰赛科技	SZ	5.39	2.64	
379	2012-11-12	12.55	12.64	12.45	12.53	2704	12.38	002545	东方铁塔	SZ	12.51	12.36	
379	2012-11-12	10.8	11.15	10.65	10.92	25410	10.81	002547	春兴精工	SZ	10.75	10.64	
379	2012-11-12	11.2	11.2	11.02	11.12	3316	10.83	002548	金新农	SZ	11.09	10.8	
379	2012-11-12	6.87	6.93	6.81	6.89	8805	4.55	002549	凯美特气	SZ	6.91	4.56	
379	2012-11-12	10.3	10.35	10.21	10.34	16421	4.91	002550	千红制药	SZ	10.3	4.89	
379	2012-11-12	12.17	12.17	11.63	11.8	34049	7.8	002551	尚荣医疗	SZ	12.21	8.07	
379	2012-11-12	9.8	9.99	9.57	9.61	8036	9.53	002552	宝鼎重工	SZ	9.54	9.46	
379	2012-11-12	6.66	6.82	6.66	6.76	3852	3.24	002553	南方轴承	SZ	6.74	3.22	
379	2012-11-12	6.93	7.15	6.93	7.07	69345	4.7	002554	惠博普	SZ	6.93	4.6	
379	2012-11-12	10.84	11.08	10.65	10.95	4698	10.63	002555	顺荣股份	SZ	10.88	10.56	
379	2012-11-12	5.14	5.16	5.08	5.12	21386	5.04	002556	辉隆股份	SZ	5.14	5.06	
379	2012-11-12	18.11	18.28	17.87	17.98	3996	17.42	002557	洽洽食品	SZ	18.08	17.52	
379	2012-11-12	22.7	23.12	22.7	22.85	2457	22.77	002558	世纪游轮	SZ	22.79	22.71	
379	2012-11-12	10.3	10.4	10.1	10.18	3935	9.99	002559	亚威股份	SZ	10.3	10.11	
379	2012-11-12	13.3	13.5	13.01	13.35	5107	13.17	002560	通达股份	SZ	13.3	13.12	
379	2012-11-12	8.49	8.56	8.48	8.54	4505	7.96	002561	徐家汇	SZ	8.49	7.91	
379	2012-11-12	7.65	7.69	7.57	7.65	4021	7.6	002565	上海绿新	SZ	7.58	7.53	
379	2012-11-12	15.28	15.76	15.28	15.74	20805	15.74	002566	益盛药业	SZ	15.35	15.35	
379	2012-11-12	10.8	10.99	10.68	10.97	6630	10.91	300001	特锐德	SZ	10.75	10.69	
379	2012-11-12	4.44	4.51	4.42	4.49	53783	1.31	300002	神州泰岳	SZ	4.42	1.29	
379	2012-11-12	8.68	8.8	8.65	8.77	9823	8.64	300003	乐普医疗	SZ	8.63	8.5	
379	2012-11-12	16.75	16.78	16.48	16.62	1265	16.56	300004	南风股份	SZ	16.69	16.63	
379	2012-11-12	14	14.05	13.78	13.82	3072	11.41	300005	探路者	SZ	13.88	11.46	
379	2012-11-12	17.41	17.45	16.93	17.18	17095	17.12	300006	莱美药业	SZ	17.53	17.47	
379	2012-11-12	12.61	12.66	12.26	12.39	14271	12.34	300007	汉威电子	SZ	12.6	12.55	
379	2012-11-12	6.51	6.61	6.51	6.6	6569	6.5	300008	上海佳豪	SZ	6.52	6.42	
379	2012-11-12	9.39	9.55	9.27	9.48	15535	7.51	300009	安科生物	SZ	9.37	7.42	
379	2012-11-12	6.1	6.16	6.05	6.14	10812	6.08	300010	立思辰	SZ	6.13	6.07	
379	2012-11-12	7.33	7.65	7.3	7.51	71905	2.76	300011	鼎汉技术	SZ	7.43	2.73	
379	2012-11-12	8.69	8.87	8.59	8.6	2274	4.24	300012	华测检测	SZ	8.67	4.27	
379	2012-11-12	7.88	7.93	7.8	7.89	3492	7.88	300013	新宁物流	SZ	7.78	7.77	
379	2012-11-12	10.55	10.76	10.55	10.68	9338	5.27	300014	亿纬锂能	SZ	10.55	5.21	
379	2012-11-12	16.52	16.74	16.46	16.5	3253	16.44	300015	爱尔眼科	SZ	16.51	16.45	
379	2012-11-12	6.46	6.55	6.3	6.49	13252	3.17	300016	北陆药业	SZ	6.43	3.15	
379	2012-11-12	16.73	17.25	16.65	16.95	10311	16.87	300017	网宿科技	SZ	16.71	16.63	
379	2012-11-12	5.27	5.33	5.24	5.29	7642	3.45	300018	中元华电	SZ	5.25	3.42	
379	2012-11-12	6.68	6.85	6.68	6.85	2311	4.19	300019	硅宝科技	SZ	6.76	4.14	
379	2012-11-12	12.62	12.62	12	12.2	18024	12.17	300020	银江股份	SZ	12.11	12.08	
379	2012-11-12	8.25	8.87	8.25	8.87	327288	8.87	300021	大禹节水	SZ	8.06	8.06	
379	2012-11-12	6.1	6.36	6.1	6.22	58167	6.22	300022	吉峰农机	SZ	6.1	6.1	
379	2012-11-12	9.58	9.61	9.07	9.25	11735	9.25	300023	宝德股份	SZ	9.56	9.56	
379	2012-11-12	25.39	25.78	24.96	25.5	23043	25.44	300024	机器人	SZ	25.44	25.38	
379	2012-11-12	5.74	5.81	5.7	5.79	14460	5.77	300025	华星创业	SZ	5.73	5.72	
379	2012-11-12	21.23	21.57	20.81	21.03	22908	13.98	300026	红日药业	SZ	21.24	14.12	
379	2012-11-12	7.54	7.66	7.5	7.53	16183	3.7	300027	华谊兄弟	SZ	7.52	3.7	
379	2012-11-12	5.47	5.52	5.45	5.49	11377	5.45	300028	金亚科技	SZ	5.46	5.42	
379	2012-11-12	6.34	6.4	6.3	6.4	14791	6.4	300029	天龙光电	SZ	6.31	6.31	
379	2012-11-12	17	17.16	17	17.14	4129	8.51	300030	阳普医疗	SZ	16.96	8.42	
379	2012-11-12	8.6	8.74	8.57	8.72	6477	8.47	300031	宝通带业	SZ	8.58	8.34	
379	2012-11-12	9.75	9.76	9.12	9.38	12414	4.66	300032	金龙机电	SZ	9.76	4.85	
379	2012-11-12	13.19	13.39	13.08	13.2	1774	13.16	300033	同花顺	SZ	13.19	13.15	
379	2012-11-12	15.76	15.85	15.36	15.68	14154	15.55	300034	钢研高纳	SZ	15.51	15.38	
379	2012-11-12	6.4	6.49	6.33	6.47	4640	4.31	300035	中科电气	SZ	6.43	4.28	
379	2012-11-12	9.79	9.92	9.78	9.92	4815	9.92	300036	超图软件	SZ	9.82	9.82	
379	2012-11-12	16.48	16.79	16.48	16.6	1779	16.47	300037	新宙邦	SZ	16.56	16.43	
379	2012-11-12	7.55	7.58	7.5	7.56	3374	7.53	300038	梅泰诺	SZ	7.5	7.47	
379	2012-11-12	10.23	10.28	9.77	9.94	22808	3.93	300039	上海凯宝	SZ	10.21	4.04	
379	2012-11-12	6.44	6.58	6.3	6.45	76366	3.14	300040	九洲电气	SZ	6.39	3.11	
379	2012-11-12	7.44	7.61	7.41	7.59	10296	4.65	300041	回天胶业	SZ	7.44	4.55	
379	2012-11-12	7.88	8.15	7.88	7.97	4772	7.91	300042	朗科科技	SZ	7.85	7.79	
379	2012-11-12	11.25	11.28	11.17	11.25	2049	3.69	300043	星辉车模	SZ	11.19	3.67	
379	2012-11-12	5.35	5.35	5.25	5.31	5456	2.39	300044	赛为智能	SZ	5.27	2.37	
379	2012-11-12	11.83	11.93	11.58	11.8	6436	11.78	300045	华力创通	SZ	12	11.98	
379	2012-11-12	8.75	8.86	8.75	8.86	2488	8.24	300046	台基股份	SZ	8.72	8.11	
379	2012-11-12	5.71	5.8	5.7	5.78	9921	2.81	300047	天源迪科	SZ	5.7	2.77	
379	2012-11-12	7.75	7.99	7.75	7.9	15752	7.79	300048	合康变频	SZ	7.8	7.69	
379	2012-11-12	11.78	11.92	11.7	11.78	5535	11.78	300049	福瑞股份	SZ	11.77	11.77	
379	2012-11-12	8.93	9.02	8.88	8.98	3051	8.97	300050	世纪鼎利	SZ	8.93	8.92	
379	2012-11-12	3.87	3.91	3.82	3.83	35110	1.91	300051	三五互联	SZ	3.83	1.91	
379	2012-11-12	5.1	5.14	5.07	5.12	20957	2.54	300052	中青宝	SZ	5.07	2.52	
379	2012-11-12	6.43	6.59	6.43	6.52	3322	6.51	300053	欧比特	SZ	6.5	6.49	
379	2012-11-12	8.54	8.72	8.48	8.61	2581	2.8	300054	鼎龙股份	SZ	8.59	2.79	
379	2012-11-12	18.2	18.9	18.2	18.4	18964	18.34	300055	万邦达	SZ	18.08	18.02	
379	2012-11-12	8.1	8.8	8.1	8.35	18034	8.33	300056	三维丝	SZ	8	7.98	
379	2012-11-12	8.31	8.58	8.28	8.45	40860	8.42	300057	万顺股份	SZ	8.18	8.15	
379	2012-11-12	22.26	23.08	22.1	22.53	14499	22.48	300058	蓝色光标	SZ	22.5	22.45	
379	2012-11-12	4.51	4.55	4.49	4.53	19179	2.24	300059	东方财富	SZ	4.5	2.23	
379	2012-11-12	7.39	7.47	7.32	7.45	1425	7.45	300061	康耐特	SZ	7.35	7.35	
379	2012-11-12	8.56	8.65	8.51	8.64	3020	8.54	300062	中能电气	SZ	8.62	8.52	
379	2012-11-12	8.63	8.7	8.62	8.66	1671	8.57	300063	天龙集团	SZ	8.65	8.56	
379	2012-11-12	5.54	5.6	5.51	5.58	17924	5.54	300064	豫金刚石	SZ	5.52	5.48	
379	2012-11-12	8.69	8.88	8.65	8.79	9425	8.79	300065	海兰信	SZ	8.65	8.65	
379	2012-11-12	8.48	8.75	8.48	8.75	5018	8.66	300066	三川股份	SZ	8.48	8.39	
379	2012-11-12	7.07	7.1	7.01	7.01	5685	6.94	300067	安诺其	SZ	7.02	6.95	
379	2012-11-12	5.85	5.85	5.76	5.81	28841	2.87	300068	南都电源	SZ	5.73	2.83	
379	2012-11-12	7.38	7.47	7.38	7.41	1055	4.84	300069	金利华电	SZ	7.39	4.83	
379	2012-11-12	23.02	23.74	22.77	22.77	23889	14.22	300070	碧水源	SZ	22.8	14.24	
379	2012-11-12	15.28	15.76	15.14	15.56	13082	7.73	300071	华谊嘉信	SZ	15.28	7.59	
379	2012-11-12	8.6	8.86	8.58	8.65	9902	6.64	300072	三聚环保	SZ	8.55	6.56	
379	2012-11-12	8.06	8.32	8.06	8.31	5931	8.27	300073	当升科技	SZ	8.22	8.18	
379	2012-11-12	6.49	6.49	6.12	6.35	73476	1.9	300074	华平股份	SZ	5.9	1.77	
379	2012-11-12	17.15	17.37	16.83	17.08	5633	11.32	300075	数字政通	SZ	17.13	11.35	
379	2012-11-12	11.38	11.58	11.38	11.52	3474	11.52	300076	宁波GQY	SZ	11.4	11.4	
379	2012-11-12	13.74	13.93	13.61	13.82	12299	13.75	300077	国民技术	SZ	13.75	13.68	
379	2012-11-12	10.88	10.99	10.85	10.91	2609	10.58	300078	中瑞思创	SZ	10.86	10.53	
379	2012-11-12	15.7	15.7	15.17	15.29	9527	15.15	300079	数码视讯	SZ	15.21	15.07	
379	2012-11-12	6.8	6.86	6.76	6.86	4549	3.39	300081	恒信移动	SZ	6.76	3.34	
379	2012-11-12	9.65	10	9.55	9.91	31821	7.49	300082	奥克股份	SZ	9.66	7.31	
379	2012-11-12	11.4	11.7	11.4	11.64	6786	11.58	300083	劲胜股份	SZ	11.5	11.44	
379	2012-11-12	10.68	11.14	10.68	11.13	16174	11.13	300084	海默科技	SZ	10.85	10.85	
379	2012-11-12	15.64	15.9	15.56	15.74	7389	7.79	300085	银之杰	SZ	15.58	7.71	
379	2012-11-12	12.53	12.69	12.44	12.49	18951	12.33	300086	康芝药业	SZ	12.52	12.36	
379	2012-11-12	13	13.29	13	13.29	4926	13.29	300087	荃银高科	SZ	13.06	13.06	
379	2012-11-12	9.43	9.52	9.12	9.3	33874	6.15	300088	长信科技	SZ	9.42	6.23	
379	2012-11-12	6.82	6.89	6.8	6.82	3847	6.82	300089	长城集团	SZ	6.82	6.82	
379	2012-11-12	16.75	17.45	16.35	16.6	42648	16.6	300090	盛运股份	SZ	16.68	16.68	
379	2012-11-12	7.68	7.85	7.39	7.55	92679	7.55	300091	金通灵	SZ	7.91	7.91	
379	2012-11-12	9.84	9.92	9.78	9.89	2614	9.79	300092	科新机电	SZ	9.85	9.75	
379	2012-11-12	6.5	6.55	6.44	6.51	15060	6.49	300093	金刚玻璃	SZ	6.49	6.47	
379	2012-11-12	5.33	5.48	5.33	5.41	18589	5.41	300094	国联水产	SZ	5.36	5.36	
379	2012-11-12	10	10.22	9.9	10.22	7985	7.79	300095	华伍股份	SZ	9.92	7.57	
379	2012-11-12	8.3	8.31	8.12	8.21	7277	8.16	300096	易联众	SZ	8.26	8.21	
379	2012-11-12	5.99	6.18	5.95	6.18	4863	3.08	300097	智云股份	SZ	5.98	2.99	
379	2012-11-12	7.26	7.32	7.01	7.19	17003	7.19	300098	高新兴	SZ	7.26	7.26	
379	2012-11-12	8.77	8.94	8.71	8.81	3978	4.22	300099	尤洛卡	SZ	8.76	4.2	
379	2012-11-12	5.41	5.49	5.32	5.39	6825	2.54	300100	双林股份	SZ	5.39	2.54	
379	2012-11-12	12.81	13.07	12.73	12.85	8091	12.81	300101	国腾电子	SZ	12.83	12.79	
379	2012-11-12	8.9	8.96	8.76	8.89	11345	8.73	300102	乾照光电	SZ	8.84	8.68	
379	2012-11-12	7.27	7.46	7.27	7.42	21485	7.38	300103	达刚路机	SZ	7.33	7.29	
379	2012-11-12	9.69	9.75	9.36	9.49	64948	4.99	300104	乐视网	SZ	9.72	5.11	
379	2012-11-12	17.79	18.26	17.33	18.05	19569	18	300105	龙源技术	SZ	17.62	17.57	
379	2012-11-12	10.35	10.53	10.26	10.5	5140	10.48	300106	西部牧业	SZ	10.23	10.21	
379	2012-11-12	16.58	17.16	16.52	17.06	2590	8.51	300107	建新股份	SZ	16.56	8.26	
379	2012-11-12	7.26	7.3	7.2	7.26	4581	7.12	300108	双龙股份	SZ	7.22	7.08	
379	2012-11-12	7.69	7.77	7.58	7.73	2412	7.68	300109	新开源	SZ	7.7	7.65	
379	2012-11-12	6.75	6.8	6.51	6.55	33033	3.28	300110	华仁药业	SZ	6.72	3.36	
379	2012-11-12	2.82	2.85	2.78	2.84	59361	1.29	300111	向日葵	SZ	2.82	1.28	
379	2012-11-12	6.98	7.39	6.98	7.39	45294	7.35	300112	万讯自控	SZ	6.72	6.69	
379	2012-11-12	26.35	26.49	25.3	25.4	5455	25.26	300113	顺网科技	SZ	26.2	26.06	
379	2012-11-12	9.66	9.81	9.55	9.75	5661	7.46	300114	中航电测	SZ	9.52	7.29	
379	2012-11-12	24.6	25.41	24.3	25.2	12831	25.14	300115	长盈精密	SZ	24.9	24.84	
379	2012-11-12	4.34	4.38	4.28	4.38	6793	2.19	300116	坚瑞消防	SZ	4.32	2.16	
379	2012-11-12	6.73	6.88	6.71	6.77	8387	6.73	300117	嘉寓股份	SZ	6.67	6.63	
379	2012-11-12	4.45	4.49	4.44	4.47	21430	4.47	300118	东方日升	SZ	4.45	4.45	
379	2012-11-12	32.48	32.5	31.52	32.22	8004	15.85	300119	瑞普生物	SZ	32.46	15.97	
379	2012-11-12	5.87	5.96	5.85	5.92	3144	5.85	300120	经纬电材	SZ	5.84	5.77	
379	2012-11-12	7.62	7.72	6.94	7.72	1286	5.93	300121	阳谷华泰	SZ	7.67	5.9	
379	2012-11-12	33.18	33.19	32.3	33.15	11189	32.94	300122	智飞生物	SZ	32.85	32.64	
379	2012-11-12	13.5	13.68	13.46	13.6	17281	13.52	300123	太阳鸟	SZ	13.6	13.52	
379	2012-11-12	20.83	22.77	20.83	22.01	27835	21.66	300124	汇川技术	SZ	20.8	20.47	
379	2012-11-12	10.49	10.62	10.34	10.56	15950	10.54	300125	易世达	SZ	10.47	10.45	
379	2012-11-12	7.83	7.84	7.77	7.84	1143	7.76	300126	锐奇股份	SZ	7.77	7.69	
379	2012-11-12	33.82	34.46	33.76	34.04	6056	16.46	300127	银河磁体	SZ	33.8	16.34	
379	2012-11-12	8.61	8.95	8.61	8.93	33110	4.36	300128	锦富新材	SZ	8.64	4.22	
379	2012-11-12	5.3	5.37	5.3	5.37	13480	5.33	300129	泰胜风能	SZ	5.28	5.24	
379	2012-11-12	14.02	14.17	13.94	14.08	2775	14.03	300130	新国都	SZ	14	13.95	
379	2012-11-12	7.84	8.05	7.68	7.95	24006	3.93	300131	英唐智控	SZ	7.86	3.88	
379	2012-11-12	8.12	8.25	8.11	8.18	1859	5.02	300132	青松股份	SZ	8.12	4.99	
379	2012-11-12	11.18	11.58	11.1	11.25	16561	7.47	300133	华策影视	SZ	11.07	7.35	
379	2012-11-12	8.81	8.89	8.75	8.83	7443	8.83	300134	大富科技	SZ	8.77	8.77	
379	2012-11-12	5.03	5.1	4.97	5.04	41704	3.1	300135	宝利沥青	SZ	5	3.08	
379	2012-11-12	16.69	16.89	16.5	16.88	6978	16.88	300136	信维通信	SZ	16.72	16.72	
379	2012-11-12	9.6	10.34	9.5	9.99	76472	7.69	300137	先河环保	SZ	9.48	7.3	
379	2012-11-12	9.64	9.64	8.79	9.31	15984	9.22	300138	晨光生物	SZ	9.65	9.55	
379	2012-11-12	23.35	23.49	22.91	22.96	2087	22.84	300139	福星晓程	SZ	23.35	23.23	
379	2012-11-12	10.06	10.3	10.02	10.26	2811	10.26	300140	启源装备	SZ	9.99	9.99	
379	2012-11-12	5.93	6.05	5.93	6.03	4331	3.94	300141	和顺电气	SZ	5.93	3.88	
379	2012-11-12	36	36.7	36	36.23	7664	36.01	300142	沃森生物	SZ	36.28	36.06	
379	2012-11-12	7.3	7.37	7.23	7.31	6505	7.31	300143	星河生物	SZ	7.3	7.3	
379	2012-11-12	12.4	12.46	12.25	12.43	3878	12.26	300144	宋城股份	SZ	12.4	12.23	
379	2012-11-12	17.42	17.8	17.28	17.49	13701	17.4	300145	南方泵业	SZ	17.49	17.4	
379	2012-11-12	18	18.6	17.96	18.07	12257	5.72	300146	汤臣倍健	SZ	18	5.7	
379	2012-11-12	8.94	9.12	8.85	9.05	40152	6.89	300147	香雪制药	SZ	9.05	6.89	
379	2012-11-12	10.83	10.88	10.58	10.66	52965	5.85	300148	天舟文化	SZ	10.96	6.02	
379	2012-11-12	7.28	7.33	7.22	7.3	5880	7.25	300149	量子高科	SZ	7.22	7.17	
379	2012-11-12	6.88	7.09	6.88	7	21573	3.32	300150	世纪瑞尔	SZ	6.93	3.28	
379	2012-11-12	9.56	9.62	9.51	9.59	3706	9.42	300151	昌红科技	SZ	9.5	9.33	
379	2012-11-12	7.29	7.5	7.23	7.36	27423	7.34	300152	燃控科技	SZ	7.33	7.31	
379	2012-11-12	7.8	8.44	7.8	8.33	39316	8.24	300153	科泰电源	SZ	8.17	8.08	
379	2012-11-12	7.45	7.45	7.37	7.43	2806	7.28	300154	瑞凌股份	SZ	7.37	7.22	
379	2012-11-12	10.46	10.85	10.41	10.81	73250	10.69	300155	安居宝	SZ	10.45	10.33	
379	2012-11-12	11.75	12.44	11.75	12.33	165953	12.16	300156	天立环保	SZ	11.69	11.53	
379	2012-11-12	8.75	9.05	8.75	9.03	33161	4.51	300157	恒泰艾普	SZ	8.73	4.35	
379	2012-11-12	9.03	9.17	9.03	9.13	3409	9.11	300158	振东制药	SZ	9.07	9.05	
379	2012-11-12	21.56	22.3	21.52	22.14	4938	10.75	300159	新研股份	SZ	21.62	10.5	
379	2012-11-12	7.77	7.88	7.68	7.8	3852	7.76	300160	秀强股份	SZ	7.74	7.7	
379	2012-11-12	12.33	12.47	12.28	12.41	2778	12.4	300161	华中数控	SZ	12.33	12.32	
379	2012-11-12	11.41	11.61	11.36	11.56	3714	11.32	300162	雷曼光电	SZ	11.37	11.14	
379	2012-11-12	10.83	11.01	10.83	11.01	2275	10.92	300163	先锋新材	SZ	10.88	10.79	
379	2012-11-12	10.56	10.88	10.56	10.87	3999	7.13	300164	通源石油	SZ	10.67	7	
379	2012-11-12	11.63	11.92	11.63	11.87	12156	11.74	300165	天瑞仪器	SZ	11.61	11.48	
379	2012-11-12	12.18	12.55	12	12.28	6350	12.25	300166	东方国信	SZ	12.6	12.57	
379	2012-11-12	5.04	5.09	5.04	5.07	5312	2.5	300167	迪威视讯	SZ	5.03	2.48	
379	2012-11-12	14.17	14.18	13.88	13.9	4498	13.85	300168	万达信息	SZ	14.18	14.13	
379	2012-11-12	5.97	6.01	5.93	5.98	5360	5.98	300169	天晟新材	SZ	5.94	5.94	
379	2012-11-12	11.05	11.11	10.99	11.06	2973	7.29	300170	汉得信息	SZ	11.05	7.28	
379	2012-11-12	28.75	29.14	28.12	28.35	5826	27.91	300171	东富龙	SZ	28.99	28.54	
379	2012-11-12	12.88	13.35	12.83	13.15	20455	9.97	300172	中电环保	SZ	12.73	9.65	
379	2012-11-12	7.3	7.41	7.3	7.38	1481	7.29	300173	松德股份	SZ	7.32	7.24	
379	2012-11-12	7.58	7.65	7.58	7.64	2278	7.53	300174	元力股份	SZ	7.55	7.44	
379	2012-11-12	4.23	4.27	4.17	4.21	20477	4.2	300175	朗源股份	SZ	4.23	4.22	
379	2012-11-12	9.49	9.55	9.39	9.49	2401	7.84	300176	鸿特精密	SZ	9.49	7.84	
379	2012-11-12	12.2	12.42	12.1	12.39	12002	12.39	300177	中海达	SZ	12.06	12.06	
379	2012-11-12	11.73	11.84	11.66	11.73	2497	11.67	300178	腾邦国际	SZ	11.73	11.67	
379	2012-11-12	7.37	7.37	7.18	7.3	9471	3.98	300179	四方达	SZ	7.36	4.01	
379	2012-11-12	10.38	10.39	10.26	10.33	2397	10.24	300180	华峰超纤	SZ	10.28	10.2	
379	2012-11-12	6.03	6.04	5.95	5.97	17682	2.59	300181	佐力药业	SZ	5.98	2.59	
379	2012-11-12	18.62	18.83	18.08	18.46	5518	14.02	300182	捷成股份	SZ	18.69	14.2	
379	2012-11-12	19.2	19.45	19.15	19.22	6588	18.88	300183	东软载波	SZ	19.19	18.85	
379	2012-11-12	10.41	10.58	10.36	10.52	3529	6.78	300184	力源信息	SZ	10.41	6.71	
379	2012-11-12	4.38	4.44	4.35	4.38	23675	4.29	300185	通裕重工	SZ	4.35	4.26	
379	2012-11-12	6.76	6.8	6.7	6.76	2222	3.21	300186	大华农	SZ	6.76	3.21	
379	2012-11-12	17.23	18	17.23	17.73	30237	11.82	300187	永清环保	SZ	17.07	11.38	
