510	2012-05-11	10.08	10.12	10.01	10.01	260031	6.11	1	深发展Ａ	SZ	10.08	6.15	
510	2012-05-11	2.82	2.94	2.8	2.89	79896	0.72	10	S ST华新	SZ	2.83	0.71	
510	2012-05-11	2.15	2.18	2.12	2.14	1181265	2.07	100	TCL 集团	SZ	2.18	2.07	
510	2012-05-11	7.7	7.82	7.64	7.65	57735	7.65	11	深物业A	SZ	7.75	7.75	
510	2012-05-11	9.36	9.49	9.26	9.29	117154	8.7	12	南 玻Ａ	SZ	9.36	8.77	
510	2012-05-11	7.61	7.69	7.39	7.43	87768	7.39	14	沙河股份	SZ	7.61	7.57	
510	2012-05-11	4.37	4.44	4.34	4.37	8668	4.37	150	宜华地产	SZ	4.41	4.41	
510	2012-05-11	7.87	7.95	7.82	7.83	14376	7.77	151	中成股份	SZ	7.86	7.8	
510	2012-05-11	7.28	7.73	7.22	7.49	95884	7.41	153	丰原药业	SZ	7.3	7.23	
510	2012-05-11	4.08	4.14	4.04	4.11	26614	4.11	155	川化股份	SZ	4.09	4.09	
510	2012-05-11	10.05	10.15	9.91	9.93	391859	9.36	157	中联重科	SZ	10.02	9.45	
510	2012-05-11	4.22	4.27	4.11	4.13	37778	4.13	158	常山股份	SZ	4.22	4.22	
510	2012-05-11	9.45	9.58	9.39	9.43	34310	9.19	159	国际实业	SZ	9.44	9.2	
510	2012-05-11	3.73	4.1	3.72	3.94	309192	3.92	16	深康佳Ａ	SZ	3.73	3.71	
510	2012-05-11	7.9	7.94	7.6	7.82	183812	7.55	1696	宗申动力	SZ	7.96	7.69	
510	2012-05-11	3.05	3.07	2.97	3.05	30511	3.05	17	*ST中华A	SZ	3.05	3.05	
510	2012-05-11	6.25	6.49	6.24	6.3	6174	6.3	18	ST中冠A	SZ	6.2	6.2	
510	2012-05-11	5.08	5.13	5.05	5.08	15589	5.08	1896	*ST豫能	SZ	5.06	5.06	
510	2012-05-11	10.19	10.22	10.01	10.03	14492	9.78	19	深深宝Ａ	SZ	10.19	9.94	
510	2012-05-11	8.93	8.93	8.93	8.93	0	8.29	2	万 科Ａ	SZ	8.93	8.29	
510	2012-05-11	7.2	7.34	7.08	7.08	31797	7.08	20	深华发Ａ	SZ	7.2	7.2	
510	2012-05-11	21.1	21.24	20.91	20.93	32164	19.9	2001	新 和 成	SZ	21.2	20.16	
510	2012-05-11	8.06	8.1	7.95	7.96	17548	7.96	2002	ST琼花	SZ	8.05	8.05	
510	2012-05-11	15.68	15.72	15.4	15.4	17268	10.05	2003	伟星股份	SZ	15.6	10.18	
510	2012-05-11	14.51	14.73	14.13	14.22	36885	4.5	2004	华邦制药	SZ	14.43	4.57	
510	2012-05-11	8.59	8.69	8.41	8.63	109913	4.27	2005	德豪润达	SZ	8.59	4.25	
510	2012-05-11	14.47	14.48	14.21	14.35	73832	9.51	2006	精功科技	SZ	14.51	9.61	
510	2012-05-11	23.62	24.2	23.55	24	49534	23.81	2007	华兰生物	SZ	23.6	23.42	
510	2012-05-11	7.37	7.56	7.32	7.49	242268	7.2	2008	大族激光	SZ	7.43	7.14	
510	2012-05-11	8.64	8.91	8.64	8.7	31392	8.67	2009	天奇股份	SZ	8.69	8.66	
510	2012-05-11	7.18	7.26	7.15	7.15	20688	7.02	2010	传化股份	SZ	7.2	7.07	
510	2012-05-11	10.72	10.93	10.48	10.82	103401	10.64	2011	盾安环境	SZ	10.76	10.58	
510	2012-05-11	5.79	5.79	5.68	5.69	28444	2.83	2012	凯恩股份	SZ	5.76	2.87	
510	2012-05-11	14.14	14.14	13.56	13.58	45170	13.53	2013	中航精机	SZ	14.12	14.07	
510	2012-05-11	9.97	10.23	9.88	10	17395	6.28	2014	永新股份	SZ	9.93	6.23	
510	2012-05-11	8.42	8.46	8.24	8.25	28986	8.25	2015	霞客环保	SZ	8.43	8.43	
510	2012-05-11	5.17	5.27	5.14	5.14	25944	3.61	2016	世荣兆业	SZ	5.2	3.65	
510	2012-05-11	12.7	12.84	12.32	12.34	32782	12.29	2017	东信和平	SZ	12.74	12.69	
510	2012-05-11	4.07	4.19	4.03	4.06	71793	2.76	2018	华星化工	SZ	4.03	2.73	
510	2012-05-11	7.91	8.14	7.81	8.05	65324	8.05	2019	鑫富药业	SZ	7.95	7.95	
510	2012-05-11	6.8	6.98	6.75	6.93	41993	3.34	2020	京新药业	SZ	6.78	3.27	
510	2012-05-11	4.27	4.68	4.27	4.47	323233	3.4	2021	中捷股份	SZ	4.33	3.3	
510	2012-05-11	11	11.3	10.91	11.15	89617	10.81	2022	科华生物	SZ	11	10.67	
510	2012-05-11	11.03	11.17	10.7	10.72	53209	10.49	2023	海特高新	SZ	11.13	10.89	
510	2012-05-11	9.85	9.97	9.77	9.84	354474	9.62	2024	苏宁电器	SZ	9.86	9.64	
510	2012-05-11	14.29	14.29	13.75	13.8	63503	13.54	2025	航天电器	SZ	14.09	13.82	
510	2012-05-11	6.48	6.53	6.43	6.45	9047	4.86	2026	山东威达	SZ	6.48	4.89	
510	2012-05-11	4.53	4.53	4.42	4.43	23163	4.43	2027	七喜控股	SZ	4.52	4.52	
510	2012-05-11	12.98	13.09	12.9	12.9	11966	12.74	2028	思源电气	SZ	12.98	12.82	
510	2012-05-11	17.12	17.3	16.71	16.79	26481	11.09	2029	七 匹 狼	SZ	17.33	11.44	
510	2012-05-11	6.95	7.2	6.9	7.11	127704	5.36	2030	达安基因	SZ	6.94	5.24	
510	2012-05-11	7.11	7.16	7.07	7.08	9205	6.98	2031	巨轮股份	SZ	7.16	7.06	
510	2012-05-11	14.73	14.73	14.29	14.29	13055	12.46	2032	苏 泊 尔	SZ	14.74	12.85	
510	2012-05-11	16.84	16.84	16.38	16.38	11181	12.26	2033	丽江旅游	SZ	16.69	12.49	
510	2012-05-11	14.14	14.65	14.01	14.28	34237	13.66	2034	美 欣 达	SZ	14	13.4	
510	2012-05-11	8.98	9.06	8.89	9.01	20578	7.29	2035	华帝股份	SZ	9.01	7.29	
510	2012-05-11	14.74	14.88	14.44	14.5	15048	14.36	2036	宜科科技	SZ	14.78	14.63	
510	2012-05-11	14.36	14.5	14.06	14.23	9707	8.65	2037	久联发展	SZ	14.34	8.72	
510	2012-05-11	23.12	23.71	23.01	23.58	38503	19.45	2038	双鹭药业	SZ	23.2	19.13	
510	2012-05-11	14.95	15.12	14.9	14.95	5365	14.83	2039	黔源电力	SZ	14.94	14.82	
510	2012-05-11	6.1	6.13	6.05	6.06	6197	6	2040	南 京 港	SZ	6.1	6.04	
510	2012-05-11	22.67	22.67	22.67	22.67	0	22.49	2041	登海种业	SZ	22.67	22.49	
510	2012-05-11	5.9	5.94	5.71	5.76	63527	5.74	2042	华孚色纺	SZ	6.01	3.93	
510	2012-05-11	4.07	4.07	4.07	4.07	0	1.99	2043	兔 宝 宝	SZ	4.07	1.99	
510	2012-05-11	9.64	9.64	9.33	9.45	10725	9.11	2044	江苏三友	SZ	9.61	9.26	
510	2012-05-11	5.4	5.4	5.4	5.4	0	5.17	2045	广州国光	SZ	5.4	5.17	
510	2012-05-11	8.52	8.56	8.34	8.38	29192	4.12	2046	轴研科技	SZ	8.53	4.2	
510	2012-05-11	3.43	3.49	3.42	3.48	51782	3.48	2047	成霖股份	SZ	3.43	3.43	
510	2012-05-11	7.86	7.89	7.7	7.7	30630	7.58	2048	宁波华翔	SZ	7.86	7.74	
510	2012-05-11	20.52	20.78	20.35	20.55	5048	20.49	2049	晶源电子	SZ	20.52	20.46	
510	2012-05-11	11.62	11.8	11.5	11.63	10425	11.54	2050	三花股份	SZ	11.6	11.51	
510	2012-05-11	21.6	21.98	21.51	21.56	18472	16.24	2051	中工国际	SZ	21.51	16.2	
510	2012-05-11	4.61	4.66	4.54	4.56	51641	2.26	2052	同洲电子	SZ	4.62	2.28	
510	2012-05-11	10.05	10.23	10.05	10.06	7813	10.01	2053	云南盐化	SZ	10.15	10.1	
510	2012-05-11	8.53	8.54	8.34	8.34	19898	8.1	2054	德美化工	SZ	8.48	8.24	
510	2012-05-11	8.75	8.75	8.5	8.5	31234	8.47	2055	得润电子	SZ	8.75	8.72	
510	2012-05-11	18.07	19.3	18	18.36	172932	18.34	2056	横店东磁	SZ	18.12	18.1	
510	2012-05-11	18.8	19.8	18.2	18.21	50999	18.21	2057	中钢天源	SZ	19	19	
510	2012-05-11	6.85	6.85	6.75	6.76	9602	5.84	2058	威 尔 泰	SZ	6.84	5.92	
510	2012-05-11	10.6	10.63	10.4	10.4	14557	10.3	2059	云南旅游	SZ	10.62	10.52	
510	2012-05-11	5.58	5.67	5.58	5.6	32132	3.85	2060	粤 水 电	SZ	5.6	3.85	
510	2012-05-11	6	6.07	5.87	5.9	70725	3.88	2061	江山化工	SZ	6.07	3.99	
510	2012-05-11	5.8	5.88	5.71	5.74	27170	3.12	2062	宏润建设	SZ	5.8	3.15	
510	2012-05-11	14.35	14.38	13.75	13.75	122093	13.58	2063	远光软件	SZ	14.76	11.07	
510	2012-05-11	6.74	6.85	6.23	6.4	282136	6.32	2064	华峰氨纶	SZ	6.92	6.83	
510	2012-05-11	17.07	17.07	16.57	16.57	27684	12.5	2065	东华软件	SZ	17.15	12.94	
510	2012-05-11	6.95	6.95	6.95	6.95	0	3.38	2066	瑞泰科技	SZ	6.95	3.38	
510	2012-05-11	3.45	3.46	3.41	3.41	72162	1.71	2067	景兴纸业	SZ	3.45	1.73	
510	2012-05-11	7.68	7.95	7.61	7.77	230155	7.61	2068	黑猫股份	SZ	7.7	7.54	
510	2012-05-11	22.2	22.28	21.89	21.95	25112	21.09	2069	獐 子 岛	SZ	22.18	21.31	
510	2012-05-11	3.95	4.13	3.92	4.01	50631	2.36	2070	众和股份	SZ	3.98	2.34	
510	2012-05-11	7.63	7.73	7.55	7.59	10550	7.56	2071	江苏宏宝	SZ	7.68	7.65	
510	2012-05-11	6.07	6.07	6.07	6.07	0	6.07	2072	*ST德棉	SZ	6.07	6.07	
510	2012-05-11	12.58	12.73	12.47	12.54	61354	12.48	2073	软控股份	SZ	12.64	12.58	
510	2012-05-11	6.91	6.96	6.81	6.81	35813	6.69	2074	东源电器	SZ	6.9	6.77	
510	2012-05-11	7.58	7.66	7.43	7.43	11784	7.27	2076	雪 莱 特	SZ	7.59	7.42	
510	2012-05-11	7.48	7.66	7.37	7.38	50107	7.29	2077	大港股份	SZ	7.54	7.45	
510	2012-05-11	7.02	7.12	6.96	7.05	26993	6.8	2078	太阳纸业	SZ	7.02	6.77	
510	2012-05-11	6.44	6.57	6.3	6.5	53811	6.48	2079	苏州固锝	SZ	6.44	6.42	
510	2012-05-11	11.8	12.4	11.71	12.23	143555	11.94	2080	中材科技	SZ	11.76	11.48	
510	2012-05-11	20.26	20.52	19.8	19.81	36297	8.68	2081	金 螳 螂	SZ	20.22	8.86	
510	2012-05-11	8.84	8.94	8.81	8.81	11519	8.5	2082	栋梁新材	SZ	8.87	8.56	
510	2012-05-11	5.16	5.21	5.13	5.13	36898	5.07	2083	孚日股份	SZ	5.17	5.1	
510	2012-05-11	4.17	4.18	4.05	4.06	20627	3.64	2084	海鸥卫浴	SZ	4.17	3.74	
510	2012-05-11	10.15	10.5	10.11	10.17	31187	9.42	2085	万丰奥威	SZ	10.15	9.4	
510	2012-05-11	12.79	12.96	12.72	12.94	44146	12.74	2086	东方海洋	SZ	12.75	12.55	
510	2012-05-11	3.98	4.01	3.95	3.95	37371	3.91	2087	新野纺织	SZ	3.99	3.95	
510	2012-05-11	10.6	10.69	10.45	10.45	9917	10.23	2088	鲁阳股份	SZ	10.6	10.37	
510	2012-05-11	9.5	9.5	9.2	9.2	41020	7.5	2089	新 海 宜	SZ	9.54	7.78	
510	2012-05-11	9.4	9.44	9.06	9.12	38018	8.97	2090	金智科技	SZ	9.5	9.34	
510	2012-05-11	11.89	12.05	11.7	11.75	28155	11.64	2091	江苏国泰	SZ	12	11.88	
510	2012-05-11	9.74	9.78	9.57	9.59	68693	9.26	2092	中泰化学	SZ	9.69	9.36	
510	2012-05-11	6.27	6.27	6.04	6.06	111019	6.05	2093	国脉科技	SZ	6.23	6.22	
510	2012-05-11	8.72	8.95	8.72	8.82	44670	8.82	2094	青岛金王	SZ	8.71	8.71	
510	2012-05-11	13.85	14.18	13.74	13.77	11439	13.61	2095	生 意 宝	SZ	13.79	13.63	
510	2012-05-11	14.35	14.35	14.35	14.35	0	7.09	2096	南岭民爆	SZ	14.35	7.09	
510	2012-05-11	8.79	8.79	8.57	8.64	18409	8.56	2097	山河智能	SZ	8.72	8.64	
510	2012-05-11	8.41	8.45	8.29	8.33	7122	7.95	2098	浔兴股份	SZ	8.4	8.01	
510	2012-05-11	10.57	10.81	10.55	10.69	36546	5.21	2099	海翔药业	SZ	10.57	5.16	
510	2012-05-11	6.16	6.27	6.15	6.16	50685	6.04	21	长城开发	SZ	6.19	6.07	
510	2012-05-11	7.61	7.9	7.47	7.79	70850	5.89	2100	天康生物	SZ	7.6	5.75	
510	2012-05-11	11.49	11.55	11.35	11.4	7625	11.16	2101	广东鸿图	SZ	11.48	11.24	
510	2012-05-11	4.33	4.49	4.28	4.42	131228	4.42	2102	冠福家用	SZ	4.31	4.31	
510	2012-05-11	6.2	6.25	6.13	6.13	3997	5.99	2103	广博股份	SZ	6.22	6.07	
510	2012-05-11	9.38	9.6	9.36	9.44	64233	9.33	2104	恒宝股份	SZ	9.43	9.32	
510	2012-05-11	5.06	5.13	5.02	5.02	9186	4.83	2105	信隆实业	SZ	5.08	4.88	
510	2012-05-11	16.47	16.59	16.08	16.1	63694	15.86	2106	莱宝高科	SZ	16.45	16.21	
510	2012-05-11	10.05	10.36	10.01	10.24	15417	10.24	2107	沃华医药	SZ	10.08	10.08	
510	2012-05-11	8.19	8.3	8.19	8.23	13694	8.09	2108	沧州明珠	SZ	8.17	8.03	
510	2012-05-11	8.6	8.67	8.54	8.54	29452	8.42	2109	兴化股份	SZ	8.61	8.48	
510	2012-05-11	7.18	7.23	7	7	14893	6.99	2110	三钢闽光	SZ	7.17	7.16	
510	2012-05-11	10.58	10.65	10.15	10.18	114870	10.01	2111	威海广泰	SZ	10.68	10.5	
510	2012-05-11	5.09	5.43	4.97	5.17	73518	2.86	2112	三变科技	SZ	5.11	2.83	
510	2012-05-11	7.75	7.93	7.75	7.8	2396	7.8	2113	ST天润	SZ	7.81	7.81	
510	2012-05-11	8.64	9.06	8.57	9.06	82584	9.06	2114	罗平锌电	SZ	8.63	8.63	
510	2012-05-11	7.11	7.11	7	7.06	25666	3.8	2115	三维通信	SZ	7.11	3.82	
510	2012-05-11	12.56	12.99	12.22	12.86	23689	6.85	2116	中国海诚	SZ	12.47	6.64	
510	2012-05-11	6.26	6.3	6.15	6.15	19697	4.1	2117	东港股份	SZ	6.27	4.18	
510	2012-05-11	10.9	11.4	10.72	10.72	240051	10.72	2118	紫鑫药业	SZ	10.36	10.36	
510	2012-05-11	7.77	7.77	7.77	7.77	0	7.72	2119	康强电子	SZ	7.77	7.72	
510	2012-05-11	10.42	10.99	10.33	10.5	79911	10.33	2120	新海股份	SZ	10.51	10.34	
510	2012-05-11	10.22	10.41	10	10	44468	9.93	2121	科陆电子	SZ	10.2	10.13	
510	2012-05-11	7.2	7.25	7.1	7.1	46788	6.89	2122	天马股份	SZ	7.2	6.98	
510	2012-05-11	14.6	14.83	14.53	14.6	39470	14.6	2123	荣信股份	SZ	14.59	14.59	
510	2012-05-11	7.07	7.16	7.07	7.07	7178	6.99	2124	天邦股份	SZ	7.09	7.01	
510	2012-05-11	9.88	9.88	9.43	9.44	21449	5.88	2125	湘潭电化	SZ	9.88	6.15	
510	2012-05-11	7.1	7.1	7.1	7.1	0	3.51	2126	银轮股份	SZ	7.1	3.51	
510	2012-05-11	5.39	5.41	5.21	5.22	36873	5.2	2127	新民科技	SZ	5.4	5.38	
510	2012-05-11	16.96	17.47	16.84	17	52338	16.2	2128	露天煤业	SZ	16.98	16.19	
510	2012-05-11	13.41	13.69	13.18	13.45	42483	13.44	2129	中环股份	SZ	13.31	13.3	
510	2012-05-11	8.25	8.3	8.1	8.15	77732	4.12	2130	沃尔核材	SZ	8.18	4.13	
510	2012-05-11	13.27	14.24	13.21	13.49	61362	13.42	2131	利欧股份	SZ	13.2	13.13	
510	2012-05-11	6.4	6.44	6.33	6.36	27756	6.29	2132	恒星科技	SZ	6.39	6.32	
510	2012-05-11	5.24	5.33	5.22	5.22	97720	4.12	2133	广宇集团	SZ	5.25	4.14	
510	2012-05-11	7.48	7.49	6.99	7	51705	7	2134	天津普林	SZ	7.47	7.47	
510	2012-05-11	5.63	5.63	5.63	5.63	0	5.61	2135	东南网架	SZ	5.63	5.61	
510	2012-05-11	13.78	14.01	13.71	13.75	26447	13.75	2136	安 纳 达	SZ	13.77	13.77	
510	2012-05-11	6.89	6.96	6.65	6.71	302726	4.95	2137	实 益 达	SZ	7.12	5.25	
510	2012-05-11	10.16	10.2	9.94	9.96	8895	9.86	2138	顺络电子	SZ	10.26	6.68	
510	2012-05-11	9.95	10.01	9.91	9.91	19479	8.68	2139	拓邦股份	SZ	9.96	8.73	
510	2012-05-11	19.92	20.05	19.31	19.82	13629	19.68	2140	东华科技	SZ	20.25	20.11	
510	2012-05-11	6.67	6.74	6.5	6.61	23436	6.61	2141	蓉胜超微	SZ	6.67	6.67	
510	2012-05-11	10.27	10.43	10.22	10.28	124568	9.83	2142	宁波银行	SZ	10.27	9.83	
510	2012-05-11	6.71	6.72	6.62	6.62	5864	5.03	2143	高金食品	SZ	6.58	5	
510	2012-05-11	13.3	13.53	13.3	13.36	9494	13.08	2144	宏达高科	SZ	13.38	13.09	
510	2012-05-11	8.14	8.14	8.14	8.14	0	8.14	2145	*ST钛白	SZ	8.14	8.14	
510	2012-05-11	10.78	10.85	10.56	10.83	30706	10.65	2146	荣盛发展	SZ	10.81	10.63	
510	2012-05-11	8.07	8.08	7.93	7.98	15308	7.85	2147	方圆支承	SZ	8.2	7.93	
510	2012-05-11	9.48	9.57	9.09	9.1	84464	4.49	2148	北纬通信	SZ	9.39	4.63	
510	2012-05-11	13.87	14.11	13.79	14.05	15337	13.99	2149	西部材料	SZ	13.85	13.79	
510	2012-05-11	7.27	7.35	7.23	7.28	8871	7.04	2150	江苏通润	SZ	7.27	7.03	
510	2012-05-11	21.82	21.82	20.72	20.72	22952	17.15	2151	北斗星通	SZ	21.58	17.87	
510	2012-05-11	13.75	14.11	13.65	13.93	32703	11.38	2152	广电运通	SZ	13.73	11.21	
510	2012-05-11	29.22	29.39	28.76	28.85	2013	28.46	2153	石基信息	SZ	29.41	29.02	
510	2012-05-11	12.85	12.89	12.55	12.67	11708	12.24	2154	报 喜 鸟	SZ	12.8	12.37	
510	2012-05-11	15.33	15.59	15.21	15.3	151320	8.27	2155	辰州矿业	SZ	15.37	8.31	
510	2012-05-11	6.11	6.15	5.89	5.95	69380	5.91	2156	通富微电	SZ	6.13	6.08	
510	2012-05-11	10.83	10.97	10.67	10.75	25673	10.57	2157	正邦科技	SZ	10.83	10.65	
510	2012-05-11	10.82	10.95	10.71	10.72	14778	9.25	2158	汉钟精机	SZ	10.82	9.33	
510	2012-05-11	14.7	15.84	14.7	15.4	41932	15.31	2159	三特索道	SZ	14.67	14.59	
510	2012-05-11	9.2	9.28	9.06	9.1	83721	9.05	2161	远 望 谷	SZ	9.29	9.24	
510	2012-05-11	9.06	9.77	8.97	9.32	231268	9.32	2162	斯 米 克	SZ	9.05	9.05	
510	2012-05-11	4.91	5.02	4.86	4.9	47311	4.85	2163	中航三鑫	SZ	4.91	4.86	
510	2012-05-11	5.89	5.89	5.89	5.89	0	5.86	2164	东力传动	SZ	5.89	5.86	
510	2012-05-11	6.71	6.71	6.57	6.58	21453	3.55	2165	红 宝 丽	SZ	6.67	3.6	
510	2012-05-11	14.9	15.86	14.73	15.48	47767	15.48	2166	莱茵生物	SZ	14.77	14.77	
510	2012-05-11	20.75	21.05	20.27	20.5	50574	10.2	2167	东方锆业	SZ	20.7	10.3	
510	2012-05-11	10.56	11.03	10.55	10.68	81400	9.07	2168	深圳惠程	SZ	10.61	9	
510	2012-05-11	6.45	6.51	6.38	6.39	20653	6.39	2169	智光电气	SZ	6.45	6.45	
510	2012-05-11	4.56	4.63	4.53	4.54	36118	2.44	2170	芭田股份	SZ	4.54	2.44	
510	2012-05-11	12.24	12.34	12.11	12.13	35656	12.11	2171	精诚铜业	SZ	12.25	12.23	
509	2012-05-11	4.9	4.94	4.75	4.92	92949	4.92	2172	澳洋科技	SZ	4.9	4.9	
510	2012-05-11	9.05	9.12	8.99	9.01	8028	8.96	2173	山 下 湖	SZ	9.05	9	
510	2012-05-11	13.52	13.92	13.52	13.76	7382	13.75	2174	梅 花 伞	SZ	13.76	13.75	
510	2012-05-11	10.46	10.62	10.3	10.33	4795	10.23	2175	广陆数测	SZ	10.46	10.36	
510	2012-05-11	10.01	10.23	9.91	9.92	64563	4.94	2176	江特电机	SZ	10.12	5.04	
510	2012-05-11	5.95	5.99	5.85	5.85	113865	4.49	2177	御银股份	SZ	5.95	4.56	
510	2012-05-11	9.72	9.78	9.5	9.52	29320	9.49	2178	延华智能	SZ	9.72	9.68	
510	2012-05-11	16.27	16.27	15.81	15.84	15057	15.64	2179	中航光电	SZ	16.22	16.01	
510	2012-05-11	13.2	13.68	13.2	13.52	24627	13.37	2180	万 力 达	SZ	13.28	13.13	
510	2012-05-11	10.83	10.92	10.55	10.55	20547	10.45	2181	粤 传 媒	SZ	10.82	10.71	
510	2012-05-11	10.6	10.74	10.35	10.36	59561	10.24	2182	云海金属	SZ	10.6	10.48	
510	2012-05-11	6.65	6.76	6.53	6.68	79359	6.57	2183	怡 亚 通	SZ	6.58	6.47	
510	2012-05-11	7.37	7.41	7.27	7.27	11248	7.15	2184	海得控制	SZ	7.35	7.23	
510	2012-05-11	5.55	5.55	5.47	5.51	27624	3.36	2185	华天科技	SZ	5.55	3.39	
510	2012-05-11	15.86	15.86	15.6	15.62	10716	7.35	2186	全 聚 德	SZ	15.85	7.46	
510	2012-05-11	9.89	9.92	9.8	9.8	10185	7.82	2187	广百股份	SZ	9.88	7.89	
510	2012-05-11	8.27	8.27	8.01	8.02	6247	8.02	2188	新 嘉 联	SZ	8.18	8.18	
510	2012-05-11	9.2	9.34	9.11	9.25	17851	9.23	2189	利达光电	SZ	9.25	9.23	
510	2012-05-11	17.95	18.28	17.75	17.81	23299	13.52	2190	成飞集成	SZ	18.06	13.71	
510	2012-05-11	10.66	10.89	10.62	10.76	51257	10.56	2191	劲嘉股份	SZ	10.71	10.51	
510	2012-05-11	18.69	18.69	18.69	18.69	0	18.69	2192	路翔股份	SZ	18.69	18.69	
510	2012-05-11	9.54	9.54	9.35	9.51	8707	9.51	2193	山东如意	SZ	9.54	9.54	
510	2012-05-11	7.81	7.85	7.68	7.69	16659	7.54	2194	武汉凡谷	SZ	7.8	7.65	
509	2012-05-11	17.12	17.27	16.71	16.76	14700	16.5	2195	海隆软件	SZ	17.13	16.87	
509	2012-05-11	13.2	13.34	13.12	13.14	6744	12.87	2196	方正电机	SZ	13.13	12.86	
510	2012-05-11	10.66	10.69	10.27	10.27	61048	10.1	2197	证通电子	SZ	10.7	10.52	
509	2012-05-11	4.14	4.26	4.11	4.24	24665	2.09	2198	嘉应制药	SZ	4.14	2.05	
509	2012-05-11	7.63	7.79	7.63	7.67	25486	7.67	2199	东晶电子	SZ	7.71	7.71	
510	2012-05-11	10.47	10.47	10.23	10.26	8819	9.61	22	深赤湾Ａ	SZ	10.47	9.81	
509	2012-05-11	12.9	12.9	12.9	12.9	0	12.9	2200	绿 大 地	SZ	12.9	12.9	
509	2012-05-11	7.82	7.9	7.71	7.83	7250	7.82	2201	九鼎新材	SZ	7.82	7.81	
509	2012-05-11	7.54	7.58	7.46	7.46	130057	7.34	2202	金风科技	SZ	7.55	7.43	
509	2012-05-11	7.6	7.72	7.57	7.57	15688	4.92	2203	海亮股份	SZ	7.62	4.95	
509	2012-05-11	10.83	10.98	10.73	10.8	28660	4.69	2204	华锐铸钢	SZ	10.91	4.73	
509	2012-05-11	17.45	17.87	17.27	17.45	14850	17.31	2205	国统股份	SZ	17.38	17.24	
509	2012-05-11	8.39	8.59	8.25	8.25	36060	7.48	2206	海 利 得	SZ	8.39	7.61	
509	2012-05-11	14.68	14.78	14.26	14.33	13362	14.22	2207	准油股份	SZ	14.61	14.5	
509	2012-05-11	7.16	7.22	7	7.04	21953	6.8	2208	合肥城建	SZ	7.16	6.92	
509	2012-05-11	8.41	8.52	8.38	8.4	6558	8.32	2209	达 意 隆	SZ	8.39	8.31	
509	2012-05-11	5.93	6	5.88	5.89	18768	5.86	2210	飞马国际	SZ	5.96	5.93	
509	2012-05-11	7.88	8.19	7.73	8.08	386600	8.08	2211	宏达新材	SZ	7.87	7.87	
509	2012-05-11	5.85	5.89	5.8	5.82	18406	5.68	2212	南洋股份	SZ	5.86	5.72	
509	2012-05-11	8.52	8.54	8.42	8.44	7246	8.34	2213	特 尔 佳	SZ	8.52	8.42	
509	2012-05-11	12.65	12.74	12.28	12.28	83390	6	2214	大立科技	SZ	12.65	6.17	
509	2012-05-11	5.95	5.95	5.95	5.95	0	3.84	2215	诺 普 信	SZ	5.95	3.84	
509	2012-05-11	13.23	13.32	12.88	13.05	6775	6.39	2216	三全食品	SZ	13.19	6.46	
509	2012-05-11	5.99	6.05	5.89	6.02	33897	3.95	2217	联合化工	SZ	6	3.94	
510	2012-05-11	9.65	9.71	9.51	9.51	42089	9.51	2218	拓日新能	SZ	9.73	9.73	
510	2012-05-11	10.13	10.18	9.99	10.05	16535	6.22	2219	独 一 味	SZ	10.05	6.22	
510	2012-05-11	9.04	9.06	8.95	8.98	13336	4.37	2220	天宝股份	SZ	9.01	4.38	
510	2012-05-11	5.19	5.2	5.09	5.09	24936	2.52	2221	东华能源	SZ	5.19	2.57	
510	2012-05-11	7.36	7.46	7.36	7.38	9073	7.18	2222	福晶科技	SZ	7.37	7.17	
510	2012-05-11	14.92	15.27	14.78	15.17	49212	11.55	2223	鱼跃医疗	SZ	14.93	11.37	
510	2012-05-11	5.75	5.87	5.68	5.69	8596	3.75	2224	三 力 士	SZ	5.79	3.81	
510	2012-05-11	9.41	9.75	9.32	9.56	74915	9.45	2225	濮耐股份	SZ	9.37	9.26	
510	2012-05-11	13.5	14.07	13.31	13.92	58598	13.4	2226	江南化工	SZ	13.5	12.99	
510	2012-05-11	23.79	24.11	23.55	23.57	4181	23.38	2227	奥 特 迅	SZ	23.79	23.59	
510	2012-05-11	6.12	6.19	5.96	5.96	26435	5.77	2228	合兴包装	SZ	6.05	5.86	
510	2012-05-11	7.41	7.57	7.3	7.36	45676	7.31	2229	鸿博股份	SZ	7.3	7.25	
510	2012-05-11	23.67	24	23.26	23.31	39476	8.98	2230	科大讯飞	SZ	23.8	9.17	
510	2012-05-11	9.95	10.08	9.65	9.67	57089	9.67	2231	奥维通信	SZ	10.03	10.03	
510	2012-05-11	9.2	9.2	9.2	9.2	0	9.19	2232	启明信息	SZ	9.2	9.19	
510	2012-05-11	9.38	9.55	9.36	9.47	60967	9.38	2233	塔牌集团	SZ	9.38	9.29	
510	2012-05-11	14.09	14.18	13.88	14.05	15640	6.59	2234	民和股份	SZ	14.04	6.58	
510	2012-05-11	11.5	11.93	11.27	11.27	19647	10.92	2235	安妮股份	SZ	11.77	11.4	
510	2012-05-11	13.45	13.55	13.34	13.44	28126	3.29	2236	大华股份	SZ	13.52	3.31	
510	2012-05-11	19.44	19.44	19.22	19.24	23004	9.48	2237	恒邦股份	SZ	19.35	9.54	
510	2012-05-11	16.08	16.08	16.08	16.08	0	15.87	2238	天威视讯	SZ	16.08	15.87	
510	2012-05-11	8.59	8.95	8.55	8.77	47670	8.74	2239	金 飞 达	SZ	8.57	8.54	
509	2012-05-11	4.55	4.61	4.46	4.58	31144	4.58	2240	威华股份	SZ	4.55	4.55	
510	2012-05-11	16.21	16.61	16.06	16.31	59689	8.95	2241	歌尔声学	SZ	16.27	8.93	
510	2012-05-11	8.1	8.17	8.04	8.09	14823	7.26	2242	九阳股份	SZ	8.12	7.28	
510	2012-05-11	8.94	8.95	8.81	8.87	14464	8.75	2243	通产丽星	SZ	8.9	8.78	
510	2012-05-11	8.98	9.08	8.81	8.83	35317	8.75	2244	滨江集团	SZ	9.08	9	
510	2012-05-11	7.83	8.36	7.83	8	113331	7.87	2245	澳洋顺昌	SZ	7.83	7.7	
510	2012-05-11	10.35	10.36	10.1	10.15	10124	10.07	2246	北化股份	SZ	10.36	10.28	
510	2012-05-11	6.75	6.79	6.7	6.76	5778	3.26	2247	帝龙新材	SZ	6.75	3.25	
510	2012-05-11	10.48	10.55	10.31	10.32	16584	10.32	2248	华东数控	SZ	10.41	10.41	
510	2012-05-11	9.84	9.89	9.65	9.65	29428	6.12	2249	大洋电机	SZ	9.84	6.25	
510	2012-05-11	15.85	16.12	15.62	15.95	13721	15.89	2250	联化科技	SZ	15.96	15.9	
510	2012-05-11	13.16	13.24	12.91	12.93	13606	6.74	2251	步 步 高	SZ	13.16	6.86	
510	2012-05-11	14.2	14.31	14.08	14.21	15896	14.16	2252	上海莱士	SZ	14.1	14.05	
510	2012-05-11	16.14	16.35	15.94	15.98	8662	9.71	2253	川大智胜	SZ	16.08	9.77	
510	2012-05-11	8.76	8.9	8.74	8.83	21432	6.62	2254	烟台氨纶	SZ	8.75	6.56	
510	2012-05-11	14.3	14.55	14.2	14.33	7149	7.09	2255	海陆重工	SZ	14.28	7.06	
510	2012-05-11	6.99	7.09	6.95	7	28123	5.77	2256	彩虹精化	SZ	6.99	5.77	
510	2012-05-11	9.98	10.84	9.98	10.84	34055	10.76	2258	利尔化学	SZ	9.85	9.78	
510	2012-05-11	3.53	3.65	3.46	3.5	265074	3.5	2259	升达林业	SZ	3.52	3.52	
510	2012-05-11	6.38	6.39	6.25	6.27	15445	6.2	2260	伊 立 浦	SZ	6.44	6.27	
510	2012-05-11	13.59	13.75	13.22	13.22	53342	10.13	2261	拓维信息	SZ	13.31	10.2	
510	2012-05-11	16.41	17.11	16.16	16.88	15049	13.43	2262	恩华药业	SZ	16.41	13.05	
510	2012-05-11	6.05	6.07	5.9	5.91	71880	4.85	2263	大 东 南	SZ	6.1	5.01	
510	2012-05-11	7.15	7.2	7.09	7.1	24128	7.04	2264	新 华 都	SZ	7.17	7.11	
510	2012-05-11	7.84	7.84	7.58	7.61	23911	7.61	2265	西仪股份	SZ	7.83	7.83	
510	2012-05-11	4.33	4.38	4.22	4.22	66838	1.01	2266	浙富股份	SZ	4.34	1.04	
510	2012-05-11	9.05	9.18	8.98	9.01	38060	4.31	2267	陕天然气	SZ	9.09	4.35	
510	2012-05-11	14.4	14.51	14.1	14.38	14990	14.32	2268	卫 士 通	SZ	14.59	14.53	
510	2012-05-11	24.16	24.16	23.35	23.5	11306	21.6	2269	美邦服饰	SZ	24.08	22.13	
510	2012-05-11	7.33	7.42	7.27	7.28	24345	7.18	2270	法因数控	SZ	7.33	7.23	
510	2012-05-11	12.02	12.19	11.97	12	19788	11.72	2271	东方雨虹	SZ	12.02	11.74	
510	2012-05-11	9.6	9.6	9.36	9.37	176331	9.35	2272	川润股份	SZ	9.6	9.58	
510	2012-05-11	10.1	10.23	9.89	9.9	16296	6.55	2273	水晶光电	SZ	10.16	6.73	
510	2012-05-11	8.93	9.09	8.92	8.93	15751	8.87	2274	华昌化工	SZ	9.01	8.95	
510	2012-05-11	13.85	13.99	13.79	13.89	10584	12.72	2275	桂林三金	SZ	13.85	12.68	
510	2012-05-11	7.07	7.07	7.07	7.07	0	7.01	2276	万马电缆	SZ	7.07	7.01	
510	2012-05-11	10.88	10.98	10.69	10.71	52995	6.62	2277	友阿股份	SZ	10.88	6.73	
510	2012-05-11	12.52	12.61	11.73	11.77	121518	10.4	2278	神开股份	SZ	12.58	11.11	
510	2012-05-11	11.26	11.36	11	11.04	13533	6.66	2279	久其软件	SZ	11.33	6.84	
510	2012-05-11	13.92	13.94	13.31	13.5	10511	13	2280	新世纪	SZ	13.92	13.4	
510	2012-05-11	29.2	29.2	29.2	29.2	0	28.68	2281	光迅科技	SZ	29.2	28.68	
510	2012-05-11	10.6	10.75	10.48	10.75	20436	10.58	2282	博深工具	SZ	10.67	10.51	
510	2012-05-11	10.19	10.6	10.06	10.2	209261	10.13	2283	天润曲轴	SZ	10.31	10.24	
510	2012-05-11	7.28	7.28	7.17	7.17	5585	7.1	2284	亚太股份	SZ	7.24	7.17	
510	2012-05-11	10.9	11.11	10.62	10.98	10460	8.09	2285	世联地产	SZ	11	8.1	
510	2012-05-11	12.71	12.97	12.71	12.74	7057	9.65	2286	保龄宝	SZ	12.87	9.74	
510	2012-05-11	17.42	17.69	17.2	17.5	13304	16.98	2287	奇正藏药	SZ	17.55	17.03	
510	2012-05-11	10.99	11.21	10.84	10.88	52617	9.04	2288	超华科技	SZ	11.08	9.22	
510	2012-05-11	22.89	23.5	22.79	22.79	10619	22.79	2289	宇顺电子	SZ	23.2	23.2	
510	2012-05-11	11.8	11.92	11.4	11.4	17518	11.27	2290	禾盛新材	SZ	11.8	11.67	
510	2012-05-11	7.8	8.38	7.75	8.12	62938	8.03	2291	星期六	SZ	7.74	7.65	
510	2012-05-11	15.06	15.06	15.06	15.06	0	9.88	2292	奥飞动漫	SZ	15.06	9.88	
510	2012-05-11	34.56	35.09	34.5	34.98	12893	16.57	2293	罗莱家纺	SZ	34.85	16.51	
510	2012-05-11	16.8	16.87	16.7	16.83	7865	11.04	2294	信立泰	SZ	16.8	11.02	
510	2012-05-11	8.26	8.34	8	8.08	25853	8.08	2295	精艺股份	SZ	8.26	8.26	
510	2012-05-11	21.75	21.98	21.35	21.51	20264	21.16	2296	辉煌科技	SZ	21.75	21.39	
510	2012-05-11	10.05	10.15	9.77	9.81	43384	6.51	2297	博云新材	SZ	10.01	6.65	
510	2012-05-11	9.35	9.37	9.04	9.05	54063	9.03	2298	鑫龙电器	SZ	9.35	9.33	
510	2012-05-11	15.31	15.56	15.31	15.39	38576	15.39	2299	圣农发展	SZ	15.4	15.4	
510	2012-05-11	7.1	7.15	7.03	7.05	21348	6.99	23	深天地Ａ	SZ	7.11	7.05	
510	2012-05-11	10.05	10.16	10	10.01	8042	9.35	2300	太阳电缆	SZ	10.11	9.44	
510	2012-05-11	6.63	6.76	6.59	6.61	29684	3.25	2301	齐心文具	SZ	6.64	3.27	
510	2012-05-11	11.39	11.39	11.39	11.39	0	8.71	2302	西部建设	SZ	11.39	8.71	
510	2012-05-11	9.56	9.65	9.51	9.53	13324	4.73	2303	美盈森	SZ	9.56	4.74	
510	2012-05-11	139.15	139.15	135.42	136.67	17712	109.64	2304	洋河股份	SZ	140.17	112.45	
510	2012-05-11	5.88	5.88	5.8	5.87	22281	5.8	2305	南国置业	SZ	5.88	5.81	
510	2012-05-11	5.38	5.42	5.18	5.26	121348	2.57	2306	湘鄂情	SZ	5.56	1.25	
510	2012-05-11	7.71	7.76	7.53	7.62	28545	7.62	2307	北新路桥	SZ	7.69	7.69	
510	2012-05-11	7.45	7.55	7.44	7.45	13006	5.41	2308	威创股份	SZ	7.49	5.44	
510	2012-05-11	10.24	10.32	10.14	10.15	33145	4.99	2309	中利科技	SZ	10.25	5.04	
510	2012-05-11	24.67	25.06	24.67	24.7	11840	6.16	2310	东方园林	SZ	24.8	6.19	
510	2012-05-11	16.92	16.92	16.54	16.75	5074	12.69	2311	海大集团	SZ	16.81	12.74	
510	2012-05-11	6.25	6.34	5.99	6.02	52229	2.91	2312	三泰电子	SZ	6.32	3.05	
510	2012-05-11	18.29	18.29	17.62	17.62	17646	13.37	2313	日海通讯	SZ	18.37	13.94	
510	2012-05-11	10	10.11	9.85	9.89	12354	9.71	2314	雅致股份	SZ	10.08	9.89	
510	2012-05-11	37.5	37.59	37.3	37.36	3261	35.72	2315	焦点科技	SZ	37.38	35.74	
510	2012-05-11	6.56	6.64	6.44	6.54	47236	3.6	2316	键桥通讯	SZ	6.55	3.6	
510	2012-05-11	10.76	10.91	10.69	10.88	4787	5.29	2317	众生药业	SZ	10.78	5.25	
510	2012-05-11	12.12	12.27	11.92	11.92	16034	11.84	2318	久立特材	SZ	12.17	12.09	
510	2012-05-11	5.81	5.82	5.68	5.72	23983	2.81	2319	乐通股份	SZ	5.8	2.85	
510	2012-05-11	11.55	11.63	11.22	11.25	21942	11.12	2320	海峡股份	SZ	11.54	11.41	
510	2012-05-11	7.83	7.96	7.82	7.82	14163	7.82	2321	华英农业	SZ	7.89	7.89	
510	2012-05-11	10.54	10.62	10.19	10.31	31558	5.12	2322	理工监测	SZ	10.56	5.24	
510	2012-05-11	14.9	15.26	14.89	15.12	7080	11.22	2323	中联电气	SZ	14.96	11.1	
510	2012-05-11	11.75	12.07	11.49	12.05	10414	11.9	2324	普利特	SZ	11.72	11.58	
510	2012-05-11	8.15	8.3	7.99	7.99	30093	2.61	2325	洪涛股份	SZ	8.03	2.62	
510	2012-05-11	14.93	15.29	14.91	15	19740	14.85	2326	永太科技	SZ	14.93	14.78	
510	2012-05-11	19.51	19.82	19	19.76	9691	9.66	2327	富安娜	SZ	19.48	7.94	
510	2012-05-11	7.04	7.23	6.97	7.22	29666	4.71	2328	新朋股份	SZ	7.05	4.6	
510	2012-05-11	13.75	13.92	13.65	13.66	11791	13.38	2329	皇氏乳业	SZ	13.75	13.47	
510	2012-05-11	7	7.35	6.97	7.15	60457	3.48	2330	得利斯	SZ	7.03	3.42	
510	2012-05-11	8.38	8.38	8.38	8.38	0	5.18	2331	皖通科技	SZ	8.38	5.18	
510	2012-05-11	11.78	11.93	11.7	11.85	18760	11.49	2332	仙琚制药	SZ	11.69	11.33	
510	2012-05-11	12.79	12.79	12.79	12.79	0	12.38	2333	罗普斯金	SZ	12.79	12.38	
510	2012-05-11	8.41	8.49	8.29	8.39	17113	2.81	2334	英威腾	SZ	8.39	2.81	
510	2012-05-11	11.67	11.68	11.46	11.46	6103	8.02	2335	科华恒盛	SZ	11.67	8.16	
510	2012-05-11	13.35	13.54	13.31	13.4	5574	13.4	2336	人人乐	SZ	13.35	13.35	
510	2012-05-11	14.15	14.23	13.43	13.87	42110	13.17	2337	赛象科技	SZ	14.08	13.37	
510	2012-05-11	24.57	24.64	24.27	24.53	2937	15.81	2338	奥普光电	SZ	24.63	15.88	
510	2012-05-11	6.32	6.38	6.21	6.21	18539	3.08	2339	积成电子	SZ	6.35	3.15	
510	2012-05-11	8.57	8.69	8.52	8.52	38821	3.2	2340	格林美	SZ	8.57	3.21	
510	2012-05-11	9.26	9.3	9.15	9.24	16676	4.52	2341	新纶科技	SZ	9.21	4.51	
510	2012-05-11	7.78	7.83	7.53	7.58	147049	7.56	2342	巨力索具	SZ	7.88	7.86	
510	2012-05-11	11.59	11.63	11.36	11.37	9976	10.97	2343	禾欣股份	SZ	11.59	11.18	
510	2012-05-11	13.68	13.74	13.34	13.4	35531	6.51	2344	海宁皮城	SZ	13.65	6.63	
510	2012-05-11	12.08	12.36	12.05	12.26	41316	5.83	2345	潮宏基	SZ	12.02	5.72	
510	2012-05-11	6.64	6.7	6.61	6.62	14138	3.2	2346	柘中建设	SZ	6.68	3.23	
510	2012-05-11	8.37	8.51	8.37	8.43	4309	4.66	2347	泰尔重工	SZ	8.42	4.65	
510	2012-05-11	6.36	6.36	6.27	6.32	4898	2.98	2348	高乐股份	SZ	6.33	2.98	
510	2012-05-11	10.7	11.21	10.67	11.06	29486	11.02	2349	精华制药	SZ	10.7	10.66	
510	2012-05-11	12.65	12.69	12.29	12.31	15278	6.95	2350	北京科锐	SZ	12.75	7.2	
510	2012-05-11	9.69	9.75	9.54	9.54	8362	9.33	2351	漫步者	SZ	9.74	9.52	
510	2012-05-11	21.77	22.41	21.77	21.81	8291	20.86	2352	鼎泰新材	SZ	21.81	20.86	
510	2012-05-11	33.49	33.61	32.23	32.25	40849	24.73	2353	杰瑞股份	SZ	33.46	25.66	
510	2012-05-11	11.63	11.63	11.44	11.44	3859	11.3	2354	科冕木业	SZ	11.53	11.39	
510	2012-05-11	5.93	5.93	5.84	5.84	8271	2.91	2355	兴民钢圈	SZ	5.88	2.93	
510	2012-05-11	18.42	19.09	18.22	18.99	7583	18.6	2356	浩宁达	SZ	18.36	17.98	
510	2012-05-11	9.27	9.4	9.25	9.25	9172	8.84	2357	富临运业	SZ	9.32	8.9	
510	2012-05-11	14.31	14.78	14.31	14.46	13652	7.87	2358	森源电气	SZ	14.43	7.85	
510	2012-05-11	5.86	5.86	5.86	5.86	0	2.88	2359	齐星铁塔	SZ	5.86	2.88	
510	2012-05-11	16.73	16.81	16.44	16.44	6307	5.34	2360	同德化工	SZ	16.49	5.36	
510	2012-05-11	4.83	4.89	4.81	4.82	9062	2.56	2361	神剑股份	SZ	4.83	2.57	
510	2012-05-11	12.5	12.85	12.47	12.48	18350	12.48	2362	汉王科技	SZ	12.54	12.54	
510	2012-05-11	15.06	15.16	14.81	14.89	14620	14.8	2363	隆基机械	SZ	15.02	14.93	
510	2012-05-11	8.74	8.74	8.74	8.74	0	4.32	2364	中恒电气	SZ	8.74	4.32	
510	2012-05-11	10.95	11.85	10.95	11.47	56954	11.07	2365	永安药业	SZ	10.86	10.49	
510	2012-05-11	10.1	10.1	9.88	9.88	5335	9.39	2366	丹甫股份	SZ	10.01	9.52	
510	2012-05-11	4.39	4.43	4.35	4.41	37738	2.05	2367	康力电梯	SZ	4.39	2.04	
510	2012-05-11	17.25	19.07	17.11	18.5	149859	15.17	2368	太极股份	SZ	17.33	14.21	
510	2012-05-11	13.82	13.97	13.6	13.82	12855	13.51	2369	卓翼科技	SZ	13.79	13.48	
510	2012-05-11	8.21	8.4	8.18	8.25	24703	8.18	2370	亚太药业	SZ	8.19	8.12	
510	2012-05-11	13.91	14.09	13.77	14	5041	6.97	2371	七星电子	SZ	13.94	6.94	
510	2012-05-11	12.37	12.5	12.36	12.4	2767	9.03	2372	伟星新材	SZ	12.45	9.06	
510	2012-05-11	6.7	6.76	6.66	6.7	9133	3.35	2373	联信永益	SZ	6.7	3.35	
510	2012-05-11	7.89	8.22	7.79	7.83	35313	4.19	2374	丽鹏股份	SZ	7.92	4.24	
510	2012-05-11	21.34	21.9	21.34	21.9	19643	14.49	2375	亚厦股份	SZ	21.55	14.25	
510	2012-05-11	8.95	9.02	8.75	9	13490	4.32	2376	新北洋	SZ	8.95	4.3	
510	2012-05-11	8.43	8.62	8.4	8.45	16149	8.45	2377	国创高新	SZ	8.44	8.44	
510	2012-05-11	31.8	32.96	31.63	31.85	40490	31.22	2378	章源钨业	SZ	31.81	31.18	
510	2012-05-11	5.94	5.97	5.87	5.88	20318	2.94	2379	鲁丰股份	SZ	5.94	2.97	
510	2012-05-11	24.5	24.55	24.11	24.11	1237	23.95	2380	科远股份	SZ	24.37	24.21	
510	2012-05-11	7.3	7.39	7.18	7.26	17768	3.48	2381	双箭股份	SZ	7.3	3.5	
510	2012-05-11	8.9	8.9	8.9	8.9	0	4.4	2382	蓝帆股份	SZ	8.9	4.4	
510	2012-05-11	19.29	19.29	18.98	18.98	3180	14.46	2383	合众思壮	SZ	19.28	14.69	
510	2012-05-11	11.97	12.31	11.67	11.74	66268	6.47	2384	东山精密	SZ	12	6.62	
510	2012-05-11	9.12	9.25	9.06	9.18	41465	4.54	2385	大北农	SZ	9.18	4.53	
510	2012-05-11	8.71	8.79	8.66	8.71	9465	8.59	2386	天原集团	SZ	8.7	8.58	
510	2012-05-11	12.82	12.98	12.69	12.85	18162	9.79	2387	黑牛食品	SZ	12.83	9.77	
510	2012-05-11	10.61	10.61	10.61	10.61	0	10.4	2388	新亚制程	SZ	10.61	10.4	
510	2012-05-11	10.32	10.41	10	10.01	50720	4.96	2389	南洋科技	SZ	10.32	5.12	
510	2012-05-11	13.78	13.98	13.56	13.68	12524	13.59	2390	信邦制药	SZ	13.5	13.41	
510	2012-05-11	10.11	10.4	10.09	10.17	22219	6.38	2391	长青股份	SZ	9.95	6.23	
510	2012-05-11	10.33	10.33	10.33	10.33	0	10.22	2392	北京利尔	SZ	10.33	10.22	
510	2012-05-11	31.48	31.67	31.33	31.57	5387	30.12	2393	力生制药	SZ	31.33	29.89	
510	2012-05-11	14.92	14.92	14.72	14.74	9191	13.95	2394	联发股份	SZ	14.78	13.99	
510	2012-05-11	8.33	8.4	8.23	8.23	5654	3.86	2395	双象股份	SZ	8.38	3.93	
510	2012-05-11	16.3	16.3	15.85	15.85	35573	15.36	2396	星网锐捷	SZ	16.37	15.87	
510	2012-05-11	20.99	21.04	20.43	20.44	20117	19.83	2397	梦洁家纺	SZ	20.89	20.26	
510	2012-05-11	12.65	12.87	12.55	12.73	12535	7.44	2398	建研集团	SZ	12.66	7.4	
510	2012-05-11	22.96	23.41	22.85	23.19	29075	22.51	2399	海普瑞	SZ	22.93	22.26	
510	2012-05-11	23.15	23.43	22.7	23.3	45020	22.93	24	招商地产	SZ	23.21	22.84	
510	2012-05-11	9.12	9.19	8.93	8.94	12818	4.44	2400	省广股份	SZ	9.06	4.49	
510	2012-05-11	8.95	9.14	8.94	8.99	20402	4.66	2401	交技发展	SZ	8.93	4.63	
510	2012-05-11	8.2	8.23	8.12	8.14	5732	5.14	2402	和而泰	SZ	8.13	5.13	
510	2012-05-11	10.14	10.46	10.14	10.19	36888	10.19	2403	爱仕达	SZ	10.21	10.21	
510	2012-05-11	8.73	9.09	8.72	8.93	78537	5.46	2404	嘉欣丝绸	SZ	8.73	5.34	
510	2012-05-11	12.26	12.32	11.99	12.01	72625	9.93	2405	四维图新	SZ	12.24	10.12	
510	2012-05-11	10.5	10.7	10.44	10.46	23566	10.01	2406	远东传动	SZ	10.44	9.99	
510	2012-05-11	18.93	19.23	18.81	18.81	21300	18.7	2407	多氟多	SZ	18.92	18.81	
510	2012-05-11	17.64	18.17	17.64	17.88	20136	14.36	2408	齐翔腾达	SZ	17.67	14.19	
510	2012-05-11	16.03	16.09	15.77	15.81	2376	15.55	2409	雅克科技	SZ	16.02	15.76	
510	2012-05-11	15.96	15.99	15.69	15.7	11069	11.79	2410	广联达	SZ	15.96	11.99	
510	2012-05-11	7.85	7.87	7.7	7.71	28175	5.08	2411	九九久	SZ	7.87	5.18	
510	2012-05-11	17.61	18.13	17.32	17.96	32493	17.96	2412	汉森制药	SZ	17.88	17.88	
510	2012-05-11	9.19	9.2	8.91	8.94	24292	8.73	2413	常发股份	SZ	9.18	8.96	
510	2012-05-11	9.97	10.06	9.76	9.76	36716	4.61	2414	高德红外	SZ	10.05	4.74	
510	2012-05-11	10.97	10.97	10.97	10.97	0	2.59	2415	海康威视	SZ	10.97	2.59	
510	2012-05-11	8.64	8.72	8.59	8.6	24304	8.38	2416	爱施德	SZ	8.63	8.4	
510	2012-05-11	8.52	8.91	8.47	8.81	37338	5.81	2417	三元达	SZ	8.52	5.62	
510	2012-05-11	9.1	9.13	8.42	8.49	221893	8.33	2418	康盛股份	SZ	8.9	8.73	
510	2012-05-11	15.5	15.58	15.05	15.12	16269	14.38	2419	天虹商场	SZ	15.46	14.71	
510	2012-05-11	7.21	7.21	7.06	7.07	7046	7.05	2420	毅昌股份	SZ	7.21	7.16	
510	2012-05-11	8.93	9.32	8.85	9	55074	4.49	2421	达实智能	SZ	8.99	4.48	
510	2012-05-11	44.68	45.08	44.08	44.22	9691	43.86	2422	科伦药业	SZ	44.9	44.53	
510	2012-05-11	8.51	8.54	8.25	8.31	37046	8.23	2423	中原特钢	SZ	8.58	8.5	
510	2012-05-11	14.89	15.41	14.83	15.26	34586	14.79	2424	贵州百灵	SZ	14.82	14.37	
510	2012-05-11	7.57	7.63	7.5	7.51	18206	6.18	2425	凯撒股份	SZ	7.58	6.24	
510	2012-05-11	15.1	15.18	14.8	14.8	9542	7.2	2426	胜利精密	SZ	15.1	7.35	
510	2012-05-11	8.49	8.51	8.3	8.3	14553	8.26	2427	尤夫股份	SZ	8.49	8.45	
510	2012-05-11	11.23	12.02	11.15	11.44	178587	5.66	2428	云南锗业	SZ	11.25	5.56	
510	2012-05-11	7.97	7.99	7.83	7.9	44408	5.16	2429	兆驰股份	SZ	7.97	5.21	
510	2012-05-11	14.58	15	14.52	14.7	10849	14.43	2430	杭氧股份	SZ	14.58	14.31	
510	2012-05-11	18.58	18.79	18.42	18.75	22645	15.56	2431	棕榈园林	SZ	18.57	15.4	
510	2012-05-11	6.41	6.71	6.37	6.51	230243	4.27	2432	九安医疗	SZ	6.39	4.2	
510	2012-05-11	9.08	9.23	8.98	9.14	10786	3.77	2433	太安堂	SZ	9.02	3.72	
510	2012-05-11	9.46	9.46	9.02	9.09	27653	8.79	2434	万里扬	SZ	9.46	9.14	
510	2012-05-11	6.44	6.54	6.44	6.49	5979	4.27	2435	长江润发	SZ	6.49	4.27	
510	2012-05-11	18.19	18.19	17.92	17.96	20476	17.38	2436	兴森科技	SZ	18.17	17.58	
510	2012-05-11	18.81	19.1	18.71	19.03	10691	18.64	2437	誉衡药业	SZ	18.78	18.39	
510	2012-05-11	15.21	15.93	15.2	15.29	49725	15.24	2438	江苏神通	SZ	15.15	15.1	
510	2012-05-11	15.76	16.04	15.65	15.65	10596	15.48	2439	启明星辰	SZ	16.1	15.93	
510	2012-05-11	7.95	8.03	7.91	7.91	16590	3.65	2440	闰土股份	SZ	7.95	3.67	
510	2012-05-11	15.37	15.55	15.2	15.23	8756	14.94	2441	众业达	SZ	15.27	14.98	
510	2012-05-11	5.81	5.91	5.76	5.76	30402	5.76	2442	龙星化工	SZ	5.86	5.86	
510	2012-05-11	5.8	5.85	5.73	5.73	19713	2.71	2443	金洲管道	SZ	5.8	2.74	
510	2012-05-11	5.07	5.1	4.97	4.98	32989	2.41	2444	巨星科技	SZ	5.07	2.45	
510	2012-05-11	14.86	14.86	14.64	14.79	18020	14.59	2445	中南重工	SZ	14.8	14.6	
510	2012-05-11	12.1	12.13	11.7	11.88	2899	11.83	2446	盛路通信	SZ	11.96	11.91	
510	2012-05-11	16.23	16.23	15.5	15.81	17823	7.85	2447	壹桥苗业	SZ	16.27	8.08	
510	2012-05-11	13.19	13.3	13.01	13.01	10396	6.13	2448	中原内配	SZ	13.19	6.22	
510	2012-05-11	8.64	8.73	8.56	8.59	23988	4.1	2449	国星光电	SZ	8.63	4.12	
510	2012-05-11	11.33	11.37	11.19	11.19	139350	7.44	2450	康得新	SZ	11.35	7.55	
510	2012-05-11	16.04	16.4	16.04	16.07	6409	5.31	2451	摩恩电气	SZ	16.11	5.32	
510	2012-05-11	26.34	26.34	25.89	26	6686	9.69	2452	长高集团	SZ	26.08	9.72	
510	2012-05-11	24.58	24.87	22.66	22.69	40556	2.79	2453	天马精化	SZ	24.48	3.01	
510	2012-05-11	10.94	11.02	10.87	10.89	6839	10.65	2454	松芝股份	SZ	10.95	10.71	
510	2012-05-11	13.44	13.44	13.44	13.44	0	13.26	2455	百川股份	SZ	13.44	13.26	
510	2012-05-11	5.96	5.98	5.82	5.86	84518	1.44	2456	欧菲光	SZ	5.96	1.47	
510	2012-05-11	10.49	10.65	10.28	10.48	29195	10.45	2457	青龙管业	SZ	10.67	7.03	
510	2012-05-11	15.26	15.48	15.19	15.22	15520	15.22	2458	益生股份	SZ	15.21	15.21	
510	2012-05-11	9.4	9.4	9.4	9.4	0	9.4	2459	天业通联	SZ	9.4	9.4	
510	2012-05-11	25.15	25.27	24.66	24.66	22706	24.28	2460	赣锋锂业	SZ	25.22	24.84	
510	2012-05-11	11.1	11.15	10.9	10.96	17351	10.95	2461	珠江啤酒	SZ	11.12	11.11	
510	2012-05-11	9.06	9.23	9.06	9.18	9338	8.96	2462	嘉事堂	SZ	9.1	8.88	
510	2012-05-11	4.14	4.15	4.08	4.08	28836	3.25	2463	沪电股份	SZ	4.14	3.3	
510	2012-05-11	17.3	17.34	17.01	17.07	5250	16.65	2464	金利科技	SZ	17.3	16.87	
510	2012-05-11	13.1	13.36	13.1	13.28	40781	6.5	2465	海格通信	SZ	13.18	6.44	
510	2012-05-11	31.39	31.68	31	31.01	11910	30.85	2466	天齐锂业	SZ	31.49	31.33	
510	2012-05-11	13.81	13.91	13.55	13.59	17154	6.53	2467	二六三	SZ	13.81	6.64	
510	2012-05-11	6.69	6.8	6.68	6.68	10979	5.57	2468	艾迪西	SZ	6.73	5.61	
510	2012-05-11	16.63	16.66	16.19	16.24	8541	8.23	2469	三维工程	SZ	16.55	8.39	
510	2012-05-11	15.2	15.86	15.2	15.8	35244	15.54	2470	金正大	SZ	15.21	14.96	
510	2012-05-11	6.8	6.89	6.64	6.77	41743	3.23	2471	中超电缆	SZ	6.78	3.23	
510	2012-05-11	11.12	11.12	10.78	10.78	32524	8.02	2472	双环传动	SZ	11.24	8.36	
510	2012-05-11	8.38	8.44	8.3	8.31	3444	8.08	2473	圣莱达	SZ	8.37	8.14	
510	2012-05-11	12.4	12.51	11.97	11.97	46937	7.87	2474	榕基软件	SZ	12.41	8.16	
510	2012-05-11	15.53	15.6	15.19	15.24	10566	7.15	2475	立讯精密	SZ	15.56	7.3	
510	2012-05-11	4.84	4.91	4.79	4.81	45045	1.58	2476	宝莫股份	SZ	4.84	1.59	
510	2012-05-11	11.22	11.57	11.02	11.38	115100	6.98	2477	雏鹰农牧	SZ	11.26	6.91	
510	2012-05-11	13	13.25	12.65	12.73	55814	12.42	2478	常宝股份	SZ	12.95	12.63	
510	2012-05-11	9.26	9.38	9.2	9.22	27961	5.28	2479	富春环保	SZ	9.25	5.3	
510	2012-05-11	12.3	12.43	12.15	12.27	46074	12.09	2480	新筑股份	SZ	12.24	12.06	
510	2012-05-11	7.1	7.39	7.03	7.2	29864	3.59	2481	双塔食品	SZ	7.22	1.99	
510	2012-05-11	14.12	14.31	13.88	14.09	39278	8.72	2482	广田股份	SZ	14.16	8.76	
510	2012-05-11	13.39	13.39	13.39	13.39	0	12.92	2483	润邦股份	SZ	13.39	12.92	
510	2012-05-11	12.94	13.04	12.78	12.95	5296	9.86	2484	江海股份	SZ	12.94	9.86	
510	2012-05-11	12.98	13.12	12.88	12.88	10550	7.57	2485	希努尔	SZ	12.99	7.64	
510	2012-05-11	4.32	4.33	4.26	4.27	24123	0.97	2486	嘉麟杰	SZ	4.33	0.98	
510	2012-05-11	5.92	6.03	5.88	5.99	22556	1.95	2487	大金重工	SZ	5.9	1.92	
510	2012-05-11	10.19	10.19	10.19	10.19	0	9.74	2488	金固股份	SZ	10.19	9.74	
510	2012-05-11	12.21	12.26	12.02	12.03	28790	11.66	2489	浙江永强	SZ	12.17	11.8	
510	2012-05-11	8.65	8.69	8	8.1	229379	3.98	2490	山东墨龙	SZ	8.77	4.31	
510	2012-05-11	12.34	12.47	12.33	12.45	4629	12.03	2491	通鼎光电	SZ	12.33	11.91	
510	2012-05-11	7.69	7.69	7.69	7.69	0	3.73	2492	恒基达鑫	SZ	7.69	3.73	
510	2012-05-11	24.41	24.41	24.41	24.41	0	24.32	2493	荣盛石化	SZ	24.41	24.32	
510	2012-05-11	14.04	14.11	13.9	13.91	8409	13.62	2494	华斯股份	SZ	14.03	13.74	
510	2012-05-11	6.64	6.71	6.61	6.65	13434	4.21	2495	佳隆股份	SZ	6.66	4.21	
510	2012-05-11	13.52	14.63	13.52	14.1	75071	6.99	2496	辉丰股份	SZ	13.53	6.71	
510	2012-05-11	10.09	10.16	9.93	10	9886	6.58	2497	雅化集团	SZ	10.09	6.63	
510	2012-05-11	9.11	9.15	8.97	8.97	13106	5.74	2498	汉缆股份	SZ	9.1	5.82	
510	2012-05-11	15	15.2	14.87	15	6643	9.92	2499	科林环保	SZ	14.83	9.8	
510	2012-05-11	7.31	7.47	7.26	7.27	21098	7.27	25	特 力Ａ	SZ	7.45	7.45	
510	2012-05-11	8.25	8.48	8.15	8.26	365262	8.16	2500	山西证券	SZ	8.33	8.23	
510	2012-05-11	10.22	10.43	10.14	10.28	74981	5.62	2501	利源铝业	SZ	10.22	5.59	
510	2012-05-11	12.25	12.79	12.04	12.04	24036	7.42	2502	骅威股份	SZ	11.86	7.31	
510	2012-05-11	11.31	11.39	11.17	11.22	9313	3.89	2503	搜于特	SZ	11.31	3.92	
510	2012-05-11	10.37	10.49	10.29	10.32	9034	7.83	2504	东光微电	SZ	10.38	7.88	
510	2012-05-11	7.95	8.65	7.86	8.59	89529	5.66	2505	大康牧业	SZ	7.97	5.25	
510	2012-05-11	7.29	7.37	7.22	7.24	90501	4.47	2506	超日太阳	SZ	7.27	4.49	
510	2012-05-11	19	19	18.29	18.33	6138	18.09	2507	涪陵榨菜	SZ	19.13	18.57	
510	2012-05-11	16.99	17.05	16.66	16.66	13288	16.52	2508	老板电器	SZ	16.98	16.84	
510	2012-05-11	5.36	5.42	5.3	5.3	28144	1.27	2509	天广消防	SZ	5.35	1.28	
510	2012-05-11	22.72	22.9	22.6	22.6	4759	11.02	2510	天汽模	SZ	22.76	11.1	
510	2012-05-11	11.12	11.2	11.11	11.14	7618	5.56	2511	中顺洁柔	SZ	11.17	5.57	
510	2012-05-11	10.65	10.75	10.47	10.47	23342	6.91	2512	达华智能	SZ	10.75	7.1	
510	2012-05-11	11.49	12.01	11.49	11.56	19518	11.45	2513	蓝丰生化	SZ	11.47	11.37	
510	2012-05-11	24.16	25.12	23.95	24.02	20803	7.38	2514	宝馨科技	SZ	24	7.37	
510	2012-05-11	14.59	15.53	14.52	14.77	7860	14.67	2515	金字火腿	SZ	14.53	14.43	
510	2012-05-11	8.88	9.07	8.88	8.93	16506	8.62	2516	江苏旷达	SZ	8.89	8.58	
510	2012-05-11	9.05	9.8	9.05	9.39	68501	4.61	2517	泰亚股份	SZ	9.1	4.47	
510	2012-05-11	12.36	12.49	12.02	12.04	15005	4.6	2518	科士达	SZ	12.36	4.72	
510	2012-05-11	9.99	10.03	9.75	9.8	18859	6.01	2519	银河电子	SZ	10.11	6.2	
510	2012-05-11	12.67	12.77	12.44	12.51	30038	4.77	2520	日发数码	SZ	12.67	4.83	
510	2012-05-11	6.5	6.57	6.47	6.49	46976	3.13	2521	齐峰股份	SZ	6.51	3.13	
510	2012-05-11	19.78	20.61	19.62	19.68	32873	18.83	2522	浙江众成	SZ	19.77	18.92	
510	2012-05-11	5.43	5.43	5.33	5.33	13509	2.49	2523	天桥起重	SZ	5.37	2.51	
510	2012-05-11	4.45	4.5	4.4	4.42	37931	2.15	2524	光正钢构	SZ	4.48	2.18	
510	2012-05-11	8.86	8.99	8.61	8.62	66964	4.75	2526	山东矿机	SZ	8.84	4.87	
510	2012-05-11	8.19	8.3	8.17	8.21	9248	4.66	2527	新时达	SZ	8.21	4.66	
510	2012-05-11	9.35	9.49	9.22	9.24	17276	5.94	2528	英飞拓	SZ	9.29	5.97	
510	2012-05-11	11.8	11.99	11.5	11.57	19964	11.37	2529	海源机械	SZ	11.84	11.64	
510	2012-05-11	7	7.08	6.87	6.87	26376	6.76	2530	丰东股份	SZ	7.06	6.94	
510	2012-05-11	8.43	8.58	8.38	8.38	22787	3.98	2531	天顺风能	SZ	8.42	4.01	
510	2012-05-11	17.53	18	17.46	17.64	14406	17.55	2532	新界泵业	SZ	17.54	17.45	
510	2012-05-11	6.97	7.02	6.91	6.92	18649	6.69	2533	金杯电工	SZ	6.96	6.73	
510	2012-05-11	19.98	20.55	19.92	20.38	29113	19.73	2534	杭锅股份	SZ	20.23	19.32	
510	2012-05-11	10.12	10.12	9.9	10.02	13724	7.53	2535	林州重机	SZ	10.07	7.56	
510	2012-05-11	16.96	17.34	16.96	17.02	4742	16.65	2536	西泵股份	SZ	17.05	16.68	
510	2012-05-11	13.89	14.08	13.73	13.86	3417	13.75	2537	海立美达	SZ	13.88	13.77	
510	2012-05-11	13.71	13.71	13.71	13.71	0	13.46	2538	司尔特	SZ	13.71	13.46	
510	2012-05-11	12.42	12.42	12.42	12.42	0	11.88	2539	新都化工	SZ	12.42	11.88	
510	2012-05-11	6.95	7.03	6.86	6.97	14480	3.23	2540	亚太科技	SZ	6.95	3.23	
510	2012-05-11	13.73	14.1	13.66	13.73	20524	13.68	2541	鸿路钢构	SZ	13.84	13.79	
510	2012-05-11	24.2	26.1	24.2	24.46	88678	6.01	2542	中化岩土	SZ	24.01	5.9	
510	2012-05-11	9.35	9.38	9.28	9.32	5148	4.41	2543	万和电气	SZ	9.32	4.41	
510	2012-05-11	7.05	7.14	6.84	6.84	40197	3.29	2544	杰赛科技	SZ	7.16	3.44	
510	2012-05-11	16.49	16.49	16.08	16.11	6028	15.74	2545	东方铁塔	SZ	16.25	15.88	
510	2012-05-11	17.81	18.13	17.78	17.81	7355	17.04	2546	新联电子	SZ	17.98	17.2	
510	2012-05-11	9.3	9.3	8.83	8.84	56918	8.75	2547	春兴精工	SZ	9.3	9.2	
510	2012-05-11	12.33	12.39	12.11	12.12	7034	11.8	2548	金新农	SZ	12.33	12.01	
510	2012-05-11	9.16	9.25	8.94	9.01	12317	5.94	2549	凯美特气	SZ	9.17	6.05	
510	2012-05-11	11.35	11.52	11.35	11.46	16665	5.28	2550	千红制药	SZ	11.34	5.23	
510	2012-05-11	11.24	11.24	10.98	11.02	27773	4.78	2551	尚荣医疗	SZ	11.28	4.89	
510	2012-05-11	11.6	11.88	11.59	11.6	16334	11.31	2552	宝鼎重工	SZ	12.01	11.71	
510	2012-05-11	8.09	8.4	8.09	8.18	22232	3.87	2553	南方轴承	SZ	8.16	3.86	
510	2012-05-11	6.49	6.6	6.33	6.39	30857	4.25	2554	惠博普	SZ	6.57	4.37	
510	2012-05-11	11.03	11.18	11.01	11.08	7421	10.73	2555	顺荣股份	SZ	11.13	10.78	
510	2012-05-11	7.65	7.72	7.53	7.56	95835	3.62	2556	辉隆股份	SZ	7.73	3.71	
510	2012-05-11	20	20.46	19.75	20.1	14586	19.47	2557	洽洽食品	SZ	20.46	19.82	
510	2012-05-11	23.62	23.62	22.8	22.92	1515	22.84	2558	世纪游轮	SZ	23.75	23.31	
510	2012-05-11	12.52	12.65	12.43	12.53	4118	6.15	2559	亚威股份	SZ	12.52	6.15	
510	2012-05-11	16.45	16.47	16.2	16.2	5030	15.83	2560	通达股份	SZ	16.4	16.03	
510	2012-05-11	11.2	11.31	11.15	11.19	11792	10.43	2561	徐家汇	SZ	11.19	10.43	
510	2012-05-11	8.33	8.37	8.26	8.27	9544	5.06	2565	上海绿新	SZ	8.33	5.09	
510	2012-05-11	15.31	15.31	15	15.31	40089	15.31	2566	益盛药业	SZ	13.92	13.92	
510	2012-05-11	12.01	12.18	11.84	11.84	19561	11.6	26	飞亚达Ａ	SZ	12.08	11.83	
510	2012-05-11	6.44	6.53	6.42	6.45	47353	6.27	27	深圳能源	SZ	6.46	6.28	
510	2012-05-11	23.7	24.5	23.6	24.31	20941	24.08	28	一致药业	SZ	23.87	23.65	
510	2012-05-11	4.06	4.11	4.03	4.05	25477	4.05	29	深深房Ａ	SZ	4.06	4.06	
510	2012-05-11	10.1	10.55	10	10.23	37641	10.23	30	*ST盛润A	SZ	10.16	10.16	
510	2012-05-11	14.05	14.1	13.58	13.59	8222	13.36	300001	特锐德	SZ	13.94	13.7	
510	2012-05-11	5.72	5.72	5.65	5.66	51335	1.58	300002	神州泰岳	SZ	5.66	1.58	
510	2012-05-11	14.76	14.97	14.4	14.82	77823	14.6	300003	乐普医疗	SZ	14.99	14.77	
510	2012-05-11	22.7	22.8	22.22	22.3	7470	22.13	300004	南风股份	SZ	22.72	22.54	
510	2012-05-11	14.04	14.42	13.85	14.16	45332	8.94	300005	探路者	SZ	14.02	8.85	
510	2012-05-11	14.32	14.78	14.23	14.6	13997	14.47	300006	莱美药业	SZ	14.32	14.2	
510	2012-05-11	16.49	16.85	16.35	16.7	5557	16.56	300007	汉威电子	SZ	16.64	16.5	
510	2012-05-11	8.57	8.6	8.36	8.36	45312	8.24	300008	上海佳豪	SZ	8.68	8.55	
510	2012-05-11	8.47	8.63	8.35	8.51	15632	6.75	300009	安科生物	SZ	8.47	6.71	
510	2012-05-11	9.09	9.14	8.91	8.92	8345	8.74	300010	立思辰	SZ	9	8.82	
510	2012-05-11	8.29	8.4	8.18	8.19	29856	3.01	300011	鼎汉技术	SZ	8.33	3.07	
510	2012-05-11	9.8	9.91	9.78	9.84	4368	4.8	300012	华测检测	SZ	9.82	4.79	
510	2012-05-11	10.58	10.66	10.48	10.6	4185	10.58	300013	新宁物流	SZ	10.6	10.58	
510	2012-05-11	14.13	14.4	14.02	14.19	45013	6.91	300014	亿纬锂能	SZ	14.24	6.94	
510	2012-05-11	21.11	21.33	20.89	20.9	13053	20.83	300015	爱尔眼科	SZ	21.08	21.01	
510	2012-05-11	4.75	4.75	4.68	4.69	9234	2.29	300016	北陆药业	SZ	4.74	2.32	
510	2012-05-11	15.51	15.69	15.02	15.07	24171	14.86	300017	网宿科技	SZ	15.72	15.5	
510	2012-05-11	6.77	6.8	6.65	6.67	15099	4.26	300018	中元华电	SZ	6.79	4.34	
510	2012-05-11	7.97	8.06	7.93	8.02	4223	4.8	300019	硅宝科技	SZ	8.01	4.8	
510	2012-05-11	9.96	10.14	9.87	9.88	23527	9.86	300020	银江股份	SZ	9.96	9.94	
510	2012-05-11	9.44	9.95	9.38	9.61	67171	9.61	300021	大禹节水	SZ	9.47	9.47	
510	2012-05-11	8.22	8.36	8.16	8.21	30708	8.16	300022	吉峰农机	SZ	8.22	8.17	
510	2012-05-11	10.18	10.18	9.78	9.8	10480	9.8	300023	宝德股份	SZ	10.17	10.17	
510	2012-05-11	20.32	20.45	19.9	20.2	30102	20.16	300024	机器人	SZ	20.32	20.28	
510	2012-05-11	7.86	7.92	7.72	7.72	15570	5.92	300025	华星创业	SZ	7.9	6.06	
510	2012-05-11	13.93	14.53	13.91	14.09	24891	9.37	300026	红日药业	SZ	13.9	9.24	
510	2012-05-11	7.35	7.43	7.18	7.18	53910	3.46	300027	华谊兄弟	SZ	7.22	3.48	
510	2012-05-11	7.09	7.11	7	7.01	21474	6.96	300028	金亚科技	SZ	7.09	7.04	
510	2012-05-11	10.48	10.61	10.25	10.33	28041	10.33	300029	天龙光电	SZ	10.49	10.49	
510	2012-05-11	20.5	20.88	20.26	20.38	42450	10.06	300030	阳普医疗	SZ	20.8	10.27	
510	2012-05-11	9.25	9.38	9.16	9.16	13784	8.9	300031	宝通带业	SZ	9.27	9.01	
510	2012-05-11	8.11	8.22	7.95	8.12	13719	3.94	300032	金龙机电	SZ	8.15	3.95	
510	2012-05-11	17.62	17.7	17.38	17.41	3392	17.23	300033	同花顺	SZ	17.56	17.38	
510	2012-05-11	16.13	16.84	15.9	16.5	32012	16.29	300034	钢研高纳	SZ	16.14	15.94	
510	2012-05-11	7.09	7.28	7.09	7.12	7474	4.61	300035	中科电气	SZ	7.1	4.6	
510	2012-05-11	14.77	14.96	14.75	14.85	2249	14.85	300036	超图软件	SZ	14.76	14.76	
510	2012-05-11	19.99	20.03	19.7	19.72	3200	19.56	300037	新宙邦	SZ	19.88	19.72	
510	2012-05-11	8.51	8.54	8.4	8.45	6532	5.55	300038	梅泰诺	SZ	8.5	5.58	
510	2012-05-11	8.68	8.81	8.67	8.68	9259	3.43	300039	上海凯宝	SZ	8.72	3.45	
510	2012-05-11	4.38	4.4	4.32	4.32	12876	2.06	300040	九洲电气	SZ	4.39	2.09	
510	2012-05-11	11.44	11.8	11.36	11.71	39780	7.16	300041	回天胶业	SZ	11.45	7	
510	2012-05-11	9.93	9.93	9.69	9.69	9858	4.76	300042	朗科科技	SZ	9.93	4.88	
510	2012-05-11	10.7	10.7	10.48	10.54	8775	3.45	300043	星辉车模	SZ	10.59	3.47	
510	2012-05-11	5.64	5.7	5.52	5.52	14283	2.44	300044	赛为智能	SZ	5.64	2.5	
510	2012-05-11	10.44	10.89	10.32	10.7	24880	5.28	300045	华力创通	SZ	10.44	5.15	
510	2012-05-11	12.56	12.56	12.03	12.11	23584	11.26	300046	台基股份	SZ	12.55	11.67	
510	2012-05-11	5.97	5.97	5.88	5.89	14620	2.86	300047	天源迪科	SZ	5.96	2.9	
510	2012-05-11	10.52	10.55	10.34	10.35	13109	10.21	300048	合康变频	SZ	10.49	10.35	
510	2012-05-11	12	12.22	11.88	12.15	7762	11.91	300049	福瑞股份	SZ	12.04	11.8	
510	2012-05-11	11.14	11.27	10.9	10.95	18891	10.94	300050	世纪鼎利	SZ	11.13	11.11	
510	2012-05-11	6.01	6.05	5.8	5.8	83285	2.86	300051	三五互联	SZ	6.01	2.96	
510	2012-05-11	6.1	6.17	5.82	5.88	99962	2.9	300052	中青宝	SZ	5.99	2.95	
510	2012-05-11	8.05	8.1	7.83	7.89	17263	7.83	300053	欧比特	SZ	8.09	8.03	
510	2012-05-11	6.58	6.95	6.56	6.71	14833	1.38	300054	鼎龙股份	SZ	6.64	1.37	
510	2012-05-11	19.62	20.5	19.28	19.69	78321	19.55	300055	万邦达	SZ	19.73	19.59	
510	2012-05-11	11.81	11.88	11.65	11.7	9078	11.67	300056	三维丝	SZ	11.78	11.75	
510	2012-05-11	7.53	7.56	7.44	7.51	12842	7.43	300057	万顺股份	SZ	7.53	7.45	
510	2012-05-11	16.02	16.3	15.5	15.7	42800	7.74	300058	蓝色光标	SZ	16.02	7.9	
510	2012-05-11	7.34	7.68	7.34	7.39	137872	3.66	300059	东方财富	SZ	7.42	3.68	
510	2012-05-11	8.06	8.19	8.02	8.09	3450	5.06	300061	康耐特	SZ	8.12	5.08	
510	2012-05-11	10.13	10.33	10.02	10.12	11426	9.88	300062	中能电气	SZ	10.09	9.86	
510	2012-05-11	10.21	10.43	10.21	10.4	5824	10.29	300063	天龙集团	SZ	10.31	10.2	
510	2012-05-11	7.68	7.76	7.47	7.51	43431	3.68	300064	豫金刚石	SZ	7.68	3.77	
510	2012-05-11	15.07	15.25	14.83	14.85	5080	9.85	300065	海兰信	SZ	15.19	10.07	
510	2012-05-11	9.55	9.58	9.35	9.35	3664	9.25	300066	三川股份	SZ	9.52	9.42	
510	2012-05-11	9.2	9.3	9.02	9.06	18760	8.89	300067	安诺其	SZ	9.17	9	
510	2012-05-11	6.35	6.39	6.24	6.26	50893	3.05	300068	南都电源	SZ	6.38	3.1	
510	2012-05-11	8.37	8.58	8.35	8.44	3883	5.52	300069	金利华电	SZ	8.41	5.5	
510	2012-05-11	16.76	17.29	16.59	16.67	67374	10.41	300070	碧水源	SZ	16.65	6.08	
510	2012-05-11	19.53	20.07	18.53	18.59	57891	6.1	300071	华谊嘉信	SZ	19.47	6.39	
510	2012-05-11	7.76	7.76	7.57	7.57	38234	5.81	300072	三聚环保	SZ	7.66	5.88	
510	2012-05-11	8.75	8.92	8.72	8.78	17953	8.74	300073	当升科技	SZ	8.72	8.68	
510	2012-05-11	7.05	7.16	6.98	7.05	43162	2.11	300074	华平股份	SZ	7	2.1	
510	2012-05-11	14.53	14.53	14.15	14.21	4116	9.31	300075	数字政通	SZ	14.56	9.54	
510	2012-05-11	12.86	12.93	12.71	12.73	3999	12.45	300076	宁波GQY	SZ	12.9	12.62	
510	2012-05-11	23.37	23.55	23.14	23.18	20311	22.78	300077	国民技术	SZ	23.37	22.97	
510	2012-05-11	15.38	15.5	15.06	15.06	7620	14.26	300078	中瑞思创	SZ	15.44	14.62	
510	2012-05-11	17.51	17.9	17.15	17.3	20067	17.14	300079	数码视讯	SZ	17.95	11.86	
510	2012-05-11	6.88	7.04	6.85	6.91	39848	5.31	300080	新大新材	SZ	6.88	5.3	
510	2012-05-11	9.48	9.62	9.3	9.31	18374	4.6	300081	恒信移动	SZ	9.41	4.65	
510	2012-05-11	10.13	10.22	10.05	10.05	11717	7.6	300082	奥克股份	SZ	10.12	7.66	
510	2012-05-11	14	14	13.34	13.34	6034	13.2	300083	劲胜股份	SZ	13.92	13.78	
510	2012-05-11	11.21	11.39	10.7	10.71	119310	10.66	300084	海默科技	SZ	11.49	11.43	
510	2012-05-11	17.58	17.6	17.26	17.26	8203	8.41	300085	银之杰	SZ	17.46	8.51	
510	2012-05-11	12.51	13.82	12.51	13.32	43244	13.15	300086	康芝药业	SZ	12.56	12.4	
510	2012-05-11	13.94	14.38	13.9	14.12	17711	14.04	300087	荃银高科	SZ	14	13.92	
510	2012-05-11	7.94	8.04	7.77	7.79	39319	5.15	300088	长信科技	SZ	7.94	5.25	
510	2012-05-11	9.42	9.45	9.31	9.32	11077	6.14	300089	长城集团	SZ	9.43	6.21	
510	2012-05-11	12.45	12.55	12.13	12.18	14139	12.14	300090	盛运股份	SZ	12.33	12.29	
510	2012-05-11	8.55	8.64	8.44	8.45	9545	8.36	300091	金通灵	SZ	8.58	8.49	
510	2012-05-11	13.3	13.3	12.82	12.84	29070	12.6	300092	科新机电	SZ	13.38	13.13	
510	2012-05-11	7.11	7.16	7.03	7.08	13752	7.04	300093	金刚玻璃	SZ	7.09	7.05	
510	2012-05-11	5.98	6.04	5.94	5.97	12627	5.97	300094	国联水产	SZ	5.99	5.99	
510	2012-05-11	9.77	9.81	9.58	9.6	6160	7.28	300095	华伍股份	SZ	9.77	7.41	
510	2012-05-11	12.9	12.94	12.52	12.6	17463	12.43	300096	易联众	SZ	12.8	12.62	
510	2012-05-11	6.4	6.48	6.34	6.47	5088	3.23	300097	智云股份	SZ	6.43	3.19	
510	2012-05-11	10.04	10.04	9.7	9.7	6286	4.78	300098	高新兴	SZ	9.77	4.82	
510	2012-05-11	11.69	11.7	11.52	11.56	4956	5.54	300099	尤洛卡	SZ	11.68	5.59	
510	2012-05-11	6.88	6.99	6.83	6.85	13920	3.1	300100	双林股份	SZ	7	3.17	
510	2012-05-11	15.06	15.44	14.87	15.15	37112	15.11	300101	国腾电子	SZ	15.21	15.17	
510	2012-05-11	13.67	13.85	13.39	13.41	23474	13.17	300102	乾照光电	SZ	13.65	13.4	
510	2012-05-11	8.8	8.87	8.65	8.83	5053	8.79	300103	达刚路机	SZ	8.8	8.76	
510	2012-05-11	10.37	10.94	10.19	10.58	281932	2.91	300104	乐视网	SZ	10.34	2.84	
510	2012-05-11	23.33	23.86	23.22	23.36	7646	12.89	300105	龙源技术	SZ	23.33	12.88	
510	2012-05-11	12.33	12.64	12.25	12.48	6471	12.4	300106	西部牧业	SZ	12.42	12.34	
510	2012-05-11	21.24	22.92	21.24	22.86	50953	11.37	300107	建新股份	SZ	20.84	10.36	
510	2012-05-11	10.79	10.87	10.56	10.62	15454	10.42	300108	双龙股份	SZ	10.78	10.58	
510	2012-05-11	11.47	11.63	11.44	11.59	8985	7.62	300109	新开源	SZ	11.5	7.56	
510	2012-05-11	5.28	5.39	5.28	5.34	24310	2.58	300110	华仁药业	SZ	5.29	2.55	
510	2012-05-11	4.18	4.19	4.12	4.14	23342	1.88	300111	向日葵	SZ	4.15	1.89	
510	2012-05-11	7.3	7.37	7.18	7.2	9460	4.74	300112	万讯自控	SZ	7.3	4.8	
510	2012-05-11	22.08	22.22	21.65	21.7	7456	21.39	300113	顺网科技	SZ	22	21.69	
510	2012-05-11	11.38	11.59	11.22	11.22	8728	8.53	300114	中航电测	SZ	11.38	8.65	
510	2012-05-11	25.38	26.19	24.72	24.87	11060	16.47	300115	长盈精密	SZ	25.38	16.81	
510	2012-05-11	5.85	5.87	5.81	5.82	8571	2.91	300116	坚瑞消防	SZ	5.82	2.91	
510	2012-05-11	8.05	8.44	7.95	7.95	77497	7.91	300117	嘉寓股份	SZ	7.67	7.63	
510	2012-05-11	6.22	6.34	6.19	6.26	37154	3.87	300118	东方日升	SZ	6.23	3.85	
510	2012-05-11	33.75	34.41	33.59	33.75	2570	16.61	300119	瑞普生物	SZ	33.75	16.61	
510	2012-05-11	7.45	7.52	7.32	7.33	8077	7.24	300120	经纬电材	SZ	7.48	7.39	
510	2012-05-11	8.24	8.28	8.15	8.15	2923	6.2	300121	阳谷华泰	SZ	8.23	6.26	
510	2012-05-11	23.9	24.96	23.65	24.31	6325	24.15	300122	智飞生物	SZ	23.9	23.74	
510	2012-05-11	13	13.14	12.8	12.89	17692	12.72	300123	太阳鸟	SZ	13.15	12.98	
510	2012-05-11	26.39	26.56	25.83	25.87	5960	14.14	300124	汇川技术	SZ	26.61	14.55	
510	2012-05-11	13.56	13.67	13.4	13.44	5549	13.42	300125	易世达	SZ	13.56	13.54	
510	2012-05-11	11.41	11.48	11.31	11.31	3765	10.75	300126	锐奇股份	SZ	11.39	10.82	
510	2012-05-11	47.54	49.72	47.08	48.24	43255	23.32	300127	银河磁体	SZ	47.5	22.96	
510	2012-05-11	6.74	6.82	6.6	6.6	17751	3.16	300128	锦富新材	SZ	6.74	3.23	
510	2012-05-11	5.57	5.57	5.46	5.47	26105	3.59	300129	泰胜风能	SZ	5.55	3.64	
510	2012-05-11	16.3	16.35	15.98	15.99	6917	15.84	300130	新国都	SZ	16.3	16.15	
510	2012-05-11	7.07	7.18	7.07	7.12	8506	3.47	300131	英唐智控	SZ	7.07	3.45	
510	2012-05-11	9.06	9.24	9.06	9.21	4597	5.66	300132	青松股份	SZ	9.13	5.61	
510	2012-05-11	9.28	9.55	9.25	9.36	66290	3.11	300133	华策影视	SZ	9.2	3.05	
510	2012-05-11	13.31	13.45	13.08	13.38	20791	13.38	300134	大富科技	SZ	13.34	13.34	
510	2012-05-11	5.14	5.22	5.1	5.14	47525	1.52	300135	宝利沥青	SZ	5.17	1.53	
510	2012-05-11	20.2	20.46	19.8	20.4	12533	20.4	300136	信维通信	SZ	20.2	20.2	
510	2012-05-11	11.51	11.8	11.49	11.55	36715	8.85	300137	先河环保	SZ	11.51	8.81	
510	2012-05-11	12.19	12.35	12.13	12.15	5889	12.03	300138	晨光生物	SZ	12.19	12.07	
510	2012-05-11	30.25	30.28	29	29.1	12639	14.25	300139	福星晓程	SZ	30.23	14.8	
510	2012-05-11	10.85	10.98	10.71	10.71	8425	10.57	300140	启源装备	SZ	10.88	10.74	
510	2012-05-11	8.01	8.01	7.88	7.91	7166	5.17	300141	和顺电气	SZ	7.99	5.22	
510	2012-05-11	35.86	37.56	35.86	37.45	13478	37.22	300142	沃森生物	SZ	35.88	35.66	
510	2012-05-11	12.37	12.5	12.28	12.38	22016	12.38	300143	星河生物	SZ	12.49	12.49	
510	2012-05-11	14.48	14.6	14.38	14.5	22657	14.31	300144	宋城股份	SZ	14.47	14.28	
510	2012-05-11	16.8	16.9	16.55	16.55	5822	16.34	300145	南方泵业	SZ	16.74	16.53	
510	2012-05-11	20.82	21.24	20.34	20.58	54230	6.52	300146	汤臣倍健	SZ	20.83	6.59	
510	2012-05-11	6.2	6.35	6.16	6.26	18764	4.77	300147	香雪制药	SZ	6.2	4.72	
510	2012-05-11	14.17	14.96	14.08	14.22	203592	7.8	300148	天舟文化	SZ	14	7.69	
510	2012-05-11	8.32	9.12	8.27	8.66	94913	5.7	300149	量子高科	SZ	8.33	5.48	
510	2012-05-11	8.75	8.83	8.64	8.65	18500	3.84	300150	世纪瑞尔	SZ	8.73	3.88	
510	2012-05-11	12.17	12.74	12.02	12.49	17818	12.07	300151	昌红科技	SZ	12.23	11.82	
510	2012-05-11	11.05	11.16	10.5	10.51	93101	4.56	300152	燃控科技	SZ	10.67	4.62	
510	2012-05-11	9.76	9.77	9.51	9.53	7084	9.29	300153	科泰电源	SZ	9.69	9.45	
510	2012-05-11	10.7	10.85	10.61	10.61	5161	10.3	300154	瑞凌股份	SZ	10.7	10.39	
510	2012-05-11	12.88	13.1	12.85	12.89	11696	12.74	300155	安居宝	SZ	12.85	12.7	
510	2012-05-11	12.22	12.53	11.97	12.11	82325	6.64	300156	天立环保	SZ	12.24	6.71	
510	2012-05-11	11.06	11.21	10.78	10.85	49671	5.33	300157	恒泰艾普	SZ	10.99	5.4	
510	2012-05-11	12.06	12.23	12.06	12.15	7366	6.06	300158	振东制药	SZ	12.14	6.06	
510	2012-05-11	26.95	27.26	26.72	26.83	6198	6.51	300159	新研股份	SZ	26.95	6.54	
510	2012-05-11	13.24	13.38	13.21	13.23	9694	6.39	300160	秀强股份	SZ	13.27	6.41	
510	2012-05-11	16.9	17.18	15.9	15.9	32318	15.71	300161	华中数控	SZ	16.88	16.68	
510	2012-05-11	15.63	15.63	15.15	15.27	21032	14.96	300162	雷曼光电	SZ	15.46	15.14	
510	2012-05-11	15.05	15.25	15.05	15.07	1839	14.68	300163	先锋新材	SZ	15.19	14.8	
510	2012-05-11	10.43	10.49	10.29	10.34	8106	3.31	300164	通源石油	SZ	10.48	3.35	
510	2012-05-11	16.04	16.28	15.89	16.08	9174	11.94	300165	天瑞仪器	SZ	16.23	12.05	
510	2012-05-11	17.15	17.15	16.49	16.49	12143	10.97	300166	东方国信	SZ	16.97	11.28	
510	2012-05-11	5.46	5.49	5.4	5.42	25209	1.78	300167	迪威视讯	SZ	5.43	1.79	
510	2012-05-11	10.77	11.15	10.69	10.85	13309	5.36	300168	万达信息	SZ	10.85	5.37	
510	2012-05-11	8.98	9.09	8.81	8.81	15657	4.3	300169	天晟新材	SZ	8.96	4.37	
510	2012-05-11	11.41	11.57	11.4	11.47	12078	7.56	300170	汉得信息	SZ	11.45	7.54	
510	2012-05-11	26.62	26.88	26.36	26.69	4188	19.78	300171	东富龙	SZ	26.73	19.81	
510	2012-05-11	14.62	15.31	14.62	14.92	62712	8.65	300172	中电环保	SZ	14.54	8.42	
510	2012-05-11	9.62	9.85	9.59	9.73	23675	7.4	300173	松德股份	SZ	9.76	7.42	
510	2012-05-11	11.33	11.52	11.07	11.17	6049	11	300174	元力股份	SZ	11.33	11.16	
510	2012-05-11	5.19	5.55	5.16	5.49	105375	2.74	300175	朗源股份	SZ	5.22	2.61	
510	2012-05-11	9.25	9.48	9.25	9.38	3900	7.59	300176	鸿特精密	SZ	9.36	7.58	
510	2012-05-11	10.71	10.72	10.25	10.35	37906	10.35	300177	中海达	SZ	10.71	10.71	
510	2012-05-11	14.4	14.58	14.01	14.21	12503	13.96	300178	腾邦国际	SZ	14.4	14.14	
510	2012-05-11	7.87	8.05	7.61	7.61	7661	4.15	300179	四方达	SZ	7.92	2.88	
510	2012-05-11	11.14	11.3	10.91	11	24002	10.77	300180	华峰超纤	SZ	11.36	11.13	
510	2012-05-11	5.87	5.98	5.87	5.96	20759	1.44	300181	佐力药业	SZ	5.91	1.42	
510	2012-05-11	16.01	16.15	15.81	15.85	3287	12.04	300182	捷成股份	SZ	16.15	12.26	
510	2012-05-11	33.68	33.68	30.88	30.88	71198	30.34	300183	东软载波	SZ	34.76	15.12	
510	2012-05-11	13.97	14.09	13.78	13.9	4415	5.8	300184	力源信息	SZ	13.97	5.83	
510	2012-05-11	6.9	7	6.41	6.41	453706	6.28	300185	通裕重工	SZ	7.24	2.73	
510	2012-05-11	7.38	7.39	7.32	7.34	11212	3.48	300186	大华农	SZ	7.38	3.5	
510	2012-05-11	13.91	14.67	13.62	14.27	54842	4.71	300187	永清环保	SZ	13.9	4.59	
510	2012-05-11	3.23	3.25	3.22	3.22	43192	3.15	301	东方市场	SZ	3.22	3.15	
510	2012-05-11	4.58	4.66	4.53	4.58	62240	4.52	31	中粮地产	SZ	4.59	4.53	
510	2012-05-11	6.52	6.53	6.3	6.3	11225	6.18	32	深桑达Ａ	SZ	6.46	6.34	
510	2012-05-11	4.89	4.97	4.85	4.94	40174	4.94	33	新都酒店	SZ	4.88	4.88	
510	2012-05-11	27.37	27.59	27.08	27.42	93572	22.29	338	潍柴动力	SZ	27.5	22.36	
510	2012-05-11	5.52	5.64	5.36	5.38	60331	5.38	34	ST深泰	SZ	5.54	5.54	
510	2012-05-11	9.73	9.73	9.73	9.73	0	7.72	35	*ST科健	SZ	9.73	7.72	
510	2012-05-11	3.72	3.8	3.7	3.71	171939	3.71	36	华联控股	SZ	3.74	3.74	
510	2012-05-11	4.28	4.39	4.28	4.31	12995	4.31	37	深南电Ａ	SZ	4.28	4.28	
510	2012-05-11	15.3	15.67	15.24	15.39	104773	14.69	39	中集集团	SZ	15.38	14.68	
510	2012-05-11	8.69	8.73	8.6	8.69	8425	8.69	4	ST国农	SZ	8.69	8.69	
510	2012-05-11	4.67	4.8	4.62	4.66	61647	4.59	40	深 鸿 基	SZ	4.69	4.62	
510	2012-05-11	14.69	14.9	14.14	14.37	47643	10.95	400	许继电气	SZ	14.73	11.22	
510	2012-05-11	17.89	18.15	17.71	17.99	94290	17.8	401	冀东水泥	SZ	17.91	17.72	
510	2012-05-11	6.72	6.8	6.67	6.68	152225	6.44	402	金 融 街	SZ	6.76	6.52	
