599	2012-01-09	9.6	9.88	9.53	9.86	353821	6.02	1	深发展Ａ	SZ	9.59	5.86	
599	2012-01-09	5.54	5.85	5.53	5.84	54700	5.84	11	深物业A	SZ	5.59	5.59	
599	2012-01-09	8.27	8.74	8.18	8.7	338610	8.15	12	南 玻Ａ	SZ	8.27	7.75	
599	2012-01-09	4.6	4.81	4.59	4.79	6703	4.77	14	沙河股份	SZ	4.6	4.58	
599	2012-01-09	3.05	3.22	3.02	3.2	28698	3.2	150	宜华地产	SZ	3.07	3.07	
599	2012-01-09	7.2	7.64	7.15	7.61	44651	7.56	151	中成股份	SZ	7.28	7.23	
599	2012-01-09	5.5	5.8	5.41	5.76	20055	5.7	153	丰原药业	SZ	5.5	5.44	
599	2012-01-09	4.18	4.35	4.1	4.34	10388	4.34	155	川化股份	SZ	4.14	4.14	
599	2012-01-09	7.33	7.67	7.26	7.66	348508	7.22	157	中联重科	SZ	7.29	6.88	
599	2012-01-09	3.57	3.84	3.5	3.78	31806	3.78	158	常山股份	SZ	3.55	3.55	
599	2012-01-09	7.62	8.31	7.53	8.29	52691	8.08	159	国际实业	SZ	7.66	7.47	
599	2012-01-09	3.03	3.14	2.96	3.14	58715	3.12	16	深康佳Ａ	SZ	3.02	3	
599	2012-01-09	5.84	6.05	5.75	6.01	67529	5.8	1696	宗申动力	SZ	5.83	5.63	
599	2012-01-09	2.77	2.9	2.69	2.89	34264	2.89	17	*ST中华A	SZ	2.77	2.77	
599	2012-01-09	4.36	4.55	4.3	4.53	4363	4.53	18	ST中冠A	SZ	4.34	4.34	
599	2012-01-09	4.17	4.38	4.1	4.35	24244	4.35	1896	*ST豫能	SZ	4.17	4.17	
599	2012-01-09	7.25	7.5	7.09	7.48	10880	7.29	19	深深宝Ａ	SZ	7.19	7.01	
599	2012-01-09	7.16	7.41	7.08	7.41	846037	6.87	2	万 科Ａ	SZ	7.16	6.64	
599	2012-01-09	5.18	5.23	4.98	5.21	9977	5.21	20	深华发Ａ	SZ	4.97	4.97	
599	2012-01-09	17.5	18.3	17.41	18.2	23267	17.31	2001	新 和 成	SZ	17.7	16.83	
599	2012-01-09	15.09	15.78	14.88	15.74	16756	10.27	2003	伟星股份	SZ	15.08	9.84	
599	2012-01-09	10.85	10.85	10.27	10.7	20219	3.38	2004	华邦制药	SZ	10.67	3.37	
599	2012-01-09	7.53	7.93	7.5	7.91	45166	3.91	2005	德豪润达	SZ	7.59	3.76	
599	2012-01-09	15.72	16.62	15.33	16.55	160488	10.97	2006	精功科技	SZ	15.83	10.49	
599	2012-01-09	23.5	23.93	22.26	23.6	54411	23.42	2007	华兰生物	SZ	23.5	23.32	
599	2012-01-09	6.55	6.97	6.46	6.91	349476	6.64	2008	大族激光	SZ	6.52	6.27	
599	2012-01-09	6.86	7.19	6.75	7.16	46293	7.13	2009	天奇股份	SZ	6.83	6.81	
599	2012-01-09	5.96	6.2	5.87	6.18	115938	6.07	2010	传化股份	SZ	5.92	5.82	
599	2012-01-09	8.65	9.16	8.65	9.15	47825	8.99	2011	盾安环境	SZ	8.79	8.64	
599	2012-01-09	5.88	6.04	5.66	6.02	49783	2.9	2012	凯恩股份	SZ	5.88	2.84	
599	2012-01-09	10.05	10.65	9.96	10.54	24886	8.07	2013	中航精机	SZ	10.21	7.81	
599	2012-01-09	8.4	8.79	8.37	8.74	36019	5.33	2014	永新股份	SZ	8.42	5.13	
599	2012-01-09	7.87	8.1	7.69	8.07	31831	8.07	2015	霞客环保	SZ	7.68	7.68	
599	2012-01-09	3.78	3.95	3.74	3.94	11716	2.77	2016	世荣兆业	SZ	3.76	2.64	
599	2012-01-09	11	11.79	10.84	11.66	35619	11.61	2017	东信和平	SZ	11.12	11.08	
599	2012-01-09	2.85	2.99	2.81	2.98	31768	2.02	2018	华星化工	SZ	2.85	1.93	
599	2012-01-09	6.5	6.99	6.5	6.99	32797	6.99	2019	鑫富药业	SZ	6.58	6.58	
599	2012-01-09	7.07	7.38	7.01	7.34	47265	3.54	2020	京新药业	SZ	7.26	3.5	
599	2012-01-09	3.08	3.22	3.06	3.22	50769	2.45	2021	中捷股份	SZ	3.08	2.34	
599	2012-01-09	9.58	10.07	9.41	10	67376	9.38	2022	科华生物	SZ	9.6	9	
599	2012-01-09	9.08	9.19	8.65	9.1	14273	8.91	2023	海特高新	SZ	8.86	8.67	
599	2012-01-09	8.19	8.46	8.1	8.45	472614	8.26	2024	苏宁电器	SZ	8.29	8.11	
599	2012-01-09	11.9	12.44	11.82	12.37	44796	12.14	2025	航天电器	SZ	11.95	11.72	
599	2012-01-09	6.97	7.21	6.95	7.08	73538	5.34	2026	山东威达	SZ	7.04	5.3	
599	2012-01-09	3.88	4.1	3.85	4.1	9754	4.1	2027	七喜控股	SZ	3.91	3.91	
599	2012-01-09	10.86	11.17	10.67	11.17	54782	11.03	2028	思源电气	SZ	10.89	10.76	
599	2012-01-09	15.33	15.49	14.75	15.44	28687	6.73	2029	七 匹 狼	SZ	15.33	6.68	
599	2012-01-09	5.99	6.31	5.98	6.28	64649	4.74	2030	达安基因	SZ	5.99	4.52	
599	2012-01-09	5.31	5.6	5.28	5.58	11426	5.5	2031	巨轮股份	SZ	5.34	5.26	
599	2012-01-09	14.39	14.97	14.02	14.91	4290	13	2032	苏 泊 尔	SZ	14.72	12.83	
599	2012-01-09	13.99	14.23	13.75	14.18	14094	10.62	2033	丽江旅游	SZ	13.85	10.36	
599	2012-01-09	15	16.3	14.66	16.27	34873	15.57	2034	美 欣 达	SZ	15.24	14.58	
599	2012-01-09	9.54	10.12	9.13	10.08	33311	9.98	2036	宜科科技	SZ	9.71	9.61	
599	2012-01-09	11.32	11.61	11.32	11.56	11200	7.03	2037	久联发展	SZ	11.28	6.86	
599	2012-01-09	23.59	23.71	22.45	23.71	42029	19.55	2038	双鹭药业	SZ	23.68	19.53	
599	2012-01-09	12.86	13.4	12.85	13.38	3203	13.27	2039	黔源电力	SZ	12.95	12.84	
599	2012-01-09	4.93	5.19	4.91	5.18	4227	5.13	2040	南 京 港	SZ	5	4.95	
599	2012-01-09	24.17	25	23.4	24.97	45729	24.77	2041	登海种业	SZ	24.18	23.99	
599	2012-01-09	4.74	4.98	4.68	4.97	59229	3.25	2042	华孚色纺	SZ	4.73	3.09	
599	2012-01-09	3.07	3.17	3.04	3.16	41157	1.54	2043	兔 宝 宝	SZ	3.07	1.5	
599	2012-01-09	8.06	8.42	7.98	8.4	11812	8.1	2044	江苏三友	SZ	8.13	7.84	
599	2012-01-09	5.19	5.43	5.12	5.39	25118	5.16	2045	广州国光	SZ	5.18	4.96	
599	2012-01-09	6.35	6.59	6.2	6.59	12352	3.24	2046	轴研科技	SZ	6.31	3.1	
599	2012-01-09	2.71	2.89	2.68	2.88	27547	2.88	2047	成霖股份	SZ	2.72	2.72	
599	2012-01-09	7.11	7.44	7.05	7.43	33016	7.32	2048	宁波华翔	SZ	7.11	7	
599	2012-01-09	17.47	18.9	16.52	18.4	5086	18.26	2049	晶源电子	SZ	17.3	17.17	
599	2012-01-09	11.3	11.9	11.1	11.75	13890	5.63	2050	三花股份	SZ	11.44	5.48	
599	2012-01-09	3.64	3.87	3.54	3.84	66079	1.9	2052	同洲电子	SZ	3.7	1.83	
599	2012-01-09	8.73	9.07	8.6	9.05	9967	9.01	2053	云南盐化	SZ	8.75	8.71	
599	2012-01-09	8.52	8.79	8.36	8.75	12234	8.5	2054	德美化工	SZ	8.5	8.26	
599	2012-01-09	15.72	16.45	15.3	16.41	58768	16.39	2056	横店东磁	SZ	15.58	15.56	
599	2012-01-09	14.1	14.82	13.88	14.67	27238	14.67	2057	中钢天源	SZ	14.08	14.08	
599	2012-01-09	5.78	6.13	5.78	6.09	13628	5.23	2058	威 尔 泰	SZ	5.83	5.01	
599	2012-01-09	8.9	9.4	8.75	9.4	15027	9.31	2059	云南旅游	SZ	8.9	8.81	
599	2012-01-09	5	5.19	4.95	5.19	62168	3.57	2060	粤 水 电	SZ	4.99	3.44	
599	2012-01-09	4.28	4.59	4.21	4.58	36731	3.01	2061	江山化工	SZ	4.31	2.83	
599	2012-01-09	4.67	4.88	4.64	4.86	10746	2.64	2062	宏润建设	SZ	4.67	2.54	
599	2012-01-09	11.55	11.91	11.35	11.88	32823	8.91	2063	远光软件	SZ	11.68	8.75	
599	2012-01-09	4.6	4.83	4.53	4.81	26653	4.75	2064	华峰氨纶	SZ	4.58	4.52	
599	2012-01-09	15.42	15.9	14.72	15.48	35991	11.67	2065	东华软件	SZ	15.54	11.72	
599	2012-01-09	5.75	6.03	5.7	6.02	9310	2.92	2066	瑞泰科技	SZ	5.78	2.81	
599	2012-01-09	2.5	2.6	2.47	2.59	62525	1.29	2067	景兴纸业	SZ	2.5	1.25	
599	2012-01-09	5.18	5.47	5.08	5.45	38407	5.33	2068	黑猫股份	SZ	5.17	5.06	
599	2012-01-09	22.42	23.17	21.8	23.1	32763	22.19	2069	獐 子 岛	SZ	22.4	21.52	
599	2012-01-09	3.18	3.3	3.12	3.28	38632	1.93	2070	众和股份	SZ	3.18	1.88	
599	2012-01-09	7.46	8.37	7.41	8.37	75731	8.33	2071	江苏宏宝	SZ	7.61	7.58	
599	2012-01-09	6	6.22	5.84	6.17	7638	6.17	2072	*ST德棉	SZ	5.94	5.94	
599	2012-01-09	14	14.38	13.52	14.37	62934	14.31	2073	软控股份	SZ	14.2	14.14	
599	2012-01-09	8.79	8.96	8.6	8.93	223236	8.77	2074	东源电器	SZ	8.79	8.63	
599	2012-01-09	6.4	6.71	6.31	6.71	15005	6.49	2076	雪 莱 特	SZ	6.38	6.17	
599	2012-01-09	6.05	6.4	5.96	6.39	14147	6.31	2077	大港股份	SZ	6.05	5.98	
599	2012-01-09	8.08	8.35	8.02	8.35	83986	8.05	2078	太阳纸业	SZ	8.12	7.83	
599	2012-01-09	5.39	5.59	5.26	5.55	51576	3.04	2079	苏州固锝	SZ	5.38	2.95	
599	2012-01-09	10.45	11.09	10.25	11.09	28115	10.83	2080	中材科技	SZ	10.46	10.21	
599	2012-01-09	13.87	14.36	13.84	14.27	16488	6.25	2081	金 螳 螂	SZ	13.87	6.07	
599	2012-01-09	8.2	8.68	8.11	8.64	23673	8.34	2082	栋梁新材	SZ	8.21	7.93	
599	2012-01-09	4.9	5.12	4.87	5.11	33690	5.05	2083	孚日股份	SZ	4.89	4.83	
599	2012-01-09	3.28	3.42	3.24	3.41	9781	2.73	2084	海鸥卫浴	SZ	3.29	2.63	
599	2012-01-09	7.28	7.93	7.23	7.93	16581	7.34	2085	万丰奥威	SZ	7.21	6.68	
599	2012-01-09	11.45	11.96	11.23	11.83	37517	11.65	2086	东方海洋	SZ	11.41	11.24	
599	2012-01-09	3.35	3.48	3.31	3.47	27460	3.44	2087	新野纺织	SZ	3.35	3.32	
599	2012-01-09	9	9.43	8.85	9.4	15089	9.2	2088	鲁阳股份	SZ	9	8.81	
599	2012-01-09	7.08	7.55	7.02	7.5	43662	6.11	2089	新 海 宜	SZ	7.12	5.81	
599	2012-01-09	7.56	8.09	7.56	8.04	25226	7.91	2090	金智科技	SZ	7.67	7.54	
599	2012-01-09	11.61	12.53	11.27	12.5	30036	12.25	2091	江苏国泰	SZ	11.59	11.36	
599	2012-01-09	7.29	7.61	7.2	7.59	292112	7.26	2092	中泰化学	SZ	7.28	6.96	
599	2012-01-09	5.69	5.92	5.61	5.92	74959	5.91	2093	国脉科技	SZ	5.68	5.67	
599	2012-01-09	8.51	9.28	8.51	9.19	22329	9.19	2094	青岛金王	SZ	8.62	8.62	
599	2012-01-09	10.78	11.35	10.63	11.32	8821	11.19	2095	生 意 宝	SZ	10.85	10.72	
599	2012-01-09	14.19	14.19	13.78	14.14	6807	6.98	2096	南岭民爆	SZ	13.87	6.85	
599	2012-01-09	8.06	8.44	7.91	8.4	32842	8.33	2097	山河智能	SZ	8.08	8.01	
599	2012-01-09	8.45	8.67	8.29	8.65	7703	8.25	2098	浔兴股份	SZ	8.28	7.9	
599	2012-01-09	8.74	9.5	8.69	9.22	13357	4.49	2099	海翔药业	SZ	8.7	4.24	
599	2012-01-09	5.01	5.23	4.95	5.21	70850	5.11	21	长城开发	SZ	5	4.9	
599	2012-01-09	6.75	7.21	6.75	7.21	18519	5.45	2100	天康生物	SZ	6.86	5.19	
599	2012-01-09	8.49	9.28	8.47	9.1	6849	8.91	2101	广东鸿图	SZ	8.48	8.3	
599	2012-01-09	5.7	6.06	5.58	5.98	219840	5.98	2102	冠福家用	SZ	5.65	5.65	
599	2012-01-09	5.6	5.74	5.5	5.74	8846	5.61	2103	广博股份	SZ	5.6	5.47	
599	2012-01-09	8.32	8.72	8.12	8.7	42023	8.6	2104	恒宝股份	SZ	8.38	8.29	
599	2012-01-09	4.07	4.27	4.05	4.25	11220	4.09	2105	信隆实业	SZ	4.1	3.94	
599	2012-01-09	15.08	16.6	14.95	16.55	104230	16.3	2106	莱宝高科	SZ	15.1	14.88	
599	2012-01-09	8.6	8.98	8.34	8.93	6510	8.93	2107	沃华医药	SZ	8.58	8.58	
599	2012-01-09	6.5	6.79	6.47	6.75	23407	6.56	2108	沧州明珠	SZ	6.47	6.29	
599	2012-01-09	7.31	7.95	7.17	7.86	54860	7.59	2109	兴化股份	SZ	7.31	7.06	
599	2012-01-09	6.8	7.06	6.71	7.05	11336	7.04	2110	三钢闽光	SZ	6.78	6.77	
599	2012-01-09	7.31	7.73	7.28	7.7	52430	7.57	2111	威海广泰	SZ	7.35	7.23	
599	2012-01-09	4	4.05	3.84	4.05	11366	2.24	2112	三变科技	SZ	3.89	2.16	
599	2012-01-09	5.65	5.93	5.51	5.88	8441	5.88	2113	ST天润	SZ	5.65	5.65	
599	2012-01-09	6.38	6.81	6.29	6.76	10095	6.76	2114	罗平锌电	SZ	6.39	6.39	
599	2012-01-09	6.61	6.84	6.48	6.82	13547	3.67	2115	三维通信	SZ	6.61	3.55	
599	2012-01-09	8.79	9.16	8.6	9.12	3460	4.86	2116	中国海诚	SZ	8.77	4.67	
599	2012-01-09	11.3	11.71	11.05	11.71	8254	6.88	2117	东港股份	SZ	11.33	6.66	
599	2012-01-09	7	7.69	6.96	7.69	107358	7.69	2118	紫鑫药业	SZ	6.99	6.99	
599	2012-01-09	7.26	7.88	7.05	7.75	57542	7.7	2119	康强电子	SZ	7.25	7.21	
599	2012-01-09	6.12	6.53	6.12	6.48	5440	6.38	2120	新海股份	SZ	6.2	6.1	
599	2012-01-09	8.36	8.83	8.23	8.81	24055	8.75	2121	科陆电子	SZ	8.35	8.29	
599	2012-01-09	6.52	6.75	6.47	6.74	78485	6.54	2122	天马股份	SZ	6.52	6.32	
599	2012-01-09	16.38	16.38	15.91	16.05	99045	16.05	2123	荣信股份	SZ	16.15	16.15	
599	2012-01-09	6.71	6.96	6.6	6.96	15693	6.8	2124	天邦股份	SZ	6.69	6.53	
599	2012-01-09	8.94	9.34	8.84	9.33	3123	5.81	2125	湘潭电化	SZ	8.99	5.6	
599	2012-01-09	5.75	5.97	5.65	5.97	22028	2.95	2126	银轮股份	SZ	5.78	2.85	
599	2012-01-09	4.83	5.05	4.73	5.04	32471	5.02	2127	新民科技	SZ	4.83	4.81	
599	2012-01-09	13	14	12.93	14	63485	13.34	2128	露天煤业	SZ	13.06	12.45	
599	2012-01-09	9.11	9.64	8.92	9.62	69270	9.61	2129	中环股份	SZ	9.07	9.06	
599	2012-01-09	6.51	6.85	6.4	6.83	219025	3.45	2130	沃尔核材	SZ	6.61	3.34	
599	2012-01-09	11.26	11.7	11.11	11.63	14911	11.57	2131	利欧股份	SZ	11.27	11.21	
599	2012-01-09	7.01	7.49	6.87	7.47	187208	7.39	2132	恒星科技	SZ	7.1	7.02	
599	2012-01-09	3.58	3.67	3.49	3.67	34899	2.89	2133	广宇集团	SZ	3.58	2.82	
599	2012-01-09	5.38	5.64	5.26	5.63	21184	5.63	2134	天津普林	SZ	5.34	5.34	
599	2012-01-09	4.28	4.36	4.17	4.36	16265	2.4	2135	东南网架	SZ	4.21	2.32	
599	2012-01-09	13.46	14.75	13.3	14.46	84645	14.37	2136	安 纳 达	SZ	13.45	13.36	
599	2012-01-09	4.19	4.36	4.11	4.36	12516	3.17	2137	实 益 达	SZ	4.18	3.04	
599	2012-01-09	9.27	9.57	9.17	9.56	19644	6.22	2138	顺络电子	SZ	9.27	6.03	
599	2012-01-09	7.89	8.27	7.82	8.25	24088	7.23	2139	拓邦股份	SZ	7.82	6.85	
599	2012-01-09	19.1	20.2	17.9	19.9	40803	19.76	2140	东华科技	SZ	19.3	19.17	
599	2012-01-09	6.17	6.6	6.07	6.55	87894	6.55	2141	蓉胜超微	SZ	6.23	6.23	
599	2012-01-09	9.15	9.35	9.1	9.33	139264	8.93	2142	宁波银行	SZ	9.15	8.75	
599	2012-01-09	5.85	6	5.77	6	8313	4.56	2143	高金食品	SZ	5.81	4.41	
599	2012-01-09	11.8	12.03	11.44	12.03	15453	11.77	2144	宏达高科	SZ	11.74	11.49	
599	2012-01-09	7.87	8.34	7.73	8.27	74721	8.13	2146	荣盛发展	SZ	7.92	7.79	
599	2012-01-09	7.59	8.15	7.52	8.14	30286	7.87	2147	方圆支承	SZ	7.61	7.36	
599	2012-01-09	8	8.61	7.95	8.52	215649	4.19	2148	北纬通信	SZ	8.1	3.98	
599	2012-01-09	10.12	11.07	10.12	11.06	25915	11.01	2149	西部材料	SZ	10.3	10.26	
599	2012-01-09	5.64	5.92	5.55	5.86	9760	5.66	2150	江苏通润	SZ	5.61	5.42	
599	2012-01-09	20.93	21.87	20.5	21.66	43565	17.93	2151	北斗星通	SZ	20.84	17.26	
599	2012-01-09	12.11	12.38	11.79	12.11	90822	7.02	2152	广电运通	SZ	11.92	6.9	
599	2012-01-09	24.63	25.09	24.21	25.04	4319	24.71	2153	石基信息	SZ	24.44	24.11	
599	2012-01-09	10.86	11.2	10.61	11.18	29105	10.8	2154	报 喜 鸟	SZ	10.8	10.44	
599	2012-01-09	10.93	11.51	10.72	11.45	176188	6.19	2155	辰州矿业	SZ	10.88	5.88	
599	2012-01-09	4.65	4.89	4.58	4.86	53769	4.82	2156	通富微电	SZ	4.58	4.55	
599	2012-01-09	7.58	8	7.2	7.95	60190	7.82	2157	正邦科技	SZ	7.61	7.48	
599	2012-01-09	9.59	10.18	9.37	10.18	28038	8.78	2158	汉钟精机	SZ	9.66	8.34	
599	2012-01-09	13.5	14.18	13.3	13.96	11846	13.88	2159	三特索道	SZ	13.62	13.54	
599	2012-01-09	8	8.33	7.82	8.33	84055	4.1	2161	远 望 谷	SZ	8.08	3.98	
599	2012-01-09	5.19	5.46	5.1	5.45	21728	5.45	2162	斯 米 克	SZ	5.18	5.18	
599	2012-01-09	4.25	4.49	4.2	4.47	41505	4.43	2163	中航三鑫	SZ	4.22	4.18	
599	2012-01-09	6.34	6.99	6.15	6.84	384125	6.8	2164	东力传动	SZ	6.39	6.35	
599	2012-01-09	5.83	6.12	5.7	6.06	33691	3.27	2165	红 宝 丽	SZ	5.83	3.15	
599	2012-01-09	13.89	14.5	13.72	14.44	28620	14.44	2166	莱茵生物	SZ	13.96	13.96	
599	2012-01-09	13.7	14.6	13.38	14.6	54040	7.27	2167	东方锆业	SZ	13.93	6.93	
599	2012-01-09	7.69	7.95	7.42	7.95	62781	6.75	2168	深圳惠程	SZ	7.47	6.34	
599	2012-01-09	5.99	6.25	5.86	6.22	45482	6.22	2169	智光电气	SZ	5.97	5.97	
599	2012-01-09	4.03	4.21	3.98	4.2	15065	2.26	2170	芭田股份	SZ	4.03	2.17	
599	2012-01-09	11.06	11.75	10.91	11.65	30049	11.63	2171	精诚铜业	SZ	11.06	11.04	
598	2012-01-09	2.98	3.21	2.92	3.19	98270	3.19	2172	澳洋科技	SZ	3.02	3.02	
599	2012-01-09	7.84	8.28	7.76	8.27	11499	8.22	2173	山 下 湖	SZ	7.92	7.88	
599	2012-01-09	10.54	11.81	10.41	11.81	32519	11.8	2174	梅 花 伞	SZ	10.74	10.73	
599	2012-01-09	9.78	10.15	9.57	10.15	9543	10.05	2175	广陆数测	SZ	9.75	9.65	
599	2012-01-09	6.89	7.24	6.76	7.24	51032	3.61	2176	江特电机	SZ	6.89	3.43	
599	2012-01-09	4.98	5.14	4.91	5.14	59686	2.3	2177	御银股份	SZ	4.97	2.23	
599	2012-01-09	9.15	9.68	9.09	9.54	38611	9.51	2178	延华智能	SZ	9.24	9.21	
599	2012-01-09	14.2	14.78	13.57	14.69	21243	14.5	2179	中航光电	SZ	14.11	13.93	
599	2012-01-09	10.15	10.98	10.03	10.93	24995	10.81	2180	万 力 达	SZ	10.2	10.08	
599	2012-01-09	10.4	10.63	10.15	10.6	27685	10.5	2181	粤 传 媒	SZ	10.23	10.13	
599	2012-01-09	9.52	10.52	9.38	10.52	121507	10.4	2182	云海金属	SZ	9.56	9.45	
599	2012-01-09	4.22	4.42	4.18	4.4	29268	4.33	2183	怡 亚 通	SZ	4.22	4.15	
599	2012-01-09	6.2	6.42	6.01	6.42	7835	6.31	2184	海得控制	SZ	6.09	5.99	
599	2012-01-09	3.74	3.91	3.67	3.9	339936	2.38	2185	华天科技	SZ	3.75	2.29	
599	2012-01-09	12.86	13.28	12.85	13.28	6460	6.25	2186	全 聚 德	SZ	12.94	6.09	
599	2012-01-09	9.37	9.78	9.19	9.74	10347	7.78	2187	广百股份	SZ	9.37	7.48	
599	2012-01-09	7.2	7.55	7.2	7.53	6119	7.53	2188	新 嘉 联	SZ	7.25	7.25	
599	2012-01-09	9.28	9.28	8.6	9.07	4217	9.05	2189	利达光电	SZ	8.81	8.79	
599	2012-01-09	15.66	16.06	15.28	16.06	22552	12.19	2190	成飞集成	SZ	15.28	11.6	
599	2012-01-09	9.29	9.56	9.16	9.52	21693	9.34	2191	劲嘉股份	SZ	9.3	9.12	
599	2012-01-09	14.99	15.98	14.8	15.92	55208	15.92	2192	路翔股份	SZ	15.36	15.36	
599	2012-01-09	10.18	10.73	9.97	10.66	29495	10.66	2193	山东如意	SZ	10.27	10.27	
599	2012-01-09	7.29	7.57	7.15	7.57	17193	7.23	2194	武汉凡谷	SZ	7.28	6.95	
598	2012-01-09	11.08	11.35	10.6	11.31	4662	10.97	2196	方正电机	SZ	10.92	10.59	
599	2012-01-09	9.28	9.88	9.28	9.86	15950	9.7	2197	证通电子	SZ	9.45	9.29	
598	2012-01-09	3.89	4.05	3.85	4.03	6885	1.99	2198	嘉应制药	SZ	3.9	1.93	
598	2012-01-09	6.07	6.39	5.91	6.37	6274	4.19	2199	东晶电子	SZ	6.07	4	
599	2012-01-09	9.19	9.58	9.03	9.58	15870	8.97	22	深赤湾Ａ	SZ	9.2	8.62	
598	2012-01-09	11.36	11.68	11.23	11.68	10691	11.68	2200	绿 大 地	SZ	11.12	11.12	
598	2012-01-09	7.03	7.33	6.88	7.33	20319	7.32	2201	九鼎新材	SZ	6.99	6.98	
598	2012-01-09	7.59	7.82	7.49	7.8	141436	7.67	2202	金风科技	SZ	7.55	7.43	
598	2012-01-09	7.13	7.3	6.93	6.94	197992	4.51	2203	海亮股份	SZ	7.11	4.62	
598	2012-01-09	11.32	11.58	10.94	11.51	12548	5	2204	华锐铸钢	SZ	11.12	4.83	
598	2012-01-09	12.85	13.21	12.63	13.2	8590	13.09	2205	国统股份	SZ	12.65	12.55	
598	2012-01-09	7.73	8.19	7.73	8.19	26005	7.42	2206	海 利 得	SZ	7.89	7.15	
598	2012-01-09	13.65	14.29	13.62	14.18	53349	14.07	2207	准油股份	SZ	13.48	13.38	
598	2012-01-09	5.26	5.51	5.2	5.51	14355	5.32	2208	合肥城建	SZ	5.29	5.11	
598	2012-01-09	7.15	7.48	7.06	7.48	8486	7.41	2209	达 意 隆	SZ	7.17	7.1	
598	2012-01-09	4.37	4.55	4.35	4.54	11434	3.42	2210	飞马国际	SZ	4.37	3.29	
598	2012-01-09	6.09	6.73	6.07	6.73	41244	6.73	2211	宏达新材	SZ	6.12	6.12	
598	2012-01-09	5.88	6.13	5.79	6.12	25257	5.97	2212	南洋股份	SZ	5.85	5.71	
598	2012-01-09	7.58	7.85	7.33	7.81	10505	7.72	2213	特 尔 佳	SZ	7.5	7.41	
598	2012-01-09	5.15	5.55	5.15	5.54	50279	3.58	2215	诺 普 信	SZ	5.21	3.36	
598	2012-01-09	12.99	13.38	12.77	13.3	6457	6.51	2216	三全食品	SZ	13.19	6.46	
598	2012-01-09	5.03	5.36	4.95	5.33	28692	3.5	2217	联合化工	SZ	5.04	3.31	
599	2012-01-09	9.66	10.66	9.41	10.66	110355	10.66	2218	拓日新能	SZ	9.69	9.69	
599	2012-01-09	7.17	7.55	7.14	7.53	13705	4.66	2219	独 一 味	SZ	7.32	4.53	
599	2012-01-09	7.68	8.15	7.61	8.15	7378	3.96	2220	天宝股份	SZ	7.64	3.72	
599	2012-01-09	3.52	3.69	3.4	3.69	30250	1.82	2221	东华能源	SZ	3.51	1.74	
599	2012-01-09	6.08	6.32	5.94	6.32	21512	6.14	2222	福晶科技	SZ	6.02	5.85	
599	2012-01-09	14.63	15.23	14.47	15.18	16780	11.56	2223	鱼跃医疗	SZ	14.73	11.21	
599	2012-01-09	4.79	4.91	4.7	4.9	4308	3.18	2224	三 力 士	SZ	4.7	3.05	
599	2012-01-09	9.41	10.09	9.17	9.93	147138	9.82	2225	濮耐股份	SZ	9.53	9.42	
599	2012-01-09	18.87	19.76	18.22	19.73	11235	19.57	2227	奥 特 迅	SZ	19.01	18.85	
599	2012-01-09	5.18	5.48	5.12	5.48	23104	5.31	2228	合兴包装	SZ	5.2	5.04	
599	2012-01-09	7.11	7.45	6.95	7.45	10577	3.79	2229	鸿博股份	SZ	7.11	3.62	
599	2012-01-09	19	19.67	18.55	19.33	70474	7.45	2230	科大讯飞	SZ	19	7.32	
599	2012-01-09	5.62	5.99	5.62	5.94	21039	2.83	2231	奥维通信	SZ	5.59	2.67	
599	2012-01-09	7.22	7.54	7.14	7.52	15168	7.51	2232	启明信息	SZ	7.22	7.21	
599	2012-01-09	8.7	9.35	8.58	9.32	159621	9.05	2233	塔牌集团	SZ	8.75	8.5	
599	2012-01-09	12.77	13.48	12.59	13.31	20954	6.24	2234	民和股份	SZ	12.77	5.99	
599	2012-01-09	9.2	9.66	8.97	9.56	11920	9.26	2235	安妮股份	SZ	8.97	8.69	
599	2012-01-09	11.4	11.84	11.25	11.81	42473	2.89	2236	大华股份	SZ	11.55	2.83	
599	2012-01-09	15.05	15.74	14.91	15.7	22967	7.74	2237	恒邦股份	SZ	15.05	7.42	
599	2012-01-09	16.9	17.44	16.55	17.44	12721	17.21	2238	天威视讯	SZ	16.7	16.48	
599	2012-01-09	7.74	8.78	7.74	8.4	117458	8.37	2239	金 飞 达	SZ	8.6	8.57	
598	2012-01-09	3.93	4.06	3.89	4.04	28068	4.04	2240	威华股份	SZ	3.9	3.9	
599	2012-01-09	12.18	12.54	12.01	12.46	38072	6.84	2241	歌尔声学	SZ	12.18	6.68	
599	2012-01-09	7.64	8	7.58	7.97	34508	7.05	2242	九阳股份	SZ	7.62	6.74	
599	2012-01-09	7.72	8.11	7.62	8.1	11990	7.99	2243	通产丽星	SZ	7.82	7.71	
599	2012-01-09	6.65	6.86	6.57	6.83	26061	6.73	2244	滨江集团	SZ	6.66	6.56	
599	2012-01-09	4.91	5.35	4.85	5.28	30471	5.2	2245	澳洋顺昌	SZ	4.86	4.78	
599	2012-01-09	8	8.58	8	8.54	5940	8.47	2246	北化股份	SZ	8.08	8.02	
599	2012-01-09	5.2	5.45	5.2	5.42	5921	2.61	2247	帝龙新材	SZ	5.2	2.51	
599	2012-01-09	10.42	10.8	10.2	10.79	28089	10.74	2248	华东数控	SZ	10.41	10.37	
599	2012-01-09	9.72	10.17	9.57	10.16	13690	6.45	2249	大洋电机	SZ	9.73	6.18	
599	2012-01-09	14.07	14.3	13.74	14.23	12736	10.84	2250	联化科技	SZ	13.85	10.55	
599	2012-01-09	10.94	11.32	10.79	11.29	4235	5.68	2251	步 步 高	SZ	10.9	5.49	
599	2012-01-09	13.34	13.88	13.34	13.86	22396	7.67	2252	上海莱士	SZ	13.55	7.5	
599	2012-01-09	14.08	14.69	14	14.61	6282	8.88	2253	川大智胜	SZ	14.19	8.62	
599	2012-01-09	8.31	8.81	8.12	8.69	26552	6.52	2254	烟台氨纶	SZ	8.29	6.22	
599	2012-01-09	14.38	14.5	13.5	14.49	4002	7.17	2255	海陆重工	SZ	14.18	7.01	
599	2012-01-09	5.88	6.35	5.82	6.25	76870	5.16	2256	彩虹精化	SZ	5.9	4.87	
599	2012-01-09	9.32	9.65	9.12	9.65	5473	9.58	2258	利尔化学	SZ	9.33	9.26	
599	2012-01-09	2.83	3.03	2.8	3	62425	3	2259	升达林业	SZ	2.85	2.85	
599	2012-01-09	5.18	5.52	5.14	5.48	25867	5.34	2260	伊 立 浦	SZ	5.19	5.06	
599	2012-01-09	13.02	14.39	12.96	14.22	78936	10.9	2261	拓维信息	SZ	13.22	10.13	
599	2012-01-09	13.98	14.34	13.69	14.16	6469	11.27	2262	恩华药业	SZ	13.89	11.05	
599	2012-01-09	4.33	4.56	4.25	4.53	114428	3.72	2263	大 东 南	SZ	4.38	3.59	
599	2012-01-09	7.01	7.25	6.97	7.21	76276	4.72	2264	新 华 都	SZ	7.13	4.67	
599	2012-01-09	5.4	5.68	5.27	5.68	4492	5.68	2265	西仪股份	SZ	5.41	5.41	
599	2012-01-09	3.78	3.87	3.71	3.86	40895	0.93	2266	浙富股份	SZ	3.78	0.91	
599	2012-01-09	7.51	7.82	7.5	7.8	30141	3.73	2267	陕天然气	SZ	7.62	3.65	
599	2012-01-09	15.32	15.93	15.1	15.76	14454	15.69	2268	卫 士 通	SZ	15.15	15.09	
599	2012-01-09	22.87	23.69	22.45	23.43	3374	21.53	2269	美邦服饰	SZ	22.85	21	
599	2012-01-09	5.62	5.92	5.55	5.88	19118	4.44	2270	法因数控	SZ	5.65	4.26	
599	2012-01-09	11.66	12.32	11.41	12.24	31198	11.95	2271	东方雨虹	SZ	11.66	11.39	
599	2012-01-09	4.57	4.82	4.53	4.75	20885	2.35	2272	川润股份	SZ	4.57	2.26	
599	2012-01-09	9.14	9.52	9.14	9.5	39014	3	2273	水晶光电	SZ	9.14	2.89	
599	2012-01-09	7.85	8.23	7.78	8.17	21142	8.12	2274	华昌化工	SZ	7.84	7.79	
599	2012-01-09	11.55	11.94	11.55	11.92	6179	10.91	2275	桂林三金	SZ	11.59	10.61	
599	2012-01-09	4.66	4.92	4.58	4.85	67377	2.64	2276	万马电缆	SZ	4.66	2.53	
599	2012-01-09	9.59	10.03	9.44	10.02	51107	6.12	2277	友阿股份	SZ	9.55	5.83	
599	2012-01-09	8.53	9.05	8.43	8.95	27735	7.9	2278	神开股份	SZ	8.43	7.44	
599	2012-01-09	10.2	10.69	10.06	10.66	30442	6.43	2279	久其软件	SZ	10.24	6.18	
599	2012-01-09	11.12	11.6	10.86	11.59	3599	11.07	2280	新世纪	SZ	11.08	10.59	
599	2012-01-09	29.68	30.22	28.53	29.88	11074	29.35	2281	光迅科技	SZ	29.67	29.14	
599	2012-01-09	9.57	9.96	9.26	9.94	20273	9.79	2282	博深工具	SZ	9.61	9.46	
599	2012-01-09	9.09	9.44	9	9.43	15637	9.37	2283	天润曲轴	SZ	9.05	8.99	
599	2012-01-09	6.33	6.85	6.3	6.79	12979	6.64	2284	亚太股份	SZ	6.41	6.27	
599	2012-01-09	7.95	8.22	7.85	8.18	21089	6.02	2285	世联地产	SZ	7.95	5.85	
599	2012-01-09	11.08	11.53	10.89	11.5	5599	8.71	2286	保龄宝	SZ	11.12	8.42	
599	2012-01-09	14.53	15.06	14.3	15	4375	14.56	2287	奇正藏药	SZ	14.53	14.1	
599	2012-01-09	7.1	7.52	7.1	7.46	13254	3.87	2288	超华科技	SZ	7.1	3.69	
599	2012-01-09	15.13	15.8	14.6	15.7	15005	15.67	2289	宇顺电子	SZ	15.06	15.03	
599	2012-01-09	11.25	11.79	10.89	11.72	39835	8.22	2290	禾盛新材	SZ	11.36	7.97	
599	2012-01-09	9.99	10.34	9.54	10.33	66313	10.22	2291	星期六	SZ	9.98	9.87	
599	2012-01-09	16.99	18.19	16.83	17.89	255346	11.73	2292	奥飞动漫	SZ	17.08	11.2	
599	2012-01-09	36.21	36.75	35.09	36.49	3631	17.29	2293	罗莱家纺	SZ	36.25	17.17	
599	2012-01-09	13.44	13.81	13.16	13.78	23443	7.35	2294	信立泰	SZ	13.36	7.13	
599	2012-01-09	7.43	7.83	7.35	7.78	27360	7.78	2295	精艺股份	SZ	7.47	7.47	
599	2012-01-09	14.91	15.9	14.91	15.8	10034	15.54	2296	辉煌科技	SZ	15.03	14.78	
599	2012-01-09	7.8	8.28	7.67	8.27	25266	5.5	2297	博云新材	SZ	7.79	5.17	
599	2012-01-09	5.78	6.03	5.65	6.02	32283	3	2298	鑫龙电器	SZ	5.72	2.86	
599	2012-01-09	14.15	14.36	14.01	14.34	52790	14.06	2299	圣农发展	SZ	14.11	13.83	
599	2012-01-09	5.2	5.44	5.15	5.43	6094	5.38	23	深天地Ａ	SZ	5.19	5.15	
599	2012-01-09	9.08	10.09	9.08	10.04	25269	9.37	2300	太阳电缆	SZ	9.18	8.57	
599	2012-01-09	5.25	5.46	5.16	5.45	6205	2.68	2301	齐心文具	SZ	5.25	2.58	
599	2012-01-09	8.91	9.26	8.64	9.26	8454	7.08	2302	西部建设	SZ	8.91	6.82	
599	2012-01-09	8.85	9.19	8.78	9.12	16525	4.53	2303	美盈森	SZ	8.84	4.39	
599	2012-01-09	105	107.17	102.33	106.25	16504	85.24	2304	洋河股份	SZ	104.59	83.91	
599	2012-01-09	5.22	5.36	5.15	5.35	18073	5.22	2305	南国置业	SZ	5.23	5.11	
599	2012-01-09	3.59	3.73	3.53	3.72	24724	0.84	2306	湘鄂情	SZ	3.59	0.81	
599	2012-01-09	5.84	6.09	5.8	6.05	19517	6.05	2307	北新路桥	SZ	5.82	5.82	
599	2012-01-09	6.83	7.05	6.69	7.04	14603	5.11	2308	威创股份	SZ	6.83	4.96	
599	2012-01-09	9.15	9.55	9.14	9.54	40169	4.69	2309	中利科技	SZ	9.05	4.45	
599	2012-01-09	19.86	20.18	19.46	20.18	19783	5.04	2310	东方园林	SZ	19.86	4.96	
599	2012-01-09	12.98	13.6	12.73	13.38	14728	10.14	2311	海大集团	SZ	12.96	9.82	
599	2012-01-09	4.5	4.79	4.36	4.74	60190	2.29	2312	三泰电子	SZ	4.55	2.2	
599	2012-01-09	14.46	15.32	14.46	15.32	5514	5.73	2313	日海通讯	SZ	14.61	5.46	
599	2012-01-09	8.9	9.23	8.81	9.2	12564	9.03	2314	雅致股份	SZ	8.91	8.74	
599	2012-01-09	38.9	40.69	38.4	40.5	4847	38.72	2315	焦点科技	SZ	38.88	37.17	
599	2012-01-09	4.67	4.85	4.59	4.83	27928	2.65	2316	键桥通讯	SZ	4.67	2.56	
599	2012-01-09	9.75	10.15	9.52	10.11	9374	4.76	2317	众生药业	SZ	9.76	4.59	
599	2012-01-09	10.33	10.67	10.01	10.61	9297	6.98	2318	久立特材	SZ	10.26	6.74	
599	2012-01-09	4.6	4.77	4.53	4.74	10467	2.33	2319	乐通股份	SZ	4.55	2.23	
599	2012-01-09	11.08	11.6	11	11.55	22443	8.52	2320	海峡股份	SZ	11.22	8.28	
599	2012-01-09	6.63	6.82	5.97	6.79	77196	3.36	2321	华英农业	SZ	6.57	3.25	
599	2012-01-09	8.5	8.89	8.38	8.89	35645	2.17	2322	理工监测	SZ	8.56	2.09	
599	2012-01-09	13.19	13.62	13.08	13.61	1306	9.75	2323	中联电气	SZ	13.19	9.46	
599	2012-01-09	9.6	9.97	9.41	9.97	4587	9.85	2324	普利特	SZ	9.6	9.48	
599	2012-01-09	5.45	5.63	5.37	5.59	21673	1.82	2325	洪涛股份	SZ	5.48	1.79	
599	2012-01-09	12.53	13.09	12.15	13.02	13177	12.89	2326	永太科技	SZ	12.52	12.4	
599	2012-01-09	17.18	17.93	16.84	17.77	5899	7.25	2327	富安娜	SZ	17.38	7.08	
599	2012-01-09	6.17	6.55	6.17	6.53	10954	4.25	2328	新朋股份	SZ	6.31	4.11	
599	2012-01-09	13.64	13.64	13.64	13.64	9367	13.37	2329	皇氏乳业	SZ	12.4	12.15	
599	2012-01-09	4.45	4.69	4.43	4.69	12824	2.28	2330	得利斯	SZ	4.51	2.19	
599	2012-01-09	6.62	6.93	6.62	6.91	3623	4.2	2331	皖通科技	SZ	6.62	4.03	
599	2012-01-09	11.16	11.96	11.04	11.66	9633	11.3	2332	仙琚制药	SZ	11.16	10.82	
599	2012-01-09	8.51	8.91	8.35	8.81	3942	8.53	2333	罗普斯金	SZ	8.42	8.15	
599	2012-01-09	7.81	8.25	7.7	8.15	13201	2.73	2334	英威腾	SZ	7.86	2.63	
599	2012-01-09	11.6	12.06	11.53	12.01	4262	8.4	2335	科华恒盛	SZ	11.6	8.11	
599	2012-01-09	14.2	14.63	14.02	14.63	5884	14.18	2336	人人乐	SZ	14.13	13.69	
599	2012-01-09	8.68	9.13	8.41	8.95	3715	8.5	2337	赛象科技	SZ	8.63	8.19	
599	2012-01-09	20.64	21.25	20.41	21.06	2155	13.58	2338	奥普光电	SZ	20.73	13.37	
599	2012-01-09	5.38	5.54	5.11	5.53	14961	1.33	2339	积成电子	SZ	5.36	1.29	
599	2012-01-09	7.35	7.64	7.2	7.61	88744	2.85	2340	格林美	SZ	7.33	2.75	
599	2012-01-09	7.59	7.89	7.51	7.88	10291	3.85	2341	新纶科技	SZ	7.65	3.74	
599	2012-01-09	5.4	5.65	5.29	5.64	36791	5.59	2342	巨力索具	SZ	5.42	5.37	
599	2012-01-09	11.32	11.75	11.2	11.7	10625	11.07	2343	禾欣股份	SZ	11.32	10.71	
599	2012-01-09	10.15	10.49	10.06	10.49	28166	5.09	2344	海宁皮城	SZ	10.15	4.93	
599	2012-01-09	12.25	12.73	11.94	12.5	4151	5.94	2345	潮宏基	SZ	12.25	5.83	
599	2012-01-09	5.71	5.97	5.64	5.95	12160	2.87	2346	柘中建设	SZ	5.72	2.76	
599	2012-01-09	8.27	8.71	8.17	8.66	18011	4.63	2347	泰尔重工	SZ	8.27	4.43	
599	2012-01-09	4.91	5.14	4.91	5.14	13365	2.42	2348	高乐股份	SZ	4.99	2.35	
599	2012-01-09	9	9.32	8.77	9.2	5551	4.54	2349	精华制药	SZ	8.93	4.41	
599	2012-01-09	10.41	10.81	10.31	10.79	9397	6.09	2350	北京科锐	SZ	10.41	5.88	
599	2012-01-09	8.96	9.26	8.66	9.25	9851	8.87	2351	漫步者	SZ	8.99	8.63	
599	2012-01-09	18.5	19.33	18.38	19.31	2016	18.47	2352	鼎泰新材	SZ	18.63	17.82	
599	2012-01-09	24.46	25.18	24.26	24.81	21019	9.51	2353	杰瑞股份	SZ	24.42	9.36	
599	2012-01-09	10.58	11.1	10.4	11.03	22511	10.9	2354	科冕木业	SZ	10.63	10.5	
599	2012-01-09	6.57	6.93	6.51	6.83	123292	3.28	2355	兴民钢圈	SZ	6.6	3.16	
599	2012-01-09	16.85	17.4	16.3	17.3	1674	16.94	2356	浩宁达	SZ	16.8	16.45	
599	2012-01-09	8.35	8.72	8.26	8.7	9011	8.31	2357	富临运业	SZ	8.4	8.02	
599	2012-01-09	9.58	10.16	9.36	10.07	12320	5.48	2358	森源电气	SZ	9.84	5.35	
599	2012-01-09	14.97	15.64	14.73	15.64	19152	5.03	2360	同德化工	SZ	14.92	4.8	
599	2012-01-09	4.17	4.29	4.13	4.29	13438	2.28	2361	神剑股份	SZ	4.17	2.21	
599	2012-01-09	11.19	11.87	11.13	11.83	39232	11.83	2362	汉王科技	SZ	11.31	11.31	
599	2012-01-09	11.57	11.98	11.37	11.94	1665	11.86	2363	隆基机械	SZ	11.57	11.5	
599	2012-01-09	6.41	6.72	6.32	6.68	31467	3.25	2364	中恒电气	SZ	6.46	3.14	
599	2012-01-09	8.82	9.68	8.82	9.59	66879	9.26	2365	永安药业	SZ	9.33	9.01	
599	2012-01-09	8.87	9.3	8.77	9.23	7431	8.78	2366	丹甫股份	SZ	8.85	8.41	
599	2012-01-09	4.23	4.45	4.21	4.44	26137	1.3	2367	康力电梯	SZ	4.31	1.26	
599	2012-01-09	13.24	13.92	13.04	13.84	8922	11.35	2368	太极股份	SZ	13.24	10.86	
599	2012-01-09	14.09	15.04	13.8	15.02	6347	14.68	2369	卓翼科技	SZ	14.12	13.8	
599	2012-01-09	7.5	7.98	7.46	7.95	5172	7.88	2370	亚太药业	SZ	7.51	7.45	
599	2012-01-09	13.83	14.58	13.75	14.58	29642	4.01	2371	七星电子	SZ	13.88	3.81	
599	2012-01-09	11.77	12.11	11.58	12.08	8913	8.34	2372	伟星新材	SZ	11.73	8.1	
599	2012-01-09	6.25	6.47	6.15	6.46	18029	3.23	2373	联信永益	SZ	6.24	3.12	
599	2012-01-09	5.16	5.37	5.09	5.37	5932	2.84	2374	丽鹏股份	SZ	5.16	2.72	
599	2012-01-09	13.4	14.43	13.4	14.27	26282	9.44	2375	亚厦股份	SZ	13.45	8.9	
599	2012-01-09	8.49	8.85	8.25	8.75	8765	4.2	2376	新北洋	SZ	8.5	4.08	
599	2012-01-09	8.63	9.26	8.63	9.22	46104	9.22	2377	国创高新	SZ	8.75	8.75	
599	2012-01-09	21.2	22.57	20.7	22.55	17897	22.1	2378	章源钨业	SZ	21.06	20.64	
599	2012-01-09	6.91	7.49	6.8	7.36	157952	3.68	2379	鲁丰股份	SZ	6.89	3.44	
599	2012-01-09	23.24	24.51	23.18	24.5	1008	24.16	2380	科远股份	SZ	23.74	23.41	
599	2012-01-09	5.49	5.8	5.33	5.75	12803	2.68	2381	双箭股份	SZ	5.52	2.57	
599	2012-01-09	7.15	7.75	7.15	7.65	33688	3.78	2382	蓝帆股份	SZ	7.76	3.83	
599	2012-01-09	19.45	20.27	19.23	20.25	8217	15.43	2383	合众思壮	SZ	19.45	14.81	
599	2012-01-09	9.77	10.26	9.51	10.16	30089	5.6	2384	东山精密	SZ	9.78	5.39	
599	2012-01-09	6.77	7	6.68	6.99	71814	1.68	2385	大北农	SZ	6.77	1.62	
599	2012-01-09	8.46	8.99	8.35	8.92	27112	8.8	2386	天原集团	SZ	8.46	8.35	
599	2012-01-09	10.38	10.73	10.14	10.71	32736	8.16	2387	黑牛食品	SZ	10.27	7.82	
599	2012-01-09	8.58	8.94	8.43	8.91	5563	8.73	2388	新亚制程	SZ	8.57	8.4	
599	2012-01-09	7.67	8.33	7.57	8.2	53590	2.66	2389	南洋科技	SZ	7.68	2.49	
599	2012-01-09	9.41	10.35	9.3	10.15	6342	10.09	2390	信邦制药	SZ	9.5	9.44	
599	2012-01-09	8.61	8.9	8.33	8.88	6355	5.56	2391	长青股份	SZ	8.6	5.39	
599	2012-01-09	7.81	8.29	7.56	8.26	42717	8.17	2392	北京利尔	SZ	7.8	7.72	
599	2012-01-09	29.65	30.76	29.12	30.73	5954	29.32	2393	力生制药	SZ	29.48	28.13	
599	2012-01-09	14.35	15.03	14.06	14.95	9893	14.15	2394	联发股份	SZ	14.45	13.68	
599	2012-01-09	8.24	8.45	7.96	8.45	2892	3.96	2395	双象股份	SZ	8.19	3.83	
599	2012-01-09	10.65	11.54	10.57	11.4	31294	11.05	2396	星网锐捷	SZ	10.72	10.39	
599	2012-01-09	23.12	24	22.55	23.95	2581	23.23	2397	梦洁家纺	SZ	23.7	22.99	
599	2012-01-09	8.28	8.67	8.09	8.64	9067	5.05	2398	建研集团	SZ	8.28	4.84	
599	2012-01-09	23.1	24.04	22.89	23.97	10915	22.78	2399	海普瑞	SZ	23.09	21.95	
599	2012-01-09	17.5	18.22	17.28	18.21	66928	17.92	24	招商地产	SZ	17.68	17.4	
599	2012-01-09	8.29	8.56	8.1	8.56	51919	3.2	2400	省广股份	SZ	8.25	3.09	
599	2012-01-09	7.39	7.85	7.16	7.85	41493	4.07	2401	交技发展	SZ	7.38	3.83	
599	2012-01-09	10.66	10.83	10.18	10.6	84137	6.69	2402	和而泰	SZ	10.5	6.63	
599	2012-01-09	8.17	8.49	8.06	8.46	11245	8.46	2403	爱仕达	SZ	8.2	8.2	
599	2012-01-09	6.06	6.44	6.03	6.42	25643	3.93	2404	嘉欣丝绸	SZ	6.15	3.76	
599	2012-01-09	12.92	13.4	12.69	13.38	31191	9.11	2405	四维图新	SZ	12.9	8.78	
599	2012-01-09	15.95	16.9	15.31	16.9	40782	16.73	2407	多氟多	SZ	15.95	15.78	
599	2012-01-09	15.9	16.46	15.53	16.38	79855	13.16	2408	齐翔腾达	SZ	15.93	12.79	
599	2012-01-09	13.31	13.88	13.21	13.73	2782	8.9	2409	雅克科技	SZ	13.31	8.64	
599	2012-01-09	14.31	14.77	13.65	14.54	10647	7.08	2410	广联达	SZ	14.08	6.86	
599	2012-01-09	5.87	6.15	5.74	6.15	32805	4.05	2411	九九久	SZ	5.87	3.87	
599	2012-01-09	15.7	16.57	15.31	16.54	15952	16.54	2412	汉森制药	SZ	15.91	15.91	
599	2012-01-09	8.37	8.81	8.2	8.81	10372	8.6	2413	常发股份	SZ	8.37	8.17	
599	2012-01-09	8.6	9.15	8.44	9.09	49271	4.29	2414	高德红外	SZ	8.68	4.1	
599	2012-01-09	12.59	12.94	12.36	12.89	23036	12.55	2416	爱施德	SZ	12.65	12.32	
599	2012-01-09	7.98	8.47	7.82	8.2	36168	5.41	2417	三元达	SZ	7.94	5.24	
599	2012-01-09	6.35	6.86	6.3	6.81	138380	6.68	2418	康盛股份	SZ	6.25	6.13	
599	2012-01-09	16.45	17.13	16.31	17.05	6257	16.22	2419	天虹商场	SZ	16.39	15.59	
599	2012-01-09	6.13	6.32	6.06	6.32	7162	6.28	2420	毅昌股份	SZ	6.08	6.04	
599	2012-01-09	7.03	7.34	6.8	7.34	16911	3.58	2421	达实智能	SZ	7.05	3.43	
599	2012-01-09	38.2	39.3	36.5	39	20499	38.68	2422	科伦药业	SZ	38.06	37.75	
599	2012-01-09	7.09	7.43	6.93	7.4	31031	7.33	2423	中原特钢	SZ	7.05	6.98	
599	2012-01-09	13.48	14.1	13.33	14.1	13716	13.67	2424	贵州百灵	SZ	13.46	13.05	
599	2012-01-09	6.34	6.68	6.32	6.68	14946	5.5	2425	凯撒股份	SZ	6.31	5.19	
599	2012-01-09	13.54	14.74	13.22	14.2	16851	6.91	2426	胜利精密	SZ	13.4	6.52	
599	2012-01-09	6.41	6.79	6.4	6.78	9060	6.75	2427	尤夫股份	SZ	6.45	6.42	
599	2012-01-09	6.68	7.25	6.49	7.14	86739	1.75	2428	云南锗业	SZ	6.69	1.64	
599	2012-01-09	4.85	5.09	4.77	5.09	57952	3.25	2429	兆驰股份	SZ	4.83	3.09	
599	2012-01-09	15.56	16	15.48	15.89	16768	11.42	2430	杭氧股份	SZ	15.73	11.3	
599	2012-01-09	17.27	17.83	17.09	17.74	19293	14.72	2431	棕榈园林	SZ	17.28	14.34	
599	2012-01-09	5.43	5.79	5.37	5.74	54219	3.77	2432	九安医疗	SZ	5.5	3.61	
599	2012-01-09	9.36	10.12	9.29	10	42367	4.12	2433	太安堂	SZ	9.35	3.85	
599	2012-01-09	7.66	8.02	7.57	8.01	7729	7.74	2434	万里扬	SZ	7.69	7.43	
599	2012-01-09	6.33	6.52	6.25	6.5	7474	4.22	2435	长江润发	SZ	6.31	4.09	
599	2012-01-09	16.05	16.98	15.9	16.92	19165	16.37	2436	兴森科技	SZ	16.03	15.51	
599	2012-01-09	15.79	16.29	15.03	16.25	5084	15.92	2437	誉衡药业	SZ	15.69	15.37	
599	2012-01-09	10.27	10.79	10.07	10.74	17116	5.32	2438	江苏神通	SZ	10.27	5.09	
599	2012-01-09	16	16.65	15.65	16.64	15768	16.46	2439	启明星辰	SZ	16.2	16.02	
599	2012-01-09	7.55	7.97	7.45	7.93	34037	3.66	2440	闰土股份	SZ	7.57	3.5	
599	2012-01-09	15.05	15.35	14.72	15.33	8161	14.83	2441	众业达	SZ	14.8	14.31	
599	2012-01-09	4.4	4.71	4.4	4.68	34791	3.03	2442	龙星化工	SZ	4.42	2.86	
599	2012-01-09	4.12	4.29	4.07	4.27	15766	2.02	2443	金洲管道	SZ	4.09	1.94	
599	2012-01-09	4.34	4.54	4.26	4.54	40151	2.19	2444	巨星科技	SZ	4.34	2.1	
599	2012-01-09	10.37	11.19	9.9	11.18	42215	11.03	2445	中南重工	SZ	10.45	10.31	
599	2012-01-09	8.31	9.42	8.31	9.36	5607	9.32	2446	盛路通信	SZ	9.06	9.02	
599	2012-01-09	14	14.72	13.9	14.62	21602	7.27	2447	壹桥苗业	SZ	14.13	7.02	
599	2012-01-09	10.63	11.47	10.5	11.35	15550	5.35	2448	中原内配	SZ	10.63	5.01	
599	2012-01-09	7.37	7.7	7.27	7.65	32365	3.65	2449	国星光电	SZ	7.36	3.51	
599	2012-01-09	9.25	9.59	9.2	9.58	39702	3.97	2450	康得新	SZ	9.33	3.86	
599	2012-01-09	16.33	17.44	16.05	17.19	15076	5.68	2451	摩恩电气	SZ	16.59	5.48	
599	2012-01-09	21.58	22.74	20.17	22.62	7618	8.43	2452	长高集团	SZ	21.77	8.11	
599	2012-01-09	19.08	19.78	18.9	19.6	17230	2.38	2453	天马精化	SZ	19.08	2.31	
599	2012-01-09	10.11	10.5	9.96	10.49	12118	10.26	2454	松芝股份	SZ	10.04	9.82	
599	2012-01-09	4.03	4.13	3.78	4.1	100415	1.01	2456	欧菲光	SZ	4.01	0.99	
599	2012-01-09	7.99	8.23	7.77	8.23	44036	5.43	2457	青龙管业	SZ	7.92	5.22	
599	2012-01-09	11.24	11.82	11.12	11.81	27197	5.59	2458	益生股份	SZ	11.27	5.33	
599	2012-01-09	7.7	8.17	7.58	8.11	39731	8.11	2459	天业通联	SZ	7.78	7.78	
599	2012-01-09	19.02	20.18	18.71	20.15	17861	19.84	2460	赣锋锂业	SZ	19.06	18.77	
599	2012-01-09	9.27	9.69	8.95	9.66	14177	9.65	2461	珠江啤酒	SZ	9.25	9.24	
599	2012-01-09	7.35	7.99	7.21	7.88	10134	7.69	2462	嘉事堂	SZ	7.35	7.17	
599	2012-01-09	3.6	3.79	3.57	3.78	37618	2.15	2463	沪电股份	SZ	3.62	2.06	
599	2012-01-09	13.75	14.57	13.63	14.47	23005	14.11	2464	金利科技	SZ	13.9	13.56	
599	2012-01-09	10.4	10.77	10.27	10.75	10085	5.04	2465	海格通信	SZ	10.39	4.87	
599	2012-01-09	25.21	26.85	24.7	26.75	12383	26.61	2466	天齐锂业	SZ	25.19	25.06	
599	2012-01-09	10.63	11.04	10.45	11	3689	5.29	2467	二六三	SZ	10.62	5.11	
599	2012-01-09	6.38	6.74	6.25	6.68	19688	4.49	2468	艾迪西	SZ	6.38	4.29	
599	2012-01-09	15.83	16.41	15.21	16.28	14458	5.46	2469	三维工程	SZ	15.81	5.31	
599	2012-01-09	12.62	13.3	12.52	13.18	15258	12.96	2470	金正大	SZ	12.62	12.41	
599	2012-01-09	5.42	5.97	5.42	5.95	34076	2.84	2471	中超电缆	SZ	5.47	2.61	
599	2012-01-09	8.31	8.75	8.24	8.73	4499	6.49	2472	双环传动	SZ	8.36	6.22	
599	2012-01-09	7.3	7.75	7.26	7.68	5023	7.47	2473	圣莱达	SZ	7.3	7.1	
599	2012-01-09	10.66	11.27	10.27	11.25	29453	3.61	2474	榕基软件	SZ	10.67	3.43	
599	2012-01-09	14.15	14.52	14	14.36	24202	6.73	2475	立讯精密	SZ	14.16	6.64	
599	2012-01-09	3.97	4.13	3.88	4.11	17345	1.35	2476	宝莫股份	SZ	3.93	1.29	
599	2012-01-09	7.01	7.26	6.8	7.25	72386	2.14	2477	雏鹰农牧	SZ	7.01	2.07	
599	2012-01-09	9.18	9.62	9.09	9.57	23091	9.34	2478	常宝股份	SZ	9.23	9	
599	2012-01-09	9.18	9.59	9.18	9.57	44633	5.28	2479	富春环保	SZ	9.21	5.08	
599	2012-01-09	11.77	12.45	11.45	12.4	58477	12.22	2480	新筑股份	SZ	11.85	11.67	
599	2012-01-09	5.04	5.12	4.96	5.1	27678	1.4	2481	双塔食品	SZ	4.97	1.37	
599	2012-01-09	12.75	13.38	12.59	13.36	9173	8.27	2482	广田股份	SZ	13	8.04	
599	2012-01-09	9.43	9.65	9.18	9.65	6581	9.31	2483	润邦股份	SZ	9.32	8.99	
599	2012-01-09	11.89	12.38	11.66	12.37	8644	9.42	2484	江海股份	SZ	11.89	9.06	
599	2012-01-09	12.44	12.74	11.88	12.51	11977	7.36	2485	希努尔	SZ	12.44	7.31	
599	2012-01-09	3.99	4.18	3.91	4.16	53356	0.94	2486	嘉麟杰	SZ	3.98	0.9	
599	2012-01-09	5.63	5.81	5.36	5.81	10104	1.89	2487	大金重工	SZ	5.63	1.83	
599	2012-01-09	7.91	8.36	7.89	8.35	7537	7.98	2488	金固股份	SZ	7.89	7.54	
599	2012-01-09	8.62	8.98	8.51	8.98	22831	4.08	2489	浙江永强	SZ	8.66	3.93	
599	2012-01-09	4.54	4.82	4.5	4.81	45004	2.37	2490	山东墨龙	SZ	4.51	2.22	
599	2012-01-09	10.97	11.49	10.83	11.46	5602	11.07	2491	通鼎光电	SZ	10.98	10.61	
599	2012-01-09	13.32	13.96	13.2	13.9	9611	13.61	2494	华斯股份	SZ	13.6	13.32	
599	2012-01-09	5.57	5.97	5.48	5.94	26724	3.76	2495	佳隆股份	SZ	5.75	3.64	
599	2012-01-09	11.95	12.58	11.83	12.49	19705	6.19	2496	辉丰股份	SZ	11.93	5.92	
599	2012-01-09	8.67	9.06	8.52	9	50914	5.76	2497	雅化集团	SZ	8.77	5.62	
599	2012-01-09	10.02	10.32	9.68	10.25	15764	6.56	2498	汉缆股份	SZ	10.03	6.42	
599	2012-01-09	14.41	15.32	14.3	15.13	8903	10.01	2499	科林环保	SZ	14.61	9.66	
599	2012-01-09	5.22	5.51	5.1	5.48	5954	5.48	25	特 力Ａ	SZ	5.28	5.28	
599	2012-01-09	6.07	6.46	6.01	6.38	283758	6.3	2500	山西证券	SZ	6.14	6.07	
599	2012-01-09	12.81	13.38	12.57	13.33	45062	8.21	2502	骅威股份	SZ	12.82	7.9	
599	2012-01-09	9.57	9.87	9.33	9.87	9223	3.42	2503	搜于特	SZ	9.63	3.34	
599	2012-01-09	9.35	9.98	9.35	9.97	6775	7.56	2504	东光微电	SZ	9.52	7.22	
599	2012-01-09	6.49	6.77	6.4	6.75	22711	4.45	2505	大康牧业	SZ	6.49	4.27	
599	2012-01-09	7.36	7.94	7.19	7.84	216456	4.84	2506	超日太阳	SZ	7.43	4.59	
599	2012-01-09	13.72	14.5	13.72	14.41	4488	13.99	2507	涪陵榨菜	SZ	13.85	13.44	
599	2012-01-09	15.85	16.55	15.72	16.47	26414	16.16	2508	老板电器	SZ	15.88	15.58	
599	2012-01-09	3.84	4.04	3.76	4.03	18805	0.96	2509	天广消防	SZ	3.85	0.92	
599	2012-01-09	20	20.78	19.66	20.76	5779	10	2510	天汽模	SZ	19.94	9.61	
599	2012-01-09	10.79	11.39	10.69	11.39	14091	5.68	2511	中顺洁柔	SZ	10.92	5.45	
599	2012-01-09	8.25	8.66	8.11	8.63	45026	5.7	2512	达华智能	SZ	8.31	5.49	
599	2012-01-09	9.12	9.75	9.12	9.64	9846	5.88	2513	蓝丰生化	SZ	9.19	5.6	
599	2012-01-09	20.11	21.2	19.73	21.09	6803	6.48	2514	宝馨科技	SZ	20.08	6.17	
599	2012-01-09	13.43	13.73	13.23	13.73	3847	9.01	2515	金字火腿	SZ	13.36	8.77	
599	2012-01-09	8.19	8.53	8.1	8.52	7088	8.23	2516	江苏旷达	SZ	8.2	7.92	
599	2012-01-09	9.53	9.53	9.2	9.47	70484	4.65	2517	泰亚股份	SZ	9.3	4.57	
599	2012-01-09	10.07	10.59	9.78	10.58	9550	4.04	2518	科士达	SZ	10.09	3.86	
599	2012-01-09	10.02	10.51	9.81	10.41	31922	6.39	2519	银河电子	SZ	10.14	6.22	
599	2012-01-09	9.26	9.98	9.23	9.97	37245	3.8	2520	日发数码	SZ	9.24	3.53	
599	2012-01-09	5.65	5.89	5.57	5.89	6114	2.73	2521	齐峰股份	SZ	5.65	2.62	
599	2012-01-09	16.28	16.97	16.26	16.92	4431	15.97	2522	浙江众成	SZ	16.48	15.55	
599	2012-01-09	4.5	4.7	4.43	4.69	21258	2.19	2523	天桥起重	SZ	4.5	2.1	
599	2012-01-09	4.72	5.03	4.62	5.01	111725	2.44	2524	光正钢构	SZ	4.77	2.32	
599	2012-01-09	6.66	7.22	6.53	7.11	84060	3.91	2526	山东矿机	SZ	6.69	3.68	
599	2012-01-09	8.12	8.44	7.85	8.44	55338	4.79	2527	新时达	SZ	8.09	4.59	
599	2012-01-09	8.65	9.01	8.48	9	33590	5.78	2528	英飞拓	SZ	8.65	5.56	
599	2012-01-09	10.13	10.62	9.99	10.62	15547	10.44	2529	海源机械	SZ	10.21	10.04	
599	2012-01-09	5.55	5.8	5.47	5.77	20551	2.8	2530	丰东股份	SZ	5.59	2.71	
599	2012-01-09	6.25	6.49	6.18	6.46	11164	3.07	2531	天顺风能	SZ	6.25	2.97	
599	2012-01-09	17.7	18.59	17.3	18.44	33551	18.25	2532	新界泵业	SZ	17.9	17.72	
599	2012-01-09	6.61	7.32	6.44	7.29	32443	5.8	2533	金杯电工	SZ	6.68	5.31	
599	2012-01-09	16.18	17.58	15.96	17.46	12392	16.67	2534	杭锅股份	SZ	17.39	16.61	
599	2012-01-09	7.9	8.42	7.69	8.38	21135	6.3	2535	林州重机	SZ	7.88	5.92	
599	2012-01-09	17	18	16.32	17.59	12303	17.2	2536	西泵股份	SZ	17.01	16.64	
599	2012-01-09	11.37	12.17	11.37	12.13	2891	8.02	2537	海立美达	SZ	11.79	7.8	
599	2012-01-09	11.15	11.68	10.93	11.58	17376	5.6	2538	司尔特	SZ	11.19	5.41	
599	2012-01-09	10.06	10.59	9.9	10.56	19909	9.92	2539	新都化工	SZ	10.03	9.42	
599	2012-01-09	6.38	6.74	6.36	6.74	13729	3.13	2540	亚太科技	SZ	6.43	2.98	
599	2012-01-09	12.88	13.38	12.56	13.35	15319	6.5	2541	鸿路钢构	SZ	13.05	6.36	
599	2012-01-09	8.69	9.02	8.52	9	7940	4.26	2543	万和电气	SZ	8.73	4.13	
599	2012-01-09	6.46	6.99	6.32	6.86	131737	3.29	2544	杰赛科技	SZ	6.54	3.14	
599	2012-01-09	14.8	15.88	14.65	15.65	26354	15.29	2545	东方铁塔	SZ	15.07	14.73	
599	2012-01-09	16.18	17.34	15.96	17.25	17163	16.31	2546	新联电子	SZ	16.3	15.42	
599	2012-01-09	8.17	8.56	8	8.4	10157	4.16	2547	春兴精工	SZ	8.2	4.06	
599	2012-01-09	10.47	10.87	10.21	10.85	4823	6.88	2548	金新农	SZ	10.48	6.65	
599	2012-01-09	10.09	10.26	9.78	10.16	20570	4.42	2549	凯美特气	SZ	10	4.35	
599	2012-01-09	11.49	11.95	11.26	11.95	17202	5.51	2550	千红制药	SZ	11.37	5.24	
599	2012-01-09	8.13	8.48	7.79	8.48	38475	3.67	2551	尚荣医疗	SZ	8.15	3.53	
599	2012-01-09	9.01	9.4	8.88	9.38	15424	9.14	2552	宝鼎重工	SZ	9.03	8.8	
599	2012-01-09	6.73	7.03	6.57	7	8412	3.31	2553	南方轴承	SZ	6.72	3.18	
599	2012-01-09	5.04	5.44	4.93	5.41	68733	2.34	2554	惠博普	SZ	5.02	2.18	
599	2012-01-09	10.3	10.92	10.08	10.66	3128	10.32	2555	顺荣股份	SZ	10.22	9.9	
599	2012-01-09	7.32	7.74	7.28	7.65	21909	3.67	2556	辉隆股份	SZ	7.5	3.6	
599	2012-01-09	19.07	19.38	18.69	19.22	4807	13.91	2557	洽洽食品	SZ	19.38	14.02	
599	2012-01-09	21.65	22.34	21.5	22.3	1393	21.89	2558	世纪游轮	SZ	21.65	21.25	
599	2012-01-09	12.1	12.66	11.94	12.64	7577	6.05	2559	亚威股份	SZ	12.14	5.81	
599	2012-01-09	13.32	13.82	13.2	13.82	4084	13.51	2560	通达股份	SZ	13.37	13.07	
599	2012-01-09	12.32	12.74	12.16	12.72	31079	11.57	2561	徐家汇	SZ	12.32	11.2	
599	2012-01-09	8.43	8.8	8.19	8.79	5402	5.37	2565	上海绿新	SZ	8.44	5.16	
599	2012-01-09	12.61	12.98	12.26	12.96	7479	6.4	2566	益盛药业	SZ	12.61	6.23	
599	2012-01-09	12.39	12.39	11.4	12.06	95979	11.81	26	飞亚达Ａ	SZ	12.46	12.21	
599	2012-01-09	6.03	6.3	5.94	6.25	45169	6.08	27	深圳能源	SZ	6.03	5.86	
599	2012-01-09	18.65	19.43	18.43	19.43	9202	19.25	28	一致药业	SZ	18.6	18.43	
599	2012-01-09	3.15	3.28	3.1	3.28	16949	3.28	29	深深房Ａ	SZ	3.15	3.15	
599	2012-01-09	7.05	7.49	6.92	7.49	28233	7.49	30	*ST盛润A	SZ	7.13	7.13	
599	2012-01-09	13.79	14.24	13.52	14.21	4755	13.97	300001	特锐德	SZ	13.7	13.47	
599	2012-01-09	5.38	5.6	5.28	5.58	77757	1.56	300002	神州泰岳	SZ	5.37	1.5	
599	2012-01-09	13.25	13.68	13.01	13.65	12970	13.29	300003	乐普医疗	SZ	13.17	12.83	
599	2012-01-09	23.1	24.74	22.52	23.7	4229	23.52	300004	南风股份	SZ	23.01	22.83	
599	2012-01-09	11.08	11.22	10.58	11.22	34142	7.08	300005	探路者	SZ	11.08	7	
599	2012-01-09	15.14	15.48	14.79	15.43	10134	15.3	300006	莱美药业	SZ	15.14	15.01	
599	2012-01-09	12.6	13.15	12.32	13.1	6171	12.99	300007	汉威电子	SZ	12.59	12.48	
599	2012-01-09	7.31	7.68	7.23	7.67	28633	4.95	300008	上海佳豪	SZ	7.4	4.78	
599	2012-01-09	8.19	8.49	8.01	8.45	17917	6.56	300009	安科生物	SZ	8.12	6.3	
599	2012-01-09	8.41	8.83	8.21	8.8	22058	8.62	300010	立思辰	SZ	8.4	8.23	
599	2012-01-09	7.53	7.86	7.38	7.84	20279	1.81	300011	鼎汉技术	SZ	7.53	1.74	
599	2012-01-09	8.27	8.68	8.1	8.62	10993	4.13	300012	华测检测	SZ	8.4	4.02	
599	2012-01-09	7.91	8.35	7.9	8.33	5321	8.31	300013	新宁物流	SZ	7.96	7.94	
599	2012-01-09	11.93	12.65	11.7	12.59	66566	6.13	300014	亿纬锂能	SZ	12.05	5.87	
599	2012-01-09	22.51	23.47	22.09	23.15	23208	22.91	300015	爱尔眼科	SZ	22.66	22.42	
599	2012-01-09	4.04	4.14	3.89	4.14	11861	1.94	300016	北陆药业	SZ	4	1.88	
599	2012-01-09	11.69	12.2	11.28	12.13	25721	11.96	300017	网宿科技	SZ	11.7	11.54	
599	2012-01-09	6.38	6.66	6.29	6.65	11156	4.25	300018	中元华电	SZ	6.38	4.07	
599	2012-01-09	7.82	8.2	7.55	8.08	35040	4.84	300019	硅宝科技	SZ	7.9	4.73	
599	2012-01-09	10.49	10.91	10.33	10.86	26481	10.79	300020	银江股份	SZ	10.5	10.43	
599	2012-01-09	9.85	10.32	9.61	10.27	54704	10.27	300021	大禹节水	SZ	9.84	9.84	
599	2012-01-09	10.25	10.75	10.01	10.7	55383	10.63	300022	吉峰农机	SZ	10.4	10.33	
599	2012-01-09	9.36	10.3	9.25	10.14	15758	10.14	300023	宝德股份	SZ	9.36	9.36	
599	2012-01-09	17.5	18.78	17.11	18.78	27629	18.74	300024	机器人	SZ	17.33	17.29	
599	2012-01-09	7.95	8.35	7.95	8.32	10358	6.38	300025	华星创业	SZ	8.12	6.23	
599	2012-01-09	7.47	7.67	7.3	7.67	131028	3.7	300027	华谊兄弟	SZ	7.49	3.61	
599	2012-01-09	6.3	6.64	6.28	6.64	93381	6.59	300028	金亚科技	SZ	6.04	6	
599	2012-01-09	12.71	13.98	12.48	13.78	76562	13.66	300029	天龙光电	SZ	12.71	12.6	
599	2012-01-09	18.9	20.06	18.8	19.98	17911	9.87	300030	阳普医疗	SZ	19.08	9.42	
599	2012-01-09	8.85	9.23	8.55	9.13	9137	5.8	300031	宝通带业	SZ	8.79	5.58	
599	2012-01-09	6.64	6.94	6.51	6.93	17569	3.36	300032	金龙机电	SZ	6.64	3.22	
599	2012-01-09	14.65	15.4	14.44	15.26	4942	15.1	300033	同花顺	SZ	14.73	14.58	
599	2012-01-09	11.66	12.35	11.4	12.3	18535	12.15	300034	钢研高纳	SZ	11.65	11.5	
599	2012-01-09	6.1	6.4	6.05	6.4	10887	4.15	300035	中科电气	SZ	6.15	3.99	
599	2012-01-09	17.85	18.95	17.11	18.88	6783	18.88	300036	超图软件	SZ	17.74	17.74	
599	2012-01-09	17.94	18.54	17.41	18.49	5071	11.26	300037	新宙邦	SZ	17.94	10.92	
599	2012-01-09	7.88	8.38	7.87	8.37	6077	5.49	300038	梅泰诺	SZ	8.11	5.32	
599	2012-01-09	7.92	8.55	7.81	8.5	26826	3.15	300039	上海凯宝	SZ	8.1	3.01	
599	2012-01-09	4.14	4.34	4.07	4.32	16003	2.06	300040	九洲电气	SZ	4.14	1.97	
599	2012-01-09	10.81	11.23	10.56	11.23	9738	6.7	300041	回天胶业	SZ	10.89	6.5	
599	2012-01-09	10.71	10.71	10.71	10.71	17325	3.45	300043	星辉车模	SZ	11.9	3.84	
599	2012-01-09	4.87	5.08	4.69	5.06	13047	2.24	300044	赛为智能	SZ	4.9	2.17	
599	2012-01-09	9.68	10.05	9.45	10.03	11326	4.95	300045	华力创通	SZ	9.65	4.76	
599	2012-01-09	14.43	14.99	14.14	14.91	2196	13.35	300046	台基股份	SZ	14.43	12.92	
599	2012-01-09	5.34	5.55	5.29	5.55	31634	2.58	300047	天源迪科	SZ	5.36	2.49	
599	2012-01-09	10.5	11.14	10.21	11.04	10968	7.78	300048	合康变频	SZ	10.59	7.46	
599	2012-01-09	9.41	10	9.4	10	4676	9.8	300049	福瑞股份	SZ	9.58	9.39	
599	2012-01-09	12.7	13.43	12.7	13.41	5216	13.23	300050	世纪鼎利	SZ	12.9	12.73	
599	2012-01-09	5.14	5.46	5.08	5.41	140644	2.66	300051	三五互联	SZ	5.2	2.57	
599	2012-01-09	5.7	6.09	5.65	6.03	68331	2.98	300052	中青宝	SZ	5.68	2.8	
599	2012-01-09	7.26	7.76	7.26	7.73	9968	7.67	300053	欧比特	SZ	7.4	7.34	
599	2012-01-09	5.66	5.98	5.59	5.95	19056	1.23	300054	鼎龙股份	SZ	5.66	1.17	
599	2012-01-09	17.83	19.01	17.4	18.82	53879	18.69	300055	万邦达	SZ	17.83	17.7	
599	2012-01-09	11.89	12.52	11.81	12.46	17716	6.85	300056	三维丝	SZ	11.99	6.59	
599	2012-01-09	7.75	7.97	7.64	7.96	6353	7.88	300057	万顺股份	SZ	7.7	7.62	
599	2012-01-09	13.44	13.69	13.4	13.62	20198	6.72	300058	蓝色光标	SZ	13.44	6.63	
599	2012-01-09	5.5	5.74	5.38	5.68	83604	1.76	300059	东方财富	SZ	5.52	1.71	
599	2012-01-09	8.18	8.32	7.88	8.31	7789	5.19	300061	康耐特	SZ	8.19	5.12	
599	2012-01-09	8.69	9.07	8.5	9.04	7005	8.83	300062	中能电气	SZ	8.69	8.49	
599	2012-01-09	9.25	9.7	9.02	9.69	3650	6.39	300063	天龙集团	SZ	9.25	6.1	
599	2012-01-09	7.09	7.19	6.69	7.18	29924	3.52	300064	豫金刚石	SZ	6.97	3.42	
599	2012-01-09	13.2	13.89	12.97	13.87	8534	9.2	300065	海兰信	SZ	13.21	8.76	
599	2012-01-09	8.26	8.77	8.2	8.77	6082	5.67	300066	三川股份	SZ	8.37	5.42	
599	2012-01-09	7.33	7.68	7.25	7.64	5001	7.49	300067	安诺其	SZ	7.35	7.21	
599	2012-01-09	6.3	6.61	6.15	6.6	22065	3.21	300068	南都电源	SZ	6.3	3.07	
599	2012-01-09	8.11	8.43	7.87	8.39	2014	5.48	300069	金利华电	SZ	8.11	5.3	
599	2012-01-09	13.47	14.02	13.32	14.02	57375	5.12	300070	碧水源	SZ	13.6	4.97	
599	2012-01-09	16.64	17.8	16.57	17.56	51784	5.76	300071	华谊嘉信	SZ	16.71	5.48	
599	2012-01-09	5.62	5.92	5.61	5.91	38017	2.24	300072	三聚环保	SZ	5.65	2.14	
599	2012-01-09	9.71	10.77	9.5	10.4	30679	10.35	300073	当升科技	SZ	9.84	9.8	
599	2012-01-09	6.11	6.33	6	6.32	17529	1.89	300074	华平股份	SZ	6.09	1.82	
599	2012-01-09	12.67	13.25	12.53	13.19	6097	8.65	300075	数字政通	SZ	12.93	8.47	
599	2012-01-09	12.01	12.68	12	12.67	5621	12.39	300076	宁波GQY	SZ	12.23	11.96	
599	2012-01-09	24.7	26.15	24.08	26.04	92324	25.59	300077	国民技术	SZ	24.9	24.47	
599	2012-01-09	15.51	16.2	15.11	16.16	13037	15.3	300078	中瑞思创	SZ	15.42	14.6	
599	2012-01-09	8.53	9.15	8.44	9.15	43615	7.04	300080	新大新材	SZ	8.63	6.64	
599	2012-01-09	9.5	10.06	9.45	9.95	116486	4.91	300081	恒信移动	SZ	9.6	4.74	
599	2012-01-09	11.41	12.15	11.38	12.15	24394	8.94	300082	奥克股份	SZ	11.57	8.51	
599	2012-01-09	9.9	10.5	9.81	10.5	4320	10.39	300083	劲胜股份	SZ	10	9.9	
599	2012-01-09	7.89	8.65	7.81	8.65	67915	8.61	300084	海默科技	SZ	7.86	7.82	
599	2012-01-09	16.4	17.4	16.14	17.4	13554	8.48	300085	银之杰	SZ	16.48	8.03	
599	2012-01-09	15.3	15.7	15.01	15.68	24258	15.48	300086	康芝药业	SZ	15.34	15.14	
599	2012-01-09	15.5	16.21	15.2	16.09	28675	15.99	300087	荃银高科	SZ	15.6	15.51	
599	2012-01-09	6.22	6.62	6.07	6.61	64615	3.31	300088	长信科技	SZ	6.22	3.11	
599	2012-01-09	9.49	9.89	9.47	9.87	16522	6.5	300089	长城集团	SZ	9.33	6.14	
599	2012-01-09	9.05	9.39	8.82	9.36	19003	9.33	300090	盛运股份	SZ	9.01	8.98	
599	2012-01-09	9.06	9.35	8.68	9.35	25634	9.25	300091	金通灵	SZ	9.03	8.94	
599	2012-01-09	12.01	12.65	11.88	12.63	5455	12.4	300092	科新机电	SZ	12.2	11.97	
599	2012-01-09	6.52	7	6.41	6.95	25857	6.91	300093	金刚玻璃	SZ	6.54	6.5	
599	2012-01-09	6.16	6.4	6.09	6.35	19826	6.35	300094	国联水产	SZ	6.12	6.12	
599	2012-01-09	9.2	9.51	9	9.46	7550	7.18	300095	华伍股份	SZ	9.15	6.94	
599	2012-01-09	11.54	12.03	11.22	12.02	28601	11.86	300096	易联众	SZ	11.53	11.37	
599	2012-01-09	6.55	6.89	6.44	6.82	8592	3.38	300097	智云股份	SZ	6.6	3.27	
599	2012-01-09	9.25	9.72	9.14	9.72	7215	4.79	300098	高新兴	SZ	9.22	4.54	
599	2012-01-09	11.85	11.93	11.56	11.85	13582	5.47	300099	尤洛卡	SZ	11.65	5.37	
599	2012-01-09	6.07	6.31	5.98	6.3	13442	2.86	300100	双林股份	SZ	6.09	2.76	
599	2012-01-09	13.25	13.59	12.68	13.52	36268	6.74	300101	国腾电子	SZ	13.34	6.65	
599	2012-01-09	12.54	13.22	12.24	13.19	32026	12.62	300102	乾照光电	SZ	12.55	12.01	
599	2012-01-09	9.17	9.62	9.16	9.62	1491	5.21	300103	达刚路机	SZ	9.23	5	
599	2012-01-09	7.84	8.08	7.65	8.04	145541	2.21	300104	乐视网	SZ	7.81	2.15	
599	2012-01-09	25.1	25.17	24.17	24.88	13638	13.73	300105	龙源技术	SZ	24.92	13.75	
599	2012-01-09	12.43	12.9	12.26	12.83	4135	12.75	300106	西部牧业	SZ	12.32	12.24	
599	2012-01-09	22.6	23.78	22.14	23.4	18546	11.64	300107	建新股份	SZ	22.34	11.11	
599	2012-01-09	8.18	8.5	7.9	8.49	11151	4.13	300108	双龙股份	SZ	8.25	4.01	
599	2012-01-09	10.38	10.83	10.1	10.83	6662	7.12	300109	新开源	SZ	10.39	6.83	
599	2012-01-09	4.88	5.09	4.82	5.09	16656	2.46	300110	华仁药业	SZ	4.86	2.34	
599	2012-01-09	5.13	5.35	4.97	5.34	20065	2.43	300111	向日葵	SZ	5.14	2.33	
599	2012-01-09	5.77	6.12	5.73	6.03	13146	3.96	300112	万讯自控	SZ	5.8	3.81	
599	2012-01-09	20.8	22.26	19.96	22.06	9198	21.74	300113	顺网科技	SZ	21.4	21.09	
599	2012-01-09	10.67	11.13	10.54	11.1	3827	8.44	300114	中航电测	SZ	10.67	8.12	
599	2012-01-09	6.15	6.56	6.11	6.5	9170	3.25	300116	坚瑞消防	SZ	6.18	3.09	
599	2012-01-09	6.65	7.02	6.56	6.98	19027	6.94	300117	嘉寓股份	SZ	6.7	6.66	
599	2012-01-09	7.14	7.57	7.01	7.54	79886	4.66	300118	东方日升	SZ	7.22	4.47	
599	2012-01-09	28.77	29.72	28.03	29.67	7754	11.06	300119	瑞普生物	SZ	28.77	10.72	
599	2012-01-09	6.27	6.73	6.2	6.72	11448	4.35	300120	经纬电材	SZ	6.32	4.09	
599	2012-01-09	9.04	9.28	8.77	9.28	2840	7.06	300121	阳谷华泰	SZ	8.91	6.78	
599	2012-01-09	25.86	26.19	24.58	26.1	5503	25.68	300122	智飞生物	SZ	26	25.58	
599	2012-01-09	11.8	12.4	11.67	12.35	11176	12.19	300123	太阳鸟	SZ	11.87	11.71	
599	2012-01-09	26.28	27.5	25.32	27.43	12707	14.99	300124	汇川技术	SZ	26.3	14.38	
599	2012-01-09	15.49	16.09	14.81	16.02	3864	15.99	300125	易世达	SZ	15.44	15.41	
599	2012-01-09	10.29	10.72	10.1	10.68	3798	10.15	300126	锐奇股份	SZ	10.22	9.71	
599	2012-01-09	49	52.48	48.64	51.44	65011	24.36	300127	银河磁体	SZ	49.44	23.41	
599	2012-01-09	5.59	5.87	5.51	5.84	14588	2.8	300128	锦富新材	SZ	5.55	2.66	
599	2012-01-09	5.17	5.43	5.08	5.41	45571	3.55	300129	泰胜风能	SZ	5.19	3.4	
599	2012-01-09	18.63	19.18	18	19	2837	18.83	300130	新国都	SZ	18.5	18.33	
599	2012-01-09	6.68	6.92	6.53	6.85	16431	3.34	300131	英唐智控	SZ	6.68	3.26	
599	2012-01-09	7.8	8.19	7.63	8.13	4355	4.94	300132	青松股份	SZ	7.97	4.84	
599	2012-01-09	11.27	11.79	11.2	11.77	52176	3.91	300133	华策影视	SZ	11.32	3.76	
599	2012-01-09	14.35	15.1	13.98	15.04	21980	15.04	300134	大富科技	SZ	14.34	14.34	
599	2012-01-09	3.58	3.94	3.53	3.94	89124	1.17	300135	宝利沥青	SZ	3.58	1.06	
599	2012-01-09	15.19	15.78	14.49	15.71	12136	15.6	300136	信维通信	SZ	15.15	15.05	
599	2012-01-09	12.05	12.7	12.01	12.67	103392	9.7	300137	先河环保	SZ	12.14	9.29	
599	2012-01-09	11.65	12.07	11.26	12.06	5588	5.88	300138	晨光生物	SZ	11.55	5.63	
599	2012-01-09	27.57	28.42	26.85	28.4	6317	13.91	300139	福星晓程	SZ	27.42	13.43	
599	2012-01-09	12.08	12.68	11.64	12.65	18188	12.48	300140	启源装备	SZ	12.14	11.98	
599	2012-01-09	8.31	9.21	8.19	9.21	26311	2.96	300141	和顺电气	SZ	8.37	2.69	
599	2012-01-09	33.06	33.74	32.38	33.71	10483	27.71	300142	沃森生物	SZ	32.67	26.86	
599	2012-01-09	11.77	12.28	11.59	12.26	20013	12.08	300143	星河生物	SZ	11.78	11.6	
599	2012-01-09	14.38	14.78	14.07	14.72	45291	9.57	300144	宋城股份	SZ	14.36	9.33	
599	2012-01-09	16.64	17.03	16.31	17.01	2614	16.79	300145	南方泵业	SZ	16.6	16.39	
599	2012-01-09	13.13	13.48	12.98	13.47	42082	2	300146	汤臣倍健	SZ	13.12	1.95	
599	2012-01-09	5.8	6.06	5.78	6.06	11525	3.73	300147	香雪制药	SZ	5.84	3.6	
599	2012-01-09	15.53	16.88	15.37	16.6	214852	7.01	300148	天舟文化	SZ	15.39	6.5	
599	2012-01-09	5.92	6.07	5.69	6.05	8460	3.98	300149	量子高科	SZ	5.8	3.82	
599	2012-01-09	9.9	10.61	9.9	10.53	3466	10.18	300151	昌红科技	SZ	10.04	9.71	
599	2012-01-09	8.43	9.02	8.43	9.02	20669	3.91	300152	燃控科技	SZ	8.59	3.72	
599	2012-01-09	10.19	10.8	10	10.72	37317	10.45	300153	科泰电源	SZ	10.3	10.04	
599	2012-01-09	12.79	14.23	12.55	14.23	96765	13.8	300155	安居宝	SZ	12.94	12.55	
599	2012-01-09	10.11	10.54	10	10.5	40616	5.75	300156	天立环保	SZ	10.19	5.59	
599	2012-01-09	10.85	11.16	10.48	11.05	18527	5.43	300157	恒泰艾普	SZ	10.85	5.33	
599	2012-01-09	11.9	11.9	10.81	11.68	34378	5.82	300158	振东制药	SZ	11.98	5.98	
599	2012-01-09	25.78	27.24	25.7	27	9634	6.55	300159	新研股份	SZ	26.18	6.35	
599	2012-01-09	13.01	13.72	12.93	13.7	5927	13.54	300161	华中数控	SZ	13.18	13.02	
599	2012-01-09	14.65	15.5	14.42	15.4	64489	14.99	300162	雷曼光电	SZ	14.6	14.21	
599	2012-01-09	14.8	15.5	14.55	15.41	1921	15.01	300163	先锋新材	SZ	14.8	14.42	
599	2012-01-09	8.7	8.95	8.44	8.89	11300	2.84	300164	通源石油	SZ	8.62	2.76	
599	2012-01-09	13.76	14.31	13.37	14.31	9085	10.62	300165	天瑞仪器	SZ	13.74	10.2	
599	2012-01-09	19.96	22.15	19.72	22.03	64927	7.26	300166	东方国信	SZ	20.15	6.64	
599	2012-01-09	5.21	5.55	5.03	5.5	6454	1.81	300167	迪威视讯	SZ	5.24	1.72	
599	2012-01-09	11.01	11.27	10.84	11.26	1580	5.57	300168	万达信息	SZ	11.01	5.44	
599	2012-01-09	8.93	9.1	8.43	9.02	13765	4.4	300169	天晟新材	SZ	8.77	4.28	
599	2012-01-09	10.62	10.73	10.2	10.7	20458	7.05	300170	汉得信息	SZ	10.47	6.9	
599	2012-01-09	26.17	27.27	25.71	26.92	5226	19.95	300171	东富龙	SZ	26.46	19.61	
599	2012-01-09	15.54	16.24	15.41	16.24	45732	9.41	300172	中电环保	SZ	15.52	8.99	
599	2012-01-09	8.29	8.58	8.16	8.56	5649	6.51	300173	松德股份	SZ	8.29	6.3	
599	2012-01-09	11.15	11.57	11.1	11.57	1342	5.61	300174	元力股份	SZ	11.24	5.45	
599	2012-01-09	3.67	3.9	3.63	3.9	39983	1.94	300175	朗源股份	SZ	3.72	1.86	
599	2012-01-09	8.67	9	8.65	8.98	2627	7.27	300176	鸿特精密	SZ	8.67	7.02	
599	2012-01-09	8.8	9.23	8.65	9.11	10650	4.52	300177	中海达	SZ	8.61	4.27	
599	2012-01-09	17.98	18.58	17.75	18.34	34518	18.01	300178	腾邦国际	SZ	17.94	17.62	
599	2012-01-09	6.88	7.17	6.58	7.13	4118	2.6	300179	四方达	SZ	6.81	2.48	
599	2012-01-09	10.56	11.18	10.41	11.14	6420	10.91	300180	华峰超纤	SZ	10.77	10.55	
599	2012-01-09	5.06	5.3	5.03	5.28	17345	1.27	300181	佐力药业	SZ	5.12	1.23	
599	2012-01-09	17.05	18.46	16.83	18.21	15874	9.03	300182	捷成股份	SZ	16.92	8.39	
599	2012-01-09	27.36	29.2	26.62	29.02	72178	12.62	300183	东软载波	SZ	28.07	12.21	
599	2012-01-09	13.71	14.23	13.5	14.22	3162	5.93	300184	力源信息	SZ	13.71	5.72	
599	2012-01-09	4.62	4.82	4.54	4.8	29369	1.81	300185	通裕重工	SZ	4.62	1.74	
599	2012-01-09	6.65	6.85	6.41	6.84	28365	3.01	300186	大华农	SZ	6.65	2.93	
599	2012-01-09	13	13.43	12.67	13.43	20263	4.43	300187	永清环保	SZ	13	4.29	
599	2012-01-09	2.76	2.87	2.74	2.86	59079	2.8	301	东方市场	SZ	2.74	2.68	
599	2012-01-09	3.65	3.77	3.61	3.76	47037	3.71	31	中粮地产	SZ	3.66	3.61	
599	2012-01-09	5.3	5.56	5.26	5.56	7039	5.46	32	深桑达Ａ	SZ	5.34	5.24	
599	2012-01-09	3.4	3.64	3.37	3.6	37314	3.6	33	新都酒店	SZ	3.42	3.42	
599	2012-01-09	25.83	26.57	25.42	26.52	76684	21.56	338	潍柴动力	SZ	25.79	20.97	
599	2012-01-09	3.48	3.76	3.44	3.76	13090	3.76	34	ST深泰	SZ	3.42	3.42	
599	2012-01-09	2.32	2.42	2.3	2.41	44590	2.41	36	华联控股	SZ	2.33	2.33	
599	2012-01-09	3.59	3.66	3.5	3.65	10075	3.65	37	深南电Ａ	SZ	3.52	3.52	
599	2012-01-09	12.3	13.1	12.25	13.07	165122	12.47	39	中集集团	SZ	12.3	11.74	
599	2012-01-09	7.4	7.75	7.36	7.7	5988	7.7	4	ST国农	SZ	7.36	7.36	
599	2012-01-09	3.3	3.45	3.29	3.44	13530	3.39	40	深 鸿 基	SZ	3.32	3.27	
599	2012-01-09	12.45	12.92	12.05	12.77	51480	9.73	400	许继电气	SZ	12.39	9.44	
599	2012-01-09	16.6	17.19	16.15	17.17	154495	16.98	401	冀东水泥	SZ	16.62	16.44	
599	2012-01-09	5.74	5.87	5.58	5.86	278997	5.65	402	金 融 街	SZ	5.73	5.53	
