563	2012-02-28	10.58	10.93	10.56	10.78	736226	6.58	1	深发展Ａ	SZ	10.57	6.46	
563	2012-02-28	2.46	2.53	2.36	2.39	4796871	2.26	100	TCL 集团	SZ	2.34	2.22	
563	2012-02-28	8.35	8.43	8.16	8.34	214040	8.34	11	深物业A	SZ	8.56	8.56	
563	2012-02-28	11.18	11.27	11.02	11.07	418304	10.37	12	南 玻Ａ	SZ	11.27	10.56	
563	2012-02-28	6.34	6.57	6.34	6.48	39642	6.45	14	沙河股份	SZ	6.45	6.42	
563	2012-02-28	3.98	4.05	3.9	3.98	23983	3.98	150	宜华地产	SZ	4.03	4.03	
563	2012-02-28	8.2	8.27	8.06	8.16	43755	8.1	151	中成股份	SZ	8.25	8.19	
563	2012-02-28	6.85	6.88	6.66	6.77	28387	6.7	153	丰原药业	SZ	6.88	6.81	
563	2012-02-28	5.08	5.09	4.98	5.03	31491	5.03	155	川化股份	SZ	5.11	5.11	
563	2012-02-28	9.69	9.72	9.5	9.66	516375	9.11	157	中联重科	SZ	9.71	9.16	
563	2012-02-28	4.42	4.48	4.32	4.46	43113	4.46	158	常山股份	SZ	4.45	4.45	
563	2012-02-28	10.24	10.38	10.01	10.19	101861	9.94	159	国际实业	SZ	10.35	10.09	
563	2012-02-28	3.79	3.8	3.64	3.7	174012	3.68	16	深康佳Ａ	SZ	3.82	3.8	
563	2012-02-28	7.2	7.28	7.03	7.26	110094	7.01	1696	宗申动力	SZ	7.22	6.97	
563	2012-02-28	3.42	3.48	3.35	3.47	46355	3.47	17	*ST中华A	SZ	3.44	3.44	
563	2012-02-28	6.89	6.89	6.89	6.89	5873	6.89	18	ST中冠A	SZ	6.56	6.56	
563	2012-02-28	5.75	5.78	5.53	5.66	55885	5.66	1896	*ST豫能	SZ	5.8	5.8	
563	2012-02-28	8.66	8.75	8.41	8.63	12973	8.42	19	深深宝Ａ	SZ	8.75	8.53	
563	2012-02-28	8.6	8.65	8.48	8.52	695485	7.9	2	万 科Ａ	SZ	8.58	7.96	
563	2012-02-28	6.3	6.33	6.2	6.27	10437	6.27	20	深华发Ａ	SZ	6.34	6.34	
563	2012-02-28	22.44	22.8	22.08	22.23	33718	21.14	2001	新 和 成	SZ	22.5	21.39	
563	2012-02-28	17.2	17.22	16.89	16.96	29817	11.07	2003	伟星股份	SZ	17.33	11.31	
563	2012-02-28	12.19	12.28	11.93	12.03	6973	3.81	2004	华邦制药	SZ	12.17	3.85	
563	2012-02-28	9.75	9.85	9.61	9.73	285499	4.82	2005	德豪润达	SZ	9.72	4.81	
563	2012-02-28	18.38	18.79	18.2	18.53	154423	12.28	2006	精功科技	SZ	18.44	12.22	
563	2012-02-28	25.65	25.65	24.9	24.99	86862	24.79	2007	华兰生物	SZ	25.9	25.7	
563	2012-02-28	8.27	8.5	8.2	8.35	482557	8.03	2008	大族激光	SZ	8.3	7.98	
563	2012-02-28	8.89	8.98	8.75	8.9	70428	8.87	2009	天奇股份	SZ	9.02	8.99	
563	2012-02-28	10.63	10.63	10.21	10.37	86165	10.19	2011	盾安环境	SZ	10.67	10.49	
563	2012-02-28	6.64	6.83	6.59	6.8	94482	3.28	2012	凯恩股份	SZ	6.62	3.19	
563	2012-02-28	12.95	13.03	12.37	12.62	62560	9.66	2013	中航精机	SZ	13.05	9.99	
563	2012-02-28	9.53	9.73	9.53	9.63	55021	6.05	2014	永新股份	SZ	9.6	6.03	
563	2012-02-28	9.45	9.66	9.24	9.53	42997	9.53	2015	霞客环保	SZ	9.51	9.51	
563	2012-02-28	4.79	5.26	4.71	5.06	98859	3.56	2016	世荣兆业	SZ	4.82	3.39	
563	2012-02-28	13.82	13.9	13.35	13.56	67754	13.51	2017	东信和平	SZ	13.95	13.89	
563	2012-02-28	4.03	4.04	3.92	3.96	62342	2.69	2018	华星化工	SZ	4.06	2.75	
563	2012-02-28	11.42	11.59	10.64	10.9	203274	10.9	2019	鑫富药业	SZ	11.7	11.7	
563	2012-02-28	7.47	7.47	7.12	7.22	44734	3.48	2020	京新药业	SZ	7.47	3.6	
563	2012-02-28	3.69	3.71	3.59	3.65	103752	2.78	2021	中捷股份	SZ	3.72	2.83	
563	2012-02-28	11.29	11.32	11.02	11.1	99950	10.41	2022	科华生物	SZ	11.28	10.58	
563	2012-02-28	9.35	9.36	9.03	9.13	41363	8.94	2023	海特高新	SZ	9.3	9.1	
563	2012-02-28	9.3	9.33	9.13	9.25	630731	9.05	2024	苏宁电器	SZ	9.33	9.13	
563	2012-02-28	13.5	13.76	13.49	13.5	69397	13.24	2025	航天电器	SZ	13.67	13.41	
563	2012-02-28	7.67	7.67	7.15	7.21	92029	5.43	2026	山东威达	SZ	7.77	5.85	
563	2012-02-28	4.55	4.56	4.44	4.48	19315	4.48	2027	七喜控股	SZ	4.56	4.56	
563	2012-02-28	14.04	14.35	13.85	14.03	52367	13.86	2028	思源电气	SZ	14.05	13.88	
563	2012-02-28	16.44	16.66	16	16.44	20598	7.17	2029	七 匹 狼	SZ	16.52	7.2	
563	2012-02-28	6.96	7.02	6.82	6.89	88049	5.2	2030	达安基因	SZ	6.98	5.27	
563	2012-02-28	6.58	6.59	6.37	6.46	29543	6.37	2031	巨轮股份	SZ	6.58	6.48	
563	2012-02-28	14.86	14.89	14.45	14.69	17758	12.81	2032	苏 泊 尔	SZ	14.95	13.03	
563	2012-02-28	16.15	16.15	15.88	16.05	11639	12.01	2033	丽江旅游	SZ	16.23	12.15	
563	2012-02-28	17.35	17.43	16.98	17.25	28043	16.51	2034	美 欣 达	SZ	17.49	16.74	
563	2012-02-28	9.93	10.15	9.88	10.13	60576	7.28	2035	华帝股份	SZ	10.08	7.24	
563	2012-02-28	14.21	14.51	14.16	14.33	37006	14.19	2036	宜科科技	SZ	14.28	14.14	
563	2012-02-28	23.76	23.9	23.31	23.51	47390	19.38	2038	双鹭药业	SZ	23.83	19.65	
563	2012-02-28	15.03	15.56	14.95	15.46	35615	15.33	2039	黔源电力	SZ	15.01	14.89	
563	2012-02-28	5.95	5.99	5.89	5.96	7215	5.9	2040	南 京 港	SZ	5.98	5.92	
563	2012-02-28	28.3	30.85	28.21	30	175678	29.76	2041	登海种业	SZ	28.4	28.18	
563	2012-02-28	6.37	6.39	6.27	6.35	120979	4.15	2042	华孚色纺	SZ	6.4	4.19	
563	2012-02-28	3.67	3.68	3.59	3.63	43633	1.77	2043	兔 宝 宝	SZ	3.69	1.8	
563	2012-02-28	9.66	10.03	9.6	9.67	69178	9.32	2044	江苏三友	SZ	9.54	9.19	
563	2012-02-28	6.2	6.2	5.97	6.04	123733	5.79	2045	广州国光	SZ	6.22	5.96	
563	2012-02-28	8.56	8.57	8.31	8.45	30480	4.15	2046	轴研科技	SZ	8.56	4.21	
563	2012-02-28	3.43	3.46	3.34	3.38	44495	3.38	2047	成霖股份	SZ	3.46	3.46	
563	2012-02-28	8.63	8.73	8.5	8.66	64800	8.53	2048	宁波华翔	SZ	8.62	8.49	
563	2012-02-28	19.6	19.84	19.35	19.7	16652	19.55	2049	晶源电子	SZ	19.41	19.26	
563	2012-02-28	13.45	13.75	13.38	13.7	19136	6.56	2050	三花股份	SZ	13.5	6.47	
563	2012-02-28	4.8	4.8	4.6	4.72	73676	2.34	2052	同洲电子	SZ	4.79	2.37	
563	2012-02-28	10.64	10.68	10.38	10.68	14800	10.63	2053	云南盐化	SZ	10.71	10.66	
563	2012-02-28	9.35	9.39	9.17	9.24	25870	8.98	2054	德美化工	SZ	9.4	9.13	
563	2012-02-28	9.76	9.89	9.31	9.44	111638	4.65	2055	得润电子	SZ	9.9	4.88	
563	2012-02-28	19.3	19.35	18.7	19.17	64713	19.15	2056	横店东磁	SZ	19.47	19.45	
563	2012-02-28	17.7	18.23	17.6	17.82	36127	17.82	2057	中钢天源	SZ	17.82	17.82	
563	2012-02-28	8.17	8.17	7.81	7.81	64211	6.71	2058	威 尔 泰	SZ	8.24	7.08	
563	2012-02-28	10.66	10.7	10.47	10.55	32984	10.45	2059	云南旅游	SZ	10.79	10.69	
563	2012-02-28	5.92	6.35	5.91	6.22	241338	4.28	2060	粤 水 电	SZ	5.97	4.11	
563	2012-02-28	6.17	6.19	5.93	5.99	71282	3.94	2061	江山化工	SZ	6.17	4.06	
563	2012-02-28	5.8	5.8	5.58	5.65	67280	3.07	2062	宏润建设	SZ	5.82	3.16	
563	2012-02-28	12.92	13.03	12.35	12.39	138147	9.29	2063	远光软件	SZ	13.14	9.85	
563	2012-02-28	5.89	5.95	5.76	5.8	53872	5.73	2064	华峰氨纶	SZ	5.95	5.87	
563	2012-02-28	16.22	16.34	15.63	15.95	35748	12.03	2065	东华软件	SZ	16.27	12.27	
563	2012-02-28	6.41	6.44	6.3	6.37	19629	3.09	2066	瑞泰科技	SZ	6.45	3.14	
563	2012-02-28	3.24	3.38	3.21	3.34	244484	1.67	2067	景兴纸业	SZ	3.25	1.62	
563	2012-02-28	6.79	7.5	6.77	7.24	372077	7.09	2068	黑猫股份	SZ	6.82	6.68	
563	2012-02-28	25.16	25.75	25.06	25.5	36424	24.5	2069	獐 子 岛	SZ	25.19	24.2	
563	2012-02-28	3.5	3.51	3.42	3.46	38700	2.04	2070	众和股份	SZ	3.51	2.07	
563	2012-02-28	9.21	9.25	9	9.12	40203	9.08	2071	江苏宏宝	SZ	9.25	9.21	
563	2012-02-28	7.26	7.29	6.93	7.05	20725	7.05	2072	*ST德棉	SZ	7.29	7.29	
563	2012-02-28	15.28	15.45	14.95	15	151152	14.93	2073	软控股份	SZ	15.35	15.28	
563	2012-02-28	7.11	7.14	6.92	7.01	126305	6.88	2074	东源电器	SZ	7.13	7	
563	2012-02-28	7.98	8.01	7.77	7.86	26288	7.6	2076	雪 莱 特	SZ	8.02	7.75	
563	2012-02-28	7.65	7.68	7.41	7.55	22330	7.46	2077	大港股份	SZ	7.69	7.6	
563	2012-02-28	7.9	7.9	7.58	7.63	112101	7.36	2078	太阳纸业	SZ	7.94	7.66	
563	2012-02-28	6.53	6.6	6.29	6.41	71765	3.51	2079	苏州固锝	SZ	6.58	3.61	
563	2012-02-28	12.66	12.69	12.28	12.35	49431	12.06	2080	中材科技	SZ	12.73	12.43	
563	2012-02-28	18.64	18.93	18.07	18.31	91049	8.02	2081	金 螳 螂	SZ	19.02	8.33	
563	2012-02-28	10.32	10.34	10.08	10.18	31704	9.83	2082	栋梁新材	SZ	10.35	9.99	
563	2012-02-28	5.9	5.94	5.78	5.85	91604	5.78	2083	孚日股份	SZ	5.96	5.88	
563	2012-02-28	4.2	4.2	4.05	4.11	27183	3.28	2084	海鸥卫浴	SZ	4.22	3.37	
563	2012-02-28	9.39	9.39	9.17	9.24	18365	8.56	2085	万丰奥威	SZ	9.41	8.71	
563	2012-02-28	13.2	13.4	12.87	13.32	73177	13.12	2086	东方海洋	SZ	13.28	13.08	
563	2012-02-28	3.97	4.04	3.92	3.98	89284	3.94	2087	新野纺织	SZ	3.99	3.95	
563	2012-02-28	12.05	12.05	11.69	11.98	49797	11.72	2088	鲁阳股份	SZ	11.98	11.72	
563	2012-02-28	9.42	9.51	9.2	9.31	73381	7.59	2089	新 海 宜	SZ	9.5	7.74	
563	2012-02-28	9.2	9.25	8.93	9.01	33461	8.86	2090	金智科技	SZ	9.27	9.11	
563	2012-02-28	14.22	14.3	13.71	13.89	68084	13.61	2091	江苏国泰	SZ	14.33	14.04	
563	2012-02-28	10.45	10.78	10.32	10.5	353801	10.04	2092	中泰化学	SZ	10.51	10.05	
563	2012-02-28	7.42	7.68	7.29	7.57	345443	7.56	2093	国脉科技	SZ	7.44	7.43	
563	2012-02-28	10.38	10.43	10.13	10.39	76619	10.39	2094	青岛金王	SZ	10.46	10.46	
563	2012-02-28	14.32	14.49	13.91	14.14	28494	13.98	2095	生 意 宝	SZ	14.52	14.35	
563	2012-02-28	12.86	12.94	12.5	12.8	24211	6.32	2096	南岭民爆	SZ	12.9	6.37	
563	2012-02-28	9.81	9.85	9.56	9.75	65258	9.66	2097	山河智能	SZ	9.9	9.81	
563	2012-02-28	9.8	9.85	9.45	9.49	29698	9.05	2098	浔兴股份	SZ	9.85	9.4	
563	2012-02-28	10	10.08	9.65	9.75	40461	4.75	2099	海翔药业	SZ	10.09	4.92	
563	2012-02-28	6.21	6.32	6.14	6.28	132993	6.16	21	长城开发	SZ	6.21	6.09	
563	2012-02-28	7.8	7.85	7.55	7.81	49772	5.9	2100	天康生物	SZ	7.82	5.91	
563	2012-02-28	12	12.14	11.76	12.1	26887	11.85	2101	广东鸿图	SZ	12.21	11.95	
563	2012-02-28	6.87	6.98	6.77	6.84	192574	6.84	2102	冠福家用	SZ	7	7	
563	2012-02-28	6.39	6.4	6.23	6.32	9410	6.17	2103	广博股份	SZ	6.4	6.25	
563	2012-02-28	9.46	9.55	9.21	9.36	68733	9.25	2104	恒宝股份	SZ	9.46	9.35	
563	2012-02-28	5.23	5.24	5.12	5.13	11335	4.93	2105	信隆实业	SZ	5.23	5.03	
563	2012-02-28	20.35	20.48	19.81	20	139641	19.7	2106	莱宝高科	SZ	20.55	20.25	
563	2012-02-28	10.8	10.8	10.4	10.62	15622	10.62	2107	沃华医药	SZ	10.87	10.87	
563	2012-02-28	8.39	8.5	8.23	8.34	30538	8.11	2108	沧州明珠	SZ	8.41	8.18	
563	2012-02-28	9.21	9.33	9	9.15	78799	8.83	2109	兴化股份	SZ	9.32	9	
563	2012-02-28	8.05	8.27	7.94	8.21	41049	8.2	2110	三钢闽光	SZ	8.12	8.11	
563	2012-02-28	8.76	8.79	8.5	8.63	58021	8.49	2111	威海广泰	SZ	8.79	8.64	
563	2012-02-28	7.69	7.76	7.59	7.61	7045	7.61	2113	ST天润	SZ	7.69	7.69	
563	2012-02-28	13.5	13.85	13.3	13.67	96429	13.67	2114	罗平锌电	SZ	13.91	13.91	
563	2012-02-28	7.45	7.56	7.19	7.3	87730	3.93	2115	三维通信	SZ	7.46	4.01	
563	2012-02-28	10.31	10.34	10.13	10.17	8081	5.42	2116	中国海诚	SZ	10.34	5.51	
563	2012-02-28	12.47	12.72	12.46	12.54	24661	7.36	2117	东港股份	SZ	12.58	7.39	
563	2012-02-28	13.26	13.26	12.41	12.64	262330	12.64	2118	紫鑫药业	SZ	13.35	13.35	
563	2012-02-28	8.33	8.41	8.16	8.37	51189	8.32	2119	康强电子	SZ	8.41	8.36	
563	2012-02-28	7.81	8.6	7.7	8.21	92130	8.08	2120	新海股份	SZ	7.98	7.85	
563	2012-02-28	10.05	10.14	9.82	9.93	46579	9.86	2121	科陆电子	SZ	10.14	10.07	
563	2012-02-28	7.84	7.87	7.67	7.85	99766	7.61	2122	天马股份	SZ	7.88	7.64	
563	2012-02-28	17.56	18.05	17.55	17.84	64672	17.84	2123	荣信股份	SZ	17.55	17.55	
563	2012-02-28	7.45	7.63	7.3	7.58	25369	7.4	2124	天邦股份	SZ	7.46	7.28	
563	2012-02-28	10.55	10.56	10.32	10.43	9165	6.49	2125	湘潭电化	SZ	10.61	6.61	
563	2012-02-28	5.75	6.05	5.69	5.99	113821	5.96	2127	新民科技	SZ	5.9	5.87	
563	2012-02-28	15.84	15.95	15.51	15.76	53261	15.02	2128	露天煤业	SZ	15.88	15.14	
563	2012-02-28	13.8	13.93	13.43	13.59	89599	13.58	2129	中环股份	SZ	13.94	13.93	
563	2012-02-28	7.95	8.1	7.81	8.1	172110	4.09	2130	沃尔核材	SZ	8.05	4.07	
563	2012-02-28	13.1	13.88	12.96	13.57	83682	13.5	2131	利欧股份	SZ	13.15	13.08	
563	2012-02-28	8.15	8.18	7.94	8.09	143702	8	2132	恒星科技	SZ	8.19	8.1	
563	2012-02-28	4.57	4.63	4.45	4.56	145816	3.59	2133	广宇集团	SZ	4.58	3.61	
563	2012-02-28	6.95	6.95	6.71	6.79	34503	6.79	2134	天津普林	SZ	7	7	
563	2012-02-28	4.89	4.9	4.78	4.83	20289	2.66	2135	东南网架	SZ	4.91	2.71	
563	2012-02-28	17.81	18.3	17.53	17.77	201544	17.65	2136	安 纳 达	SZ	17.93	17.81	
563	2012-02-28	5.16	5.19	4.97	5.02	35314	3.66	2137	实 益 达	SZ	5.15	3.75	
563	2012-02-28	10.8	10.92	10.6	10.76	32044	7	2138	顺络电子	SZ	10.93	7.12	
563	2012-02-28	10.82	11	10.45	10.85	67595	9.51	2139	拓邦股份	SZ	10.89	9.54	
563	2012-02-28	22.84	23	21.92	22.22	18262	22.07	2140	东华科技	SZ	22.84	22.68	
563	2012-02-28	6.69	6.75	6.46	6.63	39814	6.63	2141	蓉胜超微	SZ	6.75	6.75	
563	2012-02-28	10.09	10.29	10.06	10.2	264748	9.76	2142	宁波银行	SZ	10.1	9.66	
563	2012-02-28	7.24	7.48	6.69	7.14	39856	5.42	2143	高金食品	SZ	7.13	5.41	
563	2012-02-28	13.06	13.15	12.82	13.13	15200	12.85	2144	宏达高科	SZ	13.06	12.78	
563	2012-02-28	9.63	9.97	9.6	9.88	91740	9.71	2146	荣盛发展	SZ	9.7	9.53	
563	2012-02-28	9.5	9.52	9.2	9.27	39416	8.97	2147	方圆支承	SZ	9.53	9.22	
563	2012-02-28	11.6	12.18	11.56	11.98	239379	5.89	2148	北纬通信	SZ	11.74	5.77	
563	2012-02-28	15.01	15.2	14.63	14.79	37120	14.73	2149	西部材料	SZ	15.32	15.25	
563	2012-02-28	6.86	6.9	6.7	6.81	18741	6.58	2150	江苏通润	SZ	6.93	6.7	
563	2012-02-28	23.42	23.48	22.92	23.15	40366	19.17	2151	北斗星通	SZ	23.65	19.58	
563	2012-02-28	13.24	13.67	13.22	13.36	68185	7.74	2152	广电运通	SZ	13.33	7.72	
563	2012-02-28	27.11	27.7	26.56	27.1	7480	26.74	2153	石基信息	SZ	27.5	27.13	
563	2012-02-28	12.68	12.76	12.2	12.53	27655	12.11	2154	报 喜 鸟	SZ	12.62	12.19	
563	2012-02-28	14.59	14.7	14.41	14.55	180590	7.87	2155	辰州矿业	SZ	14.73	7.96	
563	2012-02-28	6.25	6.33	6.18	6.24	53937	6.19	2156	通富微电	SZ	6.3	6.25	
563	2012-02-28	10.35	10.52	10.08	10.18	50409	10.01	2157	正邦科技	SZ	10.5	10.33	
563	2012-02-28	12.65	12.77	12.33	12.45	38984	10.74	2158	汉钟精机	SZ	12.65	10.91	
563	2012-02-28	14.81	15.27	14.7	15.21	24305	15.12	2159	三特索道	SZ	14.87	14.78	
563	2012-02-28	9.75	9.86	9.62	9.68	168010	4.77	2161	远 望 谷	SZ	9.9	4.88	
563	2012-02-28	7.09	7.32	7.02	7.25	55991	7.25	2162	斯 米 克	SZ	7.18	7.18	
563	2012-02-28	5.31	5.33	5.1	5.18	100570	5.13	2163	中航三鑫	SZ	5.34	5.29	
563	2012-02-28	7.68	7.74	7.43	7.49	177529	7.45	2164	东力传动	SZ	7.74	7.7	
563	2012-02-28	6.5	6.57	6.37	6.45	53638	3.48	2165	红 宝 丽	SZ	6.59	3.56	
563	2012-02-28	16.69	16.8	16.22	16.46	35909	16.46	2166	莱茵生物	SZ	16.82	16.82	
563	2012-02-28	17.77	17.97	17.58	17.91	66164	8.91	2167	东方锆业	SZ	17.93	8.92	
563	2012-02-28	9.81	9.88	9.5	9.66	107196	8.2	2168	深圳惠程	SZ	9.91	8.42	
563	2012-02-28	7.29	7.45	7.12	7.32	115473	7.32	2169	智光电气	SZ	7.25	7.25	
563	2012-02-28	4.74	4.78	4.62	4.71	56532	2.53	2170	芭田股份	SZ	4.78	2.57	
563	2012-02-28	13.14	13.26	12.95	13.13	56177	13.11	2171	精诚铜业	SZ	13.32	13.3	
562	2012-02-28	4.5	4.51	4.34	4.41	67506	4.41	2172	澳洋科技	SZ	4.53	4.53	
563	2012-02-28	9.91	10.25	9.67	10.13	56270	10.07	2173	山 下 湖	SZ	9.95	9.9	
563	2012-02-28	12.56	12.63	12.3	12.52	18672	12.51	2174	梅 花 伞	SZ	12.63	12.62	
563	2012-02-28	11.25	11.28	11.02	11.18	9285	11.07	2175	广陆数测	SZ	11.25	11.14	
563	2012-02-28	9.3	9.3	8.94	9.14	81000	4.55	2176	江特电机	SZ	9.34	4.65	
563	2012-02-28	5.75	5.78	5.59	5.59	289002	2.5	2177	御银股份	SZ	5.77	2.58	
563	2012-02-28	9.76	9.9	9.5	9.86	38335	9.82	2178	延华智能	SZ	9.71	9.67	
563	2012-02-28	17.01	17.48	16.89	17.12	33835	16.9	2179	中航光电	SZ	17.07	16.85	
563	2012-02-28	14.69	14.74	13.9	14.2	39818	14.04	2180	万 力 达	SZ	14.86	14.69	
563	2012-02-28	11.71	11.88	11.63	11.75	24892	11.63	2181	粤 传 媒	SZ	11.85	11.73	
563	2012-02-28	12.46	12.52	12.18	12.22	116510	12.08	2182	云海金属	SZ	12.57	12.43	
563	2012-02-28	5.88	5.88	5.73	5.78	73931	5.68	2183	怡 亚 通	SZ	5.93	5.83	
563	2012-02-28	7.6	7.63	7.36	7.43	25977	7.31	2184	海得控制	SZ	7.64	7.51	
563	2012-02-28	5.11	5.32	5.09	5.29	165525	3.23	2185	华天科技	SZ	5.17	3.16	
563	2012-02-28	15.1	15.52	15.01	15.35	21991	7.22	2186	全 聚 德	SZ	15.15	7.13	
563	2012-02-28	10.68	10.77	10.48	10.61	15800	8.47	2187	广百股份	SZ	10.67	8.51	
563	2012-02-28	9.02	9.09	8.85	8.91	13698	8.91	2188	新 嘉 联	SZ	9.09	9.09	
563	2012-02-28	10.92	10.92	10.56	10.6	32143	10.58	2189	利达光电	SZ	10.96	10.94	
563	2012-02-28	17.96	18.37	17.85	18.34	43213	13.92	2190	成飞集成	SZ	18.08	13.72	
563	2012-02-28	10.89	10.94	10.56	10.65	70595	10.45	2191	劲嘉股份	SZ	10.97	10.76	
563	2012-02-28	16.93	16.95	16.5	16.63	22553	16.63	2192	路翔股份	SZ	17.05	17.05	
563	2012-02-28	10.8	10.9	10.5	10.54	32299	10.54	2193	山东如意	SZ	10.75	10.75	
563	2012-02-28	8.63	8.71	8.45	8.55	49786	8.16	2194	武汉凡谷	SZ	8.72	8.32	
562	2012-02-28	18.4	18.67	18	18.25	31473	17.97	2195	海隆软件	SZ	18.5	18.22	
562	2012-02-28	13.59	13.64	13.21	13.38	4547	12.98	2196	方正电机	SZ	13.61	13.2	
563	2012-02-28	11.15	11.25	10.81	10.92	31665	10.74	2197	证通电子	SZ	11.2	11.01	
562	2012-02-28	8.79	9.15	8.46	9.1	94640	5.99	2199	东晶电子	SZ	8.87	5.84	
563	2012-02-28	10.44	10.64	10.42	10.53	23459	9.86	22	深赤湾Ａ	SZ	10.48	9.82	
562	2012-02-28	13.14	13.38	12.66	12.91	66776	12.91	2200	绿 大 地	SZ	12.9	12.9	
562	2012-02-28	8.48	8.79	8.28	8.73	45887	8.72	2201	九鼎新材	SZ	8.52	8.51	
562	2012-02-28	8.97	9.02	8.79	8.9	303513	8.76	2202	金风科技	SZ	9.01	8.86	
562	2012-02-28	7.8	7.81	7.53	7.61	60375	4.95	2203	海亮股份	SZ	7.79	5.06	
562	2012-02-28	12.89	13.27	12.79	13.24	65246	5.75	2204	华锐铸钢	SZ	12.89	5.59	
562	2012-02-28	16.16	17.29	16.11	16.82	75515	16.68	2205	国统股份	SZ	16.15	16.02	
562	2012-02-28	9.45	9.45	9.1	9.2	43551	8.34	2206	海 利 得	SZ	9.54	8.65	
562	2012-02-28	15.68	15.74	15.21	15.37	33861	15.25	2207	准油股份	SZ	15.71	15.59	
562	2012-02-28	7.76	7.88	7.52	7.68	91913	7.42	2208	合肥城建	SZ	7.9	7.63	
562	2012-02-28	8.31	8.36	8	8.11	22786	8.03	2209	达 意 隆	SZ	8.37	8.29	
562	2012-02-28	5.44	5.62	5.3	5.62	40156	4.23	2210	飞马国际	SZ	5.45	4.11	
562	2012-02-28	8.05	8.07	7.7	7.86	45145	7.86	2211	宏达新材	SZ	7.92	7.92	
562	2012-02-28	6.7	6.73	6.54	6.62	46619	6.46	2212	南洋股份	SZ	6.74	6.58	
562	2012-02-28	8.86	8.97	8.74	8.88	21151	8.78	2213	特 尔 佳	SZ	8.97	8.86	
562	2012-02-28	6.63	6.65	6.4	6.49	91430	4.19	2215	诺 普 信	SZ	6.68	4.31	
562	2012-02-28	14.3	14.6	14.21	14.39	12071	7.05	2216	三全食品	SZ	14.36	7.04	
562	2012-02-28	6.42	6.45	6.27	6.37	48037	4.18	2217	联合化工	SZ	6.47	4.25	
563	2012-02-28	12	12.05	11.7	11.86	104243	11.86	2218	拓日新能	SZ	12.11	12.11	
563	2012-02-28	9.96	10.11	9.9	10.02	29612	6.2	2219	独 一 味	SZ	9.96	6.16	
563	2012-02-28	8.85	8.94	8.81	8.93	11366	4.34	2220	天宝股份	SZ	8.88	4.31	
563	2012-02-28	4.71	4.79	4.61	4.7	73463	2.32	2221	东华能源	SZ	4.66	2.3	
563	2012-02-28	7.7	7.78	7.46	7.56	34580	7.35	2222	福晶科技	SZ	7.73	7.52	
563	2012-02-28	15.5	15.62	15.08	15.28	66468	11.64	2223	鱼跃医疗	SZ	15.65	11.92	
563	2012-02-28	5.93	5.99	5.77	5.86	20006	3.8	2224	三 力 士	SZ	5.95	3.86	
563	2012-02-28	10.87	10.92	10.53	10.73	88520	10.61	2225	濮耐股份	SZ	10.95	10.83	
563	2012-02-28	13.44	13.52	13.05	13.22	61269	12.73	2226	江南化工	SZ	13.52	13.01	
563	2012-02-28	23.7	23.7	22.72	23.12	18057	22.93	2227	奥 特 迅	SZ	23.72	23.52	
563	2012-02-28	6.35	6.35	6.14	6.18	23193	5.98	2228	合兴包装	SZ	6.4	6.2	
563	2012-02-28	9.21	9.24	8.82	8.93	76105	4.54	2229	鸿博股份	SZ	9.29	4.73	
563	2012-02-28	25.72	26.33	25.61	26	79626	10.01	2230	科大讯飞	SZ	25.72	9.9	
563	2012-02-28	7.93	8.26	7.87	8.08	65841	3.85	2231	奥维通信	SZ	8	3.82	
563	2012-02-28	8.45	8.48	8.33	8.42	47891	8.41	2232	启明信息	SZ	8.53	8.52	
563	2012-02-28	11.24	11.38	11.05	11.3	259767	10.98	2233	塔牌集团	SZ	11.27	10.95	
563	2012-02-28	15.62	15.93	15.16	15.68	49410	7.35	2234	民和股份	SZ	15.62	7.33	
563	2012-02-28	10.39	10.68	10.23	10.58	19061	10.25	2235	安妮股份	SZ	10.49	10.16	
563	2012-02-28	11.92	11.93	11.65	11.71	36327	2.87	2236	大华股份	SZ	11.97	2.93	
563	2012-02-28	18.85	18.85	18.4	18.57	41875	9.15	2237	恒邦股份	SZ	18.91	9.32	
563	2012-02-28	17.65	17.65	17	17.25	42882	17.02	2238	天威视讯	SZ	17.66	17.43	
563	2012-02-28	7.75	7.79	7.53	7.67	29544	7.64	2239	金 飞 达	SZ	7.8	7.77	
562	2012-02-28	4.93	4.97	4.73	4.8	43536	4.8	2240	威华股份	SZ	4.93	4.93	
563	2012-02-28	14.89	15.06	14.69	14.77	43736	8.1	2241	歌尔声学	SZ	14.99	8.23	
563	2012-02-28	9.1	9.18	8.94	9.06	65988	8.01	2242	九阳股份	SZ	9.06	8.01	
563	2012-02-28	10.45	10.52	9.95	10.1	72385	9.96	2243	通产丽星	SZ	10.65	10.5	
563	2012-02-28	8.8	8.9	8.69	8.85	48963	8.72	2244	滨江集团	SZ	8.78	8.65	
563	2012-02-28	6.2	6.24	6.07	6.14	24292	6.04	2245	澳洋顺昌	SZ	6.24	6.14	
563	2012-02-28	10.45	10.57	10.32	10.4	10744	10.32	2246	北化股份	SZ	10.58	10.5	
563	2012-02-28	6.68	6.73	6.5	6.65	13403	3.2	2247	帝龙新材	SZ	6.68	3.22	
563	2012-02-28	12.1	12.12	11.77	11.99	55210	11.94	2248	华东数控	SZ	12.16	12.11	
563	2012-02-28	10.67	10.67	10.33	10.45	87942	6.64	2249	大洋电机	SZ	10.72	6.8	
563	2012-02-28	15.5	15.62	15.15	15.41	13507	11.74	2250	联化科技	SZ	15.58	11.87	
563	2012-02-28	12.67	12.74	12.51	12.68	15924	6.38	2251	步 步 高	SZ	12.7	6.39	
563	2012-02-28	13.92	13.96	13.71	13.87	23396	7.68	2252	上海莱士	SZ	13.92	7.7	
563	2012-02-28	15.44	15.44	14.94	15.09	19638	9.18	2253	川大智胜	SZ	15.46	9.4	
563	2012-02-28	10.28	10.28	9.98	10.04	70651	7.52	2254	烟台氨纶	SZ	10.28	7.7	
563	2012-02-28	15.15	15.43	14.95	15.11	10503	7.48	2255	海陆重工	SZ	15.15	7.49	
563	2012-02-28	7.89	7.92	7.55	7.62	118562	6.29	2256	彩虹精化	SZ	7.92	6.53	
563	2012-02-28	10.81	10.86	10.52	10.73	11964	10.65	2258	利尔化学	SZ	10.91	10.83	
563	2012-02-28	3.6	3.62	3.49	3.56	206657	3.56	2259	升达林业	SZ	3.64	3.64	
563	2012-02-28	6.72	6.83	6.66	6.76	22053	6.59	2260	伊 立 浦	SZ	6.81	6.64	
563	2012-02-28	16.98	17.46	16.62	17.14	150874	13.13	2261	拓维信息	SZ	17.19	13.17	
563	2012-02-28	15.49	15.58	15.34	15.4	3510	12.25	2262	恩华药业	SZ	15.61	12.42	
563	2012-02-28	5.58	5.67	5.49	5.6	126315	4.6	2263	大 东 南	SZ	5.68	4.66	
563	2012-02-28	7.61	7.85	7.58	7.83	138611	5.12	2264	新 华 都	SZ	7.65	5.01	
563	2012-02-28	6.9	6.91	6.66	6.9	12935	6.9	2265	西仪股份	SZ	6.91	6.91	
563	2012-02-28	4.21	4.32	4.15	4.23	172508	1.02	2266	浙富股份	SZ	4.21	1.01	
563	2012-02-28	8.22	8.28	8.06	8.24	47091	3.95	2267	陕天然气	SZ	8.22	3.94	
563	2012-02-28	16.52	16.62	16.26	16.3	39424	16.23	2268	卫 士 通	SZ	16.65	16.58	
563	2012-02-28	25.54	25.55	24.51	24.77	11434	22.76	2269	美邦服饰	SZ	25.54	23.47	
563	2012-02-28	7.2	7.23	7.01	7.12	46484	5.38	2270	法因数控	SZ	7.25	5.47	
563	2012-02-28	12.47	12.52	12.1	12.33	61134	12.04	2271	东方雨虹	SZ	12.5	12.21	
563	2012-02-28	7.2	7.34	7.14	7.24	142069	3.58	2272	川润股份	SZ	7.3	3.61	
563	2012-02-28	10.85	10.85	10.6	10.73	45111	3.39	2273	水晶光电	SZ	10.85	3.43	
563	2012-02-28	13.48	13.57	13.3	13.33	10712	12.2	2275	桂林三金	SZ	13.54	12.4	
563	2012-02-28	6.54	6.77	6.5	6.56	330043	3.56	2276	万马电缆	SZ	6.37	3.46	
563	2012-02-28	11.6	11.66	11.09	11.34	115970	6.92	2277	友阿股份	SZ	11.6	7.08	
563	2012-02-28	9.68	9.81	9.5	9.65	19804	8.53	2278	神开股份	SZ	9.75	8.61	
563	2012-02-28	13.36	13.75	13.09	13.25	76288	7.99	2279	久其软件	SZ	13.47	8.13	
563	2012-02-28	13.98	14.14	13.61	13.84	11703	13.22	2280	新世纪	SZ	14.01	13.39	
563	2012-02-28	29.96	29.96	29.23	29.41	20521	28.89	2281	光迅科技	SZ	30	29.46	
563	2012-02-28	10.91	11	10.7	10.98	20402	10.81	2282	博深工具	SZ	10.97	10.8	
563	2012-02-28	10.38	10.46	10.22	10.33	40334	10.26	2283	天润曲轴	SZ	10.5	10.43	
563	2012-02-28	8	8	7.7	7.75	25564	7.58	2284	亚太股份	SZ	7.98	7.81	
563	2012-02-28	11.09	11.35	10.72	11.18	53498	8.23	2285	世联地产	SZ	11.23	8.27	
563	2012-02-28	12.62	12.68	12.4	12.52	9813	9.48	2286	保龄宝	SZ	12.67	9.59	
563	2012-02-28	18.53	18.7	18.25	18.33	19966	17.79	2287	奇正藏药	SZ	18.93	18.37	
563	2012-02-28	8.69	8.75	8.33	8.54	38620	4.43	2288	超华科技	SZ	8.76	4.54	
563	2012-02-28	29.52	30.3	29.05	30.02	59413	29.97	2289	宇顺电子	SZ	29.7	29.65	
563	2012-02-28	12.86	13.11	12.59	12.69	20837	8.9	2290	禾盛新材	SZ	12.93	9.07	
563	2012-02-28	8.34	8.42	8.2	8.28	34154	8.19	2291	星期六	SZ	8.4	8.31	
563	2012-02-28	18.53	19.2	18.42	18.83	291941	12.34	2292	奥飞动漫	SZ	18.56	12.17	
563	2012-02-28	37.11	37.44	36.15	36.21	11395	17.15	2293	罗莱家纺	SZ	37.75	17.88	
563	2012-02-28	15.5	15.5	15.03	15.25	16694	8.14	2294	信立泰	SZ	15.54	8.29	
563	2012-02-28	9	9.06	8.81	8.9	51271	8.9	2295	精艺股份	SZ	9.13	9.13	
563	2012-02-28	19.46	19.65	19.1	19.36	26884	19.04	2296	辉煌科技	SZ	19.65	19.33	
563	2012-02-28	10.01	10.13	9.73	9.79	48498	6.5	2297	博云新材	SZ	10.08	6.7	
563	2012-02-28	10.06	10.24	9.85	9.97	145306	4.97	2298	鑫龙电器	SZ	10.15	5.06	
563	2012-02-28	15.33	15.7	15.15	15.54	61773	15.23	2299	圣农发展	SZ	15.36	15.06	
563	2012-02-28	6.56	6.62	6.44	6.54	11593	6.48	23	深天地Ａ	SZ	6.57	6.51	
563	2012-02-28	11	11.12	10.83	10.93	27515	10.21	2300	太阳电缆	SZ	11.14	10.4	
563	2012-02-28	6.35	6.42	6.12	6.3	38163	3.1	2301	齐心文具	SZ	6.45	3.17	
563	2012-02-28	12.26	12.37	12.11	12.26	20691	9.38	2302	西部建设	SZ	12.39	9.48	
563	2012-02-28	11.03	11.03	10.53	10.74	48658	5.34	2303	美盈森	SZ	11.1	5.51	
563	2012-02-28	122.46	124.8	121.75	122.97	10208	98.65	2304	洋河股份	SZ	121.97	97.85	
563	2012-02-28	5.93	5.97	5.83	5.95	60771	5.81	2305	南国置业	SZ	5.97	5.83	
563	2012-02-28	4.51	4.57	4.45	4.55	58512	1.02	2306	湘鄂情	SZ	4.53	1.02	
563	2012-02-28	7.74	7.81	7.66	7.75	54336	7.75	2307	北新路桥	SZ	7.82	7.82	
563	2012-02-28	7.85	7.89	7.62	7.72	47272	5.6	2308	威创股份	SZ	7.88	5.72	
563	2012-02-28	11.65	11.82	11.39	11.78	118584	5.8	2309	中利科技	SZ	11.66	5.74	
563	2012-02-28	23.14	23.14	22.31	22.56	48707	5.63	2310	东方园林	SZ	23.3	5.82	
563	2012-02-28	14	14.34	13.8	14.15	16212	10.73	2311	海大集团	SZ	14.14	10.71	
563	2012-02-28	5.97	6.67	5.93	6.67	100470	3.22	2312	三泰电子	SZ	6.07	2.93	
563	2012-02-28	16.15	16.3	15.83	15.97	17512	5.97	2313	日海通讯	SZ	16.27	6.08	
563	2012-02-28	10.87	10.94	10.55	10.92	26430	10.72	2314	雅致股份	SZ	10.94	10.74	
563	2012-02-28	43.49	43.7	42.55	43.1	9367	41.21	2315	焦点科技	SZ	43.7	41.78	
563	2012-02-28	6.02	6.08	5.89	5.97	53836	3.28	2316	键桥通讯	SZ	6.03	3.31	
563	2012-02-28	10.9	10.97	10.75	10.86	9073	5.11	2317	众生药业	SZ	11.01	5.18	
563	2012-02-28	11.52	11.53	11.32	11.39	16114	7.49	2318	久立特材	SZ	11.53	7.58	
563	2012-02-28	5.63	5.63	5.47	5.57	31540	2.74	2319	乐通股份	SZ	5.66	2.78	
563	2012-02-28	12.38	12.42	12.08	12.28	23852	9.06	2320	海峡股份	SZ	12.48	9.2	
563	2012-02-28	10.25	10.41	10.02	10.12	30817	2.47	2322	理工监测	SZ	10.38	2.53	
563	2012-02-28	15.45	15.46	15	15.17	3034	10.87	2323	中联电气	SZ	15.48	11.1	
563	2012-02-28	12.19	12.28	11.88	12.16	21169	12.01	2324	普利特	SZ	12.21	12.06	
563	2012-02-28	6.67	6.77	6.4	6.77	46418	2.21	2325	洪涛股份	SZ	6.71	2.19	
563	2012-02-28	16.89	16.89	16.31	16.53	31469	16.37	2326	永太科技	SZ	16.91	16.75	
563	2012-02-28	18.92	19.16	18.17	18.58	12174	7.57	2327	富安娜	SZ	19.15	7.81	
563	2012-02-28	7.5	7.58	7.13	7.23	88267	4.71	2328	新朋股份	SZ	7.53	4.91	
563	2012-02-28	14.63	14.77	14.31	14.49	16474	14.2	2329	皇氏乳业	SZ	14.6	14.31	
563	2012-02-28	5.26	5.28	5.12	5.19	39608	2.53	2330	得利斯	SZ	5.29	2.57	
563	2012-02-28	8.13	8.18	7.95	7.97	22306	4.84	2331	皖通科技	SZ	8.21	4.99	
563	2012-02-28	12.49	12.5	12.23	12.35	23265	11.97	2332	仙琚制药	SZ	12.54	12.16	
563	2012-02-28	10.45	10.48	10.17	10.39	11977	10.06	2333	罗普斯金	SZ	10.51	10.17	
563	2012-02-28	9.84	10.02	9.46	9.62	40175	3.22	2334	英威腾	SZ	9.84	3.29	
563	2012-02-28	13.01	13.11	12.71	12.9	7952	9.02	2335	科华恒盛	SZ	13.11	9.17	
563	2012-02-28	15.3	15.36	14.9	15.07	21618	14.6	2336	人人乐	SZ	15.36	14.88	
563	2012-02-28	12.15	12.69	11.96	12.29	41229	11.67	2337	赛象科技	SZ	12.2	11.58	
563	2012-02-28	22.77	22.93	22.43	22.53	2215	14.53	2338	奥普光电	SZ	22.93	14.79	
563	2012-02-28	6.51	6.55	6.38	6.38	30237	1.54	2339	积成电子	SZ	6.51	1.57	
563	2012-02-28	8.67	9	8.65	8.85	129989	3.32	2340	格林美	SZ	8.73	3.27	
563	2012-02-28	9.3	9.52	9.07	9.52	73488	4.66	2341	新纶科技	SZ	9.4	4.6	
563	2012-02-28	6.74	7.07	6.6	6.9	160415	6.83	2342	巨力索具	SZ	6.75	6.69	
563	2012-02-28	12.63	12.63	12.24	12.4	21136	11.73	2343	禾欣股份	SZ	12.73	12.04	
563	2012-02-28	11.45	11.52	11.2	11.4	25800	5.53	2344	海宁皮城	SZ	11.44	5.56	
563	2012-02-28	13.3	13.31	12.98	13.15	10292	6.25	2345	潮宏基	SZ	13.36	6.35	
563	2012-02-28	7.05	7.09	6.85	7	25433	3.38	2346	柘中建设	SZ	7.01	3.38	
563	2012-02-28	10.06	10.06	9.62	9.77	38219	5.23	2347	泰尔重工	SZ	10.1	5.41	
563	2012-02-28	5.76	5.76	5.61	5.65	14246	2.66	2348	高乐股份	SZ	5.8	2.73	
563	2012-02-28	10.68	10.75	10.3	10.43	37874	5.15	2349	精华制药	SZ	10.81	5.33	
563	2012-02-28	11.74	11.82	11.54	11.79	13666	6.66	2350	北京科锐	SZ	11.68	6.59	
563	2012-02-28	9.96	10.06	9.77	10.01	17063	9.6	2351	漫步者	SZ	10.02	9.61	
563	2012-02-28	22.17	22.17	21.7	22.05	5075	21.09	2352	鼎泰新材	SZ	22.3	21.33	
563	2012-02-28	27.83	28.07	27.5	27.83	13531	10.67	2353	杰瑞股份	SZ	28.08	10.76	
563	2012-02-28	11.75	11.85	11.51	11.68	10088	11.54	2354	科冕木业	SZ	11.88	11.74	
563	2012-02-28	6.12	6.16	6.03	6.07	54923	3.02	2355	兴民钢圈	SZ	6.14	3.05	
563	2012-02-28	19.74	20.21	19.32	20.16	6394	19.74	2356	浩宁达	SZ	19.9	19.49	
563	2012-02-28	9.73	9.78	9.54	9.63	14513	9.2	2357	富临运业	SZ	9.74	9.3	
563	2012-02-28	13.06	13.6	12.72	12.89	45396	7.01	2358	森源电气	SZ	12.97	7.06	
563	2012-02-28	17.45	17.6	17.01	17.56	24151	5.65	2360	同德化工	SZ	17.57	5.65	
563	2012-02-28	4.86	4.92	4.79	4.88	20290	2.59	2361	神剑股份	SZ	4.89	2.6	
563	2012-02-28	14.51	14.62	14.02	14.18	50470	14.18	2362	汉王科技	SZ	14.65	14.65	
563	2012-02-28	13.81	13.84	13.41	13.55	7185	13.46	2363	隆基机械	SZ	13.88	13.79	
563	2012-02-28	7.45	8.12	7.41	7.85	67966	3.81	2364	中恒电气	SZ	7.53	3.66	
563	2012-02-28	11.86	11.93	11.57	11.74	37295	11.33	2365	永安药业	SZ	11.94	11.53	
563	2012-02-28	12.01	12.01	11.39	11.98	40144	11.39	2366	丹甫股份	SZ	12.02	11.43	
563	2012-02-28	4.78	4.79	4.68	4.72	47114	1.38	2367	康力电梯	SZ	4.81	1.41	
563	2012-02-28	15.66	15.66	15.08	15.21	22466	12.47	2368	太极股份	SZ	15.75	12.91	
563	2012-02-28	16.2	16.3	15.5	15.8	29481	15.44	2369	卓翼科技	SZ	16.37	16	
563	2012-02-28	10.06	10.07	9.52	9.71	37836	9.63	2370	亚太药业	SZ	10.2	10.11	
563	2012-02-28	15.56	15.87	15.4	15.72	26042	4.32	2371	七星电子	SZ	15.54	4.27	
563	2012-02-28	12.73	12.92	12.6	12.74	13885	8.79	2372	伟星新材	SZ	12.82	8.85	
563	2012-02-28	7.7	7.72	7.48	7.55	24651	3.77	2373	联信永益	SZ	7.68	3.84	
563	2012-02-28	20.4	20.4	19.33	19.87	47166	13.14	2375	亚厦股份	SZ	20.44	13.52	
563	2012-02-28	9.19	9.22	9.01	9.09	12808	4.36	2376	新北洋	SZ	9.2	4.42	
563	2012-02-28	9.9	9.9	9.65	9.79	61770	9.79	2377	国创高新	SZ	9.9	9.9	
563	2012-02-28	25.7	25.75	25.16	25.46	40572	24.95	2378	章源钨业	SZ	25.82	25.31	
563	2012-02-28	8.08	8.16	7.82	7.9	102313	3.95	2379	鲁丰股份	SZ	8.17	4.09	
563	2012-02-28	26.08	26.55	25.7	26.48	3912	26.12	2380	科远股份	SZ	26.18	25.82	
563	2012-02-28	6.66	7.37	6.49	7.37	91155	3.44	2381	双箭股份	SZ	6.7	3.12	
563	2012-02-28	8.92	8.92	8.51	8.62	11597	4.26	2382	蓝帆股份	SZ	8.91	4.4	
563	2012-02-28	21.85	21.92	21.45	21.56	12078	16.43	2383	合众思壮	SZ	21.98	16.75	
563	2012-02-28	12.11	12.22	11.69	11.87	51659	6.55	2384	东山精密	SZ	12.2	6.73	
563	2012-02-28	8.3	8.53	8.18	8.45	137312	2.03	2385	大北农	SZ	8.3	1.99	
563	2012-02-28	10.21	10.21	9.87	10	43535	9.87	2386	天原集团	SZ	10.23	10.09	
563	2012-02-28	11.87	11.96	11.46	11.62	34390	8.85	2387	黑牛食品	SZ	11.98	9.12	
563	2012-02-28	10.47	10.52	10	10.19	16039	9.99	2388	新亚制程	SZ	10.54	10.33	
563	2012-02-28	9.18	9.18	8.76	8.88	74836	4.4	2389	南洋科技	SZ	9.12	4.53	
563	2012-02-28	12.09	12.09	11.8	11.9	10952	11.82	2390	信邦制药	SZ	12.03	11.95	
563	2012-02-28	9.92	9.92	9.71	9.81	13211	6.15	2391	长青股份	SZ	9.98	6.25	
563	2012-02-28	10.01	10.09	9.73	10.09	48674	9.98	2392	北京利尔	SZ	10.08	9.97	
563	2012-02-28	34.09	34.09	33.4	33.93	12132	32.37	2393	力生制药	SZ	33.99	32.43	
563	2012-02-28	18.1	18.14	17.73	17.91	22463	16.95	2394	联发股份	SZ	18.2	17.23	
563	2012-02-28	9.34	9.34	9	9.1	15505	4.26	2395	双象股份	SZ	9.38	4.39	
563	2012-02-28	16.72	17.14	16.38	16.73	105118	16.22	2396	星网锐捷	SZ	17	16.48	
563	2012-02-28	24.35	24.35	23.35	23.52	8236	22.82	2397	梦洁家纺	SZ	24.42	23.69	
563	2012-02-28	11.02	11.09	10.86	10.94	17453	6.4	2398	建研集团	SZ	11.03	6.45	
563	2012-02-28	26.91	26.92	26.2	26.44	18141	25.13	2399	海普瑞	SZ	26.97	25.64	
563	2012-02-28	20.2	20.5	19.98	20.4	60192	20.07	24	招商地产	SZ	20.21	19.89	
563	2012-02-28	8.65	8.68	8.41	8.46	57817	3.17	2400	省广股份	SZ	8.68	3.25	
563	2012-02-28	9.9	10.07	9.84	9.88	48611	5.12	2401	交技发展	SZ	9.98	5.17	
563	2012-02-28	9.21	9.28	9	9.13	23092	5.77	2402	和而泰	SZ	9.28	5.86	
563	2012-02-28	9.93	9.93	9.68	9.76	43261	9.76	2403	爱仕达	SZ	9.96	9.96	
563	2012-02-28	7.67	7.67	7.45	7.46	51057	4.56	2404	嘉欣丝绸	SZ	7.74	4.74	
563	2012-02-28	16.71	16.71	16.34	16.52	84141	11.25	2405	四维图新	SZ	16.81	11.44	
563	2012-02-28	11.56	11.56	11.16	11.37	44647	10.88	2406	远东传动	SZ	11.6	11.1	
563	2012-02-28	20.69	20.7	20.11	20.36	91574	20.15	2407	多氟多	SZ	20.88	20.66	
563	2012-02-28	19.67	19.83	19.33	19.43	57155	15.6	2408	齐翔腾达	SZ	19.82	15.91	
563	2012-02-28	15.86	15.88	15.59	15.77	2780	10.23	2409	雅克科技	SZ	16	10.38	
563	2012-02-28	16.15	16.41	15.81	15.9	24713	7.74	2410	广联达	SZ	16.09	7.83	
563	2012-02-28	8.27	8.38	8.07	8.22	118299	5.41	2411	九九久	SZ	8.4	5.53	
563	2012-02-28	18.21	18.25	17.52	17.74	20773	17.74	2412	汉森制药	SZ	18.22	18.22	
563	2012-02-28	10.8	10.89	10.5	10.62	27618	10.37	2413	常发股份	SZ	10.86	10.61	
563	2012-02-28	10.1	10.2	9.93	10.12	74061	4.78	2414	高德红外	SZ	10.1	4.77	
563	2012-02-28	13.49	13.49	13.17	13.32	56387	12.97	2416	爱施德	SZ	13.55	13.2	
563	2012-02-28	9.73	9.87	9.33	9.49	76072	6.26	2417	三元达	SZ	9.83	6.49	
563	2012-02-28	8.08	8.08	7.87	7.91	45082	7.76	2418	康盛股份	SZ	8.09	7.94	
563	2012-02-28	17.97	17.98	17.6	17.84	29196	16.97	2419	天虹商场	SZ	18.1	17.22	
563	2012-02-28	7.11	7.15	6.93	7	11770	6.95	2420	毅昌股份	SZ	7.13	7.08	
563	2012-02-28	8.65	8.65	8.3	8.4	53799	4.09	2421	达实智能	SZ	8.84	4.31	
563	2012-02-28	45.01	46.36	45.01	45.3	17391	44.93	2422	科伦药业	SZ	45.3	44.93	
563	2012-02-28	8.68	8.95	8.45	8.79	58852	8.71	2423	中原特钢	SZ	8.76	8.68	
563	2012-02-28	16.18	16.3	15.82	15.95	22220	15.46	2424	贵州百灵	SZ	16.25	15.75	
563	2012-02-28	9.17	9.17	8.78	8.87	79733	7.29	2425	凯撒股份	SZ	9.18	7.55	
563	2012-02-28	16.26	16.32	15.9	16.24	16408	7.91	2426	胜利精密	SZ	16.36	7.96	
563	2012-02-28	8.17	8.17	7.94	8.02	15874	7.98	2427	尤夫股份	SZ	8.2	8.16	
563	2012-02-28	9.15	9.19	8.96	9.04	103820	2.22	2428	云南锗业	SZ	9.25	2.27	
563	2012-02-28	6.65	6.75	6.48	6.48	149093	4.14	2429	兆驰股份	SZ	6.67	4.26	
563	2012-02-28	15.79	15.95	15.36	15.51	22621	11.14	2430	杭氧股份	SZ	15.96	11.47	
563	2012-02-28	21.88	22.3	21.08	21.31	32008	17.68	2431	棕榈园林	SZ	21.98	18.24	
563	2012-02-28	7.04	7.09	6.79	6.88	79900	4.52	2432	九安医疗	SZ	7.1	4.66	
563	2012-02-28	9.71	9.73	9.49	9.58	16849	3.95	2433	太安堂	SZ	9.73	4.01	
563	2012-02-28	9.9	10.47	9.81	10.45	92234	10.1	2434	万里扬	SZ	10	9.67	
563	2012-02-28	7.09	7.19	7.01	7.14	17196	4.63	2435	长江润发	SZ	7.11	4.61	
563	2012-02-28	18.8	18.8	18	18.18	16627	17.59	2436	兴森科技	SZ	18.8	18.19	
563	2012-02-28	17.96	17.96	17.56	17.8	17915	17.43	2437	誉衡药业	SZ	18.01	17.64	
563	2012-02-28	13.59	13.73	13.31	13.45	33666	6.67	2438	江苏神通	SZ	13.6	6.73	
563	2012-02-28	18.31	18.45	17.5	18	16431	17.81	2439	启明星辰	SZ	18.4	18.2	
563	2012-02-28	8.98	9.19	8.9	9.04	74669	4.17	2440	闰土股份	SZ	9.02	4.16	
563	2012-02-28	17.01	17.1	16.53	16.76	9064	16.21	2441	众业达	SZ	17.01	16.45	
563	2012-02-28	5.52	5.9	5.52	5.67	115739	3.67	2442	龙星化工	SZ	5.55	3.6	
563	2012-02-28	5.11	5.13	5.01	5.09	30984	2.41	2443	金洲管道	SZ	5.13	2.43	
563	2012-02-28	5.08	5.09	4.96	5	66413	2.41	2444	巨星科技	SZ	5.09	2.46	
563	2012-02-28	13.9	13.92	13.54	13.73	48321	13.54	2445	中南重工	SZ	13.9	13.71	
563	2012-02-28	11.32	11.48	11.09	11.41	13564	11.36	2446	盛路通信	SZ	11.33	11.28	
563	2012-02-28	16.88	17.48	16.78	17.42	60915	8.66	2447	壹桥苗业	SZ	16.94	8.42	
563	2012-02-28	12.94	13.07	12.6	12.7	30445	5.99	2448	中原内配	SZ	13.1	6.18	
563	2012-02-28	8.94	8.96	8.7	8.93	68102	4.26	2449	国星光电	SZ	8.98	4.28	
563	2012-02-28	10.47	10.54	10.18	10.2	124932	4.23	2450	康得新	SZ	10.47	4.34	
563	2012-02-28	17.48	17.72	17.17	17.29	26244	5.72	2451	摩恩电气	SZ	17.61	5.82	
563	2012-02-28	25.68	25.72	24.82	25.23	16942	9.4	2452	长高集团	SZ	25.8	9.62	
563	2012-02-28	22.01	22.28	21.61	21.89	84450	2.65	2453	天马精化	SZ	23.2	2.81	
563	2012-02-28	12.26	12.88	12.26	12.82	46252	12.54	2454	松芝股份	SZ	12.45	12.17	
563	2012-02-28	5.39	5.47	5.25	5.4	168165	1.33	2456	欧菲光	SZ	5.39	1.33	
563	2012-02-28	9.47	10.05	9.42	9.84	204304	6.49	2457	青龙管业	SZ	9.54	6.29	
563	2012-02-28	14.86	15.94	14.85	15.8	69164	7.47	2458	益生股份	SZ	14.99	7.09	
563	2012-02-28	10.06	10.14	9.68	9.87	49849	9.87	2459	天业通联	SZ	10.22	10.22	
563	2012-02-28	24.17	24.46	23.56	23.95	27020	23.59	2460	赣锋锂业	SZ	24.53	24.16	
563	2012-02-28	11.19	11.28	10.93	11.19	21855	11.18	2461	珠江啤酒	SZ	11.19	11.18	
563	2012-02-28	9.22	9.25	8.89	8.99	14421	8.77	2462	嘉事堂	SZ	9.28	9.06	
563	2012-02-28	4.49	4.51	4.4	4.45	77437	2.53	2463	沪电股份	SZ	4.52	2.57	
563	2012-02-28	21.88	22.19	21.02	21.14	68190	20.62	2464	金利科技	SZ	22.49	21.94	
563	2012-02-28	12.4	12.57	12.35	12.4	54961	5.81	2465	海格通信	SZ	12.4	5.81	
563	2012-02-28	31.25	31.58	30.58	31.14	20563	30.98	2466	天齐锂业	SZ	31.74	31.58	
563	2012-02-28	12.2	12.45	12.1	12.28	13597	5.9	2467	二六三	SZ	12.26	5.89	
563	2012-02-28	7.86	7.98	7.58	7.71	47586	5.18	2468	艾迪西	SZ	7.9	5.31	
563	2012-02-28	18.25	18.25	17.74	17.91	20479	6.01	2469	三维工程	SZ	18.24	6.12	
563	2012-02-28	14.96	14.99	14.65	14.76	22271	14.52	2470	金正大	SZ	15.01	14.76	
563	2012-02-28	6.8	6.82	6.64	6.69	27071	3.19	2471	中超电缆	SZ	6.85	3.27	
563	2012-02-28	11.33	11.33	10.85	10.88	36313	8.09	2472	双环传动	SZ	11.36	8.45	
563	2012-02-28	9.29	9.29	9.02	9.14	14420	8.89	2473	圣莱达	SZ	9.35	9.09	
563	2012-02-28	12.61	12.83	12.1	12.22	36422	3.93	2474	榕基软件	SZ	12.62	4.05	
563	2012-02-28	17.19	17.47	16.74	17.13	20469	8.03	2475	立讯精密	SZ	17.52	8.22	
563	2012-02-28	4.46	4.49	4.36	4.41	51497	1.45	2476	宝莫股份	SZ	4.49	1.48	
563	2012-02-28	9.06	9.31	9	9.25	117794	2.73	2477	雏鹰农牧	SZ	9.09	2.69	
563	2012-02-28	11.55	11.8	11.15	11.23	34872	10.95	2478	常宝股份	SZ	11.53	11.25	
563	2012-02-28	9.85	10.21	9.72	10.13	147183	5.8	2479	富春环保	SZ	9.9	5.67	
563	2012-02-28	14.53	14.65	14.15	14.33	68897	14.12	2480	新筑股份	SZ	14.7	14.48	
563	2012-02-28	5.5	5.54	5.37	5.41	21920	1.49	2481	双塔食品	SZ	5.53	1.52	
563	2012-02-28	16	16.04	15.52	15.98	19056	9.89	2482	广田股份	SZ	16.06	9.94	
563	2012-02-28	11.06	11.3	10.88	11.3	34270	10.9	2483	润邦股份	SZ	11.14	10.75	
563	2012-02-28	14.23	14.3	13.75	14.05	38399	10.71	2484	江海股份	SZ	14.46	11.02	
563	2012-02-28	13.9	13.91	13.21	13.43	48121	7.89	2485	希努尔	SZ	13.78	8.1	
563	2012-02-28	4.7	4.71	4.53	4.64	113281	1.05	2486	嘉麟杰	SZ	4.72	1.07	
563	2012-02-28	6.5	6.6	6.27	6.32	36487	2.06	2487	大金重工	SZ	6.59	2.15	
563	2012-02-28	9.43	9.48	9.2	9.3	13718	8.89	2488	金固股份	SZ	9.52	9.1	
563	2012-02-28	10.35	10.55	10.27	10.39	40807	4.72	2489	浙江永强	SZ	10.44	4.74	
563	2012-02-28	5.55	5.58	5.41	5.52	41587	2.72	2490	山东墨龙	SZ	5.59	2.75	
563	2012-02-28	13.74	13.84	13.38	13.45	26219	13	2491	通鼎光电	SZ	13.97	13.5	
563	2012-02-28	15.24	15.3	14.94	15.08	9334	14.77	2494	华斯股份	SZ	15.31	14.99	
563	2012-02-28	6.45	6.52	6.33	6.44	14806	4.08	2495	佳隆股份	SZ	6.53	4.13	
563	2012-02-28	14.56	14.65	14.3	14.48	28566	7.18	2496	辉丰股份	SZ	14.73	7.3	
563	2012-02-28	9.83	9.87	9.6	9.71	31555	6.22	2497	雅化集团	SZ	9.91	6.34	
563	2012-02-28	10.39	10.65	10.29	10.41	28206	6.66	2498	汉缆股份	SZ	10.45	6.69	
563	2012-02-28	16.05	16.63	16	16.59	23803	10.97	2499	科林环保	SZ	16.19	10.7	
563	2012-02-28	6.65	6.65	6.42	6.55	12744	6.55	25	特 力Ａ	SZ	6.68	6.68	
563	2012-02-28	7.33	7.47	7.25	7.35	278942	7.26	2500	山西证券	SZ	7.38	7.29	
563	2012-02-28	11.23	11.32	10.96	11.11	187050	5.97	2501	利源铝业	SZ	11.39	6.12	
563	2012-02-28	13.19	13.38	13.06	13.37	30389	8.23	2502	骅威股份	SZ	13.29	8.19	
563	2012-02-28	11.87	11.97	11.56	11.63	17564	4.03	2503	搜于特	SZ	11.87	4.11	
563	2012-02-28	12.08	12.08	11.69	11.78	35121	8.93	2504	东光微电	SZ	12.18	9.24	
563	2012-02-28	8.47	8.86	8.43	8.75	88962	5.77	2505	大康牧业	SZ	8.57	5.64	
563	2012-02-28	9.24	9.27	9	9.12	209016	5.63	2506	超日太阳	SZ	9.34	5.77	
563	2012-02-28	16.19	16.45	16	16.39	9818	15.91	2507	涪陵榨菜	SZ	16.28	15.8	
563	2012-02-28	16.77	16.84	16.46	16.63	34789	16.32	2508	老板电器	SZ	16.92	16.6	
563	2012-02-28	5.2	5.35	5.18	5.22	105932	1.25	2509	天广消防	SZ	5.19	1.24	
563	2012-02-28	24.1	24.18	23.4	23.76	14965	11.45	2510	天汽模	SZ	24.2	11.66	
563	2012-02-28	12.39	12.54	12.25	12.37	13350	6.17	2511	中顺洁柔	SZ	12.46	6.22	
563	2012-02-28	11.25	11.83	11.23	11.37	175527	7.51	2512	达华智能	SZ	11.28	7.45	
563	2012-02-28	12.41	12.41	12.02	12.12	28554	7.39	2513	蓝丰生化	SZ	12.44	7.58	
563	2012-02-28	24.23	24.56	23.56	23.99	12152	7.37	2514	宝馨科技	SZ	24.61	7.56	
563	2012-02-28	15.25	15.25	14.88	14.93	7106	9.8	2515	金字火腿	SZ	15.31	10.05	
563	2012-02-28	9.77	9.83	9.6	9.8	26646	9.46	2516	江苏旷达	SZ	9.85	9.51	
563	2012-02-28	7.91	7.95	7.65	7.72	21888	3.79	2517	泰亚股份	SZ	7.91	3.88	
563	2012-02-28	13.34	13.61	13.14	13.26	26594	5.07	2518	科士达	SZ	13.48	5.15	
563	2012-02-28	10.45	10.47	10.09	10.25	21634	6.29	2519	银河电子	SZ	10.45	6.41	
563	2012-02-28	11.7	11.91	11.33	11.62	39098	4.43	2520	日发数码	SZ	11.6	4.43	
563	2012-02-28	6.75	6.8	6.7	6.79	15657	3.15	2521	齐峰股份	SZ	6.79	3.15	
563	2012-02-28	18.05	18.22	17.37	17.62	18356	16.63	2522	浙江众成	SZ	18.22	17.19	
563	2012-02-28	5.38	5.4	5.24	5.32	29388	2.49	2523	天桥起重	SZ	5.38	2.52	
563	2012-02-28	5.2	5.26	5.08	5.17	99716	2.52	2524	光正钢构	SZ	5.27	2.57	
563	2012-02-28	9.32	9.98	9.27	9.56	510652	5.26	2526	山东矿机	SZ	9.29	5.12	
563	2012-02-28	8.89	8.92	8.66	8.82	24382	5	2527	新时达	SZ	8.94	5.07	
563	2012-02-28	10.69	10.73	10.29	10.45	66104	6.71	2528	英飞拓	SZ	10.78	6.93	
563	2012-02-28	13.23	13.54	12.9	13.51	31196	13.28	2529	海源机械	SZ	13.23	13	
563	2012-02-28	7.55	7.55	7.27	7.4	42342	3.59	2530	丰东股份	SZ	7.5	3.64	
563	2012-02-28	7.26	7.49	7.16	7.46	60593	3.55	2531	天顺风能	SZ	7.22	3.44	
563	2012-02-28	20.09	21.66	20	21.31	94792	21.09	2532	新界泵业	SZ	20.06	19.86	
563	2012-02-28	7.57	7.63	7.34	7.46	82419	5.93	2533	金杯电工	SZ	7.5	5.96	
563	2012-02-28	19.65	20.8	19.65	19.78	36135	18.89	2534	杭锅股份	SZ	19.27	18.4	
563	2012-02-28	10.15	10.24	10	10.17	31479	7.64	2535	林州重机	SZ	10.11	7.59	
563	2012-02-28	19.75	19.97	19.28	19.82	21152	19.38	2536	西泵股份	SZ	19.93	19.49	
563	2012-02-28	14.67	14.67	13.93	14.19	23396	9.38	2537	海立美达	SZ	15.23	10.07	
563	2012-02-28	14.19	14.24	13.78	14.15	73011	6.84	2538	司尔特	SZ	14.33	6.93	
563	2012-02-28	13.79	14.11	13.2	14.08	101946	13.23	2539	新都化工	SZ	14.1	13.25	
563	2012-02-28	7.85	7.87	7.7	7.78	39979	3.61	2540	亚太科技	SZ	7.89	3.66	
563	2012-02-28	17.02	17.35	16.54	16.75	33805	8.16	2541	鸿路钢构	SZ	17.17	8.36	
563	2012-02-28	20.18	20.18	19.51	19.81	27400	4.87	2542	中化岩土	SZ	20.25	4.97	
563	2012-02-28	9.64	9.65	9.45	9.55	17861	4.52	2543	万和电气	SZ	9.69	4.59	
563	2012-02-28	7.28	7.39	7.16	7.24	75572	3.48	2544	杰赛科技	SZ	7.33	3.52	
563	2012-02-28	17.45	17.52	17.03	17.18	17190	16.79	2545	东方铁塔	SZ	17.51	17.11	
563	2012-02-28	19.55	19.82	19.25	19.47	20404	18.41	2546	新联电子	SZ	19.71	18.64	
563	2012-02-28	12.07	12.07	11.71	11.96	13151	7.59	2548	金新农	SZ	11.91	7.56	
563	2012-02-28	10.37	10.37	10.05	10.16	26212	4.41	2549	凯美特气	SZ	10.38	4.51	
563	2012-02-28	12.94	12.94	12.64	12.8	28784	5.9	2550	千红制药	SZ	13	5.99	
563	2012-02-28	9.6	9.68	9.32	9.41	78560	4.08	2551	尚荣医疗	SZ	9.78	4.24	
563	2012-02-28	10.85	10.87	10.61	10.81	11293	10.54	2552	宝鼎重工	SZ	10.85	10.58	
563	2012-02-28	7.9	7.99	7.81	7.91	15795	3.74	2553	南方轴承	SZ	8	3.79	
563	2012-02-28	6.53	6.64	6.38	6.44	70414	2.79	2554	惠博普	SZ	6.59	2.85	
563	2012-02-28	12.04	12.23	11.61	11.8	14122	11.43	2555	顺荣股份	SZ	12.17	11.78	
563	2012-02-28	8.51	8.51	8.11	8.27	145459	3.97	2556	辉隆股份	SZ	8.58	4.11	
563	2012-02-28	19.38	19.46	19.22	19.46	4205	14.08	2557	洽洽食品	SZ	19.38	14.02	
563	2012-02-28	25.11	25.17	24.63	24.89	3002	24.43	2558	世纪游轮	SZ	25.13	24.66	
563	2012-02-28	14.32	14.32	13.9	14.13	13174	6.76	2559	亚威股份	SZ	14.14	6.77	
563	2012-02-28	15.81	15.85	15.42	15.51	6196	15.16	2560	通达股份	SZ	15.87	15.51	
563	2012-02-28	13.27	13.43	13.08	13.43	29506	12.21	2561	徐家汇	SZ	13.33	12.12	
563	2012-02-28	14.56	15	14.5	14.66	85075	7.24	2566	益盛药业	SZ	14.28	7.05	
563	2012-02-28	12.84	12.84	12.2	12.36	61441	12.11	26	飞亚达Ａ	SZ	12.84	12.58	
563	2012-02-28	6.53	6.69	6.46	6.61	129479	6.43	27	深圳能源	SZ	6.54	6.36	
563	2012-02-28	22.01	22.09	19.8	21.5	19297	21.3	28	一致药业	SZ	22	21.79	
563	2012-02-28	4.08	4.11	3.97	4.01	110497	4.01	29	深深房Ａ	SZ	4.12	4.12	
563	2012-02-28	13.22	13.23	12.83	12.85	97137	12.85	30	*ST盛润A	SZ	13.51	13.51	
563	2012-02-28	15.25	15.32	14.83	14.98	10926	14.72	300001	特锐德	SZ	15.4	15.14	
563	2012-02-28	6.78	6.81	6.6	6.66	141949	1.86	300002	神州泰岳	SZ	6.83	1.91	
563	2012-02-28	15.13	15.21	14.8	14.9	28456	14.51	300003	乐普医疗	SZ	15.23	14.83	
563	2012-02-28	24.6	24.68	24.03	24.19	11760	24	300004	南风股份	SZ	24.76	24.57	
563	2012-02-28	11.99	12.04	11.61	11.67	17780	7.37	300005	探路者	SZ	12.05	7.61	
563	2012-02-28	16.94	16.94	15.65	15.97	42300	15.83	300006	莱美药业	SZ	17.01	16.86	
563	2012-02-28	14.81	15.1	14.65	14.86	10255	14.73	300007	汉威电子	SZ	14.79	14.66	
563	2012-02-28	8.68	8.76	8.45	8.53	36391	5.51	300008	上海佳豪	SZ	8.73	5.64	
563	2012-02-28	9.36	9.41	9.16	9.27	29132	7.2	300009	安科生物	SZ	9.42	7.31	
563	2012-02-28	10.69	10.69	10.42	10.52	16497	10.31	300010	立思辰	SZ	10.75	10.53	
563	2012-02-28	8.68	8.74	8.45	8.47	74442	1.95	300011	鼎汉技术	SZ	8.76	2.02	
563	2012-02-28	9.38	9.47	9.19	9.34	7387	4.47	300012	华测检测	SZ	9.43	4.51	
563	2012-02-28	9.38	9.44	9.22	9.26	7360	9.24	300013	新宁物流	SZ	9.47	9.45	
563	2012-02-28	14.66	14.75	14.19	14.38	90122	7.01	300014	亿纬锂能	SZ	14.8	7.21	
563	2012-02-28	22.51	22.63	21.61	21.84	48575	21.61	300015	爱尔眼科	SZ	22.51	22.27	
563	2012-02-28	4.62	4.68	4.54	4.62	12653	2.17	300016	北陆药业	SZ	4.68	2.2	
563	2012-02-28	14.4	14.68	14.23	14.56	35148	14.36	300017	网宿科技	SZ	14.45	14.25	
563	2012-02-28	7.77	7.85	7.45	7.51	40633	4.79	300018	中元华电	SZ	7.78	4.97	
563	2012-02-28	8.43	8.46	8.27	8.38	16969	5.01	300019	硅宝科技	SZ	8.5	5.09	
563	2012-02-28	11.11	11.2	10.59	10.67	87461	10.6	300020	银江股份	SZ	11.2	11.12	
563	2012-02-28	11.38	12.27	11.26	11.9	226494	11.9	300021	大禹节水	SZ	11.39	11.39	
563	2012-02-28	11.1	11.63	10.8	11.44	175676	11.37	300022	吉峰农机	SZ	11.18	11.11	
563	2012-02-28	11.35	11.44	11	11.15	10691	11.15	300023	宝德股份	SZ	11.45	11.45	
563	2012-02-28	20.78	20.93	20.03	20.39	30542	20.35	300024	机器人	SZ	20.75	20.7	
563	2012-02-28	9.32	9.36	8.97	9.12	27007	7	300025	华星创业	SZ	9.42	7.22	
563	2012-02-28	7.85	7.86	7.55	7.61	189325	3.67	300027	华谊兄弟	SZ	7.85	3.78	
563	2012-02-28	7.54	7.57	7.29	7.37	59705	7.32	300028	金亚科技	SZ	7.6	7.55	
563	2012-02-28	15.44	15.57	14.95	15.13	71722	15	300029	天龙光电	SZ	15.57	15.44	
563	2012-02-28	22.4	22.56	21.64	21.92	30758	10.83	300030	阳普医疗	SZ	22.5	11.11	
563	2012-02-28	9.75	9.86	9.4	9.45	68960	6	300031	宝通带业	SZ	10.03	6.37	
563	2012-02-28	8.6	8.64	8.34	8.59	34747	4.17	300032	金龙机电	SZ	8.68	4.21	
563	2012-02-28	18.73	18.73	18.05	18.44	15854	18.25	300033	同花顺	SZ	18.85	18.66	
563	2012-02-28	13.71	13.75	13.3	13.5	29791	13.33	300034	钢研高纳	SZ	13.78	13.61	
563	2012-02-28	7.19	7.19	6.97	7.04	22725	4.56	300035	中科电气	SZ	7.2	4.66	
563	2012-02-28	18.9	19.07	18.58	18.83	3898	18.83	300036	超图软件	SZ	19.05	19.05	
563	2012-02-28	19.97	20.25	19.56	19.79	10404	12.05	300037	新宙邦	SZ	20.19	12.29	
563	2012-02-28	9.12	9.18	8.95	9.09	11791	5.97	300038	梅泰诺	SZ	9.19	6.03	
563	2012-02-28	8.26	8.26	7.79	7.83	105267	2.9	300039	上海凯宝	SZ	8.27	3.07	
563	2012-02-28	4.96	5.01	4.85	4.91	35687	2.34	300040	九洲电气	SZ	4.96	2.36	
563	2012-02-28	12.07	12.07	11.69	11.86	36487	7.08	300041	回天胶业	SZ	12.18	7.27	
563	2012-02-28	11.16	11.78	11.16	11.67	55467	5.74	300042	朗科科技	SZ	10.72	5.27	
563	2012-02-28	9.92	9.95	9.47	9.64	32976	3.11	300043	星辉车模	SZ	9.92	3.2	
563	2012-02-28	6.28	6.28	6.07	6.1	30206	2.7	300044	赛为智能	SZ	6.31	2.79	
563	2012-02-28	10	10.15	9.85	9.93	11860	4.89	300045	华力创通	SZ	10.13	4.99	
563	2012-02-28	14.53	14.67	13.96	14.1	23089	12.62	300046	台基股份	SZ	14.62	13.09	
563	2012-02-28	6.84	6.93	6.7	6.8	51597	3.16	300047	天源迪科	SZ	6.84	3.18	
563	2012-02-28	12.38	12.82	12.14	12.33	48990	8.69	300048	合康变频	SZ	12.14	8.55	
563	2012-02-28	11.99	12.08	11.66	11.87	7620	11.63	300049	福瑞股份	SZ	12	11.76	
563	2012-02-28	14.82	14.83	14.41	14.56	24722	14.36	300050	世纪鼎利	SZ	14.85	14.65	
563	2012-02-28	6.81	7.14	6.7	6.92	352283	3.41	300051	三五互联	SZ	6.84	3.37	
563	2012-02-28	7.43	7.49	7.22	7.39	139360	3.64	300052	中青宝	SZ	7.47	3.69	
563	2012-02-28	8.6	8.68	8.4	8.48	21631	8.41	300053	欧比特	SZ	8.7	8.63	
563	2012-02-28	6.52	6.62	6.4	6.44	24015	1.33	300054	鼎龙股份	SZ	6.6	1.36	
563	2012-02-28	21.24	21.38	20.42	20.95	55653	20.8	300055	万邦达	SZ	21.44	21.29	
563	2012-02-28	14.2	14.47	13.44	14.33	41832	7.88	300056	三维丝	SZ	14.33	7.88	
563	2012-02-28	8.44	8.49	8.22	8.33	21008	8.25	300057	万顺股份	SZ	8.47	8.39	
563	2012-02-28	14.13	14.13	13.48	13.65	72102	6.73	300058	蓝色光标	SZ	14.19	7	
563	2012-02-28	7.53	7.61	7.15	7.27	412768	2.25	300059	东方财富	SZ	7.59	2.35	
563	2012-02-28	8.91	8.96	8.68	8.79	6055	5.5	300061	康耐特	SZ	8.93	5.58	
563	2012-02-28	10.28	10.44	10.05	10.13	15421	9.89	300062	中能电气	SZ	10.4	10.16	
563	2012-02-28	11.43	11.43	11.04	11.13	6958	7.35	300063	天龙集团	SZ	11.37	7.5	
563	2012-02-28	7.42	7.44	7.16	7.3	35664	3.58	300064	豫金刚石	SZ	7.46	3.66	
563	2012-02-28	15.44	15.52	15.13	15.34	6425	10.17	300065	海兰信	SZ	15.54	10.31	
563	2012-02-28	10.29	10.37	10.07	10.21	8655	6.61	300066	三川股份	SZ	10.37	6.71	
563	2012-02-28	7.35	7.39	7.1	7.25	55163	3.53	300068	南都电源	SZ	7.4	3.6	
563	2012-02-28	9.13	9.16	8.86	8.95	8565	5.85	300069	金利华电	SZ	9.18	6	
563	2012-02-28	14.75	14.98	14.32	14.9	75001	5.45	300070	碧水源	SZ	14.8	5.41	
563	2012-02-28	21.93	22.2	21.27	21.49	75088	7.05	300071	华谊嘉信	SZ	22.07	7.24	
563	2012-02-28	6.55	6.76	6.5	6.69	44989	2.54	300072	三聚环保	SZ	6.6	2.5	
563	2012-02-28	11.46	11.46	11.01	11.1	33629	11.05	300073	当升科技	SZ	11.5	11.45	
563	2012-02-28	6.41	6.53	6.38	6.48	60056	1.94	300074	华平股份	SZ	6.4	1.92	
563	2012-02-28	13.67	13.99	13.24	13.73	18919	9	300075	数字政通	SZ	13.87	9.09	
563	2012-02-28	14.36	14.4	14.05	14.19	14295	13.88	300076	宁波GQY	SZ	14.5	14.18	
563	2012-02-28	26.7	26.94	26	26.26	85584	25.81	300077	国民技术	SZ	26.91	26.45	
563	2012-02-28	17.15	17.29	16.69	16.9	20163	16.01	300078	中瑞思创	SZ	17.29	16.37	
563	2012-02-28	16.87	16.87	16.4	16.44	42699	10.86	300079	数码视讯	SZ	16.93	11.19	
563	2012-02-28	10.52	10.54	10.18	10.28	85065	7.91	300080	新大新材	SZ	10.64	8.18	
563	2012-02-28	11.75	12.13	11.52	11.9	78293	5.87	300081	恒信移动	SZ	11.87	5.86	
563	2012-02-28	13.41	13.46	12.77	13.05	137857	9.6	300082	奥克股份	SZ	13.9	10.22	
563	2012-02-28	12.55	12.64	12.1	12.25	13214	12.13	300083	劲胜股份	SZ	12.62	12.49	
563	2012-02-28	9.95	9.95	9.6	9.72	39661	9.67	300084	海默科技	SZ	9.97	9.92	
563	2012-02-28	20	20.1	19.32	19.52	22243	9.51	300085	银之杰	SZ	20.18	9.83	
563	2012-02-28	16	16.02	15.45	15.67	54084	15.47	300086	康芝药业	SZ	16.12	15.91	
563	2012-02-28	18.85	19.85	18.48	19.41	89946	19.29	300087	荃银高科	SZ	18.8	18.69	
563	2012-02-28	8.03	8.06	7.77	7.88	121221	3.94	300088	长信科技	SZ	8.11	4.06	
563	2012-02-28	10.33	10.4	10.12	10.23	33086	6.74	300089	长城集团	SZ	10.37	6.83	
563	2012-02-28	10.13	10.16	9.91	10.06	21912	10.03	300090	盛运股份	SZ	10.17	10.13	
563	2012-02-28	10.61	10.69	10.34	10.46	16738	10.35	300091	金通灵	SZ	10.68	10.57	
563	2012-02-28	14.4	14.45	14.04	14.2	7893	13.94	300092	科新机电	SZ	14.5	14.23	
563	2012-02-28	8.19	8.26	7.96	8.09	37736	8.04	300093	金刚玻璃	SZ	8.3	8.25	
563	2012-02-28	7.13	7.16	6.96	7.09	53627	7.09	300094	国联水产	SZ	7.2	7.2	
563	2012-02-28	10.53	10.6	10.3	10.46	7437	7.94	300095	华伍股份	SZ	10.58	8.03	
563	2012-02-28	13.7	13.75	13.35	13.5	50612	13.32	300096	易联众	SZ	13.8	13.61	
563	2012-02-28	7.4	7.48	7.23	7.34	15539	3.64	300097	智云股份	SZ	7.45	3.69	
563	2012-02-28	11.22	11.22	10.53	10.59	47323	5.22	300098	高新兴	SZ	11.3	5.57	
563	2012-02-28	13.15	13.15	12.68	12.69	26181	5.86	300099	尤洛卡	SZ	13.32	6.15	
563	2012-02-28	7.45	7.45	7.18	7.34	30560	3.33	300100	双林股份	SZ	7.47	3.39	
563	2012-02-28	13.8	13.9	13.25	13.48	28059	6.72	300101	国腾电子	SZ	13.79	6.88	
563	2012-02-28	16.12	16.24	15.5	15.8	75612	15.12	300102	乾照光电	SZ	16.28	15.58	
563	2012-02-28	8.92	8.94	8.65	8.78	7268	4.76	300103	达刚路机	SZ	8.96	4.85	
563	2012-02-28	10.97	11.55	10.9	11.49	399962	3.16	300104	乐视网	SZ	11	3.03	
563	2012-02-28	24.23	24.28	23.32	23.86	33258	13.17	300105	龙源技术	SZ	24.45	13.49	
563	2012-02-28	14.49	14.76	14.1	14.56	12826	14.47	300106	西部牧业	SZ	14.52	14.43	
563	2012-02-28	25.64	25.64	24.92	25.12	8738	12.49	300107	建新股份	SZ	25.7	12.78	
563	2012-02-28	9.11	9.34	8.95	9.24	8211	4.49	300108	双龙股份	SZ	9.18	4.46	
563	2012-02-28	11.67	11.99	11.49	11.64	12172	7.65	300109	新开源	SZ	11.93	7.85	
563	2012-02-28	5.63	5.64	5.52	5.59	22079	2.7	300110	华仁药业	SZ	5.66	2.73	
563	2012-02-28	5.64	5.7	5.46	5.54	63178	2.52	300111	向日葵	SZ	5.69	2.59	
563	2012-02-28	6.97	6.97	6.75	6.88	18034	4.53	300112	万讯自控	SZ	6.99	4.6	
563	2012-02-28	25.6	25.82	24.16	24.87	43157	24.51	300113	顺网科技	SZ	25.6	25.23	
563	2012-02-28	12.12	12.16	11.7	11.76	12205	8.95	300114	中航电测	SZ	12.17	9.26	
563	2012-02-28	23.15	23.58	23.14	23.43	8944	15.52	300115	长盈精密	SZ	23.39	15.5	
563	2012-02-28	7.36	7.42	7.1	7.14	15184	3.57	300116	坚瑞消防	SZ	7.38	3.69	
563	2012-02-28	8.37	8.38	8.11	8.21	31180	8.16	300117	嘉寓股份	SZ	8.38	8.33	
563	2012-02-28	9.24	9.32	8.84	9.22	186690	5.7	300118	东方日升	SZ	9.32	5.76	
563	2012-02-28	33.77	34.14	33.23	33.45	9887	12.47	300119	瑞普生物	SZ	33.89	12.63	
563	2012-02-28	7.73	8.33	7.73	8.05	102028	5.21	300120	经纬电材	SZ	7.58	4.9	
563	2012-02-28	10.02	10.13	9.88	9.98	11978	7.59	300121	阳谷华泰	SZ	10.3	7.84	
563	2012-02-28	24.75	24.95	23.9	24.12	6532	23.73	300122	智飞生物	SZ	24.82	24.42	
563	2012-02-28	13.49	13.49	13.1	13.4	18605	13.22	300123	太阳鸟	SZ	13.52	13.34	
563	2012-02-28	31.22	31.23	29.73	29.92	12956	16.35	300124	汇川技术	SZ	31.23	17.07	
563	2012-02-28	16.5	16.77	15.96	16.18	15483	16.15	300125	易世达	SZ	16.42	16.39	
563	2012-02-28	11.9	11.96	11.66	11.82	9363	11.23	300126	锐奇股份	SZ	11.98	11.38	
563	2012-02-28	60.28	63.26	60	62.38	53803	29.54	300127	银河磁体	SZ	60.8	28.79	
563	2012-02-28	6.57	6.57	6.3	6.39	47708	3.06	300128	锦富新材	SZ	6.59	3.16	
563	2012-02-28	6.04	6.1	5.89	5.98	81852	3.92	300129	泰胜风能	SZ	6.09	4	
563	2012-02-28	18.27	18.43	17.51	17.75	14335	17.59	300130	新国都	SZ	18.45	18.28	
563	2012-02-28	7.19	7.19	6.91	7.09	22571	3.46	300131	英唐智控	SZ	7.2	3.51	
563	2012-02-28	8.98	8.98	8.62	8.74	4967	5.32	300132	青松股份	SZ	8.86	5.39	
563	2012-02-28	10.35	10.78	10.34	10.76	186537	3.57	300133	华策影视	SZ	10.39	3.45	
563	2012-02-28	16.19	16.35	15.65	15.95	62666	15.95	300134	大富科技	SZ	16.45	16.45	
563	2012-02-28	5.1	5.14	4.97	5.07	147550	1.5	300135	宝利沥青	SZ	5.12	1.52	
563	2012-02-28	13.85	14.92	13.76	14.31	241508	10.96	300137	先河环保	SZ	13.74	10.52	
563	2012-02-28	12.95	13.24	12.85	13.15	11486	6.41	300138	晨光生物	SZ	12.96	6.32	
563	2012-02-28	29.14	29.35	28.56	28.63	7520	14.02	300139	福星晓程	SZ	29.02	14.21	
563	2012-02-28	14.7	14.7	14.08	14.29	22903	14.1	300140	启源装备	SZ	14.75	14.56	
563	2012-02-28	10.34	10.4	10	10.28	30600	3.3	300141	和顺电气	SZ	10.48	3.37	
563	2012-02-28	37.67	37.67	36.46	36.66	11085	30.14	300142	沃森生物	SZ	37.79	31.07	
563	2012-02-28	15.11	15.54	14.79	15.44	40338	15.21	300143	星河生物	SZ	15.18	14.95	
563	2012-02-28	15.72	15.72	15.01	15.33	56448	9.97	300144	宋城股份	SZ	15.8	10.27	
563	2012-02-28	17.97	18.54	17.9	18.12	26136	17.89	300145	南方泵业	SZ	18	17.77	
563	2012-02-28	14.04	14.42	13.81	14.21	77630	2.11	300146	汤臣倍健	SZ	14.04	2.09	
563	2012-02-28	6.99	6.99	6.8	6.87	29181	4.23	300147	香雪制药	SZ	6.99	4.31	
563	2012-02-28	16.19	17.81	16.19	17.17	330088	7.25	300148	天舟文化	SZ	16.38	6.92	
563	2012-02-28	7.09	7.12	6.84	7.02	36030	4.62	300149	量子高科	SZ	7.13	4.69	
563	2012-02-28	9.86	9.86	9.49	9.56	56756	4.25	300150	世纪瑞尔	SZ	9.87	4.39	
563	2012-02-28	12.68	12.97	12.66	12.77	14060	12.34	300151	昌红科技	SZ	12.77	12.34	
563	2012-02-28	10.33	10.39	10.07	10.15	39013	4.4	300152	燃控科技	SZ	10.44	4.52	
563	2012-02-28	11.84	11.85	11.39	11.55	33662	11.26	300153	科泰电源	SZ	11.88	11.58	
563	2012-02-28	11.46	11.49	11.17	11.29	14849	10.96	300154	瑞凌股份	SZ	11.46	11.13	
563	2012-02-28	14.22	14.32	13.86	14.05	32494	13.63	300155	安居宝	SZ	14.34	13.91	
563	2012-02-28	11.94	12.56	11.86	12.13	55896	6.65	300156	天立环保	SZ	11.78	6.46	
563	2012-02-28	12.5	12.65	12.11	12.29	39913	6.04	300157	恒泰艾普	SZ	12.59	6.18	
563	2012-02-28	14.11	14.19	13.8	13.97	21011	6.97	300158	振东制药	SZ	14.25	7.11	
563	2012-02-28	30.3	31.3	29.88	31	31739	7.52	300159	新研股份	SZ	30.56	7.42	
563	2012-02-28	13.6	13.9	13.57	13.77	16541	6.65	300160	秀强股份	SZ	13.76	6.65	
563	2012-02-28	15.79	15.8	15.2	15.42	15096	15.23	300161	华中数控	SZ	15.79	15.6	
563	2012-02-28	19.15	19.3	18.6	19.22	56822	18.7	300162	雷曼光电	SZ	19.2	18.68	
563	2012-02-28	17.18	17.22	16.82	17.09	3912	16.65	300163	先锋新材	SZ	17.28	16.83	
563	2012-02-28	10.67	10.83	10.53	10.67	31708	3.41	300164	通源石油	SZ	10.72	3.43	
563	2012-02-28	16.46	16.64	16.2	16.36	8869	12.15	300165	天瑞仪器	SZ	16.65	12.36	
563	2012-02-28	24.35	25	22.57	22.67	102964	15.07	300166	东方国信	SZ	24.35	16.19	
563	2012-02-28	7.4	7.54	7.24	7.43	137122	2.44	300167	迪威视讯	SZ	7.52	2.47	
563	2012-02-28	11.19	11.33	10.9	11.08	16337	5.48	300168	万达信息	SZ	11.3	5.58	
563	2012-02-28	9.4	9.47	9.18	9.26	42095	4.51	300169	天晟新材	SZ	9.48	4.62	
563	2012-02-28	27.18	27.35	26.22	26.58	18244	19.7	300171	东富龙	SZ	27.25	20.2	
563	2012-02-28	16.45	17.41	16.38	16.98	104214	9.84	300172	中电环保	SZ	16.46	9.54	
563	2012-02-28	9.39	9.45	9.22	9.32	11427	7.08	300173	松德股份	SZ	9.48	7.21	
563	2012-02-28	12.01	12.07	11.75	11.94	31360	5.79	300174	元力股份	SZ	12.13	5.88	
563	2012-02-28	4.47	4.47	4.24	4.3	85993	2.15	300175	朗源股份	SZ	4.47	2.23	
563	2012-02-28	10.07	10.11	9.88	9.97	4616	8.07	300176	鸿特精密	SZ	10.09	8.17	
563	2012-02-28	11.45	11.53	11.07	11.16	77826	5.53	300177	中海达	SZ	11.55	5.72	
563	2012-02-28	17.65	17.7	17.1	17.35	20498	17.04	300178	腾邦国际	SZ	17.68	17.36	
563	2012-02-28	7.53	7.59	7.33	7.47	29023	2.72	300179	四方达	SZ	7.59	2.76	
563	2012-02-28	12.43	12.49	12.21	12.44	11364	12.18	300180	华峰超纤	SZ	12.53	12.27	
563	2012-02-28	5.31	5.33	5.05	5.23	31329	1.26	300181	佐力药业	SZ	5.28	1.27	
563	2012-02-28	18.46	19.27	18.46	19.23	13448	9.54	300182	捷成股份	SZ	18.77	9.31	
563	2012-02-28	27.68	28.86	27.41	28.48	48806	12.39	300183	东软载波	SZ	27.68	12.04	
563	2012-02-28	15.35	15.54	14.97	15.16	8002	6.32	300184	力源信息	SZ	15.45	6.45	
563	2012-02-28	5.56	5.59	5.46	5.5	63538	2.07	300185	通裕重工	SZ	5.59	2.11	
563	2012-02-28	7.3	7.41	7.26	7.39	14466	3.25	300186	大华农	SZ	7.34	3.23	
563	2012-02-28	12.14	12.5	11.88	12.38	35207	4.09	300187	永清环保	SZ	12.2	4.03	
563	2012-02-28	3.24	3.27	3.2	3.22	86663	3.15	301	东方市场	SZ	3.26	3.19	
563	2012-02-28	4.98	5.02	4.8	4.97	293717	4.9	31	中粮地产	SZ	5.03	4.96	
563	2012-02-28	6.45	6.52	6.34	6.47	18193	6.35	32	深桑达Ａ	SZ	6.47	6.35	
563	2012-02-28	4.37	4.41	4.26	4.29	68039	4.29	33	新都酒店	SZ	4.42	4.42	
563	2012-02-28	29.98	30.05	29.54	29.83	98838	24.26	338	潍柴动力	SZ	30.02	24.42	
563	2012-02-28	5.48	5.49	5.25	5.29	97923	5.29	34	ST深泰	SZ	5.51	5.51	
563	2012-02-28	3	3.02	2.93	3	97354	3	36	华联控股	SZ	3.01	3.01	
563	2012-02-28	4.2	4.68	4.2	4.68	108133	4.68	37	深南电Ａ	SZ	4.25	4.25	
563	2012-02-28	15.4	15.91	15.35	15.52	227221	14.81	39	中集集团	SZ	15.44	14.74	
563	2012-02-28	9.15	9.29	9	9.28	20419	9.28	4	ST国农	SZ	9.2	9.2	
563	2012-02-28	4.43	4.49	4.33	4.4	115332	4.33	40	深 鸿 基	SZ	4.5	4.43	
563	2012-02-28	15.08	15.08	14.49	14.65	67488	11.16	400	许继电气	SZ	15.11	11.51	
563	2012-02-28	19.89	20.05	19.33	19.68	101835	19.47	401	冀东水泥	SZ	19.9	19.69	
563	2012-02-28	6.78	6.88	6.69	6.8	248977	6.56	402	金 融 街	SZ	6.79	6.55	
