526	2012-04-19	10.19	10.23	10.12	10.23	219826	6.24	1	深发展Ａ	SZ	10.16	6.2	
526	2012-04-19	2.95	3.04	2.94	2.96	70761	0.74	10	S ST华新	SZ	2.96	0.74	
526	2012-04-19	2.19	2.19	2.16	2.17	670594	2.06	100	TCL 集团	SZ	2.19	2.08	
526	2012-04-19	8.3	8.35	8.06	8.26	192602	8.26	11	深物业A	SZ	8.4	8.4	
526	2012-04-19	9.71	9.94	9.66	9.82	260736	9.2	12	南 玻Ａ	SZ	9.75	9.13	
526	2012-04-19	8.44	8.5	7.91	8.21	340548	8.17	14	沙河股份	SZ	8.79	8.75	
526	2012-04-19	4.03	4.08	3.95	4.03	21035	4.03	150	宜华地产	SZ	4.05	4.05	
526	2012-04-19	8.25	8.55	8.19	8.23	80612	8.17	151	中成股份	SZ	8.41	8.35	
526	2012-04-19	6.92	7.52	6.92	7.52	214930	7.44	153	丰原药业	SZ	6.84	6.77	
526	2012-04-19	4.7	5.15	4.66	4.98	91278	4.98	155	川化股份	SZ	4.72	4.72	
526	2012-04-19	9.95	10.03	9.87	9.92	423929	9.36	157	中联重科	SZ	9.97	9.4	
526	2012-04-19	4.27	4.31	4.24	4.28	40361	4.28	158	常山股份	SZ	4.27	4.27	
526	2012-04-19	9.7	9.85	9.66	9.7	54744	9.46	159	国际实业	SZ	9.77	9.53	
526	2012-04-19	3.54	3.57	3.49	3.49	68252	3.47	16	深康佳Ａ	SZ	3.56	3.54	
526	2012-04-19	7.42	7.56	7.27	7.29	117759	7.04	1696	宗申动力	SZ	7.3	7.05	
526	2012-04-19	3.25	3.31	3.24	3.28	21986	3.28	17	*ST中华A	SZ	3.25	3.25	
526	2012-04-19	6.85	7.02	6.8	7	4528	7	18	ST中冠A	SZ	6.89	6.89	
526	2012-04-19	5.38	5.46	5.32	5.42	31593	5.42	1896	*ST豫能	SZ	5.39	5.39	
526	2012-04-19	10.44	11.16	10.38	10.78	54000	10.51	19	深深宝Ａ	SZ	10.48	10.22	
526	2012-04-19	8.64	8.67	8.57	8.59	341459	7.97	2	万 科Ａ	SZ	8.64	8.02	
526	2012-04-19	7.48	7.53	7.31	7.51	62019	7.51	20	深华发Ａ	SZ	7.63	7.63	
526	2012-04-19	20.24	20.5	20.23	20.38	23465	19.38	2001	新 和 成	SZ	20.41	19.41	
526	2012-04-19	9.03	9.13	8.62	8.62	137820	8.62	2002	ST琼花	SZ	9.07	9.07	
526	2012-04-19	15.44	15.64	15.38	15.53	30755	10.14	2003	伟星股份	SZ	15.46	10.09	
526	2012-04-19	13.13	13.13	12.97	12.99	14551	4.11	2004	华邦制药	SZ	13.16	4.16	
526	2012-04-19	8.44	8.54	8.35	8.48	112032	4.19	2005	德豪润达	SZ	8.44	4.18	
526	2012-04-19	14.69	14.83	14.56	14.65	62112	9.71	2006	精功科技	SZ	14.69	9.74	
526	2012-04-19	24.29	24.72	24.01	24.64	50388	24.45	2007	华兰生物	SZ	24.34	24.15	
526	2012-04-19	7.68	7.77	7.65	7.72	129625	7.42	2008	大族激光	SZ	7.69	7.39	
526	2012-04-19	8.39	8.39	8.13	8.3	52033	8.27	2009	天奇股份	SZ	8.34	8.31	
526	2012-04-19	7.77	7.93	7.7	7.84	82491	7.7	2010	传化股份	SZ	7.85	7.71	
526	2012-04-19	10.41	10.42	10.25	10.28	29441	10.11	2011	盾安环境	SZ	10.41	10.23	
526	2012-04-19	6.18	6.18	6.01	6.05	118553	2.92	2012	凯恩股份	SZ	6.11	2.95	
526	2012-04-19	13.18	13.18	12.71	12.8	44026	12.76	2013	中航精机	SZ	13.18	13.14	
526	2012-04-19	10.29	10.32	10.1	10.19	18012	6.4	2014	永新股份	SZ	10.26	6.44	
526	2012-04-19	8.43	8.68	8.43	8.64	39347	8.64	2015	霞客环保	SZ	8.49	8.49	
526	2012-04-19	5.4	5.45	5.33	5.37	32292	3.77	2016	世荣兆业	SZ	5.4	3.79	
526	2012-04-19	12.97	12.97	12.49	12.78	49826	12.73	2017	东信和平	SZ	12.69	12.64	
526	2012-04-19	3.99	4.08	3.97	4.04	34882	2.74	2018	华星化工	SZ	3.99	2.71	
526	2012-04-19	10.44	10.78	10.16	10.24	98878	10.24	2019	鑫富药业	SZ	10.37	10.37	
526	2012-04-19	7.11	7.2	7.03	7.1	32154	3.42	2020	京新药业	SZ	7.13	3.44	
526	2012-04-19	4	4.05	3.89	3.95	110766	3.01	2021	中捷股份	SZ	3.98	3.03	
526	2012-04-19	10.84	11.14	10.83	11.09	88269	10.4	2022	科华生物	SZ	10.84	10.17	
526	2012-04-19	10.83	11.7	10.71	11.36	147959	11.12	2023	海特高新	SZ	10.86	10.63	
526	2012-04-19	10.95	11.1	10.78	10.85	619143	10.61	2024	苏宁电器	SZ	11.03	10.79	
526	2012-04-19	14.47	14.63	14.18	14.33	76944	14.06	2025	航天电器	SZ	14.56	14.28	
526	2012-04-19	6.71	6.82	6.65	6.68	15735	5.03	2026	山东威达	SZ	6.71	5.05	
526	2012-04-19	4.76	4.96	4.76	4.9	74081	4.9	2027	七喜控股	SZ	4.8	4.8	
526	2012-04-19	13.8	13.86	13.61	13.66	17478	13.49	2028	思源电气	SZ	13.81	13.64	
526	2012-04-19	16.42	16.42	16.04	16.15	10027	7.04	2029	七 匹 狼	SZ	16.36	7.13	
526	2012-04-19	7.41	7.52	7.28	7.34	16400	7.23	2031	巨轮股份	SZ	7.39	7.28	
526	2012-04-19	13.86	14.14	13.85	14.01	9763	12.22	2032	苏 泊 尔	SZ	13.85	12.08	
526	2012-04-19	17.54	17.54	17.24	17.41	19855	13.03	2033	丽江旅游	SZ	17.54	13.13	
526	2012-04-19	14.32	14.58	14.27	14.36	15635	13.74	2034	美 欣 达	SZ	14.47	13.85	
526	2012-04-19	9.7	9.82	9.63	9.73	31855	6.99	2035	华帝股份	SZ	9.7	6.97	
526	2012-04-19	14.13	14.57	14.02	14.49	25510	14.35	2036	宜科科技	SZ	14.03	13.89	
526	2012-04-19	14.06	14.19	13.74	14.04	42674	8.54	2037	久联发展	SZ	14.24	8.66	
526	2012-04-19	22.54	22.67	22.19	22.32	47682	18.4	2038	双鹭药业	SZ	22.19	18.3	
526	2012-04-19	15.41	15.79	15.41	15.53	8144	15.4	2039	黔源电力	SZ	15.57	15.44	
526	2012-04-19	6.32	6.36	6.23	6.27	12793	6.21	2040	南 京 港	SZ	6.32	6.26	
526	2012-04-19	23.64	23.64	23.12	23.27	45831	23.09	2041	登海种业	SZ	23.63	23.44	
526	2012-04-19	5.67	5.77	5.64	5.69	71337	3.72	2042	华孚色纺	SZ	5.65	3.69	
526	2012-04-19	3.91	3.93	3.83	3.88	26638	1.89	2043	兔 宝 宝	SZ	3.92	1.92	
526	2012-04-19	10.2	10.2	9.89	9.95	13426	9.59	2044	江苏三友	SZ	10.14	9.77	
526	2012-04-19	5.68	5.78	5.64	5.66	70009	5.42	2045	广州国光	SZ	5.7	5.46	
526	2012-04-19	7.97	8.11	7.92	8.05	41207	3.95	2046	轴研科技	SZ	8.02	3.94	
526	2012-04-19	3.68	3.75	3.64	3.67	49763	3.67	2047	成霖股份	SZ	3.68	3.68	
526	2012-04-19	8.01	8.08	7.94	7.94	36884	7.82	2048	宁波华翔	SZ	8.01	7.89	
526	2012-04-19	19.94	19.94	19.55	19.6	3325	19.54	2049	晶源电子	SZ	19.73	19.67	
526	2012-04-19	12.15	12.35	12.08	12.13	21342	12.04	2050	三花股份	SZ	12.14	12.05	
526	2012-04-19	22.9	23.05	22.02	22.08	20089	16.63	2051	中工国际	SZ	22.04	16.6	
526	2012-04-19	5.31	5.36	5.24	5.28	53170	2.61	2052	同洲电子	SZ	5.34	2.64	
526	2012-04-19	10.45	10.57	10.37	10.52	10210	10.47	2053	云南盐化	SZ	10.47	10.42	
526	2012-04-19	8.54	8.63	8.45	8.5	18771	8.26	2054	德美化工	SZ	8.58	8.34	
526	2012-04-19	9.06	9.2	9	9.07	50365	4.47	2055	得润电子	SZ	9.1	4.49	
526	2012-04-19	18.1	18.22	17.66	17.82	54823	17.8	2056	横店东磁	SZ	18.02	18	
526	2012-04-19	17.08	17.36	16.9	16.98	12452	16.98	2057	中钢天源	SZ	17.09	17.09	
526	2012-04-19	6.98	7.09	6.93	7	15458	6.01	2058	威 尔 泰	SZ	6.98	6	
526	2012-04-19	11.59	11.75	11.42	11.67	42736	11.56	2059	云南旅游	SZ	11.79	11.68	
526	2012-04-19	5.81	5.94	5.81	5.84	74319	4.02	2060	粤 水 电	SZ	5.81	3.99	
526	2012-04-19	5.23	5.35	5.2	5.27	41914	3.47	2061	江山化工	SZ	5.22	3.43	
526	2012-04-19	6.15	6.15	5.98	6.02	38920	3.27	2062	宏润建设	SZ	6.14	3.33	
526	2012-04-19	12.5	12.92	12.49	12.92	82301	9.69	2063	远光软件	SZ	12.45	9.33	
526	2012-04-19	5.98	6.03	5.92	5.92	44887	5.84	2064	华峰氨纶	SZ	5.98	5.9	
526	2012-04-19	16.07	16.19	15.78	16.03	7800	12.09	2065	东华软件	SZ	16.03	12.09	
526	2012-04-19	6.65	6.75	6.61	6.72	20343	3.27	2066	瑞泰科技	SZ	6.66	3.23	
526	2012-04-19	3.44	3.44	3.38	3.4	155955	1.7	2067	景兴纸业	SZ	3.44	1.72	
526	2012-04-19	7.29	7.31	7.16	7.2	77155	7.05	2068	黑猫股份	SZ	7.31	7.16	
526	2012-04-19	21.8	21.84	21.5	21.57	49873	20.72	2069	獐 子 岛	SZ	21.86	21	
526	2012-04-19	3.76	3.78	3.72	3.73	27722	2.2	2070	众和股份	SZ	3.75	2.21	
526	2012-04-19	8.03	8.06	7.91	7.96	17075	7.92	2071	江苏宏宝	SZ	8.07	8.03	
526	2012-04-19	6.57	6.58	6.45	6.49	10841	6.49	2072	*ST德棉	SZ	6.57	6.57	
526	2012-04-19	13.79	13.85	13.5	13.5	132916	13.44	2073	软控股份	SZ	13.87	13.81	
526	2012-04-19	6.87	6.91	6.76	6.77	46550	6.65	2074	东源电器	SZ	6.88	6.75	
526	2012-04-19	7.2	7.22	7.03	7.08	31020	7	2077	大港股份	SZ	6.95	6.87	
526	2012-04-19	7.2	7.23	7.12	7.16	21003	6.9	2078	太阳纸业	SZ	7.19	6.93	
526	2012-04-19	6.64	6.68	6.54	6.6	39342	3.62	2079	苏州固锝	SZ	6.59	3.61	
526	2012-04-19	11.06	11.79	11.06	11.6	114608	11.32	2080	中材科技	SZ	10.94	10.68	
526	2012-04-19	19.47	19.47	18.91	19.32	39797	8.46	2081	金 螳 螂	SZ	19.51	8.54	
526	2012-04-19	9.25	9.36	9.16	9.21	51226	8.89	2082	栋梁新材	SZ	9.58	9.25	
526	2012-04-19	5.25	5.32	5.22	5.27	69844	5.2	2083	孚日股份	SZ	5.26	5.19	
526	2012-04-19	4.72	4.72	4.61	4.67	23381	3.73	2084	海鸥卫浴	SZ	4.74	3.78	
526	2012-04-19	10	10	9.38	9.44	102566	8.74	2085	万丰奥威	SZ	9.21	8.53	
526	2012-04-19	12.59	12.88	12.5	12.88	55006	12.68	2086	东方海洋	SZ	12.64	12.45	
526	2012-04-19	4.01	4.04	3.97	3.99	53537	3.95	2087	新野纺织	SZ	4.02	3.98	
526	2012-04-19	11.68	11.68	11.2	11.26	50370	11.02	2088	鲁阳股份	SZ	11.61	11.36	
526	2012-04-19	9.9	9.97	9.84	9.93	32965	8.1	2089	新 海 宜	SZ	9.88	8.06	
526	2012-04-19	8.86	8.86	8.72	8.73	9247	8.58	2090	金智科技	SZ	8.83	8.68	
526	2012-04-19	13.11	13.37	12.9	12.91	74432	12.65	2091	江苏国泰	SZ	12.93	12.67	
526	2012-04-19	9.25	9.37	9.19	9.25	111774	8.93	2092	中泰化学	SZ	9.26	8.94	
526	2012-04-19	6.68	6.75	6.53	6.64	126095	6.63	2093	国脉科技	SZ	6.69	6.68	
526	2012-04-19	9.54	9.68	9.38	9.49	106116	9.49	2094	青岛金王	SZ	9.57	9.57	
526	2012-04-19	15.1	15.27	14.6	14.86	30766	14.69	2095	生 意 宝	SZ	15.17	15	
526	2012-04-19	8.9	9.01	8.82	8.9	27984	8.82	2097	山河智能	SZ	8.92	8.84	
526	2012-04-19	8.79	8.82	8.7	8.75	13886	8.35	2098	浔兴股份	SZ	8.83	8.42	
526	2012-04-19	10.19	10.29	10.06	10.14	17653	4.94	2099	海翔药业	SZ	10.19	4.97	
526	2012-04-19	6.06	6.09	6	6.04	58988	5.92	21	长城开发	SZ	6.08	5.96	
526	2012-04-19	7.08	7.25	7.04	7.18	25476	5.43	2100	天康生物	SZ	7.08	5.36	
526	2012-04-19	10.89	11.93	10.89	11.38	32121	11.14	2101	广东鸿图	SZ	10.95	10.72	
526	2012-04-19	6	6.11	5.95	6.06	91234	6.06	2102	冠福家用	SZ	6.03	6.03	
526	2012-04-19	6.37	6.67	6.35	6.39	13048	6.24	2103	广博股份	SZ	6.38	6.23	
526	2012-04-19	8.95	9.21	8.92	9.18	108993	9.08	2104	恒宝股份	SZ	8.92	8.82	
526	2012-04-19	5.28	5.29	5.23	5.27	9379	5.07	2105	信隆实业	SZ	5.26	5.06	
526	2012-04-19	16.68	17.55	16.59	17.26	266510	17	2106	莱宝高科	SZ	16.81	16.56	
526	2012-04-19	9.84	10.25	9.76	10.14	13415	10.14	2107	沃华医药	SZ	9.87	9.87	
526	2012-04-19	9.01	9.09	8.72	8.8	61608	8.65	2108	沧州明珠	SZ	8.92	8.77	
526	2012-04-19	8.68	8.78	8.63	8.7	52622	8.4	2109	兴化股份	SZ	8.68	8.38	
526	2012-04-19	7.36	7.47	7.31	7.35	21093	7.34	2110	三钢闽光	SZ	7.36	7.35	
526	2012-04-19	9.58	10.44	9.42	10.2	212121	10.03	2111	威海广泰	SZ	9.53	9.37	
526	2012-04-19	7.65	7.83	7.64	7.78	5982	7.78	2113	ST天润	SZ	7.65	7.65	
526	2012-04-19	10.54	10.68	10.29	10.3	80291	10.3	2114	罗平锌电	SZ	10.5	10.5	
526	2012-04-19	7.32	7.32	7.17	7.23	52237	3.89	2115	三维通信	SZ	7.32	3.94	
526	2012-04-19	11.72	11.83	11.39	11.52	11398	6.14	2116	中国海诚	SZ	11.77	6.27	
526	2012-04-19	12.12	12.32	12.11	12.29	19959	7.22	2117	东港股份	SZ	12.15	7.13	
526	2012-04-19	10.9	11.16	10.78	10.93	169698	10.93	2118	紫鑫药业	SZ	11.01	11.01	
526	2012-04-19	8.07	8.13	7.96	8	12946	7.95	2119	康强电子	SZ	8.08	8.03	
526	2012-04-19	9.4	9.4	9.01	9.18	83834	9.03	2120	新海股份	SZ	9.5	9.35	
526	2012-04-19	9.89	10.49	9.88	10.22	87155	10.15	2121	科陆电子	SZ	9.7	9.63	
526	2012-04-19	7.23	7.23	7.11	7.19	58384	6.97	2122	天马股份	SZ	7.24	7.02	
526	2012-04-19	15.07	15.37	14.87	15.32	152412	15.32	2123	荣信股份	SZ	15.03	15.03	
526	2012-04-19	7.2	7.23	7.14	7.18	9407	7.01	2124	天邦股份	SZ	7.19	7.02	
526	2012-04-19	9.66	9.8	9.57	9.65	12804	6.01	2125	湘潭电化	SZ	9.66	6.01	
526	2012-04-19	5.5	5.55	5.47	5.51	40768	5.49	2127	新民科技	SZ	5.5	5.48	
526	2012-04-19	15.65	15.83	15.62	15.67	27024	14.94	2128	露天煤业	SZ	15.73	14.99	
526	2012-04-19	12.87	13.36	12.85	13.25	57223	13.24	2129	中环股份	SZ	12.86	12.85	
526	2012-04-19	7.85	8.14	7.82	7.98	147230	4.03	2130	沃尔核材	SZ	7.87	3.97	
526	2012-04-19	12.36	12.85	12.31	12.62	37400	12.56	2131	利欧股份	SZ	12.5	12.44	
526	2012-04-19	7.01	7.03	6.88	6.91	53272	6.84	2132	恒星科技	SZ	7	6.93	
526	2012-04-19	5.06	5.11	4.93	4.96	79613	3.91	2133	广宇集团	SZ	5.06	3.99	
526	2012-04-19	8.6	8.6	7.79	8.03	139676	8.03	2134	天津普林	SZ	8.58	8.58	
526	2012-04-19	14.34	14.68	14.2	14.27	43308	14.18	2136	安 纳 达	SZ	14.4	14.31	
526	2012-04-19	6.52	6.62	6.39	6.58	61468	4.85	2137	实 益 达	SZ	6.49	4.78	
526	2012-04-19	10.31	10.44	10.21	10.35	27951	6.74	2138	顺络电子	SZ	10.33	6.73	
526	2012-04-19	10.22	10.44	10.16	10.42	60876	9.13	2139	拓邦股份	SZ	10.21	8.94	
526	2012-04-19	21.98	22.15	21.81	21.97	5388	21.82	2140	东华科技	SZ	21.94	21.79	
526	2012-04-19	6.23	6.33	6.23	6.24	10155	6.24	2141	蓉胜超微	SZ	6.28	6.28	
526	2012-04-19	9.81	9.93	9.75	9.83	152243	9.4	2142	宁波银行	SZ	9.85	9.42	
526	2012-04-19	6.7	6.76	6.62	6.66	7149	5.06	2143	高金食品	SZ	6.69	5.08	
526	2012-04-19	13.08	13.14	12.91	13.13	15973	12.85	2144	宏达高科	SZ	13.13	12.85	
526	2012-04-19	10.44	10.66	10.31	10.58	43772	10.4	2146	荣盛发展	SZ	10.47	10.29	
526	2012-04-19	8.25	8.34	8.2	8.28	30943	8.01	2147	方圆支承	SZ	8.26	7.99	
526	2012-04-19	15.12	15.22	14.85	14.89	24656	14.83	2149	西部材料	SZ	15.12	15.06	
526	2012-04-19	7.21	7.65	7.21	7.45	33641	7.2	2150	江苏通润	SZ	7.3	7.06	
526	2012-04-19	21.01	21.2	20.91	20.93	12069	17.33	2151	北斗星通	SZ	21.19	17.55	
526	2012-04-19	29.6	29.97	29.02	29.76	4038	29.36	2153	石基信息	SZ	29.48	29.09	
526	2012-04-19	12.3	12.55	12	12.24	41319	11.83	2154	报 喜 鸟	SZ	12.29	11.88	
526	2012-04-19	14.81	15.11	14.81	14.85	212807	8.03	2155	辰州矿业	SZ	14.47	7.82	
526	2012-04-19	5.97	6.2	5.85	6.08	91185	6.03	2156	通富微电	SZ	6.03	5.99	
526	2012-04-19	10.79	10.93	10.64	10.8	26264	10.62	2157	正邦科技	SZ	10.77	10.59	
526	2012-04-19	11.66	11.78	11.53	11.64	16800	10.04	2158	汉钟精机	SZ	11.7	10.09	
526	2012-04-19	14.94	15.17	14.87	15	9275	14.91	2159	三特索道	SZ	15.15	15.06	
526	2012-04-19	9.51	9.73	9.48	9.62	131710	4.74	2161	远 望 谷	SZ	9.55	4.71	
526	2012-04-19	9.66	9.98	9.55	9.9	203805	9.9	2162	斯 米 克	SZ	9.78	9.78	
526	2012-04-19	6.31	6.39	6.21	6.27	43537	6.24	2164	东力传动	SZ	6.31	6.28	
526	2012-04-19	6.64	6.64	6.44	6.5	22796	3.51	2165	红 宝 丽	SZ	6.6	3.56	
526	2012-04-19	15.45	15.97	15.22	15.75	48650	15.75	2166	莱茵生物	SZ	15.41	15.41	
526	2012-04-19	19.12	19.26	19	19.13	19280	9.52	2167	东方锆业	SZ	19.19	9.55	
526	2012-04-19	10.24	10.65	10.24	10.5	94161	8.91	2168	深圳惠程	SZ	10.23	8.68	
526	2012-04-19	6.7	6.75	6.64	6.69	36794	6.69	2169	智光电气	SZ	6.69	6.69	
526	2012-04-19	4.44	4.57	4.42	4.49	88518	2.42	2170	芭田股份	SZ	4.46	2.39	
526	2012-04-19	11.72	11.8	11.65	11.71	21853	11.69	2171	精诚铜业	SZ	11.8	11.78	
525	2012-04-19	4.73	4.83	4.67	4.72	86188	4.72	2172	澳洋科技	SZ	4.8	4.8	
526	2012-04-19	9.28	9.49	9.2	9.33	14606	9.28	2173	山 下 湖	SZ	9.31	9.26	
526	2012-04-19	14.7	14.79	14.16	14.21	25465	14.2	2174	梅 花 伞	SZ	14.82	14.81	
526	2012-04-19	10.63	10.93	10.63	10.89	5901	10.78	2175	广陆数测	SZ	10.79	10.68	
526	2012-04-19	10.27	10.33	10	10.01	83238	4.99	2176	江特电机	SZ	9.98	4.97	
526	2012-04-19	5.77	5.84	5.71	5.81	77312	4.46	2177	御银股份	SZ	5.78	4.43	
526	2012-04-19	8.99	9.13	8.93	8.97	11334	8.94	2178	延华智能	SZ	9.07	9.04	
526	2012-04-19	13.49	14	13.41	13.61	25480	13.46	2180	万 力 达	SZ	13.57	13.42	
526	2012-04-19	10.99	11.1	10.93	10.98	25588	10.87	2181	粤 传 媒	SZ	11.05	10.94	
526	2012-04-19	10.4	10.46	10.31	10.38	55184	10.26	2182	云海金属	SZ	10.39	10.27	
526	2012-04-19	6.3	6.4	6.2	6.33	95087	6.23	2183	怡 亚 通	SZ	6.38	6.27	
526	2012-04-19	7.77	7.9	7.74	7.79	31551	7.66	2184	海得控制	SZ	7.81	7.68	
526	2012-04-19	5.81	5.86	5.75	5.78	52573	3.53	2185	华天科技	SZ	5.85	3.57	
526	2012-04-19	15.45	16.75	15.44	15.9	38306	7.48	2186	全 聚 德	SZ	15.29	7.19	
526	2012-04-19	10.14	10.22	10.07	10.15	25212	8.1	2187	广百股份	SZ	10.15	8.1	
526	2012-04-19	8.6	8.6	8.32	8.39	10451	8.39	2188	新 嘉 联	SZ	8.58	8.58	
526	2012-04-19	18.07	18.8	17.65	17.66	38816	13.41	2190	成飞集成	SZ	18.04	13.7	
526	2012-04-19	10.19	10.25	10.04	10.08	29496	9.89	2191	劲嘉股份	SZ	10.18	9.99	
526	2012-04-19	18.4	18.5	17.5	17.89	36870	17.89	2192	路翔股份	SZ	18.05	18.05	
526	2012-04-19	9.44	9.5	9.32	9.47	11411	9.47	2193	山东如意	SZ	9.44	9.44	
526	2012-04-19	8.15	8.15	7.95	8.01	46468	7.86	2194	武汉凡谷	SZ	8.37	7.99	
525	2012-04-19	16.71	16.85	16.63	16.75	9901	16.49	2195	海隆软件	SZ	16.71	16.46	
525	2012-04-19	13.11	14.19	13.11	14.19	16490	13.76	2196	方正电机	SZ	12.9	12.51	
526	2012-04-19	10.7	10.77	10.4	10.59	61884	10.41	2197	证通电子	SZ	10.68	10.5	
525	2012-04-19	4.2	4.24	4.15	4.22	20904	2.08	2198	嘉应制药	SZ	4.24	2.09	
525	2012-04-19	7.43	7.46	7.35	7.41	13378	4.88	2199	东晶电子	SZ	7.43	4.9	
526	2012-04-19	10.42	10.7	10.42	10.43	12155	9.77	22	深赤湾Ａ	SZ	10.5	9.83	
525	2012-04-19	11.03	11.66	11.03	11.65	41810	11.65	2200	绿 大 地	SZ	11.1	11.1	
525	2012-04-19	8.16	8.27	8.08	8.15	20209	8.14	2201	九鼎新材	SZ	8.18	8.17	
525	2012-04-19	7.85	7.88	7.77	7.8	114882	7.67	2202	金风科技	SZ	7.84	7.71	
525	2012-04-19	7.25	7.46	7.21	7.43	50163	4.82	2203	海亮股份	SZ	7.29	4.73	
525	2012-04-19	11.33	11.4	11.22	11.27	21185	4.89	2204	华锐铸钢	SZ	11.33	4.92	
525	2012-04-19	18	19.46	18	18.4	54992	18.25	2205	国统股份	SZ	17.92	17.77	
525	2012-04-19	8.32	8.37	8.19	8.26	67502	7.49	2206	海 利 得	SZ	8.33	7.55	
525	2012-04-19	14.73	15.1	14.6	14.77	24181	14.66	2207	准油股份	SZ	14.73	14.62	
525	2012-04-19	7.05	7.25	7.03	7.1	30469	6.86	2208	合肥城建	SZ	7.2	6.96	
525	2012-04-19	8.76	8.86	8.61	8.65	9773	8.57	2209	达 意 隆	SZ	8.82	8.74	
525	2012-04-19	5.78	5.87	5.73	5.85	22810	4.41	2210	飞马国际	SZ	5.78	4.36	
525	2012-04-19	7.18	7.22	7.07	7.17	48009	7.17	2211	宏达新材	SZ	7.19	7.19	
525	2012-04-19	5.99	6.06	5.95	5.98	36879	5.84	2212	南洋股份	SZ	5.99	5.85	
525	2012-04-19	9.14	9.46	9.06	9.38	36313	9.27	2213	特 尔 佳	SZ	9.13	9.02	
525	2012-04-19	12	12.09	11.75	11.79	55692	5.75	2214	大立科技	SZ	12.05	5.88	
525	2012-04-19	6.05	6.07	5.93	6.01	108875	3.88	2215	诺 普 信	SZ	6.13	3.96	
525	2012-04-19	14.15	14.15	13.93	14.1	6969	6.91	2216	三全食品	SZ	14.16	6.94	
526	2012-04-19	9.42	9.64	9.38	9.55	59557	9.55	2218	拓日新能	SZ	9.42	9.42	
526	2012-04-19	10.3	10.43	10.3	10.36	11148	6.41	2219	独 一 味	SZ	10.36	6.41	
526	2012-04-19	8.95	8.95	8.75	8.85	10912	4.3	2220	天宝股份	SZ	8.9	4.33	
526	2012-04-19	5.72	5.74	5.55	5.62	61863	2.78	2221	东华能源	SZ	5.72	2.83	
526	2012-04-19	8.1	8.1	7.69	7.7	127636	7.49	2222	福晶科技	SZ	8.06	7.84	
526	2012-04-19	14.39	14.44	14.22	14.26	32020	10.86	2223	鱼跃医疗	SZ	14.3	10.89	
526	2012-04-19	5.86	5.95	5.82	5.87	14564	3.81	2224	三 力 士	SZ	5.86	3.8	
526	2012-04-19	9.95	10.05	9.83	9.91	64330	9.8	2225	濮耐股份	SZ	10.09	9.98	
526	2012-04-19	12.82	12.94	12.63	12.76	16834	12.28	2226	江南化工	SZ	12.77	12.29	
526	2012-04-19	28	29.7	26.11	26.16	54988	25.94	2227	奥 特 迅	SZ	27	26.78	
526	2012-04-19	5.93	5.97	5.88	5.93	14803	5.74	2228	合兴包装	SZ	5.94	5.75	
526	2012-04-19	8.48	8.52	8.31	8.37	67698	8.31	2229	鸿博股份	SZ	8.54	8.48	
526	2012-04-19	25.85	25.85	25.13	25.61	56102	9.86	2230	科大讯飞	SZ	25.77	9.93	
526	2012-04-19	11.42	11.64	11.13	11.19	124533	11.19	2231	奥维通信	SZ	11.49	11.49	
526	2012-04-19	9.92	10.06	9.7	9.96	97892	9.95	2232	启明信息	SZ	9.93	9.92	
526	2012-04-19	9.9	10	9.75	9.75	164427	9.47	2233	塔牌集团	SZ	9.7	9.42	
526	2012-04-19	14.51	14.51	13.99	14	58896	6.57	2234	民和股份	SZ	14.52	6.81	
526	2012-04-19	11.92	11.92	11.63	11.7	7176	11.34	2235	安妮股份	SZ	11.87	11.5	
526	2012-04-19	12.8	12.9	12.65	12.73	20810	3.12	2236	大华股份	SZ	12.9	3.16	
526	2012-04-19	19	19.67	18.9	19.09	46826	9.42	2237	恒邦股份	SZ	19.22	9.47	
526	2012-04-19	8.75	9.1	8.65	8.98	53548	8.95	2239	金 飞 达	SZ	8.74	8.71	
525	2012-04-19	5.03	5.14	4.95	5	53576	5	2240	威华股份	SZ	5.07	5.07	
526	2012-04-19	14.88	15.47	14.79	15.14	59367	8.31	2241	歌尔声学	SZ	14.98	8.22	
526	2012-04-19	8.13	8.2	8.07	8.12	20653	7.18	2242	九阳股份	SZ	8.14	7.2	
526	2012-04-19	9.09	9.09	8.75	8.91	24104	8.79	2243	通产丽星	SZ	9.05	8.92	
526	2012-04-19	8.66	8.76	8.46	8.65	36021	8.52	2244	滨江集团	SZ	8.72	8.59	
526	2012-04-19	7.19	7.49	7.19	7.36	92128	7.24	2245	澳洋顺昌	SZ	7.16	7.05	
526	2012-04-19	11.55	11.6	11.14	11.16	31901	11.07	2246	北化股份	SZ	11.68	11.59	
526	2012-04-19	7.09	7.1	6.92	6.99	12719	3.37	2247	帝龙新材	SZ	7.1	3.42	
526	2012-04-19	10.61	10.73	10.53	10.59	26010	10.54	2248	华东数控	SZ	10.69	10.64	
526	2012-04-19	10.27	10.37	10.11	10.28	69844	6.53	2249	大洋电机	SZ	10.27	6.52	
526	2012-04-19	15.64	15.75	15.48	15.54	6690	11.84	2250	联化科技	SZ	15.66	11.93	
526	2012-04-19	12.91	13.06	12.85	12.97	6842	6.53	2251	步 步 高	SZ	12.96	6.52	
526	2012-04-19	16.56	16.67	16.19	16.2	17446	9.85	2253	川大智胜	SZ	16.34	9.94	
526	2012-04-19	8.68	8.82	8.66	8.71	24309	6.53	2254	烟台氨纶	SZ	8.68	6.51	
526	2012-04-19	14.36	14.49	14.3	14.35	12254	7.1	2255	海陆重工	SZ	14.49	7.17	
526	2012-04-19	7.22	7.32	7.17	7.23	57603	5.97	2256	彩虹精化	SZ	7.04	5.81	
526	2012-04-19	10.08	10.23	10	10.2	11211	10.12	2258	利尔化学	SZ	10.08	10	
526	2012-04-19	3.52	3.53	3.44	3.47	152189	3.47	2259	升达林业	SZ	3.54	3.54	
526	2012-04-19	7.3	7.56	7.25	7.46	56702	7.27	2260	伊 立 浦	SZ	7.29	7.1	
526	2012-04-19	14.37	14.52	14.19	14.24	44231	10.91	2261	拓维信息	SZ	14.33	10.98	
526	2012-04-19	15.14	15.22	15	15.06	9355	11.99	2262	恩华药业	SZ	15.18	12.07	
526	2012-04-19	5.64	5.79	5.6	5.68	97608	4.66	2263	大 东 南	SZ	5.65	4.64	
526	2012-04-19	7.37	7.4	7.32	7.35	39424	4.81	2264	新 华 都	SZ	7.35	4.81	
526	2012-04-19	7.93	8.15	7.7	7.85	39190	7.85	2265	西仪股份	SZ	7.93	7.93	
526	2012-04-19	4.3	4.34	4.25	4.28	62851	1.03	2266	浙富股份	SZ	4.28	1.03	
526	2012-04-19	8.24	8.28	8.2	8.25	15581	3.95	2267	陕天然气	SZ	8.24	3.95	
526	2012-04-19	15.14	15.22	14.85	14.9	13789	14.84	2268	卫 士 通	SZ	15.15	15.09	
526	2012-04-19	23.27	23.6	22.95	23.22	9916	21.34	2269	美邦服饰	SZ	23.35	21.46	
526	2012-04-19	7.44	7.55	7.36	7.38	40194	7.28	2270	法因数控	SZ	7.51	7.41	
526	2012-04-19	11.3	11.34	11.15	11.19	20263	10.93	2271	东方雨虹	SZ	11.29	11.03	
526	2012-04-19	11.3	12.05	11.1	11.54	413674	11.52	2272	川润股份	SZ	11.63	11.6	
526	2012-04-19	10.78	11.07	10.78	10.82	24909	3.42	2273	水晶光电	SZ	10.82	3.42	
526	2012-04-19	9.74	9.97	9.7	9.88	48080	9.82	2274	华昌化工	SZ	9.83	9.77	
526	2012-04-19	13.3	13.32	13.02	13.14	5210	12.03	2275	桂林三金	SZ	13.27	12.15	
526	2012-04-19	6.6	6.87	6.6	6.75	172624	6.69	2276	万马电缆	SZ	6.54	6.48	
526	2012-04-19	10.3	10.39	10.14	10.19	57255	6.3	2277	友阿股份	SZ	10.31	6.38	
526	2012-04-19	11	11.85	10.92	11.52	98788	10.17	2278	神开股份	SZ	11.02	9.73	
526	2012-04-19	11.74	11.97	11.68	11.88	28444	7.16	2279	久其软件	SZ	11.84	7.15	
526	2012-04-19	13.91	13.99	13.64	13.76	9437	13.25	2280	新世纪	SZ	13.91	13.39	
526	2012-04-19	26.79	26.9	26.4	26.51	10491	26.04	2281	光迅科技	SZ	26.8	26.32	
526	2012-04-19	10.34	10.58	10.2	10.31	25731	10.15	2282	博深工具	SZ	10.48	10.32	
526	2012-04-19	9.3	9.65	9.2	9.56	82915	9.5	2283	天润曲轴	SZ	9.31	9.25	
526	2012-04-19	7.5	7.55	7.44	7.52	14848	7.36	2284	亚太股份	SZ	7.44	7.28	
526	2012-04-19	11.08	11.23	10.82	11.03	35471	8.12	2285	世联地产	SZ	11.16	8.22	
526	2012-04-19	11.93	12.28	11.9	12.08	16180	9.14	2286	保龄宝	SZ	11.68	8.85	
526	2012-04-19	17.11	17.32	17.06	17.1	6739	16.6	2287	奇正藏药	SZ	17.27	16.76	
526	2012-04-19	12.33	12.67	12.1	12.28	141292	10.22	2288	超华科技	SZ	12.49	10.39	
526	2012-04-19	25.78	26.65	25.68	26.52	32148	26.52	2289	宇顺电子	SZ	25.98	25.98	
526	2012-04-19	7.92	7.94	7.81	7.86	19674	7.77	2291	星期六	SZ	7.77	7.68	
526	2012-04-19	15.8	15.97	15.6	15.67	71527	10.27	2292	奥飞动漫	SZ	15.76	10.33	
526	2012-04-19	34.1	34.24	33.65	33.85	10175	16.04	2293	罗莱家纺	SZ	34.08	16.14	
526	2012-04-19	15.71	15.83	15.65	15.8	7917	8.43	2294	信立泰	SZ	15.71	8.38	
526	2012-04-19	8.3	8.59	8.23	8.52	52807	8.52	2295	精艺股份	SZ	8.39	8.39	
526	2012-04-19	23	23.94	22.5	22.53	146343	22.16	2296	辉煌科技	SZ	22.28	21.92	
526	2012-04-19	9.46	9.47	9.23	9.32	29469	6.19	2297	博云新材	SZ	9.47	6.29	
526	2012-04-19	10.1	10.26	9.69	9.85	132808	9.83	2298	鑫龙电器	SZ	9.98	9.96	
526	2012-04-19	14.88	14.88	14.29	14.36	60345	14.36	2299	圣农发展	SZ	15.07	14.77	
526	2012-04-19	7.6	7.65	7.33	7.6	101924	7.54	23	深天地Ａ	SZ	7.78	7.71	
526	2012-04-19	6.45	6.48	6.41	6.47	31996	3.18	2301	齐心文具	SZ	6.44	3.16	
526	2012-04-19	9.45	9.6	9.4	9.53	9793	4.73	2303	美盈森	SZ	9.45	4.69	
526	2012-04-19	132.5	132.5	126.68	130.01	17150	104.3	2304	洋河股份	SZ	132.42	106.23	
526	2012-04-19	6	6.02	5.83	5.89	45867	5.75	2305	南国置业	SZ	6.02	5.88	
526	2012-04-19	4.91	4.95	4.86	4.9	65718	1.1	2306	湘鄂情	SZ	4.9	1.1	
526	2012-04-19	7.62	7.62	7.46	7.52	24138	5.46	2308	威创股份	SZ	7.58	5.5	
526	2012-04-19	9.77	10.06	9.77	10.03	64417	4.94	2309	中利科技	SZ	9.72	4.78	
526	2012-04-19	24.49	25.32	24.49	25.15	25680	6.28	2310	东方园林	SZ	24.51	6.12	
526	2012-04-19	16.08	16.12	15.7	16.02	12761	12.14	2311	海大集团	SZ	16.08	12.18	
526	2012-04-19	6.21	6.27	6.17	6.22	10388	3	2312	三泰电子	SZ	6.24	3.01	
526	2012-04-19	17.63	18.42	17.4	18.14	27635	13.76	2313	日海通讯	SZ	17.63	13.38	
526	2012-04-19	10.63	10.67	10.4	10.4	32168	10.21	2314	雅致股份	SZ	10.72	10.52	
526	2012-04-19	40.38	40.86	40.38	40.66	3829	38.88	2315	焦点科技	SZ	40.48	38.7	
526	2012-04-19	6.54	6.61	6.47	6.54	34790	3.59	2316	键桥通讯	SZ	6.57	3.61	
526	2012-04-19	11.43	11.51	11.33	11.49	11407	7.55	2318	久立特材	SZ	11.43	7.51	
526	2012-04-19	5.5	5.59	5.45	5.47	14926	2.69	2319	乐通股份	SZ	5.51	2.71	
526	2012-04-19	12.44	12.59	12.23	12.28	43598	9.06	2320	海峡股份	SZ	12.61	9.3	
526	2012-04-19	8.2	8.27	8.01	8.08	62775	8.08	2321	华英农业	SZ	8.32	8.32	
526	2012-04-19	10.6	10.82	10.31	10.74	81291	5.33	2322	理工监测	SZ	10.56	5.25	
526	2012-04-19	14.47	14.62	14.43	14.58	2552	10.45	2323	中联电气	SZ	14.58	10.45	
526	2012-04-19	11.61	12.48	11.51	12.07	16560	11.92	2324	普利特	SZ	11.6	11.46	
526	2012-04-19	8.1	8.29	8.03	8.06	25285	2.63	2325	洪涛股份	SZ	8.13	2.65	
526	2012-04-19	15.19	15.34	14.56	14.86	42770	14.72	2326	永太科技	SZ	15.2	15.05	
526	2012-04-19	6.92	6.93	6.8	6.83	14045	4.45	2328	新朋股份	SZ	6.93	4.52	
526	2012-04-19	14.09	14.39	14	14.35	24115	14.06	2329	皇氏乳业	SZ	14.16	13.87	
526	2012-04-19	6.29	6.57	6.2	6.41	88962	3.12	2330	得利斯	SZ	6.32	3.08	
526	2012-04-19	12.75	13.36	12.47	13.09	100401	12.67	2333	罗普斯金	SZ	12.78	12.37	
526	2012-04-19	8.73	9.01	8.72	8.78	25846	2.94	2334	英威腾	SZ	8.73	2.92	
526	2012-04-19	12.41	12.55	12.36	12.44	4845	8.7	2335	科华恒盛	SZ	12.46	8.71	
526	2012-04-19	13.84	13.88	13.7	13.72	16963	13.72	2336	人人乐	SZ	13.9	13.9	
526	2012-04-19	12.45	12.85	12.38	12.39	6534	11.76	2337	赛象科技	SZ	12.43	11.8	
526	2012-04-19	24.17	24.17	23.87	24.05	1377	15.51	2338	奥普光电	SZ	24.18	15.59	
526	2012-04-19	6.34	6.48	6.34	6.36	29107	3.16	2339	积成电子	SZ	6.38	3.16	
526	2012-04-19	8.44	8.49	8.38	8.41	37579	3.15	2340	格林美	SZ	8.45	3.17	
526	2012-04-19	8.98	9.3	8.98	9.03	85340	4.42	2341	新纶科技	SZ	8.75	4.28	
526	2012-04-19	6.52	6.84	6.48	6.65	103798	6.63	2342	巨力索具	SZ	6.52	6.5	
526	2012-04-19	11.49	11.65	11.45	11.6	12620	10.97	2343	禾欣股份	SZ	11.48	10.86	
526	2012-04-19	13.41	13.83	13.33	13.59	48246	6.6	2344	海宁皮城	SZ	13.41	6.51	
526	2012-04-19	12.57	12.84	12.57	12.67	18770	6.03	2345	潮宏基	SZ	12.61	6	
526	2012-04-19	7.15	7.81	7.15	7.62	80437	3.68	2346	柘中建设	SZ	7.14	3.45	
526	2012-04-19	8.73	8.89	8.73	8.81	11126	4.71	2347	泰尔重工	SZ	8.73	4.67	
526	2012-04-19	6.51	6.59	6.45	6.49	10004	3.05	2348	高乐股份	SZ	6.51	3.06	
526	2012-04-19	10.23	10.69	10.16	10.61	19394	5.24	2349	精华制药	SZ	10.22	5.04	
526	2012-04-19	12.42	12.8	12.42	12.49	11727	7.05	2350	北京科锐	SZ	12.44	7.02	
526	2012-04-19	9.97	10.09	9.92	10.02	17607	9.61	2351	漫步者	SZ	10	9.59	
526	2012-04-19	21.39	21.46	21.04	21.11	2365	20.19	2352	鼎泰新材	SZ	21.39	20.46	
526	2012-04-19	29.89	31.9	29.58	30.88	50631	23.68	2353	杰瑞股份	SZ	30.42	23.32	
526	2012-04-19	11.74	11.88	11.65	11.78	9371	11.64	2354	科冕木业	SZ	11.76	11.62	
526	2012-04-19	5.95	6.04	5.9	5.93	24552	2.95	2355	兴民钢圈	SZ	5.96	2.97	
526	2012-04-19	18.6	18.6	18.24	18.55	2779	18.16	2356	浩宁达	SZ	18.56	18.17	
526	2012-04-19	9.15	9.44	9.11	9.36	21631	8.94	2357	富临运业	SZ	9.17	8.76	
526	2012-04-19	14.18	14.31	13.84	14.08	12524	7.66	2358	森源电气	SZ	14.19	7.72	
526	2012-04-19	15.97	16.05	15.43	15.55	33700	5	2360	同德化工	SZ	15.93	5.12	
526	2012-04-19	4.81	4.83	4.74	4.78	13258	2.54	2361	神剑股份	SZ	4.79	2.55	
526	2012-04-19	12.92	13.03	12.77	12.88	23163	12.88	2362	汉王科技	SZ	13	13	
526	2012-04-19	15.01	15.39	14.78	15.26	28135	15.16	2363	隆基机械	SZ	14.88	14.79	
526	2012-04-19	11	11.07	10.81	11	26110	10.62	2365	永安药业	SZ	11.06	10.68	
526	2012-04-19	4.53	4.57	4.46	4.53	18094	2.11	2367	康力电梯	SZ	4.54	2.11	
526	2012-04-19	16.7	16.75	16.52	16.53	7738	13.56	2368	太极股份	SZ	16.62	13.63	
526	2012-04-19	15.6	15.92	15.6	15.85	7484	15.49	2369	卓翼科技	SZ	15.6	15.25	
526	2012-04-19	9.01	9.09	8.83	8.89	15993	8.81	2370	亚太药业	SZ	9.1	9.02	
526	2012-04-19	14.82	15.14	14.7	15	18267	7.46	2371	七星电子	SZ	14.72	7.33	
526	2012-04-19	13.69	13.94	13.62	13.87	31346	9.57	2372	伟星新材	SZ	13.59	9.38	
526	2012-04-19	7.05	7.14	7.03	7.1	20827	3.55	2373	联信永益	SZ	7.07	3.54	
526	2012-04-19	6.41	6.59	6.38	6.47	13724	3.47	2374	丽鹏股份	SZ	6.41	3.43	
526	2012-04-19	21.4	21.57	21.21	21.37	6971	14.13	2375	亚厦股份	SZ	21.39	14.15	
526	2012-04-19	9.13	9.28	8.88	8.98	41103	4.31	2376	新北洋	SZ	9.16	4.4	
526	2012-04-19	8.95	9.07	8.9	8.95	19035	8.95	2377	国创高新	SZ	8.98	8.98	
526	2012-04-19	30.6	31.68	30.38	30.93	64408	30.32	2378	章源钨业	SZ	30.5	29.89	
526	2012-04-19	6.39	6.42	6.28	6.32	27068	3.16	2379	鲁丰股份	SZ	6.43	3.21	
526	2012-04-19	24.58	25.44	24.54	24.89	2183	24.55	2380	科远股份	SZ	24.68	24.34	
526	2012-04-19	7.41	7.45	7.16	7.25	36823	3.48	2381	双箭股份	SZ	7.41	3.55	
526	2012-04-19	8.71	8.75	8.55	8.73	14089	4.31	2382	蓝帆股份	SZ	8.7	4.3	
526	2012-04-19	20.05	20.07	19.69	19.92	5122	15.17	2383	合众思壮	SZ	20.05	15.27	
526	2012-04-19	8.9	8.9	8.73	8.81	64956	2.11	2385	大北农	SZ	8.9	2.13	
526	2012-04-19	8.92	9.07	8.87	8.97	22664	8.85	2386	天原集团	SZ	8.91	8.79	
526	2012-04-19	13.38	13.46	12.92	13.03	27037	9.93	2387	黑牛食品	SZ	13.46	10.25	
526	2012-04-19	10.25	10.33	10.12	10.17	7280	9.97	2388	新亚制程	SZ	10.24	10.03	
526	2012-04-19	9.77	9.9	9.66	9.84	71884	4.88	2389	南洋科技	SZ	9.81	4.86	
526	2012-04-19	14.21	14.4	14.09	14.37	10259	14.28	2390	信邦制药	SZ	14.2	14.11	
526	2012-04-19	32.5	33.44	32.5	33	7114	31.48	2393	力生制药	SZ	32.45	30.96	
526	2012-04-19	17.18	17.66	17.08	17.51	9466	16.58	2394	联发股份	SZ	17.2	16.28	
526	2012-04-19	8.68	8.81	8.45	8.78	30338	4.12	2395	双象股份	SZ	8.76	4.1	
526	2012-04-19	19.96	20.13	19.9	20.07	23571	19.47	2397	梦洁家纺	SZ	19.95	19.35	
526	2012-04-19	12.13	12.31	11.93	12.12	26888	7.09	2398	建研集团	SZ	12.28	7.18	
526	2012-04-19	24.33	24.7	24.22	24.46	11374	23.25	2399	海普瑞	SZ	24.32	23.12	
526	2012-04-19	22.24	22.63	22.11	22.53	66256	22.17	24	招商地产	SZ	22.45	22.09	
526	2012-04-19	8.74	9.11	8.74	8.88	61774	3.32	2400	省广股份	SZ	8.66	3.24	
526	2012-04-19	8.83	9.01	8.81	8.95	16141	4.64	2401	交技发展	SZ	8.85	4.59	
526	2012-04-19	8.52	8.59	8.49	8.55	10267	5.4	2402	和而泰	SZ	8.54	5.39	
526	2012-04-19	9.1	9.15	9.04	9.14	11850	9.14	2403	爱仕达	SZ	9.07	9.07	
526	2012-04-19	9.01	9.01	8.66	8.79	88513	5.38	2404	嘉欣丝绸	SZ	9.01	5.52	
526	2012-04-19	12.83	12.89	12.65	12.74	81452	10.53	2405	四维图新	SZ	12.9	10.66	
526	2012-04-19	10.3	10.47	10.26	10.37	21683	9.93	2406	远东传动	SZ	10.32	9.88	
526	2012-04-19	20.8	21.3	20.3	20.48	84393	20.27	2407	多氟多	SZ	20.26	20.05	
526	2012-04-19	18.6	18.68	18.46	18.6	23413	14.94	2408	齐翔腾达	SZ	18.57	14.91	
526	2012-04-19	15.57	15.57	15.21	15.33	4543	9.95	2409	雅克科技	SZ	15.57	10.1	
526	2012-04-19	16.05	16.41	15.98	16.35	28531	7.96	2410	广联达	SZ	16.22	7.9	
526	2012-04-19	8.19	8.32	7.95	7.98	81809	5.25	2411	九九久	SZ	7.93	5.22	
526	2012-04-19	17.11	17.11	17.11	17.11	9958	17.11	2412	汉森制药	SZ	15.55	15.55	
526	2012-04-19	10.11	10.41	10.05	10.33	40592	10.09	2413	常发股份	SZ	10.11	9.87	
526	2012-04-19	9.82	9.93	9.73	9.85	29663	4.65	2414	高德红外	SZ	9.9	4.68	
526	2012-04-19	9.96	10.01	9.79	9.81	70485	9.55	2416	爱施德	SZ	10	9.74	
526	2012-04-19	8.76	8.85	8.67	8.71	18519	5.74	2417	三元达	SZ	8.78	5.79	
526	2012-04-19	7.48	7.57	7.41	7.55	24384	7.41	2418	康盛股份	SZ	7.45	7.31	
526	2012-04-19	16.64	16.65	15.98	16.16	52058	15.37	2419	天虹商场	SZ	16.65	15.84	
526	2012-04-19	7.53	7.58	7.38	7.4	15867	7.35	2420	毅昌股份	SZ	7.48	7.43	
526	2012-04-19	7.95	8	7.83	7.88	15527	3.93	2421	达实智能	SZ	7.97	3.98	
526	2012-04-19	40.85	42.08	40.45	41.68	14377	41.34	2422	科伦药业	SZ	40.85	40.52	
526	2012-04-19	14.92	14.97	14.78	14.88	9061	14.42	2424	贵州百灵	SZ	14.9	14.44	
526	2012-04-19	15.24	15.44	15.04	15.14	16684	7.37	2426	胜利精密	SZ	15.32	7.46	
526	2012-04-19	8.99	8.99	8.71	8.73	31455	8.69	2427	尤夫股份	SZ	8.99	8.95	
526	2012-04-19	11.03	11.12	10.86	10.91	80844	2.67	2428	云南锗业	SZ	11.07	2.72	
526	2012-04-19	8.17	8.2	7.87	8	101979	5.11	2429	兆驰股份	SZ	8.12	5.19	
526	2012-04-19	16.43	16.47	15.04	15.54	64217	11.17	2430	杭氧股份	SZ	16.48	11.84	
526	2012-04-19	19.9	19.9	19.47	19.58	12352	16.25	2431	棕榈园林	SZ	19.92	16.53	
526	2012-04-19	6.41	6.46	6.34	6.39	41875	4.2	2432	九安医疗	SZ	6.38	4.19	
526	2012-04-19	9.08	9.1	8.96	9.01	6029	3.71	2433	太安堂	SZ	9.1	3.75	
526	2012-04-19	8.68	8.85	8.68	8.74	10986	8.45	2434	万里扬	SZ	8.68	8.39	
526	2012-04-19	6.87	6.92	6.78	6.83	16763	4.43	2435	长江润发	SZ	6.92	4.49	
526	2012-04-19	18.31	18.46	18.06	18.31	11683	17.71	2436	兴森科技	SZ	18.26	17.67	
526	2012-04-19	18.75	18.75	18.1	18.26	23025	17.88	2437	誉衡药业	SZ	18.75	18.36	
526	2012-04-19	14.11	14.81	14.02	14.59	42123	7.23	2438	江苏神通	SZ	14.14	7	
526	2012-04-19	16.7	16.77	16.54	16.7	4661	16.52	2439	启明星辰	SZ	16.78	16.6	
526	2012-04-19	8.52	8.55	8.45	8.51	19752	3.93	2440	闰土股份	SZ	8.52	3.93	
526	2012-04-19	15.17	15.26	15.08	15.21	13123	14.71	2441	众业达	SZ	15.18	14.68	
526	2012-04-19	6	6.04	5.9	5.97	77422	5.97	2442	龙星化工	SZ	6.09	6.09	
526	2012-04-19	5.01	5.1	5	5.1	37118	2.41	2443	金洲管道	SZ	5.01	2.37	
526	2012-04-19	5.39	5.55	5.35	5.53	38238	2.67	2444	巨星科技	SZ	5.42	2.62	
526	2012-04-19	14.3	14.43	14.2	14.29	19033	14.1	2445	中南重工	SZ	14.32	14.13	
526	2012-04-19	12.01	12.3	12	12.2	5621	12.15	2446	盛路通信	SZ	12.06	12.01	
526	2012-04-19	15.76	16.29	15.75	16.08	19765	7.99	2447	壹桥苗业	SZ	15.81	7.86	
526	2012-04-19	13.4	13.57	13.29	13.5	25426	6.37	2448	中原内配	SZ	13.38	6.31	
526	2012-04-19	8.57	8.62	8.44	8.55	35077	4.08	2449	国星光电	SZ	8.33	3.98	
526	2012-04-19	11.65	11.93	11.32	11.79	289872	7.84	2450	康得新	SZ	11.69	7.77	
526	2012-04-19	16.33	16.48	16.29	16.36	6779	5.41	2451	摩恩电气	SZ	16.4	5.42	
526	2012-04-19	25.83	25.85	25.31	25.34	22011	9.44	2452	长高集团	SZ	26.18	9.76	
526	2012-04-19	23.52	23.7	23.12	23.39	7312	2.88	2453	天马精化	SZ	23.58	2.9	
526	2012-04-19	11.41	11.67	11.4	11.55	20269	11.29	2454	松芝股份	SZ	11.48	11.22	
526	2012-04-19	6.3	6.38	6.14	6.37	149742	1.57	2456	欧菲光	SZ	6.3	1.55	
526	2012-04-19	10.31	10.99	10.23	10.63	105177	7.01	2457	青龙管业	SZ	10.31	6.8	
526	2012-04-19	15.86	16.05	15.48	15.56	42201	7.35	2458	益生股份	SZ	16.01	7.57	
526	2012-04-19	9.61	9.84	9.37	9.5	63014	9.5	2459	天业通联	SZ	9.69	9.69	
526	2012-04-19	26.2	26.3	24.83	24.96	44313	24.58	2460	赣锋锂业	SZ	25.4	25.01	
526	2012-04-19	11.08	11.86	10.93	11.74	64053	11.73	2461	珠江啤酒	SZ	11.13	11.12	
526	2012-04-19	8.87	8.94	8.83	8.88	7684	8.67	2462	嘉事堂	SZ	8.9	8.69	
526	2012-04-19	4.35	4.39	4.31	4.34	45211	3.46	2463	沪电股份	SZ	4.38	3.48	
526	2012-04-19	18.67	18.69	18	18.01	19950	17.57	2464	金利科技	SZ	18.7	18.24	
526	2012-04-19	12.91	13.09	12.74	12.84	10569	6.01	2465	海格通信	SZ	12.91	6.05	
526	2012-04-19	32.01	32.3	30.92	31.07	30501	30.91	2466	天齐锂业	SZ	30.86	30.7	
526	2012-04-19	7.24	7.24	7.08	7.14	22456	4.8	2468	艾迪西	SZ	7.16	4.81	
526	2012-04-19	16.46	16.58	16.29	16.44	7944	8.33	2469	三维工程	SZ	16.44	8.33	
526	2012-04-19	14.96	15.01	14.81	14.88	10581	14.63	2470	金正大	SZ	15	14.75	
526	2012-04-19	6.71	6.72	6.47	6.58	58552	3.14	2471	中超电缆	SZ	6.63	3.16	
526	2012-04-19	10.13	10.35	10.13	10.26	10732	7.63	2472	双环传动	SZ	10.13	7.53	
526	2012-04-19	11.93	12.1	11.78	12	38313	3.85	2474	榕基软件	SZ	11.97	3.84	
526	2012-04-19	15.19	15.9	15.19	15.61	35163	7.32	2475	立讯精密	SZ	15.07	7.07	
526	2012-04-19	4.78	4.89	4.76	4.83	52489	1.59	2476	宝莫股份	SZ	4.78	1.57	
526	2012-04-19	11.17	11.19	10.93	11.01	183447	3.25	2477	雏鹰农牧	SZ	11.25	3.32	
526	2012-04-19	11.55	11.9	11.55	11.73	31320	11.44	2478	常宝股份	SZ	11.48	11.2	
526	2012-04-19	9.24	9.33	9.15	9.18	43483	5.25	2479	富春环保	SZ	9.23	5.28	
526	2012-04-19	12.7	13.59	12.49	12.98	229530	12.79	2480	新筑股份	SZ	12.39	12.21	
526	2012-04-19	6.16	6.47	6.14	6.38	117359	1.76	2481	双塔食品	SZ	6.13	1.69	
526	2012-04-19	14.61	14.86	14.52	14.82	49252	9.17	2482	广田股份	SZ	14.62	9.05	
526	2012-04-19	13.16	13.24	12.9	13.1	13649	12.64	2483	润邦股份	SZ	13.13	12.67	
526	2012-04-19	13.39	13.64	13.39	13.46	11577	10.25	2484	江海股份	SZ	13.38	10.2	
526	2012-04-19	12.84	12.91	12.6	12.68	14971	7.46	2485	希努尔	SZ	12.87	7.57	
526	2012-04-19	4.26	4.32	4.2	4.2	85332	0.95	2486	嘉麟杰	SZ	4.16	0.94	
526	2012-04-19	5.86	5.88	5.81	5.83	8414	1.9	2487	大金重工	SZ	5.86	1.91	
526	2012-04-19	10.78	10.81	10.46	10.65	49442	10.18	2488	金固股份	SZ	10.85	10.37	
526	2012-04-19	12.86	12.89	12.68	12.77	30414	5.8	2489	浙江永强	SZ	12.92	5.87	
526	2012-04-19	7.19	7.7	7.05	7.41	189996	3.65	2490	山东墨龙	SZ	7.25	3.57	
526	2012-04-19	13.62	13.67	13.55	13.64	6271	13.18	2491	通鼎光电	SZ	13.59	13.13	
526	2012-04-19	14.9	15.04	14.71	14.92	14714	14.61	2494	华斯股份	SZ	14.89	14.58	
526	2012-04-19	6.35	6.37	6.25	6.31	11705	3.99	2495	佳隆股份	SZ	6.32	4	
526	2012-04-19	13.49	13.58	13.43	13.51	32423	6.7	2496	辉丰股份	SZ	13.52	6.7	
526	2012-04-19	10.41	10.51	10.27	10.36	18471	6.63	2497	雅化集团	SZ	10.41	6.66	
526	2012-04-19	9.33	9.34	9.16	9.25	22123	5.92	2498	汉缆股份	SZ	9.32	5.96	
526	2012-04-19	14.91	15.01	14.73	14.79	4218	9.78	2499	科林环保	SZ	14.91	9.86	
526	2012-04-19	7.55	7.73	7.32	7.73	61834	7.73	25	特 力Ａ	SZ	7.68	7.68	
526	2012-04-19	7.3	7.58	7.27	7.36	453022	7.27	2500	山西证券	SZ	7.36	7.27	
526	2012-04-19	10.44	10.47	10.17	10.22	93087	5.59	2501	利源铝业	SZ	10.53	5.66	
526	2012-04-19	12.38	12.39	12.26	12.29	8615	7.57	2502	骅威股份	SZ	12.39	7.63	
526	2012-04-19	12.93	13.14	12.52	12.7	18652	4.4	2503	搜于特	SZ	12.93	4.48	
526	2012-04-19	10.37	10.48	10.16	10.26	10028	7.78	2504	东光微电	SZ	10.42	7.91	
526	2012-04-19	8.25	8.37	8.15	8.33	36886	5.49	2505	大康牧业	SZ	8.25	5.44	
526	2012-04-19	7.43	7.59	7.31	7.47	191957	4.61	2506	超日太阳	SZ	7.45	4.6	
526	2012-04-19	17.86	17.97	17.7	17.75	11801	17.23	2507	涪陵榨菜	SZ	17.89	17.36	
526	2012-04-19	17.79	18.06	17.67	17.89	17246	17.55	2508	老板电器	SZ	17.81	17.48	
526	2012-04-19	5.23	5.28	5.13	5.15	25911	1.23	2509	天广消防	SZ	5.23	1.25	
526	2012-04-19	11.48	11.51	11.23	11.26	48156	5.62	2511	中顺洁柔	SZ	11.45	5.71	
526	2012-04-19	11.7	11.79	11.54	11.6	11343	7.07	2513	蓝丰生化	SZ	11.71	7.13	
526	2012-04-19	22.94	23.51	22.69	23.4	5354	7.19	2514	宝馨科技	SZ	22.94	7.05	
526	2012-04-19	15.43	15.63	15.37	15.52	3152	10.19	2515	金字火腿	SZ	15.43	10.13	
526	2012-04-19	8.81	8.93	8.8	8.86	11043	8.55	2516	江苏旷达	SZ	8.89	8.58	
526	2012-04-19	8.1	8.18	7.97	8.07	33510	3.96	2517	泰亚股份	SZ	8.19	4.02	
526	2012-04-19	11.84	12.04	11.81	11.98	9542	4.58	2518	科士达	SZ	11.84	4.52	
526	2012-04-19	9.79	9.82	9.67	9.69	9636	5.94	2519	银河电子	SZ	9.79	6.01	
526	2012-04-19	11.26	11.3	11.15	11.2	13910	4.27	2520	日发数码	SZ	11.24	4.29	
526	2012-04-19	6.82	7.15	6.82	6.88	81954	3.19	2521	齐峰股份	SZ	6.57	3.05	
526	2012-04-19	5.3	5.36	5.24	5.25	27823	2.46	2523	天桥起重	SZ	5.3	2.48	
526	2012-04-19	4.58	4.65	4.53	4.54	45240	2.21	2524	光正钢构	SZ	4.59	2.24	
526	2012-04-19	8.82	9.15	8.82	8.97	174205	4.94	2526	山东矿机	SZ	8.74	4.82	
526	2012-04-19	9.54	9.57	9.3	9.3	40712	5.28	2527	新时达	SZ	9.57	5.43	
526	2012-04-19	9.55	9.55	9.37	9.48	25769	6.09	2528	英飞拓	SZ	9.61	6.17	
526	2012-04-19	11	11.23	10.98	11.19	14148	11	2529	海源机械	SZ	10.99	10.8	
526	2012-04-19	7.1	7.19	7	7.06	27196	6.94	2530	丰东股份	SZ	7.13	7.01	
526	2012-04-19	8.35	8.43	8.23	8.26	51676	3.93	2531	天顺风能	SZ	8.28	3.94	
526	2012-04-19	17.97	18.29	17.86	18.15	18694	18.06	2532	新界泵业	SZ	17.96	17.87	
526	2012-04-19	7.01	7.22	7.01	7.12	39742	6.88	2533	金杯电工	SZ	7.05	6.81	
526	2012-04-19	18.64	18.88	18.5	18.65	4234	17.81	2534	杭锅股份	SZ	18.73	17.89	
526	2012-04-19	10.38	10.68	10.33	10.68	39321	8.02	2535	林州重机	SZ	10.44	7.84	
526	2012-04-19	18.42	18.55	18.21	18.5	5860	18.09	2536	西泵股份	SZ	18.42	18.02	
526	2012-04-19	13.14	13.25	13.08	13.24	2790	13.14	2537	海立美达	SZ	13.11	13.01	
526	2012-04-19	12.68	12.92	12.61	12.79	47305	12.56	2538	司尔特	SZ	12.67	12.44	
526	2012-04-19	12.56	13.06	12.5	12.94	45126	12.38	2539	新都化工	SZ	12.54	12	
526	2012-04-19	6.97	7.1	6.97	7.05	31958	3.27	2540	亚太科技	SZ	6.97	3.23	
526	2012-04-19	13.87	14.03	13.79	13.9	24303	13.85	2541	鸿路钢构	SZ	13.91	13.86	
526	2012-04-19	18.41	18.55	18.26	18.29	11872	4.49	2542	中化岩土	SZ	18.56	4.56	
526	2012-04-19	9.49	9.59	9.48	9.57	8616	4.53	2543	万和电气	SZ	9.48	4.49	
526	2012-04-19	7.26	7.34	7.09	7.22	59621	3.47	2544	杰赛科技	SZ	7.32	3.52	
526	2012-04-19	16.7	16.86	16.54	16.86	7157	16.48	2545	东方铁塔	SZ	16.66	16.28	
526	2012-04-19	18.21	18.38	18.04	18.16	13503	17.38	2546	新联电子	SZ	18.24	17.45	
526	2012-04-19	8.98	9.24	8.9	9.15	59373	4.53	2547	春兴精工	SZ	8.98	4.44	
526	2012-04-19	11.63	11.75	11.59	11.67	6202	7.4	2548	金新农	SZ	11.62	7.37	
526	2012-04-19	9.25	9.25	9.09	9.14	10302	6.03	2549	凯美特气	SZ	9.2	6.07	
526	2012-04-19	12.5	12.92	12.5	12.76	30770	5.88	2550	千红制药	SZ	12.54	5.78	
526	2012-04-19	11.83	12.04	11.69	11.79	37365	5.11	2551	尚荣医疗	SZ	11.98	5.19	
526	2012-04-19	11.23	11.26	11.08	11.09	7882	10.81	2552	宝鼎重工	SZ	11.22	10.94	
526	2012-04-19	8.2	8.48	8.15	8.2	14271	3.88	2553	南方轴承	SZ	8.19	3.88	
526	2012-04-19	6.66	6.91	6.61	6.82	61722	2.95	2554	惠博普	SZ	6.65	2.88	
526	2012-04-19	7.38	7.45	7.28	7.33	67965	3.51	2556	辉隆股份	SZ	7.37	3.53	
526	2012-04-19	21.68	21.74	21.18	21.23	16575	15.36	2557	洽洽食品	SZ	21.32	15.43	
526	2012-04-19	24.8	24.84	24.53	24.81	3416	24.35	2558	世纪游轮	SZ	24.71	24.25	
526	2012-04-19	12.72	12.74	12.6	12.7	7334	6.08	2559	亚威股份	SZ	12.71	6.08	
526	2012-04-19	16.28	16.63	16.25	16.56	8992	16.19	2560	通达股份	SZ	16.35	15.98	
526	2012-04-19	11.35	11.38	11.21	11.3	29274	10.53	2561	徐家汇	SZ	11.34	10.57	
526	2012-04-19	8.48	8.53	8.41	8.5	26203	5.2	2565	上海绿新	SZ	8.44	5.16	
526	2012-04-19	14.3	14.38	13.86	14	26427	14	2566	益盛药业	SZ	14.45	14.45	
526	2012-04-19	11.92	12.17	11.83	11.98	40859	11.74	26	飞亚达Ａ	SZ	11.9	11.66	
526	2012-04-19	6.25	6.25	6.18	6.21	47206	6.04	27	深圳能源	SZ	6.25	6.08	
526	2012-04-19	20.29	21.12	20.21	20.77	51413	20.57	28	一致药业	SZ	20.17	19.98	
526	2012-04-19	4.28	4.28	4.12	4.18	109579	4.18	29	深深房Ａ	SZ	4.35	4.35	
526	2012-04-19	12.21	12.39	11.95	11.95	90384	11.95	30	*ST盛润A	SZ	12.58	12.58	
526	2012-04-19	14.32	14.35	14.02	14.05	14292	13.81	300001	特锐德	SZ	14.32	14.08	
526	2012-04-19	6.13	6.17	6.11	6.13	63050	1.71	300002	神州泰岳	SZ	6.13	1.71	
526	2012-04-19	13.8	14.13	13.77	13.95	23183	13.59	300003	乐普医疗	SZ	13.8	13.44	
526	2012-04-19	25.14	25.68	25.1	25.35	4123	25.15	300004	南风股份	SZ	25.18	24.98	
526	2012-04-19	13.48	13.53	12.96	13.01	28494	8.22	300005	探路者	SZ	13.53	8.54	
526	2012-04-19	14.67	14.72	14.41	14.56	7392	14.43	300006	莱美药业	SZ	14.66	14.53	
526	2012-04-19	8.65	8.8	8.61	8.66	29304	5.59	300008	上海佳豪	SZ	8.63	5.57	
526	2012-04-19	8.64	9.32	8.6	9.05	61160	7.03	300009	安科生物	SZ	8.48	6.58	
526	2012-04-19	8.97	8.98	8.85	8.9	11831	8.72	300010	立思辰	SZ	8.92	8.74	
526	2012-04-19	8.67	9.11	8.67	8.74	223850	3.21	300011	鼎汉技术	SZ	8.37	3.08	
526	2012-04-19	9.81	9.89	9.56	9.6	14450	4.59	300012	华测检测	SZ	9.77	4.68	
526	2012-04-19	9.89	10.32	9.78	10.31	18239	10.29	300013	新宁物流	SZ	9.9	9.88	
526	2012-04-19	15.79	15.86	14.83	14.9	154285	7.26	300014	亿纬锂能	SZ	15.26	7.44	
526	2012-04-19	20.56	21.23	20.56	21.08	26750	20.86	300015	爱尔眼科	SZ	20.55	20.33	
526	2012-04-19	4.56	4.64	4.55	4.59	9287	2.24	300016	北陆药业	SZ	4.55	2.22	
526	2012-04-19	16.7	17.15	16.5	16.5	26000	16.27	300017	网宿科技	SZ	16.7	16.47	
526	2012-04-19	6.91	7.05	6.87	6.94	14814	4.43	300018	中元华电	SZ	6.99	4.46	
526	2012-04-19	10.44	11.04	10.33	10.72	92444	10.65	300020	银江股份	SZ	10.2	10.13	
526	2012-04-19	10.05	10.53	10	10.27	88687	10.27	300021	大禹节水	SZ	10.02	10.02	
526	2012-04-19	9.41	9.66	9.38	9.61	67830	9.55	300022	吉峰农机	SZ	9.45	9.39	
526	2012-04-19	10.51	10.82	10.41	10.53	10614	10.53	300023	宝德股份	SZ	10.51	10.51	
526	2012-04-19	18.13	18.34	17.9	18.06	17361	18.02	300024	机器人	SZ	18.04	18	
526	2012-04-19	8.06	8.12	7.93	8.02	9675	6.16	300025	华星创业	SZ	8.06	6.19	
526	2012-04-19	12.74	13.06	12.71	12.81	21124	5.61	300026	红日药业	SZ	12.61	5.53	
526	2012-04-19	7.36	7.41	7.32	7.32	28557	3.53	300027	华谊兄弟	SZ	7.41	3.57	
526	2012-04-19	7.47	7.64	7.35	7.41	56479	7.36	300028	金亚科技	SZ	7.48	7.43	
526	2012-04-19	20.2	20.56	20.16	20.34	11296	10.04	300030	阳普医疗	SZ	20.22	9.99	
526	2012-04-19	9.61	9.61	9.31	9.45	29356	9.18	300031	宝通带业	SZ	9.66	9.39	
526	2012-04-19	8.06	8.17	8.02	8.06	10262	3.91	300032	金龙机电	SZ	8.06	3.91	
526	2012-04-19	18	18.1	17.2	17.94	17958	17.76	300033	同花顺	SZ	17.92	17.74	
526	2012-04-19	15.19	15.4	15.15	15.2	14466	15.01	300034	钢研高纳	SZ	15.3	15.11	
526	2012-04-19	7.7	7.7	7.53	7.56	9359	4.9	300035	中科电气	SZ	7.7	4.99	
526	2012-04-19	16.9	16.94	16.75	16.8	7760	16.8	300036	超图软件	SZ	16.94	16.94	
526	2012-04-19	20.89	21	19.75	19.99	20019	12.17	300037	新宙邦	SZ	20.51	12.48	
526	2012-04-19	8.79	8.79	8.69	8.73	5023	5.73	300038	梅泰诺	SZ	8.73	5.73	
526	2012-04-19	8.75	8.98	8.71	8.73	22007	3.24	300039	上海凯宝	SZ	8.72	3.23	
526	2012-04-19	4.5	4.5	4.4	4.41	15189	2.1	300040	九洲电气	SZ	4.41	2.1	
526	2012-04-19	10.29	11.11	10.29	11.11	124945	6.63	300041	回天胶业	SZ	10.1	6.03	
526	2012-04-19	10.21	10.27	10.15	10.24	3242	5.04	300042	朗科科技	SZ	10.22	5.02	
526	2012-04-19	10.46	10.5	10.27	10.39	4926	3.35	300043	星辉车模	SZ	10.39	3.35	
526	2012-04-19	5.55	5.61	5.48	5.54	15830	2.45	300044	赛为智能	SZ	5.59	2.47	
526	2012-04-19	10.31	10.38	10.24	10.31	8443	5.08	300045	华力创通	SZ	10.31	5.08	
526	2012-04-19	13.16	13.21	12.89	13	9576	12.09	300046	台基股份	SZ	13.22	12.3	
526	2012-04-19	6.11	6.18	6.11	6.18	15587	2.87	300047	天源迪科	SZ	6.14	2.85	
526	2012-04-19	11.01	11.09	10.83	10.91	17632	10.76	300048	合康变频	SZ	11.06	10.91	
526	2012-04-19	11.52	11.59	11.43	11.47	4308	11.24	300049	福瑞股份	SZ	11.57	11.34	
526	2012-04-19	12.36	12.46	12.31	12.35	10742	12.18	300050	世纪鼎利	SZ	12.36	12.19	
526	2012-04-19	6.67	6.72	6.53	6.58	126169	3.24	300051	三五互联	SZ	6.7	3.3	
526	2012-04-19	6.14	6.2	6.01	6.07	34382	2.99	300052	中青宝	SZ	6.13	3.02	
526	2012-04-19	8.6	8.63	8.39	8.49	13606	8.42	300053	欧比特	SZ	8.6	8.53	
526	2012-04-19	6.47	6.54	6.42	6.45	7671	1.33	300054	鼎龙股份	SZ	6.47	1.33	
526	2012-04-19	18.4	18.68	18.16	18.29	25299	18.16	300055	万邦达	SZ	18.36	18.23	
526	2012-04-19	11.89	11.97	11.82	11.92	8921	6.56	300056	三维丝	SZ	11.9	6.54	
526	2012-04-19	7.4	7.45	7.35	7.38	5824	7.31	300057	万顺股份	SZ	7.4	7.33	
526	2012-04-19	15.26	15.39	14.9	15.12	23419	7.46	300058	蓝色光标	SZ	15.31	7.54	
526	2012-04-19	6.98	7.26	6.88	7.09	136027	3.51	300059	东方财富	SZ	6.94	3.44	
526	2012-04-19	8.06	8.11	7.94	8.04	2906	5.02	300061	康耐特	SZ	8.06	5.04	
526	2012-04-19	9.72	10.07	9.71	9.9	10262	9.67	300062	中能电气	SZ	9.72	9.49	
526	2012-04-19	10.78	10.78	10.61	10.65	3634	7.03	300063	天龙集团	SZ	10.71	7.07	
526	2012-04-19	7.63	7.8	7.58	7.62	50138	3.74	300064	豫金刚石	SZ	7.44	3.65	
526	2012-04-19	14.8	15.1	14.64	14.93	3809	9.9	300065	海兰信	SZ	14.82	9.83	
526	2012-04-19	9.8	9.93	9.73	9.77	3297	6.32	300066	三川股份	SZ	9.8	6.34	
526	2012-04-19	10.56	11.18	10.31	11.02	80808	10.81	300067	安诺其	SZ	10.67	10.47	
526	2012-04-19	6.34	6.4	6.14	6.24	101189	3.04	300068	南都电源	SZ	6.23	3.03	
526	2012-04-19	8.79	8.83	8.66	8.71	3726	5.7	300069	金利华电	SZ	8.73	5.7	
526	2012-04-19	18.48	18.85	18.4	18.67	27791	6.12	300071	华谊嘉信	SZ	18.61	6.11	
526	2012-04-19	7.48	7.73	7.48	7.6	79750	2.88	300072	三聚环保	SZ	7.49	2.84	
526	2012-04-19	10.3	10.5	9.93	9.98	35992	9.94	300073	当升科技	SZ	10.16	10.12	
526	2012-04-19	6.48	6.48	6.42	6.42	6573	1.92	300074	华平股份	SZ	6.47	1.94	
526	2012-04-19	14.6	14.85	14.54	14.7	7793	9.63	300075	数字政通	SZ	14.6	9.57	
526	2012-04-19	13.39	13.67	13.32	13.63	11393	13.33	300076	宁波GQY	SZ	13.39	13.1	
526	2012-04-19	24.55	25.04	24.36	24.62	44788	24.2	300077	国民技术	SZ	24.65	24.23	
526	2012-04-19	16.34	16.37	16.1	16.15	7718	15.3	300078	中瑞思创	SZ	16.34	15.48	
526	2012-04-19	18.33	18.4	18.11	18.19	10981	12.01	300079	数码视讯	SZ	18.27	12.07	
526	2012-04-19	7.91	7.95	7.78	7.84	48942	6.03	300080	新大新材	SZ	7.98	6.14	
526	2012-04-19	11	11.01	10.35	10.6	40551	5.23	300081	恒信移动	SZ	10.9	5.38	
526	2012-04-19	10.88	11.02	10.81	10.94	18985	8.27	300082	奥克股份	SZ	10.85	8.21	
526	2012-04-19	15.18	15.3	14.8	15.03	6482	14.88	300083	劲胜股份	SZ	15.29	15.13	
526	2012-04-19	10.23	10.88	10.18	10.37	73941	10.32	300084	海默科技	SZ	10.23	10.18	
526	2012-04-19	17.72	17.9	17.66	17.76	7954	8.65	300085	银之杰	SZ	17.72	8.63	
526	2012-04-19	13.8	14.11	13.65	13.95	25537	13.77	300086	康芝药业	SZ	13.76	13.58	
526	2012-04-19	15.73	15.95	15.62	15.76	16166	15.67	300087	荃银高科	SZ	15.76	15.67	
526	2012-04-19	8.21	8.51	8.15	8.36	212688	4.18	300088	长信科技	SZ	8.35	4.18	
526	2012-04-19	9.51	9.61	9.47	9.56	11435	6.3	300089	长城集团	SZ	9.54	6.28	
526	2012-04-19	11.86	12.07	11.81	11.95	21849	11.91	300090	盛运股份	SZ	11.88	11.84	
526	2012-04-19	9.08	9.16	9.03	9.09	20018	9	300091	金通灵	SZ	9.15	9.06	
526	2012-04-19	13.3	13.62	13.16	13.42	6873	13.17	300092	科新机电	SZ	13.4	13.15	
526	2012-04-19	7.21	7.33	7.15	7.27	26807	7.23	300093	金刚玻璃	SZ	7.23	7.19	
526	2012-04-19	6.44	6.51	6.4	6.42	25235	6.42	300094	国联水产	SZ	6.47	6.47	
526	2012-04-19	9.85	10.03	9.79	9.98	5454	7.57	300095	华伍股份	SZ	9.85	7.47	
526	2012-04-19	12.88	13.1	12.78	12.91	19159	12.73	300096	易联众	SZ	12.9	12.72	
526	2012-04-19	6.48	6.62	6.48	6.51	4580	3.23	300097	智云股份	SZ	6.47	3.21	
526	2012-04-19	10.41	10.43	10.27	10.3	7712	5.08	300098	高新兴	SZ	10.47	5.16	
526	2012-04-19	12.4	12.48	12.25	12.33	8078	5.91	300099	尤洛卡	SZ	12.44	5.96	
526	2012-04-19	7.06	7.07	6.95	7	11481	3.17	300100	双林股份	SZ	7.07	3.21	
526	2012-04-19	13.32	13.6	13.31	13.49	27003	6.73	300101	国腾电子	SZ	13.1	6.53	
526	2012-04-19	14.05	14.08	13.68	13.78	56513	13.53	300102	乾照光电	SZ	14.13	13.88	
526	2012-04-19	8.98	9.22	8.98	9.16	5729	4.96	300103	达刚路机	SZ	9.02	4.89	
526	2012-04-19	10.72	10.83	10.52	10.68	134831	2.94	300104	乐视网	SZ	10.84	2.98	
526	2012-04-19	22.61	22.94	22.56	22.74	6945	12.55	300105	龙源技术	SZ	22.63	12.49	
526	2012-04-19	13.1	13.29	13	13.13	3908	13.05	300106	西部牧业	SZ	13.13	13.05	
526	2012-04-19	21.1	21.4	20.94	21.34	13203	10.61	300107	建新股份	SZ	21.12	10.5	
526	2012-04-19	10.1	10.19	9.93	10.01	10375	9.82	300108	双龙股份	SZ	10.11	9.92	
526	2012-04-19	12.2	12.3	11.62	11.73	44393	7.72	300109	新开源	SZ	11.64	7.65	
526	2012-04-19	5.24	5.3	5.19	5.28	13220	2.55	300110	华仁药业	SZ	5.24	2.53	
526	2012-04-19	4.78	4.92	4.75	4.89	65598	2.22	300111	向日葵	SZ	4.77	2.17	
526	2012-04-19	7.13	7.17	7.04	7.13	10149	4.69	300112	万讯自控	SZ	7.12	4.68	
526	2012-04-19	25.01	25.1	24.71	24.9	9758	24.54	300113	顺网科技	SZ	25.15	24.79	
526	2012-04-19	11.15	11.29	11.12	11.19	3655	8.51	300114	中航电测	SZ	11.23	8.54	
526	2012-04-19	24.84	24.84	24.13	24.31	6139	16.1	300115	长盈精密	SZ	24.78	16.42	
526	2012-04-19	6.47	6.49	6.4	6.44	5934	3.22	300116	坚瑞消防	SZ	6.47	3.23	
526	2012-04-19	8.5	8.63	8.32	8.49	28498	8.44	300117	嘉寓股份	SZ	8.5	8.45	
526	2012-04-19	7.18	7.2	7.09	7.12	42051	4.4	300118	东方日升	SZ	7.17	4.43	
526	2012-04-19	34.29	34.5	33.98	34.09	5926	12.71	300119	瑞普生物	SZ	33.75	12.58	
526	2012-04-19	8.07	8.14	7.93	8.09	25578	5.23	300120	经纬电材	SZ	8.05	5.21	
526	2012-04-19	8.34	8.46	8.34	8.42	4540	6.41	300121	阳谷华泰	SZ	8.42	6.4	
526	2012-04-19	23.08	24.75	23	24.52	26539	24.12	300122	智飞生物	SZ	22.5	22.14	
526	2012-04-19	13.3	13.37	13.1	13.17	9019	13	300123	太阳鸟	SZ	13.29	13.12	
526	2012-04-19	26.28	27.31	26.17	27.06	14940	14.79	300124	汇川技术	SZ	26.28	14.37	
526	2012-04-19	14.2	14.27	14.1	14.16	6748	14.14	300125	易世达	SZ	14.22	14.2	
526	2012-04-19	11.94	11.94	11.78	11.85	3085	11.26	300126	锐奇股份	SZ	11.88	11.29	
526	2012-04-19	50.1	50.96	50.1	50.18	18116	24.26	300127	银河磁体	SZ	50.78	24.55	
526	2012-04-19	6.4	6.41	6.32	6.36	17722	3.05	300128	锦富新材	SZ	6.38	3.05	
526	2012-04-19	5.49	5.55	5.47	5.5	48223	3.61	300129	泰胜风能	SZ	5.49	3.6	
526	2012-04-19	16.87	17.08	16.81	16.9	12936	16.74	300130	新国都	SZ	16.87	16.71	
526	2012-04-19	7.18	7.18	6.91	6.95	28752	3.39	300131	英唐智控	SZ	7.16	3.49	
526	2012-04-19	8.81	8.81	8.64	8.65	2506	5.26	300132	青松股份	SZ	8.81	5.35	
526	2012-04-19	9.1	9.2	9.06	9.12	29301	3.03	300133	华策影视	SZ	9.2	3.05	
526	2012-04-19	12.9	13.27	12.74	13.1	46136	13.1	300134	大富科技	SZ	13.06	13.06	
526	2012-04-19	4.95	5.04	4.92	5.04	76614	1.5	300135	宝利沥青	SZ	4.94	1.47	
526	2012-04-19	19.49	20.18	19.49	19.59	13966	19.46	300136	信维通信	SZ	19.59	19.46	
526	2012-04-19	12.54	12.77	12.45	12.77	62161	9.78	300137	先河环保	SZ	12.52	9.59	
526	2012-04-19	12.2	12.66	12.1	12.51	11691	6.1	300138	晨光生物	SZ	12.16	5.93	
526	2012-04-19	27.5	28.84	27.5	28.22	15502	13.82	300139	福星晓程	SZ	28.88	14.14	
526	2012-04-19	12.26	12.45	12.11	12.23	17163	12.07	300140	启源装备	SZ	12.25	12.09	
526	2012-04-19	8.57	8.61	8.33	8.42	14525	5.5	300141	和顺电气	SZ	8.58	5.61	
526	2012-04-19	34.75	36.2	34.33	35.73	21576	29.38	300142	沃森生物	SZ	34.9	28.69	
526	2012-04-19	12.33	12.83	12.24	12.65	29786	12.65	300143	星河生物	SZ	12.33	12.33	
526	2012-04-19	15.38	15.48	15.14	15.18	24519	14.98	300144	宋城股份	SZ	15.42	15.21	
526	2012-04-19	16.6	16.82	16.5	16.64	4830	16.43	300145	南方泵业	SZ	16.6	16.39	
526	2012-04-19	18.27	18.97	18.2	18.4	68916	5.82	300146	汤臣倍健	SZ	18.37	5.82	
526	2012-04-19	6.4	6.4	6.31	6.38	33205	3.93	300147	香雪制药	SZ	6.42	3.95	
526	2012-04-19	13.91	14.04	13.72	14.01	70546	5.91	300148	天舟文化	SZ	13.97	5.9	
526	2012-04-19	7.41	8.13	7.39	7.79	65060	5.13	300149	量子高科	SZ	7.41	4.88	
526	2012-04-19	8.8	9.1	8.8	8.91	51533	3.96	300150	世纪瑞尔	SZ	8.86	3.94	
526	2012-04-19	11.59	11.63	11.43	11.57	5498	11.18	300151	昌红科技	SZ	11.62	11.23	
526	2012-04-19	10.45	10.45	10.15	10.23	46125	4.43	300152	燃控科技	SZ	10.45	4.53	
526	2012-04-19	10.27	10.44	10.2	10.22	12053	9.96	300153	科泰电源	SZ	10.22	9.96	
526	2012-04-19	10.58	10.8	10.53	10.75	10055	10.44	300154	瑞凌股份	SZ	10.58	10.27	
526	2012-04-19	15.26	15.26	14.9	14.95	28272	14.5	300155	安居宝	SZ	15.23	14.77	
526	2012-04-19	11.41	11.66	11.36	11.53	27614	6.32	300156	天立环保	SZ	11.35	6.22	
526	2012-04-19	11.57	12.1	11.56	11.71	33192	5.75	300157	恒泰艾普	SZ	11.61	5.71	
526	2012-04-19	12.6	12.73	12.51	12.59	11102	6.28	300158	振东制药	SZ	12.55	6.26	
526	2012-04-19	28.5	29.25	28.34	29.25	20499	7.1	300159	新研股份	SZ	28.43	6.9	
526	2012-04-19	15.64	15.64	15.3	15.38	11684	15.19	300161	华中数控	SZ	15.64	15.45	
526	2012-04-19	15.84	16.27	15.71	15.87	25910	15.44	300162	雷曼光电	SZ	15.97	15.54	
526	2012-04-19	16.15	16.15	15.75	15.84	4626	15.43	300163	先锋新材	SZ	16.17	15.75	
526	2012-04-19	9.86	10.29	9.78	10.13	37872	3.24	300164	通源石油	SZ	9.86	3.15	
526	2012-04-19	14.94	15.15	14.94	15.05	2905	11.17	300165	天瑞仪器	SZ	15.06	11.18	
526	2012-04-19	17.77	17.79	17.45	17.72	16359	11.78	300166	东方国信	SZ	17.79	11.83	
526	2012-04-19	5.93	5.98	5.88	5.97	40725	1.96	300167	迪威视讯	SZ	5.94	1.95	
526	2012-04-19	11.1	11.19	10.95	10.98	4115	5.42	300168	万达信息	SZ	11	5.44	
526	2012-04-19	9.04	9.09	8.95	9.05	13514	4.41	300169	天晟新材	SZ	9.05	4.41	
526	2012-04-19	11.59	11.66	11.33	11.5	14109	7.58	300170	汉得信息	SZ	11.67	7.69	
526	2012-04-19	26.68	26.77	26.24	26.55	5360	19.67	300171	东富龙	SZ	26.67	19.76	
526	2012-04-19	14.52	15.22	14.46	15.22	53371	8.82	300172	中电环保	SZ	14.53	8.42	
526	2012-04-19	8.85	9.15	8.78	9.12	17871	6.94	300173	松德股份	SZ	8.87	6.74	
526	2012-04-19	11.77	11.82	11.65	11.78	4123	5.71	300174	元力股份	SZ	11.78	5.71	
526	2012-04-19	4.35	4.42	4.26	4.39	83582	2.19	300175	朗源股份	SZ	4.34	2.16	
526	2012-04-19	9.17	9.24	9.1	9.19	4230	7.44	300176	鸿特精密	SZ	9.15	7.41	
526	2012-04-19	10.39	10.54	10.3	10.48	30562	10.48	300177	中海达	SZ	10.31	10.31	
526	2012-04-19	15.26	15.28	15.12	15.27	8058	15	300178	腾邦国际	SZ	15.26	14.99	
526	2012-04-19	7.79	8.13	7.77	8.05	15575	2.93	300179	四方达	SZ	7.77	2.83	
526	2012-04-19	11.2	11.42	11.2	11.34	6424	11.11	300180	华峰超纤	SZ	11.38	11.15	
526	2012-04-19	5.72	5.72	5.56	5.6	15887	1.35	300181	佐力药业	SZ	5.66	1.36	
526	2012-04-19	17.43	17.43	17.1	17.25	4024	13.1	300182	捷成股份	SZ	17.24	13.09	
526	2012-04-19	27.14	27.93	26.98	27.35	27915	11.9	300183	东软载波	SZ	27.21	11.84	
526	2012-04-19	13.7	13.85	13.5	13.77	6439	5.74	300184	力源信息	SZ	13.7	5.72	
526	2012-04-19	6.44	6.5	6.36	6.41	158588	2.42	300185	通裕重工	SZ	6.49	2.45	
526	2012-04-19	7.41	7.48	7.39	7.45	12235	3.28	300186	大华农	SZ	7.45	3.28	
526	2012-04-19	12.63	12.8	12.62	12.8	18671	4.22	300187	永清环保	SZ	12.63	4.17	
526	2012-04-19	3.31	3.33	3.26	3.27	83079	3.2	301	东方市场	SZ	3.33	3.26	
526	2012-04-19	4.56	4.67	4.44	4.53	87402	4.47	31	中粮地产	SZ	4.55	4.49	
526	2012-04-19	6.63	6.73	6.58	6.66	45974	6.54	32	深桑达Ａ	SZ	6.73	6.6	
526	2012-04-19	26.58	26.91	26.57	26.64	53217	21.66	338	潍柴动力	SZ	26.69	21.71	
526	2012-04-19	5.57	5.72	5.42	5.71	173774	5.71	34	ST深泰	SZ	5.72	5.72	
526	2012-04-19	3.99	4	3.78	3.85	748989	3.85	36	华联控股	SZ	4.11	4.11	
526	2012-04-19	4.41	4.48	4.39	4.43	25080	4.43	37	深南电Ａ	SZ	4.37	4.37	
526	2012-04-19	14.4	14.59	14.27	14.5	86709	13.84	39	中集集团	SZ	14.43	13.77	
526	2012-04-19	9.2	9.26	9.17	9.21	8098	9.21	4	ST国农	SZ	9.2	9.2	
526	2012-04-19	4.51	4.53	4.39	4.44	134639	4.37	40	深 鸿 基	SZ	4.53	4.46	
526	2012-04-19	13.62	14.77	13.62	14.15	92461	10.78	400	许继电气	SZ	13.62	10.37	
526	2012-04-19	19.4	20	19.31	19.79	89442	19.58	401	冀东水泥	SZ	19.48	19.27	
526	2012-04-19	6.4	6.43	6.33	6.38	202420	6.15	402	金 融 街	SZ	6.44	6.21	
