591	2012-01-19	2.03	2.06	2.02	2.05	902781	1.94	100	TCL 集团	SZ	2.03	1.92	
591	2012-01-19	6	6.12	5.95	6.07	31025	6.07	11	深物业A	SZ	5.97	5.97	
591	2012-01-19	9.83	10.25	9.67	10.12	578661	9.48	12	南 玻Ａ	SZ	9.75	9.13	
591	2012-01-19	4.98	5.09	4.93	5.04	10600	5.01	14	沙河股份	SZ	4.98	4.96	
591	2012-01-19	3.28	3.35	3.26	3.31	9642	3.31	150	宜华地产	SZ	3.27	3.27	
591	2012-01-19	7.17	7.34	7.05	7.19	20100	7.14	151	中成股份	SZ	7.19	7.14	
591	2012-01-19	6.1	6.19	5.98	6.12	18965	6.06	153	丰原药业	SZ	6.12	6.06	
591	2012-01-19	4.55	5.03	4.5	4.7	21303	4.7	155	川化股份	SZ	4.57	4.57	
591	2012-01-19	8.96	9.18	8.88	9.03	390369	8.52	157	中联重科	SZ	8.98	8.47	
591	2012-01-19	3.81	3.92	3.81	3.89	16055	3.89	158	常山股份	SZ	3.84	3.84	
591	2012-01-19	8.84	9.12	8.76	9.01	47951	8.78	159	国际实业	SZ	8.9	8.68	
591	2012-01-19	3.07	3.14	3.06	3.1	25351	3.08	16	深康佳Ａ	SZ	3.06	3.04	
591	2012-01-19	5.87	6.18	5.87	6.17	55007	5.96	1696	宗申动力	SZ	5.92	5.72	
591	2012-01-19	2.84	2.92	2.81	2.86	18706	2.86	17	*ST中华A	SZ	2.79	2.79	
591	2012-01-19	4.65	4.76	4.52	4.7	2651	4.7	18	ST中冠A	SZ	4.67	4.67	
591	2012-01-19	4.59	4.66	4.51	4.57	24403	4.57	1896	*ST豫能	SZ	4.58	4.58	
591	2012-01-19	7.56	7.77	7.46	7.69	4881	7.5	19	深深宝Ａ	SZ	7.57	7.38	
591	2012-01-19	7.55	7.8	7.51	7.79	866994	7.23	2	万 科Ａ	SZ	7.51	6.97	
591	2012-01-19	5.45	5.55	5.35	5.46	4065	5.46	20	深华发Ａ	SZ	5.41	5.41	
591	2012-01-19	19.08	19.46	18.83	19.3	20446	18.35	2001	新 和 成	SZ	18.93	18	
591	2012-01-19	15.34	15.68	15.05	15.43	31337	10.07	2003	伟星股份	SZ	15.66	10.22	
591	2012-01-19	9.75	9.77	9.43	9.66	11647	3.06	2004	华邦制药	SZ	9.5	3.01	
591	2012-01-19	8.04	8.12	7.8	7.95	44546	3.93	2005	德豪润达	SZ	8.04	3.98	
591	2012-01-19	17.39	17.63	16.88	17.05	137110	11.3	2006	精功科技	SZ	17.44	11.56	
591	2012-01-19	21.75	22.2	21.57	22	31637	21.83	2007	华兰生物	SZ	21.8	21.63	
591	2012-01-19	6.97	7.19	6.94	7.1	166043	6.83	2008	大族激光	SZ	6.97	6.7	
591	2012-01-19	7.22	7.42	7.11	7.37	33609	7.34	2009	天奇股份	SZ	7.2	7.17	
591	2012-01-19	6.1	6.26	6	6.18	23196	6.07	2010	传化股份	SZ	6.09	5.98	
591	2012-01-19	9.14	9.22	8.96	9.07	40459	8.92	2011	盾安环境	SZ	9.07	8.92	
591	2012-01-19	5.69	5.74	5.6	5.71	20404	2.75	2012	凯恩股份	SZ	5.69	2.74	
591	2012-01-19	10.79	11	10.55	10.77	19787	8.24	2013	中航精机	SZ	10.79	8.26	
591	2012-01-19	8.32	8.45	8.21	8.37	29744	5.1	2014	永新股份	SZ	8.29	5.06	
591	2012-01-19	3.79	3.94	3.79	3.9	12858	2.74	2016	世荣兆业	SZ	3.83	2.69	
591	2012-01-19	11.24	11.7	11	11.18	39010	11.14	2017	东信和平	SZ	11.48	11.43	
591	2012-01-19	3.08	3.17	3.05	3.12	27471	2.11	2018	华星化工	SZ	3.1	2.1	
591	2012-01-19	7.51	7.77	7.4	7.6	35610	7.6	2019	鑫富药业	SZ	7.59	7.59	
591	2012-01-19	5.69	5.89	5.64	5.86	30218	2.83	2020	京新药业	SZ	5.7	2.75	
591	2012-01-19	3.25	3.32	3.22	3.31	36699	2.52	2021	中捷股份	SZ	3.25	2.47	
591	2012-01-19	9.74	10	9.66	9.88	39974	9.27	2022	科华生物	SZ	9.72	9.12	
591	2012-01-19	7.6	7.75	7.43	7.73	28238	7.57	2023	海特高新	SZ	7.72	7.56	
591	2012-01-19	8.39	8.8	8.36	8.75	733671	8.56	2024	苏宁电器	SZ	8.36	8.18	
591	2012-01-19	12.11	12.44	11.75	11.95	63525	11.72	2025	航天电器	SZ	12.28	12.05	
591	2012-01-19	7.02	7.38	7.02	7.28	70396	5.49	2026	山东威达	SZ	7.08	5.34	
591	2012-01-19	3.99	4.06	3.93	4	11006	4	2027	七喜控股	SZ	3.99	3.99	
591	2012-01-19	11.31	11.53	11.11	11.48	21211	11.34	2028	思源电气	SZ	11.2	11.06	
591	2012-01-19	13.87	14.27	13.79	14.18	18384	6.18	2029	七 匹 狼	SZ	14.01	6.11	
591	2012-01-19	6.12	6.31	6.05	6.25	42554	4.72	2030	达安基因	SZ	6.1	4.6	
591	2012-01-19	5.46	5.66	5.46	5.58	10776	5.5	2031	巨轮股份	SZ	5.49	5.41	
591	2012-01-19	13.16	13.27	12.5	12.55	26334	10.94	2032	苏 泊 尔	SZ	13.16	11.48	
591	2012-01-19	13.41	13.83	13.41	13.77	6866	10.31	2033	丽江旅游	SZ	13.65	10.21	
591	2012-01-19	15.3	15.83	15.3	15.55	12481	14.88	2034	美 欣 达	SZ	15.51	14.84	
591	2012-01-19	8.05	8.27	7.93	8.17	45078	5.87	2035	华帝股份	SZ	8.03	5.77	
591	2012-01-19	9.02	9.22	8.92	9.03	18111	8.94	2036	宜科科技	SZ	9.03	8.94	
591	2012-01-19	10.34	10.48	10.19	10.43	28302	6.34	2037	久联发展	SZ	10.26	6.24	
591	2012-01-19	21.24	21.62	20.92	21.33	33791	17.59	2038	双鹭药业	SZ	21.27	17.54	
591	2012-01-19	13.94	14.1	13.89	13.99	5307	13.87	2039	黔源电力	SZ	13.98	13.86	
591	2012-01-19	5.24	5.3	5.19	5.25	4354	5.2	2040	南 京 港	SZ	5.24	5.19	
591	2012-01-19	24.41	24.78	23.72	24.31	33144	24.12	2041	登海种业	SZ	24.39	24.2	
591	2012-01-19	4.99	5.08	4.97	5.05	95312	3.31	2042	华孚色纺	SZ	5	3.27	
591	2012-01-19	3.17	3.24	3.09	3.16	41512	1.54	2043	兔 宝 宝	SZ	3.22	1.57	
591	2012-01-19	8.35	8.36	8.2	8.29	6302	7.99	2044	江苏三友	SZ	8.29	7.99	
591	2012-01-19	5.28	5.35	5.2	5.28	29906	5.06	2045	广州国光	SZ	5.29	5.07	
591	2012-01-19	6.81	7.05	6.81	6.9	21931	3.39	2046	轴研科技	SZ	6.8	3.35	
591	2012-01-19	2.91	2.98	2.89	2.94	29301	2.94	2047	成霖股份	SZ	2.93	2.93	
591	2012-01-19	7.4	7.64	7.39	7.64	29643	7.52	2048	宁波华翔	SZ	7.45	7.34	
591	2012-01-19	16.5	16.95	16.2	16.49	9638	16.36	2049	晶源电子	SZ	16.6	16.47	
591	2012-01-19	10.83	11.11	10.6	11	23991	5.27	2050	三花股份	SZ	11.11	5.32	
591	2012-01-19	4.31	4.34	4.18	4.24	19965	2.1	2052	同洲电子	SZ	4.26	2.1	
591	2012-01-19	9.07	9.19	8.9	9.1	7776	9.06	2053	云南盐化	SZ	9.06	9.02	
591	2012-01-19	8.65	8.78	8.5	8.59	9165	8.35	2054	德美化工	SZ	8.51	8.27	
591	2012-01-19	7.76	7.85	7.3	7.74	31120	3.81	2055	得润电子	SZ	7.76	3.83	
591	2012-01-19	16.9	17.65	16.63	17.35	48093	17.33	2056	横店东磁	SZ	17.05	17.03	
591	2012-01-19	15.68	16.03	15.21	15.8	48559	15.8	2057	中钢天源	SZ	16.1	16.1	
591	2012-01-19	7.77	7.77	7.48	7.65	27603	6.57	2058	威 尔 泰	SZ	7.81	6.71	
591	2012-01-19	9.64	9.95	9.63	9.86	14659	9.77	2059	云南旅游	SZ	9.75	9.66	
591	2012-01-19	5.25	5.33	5.19	5.28	42756	3.64	2060	粤 水 电	SZ	5.25	3.61	
591	2012-01-19	4.52	4.67	4.48	4.62	20750	3.04	2061	江山化工	SZ	4.53	2.98	
591	2012-01-19	4.93	5	4.9	4.95	9679	2.69	2062	宏润建设	SZ	4.93	2.68	
591	2012-01-19	11.28	11.8	11	11.79	33643	8.84	2063	远光软件	SZ	11.47	8.6	
591	2012-01-19	5.25	5.28	5.1	5.2	27603	5.13	2064	华峰氨纶	SZ	5.15	5.08	
591	2012-01-19	13.88	14.14	13.69	13.85	25953	10.45	2065	东华软件	SZ	14.02	10.57	
591	2012-01-19	5.7	5.84	5.65	5.76	6783	2.8	2066	瑞泰科技	SZ	5.72	2.78	
591	2012-01-19	2.67	2.68	2.6	2.62	169221	1.31	2067	景兴纸业	SZ	2.69	1.35	
591	2012-01-19	5.6	5.66	5.43	5.61	35912	5.49	2068	黑猫股份	SZ	5.56	5.44	
591	2012-01-19	21.4	21.97	21.2	21.67	27263	20.82	2069	獐 子 岛	SZ	21.4	20.56	
591	2012-01-19	3.05	3.08	3.04	3.04	40346	1.79	2070	众和股份	SZ	3.05	1.8	
591	2012-01-19	8.68	8.79	8.34	8.47	40469	8.43	2071	江苏宏宝	SZ	8.69	8.65	
591	2012-01-19	6.11	6.18	5.98	6.03	6793	6.03	2072	*ST德棉	SZ	6.08	6.08	
591	2012-01-19	13.87	14.03	13.65	13.81	65712	13.75	2073	软控股份	SZ	13.77	13.71	
591	2012-01-19	6.16	6.22	6.07	6.18	59669	6.07	2074	东源电器	SZ	6.15	6.04	
591	2012-01-19	6.53	6.69	6.51	6.61	9131	6.39	2076	雪 莱 特	SZ	6.55	6.33	
591	2012-01-19	6.35	6.55	6.35	6.5	9763	6.42	2077	大港股份	SZ	6.36	6.28	
591	2012-01-19	6.98	7.14	6.95	7.04	40396	6.79	2078	太阳纸业	SZ	7.03	6.78	
591	2012-01-19	5.55	5.68	5.45	5.61	24922	3.08	2079	苏州固锝	SZ	5.55	3.04	
591	2012-01-19	10.97	11.41	10.97	11.13	23948	10.87	2080	中材科技	SZ	11.07	10.81	
591	2012-01-19	14.67	15.26	14.53	15.12	15035	6.62	2081	金 螳 螂	SZ	14.76	6.46	
591	2012-01-19	9.12	9.49	9.06	9.38	41346	9.06	2082	栋梁新材	SZ	9.23	8.91	
591	2012-01-19	5.26	5.38	5.22	5.31	33505	5.24	2083	孚日股份	SZ	5.23	5.16	
591	2012-01-19	3.48	3.51	3.43	3.46	7250	2.76	2084	海鸥卫浴	SZ	3.45	2.76	
591	2012-01-19	8.21	8.47	8.13	8.34	11518	7.72	2085	万丰奥威	SZ	8.2	7.59	
591	2012-01-19	11.5	11.83	11.5	11.65	22620	11.47	2086	东方海洋	SZ	11.62	11.44	
591	2012-01-19	3.55	3.62	3.5	3.59	33090	3.56	2087	新野纺织	SZ	3.53	3.5	
591	2012-01-19	9.65	9.86	9.5	9.76	5405	9.55	2088	鲁阳股份	SZ	9.65	9.44	
591	2012-01-19	7.43	7.57	7.28	7.53	51839	6.14	2089	新 海 宜	SZ	7.44	6.07	
591	2012-01-19	8.22	8.47	8.22	8.34	14056	8.2	2090	金智科技	SZ	8.34	8.2	
591	2012-01-19	12.66	13.01	12.51	12.99	21148	12.73	2091	江苏国泰	SZ	12.66	12.4	
591	2012-01-19	7.94	8.06	7.87	8.04	115751	7.69	2092	中泰化学	SZ	7.92	7.57	
591	2012-01-19	5.89	5.98	5.78	5.86	59422	5.85	2093	国脉科技	SZ	5.88	5.87	
591	2012-01-19	8.59	8.88	8.44	8.8	32804	8.8	2094	青岛金王	SZ	8.6	8.6	
591	2012-01-19	10.99	11.11	10.68	10.99	6791	10.86	2095	生 意 宝	SZ	10.9	10.77	
591	2012-01-19	9.46	9.73	9.26	9.51	24160	4.69	2096	南岭民爆	SZ	9.47	4.67	
591	2012-01-19	8.81	8.98	8.71	8.89	33589	8.81	2097	山河智能	SZ	8.82	8.74	
591	2012-01-19	8.5	8.63	8.33	8.6	4769	8.21	2098	浔兴股份	SZ	8.43	8.04	
591	2012-01-19	7.89	8.23	7.8	8.18	40756	3.99	2099	海翔药业	SZ	7.89	3.85	
591	2012-01-19	5.4	5.44	5.3	5.4	50489	5.3	21	长城开发	SZ	5.38	5.28	
591	2012-01-19	6.98	7.15	6.86	7.08	7888	5.35	2100	天康生物	SZ	7.02	5.31	
591	2012-01-19	9.29	10.21	9.19	9.58	10412	9.38	2101	广东鸿图	SZ	9.29	9.1	
591	2012-01-19	5.64	5.75	5.55	5.67	84594	5.67	2102	冠福家用	SZ	5.68	5.68	
591	2012-01-19	5.53	5.75	5.53	5.67	3997	5.54	2103	广博股份	SZ	5.67	5.54	
591	2012-01-19	8.05	8.18	7.87	7.98	52091	7.89	2104	恒宝股份	SZ	8.07	7.98	
591	2012-01-19	4.4	4.51	4.37	4.44	5541	4.27	2105	信隆实业	SZ	4.42	4.25	
591	2012-01-19	15.21	16.1	15.21	16	85976	15.76	2106	莱宝高科	SZ	15.36	15.13	
591	2012-01-19	8.62	8.89	8.6	8.79	3371	8.79	2107	沃华医药	SZ	8.62	8.62	
591	2012-01-19	7.2	7.29	7.1	7.19	19015	6.99	2108	沧州明珠	SZ	7.2	7	
591	2012-01-19	8.2	8.47	8.16	8.38	34278	8.09	2109	兴化股份	SZ	8.21	7.93	
591	2012-01-19	7.3	7.51	7.3	7.45	22893	7.44	2110	三钢闽光	SZ	7.39	7.38	
591	2012-01-19	7.39	7.48	7.22	7.34	33109	7.22	2111	威海广泰	SZ	7.36	7.24	
591	2012-01-19	3.94	4.22	3.92	4.16	24650	2.3	2112	三变科技	SZ	3.96	2.19	
591	2012-01-19	6	6.15	5.91	6.11	4032	6.11	2113	ST天润	SZ	6.06	6.06	
591	2012-01-19	10.43	10.83	10.01	10.35	84662	10.35	2114	罗平锌电	SZ	10.65	10.65	
591	2012-01-19	6.58	6.67	6.5	6.56	13797	3.52	2115	三维通信	SZ	6.59	3.54	
591	2012-01-19	9.01	9.26	9.01	9.11	3153	4.85	2116	中国海诚	SZ	9.08	4.84	
591	2012-01-19	11.27	11.27	10.89	11.13	7108	6.54	2117	东港股份	SZ	11.14	6.54	
591	2012-01-19	9.15	9.85	9.11	9.31	263063	9.31	2118	紫鑫药业	SZ	9.1	9.1	
591	2012-01-19	7.66	7.82	7.46	7.57	40513	7.52	2119	康强电子	SZ	7.71	7.66	
591	2012-01-19	6.49	6.71	6.49	6.59	7468	6.48	2120	新海股份	SZ	6.56	6.45	
591	2012-01-19	8.65	8.93	8.62	8.89	17478	8.83	2121	科陆电子	SZ	8.68	8.62	
591	2012-01-19	6.81	6.97	6.77	6.82	49379	6.62	2122	天马股份	SZ	6.83	6.63	
591	2012-01-19	14.3	14.65	14.01	14.43	21214	14.43	2123	荣信股份	SZ	14.32	14.32	
591	2012-01-19	6.52	6.68	6.5	6.6	9179	6.44	2124	天邦股份	SZ	6.54	6.39	
591	2012-01-19	9.55	9.91	9.47	9.9	9782	6.16	2125	湘潭电化	SZ	9.77	6.08	
591	2012-01-19	5.94	6.09	5.89	6.07	11027	3	2126	银轮股份	SZ	5.94	2.94	
591	2012-01-19	5.03	5.16	4.96	5.1	23444	5.08	2127	新民科技	SZ	5.03	5.01	
591	2012-01-19	14.68	14.9	14.48	14.75	44955	14.06	2128	露天煤业	SZ	14.55	13.87	
591	2012-01-19	11.13	11.46	11	11.22	54675	11.21	2129	中环股份	SZ	11.11	11.1	
591	2012-01-19	6.72	6.93	6.57	6.85	107865	3.46	2130	沃尔核材	SZ	6.88	3.47	
591	2012-01-19	11.38	11.4	10.97	11.18	11206	11.12	2131	利欧股份	SZ	11.28	11.22	
591	2012-01-19	7.1	7.26	7.02	7.15	53495	7.07	2132	恒星科技	SZ	7.08	7	
591	2012-01-19	3.72	3.78	3.69	3.78	23749	2.98	2133	广宇集团	SZ	3.72	2.93	
591	2012-01-19	5.8	5.93	5.7	5.84	15664	5.84	2134	天津普林	SZ	5.77	5.77	
591	2012-01-19	4.49	4.58	4.47	4.51	8799	2.48	2135	东南网架	SZ	4.46	2.46	
591	2012-01-19	14.73	15.99	14.61	15.19	142716	15.09	2136	安 纳 达	SZ	14.87	14.77	
591	2012-01-19	4.34	4.43	4.3	4.38	9411	3.19	2137	实 益 达	SZ	4.33	3.16	
591	2012-01-19	8.37	8.47	8.33	8.33	9506	5.42	2138	顺络电子	SZ	8.37	5.45	
591	2012-01-19	8.59	8.76	8.48	8.68	18418	7.61	2139	拓邦股份	SZ	8.59	7.53	
591	2012-01-19	18.51	18.99	18.51	18.81	6248	18.68	2140	东华科技	SZ	18.78	18.65	
591	2012-01-19	6.68	6.83	6.45	6.46	34646	6.46	2141	蓉胜超微	SZ	6.72	6.72	
591	2012-01-19	9.45	9.63	9.44	9.61	119083	9.19	2142	宁波银行	SZ	9.45	9.04	
591	2012-01-19	6.28	6.37	6.17	6.25	7455	4.74	2143	高金食品	SZ	6.25	4.74	
591	2012-01-19	10.99	11.45	10.91	11.35	13947	11.11	2144	宏达高科	SZ	10.96	10.73	
591	2012-01-19	8.56	8.8	8.08	8.3	97545	8.16	2146	荣盛发展	SZ	8.6	8.45	
591	2012-01-19	7.93	8.08	7.6	7.89	35341	7.63	2147	方圆支承	SZ	7.94	7.68	
591	2012-01-19	9.49	9.55	8.99	8.99	190911	4.42	2148	北纬通信	SZ	9.99	4.91	
591	2012-01-19	14.04	14.8	13.88	14.5	103082	14.44	2149	西部材料	SZ	13.7	13.64	
591	2012-01-19	6	6.09	5.94	6.04	10483	5.84	2150	江苏通润	SZ	6.09	5.89	
591	2012-01-19	20.83	21.38	20.67	20.84	22918	17.26	2151	北斗星通	SZ	21	17.39	
591	2012-01-19	11.31	11.6	11.24	11.33	21909	6.56	2152	广电运通	SZ	11.35	6.57	
591	2012-01-19	23.1	23.56	23	23.11	2212	22.8	2153	石基信息	SZ	23.35	23.04	
591	2012-01-19	10.25	10.61	10.25	10.6	14987	10.24	2154	报 喜 鸟	SZ	10.45	10.1	
591	2012-01-19	12.58	13.73	12.35	13.48	416250	7.29	2155	辰州矿业	SZ	12.63	6.83	
591	2012-01-19	4.95	5.07	4.9	5.06	43424	5.02	2156	通富微电	SZ	4.96	4.92	
591	2012-01-19	8.37	8.61	8.1	8.6	81794	8.46	2157	正邦科技	SZ	8.45	8.31	
591	2012-01-19	9.86	10.13	9.68	10.05	16126	8.67	2158	汉钟精机	SZ	9.91	8.55	
591	2012-01-19	12.44	12.5	12.13	12.17	11660	12.1	2159	三特索道	SZ	12.4	12.33	
591	2012-01-19	8.03	8.13	7.85	7.97	56999	3.92	2161	远 望 谷	SZ	8.02	3.95	
591	2012-01-19	5.63	5.82	5.55	5.79	27108	5.79	2162	斯 米 克	SZ	5.65	5.65	
591	2012-01-19	4.52	4.6	4.46	4.52	21677	4.48	2163	中航三鑫	SZ	4.51	4.47	
591	2012-01-19	6.82	7.14	6.58	6.72	198239	6.68	2164	东力传动	SZ	6.88	6.84	
591	2012-01-19	5.58	5.67	5.56	5.58	17475	3.01	2165	红 宝 丽	SZ	5.58	3.01	
591	2012-01-19	14.17	14.78	13.96	14.45	25686	14.45	2166	莱茵生物	SZ	14.17	14.17	
591	2012-01-19	15.25	15.94	15.1	15.76	45520	7.84	2167	东方锆业	SZ	15.6	7.76	
591	2012-01-19	8.1	8.1	7.46	7.62	170546	6.47	2168	深圳惠程	SZ	8.1	6.88	
591	2012-01-19	6.28	6.32	6.17	6.26	25091	6.26	2169	智光电气	SZ	6.26	6.26	
591	2012-01-19	4.27	4.38	4.26	4.32	11439	2.32	2170	芭田股份	SZ	4.29	2.31	
591	2012-01-19	12.23	12.63	11.88	12.39	48383	12.37	2171	精诚铜业	SZ	12.24	12.22	
590	2012-01-19	3.86	3.91	3.71	3.81	76109	3.81	2172	澳洋科技	SZ	3.86	3.86	
591	2012-01-19	8.32	8.7	8.18	8.37	13375	8.32	2173	山 下 湖	SZ	8.32	8.27	
591	2012-01-19	10.98	11.68	10.52	11.21	17096	11.2	2174	梅 花 伞	SZ	11.18	11.17	
591	2012-01-19	9.68	9.79	9.42	9.71	2671	9.61	2175	广陆数测	SZ	9.64	9.54	
591	2012-01-19	7.6	7.93	7.59	7.88	54982	3.93	2176	江特电机	SZ	7.68	3.82	
591	2012-01-19	4.72	4.72	4.53	4.66	75132	2.09	2177	御银股份	SZ	4.71	2.11	
591	2012-01-19	8.35	8.62	8.2	8.44	16439	8.41	2178	延华智能	SZ	8.5	8.47	
591	2012-01-19	14.17	14.73	14.17	14.45	10478	14.27	2179	中航光电	SZ	14.47	14.29	
591	2012-01-19	11.72	12.24	11.5	12.07	20534	11.93	2180	万 力 达	SZ	11.66	11.53	
591	2012-01-19	10.29	10.29	9.75	9.78	54226	9.68	2181	粤 传 媒	SZ	10.2	10.1	
591	2012-01-19	11.35	11.82	11.2	11.6	127367	11.47	2182	云海金属	SZ	11.49	11.36	
591	2012-01-19	4.74	4.81	4.69	4.73	31541	4.65	2183	怡 亚 通	SZ	4.75	4.67	
591	2012-01-19	6.38	6.53	6.35	6.42	7397	6.31	2184	海得控制	SZ	6.39	6.28	
591	2012-01-19	3.84	3.91	3.77	3.9	56739	2.38	2185	华天科技	SZ	3.8	2.32	
591	2012-01-19	13.45	13.73	13.45	13.52	3769	6.36	2186	全 聚 德	SZ	13.49	6.35	
591	2012-01-19	9.67	9.82	9.43	9.79	13345	7.82	2187	广百股份	SZ	9.53	7.61	
591	2012-01-19	8.32	8.46	8.32	8.44	3705	8.44	2188	新 嘉 联	SZ	8.43	8.43	
591	2012-01-19	10.15	10.28	9.77	10.18	22057	10.16	2189	利达光电	SZ	10.05	10.03	
591	2012-01-19	16.02	16.54	15.89	16.48	20871	12.52	2190	成飞集成	SZ	16.12	12.24	
591	2012-01-19	9.3	9.62	9.25	9.59	18111	9.41	2191	劲嘉股份	SZ	9.4	9.22	
591	2012-01-19	14.66	15.16	14.4	15.11	20779	15.11	2192	路翔股份	SZ	14.85	14.85	
591	2012-01-19	10.4	10.77	10.35	10.55	21412	10.55	2193	山东如意	SZ	10.5	10.5	
591	2012-01-19	7.4	7.52	7.2	7.47	61108	7.13	2194	武汉凡谷	SZ	7.66	7.31	
590	2012-01-19	16.35	16.65	15.66	16.38	32810	16.13	2195	海隆软件	SZ	16.31	16.06	
590	2012-01-19	11.69	11.9	11.42	11.8	2933	11.44	2196	方正电机	SZ	11.61	11.26	
591	2012-01-19	9.57	9.8	9.24	9.52	12141	9.36	2197	证通电子	SZ	9.57	9.41	
590	2012-01-19	4.32	4.33	4.26	4.32	10872	2.13	2198	嘉应制药	SZ	4.31	2.13	
590	2012-01-19	6.73	6.86	6.47	6.77	24197	4.46	2199	东晶电子	SZ	6.9	4.55	
591	2012-01-19	9.58	9.74	9.52	9.7	7012	9.08	22	深赤湾Ａ	SZ	9.59	8.98	
590	2012-01-19	7.29	7.47	7.21	7.37	11480	7.36	2201	九鼎新材	SZ	7.28	7.27	
590	2012-01-19	7.99	8.16	7.9	8.11	150568	7.98	2202	金风科技	SZ	7.98	7.85	
590	2012-01-19	6.57	6.79	6.55	6.71	42392	4.36	2203	海亮股份	SZ	6.66	4.33	
590	2012-01-19	12.1	12.1	11.72	11.88	10322	5.15	2204	华锐铸钢	SZ	11.88	5.16	
590	2012-01-19	11.9	12.22	11.83	12.17	11353	12.07	2205	国统股份	SZ	12.04	11.94	
590	2012-01-19	7.94	8.19	7.94	8.11	16344	7.35	2206	海 利 得	SZ	8.1	7.34	
590	2012-01-19	14.2	14.62	14.01	14.38	18325	14.27	2207	准油股份	SZ	14.4	14.29	
590	2012-01-19	5.68	5.78	5.63	5.75	12394	5.55	2208	合肥城建	SZ	5.67	5.48	
590	2012-01-19	7.3	7.38	7.22	7.29	6012	7.22	2209	达 意 隆	SZ	7.33	7.26	
590	2012-01-19	4.84	4.9	4.72	4.85	5217	3.65	2210	飞马国际	SZ	4.82	3.63	
590	2012-01-19	6.76	6.92	6.6	6.83	25611	6.83	2211	宏达新材	SZ	6.82	6.82	
590	2012-01-19	6.02	6.1	5.98	6.04	23081	5.89	2212	南洋股份	SZ	6.01	5.87	
590	2012-01-19	8	8.2	7.91	8.01	8092	7.92	2213	特 尔 佳	SZ	8.05	7.96	
590	2012-01-19	5.17	5.27	5.13	5.22	30460	3.37	2215	诺 普 信	SZ	5.17	3.34	
590	2012-01-19	11.85	12.15	11.25	12.07	46781	5.92	2216	三全食品	SZ	11.85	5.81	
590	2012-01-19	5.53	5.59	5.37	5.53	19215	3.63	2217	联合化工	SZ	5.47	3.59	
591	2012-01-19	11.5	11.7	10.8	11.09	107275	11.09	2218	拓日新能	SZ	11.56	11.56	
591	2012-01-19	7.48	7.55	7.33	7.45	7641	4.61	2219	独 一 味	SZ	7.39	4.57	
591	2012-01-19	7.93	7.97	7.76	7.93	4268	3.86	2220	天宝股份	SZ	7.95	3.86	
591	2012-01-19	3.82	3.85	3.71	3.82	16961	1.89	2221	东华能源	SZ	3.81	1.88	
591	2012-01-19	6.6	6.81	6.55	6.66	19795	6.48	2222	福晶科技	SZ	6.65	6.47	
591	2012-01-19	14	14.96	13.96	14.45	48120	11	2223	鱼跃医疗	SZ	14.2	10.81	
591	2012-01-19	5.1	5.19	5.07	5.13	4813	3.33	2224	三 力 士	SZ	5.11	3.32	
591	2012-01-19	9.54	9.63	8.83	9.4	99449	9.29	2225	濮耐股份	SZ	9.68	9.57	
591	2012-01-19	11.56	11.69	11.38	11.46	13381	11.03	2226	江南化工	SZ	11.58	11.15	
591	2012-01-19	19.53	19.88	18.95	19.41	6902	19.25	2227	奥 特 迅	SZ	19.6	19.44	
591	2012-01-19	5.53	5.58	5.4	5.45	8961	5.28	2228	合兴包装	SZ	5.49	5.32	
591	2012-01-19	7.16	7.37	6.96	6.96	12860	3.54	2229	鸿博股份	SZ	7.16	3.64	
591	2012-01-19	18.7	19.03	18.47	18.6	29732	7.16	2230	科大讯飞	SZ	18.7	7.2	
591	2012-01-19	6.53	6.93	6.53	6.69	15037	3.19	2231	奥维通信	SZ	6.61	3.15	
591	2012-01-19	7.2	7.52	7.2	7.41	13900	7.4	2232	启明信息	SZ	7.36	7.35	
591	2012-01-19	9.75	10.1	9.68	9.95	158117	9.67	2233	塔牌集团	SZ	9.89	9.61	
591	2012-01-19	12.6	13.09	12.6	12.73	12660	5.97	2234	民和股份	SZ	12.74	5.98	
591	2012-01-19	8.49	8.67	8.3	8.56	7352	8.29	2235	安妮股份	SZ	8.56	8.29	
591	2012-01-19	9.95	10.24	9.89	10	37974	2.45	2236	大华股份	SZ	9.96	2.44	
591	2012-01-19	16.44	18.18	16.33	18.18	93155	8.97	2237	恒邦股份	SZ	16.53	8.15	
591	2012-01-19	15.1	15.1	13.64	13.77	83202	13.59	2238	天威视讯	SZ	15.15	14.95	
591	2012-01-19	6.38	6.64	6.38	6.54	22850	6.52	2239	金 飞 达	SZ	6.45	6.43	
590	2012-01-19	4.03	4.13	4	4.07	17132	4.07	2240	威华股份	SZ	4.04	4.04	
591	2012-01-19	11.39	11.94	11.22	11.89	30777	6.53	2241	歌尔声学	SZ	11.45	6.28	
591	2012-01-19	7.81	8.1	7.8	8.03	18242	7.1	2242	九阳股份	SZ	7.85	6.94	
591	2012-01-19	8.39	8.67	8.28	8.54	9670	8.42	2243	通产丽星	SZ	8.39	8.27	
591	2012-01-19	6.55	6.8	6.43	6.72	33592	6.62	2244	滨江集团	SZ	6.48	6.39	
591	2012-01-19	5.33	5.43	5.29	5.36	11878	5.27	2245	澳洋顺昌	SZ	5.33	5.24	
591	2012-01-19	8.85	9.1	8.85	9.08	6104	9.01	2246	北化股份	SZ	8.93	8.86	
591	2012-01-19	5.47	5.66	5.47	5.62	7380	2.71	2247	帝龙新材	SZ	5.58	2.69	
591	2012-01-19	10.77	10.98	10.6	10.76	26471	10.71	2248	华东数控	SZ	10.75	10.7	
591	2012-01-19	9.63	10.15	9.58	9.92	46879	6.3	2249	大洋电机	SZ	9.84	6.25	
591	2012-01-19	13.46	13.65	13.12	13.3	13623	10.13	2250	联化科技	SZ	13.54	10.31	
591	2012-01-19	11.73	11.73	11.34	11.61	7683	5.84	2251	步 步 高	SZ	11.49	5.78	
591	2012-01-19	13.49	13.7	13.1	13.54	19189	7.49	2252	上海莱士	SZ	13.67	7.57	
591	2012-01-19	12.51	12.83	12.29	12.73	12797	7.74	2253	川大智胜	SZ	12.56	7.64	
591	2012-01-19	8.75	8.88	8.61	8.77	18942	6.57	2254	烟台氨纶	SZ	8.62	6.46	
591	2012-01-19	14.25	14.25	13.45	13.5	18223	6.68	2255	海陆重工	SZ	14.27	7.05	
591	2012-01-19	6.33	6.47	6.17	6.35	62760	5.24	2256	彩虹精化	SZ	6.43	5.3	
591	2012-01-19	9.38	9.43	9.26	9.36	3310	9.29	2258	利尔化学	SZ	9.33	9.26	
591	2012-01-19	2.9	2.94	2.76	2.85	231635	2.85	2259	升达林业	SZ	2.9	2.9	
591	2012-01-19	5.7	5.9	5.67	5.77	21635	5.62	2260	伊 立 浦	SZ	5.75	5.6	
591	2012-01-19	14.54	14.76	13.75	13.75	159096	10.53	2261	拓维信息	SZ	15.28	11.71	
591	2012-01-19	13.65	13.84	13.44	13.76	7299	10.95	2262	恩华药业	SZ	13.66	10.87	
591	2012-01-19	4.46	4.57	4.43	4.49	67681	3.69	2263	大 东 南	SZ	4.46	3.66	
591	2012-01-19	6.95	7.07	6.86	6.87	52752	4.5	2264	新 华 都	SZ	7.01	4.59	
591	2012-01-19	6.09	6.2	5.92	6.05	7089	6.05	2265	西仪股份	SZ	6.05	6.05	
591	2012-01-19	3.48	3.51	3.24	3.31	120722	0.79	2266	浙富股份	SZ	3.48	0.84	
591	2012-01-19	7.55	7.7	7.54	7.63	11310	3.65	2267	陕天然气	SZ	7.55	3.62	
591	2012-01-19	14.5	14.9	14.31	14.64	9437	14.58	2268	卫 士 通	SZ	14.56	14.5	
591	2012-01-19	21.6	22.43	21.6	22.1	9081	20.31	2269	美邦服饰	SZ	21.99	20.21	
591	2012-01-19	5.78	5.94	5.78	5.9	9919	4.45	2270	法因数控	SZ	5.83	4.4	
591	2012-01-19	11.48	11.86	11.32	11.41	31870	11.14	2271	东方雨虹	SZ	11.74	11.47	
591	2012-01-19	4.59	4.59	4.49	4.53	11004	2.24	2272	川润股份	SZ	4.54	2.25	
591	2012-01-19	9.01	9.2	8.74	8.94	31175	2.83	2273	水晶光电	SZ	9.08	2.87	
591	2012-01-19	8.38	8.52	8.22	8.45	15230	8.4	2274	华昌化工	SZ	8.4	8.35	
591	2012-01-19	11.8	12	11.75	11.99	3752	10.98	2275	桂林三金	SZ	11.79	10.79	
591	2012-01-19	4.71	4.88	4.67	4.79	35002	2.6	2276	万马电缆	SZ	4.76	2.59	
591	2012-01-19	9.44	9.8	9.43	9.77	30156	5.96	2277	友阿股份	SZ	9.44	5.76	
591	2012-01-19	8.6	8.68	8.36	8.54	14005	7.54	2278	神开股份	SZ	8.57	7.57	
591	2012-01-19	11.04	11.14	10.56	10.81	42949	6.52	2279	久其软件	SZ	11.16	6.74	
591	2012-01-19	12.43	12.48	11.42	12.35	14550	11.8	2280	新世纪	SZ	12.62	12.06	
591	2012-01-19	25.85	26.66	25.72	26.5	6146	26.03	2281	光迅科技	SZ	25.8	25.34	
591	2012-01-19	9.65	9.77	9.42	9.68	11328	9.53	2282	博深工具	SZ	9.65	9.5	
591	2012-01-19	9.53	9.8	9.46	9.59	12746	9.53	2283	天润曲轴	SZ	9.51	9.45	
591	2012-01-19	6.54	6.7	6.49	6.55	5501	6.41	2284	亚太股份	SZ	6.54	6.4	
591	2012-01-19	7.69	7.88	7.62	7.79	16766	5.74	2285	世联地产	SZ	7.72	5.69	
591	2012-01-19	11.15	11.38	10.94	11.22	3806	8.49	2286	保龄宝	SZ	11.15	8.45	
591	2012-01-19	15.3	15.47	15.02	15.29	5072	14.84	2287	奇正藏药	SZ	15.23	14.78	
591	2012-01-19	7.29	7.47	7.17	7.19	12161	3.73	2288	超华科技	SZ	7.39	3.84	
591	2012-01-19	14.19	15	14.19	14.94	7855	14.91	2289	宇顺电子	SZ	14.48	14.45	
591	2012-01-19	10.7	10.96	10.6	10.84	11059	7.6	2290	禾盛新材	SZ	10.72	7.52	
591	2012-01-19	7.54	7.7	7.5	7.57	28481	7.49	2291	星期六	SZ	7.61	7.53	
591	2012-01-19	17.33	17.53	16.27	16.27	282995	10.67	2292	奥飞动漫	SZ	18.08	11.86	
591	2012-01-19	32	32.47	31	32.1	8177	15.21	2293	罗莱家纺	SZ	32.25	15.28	
591	2012-01-19	12.91	13.28	12.77	13.12	7644	7	2294	信立泰	SZ	12.88	6.87	
591	2012-01-19	8.29	8.38	8.05	8.2	26937	8.2	2295	精艺股份	SZ	8.26	8.26	
591	2012-01-19	8.23	8.59	8	8.5	15396	5.65	2297	博云新材	SZ	8.28	5.5	
591	2012-01-19	6.43	6.49	6.3	6.45	19554	3.22	2298	鑫龙电器	SZ	6.45	3.22	
591	2012-01-19	13.68	13.76	13.25	13.43	23849	13.17	2299	圣农发展	SZ	13.49	13.22	
591	2012-01-19	5.61	5.84	5.6	5.8	7918	5.75	23	深天地Ａ	SZ	5.7	5.65	
591	2012-01-19	9.55	10.26	9.55	10.12	28252	9.45	2300	太阳电缆	SZ	9.63	8.99	
591	2012-01-19	5.24	5.38	5.2	5.33	7227	2.62	2301	齐心文具	SZ	5.24	2.57	
591	2012-01-19	10.31	10.58	10.02	10.46	12315	8.01	2302	西部建设	SZ	10.46	8	
591	2012-01-19	9.35	9.65	9.35	9.49	9326	4.71	2303	美盈森	SZ	9.38	4.66	
591	2012-01-19	99.92	103.33	99.25	101.88	9406	81.74	2304	洋河股份	SZ	99.17	79.56	
591	2012-01-19	5.64	5.71	5.59	5.71	11792	5.57	2305	南国置业	SZ	5.67	5.53	
591	2012-01-19	3.72	3.77	3.71	3.76	22664	0.84	2306	湘鄂情	SZ	3.72	0.84	
591	2012-01-19	6.45	6.5	6.13	6.41	38791	6.41	2307	北新路桥	SZ	6.5	6.5	
591	2012-01-19	6.88	7.06	6.73	6.92	11086	5.02	2308	威创股份	SZ	6.89	5	
591	2012-01-19	8.9	9.19	8.85	9.06	29025	4.46	2309	中利科技	SZ	8.99	4.43	
591	2012-01-19	17.05	17.75	16.44	17.73	35179	4.42	2310	东方园林	SZ	17.14	4.28	
591	2012-01-19	12.69	13.08	11.62	12.68	35537	9.61	2311	海大集团	SZ	12.88	9.76	
591	2012-01-19	4.33	4.43	4.23	4.4	16088	2.12	2312	三泰电子	SZ	4.33	2.09	
591	2012-01-19	13.93	14.5	13.86	14.16	6218	5.29	2313	日海通讯	SZ	14.15	5.29	
591	2012-01-19	9.01	9.21	8.91	9.1	6779	8.93	2314	雅致股份	SZ	9.04	8.87	
591	2012-01-19	37.99	39.21	37.58	38.77	3420	37.07	2315	焦点科技	SZ	37.93	36.27	
591	2012-01-19	4.87	5.06	4.84	4.99	30033	2.74	2316	键桥通讯	SZ	4.91	2.7	
591	2012-01-19	9.56	9.79	9.51	9.78	5312	4.61	2317	众生药业	SZ	9.56	4.5	
591	2012-01-19	10.71	11	10.51	10.71	5303	7.04	2318	久立特材	SZ	10.6	6.97	
591	2012-01-19	4.68	4.78	4.65	4.75	10795	2.33	2319	乐通股份	SZ	4.68	2.3	
591	2012-01-19	10.87	11.06	10.78	10.86	9186	8.01	2320	海峡股份	SZ	10.85	8	
591	2012-01-19	6.4	6.53	6.26	6.49	22790	3.21	2321	华英农业	SZ	6.41	3.17	
591	2012-01-19	8.8	9.22	8.75	9.19	32444	2.24	2322	理工监测	SZ	8.98	2.19	
591	2012-01-19	13.48	13.92	13.46	13.68	1123	9.81	2323	中联电气	SZ	13.48	9.67	
591	2012-01-19	9.8	9.88	9.54	9.78	3628	9.66	2324	普利特	SZ	9.75	9.63	
591	2012-01-19	4.88	4.95	4.7	4.94	27708	1.61	2325	洪涛股份	SZ	4.74	1.55	
591	2012-01-19	13.21	13.54	13.03	13.3	12744	13.17	2326	永太科技	SZ	13.39	13.26	
591	2012-01-19	15.7	15.71	14.58	15.08	34032	6.15	2327	富安娜	SZ	15.67	6.39	
591	2012-01-19	6.13	6.21	5.99	6.13	37729	4	2328	新朋股份	SZ	6.13	4	
591	2012-01-19	13	13.42	12.6	12.96	26584	12.7	2329	皇氏乳业	SZ	13.35	13.08	
591	2012-01-19	4.59	4.72	4.56	4.64	7754	2.26	2330	得利斯	SZ	4.61	2.24	
591	2012-01-19	6.71	6.88	6.7	6.78	2785	4.12	2331	皖通科技	SZ	6.73	4.09	
591	2012-01-19	11.37	11.56	11.16	11.39	7745	11.04	2332	仙琚制药	SZ	11.37	11.02	
591	2012-01-19	9.6	9.96	9.51	9.79	20617	9.48	2333	罗普斯金	SZ	9.89	9.57	
591	2012-01-19	7.57	7.79	7.38	7.69	15779	2.57	2334	英威腾	SZ	7.62	2.55	
591	2012-01-19	11.26	11.5	11.13	11.37	6636	7.95	2335	科华恒盛	SZ	11.26	7.88	
591	2012-01-19	14.41	14.48	14.01	14.26	11473	13.82	2336	人人乐	SZ	14.43	13.98	
591	2012-01-19	9.42	9.6	9.37	9.45	3637	8.97	2337	赛象科技	SZ	9.58	9.09	
591	2012-01-19	20	20.23	19.47	19.93	1366	12.85	2338	奥普光电	SZ	20.19	13.02	
591	2012-01-19	5.3	5.47	5.3	5.35	15892	1.29	2339	积成电子	SZ	5.38	1.3	
591	2012-01-19	7.42	7.65	7.23	7.53	58608	2.82	2340	格林美	SZ	7.42	2.78	
591	2012-01-19	7.36	7.63	7.36	7.47	8805	3.65	2341	新纶科技	SZ	7.47	3.66	
591	2012-01-19	5.39	5.56	5.39	5.48	20753	5.43	2342	巨力索具	SZ	5.42	5.37	
591	2012-01-19	11.66	11.75	11.35	11.64	7009	11.01	2343	禾欣股份	SZ	11.45	10.83	
591	2012-01-19	10.64	10.8	10.48	10.62	15202	5.16	2344	海宁皮城	SZ	10.61	5.15	
591	2012-01-19	11.39	12.29	11.1	11.64	33350	5.53	2345	潮宏基	SZ	11.41	5.43	
591	2012-01-19	6.18	6.18	5.91	6.17	13708	2.98	2346	柘中建设	SZ	6.17	2.98	
591	2012-01-19	8.52	8.73	8.44	8.56	8730	4.58	2347	泰尔重工	SZ	8.59	4.6	
591	2012-01-19	5.17	5.22	5.14	5.18	10487	2.44	2348	高乐股份	SZ	5.18	2.44	
591	2012-01-19	7.88	8.14	7.75	8.1	8693	4	2349	精华制药	SZ	7.85	3.87	
591	2012-01-19	10.12	10.24	10.01	10.22	8815	5.77	2350	北京科锐	SZ	10.12	5.72	
591	2012-01-19	8.86	9.02	8.75	8.9	5605	8.54	2351	漫步者	SZ	8.92	8.56	
591	2012-01-19	19.85	19.85	19	19.37	1650	18.53	2352	鼎泰新材	SZ	19.4	18.56	
591	2012-01-19	22.87	23.42	22.31	23.1	13459	8.86	2353	杰瑞股份	SZ	22.71	8.71	
591	2012-01-19	10.42	10.79	10.3	10.52	8647	10.4	2354	科冕木业	SZ	10.49	10.37	
591	2012-01-19	5.54	5.68	5.44	5.45	115959	2.61	2355	兴民钢圈	SZ	5.88	2.82	
591	2012-01-19	17.5	17.88	17.1	17.43	943	17.07	2356	浩宁达	SZ	17.47	17.11	
591	2012-01-19	8.65	8.8	8.58	8.71	6494	8.32	2357	富临运业	SZ	8.62	8.23	
591	2012-01-19	10.39	10.54	10.21	10.42	7557	5.67	2358	森源电气	SZ	10.34	5.63	
591	2012-01-19	15.09	16	14.95	15.39	9059	4.95	2360	同德化工	SZ	15.12	4.86	
591	2012-01-19	4.17	4.33	4.17	4.26	5604	2.26	2361	神剑股份	SZ	4.21	2.24	
591	2012-01-19	11.92	12.23	11.55	11.9	20371	11.9	2362	汉王科技	SZ	11.95	11.95	
591	2012-01-19	12.11	12.3	12.09	12.27	1527	12.19	2363	隆基机械	SZ	12.23	12.15	
591	2012-01-19	6.51	6.66	6.34	6.51	13855	3.16	2364	中恒电气	SZ	6.51	3.16	
591	2012-01-19	9.23	9.65	9.19	9.58	27367	9.25	2365	永安药业	SZ	9.32	9	
591	2012-01-19	9.53	9.76	9.48	9.62	6990	9.15	2366	丹甫股份	SZ	9.56	9.09	
591	2012-01-19	4.06	4.06	4	4.03	25213	1.18	2367	康力电梯	SZ	4.06	1.19	
591	2012-01-19	13.72	14.04	13.57	13.72	5969	11.25	2368	太极股份	SZ	13.72	11.25	
591	2012-01-19	12.42	13.05	12.42	12.97	13542	12.68	2369	卓翼科技	SZ	12.42	12.14	
591	2012-01-19	8.02	8.19	7.82	8.1	5795	8.03	2370	亚太药业	SZ	8.03	7.96	
591	2012-01-19	13.33	13.75	13.19	13.61	8347	3.74	2371	七星电子	SZ	13.46	3.7	
591	2012-01-19	11.31	11.52	11.31	11.48	4337	7.92	2372	伟星新材	SZ	11.31	7.8	
591	2012-01-19	6.41	6.57	6.31	6.57	13029	3.29	2373	联信永益	SZ	6.43	3.22	
591	2012-01-19	5.76	5.89	5.67	5.79	6510	3.06	2374	丽鹏股份	SZ	5.87	3.1	
591	2012-01-19	15.03	15.39	14.53	15.08	8313	9.98	2375	亚厦股份	SZ	15.21	10.06	
591	2012-01-19	7.9	8.04	7.82	7.92	4351	3.8	2376	新北洋	SZ	7.91	3.8	
591	2012-01-19	9.4	9.45	8.82	9.29	52418	9.29	2377	国创高新	SZ	9.46	9.46	
591	2012-01-19	23.7	25.6	23.58	25.59	41506	25.08	2378	章源钨业	SZ	23.95	23.47	
591	2012-01-19	7.75	7.97	7.55	7.77	89647	3.88	2379	鲁丰股份	SZ	7.88	3.94	
591	2012-01-19	22	22.33	21.75	22.27	2570	21.96	2380	科远股份	SZ	21.86	21.56	
591	2012-01-19	5.76	5.84	5.69	5.75	7188	2.68	2381	双箭股份	SZ	5.76	2.68	
591	2012-01-19	6.75	6.88	6.66	6.74	9156	3.33	2382	蓝帆股份	SZ	6.7	3.31	
591	2012-01-19	18.83	19.38	18.71	19.26	5951	14.67	2383	合众思壮	SZ	18.99	14.47	
591	2012-01-19	9.22	9.63	9.21	9.56	29255	5.27	2384	东山精密	SZ	9.21	5.08	
591	2012-01-19	6.76	7	6.72	6.93	48136	1.66	2385	大北农	SZ	6.74	1.62	
591	2012-01-19	9.02	9.26	8.92	9.1	16848	8.98	2386	天原集团	SZ	9.1	8.98	
591	2012-01-19	10.68	10.83	10.52	10.6	19341	8.07	2387	黑牛食品	SZ	10.67	8.13	
591	2012-01-19	9.19	9.46	8.82	9.03	6893	8.85	2388	新亚制程	SZ	9.18	9	
591	2012-01-19	7.33	7.7	7.33	7.61	28473	2.47	2389	南洋科技	SZ	7.4	2.4	
591	2012-01-19	9.68	10.14	9.67	10.1	5097	10.04	2390	信邦制药	SZ	9.9	9.84	
591	2012-01-19	8.58	8.8	8.51	8.7	5184	5.45	2391	长青股份	SZ	8.63	5.41	
591	2012-01-19	8.74	8.83	8.5	8.7	15696	8.61	2392	北京利尔	SZ	8.75	8.65	
591	2012-01-19	30.2	30.88	30.1	30.7	4088	29.29	2393	力生制药	SZ	30.2	28.81	
591	2012-01-19	14.82	15.2	14.82	15.05	4886	14.25	2394	联发股份	SZ	14.9	14.11	
591	2012-01-19	7.95	8.23	7.95	8.1	3125	3.8	2395	双象股份	SZ	8.09	3.79	
591	2012-01-19	11.41	11.54	11.2	11.42	11923	11.07	2396	星网锐捷	SZ	11.33	10.98	
591	2012-01-19	20.5	21.39	20.21	21.38	11042	20.74	2397	梦洁家纺	SZ	20.7	20.08	
591	2012-01-19	8.94	9.22	8.76	9.01	12493	5.26	2398	建研集团	SZ	8.94	5.23	
591	2012-01-19	23.26	23.68	22.8	23.41	7225	22.25	2399	海普瑞	SZ	23.14	22	
591	2012-01-19	17.76	18.44	17.65	18.39	93915	18.1	24	招商地产	SZ	17.78	17.5	
591	2012-01-19	7.31	7.4	6.85	7.12	134514	2.66	2400	省广股份	SZ	7.61	2.85	
591	2012-01-19	7.68	8.07	7.27	8.05	45527	4.18	2401	交技发展	SZ	7.84	4.07	
591	2012-01-19	8.12	8.37	8.12	8.23	14514	5.2	2402	和而泰	SZ	8.14	5.14	
591	2012-01-19	8.51	8.69	8.45	8.51	5028	8.51	2403	爱仕达	SZ	8.5	8.5	
591	2012-01-19	6.12	6.26	6.04	6.18	14503	3.78	2404	嘉欣丝绸	SZ	6.15	3.76	
591	2012-01-19	12.64	12.97	12.51	12.78	37506	8.7	2405	四维图新	SZ	12.78	8.7	
591	2012-01-19	9.54	9.85	9.5	9.69	17191	9.28	2406	远东传动	SZ	9.63	9.22	
591	2012-01-19	17.2	17.85	16.9	17.8	26104	17.62	2407	多氟多	SZ	17.21	17.03	
591	2012-01-19	16.18	16.53	15.96	16.23	29219	13.03	2408	齐翔腾达	SZ	16.17	12.98	
591	2012-01-19	13.21	13.9	13.1	13.52	2530	8.77	2409	雅克科技	SZ	13.37	8.67	
591	2012-01-19	14.04	14.34	13.64	13.95	6698	6.79	2410	广联达	SZ	14.04	6.84	
591	2012-01-19	6.39	6.49	6.28	6.43	20390	4.23	2411	九九久	SZ	6.37	4.19	
591	2012-01-19	14.93	15.39	14.6	15.13	8617	15.13	2412	汉森制药	SZ	14.9	14.9	
591	2012-01-19	8.88	9.03	8.65	8.93	4191	8.72	2413	常发股份	SZ	8.89	8.68	
591	2012-01-19	8.7	8.7	8.31	8.6	44570	4.06	2414	高德红外	SZ	8.75	4.13	
591	2012-01-19	12.38	12.38	12.08	12.15	12650	11.83	2416	爱施德	SZ	12.32	12	
591	2012-01-19	8.11	8.5	8.11	8.3	27979	5.47	2417	三元达	SZ	8.27	5.46	
591	2012-01-19	6.92	7.05	6.76	6.93	47307	6.8	2418	康盛股份	SZ	6.99	6.86	
591	2012-01-19	16.53	16.89	16.44	16.85	7249	16.03	2419	天虹商场	SZ	16.65	15.84	
591	2012-01-19	6.25	6.34	6.15	6.27	8141	6.23	2420	毅昌股份	SZ	6.28	6.24	
591	2012-01-19	7.07	7.84	7.03	7.2	17422	3.51	2421	达实智能	SZ	7.15	3.48	
591	2012-01-19	36.17	37.29	35.57	37.22	12924	36.91	2422	科伦药业	SZ	36.29	35.99	
591	2012-01-19	7.72	8.16	7.7	7.92	32666	7.85	2423	中原特钢	SZ	7.7	7.63	
591	2012-01-19	13.64	13.99	13.64	13.92	6162	13.49	2424	贵州百灵	SZ	13.82	13.4	
591	2012-01-19	6.71	6.97	6.71	6.87	8850	5.65	2425	凯撒股份	SZ	6.75	5.55	
591	2012-01-19	13.8	14.22	13.7	14	6150	6.81	2426	胜利精密	SZ	13.94	6.79	
591	2012-01-19	6.83	6.95	6.79	6.89	7330	6.86	2427	尤夫股份	SZ	6.86	6.83	
591	2012-01-19	8.19	9.02	8.06	9.02	243218	2.21	2428	云南锗业	SZ	8.2	2.01	
591	2012-01-19	5.07	5.23	5.03	5.23	52632	3.34	2429	兆驰股份	SZ	5.09	3.25	
591	2012-01-19	13.34	13.54	13.05	13.36	17558	9.6	2430	杭氧股份	SZ	13.34	9.58	
591	2012-01-19	16.74	17.08	16.5	17.07	15876	14.16	2431	棕榈园林	SZ	16.73	13.88	
591	2012-01-19	5.8	6.24	5.79	6.24	86276	4.1	2432	九安医疗	SZ	5.67	3.73	
591	2012-01-19	7.73	7.89	7.73	7.82	4166	7.56	2434	万里扬	SZ	7.79	7.53	
591	2012-01-19	6.23	6.37	6.01	6.27	4391	4.07	2435	长江润发	SZ	6.23	4.04	
591	2012-01-19	14.7	14.83	14.4	14.66	6601	14.18	2436	兴森科技	SZ	14.52	14.05	
591	2012-01-19	15.7	15.83	15.32	15.5	8360	15.18	2437	誉衡药业	SZ	15.63	15.31	
591	2012-01-19	11.35	11.49	11.1	11.27	15435	5.58	2438	江苏神通	SZ	11.38	5.64	
591	2012-01-19	15.15	16.13	15.15	15.6	2494	15.43	2439	启明星辰	SZ	15.63	15.46	
591	2012-01-19	8.13	8.27	7.88	8.2	36568	3.78	2440	闰土股份	SZ	8.09	3.73	
591	2012-01-19	15.61	15.84	15.49	15.52	3260	15.01	2441	众业达	SZ	15.6	15.09	
591	2012-01-19	4.66	4.75	4.53	4.74	27806	3.07	2442	龙星化工	SZ	4.69	3.04	
591	2012-01-19	4.37	4.5	4.37	4.49	11162	2.12	2443	金洲管道	SZ	4.39	2.08	
591	2012-01-19	4.45	4.53	4.35	4.45	43358	2.15	2444	巨星科技	SZ	4.42	2.13	
591	2012-01-19	11.59	12	11.32	11.92	30360	11.76	2445	中南重工	SZ	11.57	11.41	
591	2012-01-19	9.4	9.4	8.46	9.29	2601	9.25	2446	盛路通信	SZ	9.21	9.17	
591	2012-01-19	14.32	14.5	14.25	14.32	15342	7.12	2447	壹桥苗业	SZ	14.3	7.11	
591	2012-01-19	11.32	11.5	11.1	11.47	8427	5.41	2448	中原内配	SZ	11.32	5.34	
591	2012-01-19	7.36	7.84	7.26	7.75	33053	3.7	2449	国星光电	SZ	7.36	3.51	
591	2012-01-19	8.29	8.6	8.29	8.34	24980	3.45	2450	康得新	SZ	8.3	3.44	
591	2012-01-19	16.49	16.77	16.28	16.52	11533	5.46	2451	摩恩电气	SZ	16.61	5.49	
591	2012-01-19	22.66	22.98	22.11	22.78	3134	8.49	2452	长高集团	SZ	22.37	8.34	
591	2012-01-19	18.51	19.26	18.51	19.07	5166	2.31	2453	天马精化	SZ	18.77	2.28	
591	2012-01-19	11.59	12.04	11.51	11.95	22048	11.68	2454	松芝股份	SZ	11.72	11.46	
591	2012-01-19	3.5	3.55	3.3	3.51	67788	0.86	2456	欧菲光	SZ	3.49	0.86	
591	2012-01-19	7.95	8.12	7.8	8.09	26344	5.33	2457	青龙管业	SZ	7.95	5.24	
591	2012-01-19	12.27	12.43	12	12.32	18483	5.83	2458	益生股份	SZ	12.15	5.74	
591	2012-01-19	8.3	8.64	8.23	8.42	19750	8.42	2459	天业通联	SZ	8.4	8.4	
591	2012-01-19	20.74	22.5	20.71	22.39	35555	22.05	2460	赣锋锂业	SZ	21.15	20.83	
591	2012-01-19	9.8	9.95	9.7	9.83	14401	9.82	2461	珠江啤酒	SZ	9.87	9.86	
591	2012-01-19	7.76	7.99	7.64	7.94	4812	7.75	2462	嘉事堂	SZ	7.77	7.58	
591	2012-01-19	3.8	3.88	3.8	3.85	25218	2.19	2463	沪电股份	SZ	3.81	2.17	
591	2012-01-19	14.18	14.55	14	14.11	11782	13.76	2464	金利科技	SZ	14.13	13.78	
591	2012-01-19	10.1	10.34	10.02	10.26	16097	4.8	2465	海格通信	SZ	10.12	4.74	
591	2012-01-19	26.3	28.61	25.5	28.4	21881	28.26	2466	天齐锂业	SZ	26.31	26.18	
591	2012-01-19	10.88	10.96	10.63	10.72	3280	5.15	2467	二六三	SZ	10.9	5.24	
591	2012-01-19	6.24	6.39	6.17	6.33	16037	4.25	2468	艾迪西	SZ	6.25	4.2	
591	2012-01-19	16	16.17	15.54	15.86	7246	5.32	2469	三维工程	SZ	16.06	5.39	
591	2012-01-19	13.18	13.67	13.08	13.63	14732	13.41	2470	金正大	SZ	13.27	13.05	
591	2012-01-19	6.3	6.5	6.21	6.36	22463	3.03	2471	中超电缆	SZ	6.34	3.03	
591	2012-01-19	8.88	9.01	8.8	8.92	3485	6.64	2472	双环传动	SZ	8.8	6.54	
591	2012-01-19	7.51	7.71	7.5	7.69	5021	7.48	2473	圣莱达	SZ	7.54	7.33	
591	2012-01-19	9.67	10.43	9.63	10.03	33682	3.22	2474	榕基软件	SZ	10	3.21	
591	2012-01-19	13.77	14.28	13.76	14.15	7382	6.64	2475	立讯精密	SZ	13.78	6.46	
591	2012-01-19	3.92	3.99	3.83	3.92	19883	1.29	2476	宝莫股份	SZ	3.89	1.28	
591	2012-01-19	9.4	9.65	9.4	9.56	14081	9.33	2478	常宝股份	SZ	9.36	9.13	
591	2012-01-19	9.21	9.42	9.15	9.24	72554	5.1	2479	富春环保	SZ	9.33	5.15	
591	2012-01-19	12.23	12.43	11.86	12.37	29373	12.19	2480	新筑股份	SZ	12.21	12.03	
591	2012-01-19	4.72	4.73	4.47	4.69	15658	1.29	2481	双塔食品	SZ	4.72	1.3	
591	2012-01-19	12.49	12.56	11.89	12.47	7991	7.71	2482	广田股份	SZ	12.5	7.73	
591	2012-01-19	9.51	9.76	9.45	9.57	6345	9.23	2483	润邦股份	SZ	9.53	9.19	
591	2012-01-19	11.69	12.08	11.58	11.96	4517	9.11	2484	江海股份	SZ	11.73	8.94	
591	2012-01-19	11.5	11.8	11.39	11.56	6685	6.8	2485	希努尔	SZ	11.57	6.8	
591	2012-01-19	4.08	4.16	4.07	4.12	48197	0.93	2486	嘉麟杰	SZ	4.09	0.93	
591	2012-01-19	5.55	5.62	5.53	5.6	8671	1.82	2487	大金重工	SZ	5.55	1.81	
591	2012-01-19	8.18	8.29	8.06	8.25	7151	7.88	2488	金固股份	SZ	8.18	7.82	
591	2012-01-19	8.81	8.89	8.67	8.88	21289	4.03	2489	浙江永强	SZ	9.03	4.1	
591	2012-01-19	4.66	4.76	4.61	4.73	10430	2.33	2490	山东墨龙	SZ	4.65	2.29	
591	2012-01-19	11.7	11.89	11.55	11.81	5693	11.41	2491	通鼎光电	SZ	11.7	11.3	
591	2012-01-19	13.18	13.22	12.85	13.05	5786	12.78	2494	华斯股份	SZ	13	12.73	
591	2012-01-19	5.83	5.93	5.75	5.78	9862	3.66	2495	佳隆股份	SZ	5.91	3.74	
591	2012-01-19	12.17	12.31	11.8	12	12996	5.95	2496	辉丰股份	SZ	12.1	6	
591	2012-01-19	8.7	8.92	8.59	8.74	30110	5.6	2497	雅化集团	SZ	8.73	5.59	
591	2012-01-19	9.4	9.43	9.07	9.11	11439	5.83	2498	汉缆股份	SZ	9.25	5.92	
591	2012-01-19	13.6	14.09	13.52	13.88	4518	9.18	2499	科林环保	SZ	13.67	9.04	
591	2012-01-19	5.55	5.67	5.44	5.67	4634	5.67	25	特 力Ａ	SZ	5.55	5.55	
591	2012-01-19	6.5	6.79	6.41	6.65	268335	6.57	2500	山西证券	SZ	6.5	6.42	
591	2012-01-19	10.43	10.58	10.19	10.57	223932	5.68	2501	利源铝业	SZ	10.56	5.68	
591	2012-01-19	11.26	11.47	10.51	11.06	34518	6.81	2502	骅威股份	SZ	11.52	7.09	
591	2012-01-19	8.89	9.06	8.63	9.03	15612	3.13	2503	搜于特	SZ	8.9	3.08	
591	2012-01-19	9.51	9.65	9.41	9.52	3450	7.22	2504	东光微电	SZ	9.5	7.2	
591	2012-01-19	7.11	7.19	6.96	7.08	21389	4.66	2505	大康牧业	SZ	7.07	4.66	
591	2012-01-19	8.56	8.79	8.32	8.62	210194	5.32	2506	超日太阳	SZ	8.61	5.32	
591	2012-01-19	14.56	14.7	14.31	14.54	3789	14.11	2507	涪陵榨菜	SZ	14.55	14.12	
591	2012-01-19	16.57	16.76	16.22	16.71	15866	16.4	2508	老板电器	SZ	16.57	16.26	
591	2012-01-19	4.01	4.11	4.01	4.05	7119	0.97	2509	天广消防	SZ	4.03	0.97	
591	2012-01-19	19.9	20.32	19.78	20.28	8826	9.77	2510	天汽模	SZ	20	9.64	
591	2012-01-19	11.11	11.25	10.96	11.09	5467	5.53	2511	中顺洁柔	SZ	11.03	5.5	
591	2012-01-19	8.55	8.77	8.42	8.71	39324	5.75	2512	达华智能	SZ	8.67	5.73	
591	2012-01-19	9.59	9.65	9.31	9.57	5976	5.83	2513	蓝丰生化	SZ	9.48	5.78	
591	2012-01-19	20.61	21.35	20.38	21.06	3559	6.47	2514	宝馨科技	SZ	20.65	6.34	
591	2012-01-19	14.1	14.35	13.93	14.13	2127	9.28	2515	金字火腿	SZ	14.1	9.25	
591	2012-01-19	8.66	8.78	8.56	8.71	6925	8.41	2516	江苏旷达	SZ	8.72	8.42	
591	2012-01-19	7.11	7.28	6.95	7.03	20912	3.45	2517	泰亚股份	SZ	7.22	3.54	
591	2012-01-19	10.06	10.32	10.03	10.22	8429	3.91	2518	科士达	SZ	10.11	3.86	
591	2012-01-19	9.17	9.24	8.95	9.11	9900	5.59	2519	银河电子	SZ	9.11	5.59	
591	2012-01-19	9.87	10.17	9.79	9.89	11955	3.77	2520	日发数码	SZ	9.89	3.77	
591	2012-01-19	6	6.21	6	6.16	8770	2.86	2521	齐峰股份	SZ	6.07	2.82	
591	2012-01-19	16.3	16.82	16.3	16.59	2335	15.66	2522	浙江众成	SZ	16.42	15.5	
591	2012-01-19	4.61	4.69	4.56	4.62	7262	2.16	2523	天桥起重	SZ	4.6	2.15	
591	2012-01-19	4.9	4.9	4.67	4.8	63599	2.34	2524	光正钢构	SZ	4.99	2.43	
591	2012-01-19	7.28	7.64	7.19	7.59	88494	4.18	2526	山东矿机	SZ	7.37	4.06	
591	2012-01-19	7.53	7.71	7.43	7.68	16879	4.36	2527	新时达	SZ	7.53	4.28	
591	2012-01-19	8.4	8.49	8.11	8.33	109809	5.35	2528	英飞拓	SZ	8.75	5.62	
591	2012-01-19	10	10.39	9.96	10.32	8437	10.14	2529	海源机械	SZ	10.3	10.12	
591	2012-01-19	5.36	5.6	5.3	5.5	4378	2.67	2530	丰东股份	SZ	5.45	2.65	
591	2012-01-19	6.3	6.47	6.3	6.34	16042	3.02	2531	天顺风能	SZ	6.32	3.01	
591	2012-01-19	16.96	17.15	16.56	16.72	29386	16.55	2532	新界泵业	SZ	17.03	16.86	
591	2012-01-19	6.54	6.71	6.47	6.6	23075	5.25	2533	金杯电工	SZ	6.5	5.17	
591	2012-01-19	16.66	16.84	16.18	16.3	5889	15.57	2534	杭锅股份	SZ	16.66	15.91	
591	2012-01-19	8.31	8.68	8.31	8.66	24289	6.5	2535	林州重机	SZ	8.48	6.36	
591	2012-01-19	16.47	16.79	16.1	16.6	10014	16.24	2536	西泵股份	SZ	16.43	16.07	
591	2012-01-19	12.01	12.18	11.87	11.98	2530	7.92	2537	海立美达	SZ	12.09	7.99	
591	2012-01-19	10.39	10.56	10.35	10.38	11139	5.02	2538	司尔特	SZ	10.4	5.03	
591	2012-01-19	10.42	10.74	10.31	10.71	17873	10.06	2539	新都化工	SZ	10.59	9.95	
591	2012-01-19	6.95	7.45	6.91	7.34	92116	3.4	2540	亚太科技	SZ	7.07	3.28	
591	2012-01-19	12.91	13.3	12.77	13.21	7352	6.43	2541	鸿路钢构	SZ	13.09	6.37	
591	2012-01-19	16.99	17.87	16.4	17.01	21266	4.18	2542	中化岩土	SZ	17.4	4.27	
591	2012-01-19	8.53	8.69	8.45	8.64	6670	4.09	2543	万和电气	SZ	8.53	4.04	
591	2012-01-19	5.43	5.55	5.2	5.53	51283	2.66	2544	杰赛科技	SZ	5.56	2.67	
591	2012-01-19	15.33	15.75	15.32	15.5	7399	15.15	2545	东方铁塔	SZ	15.51	15.16	
591	2012-01-19	16.36	17.05	16.11	16.69	8075	15.79	2546	新联电子	SZ	16.37	15.48	
591	2012-01-19	6.82	7.15	6.69	6.84	35881	3.38	2547	春兴精工	SZ	7.2	3.56	
591	2012-01-19	10.72	10.77	10.5	10.62	3124	6.74	2548	金新农	SZ	10.55	6.69	
591	2012-01-19	8.38	8.48	8	8.44	18459	3.67	2549	凯美特气	SZ	8.42	3.66	
591	2012-01-19	11.33	11.7	11.23	11.49	13908	5.3	2550	千红制药	SZ	11.33	5.22	
591	2012-01-19	7.73	8.49	7.69	8.37	32543	3.63	2551	尚荣医疗	SZ	7.77	3.37	
591	2012-01-19	9.15	9.35	8.98	9.32	5988	9.09	2552	宝鼎重工	SZ	9.14	8.91	
591	2012-01-19	6.62	6.89	6.62	6.84	7699	3.24	2553	南方轴承	SZ	6.74	3.19	
591	2012-01-19	5.14	5.47	5.02	5.44	61398	2.35	2554	惠博普	SZ	5.19	2.25	
591	2012-01-19	10.32	10.83	10.32	10.7	1487	10.36	2555	顺荣股份	SZ	10.59	10.25	
591	2012-01-19	7.49	7.8	7.4	7.6	247939	3.64	2556	辉隆股份	SZ	7.24	3.47	
591	2012-01-19	16.69	17.11	16.46	16.83	4664	12.18	2557	洽洽食品	SZ	16.78	12.14	
591	2012-01-19	22.29	22.71	22.15	22.39	713	21.97	2558	世纪游轮	SZ	22.3	21.89	
591	2012-01-19	12.25	12.49	12.25	12.4	3100	5.93	2559	亚威股份	SZ	12.26	5.86	
591	2012-01-19	13.87	13.99	13.58	13.88	2548	13.57	2560	通达股份	SZ	13.76	13.45	
591	2012-01-19	12.24	12.64	12.2	12.63	11728	11.49	2561	徐家汇	SZ	12.36	11.24	
591	2012-01-19	8.15	8.24	7.99	8.19	7381	5	2565	上海绿新	SZ	8.14	4.98	
591	2012-01-19	11.12	11.43	11	11.35	4241	5.61	2566	益盛药业	SZ	11.14	5.5	
591	2012-01-19	10.38	11.13	10.33	11.1	91211	10.87	26	飞亚达Ａ	SZ	10.5	10.29	
591	2012-01-19	6.35	6.58	6.3	6.43	80351	6.25	27	深圳能源	SZ	6.35	6.17	
591	2012-01-19	17.47	18.28	17.46	18.2	15738	18.03	28	一致药业	SZ	17.66	17.49	
591	2012-01-19	3.36	3.47	3.35	3.43	21793	3.43	29	深深房Ａ	SZ	3.37	3.37	
591	2012-01-19	7.97	8.09	7.8	8.02	31842	8.02	30	*ST盛润A	SZ	8.01	8.01	
591	2012-01-19	13.7	13.97	13.61	13.83	4054	13.59	300001	特锐德	SZ	13.69	13.46	
591	2012-01-19	5.54	5.77	5.5	5.75	76766	1.6	300002	神州泰岳	SZ	5.53	1.54	
591	2012-01-19	13.11	14.39	13.1	13.62	40426	13.26	300003	乐普医疗	SZ	13.15	12.81	
591	2012-01-19	20.41	21.25	20.22	21	3872	20.84	300004	南风股份	SZ	20.79	20.63	
591	2012-01-19	10.48	10.68	10.15	10.26	16239	6.48	300005	探路者	SZ	10.46	6.6	
591	2012-01-19	13.3	13.5	12.9	13.25	13078	13.14	300006	莱美药业	SZ	13.46	13.34	
591	2012-01-19	12.3	12.97	12.3	12.75	10415	12.64	300007	汉威电子	SZ	12.46	12.35	
591	2012-01-19	7.41	7.73	7.35	7.67	17070	4.95	300008	上海佳豪	SZ	7.39	4.77	
591	2012-01-19	8.05	8.41	8.05	8.3	21292	6.44	300009	安科生物	SZ	8.06	6.26	
591	2012-01-19	8.84	9.08	8.6	8.9	10806	8.72	300010	立思辰	SZ	8.82	8.64	
591	2012-01-19	7.33	7.5	7.24	7.43	22430	1.71	300011	鼎汉技术	SZ	7.38	1.7	
591	2012-01-19	7.7	7.85	7.32	7.76	14083	3.71	300012	华测检测	SZ	7.78	3.72	
591	2012-01-19	8.26	8.35	8.09	8.3	2514	8.28	300013	新宁物流	SZ	8.11	8.09	
591	2012-01-19	12.32	12.93	12.17	12.82	51916	6.25	300014	亿纬锂能	SZ	12.32	6	
591	2012-01-19	20.57	21.2	20.2	20.87	16689	20.65	300015	爱尔眼科	SZ	20.57	20.35	
591	2012-01-19	3.96	4.08	3.95	4.04	8285	1.9	300016	北陆药业	SZ	3.96	1.86	
591	2012-01-19	11.9	12.19	11.6	12.04	16691	11.87	300017	网宿科技	SZ	11.84	11.67	
591	2012-01-19	6.21	6.39	6.14	6.38	8843	4.07	300018	中元华电	SZ	6.2	3.96	
591	2012-01-19	7.29	7.53	7.25	7.48	9231	4.48	300019	硅宝科技	SZ	7.3	4.37	
591	2012-01-19	8.6	9.17	8.48	9.02	44253	8.96	300020	银江股份	SZ	8.73	8.67	
591	2012-01-19	9.45	9.65	9.25	9.48	51325	9.48	300021	大禹节水	SZ	9.45	9.45	
591	2012-01-19	9.57	9.72	9.27	9.55	39970	9.49	300022	吉峰农机	SZ	9.55	9.49	
591	2012-01-19	9.31	9.61	9.23	9.58	3570	9.58	300023	宝德股份	SZ	9.35	9.35	
591	2012-01-19	17.65	18.25	17.42	18	18951	17.96	300024	机器人	SZ	17.4	17.36	
591	2012-01-19	6.87	7.05	6.78	6.97	24931	5.35	300025	华星创业	SZ	6.94	5.32	
591	2012-01-19	6.55	6.8	6.47	6.66	133009	3.21	300027	华谊兄弟	SZ	6.65	3.21	
591	2012-01-19	6.22	6.45	6.18	6.42	38880	6.38	300028	金亚科技	SZ	6.24	6.2	
591	2012-01-19	12.72	13.99	12.23	13.99	99184	13.87	300029	天龙光电	SZ	12.72	12.61	
591	2012-01-19	18.5	20.4	18.5	20.24	38159	10	300030	阳普医疗	SZ	18.62	9.2	
591	2012-01-19	7.93	8.03	7.4	7.63	28443	4.84	300031	宝通带业	SZ	7.93	5.04	
591	2012-01-19	6.01	6.36	5.97	6.33	24152	3.07	300032	金龙机电	SZ	6.07	2.95	
591	2012-01-19	14.7	15.2	14.53	15.1	5233	14.94	300033	同花顺	SZ	14.8	14.65	
591	2012-01-19	11.75	12.24	11.5	12.14	13148	11.99	300034	钢研高纳	SZ	11.83	11.68	
591	2012-01-19	5.94	6.19	5.94	6.15	4728	3.99	300035	中科电气	SZ	6.03	3.91	
591	2012-01-19	17.72	17.72	16.35	16.69	13143	16.69	300036	超图软件	SZ	17.74	17.74	
591	2012-01-19	16.79	17.48	16.58	17.12	8694	10.42	300037	新宙邦	SZ	16.57	10.08	
591	2012-01-19	8.1	8.37	8.07	8.23	4790	5.4	300038	梅泰诺	SZ	8.1	5.32	
591	2012-01-19	6.97	7.2	6.88	7.16	11814	2.65	300039	上海凯宝	SZ	7.02	2.6	
591	2012-01-19	4.24	4.38	4.2	4.3	24639	2.05	300040	九洲电气	SZ	4.24	2.02	
591	2012-01-19	9.99	10.28	9.84	10.06	20252	6	300041	回天胶业	SZ	9.94	5.93	
591	2012-01-19	9.5	9.69	9.27	9.45	7420	4.65	300042	朗科科技	SZ	9.55	4.7	
591	2012-01-19	7.89	8.09	7.76	8.02	25066	2.58	300043	星辉车模	SZ	7.89	2.54	
591	2012-01-19	4.68	4.93	4.55	4.89	16797	2.16	300044	赛为智能	SZ	4.68	2.07	
591	2012-01-19	8.7	9.15	8.53	8.88	10246	4.38	300045	华力创通	SZ	8.9	4.39	
591	2012-01-19	12.31	12.31	11.68	12.25	21563	10.97	300046	台基股份	SZ	12.26	10.98	
591	2012-01-19	5.35	5.47	5.25	5.43	20031	2.52	300047	天源迪科	SZ	5.38	2.5	
591	2012-01-19	10.37	10.82	10.09	10.59	14312	7.46	300048	合康变频	SZ	10.57	7.45	
591	2012-01-19	9.66	10.16	9.61	9.93	3165	9.73	300049	福瑞股份	SZ	9.66	9.47	
591	2012-01-19	12.36	12.9	12.08	12.9	8614	12.73	300050	世纪鼎利	SZ	12.36	12.19	
591	2012-01-19	5.16	5.28	5.01	5.11	138885	2.52	300051	三五互联	SZ	5.3	2.61	
591	2012-01-19	5.43	5.61	5.26	5.52	56351	2.72	300052	中青宝	SZ	5.47	2.7	
591	2012-01-19	7.59	7.89	7.53	7.73	6300	7.67	300053	欧比特	SZ	7.61	7.55	
591	2012-01-19	5.38	5.72	5.31	5.64	33290	1.16	300054	鼎龙股份	SZ	5.51	1.14	
591	2012-01-19	15.51	17.12	15.44	17.12	86125	17	300055	万邦达	SZ	15.56	15.45	
591	2012-01-19	10.79	11.1	10.72	11.09	8690	6.1	300056	三维丝	SZ	10.84	5.96	
591	2012-01-19	8.57	8.68	8.21	8.25	14782	8.17	300057	万顺股份	SZ	8.14	8.06	
591	2012-01-19	11.57	11.93	11.2	11.44	37899	5.64	300058	蓝色光标	SZ	11.9	5.87	
591	2012-01-19	5.32	5.53	5.26	5.46	49507	1.69	300059	东方财富	SZ	5.42	1.68	
591	2012-01-19	7.75	8.11	7.75	8.11	3071	5.07	300061	康耐特	SZ	7.89	4.93	
591	2012-01-19	8.71	8.84	8.49	8.79	6728	8.59	300062	中能电气	SZ	8.6	8.4	
591	2012-01-19	9.65	10.13	9.65	9.88	2590	6.52	300063	天龙集团	SZ	9.78	6.45	
591	2012-01-19	6.22	6.43	6.11	6.37	26713	3.13	300064	豫金刚石	SZ	6.19	3.04	
591	2012-01-19	12.19	12.6	12.15	12.57	6017	8.34	300065	海兰信	SZ	12.19	8.08	
591	2012-01-19	8.87	9.8	8.69	9.59	10037	6.21	300066	三川股份	SZ	9.03	5.85	
591	2012-01-19	7.65	7.95	7.51	7.91	6508	7.76	300067	安诺其	SZ	7.63	7.48	
591	2012-01-19	6.2	6.38	6.01	6.34	27536	3.09	300068	南都电源	SZ	6.25	3.04	
591	2012-01-19	7.75	8.06	7.74	7.99	2585	5.22	300069	金利华电	SZ	7.85	5.13	
591	2012-01-19	11.59	11.92	11.08	11.61	74377	4.24	300070	碧水源	SZ	11.52	4.21	
591	2012-01-19	14.41	14.92	13.85	14.56	44322	4.78	300071	华谊嘉信	SZ	14.89	4.89	
591	2012-01-19	5.38	5.77	5.38	5.63	23015	2.13	300072	三聚环保	SZ	5.46	2.07	
591	2012-01-19	9.37	9.75	9.21	9.68	16588	9.64	300073	当升科技	SZ	9.43	9.39	
591	2012-01-19	4.9	4.98	4.77	4.91	25315	1.47	300074	华平股份	SZ	4.96	1.49	
591	2012-01-19	11.43	11.53	11.33	11.47	6302	7.52	300075	数字政通	SZ	11.43	7.49	
591	2012-01-19	12.05	12.55	12.05	12.55	6615	12.27	300076	宁波GQY	SZ	12.14	11.87	
591	2012-01-19	23	23.1	21.4	22.49	108766	22.1	300077	国民技术	SZ	23.75	23.34	
591	2012-01-19	14.21	14.57	13.8	14.41	10619	13.65	300078	中瑞思创	SZ	14.23	13.48	
591	2012-01-19	13.13	13.87	13.13	13.58	45470	8.97	300079	数码视讯	SZ	13.09	8.65	
591	2012-01-19	8.83	9.71	8.52	9.71	68342	7.47	300080	新大新材	SZ	8.82	6.79	
591	2012-01-19	9.6	10.1	9.45	9.79	96614	4.83	300081	恒信移动	SZ	10.34	5.1	
591	2012-01-19	12.21	13.17	12.21	12.95	26842	9.52	300082	奥克股份	SZ	12.44	9.15	
591	2012-01-19	10.79	11.25	10.59	11.11	4924	11	300083	劲胜股份	SZ	10.7	10.59	
591	2012-01-19	8.85	9.05	8.61	8.87	37204	8.83	300084	海默科技	SZ	9.09	9.05	
591	2012-01-19	16.44	17.24	16.22	16.88	14327	8.22	300085	银之杰	SZ	16.58	8.08	
591	2012-01-19	14.8	15.2	14.56	15.14	9845	14.95	300086	康芝药业	SZ	15.03	14.84	
591	2012-01-19	14.09	14.15	13.02	14.03	27563	13.95	300087	荃银高科	SZ	14.09	14.01	
591	2012-01-19	5.9	6.53	5.77	6.53	137353	3.27	300088	长信科技	SZ	5.93	2.97	
591	2012-01-19	9.11	9.43	9	9.37	6171	6.17	300089	长城集团	SZ	9.17	6.04	
591	2012-01-19	8.09	8.15	7.8	7.92	27147	7.89	300090	盛运股份	SZ	8.11	8.08	
591	2012-01-19	8.76	9.2	8.7	9.15	11769	9.06	300091	金通灵	SZ	8.86	8.77	
591	2012-01-19	12.07	12.8	11.95	12.39	5853	12.16	300092	科新机电	SZ	12.45	12.22	
591	2012-01-19	6.9	7.45	6.73	7.34	23494	7.3	300093	金刚玻璃	SZ	6.97	6.93	
591	2012-01-19	6.11	6.36	6.1	6.3	22653	6.3	300094	国联水产	SZ	6.17	6.17	
591	2012-01-19	9.03	9.29	9	9.25	3798	7.02	300095	华伍股份	SZ	9.04	6.86	
591	2012-01-19	10.83	11.37	10.56	11.22	40928	11.07	300096	易联众	SZ	10.5	10.36	
591	2012-01-19	6.34	6.55	6.33	6.49	12212	3.22	300097	智云股份	SZ	6.38	3.16	
591	2012-01-19	8.13	8.14	7.8	8.11	4148	4	300098	高新兴	SZ	8.06	3.97	
591	2012-01-19	11.01	11.3	10.85	11.24	4958	5.19	300099	尤洛卡	SZ	11.06	5.11	
591	2012-01-19	6.31	6.8	6.31	6.7	26777	3.04	300100	双林股份	SZ	6.33	2.87	
591	2012-01-19	10.38	10.45	9.95	10.05	42695	5.01	300101	国腾电子	SZ	10.38	5.17	
591	2012-01-19	11.98	13.07	11.89	13.07	70460	12.51	300102	乾照光电	SZ	11.88	11.37	
591	2012-01-19	8.06	8.33	8	8.09	6784	4.38	300103	达刚路机	SZ	8.18	4.43	
591	2012-01-19	6.61	6.8	6.19	6.54	182157	1.8	300104	乐视网	SZ	6.85	1.88	
591	2012-01-19	20.97	21.89	20.97	21.41	7934	11.81	300105	龙源技术	SZ	21.54	11.89	
591	2012-01-19	12.73	13.05	12.51	12.85	4698	12.77	300106	西部牧业	SZ	12.72	12.64	
591	2012-01-19	21	22.1	20.5	21.98	11712	10.93	300107	建新股份	SZ	20.88	10.38	
591	2012-01-19	7.43	7.96	7.16	7.5	7421	3.65	300108	双龙股份	SZ	7.25	3.53	
591	2012-01-19	10.39	10.43	10.07	10.23	4152	6.73	300109	新开源	SZ	10.2	6.71	
591	2012-01-19	4.8	4.93	4.77	4.91	9634	2.37	300110	华仁药业	SZ	4.8	2.32	
591	2012-01-19	5.04	5.15	4.96	5.12	28907	2.33	300111	向日葵	SZ	5.03	2.29	
591	2012-01-19	5.7	5.89	5.6	5.87	6522	3.86	300112	万讯自控	SZ	5.67	3.73	
591	2012-01-19	16.9	17.29	16.33	16.97	11213	16.73	300113	顺网科技	SZ	16.89	16.65	
591	2012-01-19	10	10.43	10	10.33	5252	7.86	300114	中航电测	SZ	10.13	7.71	
591	2012-01-19	18.73	19.57	18.07	19.1	14684	12.65	300115	长盈精密	SZ	18.8	12.45	
591	2012-01-19	6.2	6.36	6.09	6.3	4837	3.15	300116	坚瑞消防	SZ	6.19	3.1	
591	2012-01-19	6.7	6.9	6.62	6.85	14179	6.81	300117	嘉寓股份	SZ	6.67	6.63	
591	2012-01-19	7.75	8.01	7.51	7.96	103845	4.92	300118	东方日升	SZ	7.64	4.72	
591	2012-01-19	27.01	28.37	27.01	28.2	9371	10.51	300119	瑞普生物	SZ	27.3	10.18	
591	2012-01-19	5.92	6.3	5.78	6.25	13026	4.04	300120	经纬电材	SZ	5.94	3.84	
591	2012-01-19	9.15	9.42	9.05	9.15	2885	6.96	300121	阳谷华泰	SZ	9.15	6.96	
591	2012-01-19	22.31	22.99	21.8	21.83	21849	21.48	300122	智飞生物	SZ	20.9	20.56	
591	2012-01-19	11.2	11.38	10.83	11.21	14716	11.06	300123	太阳鸟	SZ	11.2	11.05	
591	2012-01-19	23.89	25.6	23.5	25.34	12224	13.85	300124	汇川技术	SZ	24.72	13.51	
591	2012-01-19	13.2	13.77	12.99	13.58	12739	13.56	300125	易世达	SZ	13.24	13.22	
591	2012-01-19	10.12	10.37	10	10.34	8581	9.83	300126	锐奇股份	SZ	10.12	9.62	
591	2012-01-19	48.56	50.62	47.62	49.36	31680	23.37	300127	银河磁体	SZ	49.3	23.35	
591	2012-01-19	5.22	5.49	5.11	5.45	20608	2.61	300128	锦富新材	SZ	5.22	2.5	
591	2012-01-19	5.2	5.44	5.11	5.41	57235	3.55	300129	泰胜风能	SZ	5.21	3.42	
591	2012-01-19	14.8	15.46	14.61	15.38	10732	15.24	300130	新国都	SZ	15.06	14.92	
591	2012-01-19	5.93	6.05	5.79	6.01	9091	2.93	300131	英唐智控	SZ	5.97	2.91	
591	2012-01-19	8.02	8.12	7.5	7.84	993	4.77	300132	青松股份	SZ	7.91	4.81	
591	2012-01-19	9.5	9.63	8.78	9.4	164518	3.12	300133	华策影视	SZ	9.75	3.24	
591	2012-01-19	13.45	13.48	12.65	12.92	140733	12.92	300134	大富科技	SZ	14.06	14.06	
591	2012-01-19	4	4.12	3.99	4.11	44116	1.22	300135	宝利沥青	SZ	4	1.19	
591	2012-01-19	14.01	14.9	13.8	14.47	9026	14.37	300136	信维通信	SZ	14.05	13.95	
591	2012-01-19	10.93	11.19	10.46	11.06	90806	8.47	300137	先河环保	SZ	10.91	8.35	
591	2012-01-19	11.1	11.24	10.86	11.21	4142	5.47	300138	晨光生物	SZ	11.02	5.37	
591	2012-01-19	24.39	24.44	22.5	23.4	14595	11.46	300139	福星晓程	SZ	24.61	12.05	
591	2012-01-19	11.89	12.85	11.7	12.85	42791	12.68	300140	启源装备	SZ	11.68	11.53	
591	2012-01-19	7.68	8.09	7.57	7.99	17683	2.57	300141	和顺电气	SZ	7.83	2.52	
591	2012-01-19	29.91	31.29	29.73	31.2	13762	25.65	300142	沃森生物	SZ	29.84	24.53	
591	2012-01-19	11.9	12.57	11.81	12.51	17987	12.32	300143	星河生物	SZ	11.98	11.8	
591	2012-01-19	13.27	13.67	13.13	13.59	15700	8.84	300144	宋城股份	SZ	13.32	8.66	
591	2012-01-19	15.45	15.84	15.3	15.57	5616	15.37	300145	南方泵业	SZ	15.58	15.38	
591	2012-01-19	12.63	12.66	11.4	11.59	79759	1.72	300146	汤臣倍健	SZ	12.67	1.88	
591	2012-01-19	5.77	5.93	5.77	5.91	10808	3.64	300147	香雪制药	SZ	5.77	3.55	
591	2012-01-19	14.71	14.71	13.33	13.46	189839	5.68	300148	天舟文化	SZ	14.81	6.26	
591	2012-01-19	5.58	5.79	5.57	5.75	7491	3.78	300149	量子高科	SZ	5.64	3.71	
591	2012-01-19	8.4	8.69	8.31	8.66	28134	3.85	300150	世纪瑞尔	SZ	8.45	3.76	
591	2012-01-19	10.41	10.55	10.16	10.5	2438	10.15	300151	昌红科技	SZ	10.25	9.91	
591	2012-01-19	8.36	8.71	8.32	8.67	16911	3.76	300152	燃控科技	SZ	8.36	3.63	
591	2012-01-19	9.55	10.26	9.35	10.05	23578	9.8	300153	科泰电源	SZ	9.65	9.41	
591	2012-01-19	9.84	10.05	9.63	9.97	7598	9.68	300154	瑞凌股份	SZ	9.78	9.5	
591	2012-01-19	12.2	12.86	12.05	12.44	40410	12.07	300155	安居宝	SZ	12.57	12.19	
591	2012-01-19	8.81	9.38	8.72	9.19	32461	5.04	300156	天立环保	SZ	8.83	4.84	
591	2012-01-19	9.44	9.44	8.84	9.15	116206	4.5	300157	恒泰艾普	SZ	9.81	4.82	
591	2012-01-19	10.69	10.77	10.54	10.73	6441	5.35	300158	振东制药	SZ	10.62	5.3	
591	2012-01-19	24.5	24.86	23.75	24.5	19373	5.95	300159	新研股份	SZ	24.5	5.95	
591	2012-01-19	11.2	11.78	11.1	11.77	13436	5.69	300160	秀强股份	SZ	11.2	5.42	
591	2012-01-19	12.95	13.51	12.92	13.35	7194	13.19	300161	华中数控	SZ	12.98	12.82	
591	2012-01-19	12.85	13.97	12.36	13.51	59756	13.15	300162	雷曼光电	SZ	12.93	12.58	
591	2012-01-19	14.43	15.38	14.2	15.17	4022	14.78	300163	先锋新材	SZ	14.48	14.11	
591	2012-01-19	8.79	8.96	8.34	8.53	26501	2.73	300164	通源石油	SZ	9	2.88	
591	2012-01-19	13.52	13.96	13.37	13.92	7249	10.33	300165	天瑞仪器	SZ	13.55	10.06	
591	2012-01-19	16.84	17.46	16.22	17.33	49128	5.71	300166	东方国信	SZ	17.29	5.7	
591	2012-01-19	5.1	5.26	5.09	5.18	3287	1.7	300167	迪威视讯	SZ	5.15	1.69	
591	2012-01-19	9.57	9.75	9.5	9.67	3767	4.78	300168	万达信息	SZ	9.6	4.75	
591	2012-01-19	7.53	7.64	7.34	7.55	34970	3.68	300169	天晟新材	SZ	7.76	3.78	
591	2012-01-19	9.35	9.63	9.12	9.34	10195	6.15	300170	汉得信息	SZ	9.43	6.22	
591	2012-01-19	23.46	23.75	22.98	23.24	8305	17.22	300171	东富龙	SZ	23.85	17.67	
591	2012-01-19	13.12	13.54	12.62	13.32	44110	7.71	300172	中电环保	SZ	13.25	7.67	
591	2012-01-19	8.12	8.4	8.12	8.4	3093	6.39	300173	松德股份	SZ	8.15	6.19	
591	2012-01-19	9.3	9.49	8.93	9.4	5261	4.56	300174	元力股份	SZ	9.4	4.56	
591	2012-01-19	3.57	3.67	3.53	3.63	22413	1.81	300175	朗源股份	SZ	3.58	1.79	
591	2012-01-19	8.79	8.9	8.61	8.84	1891	7.16	300176	鸿特精密	SZ	8.61	6.97	
591	2012-01-19	8.4	8.75	8.35	8.59	7608	4.26	300177	中海达	SZ	8.4	4.16	
591	2012-01-19	15.19	15.76	15	15.48	16980	15.2	300178	腾邦国际	SZ	15.34	15.07	
591	2012-01-19	6.15	6.23	5.97	6.07	13963	2.21	300179	四方达	SZ	6.23	2.27	
591	2012-01-19	10.9	11.5	10.82	11.48	7784	11.24	300180	华峰超纤	SZ	10.95	10.73	
591	2012-01-19	4.72	4.83	4.64	4.73	10390	1.14	300181	佐力药业	SZ	4.75	1.14	
591	2012-01-19	14.68	15.13	14.01	14.77	20633	7.32	300182	捷成股份	SZ	14.81	7.34	
591	2012-01-19	22.28	23.38	21.82	22.86	38371	9.95	300183	东软载波	SZ	22.61	9.84	
591	2012-01-19	13.31	13.74	13.3	13.64	3505	5.69	300184	力源信息	SZ	13.5	5.63	
591	2012-01-19	4.72	4.86	4.7	4.82	29956	1.82	300185	通裕重工	SZ	4.72	1.78	
591	2012-01-19	6.38	6.57	6.38	6.53	6513	2.88	300186	大华农	SZ	6.45	2.84	
591	2012-01-19	10.33	10.41	9.6	10.22	18843	3.37	300187	永清环保	SZ	10.33	3.41	
591	2012-01-19	2.91	2.98	2.91	2.95	32879	2.88	301	东方市场	SZ	2.92	2.85	
591	2012-01-19	3.87	3.96	3.83	3.94	64340	3.89	31	中粮地产	SZ	3.83	3.78	
591	2012-01-19	5.56	5.73	5.56	5.68	4030	5.57	32	深桑达Ａ	SZ	5.6	5.5	
591	2012-01-19	3.65	3.77	3.63	3.73	30684	3.73	33	新都酒店	SZ	3.76	3.76	
591	2012-01-19	27.67	28.34	27.47	28.17	99245	22.91	338	潍柴动力	SZ	27.67	22.5	
591	2012-01-19	4.8	4.95	4.65	4.75	123571	4.75	34	ST深泰	SZ	4.99	4.99	
591	2012-01-19	2.5	2.58	2.5	2.54	46505	2.54	36	华联控股	SZ	2.51	2.51	
591	2012-01-19	3.64	3.77	3.64	3.74	7821	3.74	37	深南电Ａ	SZ	3.7	3.7	
591	2012-01-19	13.8	14.23	13.74	14.07	144915	13.43	39	中集集团	SZ	13.81	13.18	
591	2012-01-19	7.91	8.27	7.7	8.08	20680	8.08	4	ST国农	SZ	8.09	8.09	
591	2012-01-19	3.6	3.69	3.56	3.65	29307	3.59	40	深 鸿 基	SZ	3.58	3.52	
591	2012-01-19	11.85	11.92	11.45	11.72	106074	8.93	400	许继电气	SZ	11.86	9.04	
591	2012-01-19	18.01	18.4	17.81	18.27	97874	18.07	401	冀东水泥	SZ	17.99	17.8	
591	2012-01-19	5.98	6.11	5.93	6.06	184502	5.84	402	金 融 街	SZ	5.95	5.74	
