352	2012-12-19	9.5	9.59	9.46	9.49	434521	5.85	000001	深发展Ａ	SZ	9.53	5.88	
352	2012-12-19	9.21	9.36	9.01	9.31	1370020	8.75	000002	万 科Ａ	SZ	9.22	8.67	
352	2012-12-19	7.77	7.82	7.73	7.79	5528	7.79	000004	ST国农	SZ	7.78	7.78	
352	2012-12-19	6.33	6.88	6.25	6.56	119751	6.56	000011	深物业A	SZ	6.35	6.35	
352	2012-12-19	7.77	7.88	7.74	7.81	156762	7.44	000012	南 玻Ａ	SZ	7.81	7.44	
352	2012-12-19	7.65	8.07	7.55	7.85	137905	7.83	000014	沙河股份	SZ	7.75	7.73	
352	2012-12-19	2.97	3	2.96	2.98	47564	2.97	000016	深康佳Ａ	SZ	2.98	2.97	
352	2012-12-19	6.73	6.77	6.57	6.66	2780	6.66	000018	ST中冠A	SZ	6.72	6.72	
352	2012-12-19	7.44	7.68	7.2	7.55	22987	7.36	000019	深深宝Ａ	SZ	7.46	7.27	
352	2012-12-19	5.92	6.09	5.9	6.01	16444	6.01	000020	深华发Ａ	SZ	5.95	5.95	
352	2012-12-19	4.48	4.52	4.43	4.48	71551	4.47	000021	长城开发	SZ	4.47	4.46	
352	2012-12-19	9.68	9.7	9.53	9.63	10012	9.36	000022	深赤湾Ａ	SZ	9.66	9.39	
352	2012-12-19	6.32	6.65	6.25	6.41	27350	6.38	000023	深天地Ａ	SZ	6.36	6.34	
352	2012-12-19	25.03	25.79	24.67	25.6	184517	25.36	000024	招商地产	SZ	25.26	25.02	
352	2012-12-19	5.88	6.07	5.81	6.04	16993	6.04	000025	特 力Ａ	SZ	5.88	5.88	
352	2012-12-19	7.03	7.37	7	7.34	67779	7.25	000026	飞亚达Ａ	SZ	7.03	6.94	
352	2012-12-19	29.4	29.8	29.21	29.75	3440	29.6	000028	一致药业	SZ	29.65	29.5	
352	2012-12-19	3.8	4.04	3.78	3.9	145164	3.9	000029	深深房Ａ	SZ	3.83	3.83	
352	2012-12-19	8.36	8.36	8.14	8.2	27682	8.2	000030	*ST盛润A	SZ	8.33	8.33	
352	2012-12-19	4	4.1	3.93	4.05	215357	4.02	000031	中粮地产	SZ	4.01	3.98	
352	2012-12-19	6.53	6.84	6.53	6.77	34149	6.64	000032	深桑达Ａ	SZ	6.6	6.48	
352	2012-12-19	4.09	4.09	4.09	4.09	12758	4.09	000033	新都酒店	SZ	3.72	3.72	
352	2012-12-19	3.98	4.08	3.95	4.03	42772	4.03	000034	ST深泰	SZ	4	4	
352	2012-12-19	3.31	3.41	3.25	3.37	202924	3.37	000036	华联控股	SZ	3.31	3.31	
352	2012-12-19	4.06	4.11	4.03	4.08	13896	4.08	000037	深南电Ａ	SZ	4.05	4.05	
352	2012-12-19	10.88	10.89	10.66	10.7	133584	10.51	000039	中集集团	SZ	10.89	10.7	
352	2012-12-19	4.42	4.63	4.38	4.55	134361	4.51	000040	深 鸿 基	SZ	4.42	4.38	
352	2012-12-19	2.17	2.17	2.14	2.15	801695	2.08	000100	TCL 集团	SZ	2.17	2.1	
352	2012-12-19	4.2	4.34	4.19	4.29	18682	4.29	000150	宜华地产	SZ	4.22	4.22	
352	2012-12-19	6.75	6.84	6.71	6.81	16664	6.76	000151	中成股份	SZ	6.78	6.73	
352	2012-12-19	5.98	6.02	5.94	5.99	10890	5.93	000153	丰原药业	SZ	6.02	5.96	
352	2012-12-19	3.62	3.71	3.62	3.69	11389	3.69	000155	川化股份	SZ	3.65	3.65	
352	2012-12-19	8.86	9.32	8.8	9.2	1292303	8.88	000157	中联重科	SZ	8.88	8.57	
352	2012-12-19	3.23	3.45	3.22	3.35	100798	3.35	000158	常山股份	SZ	3.23	3.23	
352	2012-12-19	6.18	6.35	6.12	6.23	24126	6.17	000159	国际实业	SZ	6.18	6.12	
352	2012-12-19	3	3.03	2.99	3.01	37599	2.96	000301	东方市场	SZ	3	2.95	
352	2012-12-19	25.22	25.48	24.95	25.34	88921	24.96	000338	潍柴动力	SZ	25.31	24.93	
352	2012-12-19	14.48	14.48	14.48	14.48	3944	11.11	000400	许继电气	SZ	13.17	10.1	
352	2012-12-19	13.51	13.94	13.23	13.68	131627	13.53	000401	冀东水泥	SZ	13.58	13.43	
352	2012-12-19	6.08	6.12	6.01	6.08	262548	5.94	000402	金 融 街	SZ	6.1	5.96	
352	2012-12-19	5.65	5.67	5.58	5.65	25479	5.6	001696	宗申动力	SZ	5.66	5.61	
352	2012-12-19	4.03	4.07	3.99	4.06	16547	4.06	001896	*ST豫能	SZ	4.03	4.03	
352	2012-12-19	17.39	17.55	17.3	17.48	20611	17.04	002001	新 和 成	SZ	17.42	16.98	
352	2012-12-19	7.38	7.5	7.34	7.41	9939	7.41	002002	ST琼花	SZ	7.38	7.38	
352	2012-12-19	11.39	11.6	11.32	11.45	12456	7.88	002003	伟星股份	SZ	11.4	7.84	
352	2012-12-19	14.23	14.3	13.99	14.07	15016	13.79	002004	华邦制药	SZ	14.23	13.95	
352	2012-12-19	7.53	7.79	7.33	7.77	238589	7.77	002005	德豪润达	SZ	7.47	7.47	
352	2012-12-19	8.1	8.63	7.95	8.29	278462	8.29	002006	精功科技	SZ	8.1	8.1	
352	2012-12-19	19.7	19.95	19.61	19.76	40932	19.69	002007	华兰生物	SZ	19.6	19.53	
352	2012-12-19	7.85	8.4	7.85	8.16	369244	8.06	002008	大族激光	SZ	7.88	7.78	
352	2012-12-19	6.84	6.89	6.78	6.85	27348	6.85	002009	天奇股份	SZ	6.83	6.83	
352	2012-12-19	7.46	7.55	7.38	7.55	80979	7.47	002010	传化股份	SZ	7.46	7.38	
352	2012-12-19	8.56	8.68	8.53	8.6	32950	8.6	002011	盾安环境	SZ	8.65	8.65	
352	2012-12-19	5.2	5.23	5.14	5.2	87061	5.18	002012	凯恩股份	SZ	5.25	5.23	
352	2012-12-19	10.06	10.24	10.05	10.1	24789	10.07	002013	中航精机	SZ	10.08	10.05	
352	2012-12-19	9.1	9.22	9.09	9.17	6715	8.64	002014	永新股份	SZ	9.17	8.64	
352	2012-12-19	6	6.1	6	6.05	12918	6.05	002015	霞客环保	SZ	6	6	
352	2012-12-19	5.64	5.7	5.54	5.61	40078	3.94	002016	世荣兆业	SZ	5.67	3.98	
352	2012-12-19	9.14	9.3	9.11	9.19	11653	9.15	002017	东信和平	SZ	9.14	9.1	
352	2012-12-19	5.34	5.36	5.26	5.3	27542	3.6	002018	华星化工	SZ	5.33	3.62	
352	2012-12-19	5.98	6.02	5.9	5.97	17553	5.97	002019	鑫富药业	SZ	5.99	5.99	
352	2012-12-19	5.92	6.09	5.92	5.99	11768	2.96	002020	京新药业	SZ	5.97	2.95	
352	2012-12-19	3.75	3.79	3.71	3.73	66202	3.71	002021	中捷股份	SZ	3.76	3.74	
352	2012-12-19	10.13	10.28	10.08	10.13	44254	9.82	002022	科华生物	SZ	10.11	9.8	
352	2012-12-19	8.64	8.72	8.55	8.65	25131	8.59	002023	海特高新	SZ	8.65	8.59	
352	2012-12-19	6.47	6.65	6.45	6.56	629785	6.51	002024	苏宁电器	SZ	6.48	6.43	
352	2012-12-19	10.56	10.69	10.52	10.64	11834	10.51	002025	航天电器	SZ	10.56	10.43	
352	2012-12-19	5.48	5.52	5.45	5.5	3944	4.17	002026	山东威达	SZ	5.48	4.16	
352	2012-12-19	3.75	3.79	3.72	3.75	10375	3.75	002027	七喜控股	SZ	3.76	3.76	
352	2012-12-19	13.17	13.28	13.1	13.16	22527	13.1	002028	思源电气	SZ	13.17	13.11	
352	2012-12-19	11.83	12	11.7	11.87	12492	7.84	002029	七 匹 狼	SZ	11.83	7.81	
352	2012-12-19	7.36	7.54	7.21	7.33	603643	6.65	002030	达安基因	SZ	6.85	6.23	
352	2012-12-19	6.09	6.15	6.05	6.13	14587	6.08	002031	巨轮股份	SZ	6.09	6.04	
352	2012-12-19	10.64	10.7	10.4	10.63	12791	10.39	002032	苏 泊 尔	SZ	10.65	10.41	
352	2012-12-19	12.99	13.15	12.99	13.11	25737	9.89	002033	丽江旅游	SZ	12.96	9.78	
352	2012-12-19	9.18	9.27	9.07	9.16	21706	8.94	002034	美 欣 达	SZ	9.3	9.08	
352	2012-12-19	8.86	8.93	8.72	8.81	16927	7.12	002035	华帝股份	SZ	8.87	7.17	
352	2012-12-19	8.36	8.65	8.33	8.52	28779	8.46	002036	宜科科技	SZ	8.43	8.37	
352	2012-12-19	13.69	13.99	13.59	13.94	12603	8.59	002037	久联发展	SZ	13.73	8.47	
352	2012-12-19	27.78	28.03	27.43	27.79	32328	23.07	002038	双鹭药业	SZ	27.66	22.96	
352	2012-12-19	12.93	13.06	12.84	13	9805	12.89	002039	黔源电力	SZ	12.92	12.81	
352	2012-12-19	4.97	5.05	4.97	5.01	4446	4.98	002040	南 京 港	SZ	4.99	4.96	
352	2012-12-19	23.5	23.52	23.07	23.28	27528	23.19	002041	登海种业	SZ	23.57	23.48	
352	2012-12-19	4.02	4.07	4	4.05	32647	4.03	002042	华孚色纺	SZ	4.05	4.03	
352	2012-12-19	4.11	4.17	4.06	4.12	170862	4.09	002043	兔 宝 宝	SZ	4.17	4.14	
352	2012-12-19	6.7	6.71	6.6	6.7	23736	6.52	002044	江苏三友	SZ	6.7	6.52	
352	2012-12-19	3.39	3.42	3.36	3.38	36252	3.28	002045	广州国光	SZ	3.4	3.3	
352	2012-12-19	9.46	9.78	9.33	9.54	113480	9.48	002046	轴研科技	SZ	9.52	9.46	
352	2012-12-19	2.95	3.07	2.86	2.91	146630	2.91	002047	成霖股份	SZ	3.01	3.01	
352	2012-12-19	6.88	7.06	6.85	7	71723	6.96	002048	宁波华翔	SZ	6.89	6.85	
352	2012-12-19	19.12	19.52	18.9	19.52	16959	19.46	002049	晶源电子	SZ	19.11	19.05	
352	2012-12-19	8.6	8.86	8.6	8.67	54083	8.6	002050	三花股份	SZ	8.61	8.54	
352	2012-12-19	27.3	28.26	25.66	27.4	80664	27.14	002051	中工国际	SZ	28.21	27.94	
352	2012-12-19	4.6	4.62	4.55	4.57	60662	2.26	002052	同洲电子	SZ	4.59	2.27	
352	2012-12-19	6.74	6.82	6.7	6.77	10011	6.77	002053	云南盐化	SZ	6.75	6.75	
352	2012-12-19	6.03	6.14	6.03	6.11	29885	6.01	002054	德美化工	SZ	6.07	5.97	
352	2012-12-19	5.35	5.63	5.34	5.52	71227	5.5	002055	得润电子	SZ	5.37	5.35	
352	2012-12-19	12.4	12.83	12.35	12.37	58994	12.37	002056	横店东磁	SZ	12.54	12.54	
352	2012-12-19	11.4	11.43	11.09	11.28	20680	11.28	002057	中钢天源	SZ	11.44	11.44	
352	2012-12-19	5.34	5.46	5.34	5.42	14129	4.68	002058	威 尔 泰	SZ	5.35	4.62	
352	2012-12-19	7.42	7.52	7.35	7.44	10943	7.4	002059	云南旅游	SZ	7.43	7.39	
352	2012-12-19	4.11	4.14	4.07	4.12	79219	3.42	002060	粤 水 电	SZ	4.12	3.42	
352	2012-12-19	5.42	5.55	5.41	5.43	35859	3.57	002061	江山化工	SZ	5.42	3.56	
352	2012-12-19	4.9	4.97	4.85	4.94	39540	3.43	002062	宏润建设	SZ	4.9	3.41	
352	2012-12-19	13.65	13.72	13.54	13.66	12528	13.49	002063	远光软件	SZ	13.65	13.48	
352	2012-12-19	4.51	4.65	4.51	4.64	36052	4.58	002064	华峰氨纶	SZ	4.57	4.51	
352	2012-12-19	12.54	12.85	12.48	12.74	59344	12.63	002065	东华软件	SZ	12.55	12.44	
352	2012-12-19	4.61	4.66	4.58	4.64	22595	4.6	002066	瑞泰科技	SZ	4.62	4.58	
352	2012-12-19	2.68	2.7	2.61	2.68	458396	2.68	002067	景兴纸业	SZ	2.71	2.71	
352	2012-12-19	5.76	5.85	5.69	5.79	65066	5.67	002068	黑猫股份	SZ	5.76	5.64	
352	2012-12-19	15.43	15.74	15.16	15.49	35050	15.13	002069	獐 子 岛	SZ	15.45	15.09	
352	2012-12-19	5.88	5.97	5.8	5.86	49026	4.51	002070	众和股份	SZ	5.89	4.53	
352	2012-12-19	5.33	5.36	5.26	5.35	10382	5.35	002071	江苏宏宝	SZ	5.33	5.33	
352	2012-12-19	6.4	6.52	6.35	6.45	122685	6.43	002073	软控股份	SZ	6.4	6.38	
352	2012-12-19	5.68	5.73	5.62	5.69	11367	5.56	002076	雪 莱 特	SZ	5.7	5.57	
352	2012-12-19	5.85	5.85	5.68	5.77	50476	5.73	002077	大港股份	SZ	5.9	5.83	
352	2012-12-19	4.65	4.73	4.61	4.7	25396	4.61	002078	太阳纸业	SZ	4.67	4.58	
352	2012-12-19	4.09	4.09	3.96	3.99	64901	3.98	002079	苏州固锝	SZ	4	3.99	
352	2012-12-19	7.51	7.75	7.42	7.48	34848	7.36	002080	中材科技	SZ	7.42	7.3	
352	2012-12-19	25.21	25.44	24.63	25.05	41861	16.6	002081	金 螳 螂	SZ	25.27	16.75	
352	2012-12-19	6.54	6.74	6.47	6.67	27609	6.59	002082	栋梁新材	SZ	6.51	6.43	
352	2012-12-19	4.1	4.15	4.03	4.05	105637	4.05	002083	孚日股份	SZ	4.1	4.1	
352	2012-12-19	4.86	4.98	4.86	4.92	74142	4.41	002084	海鸥卫浴	SZ	4.93	4.42	
352	2012-12-19	7.87	8.3	7.84	8.1	13188	7.86	002085	万丰奥威	SZ	7.89	7.65	
352	2012-12-19	10.59	10.86	10.43	10.67	49043	10.67	002086	东方海洋	SZ	10.53	10.53	
352	2012-12-19	3.4	3.41	3.37	3.39	27318	3.39	002087	新野纺织	SZ	3.4	3.4	
352	2012-12-19	8.02	8.19	8.02	8.12	13601	8.02	002088	鲁阳股份	SZ	8.11	8.01	
352	2012-12-19	5.82	5.92	5.79	5.89	37725	5.82	002089	新 海 宜	SZ	5.84	5.77	
352	2012-12-19	6.65	6.78	6.65	6.71	6342	6.63	002090	金智科技	SZ	6.67	6.59	
352	2012-12-19	8.13	8.19	8.01	8.11	24238	8.03	002091	江苏国泰	SZ	8.06	7.98	
352	2012-12-19	6.77	6.83	6.74	6.79	42868	6.56	002092	中泰化学	SZ	6.76	6.53	
352	2012-12-19	4.03	4.14	4	4.07	57045	4.06	002093	国脉科技	SZ	4.03	4.02	
352	2012-12-19	7.66	7.9	7.66	7.89	54432	7.89	002094	青岛金王	SZ	7.65	7.65	
352	2012-12-19	11.45	11.69	11.43	11.63	10140	11.58	002095	生 意 宝	SZ	11.47	11.42	
352	2012-12-19	11.13	11.35	10.96	11.08	22539	11.04	002096	南岭民爆	SZ	11.15	11.11	
352	2012-12-19	6.48	6.66	6.41	6.54	47851	6.51	002097	山河智能	SZ	6.5	6.47	
352	2012-12-19	6.76	6.79	6.58	6.73	45392	6.64	002098	浔兴股份	SZ	6.84	6.75	
352	2012-12-19	5.82	5.85	5.75	5.79	35561	5.79	002099	海翔药业	SZ	5.82	5.82	
352	2012-12-19	6.6	6.6	6.46	6.55	28587	5.02	002100	天康生物	SZ	6.6	5.05	
352	2012-12-19	8.11	8.17	8.05	8.15	7352	7.98	002101	广东鸿图	SZ	8.09	7.92	
352	2012-12-19	3.94	3.94	3.83	3.89	47042	3.89	002102	冠福家用	SZ	3.95	3.95	
352	2012-12-19	5.5	5.55	5.49	5.53	3970	5.49	002103	广博股份	SZ	5.5	5.46	
352	2012-12-19	8.5	8.78	8.45	8.61	83187	8.55	002104	恒宝股份	SZ	8.5	8.44	
352	2012-12-19	4.37	4.49	4.37	4.44	21969	4.36	002105	信隆实业	SZ	4.4	4.32	
352	2012-12-19	13.68	13.96	13.56	13.81	68725	13.72	002106	莱宝高科	SZ	13.71	13.62	
352	2012-12-19	8.2	8.25	8.16	8.19	5747	8.19	002107	沃华医药	SZ	8.2	8.2	
352	2012-12-19	7.16	7.18	7.12	7.13	11581	7.01	002108	沧州明珠	SZ	7.15	7.03	
352	2012-12-19	6.64	6.68	6.56	6.64	22317	6.54	002109	兴化股份	SZ	6.66	6.56	
352	2012-12-19	4.84	4.85	4.73	4.78	9761	4.78	002110	三钢闽光	SZ	4.8	4.8	
352	2012-12-19	7.3	7.47	7.28	7.42	22958	7.35	002111	威海广泰	SZ	7.34	7.27	
352	2012-12-19	3.99	3.99	3.94	3.98	9453	2.21	002112	三变科技	SZ	3.97	2.2	
352	2012-12-19	6.6	6.66	6.57	6.61	4129	6.61	002113	ST天润	SZ	6.6	6.6	
352	2012-12-19	5.65	5.72	5.57	5.68	25621	4.67	002115	三维通信	SZ	5.64	4.64	
352	2012-12-19	12.71	12.9	12.68	12.8	6241	12.57	002116	中国海诚	SZ	12.77	12.54	
352	2012-12-19	4.77	4.85	4.73	4.79	21139	3.19	002117	东港股份	SZ	4.75	3.16	
352	2012-12-19	7.12	7.18	7.03	7.09	51282	7.09	002118	紫鑫药业	SZ	7.05	7.05	
352	2012-12-19	5.57	5.68	5.55	5.61	15820	5.58	002119	康强电子	SZ	5.59	5.56	
352	2012-12-19	7.85	7.99	7.85	7.97	14937	7.88	002120	新海股份	SZ	7.93	7.84	
352	2012-12-19	6.89	6.98	6.88	6.93	15687	6.9	002121	科陆电子	SZ	6.89	6.86	
352	2012-12-19	5.28	5.36	5.26	5.33	41985	5.24	002122	天马股份	SZ	5.29	5.2	
352	2012-12-19	8.12	8.34	8.11	8.2	90013	8.2	002123	荣信股份	SZ	8.14	8.14	
352	2012-12-19	7.62	7.65	7.52	7.61	35931	7.53	002124	天邦股份	SZ	7.61	7.53	
352	2012-12-19	6.9	6.94	6.8	6.81	26328	6.81	002125	湘潭电化	SZ	6.86	6.86	
352	2012-12-19	4.81	5.1	4.77	5	48396	4.98	002126	银轮股份	SZ	4.81	4.79	
352	2012-12-19	3.57	3.59	3.5	3.54	23217	3.54	002127	新民科技	SZ	3.61	3.61	
352	2012-12-19	13	13.18	12.88	13	33570	12.8	002128	露天煤业	SZ	12.96	12.76	
352	2012-12-19	5.89	6	5.86	5.96	56586	4.54	002130	沃尔核材	SZ	6	4.57	
352	2012-12-19	9.68	10.07	9.51	10.07	79655	10.02	002131	利欧股份	SZ	9.75	9.7	
352	2012-12-19	4.59	4.67	4.57	4.57	35284	4.52	002132	恒星科技	SZ	4.59	4.54	
352	2012-12-19	4.22	4.29	4.17	4.25	85179	4.09	002133	广宇集团	SZ	4.23	4.07	
352	2012-12-19	5.37	5.48	5.37	5.41	21035	5.41	002134	天津普林	SZ	5.4	5.4	
352	2012-12-19	4.7	4.79	4.66	4.73	89156	4.71	002135	东南网架	SZ	4.8	4.78	
352	2012-12-19	8.08	8.21	8.06	8.12	38132	8.12	002136	安 纳 达	SZ	8.25	8.25	
352	2012-12-19	3.76	3.8	3.73	3.78	29106	2.79	002137	实 益 达	SZ	3.78	2.79	
352	2012-12-19	11.47	11.73	11.4	11.58	9251	11.46	002138	顺络电子	SZ	11.48	11.36	
352	2012-12-19	5.68	5.74	5.64	5.71	14155	5.6	002139	拓邦股份	SZ	5.68	5.58	
352	2012-12-19	20.59	20.82	20.13	20.79	7249	20.76	002140	东华科技	SZ	20.6	20.57	
352	2012-12-19	4.6	4.65	4.58	4.61	6539	4.61	002141	蓉胜超微	SZ	4.62	4.62	
352	2012-12-19	10.05	10.15	9.98	10.07	137423	9.82	002142	宁波银行	SZ	10.06	9.81	
352	2012-12-19	4.95	5.46	4.91	5.13	43101	5.13	002143	高金食品	SZ	4.96	4.96	
352	2012-12-19	11.05	11.14	10.98	11.09	9156	11.01	002144	宏达高科	SZ	11.06	10.98	
352	2012-12-19	11.45	11.57	11.14	11.48	221135	11.39	002146	荣盛发展	SZ	11.57	11.48	
352	2012-12-19	5.43	5.58	5.42	5.47	17668	5.38	002147	方圆支承	SZ	5.42	5.33	
352	2012-12-19	5.91	6.06	5.88	6.03	71721	2.97	002148	北纬通信	SZ	5.93	2.92	
352	2012-12-19	10.22	10.38	10.16	10.19	15564	10.15	002149	西部材料	SZ	10.32	10.28	
352	2012-12-19	5.04	5.09	5.03	5.05	9063	4.95	002150	江苏通润	SZ	5.04	4.94	
352	2012-12-19	16.85	17.3	16.78	17.13	27758	17.11	002151	北斗星通	SZ	16.85	16.83	
352	2012-12-19	10.51	10.62	10.47	10.61	12044	8.66	002152	广电运通	SZ	10.57	8.63	
352	2012-12-19	20.5	21.54	20.31	21.42	19662	21.33	002153	石基信息	SZ	20.5	20.42	
352	2012-12-19	8.85	9.12	8.79	9.04	66631	8.82	002154	报 喜 鸟	SZ	8.87	8.65	
352	2012-12-19	14.23	14.36	14.09	14.27	183016	10.89	002155	辰州矿业	SZ	14.55	11.11	
352	2012-12-19	3.79	3.82	3.75	3.8	24732	3.78	002156	通富微电	SZ	3.77	3.75	
352	2012-12-19	7.8	7.81	7.61	7.7	74051	7.65	002157	正邦科技	SZ	7.92	7.87	
352	2012-12-19	10.6	10.98	10.6	10.78	67319	9.63	002158	汉钟精机	SZ	10.64	9.5	
352	2012-12-19	11.75	12.25	11.66	12.22	10814	12.15	002159	三特索道	SZ	11.84	11.77	
352	2012-12-19	5.87	5.92	5.81	5.84	108437	5.81	002161	远 望 谷	SZ	5.92	5.89	
352	2012-12-19	5.32	5.49	5.3	5.38	45230	5.38	002162	斯 米 克	SZ	5.35	5.35	
352	2012-12-19	3.4	3.5	3.3	3.33	58068	3.33	002163	中航三鑫	SZ	3.29	3.29	
352	2012-12-19	4.1	4.15	4.08	4.11	26206	4.11	002164	东力传动	SZ	4.1	4.1	
352	2012-12-19	5.87	5.95	5.75	5.88	192826	5.8	002165	红 宝 丽	SZ	5.91	5.83	
352	2012-12-19	10.72	11.49	10.71	11	33714	11	002166	莱茵生物	SZ	10.79	10.79	
352	2012-12-19	13.8	14.09	13.63	13.92	142625	13.92	002167	东方锆业	SZ	13.78	13.78	
352	2012-12-19	6.88	7.08	6.88	7.02	36996	6.97	002168	深圳惠程	SZ	6.91	6.86	
352	2012-12-19	4.52	4.75	4.48	4.61	62175	4.61	002169	智光电气	SZ	4.52	4.52	
352	2012-12-19	4.07	4.09	4.01	4.08	30452	2.23	002170	芭田股份	SZ	4.08	2.23	
352	2012-12-19	8.43	8.61	8.41	8.48	33237	8.48	002171	精诚铜业	SZ	8.52	8.52	
352	2012-12-19	3.48	3.5	3.44	3.47	30663	3.47	002172	澳洋科技	SZ	3.47	3.47	
352	2012-12-19	7.47	7.66	7.39	7.47	22366	7.47	002173	山 下 湖	SZ	7.48	7.48	
352	2012-12-19	14.28	14.36	14.11	14.22	2504	14.21	002174	梅 花 伞	SZ	14.27	14.26	
352	2012-12-19	8.11	8.22	8.06	8.2	3666	8.2	002175	广陆数测	SZ	8.17	8.17	
352	2012-12-19	7.21	7.35	7.19	7.27	46556	7.26	002176	江特电机	SZ	7.26	7.25	
352	2012-12-19	3.58	3.64	3.54	3.59	87132	2.76	002177	御银股份	SZ	3.58	2.75	
352	2012-12-19	9.22	9.73	9.14	9.46	96225	9.43	002178	延华智能	SZ	9.33	9.3	
352	2012-12-19	11.87	12.15	11.84	12.13	16820	12.05	002179	中航光电	SZ	11.89	11.81	
352	2012-12-19	9.64	9.89	9.63	9.7	12585	9.66	002180	万 力 达	SZ	9.73	9.69	
352	2012-12-19	7.26	7.47	7.26	7.4	42954	7.33	002181	粤 传 媒	SZ	7.26	7.19	
352	2012-12-19	7.86	7.96	7.82	7.88	30702	7.83	002182	云海金属	SZ	7.9	7.85	
352	2012-12-19	4.52	4.58	4.44	4.52	70459	4.49	002183	怡 亚 通	SZ	4.55	4.52	
352	2012-12-19	5	5.07	4.98	5.04	8450	4.99	002184	海得控制	SZ	5.01	4.96	
352	2012-12-19	4.37	4.4	4.33	4.37	23003	4.35	002185	华天科技	SZ	4.37	4.35	
352	2012-12-19	14.84	14.99	14.8	14.93	7751	7.27	002186	全 聚 德	SZ	14.85	7.23	
352	2012-12-19	6.98	7.1	6.97	7.05	14745	6.88	002187	广百股份	SZ	7.02	6.85	
352	2012-12-19	8.24	8.38	8.2	8.25	29963	8.25	002188	新 嘉 联	SZ	8.31	8.31	
352	2012-12-19	6.86	7.08	6.78	6.89	38101	6.88	002189	利达光电	SZ	6.85	6.84	
352	2012-12-19	8.81	8.86	8.75	8.78	15275	8.78	002191	劲嘉股份	SZ	8.84	8.84	
352	2012-12-19	13.29	13.55	13.21	13.4	6173	13.4	002192	路翔股份	SZ	13.2	13.2	
352	2012-12-19	7.34	7.41	7.3	7.37	14198	7.37	002193	山东如意	SZ	7.31	7.31	
352	2012-12-19	5.43	5.53	5.41	5.46	13020	5.36	002194	武汉凡谷	SZ	5.43	5.33	
352	2012-12-19	10.63	10.78	10.63	10.74	10424	10.64	002195	海隆软件	SZ	10.68	10.58	
352	2012-12-19	9.64	9.73	9.54	9.61	3167	9.41	002196	方正电机	SZ	9.63	9.43	
352	2012-12-19	9.25	9.74	9.18	9.66	162573	9.6	002197	证通电子	SZ	9.28	9.23	
352	2012-12-19	4.01	4.01	3.95	3.98	10685	1.96	002198	嘉应制药	SZ	4	1.97	
352	2012-12-19	5.57	5.66	5.55	5.61	10452	5.61	002199	东晶电子	SZ	5.57	5.57	
352	2012-12-19	10.85	10.88	10.68	10.77	9291	10.77	002200	绿 大 地	SZ	10.9	10.9	
352	2012-12-19	6.05	6.13	6.04	6.04	5715	6.04	002201	九鼎新材	SZ	6.06	6.06	
352	2012-12-19	5.5	5.68	5.31	5.32	290211	5.27	002202	金风科技	SZ	5.27	5.22	
352	2012-12-19	6.68	6.75	6.58	6.63	17116	6.54	002203	海亮股份	SZ	6.68	6.59	
352	2012-12-19	7.51	7.72	7.5	7.58	17496	5	002204	华锐铸钢	SZ	7.46	4.92	
352	2012-12-19	12.19	12.7	11.99	12	40842	11.96	002205	国统股份	SZ	11.76	11.72	
352	2012-12-19	5.69	5.98	5.65	5.93	127482	5.61	002206	海 利 得	SZ	5.73	5.42	
352	2012-12-19	10.45	10.61	10.36	10.52	11981	10.47	002207	准油股份	SZ	10.4	10.36	
352	2012-12-19	6.82	6.82	6.62	6.72	65236	6.58	002208	合肥城建	SZ	6.81	6.67	
352	2012-12-19	5.93	5.99	5.89	5.97	10466	5.94	002209	达 意 隆	SZ	5.96	5.93	
352	2012-12-19	5.03	5.24	5.03	5.04	75481	5.01	002210	飞马国际	SZ	5.13	5.1	
352	2012-12-19	4.67	4.76	4.65	4.73	30561	4.73	002211	宏达新材	SZ	4.69	4.69	
352	2012-12-19	4.2	4.27	4.2	4.24	14140	4.18	002212	南洋股份	SZ	4.23	4.17	
352	2012-12-19	5.68	5.79	5.66	5.77	12277	5.73	002213	特 尔 佳	SZ	5.72	5.68	
352	2012-12-19	6.91	7.08	6.85	6.97	18681	3.44	002214	大立科技	SZ	6.93	3.42	
352	2012-12-19	5.14	5.14	5.14	5.14	46382	3.39	002215	诺 普 信	SZ	4.67	3.08	
352	2012-12-19	10.7	11.02	10.7	10.9	25979	5.38	002216	三全食品	SZ	10.7	5.28	
352	2012-12-19	4.43	4.46	4.39	4.44	23636	4.44	002217	联合化工	SZ	4.43	4.43	
352	2012-12-19	5.96	6.07	5.9	5.97	70208	5.97	002218	拓日新能	SZ	6.02	6.02	
352	2012-12-19	9.06	9.12	8.99	9.07	9349	6.47	002219	独 一 味	SZ	9.07	6.47	
352	2012-12-19	6.56	6.77	6.52	6.65	22365	6.65	002220	天宝股份	SZ	6.56	6.56	
352	2012-12-19	6.28	6.32	6.11	6.3	72920	3.14	002221	东华能源	SZ	6.24	3.11	
352	2012-12-19	5.68	5.94	5.66	5.91	34715	5.83	002222	福晶科技	SZ	5.71	5.64	
352	2012-12-19	13.81	14.07	13.8	14.04	33975	13.98	002223	鱼跃医疗	SZ	13.78	13.72	
352	2012-12-19	5.37	5.43	5.32	5.38	13670	3.55	002224	三 力 士	SZ	5.39	3.55	
352	2012-12-19	7.2	7.28	7.1	7.16	52359	7.11	002225	濮耐股份	SZ	7.22	7.17	
352	2012-12-19	11.31	11.4	11.27	11.35	7890	11.08	002226	江南化工	SZ	11.4	11.13	
352	2012-12-19	15.52	15.73	15.46	15.61	4871	15.54	002227	奥 特 迅	SZ	15.64	15.57	
352	2012-12-19	4.28	4.29	4.23	4.27	14731	4.2	002228	合兴包装	SZ	4.28	4.21	
352	2012-12-19	5.66	5.75	5.62	5.72	29353	5.68	002229	鸿博股份	SZ	5.69	5.65	
352	2012-12-19	25.7	27.28	25.5	27.14	96213	15.83	002230	科大讯飞	SZ	25.7	14.99	
352	2012-12-19	5.97	6.1	5.9	6.08	28125	6.08	002231	奥维通信	SZ	5.98	5.98	
352	2012-12-19	5.89	5.99	5.82	5.95	16934	5.94	002232	启明信息	SZ	5.89	5.88	
352	2012-12-19	8.31	8.45	8.15	8.32	136024	8.24	002233	塔牌集团	SZ	8.39	8.31	
352	2012-12-19	9.92	9.92	9.56	9.82	32789	9.82	002234	民和股份	SZ	9.98	9.98	
352	2012-12-19	6.36	6.59	6.26	6.42	19942	6.22	002235	安妮股份	SZ	6.33	6.13	
352	2012-12-19	20.26	20.92	20.16	20.6	51951	10.26	002236	大华股份	SZ	20.27	10.09	
352	2012-12-19	20.33	20.72	20.21	20.59	141519	20.59	002237	恒邦股份	SZ	21.08	21.08	
352	2012-12-19	10.05	10.24	10.04	10.2	22274	10.13	002238	天威视讯	SZ	10.24	10.17	
352	2012-12-19	4.15	4.15	4.05	4.08	63288	4.08	002240	威华股份	SZ	4.09	4.09	
352	2012-12-19	18.57	19.18	18.57	19.06	88979	10.55	002241	歌尔声学	SZ	18.89	10.46	
352	2012-12-19	6.66	6.73	6.64	6.71	15354	6.02	002242	九阳股份	SZ	6.67	5.98	
352	2012-12-19	6.4	6.48	6.38	6.43	7477	6.41	002243	通产丽星	SZ	6.44	6.42	
352	2012-12-19	9.84	10.05	9.66	9.92	93117	9.83	002244	滨江集团	SZ	9.85	9.76	
352	2012-12-19	5.37	5.42	5.3	5.38	21459	5.31	002245	澳洋顺昌	SZ	5.38	5.31	
352	2012-12-19	7.48	7.48	7.34	7.39	2530	7.37	002246	北化股份	SZ	7.4	7.38	
352	2012-12-19	5.49	5.57	5.47	5.56	6088	2.72	002247	帝龙新材	SZ	5.53	2.7	
352	2012-12-19	6.45	6.52	6.34	6.41	13344	6.41	002248	华东数控	SZ	6.45	6.45	
352	2012-12-19	5.87	6.04	5.86	6.03	48014	5.95	002249	大洋电机	SZ	5.89	5.82	
352	2012-12-19	18.43	18.67	18.43	18.53	11214	18.45	002250	联化科技	SZ	18.6	18.52	
352	2012-12-19	11.65	11.85	11.64	11.82	9384	6.16	002251	步 步 高	SZ	11.68	6.09	
352	2012-12-19	13.29	13.37	13.11	13.2	11545	13.15	002252	上海莱士	SZ	13.35	13.3	
352	2012-12-19	11.72	11.98	11.72	11.86	8969	11.74	002253	川大智胜	SZ	11.75	11.63	
352	2012-12-19	6.32	6.41	6.32	6.38	14659	4.91	002254	烟台氨纶	SZ	6.37	4.9	
352	2012-12-19	12.93	13.02	12.83	12.97	13992	12.91	002255	海陆重工	SZ	12.92	12.86	
352	2012-12-19	4.5	4.55	4.47	4.5	29924	4.49	002256	彩虹精化	SZ	4.52	4.51	
352	2012-12-19	9.02	9.32	9.02	9.15	8824	9.08	002258	利尔化学	SZ	9.11	9.04	
352	2012-12-19	3.5	3.51	3.42	3.48	254022	3.48	002259	升达林业	SZ	3.53	3.53	
352	2012-12-19	5.59	5.62	5.49	5.58	23533	5.51	002260	伊 立 浦	SZ	5.58	5.51	
352	2012-12-19	7.68	7.95	7.67	7.86	70440	7.85	002261	拓维信息	SZ	7.73	7.72	
352	2012-12-19	19.84	20.68	19.84	20.42	8918	16.29	002262	恩华药业	SZ	20.06	16.01	
352	2012-12-19	4.7	4.78	4.69	4.72	87696	3.94	002263	大 东 南	SZ	4.72	3.93	
352	2012-12-19	4.8	4.91	4.77	4.87	57117	4.83	002264	新 华 都	SZ	4.79	4.75	
352	2012-12-19	5.47	5.7	5.42	5.6	18791	5.6	002265	西仪股份	SZ	5.48	5.48	
352	2012-12-19	3.06	3.23	3.04	3.18	345446	1.57	002266	浙富股份	SZ	3.06	1.51	
352	2012-12-19	7.67	7.91	7.67	7.84	40029	7.7	002267	陕天然气	SZ	7.66	7.53	
352	2012-12-19	8.07	8.29	8.07	8.18	37958	8.18	002268	卫 士 通	SZ	8.15	8.15	
352	2012-12-19	12.59	12.74	12.51	12.68	17330	12.04	002269	美邦服饰	SZ	12.61	11.98	
352	2012-12-19	5.55	5.64	5.55	5.59	6732	5.52	002270	法因数控	SZ	5.57	5.5	
352	2012-12-19	14.51	14.68	14.3	14.4	27518	14.16	002271	东方雨虹	SZ	14.53	14.29	
352	2012-12-19	5.81	6.12	5.78	5.97	86650	5.96	002272	川润股份	SZ	5.86	5.85	
352	2012-12-19	11.46	11.81	11.41	11.73	56119	7.76	002273	水晶光电	SZ	11.52	7.63	
352	2012-12-19	6	6.29	5.96	6.22	22656	6.22	002274	华昌化工	SZ	6.06	6.06	
352	2012-12-19	13.02	13.15	12.89	13.11	11637	12.32	002275	桂林三金	SZ	13.02	12.24	
352	2012-12-19	4.81	4.93	4.81	4.86	30077	4.82	002276	万马电缆	SZ	4.83	4.79	
352	2012-12-19	8.91	8.94	8.83	8.89	32287	8.8	002277	友阿股份	SZ	8.91	8.82	
352	2012-12-19	8.93	9.36	8.93	9.18	37996	8.25	002278	神开股份	SZ	8.97	8.06	
352	2012-12-19	7.53	7.74	7.53	7.62	12893	7.48	002279	久其软件	SZ	7.58	7.44	
352	2012-12-19	8.8	8.84	8.65	8.84	15888	8.51	002280	新世纪	SZ	8.91	8.58	
352	2012-12-19	16.69	16.89	16.64	16.75	5293	16.6	002281	光迅科技	SZ	16.65	16.5	
352	2012-12-19	6.87	6.98	6.85	6.88	6330	6.84	002282	博深工具	SZ	6.87	6.83	
352	2012-12-19	5.98	6.12	5.97	6.07	17764	6.05	002283	天润曲轴	SZ	5.99	5.97	
352	2012-12-19	5.5	5.56	5.46	5.53	13021	5.47	002284	亚太股份	SZ	5.48	5.42	
352	2012-12-19	9.97	10.09	9.81	10.02	10614	7.52	002285	世联地产	SZ	10.06	7.55	
352	2012-12-19	11.05	11.35	10.95	11.28	16166	11.18	002286	保龄宝	SZ	11.05	10.95	
352	2012-12-19	13.78	13.87	13.61	13.81	4951	13.61	002287	奇正藏药	SZ	13.76	13.56	
352	2012-12-19	7.44	7.6	7.36	7.57	52877	6.3	002288	超华科技	SZ	7.43	6.18	
352	2012-12-19	10.58	10.75	10.46	10.57	27677	10.57	002289	宇顺电子	SZ	10.78	10.78	
352	2012-12-19	8.43	8.5	8.31	8.42	13799	8.33	002290	禾盛新材	SZ	8.5	8.41	
352	2012-12-19	5.54	5.72	5.5	5.63	14691	5.63	002291	星期六	SZ	5.53	5.53	
352	2012-12-19	11.07	11.57	11.07	11.22	44986	7.45	002292	奥飞动漫	SZ	11.04	7.34	
352	2012-12-19	20.56	20.97	20.16	20.88	14385	10.16	002293	罗莱家纺	SZ	20.57	10.01	
352	2012-12-19	22.28	23.3	22.27	22.85	21308	14.99	002294	信立泰	SZ	22.67	14.87	
352	2012-12-19	6	6.1	5.95	6.04	12779	6.04	002295	精艺股份	SZ	6.01	6.01	
352	2012-12-19	11.5	11.7	11.33	11.5	47922	11.38	002296	辉煌科技	SZ	11.6	11.48	
352	2012-12-19	7.33	7.49	7.31	7.37	39563	4.9	002297	博云新材	SZ	7.29	4.84	
352	2012-12-19	7.71	7.84	7.65	7.74	27333	7.72	002298	鑫龙电器	SZ	7.72	7.7	
352	2012-12-19	9.02	9.45	8.9	9.37	133377	9.37	002299	圣农发展	SZ	9.37	9.37	
352	2012-12-19	6.89	6.95	6.81	6.91	8276	6.65	002300	太阳电缆	SZ	6.89	6.63	
352	2012-12-19	5.06	5.2	5.05	5.16	7966	5.15	002301	齐心文具	SZ	5.14	5.13	
352	2012-12-19	10.39	10.5	10.19	10.34	23782	7.99	002302	西部建设	SZ	10.46	8.08	
352	2012-12-19	8.6	8.73	8.55	8.6	7240	4.27	002303	美盈森	SZ	8.74	4.34	
352	2012-12-19	94.36	97.15	94.01	96.42	52639	93.71	002304	洋河股份	SZ	94.72	92.06	
352	2012-12-19	4.7	4.78	4.69	4.71	85717	2.3	002306	湘鄂情	SZ	4.71	2.3	
352	2012-12-19	6.27	6.45	6.27	6.34	34604	6.34	002307	北新路桥	SZ	6.27	6.27	
352	2012-12-19	7.07	7.38	7.04	7.2	22517	5.38	002308	威创股份	SZ	7.14	5.34	
352	2012-12-19	10.35	10.7	10.24	10.63	47765	10.55	002309	中利科技	SZ	10.41	10.34	
352	2012-12-19	26.92	26.99	26.35	26.92	37077	13.4	002310	东方园林	SZ	26.92	13.4	
352	2012-12-19	15.72	15.95	15.67	15.83	10417	15.72	002311	海大集团	SZ	15.95	15.84	
352	2012-12-19	4.72	4.85	4.71	4.76	19460	2.33	002312	三泰电子	SZ	4.73	2.32	
352	2012-12-19	11.69	12.1	11.63	12.04	25275	9.13	002313	日海通讯	SZ	11.72	8.89	
352	2012-12-19	6.62	6.68	6.6	6.62	8218	6.62	002314	雅致股份	SZ	6.67	6.67	
352	2012-12-19	27.15	27.56	27	27.52	4483	26.84	002315	焦点科技	SZ	27.22	26.55	
352	2012-12-19	5.89	6	5.86	5.92	26732	4.91	002316	键桥通讯	SZ	5.9	4.9	
352	2012-12-19	14.45	14.68	14.43	14.62	69296	7.11	002317	众生药业	SZ	14.45	7.03	
352	2012-12-19	11.26	11.41	11.18	11.36	16192	11.29	002318	久立特材	SZ	11.29	11.22	
352	2012-12-19	5.25	5.31	5.19	5.3	11674	2.63	002319	乐通股份	SZ	5.28	2.62	
352	2012-12-19	9.15	9.19	8.96	9.03	60773	8.93	002320	海峡股份	SZ	9.24	9.13	
352	2012-12-19	6.63	6.72	6.41	6.43	232706	6.43	002321	华英农业	SZ	6.83	6.83	
352	2012-12-19	7.09	7.13	7.03	7.09	17616	3.52	002322	理工监测	SZ	7.1	3.53	
352	2012-12-19	12.31	12.54	12.31	12.51	6345	9.28	002323	中联电气	SZ	12.61	9.36	
352	2012-12-19	11.6	11.74	11.47	11.6	4008	11.54	002324	普利特	SZ	11.61	11.55	
352	2012-12-19	9.09	9.11	8.9	8.92	64288	5.92	002325	洪涛股份	SZ	9.11	6.05	
352	2012-12-19	10.99	10.99	10.72	10.88	22749	10.77	002326	永太科技	SZ	10.99	10.88	
352	2012-12-19	14.78	14.98	14.73	14.92	12555	7.3	002327	富安娜	SZ	14.89	7.28	
352	2012-12-19	5.56	5.58	5.53	5.56	7737	5.54	002328	新朋股份	SZ	5.54	5.52	
352	2012-12-19	9.3	9.37	9.15	9.28	29722	9.16	002329	皇氏乳业	SZ	9.33	9.21	
352	2012-12-19	4.62	4.73	4.56	4.62	6660	2.31	002330	得利斯	SZ	4.61	2.3	
352	2012-12-19	6.57	6.7	6.53	6.68	8848	4.13	002331	皖通科技	SZ	6.57	4.06	
352	2012-12-19	9.16	9.37	9.16	9.26	8868	9.13	002332	仙琚制药	SZ	9.16	9.03	
352	2012-12-19	8.13	8.19	8.07	8.09	6437	7.93	002333	罗普斯金	SZ	8.15	7.99	
352	2012-12-19	7.91	8.05	7.76	7.96	46274	4.93	002334	英威腾	SZ	7.93	4.9	
352	2012-12-19	7.93	8.04	7.87	8	6698	7.92	002335	科华恒盛	SZ	7.93	7.85	
352	2012-12-19	8.68	8.77	8.62	8.75	5726	8.75	002336	人人乐	SZ	8.69	8.69	
352	2012-12-19	9.32	9.44	9.26	9.37	10758	8.96	002337	赛象科技	SZ	9.38	8.96	
352	2012-12-19	15.98	16.15	15.8	16.04	2003	15.83	002338	奥普光电	SZ	16	15.79	
352	2012-12-19	6.18	6.32	6.16	6.28	15986	3.11	002339	积成电子	SZ	6.17	3.06	
352	2012-12-19	8.54	8.78	8.51	8.58	155491	6.57	002340	格林美	SZ	8.52	6.52	
352	2012-12-19	9.17	9.33	9.09	9.27	25108	9.21	002341	新纶科技	SZ	9.22	9.16	
352	2012-12-19	6.35	6.78	6.12	6.59	182863	6.57	002342	巨力索具	SZ	6.29	6.27	
352	2012-12-19	7.7	7.86	7.62	7.74	4005	7.47	002343	禾欣股份	SZ	7.75	7.48	
352	2012-12-19	11.94	12.03	11.81	12	37536	5.93	002344	海宁皮城	SZ	11.94	5.91	
352	2012-12-19	8.93	9.07	8.88	9.05	18188	4.42	002345	潮宏基	SZ	9.07	4.43	
352	2012-12-19	5.72	5.85	5.72	5.78	16630	2.85	002346	柘中建设	SZ	5.76	2.83	
352	2012-12-19	8.07	8.21	8.01	8.06	10057	4.45	002347	泰尔重工	SZ	8.09	4.47	
352	2012-12-19	3.61	3.65	3.59	3.62	22969	1.79	002348	高乐股份	SZ	3.63	1.79	
352	2012-12-19	9.12	9.23	9.02	9.15	13724	9.11	002349	精华制药	SZ	9.12	9.08	
352	2012-12-19	9.78	9.93	9.64	9.79	9216	9.6	002350	北京科锐	SZ	9.69	9.5	
352	2012-12-19	7.02	7.3	7	7.25	7864	7.09	002351	漫步者	SZ	7.03	6.87	
352	2012-12-19	18.68	18.68	18.3	18.46	2849	18.19	002352	鼎泰新材	SZ	18.54	18.26	
352	2012-12-19	33.85	34.73	33.77	34.62	18323	26.54	002353	杰瑞股份	SZ	33.84	25.95	
352	2012-12-19	9.35	9.43	9.28	9.37	3289	9.34	002354	科冕木业	SZ	9.38	9.35	
352	2012-12-19	5.58	5.72	5.52	5.62	28720	2.8	002355	兴民钢圈	SZ	5.55	2.77	
352	2012-12-19	20.79	20.92	20.65	20.85	2861	20.62	002356	浩宁达	SZ	20.79	20.56	
352	2012-12-19	7.71	7.82	7.65	7.8	6837	7.56	002357	富临运业	SZ	7.73	7.49	
352	2012-12-19	11.29	11.35	11.15	11.25	12418	11.16	002358	森源电气	SZ	11.29	11.2	
352	2012-12-19	13.2	13.45	13.17	13.41	9646	4.36	002360	同德化工	SZ	13.29	4.32	
352	2012-12-19	4.29	4.32	4.27	4.29	6539	2.28	002361	神剑股份	SZ	4.28	2.27	
352	2012-12-19	8.78	8.98	8.78	8.89	22511	8.89	002362	汉王科技	SZ	8.82	8.82	
352	2012-12-19	12.89	13.32	12.8	13.14	19890	13.14	002363	隆基机械	SZ	12.89	12.89	
352	2012-12-19	6.62	6.72	6.57	6.64	8472	3.28	002364	中恒电气	SZ	6.62	3.27	
352	2012-12-19	8.92	9.05	8.92	8.98	6195	8.81	002365	永安药业	SZ	8.9	8.73	
352	2012-12-19	7.3	7.35	7.26	7.3	4584	7.16	002366	丹甫股份	SZ	7.31	7.17	
352	2012-12-19	4.41	4.41	4.26	4.41	263381	2.05	002367	康力电梯	SZ	4.01	1.86	
352	2012-12-19	14.71	14.79	14.54	14.66	6703	14.54	002368	太极股份	SZ	14.79	14.67	
352	2012-12-19	15.6	16	15.51	15.85	8255	15.7	002369	卓翼科技	SZ	15.45	15.3	
352	2012-12-19	7.25	7.26	7.12	7.19	22150	7.19	002370	亚太药业	SZ	7.24	7.24	
352	2012-12-19	14.09	14.25	13.75	14.18	4240	7.05	002371	七星电子	SZ	14.1	7.01	
352	2012-12-19	11.25	11.42	11.24	11.33	18647	8.25	002372	伟星新材	SZ	11.25	8.19	
352	2012-12-19	5.05	5.08	5.03	5.06	6796	2.53	002373	联信永益	SZ	5.03	2.52	
352	2012-12-19	7.46	7.63	7.45	7.55	15201	4.04	002374	丽鹏股份	SZ	7.56	4.05	
352	2012-12-19	23.65	23.87	22.88	23.27	36860	23.2	002375	亚厦股份	SZ	23.7	23.63	
352	2012-12-19	7.41	7.45	7.36	7.36	8259	3.61	002376	新北洋	SZ	7.45	3.65	
352	2012-12-19	6.64	6.77	6.54	6.72	31023	6.72	002377	国创高新	SZ	6.73	6.73	
352	2012-12-19	21.6	22.21	21.48	21.72	21218	21.53	002378	章源钨业	SZ	21.76	21.57	
352	2012-12-19	4.99	5.09	4.96	5.01	24108	2.5	002379	鲁丰股份	SZ	5	2.5	
352	2012-12-19	20.47	20.48	20.28	20.4	601	20.27	002380	科远股份	SZ	20.38	20.25	
352	2012-12-19	6.45	6.59	6.4	6.57	15673	3.15	002381	双箭股份	SZ	6.49	3.11	
352	2012-12-19	7.84	7.97	7.83	7.95	14608	7.89	002382	蓝帆股份	SZ	7.93	7.87	
352	2012-12-19	13.4	13.58	13.31	13.44	5804	13.44	002383	合众思壮	SZ	13.39	13.39	
352	2012-12-19	8.19	8.5	8.17	8.34	57346	8.34	002384	东山精密	SZ	8.22	8.22	
352	2012-12-19	10.51	10.56	10.2	10.27	57166	5.07	002385	大北农	SZ	10.49	5.18	
352	2012-12-19	5.8	5.84	5.74	5.82	14701	5.77	002386	天原集团	SZ	5.8	5.75	
352	2012-12-19	7.87	8.71	7.83	8.71	50337	8.68	002387	黑牛食品	SZ	7.92	7.89	
352	2012-12-19	6.91	7.28	6.71	6.95	6043	6.87	002388	新亚制程	SZ	6.92	6.84	
352	2012-12-19	6.01	6.15	6	6.12	19308	3.03	002389	南洋科技	SZ	6.1	3.03	
352	2012-12-19	14.9	15.13	14.7	14.95	15446	14.9	002390	信邦制药	SZ	14.93	14.88	
352	2012-12-19	10.09	10.39	10.01	10.33	15563	6.65	002391	长青股份	SZ	10.06	6.48	
352	2012-12-19	7.09	7.22	7.03	7.18	64168	7.13	002392	北京利尔	SZ	7.14	7.09	
352	2012-12-19	29.88	30.16	29.76	29.95	8588	29.31	002393	力生制药	SZ	29.88	29.24	
352	2012-12-19	11	11.06	10.92	11.03	8163	10.7	002394	联发股份	SZ	11	10.68	
352	2012-12-19	6.11	6.2	6.11	6.16	5028	3.01	002395	双象股份	SZ	6.15	3	
352	2012-12-19	14.16	14.35	14.16	14.24	13130	14.03	002396	星网锐捷	SZ	14.2	13.99	
352	2012-12-19	10.7	11.07	10.63	10.82	15152	10.59	002397	梦洁家纺	SZ	10.79	10.56	
352	2012-12-19	14.33	14.33	13.68	13.73	16038	10.51	002398	建研集团	SZ	13.83	10.58	
352	2012-12-19	18.25	18.31	18.11	18.2	29806	17.67	002399	海普瑞	SZ	18.25	17.72	
352	2012-12-19	10.34	10.68	10.28	10.66	26695	5.29	002400	省广股份	SZ	10.4	5.16	
352	2012-12-19	10.2	11.33	10.14	11.33	267253	11.28	002401	交技发展	SZ	10.3	10.26	
352	2012-12-19	6.74	6.78	6.69	6.77	3084	4.35	002402	和而泰	SZ	6.77	4.35	
352	2012-12-19	8.2	8.2	8.12	8.2	8082	8.2	002403	爱仕达	SZ	8.15	8.15	
352	2012-12-19	7.08	7.25	7.07	7.16	35325	6.78	002404	嘉欣丝绸	SZ	7.15	6.77	
352	2012-12-19	8.29	8.42	8.18	8.33	102364	6.89	002405	四维图新	SZ	8.32	6.88	
352	2012-12-19	7.56	7.66	7.55	7.6	9036	7.41	002406	远东传动	SZ	7.58	7.39	
352	2012-12-19	13.39	13.62	13.36	13.46	19819	13.38	002407	多氟多	SZ	13.42	13.34	
352	2012-12-19	14.75	14.98	14.58	14.95	16902	14.63	002408	齐翔腾达	SZ	14.81	14.49	
352	2012-12-19	13.57	13.57	13.39	13.5	2615	13.28	002409	雅克科技	SZ	13.48	13.26	
352	2012-12-19	12.99	13.22	12.86	12.98	4585	9.75	002410	广联达	SZ	13	9.77	
352	2012-12-19	6.4	6.47	6.32	6.43	30713	4.26	002411	九九久	SZ	6.4	4.24	
352	2012-12-19	17.2	17.2	16.8	17.06	4391	17.06	002412	汉森制药	SZ	17.1	17.1	
352	2012-12-19	7.96	8.1	7.93	8	46403	7.89	002413	常发股份	SZ	7.97	7.86	
352	2012-12-19	7.27	7.37	7.25	7.34	14456	3.64	002414	高德红外	SZ	7.34	3.64	
352	2012-12-19	5.22	5.25	5.17	5.21	20817	5.21	002416	爱施德	SZ	5.23	5.23	
352	2012-12-19	6.37	6.65	6.28	6.51	71121	6.51	002417	三元达	SZ	6.45	6.45	
352	2012-12-19	6.92	6.96	6.83	6.88	22725	6.84	002418	康盛股份	SZ	6.9	6.86	
352	2012-12-19	10.5	10.55	10.43	10.5	7603	10.2	002419	天虹商场	SZ	10.51	10.21	
352	2012-12-19	5.45	5.8	5.45	5.6	13457	5.58	002420	毅昌股份	SZ	5.52	5.5	
352	2012-12-19	13.8	14.15	13.74	14.07	18963	14.03	002421	达实智能	SZ	13.92	13.88	
352	2012-12-19	53	55.6	52.6	54.95	14285	54.75	002422	科伦药业	SZ	53	52.8	
352	2012-12-19	8.6	8.67	8.39	8.47	102812	8.45	002423	中原特钢	SZ	8.7	8.68	
352	2012-12-19	15.32	15.42	15.13	15.32	38801	15	002424	贵州百灵	SZ	15.3	14.98	
352	2012-12-19	6.46	6.57	6.1	6.16	108672	5.1	002425	凯撒股份	SZ	5.97	4.95	
352	2012-12-19	12.04	12.16	12	12.1	4289	5.96	002426	胜利精密	SZ	12.02	5.93	
352	2012-12-19	7.39	7.46	7.03	7.16	68341	7.15	002427	尤夫股份	SZ	7.43	7.42	
352	2012-12-19	10.44	10.62	10.35	10.45	85057	5.17	002428	云南锗业	SZ	10.52	5.2	
352	2012-12-19	8.3	8.39	8.22	8.37	16749	5.46	002429	兆驰股份	SZ	8.31	5.42	
352	2012-12-19	9.59	9.97	9.4	9.94	112595	9.76	002430	杭氧股份	SZ	9.57	9.4	
352	2012-12-19	17.72	17.72	17.33	17.5	18974	14.55	002431	棕榈园林	SZ	17.63	14.66	
352	2012-12-19	4.6	4.71	4.59	4.63	37778	3.09	002432	九安医疗	SZ	4.59	3.06	
352	2012-12-19	10.32	10.53	10.26	10.48	40466	4.32	002433	太安堂	SZ	10.38	4.28	
352	2012-12-19	6.41	6.58	6.37	6.48	8666	6.33	002434	万里扬	SZ	6.44	6.29	
352	2012-12-19	6.39	6.75	6.33	6.54	121132	4.3	002435	长江润发	SZ	6.33	4.17	
352	2012-12-19	14.36	14.62	14.35	14.47	6367	14.23	002436	兴森科技	SZ	14.43	14.19	
352	2012-12-19	18.17	18.28	17.86	18	9389	17.63	002437	誉衡药业	SZ	18.17	17.8	
352	2012-12-19	11.59	11.73	11.47	11.64	17441	11.6	002438	江苏神通	SZ	11.73	11.69	
352	2012-12-19	13.11	13.58	13.11	13.4	10572	13.34	002439	启明星辰	SZ	13.22	13.16	
352	2012-12-19	5.45	5.52	5.38	5.45	52220	2.64	002440	闰土股份	SZ	5.53	2.68	
352	2012-12-19	11.53	11.83	11.51	11.74	13274	11.52	002441	众业达	SZ	11.6	11.38	
352	2012-12-19	4.54	4.61	4.54	4.56	17862	4.56	002442	龙星化工	SZ	4.58	4.58	
352	2012-12-19	6.68	6.97	6.68	6.8	66309	5.6	002443	金洲管道	SZ	6.65	5.48	
352	2012-12-19	4.65	4.93	4.64	4.79	134813	2.31	002444	巨星科技	SZ	4.68	2.26	
352	2012-12-19	7.92	8.15	7.87	8.06	33940	8.01	002445	中南重工	SZ	7.92	7.87	
352	2012-12-19	8.62	8.86	8.62	8.76	8584	8.72	002446	盛路通信	SZ	8.71	8.67	
352	2012-12-19	19.97	20.47	19.52	20.17	33714	20.11	002447	壹桥苗业	SZ	19.99	19.93	
352	2012-12-19	11.37	11.56	11.34	11.5	9905	5.54	002448	中原内配	SZ	11.4	5.5	
352	2012-12-19	6.42	6.55	6.42	6.49	16509	6.36	002449	国星光电	SZ	6.47	6.34	
352	2012-12-19	14.17	14.27	13.87	14.24	48735	9.47	002450	康得新	SZ	14.15	9.41	
352	2012-12-19	12.86	13.04	12.84	12.88	15844	6.39	002451	摩恩电气	SZ	12.86	6.38	
352	2012-12-19	21.86	21.9	21.62	21.7	4145	10.63	002452	长高集团	SZ	21.7	10.63	
352	2012-12-19	17.76	18.68	17.5	18.14	115486	4.47	002453	天马精化	SZ	17.52	4.31	
352	2012-12-19	8.02	8.05	7.93	8.01	7778	8.01	002454	松芝股份	SZ	7.97	7.97	
352	2012-12-19	9.65	9.77	9.62	9.73	53446	2.39	002456	欧菲光	SZ	9.62	2.37	
352	2012-12-19	9.23	9.49	9.09	9.1	105131	9.07	002457	青龙管业	SZ	9.08	9.05	
352	2012-12-19	8.83	9.21	8.5	9.01	59264	9.01	002458	益生股份	SZ	9.11	9.11	
352	2012-12-19	6	6.13	5.95	6.07	22312	6.07	002459	天业通联	SZ	6.04	6.04	
352	2012-12-19	18.49	19.11	18.47	19	33945	18.85	002460	赣锋锂业	SZ	18.46	18.32	
352	2012-12-19	8.42	8.51	8.38	8.46	10822	8.45	002461	珠江啤酒	SZ	8.46	8.45	
352	2012-12-19	7.46	7.68	7.44	7.65	9850	7.58	002462	嘉事堂	SZ	7.48	7.41	
352	2012-12-19	3.54	3.69	3.53	3.59	90807	2.86	002463	沪电股份	SZ	3.54	2.82	
352	2012-12-19	13.73	13.8	13.54	13.72	3791	13.54	002464	金利科技	SZ	13.72	13.54	
352	2012-12-19	12.44	13.07	12.43	12.91	34083	6.31	002465	海格通信	SZ	12.23	5.98	
352	2012-12-19	9.6	9.79	9.54	9.69	12548	9.57	002467	二六三	SZ	9.61	9.49	
352	2012-12-19	6.43	6.56	6.42	6.46	25450	5.38	002468	艾迪西	SZ	6.43	5.35	
352	2012-12-19	18.94	19.04	18.46	18.59	5648	9.42	002469	三维工程	SZ	18.81	9.53	
352	2012-12-19	13.62	13.98	13.56	13.9	23695	13.79	002470	金正大	SZ	13.63	13.53	
352	2012-12-19	5.84	5.89	5.79	5.8	8191	2.83	002471	中超电缆	SZ	5.84	2.85	
352	2012-12-19	6.89	6.98	6.84	6.9	8042	6.85	002472	双环传动	SZ	6.98	6.93	
352	2012-12-19	6.55	6.81	6.52	6.8	14693	6.69	002473	圣莱达	SZ	6.61	6.51	
352	2012-12-19	9.02	9.23	9.02	9.14	15766	6.01	002474	榕基软件	SZ	9.1	5.98	
352	2012-12-19	16.66	16.91	16.58	16.77	26996	11.14	002475	立讯精密	SZ	16.77	11.14	
352	2012-12-19	6.05	6.46	6.01	6.21	390844	4.12	002476	宝莫股份	SZ	6.09	4.04	
352	2012-12-19	10.72	10.77	10.5	10.68	75434	6.55	002477	雏鹰农牧	SZ	10.76	6.61	
352	2012-12-19	8.89	9.06	8.89	8.98	8176	8.84	002478	常宝股份	SZ	8.89	8.75	
352	2012-12-19	6.8	6.89	6.79	6.88	21843	3.94	002479	富春环保	SZ	6.84	3.91	
352	2012-12-19	12.3	12.52	12.2	12.26	20588	12.26	002480	新筑股份	SZ	12.31	12.31	
352	2012-12-19	7.24	7.89	7.14	7.86	89486	3.92	002481	双塔食品	SZ	7.28	3.63	
352	2012-12-19	18.1	18.28	17.7	18	10882	17.91	002482	广田股份	SZ	18.06	17.97	
352	2012-12-19	7.26	7.29	7.17	7.29	13918	7.09	002483	润邦股份	SZ	7.29	7.09	
352	2012-12-19	10.98	11.58	10.87	11.36	56810	11.3	002484	江海股份	SZ	10.98	10.92	
352	2012-12-19	7.15	7.19	7.08	7.15	9695	6.97	002485	希努尔	SZ	7.1	6.92	
352	2012-12-19	3.49	3.53	3.47	3.51	11968	0.84	002486	嘉麟杰	SZ	3.49	0.83	
352	2012-12-19	4.49	4.58	4.45	4.45	14448	2.21	002487	大金重工	SZ	4.43	2.2	
352	2012-12-19	7.79	7.87	7.77	7.83	8381	7.7	002488	金固股份	SZ	7.84	7.71	
352	2012-12-19	8.35	8.81	8.28	8.63	33415	8.37	002489	浙江永强	SZ	8.36	8.11	
352	2012-12-19	10.12	10.86	10.06	10.51	207105	10.46	002490	山东墨龙	SZ	10.13	10.08	
352	2012-12-19	9.22	9.29	9.14	9.27	5591	9.09	002491	通鼎光电	SZ	9.18	9	
352	2012-12-19	12.36	12.46	12.32	12.4	4850	12.23	002494	华斯股份	SZ	12.4	12.23	
352	2012-12-19	5.37	5.51	5.35	5.48	20181	5.39	002495	佳隆股份	SZ	5.38	5.29	
352	2012-12-19	12.24	12.66	12.23	12.45	21080	6.22	002496	辉丰股份	SZ	12.25	6.12	
352	2012-12-19	8.41	8.63	8.35	8.45	29761	8.33	002497	雅化集团	SZ	8.47	8.35	
352	2012-12-19	5.7	5.76	5.66	5.73	18394	3.75	002498	汉缆股份	SZ	5.7	3.73	
352	2012-12-19	14.07	14.34	14.02	14.19	11074	14.16	002499	科林环保	SZ	14.07	14.04	
352	2012-12-19	6.8	6.93	6.7	6.81	398251	6.77	002500	山西证券	SZ	6.89	6.85	
352	2012-12-19	9.62	9.71	9.57	9.64	31522	5.27	002501	利源铝业	SZ	9.68	5.3	
352	2012-12-19	8.56	8.75	8.51	8.57	15235	8.51	002502	骅威股份	SZ	8.51	8.45	
352	2012-12-19	13.74	14.39	13.53	14.33	4195	9.26	002503	搜于特	SZ	13.99	9.04	
352	2012-12-19	6.71	6.76	6.67	6.73	15624	5.16	002504	东光微电	SZ	6.76	5.19	
352	2012-12-19	7.06	7.08	6.85	7.07	65082	7.07	002505	大康牧业	SZ	7.08	7.08	
352	2012-12-19	5.12	5.27	5.09	5.11	362183	5.11	002506	超日太阳	SZ	5.22	5.22	
352	2012-12-19	21.5	21.6	21.2	21.45	3927	21.17	002507	涪陵榨菜	SZ	21.5	21.22	
352	2012-12-19	18.18	18.54	18.18	18.26	6595	18.1	002508	老板电器	SZ	18.3	18.14	
352	2012-12-19	6.19	6.24	6.12	6.18	37297	3.06	002509	天广消防	SZ	6.19	3.07	
352	2012-12-19	17.48	17.9	17.48	17.8	4287	8.68	002510	天汽模	SZ	17.56	8.56	
352	2012-12-19	13.01	13.13	12.93	13.1	4125	8.64	002511	中顺洁柔	SZ	12.99	8.56	
352	2012-12-19	9.01	9.55	9.01	9.3	50652	9.3	002512	达华智能	SZ	9.25	9.25	
352	2012-12-19	9.66	9.99	9.62	9.9	27237	9.81	002513	蓝丰生化	SZ	9.71	9.62	
352	2012-12-19	25.5	25.98	25.02	25.8	20812	12.8	002514	宝馨科技	SZ	25.3	12.55	
352	2012-12-19	11.54	12.52	11.47	12.12	15642	12.04	002515	金字火腿	SZ	11.58	11.5	
352	2012-12-19	7.6	7.77	7.59	7.74	24098	7.63	002516	江苏旷达	SZ	7.62	7.51	
352	2012-12-19	7.48	7.6	7.42	7.56	12917	7.56	002517	泰亚股份	SZ	7.48	7.48	
352	2012-12-19	9.23	9.4	9.23	9.27	6391	6.52	002518	科士达	SZ	9.3	6.54	
352	2012-12-19	8.11	8.22	8.09	8.19	8813	5.22	002519	银河电子	SZ	8.11	5.17	
352	2012-12-19	7.94	8.07	7.9	8	10993	4.93	002520	日发数码	SZ	8	4.93	
352	2012-12-19	6.55	6.55	6.45	6.53	27267	3.15	002521	齐峰股份	SZ	6.51	3.13	
352	2012-12-19	15.04	15.17	14.85	15.01	5998	14.36	002522	浙江众成	SZ	15.14	14.49	
352	2012-12-19	4.05	4.13	4.01	4.09	99949	3.12	002523	天桥起重	SZ	4.06	3.09	
352	2012-12-19	4.02	4.05	3.93	3.99	158802	2.34	002524	光正钢构	SZ	4.06	2.38	
352	2012-12-19	5.7	5.75	5.63	5.67	210343	5.64	002526	山东矿机	SZ	5.78	5.75	
352	2012-12-19	6.59	6.75	6.58	6.74	17826	3.9	002527	新时达	SZ	6.57	3.8	
352	2012-12-19	7.62	7.84	7.57	7.75	23729	7.61	002528	英飞拓	SZ	7.62	7.48	
352	2012-12-19	7.5	7.54	7.44	7.48	7596	7.46	002529	海源机械	SZ	7.52	7.5	
352	2012-12-19	5.46	5.55	5.46	5.5	5775	5.41	002530	丰东股份	SZ	5.48	5.39	
352	2012-12-19	7.09	7.28	7.01	7.01	24042	3.42	002531	天顺风能	SZ	6.95	3.38	
352	2012-12-19	16.54	16.66	16.2	16.43	24114	16.35	002532	新界泵业	SZ	16.49	16.41	
352	2012-12-19	6.07	6.07	5.99	6.04	59610	5.84	002533	金杯电工	SZ	6.11	5.91	
352	2012-12-19	12.86	13.03	12.63	12.72	31258	12.31	002534	杭锅股份	SZ	12.43	12.03	
352	2012-12-19	6.63	6.69	6.57	6.6	30107	6.51	002535	林州重机	SZ	6.68	6.59	
352	2012-12-19	13.28	13.37	13.1	13.3	6964	13.15	002536	西泵股份	SZ	13.31	13.16	
352	2012-12-19	10.79	10.95	10.79	10.94	2225	10.85	002537	海立美达	SZ	10.84	10.75	
352	2012-12-19	10.88	11.04	10.82	10.83	8619	10.64	002538	司尔特	SZ	10.91	10.71	
352	2012-12-19	8.82	8.9	8.75	8.81	7589	8.43	002539	新都化工	SZ	8.83	8.45	
352	2012-12-19	5.82	5.88	5.76	5.83	18218	2.8	002540	亚太科技	SZ	5.86	2.81	
352	2012-12-19	11.66	11.9	11.43	11.73	22729	11.69	002541	鸿路钢构	SZ	11.75	11.71	
352	2012-12-19	24.18	24.82	24.02	24.34	34037	12.04	002542	中化岩土	SZ	24.28	12.01	
352	2012-12-19	8.1	8.18	8.1	8.16	3187	3.98	002543	万和电气	SZ	8.12	3.96	
352	2012-12-19	4.86	4.98	4.86	4.97	53756	2.43	002544	杰赛科技	SZ	4.89	2.4	
352	2012-12-19	11.73	11.73	11.58	11.64	6950	11.5	002545	东方铁塔	SZ	11.7	11.56	
352	2012-12-19	8.66	8.72	8.57	8.66	29192	8.66	002547	春兴精工	SZ	8.64	8.64	
352	2012-12-19	11.46	11.46	11.08	11.31	29726	11.01	002548	金新农	SZ	11.47	11.17	
352	2012-12-19	8.49	8.79	8.24	8.79	73825	5.79	002549	凯美特气	SZ	8.5	5.61	
352	2012-12-19	9.44	9.59	9.4	9.47	11877	4.5	002550	千红制药	SZ	9.44	4.48	
352	2012-12-19	12	12.19	11.87	12.01	11208	7.94	002551	尚荣医疗	SZ	11.97	7.91	
352	2012-12-19	10.23	10.7	10.17	10.18	18419	10.09	002552	宝鼎重工	SZ	9.95	9.87	
352	2012-12-19	6.3	6.39	6.28	6.32	5478	3.03	002553	南方轴承	SZ	6.28	3	
352	2012-12-19	6.22	6.59	6.19	6.53	197173	4.34	002554	惠博普	SZ	6.2	4.12	
352	2012-12-19	10.49	10.6	10.45	10.54	7569	10.23	002555	顺荣股份	SZ	10.5	10.19	
352	2012-12-19	7.04	7.44	6.96	7.22	635989	7.1	002556	辉隆股份	SZ	7.12	7	
352	2012-12-19	17.08	17.98	16.86	17.32	10109	16.78	002557	洽洽食品	SZ	17.06	16.53	
352	2012-12-19	21.31	21.49	21.27	21.38	1670	21.31	002558	世纪游轮	SZ	21.31	21.24	
352	2012-12-19	9.2	9.24	9.09	9.2	6472	9.03	002559	亚威股份	SZ	9.32	9.15	
352	2012-12-19	12.77	12.9	12.76	12.84	4614	12.66	002560	通达股份	SZ	12.81	12.63	
352	2012-12-19	7.96	8.02	7.91	7.98	10862	7.44	002561	徐家汇	SZ	7.98	7.44	
352	2012-12-19	7.5	7.64	7.46	7.52	9489	7.47	002565	上海绿新	SZ	7.52	7.47	
352	2012-12-19	15	15.15	14.93	15.02	4700	15.02	002566	益盛药业	SZ	15.01	15.01	
352	2012-12-19	9.97	10.18	9.96	10.04	7181	9.99	300001	特锐德	SZ	9.96	9.91	
352	2012-12-19	4.34	4.42	4.32	4.39	79930	1.28	300002	神州泰岳	SZ	4.36	1.27	
352	2012-12-19	8.94	9.09	8.91	8.96	28302	8.83	300003	乐普医疗	SZ	8.97	8.84	
352	2012-12-19	15.5	16.56	15.46	16.3	22166	16.24	300004	南风股份	SZ	15.36	15.3	
352	2012-12-19	11.75	12.12	11.62	11.79	17152	9.74	300005	探路者	SZ	11.83	9.78	
352	2012-12-19	11.06	11.24	11.02	11.16	9337	11.12	300007	汉威电子	SZ	11.07	11.03	
352	2012-12-19	6.05	6.15	6.04	6.12	11829	6.03	300008	上海佳豪	SZ	6.08	5.99	
352	2012-12-19	9.09	9.46	9.09	9.13	20038	7.24	300009	安科生物	SZ	9.17	7.27	
352	2012-12-19	5.73	5.81	5.7	5.78	29252	5.72	300010	立思辰	SZ	5.81	5.75	
352	2012-12-19	7.2	7.77	7.14	7.44	167948	2.74	300011	鼎汉技术	SZ	7.23	2.66	
352	2012-12-19	8.9	9	8.89	8.9	5726	4.38	300012	华测检测	SZ	8.9	4.38	
352	2012-12-19	8.9	9.08	8.82	8.99	40539	8.98	300013	新宁物流	SZ	9.11	9.1	
352	2012-12-19	9.95	10.23	9.94	10.13	35732	5	300014	亿纬锂能	SZ	9.97	4.92	
352	2012-12-19	15.98	16.2	15.9	16.08	6511	16.02	300015	爱尔眼科	SZ	15.98	15.92	
352	2012-12-19	6.2	6.43	6.1	6.4	22444	3.13	300016	北陆药业	SZ	6.25	3.06	
352	2012-12-19	15.65	15.95	15.51	15.73	6102	15.65	300017	网宿科技	SZ	15.63	15.55	
352	2012-12-19	5.05	5.12	5.05	5.09	7783	3.31	300018	中元华电	SZ	5.05	3.29	
352	2012-12-19	6.51	6.58	6.5	6.54	4376	4	300019	硅宝科技	SZ	6.53	4	
352	2012-12-19	11.53	12.07	11.42	11.95	45872	11.92	300020	银江股份	SZ	11.57	11.54	
352	2012-12-19	9.19	9.29	8.95	9.09	83037	9.09	300021	大禹节水	SZ	9.22	9.22	
352	2012-12-19	8.03	8.11	7.87	7.98	131613	7.98	300022	吉峰农机	SZ	8.11	8.11	
352	2012-12-19	8.12	8.5	8.12	8.39	9256	8.39	300023	宝德股份	SZ	8.2	8.2	
352	2012-12-19	24.74	25.4	24.74	25.2	21913	25.14	300024	机器人	SZ	24.9	24.85	
352	2012-12-19	5.57	5.75	5.56	5.64	19694	5.63	300025	华星创业	SZ	5.58	5.57	
352	2012-12-19	19.67	20.05	19.67	20.02	14553	13.31	300026	红日药业	SZ	19.76	13.14	
352	2012-12-19	6.38	6.55	6.38	6.43	123988	3.16	300027	华谊兄弟	SZ	6.39	3.14	
352	2012-12-19	4.98	5.05	4.96	5	21151	4.97	300028	金亚科技	SZ	4.98	4.95	
352	2012-12-19	6.12	6.25	6.01	6.08	31697	6.08	300029	天龙光电	SZ	6.13	6.13	
352	2012-12-19	16.9	17.7	16.9	17.06	22696	8.47	300030	阳普医疗	SZ	17.2	8.54	
352	2012-12-19	8.15	8.26	8.15	8.2	11709	7.97	300031	宝通带业	SZ	8.12	7.89	
352	2012-12-19	8.94	9.03	8.86	9.02	6018	4.49	300032	金龙机电	SZ	8.95	4.45	
352	2012-12-19	13.18	13.3	12.95	13.14	12980	13.1	300033	同花顺	SZ	13.18	13.14	
352	2012-12-19	14.13	14.31	14.1	14.18	7586	14.06	300034	钢研高纳	SZ	14.16	14.04	
352	2012-12-19	6.33	6.33	5.85	5.94	9247	3.96	300035	中科电气	SZ	5.86	3.91	
352	2012-12-19	9.32	9.46	9.32	9.39	7219	9.39	300036	超图软件	SZ	9.39	9.39	
352	2012-12-19	14.66	14.8	14.48	14.65	4558	14.53	300037	新宙邦	SZ	14.77	14.65	
352	2012-12-19	7.01	7.05	6.96	7.01	7188	6.98	300038	梅泰诺	SZ	7	6.97	
352	2012-12-19	8.87	8.87	8.71	8.78	34173	3.47	300039	上海凯宝	SZ	8.87	3.51	
352	2012-12-19	7.01	7.18	7	7.03	43230	3.43	300040	九洲电气	SZ	7.01	3.42	
352	2012-12-19	7.47	7.53	7.4	7.5	14292	4.59	300041	回天胶业	SZ	7.47	4.57	
352	2012-12-19	8.07	8.22	8.03	8.15	20943	8.09	300042	朗科科技	SZ	8.1	8.04	
352	2012-12-19	10.13	10.27	10.13	10.24	4213	3.35	300043	星辉车模	SZ	10.23	3.35	
352	2012-12-19	5.36	5.45	5.32	5.38	13790	2.42	300044	赛为智能	SZ	5.32	2.39	
352	2012-12-19	12	12.56	11.9	12.45	14369	12.43	300045	华力创通	SZ	12.16	12.14	
352	2012-12-19	8.5	8.61	8.5	8.58	4496	7.98	300046	台基股份	SZ	8.53	7.93	
352	2012-12-19	5.41	5.43	5.37	5.41	13447	2.64	300047	天源迪科	SZ	5.41	2.63	
352	2012-12-19	7.12	7.24	7.1	7.17	15941	7.07	300048	合康变频	SZ	7.12	7.02	
352	2012-12-19	10.92	11.03	10.8	11	5229	11	300049	福瑞股份	SZ	10.95	10.95	
352	2012-12-19	8.38	8.48	8.23	8.37	10194	8.36	300050	世纪鼎利	SZ	8.38	8.37	
352	2012-12-19	3.41	3.52	3.41	3.46	58175	1.73	300051	三五互联	SZ	3.44	1.72	
352	2012-12-19	5.05	5.11	4.95	5	35600	2.48	300052	中青宝	SZ	4.95	2.46	
352	2012-12-19	6.01	6.12	5.98	6.08	7660	6.07	300053	欧比特	SZ	6.04	6.03	
352	2012-12-19	8.17	8.33	8.13	8.32	11402	2.7	300054	鼎龙股份	SZ	8.32	2.7	
352	2012-12-19	16.7	17	16.61	16.85	20384	16.79	300055	万邦达	SZ	16.68	16.62	
352	2012-12-19	8.92	9.35	8.85	9.05	36768	9.03	300056	三维丝	SZ	8.96	8.94	
352	2012-12-19	7.8	7.9	7.79	7.88	9659	7.85	300057	万顺股份	SZ	7.81	7.78	
352	2012-12-19	18.47	18.98	18.47	18.89	8279	18.85	300058	蓝色光标	SZ	18.7	18.66	
352	2012-12-19	4.32	4.43	4.3	4.39	56562	2.18	300059	东方财富	SZ	4.33	2.15	
352	2012-12-19	7.44	7.55	7.44	7.5	1895	7.5	300061	康耐特	SZ	7.5	7.5	
352	2012-12-19	7.68	7.75	7.45	7.67	5334	7.58	300062	中能电气	SZ	7.68	7.59	
352	2012-12-19	8.38	8.49	8.34	8.45	3972	8.36	300063	天龙集团	SZ	8.42	8.33	
352	2012-12-19	5.08	5.16	5.06	5.14	51877	5.11	300064	豫金刚石	SZ	5.11	5.08	
352	2012-12-19	8.7	8.91	8.66	8.81	23025	8.81	300065	海兰信	SZ	8.7	8.7	
352	2012-12-19	8.88	8.99	8.79	8.88	14880	8.79	300066	三川股份	SZ	8.89	8.8	
352	2012-12-19	6.57	6.75	6.56	6.68	9765	6.62	300067	安诺其	SZ	6.64	6.58	
352	2012-12-19	5.59	5.74	5.58	5.7	52161	2.82	300068	南都电源	SZ	5.59	2.76	
352	2012-12-19	7.86	7.86	7.66	7.67	8450	5.01	300069	金利华电	SZ	7.91	5.17	
352	2012-12-19	21.06	21.96	21.06	21.72	34401	13.57	300070	碧水源	SZ	21.05	13.15	
352	2012-12-19	13.58	14.12	13.58	13.7	15856	6.81	300071	华谊嘉信	SZ	13.54	6.73	
352	2012-12-19	8.02	8.12	7.98	8.05	9905	6.18	300072	三聚环保	SZ	8.07	6.19	
352	2012-12-19	8	8.18	7.93	8.02	11673	7.98	300073	当升科技	SZ	7.98	7.94	
352	2012-12-19	6.49	6.61	6.42	6.47	12094	1.94	300074	华平股份	SZ	6.49	1.94	
352	2012-12-19	17.54	17.9	17.53	17.65	3230	11.69	300075	数字政通	SZ	17.53	11.62	
352	2012-12-19	11.33	11.36	11.16	11.3	6720	11.3	300076	宁波GQY	SZ	11.26	11.26	
352	2012-12-19	13.9	14.08	13.8	13.81	30123	13.74	300077	国民技术	SZ	13.96	13.89	
352	2012-12-19	10.39	10.63	10.39	10.5	4048	10.19	300078	中瑞思创	SZ	10.41	10.1	
352	2012-12-19	14.96	15.2	14.94	15.15	17205	15.01	300079	数码视讯	SZ	14.96	14.82	
352	2012-12-19	6.7	6.89	6.66	6.76	18142	3.34	300081	恒信移动	SZ	6.71	3.31	
352	2012-12-19	8.68	8.81	8.65	8.75	39022	6.62	300082	奥克股份	SZ	8.68	6.57	
352	2012-12-19	11.41	11.54	11.08	11.54	1490	11.48	300083	劲胜股份	SZ	11.5	11.44	
352	2012-12-19	10.55	11.76	10.48	11.76	61226	11.76	300084	海默科技	SZ	10.69	10.69	
352	2012-12-19	14.2	14.44	14.16	14.32	5854	7.09	300085	银之杰	SZ	14.2	7.03	
352	2012-12-19	10.99	11.15	10.92	11.04	16964	10.9	300086	康芝药业	SZ	10.98	10.84	
352	2012-12-19	12.24	12.37	12.1	12.28	18675	12.28	300087	荃银高科	SZ	12.36	12.36	
352	2012-12-19	8.66	8.99	8.66	8.83	61993	5.84	300088	长信科技	SZ	8.67	5.73	
352	2012-12-19	7.29	7.29	7.09	7.17	32134	7.17	300089	长城集团	SZ	7.25	7.25	
352	2012-12-19	17.4	17.54	17.29	17.48	7176	17.48	300090	盛运股份	SZ	17.4	17.4	
352	2012-12-19	7.23	7.38	7.21	7.23	23254	7.23	300091	金通灵	SZ	7.28	7.28	
352	2012-12-19	9.51	9.99	9.3	9.61	22320	9.51	300092	科新机电	SZ	9.78	9.68	
352	2012-12-19	6.19	6.24	6.13	6.17	11692	6.15	300093	金刚玻璃	SZ	6.19	6.17	
352	2012-12-19	5.04	5.54	5	5.31	197836	5.31	300094	国联水产	SZ	5.04	5.04	
352	2012-12-19	9.15	9.32	9.15	9.25	5160	7.05	300095	华伍股份	SZ	9.22	7.03	
352	2012-12-19	9.08	9.34	9.08	9.23	44041	9.17	300096	易联众	SZ	9.12	9.06	
352	2012-12-19	5.59	5.68	5.59	5.64	2970	2.82	300097	智云股份	SZ	5.59	2.79	
352	2012-12-19	6.52	6.58	6.42	6.48	14424	6.48	300098	高新兴	SZ	6.49	6.49	
352	2012-12-19	8.05	8.15	7.95	8.09	12794	3.87	300099	尤洛卡	SZ	8.1	3.88	
352	2012-12-19	5.45	5.46	5.38	5.45	25400	2.57	300100	双林股份	SZ	5.47	2.58	
352	2012-12-19	11.39	11.56	11.29	11.48	14273	11.45	300101	国腾电子	SZ	11.39	11.36	
352	2012-12-19	7.91	8.09	7.9	8.01	29735	7.87	300102	乾照光电	SZ	7.95	7.81	
352	2012-12-19	10.93	11.26	10.36	10.6	172618	10.55	300103	达刚路机	SZ	10.94	10.89	
352	2012-12-19	8.77	9.15	8.77	8.95	99078	4.7	300104	乐视网	SZ	8.72	4.58	
352	2012-12-19	18.82	19.46	18.82	19.08	11195	19.02	300105	龙源技术	SZ	19.04	18.98	
352	2012-12-19	10.94	10.96	10.72	10.88	17643	10.86	300106	西部牧业	SZ	11	10.98	
352	2012-12-19	15.7	16.14	15.6	16.04	6872	8	300107	建新股份	SZ	15.94	7.95	
352	2012-12-19	6.78	6.8	6.67	6.76	9673	6.63	300108	双龙股份	SZ	6.78	6.65	
352	2012-12-19	6.94	7.03	6.83	6.98	4010	6.94	300109	新开源	SZ	6.93	6.89	
352	2012-12-19	6.44	6.44	6.24	6.36	18407	3.18	300110	华仁药业	SZ	6.44	3.22	
352	2012-12-19	2.94	2.94	2.82	2.9	360662	1.32	300111	向日葵	SZ	2.94	1.33	
352	2012-12-19	8.34	8.52	8.18	8.38	37702	8.34	300112	万讯自控	SZ	8.26	8.22	
352	2012-12-19	23.2	23.57	23.12	23.31	986	23.18	300113	顺网科技	SZ	23.08	22.95	
352	2012-12-19	9.04	9.1	9.02	9.08	2175	6.95	300114	中航电测	SZ	9.04	6.92	
352	2012-12-19	22.21	22.83	22.15	22.49	30503	22.43	300115	长盈精密	SZ	22.48	22.42	
352	2012-12-19	4.13	4.18	4.12	4.16	10653	2.08	300116	坚瑞消防	SZ	4.15	2.08	
352	2012-12-19	7.3	7.4	7.25	7.3	34258	7.26	300117	嘉寓股份	SZ	7.4	7.36	
352	2012-12-19	4.49	4.55	4.45	4.49	84196	4.49	300118	东方日升	SZ	4.55	4.55	
352	2012-12-19	34.75	35.07	34.69	35.07	2558	17.26	300119	瑞普生物	SZ	34.89	17.17	
352	2012-12-19	5.74	5.83	5.74	5.81	4109	5.74	300120	经纬电材	SZ	5.8	5.73	
352	2012-12-19	7.52	7.54	7.44	7.5	3486	5.77	300121	阳谷华泰	SZ	7.51	5.78	
352	2012-12-19	32.19	32.9	32.01	32.69	1212	32.48	300122	智飞生物	SZ	32.19	31.98	
352	2012-12-19	12.43	12.62	12.35	12.56	11379	12.49	300123	太阳鸟	SZ	12.48	12.41	
352	2012-12-19	22.97	23.5	22.59	23.25	16274	22.88	300124	汇川技术	SZ	22.94	22.57	
352	2012-12-19	10.25	10.36	10.24	10.34	8679	10.32	300125	易世达	SZ	10.23	10.21	
352	2012-12-19	7.8	7.88	7.72	7.81	4252	7.73	300126	锐奇股份	SZ	7.8	7.72	
352	2012-12-19	36.76	40.86	36.52	40.86	105425	19.75	300127	银河磁体	SZ	37.14	17.96	
352	2012-12-19	8.12	8.22	8.03	8.2	6393	4.01	300128	锦富新材	SZ	8.12	3.97	
352	2012-12-19	5.25	5.49	5.11	5.14	100944	5.1	300129	泰胜风能	SZ	4.99	4.95	
352	2012-12-19	12.36	12.5	12.32	12.4	6405	12.35	300130	新国都	SZ	12.37	12.32	
352	2012-12-19	7.01	7.16	6.86	7.1	16541	3.51	300131	英唐智控	SZ	7.01	3.47	
352	2012-12-19	7.62	7.62	7.39	7.44	9101	4.57	300132	青松股份	SZ	7.38	4.54	
352	2012-12-19	10.8	11.13	10.8	11	16501	7.31	300133	华策影视	SZ	10.75	7.14	
352	2012-12-19	8.37	8.39	8.21	8.3	24412	8.3	300134	大富科技	SZ	8.4	8.4	
352	2012-12-19	5.78	5.8	5.58	5.7	179205	3.51	300135	宝利沥青	SZ	5.77	3.55	
352	2012-12-19	13.75	14.48	13.51	14.21	14946	14.21	300136	信维通信	SZ	13.7	13.7	
352	2012-12-19	9.77	9.99	9.68	9.78	36951	7.52	300137	先河环保	SZ	9.81	7.54	
352	2012-12-19	8.9	9.12	8.9	9.04	13882	8.95	300138	晨光生物	SZ	8.99	8.9	
352	2012-12-19	21.5	21.7	21.11	21.58	6902	21.47	300139	福星晓程	SZ	21.72	21.6	
352	2012-12-19	9.97	10.15	9.82	9.9	4974	9.9	300140	启源装备	SZ	9.96	9.96	
352	2012-12-19	5.75	5.83	5.75	5.78	10582	3.78	300141	和顺电气	SZ	5.76	3.77	
352	2012-12-19	34.64	35.98	34.51	35.5	11147	35.28	300142	沃森生物	SZ	34.86	34.65	
352	2012-12-19	11.58	11.77	11.45	11.62	19802	11.47	300144	宋城股份	SZ	11.57	11.42	
352	2012-12-19	18.84	19.29	18.61	18.95	14043	18.85	300145	南方泵业	SZ	18.82	18.72	
352	2012-12-19	17.5	17.83	17.5	17.77	17509	5.62	300146	汤臣倍健	SZ	17.63	5.58	
352	2012-12-19	7.97	8.12	7.9	8.02	47713	6.11	300147	香雪制药	SZ	7.98	6.07	
352	2012-12-19	8.91	9.46	8.89	9.03	131098	4.96	300148	天舟文化	SZ	8.81	4.84	
352	2012-12-19	6.7	7.02	6.7	6.83	18602	6.79	300149	量子高科	SZ	6.69	6.65	
352	2012-12-19	6.57	6.7	6.57	6.64	11965	3.14	300150	世纪瑞尔	SZ	6.62	3.14	
352	2012-12-19	8.8	8.92	8.74	8.87	6563	8.71	300151	昌红科技	SZ	8.8	8.64	
352	2012-12-19	9.5	10.28	9.33	9.7	463750	9.67	300152	燃控科技	SZ	9.38	9.35	
352	2012-12-19	6.9	7.04	6.88	6.94	5302	6.86	300153	科泰电源	SZ	6.94	6.86	
352	2012-12-19	7.1	7.17	7.05	7.16	5015	7.01	300154	瑞凌股份	SZ	7.09	6.94	
352	2012-12-19	10.08	10.62	10.05	10.36	41329	10.24	300155	安居宝	SZ	10.14	10.02	
352	2012-12-19	11.15	11.33	11.01	11.17	63627	11.02	300156	天立环保	SZ	11.13	10.98	
352	2012-12-19	8.2	9.02	8.13	8.8	120653	4.39	300157	恒泰艾普	SZ	8.2	4.09	
352	2012-12-19	8.7	8.76	8.6	8.68	6236	8.66	300158	振东制药	SZ	8.74	8.72	
352	2012-12-19	30.76	30.76	29.4	30.28	49320	14.7	300159	新研股份	SZ	30.96	15.03	
352	2012-12-19	7.23	7.39	7.18	7.29	8030	7.25	300160	秀强股份	SZ	7.23	7.19	
352	2012-12-19	12.72	13.7	12.66	13.07	40288	13.06	300161	华中数控	SZ	13.06	13.05	
352	2012-12-19	10.32	10.73	10.13	10.48	19109	10.26	300162	雷曼光电	SZ	10.28	10.07	
352	2012-12-19	11.63	11.75	11.63	11.69	3089	11.6	300163	先锋新材	SZ	11.69	11.6	
352	2012-12-19	9.83	10.31	9.8	10.01	15311	6.57	300164	通源石油	SZ	9.9	6.5	
352	2012-12-19	11.47	11.53	11.24	11.36	26557	11.23	300165	天瑞仪器	SZ	11.58	11.45	
352	2012-12-19	10.97	11.11	10.85	11.02	11061	10.99	300166	东方国信	SZ	11.01	10.98	
352	2012-12-19	4.68	4.84	4.68	4.82	18725	2.38	300167	迪威视讯	SZ	4.77	2.35	
352	2012-12-19	13.67	13.93	13.67	13.85	8221	13.8	300168	万达信息	SZ	13.79	13.74	
352	2012-12-19	6.39	6.57	6.33	6.42	40398	6.42	300169	天晟新材	SZ	6.44	6.44	
352	2012-12-19	10.43	10.43	10.29	10.39	7210	6.85	300170	汉得信息	SZ	10.39	6.84	
352	2012-12-19	26.51	27.06	26.32	26.85	6970	26.43	300171	东富龙	SZ	26.6	26.19	
352	2012-12-19	11.58	11.91	11.58	11.82	13540	8.96	300172	中电环保	SZ	11.74	8.9	
352	2012-12-19	6.9	6.96	6.9	6.93	3389	6.85	300173	松德股份	SZ	6.91	6.83	
352	2012-12-19	7.68	7.85	7.68	7.77	17640	7.65	300174	元力股份	SZ	7.81	7.69	
352	2012-12-19	4.32	4.46	4.26	4.36	55372	4.35	300175	朗源股份	SZ	4.27	4.26	
352	2012-12-19	8.83	8.96	8.82	8.94	4633	7.38	300176	鸿特精密	SZ	8.91	7.35	
352	2012-12-19	11.21	11.4	11.14	11.32	24589	11.32	300177	中海达	SZ	11.2	11.2	
352	2012-12-19	12.69	12.76	12.55	12.7	8111	12.63	300178	腾邦国际	SZ	12.75	12.68	
352	2012-12-19	6.68	6.98	6.68	6.87	30181	3.75	300179	四方达	SZ	6.73	3.67	
352	2012-12-19	9.93	10.03	9.92	9.97	2875	9.89	300180	华峰超纤	SZ	9.97	9.89	
352	2012-12-19	5.45	5.48	5.38	5.42	37745	2.35	300181	佐力药业	SZ	5.48	2.37	
352	2012-12-19	16.15	16.23	16.02	16.12	6239	12.24	300182	捷成股份	SZ	16.15	12.27	
352	2012-12-19	10.17	10.2	10.07	10.17	5529	6.56	300184	力源信息	SZ	10.14	6.54	
352	2012-12-19	4.3	4.32	4.21	4.26	79794	4.17	300185	通裕重工	SZ	4.27	4.18	
352	2012-12-19	6.43	6.48	6.41	6.45	10121	3.06	300186	大华农	SZ	6.47	3.07	
352	2012-12-19	15.87	16.61	15.81	16.52	25438	11.01	300187	永清环保	SZ	16.04	10.69	
