525	2012-04-20	10.19	10.38	10.16	10.36	412919	6.33	1	深发展Ａ	SZ	10.23	6.24	
525	2012-04-20	2.96	2.99	2.94	2.96	57885	0.74	10	S ST华新	SZ	2.96	0.74	
525	2012-04-20	2.18	2.2	2.16	2.19	874009	2.08	100	TCL 集团	SZ	2.17	2.06	
525	2012-04-20	8.26	8.26	8.26	8.26	0	8.26	11	深物业A	SZ	8.26	8.26	
525	2012-04-20	9.73	9.85	9.61	9.8	210954	9.18	12	南 玻Ａ	SZ	9.82	9.2	
525	2012-04-20	8.05	9	8.03	8.37	345683	8.33	14	沙河股份	SZ	8.21	8.17	
525	2012-04-20	4	4.16	3.97	4.12	39116	4.12	150	宜华地产	SZ	4.03	4.03	
525	2012-04-20	8.14	8.34	8.09	8.27	53905	8.21	151	中成股份	SZ	8.23	8.17	
525	2012-04-20	7.5	7.99	7.38	7.74	222224	7.66	153	丰原药业	SZ	7.52	7.44	
525	2012-04-20	4.9	4.96	4.8	4.9	56787	4.9	155	川化股份	SZ	4.98	4.98	
525	2012-04-20	9.92	10.01	9.79	9.86	459647	9.3	157	中联重科	SZ	9.92	9.36	
525	2012-04-20	4.27	4.46	4.23	4.4	98961	4.4	158	常山股份	SZ	4.28	4.28	
525	2012-04-20	9.7	9.7	9.7	9.7	0	9.46	159	国际实业	SZ	9.7	9.46	
525	2012-04-20	3.45	3.57	3.45	3.54	80479	3.52	16	深康佳Ａ	SZ	3.49	3.47	
525	2012-04-20	7.25	7.34	6.99	7.05	181874	6.81	1696	宗申动力	SZ	7.29	7.04	
525	2012-04-20	3.21	3.32	3.21	3.32	25895	3.32	17	*ST中华A	SZ	3.28	3.28	
525	2012-04-20	6.99	7.22	6.8	6.92	8162	6.92	18	ST中冠A	SZ	7	7	
525	2012-04-20	5.4	5.46	5.32	5.45	40895	5.45	1896	*ST豫能	SZ	5.42	5.42	
525	2012-04-20	10.69	10.89	10.31	10.54	38647	10.28	19	深深宝Ａ	SZ	10.78	10.51	
525	2012-04-20	8.56	8.66	8.49	8.64	484454	8.02	2	万 科Ａ	SZ	8.59	7.97	
525	2012-04-20	7.44	7.76	7.4	7.52	86659	7.52	20	深华发Ａ	SZ	7.51	7.51	
525	2012-04-20	20.4	20.54	20.26	20.49	24909	19.48	2001	新 和 成	SZ	20.38	19.38	
525	2012-04-20	8.61	8.82	8.59	8.69	74511	8.69	2002	ST琼花	SZ	8.62	8.62	
525	2012-04-20	15.56	15.9	15.52	15.79	29875	10.31	2003	伟星股份	SZ	15.53	10.14	
525	2012-04-20	13	13	12.82	12.96	11751	4.1	2004	华邦制药	SZ	12.99	4.11	
525	2012-04-20	8.49	8.56	8.44	8.53	88239	4.22	2005	德豪润达	SZ	8.48	4.19	
525	2012-04-20	14.65	14.8	14.64	14.75	51271	9.77	2006	精功科技	SZ	14.65	9.71	
525	2012-04-20	24.65	24.65	24.29	24.4	44993	24.21	2007	华兰生物	SZ	24.64	24.45	
525	2012-04-20	7.7	7.82	7.66	7.8	248244	7.5	2008	大族激光	SZ	7.72	7.42	
525	2012-04-20	8.23	9.13	8.23	9.13	131567	9.1	2009	天奇股份	SZ	8.3	8.27	
525	2012-04-20	7.81	7.91	7.71	7.81	51488	7.67	2010	传化股份	SZ	7.84	7.7	
525	2012-04-20	10.28	10.33	10.18	10.2	44906	10.03	2011	盾安环境	SZ	10.28	10.11	
525	2012-04-20	6.01	6.05	5.9	5.99	96538	2.89	2012	凯恩股份	SZ	6.05	2.92	
525	2012-04-20	12.8	13.12	12.75	12.9	33111	12.86	2013	中航精机	SZ	12.8	12.76	
525	2012-04-20	10.25	10.51	10.17	10.2	47803	6.41	2014	永新股份	SZ	10.19	6.4	
525	2012-04-20	8.57	8.72	8.51	8.64	34152	8.64	2015	霞客环保	SZ	8.64	8.64	
525	2012-04-20	5.36	5.41	5.25	5.29	46528	3.72	2016	世荣兆业	SZ	5.37	3.77	
525	2012-04-20	12.7	12.87	12.58	12.76	29807	12.71	2017	东信和平	SZ	12.78	12.73	
525	2012-04-20	4.02	4.07	4.01	4.04	31451	2.74	2018	华星化工	SZ	4.04	2.74	
525	2012-04-20	10.2	10.39	10.1	10.33	59558	10.33	2019	鑫富药业	SZ	10.24	10.24	
525	2012-04-20	7.1	7.1	6.82	6.92	59186	3.33	2020	京新药业	SZ	7.1	3.42	
525	2012-04-20	3.92	4.12	3.9	4.08	249419	3.11	2021	中捷股份	SZ	3.95	3.01	
525	2012-04-20	11.08	11.14	10.92	11.14	69621	10.45	2022	科华生物	SZ	11.09	10.4	
525	2012-04-20	11.21	11.42	11.08	11.26	77661	11.02	2023	海特高新	SZ	11.36	11.12	
525	2012-04-20	10.85	10.96	10.58	10.7	707423	10.47	2024	苏宁电器	SZ	10.85	10.61	
525	2012-04-20	14.27	14.5	14.21	14.41	68354	14.14	2025	航天电器	SZ	14.33	14.06	
525	2012-04-20	6.65	6.77	6.59	6.75	23818	5.09	2026	山东威达	SZ	6.68	5.03	
525	2012-04-20	4.85	4.92	4.76	4.9	62419	4.9	2027	七喜控股	SZ	4.9	4.9	
525	2012-04-20	13.58	13.79	13.57	13.72	13114	13.55	2028	思源电气	SZ	13.66	13.49	
525	2012-04-20	16.13	16.15	15.87	15.95	22377	6.95	2029	七 匹 狼	SZ	16.15	7.04	
525	2012-04-20	7.02	7.1	6.92	6.99	81805	5.28	2030	达安基因	SZ	6.98	5.27	
525	2012-04-20	7.37	7.37	7.2	7.34	16086	7.23	2031	巨轮股份	SZ	7.34	7.23	
525	2012-04-20	14.01	14.24	13.87	14.15	10564	12.33	2032	苏 泊 尔	SZ	14.01	12.22	
525	2012-04-20	17.42	17.52	17.19	17.46	18868	13.07	2033	丽江旅游	SZ	17.41	13.03	
525	2012-04-20	14.35	14.44	14.28	14.34	16346	13.72	2034	美 欣 达	SZ	14.36	13.74	
525	2012-04-20	9.73	9.84	9.69	9.84	40546	7.07	2035	华帝股份	SZ	9.73	6.99	
525	2012-04-20	14.5	14.79	14.44	14.79	23157	14.64	2036	宜科科技	SZ	14.49	14.35	
525	2012-04-20	14.06	14.09	13.82	13.9	21592	8.45	2037	久联发展	SZ	14.04	8.54	
525	2012-04-20	22.27	22.49	22.12	22.4	35144	18.47	2038	双鹭药业	SZ	22.32	18.4	
525	2012-04-20	15.5	15.73	15.45	15.53	7270	15.4	2039	黔源电力	SZ	15.53	15.4	
525	2012-04-20	6.27	6.42	6.25	6.38	20050	6.32	2040	南 京 港	SZ	6.27	6.21	
525	2012-04-20	23.33	23.57	23.29	23.4	35656	23.21	2041	登海种业	SZ	23.27	23.09	
525	2012-04-20	5.69	5.69	5.69	5.69	0	3.72	2042	华孚色纺	SZ	5.69	3.72	
525	2012-04-20	3.89	4.01	3.88	3.97	63501	1.94	2043	兔 宝 宝	SZ	3.88	1.89	
525	2012-04-20	9.97	10.03	9.8	9.98	12311	9.62	2044	江苏三友	SZ	9.95	9.59	
525	2012-04-20	5.67	5.72	5.6	5.7	88700	5.46	2045	广州国光	SZ	5.66	5.42	
525	2012-04-20	8.35	8.45	8.22	8.27	106616	4.06	2046	轴研科技	SZ	8.05	3.95	
525	2012-04-20	3.65	3.73	3.61	3.7	53697	3.7	2047	成霖股份	SZ	3.67	3.67	
525	2012-04-20	7.94	8.03	7.85	7.97	33776	7.85	2048	宁波华翔	SZ	7.94	7.82	
525	2012-04-20	19.77	20.21	19.47	20.01	11920	19.95	2049	晶源电子	SZ	19.6	19.54	
525	2012-04-20	12.13	12.18	12.01	12.09	15318	12	2050	三花股份	SZ	12.13	12.04	
525	2012-04-20	22.08	22.45	22	22.43	9913	16.89	2051	中工国际	SZ	22.08	16.63	
525	2012-04-20	5.3	5.34	5.21	5.24	53116	2.59	2052	同洲电子	SZ	5.28	2.61	
525	2012-04-20	10.51	11.23	10.51	11	28869	10.95	2053	云南盐化	SZ	10.52	10.47	
525	2012-04-20	8.46	8.56	8.43	8.54	13871	8.3	2054	德美化工	SZ	8.5	8.26	
525	2012-04-20	9.07	9.07	9.07	9.07	0	4.47	2055	得润电子	SZ	9.07	4.47	
525	2012-04-20	17.88	18	17.55	17.84	54507	17.82	2056	横店东磁	SZ	17.82	17.8	
525	2012-04-20	16.9	17.07	16.86	17.02	11007	17.02	2057	中钢天源	SZ	16.98	16.98	
525	2012-04-20	6.98	7.05	6.94	6.97	17303	5.98	2058	威 尔 泰	SZ	7	6.01	
525	2012-04-20	11.6	11.7	11.36	11.66	30986	11.55	2059	云南旅游	SZ	11.67	11.56	
525	2012-04-20	5.84	5.84	5.84	5.84	0	4.02	2060	粤 水 电	SZ	5.84	4.02	
525	2012-04-20	5.25	5.31	5.19	5.3	35740	3.49	2061	江山化工	SZ	5.27	3.47	
525	2012-04-20	6.02	6.02	6.02	6.02	0	3.27	2062	宏润建设	SZ	6.02	3.27	
525	2012-04-20	12.79	13.05	12.73	12.88	47694	9.65	2063	远光软件	SZ	12.92	9.69	
525	2012-04-20	5.87	5.99	5.84	5.91	49562	5.83	2064	华峰氨纶	SZ	5.92	5.84	
525	2012-04-20	15.87	16.19	15.86	16.14	10359	12.17	2065	东华软件	SZ	16.03	12.09	
525	2012-04-20	7.1	7.26	6.92	7.04	73468	3.42	2066	瑞泰科技	SZ	6.72	3.27	
525	2012-04-20	3.4	3.46	3.36	3.45	202370	1.73	2067	景兴纸业	SZ	3.4	1.7	
525	2012-04-20	7.15	7.45	7.15	7.43	134683	7.27	2068	黑猫股份	SZ	7.2	7.05	
525	2012-04-20	21.7	21.98	21.61	21.91	60798	21.05	2069	獐 子 岛	SZ	21.57	20.72	
525	2012-04-20	3.74	3.77	3.7	3.76	59081	2.21	2070	众和股份	SZ	3.73	2.2	
525	2012-04-20	7.87	8.03	7.87	7.97	17669	7.93	2071	江苏宏宝	SZ	7.96	7.92	
525	2012-04-20	6.5	6.61	6.44	6.55	12729	6.55	2072	*ST德棉	SZ	6.49	6.49	
525	2012-04-20	13.5	13.5	13.5	13.5	0	13.44	2073	软控股份	SZ	13.5	13.44	
525	2012-04-20	6.74	6.82	6.69	6.79	51167	6.67	2074	东源电器	SZ	6.77	6.65	
525	2012-04-20	7.68	7.95	7.58	7.9	34442	7.64	2076	雪 莱 特	SZ	7.74	7.48	
525	2012-04-20	7.05	7.37	7	7.3	52036	7.21	2077	大港股份	SZ	7.08	7	
525	2012-04-20	7.14	7.19	7.1	7.13	29911	6.87	2078	太阳纸业	SZ	7.16	6.9	
525	2012-04-20	6.63	6.89	6.57	6.78	81035	3.71	2079	苏州固锝	SZ	6.6	3.62	
525	2012-04-20	11.7	11.7	11.42	11.63	105388	11.35	2080	中材科技	SZ	11.6	11.32	
525	2012-04-20	19.32	19.32	18.22	18.84	41646	8.25	2081	金 螳 螂	SZ	19.32	8.46	
525	2012-04-20	9.15	9.22	9.12	9.19	32719	8.87	2082	栋梁新材	SZ	9.21	8.89	
525	2012-04-20	5.25	5.33	5.2	5.31	59430	5.24	2083	孚日股份	SZ	5.27	5.2	
525	2012-04-20	4.66	4.78	4.59	4.69	26035	3.75	2084	海鸥卫浴	SZ	4.67	3.73	
525	2012-04-20	9.31	10.38	9.31	9.89	112570	9.16	2085	万丰奥威	SZ	9.44	8.74	
525	2012-04-20	13.98	13.98	13.11	13.55	199064	13.34	2086	东方海洋	SZ	12.88	12.68	
525	2012-04-20	3.98	4.05	3.96	4.03	71288	3.99	2087	新野纺织	SZ	3.99	3.95	
525	2012-04-20	11.38	11.5	11.24	11.35	35582	11.11	2088	鲁阳股份	SZ	11.26	11.02	
525	2012-04-20	9.88	10.06	9.77	10.02	41480	8.16	2089	新 海 宜	SZ	9.93	8.1	
525	2012-04-20	8.71	8.91	8.7	8.83	13188	8.68	2090	金智科技	SZ	8.73	8.58	
525	2012-04-20	12.71	12.85	12.5	12.65	65538	12.39	2091	江苏国泰	SZ	12.91	12.65	
525	2012-04-20	9.21	9.33	9.18	9.28	96579	8.96	2092	中泰化学	SZ	9.25	8.93	
525	2012-04-20	6.62	6.78	6.54	6.7	158451	6.69	2093	国脉科技	SZ	6.64	6.63	
525	2012-04-20	9.49	9.49	9.49	9.49	0	9.49	2094	青岛金王	SZ	9.49	9.49	
525	2012-04-20	14.7	14.98	14.63	14.7	24187	14.53	2095	生 意 宝	SZ	14.86	14.69	
525	2012-04-20	14.35	14.35	14.35	14.35	0	7.09	2096	南岭民爆	SZ	14.35	7.09	
525	2012-04-20	8.9	9.25	8.81	9.13	58519	9.05	2097	山河智能	SZ	8.9	8.82	
525	2012-04-20	8.75	8.75	8.75	8.75	0	8.35	2098	浔兴股份	SZ	8.75	8.35	
525	2012-04-20	10.23	10.53	10.14	10.47	48759	5.1	2099	海翔药业	SZ	10.14	4.94	
525	2012-04-20	6.04	6.15	6	6.12	93692	6	21	长城开发	SZ	6.04	5.92	
525	2012-04-20	7.13	7.22	7.07	7.16	22089	5.41	2100	天康生物	SZ	7.18	5.43	
525	2012-04-20	11.36	11.6	11.25	11.4	18705	11.16	2101	广东鸿图	SZ	11.38	11.14	
525	2012-04-20	6.05	6.09	5.96	6.06	90892	6.06	2102	冠福家用	SZ	6.06	6.06	
525	2012-04-20	6.34	6.45	6.29	6.45	9434	6.3	2103	广博股份	SZ	6.39	6.24	
525	2012-04-20	9.1	9.33	9.04	9.28	77282	9.18	2104	恒宝股份	SZ	9.18	9.08	
525	2012-04-20	5.22	5.47	5.22	5.39	31128	5.18	2105	信隆实业	SZ	5.27	5.07	
525	2012-04-20	17.23	17.54	16.93	17.35	165436	17.09	2106	莱宝高科	SZ	17.26	17	
525	2012-04-20	10.14	10.2	9.99	10.11	8646	10.11	2107	沃华医药	SZ	10.14	10.14	
525	2012-04-20	8.71	8.87	8.65	8.78	38901	8.63	2108	沧州明珠	SZ	8.8	8.65	
525	2012-04-20	8.68	8.82	8.66	8.75	51527	8.45	2109	兴化股份	SZ	8.7	8.4	
525	2012-04-20	7.33	7.55	7.3	7.54	24709	7.53	2110	三钢闽光	SZ	7.35	7.34	
525	2012-04-20	10	10.5	9.94	10.4	183647	10.23	2111	威海广泰	SZ	10.2	10.03	
525	2012-04-20	4.56	4.56	4.56	4.56	0	2.52	2112	三变科技	SZ	4.56	2.52	
525	2012-04-20	7.68	7.87	7.68	7.84	5857	7.84	2113	ST天润	SZ	7.78	7.78	
525	2012-04-20	10.23	10.4	10.15	10.22	76090	10.22	2114	罗平锌电	SZ	10.3	10.3	
525	2012-04-20	7.22	7.26	7.17	7.24	49124	3.89	2115	三维通信	SZ	7.23	3.89	
525	2012-04-20	11.52	11.75	11.41	11.72	7756	6.24	2116	中国海诚	SZ	11.52	6.14	
525	2012-04-20	12.28	12.42	12.2	12.37	21779	7.27	2117	东港股份	SZ	12.29	7.22	
525	2012-04-20	10.9	11.2	10.86	10.97	142997	10.97	2118	紫鑫药业	SZ	10.93	10.93	
525	2012-04-20	8	8.11	7.99	8.06	27130	8.01	2119	康强电子	SZ	8	7.95	
525	2012-04-20	9.15	9.65	9.12	9.3	101866	9.15	2120	新海股份	SZ	9.18	9.03	
525	2012-04-20	10.22	10.22	10.22	10.22	0	10.15	2121	科陆电子	SZ	10.22	10.15	
525	2012-04-20	7.14	7.47	7.13	7.38	105125	7.16	2122	天马股份	SZ	7.19	6.97	
525	2012-04-20	15.25	15.29	14.91	15.05	181951	15.05	2123	荣信股份	SZ	15.32	15.32	
525	2012-04-20	7.16	7.25	7.12	7.25	17150	7.08	2124	天邦股份	SZ	7.18	7.01	
525	2012-04-20	9.65	9.69	9.49	9.51	12590	5.92	2125	湘潭电化	SZ	9.65	6.01	
525	2012-04-20	7.1	7.1	7.1	7.1	0	3.51	2126	银轮股份	SZ	7.1	3.51	
525	2012-04-20	5.51	5.68	5.45	5.66	69918	5.64	2127	新民科技	SZ	5.51	5.49	
525	2012-04-20	15.67	15.93	15.6	15.89	29683	15.15	2128	露天煤业	SZ	15.67	14.94	
525	2012-04-20	13.2	13.23	13.06	13.13	27356	13.12	2129	中环股份	SZ	13.25	13.24	
525	2012-04-20	7.98	7.98	7.98	7.98	0	4.03	2130	沃尔核材	SZ	7.98	4.03	
525	2012-04-20	12.5	12.76	12.45	12.64	34883	12.58	2131	利欧股份	SZ	12.62	12.56	
525	2012-04-20	6.94	6.95	6.8	6.91	62297	6.84	2132	恒星科技	SZ	6.91	6.84	
525	2012-04-20	4.96	5.14	4.93	5.08	112771	4.01	2133	广宇集团	SZ	4.96	3.91	
525	2012-04-20	7.86	7.96	7.68	7.86	87336	7.86	2134	天津普林	SZ	8.03	8.03	
525	2012-04-20	5.76	5.87	5.64	5.8	67137	3.2	2135	东南网架	SZ	5.77	3.18	
525	2012-04-20	14.28	14.4	14.1	14.3	38128	14.21	2136	安 纳 达	SZ	14.27	14.18	
525	2012-04-20	6.63	6.66	6.49	6.6	146581	4.87	2137	实 益 达	SZ	6.58	4.85	
525	2012-04-20	10.35	10.4	10.17	10.29	18919	6.7	2138	顺络电子	SZ	10.35	6.74	
525	2012-04-20	10.37	10.5	10.28	10.32	34423	9.04	2139	拓邦股份	SZ	10.42	9.13	
525	2012-04-20	22.12	22.12	21.37	21.62	8508	21.47	2140	东华科技	SZ	21.97	21.82	
525	2012-04-20	6.24	6.45	6.18	6.4	31713	6.4	2141	蓉胜超微	SZ	6.24	6.24	
525	2012-04-20	9.83	10.25	9.81	10.13	420736	9.69	2142	宁波银行	SZ	9.83	9.4	
525	2012-04-20	6.75	6.75	6.58	6.68	7906	5.07	2143	高金食品	SZ	6.66	5.06	
525	2012-04-20	13.57	13.9	13.29	13.37	43337	13.09	2144	宏达高科	SZ	13.13	12.85	
525	2012-04-20	8.14	8.14	8.14	8.14	0	8.14	2145	*ST钛白	SZ	8.14	8.14	
525	2012-04-20	10.59	10.73	10.49	10.67	39123	10.49	2146	荣盛发展	SZ	10.58	10.4	
525	2012-04-20	8.29	8.48	8.22	8.41	44378	8.13	2147	方圆支承	SZ	8.28	8.01	
525	2012-04-20	9.55	9.55	9.1	9.3	118156	4.57	2148	北纬通信	SZ	9.56	4.7	
525	2012-04-20	14.86	15.25	14.79	14.99	23404	14.93	2149	西部材料	SZ	14.89	14.83	
525	2012-04-20	7.37	7.48	7.25	7.42	25818	7.17	2150	江苏通润	SZ	7.45	7.2	
525	2012-04-20	20.93	21.2	20.83	21.17	12028	17.53	2151	北斗星通	SZ	20.93	17.33	
525	2012-04-20	13.73	14.08	13.58	13.93	36275	8.07	2152	广电运通	SZ	13.75	7.97	
525	2012-04-20	29.51	29.65	29	29.3	5616	28.91	2153	石基信息	SZ	29.76	29.36	
525	2012-04-20	12.23	12.26	12.03	12.16	48274	11.75	2154	报 喜 鸟	SZ	12.24	11.83	
525	2012-04-20	14.84	15.15	14.77	15.02	159076	8.12	2155	辰州矿业	SZ	14.85	8.03	
525	2012-04-20	6.01	6.33	6.01	6.22	125676	6.17	2156	通富微电	SZ	6.08	6.03	
525	2012-04-20	10.78	10.93	10.7	10.86	18613	10.68	2157	正邦科技	SZ	10.8	10.62	
525	2012-04-20	11.51	11.87	11.51	11.85	21290	10.23	2158	汉钟精机	SZ	11.64	10.04	
525	2012-04-20	14.97	15.13	14.87	15.11	11783	15.02	2159	三特索道	SZ	15	14.91	
525	2012-04-20	9.6	9.69	9.47	9.61	111701	4.74	2161	远 望 谷	SZ	9.62	4.74	
525	2012-04-20	9.88	10.5	9.6	10.24	323253	10.24	2162	斯 米 克	SZ	9.9	9.9	
525	2012-04-20	5.22	5.63	5.22	5.34	238586	5.29	2163	中航三鑫	SZ	5.12	5.07	
525	2012-04-20	6.27	6.35	6.22	6.3	57278	6.27	2164	东力传动	SZ	6.27	6.24	
525	2012-04-20	6.56	6.66	6.48	6.59	29195	3.56	2165	红 宝 丽	SZ	6.5	3.51	
525	2012-04-20	15.59	15.76	15.31	15.64	30477	15.64	2166	莱茵生物	SZ	15.75	15.75	
525	2012-04-20	19.25	19.95	19.25	19.95	72398	9.93	2167	东方锆业	SZ	19.13	9.52	
525	2012-04-20	10.5	10.51	10.07	10.31	104894	8.75	2168	深圳惠程	SZ	10.5	8.91	
525	2012-04-20	6.69	6.69	6.69	6.69	0	6.69	2169	智光电气	SZ	6.69	6.69	
525	2012-04-20	4.53	4.62	4.5	4.54	75573	2.44	2170	芭田股份	SZ	4.49	2.42	
525	2012-04-20	11.7	11.94	11.6	11.83	23244	11.81	2171	精诚铜业	SZ	11.71	11.69	
524	2012-04-20	4.7	4.8	4.6	4.8	92433	4.8	2172	澳洋科技	SZ	4.72	4.72	
525	2012-04-20	9.34	9.38	9.23	9.28	16279	9.23	2173	山 下 湖	SZ	9.33	9.28	
525	2012-04-20	14.28	14.53	14.15	14.25	18669	14.24	2174	梅 花 伞	SZ	14.21	14.2	
525	2012-04-20	10.8	11.06	10.7	11.01	11619	10.9	2175	广陆数测	SZ	10.89	10.78	
525	2012-04-20	10.01	10.02	9.8	9.91	68343	4.94	2176	江特电机	SZ	10.01	4.99	
525	2012-04-20	5.79	5.95	5.69	5.88	151121	4.52	2177	御银股份	SZ	5.81	4.46	
525	2012-04-20	8.91	9.44	8.91	9.25	26406	9.22	2178	延华智能	SZ	8.97	8.94	
525	2012-04-20	16.81	16.81	16.81	16.81	0	16.6	2179	中航光电	SZ	16.81	16.6	
525	2012-04-20	13.51	13.6	13.34	13.37	25622	13.22	2180	万 力 达	SZ	13.61	13.46	
525	2012-04-20	10.93	11.04	10.77	10.95	28991	10.84	2181	粤 传 媒	SZ	10.98	10.87	
525	2012-04-20	10.36	10.63	10.29	10.57	80492	10.45	2182	云海金属	SZ	10.38	10.26	
525	2012-04-20	6.32	6.85	6.25	6.63	193453	6.52	2183	怡 亚 通	SZ	6.33	6.23	
525	2012-04-20	7.8	7.91	7.74	7.86	26707	7.73	2184	海得控制	SZ	7.79	7.66	
525	2012-04-20	5.75	5.87	5.74	5.76	57796	3.52	2185	华天科技	SZ	5.78	3.53	
525	2012-04-20	15.85	16.25	15.76	16.08	23622	7.57	2186	全 聚 德	SZ	15.9	7.48	
525	2012-04-20	10.15	10.15	10.15	10.15	0	8.1	2187	广百股份	SZ	10.15	8.1	
525	2012-04-20	8.41	8.44	8.28	8.4	8896	8.4	2188	新 嘉 联	SZ	8.39	8.39	
525	2012-04-20	8.86	9.1	8.8	8.97	18482	8.95	2189	利达光电	SZ	8.86	8.84	
525	2012-04-20	17.65	17.65	17.31	17.5	19761	13.29	2190	成飞集成	SZ	17.66	13.41	
525	2012-04-20	10.05	10.15	10.02	10.1	22996	9.91	2191	劲嘉股份	SZ	10.08	9.89	
525	2012-04-20	17.9	17.99	17.7	17.96	15565	17.96	2192	路翔股份	SZ	17.89	17.89	
525	2012-04-20	9.35	9.51	9.25	9.5	19884	9.5	2193	山东如意	SZ	9.47	9.47	
525	2012-04-20	8.01	8.1	7.92	8.07	34582	7.92	2194	武汉凡谷	SZ	8.01	7.86	
524	2012-04-20	16.76	16.99	16.68	16.96	13005	16.7	2195	海隆软件	SZ	16.75	16.49	
524	2012-04-20	14.55	15.18	14.36	15	53016	14.55	2196	方正电机	SZ	14.19	13.76	
525	2012-04-20	10.54	10.67	10.36	10.57	48657	10.4	2197	证通电子	SZ	10.59	10.41	
524	2012-04-20	4.18	4.29	4.18	4.22	21217	2.08	2198	嘉应制药	SZ	4.22	2.08	
524	2012-04-20	7.47	7.79	7.47	7.71	39281	5.08	2199	东晶电子	SZ	7.41	4.88	
525	2012-04-20	10.5	10.68	10.47	10.57	17492	9.9	22	深赤湾Ａ	SZ	10.43	9.77	
524	2012-04-20	11.6	11.62	11.4	11.61	22983	11.61	2200	绿 大 地	SZ	11.65	11.65	
524	2012-04-20	8.18	8.18	8.02	8.14	20534	8.13	2201	九鼎新材	SZ	8.15	8.14	
524	2012-04-20	7.79	7.85	7.72	7.85	162890	7.72	2202	金风科技	SZ	7.8	7.67	
524	2012-04-20	7.43	7.49	7.35	7.44	35666	4.83	2203	海亮股份	SZ	7.43	4.82	
524	2012-04-20	11.23	11.38	11.23	11.28	15793	4.9	2204	华锐铸钢	SZ	11.27	4.89	
524	2012-04-20	18	18.74	18	18.72	28639	18.57	2205	国统股份	SZ	18.4	18.25	
524	2012-04-20	8.25	8.6	8.21	8.5	111886	7.7	2206	海 利 得	SZ	8.26	7.49	
524	2012-04-20	14.77	14.77	14.77	14.77	0	14.66	2207	准油股份	SZ	14.77	14.66	
524	2012-04-20	7.08	7.74	7.06	7.4	70497	7.15	2208	合肥城建	SZ	7.1	6.86	
524	2012-04-20	8.72	8.72	8.49	8.57	11552	8.49	2209	达 意 隆	SZ	8.65	8.57	
524	2012-04-20	5.85	5.85	5.85	5.85	0	4.41	2210	飞马国际	SZ	5.85	4.41	
524	2012-04-20	7.13	7.21	7.06	7.15	37830	7.15	2211	宏达新材	SZ	7.17	7.17	
524	2012-04-20	5.99	6.05	5.95	6.01	35592	5.87	2212	南洋股份	SZ	5.98	5.84	
524	2012-04-20	9.38	9.39	9.13	9.22	23472	9.11	2213	特 尔 佳	SZ	9.38	9.27	
524	2012-04-20	11.75	11.98	11.66	11.85	47450	5.78	2214	大立科技	SZ	11.79	5.75	
524	2012-04-20	5.95	6.04	5.93	5.99	95290	3.87	2215	诺 普 信	SZ	6.01	3.88	
524	2012-04-20	13.84	13.98	13.69	13.94	20262	6.83	2216	三全食品	SZ	14.1	6.91	
524	2012-04-20	6.2	6.26	6.15	6.22	42214	4.08	2217	联合化工	SZ	6.16	4.04	
525	2012-04-20	9.55	9.62	9.46	9.61	47921	9.61	2218	拓日新能	SZ	9.55	9.55	
525	2012-04-20	10.35	10.44	10.31	10.42	14599	6.45	2219	独 一 味	SZ	10.36	6.41	
525	2012-04-20	8.88	8.99	8.85	8.94	15020	4.34	2220	天宝股份	SZ	8.85	4.3	
525	2012-04-20	5.61	5.84	5.56	5.77	87936	2.85	2221	东华能源	SZ	5.62	2.78	
525	2012-04-20	7.64	7.78	7.54	7.68	51804	7.47	2222	福晶科技	SZ	7.7	7.49	
525	2012-04-20	14.23	14.46	14.19	14.41	28946	10.97	2223	鱼跃医疗	SZ	14.26	10.86	
525	2012-04-20	5.87	6.01	5.8	5.96	20056	3.87	2224	三 力 士	SZ	5.87	3.81	
525	2012-04-20	9.86	9.97	9.62	9.83	65798	9.72	2225	濮耐股份	SZ	9.91	9.8	
525	2012-04-20	12.78	12.9	12.71	12.86	17866	12.38	2226	江南化工	SZ	12.76	12.28	
525	2012-04-20	25.2	25.78	24.72	24.98	37541	24.77	2227	奥 特 迅	SZ	26.16	25.94	
525	2012-04-20	5.93	5.99	5.88	5.95	19849	5.76	2228	合兴包装	SZ	5.93	5.74	
525	2012-04-20	8.31	8.44	8.22	8.33	69186	8.27	2229	鸿博股份	SZ	8.37	8.31	
525	2012-04-20	25.56	25.6	25.27	25.53	30149	9.83	2230	科大讯飞	SZ	25.61	9.86	
525	2012-04-20	11.19	11.27	10.45	10.67	191164	10.67	2231	奥维通信	SZ	11.19	11.19	
525	2012-04-20	10.05	10.6	9.84	10.32	243764	10.31	2232	启明信息	SZ	9.96	9.95	
525	2012-04-20	9.75	9.92	9.67	9.84	109486	9.56	2233	塔牌集团	SZ	9.75	9.47	
525	2012-04-20	13.9	14.3	13.8	14.2	36471	6.66	2234	民和股份	SZ	14	6.57	
525	2012-04-20	11.71	11.78	11.54	11.62	4710	11.26	2235	安妮股份	SZ	11.7	11.34	
525	2012-04-20	12.79	12.85	12.6	12.73	27292	3.12	2236	大华股份	SZ	12.73	3.12	
525	2012-04-20	19.09	19.37	18.71	19.19	41875	9.46	2237	恒邦股份	SZ	19.09	9.42	
525	2012-04-20	16.08	16.08	16.08	16.08	0	15.87	2238	天威视讯	SZ	16.08	15.87	
525	2012-04-20	8.91	9.15	8.82	8.98	45134	8.95	2239	金 飞 达	SZ	8.98	8.95	
524	2012-04-20	4.96	5.07	4.93	4.96	75625	4.96	2240	威华股份	SZ	5	5	
525	2012-04-20	15.05	15.33	14.78	14.96	56676	8.21	2241	歌尔声学	SZ	15.14	8.31	
525	2012-04-20	8.08	8.16	8.05	8.12	26060	7.18	2242	九阳股份	SZ	8.12	7.18	
525	2012-04-20	8.84	8.95	8.8	8.86	28548	8.74	2243	通产丽星	SZ	8.91	8.79	
525	2012-04-20	8.63	8.81	8.52	8.79	35056	8.66	2244	滨江集团	SZ	8.65	8.52	
525	2012-04-20	7.3	7.54	7.15	7.35	85978	7.23	2245	澳洋顺昌	SZ	7.36	7.24	
525	2012-04-20	11.25	11.35	11.16	11.26	20774	11.17	2246	北化股份	SZ	11.16	11.07	
525	2012-04-20	6.91	7.08	6.91	6.95	14990	3.35	2247	帝龙新材	SZ	6.99	3.37	
525	2012-04-20	10.61	10.98	10.61	10.76	35766	10.71	2248	华东数控	SZ	10.59	10.54	
525	2012-04-20	10.2	10.38	10.14	10.17	48429	6.46	2249	大洋电机	SZ	10.28	6.53	
525	2012-04-20	15.54	15.54	15.54	15.54	0	11.84	2250	联化科技	SZ	15.54	11.84	
525	2012-04-20	12.97	13.24	12.93	13.07	14674	6.58	2251	步 步 高	SZ	12.97	6.53	
525	2012-04-20	14.97	15.11	14.85	15.11	33064	8.36	2252	上海莱士	SZ	14.89	8.25	
525	2012-04-20	16.21	16.25	15.98	16.06	14583	9.76	2253	川大智胜	SZ	16.2	9.85	
525	2012-04-20	8.68	8.79	8.66	8.74	20403	6.55	2254	烟台氨纶	SZ	8.71	6.53	
525	2012-04-20	14.35	14.59	14.34	14.44	11295	7.14	2255	海陆重工	SZ	14.35	7.1	
525	2012-04-20	7.21	7.78	7.18	7.51	101727	6.19	2256	彩虹精化	SZ	7.23	5.97	
525	2012-04-20	10.1	10.2	9.99	10.1	8043	10.02	2258	利尔化学	SZ	10.2	10.12	
525	2012-04-20	3.45	3.5	3.41	3.48	131530	3.48	2259	升达林业	SZ	3.47	3.47	
525	2012-04-20	7.46	7.49	7.32	7.45	35825	7.26	2260	伊 立 浦	SZ	7.46	7.27	
525	2012-04-20	13.92	14	13.08	13.44	153067	10.3	2261	拓维信息	SZ	14.24	10.91	
525	2012-04-20	15.06	15.34	15.06	15.28	15112	12.16	2262	恩华药业	SZ	15.06	11.99	
525	2012-04-20	5.62	5.71	5.58	5.68	70257	4.66	2263	大 东 南	SZ	5.68	4.66	
525	2012-04-20	7.33	7.35	7.23	7.29	33938	7.23	2264	新 华 都	SZ	7.35	4.81	
525	2012-04-20	7.76	7.92	7.66	7.81	25789	7.81	2265	西仪股份	SZ	7.85	7.85	
525	2012-04-20	4.27	4.41	4.25	4.41	128466	1.06	2266	浙富股份	SZ	4.28	1.03	
525	2012-04-20	8.31	8.38	8.27	8.33	28082	3.99	2267	陕天然气	SZ	8.25	3.95	
525	2012-04-20	14.9	15.06	14.76	14.95	10025	14.89	2268	卫 士 通	SZ	14.9	14.84	
525	2012-04-20	23.22	23.34	23.1	23.3	6877	21.41	2269	美邦服饰	SZ	23.22	21.34	
525	2012-04-20	7.37	7.47	7.29	7.43	30648	7.33	2270	法因数控	SZ	7.38	7.28	
525	2012-04-20	11.19	12.31	11.19	12.14	115828	11.86	2271	东方雨虹	SZ	11.19	10.93	
525	2012-04-20	11.2	11.4	11.06	11.08	361406	11.06	2272	川润股份	SZ	11.54	11.52	
525	2012-04-20	10.74	11.06	10.74	10.96	20396	3.47	2273	水晶光电	SZ	10.82	3.42	
525	2012-04-20	9.8	9.9	9.69	9.75	45129	9.69	2274	华昌化工	SZ	9.88	9.82	
525	2012-04-20	13.18	13.45	13.13	13.35	6842	12.22	2275	桂林三金	SZ	13.14	12.03	
525	2012-04-20	6.65	6.86	6.61	6.78	145393	6.72	2276	万马电缆	SZ	6.75	6.69	
525	2012-04-20	10.44	10.71	10.28	10.59	124518	6.55	2277	友阿股份	SZ	10.19	6.3	
525	2012-04-20	11.38	11.82	11.33	11.82	91566	10.44	2278	神开股份	SZ	11.52	10.17	
525	2012-04-20	11.76	11.93	11.61	11.77	21213	7.1	2279	久其软件	SZ	11.88	7.16	
525	2012-04-20	13.76	14.04	13.7	13.94	12172	13.42	2280	新世纪	SZ	13.76	13.25	
525	2012-04-20	26.5	27.3	26.5	27.23	14251	26.74	2281	光迅科技	SZ	26.51	26.04	
525	2012-04-20	10.24	10.65	10.18	10.48	28847	10.32	2282	博深工具	SZ	10.31	10.15	
525	2012-04-20	9.48	9.75	9.43	9.54	94059	9.48	2283	天润曲轴	SZ	9.56	9.5	
525	2012-04-20	7.58	7.58	7.44	7.55	12903	7.39	2284	亚太股份	SZ	7.52	7.36	
525	2012-04-20	10.92	11.28	10.9	11.22	27825	8.26	2285	世联地产	SZ	11.03	8.12	
525	2012-04-20	12.08	12.19	11.95	12.17	13091	9.21	2286	保龄宝	SZ	12.08	9.14	
525	2012-04-20	17.1	17.1	17.1	17.1	0	16.6	2287	奇正藏药	SZ	17.1	16.6	
525	2012-04-20	12.16	12.33	11.88	11.96	144884	9.95	2288	超华科技	SZ	12.28	10.22	
525	2012-04-20	26.58	26.77	25.93	26.35	23978	26.35	2289	宇顺电子	SZ	26.52	26.52	
525	2012-04-20	11.98	12.12	11.79	12.04	19079	8.44	2290	禾盛新材	SZ	12.13	8.5	
525	2012-04-20	7.86	7.92	7.8	7.89	16466	7.8	2291	星期六	SZ	7.86	7.77	
525	2012-04-20	15.68	15.95	15.37	15.79	88813	10.36	2292	奥飞动漫	SZ	15.67	10.27	
525	2012-04-20	33.85	33.98	33.69	33.74	8308	15.99	2293	罗莱家纺	SZ	33.85	16.04	
525	2012-04-20	15.8	15.8	15.8	15.8	0	8.43	2294	信立泰	SZ	15.8	8.43	
525	2012-04-20	8.56	9.07	8.42	9.07	123820	9.07	2295	精艺股份	SZ	8.52	8.52	
525	2012-04-20	21.89	24.75	21.88	23.42	106063	23.04	2296	辉煌科技	SZ	22.53	22.16	
525	2012-04-20	9.27	9.48	9.27	9.43	30640	6.26	2297	博云新材	SZ	9.32	6.19	
525	2012-04-20	9.73	9.81	9.38	9.63	127293	9.61	2298	鑫龙电器	SZ	9.85	9.83	
525	2012-04-20	14.36	14.63	14.3	14.52	41898	14.52	2299	圣农发展	SZ	14.36	14.36	
525	2012-04-20	7.55	7.94	7.46	7.68	93704	7.61	23	深天地Ａ	SZ	7.6	7.54	
525	2012-04-20	10.28	10.37	10.2	10.36	14245	9.67	2300	太阳电缆	SZ	10.35	9.66	
525	2012-04-20	6.47	6.53	6.45	6.5	47468	3.19	2301	齐心文具	SZ	6.47	3.18	
525	2012-04-20	11.39	11.39	11.39	11.39	0	8.71	2302	西部建设	SZ	11.39	8.71	
525	2012-04-20	9.6	9.6	9.44	9.56	10274	4.75	2303	美盈森	SZ	9.53	4.73	
525	2012-04-20	129.59	133.33	129.59	133.17	10965	106.83	2304	洋河股份	SZ	130.01	104.3	
525	2012-04-20	5.8	5.99	5.8	5.98	35171	5.84	2305	南国置业	SZ	5.89	5.75	
525	2012-04-20	4.86	4.99	4.85	4.97	38296	1.12	2306	湘鄂情	SZ	4.9	1.1	
525	2012-04-20	8.04	8.21	7.96	8.16	84028	8.16	2307	北新路桥	SZ	8.09	8.09	
525	2012-04-20	7.52	7.69	7.52	7.62	29248	5.53	2308	威创股份	SZ	7.52	5.46	
525	2012-04-20	9.95	10.06	9.89	10.04	44430	4.94	2309	中利科技	SZ	10.03	4.94	
525	2012-04-20	25.15	25.29	24.48	24.91	32322	6.22	2310	东方园林	SZ	25.15	6.28	
525	2012-04-20	15.92	15.98	15.62	15.83	10849	12	2311	海大集团	SZ	16.02	12.14	
525	2012-04-20	6.19	6.36	6.19	6.29	10890	3.04	2312	三泰电子	SZ	6.22	3	
525	2012-04-20	18.24	18.66	18.12	18.58	24687	14.1	2313	日海通讯	SZ	18.14	13.76	
525	2012-04-20	10.32	10.83	10.26	10.47	103177	10.28	2314	雅致股份	SZ	10.4	10.21	
525	2012-04-20	40.38	41.24	40.38	41.1	3850	39.3	2315	焦点科技	SZ	40.66	38.88	
525	2012-04-20	6.53	6.63	6.43	6.47	47408	3.56	2316	键桥通讯	SZ	6.54	3.59	
525	2012-04-20	10.6	10.85	10.6	10.85	11007	5.11	2317	众生药业	SZ	10.6	4.99	
525	2012-04-20	11.49	11.56	11.39	11.51	13387	7.56	2318	久立特材	SZ	11.49	7.55	
525	2012-04-20	5.41	5.57	5.36	5.51	17273	2.71	2319	乐通股份	SZ	5.47	2.69	
525	2012-04-20	12.5	12.67	12.31	12.45	45388	9.18	2320	海峡股份	SZ	12.28	9.06	
525	2012-04-20	8.06	8.19	8.02	8.09	36508	8.09	2321	华英农业	SZ	8.08	8.08	
525	2012-04-20	10.59	10.81	10.55	10.64	39034	5.28	2322	理工监测	SZ	10.74	5.33	
525	2012-04-20	14.44	14.7	14.29	14.58	2088	10.45	2323	中联电气	SZ	14.58	10.45	
525	2012-04-20	12	12.16	11.9	11.96	9283	11.81	2324	普利特	SZ	12.07	11.92	
525	2012-04-20	8.14	8.14	7.75	7.91	51889	2.58	2325	洪涛股份	SZ	8.06	2.63	
525	2012-04-20	14.8	15.13	14.56	15	28963	14.85	2326	永太科技	SZ	14.86	14.72	
525	2012-04-20	18.8	18.8	18.49	18.66	8098	7.61	2327	富安娜	SZ	19.02	7.75	
525	2012-04-20	6.81	6.95	6.8	6.93	23239	4.52	2328	新朋股份	SZ	6.83	4.45	
525	2012-04-20	14.33	14.48	14.1	14.39	26440	14.1	2329	皇氏乳业	SZ	14.35	14.06	
525	2012-04-20	6.39	6.47	6.26	6.45	69875	3.14	2330	得利斯	SZ	6.41	3.12	
525	2012-04-20	8.38	8.38	8.38	8.38	0	5.1	2331	皖通科技	SZ	8.38	5.1	
525	2012-04-20	11.71	11.88	11.62	11.8	15412	11.44	2332	仙琚制药	SZ	11.71	11.35	
525	2012-04-20	13.03	13.3	12.54	12.92	80689	12.51	2333	罗普斯金	SZ	13.09	12.67	
525	2012-04-20	8.57	8.65	8.33	8.6	44121	2.88	2334	英威腾	SZ	8.78	2.94	
525	2012-04-20	12.43	12.55	12.36	12.5	5216	8.74	2335	科华恒盛	SZ	12.44	8.7	
525	2012-04-20	13.67	13.82	13.66	13.77	11009	13.77	2336	人人乐	SZ	13.72	13.72	
525	2012-04-20	12.39	12.55	12.18	12.41	6245	11.78	2337	赛象科技	SZ	12.39	11.76	
525	2012-04-20	23.96	24.23	23.93	24.23	1416	15.62	2338	奥普光电	SZ	24.05	15.51	
525	2012-04-20	6.35	6.43	6.28	6.36	23968	3.15	2339	积成电子	SZ	6.36	3.16	
525	2012-04-20	8.37	8.54	8.36	8.52	51061	3.19	2340	格林美	SZ	8.41	3.15	
525	2012-04-20	8.99	9.19	8.91	9.16	40599	4.48	2341	新纶科技	SZ	9.03	4.42	
525	2012-04-20	6.68	6.75	6.51	6.7	52926	6.68	2342	巨力索具	SZ	6.65	6.63	
525	2012-04-20	11.5	11.73	11.48	11.63	13202	11	2343	禾欣股份	SZ	11.6	10.97	
525	2012-04-20	13.5	13.5	13.2	13.35	47339	6.48	2344	海宁皮城	SZ	13.59	6.6	
525	2012-04-20	12.66	12.8	12.6	12.61	8965	6	2345	潮宏基	SZ	12.67	6.03	
525	2012-04-20	7.5	7.75	7.43	7.73	69340	3.73	2346	柘中建设	SZ	7.62	3.68	
525	2012-04-20	8.79	8.88	8.72	8.85	8834	4.74	2347	泰尔重工	SZ	8.81	4.71	
525	2012-04-20	6.45	6.53	6.41	6.49	20280	3.05	2348	高乐股份	SZ	6.49	3.05	
525	2012-04-20	10.59	10.68	10.35	10.49	7522	5.18	2349	精华制药	SZ	10.61	5.24	
525	2012-04-20	12.49	12.49	12.49	12.49	0	7.05	2350	北京科锐	SZ	12.49	7.05	
525	2012-04-20	10.03	10.08	9.83	10.03	18746	9.62	2351	漫步者	SZ	10.02	9.61	
525	2012-04-20	21.04	21.9	21	21.77	3718	20.82	2352	鼎泰新材	SZ	21.11	20.19	
525	2012-04-20	30.69	31.31	30.56	30.95	23639	23.73	2353	杰瑞股份	SZ	30.88	23.68	
525	2012-04-20	11.78	11.96	11.77	11.93	8026	11.79	2354	科冕木业	SZ	11.78	11.64	
525	2012-04-20	6.03	6.45	6.03	6.21	64496	3.09	2355	兴民钢圈	SZ	5.93	2.95	
525	2012-04-20	18.65	18.79	18.36	18.6	3417	18.21	2356	浩宁达	SZ	18.55	18.16	
525	2012-04-20	9.39	9.53	9.3	9.41	14969	8.99	2357	富临运业	SZ	9.36	8.94	
525	2012-04-20	14.11	14.29	13.95	14.25	10157	7.75	2358	森源电气	SZ	14.08	7.66	
525	2012-04-20	5.86	5.86	5.86	5.86	0	2.88	2359	齐星铁塔	SZ	5.86	2.88	
525	2012-04-20	15.52	16.44	15.43	16.35	36894	5.26	2360	同德化工	SZ	15.55	5	
525	2012-04-20	4.75	4.82	4.55	4.8	17761	2.55	2361	神剑股份	SZ	4.78	2.54	
525	2012-04-20	12.91	13.34	12.91	13.06	25287	13.06	2362	汉王科技	SZ	12.88	12.88	
525	2012-04-20	15.31	15.56	14.93	15.36	26085	15.26	2363	隆基机械	SZ	15.26	15.16	
525	2012-04-20	8.74	8.74	8.74	8.74	0	4.32	2364	中恒电气	SZ	8.74	4.32	
525	2012-04-20	10.9	11.04	10.88	10.94	20654	10.56	2365	永安药业	SZ	11	10.62	
525	2012-04-20	10.4	10.52	10.28	10.51	13605	9.99	2366	丹甫股份	SZ	10.39	9.88	
525	2012-04-20	4.53	4.56	4.48	4.54	22833	2.11	2367	康力电梯	SZ	4.53	2.11	
525	2012-04-20	16.5	16.96	16.5	16.86	12287	13.82	2368	太极股份	SZ	16.53	13.56	
525	2012-04-20	15.85	15.94	15.76	15.84	7209	15.48	2369	卓翼科技	SZ	15.85	15.49	
525	2012-04-20	8.86	8.95	8.71	8.8	13323	8.73	2370	亚太药业	SZ	8.89	8.81	
525	2012-04-20	14.93	15.16	14.9	15.05	7944	7.49	2371	七星电子	SZ	15	7.46	
525	2012-04-20	12.89	12.92	12.65	12.78	24395	9.31	2372	伟星新材	SZ	13.87	9.57	
525	2012-04-20	7.1	7.1	7.1	7.1	0	3.55	2373	联信永益	SZ	7.1	3.55	
525	2012-04-20	6.41	7.12	6.41	7.12	41979	3.81	2374	丽鹏股份	SZ	6.47	3.47	
525	2012-04-20	21.47	21.47	20.67	20.93	16181	13.84	2375	亚厦股份	SZ	21.37	14.13	
525	2012-04-20	8.99	9.19	8.9	9.1	30074	4.37	2376	新北洋	SZ	8.98	4.31	
525	2012-04-20	8.92	8.96	8.79	8.96	25805	8.96	2377	国创高新	SZ	8.95	8.95	
525	2012-04-20	30.95	31.49	30.42	31	48423	30.38	2378	章源钨业	SZ	30.93	30.32	
525	2012-04-20	6.25	6.42	6.25	6.34	39410	3.17	2379	鲁丰股份	SZ	6.32	3.16	
525	2012-04-20	24.89	24.89	24.89	24.89	0	24.55	2380	科远股份	SZ	24.89	24.55	
525	2012-04-20	7.25	7.38	7.2	7.36	31238	3.53	2381	双箭股份	SZ	7.25	3.48	
525	2012-04-20	8.97	9.2	8.73	8.75	44677	4.32	2382	蓝帆股份	SZ	8.73	4.31	
525	2012-04-20	19.92	20.06	19.77	19.98	3979	15.22	2383	合众思壮	SZ	19.92	15.17	
525	2012-04-20	11.33	11.81	11.22	11.63	79058	6.41	2384	东山精密	SZ	11.33	6.25	
525	2012-04-20	8.81	8.81	8.81	8.81	0	2.11	2385	大北农	SZ	8.81	2.11	
525	2012-04-20	8.91	9.06	8.89	9	22107	8.88	2386	天原集团	SZ	8.97	8.85	
525	2012-04-20	13.23	13.87	13.12	13.78	40977	10.49	2387	黑牛食品	SZ	13.03	9.93	
525	2012-04-20	10.12	11.19	10.08	11.18	42613	10.96	2388	新亚制程	SZ	10.17	9.97	
525	2012-04-20	9.8	10.82	9.8	10.63	276008	5.27	2389	南洋科技	SZ	9.84	4.88	
525	2012-04-20	14.33	15	14.33	14.82	32343	14.73	2390	信邦制药	SZ	14.37	14.28	
525	2012-04-20	9.67	9.81	9.67	9.78	9269	6.13	2391	长青股份	SZ	9.73	6.1	
525	2012-04-20	10.33	10.33	10.33	10.33	0	10.22	2392	北京利尔	SZ	10.33	10.22	
525	2012-04-20	32.83	33.35	32.83	33.28	5780	31.75	2393	力生制药	SZ	33	31.48	
525	2012-04-20	17.45	17.6	17.36	17.57	10933	16.63	2394	联发股份	SZ	17.51	16.58	
525	2012-04-20	8.7	8.81	8.56	8.69	25830	4.07	2395	双象股份	SZ	8.78	4.12	
525	2012-04-20	16.48	16.82	16.23	16.28	60429	15.78	2396	星网锐捷	SZ	16.7	16.19	
525	2012-04-20	19.95	20.65	19.95	20.63	26268	20.01	2397	梦洁家纺	SZ	20.07	19.47	
525	2012-04-20	12.1	12.63	12.01	12.07	34879	7.05	2398	建研集团	SZ	12.12	7.09	
525	2012-04-20	24.46	24.46	24.46	24.46	0	23.25	2399	海普瑞	SZ	24.46	23.25	
525	2012-04-20	22.32	22.47	21.83	22.23	84118	21.87	24	招商地产	SZ	22.53	22.17	
525	2012-04-20	8.9	9.02	8.73	8.98	26301	3.36	2400	省广股份	SZ	8.88	3.32	
525	2012-04-20	8.95	9.06	8.83	9.05	15365	4.69	2401	交技发展	SZ	8.95	4.64	
525	2012-04-20	8.55	8.69	8.51	8.62	11435	5.44	2402	和而泰	SZ	8.55	5.4	
525	2012-04-20	9.14	9.78	9.11	9.51	67240	9.51	2403	爱仕达	SZ	9.14	9.14	
525	2012-04-20	8.79	8.79	8.79	8.79	0	5.38	2404	嘉欣丝绸	SZ	8.79	5.38	
525	2012-04-20	12.66	13.3	12.54	13.29	146019	10.99	2405	四维图新	SZ	12.74	10.53	
525	2012-04-20	10.37	10.47	10.26	10.42	22816	9.97	2406	远东传动	SZ	10.37	9.93	
525	2012-04-20	20.14	20.31	19.79	20.01	76056	19.8	2407	多氟多	SZ	20.48	20.27	
525	2012-04-20	18.17	18.29	17.92	18.23	58003	14.63	2408	齐翔腾达	SZ	18.6	14.94	
525	2012-04-20	15.26	15.48	15.26	15.45	2594	10.02	2409	雅克科技	SZ	15.33	9.95	
525	2012-04-20	16.08	16.19	15.75	15.97	21027	12	2410	广联达	SZ	16.35	7.96	
525	2012-04-20	7.93	8	7.79	7.91	44775	5.21	2411	九九久	SZ	7.98	5.25	
525	2012-04-20	18.82	18.82	18.82	18.82	17224	18.82	2412	汉森制药	SZ	17.11	17.11	
525	2012-04-20	10.33	10.49	10.21	10.38	33605	10.14	2413	常发股份	SZ	10.33	10.09	
525	2012-04-20	9.88	9.9	9.75	9.85	18935	4.66	2414	高德红外	SZ	9.85	4.65	
525	2012-04-20	10.97	10.97	10.97	10.97	0	2.59	2415	海康威视	SZ	10.97	2.59	
525	2012-04-20	9.8	9.9	9.75	9.87	56156	9.61	2416	爱施德	SZ	9.81	9.55	
525	2012-04-20	8.73	8.9	8.69	8.83	26005	5.82	2417	三元达	SZ	8.71	5.74	
525	2012-04-20	7.54	7.72	7.5	7.64	30227	7.5	2418	康盛股份	SZ	7.55	7.41	
525	2012-04-20	16.1	16.37	16	16.36	18141	15.56	2419	天虹商场	SZ	16.16	15.37	
525	2012-04-20	7.31	7.4	7.26	7.37	19979	7.32	2420	毅昌股份	SZ	7.4	7.35	
525	2012-04-20	7.89	7.98	7.86	7.94	14550	3.96	2421	达实智能	SZ	7.88	3.93	
525	2012-04-20	41.53	42.04	41.4	42	7986	41.66	2422	科伦药业	SZ	41.68	41.34	
525	2012-04-20	8	8.02	7.83	7.99	31000	7.92	2423	中原特钢	SZ	8	7.93	
525	2012-04-20	14.88	14.99	14.79	14.89	8226	14.43	2424	贵州百灵	SZ	14.88	14.42	
525	2012-04-20	7.49	7.57	7.42	7.53	25869	6.2	2425	凯撒股份	SZ	7.5	6.17	
525	2012-04-20	15.14	15.34	15	15.3	11899	7.45	2426	胜利精密	SZ	15.14	7.37	
525	2012-04-20	8.73	8.73	8.73	8.73	0	8.69	2427	尤夫股份	SZ	8.73	8.69	
525	2012-04-20	10.89	11.1	10.82	10.96	101743	2.69	2428	云南锗业	SZ	10.91	2.67	
525	2012-04-20	7.91	8	7.79	7.91	82993	5.05	2429	兆驰股份	SZ	8	5.11	
525	2012-04-20	15.4	15.52	15.19	15.44	23906	11.1	2430	杭氧股份	SZ	15.54	11.17	
525	2012-04-20	19.58	19.73	19.2	19.35	25688	16.05	2431	棕榈园林	SZ	19.58	16.25	
525	2012-04-20	6.39	6.45	6.34	6.4	35346	4.2	2432	九安医疗	SZ	6.39	4.2	
525	2012-04-20	9.01	9.05	8.95	9.03	8147	3.72	2433	太安堂	SZ	9.01	3.71	
525	2012-04-20	8.79	8.84	8.62	8.84	12948	8.54	2434	万里扬	SZ	8.74	8.45	
525	2012-04-20	6.81	6.92	6.79	6.81	21370	4.42	2435	长江润发	SZ	6.83	4.43	
525	2012-04-20	18.31	18.76	18.01	18.58	8190	17.97	2436	兴森科技	SZ	18.31	17.71	
525	2012-04-20	18.21	18.35	17.9	18.26	11210	17.88	2437	誉衡药业	SZ	18.26	17.88	
525	2012-04-20	14.47	14.99	14.47	14.98	50521	7.42	2438	江苏神通	SZ	14.59	7.23	
525	2012-04-20	16.7	16.76	16.11	16.25	17760	16.07	2439	启明星辰	SZ	16.7	16.52	
525	2012-04-20	8.52	8.65	8.48	8.61	41315	3.97	2440	闰土股份	SZ	8.51	3.93	
525	2012-04-20	15.25	15.47	15.2	15.33	15440	14.83	2441	众业达	SZ	15.21	14.71	
525	2012-04-20	5.95	5.95	5.88	5.93	57640	5.93	2442	龙星化工	SZ	5.97	5.97	
525	2012-04-20	5.39	5.58	5.27	5.41	130245	2.56	2443	金洲管道	SZ	5.1	2.41	
525	2012-04-20	5.45	5.59	5.45	5.55	56298	2.68	2444	巨星科技	SZ	5.53	2.67	
525	2012-04-20	14.29	14.75	14.25	14.71	46916	14.51	2445	中南重工	SZ	14.29	14.1	
525	2012-04-20	12.28	12.29	11.98	12.11	5265	12.06	2446	盛路通信	SZ	12.2	12.15	
525	2012-04-20	16.08	16.42	15.94	16.17	15641	8.04	2447	壹桥苗业	SZ	16.08	7.99	
525	2012-04-20	13.45	13.5	13.24	13.39	17551	6.31	2448	中原内配	SZ	13.5	6.37	
525	2012-04-20	8.56	8.63	8.45	8.6	21710	4.1	2449	国星光电	SZ	8.55	4.08	
525	2012-04-20	11.77	11.77	10.75	11.18	435337	7.43	2450	康得新	SZ	11.79	7.84	
525	2012-04-20	16.37	16.52	16.31	16.43	7749	5.43	2451	摩恩电气	SZ	16.36	5.41	
525	2012-04-20	25.34	25.54	25.15	25.46	14461	9.49	2452	长高集团	SZ	25.34	9.44	
525	2012-04-20	23.39	23.39	22.66	23.1	24602	2.84	2453	天马精化	SZ	23.39	2.88	
525	2012-04-20	11.55	11.64	11.35	11.59	15779	11.33	2454	松芝股份	SZ	11.55	11.29	
525	2012-04-20	13.44	13.44	13.44	13.44	0	13.26	2455	百川股份	SZ	13.44	13.26	
525	2012-04-20	6.28	6.32	5.97	6.05	226583	1.49	2456	欧菲光	SZ	6.37	1.57	
525	2012-04-20	10.57	10.83	10.47	10.73	56105	7.07	2457	青龙管业	SZ	10.63	7.01	
525	2012-04-20	15.51	15.61	15.41	15.49	25917	7.32	2458	益生股份	SZ	15.56	7.35	
525	2012-04-20	9.5	9.84	9.4	9.65	62066	9.65	2459	天业通联	SZ	9.5	9.5	
525	2012-04-20	24.9	25.09	24.5	24.85	26553	24.47	2460	赣锋锂业	SZ	24.96	24.58	
525	2012-04-20	11.55	11.9	11.32	11.57	53443	11.56	2461	珠江啤酒	SZ	11.74	11.73	
525	2012-04-20	8.89	9.77	8.88	9.48	48854	9.25	2462	嘉事堂	SZ	8.88	8.67	
525	2012-04-20	4.33	4.35	4.25	4.3	62654	3.42	2463	沪电股份	SZ	4.34	3.46	
525	2012-04-20	18	18.67	17.9	18.32	18341	17.87	2464	金利科技	SZ	18.01	17.57	
525	2012-04-20	12.81	13.31	12.81	13.2	29056	6.18	2465	海格通信	SZ	12.84	6.01	
525	2012-04-20	30.95	31.32	30.78	31.05	11471	30.89	2466	天齐锂业	SZ	31.07	30.91	
525	2012-04-20	12.65	12.65	12.65	12.65	0	6.08	2467	二六三	SZ	12.65	6.08	
525	2012-04-20	7.12	7.28	7.08	7.22	32461	4.86	2468	艾迪西	SZ	7.14	4.8	
525	2012-04-20	16.43	16.46	16.19	16.44	8975	8.33	2469	三维工程	SZ	16.44	8.33	
525	2012-04-20	14.88	15.07	14.82	14.94	14761	14.69	2470	金正大	SZ	14.88	14.63	
525	2012-04-20	6.55	6.63	6.45	6.57	35907	3.13	2471	中超电缆	SZ	6.58	3.14	
525	2012-04-20	10.26	10.38	10.18	10.35	10236	7.7	2472	双环传动	SZ	10.26	7.63	
525	2012-04-20	8.92	9.05	8.74	8.86	24384	8.62	2473	圣莱达	SZ	9	8.75	
525	2012-04-20	12	12.16	11.93	12.15	36834	3.9	2474	榕基软件	SZ	12	3.85	
525	2012-04-20	15.64	15.76	15.47	15.62	27698	7.33	2475	立讯精密	SZ	15.61	7.32	
525	2012-04-20	4.82	4.86	4.74	4.84	67814	1.59	2476	宝莫股份	SZ	4.83	1.59	
525	2012-04-20	11.01	11.11	10.94	11.11	109086	3.28	2477	雏鹰农牧	SZ	11.01	3.25	
525	2012-04-20	11.73	12.63	11.68	12.43	59079	12.13	2478	常宝股份	SZ	11.73	11.44	
525	2012-04-20	9.18	9.25	9.11	9.19	33141	5.26	2479	富春环保	SZ	9.18	5.25	
525	2012-04-20	13.03	13.66	12.91	13.46	191541	13.26	2480	新筑股份	SZ	12.98	12.79	
525	2012-04-20	6.34	6.51	6.33	6.47	53633	1.78	2481	双塔食品	SZ	6.38	1.76	
525	2012-04-20	14.82	14.82	14.31	14.52	29963	8.98	2482	广田股份	SZ	14.82	9.17	
525	2012-04-20	13	13.53	12.91	13.38	24544	12.91	2483	润邦股份	SZ	13.1	12.64	
525	2012-04-20	13.46	13.58	13.32	13.58	8298	10.34	2484	江海股份	SZ	13.46	10.25	
525	2012-04-20	12.68	12.73	12.59	12.68	17288	7.45	2485	希努尔	SZ	12.68	7.46	
525	2012-04-20	4.15	4.33	4.14	4.33	100851	0.98	2486	嘉麟杰	SZ	4.2	0.95	
525	2012-04-20	5.82	5.88	5.82	5.86	11961	1.91	2487	大金重工	SZ	5.83	1.9	
525	2012-04-20	10.47	10.67	10.47	10.67	28587	10.2	2488	金固股份	SZ	10.65	10.18	
525	2012-04-20	12.77	12.8	12.56	12.79	32094	5.8	2489	浙江永强	SZ	12.77	5.8	
525	2012-04-20	7.34	7.56	7.22	7.47	130803	3.68	2490	山东墨龙	SZ	7.41	3.65	
525	2012-04-20	13.64	13.98	13.64	13.91	14488	13.44	2491	通鼎光电	SZ	13.64	13.18	
525	2012-04-20	7.69	7.69	7.69	7.69	0	3.73	2492	恒基达鑫	SZ	7.69	3.73	
525	2012-04-20	24.41	24.41	24.41	24.41	0	23.87	2493	荣盛石化	SZ	24.41	23.87	
525	2012-04-20	14.91	15.05	14.85	15.04	11991	14.73	2494	华斯股份	SZ	14.92	14.61	
525	2012-04-20	6.43	6.94	6.43	6.63	47565	4.2	2495	佳隆股份	SZ	6.31	3.99	
525	2012-04-20	13.45	13.84	13.45	13.71	39255	6.8	2496	辉丰股份	SZ	13.51	6.7	
525	2012-04-20	10.4	10.73	10.4	10.73	22258	6.87	2497	雅化集团	SZ	10.36	6.63	
525	2012-04-20	9.24	9.29	9.19	9.26	22730	5.92	2498	汉缆股份	SZ	9.25	5.92	
525	2012-04-20	14.75	14.93	14.67	14.85	4790	9.82	2499	科林环保	SZ	14.79	9.78	
525	2012-04-20	7.6	7.97	7.55	7.67	66808	7.67	25	特 力Ａ	SZ	7.73	7.73	
525	2012-04-20	7.31	8.1	7.3	8.1	1009948	8	2500	山西证券	SZ	7.36	7.27	
525	2012-04-20	10.19	10.36	10.15	10.31	79657	5.64	2501	利源铝业	SZ	10.22	5.59	
525	2012-04-20	12.38	12.66	12.31	12.66	18150	7.8	2502	骅威股份	SZ	12.29	7.57	
525	2012-04-20	12.6	12.69	12.44	12.52	10385	4.34	2503	搜于特	SZ	12.7	4.4	
525	2012-04-20	10.26	10.35	10.17	10.27	7760	7.79	2504	东光微电	SZ	10.26	7.78	
525	2012-04-20	8.3	8.41	8.23	8.33	36464	5.49	2505	大康牧业	SZ	8.33	5.49	
525	2012-04-20	7.47	7.49	7.31	7.38	182403	4.55	2506	超日太阳	SZ	7.47	4.61	
525	2012-04-20	17.74	17.91	17.66	17.83	9388	17.31	2507	涪陵榨菜	SZ	17.75	17.23	
525	2012-04-20	17.89	18.12	17.72	17.8	20372	17.47	2508	老板电器	SZ	17.89	17.55	
525	2012-04-20	5.2	5.2	5.12	5.17	16356	1.24	2509	天广消防	SZ	5.15	1.23	
525	2012-04-20	22.76	23.06	22.6	23	7347	11.08	2510	天汽模	SZ	22.74	10.96	
525	2012-04-20	11.28	11.37	11.23	11.34	27019	5.66	2511	中顺洁柔	SZ	11.26	5.62	
525	2012-04-20	10.07	10.39	10.03	10.33	50900	6.82	2512	达华智能	SZ	10.07	6.65	
525	2012-04-20	11.64	11.78	11.64	11.68	11085	7.11	2513	蓝丰生化	SZ	11.6	7.07	
525	2012-04-20	23.4	23.59	23.09	23.5	3798	7.22	2514	宝馨科技	SZ	23.4	7.19	
525	2012-04-20	15.52	15.52	15.52	15.52	0	10.19	2515	金字火腿	SZ	15.52	10.19	
525	2012-04-20	8.8	9.01	8.8	8.99	15835	8.68	2516	江苏旷达	SZ	8.86	8.55	
525	2012-04-20	8	8.16	8	8.08	20164	3.97	2517	泰亚股份	SZ	8.07	3.96	
525	2012-04-20	11.99	12.29	11.97	12.14	14183	4.64	2518	科士达	SZ	11.98	4.58	
525	2012-04-20	9.71	9.86	9.67	9.77	8532	5.99	2519	银河电子	SZ	9.69	5.94	
525	2012-04-20	11.2	11.4	11.16	11.25	14493	4.29	2520	日发数码	SZ	11.2	4.27	
525	2012-04-20	6.86	6.99	6.73	6.97	48862	3.23	2521	齐峰股份	SZ	6.88	3.19	
525	2012-04-20	18.01	19.31	17.91	18.82	51150	17.76	2522	浙江众成	SZ	18.39	17.35	
525	2012-04-20	5.29	5.39	5.25	5.36	37919	2.5	2523	天桥起重	SZ	5.25	2.46	
525	2012-04-20	4.54	4.54	4.54	4.54	0	2.21	2524	光正钢构	SZ	4.54	2.21	
525	2012-04-20	8.93	9	8.83	8.97	90149	4.94	2526	山东矿机	SZ	8.97	4.94	
525	2012-04-20	9.31	9.71	9.21	9.5	53910	5.39	2527	新时达	SZ	9.3	5.28	
525	2012-04-20	9.73	9.83	9.55	9.6	30285	6.17	2528	英飞拓	SZ	9.48	6.09	
525	2012-04-20	11.19	11.24	11.06	11.23	13305	11.04	2529	海源机械	SZ	11.19	11	
525	2012-04-20	7.04	7.3	7.02	7.16	57849	7.04	2530	丰东股份	SZ	7.06	6.94	
525	2012-04-20	8.19	8.55	8.19	8.46	60801	4.02	2531	天顺风能	SZ	8.26	3.93	
525	2012-04-20	18.14	18.25	17.9	18.18	16998	18.09	2532	新界泵业	SZ	18.15	18.06	
525	2012-04-20	7.11	7.18	7.08	7.17	30350	6.93	2533	金杯电工	SZ	7.12	6.88	
525	2012-04-20	18.65	18.65	18.65	18.65	0	17.81	2534	杭锅股份	SZ	18.65	17.81	
525	2012-04-20	10.62	10.75	10.52	10.71	27526	8.04	2535	林州重机	SZ	10.68	8.02	
525	2012-04-20	17.7	17.87	17.35	17.52	23965	17.14	2536	西泵股份	SZ	18.5	18.09	
525	2012-04-20	13.28	13.3	12.95	13.12	4092	13.02	2537	海立美达	SZ	13.24	13.14	
525	2012-04-20	12.76	12.85	12.61	12.67	29653	12.44	2538	司尔特	SZ	12.79	12.56	
525	2012-04-20	12.91	13.34	12.91	13.2	41619	12.63	2539	新都化工	SZ	12.94	12.38	
525	2012-04-20	7.05	7.09	6.95	7.07	27055	3.28	2540	亚太科技	SZ	7.05	3.27	
525	2012-04-20	13.9	14.12	13.86	14.05	28905	14	2541	鸿路钢构	SZ	13.9	13.85	
525	2012-04-20	18.98	20.12	18.9	20.12	31582	4.94	2542	中化岩土	SZ	18.29	4.49	
525	2012-04-20	9.59	9.6	9.45	9.5	11631	4.5	2543	万和电气	SZ	9.57	4.53	
525	2012-04-20	7.19	7.39	7.1	7.34	57946	3.53	2544	杰赛科技	SZ	7.22	3.47	
525	2012-04-20	16.69	17.08	16.69	16.92	7581	16.53	2545	东方铁塔	SZ	16.86	16.48	
525	2012-04-20	18.1	18.34	18	18.18	13613	17.4	2546	新联电子	SZ	18.16	17.38	
525	2012-04-20	9.19	9.22	8.95	9.19	49282	4.54	2547	春兴精工	SZ	9.15	4.53	
525	2012-04-20	11.73	11.81	11.67	11.8	7540	7.48	2548	金新农	SZ	11.67	7.4	
525	2012-04-20	9.03	9.13	8.94	9.07	12928	5.98	2549	凯美特气	SZ	9.14	6.03	
525	2012-04-20	12.63	12.74	12.44	12.67	23064	5.84	2550	千红制药	SZ	12.76	5.88	
525	2012-04-20	11.96	12.4	11.92	12.09	60006	5.24	2551	尚荣医疗	SZ	11.79	5.11	
525	2012-04-20	11.02	12.18	11.01	11.98	22724	11.68	2552	宝鼎重工	SZ	11.09	10.81	
525	2012-04-20	8	8.44	7.99	8.16	30341	3.86	2553	南方轴承	SZ	8.2	3.88	
525	2012-04-20	6.82	6.92	6.77	6.83	44318	2.96	2554	惠博普	SZ	6.82	2.95	
525	2012-04-20	10.88	10.99	10.56	10.81	8616	10.47	2555	顺荣股份	SZ	11.02	10.67	
525	2012-04-20	7.24	7.39	7.06	7.39	122128	3.54	2556	辉隆股份	SZ	7.33	3.51	
525	2012-04-20	21.17	21.32	20.69	21.2	13641	15.34	2557	洽洽食品	SZ	21.23	15.36	
525	2012-04-20	24.92	25.48	24.81	24.9	5684	24.44	2558	世纪游轮	SZ	24.81	24.35	
525	2012-04-20	12.52	12.59	12.38	12.47	7176	6.12	2559	亚威股份	SZ	12.7	6.08	
525	2012-04-20	16.56	16.68	16.01	16.3	14286	15.93	2560	通达股份	SZ	16.56	16.19	
525	2012-04-20	11.28	11.45	11.23	11.43	35361	10.65	2561	徐家汇	SZ	11.3	10.53	
525	2012-04-20	8.51	8.56	8.45	8.53	31737	5.22	2565	上海绿新	SZ	8.5	5.2	
525	2012-04-20	14.02	14.24	13.8	14.04	15130	14.04	2566	益盛药业	SZ	14	14	
525	2012-04-20	11.98	12.2	11.85	12.06	39623	11.81	26	飞亚达Ａ	SZ	11.98	11.74	
525	2012-04-20	6.21	6.26	6.17	6.22	72004	6.05	27	深圳能源	SZ	6.21	6.04	
525	2012-04-20	20.8	21.38	20.5	20.67	39222	20.48	28	一致药业	SZ	20.77	20.57	
525	2012-04-20	4.16	4.31	4.14	4.18	126392	4.18	29	深深房Ａ	SZ	4.18	4.18	
525	2012-04-20	11.35	11.85	11.35	11.36	85585	11.36	30	*ST盛润A	SZ	11.95	11.95	
525	2012-04-20	13.99	14.75	13.99	14.64	23951	14.39	300001	特锐德	SZ	14.05	13.81	
525	2012-04-20	6.15	6.15	6.04	6.12	63784	1.71	300002	神州泰岳	SZ	6.13	1.71	
525	2012-04-20	13.85	14.11	13.76	14.01	19938	13.64	300003	乐普医疗	SZ	13.95	13.59	
525	2012-04-20	25.63	25.65	25.11	25.46	3786	25.26	300004	南风股份	SZ	25.35	25.15	
525	2012-04-20	13.03	13.12	12.83	13.01	19734	8.22	300005	探路者	SZ	13.01	8.22	
525	2012-04-20	14.59	14.74	14.42	14.71	9148	14.58	300006	莱美药业	SZ	14.56	14.43	
525	2012-04-20	16.15	16.22	15.88	16.2	6014	16.06	300007	汉威电子	SZ	16.16	16.02	
525	2012-04-20	8.67	8.74	8.55	8.73	26491	5.63	300008	上海佳豪	SZ	8.66	5.59	
525	2012-04-20	9.01	9.06	8.84	9.01	33619	6.99	300009	安科生物	SZ	9.05	7.03	
525	2012-04-20	8.9	8.9	8.9	8.9	0	8.72	300010	立思辰	SZ	8.9	8.72	
525	2012-04-20	8.67	9.61	8.53	9.61	255447	3.54	300011	鼎汉技术	SZ	8.74	3.21	
525	2012-04-20	9.62	9.65	9.5	9.6	12623	4.59	300012	华测检测	SZ	9.6	4.59	
525	2012-04-20	10.25	10.8	10.11	10.65	23164	10.63	300013	新宁物流	SZ	10.31	10.29	
525	2012-04-20	14.9	14.9	14.9	14.9	0	7.26	300014	亿纬锂能	SZ	14.9	7.26	
525	2012-04-20	20.95	21.35	20.88	21.05	15689	20.83	300015	爱尔眼科	SZ	21.08	20.86	
525	2012-04-20	4.59	4.62	4.55	4.61	7851	2.26	300016	北陆药业	SZ	4.59	2.24	
525	2012-04-20	16.3	16.63	16.18	16.46	23754	16.23	300017	网宿科技	SZ	16.5	16.27	
525	2012-04-20	6.93	7.1	6.88	7.03	18872	4.49	300018	中元华电	SZ	6.94	4.43	
525	2012-04-20	8.23	8.3	8.12	8.29	12240	4.96	300019	硅宝科技	SZ	8.24	4.93	
525	2012-04-20	10.58	10.97	10.58	10.8	56320	10.73	300020	银江股份	SZ	10.72	10.65	
525	2012-04-20	10.18	10.29	10.05	10.21	62997	10.21	300021	大禹节水	SZ	10.27	10.27	
525	2012-04-20	9.6	9.6	9.36	9.51	64784	9.45	300022	吉峰农机	SZ	9.61	9.55	
525	2012-04-20	10.53	10.53	10.53	10.53	0	10.53	300023	宝德股份	SZ	10.53	10.53	
525	2012-04-20	18.09	18.36	17.82	18.31	23907	18.27	300024	机器人	SZ	18.06	18.02	
525	2012-04-20	8.02	8.12	7.95	8.08	16780	6.2	300025	华星创业	SZ	8.02	6.16	
525	2012-04-20	12.8	12.88	12.7	12.84	12851	5.63	300026	红日药业	SZ	12.81	5.61	
525	2012-04-20	7.29	7.38	7.25	7.36	48876	3.55	300027	华谊兄弟	SZ	7.32	3.53	
525	2012-04-20	7.41	7.46	7.31	7.43	42674	7.38	300028	金亚科技	SZ	7.41	7.36	
525	2012-04-20	11.06	11.18	10.95	11.15	45223	11.05	300029	天龙光电	SZ	11.21	11.11	
525	2012-04-20	20.24	20.44	20.2	20.4	12070	10.07	300030	阳普医疗	SZ	20.34	10.04	
525	2012-04-20	9.53	9.53	9.36	9.46	16264	9.19	300031	宝通带业	SZ	9.45	9.18	
525	2012-04-20	8.02	8.09	7.93	8	18360	3.88	300032	金龙机电	SZ	8.06	3.91	
525	2012-04-20	17.71	19.38	17.71	18.82	27397	18.63	300033	同花顺	SZ	17.94	17.76	
525	2012-04-20	15.22	15.55	15.2	15.43	17053	15.24	300034	钢研高纳	SZ	15.2	15.01	
525	2012-04-20	7.48	7.88	7.48	7.81	13826	5.06	300035	中科电气	SZ	7.56	4.9	
525	2012-04-20	16.8	17.08	16.66	17	5489	17	300036	超图软件	SZ	16.8	16.8	
525	2012-04-20	20.12	20.48	19.94	20.38	6070	12.4	300037	新宙邦	SZ	19.99	12.17	
525	2012-04-20	8.73	8.73	8.73	8.73	0	5.73	300038	梅泰诺	SZ	8.73	5.73	
525	2012-04-20	8.73	8.82	8.58	8.78	23186	3.26	300039	上海凯宝	SZ	8.73	3.24	
525	2012-04-20	4.38	4.45	4.35	4.45	25591	2.12	300040	九洲电气	SZ	4.41	2.1	
525	2012-04-20	11.11	11.16	10.88	11.11	93823	6.63	300041	回天胶业	SZ	11.11	6.63	
525	2012-04-20	10.24	10.32	10.18	10.28	5944	5.05	300042	朗科科技	SZ	10.24	5.04	
525	2012-04-20	10.28	10.63	10.27	10.56	15817	3.4	300043	星辉车模	SZ	10.39	3.35	
525	2012-04-20	5.66	5.85	5.65	5.75	42394	2.54	300044	赛为智能	SZ	5.54	2.45	
525	2012-04-20	10.4	10.63	10.32	10.61	17306	5.23	300045	华力创通	SZ	10.31	5.08	
525	2012-04-20	12.95	13.01	12.82	13.01	10628	12.1	300046	台基股份	SZ	13	12.09	
525	2012-04-20	6.15	6.22	6.11	6.18	21099	2.87	300047	天源迪科	SZ	6.18	2.87	
525	2012-04-20	10.91	11.12	10.89	11.07	21302	10.92	300048	合康变频	SZ	10.91	10.76	
525	2012-04-20	11.44	11.57	11.42	11.49	8282	11.26	300049	福瑞股份	SZ	11.47	11.24	
525	2012-04-20	12.35	12.35	12.35	12.35	0	12.18	300050	世纪鼎利	SZ	12.35	12.18	
525	2012-04-20	6.55	6.66	6.5	6.59	102621	3.25	300051	三五互联	SZ	6.58	3.24	
525	2012-04-20	6.08	6.18	6.03	6.16	48924	3.03	300052	中青宝	SZ	6.07	2.99	
525	2012-04-20	8.43	8.53	8.41	8.47	12306	8.4	300053	欧比特	SZ	8.49	8.42	
525	2012-04-20	6.45	6.61	6.4	6.53	5894	1.35	300054	鼎龙股份	SZ	6.45	1.33	
525	2012-04-20	18.18	18.45	18.1	18.37	21335	18.24	300055	万邦达	SZ	18.29	18.16	
525	2012-04-20	11.97	12.03	11.85	12.03	9488	6.61	300056	三维丝	SZ	11.92	6.56	
525	2012-04-20	7.37	7.47	7.37	7.45	7142	7.38	300057	万顺股份	SZ	7.38	7.31	
525	2012-04-20	15.12	15.18	14.94	15.18	16160	7.48	300058	蓝色光标	SZ	15.12	7.46	
525	2012-04-20	7.07	7.49	6.96	7.41	243132	3.67	300059	东方财富	SZ	7.09	3.51	
525	2012-04-20	8.04	8.11	8	8.09	7287	5.06	300061	康耐特	SZ	8.04	5.02	
525	2012-04-20	9.94	10.18	9.76	10.14	12429	9.9	300062	中能电气	SZ	9.9	9.67	
525	2012-04-20	10.62	10.75	10.6	10.68	3590	7.05	300063	天龙集团	SZ	10.65	7.03	
525	2012-04-20	7.64	7.79	7.59	7.78	45676	3.82	300064	豫金刚石	SZ	7.62	3.74	
525	2012-04-20	14.93	15.11	14.79	15.02	3574	9.96	300065	海兰信	SZ	14.93	9.9	
525	2012-04-20	9.87	9.87	9.7	9.82	5289	6.36	300066	三川股份	SZ	9.77	6.32	
525	2012-04-20	10.88	11.07	10.75	11	56223	10.79	300067	安诺其	SZ	11.02	10.81	
525	2012-04-20	6.24	6.24	6.24	6.24	0	3.04	300068	南都电源	SZ	6.24	3.04	
525	2012-04-20	8.71	8.74	8.65	8.71	5175	5.69	300069	金利华电	SZ	8.71	5.7	
525	2012-04-20	15.16	15.16	14.64	14.86	73835	5.43	300070	碧水源	SZ	15.16	5.54	
525	2012-04-20	18.65	19.33	18.2	18.81	45703	6.17	300071	华谊嘉信	SZ	18.67	6.12	
525	2012-04-20	7.6	7.65	7.51	7.57	56561	2.87	300072	三聚环保	SZ	7.6	2.88	
525	2012-04-20	9.72	9.75	9.51	9.69	45083	9.65	300073	当升科技	SZ	9.98	9.94	
525	2012-04-20	6.47	6.48	6.37	6.45	11551	1.93	300074	华平股份	SZ	6.42	1.92	
525	2012-04-20	14.61	14.8	14.59	14.63	6306	9.59	300075	数字政通	SZ	14.7	9.63	
525	2012-04-20	13.58	13.59	13.32	13.54	15893	13.24	300076	宁波GQY	SZ	13.63	13.33	
525	2012-04-20	24.45	25.67	24.38	25.48	65245	25.04	300077	国民技术	SZ	24.62	24.2	
525	2012-04-20	16.12	16.4	16	16.25	7191	15.39	300078	中瑞思创	SZ	16.15	15.3	
525	2012-04-20	18.19	18.2	17.4	17.81	37982	11.76	300079	数码视讯	SZ	18.19	12.01	
525	2012-04-20	7.82	7.94	7.75	7.88	40685	6.06	300080	新大新材	SZ	7.84	6.03	
525	2012-04-20	10.5	10.82	10.35	10.69	38161	5.28	300081	恒信移动	SZ	10.6	5.23	
525	2012-04-20	10.94	11.02	10.9	10.99	15947	8.31	300082	奥克股份	SZ	10.94	8.27	
525	2012-04-20	15.03	15.17	14.65	14.8	10235	14.65	300083	劲胜股份	SZ	15.03	14.88	
525	2012-04-20	10.22	10.69	10.22	10.48	56457	10.43	300084	海默科技	SZ	10.37	10.32	
525	2012-04-20	17.78	18.06	17.7	18.04	10869	8.79	300085	银之杰	SZ	17.76	8.65	
525	2012-04-20	13.91	14.02	13.72	13.88	16794	13.7	300086	康芝药业	SZ	13.95	13.77	
525	2012-04-20	15.77	16.08	15.7	16.03	27495	15.93	300087	荃银高科	SZ	15.76	15.67	
525	2012-04-20	8.36	8.36	8.36	8.36	0	4.18	300088	长信科技	SZ	8.36	4.18	
525	2012-04-20	9.53	9.6	9.5	9.59	17680	6.31	300089	长城集团	SZ	9.56	6.3	
525	2012-04-20	11.95	11.98	11.64	11.91	20927	11.87	300090	盛运股份	SZ	11.95	11.91	
525	2012-04-20	9.08	9.13	8.95	9.1	13580	9.01	300091	金通灵	SZ	9.09	9	
525	2012-04-20	13.4	13.44	13.16	13.35	5540	13.1	300092	科新机电	SZ	13.42	13.17	
525	2012-04-20	7.24	7.3	7.13	7.22	24826	7.18	300093	金刚玻璃	SZ	7.27	7.23	
525	2012-04-20	6.42	6.49	6.4	6.44	31138	6.44	300094	国联水产	SZ	6.42	6.42	
525	2012-04-20	9.98	10.03	9.88	10.02	5467	7.61	300095	华伍股份	SZ	9.98	7.57	
525	2012-04-20	12.9	13.12	12.84	13.09	17477	12.91	300096	易联众	SZ	12.91	12.73	
525	2012-04-20	6.51	6.51	6.51	6.51	0	3.23	300097	智云股份	SZ	6.51	3.23	
525	2012-04-20	10.61	11.33	10.61	10.77	16710	5.31	300098	高新兴	SZ	10.3	5.08	
525	2012-04-20	12.26	12.36	12.16	12.31	4241	5.9	300099	尤洛卡	SZ	12.33	5.91	
525	2012-04-20	6.97	7.11	6.95	7.09	11490	3.22	300100	双林股份	SZ	7	3.17	
525	2012-04-20	13.5	14.19	13.35	13.99	33242	6.98	300101	国腾电子	SZ	13.49	6.73	
525	2012-04-20	13.7	14.06	13.5	13.96	45482	13.71	300102	乾照光电	SZ	13.78	13.53	
525	2012-04-20	9.09	9.17	9.04	9.14	4881	4.95	300103	达刚路机	SZ	9.16	4.96	
525	2012-04-20	10.66	10.94	10.58	10.75	187662	2.96	300104	乐视网	SZ	10.68	2.94	
525	2012-04-20	22.73	23.11	22.67	23.08	7819	12.74	300105	龙源技术	SZ	22.74	12.55	
525	2012-04-20	12.99	13.2	12.99	13.12	3391	13.04	300106	西部牧业	SZ	13.13	13.05	
525	2012-04-20	21.34	21.34	21.34	21.34	0	10.61	300107	建新股份	SZ	21.34	10.61	
525	2012-04-20	10.13	10.13	9.95	10.01	15152	9.82	300108	双龙股份	SZ	10.01	9.82	
525	2012-04-20	11.66	12.87	11.66	12.05	42264	7.92	300109	新开源	SZ	11.73	7.72	
525	2012-04-20	5.24	5.32	5.22	5.3	12735	2.56	300110	华仁药业	SZ	5.28	2.55	
525	2012-04-20	4.87	4.9	4.82	4.86	38205	2.21	300111	向日葵	SZ	4.89	2.22	
525	2012-04-20	7.13	7.13	7.13	7.13	0	4.69	300112	万讯自控	SZ	7.13	4.69	
525	2012-04-20	24.8	24.97	24.3	24.77	8401	24.42	300113	顺网科技	SZ	24.9	24.54	
525	2012-04-20	11.18	11.37	11.15	11.25	6582	8.56	300114	中航电测	SZ	11.19	8.51	
525	2012-04-20	24.47	24.5	24.03	24.12	7344	15.98	300115	长盈精密	SZ	24.31	16.1	
525	2012-04-20	6.48	6.48	6.35	6.47	8227	3.23	300116	坚瑞消防	SZ	6.44	3.22	
525	2012-04-20	8.46	8.53	8.32	8.5	28595	8.45	300117	嘉寓股份	SZ	8.49	8.44	
525	2012-04-20	7.16	7.31	7.14	7.24	74118	4.47	300118	东方日升	SZ	7.12	4.4	
525	2012-04-20	34.09	34.09	34.09	34.09	0	12.71	300119	瑞普生物	SZ	34.09	12.71	
525	2012-04-20	7.98	8	7.83	7.85	19420	7.75	300120	经纬电材	SZ	8.09	5.23	
525	2012-04-20	8.38	8.5	8.31	8.31	5973	6.32	300121	阳谷华泰	SZ	8.42	6.41	
525	2012-04-20	24.02	24.6	23.81	24.4	15134	24.01	300122	智飞生物	SZ	24.52	24.12	
525	2012-04-20	13.17	13.17	13.17	13.17	0	13	300123	太阳鸟	SZ	13.17	13	
525	2012-04-20	27.06	27.06	27.06	27.06	0	14.79	300124	汇川技术	SZ	27.06	14.79	
525	2012-04-20	14.16	14.16	14.16	14.16	0	14.14	300125	易世达	SZ	14.16	14.14	
525	2012-04-20	11.85	12.1	11.82	12.06	5628	11.46	300126	锐奇股份	SZ	11.85	11.26	
525	2012-04-20	50	50.2	48.02	49.22	27030	23.8	300127	银河磁体	SZ	50.18	24.26	
525	2012-04-20	6.36	6.78	6.36	6.7	75472	3.21	300128	锦富新材	SZ	6.36	3.05	
525	2012-04-20	5.53	5.61	5.49	5.58	49428	3.66	300129	泰胜风能	SZ	5.5	3.61	
525	2012-04-20	16.9	17.31	16.72	17.22	9017	17.06	300130	新国都	SZ	16.9	16.74	
525	2012-04-20	6.91	6.97	6.85	6.91	12436	3.37	300131	英唐智控	SZ	6.95	3.39	
525	2012-04-20	8.63	8.69	8.56	8.64	3459	5.25	300132	青松股份	SZ	8.65	5.26	
525	2012-04-20	9.07	9.22	9.05	9.17	43019	3.04	300133	华策影视	SZ	9.12	3.03	
525	2012-04-20	12.94	13.41	12.9	13.28	51346	13.28	300134	大富科技	SZ	13.1	13.1	
525	2012-04-20	5.04	5.04	5.04	5.04	0	1.5	300135	宝利沥青	SZ	5.04	1.5	
525	2012-04-20	19.58	19.99	19.41	19.68	9922	19.54	300136	信维通信	SZ	19.59	19.46	
525	2012-04-20	12.75	12.8	12.5	12.72	59651	9.74	300137	先河环保	SZ	12.77	9.78	
525	2012-04-20	12.57	12.57	12.43	12.55	8080	6.12	300138	晨光生物	SZ	12.51	6.1	
525	2012-04-20	28.2	28.34	27.77	28.11	5557	13.77	300139	福星晓程	SZ	28.22	13.82	
525	2012-04-20	12.21	12.35	12.08	12.35	16136	12.19	300140	启源装备	SZ	12.23	12.07	
525	2012-04-20	8.35	8.46	8.33	8.43	12211	5.51	300141	和顺电气	SZ	8.42	5.5	
525	2012-04-20	35.47	35.81	35.3	35.78	8598	29.41	300142	沃森生物	SZ	35.73	29.38	
525	2012-04-20	12.65	12.7	12.5	12.61	19185	12.61	300143	星河生物	SZ	12.65	12.65	
525	2012-04-20	15.08	15.28	15.01	15.28	23805	15.08	300144	宋城股份	SZ	15.18	14.98	
525	2012-04-20	16.64	16.78	16.51	16.75	3815	16.54	300145	南方泵业	SZ	16.64	16.43	
525	2012-04-20	18.56	18.65	17.83	17.91	78359	5.67	300146	汤臣倍健	SZ	18.4	5.82	
525	2012-04-20	6.36	6.42	6.3	6.41	39872	3.95	300147	香雪制药	SZ	6.38	3.93	
525	2012-04-20	13.9	15.01	13.87	14.47	150767	6.11	300148	天舟文化	SZ	14.01	5.91	
525	2012-04-20	7.64	7.91	7.64	7.76	47450	5.11	300149	量子高科	SZ	7.79	5.13	
525	2012-04-20	8.9	9.61	8.85	9.39	65437	4.18	300150	世纪瑞尔	SZ	8.91	3.96	
525	2012-04-20	11.42	11.7	11.42	11.7	6254	11.31	300151	昌红科技	SZ	11.57	11.18	
525	2012-04-20	10.18	10.39	10.17	10.32	32320	4.47	300152	燃控科技	SZ	10.23	4.43	
525	2012-04-20	10.15	10.29	10.1	10.26	10740	10	300153	科泰电源	SZ	10.22	9.96	
525	2012-04-20	10.7	10.78	10.63	10.73	6771	10.42	300154	瑞凌股份	SZ	10.75	10.44	
525	2012-04-20	15.11	15.65	15.11	15.34	52709	14.88	300155	安居宝	SZ	14.95	14.5	
525	2012-04-20	11.49	11.54	11.18	11.36	53722	6.23	300156	天立环保	SZ	11.53	6.32	
525	2012-04-20	11.65	11.99	11.63	11.8	22157	5.8	300157	恒泰艾普	SZ	11.71	5.75	
525	2012-04-20	12.59	12.7	12.52	12.7	15874	6.34	300158	振东制药	SZ	12.59	6.28	
525	2012-04-20	28.86	28.89	28.55	28.7	22139	6.97	300159	新研股份	SZ	29.25	7.1	
525	2012-04-20	12.4	12.62	12.35	12.58	15080	6.08	300160	秀强股份	SZ	12.41	6	
525	2012-04-20	15.46	15.64	15.25	15.56	15424	15.37	300161	华中数控	SZ	15.38	15.19	
525	2012-04-20	15.61	16.59	15.56	16.26	41231	15.82	300162	雷曼光电	SZ	15.87	15.44	
525	2012-04-20	15.82	15.9	15.66	15.86	3744	15.45	300163	先锋新材	SZ	15.84	15.43	
525	2012-04-20	10.08	10.25	10.07	10.17	14822	3.25	300164	通源石油	SZ	10.13	3.24	
525	2012-04-20	15.16	15.82	15.16	15.38	5303	11.42	300165	天瑞仪器	SZ	15.05	11.17	
525	2012-04-20	17.55	18.31	17.55	18.17	33774	12.08	300166	东方国信	SZ	17.72	11.78	
525	2012-04-20	5.98	6.16	5.95	6.03	43363	1.98	300167	迪威视讯	SZ	5.97	1.96	
525	2012-04-20	10.9	11.18	10.88	10.99	2027	5.43	300168	万达信息	SZ	10.98	5.42	
525	2012-04-20	8.95	9.15	8.95	9.06	18486	4.42	300169	天晟新材	SZ	9.05	4.41	
525	2012-04-20	11.39	11.83	11.3	11.81	20575	7.78	300170	汉得信息	SZ	11.5	7.58	
525	2012-04-20	26.53	27.5	26.32	27.5	17968	20.38	300171	东富龙	SZ	26.55	19.67	
525	2012-04-20	15.12	15.52	14.85	15.28	57243	8.86	300172	中电环保	SZ	15.22	8.82	
525	2012-04-20	9.12	9.3	9.04	9.18	17802	6.98	300173	松德股份	SZ	9.12	6.94	
525	2012-04-20	11.78	11.88	11.65	11.83	6103	5.74	300174	元力股份	SZ	11.78	5.71	
525	2012-04-20	4.4	4.44	4.36	4.41	89508	2.2	300175	朗源股份	SZ	4.39	2.19	
525	2012-04-20	9.02	9.35	9.02	9.33	4266	7.56	300176	鸿特精密	SZ	9.19	7.44	
525	2012-04-20	10.38	10.53	10.33	10.51	30861	10.51	300177	中海达	SZ	10.48	10.48	
525	2012-04-20	15.27	15.48	15.2	15.45	12217	15.17	300178	腾邦国际	SZ	15.27	15	
525	2012-04-20	8.03	8.14	7.98	8.11	10308	2.95	300179	四方达	SZ	8.05	2.93	
525	2012-04-20	11.32	11.45	11.32	11.39	6321	11.16	300180	华峰超纤	SZ	11.34	11.11	
525	2012-04-20	5.61	5.65	5.58	5.63	11455	1.36	300181	佐力药业	SZ	5.6	1.35	
525	2012-04-20	17.35	17.4	17.15	17.35	3722	13.18	300182	捷成股份	SZ	17.25	13.1	
525	2012-04-20	27.35	27.35	27.35	27.35	0	11.9	300183	东软载波	SZ	27.35	11.9	
525	2012-04-20	13.7	13.88	13.61	13.88	7107	5.79	300184	力源信息	SZ	13.77	5.74	
525	2012-04-20	6.46	6.74	6.44	6.62	244800	2.5	300185	通裕重工	SZ	6.41	2.42	
525	2012-04-20	7.46	7.47	7.41	7.45	16205	3.28	300186	大华农	SZ	7.45	3.28	
525	2012-04-20	12.77	12.87	12.63	12.79	12388	4.22	300187	永清环保	SZ	12.8	4.22	
525	2012-04-20	3.25	3.34	3.25	3.32	104603	3.25	301	东方市场	SZ	3.27	3.2	
525	2012-04-20	4.53	4.65	4.45	4.6	179620	4.54	31	中粮地产	SZ	4.53	4.47	
525	2012-04-20	6.64	6.94	6.56	6.78	95611	6.65	32	深桑达Ａ	SZ	6.66	6.54	
525	2012-04-20	5.02	5.2	4.97	5.11	69366	5.11	33	新都酒店	SZ	5.15	5.15	
525	2012-04-20	26.58	27.52	26.58	27.42	113363	22.29	338	潍柴动力	SZ	26.64	21.66	
525	2012-04-20	5.61	6	5.61	5.73	232610	5.73	34	ST深泰	SZ	5.71	5.71	
525	2012-04-20	9.73	9.73	9.73	9.73	0	7.72	35	*ST科健	SZ	9.73	7.72	
525	2012-04-20	3.8	4.24	3.79	4.24	1376492	4.24	36	华联控股	SZ	3.85	3.85	
525	2012-04-20	4.44	4.47	4.37	4.43	24536	4.43	37	深南电Ａ	SZ	4.43	4.43	
525	2012-04-20	14.46	14.66	14.4	14.58	90187	13.91	39	中集集团	SZ	14.5	13.84	
525	2012-04-20	9.18	9.4	9.18	9.29	10392	9.29	4	ST国农	SZ	9.21	9.21	
525	2012-04-20	4.42	4.64	4.41	4.57	180144	4.5	40	深 鸿 基	SZ	4.44	4.37	
525	2012-04-20	14.17	14.4	13.95	14.14	46279	10.77	400	许继电气	SZ	14.15	10.78	
525	2012-04-20	19.8	20.15	19.6	20.02	72188	19.8	401	冀东水泥	SZ	19.79	19.58	
525	2012-04-20	6.38	6.45	6.32	6.44	374506	6.21	402	金 融 街	SZ	6.38	6.15	
