0	2014-04-29	14.4	14.8	14.4	14.7	14457	14.7	002275	桂林三金	SZ	15.16	14.66	
1	2014-04-28	15.9	15.9	15.02	15.16	36885	14.66	002275	桂林三金	SZ	16.1	15.57	
2	2014-04-25	16.35	16.52	16.1	16.1	10750	15.57	002275	桂林三金	SZ	16.34	15.81	
3	2014-04-24	16.49	16.64	16.31	16.34	11110	15.81	002275	桂林三金	SZ	16.51	15.97	
4	2014-04-23	16.28	16.56	16.13	16.51	13978	15.97	002275	桂林三金	SZ	16.17	15.64	
5	2014-04-22	16.27	16.4	16	16.17	17249	15.64	002275	桂林三金	SZ	16.3	15.77	
6	2014-04-21	16.63	16.7	16.28	16.3	19480	15.77	002275	桂林三金	SZ	16.72	16.17	
7	2014-04-18	16.7	16.89	16.61	16.72	14125	16.17	002275	桂林三金	SZ	16.68	16.14	
8	2014-04-17	16.6	16.8	16.55	16.68	14159	16.14	002275	桂林三金	SZ	16.6	16.06	
9	2014-04-16	16.83	16.83	16.4	16.6	21469	16.06	002275	桂林三金	SZ	16.77	16.22	
10	2014-04-15	16.7	16.95	16.55	16.77	18300	16.22	002275	桂林三金	SZ	16.76	16.21	
11	2014-04-14	16.68	16.83	16.49	16.76	21603	16.21	002275	桂林三金	SZ	16.55	16.01	
12	2014-04-11	17.07	17.1	16.55	16.55	40997	16.01	002275	桂林三金	SZ	17.2	16.64	
13	2014-04-10	17.35	17.55	17.14	17.2	25933	16.64	002275	桂林三金	SZ	17.38	16.81	
14	2014-04-09	17.39	17.54	17.21	17.38	20497	16.81	002275	桂林三金	SZ	17.35	16.78	
15	2014-04-08	16.81	17.47	16.75	17.35	32192	16.78	002275	桂林三金	SZ	16.92	16.37	
17	2014-04-04	16.99	17.2	16.88	16.92	17190	16.37	002275	桂林三金	SZ	17.03	16.47	
18	2014-04-03	17.12	17.12	16.8	17.03	18267	16.47	002275	桂林三金	SZ	17	16.44	
19	2014-04-02	16.7	17.34	16.58	17	37665	16.44	002275	桂林三金	SZ	16.68	16.14	
20	2014-04-01	16.63	16.85	16.45	16.68	23622	16.14	002275	桂林三金	SZ	16.62	16.08	
21	2014-03-31	16.5	16.96	16.41	16.62	21582	16.08	002275	桂林三金	SZ	16.52	15.98	
22	2014-03-28	17.04	17.49	16.47	16.52	37738	15.98	002275	桂林三金	SZ	17	16.44	
23	2014-03-27	17.31	17.59	17	17	32164	16.44	002275	桂林三金	SZ	17.35	16.78	
24	2014-03-26	17.32	17.68	17.27	17.35	30978	16.78	002275	桂林三金	SZ	17.39	16.82	
25	2014-03-25	17.65	17.8	16.97	17.39	48963	16.82	002275	桂林三金	SZ	17.69	17.11	
26	2014-03-24	16.72	18.2	16.69	17.69	106480	17.11	002275	桂林三金	SZ	16.67	16.13	
27	2014-03-21	15.7	16.68	15.7	16.67	49025	16.13	002275	桂林三金	SZ	15.83	15.31	
28	2014-03-20	16.4	16.54	15.82	15.83	36195	15.31	002275	桂林三金	SZ	16.45	15.91	
29	2014-03-19	16.13	16.55	16.06	16.45	32762	15.91	002275	桂林三金	SZ	16.13	15.6	
30	2014-03-18	16.54	16.75	16.01	16.13	48189	15.6	002275	桂林三金	SZ	16.54	16	
31	2014-03-17	16.49	16.89	16.39	16.54	53352	16	002275	桂林三金	SZ	16.5	15.96	
32	2014-03-14	15.79	16.52	15.6	16.5	45053	15.96	002275	桂林三金	SZ	15.94	15.42	
33	2014-03-13	15.92	16.07	15.74	15.94	26340	15.42	002275	桂林三金	SZ	15.92	15.4	
34	2014-03-12	16.08	16.2	15.68	15.92	27258	15.4	002275	桂林三金	SZ	16.04	15.52	
35	2014-03-11	15.69	16.28	15.56	16.04	54027	15.52	002275	桂林三金	SZ	15.7	15.19	
36	2014-03-10	15.36	16.25	15.26	15.7	56592	15.19	002275	桂林三金	SZ	15.41	14.91	
37	2014-03-07	15.1	15.51	15.1	15.41	31006	14.91	002275	桂林三金	SZ	15.15	14.66	
38	2014-03-06	14.99	15.15	14.71	15.15	17295	14.66	002275	桂林三金	SZ	14.99	14.5	
39	2014-03-05	15.02	15.21	14.99	14.99	15606	14.5	002275	桂林三金	SZ	14.99	14.5	
40	2014-03-04	15.02	15.14	14.76	14.99	17120	14.5	002275	桂林三金	SZ	15.11	14.62	
41	2014-03-03	14.69	15.11	14.69	15.11	24544	14.62	002275	桂林三金	SZ	14.9	14.41	
42	2014-02-28	15.02	15.06	14.46	14.9	24962	14.41	002275	桂林三金	SZ	14.96	14.47	
43	2014-02-27	15.11	15.51	14.94	14.96	27337	14.47	002275	桂林三金	SZ	14.94	14.45	
44	2014-02-26	15.08	15.26	14.75	14.94	29691	14.45	002275	桂林三金	SZ	15.26	14.76	
45	2014-02-25	15.96	16.16	15.05	15.26	44738	14.76	002275	桂林三金	SZ	15.96	15.44	
46	2014-02-24	15.59	16.17	15.52	15.96	55660	15.44	002275	桂林三金	SZ	15.7	15.19	
47	2014-02-21	15.5	15.91	15.46	15.7	21033	15.19	002275	桂林三金	SZ	15.54	15.03	
48	2014-02-20	15.61	15.8	15.41	15.54	25920	15.03	002275	桂林三金	SZ	15.63	15.12	
49	2014-02-19	15.88	15.95	15.59	15.63	26373	15.12	002275	桂林三金	SZ	15.91	15.39	
50	2014-02-18	15.6	16.1	15.59	15.91	36922	15.39	002275	桂林三金	SZ	15.73	15.22	
51	2014-02-17	15.35	15.83	15.27	15.73	39047	15.22	002275	桂林三金	SZ	15.27	14.77	
52	2014-02-14	14.97	15.37	14.9	15.27	18171	14.77	002275	桂林三金	SZ	14.97	14.48	
53	2014-02-13	15.18	15.26	14.94	14.97	17592	14.48	002275	桂林三金	SZ	15.18	14.68	
54	2014-02-12	15.03	15.25	14.97	15.18	14174	14.68	002275	桂林三金	SZ	15.03	14.54	
55	2014-02-11	15.15	15.18	14.8	15.03	18588	14.54	002275	桂林三金	SZ	15.02	14.53	
56	2014-02-10	14.65	15.08	14.5	15.02	24139	14.53	002275	桂林三金	SZ	14.61	14.13	
57	2014-02-07	14.48	14.73	14.3	14.61	7369	14.13	002275	桂林三金	SZ	14.51	14.04	
62	2014-01-30	14.55	14.6	14.4	14.51	6149	14.04	002275	桂林三金	SZ	14.58	14.1	
63	2014-01-29	14.55	14.61	14.5	14.58	8033	14.1	002275	桂林三金	SZ	14.49	14.02	
64	2014-01-28	14.6	14.69	14.47	14.49	13269	14.02	002275	桂林三金	SZ	14.6	14.12	
65	2014-01-27	14.72	14.72	14.47	14.6	15765	14.12	002275	桂林三金	SZ	14.75	14.27	
66	2014-01-24	14.61	14.78	14.56	14.75	13075	14.27	002275	桂林三金	SZ	14.66	14.18	
67	2014-01-23	14.64	14.7	14.5	14.66	12600	14.18	002275	桂林三金	SZ	14.67	14.19	
68	2014-01-22	14.27	14.72	14.27	14.67	18405	14.19	002275	桂林三金	SZ	14.31	13.84	
69	2014-01-21	14.2	14.35	14.11	14.31	10557	13.84	002275	桂林三金	SZ	14.2	13.74	
70	2014-01-20	14	14.24	13.96	14.2	10477	13.74	002275	桂林三金	SZ	14.08	13.62	
71	2014-01-17	14.22	14.22	13.98	14.08	15787	13.62	002275	桂林三金	SZ	14.21	13.75	
72	2014-01-16	14.25	14.33	14.15	14.21	13555	13.75	002275	桂林三金	SZ	14.25	13.78	
73	2014-01-15	14.21	14.29	14.12	14.25	8100	13.78	002275	桂林三金	SZ	14.24	13.78	
74	2014-01-14	14	14.25	14	14.24	10798	13.78	002275	桂林三金	SZ	14.05	13.59	
75	2014-01-13	14.45	14.49	13.93	14.05	19631	13.59	002275	桂林三金	SZ	14.4	13.93	
76	2014-01-10	15.11	15.11	14.32	14.4	28113	13.93	002275	桂林三金	SZ	15.11	14.62	
77	2014-01-09	15.32	15.49	15.11	15.11	16699	14.62	002275	桂林三金	SZ	15.36	14.86	
78	2014-01-08	15.22	15.46	15.22	15.36	14689	14.86	002275	桂林三金	SZ	15.23	14.73	
79	2014-01-07	15.11	15.46	15.11	15.23	11317	14.73	002275	桂林三金	SZ	15.23	14.73	
80	2014-01-06	15.51	15.62	15.2	15.23	17748	14.73	002275	桂林三金	SZ	15.59	15.08	
81	2014-01-03	15.53	15.68	15.41	15.59	19590	15.08	002275	桂林三金	SZ	15.54	15.03	
82	2014-01-02	15.3	15.66	15.25	15.54	25886	15.03	002275	桂林三金	SZ	15.29	14.79	
84	2013-12-31	15.31	15.43	15.17	15.29	13717	14.79	002275	桂林三金	SZ	15.31	14.81	
85	2013-12-30	15.24	15.37	15.19	15.31	16146	14.81	002275	桂林三金	SZ	15.22	14.72	
86	2013-12-27	14.95	15.3	14.93	15.22	16231	14.72	002275	桂林三金	SZ	15.03	14.54	
87	2013-12-26	15.21	15.32	15	15.03	15322	14.54	002275	桂林三金	SZ	15.21	14.71	
88	2013-12-25	15.03	15.25	14.89	15.21	18917	14.71	002275	桂林三金	SZ	15	14.51	
89	2013-12-24	15.03	15.14	14.8	15	15453	14.51	002275	桂林三金	SZ	15.11	14.62	
90	2013-12-23	14.67	15.35	14.65	15.11	25680	14.62	002275	桂林三金	SZ	14.71	14.23	
91	2013-12-20	15.05	15.18	14.64	14.71	12672	14.23	002275	桂林三金	SZ	15.09	14.6	
92	2013-12-19	15.39	15.39	15.05	15.09	15681	14.6	002275	桂林三金	SZ	15.44	14.94	
93	2013-12-18	15.05	15.72	14.89	15.44	27505	14.94	002275	桂林三金	SZ	14.98	14.49	
94	2013-12-17	14.86	15.16	14.86	14.98	9135	14.49	002275	桂林三金	SZ	14.9	14.41	
95	2013-12-16	15.08	15.2	14.9	14.9	10488	14.41	002275	桂林三金	SZ	15.08	14.59	
96	2013-12-13	15.07	15.22	14.98	15.08	9929	14.59	002275	桂林三金	SZ	15.09	14.6	
97	2013-12-12	15	15.2	14.95	15.09	10535	14.6	002275	桂林三金	SZ	14.96	14.47	
98	2013-12-11	15.19	15.19	14.84	14.96	11356	14.47	002275	桂林三金	SZ	15.19	14.69	
99	2013-12-10	15.35	15.5	15.13	15.19	12610	14.69	002275	桂林三金	SZ	15.33	14.83	
100	2013-12-09	15.05	15.55	15.05	15.33	19535	14.83	002275	桂林三金	SZ	15.05	14.56	
101	2013-12-06	15.08	15.24	15	15.05	11382	14.56	002275	桂林三金	SZ	15.02	14.53	
102	2013-12-05	14.93	15.19	14.88	15.02	12263	14.53	002275	桂林三金	SZ	14.93	14.44	
103	2013-12-04	14.78	15.28	14.7	14.93	18304	14.44	002275	桂林三金	SZ	14.79	14.31	
104	2013-12-03	14.35	14.83	14.28	14.79	10672	14.31	002275	桂林三金	SZ	14.38	13.91	
105	2013-12-02	14.78	15	14.36	14.38	17016	13.91	002275	桂林三金	SZ	15.04	14.55	
106	2013-11-29	14.95	15.14	14.85	15.04	18011	14.55	002275	桂林三金	SZ	14.93	14.44	
107	2013-11-28	14.76	15.15	14.71	14.93	25979	14.44	002275	桂林三金	SZ	14.74	14.26	
108	2013-11-27	14.59	14.74	14.48	14.74	13894	14.26	002275	桂林三金	SZ	14.55	14.07	
109	2013-11-26	14.59	14.74	14.46	14.55	10350	14.07	002275	桂林三金	SZ	14.61	14.13	
110	2013-11-25	14.4	14.75	14.39	14.61	15030	14.13	002275	桂林三金	SZ	14.44	13.97	
111	2013-11-22	14.56	14.62	14.43	14.44	9575	13.97	002275	桂林三金	SZ	14.58	14.1	
112	2013-11-21	14.7	14.7	14.5	14.58	12222	14.1	002275	桂林三金	SZ	14.71	14.23	
113	2013-11-20	14.74	14.87	14.6	14.71	12213	14.23	002275	桂林三金	SZ	14.74	14.26	
114	2013-11-19	14.81	14.82	14.68	14.74	11828	14.26	002275	桂林三金	SZ	14.81	14.33	
115	2013-11-18	14.65	14.83	14.6	14.81	17530	14.33	002275	桂林三金	SZ	14.62	14.14	
116	2013-11-15	14.45	14.72	14.45	14.62	19568	14.14	002275	桂林三金	SZ	14.45	13.98	
117	2013-11-14	14.3	14.51	14.21	14.45	7466	13.98	002275	桂林三金	SZ	14.25	13.78	
118	2013-11-13	14.54	14.54	14.25	14.25	10234	13.78	002275	桂林三金	SZ	14.51	14.04	
119	2013-11-12	14.44	14.56	14.4	14.51	12382	14.04	002275	桂林三金	SZ	14.45	13.98	
120	2013-11-11	14.4	14.48	14.19	14.45	13533	13.98	002275	桂林三金	SZ	14.38	13.91	
121	2013-11-08	14.39	14.54	14.32	14.38	6529	13.91	002275	桂林三金	SZ	14.49	14.02	
122	2013-11-07	14.6	14.61	14.31	14.49	11727	14.02	002275	桂林三金	SZ	14.6	14.12	
123	2013-11-06	14.7	14.81	14.56	14.6	12243	14.12	002275	桂林三金	SZ	14.74	14.26	
124	2013-11-05	14.52	14.75	14.42	14.74	11757	14.26	002275	桂林三金	SZ	14.63	14.15	
125	2013-11-04	14.79	14.79	14.4	14.63	10773	14.15	002275	桂林三金	SZ	14.74	14.26	
126	2013-11-01	15.08	15.12	14.41	14.74	20528	14.26	002275	桂林三金	SZ	15.12	14.63	
127	2013-10-31	15.2	15.32	15	15.12	8870	14.63	002275	桂林三金	SZ	15.2	14.7	
128	2013-10-30	14.91	15.21	14.75	15.2	18903	14.7	002275	桂林三金	SZ	14.93	14.44	
129	2013-10-29	16.45	16.53	14.74	14.93	50408	14.44	002275	桂林三金	SZ	16.38	15.85	
130	2013-10-28	16.16	16.55	16.02	16.38	19746	15.85	002275	桂林三金	SZ	16.18	15.65	
131	2013-10-25	16.45	16.75	16	16.18	39353	15.65	002275	桂林三金	SZ	16.57	16.03	
132	2013-10-24	15.91	16.6	15.8	16.57	44709	16.03	002275	桂林三金	SZ	15.9	15.38	
133	2013-10-23	16.18	16.35	15.8	15.9	18895	15.38	002275	桂林三金	SZ	16.18	15.65	
134	2013-10-22	16.26	16.45	16.09	16.18	22262	15.65	002275	桂林三金	SZ	16.24	15.71	
135	2013-10-21	15.87	16.3	15.83	16.24	25719	15.71	002275	桂林三金	SZ	15.84	15.32	
136	2013-10-18	15.95	16.01	15.8	15.84	9482	15.32	002275	桂林三金	SZ	15.95	15.43	
137	2013-10-17	15.9	16.2	15.86	15.95	16987	15.43	002275	桂林三金	SZ	15.85	15.33	
138	2013-10-16	16.17	16.17	15.77	15.85	21674	15.33	002275	桂林三金	SZ	16.17	15.64	
139	2013-10-15	15.98	16.18	15.9	16.17	31577	15.64	002275	桂林三金	SZ	15.98	15.46	
140	2013-10-14	15.82	16	15.76	15.98	29812	15.46	002275	桂林三金	SZ	15.82	15.3	
141	2013-10-11	15.77	15.88	15.6	15.82	18063	15.3	002275	桂林三金	SZ	15.76	15.25	
142	2013-10-10	15.75	16.01	15.7	15.76	17507	15.25	002275	桂林三金	SZ	15.77	15.26	
143	2013-10-09	15.85	15.89	15.67	15.77	22025	15.26	002275	桂林三金	SZ	15.85	15.33	
144	2013-10-08	15.57	15.89	15.51	15.85	19644	15.33	002275	桂林三金	SZ	15.56	15.05	
150	2013-09-30	15.51	15.71	15.5	15.56	12998	15.05	002275	桂林三金	SZ	15.58	15.07	
151	2013-09-27	15.2	15.72	15.12	15.58	21657	15.07	002275	桂林三金	SZ	15.21	14.71	
152	2013-09-26	15.13	15.29	15.08	15.21	16138	14.71	002275	桂林三金	SZ	15.1	14.61	
153	2013-09-25	15.55	15.63	15.06	15.1	25645	14.61	002275	桂林三金	SZ	15.56	15.05	
154	2013-09-24	15.59	15.74	15.46	15.56	17956	15.05	002275	桂林三金	SZ	15.58	15.07	
155	2013-09-23	15.55	15.75	15.31	15.58	16021	15.07	002275	桂林三金	SZ	15.55	15.04	
157	2013-09-18	15.46	15.58	15.39	15.55	10718	15.04	002275	桂林三金	SZ	15.45	14.95	
158	2013-09-17	16.07	16.07	15.43	15.45	17891	14.95	002275	桂林三金	SZ	15.99	15.47	
159	2013-09-16	15.9	16.07	15.9	15.99	13095	15.47	002275	桂林三金	SZ	15.9	15.38	
160	2013-09-13	15.87	15.92	15.76	15.9	12471	15.38	002275	桂林三金	SZ	15.87	15.35	
161	2013-09-12	15.81	15.96	15.76	15.87	18791	15.35	002275	桂林三金	SZ	15.79	15.27	
162	2013-09-11	15.75	15.83	15.62	15.79	16885	15.27	002275	桂林三金	SZ	15.71	15.2	
163	2013-09-10	15.65	15.75	15.65	15.71	10817	15.2	002275	桂林三金	SZ	15.66	15.15	
164	2013-09-09	15.75	15.8	15.51	15.66	19114	15.15	002275	桂林三金	SZ	15.8	15.28	
165	2013-09-06	15.82	15.9	15.7	15.8	10191	15.28	002275	桂林三金	SZ	15.82	15.3	
166	2013-09-05	15.67	15.91	15.67	15.82	7510	15.3	002275	桂林三金	SZ	15.77	15.26	
167	2013-09-04	15.91	16	15.76	15.77	7779	15.26	002275	桂林三金	SZ	15.91	15.39	
168	2013-09-03	15.59	15.97	15.59	15.91	17165	15.39	002275	桂林三金	SZ	15.59	15.08	
169	2013-09-02	15.6	15.73	15.4	15.59	10299	15.08	002275	桂林三金	SZ	15.57	15.06	
170	2013-08-30	15.8	15.8	15.51	15.57	15468	15.06	002275	桂林三金	SZ	15.8	15.28	
171	2013-08-29	15.76	15.93	15.65	15.8	12943	15.28	002275	桂林三金	SZ	15.75	15.24	
172	2013-08-28	16.34	16.34	15.75	15.75	25202	15.24	002275	桂林三金	SZ	16.36	15.83	
173	2013-08-27	16.38	16.47	16.18	16.36	12968	15.83	002275	桂林三金	SZ	16.37	15.84	
174	2013-08-26	16.19	16.37	16.1	16.37	22869	15.84	002275	桂林三金	SZ	16.22	15.69	
175	2013-08-23	16.28	16.46	16	16.22	11852	15.69	002275	桂林三金	SZ	16.26	15.73	
176	2013-08-22	16.2	16.37	16.19	16.26	10739	15.73	002275	桂林三金	SZ	16.2	15.67	
177	2013-08-21	16.27	16.38	16.08	16.2	18947	15.67	002275	桂林三金	SZ	16.38	15.85	
178	2013-08-20	16.31	16.62	16.15	16.38	14657	15.85	002275	桂林三金	SZ	16.37	15.84	
179	2013-08-19	16.01	16.39	16.01	16.37	11452	15.84	002275	桂林三金	SZ	16.1	15.57	
180	2013-08-16	16.21	16.8	16.03	16.1	22581	15.57	002275	桂林三金	SZ	16.47	15.93	
181	2013-08-15	16.89	16.98	16.46	16.47	28652	15.93	002275	桂林三金	SZ	16.9	16.35	
182	2013-08-14	17.15	17.2	16.81	16.9	22377	16.35	002275	桂林三金	SZ	17.14	16.58	
183	2013-08-13	17.18	17.19	16.91	17.14	19945	16.58	002275	桂林三金	SZ	17.18	16.62	
184	2013-08-12	17.16	17.35	17.02	17.18	31094	16.62	002275	桂林三金	SZ	17.29	16.73	
185	2013-08-09	17.27	17.45	16.93	17.29	25127	16.73	002275	桂林三金	SZ	17.27	16.71	
186	2013-08-08	17.08	17.45	16.9	17.27	28065	16.71	002275	桂林三金	SZ	17.08	16.52	
187	2013-08-07	17.29	17.4	17	17.08	26038	16.52	002275	桂林三金	SZ	17.36	16.79	
188	2013-08-06	17.59	17.73	17.32	17.36	37509	16.79	002275	桂林三金	SZ	17.53	16.96	
189	2013-08-05	16.92	17.53	16.9	17.53	43922	16.96	002275	桂林三金	SZ	16.92	16.37	
190	2013-08-02	16.89	17.18	16.7	16.92	26612	16.37	002275	桂林三金	SZ	16.84	16.29	
191	2013-08-01	16.55	16.88	16.48	16.84	23750	16.29	002275	桂林三金	SZ	16.53	15.99	
192	2013-07-31	16.66	16.92	16.48	16.53	23157	15.99	002275	桂林三金	SZ	16.65	16.11	
193	2013-07-30	16.6	16.97	16.1	16.65	25803	16.11	002275	桂林三金	SZ	16.57	16.03	
194	2013-07-29	16.43	16.97	16.32	16.57	18057	16.03	002275	桂林三金	SZ	16.5	15.96	
195	2013-07-26	16.7	16.88	16.32	16.5	16901	15.96	002275	桂林三金	SZ	16.67	16.13	
196	2013-07-25	17.2	17.33	16.5	16.67	24454	16.13	002275	桂林三金	SZ	17.21	16.65	
197	2013-07-24	17.16	17.33	16.87	17.21	30988	16.65	002275	桂林三金	SZ	17.15	16.59	
198	2013-07-23	16.5	17.18	16.5	17.15	42577	16.59	002275	桂林三金	SZ	16.7	16.15	
199	2013-07-22	16.3	16.7	16.01	16.7	26183	16.15	002275	桂林三金	SZ	16.36	15.83	
200	2013-07-19	16.3	16.8	16.2	16.36	30031	15.83	002275	桂林三金	SZ	16.29	15.76	
201	2013-07-18	16.26	16.49	15.89	16.29	17152	15.76	002275	桂林三金	SZ	16.18	15.65	
202	2013-07-17	16.68	16.74	16.13	16.18	15772	15.65	002275	桂林三金	SZ	16.63	16.09	
203	2013-07-16	16.67	16.93	16.45	16.63	19745	16.09	002275	桂林三金	SZ	16.67	16.13	
204	2013-07-15	16.2	16.87	16.17	16.67	29447	16.13	002275	桂林三金	SZ	16.17	15.64	
205	2013-07-12	16.39	16.79	16.06	16.17	24953	15.64	002275	桂林三金	SZ	16.26	15.73	
206	2013-07-11	15.82	16.35	15.73	16.26	27903	15.73	002275	桂林三金	SZ	15.82	15.3	
207	2013-07-10	15.65	15.88	15.25	15.82	12605	15.3	002275	桂林三金	SZ	15.45	14.95	
208	2013-07-09	15.18	16	14.76	15.45	15238	14.95	002275	桂林三金	SZ	15.25	14.75	
209	2013-07-08	15.86	15.86	15.2	15.25	15555	14.75	002275	桂林三金	SZ	15.97	15.45	
210	2013-07-05	15.92	16.3	15.8	15.97	15320	15.45	002275	桂林三金	SZ	15.93	15.41	
211	2013-07-04	15.83	16.16	15.7	15.93	13871	15.41	002275	桂林三金	SZ	15.98	15.46	
212	2013-07-03	16.03	16.09	15.62	15.98	14913	15.46	002275	桂林三金	SZ	16.06	15.54	
213	2013-07-02	15.7	16.1	15.63	16.06	33091	15.54	002275	桂林三金	SZ	15.73	15.22	
214	2013-07-01	15.46	16.19	15.21	15.73	18965	15.22	002275	桂林三金	SZ	15.46	14.96	
215	2013-06-28	15.34	15.89	15.01	15.46	19560	14.96	002275	桂林三金	SZ	15.38	14.88	
216	2013-06-27	15.38	15.8	15.12	15.38	15291	14.88	002275	桂林三金	SZ	15.53	15.02	
217	2013-06-26	15.05	15.54	14.79	15.53	20722	15.02	002275	桂林三金	SZ	15.1	14.61	
218	2013-06-25	15.01	15.1	13.6	15.1	20388	14.61	002275	桂林三金	SZ	15.1	14.61	
219	2013-06-24	15.58	15.68	14.5	15.1	13640	14.61	002275	桂林三金	SZ	15.61	15.1	
220	2013-06-21	15.51	15.66	15.1	15.61	7146	15.1	002275	桂林三金	SZ	15.7	15.19	
221	2013-06-20	16.03	16.45	15.58	15.7	15247	15.19	002275	桂林三金	SZ	16.2	15.67	
222	2013-06-19	16.07	16.4	15.82	16.2	14199	15.67	002275	桂林三金	SZ	16.2	15.67	
223	2013-06-18	15.8	16.3	15.65	16.2	11640	15.67	002275	桂林三金	SZ	15.94	15.42	
224	2013-06-17	15.52	16.05	15.4	15.94	16695	15.42	002275	桂林三金	SZ	15.5	14.99	
225	2013-06-14	15.29	15.75	15.29	15.5	12227	14.99	002275	桂林三金	SZ	15.25	14.75	
226	2013-06-13	15.65	15.65	15	15.25	9459	14.75	002275	桂林三金	SZ	15.81	15.29	
230	2013-06-07	15.74	15.88	15.31	15.81	18660	15.29	002275	桂林三金	SZ	15.74	15.23	
231	2013-06-06	16.42	16.44	15.7	15.74	16462	15.23	002275	桂林三金	SZ	16.42	15.88	
232	2013-06-05	16.29	16.5	16.11	16.42	13071	15.88	002275	桂林三金	SZ	16.29	15.76	
233	2013-06-04	17	17	16.17	16.29	22218	15.76	002275	桂林三金	SZ	17.02	16.46	
234	2013-06-03	17.1	17.25	16.82	17.02	22759	16.46	002275	桂林三金	SZ	17.1	16.54	
235	2013-05-31	17.26	17.43	17.02	17.1	28388	16.54	002275	桂林三金	SZ	17.15	16.59	
236	2013-05-30	16.89	17.24	16.89	17.15	22868	16.59	002275	桂林三金	SZ	16.93	16.38	
237	2013-05-29	16.79	17.27	16.79	16.93	15258	16.38	002275	桂林三金	SZ	16.79	16.24	
238	2013-05-28	16.95	17.04	16.6	16.79	19477	16.24	002275	桂林三金	SZ	17	16.44	
239	2013-05-27	16.6	17.1	16.5	17	34353	16.44	002275	桂林三金	SZ	16.5	15.96	
240	2013-05-24	16.51	16.66	16.37	16.5	19365	15.96	002275	桂林三金	SZ	16.38	15.85	
241	2013-05-23	16.25	16.75	16.19	16.38	25072	15.85	002275	桂林三金	SZ	16.3	15.77	
242	2013-05-22	16.38	16.55	16.19	16.3	19629	15.77	002275	桂林三金	SZ	16.37	15.84	
243	2013-05-21	16.04	16.37	15.9	16.37	23908	15.84	002275	桂林三金	SZ	16.19	15.66	
244	2013-05-20	16.61	16.7	15.93	16.19	30912	15.66	002275	桂林三金	SZ	16.63	16.09	
245	2013-05-17	16.62	16.75	16.41	16.63	30012	16.09	002275	桂林三金	SZ	16.5	15.96	
246	2013-05-16	16.35	16.69	16.2	16.5	29680	15.96	002275	桂林三金	SZ	16.31	15.78	
247	2013-05-15	16.29	16.69	16.24	16.31	22429	15.78	002275	桂林三金	SZ	16.21	15.68	
248	2013-05-14	16.2	16.35	16.02	16.21	13583	15.68	002275	桂林三金	SZ	16.2	15.67	
249	2013-05-13	15.7	16.28	15.6	16.2	35092	15.67	002275	桂林三金	SZ	15.64	15.13	
250	2013-05-10	15.71	15.83	15.5	15.64	11203	15.13	002275	桂林三金	SZ	15.71	15.2	
251	2013-05-09	15.91	15.95	15.59	15.71	12337	15.2	002275	桂林三金	SZ	15.91	15.39	
252	2013-05-08	15.86	15.99	15.75	15.91	16040	15.39	002275	桂林三金	SZ	15.84	15.32	
253	2013-05-07	15.8	15.88	15.59	15.84	16425	15.32	002275	桂林三金	SZ	15.7	15.19	
254	2013-05-06	15.25	15.85	15.19	15.7	23890	15.19	002275	桂林三金	SZ	15.17	14.67	
255	2013-05-03	14.96	15.29	14.83	15.17	16680	14.67	002275	桂林三金	SZ	14.92	14.43	
256	2013-05-02	14.83	14.98	14.73	14.92	10237	14.43	002275	桂林三金	SZ	14.83	14.35	
260	2013-04-26	15.19	15.29	14.6	14.83	12798	14.35	002275	桂林三金	SZ	15.19	14.69	
261	2013-04-25	15.1	15.4	14.9	15.19	14579	14.69	002275	桂林三金	SZ	15.15	14.66	
262	2013-04-24	15.39	15.39	14.96	15.15	24675	14.66	002275	桂林三金	SZ	15.76	14.81	
263	2013-04-23	16.5	16.52	15.67	15.76	20748	14.81	002275	桂林三金	SZ	16.3	15.32	
264	2013-04-22	16.32	16.56	16.11	16.3	26439	15.32	002275	桂林三金	SZ	16.31	15.33	
265	2013-04-19	16.06	16.37	15.95	16.31	17390	15.33	002275	桂林三金	SZ	16.08	15.11	
266	2013-04-18	15.8	16.11	15.78	16.08	11866	15.11	002275	桂林三金	SZ	15.87	14.91	
267	2013-04-17	15.56	15.9	15.51	15.87	17305	14.91	002275	桂林三金	SZ	15.5	14.57	
268	2013-04-16	15.4	15.7	15.35	15.5	14680	14.57	002275	桂林三金	SZ	15.68	14.73	
269	2013-04-15	15.8	16	15.68	15.68	8067	14.73	002275	桂林三金	SZ	15.83	14.88	
270	2013-04-12	15.67	15.95	15.67	15.83	12280	14.88	002275	桂林三金	SZ	15.77	14.82	
271	2013-04-11	16.25	16.35	15.68	15.77	34260	14.82	002275	桂林三金	SZ	16.2	15.22	
272	2013-04-10	16.4	16.64	16.01	16.2	12975	15.22	002275	桂林三金	SZ	16.48	15.49	
273	2013-04-09	16.58	16.88	16.32	16.48	10998	15.49	002275	桂林三金	SZ	16.49	15.5	
274	2013-04-08	16.65	16.68	16.25	16.49	19718	15.5	002275	桂林三金	SZ	16.3	15.32	
277	2013-04-03	17.03	17.56	16.21	16.3	31738	15.32	002275	桂林三金	SZ	16.8	15.79	
278	2013-04-02	18.4	18.8	16.56	16.8	29067	15.79	002275	桂林三金	SZ	18.4	17.29	
279	2013-04-01	18.81	18.93	18.32	18.4	8561	17.29	002275	桂林三金	SZ	18.8	17.67	
280	2013-03-29	18.41	18.8	18.1	18.8	15641	17.67	002275	桂林三金	SZ	18.41	17.3	
281	2013-03-28	18.73	18.73	18.2	18.41	13764	17.3	002275	桂林三金	SZ	18.73	17.6	
282	2013-03-27	18.57	18.94	18.46	18.73	11528	17.6	002275	桂林三金	SZ	18.54	17.42	
283	2013-03-26	18.4	18.79	18.12	18.54	14386	17.42	002275	桂林三金	SZ	18.53	17.41	
284	2013-03-25	18.96	19.02	18.52	18.53	11069	17.41	002275	桂林三金	SZ	18.96	17.82	
285	2013-03-22	18.5	19.1	18.5	18.96	19612	17.82	002275	桂林三金	SZ	18.65	17.53	
286	2013-03-21	18.18	18.77	18.18	18.65	18350	17.53	002275	桂林三金	SZ	18.13	17.04	
287	2013-03-20	17.8	18.19	17.71	18.13	14675	17.04	002275	桂林三金	SZ	17.9	16.82	
288	2013-03-19	17.99	18.13	17.42	17.9	28594	16.82	002275	桂林三金	SZ	18.15	17.06	
289	2013-03-18	17.95	18.94	17.95	18.15	18299	17.06	002275	桂林三金	SZ	18.55	17.43	
290	2013-03-15	18.1	18.8	18	18.55	19701	17.43	002275	桂林三金	SZ	18.16	17.07	
291	2013-03-14	17.4	18.77	17.23	18.16	25388	17.07	002275	桂林三金	SZ	17.42	16.37	
292	2013-03-13	17.47	18.15	17.16	17.42	20986	16.37	002275	桂林三金	SZ	17.55	16.49	
293	2013-03-12	18.4	18.67	17.4	17.55	34004	16.49	002275	桂林三金	SZ	18.6	17.48	
294	2013-03-11	17.5	19.14	17.38	18.6	45051	17.48	002275	桂林三金	SZ	17.4	16.35	
295	2013-03-08	17.88	18.02	17.35	17.4	13347	16.35	002275	桂林三金	SZ	18	16.92	
296	2013-03-07	18.5	18.52	17.83	18	15433	16.92	002275	桂林三金	SZ	18.45	17.34	
297	2013-03-06	17.55	18.49	17.55	18.45	27427	17.34	002275	桂林三金	SZ	17.55	16.49	
298	2013-03-05	17.4	17.74	17.15	17.55	20113	16.49	002275	桂林三金	SZ	17.4	16.35	
299	2013-03-04	17.75	17.96	17.25	17.4	38198	16.35	002275	桂林三金	SZ	17.8	16.73	
300	2013-03-01	17.57	17.88	17.35	17.8	28870	16.73	002275	桂林三金	SZ	17.5	16.45	
301	2013-02-28	17.1	17.58	17.1	17.5	24287	16.45	002275	桂林三金	SZ	17.1	16.07	
302	2013-02-27	17.19	17.47	16.91	17.1	22048	16.07	002275	桂林三金	SZ	17.19	16.15	
303	2013-02-26	16.53	17.81	16.45	17.19	46992	16.15	002275	桂林三金	SZ	16.62	15.62	
304	2013-02-25	16.11	16.72	16.11	16.62	30634	15.62	002275	桂林三金	SZ	16.11	15.14	
305	2013-02-22	16.39	16.45	16.01	16.11	12497	15.14	002275	桂林三金	SZ	16.4	15.41	
306	2013-02-21	16.58	16.8	16.12	16.4	31177	15.41	002275	桂林三金	SZ	16.63	15.63	
307	2013-02-20	15.9	16.7	15.85	16.63	25821	15.63	002275	桂林三金	SZ	15.91	14.95	
308	2013-02-19	16.25	16.4	15.83	15.91	18577	14.95	002275	桂林三金	SZ	16.37	15.38	
309	2013-02-18	16.5	16.57	16.12	16.37	11299	15.38	002275	桂林三金	SZ	16.37	15.38	
315	2013-02-08	16.29	16.48	16.02	16.37	14345	15.38	002275	桂林三金	SZ	16.01	15.05	
316	2013-02-07	15.98	16.07	15.76	16.01	11248	15.05	002275	桂林三金	SZ	15.97	15.01	
317	2013-02-06	15.86	15.99	15.56	15.97	18047	15.01	002275	桂林三金	SZ	15.9	14.94	
318	2013-02-05	15.7	16.01	15.67	15.9	15232	14.94	002275	桂林三金	SZ	15.67	14.73	
319	2013-02-04	15.95	16.1	15.45	15.67	19202	14.73	002275	桂林三金	SZ	15.98	15.02	
320	2013-02-01	16.13	16.33	15.89	15.98	15670	15.02	002275	桂林三金	SZ	16.13	15.16	
321	2013-01-31	16.3	16.35	16.08	16.13	7824	15.16	002275	桂林三金	SZ	16.36	15.37	
322	2013-01-30	16.62	16.77	16.06	16.36	19669	15.37	002275	桂林三金	SZ	16.79	15.78	
323	2013-01-29	16.66	17.13	16.53	16.79	18088	15.78	002275	桂林三金	SZ	16.66	15.66	
324	2013-01-28	16.03	16.67	15.88	16.66	19812	15.66	002275	桂林三金	SZ	16.05	15.08	
325	2013-01-25	15.96	16.3	15.92	16.05	13043	15.08	002275	桂林三金	SZ	16.11	15.14	
326	2013-01-24	16.32	16.47	15.66	16.11	18661	15.14	002275	桂林三金	SZ	16.38	15.39	
327	2013-01-23	16.17	16.55	15.83	16.38	17553	15.39	002275	桂林三金	SZ	16.24	15.26	
328	2013-01-22	16.18	16.68	16.13	16.24	24299	15.26	002275	桂林三金	SZ	16.38	15.39	
329	2013-01-21	16	16.98	15.7	16.38	56911	15.39	002275	桂林三金	SZ	15.59	14.65	
330	2013-01-18	14.3	15.7	14.3	15.59	41355	14.65	002275	桂林三金	SZ	14.35	13.49	
331	2013-01-17	14.18	14.61	14.18	14.35	12598	13.49	002275	桂林三金	SZ	14.35	13.49	
332	2013-01-16	14.38	14.65	14.04	14.35	15456	13.49	002275	桂林三金	SZ	14.52	13.64	
333	2013-01-15	14.52	14.7	14.35	14.52	11207	13.64	002275	桂林三金	SZ	14.39	13.52	
334	2013-01-14	13.83	14.49	13.83	14.39	11205	13.52	002275	桂林三金	SZ	13.98	13.14	
335	2013-01-11	14.29	14.29	13.85	13.98	9384	13.14	002275	桂林三金	SZ	14.21	13.35	
336	2013-01-10	14.15	14.29	14.09	14.21	7516	13.35	002275	桂林三金	SZ	14.19	13.33	
337	2013-01-09	14.18	14.24	13.96	14.19	13707	13.33	002275	桂林三金	SZ	14.17	13.32	
338	2013-01-08	13.83	14.27	13.72	14.17	19771	13.32	002275	桂林三金	SZ	13.83	13	
339	2013-01-07	13.53	13.85	13.52	13.83	13298	13	002275	桂林三金	SZ	13.57	12.75	
340	2013-01-04	13.71	13.79	13.53	13.57	15054	12.75	002275	桂林三金	SZ	13.83	13	
344	2012-12-31	13.24	13.83	13.17	13.83	24443	13	002275	桂林三金	SZ	13.25	12.45	
345	2012-12-28	13.3	13.35	13.03	13.25	16605	12.45	002275	桂林三金	SZ	13.27	12.47	
346	2012-12-27	13.55	13.65	13.18	13.27	16693	12.47	002275	桂林三金	SZ	13.53	12.71	
347	2012-12-26	13.45	13.59	13.34	13.53	30823	12.71	002275	桂林三金	SZ	13.57	12.75	
348	2012-12-25	13	13.88	12.9	13.57	35408	12.75	002275	桂林三金	SZ	13.08	12.29	
349	2012-12-24	13.1	13.2	12.9	13.08	17784	12.29	002275	桂林三金	SZ	13.09	12.3	
350	2012-12-21	13.03	13.11	12.88	13.09	12072	12.3	002275	桂林三金	SZ	13.05	12.26	
351	2012-12-20	13.07	13.11	12.95	13.05	6983	12.26	002275	桂林三金	SZ	13.11	12.32	
352	2012-12-19	13.02	13.15	12.89	13.11	11637	12.32	002275	桂林三金	SZ	13.02	12.24	
353	2012-12-18	12.85	13.04	12.75	13.02	15447	12.24	002275	桂林三金	SZ	12.84	12.07	
354	2012-12-17	13	13	12.68	12.84	18620	12.07	002275	桂林三金	SZ	13.02	12.24	
355	2012-12-14	12.68	13.09	12.65	13.02	16241	12.24	002275	桂林三金	SZ	12.67	11.91	
356	2012-12-13	12.9	12.95	12.55	12.67	7412	11.91	002275	桂林三金	SZ	12.95	12.17	
357	2012-12-12	12.94	13.19	12.78	12.95	11301	12.17	002275	桂林三金	SZ	12.97	12.19	
358	2012-12-11	12.98	12.99	12.81	12.97	4268	12.19	002275	桂林三金	SZ	13.05	12.26	
359	2012-12-10	12.47	13.1	12.4	13.05	16347	12.26	002275	桂林三金	SZ	12.47	11.72	
360	2012-12-07	12.36	12.55	12.19	12.47	8705	11.72	002275	桂林三金	SZ	12.38	11.63	
361	2012-12-06	12.51	12.59	12.35	12.38	16881	11.63	002275	桂林三金	SZ	12.52	11.77	
362	2012-12-05	12.09	12.6	12	12.52	15247	11.77	002275	桂林三金	SZ	12.05	11.32	
363	2012-12-04	12	12.1	11.62	12.05	15919	11.32	002275	桂林三金	SZ	12.21	11.47	
364	2012-12-03	13.61	13.65	12.21	12.21	29099	11.47	002275	桂林三金	SZ	13.57	12.75	
365	2012-11-30	13.48	13.81	13.43	13.57	9981	12.75	002275	桂林三金	SZ	13.49	12.68	
366	2012-11-29	13.66	13.66	13.41	13.49	7542	12.68	002275	桂林三金	SZ	13.57	12.75	
367	2012-11-28	13.85	14	13.4	13.57	15224	12.75	002275	桂林三金	SZ	13.92	13.08	
368	2012-11-27	14.22	14.33	13.88	13.92	10098	13.08	002275	桂林三金	SZ	14.35	13.49	
369	2012-11-26	14.53	14.61	14.26	14.35	9251	13.49	002275	桂林三金	SZ	14.58	13.7	
370	2012-11-23	14.6	14.7	14.47	14.58	7645	13.7	002275	桂林三金	SZ	14.65	13.77	
371	2012-11-22	14.43	14.7	14.16	14.65	13069	13.77	002275	桂林三金	SZ	14.55	13.67	
372	2012-11-21	14.6	14.85	14.34	14.55	25236	13.67	002275	桂林三金	SZ	14.63	13.75	
373	2012-11-20	14.77	14.78	14.51	14.63	13446	13.75	002275	桂林三金	SZ	14.77	13.88	
374	2012-11-19	14.35	14.89	13.86	14.77	21818	13.88	002275	桂林三金	SZ	14.4	13.53	
375	2012-11-16	14.23	14.52	14.16	14.4	11249	13.53	002275	桂林三金	SZ	14.28	13.42	
376	2012-11-15	14.18	14.59	14.1	14.28	23520	13.42	002275	桂林三金	SZ	14.3	13.44	
377	2012-11-14	13.82	14.31	13.7	14.3	21820	13.44	002275	桂林三金	SZ	13.82	12.99	
378	2012-11-13	14.09	14.1	13.8	13.82	5810	12.99	002275	桂林三金	SZ	14.11	13.26	
379	2012-11-12	14.23	14.26	13.94	14.11	6960	13.26	002275	桂林三金	SZ	14.22	13.36	
380	2012-11-09	14.12	14.27	14.1	14.22	7300	13.36	002275	桂林三金	SZ	14.14	13.29	
381	2012-11-08	14.34	14.37	14.11	14.14	14719	13.29	002275	桂林三金	SZ	14.5	13.63	
382	2012-11-07	14.41	14.7	14.3	14.5	11766	13.63	002275	桂林三金	SZ	14.47	13.6	
383	2012-11-06	14.6	14.64	14.2	14.47	12573	13.6	002275	桂林三金	SZ	14.64	13.76	
384	2012-11-05	14.79	14.82	14.52	14.64	12810	13.76	002275	桂林三金	SZ	14.74	13.85	
385	2012-11-02	14.63	14.78	14.48	14.74	18497	13.85	002275	桂林三金	SZ	14.62	13.74	
386	2012-11-01	14.35	14.64	14.13	14.62	17796	13.74	002275	桂林三金	SZ	14.3	13.44	
387	2012-10-31	14.5	14.6	13.98	14.3	14916	13.44	002275	桂林三金	SZ	14.45	13.58	
388	2012-10-30	14.32	14.6	14.21	14.45	10136	13.58	002275	桂林三金	SZ	14.35	13.49	
389	2012-10-29	14.2	14.43	14.1	14.35	6752	13.49	002275	桂林三金	SZ	14.2	13.34	
390	2012-10-26	14.26	14.45	14.1	14.2	8130	13.34	002275	桂林三金	SZ	14.26	13.4	
391	2012-10-25	14.3	14.65	14.23	14.26	8388	13.4	002275	桂林三金	SZ	14.32	13.46	
392	2012-10-24	14.06	14.35	14.06	14.32	6492	13.46	002275	桂林三金	SZ	14.26	13.4	
393	2012-10-23	14.72	14.82	14.22	14.26	21724	13.4	002275	桂林三金	SZ	14.76	13.87	
394	2012-10-22	14.34	14.84	14.34	14.76	18430	13.87	002275	桂林三金	SZ	14.34	13.48	
395	2012-10-19	14.5	14.65	14.28	14.34	10875	13.48	002275	桂林三金	SZ	14.59	13.71	
396	2012-10-18	14.22	14.75	14.2	14.59	18980	13.71	002275	桂林三金	SZ	14.22	13.36	
397	2012-10-17	14.33	14.37	14.01	14.22	13942	13.36	002275	桂林三金	SZ	14.35	13.49	
398	2012-10-16	14.31	14.65	14.25	14.35	25751	13.49	002275	桂林三金	SZ	14.4	13.53	
399	2012-10-15	13.9	14.47	13.84	14.4	25695	13.53	002275	桂林三金	SZ	13.9	13.06	
400	2012-10-12	13.9	14	13.7	13.9	3815	13.06	002275	桂林三金	SZ	13.9	13.06	
401	2012-10-11	13.99	14.02	13.88	13.9	4978	13.06	002275	桂林三金	SZ	14.11	13.26	
402	2012-10-10	13.97	14.19	13.93	14.11	5863	13.26	002275	桂林三金	SZ	13.98	13.14	
403	2012-10-09	14	14.17	13.83	13.98	12076	13.14	002275	桂林三金	SZ	13.9	13.06	
404	2012-10-08	13.82	13.99	13.78	13.9	3974	13.06	002275	桂林三金	SZ	13.78	12.95	
410	2012-09-28	13.56	13.79	13.52	13.78	7139	12.95	002275	桂林三金	SZ	13.52	12.71	
411	2012-09-27	13.3	13.73	13.28	13.52	8552	12.71	002275	桂林三金	SZ	13.35	12.55	
412	2012-09-26	13.52	13.62	13.05	13.35	6929	12.55	002275	桂林三金	SZ	13.51	12.7	
413	2012-09-25	13.61	13.7	13.51	13.51	3411	12.7	002275	桂林三金	SZ	13.63	12.81	
414	2012-09-24	13.42	13.65	13.37	13.63	4307	12.81	002275	桂林三金	SZ	13.42	12.61	
415	2012-09-21	13.55	13.7	13.41	13.42	3620	12.61	002275	桂林三金	SZ	13.54	12.72	
416	2012-09-20	13.9	13.9	13.53	13.54	5587	12.72	002275	桂林三金	SZ	13.91	13.07	
417	2012-09-19	13.94	14.07	13.81	13.91	3911	13.07	002275	桂林三金	SZ	13.89	13.05	
418	2012-09-18	13.69	13.93	13.6	13.89	4210	13.05	002275	桂林三金	SZ	13.75	12.92	
419	2012-09-17	14.35	14.35	13.75	13.75	7150	12.92	002275	桂林三金	SZ	14.32	13.46	
420	2012-09-14	14.45	14.61	14.18	14.32	14038	13.46	002275	桂林三金	SZ	14.42	13.55	
421	2012-09-13	14.34	14.44	14.13	14.42	13800	13.55	002275	桂林三金	SZ	14.3	13.44	
422	2012-09-12	14.2	14.42	14.15	14.3	10309	13.44	002275	桂林三金	SZ	14.17	13.32	
423	2012-09-11	14.22	14.28	14.05	14.17	6806	13.32	002275	桂林三金	SZ	14.2	13.34	
424	2012-09-10	14.28	14.29	14.03	14.2	9471	13.34	002275	桂林三金	SZ	14.27	13.41	
425	2012-09-07	14.18	14.4	14.04	14.27	18576	13.41	002275	桂林三金	SZ	14.04	13.19	
426	2012-09-06	13.91	14.18	13.82	14.04	10725	13.19	002275	桂林三金	SZ	13.93	13.09	
427	2012-09-05	13.7	13.94	13.6	13.93	4361	13.09	002275	桂林三金	SZ	13.73	12.9	
428	2012-09-04	13.8	14.06	13.61	13.73	3452	12.9	002275	桂林三金	SZ	13.83	13	
429	2012-09-03	13.48	13.83	13.4	13.83	4401	13	002275	桂林三金	SZ	13.46	12.65	
430	2012-08-31	13.31	13.49	13.17	13.46	3475	12.65	002275	桂林三金	SZ	13.44	12.63	
431	2012-08-30	13.79	13.92	13.13	13.44	9523	12.63	002275	桂林三金	SZ	13.88	13.04	
432	2012-08-29	13.7	13.96	13.7	13.88	6667	13.04	002275	桂林三金	SZ	13.78	12.95	
433	2012-08-28	13.66	13.9	13.6	13.78	5059	12.95	002275	桂林三金	SZ	13.76	12.93	
434	2012-08-27	13.79	14	13.67	13.76	6029	12.93	002275	桂林三金	SZ	13.8	12.97	
435	2012-08-24	14.41	14.41	13.79	13.8	11201	12.97	002275	桂林三金	SZ	14.42	13.55	
436	2012-08-23	14.33	14.43	14.22	14.42	6933	13.55	002275	桂林三金	SZ	14.34	13.48	
437	2012-08-22	14.38	14.5	14.2	14.34	14876	13.48	002275	桂林三金	SZ	14.5	13.63	
438	2012-08-21	13.75	14.5	13.75	14.5	25987	13.63	002275	桂林三金	SZ	13.8	12.97	
439	2012-08-20	13.9	14	13.75	13.8	5602	12.97	002275	桂林三金	SZ	13.98	13.14	
440	2012-08-17	13.94	14	13.77	13.98	6421	13.14	002275	桂林三金	SZ	13.94	13.1	
441	2012-08-16	13.75	14.08	13.6	13.94	14863	13.1	002275	桂林三金	SZ	13.7	12.87	
442	2012-08-15	13.58	13.73	13.46	13.7	5680	12.87	002275	桂林三金	SZ	13.58	12.76	
443	2012-08-14	13.33	13.58	13.21	13.58	5332	12.76	002275	桂林三金	SZ	13.39	12.58	
444	2012-08-13	13.45	13.67	13.35	13.39	4431	12.58	002275	桂林三金	SZ	13.58	12.76	
445	2012-08-10	13.52	13.65	13.42	13.58	4906	12.76	002275	桂林三金	SZ	13.52	12.71	
446	2012-08-09	13.22	13.52	13.22	13.52	4648	12.71	002275	桂林三金	SZ	13.24	12.44	
447	2012-08-08	13.42	13.42	13.2	13.24	3547	12.44	002275	桂林三金	SZ	13.46	12.65	
448	2012-08-07	13.53	13.53	13.27	13.46	6871	12.65	002275	桂林三金	SZ	13.56	12.74	
449	2012-08-06	13.23	13.56	13.23	13.56	7520	12.74	002275	桂林三金	SZ	13.37	12.56	
450	2012-08-03	13.12	13.38	13.09	13.37	5018	12.56	002275	桂林三金	SZ	13.07	12.28	
451	2012-08-02	12.95	13.17	12.88	13.07	7423	12.28	002275	桂林三金	SZ	12.95	12.17	
452	2012-08-01	12.8	12.99	12.68	12.95	18031	12.17	002275	桂林三金	SZ	12.76	11.99	
453	2012-07-31	12.5	13.15	12.5	12.76	8064	11.99	002275	桂林三金	SZ	13.08	12.29	
454	2012-07-30	13.16	13.33	13.03	13.08	4074	12.29	002275	桂林三金	SZ	13.16	12.37	
455	2012-07-27	13.61	13.69	13.01	13.16	13967	12.37	002275	桂林三金	SZ	13.6	12.78	
456	2012-07-26	13.62	13.8	13.55	13.6	6416	12.78	002275	桂林三金	SZ	13.71	12.88	
457	2012-07-25	14.1	14.1	13.68	13.71	6148	12.88	002275	桂林三金	SZ	14.1	13.25	
458	2012-07-24	14.05	14.25	13.9	14.1	7037	13.25	002275	桂林三金	SZ	14.09	13.24	
459	2012-07-23	13.76	14.16	13.7	14.09	9439	13.24	002275	桂林三金	SZ	13.9	13.06	
460	2012-07-20	13.82	14.15	13.82	13.9	6417	13.06	002275	桂林三金	SZ	13.99	13.15	
461	2012-07-19	13.71	14.08	13.71	13.99	7449	13.15	002275	桂林三金	SZ	13.84	13.01	
462	2012-07-18	13.91	13.91	13.5	13.84	8304	13.01	002275	桂林三金	SZ	13.98	13.14	
463	2012-07-17	13.8	13.98	13.51	13.98	13001	13.14	002275	桂林三金	SZ	13.9	13.06	
464	2012-07-16	14.5	14.66	13.88	13.9	21386	13.06	002275	桂林三金	SZ	14.51	13.64	
465	2012-07-13	14.45	14.75	14.23	14.51	17110	13.64	002275	桂林三金	SZ	14.4	13.53	
466	2012-07-12	14.25	14.81	14.18	14.4	28160	13.53	002275	桂林三金	SZ	14.25	13.39	
467	2012-07-11	14	14.26	13.7	14.25	10331	13.39	002275	桂林三金	SZ	14.02	13.17	
468	2012-07-10	13.85	14.03	13.51	14.02	15620	13.17	002275	桂林三金	SZ	14	13.16	
469	2012-07-09	14.2	14.48	14	14	26901	13.16	002275	桂林三金	SZ	14.2	13.34	
470	2012-07-06	13.9	14.3	13.63	14.2	16460	13.34	002275	桂林三金	SZ	13.91	13.07	
471	2012-07-05	13.93	14.05	13.65	13.91	10781	13.07	002275	桂林三金	SZ	13.95	13.11	
472	2012-07-04	13.94	13.99	13.75	13.95	9313	13.11	002275	桂林三金	SZ	13.97	13.13	
473	2012-07-03	14.12	14.33	13.71	13.97	18454	13.13	002275	桂林三金	SZ	14.2	13.34	
474	2012-07-02	14.14	14.3	14.06	14.2	15287	13.34	002275	桂林三金	SZ	14.15	13.3	
475	2012-06-29	13.58	14.18	13.39	14.15	13319	13.3	002275	桂林三金	SZ	13.6	12.78	
476	2012-06-28	13.67	13.97	13.56	13.6	6555	12.78	002275	桂林三金	SZ	13.62	12.8	
477	2012-06-27	13.64	13.75	13.53	13.62	8162	12.8	002275	桂林三金	SZ	13.6	12.78	
478	2012-06-26	13.65	13.66	13.37	13.6	6213	12.78	002275	桂林三金	SZ	13.69	12.86	
479	2012-06-25	13.71	14.05	13.65	13.69	7429	12.86	002275	桂林三金	SZ	13.82	12.99	
481	2012-06-21	13.65	13.89	13.6	13.82	8774	12.99	002275	桂林三金	SZ	13.7	12.87	
482	2012-06-20	14.03	14.11	13.65	13.7	14006	12.87	002275	桂林三金	SZ	14.13	13.28	
483	2012-06-19	14.16	14.5	14.05	14.13	48811	13.28	002275	桂林三金	SZ	14.16	13.31	
484	2012-06-18	13.66	14.19	13.66	14.16	28452	13.31	002275	桂林三金	SZ	13.75	12.92	
485	2012-06-15	13.35	13.89	13.26	13.75	27278	12.92	002275	桂林三金	SZ	13.32	12.52	
486	2012-06-14	13.35	13.45	13.26	13.32	5684	12.52	002275	桂林三金	SZ	13.35	12.55	
487	2012-06-13	12.91	13.39	12.91	13.35	8656	12.55	002275	桂林三金	SZ	12.91	12.13	
488	2012-06-12	12.88	13.04	12.8	12.91	2192	12.13	002275	桂林三金	SZ	12.88	12.1	
489	2012-06-11	12.8	12.93	12.73	12.88	2011	12.1	002275	桂林三金	SZ	12.73	11.96	
490	2012-06-08	12.98	12.99	12.71	12.73	4136	11.96	002275	桂林三金	SZ	12.85	12.08	
491	2012-06-07	13.2	13.29	12.8	12.85	4799	12.08	002275	桂林三金	SZ	13.02	12.24	
492	2012-06-06	13.34	13.37	12.96	13.02	5526	12.24	002275	桂林三金	SZ	13.35	12.55	
493	2012-06-05	13	13.37	12.9	13.35	9005	12.55	002275	桂林三金	SZ	13.27	12.47	
495	2012-06-01	13.23	13.38	13.22	13.27	3643	12.47	002275	桂林三金	SZ	13.29	12.49	
496	2012-05-31	13.3	13.36	13.11	13.29	5399	12.49	002275	桂林三金	SZ	13.28	12.48	
497	2012-05-30	13.13	13.36	13.13	13.28	3516	12.48	002275	桂林三金	SZ	13.2	12.4	
498	2012-05-29	13.09	13.3	13.02	13.2	3984	12.4	002275	桂林三金	SZ	13.08	12.29	
499	2012-05-28	13.02	13.08	12.72	13.08	4658	12.29	002275	桂林三金	SZ	13	12.22	
500	2012-05-25	13.2	13.2	13	13	3958	12.22	002275	桂林三金	SZ	13.19	12.4	
501	2012-05-24	13.27	13.35	13.14	13.19	4825	12.4	002275	桂林三金	SZ	13.3	12.5	
502	2012-05-23	13.32	13.36	13.13	13.3	3112	12.5	002275	桂林三金	SZ	13.26	12.46	
503	2012-05-22	13.15	13.37	13.15	13.26	4198	12.46	002275	桂林三金	SZ	13.12	12.33	
504	2012-05-21	13.12	13.32	13.04	13.12	3721	12.33	002275	桂林三金	SZ	13.11	12.32	
505	2012-05-18	13.54	13.54	13.1	13.11	7445	12.32	002275	桂林三金	SZ	13.45	12.64	
506	2012-05-17	13.4	13.62	13.33	13.45	11448	12.64	002275	桂林三金	SZ	13.45	12.64	
507	2012-05-16	13.9	13.9	13.38	13.45	12571	12.64	002275	桂林三金	SZ	13.99	12.81	
508	2012-05-15	13.96	14.1	13.91	13.99	14442	12.81	002275	桂林三金	SZ	14.03	12.85	
509	2012-05-14	13.95	14.15	13.81	14.03	10949	12.85	002275	桂林三金	SZ	13.89	12.72	
510	2012-05-11	13.85	13.99	13.79	13.89	10584	12.72	002275	桂林三金	SZ	13.85	12.68	
511	2012-05-10	13.49	13.96	13.43	13.85	15411	12.68	002275	桂林三金	SZ	13.49	12.35	
512	2012-05-09	13.45	13.71	13.39	13.49	12193	12.35	002275	桂林三金	SZ	13.5	12.36	
513	2012-05-08	13.56	13.58	13.36	13.5	6297	12.36	002275	桂林三金	SZ	13.53	12.39	
514	2012-05-07	13.43	13.54	13.3	13.53	7812	12.39	002275	桂林三金	SZ	13.47	12.33	
515	2012-05-04	13.36	13.57	13.36	13.47	9193	12.33	002275	桂林三金	SZ	13.29	12.17	
517	2012-05-02	13.2	13.36	13.06	13.29	6868	12.17	002275	桂林三金	SZ	13.05	11.95	
520	2012-04-27	12.98	13.06	12.92	13.05	3291	11.95	002275	桂林三金	SZ	13.04	11.94	
521	2012-04-26	13.17	13.17	12.93	13.04	4117	11.94	002275	桂林三金	SZ	13.1	11.99	
522	2012-04-25	12.9	13.16	12.8	13.1	3771	11.99	002275	桂林三金	SZ	12.99	11.89	
523	2012-04-24	13.26	13.29	12.63	12.99	7242	11.89	002275	桂林三金	SZ	13.24	12.12	
524	2012-04-23	13.35	13.77	13.24	13.24	7033	12.12	002275	桂林三金	SZ	13.35	12.22	
525	2012-04-20	13.18	13.45	13.13	13.35	6842	12.22	002275	桂林三金	SZ	13.14	12.03	
526	2012-04-19	13.3	13.32	13.02	13.14	5210	12.03	002275	桂林三金	SZ	13.27	12.15	
527	2012-04-18	13.09	13.33	12.98	13.27	7340	12.15	002275	桂林三金	SZ	13	11.9	
528	2012-04-17	13	13.16	12.86	13	6416	11.9	002275	桂林三金	SZ	13	11.9	
529	2012-04-16	12.99	13.05	12.78	13	5277	11.9	002275	桂林三金	SZ	12.99	11.89	
530	2012-04-13	13.01	13.14	12.98	12.99	5466	11.89	002275	桂林三金	SZ	12.97	11.87	
531	2012-04-12	12.79	13.04	12.78	12.97	6140	11.87	002275	桂林三金	SZ	12.78	11.7	
532	2012-04-11	12.69	12.84	12.5	12.78	3273	11.7	002275	桂林三金	SZ	12.76	11.68	
533	2012-04-10	12.64	12.8	12.36	12.76	3713	11.68	002275	桂林三金	SZ	12.65	11.58	
534	2012-04-09	12.73	12.87	12.63	12.65	3772	11.58	002275	桂林三金	SZ	12.73	11.65	
535	2012-04-06	12.7	12.82	12.63	12.73	5218	11.65	002275	桂林三金	SZ	12.67	11.6	
536	2012-04-05	12.39	12.75	12.35	12.67	5855	11.6	002275	桂林三金	SZ	12.38	11.33	
540	2012-03-30	12.25	12.44	12.2	12.38	5267	11.33	002275	桂林三金	SZ	12.36	11.32	
541	2012-03-29	12.71	12.71	12.29	12.36	6831	11.32	002275	桂林三金	SZ	12.71	11.64	
542	2012-03-28	13.21	13.21	12.62	12.71	10891	11.64	002275	桂林三金	SZ	13.21	12.09	
543	2012-03-27	13.59	13.6	13.2	13.21	9475	12.09	002275	桂林三金	SZ	13.47	12.33	
544	2012-03-26	13.68	13.7	13.39	13.47	10986	12.33	002275	桂林三金	SZ	13.76	12.6	
545	2012-03-23	14	14	13.65	13.76	20343	12.6	002275	桂林三金	SZ	14.09	12.9	
546	2012-03-22	13.9	14.33	13.8	14.09	31130	12.9	002275	桂林三金	SZ	14.11	12.92	
547	2012-03-21	14.08	14.2	13.6	14.11	50954	12.92	002275	桂林三金	SZ	14.09	12.9	
548	2012-03-20	13.44	14.49	13.15	14.09	39705	12.9	002275	桂林三金	SZ	13.44	12.3	
549	2012-03-19	13.13	13.52	13.04	13.44	9371	12.3	002275	桂林三金	SZ	13.13	12.02	
550	2012-03-16	12.91	13.14	12.85	13.13	8412	12.02	002275	桂林三金	SZ	12.91	11.82	
551	2012-03-15	13.14	13.23	12.7	12.91	9615	11.82	002275	桂林三金	SZ	13.14	12.03	
552	2012-03-14	13.66	13.73	13.04	13.14	15842	12.03	002275	桂林三金	SZ	13.61	12.46	
553	2012-03-13	13.58	13.66	13.45	13.61	5740	12.46	002275	桂林三金	SZ	13.58	12.43	
554	2012-03-12	13.51	13.58	13.41	13.58	8297	12.43	002275	桂林三金	SZ	13.45	12.31	
555	2012-03-09	13.25	13.45	13.25	13.45	5977	12.31	002275	桂林三金	SZ	13.25	12.13	
556	2012-03-08	13.14	13.28	13.12	13.25	5561	12.13	002275	桂林三金	SZ	13.1	11.99	
557	2012-03-07	13	13.23	13	13.1	4828	11.99	002275	桂林三金	SZ	13.08	11.98	
558	2012-03-06	13.39	13.42	13	13.08	9427	11.98	002275	桂林三金	SZ	13.34	12.21	
559	2012-03-05	13.44	13.54	13.32	13.34	5788	12.21	002275	桂林三金	SZ	13.44	12.3	
560	2012-03-02	13.3	13.44	13.26	13.44	5558	12.3	002275	桂林三金	SZ	13.26	12.14	
561	2012-03-01	13.13	13.38	13.13	13.26	7494	12.14	002275	桂林三金	SZ	13.14	12.03	
562	2012-02-29	13.33	13.43	13.14	13.14	10172	12.03	002275	桂林三金	SZ	13.33	12.2	
563	2012-02-28	13.48	13.57	13.3	13.33	10712	12.2	002275	桂林三金	SZ	13.54	12.4	
564	2012-02-27	13.7	13.9	13.54	13.54	20416	12.4	002275	桂林三金	SZ	13.64	12.49	
565	2012-02-24	13.51	13.68	13.4	13.64	12901	12.49	002275	桂林三金	SZ	13.52	12.38	
566	2012-02-23	13.7	13.78	13.36	13.52	14828	12.38	002275	桂林三金	SZ	13.73	12.57	
567	2012-02-22	13.75	13.85	13.6	13.73	18424	12.57	002275	桂林三金	SZ	13.9	12.73	
568	2012-02-21	13	13.96	12.78	13.9	13980	12.73	002275	桂林三金	SZ	13.03	11.93	
569	2012-02-20	13.3	13.33	13.01	13.03	5095	11.93	002275	桂林三金	SZ	13.11	12	
570	2012-02-17	13.1	13.25	12.9	13.11	4591	12	002275	桂林三金	SZ	13.1	11.99	
571	2012-02-16	12.88	13.3	12.87	13.1	15432	11.99	002275	桂林三金	SZ	12.89	11.8	
572	2012-02-15	12.77	12.93	12.6	12.89	6397	11.8	002275	桂林三金	SZ	12.79	11.71	
573	2012-02-14	12.79	12.89	12.64	12.79	5364	11.71	002275	桂林三金	SZ	12.75	11.67	
574	2012-02-13	12.61	12.9	12.5	12.75	7420	11.67	002275	桂林三金	SZ	12.63	11.56	
575	2012-02-10	12.58	12.7	12.51	12.63	6757	11.56	002275	桂林三金	SZ	12.61	11.55	
576	2012-02-09	12.53	12.7	12.35	12.61	10584	11.55	002275	桂林三金	SZ	12.5	11.44	
577	2012-02-08	12.2	12.53	12.18	12.5	5282	11.44	002275	桂林三金	SZ	12.25	11.22	
578	2012-02-07	12.5	12.5	12.19	12.25	3569	11.22	002275	桂林三金	SZ	12.48	11.43	
579	2012-02-06	12.52	12.53	12.38	12.48	5053	11.43	002275	桂林三金	SZ	12.48	11.43	
580	2012-02-03	12.35	12.53	12.23	12.48	5328	11.43	002275	桂林三金	SZ	12.34	11.3	
581	2012-02-02	12.35	12.39	12.2	12.34	4203	11.3	002275	桂林三金	SZ	12.19	11.16	
582	2012-02-01	12.22	12.42	12.1	12.19	4835	11.16	002275	桂林三金	SZ	12.21	11.18	
583	2012-01-31	12.18	12.26	12.06	12.21	1471	11.18	002275	桂林三金	SZ	12.22	11.19	
584	2012-01-30	12.34	12.36	12.12	12.22	4194	11.19	002275	桂林三金	SZ	12.34	11.3	
590	2012-01-20	11.99	12.43	11.95	12.34	8115	11.3	002275	桂林三金	SZ	11.99	10.98	
591	2012-01-19	11.8	12	11.75	11.99	3752	10.98	002275	桂林三金	SZ	11.79	10.79	
592	2012-01-18	12	12.18	11.75	11.79	5901	10.79	002275	桂林三金	SZ	12	10.99	
593	2012-01-17	11.6	12.11	11.33	12	7194	10.99	002275	桂林三金	SZ	11.41	10.45	
594	2012-01-16	11.7	11.75	11.41	11.41	2795	10.45	002275	桂林三金	SZ	11.71	10.72	
595	2012-01-13	12.29	12.29	11.6	11.71	7475	10.72	002275	桂林三金	SZ	12.31	11.27	
596	2012-01-12	12.21	12.4	12.12	12.31	6099	11.27	002275	桂林三金	SZ	12.25	11.22	
597	2012-01-11	12.35	12.49	12.17	12.25	8633	11.22	002275	桂林三金	SZ	12.33	11.29	
598	2012-01-10	11.87	12.4	11.81	12.33	10518	11.29	002275	桂林三金	SZ	11.92	10.91	
599	2012-01-09	11.55	11.94	11.55	11.92	6179	10.91	002275	桂林三金	SZ	11.59	10.61	
600	2012-01-06	11.4	11.64	11.31	11.59	4799	10.61	002275	桂林三金	SZ	11.41	10.45	
601	2012-01-05	12.01	12.17	11.33	11.41	11430	10.45	002275	桂林三金	SZ	12.18	11.15	
602	2012-01-04	12.8	12.8	12.15	12.18	6896	11.15	002275	桂林三金	SZ	12.73	11.65	
605	2011-12-30	12.51	12.75	12.51	12.73	7287	11.65	002275	桂林三金	SZ	12.57	11.51	
606	2011-12-29	12.65	12.72	12.5	12.57	4601	11.51	002275	桂林三金	SZ	12.65	11.58	
607	2011-12-28	12.77	12.9	12.43	12.65	10566	11.58	002275	桂林三金	SZ	12.43	11.38	
608	2011-12-27	12.58	12.67	12.4	12.43	3357	11.38	002275	桂林三金	SZ	12.59	11.53	
609	2011-12-26	12.48	12.83	12.48	12.59	6999	11.53	002275	桂林三金	SZ	12.48	11.43	
610	2011-12-23	12.75	13.1	12.37	12.48	9069	11.43	002275	桂林三金	SZ	12.82	11.74	
611	2011-12-22	13.26	13.26	12.38	12.82	9453	11.74	002275	桂林三金	SZ	13.26	12.14	
612	2011-12-21	13.88	13.89	13.2	13.26	7032	12.14	002275	桂林三金	SZ	13.76	12.6	
613	2011-12-20	13.74	13.88	13.58	13.76	6327	12.6	002275	桂林三金	SZ	13.76	12.6	
614	2011-12-19	13.9	13.95	13.45	13.76	11258	12.6	002275	桂林三金	SZ	14.18	12.98	
615	2011-12-16	14.8	14.9	13.36	14.18	27727	12.98	002275	桂林三金	SZ	14.84	13.59	
616	2011-12-15	14.71	15.09	14.61	14.84	16392	13.59	002275	桂林三金	SZ	14.81	13.56	
617	2011-12-14	14.73	15.09	14.5	14.81	13132	13.56	002275	桂林三金	SZ	14.74	13.5	
618	2011-12-13	14.81	14.84	14.41	14.74	11286	13.5	002275	桂林三金	SZ	14.88	13.62	
619	2011-12-12	15.3	15.3	14.86	14.88	11773	13.62	002275	桂林三金	SZ	15.28	13.99	
620	2011-12-09	15.06	15.36	14.93	15.28	16406	13.99	002275	桂林三金	SZ	15.27	13.98	
621	2011-12-08	15	15.51	14.76	15.27	25319	13.98	002275	桂林三金	SZ	15.12	13.84	
622	2011-12-07	14.5	15.17	14.35	15.12	20741	13.84	002275	桂林三金	SZ	14.42	13.2	
623	2011-12-06	14.66	14.82	14.27	14.42	12087	13.2	002275	桂林三金	SZ	14.85	13.6	
624	2011-12-05	14.91	15.03	14.65	14.85	16493	13.6	002275	桂林三金	SZ	15.15	13.87	
625	2011-12-02	14.95	15.16	14.64	15.15	26843	13.87	002275	桂林三金	SZ	15.05	13.78	
626	2011-12-01	14.52	15.25	14.5	15.05	39628	13.78	002275	桂林三金	SZ	14.25	13.05	
627	2011-11-30	14.72	14.86	14.03	14.25	10797	13.05	002275	桂林三金	SZ	14.68	13.44	
628	2011-11-29	14.46	14.7	14.46	14.68	7070	13.44	002275	桂林三金	SZ	14.42	13.2	
629	2011-11-28	14.18	14.48	14.16	14.42	3583	13.2	002275	桂林三金	SZ	14.16	12.96	
630	2011-11-25	14.17	14.32	14.11	14.16	2941	12.96	002275	桂林三金	SZ	14.23	13.03	
631	2011-11-24	14.19	14.29	14.04	14.23	3713	13.03	002275	桂林三金	SZ	14.19	12.99	
632	2011-11-23	14.34	14.34	14.17	14.19	2724	12.99	002275	桂林三金	SZ	14.22	13.02	
633	2011-11-22	14.2	14.47	14.02	14.22	3337	13.02	002275	桂林三金	SZ	14.39	13.17	
634	2011-11-21	14.3	14.4	14.16	14.39	2570	13.17	002275	桂林三金	SZ	14.28	13.07	
635	2011-11-18	14.56	14.6	14.17	14.28	7042	13.07	002275	桂林三金	SZ	14.62	13.39	
636	2011-11-17	14.6	14.93	14.56	14.62	5474	13.39	002275	桂林三金	SZ	14.6	13.37	
637	2011-11-16	15.01	15.09	14.45	14.6	8657	13.37	002275	桂林三金	SZ	14.98	13.71	
638	2011-11-15	15.04	15.09	14.88	14.98	5573	13.71	002275	桂林三金	SZ	15.04	13.77	
639	2011-11-14	14.89	15.12	14.8	15.04	12632	13.77	002275	桂林三金	SZ	14.7	13.46	
640	2011-11-11	14.55	14.89	14.47	14.7	9733	13.46	002275	桂林三金	SZ	14.51	13.28	
641	2011-11-10	14.5	14.63	14.4	14.51	6525	13.28	002275	桂林三金	SZ	14.65	13.41	
642	2011-11-09	14.65	14.65	14.45	14.65	7690	13.41	002275	桂林三金	SZ	14.5	13.28	
643	2011-11-08	14.71	14.77	14.44	14.5	6312	13.28	002275	桂林三金	SZ	14.71	13.47	
644	2011-11-07	14.86	14.99	14.66	14.71	10394	13.47	002275	桂林三金	SZ	14.88	13.62	
645	2011-11-04	14.67	14.93	14.66	14.88	14281	13.62	002275	桂林三金	SZ	14.67	13.43	
646	2011-11-03	14.64	14.98	14.61	14.67	18805	13.43	002275	桂林三金	SZ	14.61	13.38	
647	2011-11-02	14.41	14.64	14.17	14.61	13961	13.38	002275	桂林三金	SZ	14.49	13.27	
648	2011-11-01	14.34	14.59	14.28	14.49	9818	13.27	002275	桂林三金	SZ	14.35	13.14	
649	2011-10-31	14.45	14.5	14.3	14.35	5899	13.14	002275	桂林三金	SZ	14.44	13.22	
650	2011-10-28	14.26	14.47	14.2	14.44	8949	13.22	002275	桂林三金	SZ	14.16	12.96	
651	2011-10-27	14.19	14.3	14.1	14.16	3592	12.96	002275	桂林三金	SZ	14.17	12.97	
652	2011-10-26	14.11	14.33	14.02	14.17	5249	12.97	002275	桂林三金	SZ	14.19	12.99	
653	2011-10-25	13.8	14.24	13.8	14.19	6237	12.99	002275	桂林三金	SZ	13.86	12.69	
654	2011-10-24	13.55	13.88	13.52	13.86	3059	12.69	002275	桂林三金	SZ	13.5	12.36	
655	2011-10-21	13.61	13.65	13.5	13.5	2768	12.36	002275	桂林三金	SZ	13.6	12.45	
656	2011-10-20	13.94	13.98	13.5	13.6	3943	12.45	002275	桂林三金	SZ	13.94	12.76	
657	2011-10-19	13.94	14.07	13.86	13.94	3133	12.76	002275	桂林三金	SZ	13.93	12.75	
658	2011-10-18	14.12	14.26	13.91	13.93	5882	12.75	002275	桂林三金	SZ	14.22	13.02	
659	2011-10-17	14.5	14.54	14.13	14.22	5580	13.02	002275	桂林三金	SZ	14.37	13.16	
660	2011-10-14	14.38	14.65	14.19	14.37	11834	13.16	002275	桂林三金	SZ	14.38	13.17	
661	2011-10-13	14	14.41	13.91	14.38	9053	13.17	002275	桂林三金	SZ	14.11	12.92	
662	2011-10-12	13.62	14.13	13.6	14.11	8890	12.92	002275	桂林三金	SZ	13.75	12.59	
663	2011-10-11	14	14.1	13.6	13.75	5119	12.59	002275	桂林三金	SZ	13.76	12.6	
664	2011-10-10	13.65	13.92	13.65	13.76	3792	12.6	002275	桂林三金	SZ	13.6	12.45	
665	2011-09-30	13.79	13.85	13.51	13.6	4906	12.45	002275	桂林三金	SZ	13.6	12.45	
666	2011-09-29	13.5	13.82	13.49	13.6	7209	12.45	002275	桂林三金	SZ	13.61	12.46	
667	2011-09-28	13.7	13.73	13.51	13.61	3814	12.46	002275	桂林三金	SZ	13.64	12.49	
668	2011-09-27	13.7	13.7	13.48	13.64	3758	12.49	002275	桂林三金	SZ	13.48	12.34	
669	2011-09-26	13.66	13.7	13.41	13.48	6088	12.34	002275	桂林三金	SZ	13.66	12.51	
670	2011-09-23	13.68	13.78	13.43	13.66	6460	12.51	002275	桂林三金	SZ	13.84	12.67	
671	2011-09-22	14.15	14.18	13.82	13.84	4423	12.67	002275	桂林三金	SZ	14.24	13.04	
672	2011-09-21	13.82	14.26	13.73	14.24	8482	13.04	002275	桂林三金	SZ	13.94	12.76	
673	2011-09-20	13.91	14	13.7	13.94	3501	12.76	002275	桂林三金	SZ	13.95	12.77	
674	2011-09-19	14.23	14.23	13.85	13.95	4274	12.77	002275	桂林三金	SZ	14.22	13.02	
675	2011-09-16	14.22	14.36	14.19	14.22	1728	13.02	002275	桂林三金	SZ	14.19	12.99	
676	2011-09-15	14.28	14.37	14.18	14.19	2152	12.99	002275	桂林三金	SZ	14.16	12.96	
677	2011-09-14	14.28	14.28	14.01	14.16	3019	12.96	002275	桂林三金	SZ	14.14	12.95	
678	2011-09-13	14.45	14.45	14.04	14.14	4456	12.95	002275	桂林三金	SZ	14.5	13.28	
679	2011-09-09	14.4	14.81	14.4	14.5	9979	13.28	002275	桂林三金	SZ	14.4	13.18	
680	2011-09-08	14.56	14.67	14.4	14.4	4429	13.18	002275	桂林三金	SZ	14.57	13.34	
681	2011-09-07	14.48	14.68	14.43	14.57	6575	13.34	002275	桂林三金	SZ	14.42	13.2	
682	2011-09-06	14.2	14.47	14.2	14.42	2305	13.2	002275	桂林三金	SZ	14.42	13.2	
683	2011-09-05	14.88	14.88	14.33	14.42	3325	13.2	002275	桂林三金	SZ	14.88	13.62	
684	2011-09-02	15.16	15.25	14.86	14.88	4694	13.62	002275	桂林三金	SZ	15.19	13.91	
685	2011-09-01	14.85	15.26	14.81	15.19	6882	13.91	002275	桂林三金	SZ	14.85	13.6	
686	2011-08-31	15.01	15.14	14.77	14.85	3631	13.6	002275	桂林三金	SZ	15.01	13.74	
687	2011-08-30	15.21	15.45	14.96	15.01	5604	13.74	002275	桂林三金	SZ	15.16	13.88	
688	2011-08-29	15.22	15.33	15.08	15.16	3226	13.88	002275	桂林三金	SZ	15.25	13.96	
689	2011-08-26	15.15	15.35	15.12	15.25	5150	13.96	002275	桂林三金	SZ	15.21	13.93	
690	2011-08-25	14.99	15.25	14.99	15.21	7890	13.93	002275	桂林三金	SZ	14.98	13.71	
691	2011-08-24	14.89	15.3	14.84	14.98	10363	13.71	002275	桂林三金	SZ	14.79	13.54	
692	2011-08-23	14.52	14.8	14.46	14.79	2729	13.54	002275	桂林三金	SZ	14.53	13.3	
693	2011-08-22	14.7	14.88	14.5	14.53	3505	13.3	002275	桂林三金	SZ	14.7	13.46	
694	2011-08-19	14.3	14.75	14.21	14.7	6300	13.46	002275	桂林三金	SZ	14.8	13.55	
695	2011-08-18	15.1	15.2	14.78	14.8	6780	13.55	002275	桂林三金	SZ	15.12	13.84	
696	2011-08-17	15	15.18	14.9	15.12	4013	13.84	002275	桂林三金	SZ	15	13.73	
697	2011-08-16	15.17	15.2	15	15	7284	13.73	002275	桂林三金	SZ	15.17	13.89	
698	2011-08-15	14.81	15.27	14.81	15.17	6561	13.89	002275	桂林三金	SZ	14.85	13.6	
699	2011-08-12	14.81	14.97	14.78	14.85	6385	13.6	002275	桂林三金	SZ	14.75	13.5	
700	2011-08-11	14.36	14.84	14.18	14.75	8072	13.5	002275	桂林三金	SZ	14.56	13.33	
701	2011-08-10	14.58	14.99	14.51	14.56	8616	13.33	002275	桂林三金	SZ	14.51	13.28	
702	2011-08-09	14	14.53	13.85	14.51	11954	13.28	002275	桂林三金	SZ	14.52	13.29	
703	2011-08-08	15.37	15.38	14.06	14.52	18404	13.29	002275	桂林三金	SZ	15.39	14.09	
704	2011-08-05	15.3	15.48	15	15.39	7730	14.09	002275	桂林三金	SZ	15.75	14.42	
705	2011-08-04	15.66	15.86	15.6	15.75	14579	14.42	002275	桂林三金	SZ	15.59	14.27	
706	2011-08-03	15.55	15.69	15.33	15.59	10345	14.27	002275	桂林三金	SZ	15.59	14.27	
707	2011-08-02	15.8	15.8	15.37	15.59	9326	14.27	002275	桂林三金	SZ	15.76	14.43	
708	2011-08-01	15.79	15.96	15.66	15.76	6697	14.43	002275	桂林三金	SZ	15.79	14.46	
709	2011-07-29	15.98	16.07	15.66	15.79	8542	14.46	002275	桂林三金	SZ	15.96	14.61	
710	2011-07-28	16.17	16.17	15.79	15.96	10160	14.61	002275	桂林三金	SZ	16.2	14.83	
711	2011-07-27	16.02	16.34	15.85	16.2	8134	14.83	002275	桂林三金	SZ	16	14.65	
712	2011-07-26	15.8	16.12	15.8	16	5596	14.65	002275	桂林三金	SZ	15.8	14.47	
713	2011-07-25	16.75	16.89	15.76	15.8	17611	14.47	002275	桂林三金	SZ	16.84	15.42	
714	2011-07-22	17.11	17.22	16.75	16.84	12644	15.42	002275	桂林三金	SZ	17.15	15.7	
715	2011-07-21	17.25	17.5	17.06	17.15	17829	15.7	002275	桂林三金	SZ	17.24	15.78	
716	2011-07-20	16.79	17.25	16.72	17.24	12227	15.78	002275	桂林三金	SZ	16.67	15.26	
717	2011-07-19	17.03	17.06	16.67	16.67	9408	15.26	002275	桂林三金	SZ	17.08	15.64	
718	2011-07-18	17.28	17.58	17.04	17.08	19916	15.64	002275	桂林三金	SZ	17.23	15.77	
719	2011-07-15	17.05	17.39	16.8	17.23	24010	15.77	002275	桂林三金	SZ	16.96	15.53	
720	2011-07-14	16.62	17.04	16.5	16.96	15135	15.53	002275	桂林三金	SZ	16.62	15.22	
721	2011-07-13	16.29	16.68	16.29	16.62	10029	15.22	002275	桂林三金	SZ	16.4	15.01	
722	2011-07-12	16.8	16.8	16.39	16.4	7265	15.01	002275	桂林三金	SZ	16.83	15.41	
723	2011-07-11	16.66	16.86	16.65	16.83	7547	15.41	002275	桂林三金	SZ	16.85	15.43	
724	2011-07-08	16.99	17.07	16.7	16.85	6267	15.43	002275	桂林三金	SZ	17.02	15.58	
725	2011-07-07	16.65	17.07	16.64	17.02	29810	15.58	002275	桂林三金	SZ	16.69	15.28	
726	2011-07-06	16.75	16.77	16.4	16.69	7562	15.28	002275	桂林三金	SZ	16.77	15.35	
727	2011-07-05	16.74	16.78	16.5	16.77	9678	15.35	002275	桂林三金	SZ	16.76	15.34	
728	2011-07-04	16.5	17	16.4	16.76	26488	15.34	002275	桂林三金	SZ	16.55	15.15	
729	2011-07-01	16.19	17.55	16.19	16.55	28910	15.15	002275	桂林三金	SZ	15.95	14.6	
730	2011-06-29	16.02	16.31	15.9	15.95	7641	14.6	002275	桂林三金	SZ	16.17	14.8	
731	2011-06-28	16.09	16.25	15.95	16.17	6108	14.8	002275	桂林三金	SZ	16.1	14.74	
732	2011-06-27	16.15	16.24	15.96	16.1	8685	14.74	002275	桂林三金	SZ	16.11	14.75	
733	2011-06-24	15.78	16.18	15.7	16.11	7125	14.75	002275	桂林三金	SZ	15.82	14.48	
734	2011-06-23	15.5	15.83	15.4	15.82	2338	14.48	002275	桂林三金	SZ	15.58	14.26	
735	2011-06-22	15.59	15.74	15.58	15.58	2029	14.26	002275	桂林三金	SZ	15.57	14.26	
736	2011-06-21	15.72	15.72	15.56	15.57	2227	14.26	002275	桂林三金	SZ	15.68	14.36	
737	2011-06-20	15.6	15.74	15.42	15.68	3307	14.36	002275	桂林三金	SZ	15.6	14.28	
738	2011-06-17	15.9	16	15.58	15.6	2951	14.28	002275	桂林三金	SZ	15.9	14.56	
739	2011-06-16	16.34	16.34	15.9	15.9	2984	14.56	002275	桂林三金	SZ	16.33	14.95	
740	2011-06-15	16.4	16.55	16.26	16.33	2736	14.95	002275	桂林三金	SZ	16.43	15.04	
741	2011-06-14	16.27	16.52	16.17	16.43	4968	15.04	002275	桂林三金	SZ	16.2	14.83	
742	2011-06-13	16.2	16.25	16.05	16.2	2204	14.83	002275	桂林三金	SZ	16.28	14.91	
743	2011-06-10	16.23	16.43	16	16.28	5196	14.91	002275	桂林三金	SZ	16.23	14.86	
744	2011-06-09	16.22	16.62	16.08	16.23	9789	14.86	002275	桂林三金	SZ	16.21	14.84	
745	2011-06-08	16.27	16.27	16.02	16.21	2243	14.84	002275	桂林三金	SZ	16.27	14.9	
746	2011-06-07	15.7	16.5	15.7	16.27	7836	14.9	002275	桂林三金	SZ	15.84	14.5	
747	2011-06-03	15.55	15.88	15.55	15.84	2469	14.5	002275	桂林三金	SZ	15.66	14.34	
748	2011-06-02	15.93	15.93	15.49	15.66	3080	14.34	002275	桂林三金	SZ	16	14.65	
749	2011-06-01	15.8	16.23	15.8	16	4731	14.65	002275	桂林三金	SZ	16	14.65	
750	2011-05-31	15.84	16.04	15.31	16	9105	14.65	002275	桂林三金	SZ	15.45	14.15	
751	2011-05-30	15.93	15.93	15.3	15.45	9159	14.15	002275	桂林三金	SZ	15.85	14.51	
752	2011-05-27	15.94	16.17	15.59	15.85	4697	14.51	002275	桂林三金	SZ	16.05	14.69	
753	2011-05-26	16.05	16.27	15.72	16.05	4095	14.69	002275	桂林三金	SZ	15.98	14.63	
754	2011-05-25	16.15	16.15	15.84	15.98	4633	14.63	002275	桂林三金	SZ	16.11	14.75	
755	2011-05-24	15.9	16.11	15.56	16.11	8305	14.75	002275	桂林三金	SZ	16.03	14.68	
756	2011-05-23	16.7	16.73	15.92	16.03	12913	14.68	002275	桂林三金	SZ	16.68	15.27	
757	2011-05-20	17.14	17.2	16.62	16.68	8373	15.27	002275	桂林三金	SZ	17.2	15.75	
758	2011-05-19	17.5	17.5	17.14	17.2	8462	15.75	002275	桂林三金	SZ	17.52	16.04	
759	2011-05-18	17.35	17.55	17.13	17.52	13259	16.04	002275	桂林三金	SZ	17.34	15.88	
760	2011-05-17	17.25	17.55	17.05	17.34	25283	15.88	002275	桂林三金	SZ	17.6	16.11	
761	2011-05-16	16.75	17.93	16.6	17.6	58387	16.11	002275	桂林三金	SZ	16.3	14.92	
762	2011-05-13	16.38	16.42	16.08	16.3	3958	14.92	002275	桂林三金	SZ	16.29	14.91	
763	2011-05-12	16.77	16.77	16.21	16.29	4553	14.91	002275	桂林三金	SZ	16.68	15.27	
764	2011-05-11	16.71	16.75	16.57	16.68	2443	15.27	002275	桂林三金	SZ	16.65	15.24	
765	2011-05-10	16.68	16.85	16.5	16.65	2200	15.24	002275	桂林三金	SZ	16.51	15.12	
766	2011-05-09	16.72	16.76	16.5	16.51	2755	15.12	002275	桂林三金	SZ	16.7	15.29	
767	2011-05-06	16.8	16.8	16.6	16.7	2741	15.29	002275	桂林三金	SZ	16.71	15.3	
768	2011-05-05	16.61	16.89	16.61	16.71	2221	15.3	002275	桂林三金	SZ	16.75	15.34	
769	2011-05-04	16.7	16.88	16.42	16.75	6913	15.34	002275	桂林三金	SZ	16.7	15.29	
770	2011-05-03	16.33	16.96	16.2	16.7	4868	15.29	002275	桂林三金	SZ	16.33	14.95	
771	2011-04-29	16	16.43	16	16.33	3571	14.95	002275	桂林三金	SZ	15.98	14.63	
772	2011-04-28	16.88	17.08	15.9	15.98	6657	14.63	002275	桂林三金	SZ	16.82	15.4	
773	2011-04-27	17.56	17.69	16.71	16.82	7439	15.4	002275	桂林三金	SZ	17.55	16.07	
774	2011-04-26	17.91	18.1	17.51	17.55	6074	16.07	002275	桂林三金	SZ	17.88	16.37	
775	2011-04-25	17.8	18.22	17.49	17.88	9097	16.37	002275	桂林三金	SZ	17.83	16.32	
776	2011-04-22	18.13	18.13	17.8	17.83	5653	16.32	002275	桂林三金	SZ	18.15	16.62	
777	2011-04-21	18.18	18.4	17.78	18.15	18379	16.62	002275	桂林三金	SZ	18.42	12.84	
778	2011-04-20	18.15	18.44	17.92	18.42	17081	12.84	002275	桂林三金	SZ	18.07	12.59	
779	2011-04-19	17.85	18.13	17.79	18.07	14075	12.59	002275	桂林三金	SZ	17.81	12.41	
780	2011-04-18	17.74	17.88	17.74	17.81	5127	12.41	002275	桂林三金	SZ	17.74	12.36	
781	2011-04-15	17.92	17.98	17.64	17.74	7963	12.36	002275	桂林三金	SZ	17.94	12.5	
782	2011-04-14	17.75	18.17	17.75	17.94	15142	12.5	002275	桂林三金	SZ	17.65	12.3	
783	2011-04-13	17.42	17.65	17.38	17.65	5636	12.3	002275	桂林三金	SZ	17.42	12.14	
784	2011-04-11	17.75	17.76	17.42	17.42	8737	12.14	002275	桂林三金	SZ	17.76	12.37	
785	2011-04-08	17.61	17.87	17.57	17.76	6327	12.37	002275	桂林三金	SZ	17.61	12.27	
786	2011-04-07	17.69	17.75	17.51	17.61	4679	12.27	002275	桂林三金	SZ	17.71	12.34	
787	2011-04-06	17.46	17.75	17.38	17.71	7029	12.34	002275	桂林三金	SZ	17.41	12.13	
788	2011-04-01	17.45	17.46	17.23	17.41	3727	12.13	002275	桂林三金	SZ	17.26	12.03	
789	2011-03-31	17.59	17.73	17.22	17.26	7538	12.03	002275	桂林三金	SZ	17.71	12.34	
790	2011-03-30	17.54	17.8	17.46	17.71	6851	12.34	002275	桂林三金	SZ	17.54	12.22	
791	2011-03-29	17.53	17.65	17.32	17.54	8900	12.22	002275	桂林三金	SZ	17.52	12.21	
792	2011-03-28	18.14	18.22	17.46	17.52	19517	12.21	002275	桂林三金	SZ	18.14	12.64	
793	2011-03-25	18.11	18.21	17.92	18.14	13966	12.64	002275	桂林三金	SZ	18.12	12.62	
794	2011-03-24	18.46	18.59	18.08	18.12	16452	12.62	002275	桂林三金	SZ	18.45	12.85	
795	2011-03-23	18.62	18.74	18.36	18.45	14747	12.85	002275	桂林三金	SZ	18.64	12.99	
796	2011-03-22	18.92	19.19	18.54	18.64	8195	12.99	002275	桂林三金	SZ	18.83	13.12	
797	2011-03-21	18.66	19.08	18.65	18.83	19527	13.12	002275	桂林三金	SZ	18.73	13.05	
798	2011-03-18	18.81	18.88	18.56	18.73	14522	13.05	002275	桂林三金	SZ	18.61	12.96	
799	2011-03-17	18.39	18.93	18.29	18.61	22746	12.96	002275	桂林三金	SZ	18.39	12.81	
800	2011-03-16	18.23	18.54	18.17	18.39	8069	12.81	002275	桂林三金	SZ	18.25	12.71	
801	2011-03-15	18.6	18.62	17.97	18.25	10661	12.71	002275	桂林三金	SZ	18.6	12.96	
802	2011-03-14	18.19	18.82	18.15	18.6	12040	12.96	002275	桂林三金	SZ	18.23	12.7	
803	2011-03-11	18.5	18.5	18.1	18.23	12685	12.7	002275	桂林三金	SZ	18.46	12.86	
804	2011-03-10	18.55	18.66	18.31	18.46	12800	12.86	002275	桂林三金	SZ	18.68	13.01	
805	2011-03-09	18.55	18.99	18.55	18.68	26218	13.01	002275	桂林三金	SZ	18.31	12.75	
806	2011-03-08	18.32	18.39	18.1	18.31	7855	12.75	002275	桂林三金	SZ	18.39	12.81	
807	2011-03-07	18.45	18.55	18.15	18.39	12230	12.81	002275	桂林三金	SZ	18.31	12.75	
808	2011-03-04	18.02	18.38	18.02	18.31	8976	12.75	002275	桂林三金	SZ	18.04	12.57	
809	2011-03-03	18.55	18.68	18.03	18.04	12846	12.57	002275	桂林三金	SZ	18.54	12.92	
810	2011-03-02	18.2	18.71	17.92	18.54	26288	12.92	002275	桂林三金	SZ	18.28	12.74	
811	2011-03-01	18.22	18.58	18.02	18.28	44918	12.74	002275	桂林三金	SZ	18.38	12.81	
812	2011-02-28	17.18	18.46	17.02	18.38	29581	12.81	002275	桂林三金	SZ	17.21	11.99	
813	2011-02-25	17.29	17.29	17	17.21	12396	11.99	002275	桂林三金	SZ	17.29	12.05	
814	2011-02-24	17.31	17.31	17.08	17.29	5296	12.05	002275	桂林三金	SZ	17.31	12.06	
815	2011-02-23	16.96	17.35	16.96	17.31	5984	12.06	002275	桂林三金	SZ	17.06	11.89	
816	2011-02-22	17.58	17.67	16.94	17.06	9501	11.89	002275	桂林三金	SZ	17.46	12.17	
817	2011-02-21	17.22	17.58	17.2	17.46	7729	12.17	002275	桂林三金	SZ	17.28	12.04	
818	2011-02-18	17.54	17.56	17.17	17.28	9114	12.04	002275	桂林三金	SZ	17.61	12.27	
819	2011-02-17	17.67	17.84	17.4	17.61	9577	12.27	002275	桂林三金	SZ	17.65	12.3	
820	2011-02-16	17.26	18	17.13	17.65	13008	12.3	002275	桂林三金	SZ	17.12	11.93	
821	2011-02-15	17.35	17.38	17.12	17.12	10989	11.93	002275	桂林三金	SZ	17.35	12.08	
822	2011-02-14	17.11	17.45	17.08	17.35	12934	12.08	002275	桂林三金	SZ	17.15	11.95	
823	2011-02-11	16.96	17.22	16.84	17.15	6439	11.95	002275	桂林三金	SZ	16.92	11.79	
824	2011-02-10	16.29	16.92	16.29	16.92	8496	11.79	002275	桂林三金	SZ	16.49	11.49	
825	2011-02-09	16.69	16.69	16.38	16.49	3795	11.49	002275	桂林三金	SZ	16.69	11.63	
826	2011-02-01	16.91	16.91	16.64	16.69	3782	11.63	002275	桂林三金	SZ	16.75	11.67	
827	2011-01-31	16.5	16.79	16.49	16.75	3736	11.67	002275	桂林三金	SZ	16.49	11.49	
828	2011-01-28	16.55	16.58	16.38	16.49	5071	11.49	002275	桂林三金	SZ	16.58	11.55	
829	2011-01-27	16.35	16.58	16.2	16.58	5862	11.55	002275	桂林三金	SZ	16.35	11.39	
830	2011-01-26	16.12	16.45	15.99	16.35	6029	11.39	002275	桂林三金	SZ	16.12	11.23	
831	2011-01-25	15.79	16.15	15.79	16.12	5738	11.23	002275	桂林三金	SZ	15.92	11.09	
832	2011-01-24	16.16	16.28	15.91	15.92	5785	11.09	002275	桂林三金	SZ	16.16	11.26	
833	2011-01-21	16.37	16.62	16.06	16.16	11644	11.26	002275	桂林三金	SZ	16.37	11.4	
834	2011-01-20	17.27	17.27	16.35	16.37	7200	11.4	002275	桂林三金	SZ	17.22	11.99	
835	2011-01-19	16.79	17.22	16.79	17.22	7559	11.99	002275	桂林三金	SZ	16.93	11.8	
836	2011-01-18	17	17	16.71	16.93	6419	11.8	002275	桂林三金	SZ	17	11.84	
837	2011-01-17	18.08	18.08	16.96	17	9448	11.84	002275	桂林三金	SZ	18.07	12.59	
838	2011-01-14	18.08	18.42	17.98	18.07	5470	12.59	002275	桂林三金	SZ	18.28	12.74	
839	2011-01-13	18.42	18.43	18.19	18.28	5166	12.74	002275	桂林三金	SZ	18.25	12.71	
840	2011-01-12	18.1	18.38	17.99	18.25	7707	12.71	002275	桂林三金	SZ	18.1	12.61	
841	2011-01-11	18.46	18.92	18.08	18.1	11958	12.61	002275	桂林三金	SZ	18.7	13.03	
842	2011-01-10	18.89	18.99	18.65	18.7	5565	13.03	002275	桂林三金	SZ	18.81	13.1	
843	2011-01-07	18.92	19.07	18.78	18.81	9352	13.1	002275	桂林三金	SZ	18.92	13.18	
844	2011-01-06	19.16	19.23	18.85	18.92	6056	13.18	002275	桂林三金	SZ	19.19	13.37	
845	2011-01-05	19.37	19.37	19.07	19.19	13722	13.37	002275	桂林三金	SZ	19.37	13.49	
846	2011-01-04	19.19	19.42	19.03	19.37	11669	13.49	002275	桂林三金	SZ	19.18	13.37	
847	2010-12-31	18.86	19.22	18.77	19.18	6443	13.37	002275	桂林三金	SZ	18.87	13.15	
848	2010-12-30	19.04	19.21	18.74	18.87	5980	13.15	002275	桂林三金	SZ	19.04	13.26	
849	2010-12-29	18.73	19.04	18.63	19.04	6096	13.26	002275	桂林三金	SZ	18.69	13.02	
850	2010-12-28	19.07	19.23	18.6	18.69	6943	13.02	002275	桂林三金	SZ	19.08	13.3	
851	2010-12-27	20.02	20.68	19.08	19.08	10863	13.3	002275	桂林三金	SZ	20.08	13.99	
852	2010-12-24	20.42	20.86	19.92	20.08	7609	13.99	002275	桂林三金	SZ	20.58	14.34	
853	2010-12-23	20.74	20.74	20.01	20.58	13276	14.34	002275	桂林三金	SZ	20.75	14.46	
854	2010-12-21	20.71	21.37	20.52	20.75	21426	14.46	002275	桂林三金	SZ	20.88	14.55	
855	2010-12-20	20.77	21.43	19.94	20.88	29692	14.55	002275	桂林三金	SZ	20.83	14.51	
856	2010-12-17	20.54	20.92	20.38	20.83	22420	14.51	002275	桂林三金	SZ	20.54	14.31	
857	2010-12-16	19.86	20.62	19.78	20.54	21973	14.31	002275	桂林三金	SZ	19.88	13.85	
858	2010-12-15	19.86	20.13	19.78	19.88	11257	13.85	002275	桂林三金	SZ	19.82	13.81	
859	2010-12-14	19.79	19.88	19.62	19.82	7805	13.81	002275	桂林三金	SZ	19.75	13.76	
860	2010-12-13	19.38	19.78	19.38	19.75	9824	13.76	002275	桂林三金	SZ	19.32	13.46	
861	2010-12-10	19.23	19.5	19.16	19.32	5859	13.46	002275	桂林三金	SZ	19.22	13.39	
862	2010-12-09	19.62	19.88	19.2	19.22	8910	13.39	002275	桂林三金	SZ	19.65	13.69	
863	2010-12-08	19.85	20.07	19.62	19.65	8945	13.69	002275	桂林三金	SZ	19.94	13.89	
864	2010-12-07	19.69	19.96	19.37	19.94	6479	13.89	002275	桂林三金	SZ	19.63	13.68	
865	2010-12-06	19.38	19.69	19.36	19.63	11326	13.68	002275	桂林三金	SZ	19.46	13.56	
866	2010-12-03	19.89	19.98	19.42	19.46	11204	13.56	002275	桂林三金	SZ	19.88	13.85	
867	2010-12-02	19.77	20.29	19.77	19.88	10431	13.85	002275	桂林三金	SZ	19.85	13.83	
868	2010-12-01	20.2	20.26	19.75	19.85	11956	13.83	002275	桂林三金	SZ	20.26	14.12	
869	2010-11-30	21.32	21.42	19.81	20.26	24409	14.12	002275	桂林三金	SZ	21.31	14.85	
870	2010-11-29	21.23	21.5	20.96	21.31	15167	14.85	002275	桂林三金	SZ	21.25	14.8	
871	2010-11-26	21.47	21.73	21	21.25	19282	14.8	002275	桂林三金	SZ	21.47	14.96	
872	2010-11-25	21.54	22.02	21.38	21.47	26315	14.96	002275	桂林三金	SZ	21.39	14.9	
873	2010-11-24	20.77	21.52	20.38	21.39	22051	14.9	002275	桂林三金	SZ	20.83	14.51	
874	2010-11-23	20.92	20.92	20.38	20.83	10558	14.51	002275	桂林三金	SZ	20.98	14.62	
875	2010-11-22	20.48	21.29	20.38	20.98	17208	14.62	002275	桂林三金	SZ	20.58	14.34	
876	2010-11-19	20	20.58	19.85	20.58	11940	14.34	002275	桂林三金	SZ	19.85	13.83	
877	2010-11-18	20.27	20.28	19.69	19.85	11613	13.83	002275	桂林三金	SZ	19.81	13.8	
878	2010-11-17	20.27	20.75	19.78	19.81	17458	13.8	002275	桂林三金	SZ	20.77	14.47	
879	2010-11-16	20.92	21.71	20.45	20.77	33614	14.47	002275	桂林三金	SZ	20.91	14.57	
880	2010-11-15	20.23	20.95	20.23	20.91	24429	14.57	002275	桂林三金	SZ	19.88	13.85	
881	2010-11-12	21.65	21.65	19.76	19.88	36615	13.85	002275	桂林三金	SZ	21.72	15.13	
882	2010-11-11	21.92	22.53	21.72	21.72	41275	15.13	002275	桂林三金	SZ	21.85	15.22	
883	2010-11-10	22.08	22.48	21.78	21.85	41454	15.22	002275	桂林三金	SZ	22.08	15.39	
884	2010-11-09	21.27	22.25	21	22.08	50210	15.39	002275	桂林三金	SZ	21.23	14.79	
885	2010-11-08	20.6	21.38	20.6	21.23	25919	14.79	002275	桂林三金	SZ	20.62	14.37	
886	2010-11-05	20.85	21	20.54	20.62	16621	14.37	002275	桂林三金	SZ	20.69	14.42	
887	2010-11-04	20.2	20.85	20	20.69	22187	14.42	002275	桂林三金	SZ	20.2	14.07	
888	2010-11-03	20.76	20.76	20.16	20.2	14232	14.07	002275	桂林三金	SZ	20.68	14.41	
889	2010-11-02	20.65	21.12	20.48	20.68	22351	14.41	002275	桂林三金	SZ	20.62	14.36	
890	2010-11-01	20.76	20.76	20.35	20.62	18655	14.36	002275	桂林三金	SZ	20.48	14.27	
891	2010-10-29	20.2	20.62	20.04	20.48	16444	14.27	002275	桂林三金	SZ	20.54	14.31	
892	2010-10-28	20.2	20.62	20.04	20.54	20177	14.31	002275	桂林三金	SZ	20.26	14.12	
893	2010-10-27	21	21.65	20.08	20.26	30606	14.12	002275	桂林三金	SZ	21.02	14.65	
894	2010-10-26	20.77	21.38	20.46	21.02	41226	14.65	002275	桂林三金	SZ	20.78	14.48	
895	2010-10-25	20.52	20.85	20.26	20.78	37286	14.48	002275	桂林三金	SZ	20.46	14.26	
896	2010-10-22	19.88	20.54	19.88	20.46	45186	14.26	002275	桂林三金	SZ	19.87	13.84	
897	2010-10-21	19.5	19.87	19.24	19.87	21194	13.84	002275	桂林三金	SZ	19.5	13.59	
898	2010-10-20	18.92	19.61	18.77	19.5	24083	13.59	002275	桂林三金	SZ	19.23	13.4	
899	2010-10-19	18.75	19.23	18.6	19.23	15628	13.4	002275	桂林三金	SZ	18.77	13.08	
900	2010-10-18	19.08	19.22	18.41	18.77	19257	13.08	002275	桂林三金	SZ	19.08	13.3	
901	2010-10-15	19.01	19.23	18.92	19.08	15589	13.3	002275	桂林三金	SZ	18.98	13.23	
902	2010-10-14	19.25	19.26	18.98	18.98	15451	13.23	002275	桂林三金	SZ	19.36	13.49	
903	2010-10-13	19.82	19.82	19.15	19.36	30047	13.49	002275	桂林三金	SZ	19.82	13.81	
904	2010-10-12	19.77	20.3	19.62	19.82	21455	13.81	002275	桂林三金	SZ	20.06	13.98	
905	2010-10-11	19.91	21	19.81	20.06	37461	13.98	002275	桂林三金	SZ	19.76	13.77	
906	2010-10-08	19.37	19.84	19.21	19.76	19373	13.77	002275	桂林三金	SZ	19.18	13.36	
907	2010-09-30	18.89	19.34	18.85	19.18	23117	13.36	002275	桂林三金	SZ	18.98	13.23	
908	2010-09-29	19.5	19.69	18.96	18.98	10322	13.23	002275	桂林三金	SZ	19.71	13.73	
909	2010-09-28	19.53	19.91	19.33	19.71	19972	13.73	002275	桂林三金	SZ	19.46	13.56	
910	2010-09-27	18.88	19.46	18.88	19.46	9975	13.56	002275	桂林三金	SZ	18.95	13.21	
911	2010-09-21	19.01	19.19	18.85	18.95	5388	13.21	002275	桂林三金	SZ	19.01	13.24	
912	2010-09-20	19.27	19.58	18.95	19.01	8070	13.24	002275	桂林三金	SZ	19.38	13.51	
913	2010-09-17	19.08	19.7	19.08	19.38	13481	13.51	002275	桂林三金	SZ	19.08	13.3	
914	2010-09-16	19.78	19.95	19.06	19.08	20266	13.3	002275	桂林三金	SZ	19.85	13.83	
915	2010-09-15	20.33	20.46	19.65	19.85	19107	13.83	002275	桂林三金	SZ	20.32	14.15	
916	2010-09-14	20.52	20.64	20.16	20.32	21862	14.15	002275	桂林三金	SZ	20.49	14.28	
917	2010-09-13	20.31	20.58	20.2	20.49	35288	14.28	002275	桂林三金	SZ	20.3	14.14	
918	2010-09-10	19.35	20.3	18.92	20.3	41234	14.14	002275	桂林三金	SZ	19.42	13.53	
919	2010-09-09	19.89	20.3	19.38	19.42	25092	13.53	002275	桂林三金	SZ	19.88	13.85	
920	2010-09-08	19.45	20	19.25	19.88	24796	13.85	002275	桂林三金	SZ	19.48	13.57	
921	2010-09-07	19.47	19.56	19.19	19.48	17192	13.57	002275	桂林三金	SZ	19.47	13.56	
922	2010-09-06	19.61	19.61	19.15	19.47	20004	13.56	002275	桂林三金	SZ	19.25	13.41	
923	2010-09-03	19.17	19.59	19.08	19.25	18471	13.41	002275	桂林三金	SZ	19.15	13.34	
924	2010-09-02	18.86	19.26	18.82	19.15	17103	13.34	002275	桂林三金	SZ	18.81	13.1	
925	2010-09-01	19.23	19.45	18.67	18.81	21537	13.1	002275	桂林三金	SZ	19.25	13.41	
926	2010-08-31	19.44	19.44	19.05	19.25	15972	13.41	002275	桂林三金	SZ	19.42	13.53	
927	2010-08-30	19.01	19.43	19.01	19.42	19158	13.53	002275	桂林三金	SZ	18.94	13.19	
928	2010-08-27	18.79	19.03	18.62	18.94	10939	13.19	002275	桂林三金	SZ	18.81	13.1	
929	2010-08-26	18.77	19.05	18.39	18.81	15120	13.1	002275	桂林三金	SZ	18.76	13.07	
930	2010-08-25	19.08	19.31	18.76	18.76	15237	13.07	002275	桂林三金	SZ	19.08	13.29	
931	2010-08-24	19.23	19.25	18.6	19.08	21731	13.29	002275	桂林三金	SZ	19.23	13.4	
932	2010-08-23	19.91	19.91	19.15	19.23	39999	13.4	002275	桂林三金	SZ	20.32	14.16	
933	2010-08-19	19.67	20.58	19.62	20.32	44115	14.16	002275	桂林三金	SZ	19.66	13.7	
934	2010-08-18	19.61	19.73	19.39	19.66	19716	13.7	002275	桂林三金	SZ	19.6	13.66	
935	2010-08-17	19.69	19.87	19.33	19.6	21513	13.66	002275	桂林三金	SZ	19.65	13.69	
936	2010-08-16	19.35	19.87	19.35	19.65	31989	13.69	002275	桂林三金	SZ	19.11	13.31	
937	2010-08-13	18.83	19.19	18.79	19.11	17379	13.31	002275	桂林三金	SZ	18.85	13.13	
938	2010-08-12	19.51	19.69	18.76	18.85	29152	13.13	002275	桂林三金	SZ	19.54	13.61	
939	2010-08-11	19.54	19.78	19.25	19.54	24160	13.61	002275	桂林三金	SZ	19.74	13.75	
940	2010-08-10	19.42	19.88	19.38	19.74	62013	13.75	002275	桂林三金	SZ	19.48	13.57	
941	2010-08-09	19.38	19.72	19.23	19.48	59676	13.57	002275	桂林三金	SZ	19.58	13.64	
942	2010-08-06	19.85	19.87	19.18	19.58	64553	13.64	002275	桂林三金	SZ	19.88	13.85	
943	2010-08-05	19.96	19.96	19.55	19.88	37058	13.85	002275	桂林三金	SZ	20.07	13.98	
944	2010-08-04	18.75	20.15	18.58	20.07	72418	13.98	002275	桂林三金	SZ	18.81	13.1	
945	2010-08-03	17.85	19.43	17.85	18.81	71334	13.1	002275	桂林三金	SZ	17.78	12.39	
946	2010-08-02	17.24	17.85	17.24	17.78	29885	12.39	002275	桂林三金	SZ	17.21	11.99	
947	2010-07-30	17.43	17.58	17.08	17.21	23720	11.99	002275	桂林三金	SZ	17.42	12.14	
948	2010-07-29	17.18	17.42	17.12	17.42	18507	12.14	002275	桂林三金	SZ	17.15	11.95	
949	2010-07-28	16.78	17.23	16.73	17.15	17984	11.95	002275	桂林三金	SZ	16.85	11.74	
950	2010-07-27	16.97	16.99	16.74	16.85	10657	11.74	002275	桂林三金	SZ	17	11.84	
951	2010-07-26	16.9	17.08	16.77	17	18800	11.84	002275	桂林三金	SZ	16.88	11.76	
952	2010-07-23	16.85	16.88	16.62	16.88	18988	11.76	002275	桂林三金	SZ	16.8	11.7	
953	2010-07-22	16.6	16.83	16.54	16.8	12777	11.7	002275	桂林三金	SZ	16.62	11.58	
954	2010-07-21	16.66	16.88	16.6	16.62	16663	11.58	002275	桂林三金	SZ	16.66	11.61	
955	2010-07-20	16.32	16.84	16.23	16.66	15331	11.61	002275	桂林三金	SZ	16.28	11.35	
956	2010-07-19	15.87	16.34	15.85	16.28	9898	11.35	002275	桂林三金	SZ	16.02	11.16	
957	2010-07-16	15.85	16.15	15.84	16.02	6159	11.16	002275	桂林三金	SZ	15.96	11.12	
958	2010-07-15	16.15	16.36	15.95	15.96	8329	11.12	002275	桂林三金	SZ	16.35	11.39	
959	2010-07-14	16.15	16.42	15.77	16.35	15449	11.39	002275	桂林三金	SZ	16.25	11.32	
960	2010-07-13	16.74	16.74	16.06	16.25	12947	11.32	002275	桂林三金	SZ	16.83	11.73	
961	2010-07-12	16.54	16.89	16.35	16.83	18161	11.73	002275	桂林三金	SZ	16.59	11.56	
962	2010-07-09	16.09	16.66	15.95	16.59	10709	11.56	002275	桂林三金	SZ	16.08	11.21	
963	2010-07-08	16.5	16.5	15.92	16.08	8477	11.21	002275	桂林三金	SZ	16.32	11.37	
964	2010-07-07	16.27	16.35	16.15	16.32	5713	11.37	002275	桂林三金	SZ	16.25	11.32	
965	2010-07-06	15.76	16.33	15.64	16.25	9337	11.32	002275	桂林三金	SZ	15.77	10.99	
966	2010-07-05	16.06	16.06	15.46	15.77	5704	10.99	002275	桂林三金	SZ	16.14	11.24	
967	2010-07-02	16.39	16.62	15.43	16.14	9073	11.24	002275	桂林三金	SZ	16.5	11.5	
968	2010-07-01	16.98	17.14	16.43	16.5	8357	11.5	002275	桂林三金	SZ	17.04	11.87	
969	2010-06-30	16.93	17.31	16.54	17.04	7553	11.87	002275	桂林三金	SZ	17.31	12.06	
970	2010-06-29	17.95	18.02	17.11	17.31	15503	12.06	002275	桂林三金	SZ	17.87	12.45	
971	2010-06-28	17.91	18.12	17.77	17.87	8882	12.45	002275	桂林三金	SZ	17.91	12.48	
972	2010-06-25	18.08	18.25	17.81	17.91	6136	12.48	002275	桂林三金	SZ	18.28	12.73	
973	2010-06-24	18.16	18.42	18	18.28	8718	12.73	002275	桂林三金	SZ	18.15	12.65	
974	2010-06-23	18.17	18.45	17.98	18.15	6712	12.65	002275	桂林三金	SZ	18.32	12.77	
975	2010-06-22	18.13	18.42	18.04	18.32	12665	12.77	002275	桂林三金	SZ	18.16	12.65	
976	2010-06-21	17.83	18.25	17.55	18.16	21447	12.65	002275	桂林三金	SZ	17.82	12.42	
977	2010-06-18	18.68	18.92	17.6	17.82	16904	12.42	002275	桂林三金	SZ	18.69	13.02	
978	2010-06-17	20.12	20.22	18.69	18.69	23216	13.02	002275	桂林三金	SZ	20.05	13.97	
979	2010-06-11	20.46	20.65	19.98	20.05	13126	13.97	002275	桂林三金	SZ	20.48	14.27	
980	2010-06-10	20.33	20.68	20.33	20.48	11050	14.27	002275	桂林三金	SZ	20.52	14.29	
981	2010-06-09	20.24	20.61	20.16	20.52	14496	14.29	002275	桂林三金	SZ	20.22	14.09	
982	2010-06-08	19.82	20.52	19.82	20.22	17183	14.09	002275	桂林三金	SZ	19.81	13.8	
983	2010-06-07	19.52	19.85	19.24	19.81	13974	13.8	002275	桂林三金	SZ	19.78	13.78	
984	2010-06-04	19.62	19.81	19.25	19.78	12476	13.78	002275	桂林三金	SZ	19.58	13.64	
985	2010-06-03	19.63	19.96	19.53	19.58	11980	13.64	002275	桂林三金	SZ	19.62	13.67	
986	2010-06-02	19.73	19.9	18.98	19.62	13613	13.67	002275	桂林三金	SZ	19.95	13.9	
987	2010-06-01	19.96	20.3	19.38	19.95	19488	13.9	002275	桂林三金	SZ	20.15	14.04	
988	2010-05-31	20.14	20.74	19.96	20.15	30402	14.04	002275	桂林三金	SZ	20.15	14.04	
989	2010-05-28	20.05	20.27	19.73	20.15	26450	14.04	002275	桂林三金	SZ	19.91	13.87	
990	2010-05-27	19.65	20.15	19.62	19.91	36427	13.87	002275	桂林三金	SZ	19.31	13.45	
991	2010-05-26	18.93	19.37	18.93	19.31	12814	13.45	002275	桂林三金	SZ	19.17	13.36	
992	2010-05-25	18.91	19.42	18.85	19.17	20328	13.36	002275	桂林三金	SZ	19.21	13.38	
993	2010-05-24	18.12	19.27	18.12	19.21	24116	13.38	002275	桂林三金	SZ	18.12	12.63	
994	2010-05-21	17.15	18.15	17.01	18.12	14016	12.63	002275	桂林三金	SZ	17.68	12.32	
995	2010-05-20	17.59	18.08	17.35	17.68	13727	12.32	002275	桂林三金	SZ	17.7	12.33	
996	2010-05-19	17.82	18.11	17.35	17.7	12118	12.33	002275	桂林三金	SZ	17.92	12.48	
997	2010-05-18	18.06	18.19	17.15	17.92	15036	12.48	002275	桂林三金	SZ	18	12.54	
998	2010-05-17	18.88	19.16	18	18	15834	12.54	002275	桂林三金	SZ	19.1	13.31	
999	2010-05-14	19.18	19.4	18.93	19.1	12866	13.31	002275	桂林三金	SZ	19.2	13.38	
1000	2010-05-13	18.64	19.22	18.55	19.2	11820	13.38	002275	桂林三金	SZ	18.68	13.01	
1001	2010-05-12	18.46	18.87	18.29	18.68	14584	13.01	002275	桂林三金	SZ	18.58	12.94	
1002	2010-05-11	19.45	19.62	18.45	18.58	13924	12.94	002275	桂林三金	SZ	19.13	13.33	
1003	2010-05-10	19.5	19.88	18.55	19.13	14318	13.33	002275	桂林三金	SZ	19.59	13.65	
1004	2010-05-07	19.62	19.96	19.24	19.59	17545	13.65	002275	桂林三金	SZ	20.12	14.02	
1005	2010-05-06	20.76	20.88	20	20.12	14838	14.02	002275	桂林三金	SZ	20.76	14.46	
1006	2010-05-05	20.35	20.84	20.13	20.76	15854	14.46	002275	桂林三金	SZ	20.34	14.17	
1007	2010-05-04	20.22	20.6	20	20.34	13992	14.17	002275	桂林三金	SZ	20.28	14.13	
1008	2010-04-30	20.75	20.85	19.92	20.28	24866	14.13	002275	桂林三金	SZ	20.85	14.52	
1009	2010-04-29	22.5	22.62	20.78	20.85	28495	14.52	002275	桂林三金	SZ	22.48	15.66	
1010	2010-04-28	23.02	23.02	22.02	22.48	24920	15.66	002275	桂林三金	SZ	23.02	16.03	
1011	2010-04-27	22.77	23.22	22.42	23.02	42512	16.03	002275	桂林三金	SZ	22.75	15.85	
1012	2010-04-26	22.42	23.04	22.24	22.75	24612	15.85	002275	桂林三金	SZ	22.22	15.48	
1013	2010-04-23	22.77	23.03	22.15	22.22	25779	15.48	002275	桂林三金	SZ	22.82	15.9	
1014	2010-04-22	22.85	23.22	22.7	22.82	28606	15.9	002275	桂林三金	SZ	22.84	15.91	
1015	2010-04-21	22.45	22.89	22.32	22.84	25564	15.91	002275	桂林三金	SZ	22.43	15.63	
1016	2010-04-20	21.97	22.46	21.54	22.43	24888	15.63	002275	桂林三金	SZ	22.08	15.38	
1017	2010-04-19	22.69	23.23	22.08	22.08	31963	15.38	002275	桂林三金	SZ	22.78	15.87	
1018	2010-04-16	22.68	23.02	22.68	22.78	14955	15.87	002275	桂林三金	SZ	22.84	15.91	
1019	2010-04-15	23.09	23.41	22.55	22.84	34376	15.91	002275	桂林三金	SZ	23.23	16.18	
1020	2010-04-14	23.58	23.58	22.93	23.23	42729	16.18	002275	桂林三金	SZ	23.62	16.45	
1021	2010-04-13	23.81	24.61	23.3	23.62	103275	16.45	002275	桂林三金	SZ	23.95	16.69	
1022	2010-04-12	23.21	24.06	22.95	23.95	58765	16.69	002275	桂林三金	SZ	23.09	16.09	
1023	2010-04-09	23.04	23.28	22.85	23.09	27184	16.09	002275	桂林三金	SZ	23.04	16.05	
1024	2010-04-08	22.55	23.42	22.46	23.04	56498	16.05	002275	桂林三金	SZ	22.53	15.7	
1025	2010-04-07	22.65	22.69	22.43	22.53	20839	15.7	002275	桂林三金	SZ	22.62	15.76	
1026	2010-04-06	22.48	22.77	22.36	22.62	24716	15.76	002275	桂林三金	SZ	22.48	15.66	
1027	2010-04-02	22.92	22.92	22.44	22.48	29041	15.66	002275	桂林三金	SZ	22.87	15.93	
1028	2010-04-01	22.72	23.07	22.71	22.87	39276	15.93	002275	桂林三金	SZ	22.77	15.86	
1029	2010-03-31	22.42	22.89	22.35	22.77	39128	15.86	002275	桂林三金	SZ	22.42	15.62	
1030	2010-03-30	22.09	22.58	22.09	22.42	24885	15.62	002275	桂林三金	SZ	22.12	15.41	
1031	2010-03-29	22.22	22.31	22	22.12	18246	15.41	002275	桂林三金	SZ	22.21	15.47	
1032	2010-03-26	21.87	22.21	21.71	22.21	19256	15.47	002275	桂林三金	SZ	21.87	15.24	
1033	2010-03-25	22.08	22.22	21.85	21.87	22140	15.24	002275	桂林三金	SZ	22.08	15.38	
1034	2010-03-24	22.09	22.23	21.93	22.08	17155	15.38	002275	桂林三金	SZ	22.08	15.38	
1035	2010-03-23	22.38	22.58	22.06	22.08	17271	15.38	002275	桂林三金	SZ	22.39	15.6	
1036	2010-03-22	22.17	22.68	22.03	22.39	30135	15.6	002275	桂林三金	SZ	22.1	15.4	
1037	2010-03-19	22.19	22.25	21.92	22.1	21829	15.4	002275	桂林三金	SZ	22.28	15.53	
1038	2010-03-18	22.45	22.51	22	22.28	37615	15.53	002275	桂林三金	SZ	22.84	15.57	
1039	2010-03-17	22.32	22.9	22.06	22.84	37443	15.57	002275	桂林三金	SZ	22.2	15.13	
1040	2010-03-16	22.53	22.63	21.93	22.2	23115	15.13	002275	桂林三金	SZ	22.62	15.41	
1041	2010-03-15	22.42	22.65	22.14	22.62	33609	15.41	002275	桂林三金	SZ	22.41	15.27	
1042	2010-03-12	22.41	22.52	22.02	22.41	34143	15.27	002275	桂林三金	SZ	22.36	15.24	
1043	2010-03-11	21.73	22.37	21.7	22.36	32738	15.24	002275	桂林三金	SZ	21.55	14.69	
1044	2010-03-10	21.95	22.18	21.46	21.55	13976	14.69	002275	桂林三金	SZ	22.07	15.04	
1045	2010-03-09	21.62	22.21	21.62	22.07	19465	15.04	002275	桂林三金	SZ	21.65	14.76	
1046	2010-03-08	21.58	21.92	21.58	21.65	14746	14.76	002275	桂林三金	SZ	21.45	14.62	
1047	2010-03-04	22.35	22.42	21.39	21.45	29566	14.62	002275	桂林三金	SZ	22.35	15.23	
1048	2010-03-03	22.07	22.35	21.94	22.35	26920	15.23	002275	桂林三金	SZ	22.15	15.09	
1049	2010-03-02	22	22.27	21.8	22.15	23158	15.09	002275	桂林三金	SZ	22.12	15.08	
1050	2010-03-01	21.86	22.35	21.65	22.12	26636	15.08	002275	桂林三金	SZ	21.78	14.85	
1051	2010-02-26	21.88	21.95	21.64	21.78	21331	14.85	002275	桂林三金	SZ	21.85	14.89	
1052	2010-02-25	21.31	21.97	21.31	21.85	34079	14.89	002275	桂林三金	SZ	21.32	14.53	
1053	2010-02-24	20.78	21.45	20.65	21.32	18393	14.53	002275	桂林三金	SZ	20.77	14.16	
1054	2010-02-23	20.83	20.83	20.45	20.77	9144	14.16	002275	桂林三金	SZ	20.74	14.14	
1055	2010-02-22	21.02	21.05	20.68	20.74	11711	14.14	002275	桂林三金	SZ	21.06	14.36	
1060	2010-02-12	21.15	21.41	20.98	21.06	15105	14.36	002275	桂林三金	SZ	20.89	14.24	
1061	2010-02-11	21.32	21.35	20.85	20.89	15603	14.24	002275	桂林三金	SZ	21.37	14.57	
1062	2010-02-10	21.39	21.52	21.15	21.37	8265	14.57	002275	桂林三金	SZ	21.29	14.51	
1063	2010-02-09	21.22	21.45	21.15	21.29	7829	14.51	002275	桂林三金	SZ	21.19	14.44	
1064	2010-02-08	21.35	21.35	21.02	21.19	9813	14.44	002275	桂林三金	SZ	21.38	14.58	
1065	2010-02-05	20.65	21.92	20.52	21.38	32716	14.58	002275	桂林三金	SZ	20.91	14.25	
1066	2010-02-04	20.53	20.97	20.38	20.91	10870	14.25	002275	桂林三金	SZ	20.55	14.01	
1067	2010-02-03	20.39	20.59	19.69	20.55	8958	14.01	002275	桂林三金	SZ	20.38	13.89	
1068	2010-02-02	20.5	20.69	20.35	20.38	7389	13.89	002275	桂林三金	SZ	20.4	13.9	
1069	2010-02-01	20.76	20.77	20.15	20.4	11183	13.9	002275	桂林三金	SZ	20.76	14.15	
1070	2010-01-29	20.4	20.95	20.3	20.76	9328	14.15	002275	桂林三金	SZ	20.55	14.01	
1071	2010-01-28	20.3	20.64	20.28	20.55	7933	14.01	002275	桂林三金	SZ	20.28	13.82	
1072	2010-01-27	20.28	20.65	20.15	20.28	10039	13.82	002275	桂林三金	SZ	20.28	13.83	
1073	2010-01-26	20.92	21	20.16	20.28	11258	13.83	002275	桂林三金	SZ	20.92	14.26	
1074	2010-01-25	20.95	21.23	20.88	20.92	8208	14.26	002275	桂林三金	SZ	21.12	14.39	
1075	2010-01-22	21.53	21.53	20.67	21.12	20450	14.39	002275	桂林三金	SZ	21.64	14.75	
1076	2010-01-21	21.5	21.83	21.42	21.64	14149	14.75	002275	桂林三金	SZ	21.46	14.63	
1077	2010-01-20	22.36	22.39	21.42	21.46	28551	14.63	002275	桂林三金	SZ	22.29	15.19	
1078	2010-01-19	22.75	22.79	22.25	22.29	24944	15.19	002275	桂林三金	SZ	22.75	15.5	
1079	2010-01-18	22.41	22.98	22.15	22.75	24888	15.5	002275	桂林三金	SZ	22.42	15.28	
1080	2010-01-15	22.59	22.62	22.23	22.42	23123	15.28	002275	桂林三金	SZ	22.52	15.35	
1081	2010-01-14	21.97	22.68	21.88	22.52	34144	15.35	002275	桂林三金	SZ	22	15	
1082	2010-01-13	21.55	22.21	21.49	22	30318	15	002275	桂林三金	SZ	21.85	14.9	
1083	2010-01-12	21.35	21.92	21.17	21.85	22955	14.9	002275	桂林三金	SZ	21.35	14.55	
1084	2010-01-11	21.43	21.54	21.22	21.35	12940	14.55	002275	桂林三金	SZ	21.22	14.47	
1085	2010-01-08	21.02	21.26	20.92	21.22	10487	14.47	002275	桂林三金	SZ	21.03	14.33	
1086	2010-01-07	21.54	21.69	21.01	21.03	19250	14.33	002275	桂林三金	SZ	21.58	14.71	
1087	2010-01-06	21.96	21.96	21.54	21.58	20395	14.71	002275	桂林三金	SZ	21.95	14.96	
1088	2010-01-05	21.77	22	21.35	21.95	17625	14.96	002275	桂林三金	SZ	21.75	14.83	
1089	2010-01-04	21.7	22.04	21.64	21.75	18172	14.83	002275	桂林三金	SZ	21.59	14.72	
1090	2009-12-31	21.62	21.75	21.38	21.59	16857	14.72	002275	桂林三金	SZ	21.58	14.71	
1091	2009-12-30	21.45	21.6	21.23	21.58	17959	14.71	002275	桂林三金	SZ	21.48	14.64	
1092	2009-12-29	21.39	21.52	21.16	21.48	14903	14.64	002275	桂林三金	SZ	21.39	14.58	
1093	2009-12-28	21.28	21.62	21.28	21.39	15389	14.58	002275	桂林三金	SZ	21.22	14.46	
1094	2009-12-25	21.27	21.5	21.09	21.22	13270	14.46	002275	桂林三金	SZ	21.24	14.48	
1095	2009-12-24	20.81	21.34	20.72	21.24	13913	14.48	002275	桂林三金	SZ	20.76	14.15	
1096	2009-12-23	20.65	20.83	20.54	20.76	11774	14.15	002275	桂林三金	SZ	20.65	14.08	
1097	2009-12-22	21.31	21.36	20.42	20.65	14166	14.08	002275	桂林三金	SZ	21.31	14.52	
1098	2009-12-21	21.06	21.31	20.85	21.31	12401	14.52	002275	桂林三金	SZ	20.98	14.3	
1099	2009-12-18	21.8	21.8	20.62	20.98	22839	14.3	002275	桂林三金	SZ	21.85	14.89	
1100	2009-12-17	22.62	22.73	21.78	21.85	25243	14.89	002275	桂林三金	SZ	22.66	15.45	
1101	2009-12-16	22.78	23.22	22.62	22.66	26134	15.45	002275	桂林三金	SZ	22.91	15.61	
1102	2009-12-15	22.44	23.02	22.27	22.91	33900	15.61	002275	桂林三金	SZ	22.43	15.29	
1103	2009-12-14	22.38	22.45	21.68	22.43	19923	15.29	002275	桂林三金	SZ	22.37	15.25	
1104	2009-12-11	22.48	22.63	22.32	22.37	14525	15.25	002275	桂林三金	SZ	22.46	15.31	
1105	2009-12-10	22.3	22.56	22.16	22.46	17767	15.31	002275	桂林三金	SZ	22.22	15.14	
1106	2009-12-09	22.5	22.82	22.08	22.22	25423	15.14	002275	桂林三金	SZ	22.61	15.41	
1107	2009-12-08	23.02	23.15	22.38	22.61	19864	15.41	002275	桂林三金	SZ	23.02	15.69	
1108	2009-12-07	22.65	23.15	22.65	23.02	20075	15.69	002275	桂林三金	SZ	22.72	15.48	
1109	2009-12-04	23.77	23.92	22.32	22.72	69419	15.48	002275	桂林三金	SZ	23.92	16.31	
1110	2009-12-03	23.12	24	22.84	23.92	70141	16.31	002275	桂林三金	SZ	23.2	15.81	
1111	2009-12-02	23	23.5	22.9	23.2	55069	15.81	002275	桂林三金	SZ	23.08	15.73	
1112	2009-12-01	22.42	23.35	22.15	23.08	47859	15.73	002275	桂林三金	SZ	22.38	15.25	
1113	2009-11-30	21.85	22.38	21.73	22.38	35028	15.25	002275	桂林三金	SZ	21.85	14.89	
1114	2009-11-27	21.42	22.15	21.4	21.85	41715	14.89	002275	桂林三金	SZ	21.4	14.59	
1115	2009-11-26	22.28	22.47	21.34	21.4	47127	14.59	002275	桂林三金	SZ	22.48	15.32	
1116	2009-11-25	21.87	22.57	21.75	22.48	40821	15.32	002275	桂林三金	SZ	21.87	14.91	
1117	2009-11-24	23.31	23.68	21.75	21.87	60678	14.91	002275	桂林三金	SZ	23.35	15.92	
1118	2009-11-23	23.24	23.42	23.06	23.35	47709	15.92	002275	桂林三金	SZ	23.29	15.88	
1119	2009-11-20	23.46	23.69	23.24	23.29	45544	15.88	002275	桂林三金	SZ	23.68	16.14	
1120	2009-11-19	22.92	24.15	22.92	23.68	79256	16.14	002275	桂林三金	SZ	22.9	15.61	
1121	2009-11-18	22.85	23.05	22.5	22.9	44996	15.61	002275	桂林三金	SZ	22.9	15.61	
1122	2009-11-17	22.56	23.08	22.31	22.9	62847	15.61	002275	桂林三金	SZ	22.56	15.38	
1123	2009-11-16	22.38	22.68	22.24	22.56	52309	15.38	002275	桂林三金	SZ	22.35	15.23	
1124	2009-11-13	21.85	22.4	21.68	22.35	46475	15.23	002275	桂林三金	SZ	21.91	14.93	
1125	2009-11-12	22.06	22.27	21.85	21.91	38585	14.93	002275	桂林三金	SZ	22.04	15.02	
1126	2009-11-11	21.78	22.19	21.7	22.04	36268	15.02	002275	桂林三金	SZ	21.85	14.89	
1127	2009-11-10	21.76	22.22	21.62	21.85	58408	14.89	002275	桂林三金	SZ	21.65	14.76	
1128	2009-11-09	21.53	21.71	21.39	21.65	28853	14.76	002275	桂林三金	SZ	21.54	14.68	
1129	2009-11-06	21.92	22.03	21.45	21.54	46825	14.68	002275	桂林三金	SZ	21.81	14.86	
1130	2009-11-05	22.1	22.11	21.68	21.81	31031	14.86	002275	桂林三金	SZ	22.02	15.01	
1131	2009-11-04	21.79	22.12	21.54	22.02	46521	15.01	002275	桂林三金	SZ	21.8	14.86	
1132	2009-11-03	21.91	21.93	21.44	21.8	46957	14.86	002275	桂林三金	SZ	21.88	14.92	
1133	2009-11-02	20.62	21.99	20.41	21.88	68046	14.92	002275	桂林三金	SZ	20.94	14.27	
1134	2009-10-30	20.78	21.46	20.67	20.94	45889	14.27	002275	桂林三金	SZ	20.54	14	
1135	2009-10-29	20.65	21.12	20.49	20.54	25245	14	002275	桂林三金	SZ	20.98	14.3	
1136	2009-10-28	20.5	21.03	20.4	20.98	29179	14.3	002275	桂林三金	SZ	20.64	14.07	
1137	2009-10-27	21.66	21.66	20.64	20.64	48119	14.07	002275	桂林三金	SZ	21.8	14.86	
1138	2009-10-26	21.73	21.96	21.61	21.8	39083	14.86	002275	桂林三金	SZ	21.73	14.81	
1139	2009-10-23	21.76	22.09	21.48	21.73	62248	14.81	002275	桂林三金	SZ	21.69	14.79	
1140	2009-10-22	20.96	21.78	20.79	21.69	62679	14.79	002275	桂林三金	SZ	21.04	14.34	
1141	2009-10-21	21.38	21.38	21.01	21.04	40200	14.34	002275	桂林三金	SZ	21.53	14.68	
1142	2009-10-20	20.94	21.68	20.62	21.53	66993	14.68	002275	桂林三金	SZ	20.81	14.18	
1143	2009-10-19	20.45	20.85	20.38	20.81	41487	14.18	002275	桂林三金	SZ	20.37	13.88	
1144	2009-10-16	20.42	20.66	20.06	20.37	33089	13.88	002275	桂林三金	SZ	20.31	13.84	
1145	2009-10-15	20.35	20.5	20.23	20.31	32297	13.84	002275	桂林三金	SZ	20.24	13.79	
1146	2009-10-14	20.44	20.68	20.14	20.24	48025	13.79	002275	桂林三金	SZ	20.3	13.84	
1147	2009-10-13	19.85	20.31	19.78	20.3	41131	13.84	002275	桂林三金	SZ	20.1	13.7	
1148	2009-10-12	19.75	20.43	19.75	20.1	89824	13.7	002275	桂林三金	SZ	19.37	13.2	
1155	2009-09-30	19.38	19.66	19.24	19.37	13232	13.2	002275	桂林三金	SZ	19.28	13.14	
1156	2009-09-29	20.15	20.35	18.92	19.28	22029	13.14	002275	桂林三金	SZ	20.19	13.76	
1157	2009-09-28	20.77	21.07	20.1	20.19	15341	13.76	002275	桂林三金	SZ	20.65	14.08	
1158	2009-09-25	20.88	20.97	20.51	20.65	13793	14.08	002275	桂林三金	SZ	20.86	14.22	
1159	2009-09-24	20.5	21.02	20.46	20.86	17203	14.22	002275	桂林三金	SZ	20.58	14.03	
1160	2009-09-23	20.78	21.25	20.54	20.58	22821	14.03	002275	桂林三金	SZ	21.04	14.34	
1161	2009-09-22	21.62	21.87	21.01	21.04	22518	14.34	002275	桂林三金	SZ	21.54	14.68	
1162	2009-09-21	21.77	21.91	20.86	21.54	30328	14.68	002275	桂林三金	SZ	21.94	14.95	
1163	2009-09-18	22.48	22.95	21.69	21.94	49311	14.95	002275	桂林三金	SZ	22.44	15.29	
1164	2009-09-17	22.29	22.81	22.23	22.44	36676	15.29	002275	桂林三金	SZ	22.32	15.22	
1165	2009-09-16	22.12	22.43	21.85	22.32	33028	15.22	002275	桂林三金	SZ	22.22	15.15	
1166	2009-09-15	22.58	22.82	22.12	22.22	42168	15.15	002275	桂林三金	SZ	22.58	15.39	
1167	2009-09-14	22.42	23.05	22.13	22.58	48176	15.39	002275	桂林三金	SZ	22.35	15.24	
1168	2009-09-11	21.62	22.89	21.55	22.35	65729	15.24	002275	桂林三金	SZ	21.65	14.75	
1169	2009-09-10	21.62	22.31	21.62	21.65	45370	14.75	002275	桂林三金	SZ	22.15	15.09	
1170	2009-09-09	21.29	22.69	20.88	22.15	63589	15.09	002275	桂林三金	SZ	21.17	14.43	
1171	2009-09-08	21.08	21.28	20.69	21.17	29992	14.43	002275	桂林三金	SZ	21.28	14.51	
1172	2009-09-07	21.05	22.19	21.02	21.28	45800	14.51	002275	桂林三金	SZ	21.05	14.35	
1173	2009-09-04	21.05	21.22	20.89	21.05	27248	14.35	002275	桂林三金	SZ	21.05	14.35	
1174	2009-09-03	20.38	21.11	20.32	21.05	33529	14.35	002275	桂林三金	SZ	20.43	13.93	
1175	2009-09-02	20.15	20.68	19.92	20.43	15665	13.93	002275	桂林三金	SZ	20.38	13.89	
1176	2009-09-01	19.85	20.84	19.75	20.38	28214	13.89	002275	桂林三金	SZ	19.88	13.55	
1177	2009-08-31	20.78	20.85	19.85	19.88	28722	13.55	002275	桂林三金	SZ	21.02	14.32	
1178	2009-08-28	21.62	21.82	20.79	21.02	26996	14.32	002275	桂林三金	SZ	21.75	14.82	
1179	2009-08-27	21.09	22.46	21.08	21.75	53195	14.82	002275	桂林三金	SZ	21.19	14.44	
1180	2009-08-26	20.77	21.35	20.47	21.19	25042	14.44	002275	桂林三金	SZ	20.81	14.18	
1181	2009-08-25	21.68	21.68	20.1	20.81	39685	14.18	002275	桂林三金	SZ	21.77	14.84	
1182	2009-08-24	21.31	22	21.01	21.77	44893	14.84	002275	桂林三金	SZ	21.32	14.53	
1183	2009-08-21	20.92	21.36	20.78	21.32	33319	14.53	002275	桂林三金	SZ	21.45	14.62	
1184	2009-08-20	20.41	21.85	20.1	21.45	47031	14.62	002275	桂林三金	SZ	20.08	13.68	
1185	2009-08-19	21.92	22.28	20.08	20.08	38107	13.68	002275	桂林三金	SZ	22.31	15.2	
1186	2009-08-18	21.16	22.91	20.93	22.31	53160	15.2	002275	桂林三金	SZ	21.39	14.58	
1187	2009-08-17	21.29	21.88	20.79	21.39	42681	14.58	002275	桂林三金	SZ	21.39	14.58	
1188	2009-08-14	22.22	22.22	21.26	21.39	44631	14.58	002275	桂林三金	SZ	22.28	15.19	
1189	2009-08-13	22.83	23.04	21.87	22.28	34441	15.19	002275	桂林三金	SZ	22.78	15.53	
1190	2009-08-12	24.82	24.83	22.77	22.78	55900	15.53	002275	桂林三金	SZ	24.83	16.92	
1191	2009-08-11	24.77	25	24.58	24.83	23852	16.92	002275	桂林三金	SZ	24.72	16.85	
1192	2009-08-10	24.74	25.08	24.5	24.72	30187	16.85	002275	桂林三金	SZ	24.66	16.81	
1193	2009-08-07	24.62	25.15	24.62	24.66	36932	16.81	002275	桂林三金	SZ	24.68	16.82	
1194	2009-08-06	25.39	25.45	24.52	24.68	60463	16.82	002275	桂林三金	SZ	25.65	17.49	
1195	2009-08-05	25.02	26.06	25.02	25.65	65167	17.49	002275	桂林三金	SZ	25.14	17.13	
1196	2009-08-04	25.54	25.88	25	25.14	65814	17.13	002275	桂林三金	SZ	25.55	17.41	
1197	2009-08-03	25.98	25.98	25.29	25.55	67177	17.41	002275	桂林三金	SZ	26.04	17.75	
1198	2009-07-31	25.85	26.45	25.58	26.04	91428	17.75	002275	桂林三金	SZ	26.27	17.9	
1199	2009-07-30	25.08	27.31	24.85	26.27	201155	17.9	002275	桂林三金	SZ	25.41	17.32	
1200	2009-07-29	24.84	25.77	24.24	25.41	144398	17.32	002275	桂林三金	SZ	24.94	17	
1201	2009-07-28	25.29	25.31	24.68	24.94	76752	17	002275	桂林三金	SZ	25.72	17.53	
1202	2009-07-27	24.96	26.15	24.7	25.72	127548	17.53	002275	桂林三金	SZ	24.92	16.98	
1203	2009-07-24	24.77	25.28	24.47	24.92	62394	16.98	002275	桂林三金	SZ	24.74	16.86	
1204	2009-07-23	24.54	24.91	24.29	24.74	43730	16.86	002275	桂林三金	SZ	24.66	16.81	
1205	2009-07-22	24.42	25.14	24.31	24.66	47349	16.81	002275	桂林三金	SZ	24.48	16.68	
1206	2009-07-21	25.29	25.29	24.45	24.48	64024	16.68	002275	桂林三金	SZ	25.31	17.25	
1207	2009-07-20	25	25.35	24.77	25.31	68766	17.25	002275	桂林三金	SZ	24.97	17.02	
1208	2009-07-17	25.53	25.77	24.72	24.97	76071	17.02	002275	桂林三金	SZ	25.42	17.33	
1209	2009-07-16	25.78	26.06	25.12	25.42	99744	17.33	002275	桂林三金	SZ	26.16	17.83	
1210	2009-07-15	24.55	27.12	24.55	26.16	176536	17.83	002275	桂林三金	SZ	24.71	16.84	
1211	2009-07-14	24.93	25.38	24.22	24.71	138736	16.84	002275	桂林三金	SZ	27.7	18.88	
1213	2009-07-10	25	30	25	27.7	392429	18.88	002275	桂林三金	SZ	-1	-1	
