0	2014-04-29	6	6.18	5.95	6.15	62241	6.15	002367	康力电梯	SZ	6.08	6.08	
1	2014-04-28	6.6	6.62	5.76	6.08	188484	6.08	002367	康力电梯	SZ	6.4	6.4	
2	2014-04-25	6.81	6.85	6.38	6.4	107501	6.4	002367	康力电梯	SZ	6.81	6.81	
3	2014-04-24	7.06	7.07	6.81	6.81	81530	6.81	002367	康力电梯	SZ	7.07	7.07	
4	2014-04-23	7.08	7.16	7.02	7.07	50246	7.07	002367	康力电梯	SZ	7.11	7.11	
5	2014-04-22	7.12	7.21	7.07	7.11	36653	7.11	002367	康力电梯	SZ	7.12	7.12	
6	2014-04-21	7.12	7.2	7.08	7.12	48340	7.12	002367	康力电梯	SZ	7.14	7.14	
7	2014-04-18	7.13	7.14	7.04	7.14	52786	7.14	002367	康力电梯	SZ	7.09	7.09	
8	2014-04-17	7.18	7.21	7.08	7.09	56620	7.09	002367	康力电梯	SZ	7.17	7.17	
9	2014-04-16	7.17	7.24	7.1	7.17	45319	7.17	002367	康力电梯	SZ	7.17	7.17	
10	2014-04-15	7.27	7.27	7.15	7.17	60030	7.17	002367	康力电梯	SZ	7.31	7.31	
11	2014-04-14	7.2	7.4	7.13	7.31	95430	7.31	002367	康力电梯	SZ	7.27	7.27	
12	2014-04-11	7.35	7.36	7.15	7.27	83699	7.27	002367	康力电梯	SZ	7.39	7.39	
13	2014-04-10	7.3	7.39	7.25	7.39	75047	7.39	002367	康力电梯	SZ	7.28	7.28	
14	2014-04-09	7.24	7.34	7.23	7.28	66017	7.28	002367	康力电梯	SZ	7.24	7.24	
15	2014-04-08	7.2	7.27	7.12	7.24	63782	7.24	002367	康力电梯	SZ	7.25	7.25	
17	2014-04-04	7.16	7.31	7.15	7.25	53200	7.25	002367	康力电梯	SZ	7.26	7.26	
18	2014-04-03	7.3	7.44	7.2	7.26	85985	7.26	002367	康力电梯	SZ	7.17	7.17	
19	2014-04-02	7.3	7.32	7.12	7.17	63443	7.17	002367	康力电梯	SZ	7.34	7.34	
20	2014-04-01	6.98	7.37	6.95	7.34	105255	7.34	002367	康力电梯	SZ	7.15	7.15	
21	2014-03-31	7.59	7.6	6.88	7.15	177870	7.15	002367	康力电梯	SZ	7.79	3.76	
22	2014-03-28	7.94	8	7.72	7.79	84983	3.76	002367	康力电梯	SZ	7.94	3.83	
23	2014-03-27	8.07	8.08	7.91	7.94	78262	3.83	002367	康力电梯	SZ	8.07	3.9	
24	2014-03-26	8.11	8.17	7.97	8.07	66830	3.9	002367	康力电梯	SZ	8.12	3.92	
25	2014-03-25	8.06	8.23	8.05	8.12	124660	3.92	002367	康力电梯	SZ	8.01	3.86	
26	2014-03-24	8	8.09	7.83	8.01	160515	3.86	002367	康力电梯	SZ	7.99	3.86	
27	2014-03-21	8.1	8.3	7.89	7.99	242892	3.86	002367	康力电梯	SZ	8.07	3.9	
28	2014-03-20	8.7	8.77	8.02	8.07	186812	3.9	002367	康力电梯	SZ	8.77	4.23	
29	2014-03-19	8.85	8.94	8.7	8.77	118960	4.23	002367	康力电梯	SZ	8.85	4.27	
30	2014-03-18	8.75	8.93	8.68	8.85	188094	4.27	002367	康力电梯	SZ	8.76	4.23	
31	2014-03-17	8.59	8.99	8.49	8.76	188861	4.23	002367	康力电梯	SZ	8.55	4.13	
32	2014-03-14	8.43	8.59	8.41	8.55	96062	4.13	002367	康力电梯	SZ	8.52	4.11	
33	2014-03-13	8.51	8.61	8.42	8.52	137380	4.11	002367	康力电梯	SZ	8.65	4.18	
34	2014-03-12	8.69	8.72	8.38	8.65	188989	4.18	002367	康力电梯	SZ	8.68	4.19	
35	2014-03-11	8.64	8.73	8.4	8.68	190380	4.19	002367	康力电梯	SZ	8.61	4.16	
36	2014-03-10	8.6	8.79	8.35	8.61	235821	4.16	002367	康力电梯	SZ	8.61	4.16	
37	2014-03-07	8.7	8.8	8.47	8.61	452842	4.16	002367	康力电梯	SZ	8.35	4.03	
38	2014-03-06	7.6	8.35	7.55	8.35	411435	4.03	002367	康力电梯	SZ	7.59	3.67	
39	2014-03-05	7.7	7.73	7.59	7.59	46342	3.67	002367	康力电梯	SZ	7.66	3.7	
40	2014-03-04	7.6	7.69	7.5	7.66	92023	3.7	002367	康力电梯	SZ	7.66	3.69	
41	2014-03-03	7.45	7.68	7.41	7.66	114746	3.69	002367	康力电梯	SZ	7.4	3.57	
42	2014-02-28	7.5	7.5	7.22	7.4	104241	3.57	002367	康力电梯	SZ	7.48	3.61	
43	2014-02-27	7.47	7.57	7.34	7.48	90903	3.61	002367	康力电梯	SZ	7.45	3.59	
44	2014-02-26	7.38	7.46	7.2	7.45	91532	3.59	002367	康力电梯	SZ	7.36	3.55	
45	2014-02-25	7.58	7.68	7.27	7.36	150578	3.55	002367	康力电梯	SZ	7.55	3.64	
46	2014-02-24	7.95	7.97	7.43	7.55	192548	3.64	002367	康力电梯	SZ	7.99	3.86	
47	2014-02-21	7.99	8.14	7.89	7.99	54610	3.86	002367	康力电梯	SZ	7.99	3.86	
48	2014-02-20	8.06	8.12	7.91	7.99	64028	3.86	002367	康力电梯	SZ	8.02	3.87	
49	2014-02-19	8.26	8.26	7.99	8.02	88696	3.87	002367	康力电梯	SZ	8.26	3.99	
50	2014-02-18	8.4	8.42	8.2	8.26	74021	3.99	002367	康力电梯	SZ	8.39	4.05	
51	2014-02-17	8.2	8.45	8.2	8.39	98883	4.05	002367	康力电梯	SZ	8.16	3.94	
52	2014-02-14	7.89	8.18	7.76	8.16	95375	3.94	002367	康力电梯	SZ	7.76	3.74	
53	2014-02-13	8.18	8.18	7.75	7.76	99345	3.74	002367	康力电梯	SZ	8.18	3.95	
54	2014-02-12	8.11	8.23	8.03	8.18	51751	3.95	002367	康力电梯	SZ	8.11	3.92	
55	2014-02-11	8.14	8.25	8.05	8.11	59697	3.92	002367	康力电梯	SZ	8.16	3.94	
56	2014-02-10	8.07	8.24	8	8.16	64323	3.94	002367	康力电梯	SZ	8.06	3.89	
57	2014-02-07	7.84	8.07	7.77	8.06	63610	3.89	002367	康力电梯	SZ	7.86	3.8	
62	2014-01-30	7.85	8	7.78	7.86	38264	3.8	002367	康力电梯	SZ	7.86	3.8	
63	2014-01-29	7.91	8.02	7.8	7.86	74255	3.8	002367	康力电梯	SZ	7.89	3.81	
64	2014-01-28	7.92	8.01	7.72	7.89	62193	3.81	002367	康力电梯	SZ	7.91	3.82	
65	2014-01-27	7.68	8.02	7.66	7.91	94376	3.82	002367	康力电梯	SZ	7.69	3.71	
66	2014-01-24	7.6	7.74	7.55	7.69	60141	3.71	002367	康力电梯	SZ	7.61	3.68	
67	2014-01-23	7.6	7.62	7.5	7.61	82914	3.68	002367	康力电梯	SZ	7.57	3.66	
68	2014-01-22	7.65	7.72	7.56	7.57	78660	3.66	002367	康力电梯	SZ	7.57	3.66	
69	2014-01-21	7.38	7.62	7.34	7.57	81241	3.66	002367	康力电梯	SZ	7.34	3.54	
70	2014-01-20	7.49	7.56	7.24	7.34	99845	3.54	002367	康力电梯	SZ	7.52	3.63	
71	2014-01-17	7.45	7.64	7.4	7.52	90504	3.63	002367	康力电梯	SZ	7.45	3.59	
72	2014-01-16	7.41	7.65	7.21	7.45	153516	3.59	002367	康力电梯	SZ	7.38	3.56	
73	2014-01-15	7.2	7.43	7.2	7.38	177411	3.56	002367	康力电梯	SZ	7.02	3.39	
74	2014-01-14	6.89	7.03	6.86	7.02	57021	3.39	002367	康力电梯	SZ	6.89	3.33	
75	2014-01-13	6.78	6.98	6.76	6.89	55555	3.33	002367	康力电梯	SZ	6.79	3.28	
76	2014-01-10	6.86	7.05	6.72	6.79	90607	3.28	002367	康力电梯	SZ	6.97	3.37	
77	2014-01-09	7.19	7.19	6.87	6.97	199199	3.37	002367	康力电梯	SZ	6.53	3.15	
78	2014-01-08	6.6	6.79	6.5	6.53	63235	3.15	002367	康力电梯	SZ	6.67	3.22	
79	2014-01-07	6.66	6.74	6.55	6.67	30162	3.22	002367	康力电梯	SZ	6.66	3.21	
80	2014-01-06	6.82	6.82	6.53	6.66	64013	3.21	002367	康力电梯	SZ	6.78	3.27	
81	2014-01-03	6.8	6.86	6.76	6.78	23950	3.27	002367	康力电梯	SZ	6.8	3.28	
82	2014-01-02	6.68	6.89	6.53	6.8	79017	3.28	002367	康力电梯	SZ	6.57	3.17	
84	2013-12-31	6.75	6.75	6.49	6.57	73913	3.17	002367	康力电梯	SZ	6.71	3.24	
85	2013-12-30	7.1	7.12	6.66	6.71	86885	3.24	002367	康力电梯	SZ	7	3.38	
86	2013-12-27	6.89	7.04	6.88	7	20787	3.38	002367	康力电梯	SZ	6.95	3.35	
87	2013-12-26	7.05	7.05	6.95	6.95	20986	3.35	002367	康力电梯	SZ	7.04	3.4	
88	2013-12-25	6.99	7.07	6.98	7.04	17977	3.4	002367	康力电梯	SZ	7	3.38	
89	2013-12-24	6.85	7.1	6.8	7	44344	3.38	002367	康力电梯	SZ	6.86	3.31	
90	2013-12-23	6.8	6.92	6.8	6.86	12892	3.31	002367	康力电梯	SZ	6.8	3.28	
91	2013-12-20	6.9	6.94	6.78	6.8	18950	3.28	002367	康力电梯	SZ	6.89	3.33	
92	2013-12-19	7.03	7.05	6.89	6.89	19934	3.33	002367	康力电梯	SZ	6.87	3.32	
93	2013-12-18	6.97	7.05	6.84	6.87	19876	3.32	002367	康力电梯	SZ	6.97	3.37	
94	2013-12-17	6.94	7.03	6.94	6.97	10223	3.37	002367	康力电梯	SZ	6.97	3.36	
95	2013-12-16	7	7.08	6.96	6.97	20102	3.36	002367	康力电梯	SZ	6.97	3.36	
96	2013-12-13	7	7.03	6.92	6.97	26943	3.36	002367	康力电梯	SZ	7.03	3.39	
97	2013-12-12	7.05	7.07	7.02	7.03	27353	3.39	002367	康力电梯	SZ	7.04	3.4	
98	2013-12-11	7.07	7.12	7.01	7.04	13970	3.4	002367	康力电梯	SZ	7.05	3.4	
99	2013-12-10	7.04	7.08	7.02	7.05	38143	3.4	002367	康力电梯	SZ	7.04	3.4	
100	2013-12-09	7.14	7.22	7	7.04	41306	3.4	002367	康力电梯	SZ	7.12	3.44	
101	2013-12-06	7.3	7.36	7.07	7.12	25143	3.44	002367	康力电梯	SZ	7.33	3.54	
102	2013-12-05	7.3	7.43	7.3	7.33	18606	3.54	002367	康力电梯	SZ	7.4	3.57	
103	2013-12-04	7.2	7.5	7.19	7.4	50879	3.57	002367	康力电梯	SZ	7.26	3.5	
104	2013-12-03	7.04	7.28	6.95	7.26	33680	3.5	002367	康力电梯	SZ	7.02	3.39	
105	2013-12-02	7.18	7.18	6.91	7.02	52978	3.39	002367	康力电梯	SZ	7.22	3.48	
106	2013-11-29	7.24	7.31	7.16	7.22	42801	3.48	002367	康力电梯	SZ	7.24	3.49	
107	2013-11-28	7.15	7.27	7.15	7.24	61573	3.49	002367	康力电梯	SZ	7.19	3.47	
108	2013-11-27	7	7.2	6.9	7.19	40250	3.47	002367	康力电梯	SZ	7	3.38	
109	2013-11-26	7	7.03	6.9	7	15894	3.38	002367	康力电梯	SZ	7	3.38	
110	2013-11-25	7.1	7.12	6.95	7	22209	3.38	002367	康力电梯	SZ	7.09	3.42	
111	2013-11-22	7.12	7.12	6.93	7.09	27119	3.42	002367	康力电梯	SZ	7.03	3.4	
112	2013-11-21	7.15	7.18	7.01	7.03	27423	3.4	002367	康力电梯	SZ	7.16	3.45	
113	2013-11-20	7.18	7.2	7.11	7.16	26571	3.45	002367	康力电梯	SZ	7.14	3.45	
114	2013-11-19	7.16	7.24	7.05	7.14	13170	3.45	002367	康力电梯	SZ	7.18	3.46	
115	2013-11-18	7.06	7.22	6.97	7.18	26831	3.46	002367	康力电梯	SZ	7.05	3.4	
116	2013-11-15	6.78	7.05	6.76	7.05	38772	3.4	002367	康力电梯	SZ	6.78	3.27	
117	2013-11-14	6.95	6.95	6.62	6.78	79200	3.27	002367	康力电梯	SZ	6.95	3.35	
118	2013-11-13	7.23	7.26	6.94	6.95	35479	3.35	002367	康力电梯	SZ	7.26	3.51	
119	2013-11-12	7.32	7.4	7.23	7.26	18255	3.51	002367	康力电梯	SZ	7.32	3.54	
120	2013-11-11	7.1	7.35	7.01	7.32	16768	3.54	002367	康力电梯	SZ	7.1	3.43	
121	2013-11-08	7.1	7.21	7.02	7.1	12477	3.43	002367	康力电梯	SZ	7.11	3.43	
122	2013-11-07	7.28	7.32	7.11	7.11	27338	3.43	002367	康力电梯	SZ	7.28	3.51	
123	2013-11-06	7.41	7.53	7.24	7.28	31931	3.51	002367	康力电梯	SZ	7.43	3.59	
124	2013-11-05	7.32	7.47	7.2	7.43	30402	3.59	002367	康力电梯	SZ	7.36	3.55	
125	2013-11-04	7.15	7.38	7.09	7.36	30305	3.55	002367	康力电梯	SZ	7.16	3.45	
126	2013-11-01	7.25	7.26	7	7.16	36502	3.45	002367	康力电梯	SZ	7.28	3.51	
127	2013-10-31	7.42	7.45	7.16	7.28	49148	3.51	002367	康力电梯	SZ	7.42	3.58	
128	2013-10-30	7.3	7.45	7.19	7.42	58464	3.58	002367	康力电梯	SZ	7.2	3.48	
129	2013-10-29	7.06	7.43	6.94	7.2	53477	3.48	002367	康力电梯	SZ	7.14	3.45	
130	2013-10-28	6.99	7.22	6.97	7.14	28932	3.45	002367	康力电梯	SZ	6.99	3.37	
131	2013-10-25	7.26	7.36	6.84	6.99	45098	3.37	002367	康力电梯	SZ	7.28	3.52	
132	2013-10-24	7.36	7.44	7.25	7.28	33378	3.52	002367	康力电梯	SZ	7.43	3.59	
133	2013-10-23	7.63	7.7	7.36	7.43	51025	3.59	002367	康力电梯	SZ	7.62	3.68	
134	2013-10-22	7.66	7.86	7.61	7.62	56825	3.68	002367	康力电梯	SZ	7.59	3.66	
135	2013-10-21	7.39	7.68	7.35	7.59	58779	3.66	002367	康力电梯	SZ	7.35	3.55	
136	2013-10-18	7.21	7.38	7.05	7.35	68212	3.55	002367	康力电梯	SZ	7.28	3.51	
137	2013-10-17	7.41	7.5	7.28	7.28	36992	3.51	002367	康力电梯	SZ	7.41	3.58	
138	2013-10-16	7.62	7.62	7.3	7.41	47377	3.58	002367	康力电梯	SZ	7.59	3.67	
139	2013-10-15	7.44	7.8	7.4	7.59	76821	3.67	002367	康力电梯	SZ	7.49	3.62	
140	2013-10-14	7.66	7.66	7.41	7.49	83822	3.62	002367	康力电梯	SZ	7.7	3.71	
141	2013-10-11	7.68	7.85	7.64	7.7	67134	3.71	002367	康力电梯	SZ	7.67	3.7	
142	2013-10-10	7.68	7.72	7.45	7.67	71314	3.7	002367	康力电梯	SZ	7.66	3.7	
143	2013-10-09	7.52	7.72	7.4	7.66	56321	3.7	002367	康力电梯	SZ	7.51	3.63	
144	2013-10-08	7.38	7.68	7.38	7.51	66798	3.63	002367	康力电梯	SZ	7.38	3.56	
150	2013-09-30	7.11	7.43	7.11	7.38	70868	3.56	002367	康力电梯	SZ	7.1	3.43	
151	2013-09-27	7	7.13	6.97	7.1	33858	3.43	002367	康力电梯	SZ	7.03	3.4	
152	2013-09-26	7	7.14	6.93	7.03	61586	3.4	002367	康力电梯	SZ	7.01	3.38	
153	2013-09-25	7.05	7.14	6.97	7.01	45744	3.38	002367	康力电梯	SZ	7.15	3.45	
154	2013-09-24	6.99	7.18	6.94	7.15	77784	3.45	002367	康力电梯	SZ	6.97	3.36	
155	2013-09-23	6.93	6.99	6.85	6.97	56754	3.36	002367	康力电梯	SZ	6.92	3.34	
157	2013-09-18	6.7	6.99	6.68	6.92	63664	3.34	002367	康力电梯	SZ	6.71	3.24	
158	2013-09-17	6.7	6.74	6.64	6.71	45726	3.24	002367	康力电梯	SZ	6.7	3.23	
159	2013-09-16	6.66	6.76	6.66	6.7	26585	3.23	002367	康力电梯	SZ	6.7	3.23	
160	2013-09-13	6.75	6.75	6.53	6.7	50149	3.23	002367	康力电梯	SZ	6.71	3.24	
161	2013-09-12	6.79	6.82	6.69	6.71	44144	3.24	002367	康力电梯	SZ	6.8	3.28	
162	2013-09-11	6.94	6.94	6.6	6.8	122289	3.28	002367	康力电梯	SZ	6.91	3.34	
163	2013-09-10	6.76	6.95	6.75	6.91	92028	3.34	002367	康力电梯	SZ	6.76	3.27	
164	2013-09-09	6.76	6.96	6.69	6.76	89674	3.27	002367	康力电梯	SZ	6.76	3.27	
165	2013-09-06	6.7	6.79	6.65	6.76	81116	3.27	002367	康力电梯	SZ	6.74	3.26	
166	2013-09-05	6.7	6.82	6.59	6.74	114172	3.26	002367	康力电梯	SZ	6.77	3.27	
167	2013-09-04	6.97	6.97	6.63	6.77	264461	3.27	002367	康力电梯	SZ	6.95	3.35	
168	2013-09-03	6.55	6.99	6.52	6.95	139070	3.35	002367	康力电梯	SZ	6.5	3.14	
169	2013-09-02	6.26	6.61	6.21	6.5	46138	3.14	002367	康力电梯	SZ	6.35	3.06	
170	2013-08-30	6.68	6.69	6.29	6.35	56956	3.06	002367	康力电梯	SZ	6.64	3.21	
171	2013-08-29	6.48	6.64	6.43	6.64	35840	3.21	002367	康力电梯	SZ	6.5	3.14	
172	2013-08-28	6.57	6.7	6.5	6.5	49538	3.14	002367	康力电梯	SZ	6.64	3.2	
173	2013-08-27	6.58	6.66	6.53	6.64	47947	3.2	002367	康力电梯	SZ	6.59	3.18	
174	2013-08-26	6.47	6.69	6.41	6.59	73654	3.18	002367	康力电梯	SZ	6.47	3.12	
175	2013-08-23	6.29	6.47	6.05	6.47	74747	3.12	002367	康力电梯	SZ	6.25	3.02	
176	2013-08-22	6.1	6.28	6.05	6.25	52078	3.02	002367	康力电梯	SZ	6.09	2.94	
177	2013-08-21	6.24	6.24	6	6.09	53671	2.94	002367	康力电梯	SZ	6.18	2.98	
178	2013-08-20	6.22	6.34	6.13	6.18	23758	2.98	002367	康力电梯	SZ	6.25	3.02	
179	2013-08-19	5.99	6.35	5.95	6.25	45887	3.02	002367	康力电梯	SZ	6.15	2.97	
180	2013-08-16	6.4	6.45	6.09	6.15	38704	2.97	002367	康力电梯	SZ	6.42	3.1	
181	2013-08-15	6.3	6.49	6.3	6.42	32751	3.1	002367	康力电梯	SZ	6.41	3.09	
182	2013-08-14	6.62	6.66	6.36	6.41	49988	3.09	002367	康力电梯	SZ	6.58	3.18	
183	2013-08-13	6.59	6.68	6.55	6.58	30777	3.18	002367	康力电梯	SZ	6.66	3.22	
184	2013-08-12	6.5	6.66	6.41	6.66	50033	3.22	002367	康力电梯	SZ	6.55	3.16	
185	2013-08-09	6.65	6.68	6.45	6.55	46807	3.16	002367	康力电梯	SZ	6.57	3.17	
186	2013-08-08	6.5	6.57	6.4	6.57	53074	3.17	002367	康力电梯	SZ	6.51	3.14	
187	2013-08-07	6.51	6.65	6.44	6.51	87176	3.14	002367	康力电梯	SZ	6.49	3.13	
188	2013-08-06	6.3	6.59	6.3	6.49	98983	3.13	002367	康力电梯	SZ	6.25	3.02	
189	2013-08-05	6.18	6.28	6.11	6.25	38423	3.02	002367	康力电梯	SZ	6.14	2.97	
190	2013-08-02	6.18	6.24	6.08	6.14	71588	2.97	002367	康力电梯	SZ	6.07	2.93	
191	2013-08-01	5.88	6.12	5.86	6.07	43548	2.93	002367	康力电梯	SZ	5.91	2.85	
192	2013-07-31	5.62	6.16	5.6	5.91	81959	2.85	002367	康力电梯	SZ	5.59	2.7	
193	2013-07-30	5.61	5.66	5.5	5.59	23053	2.7	002367	康力电梯	SZ	5.61	2.71	
194	2013-07-29	5.87	5.99	5.58	5.61	59163	2.71	002367	康力电梯	SZ	5.91	2.85	
195	2013-07-26	5.92	6.05	5.89	5.91	21941	2.85	002367	康力电梯	SZ	6.05	2.92	
196	2013-07-25	6.16	6.17	5.97	6.05	30108	2.92	002367	康力电梯	SZ	6.14	2.96	
197	2013-07-24	6.13	6.19	6.03	6.14	33069	2.96	002367	康力电梯	SZ	6.15	2.97	
198	2013-07-23	5.83	6.19	5.82	6.15	66750	2.97	002367	康力电梯	SZ	5.83	2.81	
199	2013-07-22	5.7	5.86	5.7	5.83	23714	2.81	002367	康力电梯	SZ	5.75	2.78	
200	2013-07-19	5.88	5.99	5.74	5.75	53312	2.78	002367	康力电梯	SZ	5.89	2.84	
201	2013-07-18	6.1	6.1	5.76	5.89	98708	2.84	002367	康力电梯	SZ	6.1	2.94	
202	2013-07-17	6.38	6.38	6.1	6.1	57349	2.94	002367	康力电梯	SZ	6.37	3.07	
203	2013-07-16	6.29	6.47	6.27	6.37	40177	3.07	002367	康力电梯	SZ	6.3	3.04	
204	2013-07-15	6.41	6.43	6.24	6.3	75020	3.04	002367	康力电梯	SZ	6.43	3.1	
205	2013-07-12	6.44	6.59	6.4	6.43	36236	3.1	002367	康力电梯	SZ	6.53	3.15	
206	2013-07-11	6.41	6.59	6.34	6.53	56007	3.15	002367	康力电梯	SZ	6.41	3.09	
207	2013-07-10	6.41	6.43	6.32	6.41	58987	3.09	002367	康力电梯	SZ	6.41	3.1	
208	2013-07-09	6.22	6.49	6.2	6.41	59265	3.1	002367	康力电梯	SZ	6.22	3	
209	2013-07-08	6.19	6.28	6.05	6.22	62787	3	002367	康力电梯	SZ	6.24	3.01	
210	2013-07-05	6.1	6.31	6	6.24	65147	3.01	002367	康力电梯	SZ	6.11	2.95	
211	2013-07-04	6.15	6.28	6.11	6.11	70695	2.95	002367	康力电梯	SZ	6.2	2.99	
212	2013-07-03	6.39	6.39	6.1	6.2	73768	2.99	002367	康力电梯	SZ	5.89	2.85	
213	2013-07-02	5.79	5.9	5.75	5.89	39951	2.85	002367	康力电梯	SZ	5.74	2.77	
214	2013-07-01	5.7	5.82	5.61	5.74	25567	2.77	002367	康力电梯	SZ	5.59	2.7	
215	2013-06-28	5.61	5.73	5.53	5.59	16498	2.7	002367	康力电梯	SZ	5.65	2.73	
216	2013-06-27	5.59	5.77	5.59	5.65	32430	2.73	002367	康力电梯	SZ	5.59	2.7	
217	2013-06-26	5.5	5.66	5.45	5.59	30597	2.7	002367	康力电梯	SZ	5.5	2.65	
218	2013-06-25	5.46	5.59	5.1	5.5	50490	2.65	002367	康力电梯	SZ	5.46	2.64	
219	2013-06-24	5.78	5.8	5.41	5.46	28534	2.64	002367	康力电梯	SZ	5.8	2.8	
220	2013-06-21	5.76	5.84	5.51	5.8	46033	2.8	002367	康力电梯	SZ	5.89	2.84	
221	2013-06-20	6.2	6.2	5.88	5.89	46564	2.84	002367	康力电梯	SZ	6.14	2.96	
222	2013-06-19	6.07	6.18	6.03	6.14	19448	2.96	002367	康力电梯	SZ	6.09	2.94	
223	2013-06-18	6.11	6.16	6.01	6.09	24774	2.94	002367	康力电梯	SZ	6.11	2.95	
224	2013-06-17	6.09	6.24	6.05	6.11	29448	2.95	002367	康力电梯	SZ	6.09	2.94	
225	2013-06-14	6.08	6.3	6.08	6.09	55943	2.94	002367	康力电梯	SZ	6.11	2.95	
226	2013-06-13	6.01	6.12	5.5	6.11	36123	2.95	002367	康力电梯	SZ	6.02	2.91	
230	2013-06-07	6.05	6.18	5.93	6.02	34457	2.91	002367	康力电梯	SZ	6.06	2.92	
231	2013-06-06	6.2	6.32	6.06	6.06	23670	2.92	002367	康力电梯	SZ	6.21	3	
232	2013-06-05	6.05	6.28	6.05	6.21	29567	3	002367	康力电梯	SZ	6.09	2.94	
233	2013-06-04	6.34	6.39	5.97	6.09	65687	2.94	002367	康力电梯	SZ	6.34	3.06	
234	2013-06-03	6.36	6.47	6.3	6.34	38272	3.06	002367	康力电梯	SZ	6.42	3.1	
235	2013-05-31	6.55	6.56	6.41	6.42	50641	3.1	002367	康力电梯	SZ	6.57	3.17	
236	2013-05-30	6.32	6.57	6.26	6.57	79575	3.17	002367	康力电梯	SZ	6.31	3.05	
237	2013-05-29	6.47	6.47	6.3	6.31	72030	3.05	002367	康力电梯	SZ	6.45	3.11	
238	2013-05-28	6.66	6.66	6.45	6.45	79946	3.11	002367	康力电梯	SZ	6.7	3.23	
239	2013-05-27	6.51	6.77	6.41	6.7	87704	3.23	002367	康力电梯	SZ	6.5	3.14	
240	2013-05-24	6.34	6.53	6.26	6.5	44003	3.14	002367	康力电梯	SZ	6.36	3.07	
241	2013-05-23	6.45	6.55	6.34	6.36	102896	3.07	002367	康力电梯	SZ	6.53	3.15	
242	2013-05-22	6.59	6.68	6.44	6.53	67327	3.15	002367	康力电梯	SZ	6.53	3.15	
243	2013-05-21	6.43	6.62	6.4	6.53	40224	3.15	002367	康力电梯	SZ	6.51	3.14	
244	2013-05-20	6.32	6.62	6.23	6.51	84804	3.14	002367	康力电梯	SZ	6.2	2.99	
245	2013-05-17	6.07	6.22	6.01	6.2	36910	2.99	002367	康力电梯	SZ	6.1	2.94	
246	2013-05-16	5.98	6.1	5.91	6.1	54568	2.94	002367	康力电梯	SZ	5.98	2.89	
247	2013-05-15	5.93	6.01	5.82	5.98	51498	2.89	002367	康力电梯	SZ	5.93	2.86	
248	2013-05-14	5.97	5.99	5.82	5.93	42966	2.86	002367	康力电梯	SZ	6.07	2.82	
249	2013-05-13	5.81	6.07	5.78	6.07	43704	2.82	002367	康力电梯	SZ	5.85	2.72	
250	2013-05-10	5.91	5.93	5.8	5.85	33903	2.72	002367	康力电梯	SZ	5.95	2.76	
251	2013-05-09	5.97	6.05	5.91	5.95	30493	2.76	002367	康力电梯	SZ	5.96	2.77	
252	2013-05-08	5.91	5.99	5.85	5.96	32336	2.77	002367	康力电梯	SZ	5.88	2.73	
253	2013-05-07	5.89	6.06	5.85	5.88	55449	2.73	002367	康力电梯	SZ	5.94	2.76	
254	2013-05-06	5.71	5.94	5.68	5.94	62368	2.76	002367	康力电梯	SZ	5.76	2.67	
255	2013-05-03	5.62	5.9	5.61	5.76	60394	2.67	002367	康力电梯	SZ	5.61	2.61	
256	2013-05-02	5.32	5.63	5.32	5.61	61852	2.61	002367	康力电梯	SZ	5.34	2.48	
260	2013-04-26	5.54	5.59	5.34	5.34	101198	2.48	002367	康力电梯	SZ	5.55	2.58	
261	2013-04-25	5.61	5.62	5.47	5.55	101035	2.58	002367	康力电梯	SZ	5.61	2.6	
262	2013-04-24	5.43	5.7	5.38	5.61	95724	2.6	002367	康力电梯	SZ	5.41	2.51	
263	2013-04-23	5.45	5.52	5.3	5.41	117680	2.51	002367	康力电梯	SZ	5.5	2.55	
264	2013-04-22	5.43	5.57	5.41	5.5	45574	2.55	002367	康力电梯	SZ	5.47	2.54	
265	2013-04-19	5.22	5.54	5.22	5.47	110471	2.54	002367	康力电梯	SZ	5.22	2.42	
266	2013-04-18	5.24	5.25	5.17	5.22	37645	2.42	002367	康力电梯	SZ	5.22	2.43	
267	2013-04-17	5.01	5.32	4.98	5.22	90126	2.43	002367	康力电梯	SZ	5.01	2.33	
268	2013-04-16	4.91	5.01	4.86	5.01	21213	2.33	002367	康力电梯	SZ	4.94	2.29	
269	2013-04-15	4.91	4.97	4.82	4.94	22322	2.29	002367	康力电梯	SZ	4.91	2.28	
270	2013-04-12	4.94	4.98	4.91	4.91	11007	2.28	002367	康力电梯	SZ	4.95	2.3	
271	2013-04-11	4.9	4.99	4.89	4.95	25810	2.3	002367	康力电梯	SZ	4.89	2.27	
272	2013-04-10	4.93	4.99	4.8	4.89	17832	2.27	002367	康力电梯	SZ	4.94	2.29	
273	2013-04-09	4.85	5.01	4.8	4.94	37270	2.29	002367	康力电梯	SZ	4.86	2.25	
274	2013-04-08	4.93	4.95	4.48	4.86	46759	2.25	002367	康力电梯	SZ	4.95	2.3	
277	2013-04-03	5	5.03	4.92	4.95	34970	2.3	002367	康力电梯	SZ	5.03	2.33	
278	2013-04-02	4.96	5.09	4.96	5.03	61435	2.33	002367	康力电梯	SZ	4.96	2.3	
279	2013-04-01	4.97	4.99	4.9	4.96	35158	2.3	002367	康力电梯	SZ	4.95	2.3	
280	2013-03-29	4.94	5.03	4.89	4.95	31238	2.3	002367	康力电梯	SZ	4.97	2.31	
281	2013-03-28	5.13	5.14	4.95	4.97	30109	2.31	002367	康力电梯	SZ	5.13	2.38	
282	2013-03-27	5.05	5.16	5.05	5.13	31829	2.38	002367	康力电梯	SZ	5.09	2.37	
283	2013-03-26	5.11	5.2	5.04	5.09	53268	2.37	002367	康力电梯	SZ	5.16	2.4	
284	2013-03-25	5.04	5.16	5.03	5.16	62383	2.4	002367	康力电梯	SZ	5.07	2.35	
285	2013-03-22	5.14	5.14	5.03	5.07	21984	2.35	002367	康力电梯	SZ	5.14	2.39	
286	2013-03-21	5.09	5.21	5.02	5.14	46144	2.39	002367	康力电梯	SZ	5.07	2.35	
287	2013-03-20	4.89	5.08	4.86	5.07	41098	2.35	002367	康力电梯	SZ	4.86	2.26	
288	2013-03-19	4.86	4.92	4.78	4.86	18103	2.26	002367	康力电梯	SZ	4.91	2.28	
289	2013-03-18	4.96	5.01	4.84	4.91	29242	2.28	002367	康力电梯	SZ	5.02	2.33	
290	2013-03-15	5.1	5.11	4.95	5.02	42042	2.33	002367	康力电梯	SZ	5.09	2.36	
291	2013-03-14	5.03	5.09	5	5.09	42024	2.36	002367	康力电梯	SZ	5.05	2.34	
292	2013-03-13	5.07	5.11	4.98	5.05	68050	2.34	002367	康力电梯	SZ	5.07	2.35	
293	2013-03-12	4.93	5.09	4.86	5.07	97379	2.35	002367	康力电梯	SZ	4.93	2.29	
294	2013-03-11	4.84	4.95	4.76	4.93	57758	2.29	002367	康力电梯	SZ	4.91	2.28	
295	2013-03-08	4.97	5.15	4.91	4.91	169057	2.28	002367	康力电梯	SZ	4.91	2.28	
296	2013-03-07	4.89	5.02	4.87	4.91	55227	2.28	002367	康力电梯	SZ	4.95	2.3	
297	2013-03-06	4.93	4.99	4.86	4.95	54712	2.3	002367	康力电梯	SZ	4.92	2.28	
298	2013-03-05	4.78	4.93	4.78	4.92	48880	2.28	002367	康力电梯	SZ	4.84	2.24	
299	2013-03-04	4.9	4.96	4.78	4.84	93527	2.24	002367	康力电梯	SZ	4.99	2.31	
300	2013-03-01	4.78	5	4.75	4.99	137079	2.31	002367	康力电梯	SZ	4.76	2.21	
301	2013-02-28	4.68	4.8	4.68	4.76	54327	2.21	002367	康力电梯	SZ	4.66	2.16	
302	2013-02-27	4.66	4.69	4.6	4.66	22164	2.16	002367	康力电梯	SZ	4.63	2.15	
303	2013-02-26	4.7	4.76	4.6	4.63	32259	2.15	002367	康力电梯	SZ	4.72	2.19	
304	2013-02-25	4.74	4.77	4.68	4.72	27516	2.19	002367	康力电梯	SZ	4.72	2.19	
305	2013-02-22	4.84	4.88	4.68	4.72	60403	2.19	002367	康力电梯	SZ	4.84	2.24	
306	2013-02-21	4.86	4.99	4.78	4.84	66373	2.24	002367	康力电梯	SZ	4.82	2.24	
307	2013-02-20	4.8	4.84	4.78	4.82	44011	2.24	002367	康力电梯	SZ	4.8	2.23	
308	2013-02-19	4.99	5.03	4.79	4.8	61395	2.23	002367	康力电梯	SZ	5.01	2.32	
309	2013-02-18	5.05	5.07	4.99	5.01	39428	2.32	002367	康力电梯	SZ	5.03	2.34	
315	2013-02-08	4.91	5.07	4.91	5.03	46129	2.34	002367	康力电梯	SZ	4.93	2.29	
316	2013-02-07	4.93	4.99	4.9	4.93	27743	2.29	002367	康力电梯	SZ	4.96	2.3	
317	2013-02-06	4.93	5	4.89	4.96	41300	2.3	002367	康力电梯	SZ	4.91	2.28	
318	2013-02-05	4.89	4.93	4.86	4.91	27704	2.28	002367	康力电梯	SZ	4.91	2.28	
319	2013-02-04	4.9	5.03	4.78	4.91	82497	2.28	002367	康力电梯	SZ	4.88	2.27	
320	2013-02-01	4.86	4.97	4.84	4.88	55979	2.27	002367	康力电梯	SZ	4.83	2.24	
321	2013-01-31	4.99	4.99	4.82	4.83	56633	2.24	002367	康力电梯	SZ	4.99	2.32	
322	2013-01-30	4.95	5.12	4.92	4.99	75826	2.32	002367	康力电梯	SZ	4.92	2.28	
323	2013-01-29	5.01	5.1	4.92	4.92	50788	2.28	002367	康力电梯	SZ	5.01	2.33	
324	2013-01-28	4.9	5.03	4.88	5.01	46339	2.33	002367	康力电梯	SZ	4.89	2.27	
325	2013-01-25	4.84	4.95	4.84	4.89	22043	2.27	002367	康力电梯	SZ	4.86	2.25	
326	2013-01-24	5.01	5.03	4.84	4.86	69889	2.25	002367	康力电梯	SZ	5	2.32	
327	2013-01-23	5.05	5.05	4.88	5	77020	2.32	002367	康力电梯	SZ	5.05	2.34	
328	2013-01-22	5.3	5.34	5.05	5.05	104465	2.34	002367	康力电梯	SZ	5.26	2.44	
329	2013-01-21	5.16	5.32	5.16	5.26	100726	2.44	002367	康力电梯	SZ	5.16	2.4	
330	2013-01-18	4.95	5.18	4.93	5.16	100289	2.4	002367	康力电梯	SZ	4.93	2.29	
331	2013-01-17	4.84	5.09	4.84	4.93	83544	2.29	002367	康力电梯	SZ	4.88	2.27	
332	2013-01-16	4.84	4.9	4.8	4.88	51994	2.27	002367	康力电梯	SZ	4.86	2.25	
333	2013-01-15	4.84	4.89	4.82	4.86	58750	2.25	002367	康力电梯	SZ	4.86	2.25	
334	2013-01-14	4.7	4.91	4.7	4.86	61454	2.25	002367	康力电梯	SZ	4.74	2.2	
335	2013-01-11	4.78	4.84	4.72	4.74	56667	2.2	002367	康力电梯	SZ	4.82	2.24	
336	2013-01-10	4.9	4.91	4.79	4.82	69720	2.24	002367	康力电梯	SZ	4.92	2.28	
337	2013-01-09	4.65	4.95	4.65	4.92	139367	2.28	002367	康力电梯	SZ	4.7	2.18	
338	2013-01-08	4.61	4.7	4.58	4.7	82812	2.18	002367	康力电梯	SZ	4.61	2.14	
339	2013-01-07	4.53	4.62	4.51	4.61	50761	2.14	002367	康力电梯	SZ	4.54	2.11	
340	2013-01-04	4.59	4.7	4.48	4.54	49916	2.11	002367	康力电梯	SZ	4.58	2.13	
344	2012-12-31	4.57	4.74	4.55	4.58	80759	2.13	002367	康力电梯	SZ	4.57	2.12	
345	2012-12-28	4.55	4.6	4.49	4.57	59981	2.12	002367	康力电梯	SZ	4.55	2.11	
346	2012-12-27	4.48	4.8	4.48	4.55	106639	2.11	002367	康力电梯	SZ	4.49	2.08	
347	2012-12-26	4.49	4.5	4.45	4.49	75859	2.08	002367	康力电梯	SZ	4.49	2.08	
348	2012-12-25	4.39	4.55	4.33	4.49	125303	2.08	002367	康力电梯	SZ	4.39	2.04	
349	2012-12-24	4.39	4.45	4.35	4.39	71981	2.04	002367	康力电梯	SZ	4.43	2.06	
350	2012-12-21	4.41	4.49	4.31	4.43	121074	2.06	002367	康力电梯	SZ	4.48	2.08	
351	2012-12-20	4.4	4.57	4.27	4.48	270293	2.08	002367	康力电梯	SZ	4.41	2.05	
352	2012-12-19	4.41	4.41	4.26	4.41	263381	2.05	002367	康力电梯	SZ	4.01	1.86	
353	2012-12-18	3.92	4.03	3.91	4.01	69019	1.86	002367	康力电梯	SZ	3.92	1.82	
354	2012-12-17	3.95	4.04	3.92	3.92	47313	1.82	002367	康力电梯	SZ	3.95	1.83	
355	2012-12-14	3.84	3.99	3.84	3.95	57679	1.83	002367	康力电梯	SZ	3.84	1.78	
356	2012-12-13	3.83	3.88	3.82	3.84	40367	1.78	002367	康力电梯	SZ	3.83	1.78	
357	2012-12-12	3.87	3.87	3.82	3.83	36528	1.78	002367	康力电梯	SZ	3.85	1.79	
358	2012-12-11	3.8	3.87	3.78	3.85	89341	1.79	002367	康力电梯	SZ	3.79	1.76	
359	2012-12-10	3.77	3.8	3.76	3.79	62398	1.76	002367	康力电梯	SZ	3.74	1.74	
360	2012-12-07	3.7	3.75	3.68	3.74	49751	1.74	002367	康力电梯	SZ	3.7	1.72	
361	2012-12-06	3.72	3.75	3.67	3.7	16949	1.72	002367	康力电梯	SZ	3.73	1.73	
362	2012-12-05	3.66	3.78	3.66	3.73	47753	1.73	002367	康力电梯	SZ	3.67	1.7	
363	2012-12-04	3.64	3.68	3.56	3.67	14217	1.7	002367	康力电梯	SZ	3.68	1.71	
364	2012-12-03	3.69	3.7	3.64	3.68	15683	1.71	002367	康力电梯	SZ	3.69	1.72	
365	2012-11-30	3.67	3.7	3.65	3.69	18157	1.72	002367	康力电梯	SZ	3.69	1.72	
366	2012-11-29	3.68	3.7	3.64	3.69	27204	1.72	002367	康力电梯	SZ	3.71	1.72	
367	2012-11-28	3.72	3.74	3.66	3.71	24383	1.72	002367	康力电梯	SZ	3.72	1.73	
368	2012-11-27	3.72	3.77	3.69	3.72	22506	1.73	002367	康力电梯	SZ	3.76	1.75	
369	2012-11-26	3.77	3.77	3.73	3.76	6484	1.75	002367	康力电梯	SZ	3.77	1.75	
370	2012-11-23	3.78	3.79	3.74	3.77	9452	1.75	002367	康力电梯	SZ	3.78	1.75	
371	2012-11-22	3.78	3.79	3.72	3.78	7923	1.75	002367	康力电梯	SZ	3.78	1.75	
372	2012-11-21	3.74	3.79	3.71	3.78	8698	1.75	002367	康力电梯	SZ	3.74	1.74	
373	2012-11-20	3.8	3.8	3.71	3.74	8860	1.74	002367	康力电梯	SZ	3.78	1.75	
374	2012-11-19	3.81	3.81	3.7	3.78	15120	1.75	002367	康力电梯	SZ	3.81	1.77	
375	2012-11-16	3.81	3.81	3.77	3.81	8936	1.77	002367	康力电梯	SZ	3.85	1.79	
376	2012-11-15	3.82	3.85	3.79	3.85	10824	1.79	002367	康力电梯	SZ	3.83	1.78	
377	2012-11-14	3.85	3.88	3.81	3.83	9799	1.78	002367	康力电梯	SZ	3.88	1.8	
378	2012-11-13	3.88	3.91	3.84	3.88	13026	1.8	002367	康力电梯	SZ	3.87	1.8	
379	2012-11-12	3.86	3.89	3.86	3.87	4857	1.8	002367	康力电梯	SZ	3.88	1.8	
380	2012-11-09	3.85	3.89	3.85	3.88	8197	1.8	002367	康力电梯	SZ	3.88	1.8	
381	2012-11-08	3.86	3.9	3.8	3.88	27832	1.8	002367	康力电梯	SZ	3.89	1.81	
382	2012-11-07	3.92	3.93	3.88	3.89	7177	1.81	002367	康力电梯	SZ	3.92	1.82	
383	2012-11-06	3.94	3.94	3.87	3.92	7564	1.82	002367	康力电梯	SZ	3.94	1.83	
384	2012-11-05	3.99	3.99	3.9	3.94	30995	1.83	002367	康力电梯	SZ	3.99	1.85	
385	2012-11-02	3.99	4	3.95	3.99	13718	1.85	002367	康力电梯	SZ	3.97	1.84	
386	2012-11-01	3.93	3.97	3.91	3.97	19525	1.84	002367	康力电梯	SZ	3.9	1.81	
387	2012-10-31	3.9	3.92	3.86	3.9	11886	1.81	002367	康力电梯	SZ	3.89	1.81	
388	2012-10-30	3.9	3.91	3.87	3.89	11709	1.81	002367	康力电梯	SZ	3.9	1.81	
389	2012-10-29	3.9	3.92	3.86	3.9	8356	1.81	002367	康力电梯	SZ	3.91	1.82	
390	2012-10-26	3.91	3.94	3.85	3.91	13848	1.82	002367	康力电梯	SZ	3.95	1.83	
391	2012-10-25	3.91	4	3.91	3.95	13605	1.83	002367	康力电梯	SZ	3.94	1.83	
392	2012-10-24	3.93	3.97	3.89	3.94	9553	1.83	002367	康力电梯	SZ	3.95	1.84	
393	2012-10-23	3.97	4.03	3.92	3.95	22782	1.84	002367	康力电梯	SZ	3.99	1.85	
394	2012-10-22	4	4	3.93	3.99	19865	1.85	002367	康力电梯	SZ	4	1.86	
395	2012-10-19	4.01	4.02	3.97	4	11974	1.86	002367	康力电梯	SZ	4	1.86	
396	2012-10-18	3.93	4.02	3.93	4	24262	1.86	002367	康力电梯	SZ	3.95	1.84	
397	2012-10-17	3.93	3.95	3.91	3.95	9375	1.84	002367	康力电梯	SZ	3.95	1.84	
398	2012-10-16	3.91	3.96	3.91	3.95	9377	1.84	002367	康力电梯	SZ	3.94	1.83	
399	2012-10-15	3.96	3.97	3.92	3.94	11086	1.83	002367	康力电梯	SZ	3.96	1.84	
400	2012-10-12	3.98	3.99	3.92	3.96	11578	1.84	002367	康力电梯	SZ	3.95	1.84	
401	2012-10-11	4.03	4.03	3.95	3.95	18720	1.84	002367	康力电梯	SZ	4.04	1.88	
402	2012-10-10	4.01	4.05	4.01	4.04	16404	1.88	002367	康力电梯	SZ	4.03	1.87	
403	2012-10-09	3.99	4.03	3.97	4.03	21001	1.87	002367	康力电梯	SZ	3.97	1.85	
404	2012-10-08	3.97	4.01	3.92	3.97	9974	1.85	002367	康力电梯	SZ	3.99	1.85	
410	2012-09-28	3.89	3.99	3.89	3.99	46203	1.85	002367	康力电梯	SZ	3.91	1.82	
411	2012-09-27	3.88	3.97	3.84	3.91	14148	1.82	002367	康力电梯	SZ	3.86	1.79	
412	2012-09-26	3.93	3.96	3.84	3.86	14914	1.79	002367	康力电梯	SZ	3.97	1.84	
413	2012-09-25	4	4.04	3.9	3.97	17582	1.84	002367	康力电梯	SZ	4.05	1.88	
414	2012-09-24	3.97	4.12	3.94	4.05	31374	1.88	002367	康力电梯	SZ	3.97	1.85	
415	2012-09-21	3.97	3.98	3.85	3.97	40977	1.85	002367	康力电梯	SZ	3.96	1.84	
416	2012-09-20	4.11	4.11	3.96	3.96	15928	1.84	002367	康力电梯	SZ	4.09	1.9	
417	2012-09-19	4.11	4.11	4.07	4.09	10087	1.9	002367	康力电梯	SZ	4.11	1.91	
418	2012-09-18	4.1	4.11	4.06	4.11	9595	1.91	002367	康力电梯	SZ	4.14	1.92	
419	2012-09-17	4.21	4.21	4.07	4.14	24890	1.92	002367	康力电梯	SZ	4.2	1.95	
420	2012-09-14	4.16	4.23	4.11	4.2	30149	1.95	002367	康力电梯	SZ	4.16	1.93	
421	2012-09-13	4.2	4.24	4.16	4.16	33960	1.93	002367	康力电梯	SZ	4.19	1.95	
422	2012-09-12	4.24	4.25	4.14	4.19	30605	1.95	002367	康力电梯	SZ	4.22	1.96	
423	2012-09-11	4.19	4.23	4.15	4.22	28328	1.96	002367	康力电梯	SZ	4.21	1.95	
424	2012-09-10	4.22	4.26	4.18	4.21	48091	1.95	002367	康力电梯	SZ	4.19	1.95	
425	2012-09-07	4.09	4.22	4.08	4.19	68504	1.95	002367	康力电梯	SZ	4.07	1.89	
426	2012-09-06	4.05	4.09	4.04	4.07	13495	1.89	002367	康力电梯	SZ	4.03	1.87	
427	2012-09-05	4.03	4.04	4	4.03	15012	1.87	002367	康力电梯	SZ	4.03	1.87	
428	2012-09-04	4.05	4.07	4.01	4.03	20631	1.87	002367	康力电梯	SZ	4.07	1.89	
429	2012-09-03	4.01	4.09	4	4.07	40336	1.89	002367	康力电梯	SZ	4.08	1.89	
430	2012-08-31	4.09	4.09	4.03	4.08	20938	1.89	002367	康力电梯	SZ	4.1	1.9	
431	2012-08-30	4.09	4.11	4.01	4.1	29774	1.9	002367	康力电梯	SZ	4.1	1.9	
432	2012-08-29	4.16	4.16	4.02	4.1	47441	1.9	002367	康力电梯	SZ	4.16	1.93	
433	2012-08-28	4.12	4.18	4.11	4.16	21950	1.93	002367	康力电梯	SZ	4.14	1.92	
434	2012-08-27	4.11	4.16	4.09	4.14	37888	1.92	002367	康力电梯	SZ	4.13	1.92	
435	2012-08-24	4.15	4.15	4.09	4.13	19009	1.92	002367	康力电梯	SZ	4.15	1.93	
436	2012-08-23	4.13	4.16	4.09	4.15	22658	1.93	002367	康力电梯	SZ	4.13	1.92	
437	2012-08-22	4.14	4.16	4.07	4.13	24777	1.92	002367	康力电梯	SZ	4.14	1.92	
438	2012-08-21	4.11	4.14	4.07	4.14	29701	1.92	002367	康力电梯	SZ	4.11	1.91	
439	2012-08-20	4.09	4.12	4.06	4.11	13158	1.91	002367	康力电梯	SZ	4.11	1.91	
440	2012-08-17	4.11	4.12	4.05	4.11	14622	1.91	002367	康力电梯	SZ	4.09	1.9	
441	2012-08-16	4.09	4.13	4.05	4.09	22838	1.9	002367	康力电梯	SZ	4.09	1.9	
442	2012-08-15	4.17	4.17	4.05	4.09	26033	1.9	002367	康力电梯	SZ	4.17	1.94	
443	2012-08-14	4.12	4.18	4.07	4.17	29433	1.94	002367	康力电梯	SZ	4.14	1.92	
444	2012-08-13	4.2	4.22	4.13	4.14	39845	1.92	002367	康力电梯	SZ	4.2	1.95	
445	2012-08-10	4.24	4.25	4.18	4.2	37307	1.95	002367	康力电梯	SZ	4.23	1.96	
446	2012-08-09	4.2	4.25	4.15	4.23	49747	1.96	002367	康力电梯	SZ	4.18	1.94	
447	2012-08-08	4.19	4.21	4.11	4.18	56676	1.94	002367	康力电梯	SZ	4.21	1.95	
448	2012-08-07	4.24	4.24	4.16	4.21	85120	1.95	002367	康力电梯	SZ	4.25	1.97	
449	2012-08-06	4.03	4.3	4.02	4.25	126611	1.97	002367	康力电梯	SZ	4.05	1.88	
450	2012-08-03	4.05	4.05	3.99	4.05	16655	1.88	002367	康力电梯	SZ	4.03	1.87	
451	2012-08-02	4	4.03	3.97	4.03	11022	1.87	002367	康力电梯	SZ	4.03	1.87	
452	2012-08-01	3.95	4.05	3.93	4.03	22152	1.87	002367	康力电梯	SZ	3.93	1.83	
453	2012-07-31	3.9	3.93	3.87	3.93	6998	1.83	002367	康力电梯	SZ	3.95	1.83	
454	2012-07-30	3.98	4	3.88	3.95	10331	1.83	002367	康力电梯	SZ	3.97	1.85	
455	2012-07-27	3.98	4.08	3.95	3.97	12523	1.85	002367	康力电梯	SZ	3.97	1.85	
456	2012-07-26	3.95	3.99	3.85	3.97	13268	1.85	002367	康力电梯	SZ	3.95	1.84	
457	2012-07-25	4.01	4.02	3.95	3.95	6567	1.84	002367	康力电梯	SZ	4.01	1.86	
458	2012-07-24	3.98	4.03	3.98	4.01	6987	1.86	002367	康力电梯	SZ	3.99	1.85	
459	2012-07-23	4.01	4.01	3.96	3.99	7278	1.85	002367	康力电梯	SZ	4.01	1.86	
460	2012-07-20	4.01	4.14	4.01	4.01	24175	1.86	002367	康力电梯	SZ	4.01	1.86	
461	2012-07-19	3.97	4.03	3.95	4.01	16456	1.86	002367	康力电梯	SZ	3.98	1.85	
462	2012-07-18	3.88	3.98	3.88	3.98	14733	1.85	002367	康力电梯	SZ	3.93	1.82	
463	2012-07-17	3.85	3.93	3.84	3.93	7828	1.82	002367	康力电梯	SZ	3.89	1.81	
464	2012-07-16	3.94	3.97	3.83	3.89	13546	1.81	002367	康力电梯	SZ	3.94	1.83	
465	2012-07-13	3.95	3.97	3.9	3.94	11514	1.83	002367	康力电梯	SZ	3.95	1.84	
466	2012-07-12	3.88	3.95	3.85	3.95	14921	1.84	002367	康力电梯	SZ	3.87	1.8	
467	2012-07-11	3.85	3.89	3.84	3.87	10662	1.8	002367	康力电梯	SZ	3.88	1.8	
468	2012-07-10	3.9	3.91	3.82	3.88	18015	1.8	002367	康力电梯	SZ	3.9	1.81	
469	2012-07-09	4.01	4.01	3.89	3.9	20913	1.81	002367	康力电梯	SZ	4.04	1.88	
470	2012-07-06	4	4.05	3.94	4.04	20266	1.88	002367	康力电梯	SZ	4	1.86	
471	2012-07-05	4	4.07	3.97	4	14631	1.86	002367	康力电梯	SZ	4.02	1.87	
472	2012-07-04	4.05	4.05	4.01	4.02	22401	1.87	002367	康力电梯	SZ	4.05	1.88	
473	2012-07-03	4.06	4.14	4.02	4.05	22410	1.88	002367	康力电梯	SZ	4.05	1.88	
474	2012-07-02	4.05	4.11	4	4.05	22025	1.88	002367	康力电梯	SZ	4.01	1.86	
475	2012-06-29	3.96	4.03	3.94	4.01	18948	1.86	002367	康力电梯	SZ	3.96	1.84	
476	2012-06-28	4.03	4.03	3.96	3.96	15169	1.84	002367	康力电梯	SZ	4	1.86	
477	2012-06-27	4.01	4.06	4	4	13404	1.86	002367	康力电梯	SZ	4.03	1.87	
478	2012-06-26	4.08	4.09	3.96	4.03	26521	1.87	002367	康力电梯	SZ	4.11	1.91	
479	2012-06-25	4.16	4.21	4.1	4.11	35919	1.91	002367	康力电梯	SZ	4.15	1.93	
481	2012-06-21	4.14	4.18	4.12	4.15	29863	1.93	002367	康力电梯	SZ	4.15	1.93	
482	2012-06-20	4.11	4.16	4.08	4.15	26116	1.93	002367	康力电梯	SZ	4.1	1.9	
483	2012-06-19	4.14	4.15	4.09	4.1	19050	1.9	002367	康力电梯	SZ	4.15	1.93	
484	2012-06-18	4.16	4.16	4.13	4.15	22104	1.93	002367	康力电梯	SZ	4.13	1.92	
485	2012-06-15	4.15	4.18	4.1	4.13	18474	1.92	002367	康力电梯	SZ	4.15	1.93	
486	2012-06-14	4.14	4.17	4.12	4.15	30789	1.93	002367	康力电梯	SZ	4.15	1.93	
487	2012-06-13	4.11	4.17	4.09	4.15	33432	1.93	002367	康力电梯	SZ	4.1	1.9	
488	2012-06-12	4.13	4.15	4.08	4.1	22808	1.9	002367	康力电梯	SZ	4.17	1.94	
489	2012-06-11	4.09	4.19	4.09	4.17	44763	1.94	002367	康力电梯	SZ	4.03	1.87	
490	2012-06-08	4.09	4.09	4.01	4.03	16280	1.87	002367	康力电梯	SZ	4.05	1.88	
491	2012-06-07	4.09	4.11	4.02	4.05	18125	1.88	002367	康力电梯	SZ	4.07	1.89	
492	2012-06-06	4.05	4.09	4.03	4.07	13949	1.89	002367	康力电梯	SZ	4.05	1.88	
493	2012-06-05	4.04	4.07	4.02	4.05	8746	1.88	002367	康力电梯	SZ	4.03	1.87	
494	2012-06-04	4.05	4.12	4.01	4.03	24641	1.87	002367	康力电梯	SZ	4.16	1.93	
495	2012-06-01	4.2	4.2	4.14	4.16	13549	1.93	002367	康力电梯	SZ	4.2	1.95	
496	2012-05-31	4.18	4.2	4.16	4.2	19062	1.95	002367	康力电梯	SZ	4.21	1.95	
497	2012-05-30	4.22	4.22	4.18	4.21	21669	1.95	002367	康力电梯	SZ	4.22	1.96	
498	2012-05-29	4.2	4.22	4.16	4.22	33026	1.96	002367	康力电梯	SZ	4.21	1.95	
499	2012-05-28	4.03	4.21	3.99	4.21	38842	1.95	002367	康力电梯	SZ	4.04	1.88	
500	2012-05-25	4.09	4.11	4.01	4.04	20386	1.88	002367	康力电梯	SZ	4.09	1.9	
501	2012-05-24	4.07	4.14	4.07	4.09	26056	1.9	002367	康力电梯	SZ	4.07	1.89	
502	2012-05-23	4.08	4.08	4.04	4.07	20475	1.89	002367	康力电梯	SZ	4.09	1.9	
503	2012-05-22	4.03	4.09	4.03	4.09	31382	1.9	002367	康力电梯	SZ	4.01	1.86	
504	2012-05-21	4.05	4.06	3.98	4.01	38347	1.86	002367	康力电梯	SZ	4.05	1.88	
505	2012-05-18	4.2	4.22	4.03	4.05	54853	1.88	002367	康力电梯	SZ	4.24	1.97	
506	2012-05-17	4.15	4.24	4.15	4.24	28535	1.97	002367	康力电梯	SZ	4.2	1.95	
507	2012-05-16	4.25	4.28	4.16	4.2	31675	1.95	002367	康力电梯	SZ	4.27	1.98	
508	2012-05-15	4.34	4.34	4.24	4.27	37872	1.98	002367	康力电梯	SZ	4.36	2.02	
509	2012-05-14	4.43	4.43	4.35	4.36	30808	2.02	002367	康力电梯	SZ	4.41	2.05	
510	2012-05-11	4.39	4.43	4.35	4.41	37738	2.05	002367	康力电梯	SZ	4.39	2.04	
511	2012-05-10	4.38	4.41	4.35	4.39	16654	2.04	002367	康力电梯	SZ	4.39	2.04	
512	2012-05-09	4.38	4.41	4.34	4.39	26726	2.04	002367	康力电梯	SZ	4.41	2.05	
513	2012-05-08	4.41	4.43	4.36	4.41	27718	2.05	002367	康力电梯	SZ	4.41	2.05	
514	2012-05-07	4.43	4.43	4.34	4.41	43038	2.05	002367	康力电梯	SZ	4.45	2.06	
515	2012-05-04	4.41	4.45	4.36	4.45	47849	2.06	002367	康力电梯	SZ	4.43	2.06	
516	2012-05-03	4.53	4.53	4.41	4.43	44905	2.06	002367	康力电梯	SZ	4.53	2.1	
517	2012-05-02	4.51	4.56	4.43	4.53	30728	2.1	002367	康力电梯	SZ	4.49	2.08	
520	2012-04-27	4.49	4.53	4.47	4.49	18245	2.08	002367	康力电梯	SZ	4.49	2.09	
521	2012-04-26	4.46	4.53	4.46	4.49	21621	2.09	002367	康力电梯	SZ	4.49	2.08	
522	2012-04-25	4.47	4.51	4.38	4.49	23828	2.08	002367	康力电梯	SZ	4.47	2.08	
523	2012-04-24	4.41	4.49	4.26	4.47	21927	2.08	002367	康力电梯	SZ	4.48	2.08	
524	2012-04-23	4.55	4.55	4.43	4.48	21026	2.08	002367	康力电梯	SZ	4.54	2.11	
525	2012-04-20	4.53	4.56	4.48	4.54	22833	2.11	002367	康力电梯	SZ	4.53	2.11	
526	2012-04-19	4.53	4.57	4.46	4.53	18094	2.11	002367	康力电梯	SZ	4.54	2.11	
527	2012-04-18	4.49	4.56	4.43	4.54	23273	2.11	002367	康力电梯	SZ	4.44	2.06	
528	2012-04-17	4.51	4.53	4.41	4.44	22784	2.06	002367	康力电梯	SZ	4.53	2.11	
529	2012-04-16	4.59	4.59	4.51	4.53	28790	2.11	002367	康力电梯	SZ	4.59	2.13	
530	2012-04-13	4.57	4.61	4.55	4.59	30956	2.13	002367	康力电梯	SZ	4.57	2.12	
531	2012-04-12	4.55	4.57	4.49	4.57	31045	2.12	002367	康力电梯	SZ	4.56	2.12	
532	2012-04-11	4.49	4.59	4.45	4.56	16493	2.12	002367	康力电梯	SZ	4.56	2.12	
533	2012-04-10	4.47	4.56	4.37	4.56	18840	2.12	002367	康力电梯	SZ	4.49	2.08	
534	2012-04-09	4.39	4.59	4.36	4.49	30086	2.08	002367	康力电梯	SZ	4.44	2.06	
535	2012-04-06	4.4	4.47	4.39	4.44	17390	2.06	002367	康力电梯	SZ	4.43	2.06	
536	2012-04-05	4.34	4.44	4.3	4.43	27291	2.06	002367	康力电梯	SZ	4.32	2	
540	2012-03-30	4.32	4.32	4.23	4.32	24321	2	002367	康力电梯	SZ	4.3	2	
541	2012-03-29	4.39	4.45	4.2	4.3	35553	2	002367	康力电梯	SZ	4.47	2.07	
542	2012-03-28	4.64	4.65	4.4	4.47	44048	2.07	002367	康力电梯	SZ	4.85	1.42	
543	2012-03-27	4.97	4.99	4.8	4.85	66832	1.42	002367	康力电梯	SZ	4.95	1.45	
544	2012-03-26	4.86	5.03	4.86	4.95	83412	1.45	002367	康力电梯	SZ	4.89	1.43	
545	2012-03-23	4.82	4.93	4.8	4.89	80936	1.43	002367	康力电梯	SZ	4.82	1.41	
546	2012-03-22	4.78	4.85	4.77	4.82	47201	1.41	002367	康力电梯	SZ	4.83	1.41	
547	2012-03-21	4.82	4.91	4.67	4.83	110023	1.41	002367	康力电梯	SZ	4.65	1.36	
548	2012-03-20	4.75	4.77	4.63	4.65	42599	1.36	002367	康力电梯	SZ	4.78	1.4	
549	2012-03-19	4.75	4.78	4.72	4.78	32327	1.4	002367	康力电梯	SZ	4.65	1.36	
551	2012-03-15	4.75	4.78	4.6	4.65	30539	1.36	002367	康力电梯	SZ	4.77	1.39	
552	2012-03-14	4.93	4.95	4.68	4.77	52586	1.39	002367	康力电梯	SZ	4.92	1.44	
553	2012-03-13	4.91	4.94	4.86	4.92	39205	1.44	002367	康力电梯	SZ	4.91	1.44	
554	2012-03-12	4.84	4.92	4.83	4.91	31783	1.44	002367	康力电梯	SZ	4.84	1.41	
555	2012-03-09	4.84	4.84	4.78	4.84	34276	1.41	002367	康力电梯	SZ	4.83	1.41	
556	2012-03-08	4.76	4.83	4.76	4.83	45960	1.41	002367	康力电梯	SZ	4.75	1.39	
557	2012-03-07	4.68	4.77	4.67	4.75	30091	1.39	002367	康力电梯	SZ	4.72	1.38	
558	2012-03-06	4.74	4.75	4.67	4.72	29399	1.38	002367	康力电梯	SZ	4.76	1.39	
559	2012-03-05	4.82	4.85	4.75	4.76	39357	1.39	002367	康力电梯	SZ	4.79	1.4	
560	2012-03-02	4.72	4.8	4.72	4.79	33997	1.4	002367	康力电梯	SZ	4.71	1.38	
561	2012-03-01	4.69	4.73	4.68	4.71	21244	1.38	002367	康力电梯	SZ	4.7	1.37	
562	2012-02-29	4.75	4.77	4.68	4.7	29391	1.37	002367	康力电梯	SZ	4.72	1.38	
563	2012-02-28	4.78	4.79	4.68	4.72	47114	1.38	002367	康力电梯	SZ	4.81	1.41	
564	2012-02-27	4.84	4.96	4.76	4.81	136149	1.41	002367	康力电梯	SZ	4.67	1.37	
565	2012-02-24	4.53	4.67	4.49	4.67	59551	1.37	002367	康力电梯	SZ	4.54	1.33	
566	2012-02-23	4.51	4.55	4.47	4.54	29788	1.33	002367	康力电梯	SZ	4.51	1.32	
567	2012-02-22	4.42	4.53	4.42	4.51	39593	1.32	002367	康力电梯	SZ	4.43	1.3	
568	2012-02-21	4.38	4.44	4.33	4.43	17823	1.3	002367	康力电梯	SZ	4.38	1.28	
569	2012-02-20	4.45	4.48	4.38	4.38	18295	1.28	002367	康力电梯	SZ	4.38	1.28	
570	2012-02-17	4.44	4.48	4.34	4.38	22025	1.28	002367	康力电梯	SZ	4.45	1.3	
571	2012-02-16	4.47	4.49	4.38	4.45	23935	1.3	002367	康力电梯	SZ	4.46	1.3	
572	2012-02-15	4.39	4.48	4.33	4.46	43075	1.3	002367	康力电梯	SZ	4.39	1.28	
573	2012-02-14	4.43	4.43	4.32	4.39	20416	1.28	002367	康力电梯	SZ	4.4	1.29	
574	2012-02-13	4.33	4.45	4.29	4.4	30559	1.29	002367	康力电梯	SZ	4.37	1.28	
575	2012-02-10	4.32	4.38	4.29	4.37	27045	1.28	002367	康力电梯	SZ	4.32	1.26	
576	2012-02-09	4.3	4.37	4.28	4.32	21555	1.26	002367	康力电梯	SZ	4.32	1.26	
577	2012-02-08	4.22	4.32	4.21	4.32	20872	1.26	002367	康力电梯	SZ	4.26	1.25	
578	2012-02-07	4.31	4.31	4.2	4.26	19438	1.25	002367	康力电梯	SZ	4.31	1.26	
579	2012-02-06	4.3	4.32	4.27	4.31	15850	1.26	002367	康力电梯	SZ	4.3	1.26	
580	2012-02-03	4.23	4.31	4.19	4.3	34097	1.26	002367	康力电梯	SZ	4.23	1.24	
581	2012-02-02	4.18	4.23	4.13	4.23	20318	1.24	002367	康力电梯	SZ	4.14	1.21	
582	2012-02-01	4.15	4.21	4.12	4.14	13416	1.21	002367	康力电梯	SZ	4.18	1.22	
583	2012-01-31	4.1	4.18	4.08	4.18	16797	1.22	002367	康力电梯	SZ	4.1	1.2	
584	2012-01-30	4.13	4.13	4.08	4.1	12396	1.2	002367	康力电梯	SZ	4.12	1.2	
590	2012-01-20	4.02	4.13	4.02	4.12	19832	1.2	002367	康力电梯	SZ	4.03	1.18	
591	2012-01-19	4.06	4.06	4	4.03	25213	1.18	002367	康力电梯	SZ	4.06	1.19	
592	2012-01-18	4.15	4.23	3.96	4.06	34833	1.19	002367	康力电梯	SZ	4.15	1.21	
593	2012-01-17	3.94	4.17	3.94	4.15	50001	1.21	002367	康力电梯	SZ	3.94	1.15	
594	2012-01-16	4.34	4.34	3.92	3.94	57920	1.15	002367	康力电梯	SZ	4.35	1.27	
595	2012-01-13	4.43	4.58	4.3	4.35	76048	1.27	002367	康力电梯	SZ	4.5	1.32	
596	2012-01-12	4.77	4.77	4.48	4.5	155054	1.32	002367	康力电梯	SZ	4.73	1.38	
597	2012-01-11	4.57	4.73	4.54	4.73	30743	1.38	002367	康力电梯	SZ	4.6	1.34	
598	2012-01-10	4.42	4.63	4.39	4.6	31336	1.34	002367	康力电梯	SZ	4.44	1.3	
599	2012-01-09	4.23	4.45	4.21	4.44	26137	1.3	002367	康力电梯	SZ	4.31	1.26	
600	2012-01-06	4.39	4.4	4.1	4.31	19458	1.26	002367	康力电梯	SZ	4.38	1.28	
601	2012-01-05	4.57	4.57	4.19	4.38	103237	1.28	002367	康力电梯	SZ	4.6	1.34	
602	2012-01-04	4.62	4.74	4.49	4.6	36004	1.34	002367	康力电梯	SZ	4.61	1.35	
605	2011-12-30	4.5	4.61	4.47	4.61	27294	1.35	002367	康力电梯	SZ	4.5	1.31	
606	2011-12-29	4.48	4.62	4.46	4.5	26370	1.31	002367	康力电梯	SZ	4.57	1.33	
607	2011-12-28	4.77	4.77	4.42	4.57	55021	1.33	002367	康力电梯	SZ	4.81	1.41	
608	2011-12-27	4.82	4.83	4.67	4.81	16355	1.41	002367	康力电梯	SZ	4.83	1.41	
609	2011-12-26	4.9	4.92	4.81	4.83	11940	1.41	002367	康力电梯	SZ	4.89	1.43	
610	2011-12-23	4.81	4.94	4.81	4.89	14805	1.43	002367	康力电梯	SZ	4.88	1.43	
611	2011-12-22	4.9	4.96	4.65	4.88	20147	1.43	002367	康力电梯	SZ	4.9	1.43	
612	2011-12-21	5	5.03	4.88	4.9	14302	1.43	002367	康力电梯	SZ	4.98	1.46	
613	2011-12-20	4.96	5.05	4.93	4.98	30085	1.46	002367	康力电梯	SZ	4.97	1.45	
614	2011-12-19	4.96	4.99	4.87	4.97	20219	1.45	002367	康力电梯	SZ	4.95	1.45	
615	2011-12-16	4.68	4.95	4.63	4.95	29246	1.45	002367	康力电梯	SZ	4.68	1.37	
616	2011-12-15	4.64	4.71	4.54	4.68	11964	1.37	002367	康力电梯	SZ	4.71	1.38	
617	2011-12-14	4.7	4.73	4.67	4.71	6891	1.38	002367	康力电梯	SZ	4.75	1.39	
618	2011-12-13	4.84	4.87	4.63	4.75	18089	1.39	002367	康力电梯	SZ	4.88	1.43	
619	2011-12-12	4.89	4.92	4.84	4.88	7600	1.43	002367	康力电梯	SZ	4.93	1.44	
620	2011-12-09	4.93	4.96	4.83	4.93	14437	1.44	002367	康力电梯	SZ	4.94	1.44	
621	2011-12-08	4.83	4.97	4.74	4.94	28616	1.44	002367	康力电梯	SZ	4.84	1.42	
622	2011-12-07	4.81	4.86	4.79	4.84	8592	1.42	002367	康力电梯	SZ	4.85	1.42	
623	2011-12-06	4.9	4.9	4.77	4.85	8229	1.42	002367	康力电梯	SZ	4.83	1.41	
624	2011-12-05	4.88	5.03	4.77	4.83	16530	1.41	002367	康力电梯	SZ	4.97	1.45	
625	2011-12-02	5.01	5.06	4.89	4.97	17408	1.45	002367	康力电梯	SZ	5.07	1.48	
626	2011-12-01	5.02	5.13	4.96	5.07	36001	1.48	002367	康力电梯	SZ	4.91	1.44	
627	2011-11-30	5.01	5.01	4.77	4.91	25227	1.44	002367	康力电梯	SZ	5.01	1.47	
628	2011-11-29	5.01	5.03	4.97	5.01	21888	1.47	002367	康力电梯	SZ	4.98	1.45	
629	2011-11-28	4.99	5.03	4.92	4.98	12563	1.45	002367	康力电梯	SZ	4.97	1.45	
630	2011-11-25	4.92	5.05	4.91	4.97	31085	1.45	002367	康力电梯	SZ	4.92	1.44	
631	2011-11-24	4.84	4.93	4.8	4.92	11391	1.44	002367	康力电梯	SZ	4.9	1.43	
632	2011-11-23	4.92	4.93	4.84	4.9	12103	1.43	002367	康力电梯	SZ	4.9	1.43	
633	2011-11-22	5	5.03	4.71	4.9	47225	1.43	002367	康力电梯	SZ	5.09	1.49	
634	2011-11-21	4.98	5.12	4.98	5.09	11676	1.49	002367	康力电梯	SZ	5.08	1.48	
635	2011-11-18	5.14	5.19	5	5.08	25611	1.48	002367	康力电梯	SZ	5.18	1.51	
636	2011-11-17	5.18	5.22	5.1	5.18	23265	1.51	002367	康力电梯	SZ	5.23	1.53	
637	2011-11-16	5.24	5.25	5.08	5.23	36447	1.53	002367	康力电梯	SZ	5.26	1.54	
638	2011-11-15	5.25	5.29	5.2	5.26	25410	1.54	002367	康力电梯	SZ	5.27	1.54	
639	2011-11-14	5.17	5.3	5.09	5.27	43999	1.54	002367	康力电梯	SZ	5.22	1.52	
640	2011-11-11	5.15	5.45	5.12	5.22	90714	1.52	002367	康力电梯	SZ	5.04	1.47	
641	2011-11-10	5.03	5.12	5	5.04	32685	1.47	002367	康力电梯	SZ	5.09	1.49	
642	2011-11-09	4.88	5.09	4.86	5.09	58856	1.49	002367	康力电梯	SZ	4.89	1.43	
643	2011-11-08	4.89	4.92	4.81	4.89	18640	1.43	002367	康力电梯	SZ	4.89	1.43	
644	2011-11-07	4.9	4.95	4.79	4.89	21428	1.43	002367	康力电梯	SZ	4.9	1.43	
645	2011-11-04	4.93	4.93	4.87	4.9	28565	1.43	002367	康力电梯	SZ	4.9	1.43	
646	2011-11-03	4.87	4.98	4.85	4.9	53998	1.43	002367	康力电梯	SZ	4.86	1.42	
647	2011-11-02	4.83	4.89	4.74	4.86	26116	1.42	002367	康力电梯	SZ	4.88	1.43	
648	2011-11-01	4.76	4.92	4.72	4.88	29485	1.43	002367	康力电梯	SZ	4.83	1.41	
649	2011-10-31	4.76	4.86	4.69	4.83	30226	1.41	002367	康力电梯	SZ	4.77	1.4	
650	2011-10-28	4.63	4.8	4.6	4.77	45677	1.4	002367	康力电梯	SZ	4.59	1.34	
651	2011-10-27	4.58	4.64	4.53	4.59	28609	1.34	002367	康力电梯	SZ	4.58	1.34	
652	2011-10-26	4.47	4.64	4.47	4.58	30493	1.34	002367	康力电梯	SZ	4.55	1.33	
653	2011-10-25	4.45	4.55	4.41	4.55	25736	1.33	002367	康力电梯	SZ	4.48	1.31	
654	2011-10-24	4.4	4.48	4.25	4.48	19558	1.31	002367	康力电梯	SZ	4.35	1.27	
655	2011-10-21	4.36	4.38	4.27	4.35	13500	1.27	002367	康力电梯	SZ	4.35	1.27	
656	2011-10-20	4.33	4.4	4.18	4.35	24638	1.27	002367	康力电梯	SZ	4.35	1.27	
657	2011-10-19	4.42	4.45	4.31	4.35	14443	1.27	002367	康力电梯	SZ	4.42	1.29	
658	2011-10-18	4.48	4.48	4.4	4.42	13735	1.29	002367	康力电梯	SZ	4.5	1.32	
659	2011-10-17	4.61	4.61	4.44	4.5	23098	1.32	002367	康力电梯	SZ	4.54	1.33	
660	2011-10-14	4.59	4.59	4.46	4.54	21367	1.33	002367	康力电梯	SZ	4.59	1.34	
661	2011-10-13	4.51	4.65	4.47	4.59	35965	1.34	002367	康力电梯	SZ	4.52	1.32	
662	2011-10-12	4.27	4.57	4.15	4.52	18814	1.32	002367	康力电梯	SZ	4.38	1.28	
663	2011-10-11	4.47	4.61	4.29	4.38	21989	1.28	002367	康力电梯	SZ	4.38	1.28	
664	2011-10-10	4.5	4.54	4.36	4.38	26493	1.28	002367	康力电梯	SZ	4.5	1.32	
665	2011-09-30	4.55	4.6	4.44	4.5	16533	1.32	002367	康力电梯	SZ	4.55	1.33	
666	2011-09-29	4.6	4.65	4.53	4.55	15600	1.33	002367	康力电梯	SZ	4.67	1.36	
667	2011-09-28	4.79	4.81	4.66	4.67	12948	1.36	002367	康力电梯	SZ	4.74	1.39	
668	2011-09-27	4.72	4.79	4.68	4.74	15185	1.39	002367	康力电梯	SZ	4.71	1.38	
669	2011-09-26	4.73	4.8	4.66	4.71	21520	1.38	002367	康力电梯	SZ	4.76	1.39	
670	2011-09-23	4.77	4.87	4.72	4.76	15269	1.39	002367	康力电梯	SZ	4.8	1.4	
671	2011-09-22	4.9	4.96	4.76	4.8	12953	1.4	002367	康力电梯	SZ	4.96	1.45	
672	2011-09-21	4.83	4.97	4.78	4.96	19681	1.45	002367	康力电梯	SZ	4.8	1.4	
673	2011-09-20	4.83	4.85	4.73	4.8	11902	1.4	002367	康力电梯	SZ	4.89	1.43	
674	2011-09-16	4.92	4.93	4.88	4.89	10566	1.43	002367	康力电梯	SZ	4.89	1.43	
675	2011-09-15	4.92	4.96	4.89	4.89	17736	1.43	002367	康力电梯	SZ	4.9	1.43	
676	2011-09-14	4.87	4.91	4.83	4.9	13876	1.43	002367	康力电梯	SZ	4.87	1.42	
677	2011-09-13	4.9	4.93	4.86	4.87	12287	1.42	002367	康力电梯	SZ	4.95	1.45	
678	2011-09-09	5.04	5.07	4.93	4.95	19212	1.45	002367	康力电梯	SZ	5.04	1.47	
679	2011-09-08	5.14	5.16	5.04	5.04	9906	1.47	002367	康力电梯	SZ	5.13	1.5	
680	2011-09-07	5.07	5.14	5.03	5.13	15377	1.5	002367	康力电梯	SZ	5.02	1.47	
681	2011-09-06	5.03	5.08	5	5.02	10376	1.47	002367	康力电梯	SZ	5.06	1.48	
682	2011-09-05	5.17	5.17	5.02	5.06	15466	1.48	002367	康力电梯	SZ	5.19	1.52	
683	2011-09-02	5.3	5.33	5.17	5.19	17082	1.52	002367	康力电梯	SZ	5.23	1.53	
684	2011-09-01	5.34	5.37	5.22	5.23	16376	1.53	002367	康力电梯	SZ	5.34	1.56	
685	2011-08-31	5.37	5.42	5.2	5.34	15173	1.56	002367	康力电梯	SZ	5.36	1.57	
686	2011-08-30	5.41	5.48	5.36	5.36	21830	1.57	002367	康力电梯	SZ	5.4	1.58	
687	2011-08-29	5.45	5.46	5.38	5.4	19404	1.58	002367	康力电梯	SZ	5.48	1.6	
688	2011-08-26	5.43	5.48	5.41	5.48	16854	1.6	002367	康力电梯	SZ	5.46	1.6	
689	2011-08-25	5.34	5.5	5.34	5.46	34800	1.6	002367	康力电梯	SZ	5.33	1.56	
690	2011-08-24	5.39	5.4	5.33	5.33	22069	1.56	002367	康力电梯	SZ	5.34	1.56	
691	2011-08-23	5.28	5.34	5.22	5.34	19089	1.56	002367	康力电梯	SZ	5.28	1.54	
692	2011-08-22	5.3	5.33	5.23	5.28	11312	1.54	002367	康力电梯	SZ	5.26	1.54	
693	2011-08-19	5.23	5.28	5.2	5.26	23417	1.54	002367	康力电梯	SZ	5.36	1.57	
694	2011-08-18	5.55	5.6	5.36	5.36	50705	1.57	002367	康力电梯	SZ	5.54	1.62	
695	2011-08-17	5.44	5.57	5.44	5.54	34638	1.62	002367	康力电梯	SZ	5.48	1.6	
696	2011-08-16	5.53	5.62	5.47	5.48	31111	1.6	002367	康力电梯	SZ	5.57	1.63	
697	2011-08-15	5.38	5.57	5.34	5.57	59135	1.63	002367	康力电梯	SZ	5.38	1.57	
698	2011-08-12	5.4	5.44	5.34	5.38	41216	1.57	002367	康力电梯	SZ	5.37	1.57	
699	2011-08-11	5.26	5.37	5.12	5.37	34135	1.57	002367	康力电梯	SZ	5.29	1.55	
700	2011-08-10	5.29	5.35	5.24	5.29	15563	1.55	002367	康力电梯	SZ	5.2	1.52	
701	2011-08-09	5.08	5.3	5.03	5.2	22842	1.52	002367	康力电梯	SZ	5.26	1.54	
702	2011-08-08	5.37	5.37	5.03	5.26	29574	1.54	002367	康力电梯	SZ	5.44	1.59	
703	2011-08-05	5.48	5.5	5.41	5.44	26944	1.59	002367	康力电梯	SZ	5.61	1.64	
704	2011-08-04	5.51	5.63	5.51	5.61	29178	1.64	002367	康力电梯	SZ	5.51	1.61	
705	2011-08-03	5.47	5.53	5.37	5.51	19518	1.61	002367	康力电梯	SZ	5.5	1.61	
706	2011-08-02	5.53	5.55	5.37	5.5	21635	1.61	002367	康力电梯	SZ	5.57	1.63	
707	2011-08-01	5.44	5.59	5.44	5.57	15990	1.63	002367	康力电梯	SZ	5.46	1.6	
708	2011-07-29	5.54	5.62	5.45	5.46	22277	1.6	002367	康力电梯	SZ	5.51	1.61	
709	2011-07-28	5.54	5.54	5.43	5.51	13406	1.61	002367	康力电梯	SZ	5.57	1.63	
710	2011-07-27	5.47	5.57	5.4	5.57	23036	1.63	002367	康力电梯	SZ	5.47	1.6	
711	2011-07-26	5.41	5.48	5.31	5.47	18601	1.6	002367	康力电梯	SZ	5.42	1.59	
712	2011-07-25	5.7	5.76	5.41	5.42	40904	1.59	002367	康力电梯	SZ	5.73	1.67	
713	2011-07-22	5.75	5.77	5.7	5.73	16618	1.67	002367	康力电梯	SZ	5.67	1.66	
714	2011-07-21	5.84	5.84	5.67	5.67	20507	1.66	002367	康力电梯	SZ	5.84	1.71	
715	2011-07-20	5.83	5.86	5.77	5.84	24303	1.71	002367	康力电梯	SZ	5.78	1.69	
716	2011-07-19	5.88	5.93	5.75	5.78	32174	1.69	002367	康力电梯	SZ	5.98	1.75	
717	2011-07-18	5.97	6.01	5.84	5.98	40043	1.75	002367	康力电梯	SZ	5.99	1.75	
718	2011-07-15	6.05	6.12	5.97	5.99	50640	1.75	002367	康力电梯	SZ	6.07	1.77	
719	2011-07-14	5.99	6.22	5.99	6.07	68211	1.77	002367	康力电梯	SZ	6	1.75	
720	2011-07-13	5.93	6	5.84	6	44580	1.75	002367	康力电梯	SZ	5.95	1.74	
721	2011-07-12	6	6.16	5.95	5.95	84781	1.74	002367	康力电梯	SZ	6.06	1.77	
722	2011-07-11	5.87	6.11	5.87	6.06	90130	1.77	002367	康力电梯	SZ	5.93	1.73	
723	2011-07-08	5.74	6.1	5.74	5.93	84526	1.73	002367	康力电梯	SZ	5.77	1.69	
724	2011-07-07	5.7	5.9	5.7	5.77	61165	1.69	002367	康力电梯	SZ	5.73	1.68	
725	2011-07-06	5.75	5.75	5.67	5.73	35503	1.68	002367	康力电梯	SZ	5.75	1.68	
726	2011-07-05	5.77	5.79	5.67	5.75	55456	1.68	002367	康力电梯	SZ	5.76	1.68	
727	2011-07-04	5.6	5.82	5.59	5.76	67857	1.68	002367	康力电梯	SZ	5.64	1.65	
728	2011-07-01	5.7	5.74	5.61	5.64	41639	1.65	002367	康力电梯	SZ	5.73	1.67	
729	2011-06-30	5.58	5.73	5.52	5.73	51443	1.67	002367	康力电梯	SZ	5.57	1.63	
730	2011-06-29	5.56	5.62	5.54	5.57	28533	1.63	002367	康力电梯	SZ	5.56	1.63	
731	2011-06-28	5.53	5.59	5.45	5.56	32873	1.63	002367	康力电梯	SZ	5.55	1.62	
732	2011-06-27	5.5	5.63	5.5	5.55	38168	1.62	002367	康力电梯	SZ	5.53	1.62	
733	2011-06-24	5.43	5.57	5.37	5.53	53066	1.62	002367	康力电梯	SZ	5.44	1.59	
734	2011-06-23	5.08	5.47	5.05	5.44	59007	1.59	002367	康力电梯	SZ	5.1	1.49	
735	2011-06-22	5.13	5.2	5.05	5.1	16352	1.49	002367	康力电梯	SZ	5.08	1.48	
736	2011-06-21	5.1	5.13	5.03	5.08	19872	1.48	002367	康力电梯	SZ	5.02	1.47	
737	2011-06-20	5.14	5.14	4.99	5.02	10568	1.47	002367	康力电梯	SZ	5.14	1.5	
738	2011-06-17	5.15	5.26	5.14	5.14	12389	1.5	002367	康力电梯	SZ	5.25	1.53	
739	2011-06-15	5.32	5.39	5.23	5.25	28331	1.53	002367	康力电梯	SZ	5.33	1.56	
740	2011-06-14	5.2	5.33	5.2	5.33	42611	1.56	002367	康力电梯	SZ	5.22	1.53	
741	2011-06-13	5.03	5.23	4.97	5.22	30100	1.53	002367	康力电梯	SZ	5.11	1.49	
742	2011-06-10	5.06	5.18	5.06	5.11	19324	1.49	002367	康力电梯	SZ	5.06	1.48	
743	2011-06-09	5.2	5.23	5.05	5.06	17781	1.48	002367	康力电梯	SZ	5.21	1.52	
744	2011-06-08	5.09	5.27	5.09	5.21	30004	1.52	002367	康力电梯	SZ	5.1	1.49	
745	2011-06-07	5.01	5.12	5.01	5.1	15069	1.49	002367	康力电梯	SZ	5.05	1.48	
746	2011-06-03	4.95	5.08	4.9	5.05	22796	1.48	002367	康力电梯	SZ	4.96	1.45	
747	2011-06-02	5	5.01	4.87	4.96	23773	1.45	002367	康力电梯	SZ	4.99	1.46	
748	2011-06-01	5.06	5.06	4.95	4.99	25822	1.46	002367	康力电梯	SZ	5.02	1.47	
749	2011-05-31	5	5.04	4.83	5.02	25648	1.47	002367	康力电梯	SZ	4.95	1.45	
750	2011-05-30	5.13	5.15	4.91	4.95	27017	1.45	002367	康力电梯	SZ	5.15	1.51	
751	2011-05-27	5.2	5.24	5.13	5.15	20111	1.51	002367	康力电梯	SZ	5.24	1.53	
752	2011-05-26	5.37	5.45	5.2	5.24	25974	1.53	002367	康力电梯	SZ	5.38	1.57	
753	2011-05-25	5.4	5.45	5.33	5.38	19250	1.57	002367	康力电梯	SZ	5.4	1.58	
754	2011-05-24	5.33	5.4	5.28	5.4	21765	1.58	002367	康力电梯	SZ	5.33	1.56	
755	2011-05-23	5.5	5.5	5.25	5.33	34159	1.56	002367	康力电梯	SZ	5.46	1.6	
756	2011-05-20	5.39	5.53	5.39	5.46	19709	1.6	002367	康力电梯	SZ	5.4	1.58	
757	2011-05-19	5.37	5.46	5.35	5.4	35752	1.58	002367	康力电梯	SZ	5.36	1.57	
758	2011-05-18	5.34	5.41	5.34	5.36	18263	1.57	002367	康力电梯	SZ	5.36	1.57	
759	2011-05-17	5.36	5.43	5.27	5.36	29925	1.57	002367	康力电梯	SZ	5.37	1.57	
760	2011-05-16	5.42	5.43	5.33	5.37	21323	1.57	002367	康力电梯	SZ	5.41	1.58	
761	2011-05-13	5.39	5.41	5.34	5.41	17378	1.58	002367	康力电梯	SZ	5.37	1.57	
762	2011-05-12	5.47	5.47	5.37	5.37	27510	1.57	002367	康力电梯	SZ	5.49	1.61	
763	2011-05-11	5.61	5.62	5.46	5.49	23559	1.61	002367	康力电梯	SZ	5.59	1.63	
764	2011-05-10	5.5	5.59	5.4	5.59	32360	1.63	002367	康力电梯	SZ	5.48	1.6	
765	2011-05-09	5.57	5.6	5.47	5.48	27572	1.6	002367	康力电梯	SZ	5.52	1.61	
766	2011-05-06	5.57	5.6	5.44	5.52	23976	1.61	002367	康力电梯	SZ	5.58	1.63	
767	2011-05-05	5.63	5.64	5.57	5.58	16932	1.63	002367	康力电梯	SZ	5.61	1.64	
768	2011-05-04	5.65	5.71	5.59	5.61	13953	1.64	002367	康力电梯	SZ	5.67	1.66	
769	2011-05-03	5.65	5.71	5.58	5.67	12813	1.66	002367	康力电梯	SZ	5.65	1.65	
770	2011-04-29	5.53	5.66	5.52	5.65	17241	1.65	002367	康力电梯	SZ	5.6	1.64	
771	2011-04-28	5.73	5.81	5.59	5.6	19424	1.64	002367	康力电梯	SZ	5.72	1.67	
772	2011-04-27	5.75	5.83	5.69	5.72	15402	1.67	002367	康力电梯	SZ	5.75	1.68	
773	2011-04-26	5.87	5.87	5.72	5.75	23689	1.68	002367	康力电梯	SZ	5.86	1.71	
774	2011-04-25	5.98	5.98	5.84	5.86	23678	1.71	002367	康力电梯	SZ	5.97	1.74	
775	2011-04-22	5.96	6.01	5.9	5.97	29348	1.74	002367	康力电梯	SZ	5.96	1.74	
776	2011-04-21	5.9	5.97	5.87	5.96	31091	1.74	002367	康力电梯	SZ	5.89	1.72	
777	2011-04-20	5.74	5.9	5.73	5.89	50443	1.72	002367	康力电梯	SZ	5.73	1.67	
778	2011-04-19	5.85	5.85	5.7	5.73	49931	1.67	002367	康力电梯	SZ	5.86	1.71	
779	2011-04-18	5.92	5.95	5.85	5.86	30416	1.71	002367	康力电梯	SZ	5.92	1.73	
780	2011-04-15	5.97	5.99	5.88	5.92	40414	1.73	002367	康力电梯	SZ	5.97	1.74	
781	2011-04-14	6.06	6.06	5.93	5.97	53938	1.74	002367	康力电梯	SZ	6.03	1.76	
782	2011-04-13	5.98	6.07	5.89	6.03	56733	1.76	002367	康力电梯	SZ	5.98	1.75	
783	2011-04-12	6.1	6.12	5.92	5.98	37749	1.75	002367	康力电梯	SZ	6.11	1.79	
784	2011-04-11	6.06	6.18	6	6.11	39741	1.79	002367	康力电梯	SZ	6	1.75	
785	2011-04-07	6.05	6.1	5.97	6	61089	1.75	002367	康力电梯	SZ	6.04	1.77	
786	2011-04-06	6.22	6.22	5.97	6.04	31055	1.77	002367	康力电梯	SZ	6.22	1.82	
787	2011-04-01	6.22	6.26	6.1	6.22	30884	1.82	002367	康力电梯	SZ	6.23	1.82	
788	2011-03-31	6.47	6.47	6.22	6.23	31529	1.82	002367	康力电梯	SZ	6.47	1.89	
789	2011-03-30	6.31	6.5	6.21	6.47	38892	1.89	002367	康力电梯	SZ	6.46	1.21	
790	2011-03-29	6.63	6.64	6.43	6.46	67170	1.21	002367	康力电梯	SZ	6.64	1.24	
791	2011-03-28	6.64	6.68	6.6	6.64	63742	1.24	002367	康力电梯	SZ	6.62	1.24	
792	2011-03-25	6.61	6.64	6.56	6.62	43621	1.24	002367	康力电梯	SZ	6.61	1.23	
793	2011-03-24	6.64	6.68	6.59	6.61	51982	1.23	002367	康力电梯	SZ	6.64	1.24	
794	2011-03-23	6.45	6.64	6.45	6.64	61724	1.24	002367	康力电梯	SZ	6.41	1.2	
795	2011-03-22	6.42	6.43	6.28	6.41	21601	1.2	002367	康力电梯	SZ	6.39	1.19	
796	2011-03-21	6.48	6.48	6.38	6.39	25146	1.19	002367	康力电梯	SZ	6.4	1.19	
797	2011-03-17	6.56	6.56	6.36	6.4	55981	1.19	002367	康力电梯	SZ	6.6	1.23	
798	2011-03-16	6.54	6.62	6.51	6.6	56757	1.23	002367	康力电梯	SZ	6.56	1.22	
799	2011-03-15	6.7	6.74	6.44	6.56	66401	1.22	002367	康力电梯	SZ	6.67	1.25	
800	2011-03-14	6.59	6.72	6.57	6.67	57063	1.25	002367	康力电梯	SZ	6.62	1.24	
801	2011-03-11	6.62	6.69	6.58	6.62	64268	1.24	002367	康力电梯	SZ	6.62	1.24	
802	2011-03-10	6.6	6.71	6.56	6.62	60279	1.24	002367	康力电梯	SZ	6.6	1.23	
803	2011-03-09	6.58	6.62	6.49	6.6	66182	1.23	002367	康力电梯	SZ	6.62	1.24	
804	2011-03-08	6.72	6.72	6.57	6.62	48312	1.24	002367	康力电梯	SZ	6.66	1.24	
805	2011-03-07	6.58	6.69	6.54	6.66	62708	1.24	002367	康力电梯	SZ	6.56	1.22	
806	2011-03-04	6.39	6.58	6.39	6.56	63877	1.22	002367	康力电梯	SZ	6.44	1.2	
807	2011-03-03	6.56	6.66	6.44	6.44	65719	1.2	002367	康力电梯	SZ	6.56	1.22	
808	2011-03-02	6.6	6.63	6.47	6.56	51437	1.22	002367	康力电梯	SZ	6.61	1.23	
809	2011-03-01	6.68	6.68	6.57	6.61	72998	1.23	002367	康力电梯	SZ	6.66	1.24	
810	2011-02-28	6.57	6.66	6.51	6.66	69600	1.24	002367	康力电梯	SZ	6.61	1.23	
811	2011-02-25	6.73	6.73	6.43	6.61	163979	1.23	002367	康力电梯	SZ	6.84	1.28	
812	2011-02-24	7.22	7.28	6.62	6.84	193639	1.28	002367	康力电梯	SZ	7.22	1.35	
813	2011-02-23	7	7.26	7	7.22	152040	1.35	002367	康力电梯	SZ	7.01	1.31	
814	2011-02-22	6.98	7.1	6.89	7.01	124297	1.31	002367	康力电梯	SZ	6.99	1.3	
815	2011-02-21	6.79	7.1	6.79	6.99	88555	1.3	002367	康力电梯	SZ	6.87	1.28	
816	2011-02-18	6.79	7	6.79	6.87	63651	1.28	002367	康力电梯	SZ	6.82	1.27	
817	2011-02-17	6.87	6.88	6.75	6.82	74564	1.27	002367	康力电梯	SZ	6.87	1.28	
818	2011-02-16	6.56	6.87	6.53	6.87	85752	1.28	002367	康力电梯	SZ	6.57	1.23	
819	2011-02-15	6.49	6.63	6.47	6.57	73501	1.23	002367	康力电梯	SZ	6.49	1.21	
820	2011-02-14	6.23	6.57	6.23	6.49	58793	1.21	002367	康力电梯	SZ	6.24	1.16	
821	2011-02-11	6.19	6.28	6.17	6.24	27144	1.16	002367	康力电梯	SZ	6.16	1.15	
822	2011-02-10	5.93	6.2	5.93	6.16	25961	1.15	002367	康力电梯	SZ	5.97	1.11	
823	2011-02-09	6.03	6.07	5.95	5.97	21704	1.11	002367	康力电梯	SZ	6.08	1.14	
824	2011-02-01	6.07	6.12	6.02	6.08	15271	1.14	002367	康力电梯	SZ	6.09	1.14	
825	2011-01-31	6	6.1	5.96	6.09	16931	1.14	002367	康力电梯	SZ	6	1.12	
826	2011-01-28	6.02	6.03	5.96	6	23867	1.12	002367	康力电梯	SZ	6	1.12	
827	2011-01-27	5.83	6.04	5.78	6	31941	1.12	002367	康力电梯	SZ	5.82	1.09	
828	2011-01-26	5.78	5.88	5.73	5.82	36154	1.09	002367	康力电梯	SZ	5.78	1.08	
829	2011-01-25	6.27	6.27	5.77	5.78	42426	1.08	002367	康力电梯	SZ	6.22	1.16	
830	2011-01-24	6.44	6.52	6.22	6.22	38472	1.16	002367	康力电梯	SZ	6.44	1.2	
831	2011-01-21	6.33	6.52	6.32	6.44	27748	1.2	002367	康力电梯	SZ	6.38	1.19	
832	2011-01-20	6.61	6.64	6.33	6.38	55391	1.19	002367	康力电梯	SZ	6.61	1.23	
833	2011-01-19	6.39	6.62	6.34	6.61	41289	1.23	002367	康力电梯	SZ	6.3	1.18	
834	2011-01-18	6.26	6.36	6.16	6.3	41704	1.18	002367	康力电梯	SZ	6.22	1.16	
835	2011-01-17	6.64	6.64	6.2	6.22	55837	1.16	002367	康力电梯	SZ	6.67	1.25	
836	2011-01-14	6.76	6.8	6.61	6.67	29272	1.25	002367	康力电梯	SZ	6.77	1.26	
837	2011-01-13	6.7	6.95	6.7	6.77	59437	1.26	002367	康力电梯	SZ	6.66	1.24	
838	2011-01-11	6.6	6.7	6.52	6.66	42429	1.24	002367	康力电梯	SZ	6.61	1.23	
839	2011-01-10	6.89	6.89	6.56	6.61	59934	1.23	002367	康力电梯	SZ	6.89	1.29	
840	2011-01-07	6.96	7.02	6.82	6.89	50885	1.29	002367	康力电梯	SZ	7	1.31	
841	2011-01-06	6.74	7.06	6.74	7	130577	1.31	002367	康力电梯	SZ	6.85	1.28	
842	2011-01-05	6.4	6.91	6.38	6.85	147890	1.28	002367	康力电梯	SZ	6.46	1.21	
843	2011-01-04	6.33	6.46	6.23	6.46	85891	1.21	002367	康力电梯	SZ	6.31	1.18	
844	2010-12-31	6.26	6.33	6.24	6.31	27242	1.18	002367	康力电梯	SZ	6.23	1.16	
845	2010-12-30	6.21	6.29	6.16	6.23	25784	1.16	002367	康力电梯	SZ	6.22	1.16	
846	2010-12-29	6.14	6.24	6.11	6.22	23194	1.16	002367	康力电梯	SZ	6.11	1.14	
847	2010-12-28	6.13	6.18	6	6.11	34501	1.14	002367	康力电梯	SZ	6.16	1.15	
848	2010-12-27	6.44	6.5	6.16	6.16	57205	1.15	002367	康力电梯	SZ	6.41	1.2	
849	2010-12-24	6.64	6.64	6.38	6.41	48569	1.2	002367	康力电梯	SZ	6.62	1.24	
850	2010-12-23	6.81	6.83	6.56	6.62	69625	1.24	002367	康力电梯	SZ	6.81	1.27	
851	2010-12-22	6.89	6.93	6.71	6.81	52349	1.27	002367	康力电梯	SZ	6.89	1.29	
852	2010-12-21	7.02	7.02	6.79	6.89	93545	1.29	002367	康力电梯	SZ	7.05	1.32	
853	2010-12-17	7.1	7.11	7.02	7.05	33849	1.32	002367	康力电梯	SZ	7.1	1.32	
854	2010-12-16	6.94	7.15	6.93	7.1	62267	1.32	002367	康力电梯	SZ	6.97	1.3	
855	2010-12-15	7.01	7.05	6.93	6.97	51024	1.3	002367	康力电梯	SZ	7.04	1.31	
856	2010-12-14	7	7.04	6.93	7.04	56413	1.31	002367	康力电梯	SZ	7	1.31	
857	2010-12-13	6.74	7.03	6.74	7	83198	1.31	002367	康力电梯	SZ	6.71	1.25	
858	2010-12-10	6.78	6.78	6.63	6.71	67501	1.25	002367	康力电梯	SZ	6.65	1.24	
859	2010-12-09	6.83	6.83	6.64	6.65	60824	1.24	002367	康力电梯	SZ	6.86	1.28	
860	2010-12-08	7.05	7.2	6.85	6.86	79781	1.28	002367	康力电梯	SZ	7.05	1.32	
861	2010-12-07	7.06	7.1	6.78	7.05	117410	1.32	002367	康力电梯	SZ	7.1	1.33	
862	2010-12-06	7.02	7.11	6.92	7.1	128844	1.33	002367	康力电梯	SZ	7.09	1.32	
863	2010-12-03	7.29	7.33	6.78	7.09	225787	1.32	002367	康力电梯	SZ	7.29	1.36	
864	2010-12-02	7.44	7.58	7.26	7.29	86409	1.36	002367	康力电梯	SZ	7.4	1.38	
865	2010-12-01	7.33	7.6	7.24	7.4	75910	1.38	002367	康力电梯	SZ	7.32	1.37	
866	2010-11-30	7.36	7.53	7.04	7.32	75267	1.37	002367	康力电梯	SZ	7.35	1.37	
867	2010-11-29	7.16	7.4	7.09	7.35	70264	1.37	002367	康力电梯	SZ	7.14	1.33	
868	2010-11-26	7.11	7.19	7	7.14	46209	1.33	002367	康力电梯	SZ	7.16	1.34	
869	2010-11-25	7.31	7.4	7.08	7.16	71139	1.34	002367	康力电梯	SZ	7.26	1.36	
870	2010-11-24	6.84	7.26	6.84	7.26	93640	1.36	002367	康力电梯	SZ	6.89	1.29	
871	2010-11-23	6.96	6.99	6.78	6.89	53575	1.29	002367	康力电梯	SZ	6.99	1.3	
872	2010-11-22	6.69	7.13	6.67	6.99	107360	1.3	002367	康力电梯	SZ	6.75	1.26	
873	2010-11-19	6.48	6.75	6.4	6.75	50168	1.26	002367	康力电梯	SZ	6.43	1.2	
874	2010-11-18	6.48	6.55	6.28	6.43	31347	1.2	002367	康力电梯	SZ	6.41	1.2	
875	2010-11-17	6.64	6.73	6.4	6.41	35124	1.2	002367	康力电梯	SZ	6.66	1.24	
876	2010-11-16	6.75	6.94	6.56	6.66	71292	1.24	002367	康力电梯	SZ	6.74	1.26	
877	2010-11-15	6.62	6.75	6.5	6.74	44886	1.26	002367	康力电梯	SZ	6.58	1.23	
878	2010-11-12	6.92	7.06	6.33	6.58	74070	1.23	002367	康力电梯	SZ	6.97	1.3	
879	2010-11-11	6.95	7.31	6.84	6.97	82301	1.3	002367	康力电梯	SZ	6.97	1.3	
880	2010-11-10	6.97	7.02	6.91	6.97	38573	1.3	002367	康力电梯	SZ	6.97	1.3	
881	2010-11-09	7.06	7.09	6.91	6.97	42243	1.3	002367	康力电梯	SZ	7.06	1.32	
882	2010-11-08	6.9	7.19	6.9	7.06	47297	1.32	002367	康力电梯	SZ	6.9	1.29	
883	2010-11-05	6.86	6.94	6.79	6.9	58121	1.29	002367	康力电梯	SZ	6.82	1.27	
884	2010-11-04	6.64	6.94	6.64	6.82	49891	1.27	002367	康力电梯	SZ	6.65	1.24	
885	2010-11-03	6.68	6.78	6.6	6.65	48317	1.24	002367	康力电梯	SZ	6.68	1.25	
886	2010-11-02	6.87	7.22	6.68	6.68	100112	1.25	002367	康力电梯	SZ	6.9	1.29	
887	2010-11-01	6.37	6.91	6.35	6.9	148484	1.29	002367	康力电梯	SZ	6.35	1.19	
888	2010-10-29	6.4	6.43	6.34	6.35	41779	1.19	002367	康力电梯	SZ	6.4	1.2	
889	2010-10-28	6.4	6.43	6.34	6.4	50311	1.2	002367	康力电梯	SZ	6.4	1.2	
890	2010-10-27	6.46	6.48	6.37	6.4	83208	1.2	002367	康力电梯	SZ	6.43	1.2	
891	2010-10-26	6.4	6.43	6.31	6.43	55975	1.2	002367	康力电梯	SZ	6.38	1.19	
892	2010-10-25	6.28	6.4	6.28	6.38	64092	1.19	002367	康力电梯	SZ	6.27	1.17	
893	2010-10-22	6.13	6.29	6.09	6.27	63858	1.17	002367	康力电梯	SZ	6.12	1.14	
894	2010-10-21	6.04	6.15	6	6.12	36469	1.14	002367	康力电梯	SZ	6.04	1.13	
895	2010-10-20	6	6.14	5.9	6.04	57035	1.13	002367	康力电梯	SZ	6.04	1.13	
896	2010-10-19	5.91	6.13	5.83	6.04	49644	1.13	002367	康力电梯	SZ	5.92	1.1	
897	2010-10-18	5.77	5.94	5.64	5.92	49291	1.1	002367	康力电梯	SZ	5.78	1.08	
898	2010-10-15	5.94	5.99	5.77	5.78	108671	1.08	002367	康力电梯	SZ	5.94	1.11	
899	2010-10-14	6.08	6.11	5.91	5.94	62674	1.11	002367	康力电梯	SZ	6.08	1.13	
900	2010-10-13	6.15	6.15	6.02	6.08	69297	1.13	002367	康力电梯	SZ	6.15	1.15	
901	2010-10-12	6.16	6.2	6.01	6.15	52109	1.15	002367	康力电梯	SZ	6.16	1.15	
902	2010-10-11	6.5	6.5	6.1	6.16	113537	1.15	002367	康力电梯	SZ	6.5	1.21	
903	2010-10-08	6.52	6.55	6.42	6.5	70154	1.21	002367	康力电梯	SZ	6.45	1.2	
904	2010-09-30	6.44	6.51	6.34	6.45	21187	1.2	002367	康力电梯	SZ	6.47	1.21	
905	2010-09-29	6.49	6.57	6.4	6.47	18523	1.21	002367	康力电梯	SZ	6.49	1.21	
906	2010-09-28	6.59	6.64	6.45	6.49	33433	1.21	002367	康力电梯	SZ	6.59	1.23	
907	2010-09-27	6.39	6.67	6.32	6.59	34514	1.23	002367	康力电梯	SZ	6.37	1.19	
908	2010-09-21	6.22	6.38	6.12	6.37	18877	1.19	002367	康力电梯	SZ	6.22	1.16	
909	2010-09-20	6.36	6.5	6.17	6.22	47011	1.16	002367	康力电梯	SZ	6.43	1.2	
910	2010-09-17	6.29	6.74	6.29	6.43	76566	1.2	002367	康力电梯	SZ	6.2	1.16	
911	2010-09-16	6.38	6.44	5.96	6.2	62697	1.16	002367	康力电梯	SZ	6.41	1.2	
912	2010-09-15	6.6	6.6	6.38	6.41	55716	1.2	002367	康力电梯	SZ	6.61	1.23	
913	2010-09-14	6.69	6.73	6.57	6.61	38671	1.23	002367	康力电梯	SZ	6.68	1.25	
914	2010-09-13	6.69	6.77	6.64	6.68	55741	1.25	002367	康力电梯	SZ	6.71	1.25	
915	2010-09-10	6.6	6.78	6.58	6.71	79784	1.25	002367	康力电梯	SZ	6.6	1.23	
916	2010-09-09	6.51	6.68	6.47	6.6	92618	1.23	002367	康力电梯	SZ	6.51	1.22	
917	2010-09-08	6.34	6.51	6.26	6.51	70603	1.22	002367	康力电梯	SZ	6.37	1.19	
918	2010-09-07	6.28	6.4	6.24	6.37	36536	1.19	002367	康力电梯	SZ	6.32	1.18	
919	2010-09-06	6.46	6.47	6.18	6.32	45363	1.18	002367	康力电梯	SZ	6.43	1.2	
920	2010-09-03	6.46	6.46	6.36	6.43	42941	1.2	002367	康力电梯	SZ	6.42	1.2	
921	2010-09-02	6.3	6.49	6.3	6.42	41566	1.2	002367	康力电梯	SZ	6.29	1.18	
922	2010-09-01	6.4	6.47	6.2	6.29	75415	1.18	002367	康力电梯	SZ	6.44	1.2	
923	2010-08-31	6.44	6.51	6.33	6.44	53814	1.2	002367	康力电梯	SZ	6.45	1.2	
924	2010-08-30	6.24	6.55	6.24	6.45	62511	1.2	002367	康力电梯	SZ	6.24	1.16	
925	2010-08-27	6.15	6.29	6.04	6.24	37911	1.16	002367	康力电梯	SZ	6.15	1.15	
926	2010-08-26	6.12	6.22	6.12	6.15	32848	1.15	002367	康力电梯	SZ	6.18	1.15	
927	2010-08-25	6.27	6.37	6.15	6.18	67895	1.15	002367	康力电梯	SZ	6.27	1.17	
928	2010-08-24	6	6.3	5.94	6.27	96567	1.17	002367	康力电梯	SZ	6.01	1.12	
929	2010-08-23	5.87	6.07	5.87	6.01	47849	1.12	002367	康力电梯	SZ	5.87	1.1	
930	2010-08-20	6.08	6.13	5.83	5.87	67389	1.1	002367	康力电梯	SZ	6.14	1.15	
931	2010-08-19	6.07	6.24	6.03	6.14	49447	1.15	002367	康力电梯	SZ	6.15	1.15	
932	2010-08-18	6.12	6.19	6.06	6.15	50366	1.15	002367	康力电梯	SZ	6.12	1.14	
933	2010-08-17	6.07	6.13	6	6.12	45518	1.14	002367	康力电梯	SZ	6.07	1.13	
934	2010-08-16	5.78	6.16	5.78	6.07	96785	1.13	002367	康力电梯	SZ	5.78	1.08	
935	2010-08-13	5.73	5.78	5.6	5.78	40017	1.08	002367	康力电梯	SZ	5.7	1.06	
936	2010-08-12	5.64	5.8	5.61	5.7	36335	1.06	002367	康力电梯	SZ	5.71	1.07	
937	2010-08-11	5.66	5.77	5.6	5.71	46097	1.07	002367	康力电梯	SZ	5.72	1.07	
938	2010-08-10	6.03	6.04	5.71	5.72	57851	1.07	002367	康力电梯	SZ	6.01	1.12	
939	2010-08-09	5.94	6.07	5.91	6.01	51988	1.12	002367	康力电梯	SZ	5.93	1.11	
940	2010-08-06	5.87	5.93	5.79	5.93	54694	1.11	002367	康力电梯	SZ	5.84	1.09	
941	2010-08-05	5.86	5.92	5.7	5.84	56864	1.09	002367	康力电梯	SZ	5.85	1.09	
942	2010-08-04	5.87	5.92	5.66	5.85	64732	1.09	002367	康力电梯	SZ	5.87	1.1	
943	2010-08-03	5.95	5.99	5.83	5.87	89344	1.1	002367	康力电梯	SZ	5.94	1.11	
944	2010-08-02	5.85	6	5.8	5.94	109702	1.11	002367	康力电梯	SZ	5.88	1.1	
945	2010-07-30	5.62	5.94	5.51	5.88	188109	1.1	002367	康力电梯	SZ	5.65	1.06	
946	2010-07-29	5.48	5.65	5.44	5.65	87361	1.06	002367	康力电梯	SZ	5.44	1.02	
947	2010-07-28	5.32	5.46	5.31	5.44	56078	1.02	002367	康力电梯	SZ	5.36	1	
948	2010-07-27	5.4	5.4	5.28	5.36	54239	1	002367	康力电梯	SZ	5.41	1.01	
949	2010-07-26	5.29	5.44	5.26	5.41	57916	1.01	002367	康力电梯	SZ	5.29	0.99	
950	2010-07-23	5.3	5.31	5.21	5.29	55137	0.99	002367	康力电梯	SZ	5.31	0.99	
951	2010-07-22	5.18	5.32	5.17	5.31	75570	0.99	002367	康力电梯	SZ	5.21	0.97	
952	2010-07-21	5.21	5.3	5.18	5.21	68861	0.97	002367	康力电梯	SZ	5.22	0.98	
953	2010-07-20	5.12	5.26	5.09	5.22	70912	0.98	002367	康力电梯	SZ	5.1	0.95	
954	2010-07-19	4.9	5.13	4.9	5.1	44814	0.95	002367	康力电梯	SZ	4.99	0.93	
955	2010-07-16	4.97	4.99	4.82	4.99	44994	0.93	002367	康力电梯	SZ	4.97	0.93	
956	2010-07-15	5.22	5.22	4.93	4.97	66388	0.93	002367	康力电梯	SZ	5.2	0.97	
957	2010-07-14	5.19	5.29	5.16	5.2	82983	0.97	002367	康力电梯	SZ	5.17	0.96	
958	2010-07-13	5.13	5.31	5.08	5.17	82419	0.96	002367	康力电梯	SZ	5.18	0.97	
959	2010-07-12	5.14	5.28	5.09	5.18	129533	0.97	002367	康力电梯	SZ	4.98	0.93	
960	2010-07-09	4.88	5.01	4.8	4.98	89609	0.93	002367	康力电梯	SZ	4.83	0.9	
961	2010-07-08	4.88	4.91	4.74	4.83	54339	0.9	002367	康力电梯	SZ	4.85	0.9	
962	2010-07-07	4.76	4.87	4.67	4.85	115117	0.9	002367	康力电梯	SZ	4.7	0.88	
963	2010-07-06	4.54	4.73	4.52	4.7	75359	0.88	002367	康力电梯	SZ	4.58	0.85	
964	2010-07-05	4.39	4.66	4.34	4.58	68657	0.85	002367	康力电梯	SZ	4.49	0.84	
965	2010-07-02	4.54	4.54	4.24	4.49	62165	0.84	002367	康力电梯	SZ	4.47	0.83	
966	2010-07-01	4.51	4.59	4.44	4.47	45561	0.83	002367	康力电梯	SZ	4.49	0.84	
967	2010-06-30	4.58	4.6	4.44	4.49	57730	0.84	002367	康力电梯	SZ	4.61	0.86	
968	2010-06-29	5.07	5.07	4.6	4.61	72554	0.86	002367	康力电梯	SZ	5.02	0.94	
969	2010-06-28	5.08	5.17	5	5.02	49031	0.94	002367	康力电梯	SZ	5.08	0.95	
970	2010-06-25	5.19	5.19	5.03	5.08	61362	0.95	002367	康力电梯	SZ	5.2	0.97	
971	2010-06-24	5.11	5.25	5.11	5.2	79068	0.97	002367	康力电梯	SZ	5.1	0.95	
972	2010-06-23	5.11	5.21	5	5.1	64789	0.95	002367	康力电梯	SZ	5.13	0.96	
973	2010-06-22	5.08	5.24	5.05	5.13	83426	0.96	002367	康力电梯	SZ	5.11	0.95	
974	2010-06-21	5.03	5.11	4.87	5.11	110066	0.95	002367	康力电梯	SZ	5.02	0.94	
975	2010-06-18	5.38	5.44	5	5.02	140960	0.94	002367	康力电梯	SZ	5.41	1.01	
976	2010-06-17	5.89	5.89	5.38	5.41	172713	1.01	002367	康力电梯	SZ	5.88	1.1	
977	2010-06-11	5.91	5.96	5.83	5.88	44782	1.1	002367	康力电梯	SZ	5.9	1.1	
978	2010-06-10	5.84	5.98	5.81	5.9	68617	1.1	002367	康力电梯	SZ	5.87	1.1	
979	2010-06-09	5.88	5.88	5.74	5.87	71828	1.1	002367	康力电梯	SZ	5.78	1.08	
980	2010-06-08	5.59	5.78	5.58	5.78	95838	1.08	002367	康力电梯	SZ	5.59	1.04	
981	2010-06-07	5.46	5.61	5.4	5.59	59502	1.04	002367	康力电梯	SZ	5.56	1.04	
982	2010-06-04	5.53	5.57	5.44	5.56	18241	1.04	002367	康力电梯	SZ	5.56	1.04	
983	2010-06-03	5.59	5.7	5.54	5.56	24612	1.04	002367	康力电梯	SZ	5.58	1.04	
984	2010-06-02	5.51	5.59	5.29	5.58	26558	1.04	002367	康力电梯	SZ	5.53	1.03	
985	2010-06-01	5.71	5.71	5.33	5.53	36836	1.03	002367	康力电梯	SZ	5.71	1.07	
986	2010-05-31	6.03	6.03	5.71	5.71	32239	1.07	002367	康力电梯	SZ	6.04	1.13	
987	2010-05-28	6.07	6.13	5.97	6.04	45500	1.13	002367	康力电梯	SZ	6.03	1.13	
988	2010-05-27	5.93	6.07	5.82	6.03	43428	1.13	002367	康力电梯	SZ	5.97	1.12	
989	2010-05-26	5.98	5.98	5.8	5.97	30891	1.12	002367	康力电梯	SZ	5.96	1.11	
990	2010-05-25	6	6.07	5.91	5.96	43823	1.11	002367	康力电梯	SZ	6	1.12	
991	2010-05-24	5.88	6.11	5.85	6	70991	1.12	002367	康力电梯	SZ	5.85	1.09	
992	2010-05-21	5.55	5.87	5.45	5.85	62297	1.09	002367	康力电梯	SZ	5.64	1.05	
993	2010-05-20	5.49	5.74	5.44	5.64	57596	1.05	002367	康力电梯	SZ	5.56	1.04	
994	2010-05-19	5.53	5.79	5.47	5.56	63632	1.04	002367	康力电梯	SZ	5.56	1.04	
995	2010-05-18	5.41	5.6	5.26	5.56	52453	1.04	002367	康力电梯	SZ	5.43	1.01	
996	2010-05-17	5.87	5.87	5.37	5.43	46149	1.01	002367	康力电梯	SZ	5.94	1.11	
997	2010-05-14	5.78	6	5.59	5.94	59000	1.11	002367	康力电梯	SZ	5.86	1.09	
998	2010-05-13	5.86	5.95	5.36	5.86	73634	1.09	002367	康力电梯	SZ	5.86	1.09	
999	2010-05-12	6	6.04	5.78	5.86	36636	1.09	002367	康力电梯	SZ	6.08	1.13	
1000	2010-05-11	6.44	6.49	6.02	6.08	40202	1.13	002367	康力电梯	SZ	6.23	1.16	
1001	2010-05-10	6.24	6.3	6.01	6.23	56580	1.16	002367	康力电梯	SZ	6.22	1.16	
1002	2010-05-07	6.49	6.53	6.21	6.22	86252	1.16	002367	康力电梯	SZ	6.62	1.24	
1003	2010-05-06	6.98	7.03	6.38	6.62	114331	1.24	002367	康力电梯	SZ	6.97	1.3	
1004	2010-05-05	6.98	7.02	6.77	6.97	85306	1.3	002367	康力电梯	SZ	6.99	1.31	
1005	2010-05-04	6.77	7.02	6.69	6.99	95361	1.31	002367	康力电梯	SZ	6.83	1.28	
1006	2010-04-30	6.79	6.98	6.46	6.83	113427	1.28	002367	康力电梯	SZ	6.81	1.27	
1007	2010-04-29	6.82	6.93	6.67	6.81	88716	1.27	002367	康力电梯	SZ	6.87	1.03	
1008	2010-04-28	6.83	6.93	6.71	6.87	101817	1.03	002367	康力电梯	SZ	6.87	1.03	
1009	2010-04-27	6.77	6.89	6.71	6.87	92034	1.03	002367	康力电梯	SZ	6.79	1.02	
1010	2010-04-26	6.81	6.96	6.78	6.79	76139	1.02	002367	康力电梯	SZ	6.8	1.02	
1011	2010-04-23	6.83	6.85	6.64	6.8	99758	1.02	002367	康力电梯	SZ	6.81	1.02	
1012	2010-04-22	6.63	6.93	6.57	6.81	136936	1.02	002367	康力电梯	SZ	6.65	1	
1013	2010-04-21	6.4	6.7	6.39	6.65	116913	1	002367	康力电梯	SZ	6.22	0.94	
1014	2010-04-20	6.42	6.42	6.13	6.22	97096	0.94	002367	康力电梯	SZ	6.54	0.98	
1015	2010-04-16	6.51	6.59	6.41	6.54	64394	0.98	002367	康力电梯	SZ	6.51	0.98	
1016	2010-04-15	6.48	6.54	6.38	6.51	71654	0.98	002367	康力电梯	SZ	6.45	0.97	
1017	2010-04-14	6.49	6.56	6.35	6.45	74385	0.97	002367	康力电梯	SZ	6.5	0.98	
1018	2010-04-13	6.87	6.9	6.29	6.5	187698	0.98	002367	康力电梯	SZ	6.85	1.03	
1019	2010-04-12	6.96	7.04	6.79	6.85	163522	1.03	002367	康力电梯	SZ	6.98	1.05	
1020	2010-04-09	6.94	7.06	6.86	6.98	138936	1.05	002367	康力电梯	SZ	6.96	1.05	
1021	2010-04-08	7.18	7.19	6.96	6.96	143521	1.05	002367	康力电梯	SZ	7.2	1.08	
1022	2010-04-07	7.09	7.21	7	7.2	153965	1.08	002367	康力电梯	SZ	7.07	1.06	
1023	2010-04-06	6.95	7.1	6.85	7.07	112218	1.06	002367	康力电梯	SZ	-1	-1	
