775	2011-04-26	10.79	11.17	10.71	10.95	69495	7.04	002435	长江润发	SZ	-1	-1	
774	2011-04-27	10.95	11.08	10.65	10.72	36901	6.89	002435	长江润发	SZ	10.95	7.04	
773	2011-04-28	10.55	10.77	9.65	9.66	37223	6.21	002435	长江润发	SZ	10.72	6.89	
772	2011-04-29	9.8	9.8	9.63	9.76	8888	6.27	002435	长江润发	SZ	9.66	6.21	
771	2011-05-03	9.75	9.8	9.53	9.8	8962	6.3	002435	长江润发	SZ	9.76	6.27	
770	2011-05-04	9.8	9.87	9.47	9.53	9825	6.12	002435	长江润发	SZ	9.8	6.3	
769	2011-05-05	9.43	9.63	9.43	9.51	7943	6.12	002435	长江润发	SZ	9.53	6.12	
768	2011-05-06	9.51	9.57	9.43	9.53	5447	6.13	002435	长江润发	SZ	9.51	6.12	
767	2011-05-09	9.57	9.66	9.53	9.63	5145	6.19	002435	长江润发	SZ	9.53	6.13	
766	2011-05-10	9.63	9.75	9.57	9.73	8464	6.26	002435	长江润发	SZ	9.63	6.19	
765	2011-05-11	9.65	9.75	9.6	9.69	4224	6.29	002435	长江润发	SZ	9.73	6.26	
764	2011-05-12	9.65	9.72	9.6	9.65	6612	6.26	002435	长江润发	SZ	9.69	6.29	
763	2011-05-13	9.63	9.67	9.54	9.65	6255	6.26	002435	长江润发	SZ	9.65	6.26	
762	2011-05-16	9.65	9.75	9.6	9.66	4070	6.27	002435	长江润发	SZ	9.65	6.26	
761	2011-05-17	9.64	9.68	9.54	9.64	5088	6.26	002435	长江润发	SZ	9.66	6.27	
760	2011-05-18	9.6	9.77	9.6	9.63	4190	6.25	002435	长江润发	SZ	9.64	6.26	
759	2011-05-19	9.67	9.71	9.57	9.61	3647	6.23	002435	长江润发	SZ	9.63	6.25	
758	2011-05-20	9.55	9.63	9.55	9.6	4475	6.23	002435	长江润发	SZ	9.61	6.23	
757	2011-05-23	9.61	9.63	9.32	9.36	8544	6.07	002435	长江润发	SZ	9.6	6.23	
756	2011-05-24	9.21	9.45	9.21	9.42	6960	6.11	002435	长江润发	SZ	9.36	6.07	
755	2011-05-25	9.43	9.44	9.33	9.37	3433	6.08	002435	长江润发	SZ	9.42	6.11	
754	2011-05-26	9.37	9.51	9.33	9.35	5561	6.07	002435	长江润发	SZ	9.37	6.08	
753	2011-05-27	9.3	9.36	9.02	9.06	4553	5.88	002435	长江润发	SZ	9.35	6.07	
752	2011-05-30	9.01	9.12	9	9.01	5272	5.85	002435	长江润发	SZ	9.06	5.88	
751	2011-05-31	9	9.69	9	9.44	25964	6.13	002435	长江润发	SZ	9.01	5.85	
750	2011-06-01	9.41	9.64	9.35	9.56	20162	6.2	002435	长江润发	SZ	9.44	6.13	
749	2011-06-02	9.45	9.53	9.26	9.48	5234	6.15	002435	长江润发	SZ	9.56	6.2	
748	2011-06-03	9.51	9.65	9.45	9.63	4906	6.25	002435	长江润发	SZ	9.48	6.15	
747	2011-06-07	9.62	9.71	9.51	9.62	5127	6.24	002435	长江润发	SZ	9.63	6.25	
746	2011-06-08	9.66	9.83	9.63	9.73	31581	6.32	002435	长江润发	SZ	9.62	6.24	
745	2011-06-09	9.81	9.91	9.5	9.52	30329	6.18	002435	长江润发	SZ	9.73	6.32	
744	2011-06-10	9.5	9.67	9.13	9.33	13526	6.06	002435	长江润发	SZ	9.52	6.18	
743	2011-06-13	9.33	9.66	9.15	9.61	14859	6.23	002435	长江润发	SZ	9.33	6.06	
742	2011-06-14	9.58	9.78	9.49	9.53	26567	6.18	002435	长江润发	SZ	9.61	6.23	
741	2011-06-15	9.45	9.47	9.21	9.21	14850	5.98	002435	长江润发	SZ	9.53	6.18	
740	2011-06-16	9.19	9.19	8.95	8.95	8545	5.81	002435	长江润发	SZ	9.21	5.98	
739	2011-06-17	8.89	9.09	8.57	8.57	8575	5.56	002435	长江润发	SZ	8.95	5.81	
738	2011-06-20	8.54	8.66	8.32	8.34	5475	5.41	002435	长江润发	SZ	8.57	5.56	
737	2011-06-21	8.4	8.47	8.34	8.45	4030	5.48	002435	长江润发	SZ	8.34	5.41	
736	2011-06-22	8.45	8.51	8.4	8.45	3628	5.49	002435	长江润发	SZ	8.45	5.48	
735	2011-06-23	8.41	8.63	8.33	8.6	6685	5.58	002435	长江润发	SZ	8.45	5.49	
734	2011-06-24	8.55	8.82	8.55	8.76	10045	5.68	002435	长江润发	SZ	8.6	5.58	
733	2011-06-27	8.76	8.87	8.71	8.85	10010	5.74	002435	长江润发	SZ	8.76	5.68	
732	2011-06-28	8.81	8.85	8.73	8.76	9265	5.68	002435	长江润发	SZ	8.85	5.74	
731	2011-06-29	8.79	8.87	8.71	8.71	7593	5.65	002435	长江润发	SZ	8.76	5.68	
730	2011-06-30	8.77	8.87	8.68	8.82	9993	5.72	002435	长江润发	SZ	8.71	5.65	
729	2011-07-01	8.99	9.09	8.88	8.89	12705	5.77	002435	长江润发	SZ	8.82	5.72	
728	2011-07-04	8.87	9.01	8.87	9.01	9904	5.84	002435	长江润发	SZ	8.89	5.77	
727	2011-07-05	8.98	9.07	8.98	9.01	10640	5.84	002435	长江润发	SZ	9.01	5.84	
726	2011-07-06	9.01	9.17	8.93	9.12	13995	5.92	002435	长江润发	SZ	9.01	5.84	
725	2011-07-07	9.04	9.44	9.03	9.21	28666	5.97	002435	长江润发	SZ	9.12	5.92	
724	2011-07-08	9.12	10.05	9.12	10.05	48599	6.52	002435	长江润发	SZ	9.21	5.97	
723	2011-07-11	9.85	10.07	9.71	9.73	78108	6.32	002435	长江润发	SZ	10.05	6.52	
722	2011-07-12	9.61	9.67	9.53	9.57	21791	6.21	002435	长江润发	SZ	9.73	6.32	
721	2011-07-13	9.57	9.73	9.53	9.67	15561	6.27	002435	长江润发	SZ	9.57	6.21	
720	2011-07-14	9.67	9.82	9.61	9.69	15436	6.29	002435	长江润发	SZ	9.67	6.27	
719	2011-07-15	9.68	9.71	9.6	9.65	12089	6.26	002435	长江润发	SZ	9.69	6.29	
718	2011-07-18	9.63	9.77	9.63	9.66	11318	6.27	002435	长江润发	SZ	9.65	6.26	
717	2011-07-19	9.67	9.67	9.39	9.41	8190	6.1	002435	长江润发	SZ	9.66	6.27	
716	2011-07-20	9.45	9.51	9.39	9.44	4525	6.13	002435	长江润发	SZ	9.41	6.1	
715	2011-07-21	9.43	9.49	9.39	9.4	5631	6.1	002435	长江润发	SZ	9.44	6.13	
714	2011-07-22	9.4	9.47	9.33	9.37	5753	6.08	002435	长江润发	SZ	9.4	6.1	
713	2011-07-25	9.38	9.39	8.83	8.89	8919	5.77	002435	长江润发	SZ	9.37	6.08	
712	2011-07-26	8.89	9.03	8.83	8.93	5256	5.8	002435	长江润发	SZ	8.89	5.77	
711	2011-07-27	8.93	9.07	8.93	9.07	5045	5.88	002435	长江润发	SZ	8.93	5.8	
710	2011-07-28	9.02	9.06	8.89	9.01	4196	5.84	002435	长江润发	SZ	9.07	5.88	
709	2011-07-29	9.03	9.03	8.83	8.9	4368	5.78	002435	长江润发	SZ	9.01	5.84	
708	2011-08-01	8.83	9	8.83	8.99	5454	5.83	002435	长江润发	SZ	8.9	5.78	
707	2011-08-02	8.99	8.99	8.77	8.91	3941	5.78	002435	长江润发	SZ	8.99	5.83	
706	2011-08-03	8.86	9.07	8.81	9.05	7259	5.87	002435	长江润发	SZ	8.91	5.78	
705	2011-08-04	9.07	9.36	9.03	9.3	8819	6.03	002435	长江润发	SZ	9.05	5.87	
704	2011-08-05	9.08	9.57	8.89	9.52	33215	6.18	002435	长江润发	SZ	9.3	6.03	
703	2011-08-08	9.4	9.4	8.8	9.31	23226	6.04	002435	长江润发	SZ	9.52	6.18	
702	2011-08-09	8.99	9.49	8.81	9.23	44851	5.99	002435	长江润发	SZ	9.31	6.04	
701	2011-08-10	9.33	9.41	8.99	9.06	39869	5.88	002435	长江润发	SZ	9.23	5.99	
700	2011-08-11	8.72	9.16	8.68	9.16	23858	5.94	002435	长江润发	SZ	9.06	5.88	
699	2011-08-12	9.12	9.2	8.94	9.18	33454	5.96	002435	长江润发	SZ	9.16	5.94	
698	2011-08-15	9.15	9.41	9.09	9.39	53717	6.09	002435	长江润发	SZ	9.18	5.96	
697	2011-08-16	9.39	9.49	9.13	9.21	54254	5.98	002435	长江润发	SZ	9.39	6.09	
696	2011-08-17	9.21	9.67	9.17	9.46	101105	6.14	002435	长江润发	SZ	9.21	5.98	
695	2011-08-18	9.5	9.51	9.21	9.43	41799	6.12	002435	长江润发	SZ	9.46	6.14	
694	2011-08-19	9.21	9.39	9.12	9.29	33261	6.03	002435	长江润发	SZ	9.43	6.12	
693	2011-08-22	9.2	9.38	8.91	8.91	37404	5.78	002435	长江润发	SZ	9.29	6.03	
692	2011-08-23	8.93	9	8.83	8.99	23756	5.83	002435	长江润发	SZ	8.91	5.78	
691	2011-08-24	9.05	9.11	8.84	8.85	33557	5.74	002435	长江润发	SZ	8.99	5.83	
690	2011-08-25	8.89	9.01	8.83	9	25339	5.84	002435	长江润发	SZ	8.85	5.74	
689	2011-08-26	8.99	9.14	8.97	9.07	22850	5.89	002435	长江润发	SZ	9	5.84	
688	2011-08-29	9.08	9.17	8.9	8.93	32330	5.79	002435	长江润发	SZ	9.07	5.89	
687	2011-08-30	8.99	9.03	8.91	8.92	26985	5.79	002435	长江润发	SZ	8.93	5.79	
686	2011-08-31	8.88	8.95	8.68	8.73	23249	5.67	002435	长江润发	SZ	8.92	5.79	
685	2011-09-01	8.79	8.87	8.67	8.73	12481	5.67	002435	长江润发	SZ	8.73	5.67	
684	2011-09-02	8.7	8.78	8.7	8.77	11287	5.69	002435	长江润发	SZ	8.73	5.67	
683	2011-09-05	8.76	8.76	8.37	8.43	20939	5.47	002435	长江润发	SZ	8.77	5.69	
682	2011-09-06	8.34	8.51	8.31	8.4	9971	5.45	002435	长江润发	SZ	8.43	5.47	
681	2011-09-07	8.49	8.57	8.42	8.56	11782	5.55	002435	长江润发	SZ	8.4	5.45	
680	2011-09-08	8.57	8.65	8.44	8.45	10272	5.48	002435	长江润发	SZ	8.56	5.55	
679	2011-09-09	8.47	8.53	8.4	8.43	5552	5.47	002435	长江润发	SZ	8.45	5.48	
678	2011-09-13	8.31	8.57	8.31	8.49	9097	5.51	002435	长江润发	SZ	8.43	5.47	
677	2011-09-14	8.5	8.59	8.42	8.58	10243	5.57	002435	长江润发	SZ	8.49	5.51	
676	2011-09-15	8.59	8.61	8.55	8.57	7346	5.56	002435	长江润发	SZ	8.58	5.57	
675	2011-09-16	8.6	8.65	8.54	8.54	5420	5.54	002435	长江润发	SZ	8.57	5.56	
674	2011-09-19	8.59	8.59	8.35	8.35	6907	5.42	002435	长江润发	SZ	8.54	5.54	
673	2011-09-20	8.33	8.45	8.33	8.37	5322	5.43	002435	长江润发	SZ	8.35	5.42	
672	2011-09-21	8.39	8.6	8.33	8.58	10380	5.57	002435	长江润发	SZ	8.37	5.43	
671	2011-09-22	8.51	8.54	8.33	8.34	9836	5.41	002435	长江润发	SZ	8.58	5.57	
670	2011-09-23	8.09	8.3	8.04	8.17	8217	5.3	002435	长江润发	SZ	8.34	5.41	
669	2011-09-26	8.2	8.26	8.1	8.12	6679	5.27	002435	长江润发	SZ	8.17	5.3	
668	2011-09-27	8.17	8.25	8.15	8.19	5872	5.31	002435	长江润发	SZ	8.12	5.27	
667	2011-09-28	8.23	8.27	8.05	8.06	6372	5.23	002435	长江润发	SZ	8.19	5.31	
666	2011-09-29	8	8.05	7.71	7.74	11283	5.02	002435	长江润发	SZ	8.06	5.23	
665	2011-09-30	7.74	7.87	7.73	7.82	6261	5.07	002435	长江润发	SZ	7.74	5.02	
664	2011-10-10	7.93	7.93	7.77	7.77	4943	5.04	002435	长江润发	SZ	7.82	5.07	
663	2011-10-11	7.94	8	7.75	7.79	6041	5.06	002435	长江润发	SZ	7.77	5.04	
662	2011-10-12	7.73	8.04	7.7	8.04	11372	5.22	002435	长江润发	SZ	7.79	5.06	
661	2011-10-13	8.03	8.1	7.98	8.08	10439	5.24	002435	长江润发	SZ	8.04	5.22	
660	2011-10-14	8.07	8.09	7.95	8.03	7069	5.21	002435	长江润发	SZ	8.08	5.24	
659	2011-10-17	8.09	8.15	8.01	8.07	9538	5.24	002435	长江润发	SZ	8.03	5.21	
658	2011-10-18	8.05	8.06	7.78	7.81	8862	5.07	002435	长江润发	SZ	8.07	5.24	
657	2011-10-19	7.81	7.89	7.79	7.81	4398	5.07	002435	长江润发	SZ	7.81	5.07	
656	2011-10-20	7.74	7.8	7.45	7.5	8501	4.87	002435	长江润发	SZ	7.81	5.07	
655	2011-10-21	7.53	7.54	7.23	7.27	8293	4.72	002435	长江润发	SZ	7.5	4.87	
654	2011-10-24	7.27	7.45	7.27	7.4	12272	4.8	002435	长江润发	SZ	7.27	4.72	
653	2011-10-25	7.37	7.73	7.34	7.57	12340	4.91	002435	长江润发	SZ	7.4	4.8	
652	2011-10-26	7.53	7.73	7.48	7.71	16145	5.01	002435	长江润发	SZ	7.57	4.91	
651	2011-10-27	7.67	7.89	7.67	7.74	16591	5.02	002435	长江润发	SZ	7.71	5.01	
650	2011-10-28	7.8	7.86	7.72	7.8	12870	5.06	002435	长江润发	SZ	7.74	5.02	
649	2011-10-31	7.77	7.89	7.71	7.87	11024	5.1	002435	长江润发	SZ	7.8	5.06	
648	2011-11-01	7.75	7.86	7.74	7.75	11013	5.03	002435	长江润发	SZ	7.87	5.1	
647	2011-11-02	7.63	7.93	7.55	7.93	17762	5.14	002435	长江润发	SZ	7.75	5.03	
646	2011-11-03	7.99	8.19	7.92	8.04	28049	5.22	002435	长江润发	SZ	7.93	5.14	
645	2011-11-04	8.05	8.12	7.97	8.07	13983	5.24	002435	长江润发	SZ	8.04	5.22	
644	2011-11-07	8.03	8.16	8.02	8.05	11855	5.23	002435	长江润发	SZ	8.07	5.24	
643	2011-11-08	8.06	8.1	7.91	7.92	9960	5.14	002435	长江润发	SZ	8.05	5.23	
642	2011-11-09	7.97	8.05	7.94	8.05	15500	5.22	002435	长江润发	SZ	7.92	5.14	
641	2011-11-10	7.98	8.11	7.97	8.01	26977	5.2	002435	长江润发	SZ	8.05	5.22	
640	2011-11-11	8.02	8.15	7.93	8.09	17164	5.25	002435	长江润发	SZ	8.01	5.2	
639	2011-11-14	8.11	8.26	8.09	8.23	26827	5.34	002435	长江润发	SZ	8.09	5.25	
638	2011-11-15	8.23	8.23	8.13	8.2	21118	5.32	002435	长江润发	SZ	8.23	5.34	
637	2011-11-16	8.2	8.21	7.85	7.89	21018	5.12	002435	长江润发	SZ	8.2	5.32	
636	2011-11-17	7.91	8.05	7.89	7.97	11945	5.17	002435	长江润发	SZ	7.89	5.12	
635	2011-11-18	7.95	7.96	7.71	7.71	10856	5.01	002435	长江润发	SZ	7.97	5.17	
633	2011-11-22	7.67	7.71	7.58	7.67	8268	4.98	002435	长江润发	SZ	7.71	5.01	
632	2011-11-23	7.69	7.75	7.63	7.67	6731	4.98	002435	长江润发	SZ	7.67	4.98	
631	2011-11-24	7.62	7.75	7.55	7.69	6262	4.99	002435	长江润发	SZ	7.67	4.98	
630	2011-11-25	7.69	7.75	7.67	7.7	6190	5	002435	长江润发	SZ	7.69	4.99	
629	2011-11-28	7.69	7.77	7.65	7.77	5723	5.04	002435	长江润发	SZ	7.7	5	
628	2011-11-29	7.83	7.92	7.8	7.9	10211	5.13	002435	长江润发	SZ	7.77	5.04	
627	2011-11-30	7.9	7.9	7.43	7.44	13380	4.83	002435	长江润发	SZ	7.9	5.13	
626	2011-12-01	7.71	7.71	7.59	7.6	10223	4.93	002435	长江润发	SZ	7.44	4.83	
625	2011-12-02	7.52	7.61	7.47	7.53	5910	4.89	002435	长江润发	SZ	7.6	4.93	
624	2011-12-05	7.53	7.53	7.3	7.32	5269	4.75	002435	长江润发	SZ	7.53	4.89	
623	2011-12-06	7.45	7.46	7.29	7.42	3682	4.81	002435	长江润发	SZ	7.32	4.75	
622	2011-12-07	7.43	7.45	7.27	7.41	3066	4.81	002435	长江润发	SZ	7.42	4.81	
621	2011-12-08	7.41	7.51	7.32	7.47	5078	4.85	002435	长江润发	SZ	7.41	4.81	
620	2011-12-09	7.41	7.49	7.35	7.46	2903	4.84	002435	长江润发	SZ	7.47	4.85	
619	2011-12-12	7.5	7.53	7.29	7.38	2837	4.79	002435	长江润发	SZ	7.46	4.84	
618	2011-12-13	7.41	7.41	7.05	7.15	6327	4.64	002435	长江润发	SZ	7.38	4.79	
617	2011-12-14	7.15	7.17	6.93	6.99	2754	4.54	002435	长江润发	SZ	7.15	4.64	
616	2011-12-15	6.92	7.01	6.78	6.79	3990	4.4	002435	长江润发	SZ	6.99	4.54	
615	2011-12-16	6.79	6.99	6.7	6.97	3627	4.52	002435	长江润发	SZ	6.79	4.4	
614	2011-12-19	6.87	6.99	6.84	6.97	4106	4.53	002435	长江润发	SZ	6.97	4.52	
613	2011-12-20	6.97	7.16	6.79	7.05	10003	4.58	002435	长江润发	SZ	6.97	4.53	
612	2011-12-21	7.17	7.17	6.87	6.89	3012	4.47	002435	长江润发	SZ	7.05	4.58	
611	2011-12-22	6.85	6.89	6.55	6.75	6672	4.38	002435	长江润发	SZ	6.89	4.47	
610	2011-12-23	6.75	6.88	6.75	6.79	3554	4.41	002435	长江润发	SZ	6.75	4.38	
609	2011-12-26	6.79	6.83	6.69	6.77	1883	4.39	002435	长江润发	SZ	6.79	4.41	
608	2011-12-27	6.69	6.83	6.65	6.65	3594	4.32	002435	长江润发	SZ	6.77	4.39	
607	2011-12-28	6.55	6.71	6.45	6.58	4872	4.27	002435	长江润发	SZ	6.65	4.32	
606	2011-12-29	6.57	6.65	6.53	6.59	2925	4.28	002435	长江润发	SZ	6.58	4.27	
605	2011-12-30	6.61	6.71	6.56	6.69	4552	4.34	002435	长江润发	SZ	6.59	4.28	
602	2012-01-04	6.75	6.79	6.48	6.49	3573	4.21	002435	长江润发	SZ	6.69	4.34	
601	2012-01-05	6.47	6.63	6.24	6.46	3600	4.19	002435	长江润发	SZ	6.49	4.21	
600	2012-01-06	6.39	6.39	6.11	6.31	5400	4.09	002435	长江润发	SZ	6.46	4.19	
599	2012-01-09	6.33	6.52	6.25	6.5	7474	4.22	002435	长江润发	SZ	6.31	4.09	
598	2012-01-10	6.53	6.73	6.5	6.71	10673	4.35	002435	长江润发	SZ	6.5	4.22	
597	2012-01-11	6.65	6.79	6.63	6.67	5344	4.33	002435	长江润发	SZ	6.71	4.35	
596	2012-01-12	6.69	6.76	6.64	6.65	5127	4.32	002435	长江润发	SZ	6.67	4.33	
595	2012-01-13	6.62	6.64	6.38	6.38	4971	4.14	002435	长江润发	SZ	6.65	4.32	
594	2012-01-16	6.36	6.36	6.07	6.16	3828	4	002435	长江润发	SZ	6.38	4.14	
593	2012-01-17	6.13	6.44	6.13	6.41	8180	4.16	002435	长江润发	SZ	6.16	4	
592	2012-01-18	6.47	6.49	6.17	6.23	6285	4.04	002435	长江润发	SZ	6.41	4.16	
591	2012-01-19	6.23	6.37	6.01	6.27	4391	4.07	002435	长江润发	SZ	6.23	4.04	
590	2012-01-20	6.27	6.41	6.23	6.36	4002	4.13	002435	长江润发	SZ	6.27	4.07	
584	2012-01-30	6.36	6.41	6.33	6.33	2759	4.11	002435	长江润发	SZ	6.36	4.13	
583	2012-01-31	6.29	6.39	6.29	6.35	2049	4.12	002435	长江润发	SZ	6.33	4.11	
582	2012-02-01	6.33	6.47	6.33	6.34	5199	4.11	002435	长江润发	SZ	6.35	4.12	
581	2012-02-02	6.34	6.44	6.27	6.43	5390	4.17	002435	长江润发	SZ	6.34	4.11	
580	2012-02-03	6.4	6.57	6.39	6.54	6821	4.24	002435	长江润发	SZ	6.43	4.17	
579	2012-02-06	6.56	6.67	6.53	6.61	8786	4.29	002435	长江润发	SZ	6.54	4.24	
578	2012-02-07	6.61	6.61	6.47	6.5	5083	4.22	002435	长江润发	SZ	6.61	4.29	
577	2012-02-08	6.53	6.67	6.47	6.65	7664	4.32	002435	长江润发	SZ	6.5	4.22	
576	2012-02-09	6.65	6.77	6.65	6.69	12243	4.34	002435	长江润发	SZ	6.65	4.32	
575	2012-02-10	6.71	6.79	6.67	6.77	13176	4.4	002435	长江润发	SZ	6.69	4.34	
574	2012-02-13	6.79	6.84	6.65	6.77	11455	4.4	002435	长江润发	SZ	6.77	4.4	
573	2012-02-14	6.79	6.83	6.71	6.75	7889	4.38	002435	长江润发	SZ	6.77	4.4	
572	2012-02-15	6.75	6.91	6.73	6.87	15243	4.46	002435	长江润发	SZ	6.75	4.38	
571	2012-02-16	6.9	6.96	6.82	6.91	14955	4.48	002435	长江润发	SZ	6.87	4.46	
570	2012-02-17	7	7	6.8	6.83	8682	4.43	002435	长江润发	SZ	6.91	4.48	
569	2012-02-20	6.93	6.93	6.82	6.83	9144	4.43	002435	长江润发	SZ	6.83	4.43	
568	2012-02-21	6.85	6.93	6.75	6.93	10594	4.5	002435	长江润发	SZ	6.83	4.43	
567	2012-02-22	6.97	7.16	6.89	7.08	31259	4.59	002435	长江润发	SZ	6.93	4.5	
566	2012-02-23	7.09	7.12	6.97	7.03	27623	4.56	002435	长江润发	SZ	7.08	4.59	
565	2012-02-24	7.09	7.13	7.03	7.11	17477	4.62	002435	长江润发	SZ	7.03	4.56	
564	2012-02-27	7.17	7.24	7.1	7.11	21379	4.61	002435	长江润发	SZ	7.11	4.62	
563	2012-02-28	7.09	7.19	7.01	7.14	17196	4.63	002435	长江润发	SZ	7.11	4.61	
562	2012-02-29	7.1	7.23	7.05	7.09	23917	4.6	002435	长江润发	SZ	7.14	4.63	
561	2012-03-01	6.87	7.01	6.83	6.93	31818	4.5	002435	长江润发	SZ	7.09	4.6	
560	2012-03-02	6.93	7	6.9	6.98	21525	4.53	002435	长江润发	SZ	6.93	4.5	
559	2012-03-05	6.99	7.04	6.95	6.96	19296	4.52	002435	长江润发	SZ	6.98	4.53	
558	2012-03-06	6.95	6.95	6.81	6.84	16912	4.44	002435	长江润发	SZ	6.96	4.52	
557	2012-03-07	6.77	6.91	6.75	6.81	14763	4.42	002435	长江润发	SZ	6.84	4.44	
556	2012-03-08	6.83	6.93	6.83	6.89	12154	4.47	002435	长江润发	SZ	6.81	4.42	
555	2012-03-09	6.95	7.03	6.9	7.02	14361	4.56	002435	长江润发	SZ	6.89	4.47	
554	2012-03-12	7.03	7.09	7	7.06	16563	4.58	002435	长江润发	SZ	7.02	4.56	
553	2012-03-13	7.06	7.16	7.01	7.15	20025	4.64	002435	长江润发	SZ	7.06	4.58	
552	2012-03-14	7.17	7.19	6.74	6.83	27158	4.43	002435	长江润发	SZ	7.15	4.64	
551	2012-03-15	6.77	6.87	6.63	6.7	18030	4.35	002435	长江润发	SZ	6.83	4.43	
550	2012-03-16	6.71	6.82	6.7	6.8	14134	4.41	002435	长江润发	SZ	6.7	4.35	
549	2012-03-19	6.81	6.93	6.75	6.93	13083	4.49	002435	长江润发	SZ	6.8	4.41	
548	2012-03-20	6.93	6.93	6.76	6.76	10545	4.39	002435	长江润发	SZ	6.93	4.49	
547	2012-03-21	6.79	6.85	6.73	6.85	9993	4.44	002435	长江润发	SZ	6.76	4.39	
546	2012-03-22	6.85	6.85	6.74	6.78	7257	4.4	002435	长江润发	SZ	6.85	4.44	
544	2012-03-26	6.67	6.75	6.62	6.66	9842	4.32	002435	长江润发	SZ	6.78	4.4	
543	2012-03-27	6.66	6.71	6.6	6.62	6248	4.3	002435	长江润发	SZ	6.66	4.32	
542	2012-03-28	6.6	6.6	6.25	6.28	12907	4.08	002435	长江润发	SZ	6.62	4.3	
541	2012-03-29	6.28	6.28	6.12	6.22	10086	4.04	002435	长江润发	SZ	6.28	4.08	
540	2012-03-30	6.24	6.32	6.15	6.19	6919	4.01	002435	长江润发	SZ	6.22	4.04	
536	2012-04-05	6.19	6.32	6.17	6.31	6924	4.09	002435	长江润发	SZ	6.19	4.01	
535	2012-04-06	6.31	6.37	6.28	6.33	6826	4.11	002435	长江润发	SZ	6.31	4.09	
534	2012-04-09	6.31	6.33	6.27	6.28	4317	4.08	002435	长江润发	SZ	6.33	4.11	
533	2012-04-10	6.22	6.32	6.11	6.32	6001	4.1	002435	长江润发	SZ	6.28	4.08	
532	2012-04-11	6.27	6.36	6.25	6.36	5836	4.13	002435	长江润发	SZ	6.32	4.1	
531	2012-04-12	6.35	6.53	6.33	6.45	11197	4.19	002435	长江润发	SZ	6.36	4.13	
530	2012-04-13	6.45	7.1	6.44	6.95	72069	4.51	002435	长江润发	SZ	6.45	4.19	
529	2012-04-16	6.77	6.85	6.71	6.83	31421	4.43	002435	长江润发	SZ	6.95	4.51	
528	2012-04-17	6.8	6.93	6.72	6.84	32869	4.44	002435	长江润发	SZ	6.83	4.43	
527	2012-04-18	6.83	6.95	6.73	6.92	44273	4.49	002435	长江润发	SZ	6.84	4.44	
526	2012-04-19	6.87	6.92	6.78	6.83	16763	4.43	002435	长江润发	SZ	6.92	4.49	
525	2012-04-20	6.81	6.92	6.79	6.81	21370	4.42	002435	长江润发	SZ	6.83	4.43	
524	2012-04-23	6.78	6.86	6.55	6.57	21419	4.27	002435	长江润发	SZ	6.81	4.42	
523	2012-04-24	6.54	6.67	6.14	6.39	19450	4.14	002435	长江润发	SZ	6.57	4.27	
522	2012-04-25	6.35	6.43	6.29	6.42	16655	4.17	002435	长江润发	SZ	6.39	4.14	
521	2012-04-26	6.42	6.46	6.39	6.43	12319	4.17	002435	长江润发	SZ	6.42	4.17	
520	2012-04-27	6.46	6.46	6.37	6.4	7538	4.15	002435	长江润发	SZ	6.43	4.17	
517	2012-05-02	6.55	6.55	6.41	6.43	9883	4.23	002435	长江润发	SZ	6.4	4.15	
516	2012-05-03	6.4	6.49	6.39	6.49	7336	4.27	002435	长江润发	SZ	6.43	4.23	
515	2012-05-04	6.48	6.58	6.47	6.57	10429	4.32	002435	长江润发	SZ	6.49	4.27	
514	2012-05-07	6.55	6.65	6.53	6.63	9401	4.37	002435	长江润发	SZ	6.57	4.32	
513	2012-05-08	6.61	6.63	6.54	6.61	9602	4.35	002435	长江润发	SZ	6.63	4.37	
512	2012-05-09	6.59	6.59	6.44	6.47	7509	4.26	002435	长江润发	SZ	6.61	4.35	
511	2012-05-10	6.46	6.53	6.43	6.49	5819	4.27	002435	长江润发	SZ	6.47	4.26	
510	2012-05-11	6.44	6.54	6.44	6.49	5979	4.27	002435	长江润发	SZ	6.49	4.27	
509	2012-05-14	6.53	6.6	6.43	6.5	7024	4.28	002435	长江润发	SZ	6.49	4.27	
508	2012-05-15	6.47	6.47	6.35	6.42	7712	4.23	002435	长江润发	SZ	6.5	4.28	
507	2012-05-16	6.4	6.43	6.31	6.33	4473	4.17	002435	长江润发	SZ	6.42	4.23	
506	2012-05-17	6.34	6.44	6.32	6.44	4525	4.24	002435	长江润发	SZ	6.33	4.17	
505	2012-05-18	6.41	6.43	6.31	6.31	7575	4.16	002435	长江润发	SZ	6.44	4.24	
504	2012-05-21	6.31	6.39	6.25	6.31	3259	4.16	002435	长江润发	SZ	6.31	4.16	
503	2012-05-22	6.33	6.42	6.33	6.4	3853	4.21	002435	长江润发	SZ	6.31	4.16	
502	2012-05-23	6.41	6.42	6.32	6.35	4718	4.18	002435	长江润发	SZ	6.4	4.21	
501	2012-05-24	6.29	6.37	6.27	6.29	4847	4.14	002435	长江润发	SZ	6.35	4.18	
500	2012-05-25	6.27	6.35	6.15	6.2	5245	4.08	002435	长江润发	SZ	6.29	4.14	
499	2012-05-28	6.2	6.24	6.08	6.23	5771	4.1	002435	长江润发	SZ	6.2	4.08	
498	2012-05-29	6.23	6.37	6.23	6.33	5773	4.17	002435	长江润发	SZ	6.23	4.1	
497	2012-05-30	6.33	6.4	6.33	6.39	6145	4.2	002435	长江润发	SZ	6.33	4.17	
496	2012-05-31	6.38	6.53	6.29	6.47	13140	4.26	002435	长江润发	SZ	6.39	4.2	
495	2012-06-01	6.43	6.49	6.38	6.38	4349	4.2	002435	长江润发	SZ	6.47	4.26	
494	2012-06-04	6.33	6.33	6.15	6.18	7435	4.07	002435	长江润发	SZ	6.38	4.2	
493	2012-06-05	6.33	6.33	6.19	6.24	5306	4.11	002435	长江润发	SZ	6.18	4.07	
492	2012-06-06	6.22	6.28	6.21	6.28	4578	4.13	002435	长江润发	SZ	6.24	4.11	
491	2012-06-07	6.28	6.75	6.28	6.57	44956	4.33	002435	长江润发	SZ	6.28	4.13	
490	2012-06-08	6.58	6.59	6.43	6.59	21493	4.34	002435	长江润发	SZ	6.57	4.33	
489	2012-06-11	6.59	6.65	6.5	6.63	13959	4.36	002435	长江润发	SZ	6.59	4.34	
488	2012-06-12	6.53	6.65	6.53	6.56	8403	4.32	002435	长江润发	SZ	6.63	4.36	
487	2012-06-13	6.54	6.63	6.46	6.62	13113	4.36	002435	长江润发	SZ	6.56	4.32	
486	2012-06-14	6.65	6.72	6.51	6.53	9896	4.3	002435	长江润发	SZ	6.62	4.36	
485	2012-06-15	6.47	6.59	6.47	6.58	9518	4.33	002435	长江润发	SZ	6.53	4.3	
484	2012-06-18	6.68	6.71	6.53	6.7	12153	4.41	002435	长江润发	SZ	6.58	4.33	
483	2012-06-19	6.69	6.72	6.57	6.57	12234	4.32	002435	长江润发	SZ	6.7	4.41	
482	2012-06-20	6.6	6.69	6.57	6.59	10294	4.34	002435	长江润发	SZ	6.57	4.32	
481	2012-06-21	6.63	6.63	6.41	6.51	6832	4.28	002435	长江润发	SZ	6.59	4.34	
479	2012-06-25	6.54	6.75	6.43	6.63	24943	4.37	002435	长江润发	SZ	6.51	4.28	
478	2012-06-26	6.63	6.65	6.4	6.53	11939	4.3	002435	长江润发	SZ	6.63	4.37	
477	2012-06-27	6.59	6.84	6.49	6.75	33153	4.44	002435	长江润发	SZ	6.53	4.3	
476	2012-06-28	6.77	6.79	6.53	6.57	24445	4.32	002435	长江润发	SZ	6.75	4.44	
475	2012-06-29	6.55	6.55	6.07	6.27	26662	4.12	002435	长江润发	SZ	6.57	4.32	
474	2012-07-02	6.32	6.33	6.17	6.31	11412	4.16	002435	长江润发	SZ	6.27	4.12	
473	2012-07-03	6.31	6.4	6.26	6.31	7186	4.15	002435	长江润发	SZ	6.31	4.16	
472	2012-07-04	6.37	6.37	6.25	6.29	6317	4.14	002435	长江润发	SZ	6.31	4.15	
471	2012-07-05	6.29	6.29	6.13	6.15	6320	4.05	002435	长江润发	SZ	6.29	4.14	
470	2012-07-06	6.23	6.28	6.14	6.25	6018	4.12	002435	长江润发	SZ	6.15	4.05	
469	2012-07-09	6.27	6.27	6.07	6.12	7663	4.03	002435	长江润发	SZ	6.25	4.12	
468	2012-07-10	6.13	6.15	6.09	6.13	2935	4.03	002435	长江润发	SZ	6.12	4.03	
467	2012-07-11	6.16	6.21	6.1	6.17	3871	4.06	002435	长江润发	SZ	6.13	4.03	
466	2012-07-12	6.17	6.54	6.11	6.33	9948	4.16	002435	长江润发	SZ	6.17	4.06	
465	2012-07-13	6.27	6.36	6.2	6.22	4917	4.09	002435	长江润发	SZ	6.33	4.16	
464	2012-07-16	6.2	6.24	5.82	5.83	7875	3.83	002435	长江润发	SZ	6.22	4.09	
463	2012-07-17	5.8	5.91	5.79	5.87	3753	3.86	002435	长江润发	SZ	5.83	3.83	
462	2012-07-18	5.93	5.93	5.79	5.91	2594	3.89	002435	长江润发	SZ	5.87	3.86	
461	2012-07-19	5.89	6.01	5.87	5.99	3575	3.94	002435	长江润发	SZ	5.91	3.89	
460	2012-07-20	5.96	6.06	5.92	5.94	2323	3.91	002435	长江润发	SZ	5.99	3.94	
459	2012-07-23	5.99	5.99	5.88	5.93	1368	3.9	002435	长江润发	SZ	5.94	3.91	
458	2012-07-24	5.95	6.09	5.9	6.07	7141	4	002435	长江润发	SZ	5.93	3.9	
457	2012-07-25	6.07	6.11	6.03	6.07	3777	3.99	002435	长江润发	SZ	6.07	4	
456	2012-07-26	6.12	6.12	5.99	6.06	2934	3.99	002435	长江润发	SZ	6.07	3.99	
455	2012-07-27	6.1	6.13	6.01	6.05	2104	3.98	002435	长江润发	SZ	6.06	3.99	
454	2012-07-30	6.06	6.27	5.81	5.91	11752	3.89	002435	长江润发	SZ	6.05	3.98	
453	2012-07-31	5.9	5.93	5.72	5.77	7714	3.8	002435	长江润发	SZ	5.91	3.89	
452	2012-08-01	5.77	5.85	5.77	5.8	3340	3.82	002435	长江润发	SZ	5.77	3.8	
451	2012-08-02	5.77	5.82	5.74	5.77	2770	3.8	002435	长江润发	SZ	5.8	3.82	
450	2012-08-03	5.79	6.22	5.74	6.01	9526	3.96	002435	长江润发	SZ	5.77	3.8	
449	2012-08-06	6.01	6.09	5.95	6.07	4290	3.99	002435	长江润发	SZ	6.01	3.96	
448	2012-08-07	6.09	6.09	6.01	6.06	3536	3.99	002435	长江润发	SZ	6.07	3.99	
447	2012-08-08	6.07	6.15	6.03	6.07	2515	4	002435	长江润发	SZ	6.06	3.99	
446	2012-08-09	6.13	6.15	6.01	6.11	3257	4.02	002435	长江润发	SZ	6.07	4	
445	2012-08-10	6.11	6.21	6.07	6.08	3019	4	002435	长江润发	SZ	6.11	4.02	
444	2012-08-13	6.06	6.12	5.92	6	4215	3.95	002435	长江润发	SZ	6.08	4	
443	2012-08-14	6	6.07	5.94	6.04	2184	3.98	002435	长江润发	SZ	6	3.95	
442	2012-08-15	6.07	6.08	5.98	6.03	1696	3.97	002435	长江润发	SZ	6.04	3.98	
441	2012-08-16	6.07	6.11	5.95	6.03	1681	3.97	002435	长江润发	SZ	6.03	3.97	
440	2012-08-17	6.02	6.04	5.95	6.01	1464	3.95	002435	长江润发	SZ	6.03	3.97	
439	2012-08-20	5.97	6.12	5.93	6.09	3909	4.01	002435	长江润发	SZ	6.01	3.95	
438	2012-08-21	6.32	6.32	6.13	6.14	4591	4.04	002435	长江润发	SZ	6.09	4.01	
437	2012-08-22	6.22	6.32	6.09	6.09	3069	4.01	002435	长江润发	SZ	6.14	4.04	
436	2012-08-23	6.12	6.15	6.03	6.12	6086	4.03	002435	长江润发	SZ	6.09	4.01	
435	2012-08-24	6.15	6.15	5.99	5.99	3487	3.94	002435	长江润发	SZ	6.12	4.03	
434	2012-08-27	5.91	5.98	5.85	5.87	3179	3.86	002435	长江润发	SZ	5.99	3.94	
433	2012-08-28	5.92	6.02	5.87	5.94	2493	3.91	002435	长江润发	SZ	5.87	3.86	
432	2012-08-29	5.93	6.04	5.89	5.94	2442	3.91	002435	长江润发	SZ	5.94	3.91	
431	2012-08-30	5.95	5.99	5.79	5.94	5724	3.91	002435	长江润发	SZ	5.94	3.91	
430	2012-08-31	6.53	6.53	6.53	6.53	74059	4.3	002435	长江润发	SZ	5.94	3.91	
429	2012-09-03	6.93	7.19	6.79	7.19	97953	4.73	002435	长江润发	SZ	6.53	4.3	
428	2012-09-04	7.9	7.91	7.78	7.91	186965	5.2	002435	长江润发	SZ	7.19	4.73	
427	2012-09-05	8.24	8.7	8.14	8.7	313838	5.73	002435	长江润发	SZ	7.91	5.2	
426	2012-09-06	8.4	8.64	8.21	8.62	210571	5.67	002435	长江润发	SZ	8.7	5.73	
425	2012-09-07	8.57	9.11	8.39	8.8	318621	5.79	002435	长江润发	SZ	8.62	5.67	
424	2012-09-10	8.6	9.67	8.57	9	354901	5.92	002435	长江润发	SZ	8.8	5.79	
423	2012-09-11	8.81	9	8.67	9	194517	5.92	002435	长江润发	SZ	9	5.92	
422	2012-09-12	9.05	9.17	8.8	8.85	133695	5.83	002435	长江润发	SZ	9	5.92	
421	2012-09-13	8.74	9.09	8.54	8.55	173121	5.63	002435	长江润发	SZ	8.85	5.83	
420	2012-09-14	8.47	8.59	8.2	8.4	166486	5.53	002435	长江润发	SZ	8.55	5.63	
419	2012-09-17	8.47	8.47	8.19	8.33	108492	5.48	002435	长江润发	SZ	8.4	5.53	
418	2012-09-18	8.33	8.44	8.07	8.21	120733	5.41	002435	长江润发	SZ	8.33	5.48	
417	2012-09-19	8.19	8.3	7.97	8.13	114302	5.35	002435	长江润发	SZ	8.21	5.41	
416	2012-09-20	8.06	8.23	7.94	8.04	121889	5.29	002435	长江润发	SZ	8.13	5.35	
415	2012-09-21	7.95	8.1	7.27	7.38	187465	4.86	002435	长江润发	SZ	8.04	5.29	
414	2012-09-24	7.28	7.56	7.27	7.55	91914	4.97	002435	长江润发	SZ	7.38	4.86	
413	2012-09-25	7.46	7.57	7.4	7.43	80015	4.89	002435	长江润发	SZ	7.55	4.97	
412	2012-09-26	7.43	7.5	7.1	7.17	83710	4.72	002435	长江润发	SZ	7.43	4.89	
411	2012-09-27	7.27	7.51	7.16	7.39	80779	4.86	002435	长江润发	SZ	7.17	4.72	
410	2012-09-28	7.3	7.43	7.15	7.4	110948	4.87	002435	长江润发	SZ	7.39	4.86	
404	2012-10-08	7.31	7.48	7.29	7.47	80860	4.91	002435	长江润发	SZ	7.4	4.87	
403	2012-10-09	7.47	7.87	7.45	7.78	162720	5.12	002435	长江润发	SZ	7.47	4.91	
402	2012-10-10	7.67	8.18	7.6	8.01	208828	5.27	002435	长江润发	SZ	7.78	5.12	
401	2012-10-11	7.91	7.92	7.21	7.22	187913	4.75	002435	长江润发	SZ	8.01	5.27	
400	2012-10-12	7.33	7.33	6.89	6.99	117438	4.6	002435	长江润发	SZ	7.22	4.75	
399	2012-10-15	6.99	7.09	6.94	7.07	58498	4.65	002435	长江润发	SZ	6.99	4.6	
398	2012-10-16	7.06	7.07	6.89	6.95	58220	4.57	002435	长江润发	SZ	7.07	4.65	
397	2012-10-17	6.97	7.12	6.91	7.07	53451	4.65	002435	长江润发	SZ	6.95	4.57	
396	2012-10-18	7.05	7.26	7.02	7.19	90509	4.73	002435	长江润发	SZ	7.07	4.65	
395	2012-10-19	7.14	7.19	7.05	7.09	58288	4.66	002435	长江润发	SZ	7.19	4.73	
394	2012-10-22	6.99	7.21	6.94	7.19	52094	4.73	002435	长江润发	SZ	7.09	4.66	
393	2012-10-23	7.17	7.27	6.95	6.95	71945	4.58	002435	长江润发	SZ	7.19	4.73	
392	2012-10-24	6.87	6.93	6.75	6.79	66335	4.47	002435	长江润发	SZ	6.95	4.58	
391	2012-10-25	6.85	6.85	6.75	6.77	35055	4.46	002435	长江润发	SZ	6.79	4.47	
390	2012-10-26	6.78	6.89	6.57	6.6	47010	4.34	002435	长江润发	SZ	6.77	4.46	
389	2012-10-29	6.59	6.71	6.51	6.59	37973	4.34	002435	长江润发	SZ	6.6	4.34	
388	2012-10-30	6.61	6.76	6.59	6.69	30266	4.41	002435	长江润发	SZ	6.59	4.34	
387	2012-10-31	6.71	6.77	6.62	6.66	31724	4.38	002435	长江润发	SZ	6.69	4.41	
386	2012-11-01	6.67	6.81	6.67	6.79	44028	4.47	002435	长江润发	SZ	6.66	4.38	
385	2012-11-02	6.79	6.85	6.71	6.78	33304	4.46	002435	长江润发	SZ	6.79	4.47	
384	2012-11-05	6.77	6.77	6.57	6.63	38214	4.36	002435	长江润发	SZ	6.78	4.46	
383	2012-11-06	6.65	6.93	6.57	6.83	85252	4.49	002435	长江润发	SZ	6.63	4.36	
382	2012-11-07	6.79	6.89	6.72	6.86	59676	4.51	002435	长江润发	SZ	6.83	4.49	
381	2012-11-08	6.72	6.75	6.39	6.4	57316	4.21	002435	长江润发	SZ	6.86	4.51	
380	2012-11-09	6.36	6.42	6.24	6.31	33007	4.16	002435	长江润发	SZ	6.4	4.21	
379	2012-11-12	6.33	6.41	6.33	6.37	18863	4.19	002435	长江润发	SZ	6.31	4.16	
378	2012-11-13	6.39	6.39	6.23	6.25	19137	4.11	002435	长江润发	SZ	6.37	4.19	
377	2012-11-14	6.25	6.39	6.25	6.37	19578	4.19	002435	长江润发	SZ	6.25	4.11	
376	2012-11-15	6.33	6.41	6.12	6.15	28700	4.05	002435	长江润发	SZ	6.37	4.19	
375	2012-11-16	6.21	6.23	6.11	6.17	16074	4.06	002435	长江润发	SZ	6.15	4.05	
374	2012-11-19	6.17	6.32	6.09	6.3	22215	4.15	002435	长江润发	SZ	6.17	4.06	
373	2012-11-20	6.27	6.35	6.21	6.27	19106	4.12	002435	长江润发	SZ	6.3	4.15	
372	2012-11-21	6.26	6.4	6.21	6.39	33495	4.2	002435	长江润发	SZ	6.27	4.12	
371	2012-11-22	6.45	6.46	6.21	6.21	31790	4.09	002435	长江润发	SZ	6.39	4.2	
370	2012-11-23	6.25	6.29	6.18	6.21	19233	4.09	002435	长江润发	SZ	6.21	4.09	
369	2012-11-26	6.21	6.21	6.09	6.09	16407	4.01	002435	长江润发	SZ	6.21	4.09	
368	2012-11-27	6.07	6.07	5.82	5.83	23819	3.84	002435	长江润发	SZ	6.09	4.01	
367	2012-11-28	5.82	5.9	5.75	5.89	21429	3.88	002435	长江润发	SZ	5.83	3.84	
366	2012-11-29	5.87	5.94	5.75	5.81	14496	3.83	002435	长江润发	SZ	5.89	3.88	
365	2012-11-30	5.76	5.93	5.75	5.89	20990	3.88	002435	长江润发	SZ	5.81	3.83	
364	2012-12-03	5.93	5.99	5.71	5.72	18775	3.76	002435	长江润发	SZ	5.89	3.88	
363	2012-12-04	5.6	5.97	5.53	5.93	46846	3.91	002435	长江润发	SZ	5.72	3.76	
362	2012-12-05	5.89	6.13	5.87	6.07	55459	3.99	002435	长江润发	SZ	5.93	3.91	
361	2012-12-06	6.11	6.23	6	6.07	42691	4	002435	长江润发	SZ	6.07	3.99	
360	2012-12-07	6.05	6.2	5.99	6.19	49273	4.08	002435	长江润发	SZ	6.07	4	
359	2012-12-10	6.23	6.36	6.15	6.31	71304	4.15	002435	长江润发	SZ	6.19	4.08	
358	2012-12-11	6.26	6.59	6.21	6.35	111791	4.18	002435	长江润发	SZ	6.31	4.15	
357	2012-12-12	6.29	6.37	6.13	6.24	55700	4.11	002435	长江润发	SZ	6.35	4.18	
356	2012-12-13	6.21	6.51	6.15	6.29	78579	4.14	002435	长江润发	SZ	6.24	4.11	
355	2012-12-14	6.22	6.57	6.15	6.49	82598	4.27	002435	长江润发	SZ	6.29	4.14	
354	2012-12-17	6.45	6.58	6.37	6.45	57532	4.25	002435	长江润发	SZ	6.49	4.27	
353	2012-12-18	6.41	6.55	6.3	6.33	50045	4.17	002435	长江润发	SZ	6.45	4.25	
352	2012-12-19	6.39	6.75	6.33	6.54	121132	4.3	002435	长江润发	SZ	6.33	4.17	
351	2012-12-20	6.47	6.48	6.25	6.4	76789	4.21	002435	长江润发	SZ	6.54	4.3	
350	2012-12-21	6.45	6.47	6.31	6.37	46354	4.19	002435	长江润发	SZ	6.4	4.21	
349	2012-12-24	6.35	6.47	6.27	6.41	39690	4.22	002435	长江润发	SZ	6.37	4.19	
348	2012-12-25	6.43	6.65	6.37	6.57	66784	4.33	002435	长江润发	SZ	6.41	4.22	
347	2012-12-26	6.57	6.79	6.54	6.71	75714	4.42	002435	长江润发	SZ	6.57	4.33	
346	2012-12-27	6.79	6.84	6.59	6.69	80864	4.41	002435	长江润发	SZ	6.71	4.42	
345	2012-12-28	6.67	6.76	6.59	6.76	54370	4.45	002435	长江润发	SZ	6.69	4.41	
344	2012-12-31	6.73	6.81	6.61	6.68	43130	4.4	002435	长江润发	SZ	6.76	4.45	
340	2013-01-04	6.71	6.71	6.55	6.57	38553	4.33	002435	长江润发	SZ	6.68	4.4	
339	2013-01-07	6.55	6.93	6.48	6.85	88193	4.51	002435	长江润发	SZ	6.57	4.33	
338	2013-01-08	6.84	7.05	6.73	7	107577	4.61	002435	长江润发	SZ	6.85	4.51	
337	2013-01-09	6.99	7.05	6.77	6.87	79494	4.52	002435	长江润发	SZ	7	4.61	
336	2013-01-10	6.85	6.9	6.72	6.83	58604	4.49	002435	长江润发	SZ	6.87	4.52	
335	2013-01-11	6.84	7.03	6.69	6.71	73461	4.42	002435	长江润发	SZ	6.83	4.49	
334	2013-01-14	6.67	7	6.67	6.97	75960	4.59	002435	长江润发	SZ	6.71	4.42	
333	2013-01-15	6.97	7.23	6.93	7.13	111943	4.69	002435	长江润发	SZ	6.97	4.59	
332	2013-01-16	7.11	7.46	7.01	7.25	130823	4.77	002435	长江润发	SZ	7.13	4.69	
331	2013-01-17	7.26	7.33	7.02	7.05	69524	4.64	002435	长江润发	SZ	7.25	4.77	
330	2013-01-18	7.27	7.57	7.12	7.38	119120	4.86	002435	长江润发	SZ	7.05	4.64	
329	2013-01-21	7.39	7.4	7.18	7.27	72520	4.78	002435	长江润发	SZ	7.38	4.86	
328	2013-01-22	7.17	7.23	6.93	6.98	57942	4.59	002435	长江润发	SZ	7.27	4.78	
327	2013-01-23	6.95	7.17	6.88	7.16	49360	4.71	002435	长江润发	SZ	6.98	4.59	
326	2013-01-24	7.17	7.17	6.68	6.77	57530	4.46	002435	长江润发	SZ	7.16	4.71	
325	2013-01-25	6.8	6.86	6.69	6.77	22724	4.46	002435	长江润发	SZ	6.77	4.46	
324	2013-01-28	6.77	7	6.77	6.98	32354	4.59	002435	长江润发	SZ	6.77	4.46	
323	2013-01-29	6.98	7.05	6.91	7.01	41089	4.61	002435	长江润发	SZ	6.98	4.59	
322	2013-01-30	7.03	7.17	6.91	7.15	61327	4.71	002435	长江润发	SZ	7.01	4.61	
321	2013-01-31	7.21	7.36	7.04	7.09	53044	4.67	002435	长江润发	SZ	7.15	4.71	
320	2013-02-01	7.03	7.09	6.88	6.97	35618	4.59	002435	长江润发	SZ	7.09	4.67	
319	2013-02-04	6.97	7.01	6.77	6.78	35589	4.46	002435	长江润发	SZ	6.97	4.59	
318	2013-02-05	6.73	6.93	6.73	6.93	21058	4.56	002435	长江润发	SZ	6.78	4.46	
317	2013-02-06	6.91	6.98	6.87	6.91	18270	4.55	002435	长江润发	SZ	6.93	4.56	
316	2013-02-07	6.95	6.95	6.79	6.86	21319	4.51	002435	长江润发	SZ	6.91	4.55	
315	2013-02-08	6.85	7.01	6.85	6.93	24718	4.56	002435	长江润发	SZ	6.86	4.51	
309	2013-02-18	6.95	7.07	6.87	7.07	36669	4.66	002435	长江润发	SZ	6.93	4.56	
308	2013-02-19	7.04	7.09	6.9	6.97	25111	4.59	002435	长江润发	SZ	7.07	4.66	
307	2013-02-20	6.97	7.26	6.93	7.21	54383	4.74	002435	长江润发	SZ	6.97	4.59	
306	2013-02-21	7.15	7.18	6.93	7.01	39953	4.62	002435	长江润发	SZ	7.21	4.74	
305	2013-02-22	7.02	7.2	6.97	7.04	27910	4.63	002435	长江润发	SZ	7.01	4.62	
304	2013-02-25	6.97	7.45	6.97	7.22	54801	4.75	002435	长江润发	SZ	7.04	4.63	
303	2013-02-26	7.15	7.64	7.1	7.56	151940	4.98	002435	长江润发	SZ	7.22	4.75	
302	2013-02-27	7.82	8.13	7.67	7.81	240235	5.14	002435	长江润发	SZ	7.56	4.98	
301	2013-02-28	7.68	7.81	7.57	7.8	128531	5.13	002435	长江润发	SZ	7.81	5.14	
300	2013-03-01	7.69	7.77	7.5	7.7	105874	5.07	002435	长江润发	SZ	7.8	5.13	
299	2013-03-04	7.57	7.57	7.19	7.21	81150	4.75	002435	长江润发	SZ	7.7	5.07	
298	2013-03-05	7.17	7.33	7.11	7.33	52587	4.82	002435	长江润发	SZ	7.21	4.75	
297	2013-03-06	7.3	7.44	7.25	7.41	49228	4.87	002435	长江润发	SZ	7.33	4.82	
296	2013-03-07	7.4	7.4	7.12	7.19	46208	4.73	002435	长江润发	SZ	7.41	4.87	
295	2013-03-08	7.19	7.34	7.13	7.23	30836	4.76	002435	长江润发	SZ	7.19	4.73	
294	2013-03-11	7.22	7.27	7.15	7.18	29336	4.73	002435	长江润发	SZ	7.23	4.76	
293	2013-03-12	7.08	7.21	6.68	6.83	45538	4.49	002435	长江润发	SZ	7.18	4.73	
292	2013-03-13	6.78	6.84	6.66	6.73	22728	4.43	002435	长江润发	SZ	6.83	4.49	
291	2013-03-14	6.77	6.81	6.72	6.75	19379	4.44	002435	长江润发	SZ	6.73	4.43	
290	2013-03-15	6.77	7.03	6.64	6.91	48524	4.55	002435	长江润发	SZ	6.75	4.44	
289	2013-03-18	6.93	7.16	6.91	6.99	63691	4.6	002435	长江润发	SZ	6.91	4.55	
288	2013-03-19	6.93	6.93	6.71	6.84	31429	4.5	002435	长江润发	SZ	6.99	4.6	
287	2013-03-20	6.84	7.29	6.8	7.24	72276	4.77	002435	长江润发	SZ	6.84	4.5	
286	2013-03-21	7.39	7.39	7.18	7.29	92427	4.8	002435	长江润发	SZ	7.24	4.77	
285	2013-03-22	7.21	7.37	7.13	7.32	55552	4.82	002435	长江润发	SZ	7.29	4.8	
284	2013-03-25	7.27	7.55	7.21	7.45	78313	4.9	002435	长江润发	SZ	7.32	4.82	
283	2013-03-26	7.51	7.57	7.25	7.39	70309	4.87	002435	长江润发	SZ	7.45	4.9	
282	2013-03-27	7.31	7.35	7.15	7.2	43793	4.74	002435	长江润发	SZ	7.39	4.87	
281	2013-03-28	7.14	7.14	6.78	6.78	42345	4.46	002435	长江润发	SZ	7.2	4.74	
280	2013-03-29	6.75	6.91	6.75	6.85	19308	4.51	002435	长江润发	SZ	6.78	4.46	
279	2013-04-01	6.87	6.99	6.85	6.95	18440	4.57	002435	长江润发	SZ	6.85	4.51	
278	2013-04-02	7.07	7.12	6.78	6.8	28935	4.48	002435	长江润发	SZ	6.95	4.57	
277	2013-04-03	6.81	6.85	6.73	6.77	18583	4.45	002435	长江润发	SZ	6.8	4.48	
274	2013-04-08	6.67	6.89	6.59	6.84	17970	4.5	002435	长江润发	SZ	6.77	4.45	
273	2013-04-09	6.83	6.95	6.81	6.92	14650	4.55	002435	长江润发	SZ	6.84	4.5	
272	2013-04-10	6.91	6.93	6.75	6.82	15781	4.49	002435	长江润发	SZ	6.92	4.55	
271	2013-04-11	6.84	6.95	6.83	6.89	17052	4.54	002435	长江润发	SZ	6.82	4.49	
270	2013-04-12	6.85	6.93	6.74	6.76	11231	4.45	002435	长江润发	SZ	6.89	4.54	
269	2013-04-15	6.92	6.99	6.85	6.94	27956	4.57	002435	长江润发	SZ	6.76	4.45	
268	2013-04-16	6.9	7.04	6.78	7.03	20543	4.62	002435	长江润发	SZ	6.94	4.57	
267	2013-04-17	7.05	7.18	6.93	7.15	33203	4.71	002435	长江润发	SZ	7.03	4.62	
266	2013-04-18	7.15	7.19	7.07	7.15	21828	4.71	002435	长江润发	SZ	7.15	4.71	
265	2013-04-19	7.15	7.35	7.15	7.29	45526	4.8	002435	长江润发	SZ	7.15	4.71	
264	2013-04-22	7.2	7.33	7.2	7.31	31851	4.81	002435	长江润发	SZ	7.29	4.8	
263	2013-04-23	7.3	7.33	6.94	6.98	34479	4.59	002435	长江润发	SZ	7.31	4.81	
262	2013-04-24	6.99	7.33	6.98	7.32	43874	4.82	002435	长江润发	SZ	6.98	4.59	
261	2013-04-25	7.31	7.5	7.25	7.38	58098	4.86	002435	长江润发	SZ	7.32	4.82	
260	2013-04-26	7.4	7.43	7.12	7.19	35155	4.73	002435	长江润发	SZ	7.38	4.86	
256	2013-05-02	7.17	7.42	7.1	7.42	33706	4.88	002435	长江润发	SZ	7.19	4.73	
255	2013-05-03	7.4	7.59	7.4	7.41	62788	4.88	002435	长江润发	SZ	7.42	4.88	
254	2013-05-06	7.43	7.65	7.39	7.56	45158	4.98	002435	长江润发	SZ	7.41	4.88	
253	2013-05-07	7.54	7.62	7.43	7.52	38255	4.95	002435	长江润发	SZ	7.56	4.98	
252	2013-05-08	7.53	7.63	7.4	7.6	46208	5	002435	长江润发	SZ	7.52	4.95	
251	2013-05-09	7.56	7.63	7.45	7.54	41978	4.96	002435	长江润发	SZ	7.6	5	
250	2013-05-10	7.53	7.75	7.47	7.7	52661	5.07	002435	长江润发	SZ	7.54	4.96	
249	2013-05-13	7.7	7.75	7.59	7.7	42038	5.07	002435	长江润发	SZ	7.7	5.07	
248	2013-05-14	7.7	7.7	7.49	7.52	36555	4.95	002435	长江润发	SZ	7.7	5.07	
247	2013-05-15	7.53	7.59	7.47	7.59	28020	4.99	002435	长江润发	SZ	7.52	4.95	
246	2013-05-16	7.6	7.83	7.53	7.71	58585	5.07	002435	长江润发	SZ	7.59	4.99	
245	2013-05-17	7.79	7.95	7.72	7.77	52847	5.11	002435	长江润发	SZ	7.71	5.07	
244	2013-05-20	7.77	7.98	7.75	7.95	46991	5.23	002435	长江润发	SZ	7.77	5.11	
243	2013-05-21	8.07	8.74	7.95	8.74	110034	5.75	002435	长江润发	SZ	7.95	5.23	
242	2013-05-22	8.77	8.86	8.41	8.53	151757	5.62	002435	长江润发	SZ	8.74	5.75	
241	2013-05-23	8.47	8.73	8.44	8.46	83543	5.57	002435	长江润发	SZ	8.53	5.62	
240	2013-05-24	8.42	8.63	8.42	8.56	53085	5.63	002435	长江润发	SZ	8.46	5.57	
239	2013-05-27	8.59	8.65	8.45	8.61	53446	5.67	002435	长江润发	SZ	8.56	5.63	
238	2013-05-28	8.64	8.64	8.21	8.35	56803	5.49	002435	长江润发	SZ	8.61	5.67	
237	2013-05-29	8.33	8.46	8.3	8.45	31675	5.56	002435	长江润发	SZ	8.35	5.49	
236	2013-05-30	8.43	8.58	8.3	8.46	35980	5.57	002435	长江润发	SZ	8.45	5.56	
235	2013-05-31	8.5	8.52	8.26	8.26	38497	5.44	002435	长江润发	SZ	8.46	5.57	
234	2013-06-03	8.25	8.29	8.1	8.15	28818	5.37	002435	长江润发	SZ	8.26	5.44	
233	2013-06-04	8.15	8.26	8.07	8.21	28139	5.4	002435	长江润发	SZ	8.15	5.37	
232	2013-06-05	8.21	8.26	8.07	8.2	22385	5.4	002435	长江润发	SZ	8.21	5.4	
231	2013-06-06	8.13	8.17	7.88	7.89	41557	5.19	002435	长江润发	SZ	8.2	5.4	
230	2013-06-07	7.89	7.96	7.68	7.71	20059	5.07	002435	长江润发	SZ	7.89	5.19	
226	2013-06-13	7.6	7.6	7.23	7.37	18814	4.85	002435	长江润发	SZ	7.71	5.07	
225	2013-06-14	7.45	7.59	7.39	7.55	19271	4.97	002435	长江润发	SZ	7.37	4.85	
224	2013-06-17	7.55	7.79	7.55	7.6	27458	5	002435	长江润发	SZ	7.55	4.97	
223	2013-06-18	7.66	7.74	7.55	7.71	19535	5.08	002435	长江润发	SZ	7.6	5	
222	2013-06-19	7.66	7.87	7.55	7.86	23549	5.17	002435	长江润发	SZ	7.71	5.08	
221	2013-06-20	7.85	7.95	7.67	7.67	31887	5.05	002435	长江润发	SZ	7.86	5.17	
220	2013-06-21	7.61	7.69	7.35	7.6	19591	5	002435	长江润发	SZ	7.67	5.05	
219	2013-06-24	7.6	7.63	6.99	7.14	19081	4.7	002435	长江润发	SZ	7.6	5	
218	2013-06-25	7.13	7.23	6.73	7.05	21131	4.64	002435	长江润发	SZ	7.14	4.7	
217	2013-06-26	7	7.17	6.92	7.08	13219	7.08	002435	长江润发	SZ	7.05	4.64	
216	2013-06-27	7.08	7.16	6.55	6.67	23569	6.67	002435	长江润发	SZ	7.08	7.08	
215	2013-06-28	6.67	6.78	6.2	6.42	23794	6.42	002435	长江润发	SZ	6.67	6.67	
214	2013-07-01	6.37	6.57	6.37	6.57	12643	6.57	002435	长江润发	SZ	6.42	6.42	
213	2013-07-02	6.59	6.7	6.47	6.68	17329	6.68	002435	长江润发	SZ	6.57	6.57	
212	2013-07-03	6.66	6.66	6.47	6.57	13461	6.57	002435	长江润发	SZ	6.68	6.68	
211	2013-07-04	6.56	6.81	6.48	6.76	30528	6.76	002435	长江润发	SZ	6.57	6.57	
210	2013-07-05	6.76	6.79	6.62	6.63	13093	6.63	002435	长江润发	SZ	6.76	6.76	
209	2013-07-08	6.53	6.53	6.31	6.31	13579	6.31	002435	长江润发	SZ	6.63	6.63	
208	2013-07-09	6.31	6.53	6.31	6.41	11611	6.41	002435	长江润发	SZ	6.31	6.31	
207	2013-07-10	6.39	6.59	6.31	6.59	13630	6.59	002435	长江润发	SZ	6.41	6.41	
206	2013-07-11	6.53	6.89	6.53	6.79	24624	6.79	002435	长江润发	SZ	6.59	6.59	
205	2013-07-12	6.79	6.88	6.69	6.79	19036	6.79	002435	长江润发	SZ	6.79	6.79	
204	2013-07-15	6.78	7.05	6.7	6.98	18938	6.98	002435	长江润发	SZ	6.79	6.79	
203	2013-07-16	6.93	6.99	6.85	6.95	14678	6.95	002435	长江润发	SZ	6.98	6.98	
202	2013-07-17	7.05	7.05	6.71	6.76	18424	6.76	002435	长江润发	SZ	6.95	6.95	
201	2013-07-18	6.76	6.87	6.6	6.77	16488	6.77	002435	长江润发	SZ	6.76	6.76	
200	2013-07-19	6.75	7.13	6.74	6.9	33999	6.9	002435	长江润发	SZ	6.77	6.77	
199	2013-07-22	6.89	7.17	6.8	7.14	24261	7.14	002435	长江润发	SZ	6.9	6.9	
198	2013-07-23	7.1	7.56	7.1	7.46	44728	7.46	002435	长江润发	SZ	7.14	7.14	
197	2013-07-24	7.4	7.48	7.28	7.41	29003	7.41	002435	长江润发	SZ	7.46	7.46	
196	2013-07-25	7.37	7.7	7.36	7.43	31975	7.43	002435	长江润发	SZ	7.41	7.41	
195	2013-07-26	7.35	7.53	7.22	7.43	21099	7.43	002435	长江润发	SZ	7.43	7.43	
194	2013-07-29	7.36	7.97	7.24	7.84	57046	7.84	002435	长江润发	SZ	7.43	7.43	
193	2013-07-30	7.79	8.58	7.54	8.32	107229	8.32	002435	长江润发	SZ	7.84	7.84	
192	2013-07-31	8.25	8.57	8.1	8.35	104868	8.35	002435	长江润发	SZ	8.32	8.32	
191	2013-08-01	8.26	8.45	8.13	8.4	65001	8.4	002435	长江润发	SZ	8.35	8.35	
190	2013-08-02	8.3	8.72	8.27	8.52	89732	8.52	002435	长江润发	SZ	8.4	8.4	
189	2013-08-05	8.48	8.55	8.23	8.49	66391	8.49	002435	长江润发	SZ	8.52	8.52	
188	2013-08-06	8.51	8.87	8.37	8.79	103225	8.79	002435	长江润发	SZ	8.49	8.49	
187	2013-08-07	8.7	8.76	8.47	8.56	59991	8.56	002435	长江润发	SZ	8.79	8.79	
186	2013-08-08	8.52	9	8.43	8.92	88213	8.92	002435	长江润发	SZ	8.56	8.56	
185	2013-08-09	8.88	9.16	8.76	8.96	72300	8.96	002435	长江润发	SZ	8.92	8.92	
184	2013-08-12	8.96	9.02	8.68	8.87	50115	8.87	002435	长江润发	SZ	8.96	8.96	
183	2013-08-13	8.81	8.87	8.52	8.55	57360	8.55	002435	长江润发	SZ	8.87	8.87	
182	2013-08-14	8.53	8.7	8.47	8.48	42620	8.48	002435	长江润发	SZ	8.55	8.55	
181	2013-08-15	8.53	8.57	8.34	8.49	32760	8.49	002435	长江润发	SZ	8.48	8.48	
180	2013-08-16	8.5	8.7	8.23	8.23	44787	8.23	002435	长江润发	SZ	8.49	8.49	
179	2013-08-19	8.11	8.43	8.02	8.4	29381	8.4	002435	长江润发	SZ	8.23	8.23	
178	2013-08-20	8.47	8.63	8.38	8.52	30417	8.52	002435	长江润发	SZ	8.4	8.4	
177	2013-08-21	8.48	8.84	8.43	8.79	38024	8.79	002435	长江润发	SZ	8.52	8.52	
176	2013-08-22	8.71	8.87	8.65	8.69	27603	8.69	002435	长江润发	SZ	8.79	8.79	
175	2013-08-23	8.71	9.15	8.66	9.03	81723	9.03	002435	长江润发	SZ	8.69	8.69	
174	2013-08-26	9.02	9.12	8.96	9.04	45645	9.04	002435	长江润发	SZ	9.03	9.03	
173	2013-08-27	9.01	9.28	8.95	9.16	39741	9.16	002435	长江润发	SZ	9.04	9.04	
172	2013-08-28	9.17	9.22	9.01	9.15	49748	9.15	002435	长江润发	SZ	9.16	9.16	
171	2013-08-29	9.1	9.1	8.38	8.85	103722	8.85	002435	长江润发	SZ	9.15	9.15	
170	2013-08-30	8.73	8.88	8.45	8.5	41302	8.5	002435	长江润发	SZ	8.85	8.85	
169	2013-09-02	8.42	8.67	8.3	8.58	21704	8.58	002435	长江润发	SZ	8.5	8.5	
168	2013-09-03	8.6	8.74	8.49	8.68	23406	8.68	002435	长江润发	SZ	8.58	8.58	
167	2013-09-04	8.68	8.72	8.49	8.5	17564	8.5	002435	长江润发	SZ	8.68	8.68	
166	2013-09-05	8.57	8.66	8.32	8.54	33691	8.54	002435	长江润发	SZ	8.5	8.5	
165	2013-09-06	8.53	8.55	8.37	8.42	14426	8.42	002435	长江润发	SZ	8.54	8.54	
164	2013-09-09	8.36	8.43	8.26	8.35	24716	8.35	002435	长江润发	SZ	8.42	8.42	
163	2013-09-10	8.32	8.42	8.29	8.42	25305	8.42	002435	长江润发	SZ	8.35	8.35	
162	2013-09-11	8.45	8.45	8.22	8.31	19083	8.31	002435	长江润发	SZ	8.42	8.42	
161	2013-09-12	8.22	8.44	8.22	8.33	13675	8.33	002435	长江润发	SZ	8.31	8.31	
160	2013-09-13	8.33	8.36	8.25	8.3	12294	8.3	002435	长江润发	SZ	8.33	8.33	
159	2013-09-16	8.32	8.92	8.32	8.9	54713	8.9	002435	长江润发	SZ	8.3	8.3	
158	2013-09-17	8.95	9.09	8.8	8.84	53379	8.84	002435	长江润发	SZ	8.9	8.9	
157	2013-09-18	8.81	9.08	8.58	8.59	42229	8.59	002435	长江润发	SZ	8.84	8.84	
155	2013-09-23	8.56	8.79	8.55	8.65	23798	8.65	002435	长江润发	SZ	8.59	8.59	
154	2013-09-24	8.6	8.89	8.6	8.85	24685	8.85	002435	长江润发	SZ	8.65	8.65	
153	2013-09-25	8.83	9.04	8.71	8.82	29466	8.82	002435	长江润发	SZ	8.85	8.85	
152	2013-09-26	8.71	8.81	8.32	8.37	29095	8.37	002435	长江润发	SZ	8.82	8.82	
151	2013-09-27	8.37	8.52	8.33	8.36	9746	8.36	002435	长江润发	SZ	8.37	8.37	
150	2013-09-30	8.37	8.47	8.37	8.46	11269	8.46	002435	长江润发	SZ	8.36	8.36	
144	2013-10-08	8.46	8.83	8.46	8.81	23679	8.81	002435	长江润发	SZ	8.46	8.46	
143	2013-10-09	8.77	9	8.71	9	32416	9	002435	长江润发	SZ	8.81	8.81	
142	2013-10-10	9	9.01	8.82	8.95	21768	8.95	002435	长江润发	SZ	9	9	
141	2013-10-11	9.02	9.14	8.89	9.02	28979	9.02	002435	长江润发	SZ	8.95	8.95	
140	2013-10-14	9.03	9.25	8.94	9.18	46292	9.18	002435	长江润发	SZ	9.02	9.02	
139	2013-10-15	9.18	9.2	8.97	9.11	22192	9.11	002435	长江润发	SZ	9.18	9.18	
138	2013-10-16	9.15	9.15	8.67	8.79	22076	8.79	002435	长江润发	SZ	9.11	9.11	
137	2013-10-17	8.77	8.89	8.64	8.71	14154	8.71	002435	长江润发	SZ	8.79	8.79	
136	2013-10-18	8.73	9.43	8.65	9.28	55283	9.28	002435	长江润发	SZ	8.71	8.71	
135	2013-10-21	9.25	9.72	9.2	9.59	56716	9.59	002435	长江润发	SZ	9.28	9.28	
134	2013-10-22	9.59	9.59	9.34	9.55	34793	9.55	002435	长江润发	SZ	9.59	9.59	
133	2013-10-23	9.54	9.94	9.43	9.62	86876	9.62	002435	长江润发	SZ	9.55	9.55	
132	2013-10-24	9.58	9.68	9.31	9.37	31145	9.37	002435	长江润发	SZ	9.62	9.62	
131	2013-10-25	9.37	9.44	9.05	9.17	33795	9.17	002435	长江润发	SZ	9.37	9.37	
130	2013-10-28	9.1	9.35	9.03	9.34	20048	9.34	002435	长江润发	SZ	9.17	9.17	
129	2013-10-29	9.37	9.4	8.41	8.41	61964	8.41	002435	长江润发	SZ	9.34	9.34	
128	2013-10-30	8.35	8.62	7.99	8.53	42148	8.53	002435	长江润发	SZ	8.41	8.41	
127	2013-10-31	8.46	8.46	8.15	8.24	21635	8.24	002435	长江润发	SZ	8.53	8.53	
126	2013-11-01	8.23	8.43	8.17	8.34	10286	8.34	002435	长江润发	SZ	8.24	8.24	
125	2013-11-04	8.3	8.48	8.22	8.3	14929	8.3	002435	长江润发	SZ	8.34	8.34	
124	2013-11-05	8.4	8.4	8.1	8.31	12203	8.31	002435	长江润发	SZ	8.3	8.3	
123	2013-11-06	8.32	8.45	8.27	8.3	11904	8.3	002435	长江润发	SZ	8.31	8.31	
122	2013-11-07	8.4	8.43	8.22	8.23	8482	8.23	002435	长江润发	SZ	8.3	8.3	
121	2013-11-08	8.2	8.25	7.69	7.9	27596	7.9	002435	长江润发	SZ	8.23	8.23	
120	2013-11-11	7.9	8	7.79	7.93	10007	7.93	002435	长江润发	SZ	7.9	7.9	
119	2013-11-12	7.85	7.99	7.78	7.93	15249	7.93	002435	长江润发	SZ	7.93	7.93	
118	2013-11-13	7.91	7.91	7.68	7.68	11227	7.68	002435	长江润发	SZ	7.93	7.93	
117	2013-11-14	7.72	7.83	7.61	7.82	10091	7.82	002435	长江润发	SZ	7.68	7.68	
116	2013-11-15	7.87	8.12	7.84	8.1	20041	8.1	002435	长江润发	SZ	7.82	7.82	
115	2013-11-18	8.14	8.34	8.14	8.26	22095	8.26	002435	长江润发	SZ	8.1	8.1	
114	2013-11-19	8.21	8.32	8.11	8.17	14904	8.17	002435	长江润发	SZ	8.26	8.26	
113	2013-11-20	8.17	8.28	8.1	8.2	10768	8.2	002435	长江润发	SZ	8.17	8.17	
112	2013-11-21	8.2	8.31	8.12	8.31	18619	8.31	002435	长江润发	SZ	8.2	8.2	
111	2013-11-22	8.36	8.36	8.15	8.19	13350	8.19	002435	长江润发	SZ	8.31	8.31	
110	2013-11-25	8.15	8.19	7.94	8	26436	8	002435	长江润发	SZ	8.19	8.19	
109	2013-11-26	8.01	8.07	7.92	8.02	10313	8.02	002435	长江润发	SZ	8	8	
108	2013-11-27	7.97	8.18	7.95	8.13	17783	8.13	002435	长江润发	SZ	8.02	8.02	
107	2013-11-28	8.12	8.33	8.1	8.16	27763	8.16	002435	长江润发	SZ	8.13	8.13	
106	2013-11-29	8.16	8.62	8.12	8.57	51516	8.57	002435	长江润发	SZ	8.16	8.16	
105	2013-12-02	8.29	8.38	7.82	7.9	45053	7.9	002435	长江润发	SZ	8.57	8.57	
104	2013-12-03	7.91	8.06	7.72	8.05	16352	8.05	002435	长江润发	SZ	7.9	7.9	
103	2013-12-04	8.01	8.24	8	8.15	18563	8.15	002435	长江润发	SZ	8.05	8.05	
102	2013-12-05	8.3	8.3	8.12	8.18	13327	8.18	002435	长江润发	SZ	8.15	8.15	
101	2013-12-06	8.19	8.23	8.15	8.18	12671	8.18	002435	长江润发	SZ	8.18	8.18	
100	2013-12-09	8.16	8.26	8.12	8.25	11097	8.25	002435	长江润发	SZ	8.18	8.18	
99	2013-12-10	8.26	8.3	8.18	8.24	11239	8.24	002435	长江润发	SZ	8.25	8.25	
98	2013-12-11	8.19	8.34	8.15	8.31	17283	8.31	002435	长江润发	SZ	8.24	8.24	
97	2013-12-12	8.29	8.58	8.25	8.48	27335	8.48	002435	长江润发	SZ	8.31	8.31	
96	2013-12-13	8.48	8.48	8.35	8.39	17460	8.39	002435	长江润发	SZ	8.48	8.48	
95	2013-12-16	8.38	8.45	8.2	8.27	11787	8.27	002435	长江润发	SZ	8.39	8.39	
94	2013-12-17	8.31	8.34	8.05	8.13	11014	8.13	002435	长江润发	SZ	8.27	8.27	
93	2013-12-18	8.15	8.18	8.02	8.13	8352	8.13	002435	长江润发	SZ	8.13	8.13	
92	2013-12-19	8.18	8.2	8	8.01	14301	8.01	002435	长江润发	SZ	8.13	8.13	
91	2013-12-20	8.02	8.07	7.86	7.89	10212	7.89	002435	长江润发	SZ	8.01	8.01	
90	2013-12-23	7.89	7.95	7.72	7.78	7351	7.78	002435	长江润发	SZ	7.89	7.89	
89	2013-12-24	7.88	7.97	7.8	7.95	5620	7.95	002435	长江润发	SZ	7.78	7.78	
88	2013-12-25	8.06	8.06	7.91	8.05	5837	8.05	002435	长江润发	SZ	7.95	7.95	
87	2013-12-26	8.05	8.06	7.88	7.88	5870	7.88	002435	长江润发	SZ	8.05	8.05	
86	2013-12-27	7.84	8.07	7.84	8.03	6140	8.03	002435	长江润发	SZ	7.88	7.88	
85	2013-12-30	8.08	8.16	8.03	8.04	7876	8.04	002435	长江润发	SZ	8.03	8.03	
84	2013-12-31	8.04	8.17	7.99	8.15	8470	8.15	002435	长江润发	SZ	8.04	8.04	
82	2014-01-02	8.1	8.24	8.1	8.2	8339	8.2	002435	长江润发	SZ	8.15	8.15	
81	2014-01-03	8.24	8.24	8.09	8.14	11901	8.14	002435	长江润发	SZ	8.2	8.2	
80	2014-01-06	8.12	8.12	7.83	7.85	10365	7.85	002435	长江润发	SZ	8.14	8.14	
79	2014-01-07	7.8	7.99	7.66	7.87	8137	7.87	002435	长江润发	SZ	7.85	7.85	
78	2014-01-08	7.81	7.95	7.81	7.92	6823	7.92	002435	长江润发	SZ	7.87	7.87	
77	2014-01-09	7.92	7.97	7.73	7.75	7111	7.75	002435	长江润发	SZ	7.92	7.92	
76	2014-01-10	7.7	7.79	7.48	7.56	11995	7.56	002435	长江润发	SZ	7.75	7.75	
75	2014-01-13	7.55	7.68	7.46	7.58	8216	7.58	002435	长江润发	SZ	7.56	7.56	
74	2014-01-14	7.53	7.73	7.53	7.71	4320	7.71	002435	长江润发	SZ	7.58	7.58	
73	2014-01-15	7.67	7.82	7.67	7.8	5565	7.8	002435	长江润发	SZ	7.71	7.71	
72	2014-01-16	7.79	7.84	7.74	7.81	6870	7.81	002435	长江润发	SZ	7.8	7.8	
71	2014-01-17	7.8	7.8	7.66	7.74	3434	7.74	002435	长江润发	SZ	7.81	7.81	
70	2014-01-20	7.67	7.79	7.6	7.6	5940	7.6	002435	长江润发	SZ	7.74	7.74	
69	2014-01-21	7.63	7.78	7.61	7.68	9799	7.68	002435	长江润发	SZ	7.6	7.6	
68	2014-01-22	7.68	7.95	7.65	7.95	13810	7.95	002435	长江润发	SZ	7.68	7.68	
67	2014-01-23	7.95	8.75	7.91	8.75	99948	8.75	002435	长江润发	SZ	7.95	7.95	
66	2014-01-24	8.8	9.15	8.53	8.98	131796	8.98	002435	长江润发	SZ	8.75	8.75	
65	2014-01-27	8.8	8.96	8.61	8.74	54058	8.74	002435	长江润发	SZ	8.98	8.98	
64	2014-01-28	8.65	8.77	8.61	8.72	32560	8.72	002435	长江润发	SZ	8.74	8.74	
63	2014-01-29	8.75	8.8	8.62	8.71	27172	8.71	002435	长江润发	SZ	8.72	8.72	
62	2014-01-30	8.72	8.72	8.35	8.36	36764	8.36	002435	长江润发	SZ	8.71	8.71	
57	2014-02-07	8.42	8.65	8.39	8.62	26043	8.62	002435	长江润发	SZ	8.36	8.36	
56	2014-02-10	8.6	8.9	8.56	8.82	46912	8.82	002435	长江润发	SZ	8.62	8.62	
55	2014-02-11	8.83	9.09	8.72	9.08	60528	9.08	002435	长江润发	SZ	8.82	8.82	
54	2014-02-12	9.1	9.14	8.91	9.08	47459	9.08	002435	长江润发	SZ	9.08	9.08	
53	2014-02-13	9.08	9.08	8.66	8.68	44287	8.68	002435	长江润发	SZ	9.08	9.08	
52	2014-02-14	8.66	8.87	8.6	8.87	27836	8.87	002435	长江润发	SZ	8.68	8.68	
51	2014-02-17	8.9	9.17	8.79	9.16	52681	9.16	002435	长江润发	SZ	8.87	8.87	
50	2014-02-18	9.17	9.32	9.05	9.12	55114	9.12	002435	长江润发	SZ	9.16	9.16	
49	2014-02-19	9.1	9.24	9.01	9.1	32882	9.1	002435	长江润发	SZ	9.12	9.12	
48	2014-02-20	9.08	9.15	8.9	9.05	37647	9.05	002435	长江润发	SZ	9.1	9.1	
47	2014-02-21	9.09	9.09	8.86	8.9	24698	8.9	002435	长江润发	SZ	9.05	9.05	
46	2014-02-24	8.86	8.88	8.63	8.77	20328	8.77	002435	长江润发	SZ	8.9	8.9	
45	2014-02-25	8.79	8.92	8.51	8.55	28222	8.55	002435	长江润发	SZ	8.77	8.77	
44	2014-02-26	8.54	8.79	8.4	8.79	16012	8.79	002435	长江润发	SZ	8.55	8.55	
43	2014-02-27	8.82	8.93	8.64	8.64	22564	8.64	002435	长江润发	SZ	8.79	8.79	
42	2014-02-28	8.62	8.77	8.45	8.76	11988	8.76	002435	长江润发	SZ	8.64	8.64	
41	2014-03-03	8.71	8.86	8.7	8.86	19183	8.86	002435	长江润发	SZ	8.76	8.76	
40	2014-03-04	8.82	8.98	8.77	8.96	22128	8.96	002435	长江润发	SZ	8.86	8.86	
39	2014-03-05	8.98	9	8.76	8.96	19886	8.96	002435	长江润发	SZ	8.96	8.96	
38	2014-03-06	8.91	8.95	8.78	8.9	17656	8.9	002435	长江润发	SZ	8.96	8.96	
37	2014-03-07	8.9	8.95	8.79	8.8	16940	8.8	002435	长江润发	SZ	8.9	8.9	
36	2014-03-10	8.75	8.75	8.32	8.45	15225	8.45	002435	长江润发	SZ	8.8	8.8	
35	2014-03-11	8.45	8.48	8.25	8.34	8463	8.34	002435	长江润发	SZ	8.45	8.45	
34	2014-03-12	8.26	8.38	8.04	8.3	8904	8.3	002435	长江润发	SZ	8.34	8.34	
33	2014-03-13	8.29	8.36	8.21	8.35	5911	8.35	002435	长江润发	SZ	8.3	8.3	
32	2014-03-14	8.32	8.36	8.25	8.31	6647	8.31	002435	长江润发	SZ	8.35	8.35	
31	2014-03-17	8.38	8.57	8.32	8.5	11917	8.5	002435	长江润发	SZ	8.31	8.31	
30	2014-03-18	8.53	8.62	8.45	8.53	9349	8.53	002435	长江润发	SZ	8.5	8.5	
29	2014-03-19	8.53	8.81	8.46	8.75	14576	8.75	002435	长江润发	SZ	8.53	8.53	
28	2014-03-20	8.69	8.73	8.41	8.43	11216	8.43	002435	长江润发	SZ	8.75	8.75	
27	2014-03-21	8.45	8.65	8.26	8.65	10941	8.65	002435	长江润发	SZ	8.43	8.43	
26	2014-03-24	8.63	8.85	8.61	8.83	19423	8.83	002435	长江润发	SZ	8.65	8.65	
25	2014-03-25	8.82	8.87	8.71	8.79	12606	8.79	002435	长江润发	SZ	8.83	8.83	
24	2014-03-26	8.8	8.88	8.71	8.85	9400	8.85	002435	长江润发	SZ	8.79	8.79	
23	2014-03-27	8.85	8.92	8.71	8.85	14193	8.85	002435	长江润发	SZ	8.85	8.85	
22	2014-03-28	8.8	8.83	8.5	8.52	12900	8.52	002435	长江润发	SZ	8.85	8.85	
21	2014-03-31	8.51	8.6	8.4	8.48	6633	8.48	002435	长江润发	SZ	8.52	8.52	
20	2014-04-01	8.42	8.75	8.4	8.75	12260	8.75	002435	长江润发	SZ	8.48	8.48	
19	2014-04-02	8.72	8.84	8.65	8.74	10881	8.74	002435	长江润发	SZ	8.75	8.75	
18	2014-04-03	8.75	8.89	8.69	8.8	9710	8.8	002435	长江润发	SZ	8.74	8.74	
17	2014-04-04	8.8	8.9	8.72	8.88	16689	8.88	002435	长江润发	SZ	8.8	8.8	
15	2014-04-08	8.88	8.99	8.79	8.9	17242	8.9	002435	长江润发	SZ	8.88	8.88	
14	2014-04-09	8.83	8.97	8.72	8.96	21168	8.96	002435	长江润发	SZ	8.9	8.9	
13	2014-04-10	8.94	9.04	8.84	8.94	20711	8.94	002435	长江润发	SZ	8.96	8.96	
12	2014-04-11	8.92	8.92	8.74	8.81	11655	8.81	002435	长江润发	SZ	8.94	8.94	
11	2014-04-14	8.74	8.89	8.7	8.89	10528	8.89	002435	长江润发	SZ	8.81	8.81	
10	2014-04-15	8.88	8.88	8.6	8.68	12325	8.68	002435	长江润发	SZ	8.89	8.89	
9	2014-04-16	8.7	8.72	8.61	8.65	8471	8.65	002435	长江润发	SZ	8.68	8.68	
8	2014-04-17	8.66	8.75	8.62	8.62	8114	8.62	002435	长江润发	SZ	8.65	8.65	
7	2014-04-18	8.57	8.66	8.56	8.59	8707	8.59	002435	长江润发	SZ	8.62	8.62	
6	2014-04-21	8.58	8.64	8.43	8.46	10874	8.46	002435	长江润发	SZ	8.59	8.59	
5	2014-04-22	8.42	8.52	8.22	8.43	12983	8.43	002435	长江润发	SZ	8.46	8.46	
4	2014-04-23	8.43	8.49	8.36	8.41	8240	8.41	002435	长江润发	SZ	8.43	8.43	
3	2014-04-24	8.41	8.43	8.28	8.28	7556	8.28	002435	长江润发	SZ	8.41	8.41	
2	2014-04-25	8.26	8.3	7.97	8	12166	8	002435	长江润发	SZ	8.28	8.28	
1	2014-04-28	7.99	7.99	7.59	7.6	13470	7.6	002435	长江润发	SZ	8	8	
0	2014-04-29	7.62	7.68	7.52	7.67	14379	7.67	002435	长江润发	SZ	7.6	7.6	
