31	2014-03-17	26.4	27.19	25.8	26.44	31225	26.44	002520	日发数码	SZ	26.5	26.5	
32	2014-03-14	25.55	26.66	24.67	26.5	31183	26.5	002520	日发数码	SZ	25.7	25.7	
33	2014-03-13	24.3	26.5	24.12	25.7	40359	25.7	002520	日发数码	SZ	24.3	24.3	
34	2014-03-12	24.9	24.9	23.4	24.3	32888	24.3	002520	日发数码	SZ	24.7	24.7	
35	2014-03-11	22.5	24.7	22.5	24.7	32202	24.7	002520	日发数码	SZ	22.47	22.47	
36	2014-03-10	22.53	23.38	22.01	22.47	14115	22.47	002520	日发数码	SZ	23.02	23.02	
37	2014-03-07	21.89	23.99	21.89	23.02	27583	23.02	002520	日发数码	SZ	21.89	21.89	
38	2014-03-06	21.36	21.89	21.18	21.89	18353	21.89	002520	日发数码	SZ	21.29	21.29	
39	2014-03-05	20.68	21.55	20.4	21.29	26533	21.29	002520	日发数码	SZ	20.87	20.87	
40	2014-03-04	21.62	21.62	20.4	20.87	24669	20.87	002520	日发数码	SZ	21.69	21.69	
41	2014-03-03	21.25	21.83	20.58	21.69	23237	21.69	002520	日发数码	SZ	21.2	21.2	
42	2014-02-28	21.76	21.77	20.18	21.2	27311	21.2	002520	日发数码	SZ	22.04	22.04	
43	2014-02-27	22.6	22.6	21.5	22.04	39404	22.04	002520	日发数码	SZ	21	21	
44	2014-02-26	21.81	21.81	20.01	21	37200	21	002520	日发数码	SZ	22.07	22.07	
45	2014-02-25	24.17	24.99	22.07	22.07	55481	22.07	002520	日发数码	SZ	24.52	24.52	
46	2014-02-24	23.01	24.96	23.01	24.52	39403	24.52	002520	日发数码	SZ	23.4	23.4	
47	2014-02-21	22.91	23.73	22	23.4	29559	23.4	002520	日发数码	SZ	22.8	22.8	
48	2014-02-20	23.35	24.2	22.51	22.8	27739	22.8	002520	日发数码	SZ	23.35	23.35	
49	2014-02-19	23.79	24.19	23	23.35	53037	23.35	002520	日发数码	SZ	23.64	23.64	
50	2014-02-18	21.51	23.64	21.3	23.64	72867	23.64	002520	日发数码	SZ	21.49	21.49	
51	2014-02-17	20.49	21.55	20.4	21.49	57537	21.49	002520	日发数码	SZ	20.29	20.29	
52	2014-02-14	20.21	20.4	19.85	20.29	15954	20.29	002520	日发数码	SZ	19.9	19.9	
53	2014-02-13	20.88	20.88	19.86	19.9	36281	19.9	002520	日发数码	SZ	20.97	20.97	
54	2014-02-12	20.55	21.17	20.2	20.97	45014	20.97	002520	日发数码	SZ	20.52	20.52	
55	2014-02-11	20.58	20.74	19.8	20.52	38263	20.52	002520	日发数码	SZ	20.51	20.51	
56	2014-02-10	20.25	20.99	19.85	20.51	38393	20.51	002520	日发数码	SZ	20.36	20.36	
57	2014-02-07	19.39	20.4	19.18	20.36	19856	20.36	002520	日发数码	SZ	19.7	19.7	
62	2014-01-30	20.24	20.48	19.41	19.7	26594	19.7	002520	日发数码	SZ	20.49	20.49	
63	2014-01-29	20.3	21	19.78	20.49	43488	20.49	002520	日发数码	SZ	20.55	20.55	
64	2014-01-28	21.18	21.18	20.15	20.55	34639	20.55	002520	日发数码	SZ	21.39	21.39	
65	2014-01-27	20.62	21.68	20.14	21.39	73918	21.39	002520	日发数码	SZ	20.6	20.6	
66	2014-01-24	18.89	20.77	18.01	20.6	74772	20.6	002520	日发数码	SZ	18.9	18.9	
67	2014-01-23	19	19.48	18.81	18.9	38000	18.9	002520	日发数码	SZ	19	19	
68	2014-01-22	18.6	19.46	18.5	19	57223	19	002520	日发数码	SZ	18.69	18.69	
69	2014-01-21	17.8	18.96	17.77	18.69	64810	18.69	002520	日发数码	SZ	18.29	18.29	
70	2014-01-20	20	20.09	18.29	18.29	90333	18.29	002520	日发数码	SZ	20.32	20.32	
71	2014-01-17	20.5	21.25	20.2	20.32	54846	20.32	002520	日发数码	SZ	20.5	20.5	
72	2014-01-16	20.61	21.8	20.32	20.5	61979	20.5	002520	日发数码	SZ	21.55	21.55	
73	2014-01-15	21.81	22.03	20.54	21.55	75182	21.55	002520	日发数码	SZ	22	22	
74	2014-01-14	21.99	22.24	21.1	22	65849	22	002520	日发数码	SZ	21.6	21.6	
75	2014-01-13	20.39	21.85	19.9	21.6	83208	21.6	002520	日发数码	SZ	20.39	20.39	
76	2014-01-10	19.29	20.5	19.29	20.39	48942	20.39	002520	日发数码	SZ	19.4	19.4	
77	2014-01-09	19.87	20.69	19.4	19.4	57629	19.4	002520	日发数码	SZ	19.86	19.86	
78	2014-01-08	18.5	20.44	18.5	19.86	86669	19.86	002520	日发数码	SZ	19.22	19.22	
79	2014-01-07	18.1	19.55	17.6	19.22	90378	19.22	002520	日发数码	SZ	17.83	17.83	
80	2014-01-06	17.52	18.1	16.8	17.83	54711	17.83	002520	日发数码	SZ	17.81	17.81	
81	2014-01-03	18.38	18.65	17.51	17.81	88935	17.81	002520	日发数码	SZ	18.33	18.33	
82	2014-01-02	16.76	18.33	16.76	18.33	100153	18.33	002520	日发数码	SZ	16.66	16.66	
84	2013-12-31	17.5	17.97	16.3	16.66	59497	16.66	002520	日发数码	SZ	18.08	18.08	
85	2013-12-30	18.26	19.16	17.92	18.08	85983	18.08	002520	日发数码	SZ	18.2	18.2	
86	2013-12-27	18	18.9	17.55	18.2	120510	18.2	002520	日发数码	SZ	18.03	18.03	
87	2013-12-26	16.11	18.03	16.11	18.03	100679	18.03	002520	日发数码	SZ	16.39	16.39	
88	2013-12-25	16.8	18	16.2	16.39	98367	16.39	002520	日发数码	SZ	16.75	16.75	
89	2013-12-24	15.9	16.94	15.8	16.75	97837	16.75	002520	日发数码	SZ	15.4	15.4	
90	2013-12-23	14.05	15.4	14.05	15.4	48852	15.4	002520	日发数码	SZ	14	14	
91	2013-12-20	14.45	14.55	13.8	14	22076	14	002520	日发数码	SZ	14.2	14.2	
92	2013-12-19	14.48	14.5	14.05	14.2	24259	14.2	002520	日发数码	SZ	14.05	14.05	
93	2013-12-18	14.21	14.52	13.8	14.05	23848	14.05	002520	日发数码	SZ	14.2	14.2	
94	2013-12-17	14.5	14.69	13.79	14.2	37404	14.2	002520	日发数码	SZ	14.53	14.53	
95	2013-12-16	14.71	14.79	14	14.53	33921	14.53	002520	日发数码	SZ	14.73	14.73	
96	2013-12-13	15.11	15.34	14.63	14.73	42829	14.73	002520	日发数码	SZ	15.05	15.05	
97	2013-12-12	13.7	15.05	13.68	15.05	74212	15.05	002520	日发数码	SZ	13.68	13.68	
98	2013-12-11	14.98	14.99	13.5	13.68	51203	13.68	002520	日发数码	SZ	15	15	
99	2013-12-10	14.8	15.26	14.55	15	34352	15	002520	日发数码	SZ	15.03	15.03	
100	2013-12-09	15.05	15.29	14.5	15.03	47271	15.03	002520	日发数码	SZ	15	15	
101	2013-12-06	13.94	15.3	13.65	15	84596	15	002520	日发数码	SZ	14.03	14.03	
102	2013-12-05	13.85	14.28	13.75	14.03	30304	14.03	002520	日发数码	SZ	13.98	13.98	
103	2013-12-04	13.87	14.56	13.65	13.98	35992	13.98	002520	日发数码	SZ	13.99	13.99	
104	2013-12-03	13.68	14.08	12.9	13.99	33328	13.99	002520	日发数码	SZ	13.6	13.6	
105	2013-12-02	13.5	14.45	13.05	13.6	60527	13.6	002520	日发数码	SZ	14.45	14.45	
106	2013-11-29	14.68	14.68	13.9	14.45	56888	14.45	002520	日发数码	SZ	14.18	14.18	
107	2013-11-28	13.4	14.45	13.4	14.18	66098	14.18	002520	日发数码	SZ	13.58	13.58	
108	2013-11-27	13.45	13.68	13.1	13.58	63913	13.58	002520	日发数码	SZ	13.45	13.45	
109	2013-11-26	13.08	13.57	12.75	13.45	80962	13.45	002520	日发数码	SZ	13.2	13.2	
110	2013-11-25	12.5	13.89	12.5	13.2	106166	13.2	002520	日发数码	SZ	12.63	12.63	
111	2013-11-22	11.3	12.63	11.06	12.63	75028	12.63	002520	日发数码	SZ	11.48	11.48	
112	2013-11-21	11.21	11.86	11.04	11.48	57904	11.48	002520	日发数码	SZ	11.24	11.24	
113	2013-11-20	10.4	11.25	10.37	11.24	43912	11.24	002520	日发数码	SZ	10.5	10.5	
114	2013-11-19	10.39	10.54	10.18	10.5	22415	10.5	002520	日发数码	SZ	10.39	10.39	
115	2013-11-18	10.26	10.65	10.26	10.39	32314	10.39	002520	日发数码	SZ	10.41	10.41	
116	2013-11-15	10.3	10.45	10.03	10.41	36415	10.41	002520	日发数码	SZ	10.22	10.22	
117	2013-11-14	9.85	10.3	9.85	10.22	31475	10.22	002520	日发数码	SZ	9.99	9.99	
118	2013-11-13	9.76	10.07	9.43	9.99	29450	9.99	002520	日发数码	SZ	9.8	9.8	
119	2013-11-12	9.45	10	9.31	9.8	25338	9.8	002520	日发数码	SZ	9.35	9.35	
120	2013-11-11	9.23	9.36	9.06	9.35	7506	9.35	002520	日发数码	SZ	9.06	9.06	
121	2013-11-08	9.34	9.34	9.06	9.06	6562	9.06	002520	日发数码	SZ	9.27	9.27	
122	2013-11-07	9.2	9.37	9.2	9.27	8247	9.27	002520	日发数码	SZ	9.27	9.27	
123	2013-11-06	9.45	9.52	9.21	9.27	9106	9.27	002520	日发数码	SZ	9.44	9.44	
124	2013-11-05	9.28	9.47	9.12	9.44	11575	9.44	002520	日发数码	SZ	9.29	9.29	
125	2013-11-04	9.2	9.3	9.11	9.29	6794	9.29	002520	日发数码	SZ	9.19	9.19	
126	2013-11-01	9.35	9.36	9	9.19	18930	9.19	002520	日发数码	SZ	9.31	9.31	
127	2013-10-31	9.58	9.58	9.25	9.31	8023	9.31	002520	日发数码	SZ	9.59	9.59	
128	2013-10-30	9.5	9.66	9.19	9.59	15716	9.59	002520	日发数码	SZ	9.52	9.52	
129	2013-10-29	10	10.18	9.11	9.52	18795	9.52	002520	日发数码	SZ	10.1	10.1	
130	2013-10-28	10.59	10.59	10	10.1	23900	10.1	002520	日发数码	SZ	10.69	10.69	
131	2013-10-25	10.95	11.09	10.16	10.69	38172	10.69	002520	日发数码	SZ	11.02	11.02	
132	2013-10-24	10.85	11.31	10.36	11.02	30316	11.02	002520	日发数码	SZ	10.71	10.71	
133	2013-10-23	10.96	10.99	10.51	10.71	25911	10.71	002520	日发数码	SZ	10.89	10.89	
134	2013-10-22	10.64	11.3	10.64	10.89	52982	10.89	002520	日发数码	SZ	10.63	10.63	
135	2013-10-21	10.48	10.85	10.24	10.63	37727	10.63	002520	日发数码	SZ	10.49	10.49	
136	2013-10-18	9.98	11.01	9.89	10.49	100337	10.49	002520	日发数码	SZ	10.01	10.01	
137	2013-10-17	9.62	10.15	9.62	10.01	33999	10.01	002520	日发数码	SZ	9.6	9.6	
138	2013-10-16	9.91	9.91	9.59	9.6	18802	9.6	002520	日发数码	SZ	9.92	9.92	
139	2013-10-15	9.95	9.99	9.7	9.92	23356	9.92	002520	日发数码	SZ	9.91	9.91	
140	2013-10-14	9.83	10.13	9.83	9.91	26544	9.91	002520	日发数码	SZ	9.89	9.89	
141	2013-10-11	9.86	10.03	9.73	9.89	28019	9.89	002520	日发数码	SZ	9.82	9.82	
142	2013-10-10	10.17	10.17	9.77	9.82	45903	9.82	002520	日发数码	SZ	10.11	10.11	
143	2013-10-09	9.18	10.11	9.11	10.11	78065	10.11	002520	日发数码	SZ	9.19	9.19	
144	2013-10-08	9.09	9.19	9.05	9.19	9147	9.19	002520	日发数码	SZ	9.09	9.09	
150	2013-09-30	9.1	9.18	9.01	9.09	6130	9.09	002520	日发数码	SZ	9.1	9.1	
151	2013-09-27	9.05	9.2	9.02	9.1	8067	9.1	002520	日发数码	SZ	9.05	9.05	
152	2013-09-26	9.15	9.17	9.05	9.05	9876	9.05	002520	日发数码	SZ	9.16	9.16	
153	2013-09-25	9.16	9.24	9.09	9.16	12715	9.16	002520	日发数码	SZ	9.22	9.22	
154	2013-09-24	9.25	9.28	9.11	9.22	11733	9.22	002520	日发数码	SZ	9.26	9.26	
155	2013-09-23	9.28	9.29	9.16	9.26	11870	9.26	002520	日发数码	SZ	9.18	9.18	
157	2013-09-18	9.11	9.2	9.01	9.18	8690	9.18	002520	日发数码	SZ	9.11	9.11	
158	2013-09-17	9.34	9.38	9.09	9.11	12408	9.11	002520	日发数码	SZ	9.33	9.33	
159	2013-09-16	9.31	9.51	9.3	9.33	19197	9.33	002520	日发数码	SZ	9.31	9.31	
160	2013-09-13	9.14	9.35	9.14	9.31	13956	9.31	002520	日发数码	SZ	9.17	9.17	
161	2013-09-12	9.06	9.4	9.06	9.17	14009	9.17	002520	日发数码	SZ	9.17	9.17	
162	2013-09-11	9.34	9.4	9.09	9.17	19155	9.17	002520	日发数码	SZ	9.29	9.29	
163	2013-09-10	9.35	9.4	9.22	9.29	19130	9.29	002520	日发数码	SZ	9.37	9.37	
164	2013-09-09	9.21	9.51	9.14	9.37	25185	9.37	002520	日发数码	SZ	9.16	9.16	
165	2013-09-06	9.26	9.26	9.09	9.16	10124	9.16	002520	日发数码	SZ	9.16	9.16	
166	2013-09-05	9.5	9.5	9.1	9.16	16035	9.16	002520	日发数码	SZ	9.04	9.04	
167	2013-09-04	9.25	9.3	9.01	9.04	21487	9.04	002520	日发数码	SZ	9.27	9.27	
168	2013-09-03	9.15	9.33	9.03	9.27	13624	9.27	002520	日发数码	SZ	9.14	9.14	
169	2013-09-02	9.51	9.65	9.07	9.14	23556	9.14	002520	日发数码	SZ	9.46	9.46	
170	2013-08-30	9.45	9.75	9.38	9.46	24520	9.46	002520	日发数码	SZ	9.45	9.45	
171	2013-08-29	9.6	9.6	9.4	9.45	11665	9.45	002520	日发数码	SZ	9.5	9.5	
172	2013-08-28	9.54	9.58	9.39	9.5	14725	9.5	002520	日发数码	SZ	9.59	9.59	
173	2013-08-27	9.51	9.59	9.4	9.59	19681	9.59	002520	日发数码	SZ	9.58	9.58	
174	2013-08-26	9.45	9.6	9.4	9.58	18686	9.58	002520	日发数码	SZ	9.5	9.5	
175	2013-08-23	9.67	9.86	9.38	9.5	23880	9.5	002520	日发数码	SZ	9.79	9.79	
176	2013-08-22	10.08	10.08	9.71	9.79	19635	9.79	002520	日发数码	SZ	9.78	9.78	
177	2013-08-21	9.69	9.78	9.51	9.78	12239	9.78	002520	日发数码	SZ	9.6	9.6	
178	2013-08-20	9.8	9.81	9.51	9.6	13500	9.6	002520	日发数码	SZ	9.63	9.63	
179	2013-08-19	9.37	9.99	9.3	9.63	13878	9.63	002520	日发数码	SZ	9.4	9.4	
180	2013-08-16	9.97	9.97	9.4	9.4	22162	9.4	002520	日发数码	SZ	9.77	9.77	
181	2013-08-15	9.82	9.98	9.74	9.77	15642	9.77	002520	日发数码	SZ	9.8	9.8	
182	2013-08-14	9.98	10.09	9.76	9.8	24294	9.8	002520	日发数码	SZ	10	10	
183	2013-08-13	9.74	10.03	9.56	10	28257	10	002520	日发数码	SZ	9.73	9.73	
184	2013-08-12	9.79	9.95	9.57	9.73	27642	9.73	002520	日发数码	SZ	9.78	9.78	
185	2013-08-09	10.06	10.14	9.66	9.78	27409	9.78	002520	日发数码	SZ	10.02	10.02	
186	2013-08-08	10.02	10.25	9.95	10.02	18598	10.02	002520	日发数码	SZ	10.05	10.05	
187	2013-08-07	10.35	10.35	10.02	10.05	33215	10.05	002520	日发数码	SZ	10.36	10.36	
188	2013-08-06	10.3	10.46	10.2	10.36	37881	10.36	002520	日发数码	SZ	10.24	10.24	
189	2013-08-05	9.9	10.39	9.8	10.24	40727	10.24	002520	日发数码	SZ	9.93	9.93	
190	2013-08-02	10.05	10.38	9.9	9.93	30993	9.93	002520	日发数码	SZ	10.09	10.09	
191	2013-08-01	9.67	10.13	9.66	10.09	32726	10.09	002520	日发数码	SZ	9.67	9.67	
192	2013-07-31	9.76	10.07	9.5	9.67	28720	9.67	002520	日发数码	SZ	9.75	9.75	
193	2013-07-30	10.1	10.33	9.73	9.75	41412	9.75	002520	日发数码	SZ	10.19	10.19	
194	2013-07-29	10.57	10.83	10.12	10.19	53591	10.19	002520	日发数码	SZ	10.65	10.65	
195	2013-07-26	9.97	10.65	9.97	10.65	51560	10.65	002520	日发数码	SZ	9.98	9.98	
196	2013-07-25	10.69	10.75	9.92	9.98	58016	9.98	002520	日发数码	SZ	10.68	10.68	
197	2013-07-24	10.55	10.82	10.31	10.68	74357	10.68	002520	日发数码	SZ	10.64	10.64	
198	2013-07-23	10.76	10.87	10.28	10.64	131396	10.64	002520	日发数码	SZ	10.48	10.48	
199	2013-07-22	9.4	10.48	9.35	10.48	103722	10.48	002520	日发数码	SZ	9.53	9.53	
200	2013-07-19	10.03	10.21	9.5	9.53	68784	9.53	002520	日发数码	SZ	10.03	10.03	
201	2013-07-18	10	10.48	9.83	10.03	95014	10.03	002520	日发数码	SZ	10.14	10.14	
202	2013-07-17	9.7	10.2	9.55	10.14	117833	10.14	002520	日发数码	SZ	9.46	9.46	
203	2013-07-16	8.59	9.46	8.58	9.46	65109	9.46	002520	日发数码	SZ	8.6	8.6	
204	2013-07-15	8.58	8.8	8.34	8.6	61165	8.6	002520	日发数码	SZ	8.9	8.9	
205	2013-07-12	9.16	9.38	8.9	8.9	40577	8.9	002520	日发数码	SZ	9.18	9.18	
206	2013-07-11	9.16	9.38	9.01	9.18	46855	9.18	002520	日发数码	SZ	9.16	9.16	
207	2013-07-10	8.98	9.17	8.83	9.16	39354	9.16	002520	日发数码	SZ	8.97	8.97	
208	2013-07-09	8.74	9.06	8.74	8.97	27699	8.97	002520	日发数码	SZ	8.89	8.89	
209	2013-07-08	8.9	9.05	8.76	8.89	37758	8.89	002520	日发数码	SZ	9.24	9.24	
210	2013-07-05	9.53	9.77	9.2	9.24	58147	9.24	002520	日发数码	SZ	9.6	9.6	
211	2013-07-04	9.7	10.18	9.56	9.6	67856	9.6	002520	日发数码	SZ	9.81	9.81	
212	2013-07-03	9.85	9.88	9.36	9.81	71783	9.81	002520	日发数码	SZ	9.94	9.94	
213	2013-07-02	10	10.17	9.76	9.94	81939	9.94	002520	日发数码	SZ	10.08	10.08	
214	2013-07-01	9.62	10.19	9.45	10.08	114718	10.08	002520	日发数码	SZ	9.7	9.7	
215	2013-06-28	8.8	9.89	8.57	9.7	119886	9.7	002520	日发数码	SZ	8.99	8.99	
216	2013-06-27	9.3	9.38	8.95	8.99	77366	8.99	002520	日发数码	SZ	9.38	9.38	
217	2013-06-26	8.81	9.54	8.53	9.38	112231	9.38	002520	日发数码	SZ	9	9	
218	2013-06-25	8.5	9.1	7.9	9	119946	9	002520	日发数码	SZ	8.45	8.45	
219	2013-06-24	7.78	8.45	7.59	8.45	75113	8.45	002520	日发数码	SZ	7.68	7.68	
220	2013-06-21	7.86	7.88	7.49	7.68	11846	7.68	002520	日发数码	SZ	7.83	7.83	
221	2013-06-20	8.28	8.3	7.82	7.83	19003	7.83	002520	日发数码	SZ	8.3	8.3	
222	2013-06-19	8.31	8.72	8.24	8.3	47037	8.3	002520	日发数码	SZ	8.31	8.31	
223	2013-06-18	7.55	8.31	7.4	8.31	29734	8.31	002520	日发数码	SZ	7.55	7.55	
224	2013-06-17	7.65	7.7	7.54	7.55	8216	7.55	002520	日发数码	SZ	7.65	7.65	
225	2013-06-14	7.5	7.65	7.5	7.65	6859	7.65	002520	日发数码	SZ	7.48	7.48	
226	2013-06-13	7.93	7.93	7.37	7.48	9960	7.48	002520	日发数码	SZ	7.93	7.93	
230	2013-06-07	8.19	8.28	7.92	7.93	9881	7.93	002520	日发数码	SZ	8.18	8.18	
231	2013-06-06	8.32	8.37	8.17	8.18	8591	8.18	002520	日发数码	SZ	8.32	8.32	
232	2013-06-05	8.31	8.43	8.27	8.32	7580	8.32	002520	日发数码	SZ	8.3	8.3	
233	2013-06-04	8.49	8.49	8.28	8.3	12669	8.3	002520	日发数码	SZ	8.47	8.47	
234	2013-06-03	8.62	8.63	8.46	8.47	14443	8.47	002520	日发数码	SZ	8.57	8.57	
235	2013-05-31	8.82	8.82	8.55	8.57	21155	8.57	002520	日发数码	SZ	8.75	8.75	
236	2013-05-30	8.67	8.86	8.65	8.75	28371	8.75	002520	日发数码	SZ	8.62	8.62	
237	2013-05-29	8.55	8.62	8.54	8.62	13787	8.62	002520	日发数码	SZ	8.54	8.54	
238	2013-05-28	8.61	8.67	8.45	8.54	15762	8.54	002520	日发数码	SZ	8.61	8.61	
239	2013-05-27	8.65	8.65	8.49	8.61	22605	8.61	002520	日发数码	SZ	8.64	8.64	
240	2013-05-24	8.42	8.66	8.36	8.64	16194	8.64	002520	日发数码	SZ	8.42	8.42	
241	2013-05-23	8.61	8.63	8.35	8.42	23208	8.42	002520	日发数码	SZ	8.61	8.61	
242	2013-05-22	8.7	8.88	8.59	8.61	26106	8.61	002520	日发数码	SZ	8.73	8.73	
243	2013-05-21	8.8	8.8	8.62	8.73	21772	8.73	002520	日发数码	SZ	8.75	8.75	
244	2013-05-20	8.48	8.78	8.46	8.75	32436	8.75	002520	日发数码	SZ	8.49	8.49	
245	2013-05-17	8.33	8.51	8.22	8.49	24653	8.49	002520	日发数码	SZ	8.36	8.36	
246	2013-05-16	8.32	8.4	8.2	8.36	21156	8.36	002520	日发数码	SZ	8.35	8.35	
247	2013-05-15	8.35	8.46	8.16	8.35	30155	8.35	002520	日发数码	SZ	8.47	8.47	
248	2013-05-14	8.8	8.8	8.28	8.47	37459	8.47	002520	日发数码	SZ	9.56	5.89	
249	2013-05-13	9.25	9.63	9.25	9.56	56404	5.89	002520	日发数码	SZ	9.23	5.69	
250	2013-05-10	9.2	9.25	9.11	9.23	27179	5.69	002520	日发数码	SZ	9.19	5.66	
251	2013-05-09	9.03	9.23	8.99	9.19	22269	5.66	002520	日发数码	SZ	9.07	5.59	
252	2013-05-08	8.92	9.4	8.92	9.07	34855	5.59	002520	日发数码	SZ	8.8	5.42	
253	2013-05-07	8.75	8.83	8.69	8.8	9257	5.42	002520	日发数码	SZ	8.74	5.39	
254	2013-05-06	8.45	8.74	8.45	8.74	13365	5.39	002520	日发数码	SZ	8.55	5.27	
255	2013-05-03	8.35	8.61	8.29	8.55	8579	5.27	002520	日发数码	SZ	8.35	5.15	
256	2013-05-02	8.13	8.42	8.13	8.35	5756	5.15	002520	日发数码	SZ	8.43	5.19	
260	2013-04-26	8.43	8.51	8.37	8.43	6958	5.19	002520	日发数码	SZ	8.43	5.19	
261	2013-04-25	8.51	8.63	8.41	8.43	12619	5.19	002520	日发数码	SZ	8.51	5.24	
262	2013-04-24	8.37	8.53	8.33	8.51	8389	5.24	002520	日发数码	SZ	8.37	5.16	
263	2013-04-23	8.67	8.67	8.33	8.37	10372	5.16	002520	日发数码	SZ	8.63	5.32	
264	2013-04-22	8.57	8.63	8.48	8.63	9452	5.32	002520	日发数码	SZ	8.57	5.28	
265	2013-04-19	8.43	8.58	8.33	8.57	11577	5.28	002520	日发数码	SZ	8.37	5.16	
266	2013-04-18	8.37	8.46	8.35	8.37	4675	5.16	002520	日发数码	SZ	8.43	5.2	
267	2013-04-17	8.45	8.45	8.28	8.43	8569	5.2	002520	日发数码	SZ	8.39	5.17	
268	2013-04-16	8.23	8.4	8.21	8.39	6167	5.17	002520	日发数码	SZ	8.29	5.11	
269	2013-04-15	8.39	8.4	8.23	8.29	6052	5.11	002520	日发数码	SZ	8.43	5.2	
270	2013-04-12	8.59	8.59	8.43	8.43	7233	5.2	002520	日发数码	SZ	8.6	5.3	
271	2013-04-11	8.53	8.65	8.53	8.6	8919	5.3	002520	日发数码	SZ	8.55	5.27	
272	2013-04-10	8.64	8.69	8.49	8.55	10898	5.27	002520	日发数码	SZ	8.64	5.33	
273	2013-04-09	8.49	8.71	8.49	8.64	9997	5.33	002520	日发数码	SZ	8.49	5.24	
274	2013-04-08	8.5	8.5	8.22	8.49	13959	5.24	002520	日发数码	SZ	8.57	5.29	
277	2013-04-03	8.72	8.85	8.54	8.57	14798	5.29	002520	日发数码	SZ	8.8	5.42	
278	2013-04-02	9.11	9.13	8.77	8.8	20839	5.42	002520	日发数码	SZ	9.1	5.61	
279	2013-04-01	9.05	9.26	9.01	9.1	18305	5.61	002520	日发数码	SZ	9.04	5.57	
280	2013-03-29	8.9	9.19	8.89	9.04	22013	5.57	002520	日发数码	SZ	8.95	5.52	
281	2013-03-28	9.38	9.38	8.94	8.95	38344	5.52	002520	日发数码	SZ	9.41	5.8	
282	2013-03-27	9.43	9.68	9.38	9.41	45176	5.8	002520	日发数码	SZ	9.59	5.91	
283	2013-03-26	9.19	9.87	9.01	9.59	98121	5.91	002520	日发数码	SZ	8.97	5.53	
284	2013-03-25	8.74	9.05	8.74	8.97	28487	5.53	002520	日发数码	SZ	8.71	5.37	
285	2013-03-22	8.72	8.73	8.56	8.71	15203	5.37	002520	日发数码	SZ	8.73	5.38	
286	2013-03-21	8.45	8.79	8.45	8.73	17638	5.38	002520	日发数码	SZ	8.53	5.26	
287	2013-03-20	8.33	8.55	8.33	8.53	11909	5.26	002520	日发数码	SZ	8.33	5.13	
288	2013-03-19	8.73	8.75	8.25	8.33	24143	5.13	002520	日发数码	SZ	8.67	5.34	
289	2013-03-18	8.95	8.95	8.65	8.67	17236	5.34	002520	日发数码	SZ	8.95	5.52	
290	2013-03-15	8.85	9.1	8.54	8.95	28600	5.52	002520	日发数码	SZ	8.9	5.49	
291	2013-03-14	8.85	8.98	8.73	8.9	15671	5.49	002520	日发数码	SZ	8.95	5.52	
292	2013-03-13	8.75	8.99	8.49	8.95	26425	5.52	002520	日发数码	SZ	8.73	5.38	
293	2013-03-12	8.92	9.02	8.61	8.73	31719	5.38	002520	日发数码	SZ	9.04	5.57	
294	2013-03-11	8.97	9.32	8.97	9.04	68619	5.57	002520	日发数码	SZ	8.88	5.47	
295	2013-03-08	8.53	8.92	8.49	8.88	42967	5.47	002520	日发数码	SZ	8.53	5.26	
296	2013-03-07	8.73	8.75	8.45	8.53	17382	5.26	002520	日发数码	SZ	8.67	5.34	
297	2013-03-06	8.47	8.68	8.43	8.67	17405	5.34	002520	日发数码	SZ	8.48	5.23	
298	2013-03-05	8.43	8.51	8.29	8.48	8665	5.23	002520	日发数码	SZ	8.31	5.12	
299	2013-03-04	8.73	8.73	8.25	8.31	15224	5.12	002520	日发数码	SZ	8.72	5.38	
300	2013-03-01	8.59	8.72	8.53	8.72	15678	5.38	002520	日发数码	SZ	8.59	5.3	
301	2013-02-28	8.47	8.64	8.31	8.59	14996	5.3	002520	日发数码	SZ	8.55	5.27	
302	2013-02-27	8.53	8.7	8.45	8.55	13690	5.27	002520	日发数码	SZ	8.59	5.3	
303	2013-02-26	8.79	8.87	8.59	8.59	20071	5.3	002520	日发数码	SZ	8.83	5.45	
304	2013-02-25	9.06	9.06	8.77	8.83	32207	5.45	002520	日发数码	SZ	9.05	5.58	
305	2013-02-22	8.73	9.16	8.73	9.05	54528	5.58	002520	日发数码	SZ	8.79	5.42	
306	2013-02-21	8.86	8.86	8.57	8.79	23442	5.42	002520	日发数码	SZ	8.92	5.5	
307	2013-02-20	9	9	8.65	8.92	33677	5.5	002520	日发数码	SZ	8.76	5.4	
308	2013-02-19	8.99	8.99	8.62	8.76	36198	5.4	002520	日发数码	SZ	8.61	5.31	
309	2013-02-18	8.65	8.68	8.57	8.61	21590	5.31	002520	日发数码	SZ	8.57	5.29	
315	2013-02-08	8.45	8.59	8.45	8.57	9391	5.29	002520	日发数码	SZ	8.47	5.22	
316	2013-02-07	8.53	8.53	8.35	8.47	10242	5.22	002520	日发数码	SZ	8.45	5.21	
317	2013-02-06	8.32	8.55	8.29	8.45	13851	5.21	002520	日发数码	SZ	8.32	5.13	
318	2013-02-05	8.24	8.33	8.15	8.32	11753	5.13	002520	日发数码	SZ	8.25	5.08	
319	2013-02-04	8.47	8.5	8.13	8.25	18424	5.08	002520	日发数码	SZ	8.43	5.19	
320	2013-02-01	8.44	8.53	8.33	8.43	13115	5.19	002520	日发数码	SZ	8.4	5.18	
321	2013-01-31	8.83	8.92	8.3	8.4	33650	5.18	002520	日发数码	SZ	8.87	5.47	
322	2013-01-30	8.81	8.97	8.79	8.87	11833	5.47	002520	日发数码	SZ	8.86	5.46	
323	2013-01-29	8.87	8.93	8.72	8.86	15666	5.46	002520	日发数码	SZ	8.8	5.42	
324	2013-01-28	8.65	8.8	8.54	8.8	11360	5.42	002520	日发数码	SZ	8.47	5.22	
325	2013-01-25	8.6	8.6	8.45	8.47	7724	5.22	002520	日发数码	SZ	8.5	5.24	
326	2013-01-24	8.77	8.87	8.4	8.5	15592	5.24	002520	日发数码	SZ	8.77	5.41	
327	2013-01-23	8.77	8.93	8.59	8.77	13228	5.41	002520	日发数码	SZ	8.79	5.42	
328	2013-01-22	9.13	9.13	8.73	8.79	22701	5.42	002520	日发数码	SZ	9.1	5.61	
329	2013-01-21	9.21	9.51	9.07	9.1	26739	5.61	002520	日发数码	SZ	9.16	5.65	
330	2013-01-18	9.04	9.17	8.91	9.16	25284	5.65	002520	日发数码	SZ	9.06	5.59	
331	2013-01-17	8.79	9.26	8.7	9.06	43755	5.59	002520	日发数码	SZ	8.79	5.42	
332	2013-01-16	8.77	8.95	8.61	8.79	26211	5.42	002520	日发数码	SZ	8.81	5.43	
333	2013-01-15	8.71	8.97	8.67	8.81	33069	5.43	002520	日发数码	SZ	8.71	5.37	
334	2013-01-14	8.38	8.79	8.33	8.71	29480	5.37	002520	日发数码	SZ	8.41	5.18	
335	2013-01-11	8.44	8.88	8.37	8.41	41885	5.18	002520	日发数码	SZ	8.41	5.18	
336	2013-01-10	8.43	8.49	8.33	8.41	12792	5.18	002520	日发数码	SZ	8.4	5.18	
337	2013-01-09	8.52	8.66	8.31	8.4	26852	5.18	002520	日发数码	SZ	8.6	5.3	
338	2013-01-08	8.43	8.65	8.31	8.6	30928	5.3	002520	日发数码	SZ	8.43	5.2	
339	2013-01-07	8.29	8.44	8.15	8.43	21144	5.2	002520	日发数码	SZ	8.3	5.12	
340	2013-01-04	8.28	8.4	8.13	8.3	15737	5.12	002520	日发数码	SZ	8.21	5.06	
344	2012-12-31	8.23	8.29	8.14	8.21	12143	5.06	002520	日发数码	SZ	8.16	5.03	
345	2012-12-28	8.2	8.23	8.01	8.16	17015	5.03	002520	日发数码	SZ	8.18	5.04	
346	2012-12-27	8.43	8.51	8.17	8.18	22683	5.04	002520	日发数码	SZ	8.45	5.21	
347	2012-12-26	8.33	8.5	8.31	8.45	22687	5.21	002520	日发数码	SZ	8.39	5.17	
348	2012-12-25	8.16	8.46	8.12	8.39	23318	5.17	002520	日发数码	SZ	8.18	5.04	
349	2012-12-24	8.2	8.27	8.07	8.18	17127	5.04	002520	日发数码	SZ	8.3	5.12	
350	2012-12-21	8.31	8.8	8.23	8.3	41022	5.12	002520	日发数码	SZ	8.15	5.02	
351	2012-12-20	8.01	8.17	7.91	8.15	15269	5.02	002520	日发数码	SZ	8	4.93	
352	2012-12-19	7.94	8.07	7.9	8	10993	4.93	002520	日发数码	SZ	8	4.93	
353	2012-12-18	8.1	8.22	7.99	8	21313	4.93	002520	日发数码	SZ	8.17	5.04	
354	2012-12-17	8.11	8.32	8.03	8.17	27661	5.04	002520	日发数码	SZ	8.13	5.01	
355	2012-12-14	7.82	8.19	7.76	8.13	31456	5.01	002520	日发数码	SZ	7.82	4.82	
356	2012-12-13	7.8	8.03	7.74	7.82	22136	4.82	002520	日发数码	SZ	7.93	4.89	
357	2012-12-12	7.44	8.16	7.37	7.93	47953	4.89	002520	日发数码	SZ	7.42	4.57	
358	2012-12-11	7.59	7.62	7.41	7.42	19804	4.57	002520	日发数码	SZ	7.65	4.71	
359	2012-12-10	7.62	7.71	7.47	7.65	26944	4.71	002520	日发数码	SZ	7.61	4.69	
360	2012-12-07	7.47	7.68	7.41	7.61	25430	4.69	002520	日发数码	SZ	7.53	4.64	
361	2012-12-06	7.41	7.57	7.27	7.53	27556	4.64	002520	日发数码	SZ	7.46	4.6	
362	2012-12-05	7	7.52	7	7.46	30471	4.6	002520	日发数码	SZ	7.07	4.36	
363	2012-12-04	7	7.07	6.74	7.07	16007	4.36	002520	日发数码	SZ	7.06	4.35	
364	2012-12-03	6.83	7.31	6.69	7.06	29053	4.35	002520	日发数码	SZ	6.69	4.12	
365	2012-11-30	6.37	6.85	6.37	6.69	10140	4.12	002520	日发数码	SZ	6.39	3.94	
366	2012-11-29	6.62	6.62	6.37	6.39	5007	3.94	002520	日发数码	SZ	6.6	4.07	
367	2012-11-28	6.77	7.31	6.55	6.6	7044	4.07	002520	日发数码	SZ	6.83	4.21	
368	2012-11-27	7.07	7.07	6.67	6.83	6835	4.21	002520	日发数码	SZ	7.06	4.35	
369	2012-11-26	6.86	7.51	6.85	7.06	12530	4.35	002520	日发数码	SZ	6.84	4.22	
370	2012-11-23	6.77	6.85	6.74	6.84	2433	4.22	002520	日发数码	SZ	6.78	4.18	
371	2012-11-22	6.85	6.85	6.72	6.78	2221	4.18	002520	日发数码	SZ	6.85	4.22	
372	2012-11-21	6.77	6.86	6.67	6.85	3427	4.22	002520	日发数码	SZ	6.79	4.18	
373	2012-11-20	6.83	6.9	6.69	6.79	4540	4.18	002520	日发数码	SZ	6.77	4.18	
374	2012-11-19	6.75	6.8	6.61	6.77	4750	4.18	002520	日发数码	SZ	6.72	4.14	
375	2012-11-16	7.12	7.12	6.65	6.72	12826	4.14	002520	日发数码	SZ	7.12	4.39	
376	2012-11-15	7.13	7.25	7.09	7.12	2925	4.39	002520	日发数码	SZ	7.21	4.44	
377	2012-11-14	7.21	7.22	7.13	7.21	3510	4.44	002520	日发数码	SZ	7.17	4.42	
378	2012-11-13	7.27	7.29	7.13	7.17	3664	4.42	002520	日发数码	SZ	7.32	4.51	
379	2012-11-12	7.24	7.35	7.23	7.32	2763	4.51	002520	日发数码	SZ	7.27	4.48	
380	2012-11-09	7.27	7.38	7.24	7.27	3462	4.48	002520	日发数码	SZ	7.27	4.48	
381	2012-11-08	7.53	7.56	7.27	7.27	6565	4.48	002520	日发数码	SZ	7.6	4.69	
382	2012-11-07	7.59	7.76	7.56	7.6	7616	4.69	002520	日发数码	SZ	7.59	4.68	
383	2012-11-06	7.61	7.68	7.53	7.59	4611	4.68	002520	日发数码	SZ	7.65	4.72	
384	2012-11-05	7.72	7.72	7.61	7.65	2720	4.72	002520	日发数码	SZ	7.71	4.75	
385	2012-11-02	7.82	7.83	7.62	7.71	8163	4.75	002520	日发数码	SZ	7.81	4.82	
386	2012-11-01	7.73	7.91	7.68	7.81	4734	4.82	002520	日发数码	SZ	7.68	4.73	
387	2012-10-31	7.55	7.76	7.55	7.68	3696	4.73	002520	日发数码	SZ	7.6	4.69	
388	2012-10-30	7.66	7.71	7.59	7.6	4176	4.69	002520	日发数码	SZ	7.67	4.73	
389	2012-10-29	7.68	7.83	7.65	7.67	4279	4.73	002520	日发数码	SZ	7.81	4.81	
390	2012-10-26	7.95	8.03	7.81	7.81	5970	4.81	002520	日发数码	SZ	7.95	4.9	
391	2012-10-25	8.07	8.18	7.95	7.95	5781	4.9	002520	日发数码	SZ	8.07	4.97	
392	2012-10-24	8.11	8.12	8.02	8.07	3364	4.97	002520	日发数码	SZ	8.17	5.04	
393	2012-10-23	8.1	8.23	8.1	8.17	9690	5.04	002520	日发数码	SZ	8.3	5.12	
394	2012-10-22	8.27	8.31	8.13	8.3	5351	5.12	002520	日发数码	SZ	8.31	5.12	
395	2012-10-19	8.15	8.37	8.15	8.31	8313	5.12	002520	日发数码	SZ	8.21	5.06	
396	2012-10-18	8.07	8.25	8.03	8.21	8624	5.06	002520	日发数码	SZ	8.04	4.96	
397	2012-10-17	8.04	8.07	7.95	8.04	3731	4.96	002520	日发数码	SZ	7.98	4.92	
398	2012-10-16	8.04	8.1	7.96	7.98	8657	4.92	002520	日发数码	SZ	8.08	4.98	
399	2012-10-15	8.33	8.4	8	8.08	5878	4.98	002520	日发数码	SZ	8.26	5.09	
400	2012-10-12	8.27	8.37	8.2	8.26	4118	5.09	002520	日发数码	SZ	8.27	5.1	
401	2012-10-11	8.49	8.5	8.27	8.27	5591	5.1	002520	日发数码	SZ	8.5	5.24	
402	2012-10-10	8.46	8.52	8.37	8.5	5991	5.24	002520	日发数码	SZ	8.46	5.22	
403	2012-10-09	8.23	8.49	8.23	8.46	4644	5.22	002520	日发数码	SZ	8.23	5.08	
404	2012-10-08	8.22	8.43	8.22	8.23	3203	5.08	002520	日发数码	SZ	8.37	5.16	
410	2012-09-28	7.95	8.37	7.95	8.37	10023	5.16	002520	日发数码	SZ	7.99	4.93	
411	2012-09-27	7.77	8.12	7.77	7.99	6405	4.93	002520	日发数码	SZ	7.87	4.85	
412	2012-09-26	8.07	8.17	7.87	7.87	5452	4.85	002520	日发数码	SZ	8.1	4.99	
413	2012-09-25	8.17	8.27	8.09	8.1	3134	4.99	002520	日发数码	SZ	8.22	5.07	
414	2012-09-24	8.07	8.25	8.07	8.22	3927	5.07	002520	日发数码	SZ	8.21	5.06	
415	2012-09-21	8.23	8.33	8.21	8.21	5724	5.06	002520	日发数码	SZ	8.23	5.08	
416	2012-09-20	8.48	8.52	8.22	8.23	6721	5.08	002520	日发数码	SZ	8.47	5.22	
417	2012-09-19	8.55	8.56	8.42	8.47	4958	5.22	002520	日发数码	SZ	8.45	5.21	
418	2012-09-18	8.55	8.59	8.42	8.45	6661	5.21	002520	日发数码	SZ	8.62	5.31	
419	2012-09-17	8.85	8.94	8.62	8.62	6626	5.31	002520	日发数码	SZ	8.89	5.48	
420	2012-09-14	8.96	9.08	8.8	8.89	9420	5.48	002520	日发数码	SZ	8.98	5.54	
421	2012-09-13	9.25	9.29	8.97	8.98	9724	5.54	002520	日发数码	SZ	9.27	5.71	
422	2012-09-12	9.15	9.27	9.07	9.27	10210	5.71	002520	日发数码	SZ	9.13	5.63	
423	2012-09-11	9.16	9.21	9.06	9.13	12796	5.63	002520	日发数码	SZ	9.15	5.64	
424	2012-09-10	9.27	9.27	9.06	9.15	18983	5.64	002520	日发数码	SZ	9.2	5.67	
425	2012-09-07	8.86	9.31	8.86	9.2	28017	5.67	002520	日发数码	SZ	8.84	5.45	
426	2012-09-06	8.78	8.93	8.67	8.84	10813	5.45	002520	日发数码	SZ	8.79	5.42	
427	2012-09-05	8.5	8.8	8.5	8.79	12836	5.42	002520	日发数码	SZ	8.5	5.24	
428	2012-09-04	8.64	8.77	8.47	8.5	9494	5.24	002520	日发数码	SZ	8.7	5.36	
429	2012-09-03	8.45	8.7	8.29	8.7	11283	5.36	002520	日发数码	SZ	8.45	5.21	
430	2012-08-31	8.39	8.5	8.32	8.45	7028	5.21	002520	日发数码	SZ	8.39	5.17	
431	2012-08-30	8.34	8.52	8.21	8.39	8485	5.17	002520	日发数码	SZ	8.36	5.15	
432	2012-08-29	8.35	8.52	8.29	8.36	6290	5.15	002520	日发数码	SZ	8.39	5.17	
433	2012-08-28	8.33	8.47	8.24	8.39	5793	5.17	002520	日发数码	SZ	8.34	5.14	
434	2012-08-27	8.67	8.67	8.27	8.34	7773	5.14	002520	日发数码	SZ	8.7	5.36	
435	2012-08-24	8.75	8.91	8.67	8.7	10884	5.36	002520	日发数码	SZ	8.83	5.45	
436	2012-08-23	8.71	8.83	8.61	8.83	11517	5.45	002520	日发数码	SZ	8.67	5.34	
437	2012-08-22	8.79	8.86	8.59	8.67	9724	5.34	002520	日发数码	SZ	8.71	5.37	
438	2012-08-21	8.45	8.78	8.41	8.71	9455	5.37	002520	日发数码	SZ	8.49	5.23	
439	2012-08-20	8.53	8.53	8.23	8.49	4489	5.23	002520	日发数码	SZ	8.54	5.26	
440	2012-08-17	8.39	8.63	8.37	8.54	5304	5.26	002520	日发数码	SZ	8.39	5.17	
441	2012-08-16	8.42	8.47	8.36	8.39	3578	5.17	002520	日发数码	SZ	8.42	5.19	
442	2012-08-15	8.62	8.62	8.4	8.42	3528	5.19	002520	日发数码	SZ	8.6	5.3	
443	2012-08-14	8.55	8.64	8.33	8.6	9448	5.3	002520	日发数码	SZ	8.55	5.27	
444	2012-08-13	8.87	8.87	8.53	8.55	9177	5.27	002520	日发数码	SZ	8.86	5.46	
445	2012-08-10	8.86	8.91	8.78	8.86	6193	5.46	002520	日发数码	SZ	8.91	5.49	
446	2012-08-09	8.79	8.97	8.74	8.91	8384	5.49	002520	日发数码	SZ	8.8	5.42	
447	2012-08-08	8.91	8.98	8.7	8.8	8865	5.42	002520	日发数码	SZ	8.95	5.52	
448	2012-08-07	8.7	9.05	8.67	8.95	16734	5.52	002520	日发数码	SZ	8.7	5.36	
449	2012-08-06	8.46	8.7	8.35	8.7	9334	5.36	002520	日发数码	SZ	8.49	5.23	
450	2012-08-03	8.33	8.5	8.25	8.49	5424	5.23	002520	日发数码	SZ	8.23	5.07	
451	2012-08-02	8.25	8.37	8.2	8.23	4260	5.07	002520	日发数码	SZ	8.35	5.15	
452	2012-08-01	8.27	8.38	8.16	8.35	6343	5.15	002520	日发数码	SZ	8.17	5.03	
453	2012-07-31	8.36	8.36	8.13	8.17	4862	5.03	002520	日发数码	SZ	8.41	5.18	
454	2012-07-30	8.46	8.56	8.37	8.41	5325	5.18	002520	日发数码	SZ	8.44	5.2	
455	2012-07-27	8.49	8.49	8.39	8.44	5639	5.2	002520	日发数码	SZ	8.41	5.19	
456	2012-07-26	8.5	8.61	8.38	8.41	7201	5.19	002520	日发数码	SZ	8.41	5.19	
457	2012-07-25	8.51	8.59	8.4	8.41	4982	5.19	002520	日发数码	SZ	8.51	5.24	
458	2012-07-24	8.27	8.57	8.27	8.51	5979	5.24	002520	日发数码	SZ	8.39	5.17	
459	2012-07-23	8.53	8.53	8.31	8.39	7711	5.17	002520	日发数码	SZ	8.62	5.31	
460	2012-07-20	8.77	8.83	8.6	8.62	9849	5.31	002520	日发数码	SZ	8.79	5.42	
461	2012-07-19	8.7	8.9	8.67	8.79	13201	5.42	002520	日发数码	SZ	8.77	5.41	
462	2012-07-18	8.75	8.8	8.55	8.77	7705	5.41	002520	日发数码	SZ	8.71	5.37	
463	2012-07-17	8.71	8.95	8.55	8.71	6465	5.37	002520	日发数码	SZ	8.71	5.37	
464	2012-07-16	9.45	9.45	8.67	8.71	19142	5.37	002520	日发数码	SZ	9.64	5.94	
465	2012-07-13	9.68	9.73	9.61	9.64	6202	5.94	002520	日发数码	SZ	9.67	5.96	
466	2012-07-12	9.53	9.71	9.49	9.67	9746	5.96	002520	日发数码	SZ	9.55	5.89	
467	2012-07-11	9.51	9.59	9.47	9.55	4944	5.89	002520	日发数码	SZ	9.49	5.85	
468	2012-07-10	9.47	9.65	9.45	9.49	5129	5.85	002520	日发数码	SZ	9.59	5.91	
469	2012-07-09	9.85	9.91	9.51	9.59	13412	5.91	002520	日发数码	SZ	9.94	6.13	
470	2012-07-06	9.95	10	9.6	9.94	11793	6.13	002520	日发数码	SZ	9.87	6.08	
471	2012-07-05	10.11	10.11	9.8	9.87	7365	6.08	002520	日发数码	SZ	10.11	6.23	
472	2012-07-04	10.1	10.25	10.03	10.11	7579	6.23	002520	日发数码	SZ	10.1	6.23	
473	2012-07-03	10.05	10.23	10.01	10.1	10177	6.23	002520	日发数码	SZ	10.06	6.2	
474	2012-07-02	10.01	10.13	9.97	10.06	9459	6.2	002520	日发数码	SZ	9.94	6.13	
475	2012-06-29	9.74	9.95	9.67	9.94	7675	6.13	002520	日发数码	SZ	9.8	6.04	
476	2012-06-28	10.01	10.03	9.8	9.8	6501	6.04	002520	日发数码	SZ	9.93	6.12	
477	2012-06-27	10	10.11	9.89	9.93	9671	6.12	002520	日发数码	SZ	10.03	6.18	
478	2012-06-26	10.55	10.55	9.93	10.03	19980	6.18	002520	日发数码	SZ	10.61	6.54	
479	2012-06-25	10.77	10.86	10.61	10.61	8257	6.54	002520	日发数码	SZ	10.81	6.66	
481	2012-06-21	10.87	10.91	10.61	10.81	13354	6.66	002520	日发数码	SZ	10.89	6.71	
482	2012-06-20	10.93	10.93	10.77	10.89	15994	6.71	002520	日发数码	SZ	10.87	6.7	
483	2012-06-19	11.07	11.07	10.77	10.87	12739	6.7	002520	日发数码	SZ	11	6.78	
484	2012-06-18	10.85	11.01	10.7	11	22422	6.78	002520	日发数码	SZ	10.69	6.59	
485	2012-06-15	10.77	10.83	10.52	10.69	11798	6.59	002520	日发数码	SZ	10.76	6.63	
486	2012-06-14	10.8	10.97	10.68	10.76	15513	6.63	002520	日发数码	SZ	10.85	6.69	
487	2012-06-13	10.67	10.87	10.67	10.85	19738	6.69	002520	日发数码	SZ	10.73	6.61	
488	2012-06-12	10.87	10.87	10.47	10.73	20615	6.61	002520	日发数码	SZ	10.42	6.42	
490	2012-06-08	10.52	10.57	10.34	10.42	12653	6.42	002520	日发数码	SZ	10.39	6.41	
491	2012-06-07	10.77	10.77	10.29	10.39	15686	6.41	002520	日发数码	SZ	10.55	6.51	
492	2012-06-06	10.43	10.67	10.41	10.55	15186	6.51	002520	日发数码	SZ	10.41	6.42	
493	2012-06-05	10.41	10.56	10.25	10.41	7987	6.42	002520	日发数码	SZ	10.41	6.42	
494	2012-06-04	10.59	10.71	10.39	10.41	10927	6.42	002520	日发数码	SZ	10.9	6.72	
495	2012-06-01	10.86	10.97	10.75	10.9	13708	6.72	002520	日发数码	SZ	10.86	6.69	
496	2012-05-31	10.71	10.97	10.61	10.86	15703	6.69	002520	日发数码	SZ	10.8	6.66	
497	2012-05-30	10.85	10.94	10.75	10.8	11731	6.66	002520	日发数码	SZ	10.84	6.68	
498	2012-05-29	10.63	11.01	10.59	10.84	21146	6.68	002520	日发数码	SZ	10.65	6.57	
499	2012-05-28	10.2	10.65	10.04	10.65	16299	6.57	002520	日发数码	SZ	10.2	6.29	
500	2012-05-25	10.5	10.54	10.19	10.2	12495	6.29	002520	日发数码	SZ	10.49	6.47	
501	2012-05-24	10.64	10.64	10.44	10.49	13512	6.47	002520	日发数码	SZ	10.67	6.58	
502	2012-05-23	10.66	10.82	10.58	10.67	12383	6.58	002520	日发数码	SZ	10.67	6.58	
503	2012-05-22	10.55	10.7	10.49	10.67	8999	6.58	002520	日发数码	SZ	10.49	6.46	
504	2012-05-21	10.44	10.61	10.33	10.49	12231	6.46	002520	日发数码	SZ	10.45	6.44	
505	2012-05-18	11	11	10.37	10.45	23707	6.44	002520	日发数码	SZ	11.04	6.81	
506	2012-05-17	11.02	11.12	10.89	11.04	15302	6.81	002520	日发数码	SZ	10.99	6.77	
507	2012-05-16	11.21	11.27	10.85	10.99	29745	6.77	002520	日发数码	SZ	11.22	6.92	
508	2012-05-15	11.53	12.1	11.17	11.22	33797	6.92	002520	日发数码	SZ	12.56	4.79	
509	2012-05-14	12.64	12.68	12.4	12.56	35598	4.79	002520	日发数码	SZ	12.51	4.77	
510	2012-05-11	12.67	12.77	12.44	12.51	30038	4.77	002520	日发数码	SZ	12.67	4.83	
511	2012-05-10	12.41	12.82	12.36	12.67	37375	4.83	002520	日发数码	SZ	12.59	4.8	
512	2012-05-09	12.23	13.07	12.22	12.59	84558	4.8	002520	日发数码	SZ	12	4.58	
513	2012-05-08	11.96	12.09	11.85	12	27261	4.58	002520	日发数码	SZ	11.89	4.54	
514	2012-05-07	11.38	11.91	11.38	11.89	27142	4.54	002520	日发数码	SZ	11.49	4.38	
515	2012-05-04	11.42	11.5	11.29	11.49	19308	4.38	002520	日发数码	SZ	11.42	4.36	
517	2012-05-02	11.5	11.5	11.31	11.42	23928	4.36	002520	日发数码	SZ	11.29	4.31	
520	2012-04-27	11.33	11.33	11.16	11.29	15443	4.31	002520	日发数码	SZ	11.12	4.24	
521	2012-04-26	11.1	11.19	11.01	11.12	14806	4.24	002520	日发数码	SZ	11.09	4.23	
522	2012-04-25	10.71	11.11	10.71	11.09	10538	4.23	002520	日发数码	SZ	10.96	4.18	
523	2012-04-24	11.07	11.1	10.6	10.96	18160	4.18	002520	日发数码	SZ	10.99	4.19	
524	2012-04-23	11.2	11.48	10.98	10.99	23054	4.19	002520	日发数码	SZ	11.25	4.29	
525	2012-04-20	11.2	11.4	11.16	11.25	14493	4.29	002520	日发数码	SZ	11.2	4.27	
526	2012-04-19	11.26	11.3	11.15	11.2	13910	4.27	002520	日发数码	SZ	11.24	4.29	
527	2012-04-18	11	11.27	11	11.24	19202	4.29	002520	日发数码	SZ	11.02	4.2	
528	2012-04-17	11.11	11.19	10.95	11.02	13596	4.2	002520	日发数码	SZ	10.94	4.17	
529	2012-04-16	10.96	11.02	10.89	10.94	8179	4.17	002520	日发数码	SZ	11.01	4.2	
530	2012-04-13	11.07	11.07	10.93	11.01	18784	4.2	002520	日发数码	SZ	11.01	4.2	
531	2012-04-12	10.9	11.11	10.85	11.01	26788	4.2	002520	日发数码	SZ	10.8	4.12	
532	2012-04-11	10.76	10.84	10.67	10.8	15892	4.12	002520	日发数码	SZ	10.8	4.12	
533	2012-04-10	10.53	10.8	10.5	10.8	27914	4.12	002520	日发数码	SZ	10.4	3.97	
534	2012-04-09	10.49	10.49	10.31	10.4	8123	3.97	002520	日发数码	SZ	10.4	3.97	
535	2012-04-06	10.35	10.49	10.23	10.4	9928	3.97	002520	日发数码	SZ	10.32	3.94	
536	2012-04-05	10.01	10.35	9.91	10.32	12310	3.94	002520	日发数码	SZ	9.98	3.81	
540	2012-03-30	10.04	10.04	9.78	9.98	6074	3.81	002520	日发数码	SZ	9.97	3.8	
541	2012-03-29	10.16	10.29	9.83	9.97	8378	3.8	002520	日发数码	SZ	10.2	3.89	
542	2012-03-28	10.58	10.67	10.12	10.2	14619	3.89	002520	日发数码	SZ	10.68	4.07	
543	2012-03-27	10.78	10.85	10.66	10.68	7299	4.07	002520	日发数码	SZ	10.75	4.1	
544	2012-03-26	10.67	10.81	10.64	10.75	6765	4.1	002520	日发数码	SZ	10.72	4.09	
545	2012-03-23	10.93	11.03	10.71	10.72	15743	4.09	002520	日发数码	SZ	11.06	4.22	
546	2012-03-22	11.1	11.19	10.89	11.06	13166	4.22	002520	日发数码	SZ	11.1	4.24	
547	2012-03-21	11.16	11.29	10.84	11.1	15590	4.24	002520	日发数码	SZ	11.12	4.24	
548	2012-03-20	11.67	11.67	11.12	11.12	22227	4.24	002520	日发数码	SZ	11.59	4.42	
549	2012-03-19	11.44	11.63	11.37	11.59	14694	4.42	002520	日发数码	SZ	11.45	4.37	
550	2012-03-16	11.24	11.46	11.2	11.45	17914	4.37	002520	日发数码	SZ	11.31	4.31	
551	2012-03-15	11.5	11.56	11	11.31	23517	4.31	002520	日发数码	SZ	11.24	4.29	
552	2012-03-14	12	12.22	11.12	11.24	48374	4.29	002520	日发数码	SZ	11.98	4.57	
553	2012-03-13	11.8	11.98	11.76	11.98	23923	4.57	002520	日发数码	SZ	11.85	4.52	
554	2012-03-12	11.92	11.97	11.67	11.85	22685	4.52	002520	日发数码	SZ	11.78	4.49	
555	2012-03-09	11.57	11.8	11.46	11.78	35588	4.49	002520	日发数码	SZ	11.53	4.4	
556	2012-03-08	11.59	11.91	11.48	11.53	33611	4.4	002520	日发数码	SZ	11.59	4.42	
557	2012-03-07	11.21	11.63	11.21	11.59	42092	4.42	002520	日发数码	SZ	11.38	4.34	
558	2012-03-06	11.38	11.47	11.3	11.38	31647	4.34	002520	日发数码	SZ	11.5	4.39	
559	2012-03-05	11.6	11.66	11.47	11.5	17410	4.39	002520	日发数码	SZ	11.63	4.44	
560	2012-03-02	11.51	11.64	11.47	11.63	15637	4.44	002520	日发数码	SZ	11.46	4.37	
561	2012-03-01	11.29	11.54	11.29	11.46	12654	4.37	002520	日发数码	SZ	11.37	4.34	
562	2012-02-29	11.64	11.64	11.33	11.37	24417	4.34	002520	日发数码	SZ	11.62	4.43	
563	2012-02-28	11.7	11.91	11.33	11.62	39098	4.43	002520	日发数码	SZ	11.6	4.43	
564	2012-02-27	11.69	11.75	11.58	11.6	28115	4.43	002520	日发数码	SZ	11.67	4.45	
565	2012-02-24	11.72	11.77	11.52	11.67	32298	4.45	002520	日发数码	SZ	11.72	4.47	
566	2012-02-23	11.48	11.78	11.47	11.72	52183	4.47	002520	日发数码	SZ	11.47	4.37	
567	2012-02-22	11.29	11.52	11.21	11.47	24967	4.37	002520	日发数码	SZ	11.29	4.31	
568	2012-02-21	11.01	11.38	11.01	11.29	33109	4.31	002520	日发数码	SZ	11.07	4.22	
569	2012-02-20	11.01	11.09	10.92	11.07	26911	4.22	002520	日发数码	SZ	10.88	4.15	
570	2012-02-17	11.02	11.07	10.8	10.88	11908	4.15	002520	日发数码	SZ	10.95	4.18	
571	2012-02-16	11.09	11.15	10.84	10.95	20910	4.18	002520	日发数码	SZ	11.06	4.22	
572	2012-02-15	10.72	11.07	10.62	11.06	25219	4.22	002520	日发数码	SZ	10.82	4.13	
573	2012-02-14	10.82	10.93	10.74	10.82	17299	4.13	002520	日发数码	SZ	10.88	4.15	
574	2012-02-13	10.62	10.97	10.52	10.88	30001	4.15	002520	日发数码	SZ	10.72	4.09	
575	2012-02-10	10.71	10.8	10.61	10.72	21293	4.09	002520	日发数码	SZ	10.71	4.09	
576	2012-02-09	10.67	10.89	10.64	10.71	25068	4.09	002520	日发数码	SZ	10.7	4.08	
577	2012-02-08	10.31	10.72	10.25	10.7	33549	4.08	002520	日发数码	SZ	10.41	3.97	
578	2012-02-07	10.63	10.63	10.31	10.41	20969	3.97	002520	日发数码	SZ	10.75	4.1	
579	2012-02-06	10.77	10.82	10.59	10.75	21405	4.1	002520	日发数码	SZ	10.77	4.11	
580	2012-02-03	10.45	10.83	10.4	10.77	36506	4.11	002520	日发数码	SZ	10.4	3.97	
581	2012-02-02	10.18	10.4	10.1	10.4	20270	3.97	002520	日发数码	SZ	10.14	3.87	
582	2012-02-01	10.03	10.42	10.02	10.14	10053	3.87	002520	日发数码	SZ	10.15	3.87	
583	2012-01-31	10.09	10.22	9.96	10.15	8079	3.87	002520	日发数码	SZ	10.18	3.88	
584	2012-01-30	10.17	10.42	10.13	10.18	15022	3.88	002520	日发数码	SZ	10.12	3.86	
590	2012-01-20	10.02	10.15	9.91	10.12	14880	3.86	002520	日发数码	SZ	9.89	3.77	
591	2012-01-19	9.87	10.17	9.79	9.89	11955	3.77	002520	日发数码	SZ	9.89	3.77	
592	2012-01-18	10.17	10.48	9.88	9.89	17987	3.77	002520	日发数码	SZ	10.17	3.88	
593	2012-01-17	9.25	10.21	9.25	10.17	22505	3.88	002520	日发数码	SZ	9.38	3.58	
594	2012-01-16	9.24	9.72	9.24	9.38	17504	3.58	002520	日发数码	SZ	9.96	3.8	
595	2012-01-13	10.6	10.64	9.9	9.96	34786	3.8	002520	日发数码	SZ	10.67	4.07	
596	2012-01-12	10.62	10.75	10.39	10.67	33682	4.07	002520	日发数码	SZ	10.66	4.07	
597	2012-01-11	10.2	10.88	10.08	10.66	45442	4.07	002520	日发数码	SZ	10.25	3.91	
598	2012-01-10	9.86	10.3	9.79	10.25	31465	3.91	002520	日发数码	SZ	9.97	3.8	
599	2012-01-09	9.26	9.98	9.23	9.97	37245	3.8	002520	日发数码	SZ	9.24	3.53	
600	2012-01-06	9.11	9.49	8.7	9.24	35415	3.53	002520	日发数码	SZ	9.09	3.47	
601	2012-01-05	9.69	9.69	9.04	9.09	24338	3.47	002520	日发数码	SZ	9.76	3.72	
602	2012-01-04	10.38	10.39	9.76	9.76	18650	3.72	002520	日发数码	SZ	10.28	3.92	
603	2012-01-03	10.12	10.35	10.12	10.28	10702	3.92	002520	日发数码	SZ	10.28	3.92	
604	2012-01-02	10.12	10.35	10.12	10.28	10702	3.92	002520	日发数码	SZ	10.28	3.92	
605	2011-12-30	10.12	10.35	10.12	10.28	10702	3.92	002520	日发数码	SZ	10.11	3.86	
606	2011-12-29	10.04	10.23	9.93	10.11	6806	3.86	002520	日发数码	SZ	10.04	3.83	
607	2011-12-28	10.13	10.14	9.82	10.04	11344	3.83	002520	日发数码	SZ	10.2	3.89	
608	2011-12-27	10.52	10.81	10.17	10.2	8510	3.89	002520	日发数码	SZ	10.65	4.06	
609	2011-12-26	10.7	10.85	10.58	10.65	7223	4.06	002520	日发数码	SZ	10.72	4.09	
610	2011-12-23	10.53	10.92	10.53	10.72	13116	4.09	002520	日发数码	SZ	10.7	4.08	
611	2011-12-22	11.07	11.07	10.28	10.7	24213	4.08	002520	日发数码	SZ	11.17	4.26	
612	2011-12-21	11.96	12.04	11.11	11.17	15789	4.26	002520	日发数码	SZ	11.87	4.53	
613	2011-12-20	11.74	12.07	11.72	11.87	15478	4.53	002520	日发数码	SZ	11.79	4.5	
614	2011-12-19	11.74	11.88	11.47	11.79	13938	4.5	002520	日发数码	SZ	11.91	4.54	
615	2011-12-16	11.64	11.91	11.43	11.91	14184	4.54	002520	日发数码	SZ	11.56	4.41	
616	2011-12-15	11.45	11.85	11.37	11.56	14957	4.41	002520	日发数码	SZ	11.53	4.4	
617	2011-12-14	11.87	12.07	11.5	11.53	14802	4.4	002520	日发数码	SZ	11.87	4.53	
618	2011-12-13	12.44	12.53	11.83	11.87	19330	4.53	002520	日发数码	SZ	12.56	4.79	
619	2011-12-12	12.44	12.62	12.28	12.56	17174	4.79	002520	日发数码	SZ	12.45	4.75	
620	2011-12-09	12.76	12.76	12.25	12.45	16456	4.75	002520	日发数码	SZ	12.47	4.76	
621	2011-12-08	12.77	12.77	12.17	12.47	28814	4.76	002520	日发数码	SZ	12.71	4.85	
622	2011-12-07	13.46	13.46	12.5	12.71	35563	4.85	002520	日发数码	SZ	13.39	5.11	
623	2011-12-06	13.16	13.5	13.16	13.39	18953	5.11	002520	日发数码	SZ	13.2	5.04	
624	2011-12-05	13.29	13.37	12.97	13.2	16892	5.04	002520	日发数码	SZ	13.36	5.1	
625	2011-12-02	14.18	14.18	13.24	13.36	39940	5.1	002520	日发数码	SZ	14.27	5.44	
626	2011-12-01	14.67	14.78	14.27	14.27	32169	5.44	002520	日发数码	SZ	14.22	5.42	
627	2011-11-30	14.69	14.84	13.92	14.22	33586	5.42	002520	日发数码	SZ	14.8	5.64	
628	2011-11-29	15.47	15.56	14.5	14.8	69072	5.64	002520	日发数码	SZ	15.34	5.85	
629	2011-11-28	15.57	15.77	15.27	15.34	15888	5.85	002520	日发数码	SZ	15.58	5.94	
630	2011-11-25	15.6	16.08	15.47	15.58	33732	5.94	002520	日发数码	SZ	15.66	5.98	
631	2011-11-24	15.11	15.75	15	15.66	28633	5.98	002520	日发数码	SZ	15.31	5.84	
632	2011-11-23	15.19	15.45	15.16	15.31	17738	5.84	002520	日发数码	SZ	15.23	5.81	
633	2011-11-22	15.02	15.25	14.85	15.23	18983	5.81	002520	日发数码	SZ	15.31	5.84	
634	2011-11-21	15.06	15.33	15	15.31	20053	5.84	002520	日发数码	SZ	15.09	5.76	
635	2011-11-18	15.62	15.7	15.04	15.09	35554	5.76	002520	日发数码	SZ	15.7	5.99	
636	2011-11-17	15.64	16	15.47	15.7	40192	5.99	002520	日发数码	SZ	15.52	5.92	
637	2011-11-16	16.07	16.4	15.49	15.52	51260	5.92	002520	日发数码	SZ	16.19	6.18	
638	2011-11-15	16.2	16.2	15.93	16.19	29932	6.18	002520	日发数码	SZ	16.2	6.18	
639	2011-11-14	15.78	16.44	15.78	16.2	63789	6.18	002520	日发数码	SZ	15.58	5.94	
640	2011-11-11	15.43	15.91	15.41	15.58	32563	5.94	002520	日发数码	SZ	15.45	5.9	
641	2011-11-10	15.38	15.93	15.33	15.45	38101	5.9	002520	日发数码	SZ	15.6	5.95	
642	2011-11-09	15.24	15.63	15.24	15.6	34821	5.95	002520	日发数码	SZ	15.24	5.81	
643	2011-11-08	15.72	15.77	15.12	15.24	44135	5.81	002520	日发数码	SZ	15.62	5.96	
644	2011-11-07	15.61	15.93	15.51	15.62	43205	5.96	002520	日发数码	SZ	15.61	5.96	
645	2011-11-04	16	16.09	15.56	15.61	70826	5.96	002520	日发数码	SZ	16.18	6.17	
646	2011-11-03	14.92	16.36	14.92	16.18	136487	6.17	002520	日发数码	SZ	14.87	5.67	
647	2011-11-02	14.58	14.92	14.21	14.87	35132	5.67	002520	日发数码	SZ	14.83	5.66	
648	2011-11-01	14.62	14.98	14.52	14.83	28456	5.66	002520	日发数码	SZ	14.77	5.63	
649	2011-10-31	14.76	14.78	14.47	14.77	29376	5.63	002520	日发数码	SZ	14.72	5.61	
650	2011-10-28	14.65	14.8	14.35	14.72	31376	5.61	002520	日发数码	SZ	14.39	5.49	
651	2011-10-27	14.49	14.7	14.13	14.39	39206	5.49	002520	日发数码	SZ	14.6	5.57	
652	2011-10-26	15.18	15.31	14.52	14.6	55935	5.57	002520	日发数码	SZ	15.21	5.8	
653	2011-10-25	15.01	15.55	14.98	15.21	31502	5.8	002520	日发数码	SZ	15.09	5.76	
654	2011-10-24	14.22	15.11	14.12	15.09	22080	5.76	002520	日发数码	SZ	14.31	5.46	
655	2011-10-21	14.39	14.63	14.09	14.31	12699	5.46	002520	日发数码	SZ	14.48	5.52	
656	2011-10-20	15.06	15.06	14.1	14.48	21199	5.52	002520	日发数码	SZ	15.11	5.76	
657	2011-10-19	15.18	15.43	14.89	15.11	16647	5.76	002520	日发数码	SZ	15.07	5.75	
658	2011-10-18	15.69	15.77	15.03	15.07	27890	5.75	002520	日发数码	SZ	15.81	6.03	
659	2011-10-17	15.33	15.81	15.23	15.81	37082	6.03	002520	日发数码	SZ	15.33	5.85	
660	2011-10-14	15.33	15.37	14.92	15.33	20005	5.85	002520	日发数码	SZ	15.42	5.88	
661	2011-10-13	14.91	15.49	14.91	15.42	25870	5.88	002520	日发数码	SZ	15.09	5.76	
662	2011-10-12	14.21	15.16	14.04	15.09	29559	5.76	002520	日发数码	SZ	14.21	5.42	
663	2011-10-11	14.66	14.74	13.96	14.21	16807	5.42	002520	日发数码	SZ	14.3	5.45	
664	2011-10-10	14.47	14.47	13.96	14.3	9321	5.45	002520	日发数码	SZ	14.25	5.44	
665	2011-09-30	13.91	14.42	13.91	14.25	19577	5.44	002520	日发数码	SZ	13.91	5.31	
666	2011-09-29	13.98	14.14	13.73	13.91	23868	5.31	002520	日发数码	SZ	14.19	5.41	
667	2011-09-28	14.6	14.74	14.11	14.19	22163	5.41	002520	日发数码	SZ	14.52	5.54	
668	2011-09-27	14.52	14.71	14.38	14.52	14469	5.54	002520	日发数码	SZ	14.39	5.49	
669	2011-09-26	14.8	14.89	14.31	14.39	17867	5.49	002520	日发数码	SZ	14.8	5.64	
670	2011-09-23	14.63	15.06	14.22	14.8	23747	5.64	002520	日发数码	SZ	14.98	5.72	
671	2011-09-22	15.9	16	14.97	14.98	52429	5.72	002520	日发数码	SZ	15.99	6.1	
672	2011-09-21	15.64	16	15.42	15.99	52150	6.1	002520	日发数码	SZ	15.65	5.97	
673	2011-09-20	15.19	15.85	14.98	15.65	48604	5.97	002520	日发数码	SZ	15.2	5.8	
674	2011-09-19	15.21	15.42	14.96	15.2	30817	5.8	002520	日发数码	SZ	15.21	5.8	
675	2011-09-16	15.04	15.33	14.87	15.21	32851	5.8	002520	日发数码	SZ	14.9	5.68	
676	2011-09-15	15.07	15.28	14.88	14.9	25362	5.68	002520	日发数码	SZ	15.06	5.74	
677	2011-09-14	14.56	15.08	14.52	15.06	29126	5.74	002520	日发数码	SZ	14.56	5.55	
678	2011-09-13	14.26	14.56	14.18	14.56	19909	5.55	002520	日发数码	SZ	14.53	5.54	
679	2011-09-09	14.78	15.05	14.4	14.53	27229	5.54	002520	日发数码	SZ	14.96	5.71	
680	2011-09-08	15.33	15.34	14.96	14.96	37606	5.71	002520	日发数码	SZ	15.24	5.82	
681	2011-09-07	14.61	15.24	14.53	15.24	45212	5.82	002520	日发数码	SZ	14.56	5.55	
682	2011-09-06	14.18	14.67	14.18	14.56	34510	5.55	002520	日发数码	SZ	14.4	5.49	
683	2011-09-05	14.8	15.03	14.37	14.4	37786	5.49	002520	日发数码	SZ	15.28	5.83	
684	2011-09-02	15.16	15.47	14.58	15.28	49377	5.83	002520	日发数码	SZ	15.17	5.79	
685	2011-09-01	15.16	15.35	14.82	15.17	48706	5.79	002520	日发数码	SZ	15.12	5.77	
686	2011-08-31	14.94	15.73	14.94	15.12	75483	5.77	002520	日发数码	SZ	15.1	5.76	
687	2011-08-30	15.34	15.47	15.06	15.1	67314	5.76	002520	日发数码	SZ	15.22	5.81	
688	2011-08-29	14.67	15.5	14.67	15.22	64148	5.81	002520	日发数码	SZ	14.7	5.61	
689	2011-08-26	14.36	15.09	14.34	14.7	69048	5.61	002520	日发数码	SZ	14.47	5.52	
690	2011-08-25	14.22	14.49	14.08	14.47	43622	5.52	002520	日发数码	SZ	14.27	5.44	
691	2011-08-24	13.78	14.6	13.78	14.27	82265	5.44	002520	日发数码	SZ	13.65	5.21	
692	2011-08-23	13.28	13.67	13.22	13.65	22468	5.21	002520	日发数码	SZ	13.19	5.03	
693	2011-08-22	13.15	13.33	13.07	13.19	13468	5.03	002520	日发数码	SZ	13.15	5.02	
694	2011-08-19	13.06	13.22	12.98	13.15	17992	5.02	002520	日发数码	SZ	13.34	5.09	
695	2011-08-18	13.65	13.68	13.31	13.34	23085	5.09	002520	日发数码	SZ	13.69	5.22	
696	2011-08-17	13.82	13.88	13.6	13.69	24433	5.22	002520	日发数码	SZ	13.82	5.27	
697	2011-08-16	14	14	13.76	13.82	18969	5.27	002520	日发数码	SZ	14.04	5.35	
698	2011-08-15	13.87	14.22	13.76	14.04	33543	5.35	002520	日发数码	SZ	13.75	5.24	
699	2011-08-12	13.56	13.87	13.47	13.75	27647	5.24	002520	日发数码	SZ	13.41	5.12	
700	2011-08-11	12.84	13.45	12.71	13.41	23950	5.12	002520	日发数码	SZ	13.13	5.01	
701	2011-08-10	13.29	13.51	13.07	13.13	25374	5.01	002520	日发数码	SZ	13.07	4.99	
702	2011-08-09	12.44	13.19	12.34	13.07	25206	4.99	002520	日发数码	SZ	12.9	4.92	
703	2011-08-08	13.87	14	12.76	12.9	35893	4.92	002520	日发数码	SZ	14.03	5.35	
704	2011-08-05	14	14.34	13.82	14.03	31571	5.35	002520	日发数码	SZ	14.53	5.54	
705	2011-08-04	14.31	14.75	14.15	14.53	37980	5.54	002520	日发数码	SZ	14.22	5.43	
706	2011-08-03	13.83	14.29	13.82	14.22	21977	5.43	002520	日发数码	SZ	14.08	5.37	
707	2011-08-02	14.02	14.18	13.73	14.08	19747	5.37	002520	日发数码	SZ	14.09	5.38	
708	2011-08-01	13.92	14.26	13.84	14.09	24849	5.38	002520	日发数码	SZ	13.84	5.28	
709	2011-07-29	14.07	14.19	13.82	13.84	14808	5.28	002520	日发数码	SZ	14.07	5.37	
710	2011-07-28	13.78	14.13	13.77	14.07	21306	5.37	002520	日发数码	SZ	14	5.34	
711	2011-07-27	13.55	14.04	13.34	14	28264	5.34	002520	日发数码	SZ	13.56	5.17	
712	2011-07-26	13.56	13.72	13.47	13.56	16761	5.17	002520	日发数码	SZ	13.56	5.17	
713	2011-07-25	14.31	14.38	13.5	13.56	29879	5.17	002520	日发数码	SZ	14.4	5.49	
714	2011-07-22	14.33	14.57	14.25	14.4	17673	5.49	002520	日发数码	SZ	14.28	5.45	
715	2011-07-21	14.64	14.69	14.27	14.28	27408	5.45	002520	日发数码	SZ	14.68	5.6	
716	2011-07-20	14.67	14.87	14.38	14.68	30403	5.6	002520	日发数码	SZ	14.54	5.55	
717	2011-07-19	14.73	15.11	14.46	14.54	35987	5.55	002520	日发数码	SZ	14.82	5.66	
718	2011-07-18	14.95	15.08	14.71	14.82	28305	5.66	002520	日发数码	SZ	14.95	5.7	
719	2011-07-15	14.91	15.09	14.68	14.95	40096	5.7	002520	日发数码	SZ	14.89	5.68	
720	2011-07-14	14.24	14.98	14.24	14.89	53413	5.68	002520	日发数码	SZ	14.24	5.43	
721	2011-07-13	13.77	14.29	13.71	14.24	32833	5.43	002520	日发数码	SZ	13.77	5.25	
722	2011-07-12	14.18	14.18	13.73	13.77	30221	5.25	002520	日发数码	SZ	14.26	5.44	
723	2011-07-11	14.27	14.34	14.13	14.26	28094	5.44	002520	日发数码	SZ	14.31	5.46	
724	2011-07-08	14.22	14.41	14	14.31	44088	5.46	002520	日发数码	SZ	13.88	5.3	
725	2011-07-07	14.16	14.27	13.86	13.88	41340	5.3	002520	日发数码	SZ	14.17	5.41	
726	2011-07-06	13.96	14.21	13.71	14.17	33267	5.41	002520	日发数码	SZ	13.98	5.33	
727	2011-07-05	13.7	14.03	13.62	13.98	32484	5.33	002520	日发数码	SZ	13.73	5.24	
728	2011-07-04	13.42	13.77	13.4	13.73	33598	5.24	002520	日发数码	SZ	13.4	5.11	
729	2011-07-01	13.69	13.73	13.4	13.4	30258	5.11	002520	日发数码	SZ	13.64	5.2	
730	2011-06-30	13.5	13.69	13.43	13.64	32117	5.2	002520	日发数码	SZ	13.5	5.15	
731	2011-06-29	13.42	13.69	13.3	13.5	28066	5.15	002520	日发数码	SZ	13.42	5.12	
732	2011-06-28	13.33	13.5	13.25	13.42	21016	5.12	002520	日发数码	SZ	13.43	5.12	
733	2011-06-27	12.88	13.76	12.8	13.43	54113	5.12	002520	日发数码	SZ	12.88	4.92	
734	2011-06-24	12.62	12.98	12.54	12.88	45730	4.92	002520	日发数码	SZ	12.7	4.85	
735	2011-06-23	12.24	12.77	12.08	12.7	35077	4.85	002520	日发数码	SZ	12.22	4.66	
736	2011-06-22	12.38	12.45	12.09	12.22	11568	4.66	002520	日发数码	SZ	12.3	4.69	
737	2011-06-21	12.21	12.33	12.04	12.3	13352	4.69	002520	日发数码	SZ	12.25	4.67	
738	2011-06-20	12.14	12.33	12.09	12.25	9641	4.67	002520	日发数码	SZ	12.2	4.66	
739	2011-06-17	12.23	12.32	12.18	12.2	8023	4.66	002520	日发数码	SZ	12.23	4.67	
740	2011-06-16	12.49	12.49	12.16	12.23	16279	4.67	002520	日发数码	SZ	12.54	4.78	
741	2011-06-15	12.78	12.83	12.51	12.54	11366	4.78	002520	日发数码	SZ	12.81	4.89	
742	2011-06-14	12.69	12.84	12.47	12.81	19247	4.89	002520	日发数码	SZ	12.63	4.82	
743	2011-06-13	12.48	12.69	12.31	12.63	12553	4.82	002520	日发数码	SZ	12.53	4.78	
744	2011-06-10	12.5	12.71	12.35	12.53	14754	4.78	002520	日发数码	SZ	12.67	4.83	
745	2011-06-09	13.03	13.2	12.61	12.67	31881	4.83	002520	日发数码	SZ	13.06	4.98	
746	2011-06-08	13.04	13.2	12.61	13.06	29675	4.98	002520	日发数码	SZ	13.04	4.98	
747	2011-06-07	13.02	13.11	12.88	13.04	14374	4.98	002520	日发数码	SZ	13.06	4.98	
748	2011-06-03	12.98	13.22	12.78	13.06	21144	4.98	002520	日发数码	SZ	12.99	4.95	
749	2011-06-02	12.58	13.02	12.42	12.99	32568	4.95	002520	日发数码	SZ	12.84	4.9	
750	2011-06-01	12.67	12.93	12.58	12.84	20765	4.9	002520	日发数码	SZ	12.67	4.83	
751	2011-05-31	12.42	12.73	12.27	12.67	18171	4.83	002520	日发数码	SZ	12.34	4.71	
752	2011-05-30	12.24	12.66	12.13	12.34	19905	4.71	002520	日发数码	SZ	12.22	4.66	
753	2011-05-27	12.6	12.74	12.2	12.22	27624	4.66	002520	日发数码	SZ	12.71	4.85	
754	2011-05-26	13.73	13.99	12.67	12.71	49823	4.85	002520	日发数码	SZ	13.73	5.24	
755	2011-05-25	14.28	14.3	13.73	13.73	31429	5.24	002520	日发数码	SZ	14.32	5.47	
756	2011-05-24	13.68	14.35	13.6	14.32	47421	5.47	002520	日发数码	SZ	13.73	5.24	
757	2011-05-23	13.79	13.99	13.61	13.73	28231	5.24	002520	日发数码	SZ	13.92	5.31	
758	2011-05-20	13.98	14.07	13.52	13.92	29876	5.31	002520	日发数码	SZ	13.99	5.34	
759	2011-05-19	13.83	14.27	13.83	13.99	25979	5.34	002520	日发数码	SZ	13.91	5.31	
760	2011-05-18	14.04	14.04	13.56	13.91	37392	5.31	002520	日发数码	SZ	14.12	5.39	
761	2011-05-17	14.6	14.78	14.09	14.12	38047	5.39	002520	日发数码	SZ	14.67	5.6	
762	2011-05-16	14.67	14.86	14.4	14.67	39837	5.6	002520	日发数码	SZ	14.72	5.62	
763	2011-05-13	14.98	15.11	14.38	14.72	53726	5.62	002520	日发数码	SZ	14.99	5.72	
764	2011-05-12	14.91	15.55	14.84	14.99	56443	5.72	002520	日发数码	SZ	15.06	5.75	
765	2011-05-11	14.48	15.4	14.4	15.06	71401	5.75	002520	日发数码	SZ	14.41	5.5	
766	2011-05-10	14.28	14.48	14.22	14.41	24852	5.5	002520	日发数码	SZ	14.4	5.49	
767	2011-05-09	14.22	14.71	14.14	14.4	47922	5.49	002520	日发数码	SZ	14.16	5.4	
768	2011-05-06	13.47	14.29	13.39	14.16	44084	5.4	002520	日发数码	SZ	13.64	5.21	
769	2011-05-05	13.95	14.04	13.41	13.64	33076	5.21	002520	日发数码	SZ	14.09	5.38	
770	2011-05-04	14.09	14.26	13.89	14.09	38168	5.38	002520	日发数码	SZ	14.2	5.42	
771	2011-05-03	13.38	14.44	13.38	14.2	42031	5.42	002520	日发数码	SZ	14.33	3.42	
772	2011-04-29	13.99	14.39	13.81	14.33	39431	3.42	002520	日发数码	SZ	14.06	3.35	
773	2011-04-28	13.99	14.28	13.51	14.06	59966	3.35	002520	日发数码	SZ	13.97	3.33	
774	2011-04-27	14.4	14.66	13.86	13.97	43522	3.33	002520	日发数码	SZ	14.49	3.46	
775	2011-04-26	14.74	15.09	14.4	14.49	30159	3.46	002520	日发数码	SZ	14.7	3.5	
776	2011-04-25	14.45	14.93	14.23	14.7	37632	3.5	002520	日发数码	SZ	14.61	3.48	
777	2011-04-21	14.51	14.96	14.37	14.61	39924	3.48	002520	日发数码	SZ	14.55	3.47	
778	2011-04-20	14.4	15.11	14.4	14.55	52545	3.47	002520	日发数码	SZ	14.33	3.42	
779	2011-04-19	14.26	14.61	14.08	14.33	55671	3.42	002520	日发数码	SZ	14.35	3.42	
780	2011-04-18	13.76	14.79	13.64	14.35	71512	3.42	002520	日发数码	SZ	13.45	3.21	
781	2011-04-15	13.62	13.75	13.21	13.45	32335	3.21	002520	日发数码	SZ	13.62	3.25	
782	2011-04-14	13.48	13.69	13.48	13.62	31130	3.25	002520	日发数码	SZ	13.6	3.24	
783	2011-04-13	13.24	13.93	13.24	13.6	60475	3.24	002520	日发数码	SZ	13.21	3.15	
784	2011-04-12	13.06	13.36	13.05	13.21	34529	3.15	002520	日发数码	SZ	13.16	3.14	
785	2011-04-11	13.04	13.48	13.04	13.16	50907	3.14	002520	日发数码	SZ	13.21	3.15	
786	2011-04-08	13.36	13.42	13.07	13.21	85358	3.15	002520	日发数码	SZ	13.18	3.14	
787	2011-04-07	11.98	13.18	11.9	13.18	76824	3.14	002520	日发数码	SZ	11.98	2.86	
788	2011-04-06	12.2	12.21	11.94	11.98	15947	2.86	002520	日发数码	SZ	12.21	2.91	
789	2011-04-01	12.18	12.25	12.15	12.21	7695	2.91	002520	日发数码	SZ	12.17	2.9	
790	2011-03-31	12.09	12.29	12.06	12.17	8568	2.9	002520	日发数码	SZ	12.11	2.89	
791	2011-03-30	12.29	12.39	12.03	12.11	17927	2.89	002520	日发数码	SZ	12.33	2.94	
792	2011-03-29	12.7	12.71	12.31	12.33	23339	2.94	002520	日发数码	SZ	12.69	3.03	
793	2011-03-28	12.74	12.86	12.59	12.69	29134	3.03	002520	日发数码	SZ	12.57	3	
794	2011-03-25	12.42	12.68	12.42	12.57	19941	3	002520	日发数码	SZ	12.44	2.97	
795	2011-03-24	12.56	12.58	12.43	12.44	15913	2.97	002520	日发数码	SZ	12.49	2.98	
796	2011-03-23	12.35	12.59	12.35	12.49	18073	2.98	002520	日发数码	SZ	12.39	2.95	
797	2011-03-22	12.65	12.68	12.3	12.39	30691	2.95	002520	日发数码	SZ	12.62	3.01	
798	2011-03-21	12.81	12.88	12.59	12.62	12614	3.01	002520	日发数码	SZ	12.83	3.06	
799	2011-03-18	12.76	12.9	12.73	12.83	9302	3.06	002520	日发数码	SZ	12.73	3.03	
800	2011-03-17	13.01	13.03	12.68	12.73	18321	3.03	002520	日发数码	SZ	13.08	3.12	
801	2011-03-16	12.89	13.13	12.89	13.08	16847	3.12	002520	日发数码	SZ	12.92	3.08	
802	2011-03-15	13.16	13.16	12.74	12.92	14521	3.08	002520	日发数码	SZ	13.1	3.12	
803	2011-03-14	12.89	13.17	12.89	13.1	20037	3.12	002520	日发数码	SZ	12.86	3.07	
804	2011-03-11	12.86	13.02	12.83	12.86	20919	3.07	002520	日发数码	SZ	12.97	3.09	
805	2011-03-10	13.14	13.24	12.89	12.97	35295	3.09	002520	日发数码	SZ	13.2	3.15	
806	2011-03-09	13.18	13.3	13.04	13.2	16755	3.15	002520	日发数码	SZ	13.19	3.14	
807	2011-03-08	13.03	13.2	12.86	13.19	19360	3.14	002520	日发数码	SZ	13.02	3.1	
808	2011-03-07	13.09	13.15	12.95	13.02	14467	3.1	002520	日发数码	SZ	13.09	3.12	
809	2011-03-04	12.83	13.19	12.83	13.09	12806	3.12	002520	日发数码	SZ	12.83	3.06	
810	2011-03-03	12.99	13.09	12.74	12.83	13607	3.06	002520	日发数码	SZ	13.08	3.12	
811	2011-03-02	13.21	13.27	12.94	13.08	16159	3.12	002520	日发数码	SZ	13.27	3.16	
812	2011-03-01	13.33	13.42	13.16	13.27	19449	3.16	002520	日发数码	SZ	13.33	3.18	
813	2011-02-28	13.21	13.43	13.17	13.33	23147	3.18	002520	日发数码	SZ	13.28	3.17	
814	2011-02-25	12.54	13.53	12.54	13.28	56677	3.17	002520	日发数码	SZ	12.64	3.01	
815	2011-02-24	12.52	12.68	12.36	12.64	17653	3.01	002520	日发数码	SZ	12.52	2.98	
816	2011-02-23	12.47	12.6	12.36	12.52	14169	2.98	002520	日发数码	SZ	12.49	2.98	
817	2011-02-22	12.92	13.04	12.45	12.49	21535	2.98	002520	日发数码	SZ	12.97	3.09	
818	2011-02-21	12.68	13.09	12.68	12.97	15356	3.09	002520	日发数码	SZ	12.76	3.04	
819	2011-02-18	13.05	13.08	12.71	12.76	18256	3.04	002520	日发数码	SZ	13.04	3.11	
820	2011-02-17	12.91	13.09	12.86	13.04	24670	3.11	002520	日发数码	SZ	12.86	3.06	
821	2011-02-16	12.49	12.98	12.49	12.86	25225	3.06	002520	日发数码	SZ	12.49	2.98	
822	2011-02-15	12.53	12.73	12.48	12.49	20565	2.98	002520	日发数码	SZ	12.59	3	
823	2011-02-14	12.5	12.61	12.44	12.59	25825	3	002520	日发数码	SZ	12.45	2.97	
824	2011-02-11	12.41	12.59	12.31	12.45	17136	2.97	002520	日发数码	SZ	12.41	2.96	
825	2011-02-10	11.94	12.44	11.87	12.41	17727	2.96	002520	日发数码	SZ	11.93	2.84	
826	2011-02-09	12.26	12.26	11.85	11.93	15006	2.84	002520	日发数码	SZ	12.34	2.94	
827	2011-02-01	12.36	12.65	12.3	12.34	14121	2.94	002520	日发数码	SZ	12.38	2.95	
828	2011-01-31	12.07	12.38	12.06	12.38	17046	2.95	002520	日发数码	SZ	12.07	2.88	
829	2011-01-28	12.2	12.21	11.97	12.07	17781	2.88	002520	日发数码	SZ	12.2	2.91	
830	2011-01-27	12	12.31	11.98	12.2	12512	2.91	002520	日发数码	SZ	12.09	2.88	
831	2011-01-26	11.87	12.24	11.87	12.09	11033	2.88	002520	日发数码	SZ	11.94	2.85	
832	2011-01-25	11.9	12.04	11.76	11.94	8598	2.85	002520	日发数码	SZ	11.9	2.84	
833	2011-01-24	12	12.3	11.85	11.9	15146	2.84	002520	日发数码	SZ	11.99	2.86	
834	2011-01-21	11.95	12.18	11.79	11.99	13764	2.86	002520	日发数码	SZ	11.95	2.85	
835	2011-01-20	12.78	12.87	11.93	11.95	29609	2.85	002520	日发数码	SZ	12.86	3.07	
836	2011-01-19	12.73	12.9	12.6	12.86	16540	3.07	002520	日发数码	SZ	12.7	3.03	
837	2011-01-18	12.63	12.83	12.53	12.7	9765	3.03	002520	日发数码	SZ	12.66	3.02	
838	2011-01-17	12.83	13.03	12.63	12.66	17062	3.02	002520	日发数码	SZ	12.9	3.08	
839	2011-01-14	13.25	13.38	12.89	12.9	17311	3.08	002520	日发数码	SZ	13.35	3.18	
840	2011-01-13	13.33	13.44	13.24	13.35	18653	3.18	002520	日发数码	SZ	13.19	3.14	
841	2011-01-12	13.04	13.24	12.98	13.19	17477	3.14	002520	日发数码	SZ	12.97	3.09	
842	2011-01-11	13.13	13.27	12.9	12.97	21497	3.09	002520	日发数码	SZ	13.18	3.14	
843	2011-01-10	13.51	13.53	13.16	13.18	26310	3.14	002520	日发数码	SZ	13.55	3.23	
844	2011-01-07	13.68	13.88	13.55	13.55	23800	3.23	002520	日发数码	SZ	13.74	3.28	
845	2011-01-06	14.01	14.01	13.74	13.74	28691	3.28	002520	日发数码	SZ	13.93	3.32	
846	2011-01-05	13.65	14.16	13.64	13.93	41703	3.32	002520	日发数码	SZ	13.73	3.27	
847	2011-01-04	13.58	13.81	13.51	13.73	39706	3.27	002520	日发数码	SZ	-1	-1	
