844	2011-01-04	7.61	7.96	7.48	7.9	126990	1.91	002524	光正钢构	SZ	-1	-1	
843	2011-01-05	7.77	7.93	7.72	7.77	75548	1.88	002524	光正钢构	SZ	7.9	1.91	
842	2011-01-06	7.74	8.17	7.7	7.94	123158	1.92	002524	光正钢构	SZ	7.77	1.88	
841	2011-01-07	7.87	7.99	7.62	7.62	73544	1.84	002524	光正钢构	SZ	7.94	1.92	
840	2011-01-10	7.6	7.66	7.33	7.38	53647	1.79	002524	光正钢构	SZ	7.62	1.84	
839	2011-01-11	7.27	7.33	6.88	6.96	69197	1.69	002524	光正钢构	SZ	7.38	1.79	
838	2011-01-12	6.95	7.11	6.9	7.05	33407	1.71	002524	光正钢构	SZ	6.96	1.69	
837	2011-01-13	7.07	7.23	6.93	7.2	59193	1.74	002524	光正钢构	SZ	7.05	1.71	
836	2011-01-14	7.21	7.22	6.94	6.95	38686	1.68	002524	光正钢构	SZ	7.2	1.74	
835	2011-01-17	6.87	6.93	6.31	6.38	48390	1.55	002524	光正钢构	SZ	6.95	1.68	
834	2011-01-18	6.15	6.37	6.15	6.23	32942	1.51	002524	光正钢构	SZ	6.38	1.55	
833	2011-01-19	6.24	6.55	6.23	6.47	56171	1.57	002524	光正钢构	SZ	6.23	1.51	
832	2011-01-20	6.48	6.48	5.83	5.94	46643	1.44	002524	光正钢构	SZ	6.47	1.57	
831	2011-01-21	5.88	6.54	5.86	6.54	60333	1.58	002524	光正钢构	SZ	5.94	1.44	
830	2011-01-24	6.88	7.19	6.78	7.19	160882	1.74	002524	光正钢构	SZ	6.54	1.58	
829	2011-01-25	7.21	7.88	6.88	7.62	264445	1.84	002524	光正钢构	SZ	7.19	1.74	
828	2011-01-26	7.35	7.67	7.27	7.47	146196	1.81	002524	光正钢构	SZ	7.62	1.84	
827	2011-01-27	7.38	8.09	7.35	7.62	184314	1.85	002524	光正钢构	SZ	7.47	1.81	
826	2011-01-28	7.36	7.63	7.21	7.52	118995	1.82	002524	光正钢构	SZ	7.62	1.85	
825	2011-01-31	7.45	8.05	7.3	7.92	164859	1.92	002524	光正钢构	SZ	7.52	1.82	
824	2011-02-01	7.84	7.89	7.58	7.72	94592	1.87	002524	光正钢构	SZ	7.92	1.92	
823	2011-02-09	7.7	8.49	7.4	8.49	183164	2.05	002524	光正钢构	SZ	7.72	1.87	
822	2011-02-10	8.52	8.95	8.33	8.68	188978	2.1	002524	光正钢构	SZ	8.49	2.05	
821	2011-02-11	8.59	8.81	8.5	8.78	116513	2.12	002524	光正钢构	SZ	8.68	2.1	
820	2011-02-14	8.78	8.8	8.36	8.58	123230	2.08	002524	光正钢构	SZ	8.78	2.12	
819	2011-02-15	8.52	9.12	8.39	8.92	157979	2.16	002524	光正钢构	SZ	8.58	2.08	
818	2011-02-16	8.87	9.31	8.72	8.92	155391	2.16	002524	光正钢构	SZ	8.92	2.16	
817	2011-02-17	8.82	8.94	8.56	8.68	121963	2.1	002524	光正钢构	SZ	8.92	2.16	
816	2011-02-18	8.68	8.79	8.28	8.34	98569	2.02	002524	光正钢构	SZ	8.68	2.1	
815	2011-02-21	8.1	8.55	8.1	8.42	72749	2.04	002524	光正钢构	SZ	8.34	2.02	
814	2011-02-22	8.34	8.57	8.11	8.16	81250	1.97	002524	光正钢构	SZ	8.42	2.04	
813	2011-02-23	8.16	8.58	8.16	8.51	87321	2.06	002524	光正钢构	SZ	8.16	1.97	
812	2011-02-24	8.52	8.82	8.34	8.76	107554	2.12	002524	光正钢构	SZ	8.51	2.06	
811	2011-02-25	8.74	8.75	8.36	8.41	68016	2.04	002524	光正钢构	SZ	8.76	2.12	
810	2011-02-28	8.31	8.46	8.14	8.46	79024	2.05	002524	光正钢构	SZ	8.41	2.04	
809	2011-03-01	8.43	8.53	8.35	8.37	51868	2.02	002524	光正钢构	SZ	8.46	2.05	
808	2011-03-02	8.33	8.33	7.85	7.99	81897	1.93	002524	光正钢构	SZ	8.37	2.02	
807	2011-03-03	7.98	8.08	7.82	7.82	44051	1.89	002524	光正钢构	SZ	7.99	1.93	
806	2011-03-04	7.84	7.97	7.68	7.94	51296	1.92	002524	光正钢构	SZ	7.82	1.89	
805	2011-03-07	7.94	8	7.83	7.95	45067	1.93	002524	光正钢构	SZ	7.94	1.92	
804	2011-03-08	7.91	8.17	7.85	8.16	62463	1.97	002524	光正钢构	SZ	7.95	1.93	
803	2011-03-09	8.16	8.16	7.99	8.04	35843	1.95	002524	光正钢构	SZ	8.16	1.97	
802	2011-03-10	8.04	8.08	7.77	7.79	48883	1.89	002524	光正钢构	SZ	8.04	1.95	
801	2011-03-11	7.75	7.92	7.72	7.73	35491	1.87	002524	光正钢构	SZ	7.79	1.89	
800	2011-03-14	7.69	8.5	7.69	8.5	140964	2.06	002524	光正钢构	SZ	7.73	1.87	
799	2011-03-15	8.68	9.16	8.58	8.62	287597	2.09	002524	光正钢构	SZ	8.5	2.06	
798	2011-03-16	8.46	8.93	8.37	8.6	141747	2.08	002524	光正钢构	SZ	8.62	2.09	
797	2011-03-17	8.48	8.75	7.99	8.03	123625	1.94	002524	光正钢构	SZ	8.6	2.08	
796	2011-03-18	8.03	8.2	7.84	8.03	58430	1.94	002524	光正钢构	SZ	8.03	1.94	
795	2011-03-21	7.92	8.09	7.87	7.97	42894	1.93	002524	光正钢构	SZ	8.03	1.94	
794	2011-03-22	8.06	8.06	7.79	7.86	35128	1.9	002524	光正钢构	SZ	7.97	1.93	
793	2011-03-23	7.86	8.07	7.86	7.95	28850	1.92	002524	光正钢构	SZ	7.86	1.9	
792	2011-03-24	7.97	8.05	7.85	7.98	50937	1.93	002524	光正钢构	SZ	7.95	1.92	
791	2011-03-25	7.99	8.04	7.89	7.91	53461	1.91	002524	光正钢构	SZ	7.98	1.93	
790	2011-03-28	7.98	8.01	7.77	7.78	52410	1.88	002524	光正钢构	SZ	7.91	1.91	
789	2011-03-29	7.76	8.46	7.75	8.09	112972	1.96	002524	光正钢构	SZ	7.78	1.88	
788	2011-03-30	8.09	8.11	7.76	7.77	61658	1.88	002524	光正钢构	SZ	8.09	1.96	
787	2011-03-31	7.77	7.85	7.32	7.4	49183	1.79	002524	光正钢构	SZ	7.77	1.88	
786	2011-04-01	7.4	7.48	7.23	7.41	30340	1.79	002524	光正钢构	SZ	7.4	1.79	
785	2011-04-06	7.4	7.4	7.13	7.17	30653	1.74	002524	光正钢构	SZ	7.41	1.79	
784	2011-04-07	7.27	7.4	7.18	7.31	27830	1.77	002524	光正钢构	SZ	7.17	1.74	
783	2011-04-08	7.33	7.6	7.33	7.53	29136	1.82	002524	光正钢构	SZ	7.31	1.77	
782	2011-04-11	7.52	7.57	7.39	7.4	24578	1.79	002524	光正钢构	SZ	7.53	1.82	
781	2011-04-12	7.35	7.52	7.25	7.43	47122	1.8	002524	光正钢构	SZ	7.4	1.79	
780	2011-04-13	7.36	7.4	7.24	7.32	32098	1.77	002524	光正钢构	SZ	7.43	1.8	
779	2011-04-14	7.3	7.39	7.26	7.28	24191	1.76	002524	光正钢构	SZ	7.32	1.77	
778	2011-04-15	7.27	7.3	7.08	7.11	34045	1.72	002524	光正钢构	SZ	7.28	1.76	
777	2011-04-19	7.11	7.6	7.03	7.34	81050	1.78	002524	光正钢构	SZ	7.11	1.72	
776	2011-04-20	7.28	7.43	7.16	7.25	41489	1.76	002524	光正钢构	SZ	7.34	1.78	
775	2011-04-21	7.43	7.98	7.29	7.98	138422	1.93	002524	光正钢构	SZ	7.25	1.76	
774	2011-04-22	8.21	8.49	7.98	8.12	200447	1.96	002524	光正钢构	SZ	7.98	1.93	
773	2011-04-25	8.08	8.45	7.72	8.24	138014	1.99	002524	光正钢构	SZ	8.12	1.96	
772	2011-04-26	8.16	8.29	7.8	7.82	80343	1.89	002524	光正钢构	SZ	8.24	1.99	
771	2011-04-27	7.79	8.11	7.06	7.76	93011	3.78	002524	光正钢构	SZ	7.82	1.89	
770	2011-04-28	7.55	7.78	6.99	7.01	87806	3.41	002524	光正钢构	SZ	7.76	3.78	
769	2011-04-29	7.01	7.01	6.62	6.79	65649	3.31	002524	光正钢构	SZ	7.01	3.41	
768	2011-05-03	6.83	6.84	6.63	6.83	56363	3.32	002524	光正钢构	SZ	6.79	3.31	
767	2011-05-04	6.83	7.42	6.67	7.15	128139	3.48	002524	光正钢构	SZ	6.83	3.32	
766	2011-05-05	6.95	7.35	6.87	7.19	84256	3.5	002524	光正钢构	SZ	7.15	3.48	
765	2011-05-06	7.15	7.18	6.92	7.02	54055	3.42	002524	光正钢构	SZ	7.19	3.5	
764	2011-05-09	6.96	7.14	6.94	6.99	40985	3.4	002524	光正钢构	SZ	7.02	3.42	
763	2011-05-10	6.96	7.05	6.81	7.03	41153	3.42	002524	光正钢构	SZ	6.99	3.4	
762	2011-05-11	7.03	7.73	6.91	7.73	115318	3.76	002524	光正钢构	SZ	7.03	3.42	
761	2011-05-12	7.89	8.5	7.88	8.25	298344	4.02	002524	光正钢构	SZ	7.73	3.76	
760	2011-05-13	8.28	8.37	7.84	8	155227	3.89	002524	光正钢构	SZ	8.25	4.02	
759	2011-05-16	7.99	8.23	7.9	8.13	118621	3.96	002524	光正钢构	SZ	8	3.89	
758	2011-05-17	8.06	8.06	7.57	7.79	92145	3.79	002524	光正钢构	SZ	8.13	3.96	
757	2011-05-18	7.65	7.9	7.53	7.65	64675	3.72	002524	光正钢构	SZ	7.79	3.79	
756	2011-05-19	7.71	7.94	7.63	7.66	72085	3.73	002524	光正钢构	SZ	7.65	3.72	
755	2011-05-23	7.63	7.63	6.89	6.89	103819	3.36	002524	光正钢构	SZ	7.66	3.73	
754	2011-05-24	6.66	6.9	6.38	6.8	71233	3.31	002524	光正钢构	SZ	6.89	3.36	
753	2011-05-25	6.73	7.08	6.66	6.84	51499	3.33	002524	光正钢构	SZ	6.8	3.31	
752	2011-05-26	6.77	6.98	6.59	6.61	44791	3.22	002524	光正钢构	SZ	6.84	3.33	
751	2011-05-27	6.62	6.73	6.39	6.41	37287	3.12	002524	光正钢构	SZ	6.61	3.22	
750	2011-05-30	6.32	6.94	6.28	6.71	64867	3.27	002524	光正钢构	SZ	6.41	3.12	
749	2011-05-31	6.63	6.78	6.54	6.78	53200	3.3	002524	光正钢构	SZ	6.71	3.27	
748	2011-06-01	6.72	7.05	6.71	6.92	59758	3.37	002524	光正钢构	SZ	6.78	3.3	
747	2011-06-02	6.86	7.33	6.75	7	111543	3.41	002524	光正钢构	SZ	6.92	3.37	
746	2011-06-03	7.06	7.11	6.84	7	58647	3.41	002524	光正钢构	SZ	7	3.41	
745	2011-06-07	6.9	7.06	6.87	7.01	52773	3.41	002524	光正钢构	SZ	7	3.41	
744	2011-06-08	6.93	7.13	6.8	7.06	81396	3.44	002524	光正钢构	SZ	7.01	3.41	
743	2011-06-09	7.02	7.06	6.62	6.71	63456	3.27	002524	光正钢构	SZ	7.06	3.44	
742	2011-06-10	6.63	6.72	6.43	6.6	45336	3.21	002524	光正钢构	SZ	6.71	3.27	
741	2011-06-13	6.45	6.62	6.43	6.55	30861	3.19	002524	光正钢构	SZ	6.6	3.21	
740	2011-06-14	6.5	6.8	6.49	6.73	44040	3.27	002524	光正钢构	SZ	6.55	3.19	
739	2011-06-15	6.69	6.84	6.62	6.66	50153	3.24	002524	光正钢构	SZ	6.73	3.27	
738	2011-06-16	6.64	6.64	6.42	6.44	36669	3.13	002524	光正钢构	SZ	6.66	3.24	
737	2011-06-17	6.5	6.5	6.33	6.34	26847	3.09	002524	光正钢构	SZ	6.44	3.13	
736	2011-06-20	6.44	6.46	6.31	6.37	23778	3.1	002524	光正钢构	SZ	6.34	3.09	
735	2011-06-21	6.41	6.6	6.4	6.57	44215	3.2	002524	光正钢构	SZ	6.37	3.1	
734	2011-06-22	6.53	6.59	6.45	6.48	29808	3.15	002524	光正钢构	SZ	6.57	3.2	
733	2011-06-23	6.45	7.12	6.4	7.12	107226	3.47	002524	光正钢构	SZ	6.48	3.15	
732	2011-06-24	7.18	7.49	7.03	7.14	196437	3.48	002524	光正钢构	SZ	7.12	3.47	
731	2011-06-27	7.11	7.6	7.06	7.34	164634	3.58	002524	光正钢构	SZ	7.14	3.48	
730	2011-06-28	7.29	7.5	7.16	7.38	117888	3.59	002524	光正钢构	SZ	7.34	3.58	
729	2011-06-29	7.35	7.62	7.28	7.36	103449	3.58	002524	光正钢构	SZ	7.38	3.59	
728	2011-06-30	7.24	7.55	7.24	7.35	83304	3.58	002524	光正钢构	SZ	7.36	3.58	
727	2011-07-01	7.35	7.67	7.23	7.52	119507	3.66	002524	光正钢构	SZ	7.35	3.58	
726	2011-07-04	7.55	7.75	7.45	7.72	131237	3.76	002524	光正钢构	SZ	7.52	3.66	
725	2011-07-05	7.72	7.72	7.52	7.61	105537	3.71	002524	光正钢构	SZ	7.72	3.76	
724	2011-07-06	7.6	7.91	7.49	7.69	111615	3.74	002524	光正钢构	SZ	7.61	3.71	
723	2011-07-07	7.55	7.75	7.51	7.52	88861	3.66	002524	光正钢构	SZ	7.69	3.74	
722	2011-07-08	7.49	7.57	7.36	7.43	49427	3.62	002524	光正钢构	SZ	7.52	3.66	
721	2011-07-11	7.36	7.5	7.35	7.46	31160	3.63	002524	光正钢构	SZ	7.43	3.62	
720	2011-07-12	7.39	7.57	7.35	7.47	61632	3.63	002524	光正钢构	SZ	7.46	3.63	
719	2011-07-13	7.5	7.74	7.43	7.66	80179	3.73	002524	光正钢构	SZ	7.47	3.63	
718	2011-07-14	7.67	7.89	7.61	7.83	113153	3.81	002524	光正钢构	SZ	7.66	3.73	
717	2011-07-15	7.78	7.99	7.72	7.77	99773	3.79	002524	光正钢构	SZ	7.83	3.81	
716	2011-07-18	7.73	7.96	7.65	7.68	59830	3.74	002524	光正钢构	SZ	7.77	3.79	
715	2011-07-19	7.65	7.72	7.5	7.5	43779	3.65	002524	光正钢构	SZ	7.68	3.74	
714	2011-07-20	7.48	7.68	7.48	7.67	51797	3.74	002524	光正钢构	SZ	7.5	3.65	
713	2011-07-21	7.67	7.71	7.33	7.35	53169	3.58	002524	光正钢构	SZ	7.67	3.74	
712	2011-07-22	7.35	7.45	7.28	7.31	32070	3.56	002524	光正钢构	SZ	7.35	3.58	
711	2011-07-25	7.28	7.44	6.68	6.8	52678	3.31	002524	光正钢构	SZ	7.31	3.56	
710	2011-07-26	6.82	6.96	6.71	6.88	30008	3.35	002524	光正钢构	SZ	6.8	3.31	
709	2011-07-27	6.89	7	6.77	6.98	34087	3.4	002524	光正钢构	SZ	6.88	3.35	
708	2011-07-28	6.9	6.99	6.82	6.91	22150	3.37	002524	光正钢构	SZ	6.98	3.4	
707	2011-07-29	6.86	6.94	6.79	6.81	24264	3.32	002524	光正钢构	SZ	6.91	3.37	
706	2011-08-01	6.79	6.9	6.72	6.84	22579	3.33	002524	光正钢构	SZ	6.81	3.32	
705	2011-08-02	6.86	6.86	6.57	6.7	29399	3.26	002524	光正钢构	SZ	6.84	3.33	
704	2011-08-03	6.63	6.95	6.58	6.84	36405	3.33	002524	光正钢构	SZ	6.7	3.26	
703	2011-08-04	6.84	6.91	6.79	6.9	26413	3.36	002524	光正钢构	SZ	6.84	3.33	
702	2011-08-05	6.62	6.8	6.55	6.67	27449	3.25	002524	光正钢构	SZ	6.9	3.36	
701	2011-08-09	6	6.36	6	6.24	76801	3.04	002524	光正钢构	SZ	6.67	3.25	
700	2011-08-10	6.28	6.51	6.28	6.37	59150	3.1	002524	光正钢构	SZ	6.24	3.04	
699	2011-08-11	6.23	6.42	6.17	6.38	40858	3.11	002524	光正钢构	SZ	6.37	3.1	
698	2011-08-12	6.48	6.85	6.39	6.56	67343	3.19	002524	光正钢构	SZ	6.38	3.11	
697	2011-08-15	6.47	6.89	6.45	6.76	79812	3.29	002524	光正钢构	SZ	6.56	3.19	
696	2011-08-16	6.72	6.76	6.56	6.57	55115	3.2	002524	光正钢构	SZ	6.76	3.29	
695	2011-08-17	6.46	6.64	6.46	6.55	24004	3.19	002524	光正钢构	SZ	6.57	3.2	
694	2011-08-18	6.55	6.59	6.27	6.37	35494	3.1	002524	光正钢构	SZ	6.55	3.19	
693	2011-08-19	6.52	7	6.52	7	123129	3.41	002524	光正钢构	SZ	6.37	3.1	
692	2011-08-22	7.21	7.6	7.16	7.44	311841	3.62	002524	光正钢构	SZ	7	3.41	
691	2011-08-23	7.31	7.45	7.22	7.42	177688	3.61	002524	光正钢构	SZ	7.44	3.62	
690	2011-08-24	7.42	7.69	7.26	7.4	192508	3.6	002524	光正钢构	SZ	7.42	3.61	
689	2011-08-25	7.35	7.38	7.1	7.33	128983	3.57	002524	光正钢构	SZ	7.4	3.6	
688	2011-08-26	7.27	7.45	7.2	7.27	89998	3.54	002524	光正钢构	SZ	7.33	3.57	
687	2011-08-29	7.25	7.35	7.16	7.33	67769	3.57	002524	光正钢构	SZ	7.27	3.54	
686	2011-08-30	7.38	7.4	6.97	7	87657	3.41	002524	光正钢构	SZ	7.33	3.57	
685	2011-08-31	7.05	7.05	6.62	6.75	71274	3.29	002524	光正钢构	SZ	7	3.41	
684	2011-09-01	6.87	7.43	6.87	7.43	77486	3.62	002524	光正钢构	SZ	6.75	3.29	
683	2011-09-02	7.77	7.88	7.41	7.43	264443	3.62	002524	光正钢构	SZ	7.43	3.62	
682	2011-09-05	7.2	7.21	6.8	6.99	108111	3.4	002524	光正钢构	SZ	7.43	3.62	
681	2011-09-06	6.81	7	6.72	6.76	68180	3.29	002524	光正钢构	SZ	6.99	3.4	
680	2011-09-07	6.83	7.2	6.77	7.03	88995	3.42	002524	光正钢构	SZ	6.76	3.29	
679	2011-09-08	6.99	7.08	6.87	6.94	72051	3.38	002524	光正钢构	SZ	7.03	3.42	
678	2011-09-09	7.06	7.33	6.96	7.04	80487	3.43	002524	光正钢构	SZ	6.94	3.38	
677	2011-09-13	6.81	6.89	6.62	6.85	63647	3.34	002524	光正钢构	SZ	7.04	3.43	
676	2011-09-14	6.91	6.91	6.53	6.85	51350	3.33	002524	光正钢构	SZ	6.85	3.34	
675	2011-09-15	6.86	6.95	6.76	6.89	47989	3.35	002524	光正钢构	SZ	6.85	3.33	
674	2011-09-16	6.93	7.02	6.85	6.98	61146	3.4	002524	光正钢构	SZ	6.89	3.35	
673	2011-09-19	6.95	6.95	6.62	6.62	46058	3.22	002524	光正钢构	SZ	6.98	3.4	
672	2011-09-20	6.62	6.7	6.52	6.64	34434	3.23	002524	光正钢构	SZ	6.62	3.22	
671	2011-09-21	6.65	6.96	6.54	6.86	64467	3.34	002524	光正钢构	SZ	6.64	3.23	
670	2011-09-22	6.72	6.84	6.59	6.6	45982	3.21	002524	光正钢构	SZ	6.86	3.34	
669	2011-09-23	6.42	6.61	6.37	6.58	32648	3.2	002524	光正钢构	SZ	6.6	3.21	
668	2011-09-26	6.72	6.72	6.49	6.54	23110	3.19	002524	光正钢构	SZ	6.58	3.2	
667	2011-09-27	6.62	6.67	6.38	6.53	23346	3.18	002524	光正钢构	SZ	6.54	3.19	
666	2011-09-28	6.57	6.62	6.32	6.35	24867	3.09	002524	光正钢构	SZ	6.53	3.18	
665	2011-09-29	6.43	6.43	6.15	6.18	23448	3.01	002524	光正钢构	SZ	6.35	3.09	
664	2011-09-30	6.17	6.25	6.03	6.17	21146	3	002524	光正钢构	SZ	6.18	3.01	
663	2011-10-10	6.37	6.78	6.37	6.51	93759	3.17	002524	光正钢构	SZ	6.17	3	
662	2011-10-11	6.52	6.66	6.21	6.31	59696	3.07	002524	光正钢构	SZ	6.51	3.17	
661	2011-10-12	6.31	6.65	6.18	6.58	63526	3.21	002524	光正钢构	SZ	6.31	3.07	
660	2011-10-13	6.52	6.81	6.52	6.72	75953	3.27	002524	光正钢构	SZ	6.58	3.21	
659	2011-10-14	6.66	6.71	6.55	6.65	35617	3.24	002524	光正钢构	SZ	6.72	3.27	
658	2011-10-17	6.57	6.85	6.51	6.75	56628	3.29	002524	光正钢构	SZ	6.65	3.24	
657	2011-10-18	6.66	6.69	6.41	6.47	43327	3.15	002524	光正钢构	SZ	6.75	3.29	
656	2011-10-19	6.5	6.61	6.44	6.5	26782	3.17	002524	光正钢构	SZ	6.47	3.15	
655	2011-10-20	6.42	6.51	6.12	6.21	45740	3.02	002524	光正钢构	SZ	6.5	3.17	
654	2011-10-24	6.13	6.22	5.74	6.08	46969	2.96	002524	光正钢构	SZ	6.21	3.02	
653	2011-10-25	6.08	6.31	5.98	6.25	40354	3.04	002524	光正钢构	SZ	6.08	2.96	
652	2011-10-26	6.14	6.5	6.11	6.32	48537	3.08	002524	光正钢构	SZ	6.25	3.04	
651	2011-10-27	6.39	6.44	6.25	6.28	41908	3.06	002524	光正钢构	SZ	6.32	3.08	
650	2011-10-28	6.32	6.47	6.26	6.43	48784	3.13	002524	光正钢构	SZ	6.28	3.06	
649	2011-10-31	6.42	6.51	6.35	6.48	43853	3.15	002524	光正钢构	SZ	6.43	3.13	
648	2011-11-01	6.42	6.56	6.36	6.45	40664	3.14	002524	光正钢构	SZ	6.48	3.15	
647	2011-11-02	6.32	6.51	6.22	6.49	50385	3.16	002524	光正钢构	SZ	6.45	3.14	
646	2011-11-03	6.5	7.01	6.47	6.71	125615	3.27	002524	光正钢构	SZ	6.49	3.16	
645	2011-11-04	6.77	6.94	6.68	6.76	70753	3.29	002524	光正钢构	SZ	6.71	3.27	
644	2011-11-07	6.71	6.91	6.64	6.81	65769	3.32	002524	光正钢构	SZ	6.76	3.29	
643	2011-11-08	6.99	7.01	6.66	6.66	54836	3.24	002524	光正钢构	SZ	6.81	3.32	
642	2011-11-09	6.62	6.75	6.53	6.74	37772	3.28	002524	光正钢构	SZ	6.66	3.24	
641	2011-11-10	6.67	6.73	6.53	6.53	37601	3.18	002524	光正钢构	SZ	6.74	3.28	
640	2011-11-11	6.56	6.63	6.48	6.62	29143	3.22	002524	光正钢构	SZ	6.53	3.18	
639	2011-11-14	6.62	6.78	6.62	6.73	40285	3.27	002524	光正钢构	SZ	6.62	3.22	
638	2011-11-15	6.71	6.84	6.63	6.77	39444	3.3	002524	光正钢构	SZ	6.73	3.27	
637	2011-11-16	6.7	6.77	6.48	6.51	35959	3.17	002524	光正钢构	SZ	6.77	3.3	
636	2011-11-17	6.56	6.6	6.49	6.54	18102	3.18	002524	光正钢构	SZ	6.51	3.17	
635	2011-11-18	6.5	6.52	6.23	6.25	31670	3.05	002524	光正钢构	SZ	6.54	3.18	
634	2011-11-21	6.34	6.35	6.19	6.29	12377	3.06	002524	光正钢构	SZ	6.25	3.05	
633	2011-11-22	6.24	6.29	6.18	6.26	12846	3.05	002524	光正钢构	SZ	6.29	3.06	
632	2011-11-23	6.3	6.3	6.22	6.25	19123	3.04	002524	光正钢构	SZ	6.26	3.05	
631	2011-11-24	6.27	6.47	6.22	6.33	47685	3.08	002524	光正钢构	SZ	6.25	3.04	
630	2011-11-25	6.32	6.32	5.88	6.28	40448	3.06	002524	光正钢构	SZ	6.33	3.08	
629	2011-11-28	6.24	6.62	6.23	6.47	85501	3.15	002524	光正钢构	SZ	6.28	3.06	
628	2011-11-29	6.47	6.57	6.39	6.48	54813	3.16	002524	光正钢构	SZ	6.47	3.15	
627	2011-11-30	6.47	6.47	5.98	6.22	52149	3.03	002524	光正钢构	SZ	6.48	3.16	
626	2011-12-01	6.37	6.47	6.29	6.31	37458	3.07	002524	光正钢构	SZ	6.22	3.03	
625	2011-12-02	6.5	6.67	6.34	6.35	81162	3.09	002524	光正钢构	SZ	6.31	3.07	
624	2011-12-05	6.13	6.2	5.84	5.89	53755	2.87	002524	光正钢构	SZ	6.35	3.09	
623	2011-12-06	5.83	5.9	5.78	5.88	22808	2.86	002524	光正钢构	SZ	5.89	2.87	
622	2011-12-07	5.93	5.93	5.81	5.85	13217	2.85	002524	光正钢构	SZ	5.88	2.86	
621	2011-12-08	5.87	5.88	5.65	5.82	25359	2.84	002524	光正钢构	SZ	5.85	2.85	
620	2011-12-09	5.74	5.77	5.61	5.63	22498	2.74	002524	光正钢构	SZ	5.82	2.84	
619	2011-12-12	5.63	5.7	5.54	5.54	10861	2.7	002524	光正钢构	SZ	5.63	2.74	
618	2011-12-13	5.54	5.54	5.02	5.07	28384	2.47	002524	光正钢构	SZ	5.54	2.7	
617	2011-12-14	5.05	5.09	4.8	4.8	28476	2.34	002524	光正钢构	SZ	5.07	2.47	
616	2011-12-15	4.74	4.78	4.37	4.44	38098	2.16	002524	光正钢构	SZ	4.8	2.34	
615	2011-12-16	4.38	4.58	4.29	4.54	42353	2.21	002524	光正钢构	SZ	4.44	2.16	
614	2011-12-19	4.5	4.5	4.31	4.45	26426	2.16	002524	光正钢构	SZ	4.54	2.21	
613	2011-12-20	4.43	4.57	4.36	4.47	28932	2.17	002524	光正钢构	SZ	4.45	2.16	
612	2011-12-21	4.52	4.56	4.24	4.25	20390	2.07	002524	光正钢构	SZ	4.47	2.17	
611	2011-12-22	4.19	4.19	3.91	4.09	29954	1.99	002524	光正钢构	SZ	4.25	2.07	
610	2011-12-23	4.09	4.5	4.02	4.5	89048	2.19	002524	光正钢构	SZ	4.09	1.99	
609	2011-12-26	4.41	4.54	4.37	4.38	61519	2.13	002524	光正钢构	SZ	4.5	2.19	
608	2011-12-27	4.34	4.36	4.14	4.16	43806	2.03	002524	光正钢构	SZ	4.38	2.13	
606	2011-12-29	4.26	4.58	4.26	4.58	45078	2.23	002524	光正钢构	SZ	4.16	2.03	
605	2011-12-30	4.8	4.95	4.63	4.9	149357	2.38	002524	光正钢构	SZ	4.58	2.23	
602	2012-01-04	4.8	4.86	4.7	4.74	99075	2.31	002524	光正钢构	SZ	4.9	2.38	
601	2012-01-05	4.64	4.8	4.59	4.75	82621	2.32	002524	光正钢构	SZ	4.74	2.31	
600	2012-01-06	4.68	4.78	4.42	4.77	76740	2.32	002524	光正钢构	SZ	4.75	2.32	
599	2012-01-09	4.72	5.03	4.62	5.01	111725	2.44	002524	光正钢构	SZ	4.77	2.32	
598	2012-01-10	4.9	5.15	4.89	5.1	124570	2.48	002524	光正钢构	SZ	5.01	2.44	
597	2012-01-11	5.01	5.15	4.98	5.12	88322	2.49	002524	光正钢构	SZ	5.1	2.48	
596	2012-01-12	5.07	5.19	4.95	5.01	86415	2.44	002524	光正钢构	SZ	5.12	2.49	
594	2012-01-16	4.75	4.92	4.51	4.51	48588	2.2	002524	光正钢构	SZ	5.01	2.44	
593	2012-01-17	4.36	4.81	4.32	4.78	49435	2.33	002524	光正钢构	SZ	4.51	2.2	
592	2012-01-18	4.73	5.16	4.73	4.99	99218	2.43	002524	光正钢构	SZ	4.78	2.33	
591	2012-01-19	4.9	4.9	4.67	4.8	63599	2.34	002524	光正钢构	SZ	4.99	2.43	
590	2012-01-20	4.8	4.83	4.6	4.64	47105	2.26	002524	光正钢构	SZ	4.8	2.34	
584	2012-01-30	4.61	4.72	4.58	4.63	23149	2.26	002524	光正钢构	SZ	4.64	2.26	
583	2012-01-31	4.56	4.65	4.51	4.6	25701	2.24	002524	光正钢构	SZ	4.63	2.26	
582	2012-02-01	4.58	4.95	4.48	4.79	47553	2.33	002524	光正钢构	SZ	4.6	2.24	
581	2012-02-02	4.89	4.89	4.58	4.7	111662	2.29	002524	光正钢构	SZ	4.79	2.33	
580	2012-02-03	4.63	4.74	4.58	4.71	69936	2.29	002524	光正钢构	SZ	4.7	2.29	
579	2012-02-06	4.71	4.88	4.68	4.84	89930	2.36	002524	光正钢构	SZ	4.71	2.29	
578	2012-02-07	4.82	4.82	4.58	4.62	61286	2.25	002524	光正钢构	SZ	4.84	2.36	
577	2012-02-08	4.66	4.9	4.56	4.84	87624	2.36	002524	光正钢构	SZ	4.62	2.25	
576	2012-02-09	4.83	4.97	4.71	4.97	218355	2.42	002524	光正钢构	SZ	4.84	2.36	
575	2012-02-10	4.88	4.98	4.85	4.97	166824	2.42	002524	光正钢构	SZ	4.97	2.42	
574	2012-02-13	4.87	5.04	4.85	4.96	138818	2.42	002524	光正钢构	SZ	4.97	2.42	
573	2012-02-14	4.95	4.99	4.88	4.93	73776	2.4	002524	光正钢构	SZ	4.96	2.42	
572	2012-02-15	4.93	5.05	4.91	5.04	121531	2.46	002524	光正钢构	SZ	4.93	2.4	
571	2012-02-16	5.03	5.15	4.9	4.98	127634	2.42	002524	光正钢构	SZ	5.04	2.46	
570	2012-02-17	5	5	4.86	4.92	91936	2.39	002524	光正钢构	SZ	4.98	2.42	
569	2012-02-20	5	5.15	4.94	5.08	178060	2.47	002524	光正钢构	SZ	4.92	2.39	
568	2012-02-21	5.09	5.33	5.06	5.28	274620	2.57	002524	光正钢构	SZ	5.08	2.47	
567	2012-02-22	5.24	5.31	5.15	5.28	189338	2.57	002524	光正钢构	SZ	5.28	2.57	
566	2012-02-23	5.22	5.33	5.21	5.25	140595	2.56	002524	光正钢构	SZ	5.28	2.57	
565	2012-02-24	5.22	5.38	5.15	5.31	145691	2.59	002524	光正钢构	SZ	5.25	2.56	
564	2012-02-27	5.28	5.47	5.25	5.27	159861	2.57	002524	光正钢构	SZ	5.31	2.59	
563	2012-02-28	5.2	5.26	5.08	5.17	99716	2.52	002524	光正钢构	SZ	5.27	2.57	
562	2012-02-29	5.16	5.2	5.01	5.03	63885	2.45	002524	光正钢构	SZ	5.17	2.52	
561	2012-03-01	5	5.09	5	5.06	38652	2.46	002524	光正钢构	SZ	5.03	2.45	
560	2012-03-02	5.06	5.25	5.05	5.21	66691	2.53	002524	光正钢构	SZ	5.06	2.46	
559	2012-03-05	5.18	5.26	5.12	5.2	63666	2.53	002524	光正钢构	SZ	5.21	2.53	
558	2012-03-06	5.16	5.21	5.06	5.18	39440	2.52	002524	光正钢构	SZ	5.2	2.53	
557	2012-03-07	5.1	5.32	5.07	5.24	90584	2.55	002524	光正钢构	SZ	5.18	2.52	
556	2012-03-08	5.24	5.36	5.22	5.36	159452	2.61	002524	光正钢构	SZ	5.24	2.55	
555	2012-03-09	5.35	5.56	5.29	5.51	215187	2.69	002524	光正钢构	SZ	5.36	2.61	
554	2012-03-12	5.52	5.52	5.36	5.41	161688	2.63	002524	光正钢构	SZ	5.51	2.69	
553	2012-03-13	5.39	5.42	5.3	5.4	99657	2.63	002524	光正钢构	SZ	5.41	2.63	
552	2012-03-14	5.41	5.44	4.89	5.03	171913	2.45	002524	光正钢构	SZ	5.4	2.63	
551	2012-03-15	5	5.53	5	5.53	360435	2.69	002524	光正钢构	SZ	5.03	2.45	
549	2012-03-19	5.53	5.65	5.29	5.52	336425	2.69	002524	光正钢构	SZ	5.53	2.69	
548	2012-03-20	5.42	5.43	5.19	5.24	157499	2.55	002524	光正钢构	SZ	5.52	2.69	
547	2012-03-21	5.24	5.29	5.07	5.21	98391	2.54	002524	光正钢构	SZ	5.24	2.55	
546	2012-03-22	5.2	5.48	5.2	5.32	146464	2.59	002524	光正钢构	SZ	5.21	2.54	
545	2012-03-23	5.2	5.24	5.04	5.06	99182	2.46	002524	光正钢构	SZ	5.32	2.59	
544	2012-03-26	5.06	5.1	4.97	5.02	39265	2.45	002524	光正钢构	SZ	5.06	2.46	
543	2012-03-27	5.06	5.12	4.98	5.01	34852	2.44	002524	光正钢构	SZ	5.02	2.45	
542	2012-03-28	5	5	4.51	4.53	92928	2.21	002524	光正钢构	SZ	5.01	2.44	
541	2012-03-29	4.46	4.58	4.33	4.39	47963	2.14	002524	光正钢构	SZ	4.53	2.21	
540	2012-03-30	4.41	4.49	4.26	4.29	34690	2.09	002524	光正钢构	SZ	4.39	2.14	
536	2012-04-05	4.28	4.45	4.28	4.43	46645	2.16	002524	光正钢构	SZ	4.29	2.09	
535	2012-04-06	4.42	4.49	4.36	4.42	57620	2.15	002524	光正钢构	SZ	4.43	2.16	
534	2012-04-09	4.4	4.45	4.35	4.38	37124	2.13	002524	光正钢构	SZ	4.42	2.15	
533	2012-04-10	4.36	4.43	4.18	4.43	45598	2.16	002524	光正钢构	SZ	4.38	2.13	
532	2012-04-11	4.36	4.43	4.32	4.4	39053	2.14	002524	光正钢构	SZ	4.43	2.16	
531	2012-04-12	4.42	4.55	4.42	4.52	70902	2.2	002524	光正钢构	SZ	4.4	2.14	
530	2012-04-13	4.52	4.64	4.52	4.57	68411	2.22	002524	光正钢构	SZ	4.52	2.2	
529	2012-04-16	4.56	4.75	4.52	4.63	90906	2.26	002524	光正钢构	SZ	4.57	2.22	
528	2012-04-17	4.62	4.62	4.45	4.48	70665	2.18	002524	光正钢构	SZ	4.63	2.26	
527	2012-04-18	4.52	4.6	4.46	4.59	56351	2.24	002524	光正钢构	SZ	4.48	2.18	
526	2012-04-19	4.58	4.65	4.53	4.54	45240	2.21	002524	光正钢构	SZ	4.59	2.24	
524	2012-04-23	4.61	4.73	4.49	4.54	70065	2.21	002524	光正钢构	SZ	4.54	2.21	
523	2012-04-24	4.46	4.46	4.25	4.38	61271	2.13	002524	光正钢构	SZ	4.54	2.21	
522	2012-04-25	4.4	4.66	4.32	4.52	71406	2.2	002524	光正钢构	SZ	4.38	2.13	
521	2012-04-26	4.48	4.5	4.38	4.41	52027	2.15	002524	光正钢构	SZ	4.52	2.2	
520	2012-04-27	4.46	4.46	4.28	4.29	37345	2.09	002524	光正钢构	SZ	4.41	2.15	
517	2012-05-02	4.36	4.37	4.27	4.33	45953	2.11	002524	光正钢构	SZ	4.29	2.09	
516	2012-05-03	4.33	4.37	4.3	4.36	33449	2.12	002524	光正钢构	SZ	4.33	2.11	
515	2012-05-04	4.36	4.43	4.34	4.41	37442	2.15	002524	光正钢构	SZ	4.36	2.12	
514	2012-05-07	4.4	4.42	4.28	4.34	45850	2.11	002524	光正钢构	SZ	4.41	2.15	
513	2012-05-08	4.36	4.58	4.35	4.47	92383	2.17	002524	光正钢构	SZ	4.34	2.11	
512	2012-05-09	4.45	4.45	4.35	4.37	45993	2.13	002524	光正钢构	SZ	4.47	2.17	
511	2012-05-10	4.36	4.48	4.35	4.48	41422	2.18	002524	光正钢构	SZ	4.37	2.13	
510	2012-05-11	4.45	4.5	4.4	4.42	37931	2.15	002524	光正钢构	SZ	4.48	2.18	
509	2012-05-14	4.46	4.5	4.42	4.42	38903	2.15	002524	光正钢构	SZ	4.42	2.15	
508	2012-05-15	4.41	4.41	4.24	4.29	34912	2.52	002524	光正钢构	SZ	4.42	2.15	
507	2012-05-16	4.24	4.29	4.21	4.22	24059	2.47	002524	光正钢构	SZ	4.29	2.52	
506	2012-05-17	4.24	4.29	4.19	4.23	22568	2.48	002524	光正钢构	SZ	4.22	2.47	
505	2012-05-18	4.22	4.22	4	4.06	44450	2.38	002524	光正钢构	SZ	4.23	2.48	
504	2012-05-21	4.05	4.15	4.05	4.09	21960	2.4	002524	光正钢构	SZ	4.06	2.38	
502	2012-05-23	4.18	4.25	4.11	4.19	53191	2.46	002524	光正钢构	SZ	4.09	2.4	
501	2012-05-24	4.14	4.22	4.12	4.13	37063	2.42	002524	光正钢构	SZ	4.19	2.46	
500	2012-05-25	4.13	4.13	4	4	51259	2.35	002524	光正钢构	SZ	4.13	2.42	
499	2012-05-28	3.98	4.4	3.95	4.4	97719	2.58	002524	光正钢构	SZ	4	2.35	
498	2012-05-29	4.54	4.82	4.54	4.61	390637	2.7	002524	光正钢构	SZ	4.4	2.58	
497	2012-05-30	4.5	4.61	4.43	4.59	173269	2.69	002524	光正钢构	SZ	4.61	2.7	
496	2012-05-31	4.52	4.61	4.45	4.61	148714	2.7	002524	光正钢构	SZ	4.59	2.69	
495	2012-06-01	4.58	4.61	4.44	4.46	94959	2.62	002524	光正钢构	SZ	4.61	2.7	
494	2012-06-04	4.31	4.47	4.25	4.38	98696	2.57	002524	光正钢构	SZ	4.46	2.62	
493	2012-06-05	4.41	4.41	4.22	4.24	77795	2.48	002524	光正钢构	SZ	4.38	2.57	
492	2012-06-06	4.24	4.38	4.24	4.28	63566	2.51	002524	光正钢构	SZ	4.24	2.48	
491	2012-06-07	4.39	4.39	4.16	4.19	64835	2.46	002524	光正钢构	SZ	4.28	2.51	
490	2012-06-08	4.24	4.24	4.12	4.15	51457	2.44	002524	光正钢构	SZ	4.19	2.46	
489	2012-06-11	4.16	4.25	4.1	4.24	43794	2.48	002524	光正钢构	SZ	4.15	2.44	
488	2012-06-12	4.21	4.21	4.14	4.16	38007	2.44	002524	光正钢构	SZ	4.24	2.48	
487	2012-06-13	4.19	4.38	4.14	4.29	71090	2.52	002524	光正钢构	SZ	4.16	2.44	
486	2012-06-14	4.25	4.32	4.21	4.25	55734	2.49	002524	光正钢构	SZ	4.29	2.52	
485	2012-06-15	4.29	4.42	4.26	4.36	92339	2.56	002524	光正钢构	SZ	4.25	2.49	
484	2012-06-18	4.38	4.58	4.33	4.56	151427	2.67	002524	光正钢构	SZ	4.36	2.56	
483	2012-06-19	4.48	4.54	4.33	4.37	145583	2.56	002524	光正钢构	SZ	4.56	2.67	
482	2012-06-20	4.4	4.4	4.24	4.25	74500	2.49	002524	光正钢构	SZ	4.37	2.56	
481	2012-06-21	4.25	4.29	4.14	4.18	49906	2.45	002524	光正钢构	SZ	4.25	2.49	
479	2012-06-25	4.15	4.18	4.08	4.09	43480	2.4	002524	光正钢构	SZ	4.18	2.45	
478	2012-06-26	4.07	4.15	4.05	4.12	33629	2.42	002524	光正钢构	SZ	4.09	2.4	
477	2012-06-27	4.09	4.16	4.09	4.11	26508	2.41	002524	光正钢构	SZ	4.12	2.42	
476	2012-06-28	4.12	4.14	3.97	3.97	44263	2.33	002524	光正钢构	SZ	4.11	2.41	
475	2012-06-29	3.97	4.02	3.92	4	38457	2.35	002524	光正钢构	SZ	3.97	2.33	
474	2012-07-02	4.09	4.12	4	4.02	42961	2.36	002524	光正钢构	SZ	4	2.35	
473	2012-07-03	4.02	4.09	4	4.08	47123	2.39	002524	光正钢构	SZ	4.02	2.36	
472	2012-07-04	4.06	4.11	3.99	4.11	46261	2.41	002524	光正钢构	SZ	4.08	2.39	
471	2012-07-05	4.07	4.07	3.95	3.96	34743	2.33	002524	光正钢构	SZ	4.11	2.41	
470	2012-07-06	3.98	4.02	3.82	4.01	41367	2.35	002524	光正钢构	SZ	3.96	2.33	
469	2012-07-09	3.97	3.98	3.71	3.72	52235	2.18	002524	光正钢构	SZ	4.01	2.35	
468	2012-07-10	3.7	3.76	3.62	3.67	30030	2.15	002524	光正钢构	SZ	3.72	2.18	
467	2012-07-11	3.65	3.81	3.65	3.74	30388	2.19	002524	光正钢构	SZ	3.67	2.15	
466	2012-07-12	3.73	3.81	3.65	3.78	38451	2.22	002524	光正钢构	SZ	3.74	2.19	
465	2012-07-13	3.75	3.81	3.71	3.71	31862	2.18	002524	光正钢构	SZ	3.78	2.22	
464	2012-07-16	3.71	3.72	3.44	3.48	51019	2.04	002524	光正钢构	SZ	3.71	2.18	
463	2012-07-17	3.48	3.51	3.33	3.46	36582	2.03	002524	光正钢构	SZ	3.48	2.04	
462	2012-07-18	3.44	3.75	3.38	3.57	50690	2.09	002524	光正钢构	SZ	3.46	2.03	
461	2012-07-19	3.52	3.64	3.5	3.59	44729	2.11	002524	光正钢构	SZ	3.57	2.09	
460	2012-07-20	3.56	3.66	3.56	3.58	29843	2.1	002524	光正钢构	SZ	3.59	2.11	
459	2012-07-23	3.53	3.6	3.41	3.55	34884	2.08	002524	光正钢构	SZ	3.58	2.1	
458	2012-07-24	3.48	3.67	3.48	3.61	59142	2.12	002524	光正钢构	SZ	3.55	2.08	
457	2012-07-25	3.57	3.6	3.52	3.52	37873	2.07	002524	光正钢构	SZ	3.61	2.12	
456	2012-07-26	3.54	3.62	3.51	3.54	44075	2.08	002524	光正钢构	SZ	3.52	2.07	
455	2012-07-27	3.56	3.56	3.51	3.54	23143	2.08	002524	光正钢构	SZ	3.54	2.08	
454	2012-07-30	3.53	3.56	3.36	3.39	27791	1.99	002524	光正钢构	SZ	3.54	2.08	
453	2012-07-31	3.42	3.42	3.26	3.26	31769	1.91	002524	光正钢构	SZ	3.39	1.99	
452	2012-08-01	3.28	3.39	3.26	3.33	24219	1.95	002524	光正钢构	SZ	3.26	1.91	
451	2012-08-02	3.3	3.36	3.28	3.29	24665	1.93	002524	光正钢构	SZ	3.33	1.95	
450	2012-08-03	3.34	3.37	3.28	3.36	27643	1.97	002524	光正钢构	SZ	3.29	1.93	
449	2012-08-06	3.3	3.46	3.3	3.44	40503	2.02	002524	光正钢构	SZ	3.36	1.97	
448	2012-08-07	3.41	3.62	3.41	3.51	61546	2.06	002524	光正钢构	SZ	3.44	2.02	
447	2012-08-08	3.49	3.6	3.46	3.55	53006	2.08	002524	光正钢构	SZ	3.51	2.06	
446	2012-08-09	3.52	3.62	3.47	3.58	67053	2.1	002524	光正钢构	SZ	3.55	2.08	
445	2012-08-10	3.55	3.79	3.55	3.69	122018	2.16	002524	光正钢构	SZ	3.58	2.1	
444	2012-08-13	3.65	3.66	3.55	3.57	57069	2.09	002524	光正钢构	SZ	3.69	2.16	
443	2012-08-14	3.57	3.72	3.45	3.61	60413	2.12	002524	光正钢构	SZ	3.57	2.09	
442	2012-08-15	3.58	3.64	3.56	3.58	30915	2.1	002524	光正钢构	SZ	3.61	2.12	
441	2012-08-16	3.53	3.6	3.52	3.54	25141	2.08	002524	光正钢构	SZ	3.58	2.1	
440	2012-08-17	3.54	3.58	3.5	3.54	21183	2.08	002524	光正钢构	SZ	3.54	2.08	
439	2012-08-20	3.54	3.6	3.48	3.58	26331	2.1	002524	光正钢构	SZ	3.54	2.08	
438	2012-08-21	3.56	3.65	3.56	3.62	44284	2.13	002524	光正钢构	SZ	3.58	2.1	
437	2012-08-22	3.62	3.62	3.52	3.54	36128	2.08	002524	光正钢构	SZ	3.62	2.13	
436	2012-08-23	3.53	3.61	3.53	3.61	31376	2.12	002524	光正钢构	SZ	3.54	2.08	
435	2012-08-24	3.61	3.62	3.47	3.49	34137	2.05	002524	光正钢构	SZ	3.61	2.12	
434	2012-08-27	3.48	3.51	3.36	3.37	27338	1.98	002524	光正钢构	SZ	3.49	2.05	
433	2012-08-28	3.38	3.46	3.37	3.41	20681	2	002524	光正钢构	SZ	3.37	1.98	
432	2012-08-29	3.39	3.45	3.38	3.38	20385	1.98	002524	光正钢构	SZ	3.41	2	
431	2012-08-30	3.37	3.42	3.26	3.32	32351	1.95	002524	光正钢构	SZ	3.38	1.98	
430	2012-08-31	3.31	3.37	3.3	3.34	16954	1.96	002524	光正钢构	SZ	3.32	1.95	
429	2012-09-03	3.34	3.5	3.32	3.45	35978	2.03	002524	光正钢构	SZ	3.34	1.96	
428	2012-09-04	3.46	3.61	3.42	3.44	62968	2.02	002524	光正钢构	SZ	3.45	2.03	
427	2012-09-05	3.41	3.5	3.39	3.48	31828	2.04	002524	光正钢构	SZ	3.44	2.02	
426	2012-09-06	3.5	3.61	3.5	3.55	52693	2.08	002524	光正钢构	SZ	3.48	2.04	
425	2012-09-07	3.59	3.91	3.56	3.91	135208	2.29	002524	光正钢构	SZ	3.55	2.08	
424	2012-09-10	4.04	4.25	3.94	4.05	346678	2.37	002524	光正钢构	SZ	3.91	2.29	
423	2012-09-11	4	4	3.86	3.93	126210	2.31	002524	光正钢构	SZ	4.05	2.37	
422	2012-09-12	3.95	3.99	3.82	3.94	101186	2.31	002524	光正钢构	SZ	3.93	2.31	
421	2012-09-13	3.89	3.92	3.81	3.81	67716	2.23	002524	光正钢构	SZ	3.94	2.31	
420	2012-09-14	3.84	3.92	3.78	3.84	74933	2.25	002524	光正钢构	SZ	3.81	2.23	
419	2012-09-17	3.84	3.85	3.66	3.69	59147	2.17	002524	光正钢构	SZ	3.84	2.25	
418	2012-09-18	3.71	3.73	3.64	3.67	28386	2.15	002524	光正钢构	SZ	3.69	2.17	
417	2012-09-19	3.69	3.81	3.67	3.77	53623	2.21	002524	光正钢构	SZ	3.67	2.15	
416	2012-09-20	3.76	3.76	3.54	3.54	54785	2.08	002524	光正钢构	SZ	3.77	2.21	
415	2012-09-21	3.51	3.58	3.43	3.45	37906	2.02	002524	光正钢构	SZ	3.54	2.08	
414	2012-09-24	3.47	3.62	3.41	3.55	48124	2.08	002524	光正钢构	SZ	3.45	2.02	
413	2012-09-25	3.51	3.61	3.47	3.49	35739	2.05	002524	光正钢构	SZ	3.55	2.08	
412	2012-09-26	3.48	3.51	3.36	3.39	26644	1.99	002524	光正钢构	SZ	3.49	2.05	
411	2012-09-27	3.44	3.55	3.39	3.51	33556	2.06	002524	光正钢构	SZ	3.39	1.99	
410	2012-09-28	3.49	3.61	3.48	3.59	36549	2.11	002524	光正钢构	SZ	3.51	2.06	
404	2012-10-08	3.58	3.61	3.52	3.56	26942	2.09	002524	光正钢构	SZ	3.59	2.11	
403	2012-10-09	3.56	3.72	3.56	3.69	63030	2.17	002524	光正钢构	SZ	3.56	2.09	
402	2012-10-10	3.65	3.79	3.62	3.74	67174	2.19	002524	光正钢构	SZ	3.69	2.17	
401	2012-10-11	3.72	3.74	3.61	3.61	54654	2.12	002524	光正钢构	SZ	3.74	2.19	
400	2012-10-12	3.62	3.7	3.52	3.58	55972	2.1	002524	光正钢构	SZ	3.61	2.12	
399	2012-10-15	3.59	3.76	3.47	3.69	86572	2.17	002524	光正钢构	SZ	3.58	2.1	
398	2012-10-16	3.66	3.71	3.61	3.66	60030	2.15	002524	光正钢构	SZ	3.69	2.17	
397	2012-10-17	3.82	4	3.69	3.71	126954	2.17	002524	光正钢构	SZ	3.66	2.15	
396	2012-10-18	3.67	3.86	3.67	3.82	118499	2.24	002524	光正钢构	SZ	3.71	2.17	
395	2012-10-19	3.92	3.92	3.78	3.81	94143	2.24	002524	光正钢构	SZ	3.82	2.24	
394	2012-10-22	3.75	3.85	3.71	3.81	49716	2.23	002524	光正钢构	SZ	3.81	2.24	
393	2012-10-23	3.79	3.85	3.74	3.75	48084	2.2	002524	光正钢构	SZ	3.81	2.23	
392	2012-10-24	3.71	3.78	3.69	3.75	40375	2.2	002524	光正钢构	SZ	3.75	2.2	
391	2012-10-25	3.74	3.85	3.71	3.76	49354	2.21	002524	光正钢构	SZ	3.75	2.2	
390	2012-10-26	3.74	3.74	3.59	3.59	50938	2.11	002524	光正钢构	SZ	3.76	2.21	
389	2012-10-29	3.64	3.64	3.55	3.57	17914	2.09	002524	光正钢构	SZ	3.59	2.11	
388	2012-10-30	3.59	3.66	3.56	3.59	15776	2.11	002524	光正钢构	SZ	3.57	2.09	
387	2012-10-31	3.58	3.64	3.58	3.62	22187	2.12	002524	光正钢构	SZ	3.59	2.11	
386	2012-11-01	3.64	3.79	3.61	3.79	94282	2.23	002524	光正钢构	SZ	3.62	2.12	
385	2012-11-02	3.76	3.84	3.71	3.83	85381	2.25	002524	光正钢构	SZ	3.79	2.23	
384	2012-11-05	3.79	3.84	3.76	3.82	51501	2.24	002524	光正钢构	SZ	3.83	2.25	
383	2012-11-06	3.82	3.86	3.65	3.77	48476	2.21	002524	光正钢构	SZ	3.82	2.24	
382	2012-11-07	3.75	3.78	3.72	3.72	21794	2.18	002524	光正钢构	SZ	3.77	2.21	
381	2012-11-08	3.7	3.84	3.66	3.66	51322	2.15	002524	光正钢构	SZ	3.72	2.18	
380	2012-11-09	3.62	3.7	3.55	3.64	42255	2.14	002524	光正钢构	SZ	3.66	2.15	
379	2012-11-12	3.64	3.68	3.62	3.68	19305	2.16	002524	光正钢构	SZ	3.64	2.14	
378	2012-11-13	3.68	3.72	3.55	3.57	41018	2.09	002524	光正钢构	SZ	3.68	2.16	
377	2012-11-14	3.58	3.6	3.53	3.59	19405	2.11	002524	光正钢构	SZ	3.57	2.09	
376	2012-11-15	3.54	3.62	3.44	3.48	29073	2.04	002524	光正钢构	SZ	3.59	2.11	
375	2012-11-16	3.47	3.49	3.39	3.49	15183	2.05	002524	光正钢构	SZ	3.48	2.04	
374	2012-11-19	3.48	3.51	3.41	3.51	15041	2.06	002524	光正钢构	SZ	3.49	2.05	
373	2012-11-20	3.52	3.53	3.47	3.47	11347	2.04	002524	光正钢构	SZ	3.51	2.06	
372	2012-11-21	3.46	3.51	3.41	3.51	27081	2.06	002524	光正钢构	SZ	3.47	2.04	
371	2012-11-22	3.49	3.52	3.42	3.44	21029	2.02	002524	光正钢构	SZ	3.51	2.06	
370	2012-11-23	3.45	3.47	3.38	3.38	30899	1.98	002524	光正钢构	SZ	3.44	2.02	
369	2012-11-26	3.39	3.41	3.32	3.34	18866	1.96	002524	光正钢构	SZ	3.38	1.98	
368	2012-11-27	3.33	3.37	3.21	3.25	29998	1.9	002524	光正钢构	SZ	3.34	1.96	
367	2012-11-28	3.25	3.25	3.1	3.11	20986	1.82	002524	光正钢构	SZ	3.25	1.9	
366	2012-11-29	3.12	3.15	3.05	3.08	16247	1.8	002524	光正钢构	SZ	3.11	1.82	
365	2012-11-30	3.08	3.29	3.06	3.19	55934	1.87	002524	光正钢构	SZ	3.08	1.8	
364	2012-12-03	3.16	3.21	3.11	3.12	42848	1.83	002524	光正钢构	SZ	3.19	1.87	
363	2012-12-04	3.12	3.15	2.99	3.14	40477	1.84	002524	光正钢构	SZ	3.12	1.83	
362	2012-12-05	3.13	3.45	3.1	3.45	93723	2.02	002524	光正钢构	SZ	3.14	1.84	
361	2012-12-06	3.49	3.5	3.36	3.41	132292	2	002524	光正钢构	SZ	3.45	2.02	
360	2012-12-07	3.38	3.59	3.36	3.48	112025	2.04	002524	光正钢构	SZ	3.41	2	
359	2012-12-10	3.49	3.56	3.41	3.52	84695	2.06	002524	光正钢构	SZ	3.48	2.04	
358	2012-12-11	3.51	3.7	3.47	3.61	175674	2.12	002524	光正钢构	SZ	3.52	2.06	
357	2012-12-12	3.96	3.96	3.96	3.96	88593	2.33	002524	光正钢构	SZ	3.61	2.12	
356	2012-12-13	4.36	4.36	4.03	4.12	450843	2.42	002524	光正钢构	SZ	3.96	2.33	
355	2012-12-14	3.94	4.32	3.91	4.26	415723	2.5	002524	光正钢构	SZ	4.12	2.42	
354	2012-12-17	4.18	4.36	4.09	4.12	246341	2.42	002524	光正钢构	SZ	4.26	2.5	
353	2012-12-18	4.06	4.28	3.98	4.06	220547	2.38	002524	光正钢构	SZ	4.12	2.42	
352	2012-12-19	4.02	4.05	3.93	3.99	158802	2.34	002524	光正钢构	SZ	4.06	2.38	
351	2012-12-20	3.95	3.99	3.86	3.99	145962	2.34	002524	光正钢构	SZ	3.99	2.34	
350	2012-12-21	3.96	4.01	3.87	3.91	118359	2.29	002524	光正钢构	SZ	3.99	2.34	
349	2012-12-24	3.88	3.95	3.87	3.93	85088	2.31	002524	光正钢构	SZ	3.91	2.29	
348	2012-12-25	3.89	4.07	3.89	4.01	159249	2.35	002524	光正钢构	SZ	3.93	2.31	
347	2012-12-26	3.99	4.04	3.94	4.03	113497	2.36	002524	光正钢构	SZ	4.01	2.35	
346	2012-12-27	4.04	4.18	3.95	4.08	188547	2.39	002524	光正钢构	SZ	4.03	2.36	
345	2012-12-28	4.05	4.06	3.95	3.99	96212	2.34	002524	光正钢构	SZ	4.08	2.39	
344	2012-12-31	3.98	4.16	3.96	4.04	101964	2.37	002524	光正钢构	SZ	3.99	2.34	
340	2013-01-04	4.06	4.15	3.98	4.02	88651	2.36	002524	光正钢构	SZ	4.04	2.37	
339	2013-01-07	3.99	4.1	3.95	4.09	99719	2.4	002524	光正钢构	SZ	4.02	2.36	
338	2013-01-08	4.09	4.15	4.05	4.1	100441	2.41	002524	光正钢构	SZ	4.09	2.4	
337	2013-01-09	4.09	4.21	4.08	4.15	139800	2.44	002524	光正钢构	SZ	4.1	2.41	
336	2013-01-10	4.14	4.21	4.05	4.1	113455	2.41	002524	光正钢构	SZ	4.15	2.44	
335	2013-01-11	4.09	4.14	3.92	3.96	100106	2.33	002524	光正钢构	SZ	4.1	2.41	
334	2013-01-14	3.94	4.23	3.92	4.21	211356	2.47	002524	光正钢构	SZ	3.96	2.33	
333	2013-01-15	4.22	4.46	4.16	4.31	190346	2.53	002524	光正钢构	SZ	4.21	2.47	
332	2013-01-16	4.27	4.49	4.25	4.43	168477	2.6	002524	光正钢构	SZ	4.31	2.53	
331	2013-01-17	4.45	4.82	4.32	4.34	213663	2.54	002524	光正钢构	SZ	4.43	2.6	
330	2013-01-18	4.25	4.62	4.25	4.57	170861	2.68	002524	光正钢构	SZ	4.34	2.54	
329	2013-01-21	4.62	4.81	4.51	4.68	148051	2.75	002524	光正钢构	SZ	4.57	2.68	
328	2013-01-22	4.69	4.98	4.65	4.88	192778	2.86	002524	光正钢构	SZ	4.68	2.75	
327	2013-01-23	4.88	4.96	4.77	4.89	132867	2.87	002524	光正钢构	SZ	4.88	2.86	
326	2013-01-24	4.89	4.94	4.73	4.83	116755	2.83	002524	光正钢构	SZ	4.89	2.87	
325	2013-01-25	4.85	5.12	4.79	5	208005	2.93	002524	光正钢构	SZ	4.83	2.83	
324	2013-01-28	4.95	5.08	4.89	4.99	125089	2.93	002524	光正钢构	SZ	5	2.93	
323	2013-01-29	4.96	5.18	4.92	5.07	152124	2.97	002524	光正钢构	SZ	4.99	2.93	
322	2013-01-30	5.04	5.09	4.94	5.06	74776	2.97	002524	光正钢构	SZ	5.07	2.97	
321	2013-01-31	5.06	5.38	5.03	5.18	139629	3.04	002524	光正钢构	SZ	5.06	2.97	
320	2013-02-01	5.21	5.46	5.12	5.4	207879	3.17	002524	光正钢构	SZ	5.18	3.04	
319	2013-02-04	5.39	5.63	5.25	5.44	153405	3.19	002524	光正钢构	SZ	5.4	3.17	
318	2013-02-05	5.44	5.63	5.3	5.4	128659	3.17	002524	光正钢构	SZ	5.44	3.19	
317	2013-02-06	5.46	5.81	5.4	5.76	178350	3.38	002524	光正钢构	SZ	5.4	3.17	
316	2013-02-07	5.59	5.72	5.52	5.68	146192	3.33	002524	光正钢构	SZ	5.76	3.38	
315	2013-02-08	5.81	5.82	5.52	5.55	185470	3.26	002524	光正钢构	SZ	5.68	3.33	
309	2013-02-18	5.59	5.59	5.43	5.58	93700	3.27	002524	光正钢构	SZ	5.55	3.26	
308	2013-02-19	5.56	5.68	5.46	5.55	99641	3.25	002524	光正钢构	SZ	5.58	3.27	
307	2013-02-20	5.63	5.67	5.52	5.58	138599	3.27	002524	光正钢构	SZ	5.55	3.25	
306	2013-02-21	5.53	5.53	5.08	5.08	219999	2.98	002524	光正钢构	SZ	5.58	3.27	
305	2013-02-22	5.05	5.21	4.98	5.05	100391	2.96	002524	光正钢构	SZ	5.08	2.98	
304	2013-02-25	5.08	5.28	4.97	5.11	215165	3	002524	光正钢构	SZ	5.05	2.96	
303	2013-02-26	5.05	5.09	4.86	5.09	152637	2.99	002524	光正钢构	SZ	5.11	3	
302	2013-02-27	5.09	5.16	4.97	5.03	110225	2.95	002524	光正钢构	SZ	5.09	2.99	
301	2013-02-28	5.02	5.1	4.97	5.06	116990	2.97	002524	光正钢构	SZ	5.03	2.95	
300	2013-03-01	5.09	5.09	4.91	4.98	109031	2.92	002524	光正钢构	SZ	5.06	2.97	
299	2013-03-04	4.89	4.91	4.59	4.59	117078	2.69	002524	光正钢构	SZ	4.98	2.92	
298	2013-03-05	4.56	4.86	4.56	4.84	108123	2.84	002524	光正钢构	SZ	4.59	2.69	
297	2013-03-06	4.82	4.96	4.81	4.91	81933	2.88	002524	光正钢构	SZ	4.84	2.84	
296	2013-03-07	4.94	5.07	4.89	4.99	92459	2.93	002524	光正钢构	SZ	4.91	2.88	
295	2013-03-08	5.04	5.42	5.04	5.42	266408	3.18	002524	光正钢构	SZ	4.99	2.93	
294	2013-03-11	5.44	5.64	5.31	5.41	140854	3.17	002524	光正钢构	SZ	5.42	3.18	
293	2013-03-12	5.46	5.61	5.16	5.22	138848	3.06	002524	光正钢构	SZ	5.41	3.17	
292	2013-03-13	5.19	5.24	4.98	5.14	78417	3.01	002524	光正钢构	SZ	5.22	3.06	
291	2013-03-14	5.15	5.57	5.15	5.53	167646	3.24	002524	光正钢构	SZ	5.14	3.01	
290	2013-03-15	5.56	5.79	5.5	5.68	199262	3.33	002524	光正钢构	SZ	5.53	3.24	
289	2013-03-18	5.65	5.74	5.46	5.58	106207	3.27	002524	光正钢构	SZ	5.68	3.33	
288	2013-03-19	5.6	5.72	5.48	5.58	77038	3.27	002524	光正钢构	SZ	5.58	3.27	
287	2013-03-20	5.62	5.89	5.54	5.87	170106	3.44	002524	光正钢构	SZ	5.58	3.27	
286	2013-03-21	5.86	5.99	5.75	5.91	129406	3.47	002524	光正钢构	SZ	5.87	3.44	
285	2013-03-22	5.85	5.91	5.72	5.74	97272	3.37	002524	光正钢构	SZ	5.91	3.47	
284	2013-03-25	5.76	6.04	5.76	5.92	131159	3.47	002524	光正钢构	SZ	5.74	3.37	
283	2013-03-26	5.85	6.06	5.69	6.04	112352	3.54	002524	光正钢构	SZ	5.92	3.47	
282	2013-03-27	6	6.18	5.88	5.94	157879	3.49	002524	光正钢构	SZ	6.04	3.54	
281	2013-03-28	5.91	6.06	5.71	5.9	86143	3.46	002524	光正钢构	SZ	5.94	3.49	
280	2013-03-29	5.88	6.09	5.81	6.03	122386	3.54	002524	光正钢构	SZ	5.9	3.46	
279	2013-04-01	6.01	6.16	5.97	6	60077	3.52	002524	光正钢构	SZ	6.03	3.54	
278	2013-04-02	6	6	5.68	5.81	100728	3.41	002524	光正钢构	SZ	6	3.52	
277	2013-04-03	5.74	5.81	5.46	5.54	72017	3.25	002524	光正钢构	SZ	5.81	3.41	
274	2013-04-08	5.35	5.78	5.29	5.75	129419	3.37	002524	光正钢构	SZ	5.54	3.25	
273	2013-04-09	5.68	5.82	5.54	5.59	73707	3.28	002524	光正钢构	SZ	5.75	3.37	
272	2013-04-10	5.58	5.63	5.41	5.47	55676	3.21	002524	光正钢构	SZ	5.59	3.28	
271	2013-04-11	5.53	5.72	5.47	5.62	70810	3.3	002524	光正钢构	SZ	5.47	3.21	
270	2013-04-12	5.62	5.73	5.62	5.65	58791	3.31	002524	光正钢构	SZ	5.62	3.3	
269	2013-04-15	5.65	5.69	5.51	5.6	78461	3.29	002524	光正钢构	SZ	5.65	3.31	
268	2013-04-16	5.59	6.16	5.58	6.11	212886	3.58	002524	光正钢构	SZ	5.6	3.29	
267	2013-04-17	6.13	6.28	5.97	6.24	166090	3.66	002524	光正钢构	SZ	6.11	3.58	
266	2013-04-18	6.18	6.65	6.15	6.54	176483	3.84	002524	光正钢构	SZ	6.24	3.66	
265	2013-04-19	6.49	6.7	6.49	6.54	134306	3.83	002524	光正钢构	SZ	6.54	3.84	
264	2013-04-22	6.62	6.87	6.44	6.76	165090	3.97	002524	光正钢构	SZ	6.54	3.83	
263	2013-04-23	6.67	6.84	6.59	6.63	79458	3.89	002524	光正钢构	SZ	6.76	3.97	
262	2013-04-24	6.57	7.06	6.56	6.92	124030	4.06	002524	光正钢构	SZ	6.63	3.89	
261	2013-04-25	6.95	7.24	6.89	6.94	117986	4.07	002524	光正钢构	SZ	6.92	4.06	
260	2013-04-26	6.94	6.99	6.53	6.59	126393	3.87	002524	光正钢构	SZ	6.94	4.07	
256	2013-05-02	6.57	6.78	6.42	6.74	79022	3.95	002524	光正钢构	SZ	6.59	3.87	
255	2013-05-03	6.81	7.12	6.74	7.03	101645	4.12	002524	光正钢构	SZ	6.74	3.95	
254	2013-05-06	7	7.04	6.79	6.88	83918	4.04	002524	光正钢构	SZ	7.03	4.12	
253	2013-05-07	6.83	7.29	6.82	6.97	127084	4.09	002524	光正钢构	SZ	6.88	4.04	
252	2013-05-08	6.89	7.12	6.86	6.99	86004	4.1	002524	光正钢构	SZ	6.97	4.09	
251	2013-05-09	6.99	7.04	6.78	6.92	76506	4.06	002524	光正钢构	SZ	6.99	4.1	
250	2013-05-10	6.88	6.95	6.7	6.78	77606	3.98	002524	光正钢构	SZ	6.92	4.06	
249	2013-05-13	6.8	6.9	6.59	6.9	104798	4.05	002524	光正钢构	SZ	6.78	3.98	
248	2013-05-14	6.89	7.13	6.83	6.99	100953	4.1	002524	光正钢构	SZ	6.9	4.05	
247	2013-05-15	6.94	7.18	6.88	7.16	132042	4.2	002524	光正钢构	SZ	6.99	4.1	
246	2013-05-16	7.16	7.65	7.15	7.53	187702	4.42	002524	光正钢构	SZ	7.16	4.2	
245	2013-05-17	7.52	7.63	7.35	7.53	113934	4.42	002524	光正钢构	SZ	7.53	4.42	
244	2013-05-20	7.58	7.84	7.42	7.69	126445	4.51	002524	光正钢构	SZ	7.53	4.42	
243	2013-05-21	7.65	8.19	7.56	8.19	201089	4.8	002524	光正钢构	SZ	7.69	4.51	
242	2013-05-22	8.12	8.29	7.91	8.14	110325	4.77	002524	光正钢构	SZ	8.19	4.8	
241	2013-05-23	8.16	8.53	8.06	8.26	117590	4.85	002524	光正钢构	SZ	8.14	4.77	
240	2013-05-24	8.29	8.43	8.14	8.22	98244	4.82	002524	光正钢构	SZ	8.26	4.85	
239	2013-05-27	8.32	8.48	8.24	8.36	91266	4.91	002524	光正钢构	SZ	8.22	4.82	
238	2013-05-28	7.53	8.03	7.2	7.42	207125	7.42	002524	光正钢构	SZ	8.36	4.91	
237	2013-05-29	7.25	7.89	6.98	7.82	219341	7.82	002524	光正钢构	SZ	7.42	7.42	
236	2013-05-30	7.7	8.24	7.65	7.99	214961	7.99	002524	光正钢构	SZ	7.82	7.82	
235	2013-05-31	7.87	8.21	7.82	8.14	119468	8.14	002524	光正钢构	SZ	7.99	7.99	
234	2013-06-03	8.1	8.3	7.5	7.65	149380	7.65	002524	光正钢构	SZ	8.14	8.14	
233	2013-06-04	7.58	7.96	7.35	7.6	146064	7.6	002524	光正钢构	SZ	7.65	7.65	
232	2013-06-05	7.66	8.09	7.58	7.99	150954	7.99	002524	光正钢构	SZ	7.6	7.6	
231	2013-06-06	8	8.1	7.8	8.01	123300	8.01	002524	光正钢构	SZ	7.99	7.99	
230	2013-06-07	8.02	8.45	7.97	8.1	208672	8.1	002524	光正钢构	SZ	8.01	8.01	
226	2013-06-13	8.02	8.31	7.7	8.2	172211	8.2	002524	光正钢构	SZ	8.1	8.1	
225	2013-06-14	8.21	8.45	8.06	8.22	193305	8.22	002524	光正钢构	SZ	8.2	8.2	
224	2013-06-17	8.14	8.17	7.7	7.91	151206	7.91	002524	光正钢构	SZ	8.22	8.22	
223	2013-06-18	8.08	8.14	7.75	7.8	106065	7.8	002524	光正钢构	SZ	7.91	7.91	
222	2013-06-19	7.73	7.83	7.2	7.67	174121	7.67	002524	光正钢构	SZ	7.8	7.8	
221	2013-06-20	7.81	8.03	7.57	7.62	257149	7.62	002524	光正钢构	SZ	7.67	7.67	
220	2013-06-21	7.34	7.68	7.12	7.63	165144	7.63	002524	光正钢构	SZ	7.62	7.62	
219	2013-06-24	7.62	7.66	7.25	7.42	154020	7.42	002524	光正钢构	SZ	7.63	7.63	
218	2013-06-25	7.28	7.5	6.68	7.37	144219	7.37	002524	光正钢构	SZ	7.42	7.42	
217	2013-06-26	7.3	7.71	7.27	7.58	263275	7.58	002524	光正钢构	SZ	7.37	7.37	
216	2013-06-27	7.58	7.67	7.1	7.1	203168	7.1	002524	光正钢构	SZ	7.58	7.58	
215	2013-06-28	6.96	7.25	6.8	6.91	106181	6.91	002524	光正钢构	SZ	7.1	7.1	
214	2013-07-01	6.96	7.03	6.6	6.99	119288	6.99	002524	光正钢构	SZ	6.91	6.91	
213	2013-07-02	6.93	7.25	6.78	7.23	124884	7.23	002524	光正钢构	SZ	6.99	6.99	
212	2013-07-03	7.16	7.46	7.13	7.38	122188	7.38	002524	光正钢构	SZ	7.23	7.23	
211	2013-07-04	7.35	7.4	7.18	7.19	130087	7.19	002524	光正钢构	SZ	7.38	7.38	
210	2013-07-05	7.28	7.33	6.87	6.89	125942	6.89	002524	光正钢构	SZ	7.19	7.19	
209	2013-07-08	6.81	6.81	6.38	6.39	93820	6.39	002524	光正钢构	SZ	6.89	6.89	
208	2013-07-09	6.34	6.6	6.34	6.43	59941	6.43	002524	光正钢构	SZ	6.39	6.39	
207	2013-07-10	6.43	6.58	6.36	6.53	55104	6.53	002524	光正钢构	SZ	6.43	6.43	
206	2013-07-11	6.53	6.87	6.51	6.82	102586	6.82	002524	光正钢构	SZ	6.53	6.53	
205	2013-07-12	6.82	7.18	6.71	7.02	104852	7.02	002524	光正钢构	SZ	6.82	6.82	
204	2013-07-15	6.95	7.13	6.9	6.95	104299	6.95	002524	光正钢构	SZ	7.02	7.02	
203	2013-07-16	6.95	7.4	6.93	7.36	120774	7.36	002524	光正钢构	SZ	6.95	6.95	
202	2013-07-17	7.33	7.37	7	7.12	84300	7.12	002524	光正钢构	SZ	7.36	7.36	
201	2013-07-18	7.1	7.18	6.98	7.13	60738	7.13	002524	光正钢构	SZ	7.12	7.12	
200	2013-07-19	7.15	7.16	6.78	6.8	68949	6.8	002524	光正钢构	SZ	7.13	7.13	
199	2013-07-22	6.7	6.72	6.31	6.68	48027	6.68	002524	光正钢构	SZ	6.8	6.8	
198	2013-07-23	6.8	7.24	6.65	7.15	101717	7.15	002524	光正钢构	SZ	6.68	6.68	
197	2013-07-24	7.15	7.36	7.05	7.19	74532	7.19	002524	光正钢构	SZ	7.15	7.15	
196	2013-07-25	7.27	7.27	7	7.1	42788	7.1	002524	光正钢构	SZ	7.19	7.19	
195	2013-07-26	7.01	7.17	6.91	6.99	51669	6.99	002524	光正钢构	SZ	7.1	7.1	
194	2013-07-29	6.94	7.23	6.89	7	74649	7	002524	光正钢构	SZ	6.99	6.99	
193	2013-07-30	7.09	7.2	6.69	6.87	88493	6.87	002524	光正钢构	SZ	7	7	
192	2013-07-31	6.89	6.95	6.7	6.8	41702	6.8	002524	光正钢构	SZ	6.87	6.87	
191	2013-08-01	6.78	6.93	6.78	6.92	43012	6.92	002524	光正钢构	SZ	6.8	6.8	
190	2013-08-02	6.96	6.98	6.8	6.82	57489	6.82	002524	光正钢构	SZ	6.92	6.92	
189	2013-08-05	6.77	7.12	6.2	7.08	73809	7.08	002524	光正钢构	SZ	6.82	6.82	
188	2013-08-06	7.08	7.14	7.01	7.11	68927	7.11	002524	光正钢构	SZ	7.08	7.08	
187	2013-08-07	7.11	7.11	6.94	6.96	47696	6.96	002524	光正钢构	SZ	7.11	7.11	
186	2013-08-08	6.95	6.95	6.78	6.85	37537	6.85	002524	光正钢构	SZ	6.96	6.96	
185	2013-08-09	6.88	6.95	6.8	6.9	25919	6.9	002524	光正钢构	SZ	6.85	6.85	
184	2013-08-12	6.87	6.95	6.8	6.94	53801	6.94	002524	光正钢构	SZ	6.9	6.9	
183	2013-08-13	6.95	7.11	6.95	7.01	55269	7.01	002524	光正钢构	SZ	6.94	6.94	
182	2013-08-14	7.02	7.09	6.85	6.88	57561	6.88	002524	光正钢构	SZ	7.01	7.01	
181	2013-08-15	6.88	6.88	6.65	6.67	68622	6.67	002524	光正钢构	SZ	6.88	6.88	
180	2013-08-16	6.66	6.8	6.46	6.62	39748	6.62	002524	光正钢构	SZ	6.67	6.67	
179	2013-08-19	6.65	7	6.56	6.98	71641	6.98	002524	光正钢构	SZ	6.62	6.62	
178	2013-08-20	6.98	7.25	6.95	7.09	88471	7.09	002524	光正钢构	SZ	6.98	6.98	
177	2013-08-21	7.12	7.79	7.07	7.53	178263	7.53	002524	光正钢构	SZ	7.09	7.09	
176	2013-08-22	7.52	7.89	7.41	7.73	162472	7.73	002524	光正钢构	SZ	7.53	7.53	
175	2013-08-23	7.68	7.83	7.32	7.51	106238	7.51	002524	光正钢构	SZ	7.73	7.73	
174	2013-08-26	7.48	8.1	7.48	8.1	115556	8.1	002524	光正钢构	SZ	7.51	7.51	
173	2013-08-27	8.08	8.28	7.94	8.1	87073	8.1	002524	光正钢构	SZ	8.1	8.1	
172	2013-08-28	8.08	8.19	7.9	8.08	82689	8.08	002524	光正钢构	SZ	8.1	8.1	
171	2013-08-29	8.08	8.09	7.7	7.75	84828	7.75	002524	光正钢构	SZ	8.08	8.08	
170	2013-08-30	7.7	8.15	7.67	7.7	81714	7.7	002524	光正钢构	SZ	7.75	7.75	
169	2013-09-02	7.73	7.9	7.15	7.43	101159	7.43	002524	光正钢构	SZ	7.7	7.7	
168	2013-09-03	7.43	7.88	7.34	7.8	82217	7.8	002524	光正钢构	SZ	7.43	7.43	
167	2013-09-04	7.85	8.5	7.85	8.35	198663	8.35	002524	光正钢构	SZ	7.8	7.8	
166	2013-09-05	8.43	8.74	8.12	8.2	128668	8.2	002524	光正钢构	SZ	8.35	8.35	
165	2013-09-06	8.07	8.34	8.01	8.2	59718	8.2	002524	光正钢构	SZ	8.2	8.2	
164	2013-09-09	8.28	8.33	8.05	8.08	70773	8.08	002524	光正钢构	SZ	8.2	8.2	
163	2013-09-10	8	8.45	7.78	8.39	152010	8.39	002524	光正钢构	SZ	8.08	8.08	
162	2013-09-11	8.38	8.42	8	8.16	94660	8.16	002524	光正钢构	SZ	8.39	8.39	
161	2013-09-12	8.19	8.28	8.06	8.26	77461	8.26	002524	光正钢构	SZ	8.16	8.16	
160	2013-09-13	8.28	8.56	8.2	8.54	129990	8.54	002524	光正钢构	SZ	8.26	8.26	
159	2013-09-16	8.62	8.68	8.32	8.42	90686	8.42	002524	光正钢构	SZ	8.54	8.54	
158	2013-09-17	8.4	8.69	8.3	8.39	115601	8.39	002524	光正钢构	SZ	8.42	8.42	
157	2013-09-18	8.36	8.42	8.11	8.2	81973	8.2	002524	光正钢构	SZ	8.39	8.39	
155	2013-09-23	8.2	8.37	8.13	8.28	85807	8.28	002524	光正钢构	SZ	8.2	8.2	
154	2013-09-24	8.27	8.27	7.99	8.13	101632	8.13	002524	光正钢构	SZ	8.28	8.28	
153	2013-09-25	8.11	8.23	8.06	8.14	81177	8.14	002524	光正钢构	SZ	8.13	8.13	
152	2013-09-26	8.09	8.17	7.8	7.89	61819	7.89	002524	光正钢构	SZ	8.14	8.14	
151	2013-09-27	7.79	7.96	7.59	7.74	72575	7.74	002524	光正钢构	SZ	7.89	7.89	
150	2013-09-30	7.75	8.07	7.75	7.9	43641	7.9	002524	光正钢构	SZ	7.74	7.74	
144	2013-10-08	7.9	7.99	7.7	7.94	44181	7.94	002524	光正钢构	SZ	7.9	7.9	
143	2013-10-09	7.9	8.2	7.81	8	61314	8	002524	光正钢构	SZ	7.94	7.94	
142	2013-10-10	8.09	8.09	7.78	7.85	49367	7.85	002524	光正钢构	SZ	8	8	
141	2013-10-11	7.83	7.99	7.77	7.87	50665	7.87	002524	光正钢构	SZ	7.85	7.85	
140	2013-10-14	7.81	8.04	7.75	7.96	74877	7.96	002524	光正钢构	SZ	7.87	7.87	
139	2013-10-15	8	8.08	7.91	8.06	71424	8.06	002524	光正钢构	SZ	7.96	7.96	
138	2013-10-16	8.27	8.27	7.86	8.05	96006	8.05	002524	光正钢构	SZ	8.06	8.06	
137	2013-10-17	7.99	8.16	7.77	7.78	75470	7.78	002524	光正钢构	SZ	8.05	8.05	
136	2013-10-18	7.78	7.82	7.54	7.7	95578	7.7	002524	光正钢构	SZ	7.78	7.78	
135	2013-10-21	7.66	7.66	6.93	7.29	250638	7.29	002524	光正钢构	SZ	7.7	7.7	
134	2013-10-22	7.1	7.26	7.03	7.13	120003	7.13	002524	光正钢构	SZ	7.29	7.29	
133	2013-10-23	7.13	7.13	6.77	6.82	98841	6.82	002524	光正钢构	SZ	7.13	7.13	
132	2013-10-24	6.87	6.89	6.61	6.64	55058	6.64	002524	光正钢构	SZ	6.82	6.82	
131	2013-10-25	6.7	6.84	6.63	6.68	71388	6.68	002524	光正钢构	SZ	6.64	6.64	
130	2013-10-28	6.7	6.77	6.63	6.7	27744	6.7	002524	光正钢构	SZ	6.68	6.68	
129	2013-10-29	6.7	6.79	6.1	6.35	51522	6.35	002524	光正钢构	SZ	6.7	6.7	
128	2013-10-30	6.4	6.41	6.21	6.38	34484	6.38	002524	光正钢构	SZ	6.35	6.35	
127	2013-10-31	6.38	6.39	6.22	6.29	27103	6.29	002524	光正钢构	SZ	6.38	6.38	
126	2013-11-01	6.27	6.43	6.21	6.37	25213	6.37	002524	光正钢构	SZ	6.29	6.29	
125	2013-11-04	6.37	6.66	6.3	6.51	35397	6.51	002524	光正钢构	SZ	6.37	6.37	
124	2013-11-05	6.52	6.52	6.36	6.41	43887	6.41	002524	光正钢构	SZ	6.51	6.51	
123	2013-11-06	6.43	6.66	6.4	6.48	57984	6.48	002524	光正钢构	SZ	6.41	6.41	
122	2013-11-07	6.6	6.6	6.35	6.36	45118	6.36	002524	光正钢构	SZ	6.48	6.48	
121	2013-11-08	6.1	6.4	6.1	6.18	35619	6.18	002524	光正钢构	SZ	6.36	6.36	
120	2013-11-11	6.25	6.29	6.12	6.23	20449	6.23	002524	光正钢构	SZ	6.18	6.18	
119	2013-11-12	6.23	6.29	6.16	6.25	24205	6.25	002524	光正钢构	SZ	6.23	6.23	
118	2013-11-13	6.22	6.22	6.11	6.15	22088	6.15	002524	光正钢构	SZ	6.25	6.25	
117	2013-11-14	6.15	6.25	6	6.14	54812	6.14	002524	光正钢构	SZ	6.15	6.15	
116	2013-11-15	6.11	6.25	6.09	6.19	51944	6.19	002524	光正钢构	SZ	6.14	6.14	
115	2013-11-18	6.2	6.3	6.19	6.3	40240	6.3	002524	光正钢构	SZ	6.19	6.19	
114	2013-11-19	6.32	6.49	6.32	6.4	53656	6.4	002524	光正钢构	SZ	6.3	6.3	
113	2013-11-20	6.5	6.55	6.33	6.39	46090	6.39	002524	光正钢构	SZ	6.4	6.4	
112	2013-11-21	6.48	6.71	6.37	6.63	82034	6.63	002524	光正钢构	SZ	6.39	6.39	
111	2013-11-22	6.68	7.06	6.65	6.91	152955	6.91	002524	光正钢构	SZ	6.63	6.63	
110	2013-11-25	6.8	7.01	6.71	6.74	72838	6.74	002524	光正钢构	SZ	6.91	6.91	
109	2013-11-26	6.75	6.82	6.62	6.75	44019	6.75	002524	光正钢构	SZ	6.74	6.74	
108	2013-11-27	6.75	6.87	6.67	6.85	49277	6.85	002524	光正钢构	SZ	6.75	6.75	
107	2013-11-28	6.81	6.92	6.71	6.85	67966	6.85	002524	光正钢构	SZ	6.85	6.85	
106	2013-11-29	6.83	6.91	6.77	6.81	45729	6.81	002524	光正钢构	SZ	6.85	6.85	
105	2013-12-02	6.7	6.7	6.28	6.29	56530	6.29	002524	光正钢构	SZ	6.81	6.81	
104	2013-12-03	6.3	6.4	6.18	6.38	30650	6.38	002524	光正钢构	SZ	6.29	6.29	
103	2013-12-04	6.39	6.45	6.25	6.34	46634	6.34	002524	光正钢构	SZ	6.38	6.38	
102	2013-12-05	6.36	6.36	6.1	6.14	88157	6.14	002524	光正钢构	SZ	6.34	6.34	
101	2013-12-06	6.15	6.3	6.08	6.28	43491	6.28	002524	光正钢构	SZ	6.14	6.14	
100	2013-12-09	6.33	6.35	6.25	6.3	27643	6.3	002524	光正钢构	SZ	6.28	6.28	
99	2013-12-10	6.42	6.49	6.3	6.31	32590	6.31	002524	光正钢构	SZ	6.3	6.3	
98	2013-12-11	6.3	6.33	6.16	6.22	42642	6.22	002524	光正钢构	SZ	6.31	6.31	
97	2013-12-12	6.2	6.26	6.17	6.22	27118	6.22	002524	光正钢构	SZ	6.22	6.22	
96	2013-12-13	6.17	6.32	6.17	6.24	22706	6.24	002524	光正钢构	SZ	6.22	6.22	
95	2013-12-16	6.33	6.33	6.12	6.16	26991	6.16	002524	光正钢构	SZ	6.24	6.24	
94	2013-12-17	6.2	6.25	6.06	6.15	27117	6.15	002524	光正钢构	SZ	6.16	6.16	
93	2013-12-18	6.15	6.16	6	6.04	28225	6.04	002524	光正钢构	SZ	6.15	6.15	
92	2013-12-19	6.05	6.17	6.02	6.1	28652	6.1	002524	光正钢构	SZ	6.04	6.04	
91	2013-12-20	6.06	6.13	5.99	6.01	27999	6.01	002524	光正钢构	SZ	6.1	6.1	
90	2013-12-23	6.01	6.05	5.7	5.74	42742	5.74	002524	光正钢构	SZ	6.01	6.01	
89	2013-12-24	5.71	5.9	5.71	5.79	31468	5.79	002524	光正钢构	SZ	5.74	5.74	
88	2013-12-25	5.85	6.05	5.78	5.96	34830	5.96	002524	光正钢构	SZ	5.79	5.79	
87	2013-12-26	5.97	6.14	5.92	5.99	48988	5.99	002524	光正钢构	SZ	5.96	5.96	
86	2013-12-27	6.07	6.12	5.91	6.1	63129	6.1	002524	光正钢构	SZ	5.99	5.99	
85	2013-12-30	6.15	6.17	6.06	6.14	54999	6.14	002524	光正钢构	SZ	6.1	6.1	
84	2013-12-31	6.14	6.37	6.06	6.32	102784	6.32	002524	光正钢构	SZ	6.14	6.14	
82	2014-01-02	6.28	6.28	6.13	6.23	76201	6.23	002524	光正钢构	SZ	6.32	6.32	
81	2014-01-03	6.24	6.54	6.15	6.43	134455	6.43	002524	光正钢构	SZ	6.23	6.23	
80	2014-01-06	6.42	6.69	6.35	6.53	123646	6.53	002524	光正钢构	SZ	6.43	6.43	
79	2014-01-07	6.49	6.6	6.39	6.55	59213	6.55	002524	光正钢构	SZ	6.53	6.53	
78	2014-01-08	6.55	6.57	6.4	6.49	61912	6.49	002524	光正钢构	SZ	6.55	6.55	
77	2014-01-09	6.49	6.52	6.42	6.47	55842	6.47	002524	光正钢构	SZ	6.49	6.49	
76	2014-01-10	6.46	6.46	6.23	6.28	43835	6.28	002524	光正钢构	SZ	6.47	6.47	
75	2014-01-13	6.26	6.51	5.97	6	95368	6	002524	光正钢构	SZ	6.28	6.28	
74	2014-01-14	6.01	6.08	5.91	6.05	48440	6.05	002524	光正钢构	SZ	6	6	
73	2014-01-15	6.05	6.09	5.95	6.09	54564	6.09	002524	光正钢构	SZ	6.05	6.05	
72	2014-01-16	6.07	6.08	5.9	6.03	67204	6.03	002524	光正钢构	SZ	6.09	6.09	
71	2014-01-17	5.97	6.25	5.93	6.1	59034	6.1	002524	光正钢构	SZ	6.03	6.03	
70	2014-01-20	6.11	6.2	6.03	6.09	55120	6.09	002524	光正钢构	SZ	6.1	6.1	
69	2014-01-21	6.09	6.11	5.83	5.83	76307	5.83	002524	光正钢构	SZ	6.09	6.09	
68	2014-01-22	5.8	6.25	5.8	6.24	106294	6.24	002524	光正钢构	SZ	5.83	5.83	
67	2014-01-23	6.2	6.38	6.13	6.38	107188	6.38	002524	光正钢构	SZ	6.24	6.24	
66	2014-01-24	6.3	6.7	6.29	6.46	107643	6.46	002524	光正钢构	SZ	6.38	6.38	
65	2014-01-27	6.46	6.61	6.39	6.47	50390	6.47	002524	光正钢构	SZ	6.46	6.46	
64	2014-01-28	6.4	6.56	6.4	6.45	31846	6.45	002524	光正钢构	SZ	6.47	6.47	
63	2014-01-29	6.5	6.6	6.47	6.57	51989	6.57	002524	光正钢构	SZ	6.45	6.45	
62	2014-01-30	6.57	6.64	6.49	6.55	40571	6.55	002524	光正钢构	SZ	6.57	6.57	
57	2014-02-07	6.58	6.78	6.44	6.7	73903	6.7	002524	光正钢构	SZ	6.55	6.55	
56	2014-02-10	6.81	7.15	6.8	6.98	189615	6.98	002524	光正钢构	SZ	6.7	6.7	
55	2014-02-11	6.85	6.96	6.8	6.89	77146	6.89	002524	光正钢构	SZ	6.98	6.98	
54	2014-02-12	6.88	7.05	6.8	6.96	63735	6.96	002524	光正钢构	SZ	6.89	6.89	
53	2014-02-13	7.03	7.04	6.78	6.79	58039	6.79	002524	光正钢构	SZ	6.96	6.96	
52	2014-02-14	6.75	6.87	6.68	6.74	71020	6.74	002524	光正钢构	SZ	6.79	6.79	
51	2014-02-17	6.78	6.84	6.58	6.74	113047	6.74	002524	光正钢构	SZ	6.74	6.74	
50	2014-02-18	6.7	6.95	6.64	6.86	117248	6.86	002524	光正钢构	SZ	6.74	6.74	
49	2014-02-19	6.85	6.85	6.71	6.71	58025	6.71	002524	光正钢构	SZ	6.86	6.86	
48	2014-02-20	7.06	7.15	6.8	6.89	149225	6.89	002524	光正钢构	SZ	6.71	6.71	
47	2014-02-21	7.58	7.58	7.12	7.23	359220	7.23	002524	光正钢构	SZ	6.89	6.89	
46	2014-02-24	7.22	7.25	6.9	7.08	152220	7.08	002524	光正钢构	SZ	7.23	7.23	
45	2014-02-25	7.05	7.06	6.37	6.37	172371	6.37	002524	光正钢构	SZ	7.08	7.08	
44	2014-02-26	6.21	6.55	6.16	6.51	93686	6.51	002524	光正钢构	SZ	6.37	6.37	
43	2014-02-27	6.59	6.85	6.45	6.55	125014	6.55	002524	光正钢构	SZ	6.51	6.51	
42	2014-02-28	6.45	6.47	6.18	6.45	78862	6.45	002524	光正钢构	SZ	6.55	6.55	
41	2014-03-03	6.39	7.06	6.34	6.77	154057	6.77	002524	光正钢构	SZ	6.45	6.45	
40	2014-03-04	6.68	6.75	6.5	6.62	69144	6.62	002524	光正钢构	SZ	6.77	6.77	
39	2014-03-05	6.67	6.67	6.47	6.53	50166	6.53	002524	光正钢构	SZ	6.62	6.62	
38	2014-03-06	6.7	6.85	6.6	6.74	122172	6.74	002524	光正钢构	SZ	6.53	6.53	
37	2014-03-07	7	7.41	6.87	7.32	452537	7.32	002524	光正钢构	SZ	6.74	6.74	
36	2014-03-10	7.35	7.42	6.85	6.91	292207	6.91	002524	光正钢构	SZ	7.32	7.32	
35	2014-03-11	6.97	7.02	6.37	6.48	172854	6.48	002524	光正钢构	SZ	6.91	6.91	
34	2014-03-12	6.48	6.53	6.15	6.28	122386	6.28	002524	光正钢构	SZ	6.48	6.48	
33	2014-03-13	6.31	6.42	6.22	6.31	68976	6.31	002524	光正钢构	SZ	6.28	6.28	
32	2014-03-14	6.25	6.34	6.12	6.21	68519	6.21	002524	光正钢构	SZ	6.31	6.31	
31	2014-03-17	6.24	6.58	6.18	6.58	109441	6.58	002524	光正钢构	SZ	6.21	6.21	
30	2014-03-18	6.64	6.69	6.44	6.55	126060	6.55	002524	光正钢构	SZ	6.58	6.58	
29	2014-03-19	6.5	6.53	6.3	6.43	75928	6.43	002524	光正钢构	SZ	6.55	6.55	
28	2014-03-20	6.4	6.59	6.31	6.4	98068	6.4	002524	光正钢构	SZ	6.43	6.43	
27	2014-03-21	6.28	6.44	6.18	6.41	80725	6.41	002524	光正钢构	SZ	6.4	6.4	
26	2014-03-24	6.38	6.42	6.31	6.4	50552	6.4	002524	光正钢构	SZ	6.41	6.41	
25	2014-03-25	6.37	6.49	6.34	6.36	45255	6.36	002524	光正钢构	SZ	6.4	6.4	
24	2014-03-26	6.36	6.42	6.31	6.38	38712	6.38	002524	光正钢构	SZ	6.36	6.36	
23	2014-03-27	6.4	6.4	6.25	6.33	46310	6.33	002524	光正钢构	SZ	6.38	6.38	
22	2014-03-28	6.33	6.36	6.16	6.28	53268	6.28	002524	光正钢构	SZ	6.33	6.33	
21	2014-03-31	6.2	6.37	6.19	6.23	34877	6.23	002524	光正钢构	SZ	6.28	6.28	
20	2014-04-01	6.19	6.38	6.15	6.36	43951	6.36	002524	光正钢构	SZ	6.23	6.23	
