1035	2010-03-19	17.5	17.69	16.85	17.6	249330	8.46	300062	中能电气	SZ	-1	-1	
1034	2010-03-22	17.44	17.89	17.1	17.52	136212	8.42	300062	中能电气	SZ	17.6	8.46	
1033	2010-03-23	17.27	17.31	16.85	17.18	78158	8.26	300062	中能电气	SZ	17.52	8.42	
1032	2010-03-24	17.15	18.43	17.15	17.95	121054	8.63	300062	中能电气	SZ	17.18	8.26	
1031	2010-03-25	17.75	18.6	17.51	18.11	117572	8.71	300062	中能电气	SZ	17.95	8.63	
1030	2010-03-26	17.5	17.7	17.11	17.51	61586	8.42	300062	中能电气	SZ	18.11	8.71	
1029	2010-03-29	17.6	17.95	17.18	17.83	55680	8.57	300062	中能电气	SZ	17.51	8.42	
1028	2010-03-30	17.74	18.38	17.5	18.19	65972	8.75	300062	中能电气	SZ	17.83	8.57	
1027	2010-03-31	18.1	18.6	18.08	18.1	70496	8.7	300062	中能电气	SZ	18.19	8.75	
1026	2010-04-01	18.2	19.65	18.08	18.63	90658	8.96	300062	中能电气	SZ	18.1	8.7	
1025	2010-04-02	18.4	18.75	18.25	18.44	44590	8.87	300062	中能电气	SZ	18.63	8.96	
1024	2010-04-06	18.61	19.19	18.5	19.14	53782	9.2	300062	中能电气	SZ	18.44	8.87	
1023	2010-04-07	19.24	19.55	18.86	19.4	51342	9.33	300062	中能电气	SZ	19.14	9.2	
1022	2010-04-08	19.3	19.36	18.45	18.45	56676	8.87	300062	中能电气	SZ	19.4	9.33	
1021	2010-04-09	18.5	18.9	18.48	18.69	32088	8.99	300062	中能电气	SZ	18.45	8.87	
1020	2010-04-12	18.73	18.86	18.49	18.7	41547	8.99	300062	中能电气	SZ	18.69	8.99	
1019	2010-04-13	18.75	18.9	17.01	17.46	61005	8.39	300062	中能电气	SZ	18.7	8.99	
1018	2010-04-14	17.19	17.77	17.18	17.6	25753	8.46	300062	中能电气	SZ	17.46	8.39	
1017	2010-04-15	17.61	17.61	16.6	16.82	37030	8.08	300062	中能电气	SZ	17.6	8.46	
1016	2010-04-16	16.85	17.3	16.82	17.07	22870	8.21	300062	中能电气	SZ	16.82	8.08	
1015	2010-04-19	16.87	17.49	16.85	16.91	24333	8.13	300062	中能电气	SZ	17.07	8.21	
1014	2010-04-20	16.95	17.19	15.51	16.62	18667	7.99	300062	中能电气	SZ	16.91	8.13	
1013	2010-04-21	16.56	17.19	16.31	17.17	19751	8.25	300062	中能电气	SZ	16.62	7.99	
1012	2010-04-22	17.06	17.43	16.89	17.21	26929	8.27	300062	中能电气	SZ	17.17	8.25	
1011	2010-04-23	17.1	17.3	16.5	16.65	25240	8	300062	中能电气	SZ	17.21	8.27	
1010	2010-04-26	16.5	16.5	15.75	15.75	27023	7.57	300062	中能电气	SZ	16.65	8	
1009	2010-04-27	15.52	15.77	14.76	15.08	20523	7.25	300062	中能电气	SZ	15.75	7.57	
1008	2010-04-28	14.79	15.35	14.79	14.9	10903	7.16	300062	中能电气	SZ	15.08	7.25	
1007	2010-04-29	15	15.22	14.85	14.89	9273	7.16	300062	中能电气	SZ	14.9	7.16	
1006	2010-04-30	14.89	14.98	13.82	14.11	15534	6.78	300062	中能电气	SZ	14.89	7.16	
1005	2010-05-04	13.88	14.21	13.52	13.95	8330	6.71	300062	中能电气	SZ	14.11	6.78	
1004	2010-05-05	13.84	14.69	13.8	14.68	15498	7.06	300062	中能电气	SZ	13.95	6.71	
1003	2010-05-06	14.64	14.77	14.1	14.15	12514	6.8	300062	中能电气	SZ	14.68	7.06	
1002	2010-05-07	13.65	14.29	13.6	13.94	9507	6.7	300062	中能电气	SZ	14.15	6.8	
1001	2010-05-10	13.95	14.14	12.65	13.1	12766	6.3	300062	中能电气	SZ	13.94	6.7	
1000	2010-05-11	13.5	13.57	12.76	12.82	10927	6.17	300062	中能电气	SZ	13.1	6.3	
999	2010-05-12	12.52	12.97	12.4	12.64	9335	6.08	300062	中能电气	SZ	12.82	6.17	
998	2010-05-13	12.77	12.95	12.31	12.95	11270	6.23	300062	中能电气	SZ	12.64	6.08	
997	2010-05-14	12.72	13.06	12.72	12.96	7482	6.23	300062	中能电气	SZ	12.95	6.23	
996	2010-05-17	12.81	12.84	12.25	12.26	9213	5.89	300062	中能电气	SZ	12.96	6.23	
995	2010-05-18	12.44	12.44	11.82	12.31	11175	5.92	300062	中能电气	SZ	12.26	5.89	
994	2010-05-19	12.23	12.88	12.01	12.58	15459	6.05	300062	中能电气	SZ	12.31	5.92	
993	2010-05-20	12.43	12.9	12.4	12.52	16416	6.02	300062	中能电气	SZ	12.58	6.05	
992	2010-05-21	12.1	13.13	12.05	13.02	14839	6.26	300062	中能电气	SZ	12.52	6.02	
991	2010-05-24	13.15	13.5	13	13.44	22782	6.46	300062	中能电气	SZ	13.02	6.26	
990	2010-05-25	13.3	13.47	13	13.2	14905	6.35	300062	中能电气	SZ	13.44	6.46	
989	2010-05-26	13.1	13.34	13.06	13.14	8295	6.32	300062	中能电气	SZ	13.2	6.35	
988	2010-05-27	13.14	13.52	12.82	13.48	19691	6.48	300062	中能电气	SZ	13.14	6.32	
987	2010-05-28	13.52	13.82	13.23	13.4	17742	6.44	300062	中能电气	SZ	13.48	6.48	
986	2010-05-31	13.4	13.7	12.96	12.98	16844	6.24	300062	中能电气	SZ	13.4	6.44	
985	2010-06-01	12.99	13.22	12.3	12.57	15585	6.04	300062	中能电气	SZ	12.98	6.24	
984	2010-06-02	12.41	12.77	12.35	12.77	8310	6.14	300062	中能电气	SZ	12.57	6.04	
983	2010-06-03	12.89	13.14	12.65	12.7	12583	6.11	300062	中能电气	SZ	12.77	6.14	
982	2010-06-04	12.7	13.35	12.51	13.35	14746	6.42	300062	中能电气	SZ	12.7	6.11	
981	2010-06-07	13.02	13.95	13.01	13.86	32239	6.67	300062	中能电气	SZ	13.35	6.42	
980	2010-06-08	13.88	13.92	13.56	13.77	20974	6.62	300062	中能电气	SZ	13.86	6.67	
979	2010-06-09	13.81	14.2	13.6	13.82	26732	6.65	300062	中能电气	SZ	13.77	6.62	
978	2010-06-10	13.78	14.15	13.78	14	21832	6.73	300062	中能电气	SZ	13.82	6.65	
977	2010-06-11	14.1	14.56	13.91	14.47	30119	6.96	300062	中能电气	SZ	14	6.73	
976	2010-06-17	14.48	15.3	14.16	14.24	39237	6.85	300062	中能电气	SZ	14.47	6.96	
975	2010-06-18	14	14.1	12.98	12.98	24378	6.24	300062	中能电气	SZ	14.24	6.85	
974	2010-06-21	12.5	13.49	12.15	13.31	65651	6.4	300062	中能电气	SZ	12.98	6.24	
973	2010-06-22	13.1	13.49	13.01	13.19	36876	6.34	300062	中能电气	SZ	13.31	6.4	
972	2010-06-23	13.06	13.4	12.85	13.17	28265	6.33	300062	中能电气	SZ	13.19	6.34	
971	2010-06-24	13.3	13.38	13.07	13.15	21140	6.32	300062	中能电气	SZ	13.17	6.33	
970	2010-06-28	12.75	12.9	12.34	12.4	22895	5.96	300062	中能电气	SZ	13.15	6.32	
969	2010-06-29	12.46	12.48	11.5	11.58	26054	5.57	300062	中能电气	SZ	12.4	5.96	
968	2010-06-30	11.57	11.8	11.26	11.67	15116	5.61	300062	中能电气	SZ	11.58	5.57	
967	2010-07-01	11.7	11.7	11.23	11.3	15363	5.43	300062	中能电气	SZ	11.67	5.61	
966	2010-07-02	11.27	11.28	10.7	11.15	17084	5.36	300062	中能电气	SZ	11.3	5.43	
965	2010-07-05	11	11.14	10.59	11	11941	5.29	300062	中能电气	SZ	11.15	5.36	
964	2010-07-06	10.98	11.39	10.94	11.35	16740	5.46	300062	中能电气	SZ	11	5.29	
963	2010-07-07	11.35	11.48	11.25	11.47	11926	5.51	300062	中能电气	SZ	11.35	5.46	
962	2010-07-08	11.57	11.64	11.09	11.36	12955	5.46	300062	中能电气	SZ	11.47	5.51	
961	2010-07-09	11.4	11.78	11.27	11.69	17084	5.62	300062	中能电气	SZ	11.36	5.46	
960	2010-07-12	11.73	11.85	11.54	11.69	12005	5.62	300062	中能电气	SZ	11.69	5.62	
959	2010-07-13	11.7	11.82	11.34	11.77	16307	5.66	300062	中能电气	SZ	11.69	5.62	
958	2010-07-14	11.75	11.89	11.65	11.8	15089	5.67	300062	中能电气	SZ	11.77	5.66	
957	2010-07-15	11.68	11.78	11.44	11.45	11411	5.5	300062	中能电气	SZ	11.8	5.67	
956	2010-07-16	11.31	11.52	11.13	11.49	10018	5.53	300062	中能电气	SZ	11.45	5.5	
955	2010-07-19	11.37	11.69	11.26	11.64	9227	5.6	300062	中能电气	SZ	11.49	5.53	
954	2010-07-20	11.65	12.05	11.61	11.99	19140	5.77	300062	中能电气	SZ	11.64	5.6	
953	2010-07-21	12.07	12.24	11.91	11.98	15933	5.76	300062	中能电气	SZ	11.99	5.77	
952	2010-07-22	11.83	12.1	11.81	12.07	10850	5.81	300062	中能电气	SZ	11.98	5.76	
951	2010-07-23	12.19	12.2	11.97	12.09	14204	5.81	300062	中能电气	SZ	12.07	5.81	
950	2010-07-26	12.12	12.15	11.8	12.15	13786	5.84	300062	中能电气	SZ	12.09	5.81	
949	2010-07-27	12.12	12.19	12.01	12.06	10832	5.8	300062	中能电气	SZ	12.15	5.84	
948	2010-07-28	12.06	12.43	12.06	12.4	20955	5.96	300062	中能电气	SZ	12.06	5.8	
947	2010-07-29	12.4	12.6	12.31	12.5	16775	6.01	300062	中能电气	SZ	12.4	5.96	
946	2010-07-30	12.49	13	12.34	12.85	27816	6.18	300062	中能电气	SZ	12.5	6.01	
945	2010-08-02	12.73	13.45	12.73	13.35	38234	6.42	300062	中能电气	SZ	12.85	6.18	
944	2010-08-03	13.35	13.41	12.98	12.99	25376	6.25	300062	中能电气	SZ	13.35	6.42	
943	2010-08-04	12.97	13.13	12.7	13.05	19733	6.27	300062	中能电气	SZ	12.99	6.25	
942	2010-08-05	13.01	13.43	12.95	13.06	31095	6.28	300062	中能电气	SZ	13.05	6.27	
941	2010-08-06	13.14	13.64	12.75	13.62	28664	6.55	300062	中能电气	SZ	13.06	6.28	
940	2010-08-09	13.74	13.89	13.52	13.78	21453	6.63	300062	中能电气	SZ	13.62	6.55	
939	2010-08-10	13.81	13.81	13.15	13.15	34643	6.32	300062	中能电气	SZ	13.78	6.63	
938	2010-08-11	13	13.72	12.98	13.7	25015	6.59	300062	中能电气	SZ	13.15	6.32	
937	2010-08-12	13.57	14.12	13.48	13.97	31551	6.72	300062	中能电气	SZ	13.7	6.59	
936	2010-08-13	13.95	14.9	13.95	14.69	49171	7.06	300062	中能电气	SZ	13.97	6.72	
935	2010-08-16	14.52	14.98	14.47	14.61	44669	7.02	300062	中能电气	SZ	14.69	7.06	
934	2010-08-17	14.62	15.5	14.61	15.33	40258	7.37	300062	中能电气	SZ	14.61	7.02	
933	2010-08-18	15.43	15.43	14.81	15.24	38400	7.33	300062	中能电气	SZ	15.33	7.37	
932	2010-08-19	15.24	15.95	15.02	15.86	41327	7.63	300062	中能电气	SZ	15.24	7.33	
931	2010-08-20	15.82	15.84	15.38	15.48	26993	7.44	300062	中能电气	SZ	15.86	7.63	
930	2010-08-23	15.33	15.5	14	14.4	39729	6.92	300062	中能电气	SZ	15.48	7.44	
929	2010-08-24	14.41	15.1	14.41	15.01	30995	7.22	300062	中能电气	SZ	14.4	6.92	
928	2010-08-25	14.76	15.19	14.51	15.15	32068	7.28	300062	中能电气	SZ	15.01	7.22	
927	2010-08-26	14.6	14.74	14.1	14.29	50413	6.87	300062	中能电气	SZ	15.15	7.28	
926	2010-08-27	14.23	14.67	14.14	14.53	16616	6.99	300062	中能电气	SZ	14.29	6.87	
925	2010-08-30	14.57	15.04	14.55	14.95	38965	7.19	300062	中能电气	SZ	14.53	6.99	
924	2010-08-31	14.93	15.15	14.7	14.76	29823	7.1	300062	中能电气	SZ	14.95	7.19	
923	2010-09-01	14.76	14.78	13.69	13.83	42626	6.65	300062	中能电气	SZ	14.76	7.1	
922	2010-09-02	13.83	14.18	13.83	13.91	25944	6.69	300062	中能电气	SZ	13.83	6.65	
921	2010-09-03	13.91	14.14	13.84	14.06	27247	6.76	300062	中能电气	SZ	13.91	6.69	
920	2010-09-06	14.06	14.48	13.95	13.99	20313	6.73	300062	中能电气	SZ	14.06	6.76	
919	2010-09-07	13.91	14.32	13.91	14.32	11322	6.88	300062	中能电气	SZ	13.99	6.73	
918	2010-09-08	14.22	14.77	14.15	14.72	20846	7.07	300062	中能电气	SZ	14.32	6.88	
917	2010-09-09	14.74	14.74	14.11	14.18	24850	6.81	300062	中能电气	SZ	14.72	7.07	
916	2010-09-13	14.22	14.4	14.1	14.28	18226	6.87	300062	中能电气	SZ	14.18	6.81	
915	2010-09-14	14.32	14.41	14.2	14.39	13881	6.92	300062	中能电气	SZ	14.28	6.87	
914	2010-09-15	14.39	14.39	13.4	13.48	24041	6.48	300062	中能电气	SZ	14.39	6.92	
913	2010-09-16	13.51	13.51	13	13.14	9978	6.31	300062	中能电气	SZ	13.48	6.48	
912	2010-09-17	13.15	13.45	13.14	13.35	11635	6.42	300062	中能电气	SZ	13.14	6.31	
911	2010-09-20	13.47	13.68	13.22	13.22	7972	6.35	300062	中能电气	SZ	13.35	6.42	
910	2010-09-21	13.22	13.23	12.52	12.53	11533	6.03	300062	中能电气	SZ	13.22	6.35	
909	2010-09-27	12.57	12.7	12.5	12.65	7185	6.08	300062	中能电气	SZ	12.53	6.03	
908	2010-09-28	12.83	12.88	12.68	12.8	5026	6.15	300062	中能电气	SZ	12.65	6.08	
907	2010-09-29	12.8	12.83	12.5	12.53	9131	6.03	300062	中能电气	SZ	12.8	6.15	
906	2010-09-30	12.5	12.65	12.4	12.6	7815	6.06	300062	中能电气	SZ	12.53	6.03	
905	2010-10-08	12.66	13.44	12.66	13.4	17175	6.44	300062	中能电气	SZ	12.6	6.06	
904	2010-10-11	13.42	14.1	13.42	13.88	19058	6.67	300062	中能电气	SZ	13.4	6.44	
903	2010-10-12	13.84	14.23	13.65	14.04	13320	6.75	300062	中能电气	SZ	13.88	6.67	
902	2010-10-13	13.9	14.36	13.7	14.2	13619	6.83	300062	中能电气	SZ	14.04	6.75	
901	2010-10-14	14.45	14.48	14.07	14.07	15320	6.77	300062	中能电气	SZ	14.2	6.83	
900	2010-10-15	14.06	14.41	13.79	14.26	14803	6.85	300062	中能电气	SZ	14.07	6.77	
899	2010-10-18	14.26	14.44	14.09	14.27	13240	6.86	300062	中能电气	SZ	14.26	6.85	
898	2010-10-19	14.2	15.23	14.16	14.85	35465	7.14	300062	中能电气	SZ	14.27	6.86	
897	2010-10-20	14.55	15.25	14.5	14.85	17670	7.14	300062	中能电气	SZ	14.85	7.14	
896	2010-10-21	14.85	14.88	14.26	14.6	10561	7.02	300062	中能电气	SZ	14.85	7.14	
895	2010-10-22	14.74	14.82	14.39	14.61	11700	7.03	300062	中能电气	SZ	14.6	7.02	
894	2010-10-25	14.68	15.04	14.68	14.93	10035	7.18	300062	中能电气	SZ	14.61	7.03	
893	2010-10-26	14.93	15	14.51	14.77	11394	7.1	300062	中能电气	SZ	14.93	7.18	
892	2010-10-27	14.62	14.84	14.5	14.74	9360	7.09	300062	中能电气	SZ	14.77	7.1	
891	2010-10-28	14.56	14.77	14.35	14.65	9109	7.04	300062	中能电气	SZ	14.74	7.09	
890	2010-10-29	14.56	15.85	14.35	15.43	18180	7.42	300062	中能电气	SZ	14.65	7.04	
889	2010-11-01	15.54	16.97	15.54	16.97	14664	8.16	300062	中能电气	SZ	15.43	7.42	
888	2010-11-02	17.5	18.67	17.49	18	46089	8.65	300062	中能电气	SZ	16.97	8.16	
887	2010-11-03	17.62	18.25	17.61	18.05	17261	8.68	300062	中能电气	SZ	18	8.65	
886	2010-11-04	18.2	18.44	17.65	18.23	14393	8.76	300062	中能电气	SZ	18.05	8.68	
885	2010-11-05	18.4	18.89	18.08	18.24	13792	8.77	300062	中能电气	SZ	18.23	8.76	
884	2010-11-08	18.7	18.71	18.25	18.5	11076	8.89	300062	中能电气	SZ	18.24	8.77	
883	2010-11-09	18.48	18.48	17.9	17.95	15153	8.63	300062	中能电气	SZ	18.5	8.89	
882	2010-11-10	17.95	18.25	17.86	18	11466	8.65	300062	中能电气	SZ	17.95	8.63	
881	2010-11-11	17.86	19.06	17.86	18.51	25335	8.9	300062	中能电气	SZ	18	8.65	
880	2010-11-15	17.5	18.2	17.4	18.15	21844	8.73	300062	中能电气	SZ	18.51	8.9	
879	2010-11-16	18.35	19	17.72	18.33	19201	8.81	300062	中能电气	SZ	18.15	8.73	
878	2010-11-17	18.15	18.7	17.85	17.92	13129	8.61	300062	中能电气	SZ	18.33	8.81	
877	2010-11-18	18.16	18.5	17.01	17.83	11878	8.57	300062	中能电气	SZ	17.92	8.61	
876	2010-11-19	17.8	18.49	17.69	18.49	14859	8.89	300062	中能电气	SZ	17.83	8.57	
875	2010-11-22	18.48	19.75	18.25	19.25	32500	9.25	300062	中能电气	SZ	18.49	8.89	
874	2010-11-23	19.39	19.39	18.44	18.9	18679	9.09	300062	中能电气	SZ	19.25	9.25	
873	2010-11-24	18.55	19.98	18.55	19.85	15535	9.54	300062	中能电气	SZ	18.9	9.09	
872	2010-11-25	19.85	20.75	19.3	19.84	15086	9.54	300062	中能电气	SZ	19.85	9.54	
871	2010-11-26	19.98	20.19	19.61	19.93	7481	9.58	300062	中能电气	SZ	19.84	9.54	
870	2010-11-29	19.93	20.25	19.5	19.84	6837	9.54	300062	中能电气	SZ	19.93	9.58	
869	2010-11-30	20	20	18.5	19.54	13594	9.39	300062	中能电气	SZ	19.84	9.54	
868	2010-12-01	19.35	19.74	19	19.25	5574	9.25	300062	中能电气	SZ	19.54	9.39	
867	2010-12-02	19.33	19.55	18.95	19	5747	9.13	300062	中能电气	SZ	19.25	9.25	
866	2010-12-03	19.12	19.12	18.61	18.65	4686	8.96	300062	中能电气	SZ	19	9.13	
865	2010-12-06	18.89	19	18.56	18.75	3366	9.01	300062	中能电气	SZ	18.65	8.96	
864	2010-12-08	20	20.38	19.27	19.47	12885	9.36	300062	中能电气	SZ	18.75	9.01	
863	2010-12-09	19.5	19.65	19.2	19.53	7948	9.39	300062	中能电气	SZ	19.47	9.36	
862	2010-12-10	19.4	20.24	19.4	19.98	10349	9.61	300062	中能电气	SZ	19.53	9.39	
861	2010-12-13	19.99	20.64	19.99	20.35	10914	9.78	300062	中能电气	SZ	19.98	9.61	
860	2010-12-14	20.4	20.44	20.16	20.25	5682	9.74	300062	中能电气	SZ	20.35	9.78	
859	2010-12-15	20.25	20.29	19.59	19.7	7907	9.47	300062	中能电气	SZ	20.25	9.74	
858	2010-12-16	19.5	20.75	19.5	20.46	8202	9.84	300062	中能电气	SZ	19.7	9.47	
857	2010-12-17	20.4	20.74	20.09	20.44	5674	9.83	300062	中能电气	SZ	20.46	9.84	
856	2010-12-20	20.5	20.65	19.65	19.72	9389	9.48	300062	中能电气	SZ	20.44	9.83	
855	2010-12-21	19.75	19.95	19.6	19.74	5327	9.49	300062	中能电气	SZ	19.72	9.48	
854	2010-12-22	19.88	19.88	19.35	19.45	5034	9.35	300062	中能电气	SZ	19.74	9.49	
853	2010-12-23	19.45	19.83	19.25	19.45	4404	9.35	300062	中能电气	SZ	19.45	9.35	
852	2010-12-24	19.45	19.49	18.75	18.9	6031	9.08	300062	中能电气	SZ	19.45	9.35	
851	2010-12-27	18.75	19.25	17.5	18.08	4927	8.69	300062	中能电气	SZ	18.9	9.08	
850	2010-12-28	17.7	18.25	17.7	17.95	4394	8.63	300062	中能电气	SZ	18.08	8.69	
849	2010-12-29	18	18.08	17.75	18.08	2540	8.69	300062	中能电气	SZ	17.95	8.63	
848	2010-12-30	18.08	18.25	17.79	18	2153	8.65	300062	中能电气	SZ	18.08	8.69	
847	2010-12-31	17.88	19.25	17.88	18.89	4143	9.08	300062	中能电气	SZ	18	8.65	
846	2011-01-04	18.94	19.24	18.6	18.98	5390	9.12	300062	中能电气	SZ	18.89	9.08	
845	2011-01-05	18.79	19.17	18.75	18.99	5303	9.13	300062	中能电气	SZ	18.98	9.12	
844	2011-01-06	19.25	19.49	18.91	19	3085	9.14	300062	中能电气	SZ	18.99	9.13	
843	2011-01-07	19	19.25	18.6	18.69	8985	8.99	300062	中能电气	SZ	19	9.14	
842	2011-01-10	18.55	18.67	17.6	17.73	9435	8.52	300062	中能电气	SZ	18.69	8.99	
841	2011-01-11	17.56	17.9	17.25	17.26	4011	8.3	300062	中能电气	SZ	17.73	8.52	
840	2011-01-12	17.65	17.65	17.27	17.33	1894	8.33	300062	中能电气	SZ	17.26	8.3	
839	2011-01-13	17.33	17.58	16.79	16.99	8124	8.17	300062	中能电气	SZ	17.33	8.33	
838	2011-01-14	17.11	17.11	16.75	17	2259	8.17	300062	中能电气	SZ	16.99	8.17	
837	2011-01-17	17.01	17.11	15.85	16.12	6313	7.75	300062	中能电气	SZ	17	8.17	
836	2011-01-18	15.93	16.09	15.54	16.08	2702	7.73	300062	中能电气	SZ	16.12	7.75	
835	2011-01-19	15.7	16.24	15.7	16.1	3781	7.74	300062	中能电气	SZ	16.08	7.73	
834	2011-01-20	16.01	16.38	15.79	16.02	3787	7.7	300062	中能电气	SZ	16.1	7.74	
833	2011-01-21	15.83	16.21	15.83	16.05	1597	7.71	300062	中能电气	SZ	16.02	7.7	
832	2011-01-24	16.1	16.39	15.9	16.04	2754	7.71	300062	中能电气	SZ	16.05	7.71	
831	2011-01-25	16.04	16.14	15.27	15.53	2662	7.47	300062	中能电气	SZ	16.04	7.71	
830	2011-01-27	15.76	15.98	15.26	15.91	2957	7.65	300062	中能电气	SZ	15.53	7.47	
829	2011-01-28	15.97	16.3	15.9	16.14	1968	7.76	300062	中能电气	SZ	15.91	7.65	
828	2011-01-31	15.3	16.33	15.3	16.15	2126	7.76	300062	中能电气	SZ	16.14	7.76	
827	2011-02-01	16.33	16.55	16.07	16.35	1950	7.86	300062	中能电气	SZ	16.15	7.76	
826	2011-02-09	16.3	16.49	16.08	16.27	2563	7.82	300062	中能电气	SZ	16.35	7.86	
825	2011-02-10	16.47	16.64	16.2	16.64	1827	8	300062	中能电气	SZ	16.27	7.82	
824	2011-02-11	16.69	17.28	16.69	16.98	3437	8.16	300062	中能电气	SZ	16.64	8	
823	2011-02-14	16.99	17.27	16.5	16.94	15045	8.15	300062	中能电气	SZ	16.98	8.16	
822	2011-02-15	16.72	16.83	16.55	16.68	9708	8.02	300062	中能电气	SZ	16.94	8.15	
821	2011-02-16	16.65	17.04	16.56	17	5778	8.17	300062	中能电气	SZ	16.68	8.02	
820	2011-02-17	17.05	17.1	16.75	17.02	5148	8.19	300062	中能电气	SZ	17	8.17	
819	2011-02-18	17.1	17.2	16.79	17.03	5504	8.19	300062	中能电气	SZ	17.02	8.19	
818	2011-02-21	16.89	17.2	16.89	17.17	4799	8.25	300062	中能电气	SZ	17.03	8.19	
817	2011-02-22	17.17	17.31	16.91	16.92	6404	8.13	300062	中能电气	SZ	17.17	8.25	
816	2011-02-23	17.05	17.38	16.81	17.38	6623	8.36	300062	中能电气	SZ	16.92	8.13	
815	2011-02-24	17.3	18	17.19	17.5	7618	8.41	300062	中能电气	SZ	17.38	8.36	
814	2011-02-25	17.22	17.47	17	17.13	6492	8.24	300062	中能电气	SZ	17.5	8.41	
813	2011-02-28	17.35	17.35	16.85	16.9	5515	8.13	300062	中能电气	SZ	17.13	8.24	
812	2011-03-01	17.04	17.04	16.75	16.9	3994	8.13	300062	中能电气	SZ	16.9	8.13	
811	2011-03-02	16.98	16.99	16.73	16.75	4354	8.06	300062	中能电气	SZ	16.9	8.13	
810	2011-03-03	16.9	16.9	16.4	16.4	5049	7.88	300062	中能电气	SZ	16.75	8.06	
809	2011-03-04	16.55	16.55	16.13	16.32	2966	7.84	300062	中能电气	SZ	16.4	7.88	
808	2011-03-07	16.47	16.48	16.1	16.25	4802	7.81	300062	中能电气	SZ	16.32	7.84	
807	2011-03-08	16.39	17.17	16.25	17.17	5450	8.26	300062	中能电气	SZ	16.25	7.81	
806	2011-03-09	17.17	17.17	16.88	16.91	4656	8.13	300062	中能电气	SZ	17.17	8.26	
805	2011-03-10	16.92	17.08	16.57	16.89	2725	8.12	300062	中能电气	SZ	16.91	8.13	
804	2011-03-11	16.8	16.93	16.58	16.83	2533	8.09	300062	中能电气	SZ	16.89	8.12	
803	2011-03-14	16.83	16.84	16.54	16.54	4469	7.95	300062	中能电气	SZ	16.83	8.09	
802	2011-03-15	16.69	16.73	15.94	16	6263	7.69	300062	中能电气	SZ	16.54	7.95	
801	2011-03-16	16.01	16.39	16.01	16.15	3212	7.76	300062	中能电气	SZ	16	7.69	
800	2011-03-17	16.03	16.2	16.02	16.07	2819	7.72	300062	中能电气	SZ	16.15	7.76	
799	2011-03-18	16.35	16.35	16.11	16.3	2492	7.84	300062	中能电气	SZ	16.07	7.72	
798	2011-03-21	16.3	16.3	16.02	16.1	1678	7.74	300062	中能电气	SZ	16.3	7.84	
797	2011-03-22	16.2	16.21	16.05	16.12	2500	7.75	300062	中能电气	SZ	16.1	7.74	
796	2011-03-23	16.22	16.59	16.07	16.5	2303	7.93	300062	中能电气	SZ	16.12	7.75	
795	2011-03-24	16.5	16.65	16.2	16.26	1910	7.82	300062	中能电气	SZ	16.5	7.93	
794	2011-03-25	16.12	16.44	16.12	16.34	1235	7.86	300062	中能电气	SZ	16.26	7.82	
793	2011-03-28	16.49	16.65	16.25	16.25	2665	7.81	300062	中能电气	SZ	16.34	7.86	
792	2011-03-29	16.11	16.25	15.44	15.48	7774	7.44	300062	中能电气	SZ	16.25	7.81	
791	2011-03-30	15.6	15.6	14.5	14.81	7876	7.12	300062	中能电气	SZ	15.48	7.44	
790	2011-03-31	14.75	15.18	14.75	15.01	2486	7.21	300062	中能电气	SZ	14.81	7.12	
789	2011-04-01	15.2	15.2	14.79	15	2693	7.21	300062	中能电气	SZ	15.01	7.21	
788	2011-04-06	15.05	15.56	15.05	15.49	7591	7.45	300062	中能电气	SZ	15	7.21	
787	2011-04-07	15.4	15.75	15.24	15.45	3609	7.43	300062	中能电气	SZ	15.49	7.45	
786	2011-04-08	15.49	16	15.02	15.85	7071	7.62	300062	中能电气	SZ	15.45	7.43	
785	2011-04-11	15.61	16.25	15.5	16.2	8064	7.79	300062	中能电气	SZ	15.85	7.62	
784	2011-04-12	16.5	17.17	16.23	16.39	20221	7.88	300062	中能电气	SZ	16.2	7.79	
783	2011-04-13	16.2	16.29	15.92	16.24	9917	7.81	300062	中能电气	SZ	16.39	7.88	
782	2011-04-14	16.24	16.27	15.92	16.06	4307	7.72	300062	中能电气	SZ	16.24	7.81	
781	2011-04-15	16.04	16.17	15.49	15.65	7385	7.52	300062	中能电气	SZ	16.06	7.72	
780	2011-04-18	15.5	15.74	15.36	15.47	3739	7.44	300062	中能电气	SZ	15.65	7.52	
779	2011-04-19	15.39	15.4	15.16	15.32	4483	7.37	300062	中能电气	SZ	15.47	7.44	
778	2011-04-20	15.4	15.69	15.28	15.61	5536	7.5	300062	中能电气	SZ	15.32	7.37	
777	2011-04-21	15.61	17	15.54	16.25	7907	7.81	300062	中能电气	SZ	15.61	7.5	
776	2011-04-22	16.24	16.94	16.17	16.9	14332	8.13	300062	中能电气	SZ	16.25	7.81	
775	2011-04-25	16.5	17	16.15	16.89	9827	8.12	300062	中能电气	SZ	16.9	8.13	
774	2011-04-26	16.45	16.45	15.28	15.7	22415	7.55	300062	中能电气	SZ	16.89	8.12	
773	2011-04-27	15.6	15.6	14.18	14.3	24122	6.88	300062	中能电气	SZ	15.7	7.55	
772	2011-04-28	14.25	14.56	14.14	14.23	7229	6.84	300062	中能电气	SZ	14.3	6.88	
771	2011-04-29	14.23	14.48	14	14.4	3150	6.92	300062	中能电气	SZ	14.23	6.84	
770	2011-05-03	14.48	14.76	14.35	14.74	4052	7.09	300062	中能电气	SZ	14.4	6.92	
769	2011-05-04	14.74	14.74	14.44	14.54	4051	6.99	300062	中能电气	SZ	14.74	7.09	
768	2011-05-06	14.64	14.85	14.43	14.66	5336	7.05	300062	中能电气	SZ	14.54	6.99	
767	2011-05-09	14.65	14.77	14.65	14.75	3050	7.09	300062	中能电气	SZ	14.66	7.05	
766	2011-05-10	14.66	14.9	14.66	14.9	4127	7.16	300062	中能电气	SZ	14.75	7.09	
765	2011-05-11	14.75	14.9	14.55	14.82	4481	7.13	300062	中能电气	SZ	14.9	7.16	
764	2011-05-12	14.76	14.85	14.53	14.53	4190	6.99	300062	中能电气	SZ	14.82	7.13	
763	2011-05-13	14.73	14.74	14.4	14.46	5728	6.95	300062	中能电气	SZ	14.53	6.99	
762	2011-05-16	14.4	14.48	13.8	13.81	4600	13.49	300062	中能电气	SZ	14.46	6.95	
761	2011-05-17	13.82	13.89	13.4	13.46	10034	13.15	300062	中能电气	SZ	13.81	13.49	
760	2011-05-18	13.56	13.56	13.22	13.31	9996	13	300062	中能电气	SZ	13.46	13.15	
759	2011-05-19	13.33	13.44	13.24	13.3	4536	12.99	300062	中能电气	SZ	13.31	13	
758	2011-05-20	13.3	13.39	13.22	13.33	3782	13.02	300062	中能电气	SZ	13.3	12.99	
757	2011-05-23	13.37	13.37	12.6	12.61	5039	12.32	300062	中能电气	SZ	13.33	13.02	
756	2011-05-24	12.63	13.52	12.26	13.34	10686	13.03	300062	中能电气	SZ	12.61	12.32	
755	2011-05-25	13.27	13.34	12.11	12.75	7382	12.45	300062	中能电气	SZ	13.34	13.03	
754	2011-05-26	12.78	13.06	12.6	12.62	4555	12.33	300062	中能电气	SZ	12.75	12.45	
753	2011-05-27	12.62	13.07	12.6	12.76	5752	12.46	300062	中能电气	SZ	12.62	12.33	
752	2011-05-30	12.88	13.57	12.62	13.4	11795	13.09	300062	中能电气	SZ	12.76	12.46	
751	2011-05-31	13.4	13.68	13.16	13.64	8964	13.32	300062	中能电气	SZ	13.4	13.09	
750	2011-06-01	13.6	13.79	13.41	13.63	12455	13.31	300062	中能电气	SZ	13.64	13.32	
749	2011-06-02	13.54	13.59	13.14	13.56	9067	13.24	300062	中能电气	SZ	13.63	13.31	
748	2011-06-03	13.75	14.02	13.61	13.72	9036	13.4	300062	中能电气	SZ	13.56	13.24	
747	2011-06-07	13.69	13.77	13.59	13.68	9797	13.36	300062	中能电气	SZ	13.72	13.4	
746	2011-06-08	13.61	13.68	13.31	13.41	6523	13.1	300062	中能电气	SZ	13.68	13.36	
745	2011-06-09	13.36	13.41	12.82	12.83	5068	12.53	300062	中能电气	SZ	13.41	13.1	
744	2011-06-10	12.65	12.96	12.61	12.9	3152	12.6	300062	中能电气	SZ	12.83	12.53	
743	2011-06-13	12.9	13.22	12.6	13.1	3490	12.8	300062	中能电气	SZ	12.9	12.6	
742	2011-06-14	13.03	13.41	12.96	13.34	8008	13.03	300062	中能电气	SZ	13.1	12.8	
741	2011-06-15	13.14	13.34	13	13.15	4403	12.84	300062	中能电气	SZ	13.34	13.03	
740	2011-06-16	13.18	13.18	12.49	12.76	6886	12.46	300062	中能电气	SZ	13.15	12.84	
739	2011-06-17	12.51	12.77	12.44	12.54	6684	12.25	300062	中能电气	SZ	12.76	12.46	
738	2011-06-20	12.35	12.36	11.98	12	7848	11.72	300062	中能电气	SZ	12.54	12.25	
737	2011-06-21	12.03	12.19	11.93	11.98	5814	11.7	300062	中能电气	SZ	12	11.72	
736	2011-06-22	12.01	12.45	11.95	12.2	12174	11.92	300062	中能电气	SZ	11.98	11.7	
735	2011-06-23	12.15	12.67	11.88	12.6	12833	12.31	300062	中能电气	SZ	12.2	11.92	
734	2011-06-24	12.49	12.9	12.46	12.87	16468	12.57	300062	中能电气	SZ	12.6	12.31	
733	2011-06-27	12.75	13.3	12.75	13.14	12857	12.83	300062	中能电气	SZ	12.87	12.57	
732	2011-06-28	13.15	13.21	12.95	13.18	7334	12.87	300062	中能电气	SZ	13.14	12.83	
731	2011-06-29	13.24	13.24	12.78	12.79	8453	12.49	300062	中能电气	SZ	13.18	12.87	
730	2011-06-30	12.79	13.1	12.72	12.81	8056	12.51	300062	中能电气	SZ	12.79	12.49	
729	2011-07-01	12.83	13.25	12.83	13.15	11039	12.84	300062	中能电气	SZ	12.81	12.51	
728	2011-07-04	13.24	13.64	13.2	13.6	15814	13.28	300062	中能电气	SZ	13.15	12.84	
727	2011-07-05	13.55	13.65	13.46	13.62	9316	13.3	300062	中能电气	SZ	13.6	13.28	
726	2011-07-06	14.1	14.98	14.1	14.98	76293	14.63	300062	中能电气	SZ	13.62	13.3	
725	2011-07-07	14.71	15.34	14.64	15.21	51056	14.86	300062	中能电气	SZ	14.98	14.63	
724	2011-07-08	15.06	15.18	14.67	14.9	19251	14.55	300062	中能电气	SZ	15.21	14.86	
723	2011-07-11	14.75	15.1	14.63	14.89	16562	14.54	300062	中能电气	SZ	14.9	14.55	
722	2011-07-12	14.69	15.57	14.64	14.93	19838	14.58	300062	中能电气	SZ	14.89	14.54	
721	2011-07-13	14.71	15.5	14.71	15.38	21450	15.02	300062	中能电气	SZ	14.93	14.58	
720	2011-07-14	15.39	15.6	15.12	15.56	25088	15.2	300062	中能电气	SZ	15.38	15.02	
719	2011-07-15	15.57	16.48	15.57	15.89	32240	15.52	300062	中能电气	SZ	15.56	15.2	
718	2011-07-18	16.2	16.2	15.56	15.66	19517	15.3	300062	中能电气	SZ	15.89	15.52	
717	2011-07-19	15.29	15.29	14.59	14.6	33815	14.26	300062	中能电气	SZ	15.66	15.3	
716	2011-07-20	14.8	15.2	14.62	15.2	24341	14.85	300062	中能电气	SZ	14.6	14.26	
715	2011-07-21	15.07	15.16	14.71	14.78	12242	14.44	300062	中能电气	SZ	15.2	14.85	
714	2011-07-22	14.8	15	14.68	14.85	7346	14.5	300062	中能电气	SZ	14.78	14.44	
713	2011-07-25	14.68	14.81	13.9	13.94	14917	13.62	300062	中能电气	SZ	14.85	14.5	
712	2011-07-26	14	14.38	13.84	14.27	8992	13.94	300062	中能电气	SZ	13.94	13.62	
711	2011-07-27	14.27	15	14.02	14.84	14189	14.49	300062	中能电气	SZ	14.27	13.94	
710	2011-07-28	14.6	15	14.46	14.98	10106	14.63	300062	中能电气	SZ	14.84	14.49	
709	2011-07-29	14.99	15.05	14.36	14.36	10092	14.03	300062	中能电气	SZ	14.98	14.63	
708	2011-08-01	14.25	14.65	14.21	14.62	7412	14.28	300062	中能电气	SZ	14.36	14.03	
707	2011-08-02	14.5	14.67	14.08	14.65	7540	14.31	300062	中能电气	SZ	14.62	14.28	
706	2011-08-03	14.42	15.15	14.31	15.03	17020	14.68	300062	中能电气	SZ	14.65	14.31	
705	2011-08-04	15.1	15.15	14.68	14.8	10743	14.46	300062	中能电气	SZ	15.03	14.68	
704	2011-08-05	14.3	14.6	14.01	14.3	10877	13.97	300062	中能电气	SZ	14.8	14.46	
703	2011-08-08	14.18	14.28	13.06	13.1	12926	12.8	300062	中能电气	SZ	14.3	13.97	
702	2011-08-09	12.88	13.7	12.31	13.3	9469	12.99	300062	中能电气	SZ	13.1	12.8	
701	2011-08-10	13.52	13.75	13.3	13.39	10115	13.08	300062	中能电气	SZ	13.3	12.99	
700	2011-08-11	13.03	13.82	12.99	13.75	12548	13.43	300062	中能电气	SZ	13.39	13.08	
699	2011-08-12	13.75	14.16	13.75	13.92	11395	13.6	300062	中能电气	SZ	13.75	13.43	
698	2011-08-15	14	14.36	13.89	14.22	8821	13.89	300062	中能电气	SZ	13.92	13.6	
697	2011-08-16	14.24	14.59	14.1	14.4	13419	14.07	300062	中能电气	SZ	14.22	13.89	
696	2011-08-17	14.29	14.99	13.32	14.78	16793	14.44	300062	中能电气	SZ	14.4	14.07	
695	2011-08-18	14.59	14.59	13.68	13.71	19479	13.39	300062	中能电气	SZ	14.78	14.44	
694	2011-08-19	13.45	13.58	13.15	13.44	10341	13.13	300062	中能电气	SZ	13.71	13.39	
693	2011-08-22	13.2	14.14	13.2	13.5	10765	13.19	300062	中能电气	SZ	13.44	13.13	
692	2011-08-23	13.4	13.83	13.4	13.82	9688	13.5	300062	中能电气	SZ	13.5	13.19	
691	2011-08-24	14.08	14.15	13.7	13.75	19104	13.43	300062	中能电气	SZ	13.82	13.5	
690	2011-08-25	13.76	13.99	13.59	13.89	9941	13.57	300062	中能电气	SZ	13.75	13.43	
689	2011-08-26	13.9	14.2	13.81	14.2	17046	13.87	300062	中能电气	SZ	13.89	13.57	
688	2011-08-29	14.17	14.49	14.08	14.29	21113	13.96	300062	中能电气	SZ	14.2	13.87	
687	2011-08-30	14.31	14.41	13.8	13.8	13930	13.48	300062	中能电气	SZ	14.29	13.96	
686	2011-08-31	13.77	13.89	13.26	13.39	12034	13.08	300062	中能电气	SZ	13.8	13.48	
685	2011-09-01	13.41	13.61	13.31	13.45	8167	13.14	300062	中能电气	SZ	13.39	13.08	
684	2011-09-02	13.44	13.48	13.24	13.37	7969	13.06	300062	中能电气	SZ	13.45	13.14	
683	2011-09-05	13.08	13.29	12.98	13	5568	12.7	300062	中能电气	SZ	13.37	13.06	
682	2011-09-06	12.83	13.05	12.76	12.77	6184	12.47	300062	中能电气	SZ	13	12.7	
681	2011-09-07	12.97	13.18	12.84	13.12	6632	12.81	300062	中能电气	SZ	12.77	12.47	
680	2011-09-08	13.2	13.24	12.87	12.88	5659	12.58	300062	中能电气	SZ	13.12	12.81	
679	2011-09-09	12.87	13	12.41	12.5	8174	12.21	300062	中能电气	SZ	12.88	12.58	
678	2011-09-13	12.3	12.47	12.12	12.19	7357	11.91	300062	中能电气	SZ	12.5	12.21	
677	2011-09-14	12.26	12.43	12.16	12.43	8376	12.14	300062	中能电气	SZ	12.19	11.91	
676	2011-09-15	12.44	12.62	12.38	12.4	5707	12.11	300062	中能电气	SZ	12.43	12.14	
675	2011-09-16	12.54	12.55	12.3	12.33	3813	12.04	300062	中能电气	SZ	12.4	12.11	
674	2011-09-19	12.38	12.38	12.07	12.09	3199	11.81	300062	中能电气	SZ	12.33	12.04	
673	2011-09-20	12.09	12.33	12.05	12.2	3805	11.92	300062	中能电气	SZ	12.09	11.81	
672	2011-09-21	12.35	12.7	12.17	12.62	9952	12.33	300062	中能电气	SZ	12.2	11.92	
671	2011-09-22	12.48	12.59	12.02	12.07	10068	11.79	300062	中能电气	SZ	12.62	12.33	
670	2011-09-23	11.83	12.2	11.8	12.14	5327	11.86	300062	中能电气	SZ	12.07	11.79	
669	2011-09-26	12.11	12.26	11.92	12	4422	11.72	300062	中能电气	SZ	12.14	11.86	
668	2011-09-27	12.17	12.26	12	12.1	3169	11.82	300062	中能电气	SZ	12	11.72	
667	2011-09-28	12.27	12.28	11.95	11.95	3168	11.67	300062	中能电气	SZ	12.1	11.82	
666	2011-09-29	12.02	12.02	11.51	11.54	4320	11.27	300062	中能电气	SZ	11.95	11.67	
665	2011-09-30	11.52	11.78	11.46	11.57	2257	11.3	300062	中能电气	SZ	11.54	11.27	
664	2011-10-10	11.67	11.72	11.52	11.58	2060	11.31	300062	中能电气	SZ	11.57	11.3	
663	2011-10-11	11.89	11.95	11.41	11.44	5972	11.17	300062	中能电气	SZ	11.58	11.31	
662	2011-10-12	11.44	11.93	11.22	11.89	6238	11.61	300062	中能电气	SZ	11.44	11.17	
661	2011-10-13	11.85	12.19	11.81	12.11	5152	11.83	300062	中能电气	SZ	11.89	11.61	
660	2011-10-14	12.09	12.21	11.96	12.15	4231	11.87	300062	中能电气	SZ	12.11	11.83	
659	2011-10-17	12.15	12.42	12.05	12.38	7071	12.09	300062	中能电气	SZ	12.15	11.87	
658	2011-10-18	12.37	12.53	12.18	12.18	9626	11.9	300062	中能电气	SZ	12.38	12.09	
657	2011-10-19	12.37	12.44	11.5	12.05	4875	11.77	300062	中能电气	SZ	12.18	11.9	
656	2011-10-20	11.98	11.98	11.52	11.72	5445	11.45	300062	中能电气	SZ	12.05	11.77	
655	2011-10-21	11.72	11.74	11.42	11.44	3052	11.17	300062	中能电气	SZ	11.72	11.45	
654	2011-10-24	11.36	12.3	10.95	11.72	9428	11.45	300062	中能电气	SZ	11.44	11.17	
653	2011-10-25	11.73	11.97	11.53	11.93	6827	11.65	300062	中能电气	SZ	11.72	11.45	
652	2011-10-26	11.88	12.39	11.8	12.16	12453	11.88	300062	中能电气	SZ	11.93	11.65	
651	2011-10-27	12.11	12.31	11.98	12.08	8649	11.8	300062	中能电气	SZ	12.16	11.88	
650	2011-10-28	12.2	12.38	12.06	12.31	12924	12.02	300062	中能电气	SZ	12.08	11.8	
649	2011-10-31	12.31	12.39	12.15	12.35	12826	12.06	300062	中能电气	SZ	12.31	12.02	
648	2011-11-01	12.35	12.46	12.14	12.29	10878	12	300062	中能电气	SZ	12.35	12.06	
647	2011-11-02	12.08	12.77	12	12.76	25456	12.46	300062	中能电气	SZ	12.29	12	
646	2011-11-03	12.8	13.35	12.76	12.78	25375	12.48	300062	中能电气	SZ	12.76	12.46	
645	2011-11-04	12.85	13.17	12.68	13	15055	12.7	300062	中能电气	SZ	12.78	12.48	
644	2011-11-07	12.9	13.33	12.81	13.23	13810	12.92	300062	中能电气	SZ	13	12.7	
643	2011-11-08	13.16	13.25	12.71	12.81	14616	12.51	300062	中能电气	SZ	13.23	12.92	
642	2011-11-09	12.85	13.3	12.78	13.3	15661	12.99	300062	中能电气	SZ	12.81	12.51	
641	2011-11-10	13.29	14.15	13.18	13.59	48920	13.27	300062	中能电气	SZ	13.3	12.99	
640	2011-11-11	13.52	14.2	13.36	14	37156	13.67	300062	中能电气	SZ	13.59	13.27	
639	2011-11-14	14.06	14.48	13.94	14.28	34922	13.95	300062	中能电气	SZ	14	13.67	
638	2011-11-15	14.23	14.45	14.02	14.2	20520	13.87	300062	中能电气	SZ	14.28	13.95	
637	2011-11-16	14.21	14.21	13.42	13.45	23639	13.14	300062	中能电气	SZ	14.2	13.87	
636	2011-11-17	13.55	13.59	12.96	13.21	16905	12.9	300062	中能电气	SZ	13.45	13.14	
635	2011-11-18	13.15	13.29	12.9	12.94	12099	12.64	300062	中能电气	SZ	13.21	12.9	
634	2011-11-21	12.62	13.1	12.62	13	6955	12.7	300062	中能电气	SZ	12.94	12.64	
633	2011-11-22	12.8	12.97	12.55	12.77	9308	12.47	300062	中能电气	SZ	13	12.7	
632	2011-11-23	12.71	12.98	12.53	12.69	9112	12.39	300062	中能电气	SZ	12.77	12.47	
631	2011-11-24	12.51	12.66	12.33	12.55	7616	12.26	300062	中能电气	SZ	12.69	12.39	
630	2011-11-25	12.48	12.63	12.3	12.33	4456	12.04	300062	中能电气	SZ	12.55	12.26	
629	2011-11-28	12.3	12.5	12.3	12.36	8163	12.07	300062	中能电气	SZ	12.33	12.04	
628	2011-11-29	12.48	12.63	12.38	12.62	6618	12.33	300062	中能电气	SZ	12.36	12.07	
627	2011-11-30	12.65	12.65	11.53	11.63	10152	11.36	300062	中能电气	SZ	12.62	12.33	
626	2011-12-01	11.99	12.19	11.8	11.88	9015	11.6	300062	中能电气	SZ	11.63	11.36	
625	2011-12-02	11.85	11.88	11.51	11.58	4334	11.31	300062	中能电气	SZ	11.88	11.6	
624	2011-12-05	11.75	11.75	11.05	11.3	3074	11.04	300062	中能电气	SZ	11.58	11.31	
623	2011-12-06	11.2	11.48	11.15	11.37	4483	11.11	300062	中能电气	SZ	11.3	11.04	
622	2011-12-07	11.4	11.43	11.23	11.37	2373	11.11	300062	中能电气	SZ	11.37	11.11	
621	2011-12-08	11.59	11.59	11.07	11.38	5165	11.12	300062	中能电气	SZ	11.37	11.11	
620	2011-12-09	11.28	11.38	11.18	11.34	5172	11.08	300062	中能电气	SZ	11.38	11.12	
619	2011-12-12	11.39	11.45	11.29	11.36	1455	11.1	300062	中能电气	SZ	11.34	11.08	
618	2011-12-13	11.27	11.27	10.9	10.91	2860	10.66	300062	中能电气	SZ	11.36	11.1	
617	2011-12-14	10.91	11.11	10.8	10.8	2110	10.55	300062	中能电气	SZ	10.91	10.66	
616	2011-12-15	10.69	10.78	10.47	10.51	3834	10.27	300062	中能电气	SZ	10.8	10.55	
615	2011-12-16	10.58	10.95	10.49	10.94	3499	10.69	300062	中能电气	SZ	10.51	10.27	
614	2011-12-19	10.92	11.05	10.68	11.02	4854	10.76	300062	中能电气	SZ	10.94	10.69	
613	2011-12-20	11	11.18	10.78	10.79	5328	10.54	300062	中能电气	SZ	11.02	10.76	
612	2011-12-21	10.9	10.97	10.3	10.3	3906	10.06	300062	中能电气	SZ	10.79	10.54	
611	2011-12-22	10.24	10.24	9.7	9.92	8128	9.69	300062	中能电气	SZ	10.3	10.06	
610	2011-12-23	9.92	10.09	9.8	9.89	9848	9.66	300062	中能电气	SZ	9.92	9.69	
609	2011-12-26	9.89	9.95	9.56	9.57	6833	9.35	300062	中能电气	SZ	9.89	9.66	
608	2011-12-27	9.5	9.54	9.19	9.51	8731	9.29	300062	中能电气	SZ	9.57	9.35	
607	2011-12-28	9.21	9.37	8.9	9.33	8066	9.11	300062	中能电气	SZ	9.51	9.29	
606	2011-12-29	9.05	9.39	9.02	9.32	6234	9.1	300062	中能电气	SZ	9.33	9.11	
605	2011-12-30	9.32	9.55	9.27	9.51	6900	9.29	300062	中能电气	SZ	9.32	9.1	
602	2012-01-04	9.69	9.69	9.08	9.08	3447	8.87	300062	中能电气	SZ	9.51	9.29	
601	2012-01-05	9.03	9.18	8.31	8.41	7855	8.21	300062	中能电气	SZ	9.08	8.87	
600	2012-01-06	8.41	8.74	8.21	8.69	5504	8.49	300062	中能电气	SZ	8.41	8.21	
599	2012-01-09	8.69	9.07	8.5	9.04	7005	8.83	300062	中能电气	SZ	8.69	8.49	
598	2012-01-10	9.1	9.35	9	9.32	11042	9.1	300062	中能电气	SZ	9.04	8.83	
597	2012-01-11	9.27	9.53	9.15	9.29	9166	9.07	300062	中能电气	SZ	9.32	9.1	
596	2012-01-12	9.25	9.47	9.22	9.28	7597	9.06	300062	中能电气	SZ	9.29	9.07	
595	2012-01-13	9.28	9.33	8.62	8.71	8588	8.51	300062	中能电气	SZ	9.28	9.06	
594	2012-01-16	8.6	8.89	8.53	8.53	4793	8.33	300062	中能电气	SZ	8.71	8.51	
593	2012-01-17	8.73	9	8.43	8.95	9892	8.74	300062	中能电气	SZ	8.53	8.33	
592	2012-01-18	8.98	9.16	8.58	8.6	9315	8.4	300062	中能电气	SZ	8.95	8.74	
591	2012-01-19	8.71	8.84	8.49	8.79	6728	8.59	300062	中能电气	SZ	8.6	8.4	
590	2012-01-20	8.85	9.04	8.76	8.99	13194	8.78	300062	中能电气	SZ	8.79	8.59	
584	2012-01-30	9.05	9.2	8.81	8.94	7069	8.73	300062	中能电气	SZ	8.99	8.78	
583	2012-01-31	8.94	9.06	8.78	8.91	5500	8.7	300062	中能电气	SZ	8.94	8.73	
582	2012-02-01	8.9	9.09	8.84	8.93	6056	8.72	300062	中能电气	SZ	8.91	8.7	
581	2012-02-02	8.93	9.12	8.93	9.12	7806	8.91	300062	中能电气	SZ	8.93	8.72	
580	2012-02-03	9.14	9.33	9.05	9.29	11598	9.07	300062	中能电气	SZ	9.12	8.91	
579	2012-02-06	9.3	9.45	9.25	9.38	12487	9.16	300062	中能电气	SZ	9.29	9.07	
578	2012-02-07	9.37	9.37	9	9.13	11560	8.92	300062	中能电气	SZ	9.38	9.16	
577	2012-02-08	9.1	9.55	9.06	9.54	19063	9.32	300062	中能电气	SZ	9.13	8.92	
576	2012-02-09	9.5	9.73	9.49	9.5	14969	9.28	300062	中能电气	SZ	9.54	9.32	
575	2012-02-10	9.48	9.58	9.37	9.48	13205	9.26	300062	中能电气	SZ	9.5	9.28	
574	2012-02-13	9.42	9.71	9.37	9.67	14793	9.45	300062	中能电气	SZ	9.48	9.26	
573	2012-02-14	9.68	9.7	9.49	9.6	9617	9.38	300062	中能电气	SZ	9.67	9.45	
572	2012-02-15	9.6	9.93	9.48	9.92	14842	9.69	300062	中能电气	SZ	9.6	9.38	
571	2012-02-16	9.96	9.97	9.66	9.78	13259	9.55	300062	中能电气	SZ	9.92	9.69	
570	2012-02-17	9.78	9.88	9.56	9.67	11189	9.45	300062	中能电气	SZ	9.78	9.55	
569	2012-02-20	9.82	9.87	9.67	9.69	10948	9.46	300062	中能电气	SZ	9.67	9.45	
568	2012-02-21	9.68	9.97	9.63	9.97	16389	9.74	300062	中能电气	SZ	9.69	9.46	
567	2012-02-22	9.97	10.22	9.95	10.22	15930	9.98	300062	中能电气	SZ	9.97	9.74	
566	2012-02-23	10.22	10.32	10.02	10.19	14287	9.95	300062	中能电气	SZ	10.22	9.98	
565	2012-02-24	10.2	11.08	10.11	10.52	31985	10.28	300062	中能电气	SZ	10.19	9.95	
564	2012-02-27	10.48	10.64	10.39	10.4	19124	10.16	300062	中能电气	SZ	10.52	10.28	
563	2012-02-28	10.28	10.44	10.05	10.13	15421	9.89	300062	中能电气	SZ	10.4	10.16	
562	2012-02-29	10.12	10.28	10.05	10.07	9537	9.84	300062	中能电气	SZ	10.13	9.89	
561	2012-03-01	10.02	10.52	9.95	10.33	20908	10.09	300062	中能电气	SZ	10.07	9.84	
560	2012-03-02	10.3	10.45	10.26	10.4	10385	10.16	300062	中能电气	SZ	10.33	10.09	
559	2012-03-05	10.44	10.8	10.42	10.62	19491	10.37	300062	中能电气	SZ	10.4	10.16	
558	2012-03-06	10.61	10.86	10.52	10.78	19169	10.53	300062	中能电气	SZ	10.62	10.37	
557	2012-03-07	10.69	11.22	10.61	10.81	22417	10.56	300062	中能电气	SZ	10.78	10.53	
556	2012-03-08	10.9	11.28	10.86	11.14	21972	10.88	300062	中能电气	SZ	10.81	10.56	
555	2012-03-09	11.19	11.65	10.98	11.58	26598	11.31	300062	中能电气	SZ	11.14	10.88	
554	2012-03-12	11.59	11.74	11.35	11.43	24870	11.16	300062	中能电气	SZ	11.58	11.31	
553	2012-03-13	11.47	11.48	11.2	11.46	14375	11.19	300062	中能电气	SZ	11.43	11.16	
552	2012-03-14	11.46	11.58	10.37	10.57	22069	10.32	300062	中能电气	SZ	11.46	11.19	
551	2012-03-15	10.61	10.79	10.31	10.4	14771	10.16	300062	中能电气	SZ	10.57	10.32	
550	2012-03-16	10.4	10.74	10.35	10.66	14413	10.41	300062	中能电气	SZ	10.4	10.16	
549	2012-03-19	10.66	11.03	10.61	10.95	9687	10.7	300062	中能电气	SZ	10.66	10.41	
548	2012-03-20	10.95	11.09	10.68	10.68	8632	10.43	300062	中能电气	SZ	10.95	10.7	
547	2012-03-21	10.8	10.84	10.15	10.43	15165	10.19	300062	中能电气	SZ	10.68	10.43	
546	2012-03-22	10.4	10.58	10.28	10.42	5751	10.18	300062	中能电气	SZ	10.43	10.19	
545	2012-03-23	10.42	10.53	10.07	10.13	5511	9.89	300062	中能电气	SZ	10.42	10.18	
544	2012-03-26	10.23	10.28	9.98	10.15	4297	9.91	300062	中能电气	SZ	10.13	9.89	
543	2012-03-27	10.15	10.26	10.08	10.1	3590	9.87	300062	中能电气	SZ	10.15	9.91	
542	2012-03-28	10.09	10.09	9.49	9.53	9173	9.31	300062	中能电气	SZ	10.1	9.87	
541	2012-03-29	9.5	9.62	9.06	9.15	11600	8.94	300062	中能电气	SZ	9.53	9.31	
540	2012-03-30	9.2	9.37	8.66	9.36	22038	9.14	300062	中能电气	SZ	9.15	8.94	
536	2012-04-05	9.16	9.8	9.16	9.77	21353	9.54	300062	中能电气	SZ	9.36	9.14	
535	2012-04-06	9.63	9.79	9.5	9.6	11123	9.38	300062	中能电气	SZ	9.77	9.54	
534	2012-04-09	9.5	9.75	9.3	9.35	3021	9.13	300062	中能电气	SZ	9.6	9.38	
533	2012-04-10	9.35	9.43	9	9.43	6929	9.21	300062	中能电气	SZ	9.35	9.13	
532	2012-04-11	9.38	9.55	9.32	9.44	6034	9.22	300062	中能电气	SZ	9.43	9.21	
531	2012-04-12	9.36	9.6	9.36	9.57	7330	9.35	300062	中能电气	SZ	9.44	9.22	
530	2012-04-13	9.58	9.79	9.5	9.59	6291	9.37	300062	中能电气	SZ	9.57	9.35	
529	2012-04-16	9.59	9.67	9.5	9.65	4131	9.43	300062	中能电气	SZ	9.59	9.37	
527	2012-04-18	9.6	9.88	9.35	9.72	11024	9.49	300062	中能电气	SZ	9.65	9.43	
526	2012-04-19	9.72	10.07	9.71	9.9	10262	9.67	300062	中能电气	SZ	9.72	9.49	
525	2012-04-20	9.94	10.18	9.76	10.14	12429	9.9	300062	中能电气	SZ	9.9	9.67	
524	2012-04-23	10.05	10.13	9.44	9.44	16786	9.22	300062	中能电气	SZ	10.14	9.9	
523	2012-04-24	9.37	9.48	8.9	9.2	8071	8.99	300062	中能电气	SZ	9.44	9.22	
522	2012-04-25	9.21	9.35	9.08	9.28	5823	9.06	300062	中能电气	SZ	9.2	8.99	
521	2012-04-26	9.29	9.36	9.23	9.27	3958	9.05	300062	中能电气	SZ	9.28	9.06	
520	2012-04-27	9.27	9.44	9.2	9.44	5604	9.22	300062	中能电气	SZ	9.27	9.05	
517	2012-05-02	9.44	9.69	9.34	9.69	11572	9.46	300062	中能电气	SZ	9.44	9.22	
516	2012-05-03	9.69	9.74	9.55	9.73	2790	9.5	300062	中能电气	SZ	9.69	9.46	
515	2012-05-04	9.73	9.81	9.63	9.81	3951	9.58	300062	中能电气	SZ	9.73	9.5	
514	2012-05-07	9.71	10.39	9.71	10.22	12194	9.98	300062	中能电气	SZ	9.81	9.58	
513	2012-05-08	10.22	10.22	10.05	10.12	5953	9.88	300062	中能电气	SZ	10.22	9.98	
512	2012-05-09	10.02	10.12	9.71	9.88	9105	9.65	300062	中能电气	SZ	10.12	9.88	
511	2012-05-10	9.74	10.12	9.74	10.09	5537	9.86	300062	中能电气	SZ	9.88	9.65	
510	2012-05-11	10.13	10.33	10.02	10.12	11426	9.88	300062	中能电气	SZ	10.09	9.86	
509	2012-05-14	10.26	10.35	10.15	10.22	9554	9.98	300062	中能电气	SZ	10.12	9.88	
508	2012-05-15	10.22	10.22	10	10.13	3996	9.89	300062	中能电气	SZ	10.22	9.98	
507	2012-05-16	10.07	10.18	9.88	10.04	3262	9.81	300062	中能电气	SZ	10.13	9.89	
506	2012-05-17	10	10.09	9.9	10.07	4098	9.84	300062	中能电气	SZ	10.04	9.81	
505	2012-05-18	10.05	10.05	9.75	9.84	4962	9.61	300062	中能电气	SZ	10.07	9.84	
504	2012-05-21	9.84	9.99	9.67	9.78	5033	9.55	300062	中能电气	SZ	9.84	9.61	
503	2012-05-22	9.76	9.98	9.75	9.8	5466	9.57	300062	中能电气	SZ	9.78	9.55	
502	2012-05-23	9.84	9.86	9.6	9.73	4260	9.5	300062	中能电气	SZ	9.8	9.57	
501	2012-05-24	9.73	9.85	9.5	9.75	3571	9.52	300062	中能电气	SZ	9.73	9.5	
500	2012-05-25	9.75	9.75	9.29	9.29	5028	9.07	300062	中能电气	SZ	9.75	9.52	
499	2012-05-28	9.15	9.43	9.15	9.43	3787	9.21	300062	中能电气	SZ	9.29	9.07	
498	2012-05-29	9.44	9.65	9.29	9.63	7092	9.41	300062	中能电气	SZ	9.43	9.21	
497	2012-05-30	9.78	9.78	9.52	9.58	4571	9.36	300062	中能电气	SZ	9.63	9.41	
496	2012-05-31	9.43	9.7	9.4	9.57	5499	9.35	300062	中能电气	SZ	9.58	9.36	
495	2012-06-01	9.58	9.67	9.48	9.54	2068	9.32	300062	中能电气	SZ	9.57	9.35	
494	2012-06-04	9.36	9.5	9.3	9.35	2902	9.13	300062	中能电气	SZ	9.54	9.32	
493	2012-06-05	9.35	9.45	9.21	9.23	2029	9.02	300062	中能电气	SZ	9.35	9.13	
492	2012-06-06	9.24	9.35	9.23	9.31	1120	9.09	300062	中能电气	SZ	9.23	9.02	
491	2012-06-07	9.49	9.49	9.27	9.33	1832	9.11	300062	中能电气	SZ	9.31	9.09	
490	2012-06-08	9.36	9.46	9.2	9.24	2223	9.03	300062	中能电气	SZ	9.33	9.11	
489	2012-06-11	9.15	9.36	9.15	9.35	5553	9.13	300062	中能电气	SZ	9.24	9.03	
488	2012-06-12	9.23	9.46	9.17	9.27	1695	9.05	300062	中能电气	SZ	9.35	9.13	
487	2012-06-13	9.28	9.39	9.21	9.38	3768	9.16	300062	中能电气	SZ	9.27	9.05	
486	2012-06-14	9.42	9.57	9.33	9.54	6574	9.32	300062	中能电气	SZ	9.38	9.16	
485	2012-06-15	9.58	9.66	9.35	9.43	5868	9.21	300062	中能电气	SZ	9.54	9.32	
484	2012-06-18	9.42	9.73	9.42	9.69	5994	9.46	300062	中能电气	SZ	9.43	9.21	
483	2012-06-19	9.7	9.75	9.61	9.63	4327	9.41	300062	中能电气	SZ	9.69	9.46	
482	2012-06-20	9.7	10.23	9.7	9.98	13477	9.75	300062	中能电气	SZ	9.63	9.41	
481	2012-06-21	9.84	10.21	9.81	10.16	10428	9.92	300062	中能电气	SZ	9.98	9.75	
479	2012-06-25	10.15	10.2	9.93	10.09	4004	9.86	300062	中能电气	SZ	10.16	9.92	
478	2012-06-26	9.89	10.19	9.81	10.11	6246	9.87	300062	中能电气	SZ	10.09	9.86	
477	2012-06-27	9.98	10.55	9.93	10.26	12242	10.02	300062	中能电气	SZ	10.11	9.87	
476	2012-06-28	10.27	10.99	10.22	10.64	23133	10.39	300062	中能电气	SZ	10.26	10.02	
475	2012-06-29	10.42	10.88	10.32	10.88	16251	10.63	300062	中能电气	SZ	10.64	10.39	
474	2012-07-02	10.96	10.99	10.59	10.67	13941	10.42	300062	中能电气	SZ	10.88	10.63	
473	2012-07-03	10.68	10.74	10.52	10.64	7067	10.39	300062	中能电气	SZ	10.67	10.42	
472	2012-07-04	10.7	10.7	10.42	10.58	5596	10.33	300062	中能电气	SZ	10.64	10.39	
471	2012-07-05	10.6	10.79	10.45	10.71	6157	10.46	300062	中能电气	SZ	10.58	10.33	
470	2012-07-06	10.7	10.8	10.52	10.77	4287	10.52	300062	中能电气	SZ	10.71	10.46	
469	2012-07-09	10.71	10.71	10.1	10.19	4391	9.95	300062	中能电气	SZ	10.77	10.52	
468	2012-07-10	10.19	10.43	9.95	10.15	7633	9.91	300062	中能电气	SZ	10.19	9.95	
467	2012-07-11	10.15	10.27	10.1	10.24	1822	10	300062	中能电气	SZ	10.15	9.91	
466	2012-07-12	10.15	10.68	9.97	10.5	6160	10.26	300062	中能电气	SZ	10.24	10	
465	2012-07-13	10.5	10.57	10.36	10.36	2788	10.12	300062	中能电气	SZ	10.5	10.26	
464	2012-07-16	10.26	10.31	9.7	9.7	3871	9.47	300062	中能电气	SZ	10.36	10.12	
463	2012-07-17	9.7	9.8	9.5	9.59	1929	9.37	300062	中能电气	SZ	9.7	9.47	
462	2012-07-18	9.69	9.69	9.36	9.61	1407	9.39	300062	中能电气	SZ	9.59	9.37	
461	2012-07-19	9.57	10.08	9.56	9.95	2682	9.72	300062	中能电气	SZ	9.61	9.39	
460	2012-07-20	10.11	10.11	9.72	9.76	1765	9.53	300062	中能电气	SZ	9.95	9.72	
459	2012-07-23	9.62	9.72	9.58	9.69	835	9.46	300062	中能电气	SZ	9.76	9.53	
458	2012-07-24	9.7	9.88	9.6	9.81	1367	9.58	300062	中能电气	SZ	9.69	9.46	
457	2012-07-25	9.79	9.88	9.76	9.84	1284	9.61	300062	中能电气	SZ	9.81	9.58	
456	2012-07-26	9.96	9.96	9.81	9.96	1413	9.73	300062	中能电气	SZ	9.84	9.61	
455	2012-07-27	10.03	10.03	9.71	9.81	1092	9.58	300062	中能电气	SZ	9.96	9.73	
454	2012-07-30	9.8	9.8	9.35	9.35	1294	9.24	300062	中能电气	SZ	9.81	9.58	
453	2012-07-31	9.34	9.34	8.67	8.81	5354	8.71	300062	中能电气	SZ	9.35	9.24	
452	2012-08-01	8.65	9.12	8.65	8.9	1465	8.8	300062	中能电气	SZ	8.81	8.71	
451	2012-08-02	8.9	9.02	8.75	8.82	1210	8.72	300062	中能电气	SZ	8.9	8.8	
450	2012-08-03	8.95	8.97	8.86	8.96	1098	8.86	300062	中能电气	SZ	8.82	8.72	
449	2012-08-06	9.08	9.18	8.85	9.15	3150	9.04	300062	中能电气	SZ	8.96	8.86	
448	2012-08-07	9.13	9.22	9.12	9.15	2019	9.04	300062	中能电气	SZ	9.15	9.04	
447	2012-08-08	9.13	9.14	9	9.1	2406	9	300062	中能电气	SZ	9.15	9.04	
446	2012-08-09	8.97	9.18	8.97	9.17	2162	9.06	300062	中能电气	SZ	9.1	9	
445	2012-08-10	9.22	10.09	9.2	10.09	24160	9.97	300062	中能电气	SZ	9.17	9.06	
444	2012-08-13	10.08	10.3	9.78	9.8	17851	9.69	300062	中能电气	SZ	10.09	9.97	
443	2012-08-14	9.68	9.85	9.5	9.79	9985	9.68	300062	中能电气	SZ	9.8	9.69	
442	2012-08-15	9.64	9.85	9.63	9.67	5665	9.56	300062	中能电气	SZ	9.79	9.68	
441	2012-08-16	9.66	9.82	9.5	9.63	4162	9.52	300062	中能电气	SZ	9.67	9.56	
440	2012-08-17	9.63	9.83	9.51	9.78	5022	9.67	300062	中能电气	SZ	9.63	9.52	
439	2012-08-20	9.77	9.98	9.7	9.92	4573	9.81	300062	中能电气	SZ	9.78	9.67	
438	2012-08-21	9.96	10.1	9.71	9.89	7962	9.78	300062	中能电气	SZ	9.92	9.81	
437	2012-08-22	9.82	10.05	9.58	9.64	3589	9.53	300062	中能电气	SZ	9.89	9.78	
436	2012-08-23	9.73	9.73	9.53	9.73	3306	9.62	300062	中能电气	SZ	9.64	9.53	
435	2012-08-24	9.83	9.97	9.56	9.86	6021	9.75	300062	中能电气	SZ	9.73	9.62	
434	2012-08-27	9.9	9.97	9.65	9.78	6908	9.67	300062	中能电气	SZ	9.86	9.75	
433	2012-08-28	9.66	9.94	9.6	9.89	3864	9.78	300062	中能电气	SZ	9.78	9.67	
432	2012-08-29	9.9	10.01	9.69	9.94	5812	9.83	300062	中能电气	SZ	9.89	9.78	
431	2012-08-30	9.87	10.3	9.77	10.27	11538	10.15	300062	中能电气	SZ	9.94	9.83	
430	2012-08-31	10.14	10.28	10.1	10.14	5806	10.02	300062	中能电气	SZ	10.27	10.15	
429	2012-09-03	10.17	10.44	10.07	10.36	4350	10.24	300062	中能电气	SZ	10.14	10.02	
428	2012-09-04	10.36	10.39	10.13	10.13	4403	10.01	300062	中能电气	SZ	10.36	10.24	
427	2012-09-05	10.13	10.27	10.08	10.16	3384	10.04	300062	中能电气	SZ	10.13	10.01	
426	2012-09-06	10.34	10.39	10.06	10.25	5777	10.13	300062	中能电气	SZ	10.16	10.04	
425	2012-09-07	10.34	10.58	10.26	10.35	16130	10.23	300062	中能电气	SZ	10.25	10.13	
424	2012-09-10	10.35	10.52	10.28	10.46	8143	10.34	300062	中能电气	SZ	10.35	10.23	
423	2012-09-11	10.47	10.5	10.29	10.33	11336	10.21	300062	中能电气	SZ	10.46	10.34	
422	2012-09-12	10.4	10.4	10.23	10.37	4849	10.25	300062	中能电气	SZ	10.33	10.21	
421	2012-09-13	10.42	10.58	10.33	10.48	13178	10.36	300062	中能电气	SZ	10.37	10.25	
420	2012-09-14	10.35	10.59	10.28	10.35	5373	10.23	300062	中能电气	SZ	10.48	10.36	
419	2012-09-17	10.3	10.35	9.92	10.04	9386	9.92	300062	中能电气	SZ	10.35	10.23	
418	2012-09-18	9.9	10.07	9.82	10	2030	9.88	300062	中能电气	SZ	10.04	9.92	
417	2012-09-19	9.99	10.09	9.85	10.02	1693	9.9	300062	中能电气	SZ	10	9.88	
416	2012-09-20	10.06	10.14	9.72	9.8	4447	9.69	300062	中能电气	SZ	10.02	9.9	
415	2012-09-21	10	10.78	9.99	10.78	46356	10.66	300062	中能电气	SZ	9.8	9.69	
414	2012-09-24	10.56	10.56	10.13	10.45	31415	10.33	300062	中能电气	SZ	10.78	10.66	
413	2012-09-25	10.34	10.47	9.92	9.95	16321	9.84	300062	中能电气	SZ	10.45	10.33	
412	2012-09-26	9.9	9.98	8.97	9.06	14629	8.96	300062	中能电气	SZ	9.95	9.84	
411	2012-09-27	8.96	9.45	8.9	9.3	6521	9.19	300062	中能电气	SZ	9.06	8.96	
410	2012-09-28	9.3	9.4	9.15	9.38	2628	9.27	300062	中能电气	SZ	9.3	9.19	
404	2012-10-08	9.41	9.47	9.29	9.34	2971	9.23	300062	中能电气	SZ	9.38	9.27	
403	2012-10-09	9.25	9.59	9.25	9.59	3293	9.48	300062	中能电气	SZ	9.34	9.23	
402	2012-10-10	9.6	9.65	9.47	9.58	10152	9.47	300062	中能电气	SZ	9.59	9.48	
401	2012-10-11	9.58	9.58	9.26	9.26	8000	9.15	300062	中能电气	SZ	9.58	9.47	
400	2012-10-12	9.27	9.43	9.15	9.21	7456	9.1	300062	中能电气	SZ	9.26	9.15	
399	2012-10-15	9.25	9.25	8.65	8.83	10245	8.73	300062	中能电气	SZ	9.21	9.1	
398	2012-10-16	8.84	8.95	8.75	8.92	4458	8.82	300062	中能电气	SZ	8.83	8.73	
397	2012-10-17	8.9	9.27	8.79	9.13	8933	9.02	300062	中能电气	SZ	8.92	8.82	
396	2012-10-18	9.14	9.29	9.08	9.24	6969	9.13	300062	中能电气	SZ	9.13	9.02	
395	2012-10-19	9.44	9.44	9.16	9.19	6114	9.08	300062	中能电气	SZ	9.24	9.13	
394	2012-10-22	9.19	9.32	9.14	9.32	3320	9.21	300062	中能电气	SZ	9.19	9.08	
393	2012-10-23	9.32	9.33	9.12	9.15	3357	9.04	300062	中能电气	SZ	9.32	9.21	
392	2012-10-24	9.15	9.21	9.11	9.15	1842	9.04	300062	中能电气	SZ	9.15	9.04	
391	2012-10-25	9.19	9.3	9.14	9.21	3502	9.1	300062	中能电气	SZ	9.15	9.04	
390	2012-10-26	9.26	9.26	8.92	8.99	2907	8.89	300062	中能电气	SZ	9.21	9.1	
389	2012-10-29	8.95	9	8.8	8.91	2596	8.81	300062	中能电气	SZ	8.99	8.89	
388	2012-10-30	8.81	8.93	8.8	8.83	2831	8.73	300062	中能电气	SZ	8.91	8.81	
387	2012-10-31	8.83	8.88	8.77	8.88	1853	8.78	300062	中能电气	SZ	8.83	8.73	
386	2012-11-01	8.99	8.99	8.8	8.9	10648	8.8	300062	中能电气	SZ	8.88	8.78	
385	2012-11-02	8.91	8.95	8.83	8.89	4019	8.79	300062	中能电气	SZ	8.9	8.8	
384	2012-11-05	8.9	8.91	8.8	8.83	4075	8.73	300062	中能电气	SZ	8.89	8.79	
383	2012-11-06	8.8	8.83	8.65	8.77	4411	8.67	300062	中能电气	SZ	8.83	8.73	
382	2012-11-07	8.77	8.85	8.72	8.84	2918	8.74	300062	中能电气	SZ	8.77	8.67	
381	2012-11-08	8.83	8.87	8.7	8.7	3684	8.6	300062	中能电气	SZ	8.84	8.74	
380	2012-11-09	8.69	8.75	8.58	8.62	3347	8.52	300062	中能电气	SZ	8.7	8.6	
379	2012-11-12	8.56	8.65	8.51	8.64	3020	8.54	300062	中能电气	SZ	8.62	8.52	
378	2012-11-13	8.65	8.65	8.31	8.31	4365	8.21	300062	中能电气	SZ	8.64	8.54	
377	2012-11-14	8.24	8.37	8.22	8.29	1778	8.19	300062	中能电气	SZ	8.31	8.21	
376	2012-11-15	8.25	8.3	8.16	8.17	2888	8.08	300062	中能电气	SZ	8.29	8.19	
375	2012-11-16	8.1	8.2	7.98	7.99	5106	7.9	300062	中能电气	SZ	8.17	8.08	
374	2012-11-19	7.96	8.03	7.88	7.97	4306	7.88	300062	中能电气	SZ	7.99	7.9	
373	2012-11-20	8.01	8.08	7.95	8.05	3531	7.96	300062	中能电气	SZ	7.97	7.88	
372	2012-11-21	8.07	8.09	7.93	8.09	3225	8	300062	中能电气	SZ	8.05	7.96	
371	2012-11-22	8.11	8.11	7.95	8.01	1879	7.92	300062	中能电气	SZ	8.09	8	
370	2012-11-23	8.05	8.14	8.02	8.09	2207	8	300062	中能电气	SZ	8.01	7.92	
369	2012-11-26	8.06	8.11	7.97	7.97	1802	7.88	300062	中能电气	SZ	8.09	8	
368	2012-11-27	7.94	7.95	7.55	7.59	2948	7.5	300062	中能电气	SZ	7.97	7.88	
367	2012-11-28	7.45	7.5	7.24	7.37	3488	7.28	300062	中能电气	SZ	7.59	7.5	
366	2012-11-29	7.36	7.42	7.15	7.28	1898	7.2	300062	中能电气	SZ	7.37	7.28	
365	2012-11-30	7.15	7.34	7.15	7.3	1484	7.22	300062	中能电气	SZ	7.28	7.2	
364	2012-12-03	7.28	7.28	7	7	3345	6.92	300062	中能电气	SZ	7.3	7.22	
363	2012-12-04	7	7.06	6.67	7	7728	6.92	300062	中能电气	SZ	7	6.92	
362	2012-12-05	6.9	7.36	6.86	7.2	15205	7.12	300062	中能电气	SZ	7	6.92	
361	2012-12-06	7.17	7.25	7.07	7.18	6582	7.1	300062	中能电气	SZ	7.2	7.12	
360	2012-12-07	7.17	7.34	7.14	7.33	5189	7.25	300062	中能电气	SZ	7.18	7.1	
359	2012-12-10	7.33	7.66	7.31	7.58	13360	7.49	300062	中能电气	SZ	7.33	7.25	
358	2012-12-11	7.56	7.57	7.42	7.43	6254	7.34	300062	中能电气	SZ	7.58	7.49	
357	2012-12-12	7.42	7.49	7.29	7.38	5316	7.29	300062	中能电气	SZ	7.43	7.34	
356	2012-12-13	7.31	7.46	7.3	7.33	4344	7.25	300062	中能电气	SZ	7.38	7.29	
355	2012-12-14	7.37	7.66	7.29	7.62	9252	7.53	300062	中能电气	SZ	7.33	7.25	
354	2012-12-17	7.61	7.74	7.52	7.73	11553	7.64	300062	中能电气	SZ	7.62	7.53	
353	2012-12-18	7.73	7.79	7.62	7.68	9838	7.59	300062	中能电气	SZ	7.73	7.64	
352	2012-12-19	7.68	7.75	7.45	7.67	5334	7.58	300062	中能电气	SZ	7.68	7.59	
351	2012-12-20	7.62	7.84	7.59	7.74	8095	7.65	300062	中能电气	SZ	7.67	7.58	
350	2012-12-21	7.73	7.85	7.72	7.77	6428	7.68	300062	中能电气	SZ	7.74	7.65	
349	2012-12-24	7.73	8.17	7.73	7.99	12477	7.9	300062	中能电气	SZ	7.77	7.68	
348	2012-12-25	7.98	8.28	7.96	8.22	11998	8.13	300062	中能电气	SZ	7.99	7.9	
347	2012-12-26	8.22	8.7	8.19	8.7	20162	8.6	300062	中能电气	SZ	8.22	8.13	
346	2012-12-27	8.7	8.77	8.5	8.5	11115	8.4	300062	中能电气	SZ	8.7	8.6	
345	2012-12-28	8.5	8.67	8.42	8.59	4760	8.49	300062	中能电气	SZ	8.5	8.4	
344	2012-12-31	8.6	8.97	8.55	8.97	12584	8.87	300062	中能电气	SZ	8.59	8.49	
340	2013-01-04	8.9	8.9	8.39	8.51	20534	8.41	300062	中能电气	SZ	8.97	8.87	
339	2013-01-07	8.4	8.53	8.38	8.52	9548	8.42	300062	中能电气	SZ	8.51	8.41	
338	2013-01-08	8.46	8.63	8.42	8.55	13033	8.45	300062	中能电气	SZ	8.52	8.42	
337	2013-01-09	8.55	8.62	8.38	8.47	20410	8.37	300062	中能电气	SZ	8.55	8.45	
336	2013-01-10	8.49	8.52	8.4	8.47	9442	8.37	300062	中能电气	SZ	8.47	8.37	
335	2013-01-11	8.48	8.57	8.36	8.37	10588	8.27	300062	中能电气	SZ	8.47	8.37	
334	2013-01-14	8.33	8.7	8.3	8.68	15369	8.58	300062	中能电气	SZ	8.37	8.27	
333	2013-01-15	8.68	8.83	8.67	8.78	17541	8.68	300062	中能电气	SZ	8.68	8.58	
332	2013-01-16	8.76	8.82	8.63	8.68	11289	8.58	300062	中能电气	SZ	8.78	8.68	
331	2013-01-17	8.81	8.92	8.55	8.6	12913	8.5	300062	中能电气	SZ	8.68	8.58	
330	2013-01-18	8.63	8.8	8.6	8.74	6988	8.64	300062	中能电气	SZ	8.6	8.5	
329	2013-01-21	8.82	8.9	8.73	8.9	9913	8.8	300062	中能电气	SZ	8.74	8.64	
328	2013-01-22	8.88	8.94	8.42	8.5	13872	8.4	300062	中能电气	SZ	8.9	8.8	
327	2013-01-23	8.51	8.52	8.23	8.38	9760	8.28	300062	中能电气	SZ	8.5	8.4	
326	2013-01-24	8.36	8.5	8.09	8.21	7428	8.12	300062	中能电气	SZ	8.38	8.28	
325	2013-01-25	8.2	8.28	8.15	8.26	2608	8.16	300062	中能电气	SZ	8.21	8.12	
324	2013-01-28	8.28	8.46	8.25	8.43	4608	8.33	300062	中能电气	SZ	8.26	8.16	
323	2013-01-29	8.41	8.42	8.31	8.4	6985	8.3	300062	中能电气	SZ	8.43	8.33	
322	2013-01-30	8.64	8.77	8.46	8.54	12401	8.44	300062	中能电气	SZ	8.4	8.3	
321	2013-01-31	8.44	8.45	8.11	8.27	10296	8.17	300062	中能电气	SZ	8.54	8.44	
320	2013-02-01	8.2	8.37	8.2	8.31	4985	8.21	300062	中能电气	SZ	8.27	8.17	
319	2013-02-04	8.37	8.38	8.18	8.33	5841	8.23	300062	中能电气	SZ	8.31	8.21	
318	2013-02-05	8.24	8.35	8.24	8.33	3580	8.23	300062	中能电气	SZ	8.33	8.23	
317	2013-02-06	8.32	8.37	8.29	8.34	4153	8.24	300062	中能电气	SZ	8.33	8.23	
316	2013-02-07	8.3	8.52	8.29	8.45	5794	8.35	300062	中能电气	SZ	8.34	8.24	
315	2013-02-08	8.52	8.65	8.46	8.59	4896	8.49	300062	中能电气	SZ	8.45	8.35	
309	2013-02-18	8.59	8.71	8.59	8.66	8335	8.56	300062	中能电气	SZ	8.59	8.49	
308	2013-02-19	8.65	8.65	8.42	8.46	8131	8.36	300062	中能电气	SZ	8.66	8.56	
307	2013-02-20	8.49	8.65	8.43	8.63	7034	8.53	300062	中能电气	SZ	8.46	8.36	
306	2013-02-21	8.64	8.8	8.51	8.62	13478	8.52	300062	中能电气	SZ	8.63	8.53	
305	2013-02-22	8.62	8.64	8.51	8.61	6740	8.51	300062	中能电气	SZ	8.62	8.52	
304	2013-02-25	8.67	8.74	8.55	8.72	7026	8.62	300062	中能电气	SZ	8.61	8.51	
303	2013-02-26	8.68	8.77	8.5	8.52	8578	8.42	300062	中能电气	SZ	8.72	8.62	
302	2013-02-27	8.51	8.59	8.23	8.3	7720	8.2	300062	中能电气	SZ	8.52	8.42	
301	2013-02-28	8.3	8.42	8.3	8.42	7494	8.32	300062	中能电气	SZ	8.3	8.2	
300	2013-03-01	8.43	8.64	8.43	8.61	8984	8.51	300062	中能电气	SZ	8.42	8.32	
299	2013-03-04	8.59	8.66	8.43	8.48	11952	8.38	300062	中能电气	SZ	8.61	8.51	
298	2013-03-05	8.54	8.86	8.4	8.79	14019	8.69	300062	中能电气	SZ	8.48	8.38	
297	2013-03-06	8.8	9.1	8.7	9.02	27896	8.92	300062	中能电气	SZ	8.79	8.69	
296	2013-03-07	9	9.07	8.72	8.91	14979	8.81	300062	中能电气	SZ	9.02	8.92	
295	2013-03-08	8.96	9.3	8.9	8.92	10940	8.82	300062	中能电气	SZ	8.91	8.81	
294	2013-03-11	8.9	8.95	8.8	8.86	5511	8.76	300062	中能电气	SZ	8.92	8.82	
293	2013-03-12	8.86	8.88	8.4	8.48	10046	8.38	300062	中能电气	SZ	8.86	8.76	
292	2013-03-13	8.47	8.56	8.41	8.56	5277	8.46	300062	中能电气	SZ	8.48	8.38	
291	2013-03-14	8.6	8.64	8.48	8.52	3402	8.42	300062	中能电气	SZ	8.56	8.46	
290	2013-03-15	8.46	8.6	8.26	8.35	6073	8.25	300062	中能电气	SZ	8.52	8.42	
289	2013-03-18	8.31	8.36	8.11	8.11	3296	8.02	300062	中能电气	SZ	8.35	8.25	
288	2013-03-19	8.24	8.6	8.07	8.26	4280	8.16	300062	中能电气	SZ	8.11	8.02	
287	2013-03-20	8.31	8.46	8.26	8.42	5540	8.32	300062	中能电气	SZ	8.26	8.16	
286	2013-03-21	8.4	8.61	8.38	8.54	4767	8.44	300062	中能电气	SZ	8.42	8.32	
285	2013-03-22	8.62	8.62	8.42	8.53	5151	8.43	300062	中能电气	SZ	8.54	8.44	
284	2013-03-25	8.49	8.59	8.45	8.59	3538	8.49	300062	中能电气	SZ	8.53	8.43	
283	2013-03-26	8.56	8.56	8.37	8.45	2229	8.35	300062	中能电气	SZ	8.59	8.49	
282	2013-03-27	8.5	8.6	8.45	8.55	2655	8.45	300062	中能电气	SZ	8.45	8.35	
281	2013-03-28	8.32	8.51	8.21	8.25	4043	8.15	300062	中能电气	SZ	8.55	8.45	
280	2013-03-29	8.28	8.33	8.24	8.31	2292	8.21	300062	中能电气	SZ	8.25	8.15	
279	2013-04-01	8.31	8.35	8.21	8.21	4442	8.12	300062	中能电气	SZ	8.31	8.21	
278	2013-04-02	8.14	8.28	8	8.06	2792	7.97	300062	中能电气	SZ	8.21	8.12	
277	2013-04-03	8.16	8.16	7.98	8.04	2266	7.95	300062	中能电气	SZ	8.06	7.97	
274	2013-04-08	7.98	8.12	7.85	8.08	3214	7.99	300062	中能电气	SZ	8.04	7.95	
273	2013-04-09	8.2	8.34	8.15	8.23	6720	8.14	300062	中能电气	SZ	8.08	7.99	
272	2013-04-10	8.17	8.25	8.1	8.2	2040	8.11	300062	中能电气	SZ	8.23	8.14	
271	2013-04-11	8.24	8.28	8.18	8.18	3089	8.09	300062	中能电气	SZ	8.2	8.11	
270	2013-04-12	8.23	8.55	8.23	8.47	18888	8.37	300062	中能电气	SZ	8.18	8.09	
269	2013-04-15	8.46	8.64	8.45	8.59	29820	8.49	300062	中能电气	SZ	8.47	8.37	
268	2013-04-16	8.52	8.75	8.49	8.74	28629	8.64	300062	中能电气	SZ	8.59	8.49	
267	2013-04-17	8.5	8.68	8.49	8.59	36432	8.49	300062	中能电气	SZ	8.74	8.64	
266	2013-04-18	8.5	8.67	8.47	8.53	20496	8.43	300062	中能电气	SZ	8.59	8.49	
265	2013-04-19	8.51	8.88	8.51	8.77	32604	8.67	300062	中能电气	SZ	8.53	8.43	
264	2013-04-22	8.74	8.8	8.65	8.74	22606	8.64	300062	中能电气	SZ	8.77	8.67	
263	2013-04-23	8.79	8.79	8.4	8.43	16401	8.33	300062	中能电气	SZ	8.74	8.64	
262	2013-04-24	8.41	8.66	8.37	8.62	17643	8.52	300062	中能电气	SZ	8.43	8.33	
261	2013-04-25	8.65	8.66	8.39	8.4	14007	8.3	300062	中能电气	SZ	8.62	8.52	
260	2013-04-26	8.36	8.44	7.96	8	13703	7.91	300062	中能电气	SZ	8.4	8.3	
256	2013-05-02	7.9	7.99	7.81	7.95	6520	7.86	300062	中能电气	SZ	8	7.91	
255	2013-05-03	7.95	8.2	7.95	8.1	8375	8.01	300062	中能电气	SZ	7.95	7.86	
254	2013-05-06	8.11	8.38	8.11	8.31	12844	8.21	300062	中能电气	SZ	8.1	8.01	
253	2013-05-07	8.23	8.38	8.23	8.28	6025	8.18	300062	中能电气	SZ	8.31	8.21	
252	2013-05-08	8.3	8.37	8.2	8.29	9948	8.19	300062	中能电气	SZ	8.28	8.18	
251	2013-05-09	8.34	8.62	8.3	8.58	15498	8.48	300062	中能电气	SZ	8.29	8.19	
250	2013-05-10	8.58	8.88	8	8.72	26310	8.62	300062	中能电气	SZ	8.58	8.48	
249	2013-05-13	8.72	8.83	8.5	8.66	13123	8.56	300062	中能电气	SZ	8.72	8.62	
248	2013-05-14	8.66	8.85	8.61	8.77	15559	8.67	300062	中能电气	SZ	8.66	8.56	
247	2013-05-15	8.78	9.1	8.65	9.1	23767	9	300062	中能电气	SZ	8.77	8.67	
246	2013-05-16	9.1	9.35	8.71	8.83	36791	8.73	300062	中能电气	SZ	9.1	9	
245	2013-05-17	8.76	8.88	8.68	8.8	16056	8.7	300062	中能电气	SZ	8.83	8.73	
244	2013-05-20	8.82	9.05	8.79	9.02	22502	8.92	300062	中能电气	SZ	8.8	8.7	
243	2013-05-21	8.99	9.25	8.94	9.19	21006	9.08	300062	中能电气	SZ	9.02	8.92	
242	2013-05-22	9.34	9.48	8.84	9.02	25200	8.92	300062	中能电气	SZ	9.19	9.08	
241	2013-05-23	8.9	9.15	8.9	8.97	13081	8.87	300062	中能电气	SZ	9.02	8.92	
240	2013-05-24	8.95	9.26	8.95	9.24	15885	9.13	300062	中能电气	SZ	8.97	8.87	
239	2013-05-27	9.26	9.58	9.24	9.35	19886	9.24	300062	中能电气	SZ	9.24	9.13	
238	2013-05-28	9.3	9.31	9	9.02	15692	8.92	300062	中能电气	SZ	9.35	9.24	
237	2013-05-29	9.07	9.12	8.91	9.03	11944	8.93	300062	中能电气	SZ	9.02	8.92	
236	2013-05-30	9.03	9.11	8.87	8.98	12350	8.88	300062	中能电气	SZ	9.03	8.93	
235	2013-05-31	9.16	9.31	9.03	9.05	20712	8.95	300062	中能电气	SZ	8.98	8.88	
234	2013-06-03	8.99	9.1	8.73	8.76	15895	8.66	300062	中能电气	SZ	9.05	8.95	
233	2013-06-04	8.71	8.81	8.58	8.68	8650	8.58	300062	中能电气	SZ	8.76	8.66	
232	2013-06-05	8.67	8.83	8.63	8.81	8133	8.71	300062	中能电气	SZ	8.68	8.58	
231	2013-06-06	8.84	8.9	8.49	8.49	12792	8.39	300062	中能电气	SZ	8.81	8.71	
230	2013-06-07	8.5	8.6	8.39	8.52	6418	8.42	300062	中能电气	SZ	8.49	8.39	
226	2013-06-13	8.46	8.46	8.15	8.24	6349	8.14	300062	中能电气	SZ	8.52	8.42	
225	2013-06-14	8.24	8.45	8.24	8.37	6089	8.27	300062	中能电气	SZ	8.24	8.14	
224	2013-06-17	8.33	8.44	8.3	8.32	5952	8.22	300062	中能电气	SZ	8.37	8.27	
223	2013-06-18	8.32	8.37	8.2	8.31	5181	8.21	300062	中能电气	SZ	8.32	8.22	
222	2013-06-19	8.26	8.26	8	8.17	7311	8.08	300062	中能电气	SZ	8.31	8.21	
221	2013-06-20	8.15	8.17	7.99	8.02	4571	7.93	300062	中能电气	SZ	8.17	8.08	
220	2013-06-21	7.98	7.98	7.79	7.85	7182	7.76	300062	中能电气	SZ	8.02	7.93	
219	2013-06-24	7.81	7.84	7.28	7.4	5236	7.31	300062	中能电气	SZ	7.85	7.76	
218	2013-06-25	7.32	7.45	6.75	7.32	7618	7.24	300062	中能电气	SZ	7.4	7.31	
217	2013-06-26	7.33	7.46	7.18	7.45	6692	7.36	300062	中能电气	SZ	7.32	7.24	
216	2013-06-27	7.58	7.74	7.29	7.36	9406	7.28	300062	中能电气	SZ	7.45	7.36	
215	2013-06-28	7.2	7.45	7.15	7.4	5898	7.31	300062	中能电气	SZ	7.36	7.28	
214	2013-07-01	7.4	7.51	7.34	7.48	4738	7.39	300062	中能电气	SZ	7.4	7.31	
213	2013-07-02	7.48	7.64	7.41	7.6	5723	7.51	300062	中能电气	SZ	7.48	7.39	
212	2013-07-03	7.63	7.63	7.36	7.5	4315	7.41	300062	中能电气	SZ	7.6	7.51	
211	2013-07-04	7.42	7.62	7	7.59	8611	7.5	300062	中能电气	SZ	7.5	7.41	
210	2013-07-05	7.59	7.67	7.41	7.42	6040	7.33	300062	中能电气	SZ	7.59	7.5	
209	2013-07-08	7.21	7.36	6.98	7	6296	6.92	300062	中能电气	SZ	7.42	7.33	
208	2013-07-09	6.98	7.08	6.97	7.03	4308	6.95	300062	中能电气	SZ	7	6.92	
207	2013-07-10	7.05	7.26	7.04	7.21	6203	7.13	300062	中能电气	SZ	7.03	6.95	
206	2013-07-11	7.18	7.68	7.18	7.53	10565	7.44	300062	中能电气	SZ	7.21	7.13	
205	2013-07-12	7.53	7.67	7.44	7.51	8428	7.42	300062	中能电气	SZ	7.53	7.44	
204	2013-07-15	7.53	7.66	7.44	7.64	7196	7.55	300062	中能电气	SZ	7.51	7.42	
203	2013-07-16	7.68	7.97	7.68	7.82	9812	7.73	300062	中能电气	SZ	7.64	7.55	
202	2013-07-17	7.72	7.76	7.6	7.61	6388	7.61	300062	中能电气	SZ	7.82	7.73	
201	2013-07-18	7.61	7.74	7.56	7.67	5175	7.67	300062	中能电气	SZ	7.61	7.61	
200	2013-07-19	7.74	7.84	7.4	7.42	6811	7.42	300062	中能电气	SZ	7.67	7.67	
199	2013-07-22	7.45	7.6	7.31	7.6	6778	7.6	300062	中能电气	SZ	7.42	7.42	
198	2013-07-23	7.62	7.97	7.62	7.94	15880	7.94	300062	中能电气	SZ	7.6	7.6	
197	2013-07-24	7.89	8.18	7.86	8.04	11478	8.04	300062	中能电气	SZ	7.94	7.94	
196	2013-07-25	8.1	8.22	7.81	7.88	8027	7.88	300062	中能电气	SZ	8.04	8.04	
195	2013-07-26	7.82	7.94	7.73	7.93	5785	7.93	300062	中能电气	SZ	7.88	7.88	
194	2013-07-29	7.86	7.88	7.68	7.73	4598	7.73	300062	中能电气	SZ	7.93	7.93	
193	2013-07-30	7.8	7.8	7.45	7.6	5709	7.6	300062	中能电气	SZ	7.73	7.73	
192	2013-07-31	7.53	7.73	7.53	7.67	4232	7.67	300062	中能电气	SZ	7.6	7.6	
191	2013-08-01	7.67	7.95	7.61	7.92	8726	7.92	300062	中能电气	SZ	7.67	7.67	
190	2013-08-02	8.01	8.23	7.92	8.08	14450	8.08	300062	中能电气	SZ	7.92	7.92	
189	2013-08-05	8.07	8.23	8	8.14	13263	8.14	300062	中能电气	SZ	8.08	8.08	
188	2013-08-06	8.08	8.18	8	8.13	9416	8.13	300062	中能电气	SZ	8.14	8.14	
187	2013-08-07	8.14	8.14	7.9	7.93	8662	7.93	300062	中能电气	SZ	8.13	8.13	
186	2013-08-08	7.88	8.07	7.88	7.97	5398	7.97	300062	中能电气	SZ	7.93	7.93	
185	2013-08-09	8.08	8.21	7.9	8.19	12517	8.19	300062	中能电气	SZ	7.97	7.97	
184	2013-08-12	8.19	8.25	8.12	8.22	8279	8.22	300062	中能电气	SZ	8.19	8.19	
183	2013-08-13	8.21	8.38	8.17	8.35	12050	8.35	300062	中能电气	SZ	8.22	8.22	
182	2013-08-14	8.24	8.47	8.24	8.32	10634	8.32	300062	中能电气	SZ	8.35	8.35	
181	2013-08-15	8.32	8.38	8.18	8.2	7396	8.2	300062	中能电气	SZ	8.32	8.32	
180	2013-08-16	8.15	8.27	8.01	8.07	7846	8.07	300062	中能电气	SZ	8.2	8.2	
179	2013-08-19	8.08	8.23	8	8.21	6179	8.21	300062	中能电气	SZ	8.07	8.07	
178	2013-08-20	8.25	8.48	8.25	8.35	11030	8.35	300062	中能电气	SZ	8.21	8.21	
177	2013-08-21	8.36	8.46	8.24	8.45	6969	8.45	300062	中能电气	SZ	8.35	8.35	
176	2013-08-22	8.4	8.55	8.35	8.51	12077	8.51	300062	中能电气	SZ	8.45	8.45	
175	2013-08-23	8.5	8.55	8.25	8.39	8405	8.39	300062	中能电气	SZ	8.51	8.51	
174	2013-08-26	8.39	8.5	8.35	8.49	12324	8.49	300062	中能电气	SZ	8.39	8.39	
173	2013-08-27	8.42	8.55	8.35	8.5	9865	8.5	300062	中能电气	SZ	8.49	8.49	
172	2013-08-28	8.43	8.44	8.27	8.32	11444	8.32	300062	中能电气	SZ	8.5	8.5	
171	2013-08-29	8.35	8.41	8.24	8.31	5796	8.31	300062	中能电气	SZ	8.32	8.32	
170	2013-08-30	8.27	8.28	7.91	7.97	11402	7.97	300062	中能电气	SZ	8.31	8.31	
169	2013-09-02	8	8.21	7.92	8.18	5014	8.18	300062	中能电气	SZ	7.97	7.97	
168	2013-09-03	8.12	8.28	8.1	8.21	6024	8.21	300062	中能电气	SZ	8.18	8.18	
167	2013-09-04	8.22	8.24	8	8.12	6270	8.12	300062	中能电气	SZ	8.21	8.21	
166	2013-09-05	8.12	8.18	8.09	8.14	4452	8.14	300062	中能电气	SZ	8.12	8.12	
165	2013-09-06	8.1	8.15	8.02	8.13	6370	8.13	300062	中能电气	SZ	8.14	8.14	
164	2013-09-09	8.02	8.23	8.02	8.16	9491	8.16	300062	中能电气	SZ	8.13	8.13	
163	2013-09-10	8.16	8.27	8.12	8.18	4472	8.18	300062	中能电气	SZ	8.16	8.16	
162	2013-09-11	8.35	8.35	8.1	8.15	6859	8.15	300062	中能电气	SZ	8.18	8.18	
161	2013-09-12	8.15	8.19	8.09	8.13	6174	8.13	300062	中能电气	SZ	8.15	8.15	
160	2013-09-13	8.13	8.17	8.08	8.16	5253	8.16	300062	中能电气	SZ	8.13	8.13	
159	2013-09-16	8.16	8.95	8.16	8.45	20076	8.45	300062	中能电气	SZ	8.16	8.16	
158	2013-09-17	8.47	8.53	8.16	8.2	9958	8.2	300062	中能电气	SZ	8.45	8.45	
157	2013-09-18	8.15	8.28	8	8.21	7571	8.21	300062	中能电气	SZ	8.2	8.2	
155	2013-09-23	8.21	8.43	8.2	8.42	9482	8.42	300062	中能电气	SZ	8.21	8.21	
154	2013-09-24	8.41	8.41	8.22	8.38	8632	8.38	300062	中能电气	SZ	8.42	8.42	
153	2013-09-25	8.38	8.41	8.27	8.32	6228	8.32	300062	中能电气	SZ	8.38	8.38	
152	2013-09-26	8.34	8.52	8.26	8.43	11322	8.43	300062	中能电气	SZ	8.32	8.32	
151	2013-09-27	8.43	8.63	8.43	8.6	15407	8.6	300062	中能电气	SZ	8.43	8.43	
150	2013-09-30	8.59	8.68	8.47	8.52	8119	8.52	300062	中能电气	SZ	8.6	8.6	
144	2013-10-08	8.58	8.58	8.4	8.54	12478	8.54	300062	中能电气	SZ	8.52	8.52	
143	2013-10-09	8.54	8.69	8.45	8.62	10900	8.62	300062	中能电气	SZ	8.54	8.54	
142	2013-10-10	8.65	8.65	8.44	8.44	7643	8.44	300062	中能电气	SZ	8.62	8.62	
141	2013-10-11	8.5	8.56	8.44	8.54	9302	8.54	300062	中能电气	SZ	8.44	8.44	
140	2013-10-14	8.57	8.77	8.55	8.68	16144	8.68	300062	中能电气	SZ	8.54	8.54	
139	2013-10-15	8.69	8.76	8.54	8.62	10961	8.62	300062	中能电气	SZ	8.68	8.68	
138	2013-10-16	8.58	8.58	8.26	8.31	11116	8.31	300062	中能电气	SZ	8.62	8.62	
137	2013-10-17	8.37	8.47	8.33	8.37	6147	8.37	300062	中能电气	SZ	8.31	8.31	
136	2013-10-18	8.31	8.44	8.31	8.38	2935	8.38	300062	中能电气	SZ	8.37	8.37	
135	2013-10-21	8.39	8.64	8.38	8.59	10013	8.59	300062	中能电气	SZ	8.38	8.38	
134	2013-10-22	8.6	8.87	8.57	8.76	19586	8.76	300062	中能电气	SZ	8.59	8.59	
133	2013-10-23	8.71	8.71	8.48	8.58	12284	8.58	300062	中能电气	SZ	8.76	8.76	
132	2013-10-24	8.54	8.83	8.47	8.74	14279	8.74	300062	中能电气	SZ	8.58	8.58	
131	2013-10-25	8.77	8.78	8.39	8.5	10834	8.5	300062	中能电气	SZ	8.74	8.74	
130	2013-10-28	8.44	8.48	8.24	8.34	6314	8.34	300062	中能电气	SZ	8.5	8.5	
129	2013-10-29	8.38	8.4	7.68	7.93	10228	7.93	300062	中能电气	SZ	8.34	8.34	
128	2013-10-30	7.93	8.18	7.83	8.16	5881	8.16	300062	中能电气	SZ	7.93	7.93	
127	2013-10-31	8.08	8.17	8.06	8.14	4423	8.14	300062	中能电气	SZ	8.16	8.16	
126	2013-11-01	8.13	8.15	8.01	8.11	4998	8.11	300062	中能电气	SZ	8.14	8.14	
125	2013-11-04	8.04	8.18	8.04	8.16	4011	8.16	300062	中能电气	SZ	8.11	8.11	
124	2013-11-05	8.15	8.25	8.07	8.24	3665	8.24	300062	中能电气	SZ	8.16	8.16	
123	2013-11-06	8.17	8.32	8.1	8.11	4731	8.11	300062	中能电气	SZ	8.24	8.24	
122	2013-11-07	8.1	8.18	7.99	8.06	4990	8.06	300062	中能电气	SZ	8.11	8.11	
121	2013-11-08	8.05	8.05	7.87	7.9	4579	7.9	300062	中能电气	SZ	8.06	8.06	
120	2013-11-11	7.91	8.03	7.84	8.03	4795	8.03	300062	中能电气	SZ	7.9	7.9	
119	2013-11-12	8.02	8.35	7.91	8.31	9074	8.31	300062	中能电气	SZ	8.03	8.03	
118	2013-11-13	8.21	8.27	8.1	8.17	7840	8.17	300062	中能电气	SZ	8.31	8.31	
117	2013-11-14	8.07	8.57	8.07	8.56	19107	8.56	300062	中能电气	SZ	8.17	8.17	
116	2013-11-15	8.59	8.76	8.46	8.58	12631	8.58	300062	中能电气	SZ	8.56	8.56	
115	2013-11-18	8.77	8.77	8.61	8.69	14824	8.69	300062	中能电气	SZ	8.58	8.58	
114	2013-11-19	8.72	8.87	8.68	8.71	14508	8.71	300062	中能电气	SZ	8.69	8.69	
113	2013-11-20	8.69	8.95	8.69	8.95	16806	8.95	300062	中能电气	SZ	8.71	8.71	
112	2013-11-21	9.2	9.44	8.84	8.86	34432	8.86	300062	中能电气	SZ	8.95	8.95	
111	2013-11-22	8.8	8.87	8.69	8.81	12797	8.81	300062	中能电气	SZ	8.86	8.86	
110	2013-11-25	8.81	8.92	8.7	8.8	11768	8.8	300062	中能电气	SZ	8.81	8.81	
109	2013-11-26	9.6	9.6	8.8	9.04	15471	9.04	300062	中能电气	SZ	8.8	8.8	
108	2013-11-27	9.06	9.15	8.89	9.09	12597	9.09	300062	中能电气	SZ	9.04	9.04	
107	2013-11-28	9.08	9.22	9.08	9.12	12811	9.12	300062	中能电气	SZ	9.09	9.09	
106	2013-11-29	9.08	9.37	9.08	9.32	23426	9.32	300062	中能电气	SZ	9.12	9.12	
105	2013-12-02	9.05	9.05	8.39	8.45	34983	8.45	300062	中能电气	SZ	9.32	9.32	
104	2013-12-03	8.4	8.62	8.26	8.58	13451	8.58	300062	中能电气	SZ	8.45	8.45	
103	2013-12-04	8.54	8.82	8.5	8.67	14436	8.67	300062	中能电气	SZ	8.58	8.58	
102	2013-12-05	8.55	8.81	8.55	8.75	8161	8.75	300062	中能电气	SZ	8.67	8.67	
101	2013-12-06	8.78	8.8	8.64	8.76	6701	8.76	300062	中能电气	SZ	8.75	8.75	
100	2013-12-09	8.7	8.94	8.7	8.92	10491	8.92	300062	中能电气	SZ	8.76	8.76	
99	2013-12-10	8.97	9.03	8.82	8.94	7183	8.94	300062	中能电气	SZ	8.92	8.92	
98	2013-12-11	8.94	8.94	8.66	8.72	8038	8.72	300062	中能电气	SZ	8.94	8.94	
97	2013-12-12	8.66	8.93	8.66	8.83	10503	8.83	300062	中能电气	SZ	8.72	8.72	
96	2013-12-13	8.83	9.13	8.8	9.06	14697	9.06	300062	中能电气	SZ	8.83	8.83	
95	2013-12-16	9.11	9.34	9.02	9.27	28369	9.27	300062	中能电气	SZ	9.06	9.06	
94	2013-12-17	9.26	9.79	9.11	9.36	33388	9.36	300062	中能电气	SZ	9.27	9.27	
93	2013-12-18	9.23	9.41	9.05	9.37	20395	9.37	300062	中能电气	SZ	9.36	9.36	
92	2013-12-19	9.3	9.48	9.06	9.1	13162	9.1	300062	中能电气	SZ	9.37	9.37	
91	2013-12-20	9.1	9.13	8.83	8.95	13340	8.95	300062	中能电气	SZ	9.1	9.1	
90	2013-12-23	8.95	9.05	8.73	8.9	8654	8.9	300062	中能电气	SZ	8.95	8.95	
89	2013-12-24	8.84	9.04	8.83	8.93	9006	8.93	300062	中能电气	SZ	8.9	8.9	
88	2013-12-25	8.89	9.38	8.86	9.35	21023	9.35	300062	中能电气	SZ	8.93	8.93	
87	2013-12-26	9.38	9.88	9.27	9.39	34078	9.39	300062	中能电气	SZ	9.35	9.35	
86	2013-12-27	9.37	10.33	9.35	10.33	70803	10.33	300062	中能电气	SZ	9.39	9.39	
45	2014-02-25	11.36	11.36	11.06	11.36	59755	11.36	300062	中能电气	SZ	10.33	10.33	
44	2014-02-26	11.22	11.24	10.36	11.05	69699	11.05	300062	中能电气	SZ	11.36	11.36	
43	2014-02-27	10.81	11.77	10.75	10.8	76731	10.8	300062	中能电气	SZ	11.05	11.05	
42	2014-02-28	10.89	11	10.07	10.55	43389	10.55	300062	中能电气	SZ	10.8	10.8	
41	2014-03-03	10.49	10.77	10.38	10.72	31764	10.72	300062	中能电气	SZ	10.55	10.55	
40	2014-03-04	10.6	10.61	10.3	10.54	27255	10.54	300062	中能电气	SZ	10.72	10.72	
39	2014-03-05	10.59	10.6	10.3	10.32	24296	10.32	300062	中能电气	SZ	10.54	10.54	
38	2014-03-06	10.2	10.33	9.88	10.31	28812	10.31	300062	中能电气	SZ	10.32	10.32	
37	2014-03-07	10.3	11.11	10.21	10.86	52699	10.86	300062	中能电气	SZ	10.31	10.31	
36	2014-03-10	10.83	11.55	10.63	11.02	53322	11.02	300062	中能电气	SZ	10.86	10.86	
35	2014-03-11	11.14	11.2	10.13	10.46	33644	10.46	300062	中能电气	SZ	11.02	11.02	
34	2014-03-12	10.05	10.38	9.71	10.14	25218	10.14	300062	中能电气	SZ	10.46	10.46	
33	2014-03-13	9.98	10.31	9.97	10.28	13433	10.28	300062	中能电气	SZ	10.14	10.14	
32	2014-03-14	10.18	10.28	9.98	10.14	12130	10.14	300062	中能电气	SZ	10.28	10.28	
31	2014-03-17	9.92	10.38	9.92	10.37	11276	10.37	300062	中能电气	SZ	10.14	10.14	
30	2014-03-18	10.43	10.97	10.35	10.66	24246	10.66	300062	中能电气	SZ	10.37	10.37	
29	2014-03-19	10.61	10.93	10.55	10.85	17680	10.85	300062	中能电气	SZ	10.66	10.66	
28	2014-03-20	10.85	10.85	10.2	10.2	20375	10.2	300062	中能电气	SZ	10.85	10.85	
27	2014-03-21	10.15	10.63	10.08	10.52	16132	10.52	300062	中能电气	SZ	10.2	10.2	
26	2014-03-24	10.52	10.57	10.2	10.25	16172	10.25	300062	中能电气	SZ	10.52	10.52	
25	2014-03-25	10.25	10.43	10.11	10.25	12833	10.25	300062	中能电气	SZ	10.25	10.25	
24	2014-03-26	10.27	10.64	10.16	10.47	19495	10.47	300062	中能电气	SZ	10.25	10.25	
23	2014-03-27	10.47	10.47	9.86	9.99	21324	9.99	300062	中能电气	SZ	10.47	10.47	
22	2014-03-28	9.99	10.04	9.56	9.65	16559	9.65	300062	中能电气	SZ	9.99	9.99	
21	2014-03-31	9.66	9.83	9.58	9.71	6276	9.71	300062	中能电气	SZ	9.65	9.65	
20	2014-04-01	9.7	9.85	9.69	9.79	6037	9.79	300062	中能电气	SZ	9.71	9.71	
19	2014-04-02	9.91	9.94	9.8	9.89	6577	9.89	300062	中能电气	SZ	9.79	9.79	
18	2014-04-03	9.95	10.01	9.78	9.86	6344	9.86	300062	中能电气	SZ	9.89	9.89	
17	2014-04-04	9.9	9.96	9.76	9.94	6130	9.94	300062	中能电气	SZ	9.86	9.86	
15	2014-04-08	9.83	9.99	9.8	9.94	7231	9.94	300062	中能电气	SZ	9.94	9.94	
14	2014-04-09	10.07	10.1	9.97	10.07	10082	10.07	300062	中能电气	SZ	9.94	9.94	
13	2014-04-10	10.15	10.18	10.02	10.07	10139	10.07	300062	中能电气	SZ	10.07	10.07	
12	2014-04-11	10.01	10.01	9.7	9.91	7705	9.91	300062	中能电气	SZ	10.07	10.07	
11	2014-04-14	9.81	10.17	9.81	10.14	7225	10.14	300062	中能电气	SZ	9.91	9.91	
10	2014-04-15	10.1	10.24	10.04	10.11	10724	10.11	300062	中能电气	SZ	10.14	10.14	
9	2014-04-16	10.11	10.21	10.05	10.2	6619	10.2	300062	中能电气	SZ	10.11	10.11	
8	2014-04-17	10.26	10.27	10.15	10.22	5372	10.22	300062	中能电气	SZ	10.2	10.2	
7	2014-04-18	10.2	10.28	10.05	10.25	4601	10.25	300062	中能电气	SZ	10.22	10.22	
6	2014-04-21	10.18	10.2	9.8	9.88	10027	9.88	300062	中能电气	SZ	10.25	10.25	
5	2014-04-22	9.86	9.97	9.58	9.62	9100	9.62	300062	中能电气	SZ	9.88	9.88	
4	2014-04-23	9.63	9.78	9.56	9.63	6603	9.63	300062	中能电气	SZ	9.62	9.62	
3	2014-04-24	9.66	9.66	9.51	9.58	3835	9.58	300062	中能电气	SZ	9.63	9.63	
2	2014-04-25	9.65	9.65	9.2	9.2	5833	9.2	300062	中能电气	SZ	9.58	9.58	
1	2014-04-28	9.27	9.27	8.82	8.91	7310	8.91	300062	中能电气	SZ	9.2	9.2	
0	2014-04-29	8.99	9.03	8.9	9.01	4422	9.01	300062	中能电气	SZ	8.91	8.91	
