0	2014-04-29	11.41	11.92	11.33	11.92	9715	11.92	300023	宝德股份	SZ	11.38	11.38	
1	2014-04-28	12.34	12.35	11.38	11.38	9334	11.38	300023	宝德股份	SZ	12.33	12.33	
2	2014-04-25	12.47	12.68	12.29	12.33	7172	12.33	300023	宝德股份	SZ	12.48	12.48	
3	2014-04-24	12.79	12.85	12.38	12.48	12288	12.48	300023	宝德股份	SZ	12.66	12.66	
4	2014-04-23	12.51	12.98	12.48	12.66	11469	12.66	300023	宝德股份	SZ	12.49	12.49	
5	2014-04-22	12.41	12.55	12.03	12.49	12435	12.49	300023	宝德股份	SZ	12.5	12.5	
6	2014-04-21	12.44	12.93	12.31	12.5	17219	12.5	300023	宝德股份	SZ	12.45	12.45	
7	2014-04-18	12.08	12.5	12.03	12.45	11251	12.45	300023	宝德股份	SZ	12.15	12.15	
8	2014-04-17	12.16	12.24	12.03	12.15	6310	12.15	300023	宝德股份	SZ	12.11	12.11	
9	2014-04-16	12.19	12.29	11.96	12.11	6108	12.11	300023	宝德股份	SZ	12.16	12.16	
10	2014-04-15	12.17	12.3	12.06	12.16	7506	12.16	300023	宝德股份	SZ	12.24	12.24	
11	2014-04-14	11.9	12.25	11.72	12.24	10541	12.24	300023	宝德股份	SZ	12.02	12.02	
13	2014-04-10	12.11	12.28	12	12.02	12478	12.02	300023	宝德股份	SZ	12.02	12.02	
14	2014-04-09	11.88	12.08	11.8	12.02	8568	12.02	300023	宝德股份	SZ	11.84	11.84	
15	2014-04-08	11.7	11.96	11.55	11.84	8332	11.84	300023	宝德股份	SZ	11.75	11.75	
17	2014-04-04	11.51	11.77	11.45	11.75	6390	11.75	300023	宝德股份	SZ	11.57	11.57	
18	2014-04-03	11.5	11.66	11.33	11.57	7068	11.57	300023	宝德股份	SZ	11.42	11.42	
19	2014-04-02	11.68	11.76	11.33	11.42	9191	11.42	300023	宝德股份	SZ	11.68	11.68	
20	2014-04-01	11.33	11.69	11.33	11.68	8618	11.68	300023	宝德股份	SZ	11.39	11.39	
21	2014-03-31	11.76	11.83	11.27	11.39	12860	11.39	300023	宝德股份	SZ	11.83	11.83	
22	2014-03-28	12.31	12.66	11.8	11.83	17785	11.83	300023	宝德股份	SZ	12.52	12.52	
23	2014-03-27	13.4	13.45	12.45	12.52	21153	12.52	300023	宝德股份	SZ	13.01	13.01	
24	2014-03-26	13.4	13.91	12.9	13.01	36283	13.01	300023	宝德股份	SZ	12.91	12.91	
25	2014-03-25	12.71	13.3	12.7	12.91	15323	12.91	300023	宝德股份	SZ	12.89	12.89	
26	2014-03-24	13	13.01	12.74	12.89	15271	12.89	300023	宝德股份	SZ	13	13	
27	2014-03-21	12.21	13.06	12.19	13	20029	13	300023	宝德股份	SZ	12.35	12.35	
28	2014-03-20	12.83	13.2	12.35	12.35	17153	12.35	300023	宝德股份	SZ	12.96	12.96	
29	2014-03-19	12.56	13	12.45	12.96	15633	12.96	300023	宝德股份	SZ	12.68	12.68	
30	2014-03-18	12.63	12.88	12.38	12.68	21300	12.68	300023	宝德股份	SZ	12.33	12.33	
31	2014-03-17	11.98	12.35	11.9	12.33	10996	12.33	300023	宝德股份	SZ	12	12	
32	2014-03-14	12.12	12.3	11.9	12	13433	12	300023	宝德股份	SZ	12.12	12.12	
33	2014-03-13	11.8	12.15	11.66	12.12	21687	12.12	300023	宝德股份	SZ	12.11	12.11	
34	2014-03-12	12.5	12.8	12.11	12.11	51092	12.11	300023	宝德股份	SZ	13.46	13.46	
35	2014-03-11	12.6	13.46	12.6	13.46	78742	13.46	300023	宝德股份	SZ	12.24	12.24	
36	2014-03-10	12.95	12.95	12.22	12.24	30885	12.24	300023	宝德股份	SZ	12.95	12.95	
37	2014-03-07	13.22	13.4	12.7	12.95	19870	12.95	300023	宝德股份	SZ	13.09	13.09	
38	2014-03-06	12.97	13.2	12.71	13.09	6799	13.09	300023	宝德股份	SZ	12.97	12.97	
39	2014-03-05	13.14	13.22	12.82	12.97	7302	12.97	300023	宝德股份	SZ	13.2	13.2	
40	2014-03-04	12.94	13.24	12.5	13.2	12338	13.2	300023	宝德股份	SZ	12.86	12.86	
41	2014-03-03	12.37	12.88	12.22	12.86	11320	12.86	300023	宝德股份	SZ	12.52	12.52	
42	2014-02-28	12.18	12.68	11.8	12.52	20769	12.52	300023	宝德股份	SZ	12.49	12.49	
43	2014-02-27	13.24	13.36	12.46	12.49	17181	12.49	300023	宝德股份	SZ	13.01	13.01	
44	2014-02-26	12.7	13.08	12.25	13.01	22149	13.01	300023	宝德股份	SZ	12.76	12.76	
45	2014-02-25	14.18	14.58	12.76	12.76	32757	12.76	300023	宝德股份	SZ	14.18	14.18	
46	2014-02-24	14.01	14.24	13.75	14.18	14354	14.18	300023	宝德股份	SZ	14	14	
47	2014-02-21	13.85	14.2	13.71	14	13201	14	300023	宝德股份	SZ	13.9	13.9	
48	2014-02-20	14.05	14.32	13.69	13.9	18210	13.9	300023	宝德股份	SZ	13.98	13.98	
49	2014-02-19	14.4	14.47	13.88	13.98	23121	13.98	300023	宝德股份	SZ	14.45	14.45	
50	2014-02-18	14.5	14.67	14.16	14.45	26834	14.45	300023	宝德股份	SZ	14.52	14.52	
51	2014-02-17	14.08	14.6	14.08	14.52	26642	14.52	300023	宝德股份	SZ	14.1	14.1	
52	2014-02-14	13.76	14.12	13.5	14.1	24292	14.1	300023	宝德股份	SZ	13.9	13.9	
53	2014-02-13	14.54	14.72	13.82	13.9	36577	13.9	300023	宝德股份	SZ	14.72	14.72	
54	2014-02-12	14.31	14.75	14.28	14.72	36905	14.72	300023	宝德股份	SZ	14.42	14.42	
55	2014-02-11	14.85	14.85	14.16	14.42	47124	14.42	300023	宝德股份	SZ	14.82	14.82	
56	2014-02-10	14.65	15.39	14.3	14.82	80755	14.82	300023	宝德股份	SZ	14.27	14.27	
57	2014-02-07	12.98	14.27	12.81	14.27	69291	14.27	300023	宝德股份	SZ	12.97	12.97	
62	2014-01-30	13.3	13.31	12.91	12.97	14184	12.97	300023	宝德股份	SZ	13.32	13.32	
63	2014-01-29	13.27	13.69	13.2	13.32	29735	13.32	300023	宝德股份	SZ	13.09	13.09	
64	2014-01-28	12.9	13.32	12.66	13.09	16525	13.09	300023	宝德股份	SZ	12.97	12.97	
65	2014-01-27	12.54	13.49	12.45	12.97	34325	12.97	300023	宝德股份	SZ	12.69	12.69	
66	2014-01-24	12.74	12.96	12.61	12.69	22753	12.69	300023	宝德股份	SZ	12.87	12.87	
67	2014-01-23	12.7	13.26	12.63	12.87	26228	12.87	300023	宝德股份	SZ	12.84	12.84	
68	2014-01-22	12.65	12.96	12.4	12.84	31703	12.84	300023	宝德股份	SZ	12.78	12.78	
69	2014-01-21	12.65	12.93	12.36	12.78	34695	12.78	300023	宝德股份	SZ	12.72	12.72	
70	2014-01-20	12.51	12.99	12.4	12.72	42951	12.72	300023	宝德股份	SZ	12.55	12.55	
71	2014-01-17	12.05	13.16	11.88	12.55	52545	12.55	300023	宝德股份	SZ	12.1	12.1	
72	2014-01-16	12.18	12.6	12	12.1	39374	12.1	300023	宝德股份	SZ	12.2	12.2	
73	2014-01-15	11.62	12.37	11.62	12.2	53981	12.2	300023	宝德股份	SZ	11.85	11.85	
74	2014-01-14	10.93	12.08	10.93	11.85	51138	11.85	300023	宝德股份	SZ	10.98	10.98	
75	2014-01-13	10.8	11.12	10.78	10.98	16602	10.98	300023	宝德股份	SZ	10.9	10.9	
76	2014-01-10	11.2	11.47	10.62	10.9	28231	10.9	300023	宝德股份	SZ	11.4	11.4	
77	2014-01-09	11.69	12.09	11.4	11.4	33402	11.4	300023	宝德股份	SZ	11.7	11.7	
78	2014-01-08	11.53	11.89	11.53	11.7	28571	11.7	300023	宝德股份	SZ	11.6	11.6	
79	2014-01-07	11.46	11.74	11.18	11.6	26527	11.6	300023	宝德股份	SZ	11.56	11.56	
80	2014-01-06	12.02	12.17	11.41	11.56	34732	11.56	300023	宝德股份	SZ	12.23	12.23	
81	2014-01-03	11.4	12.67	11.36	12.23	81876	12.23	300023	宝德股份	SZ	11.52	11.52	
82	2014-01-02	11.25	11.72	11.23	11.52	27042	11.52	300023	宝德股份	SZ	11.25	11.25	
84	2013-12-31	11.5	11.57	11.04	11.25	31051	11.25	300023	宝德股份	SZ	11.73	11.73	
85	2013-12-30	11.34	12.18	11.1	11.73	52567	11.73	300023	宝德股份	SZ	11.44	11.44	
86	2013-12-27	11.17	11.57	11.06	11.44	33882	11.44	300023	宝德股份	SZ	11.28	11.28	
87	2013-12-26	10.9	11.35	10.62	11.28	41827	11.28	300023	宝德股份	SZ	10.95	10.95	
88	2013-12-25	10.68	11	10.58	10.95	20979	10.95	300023	宝德股份	SZ	10.67	10.67	
89	2013-12-24	10.48	10.74	10.4	10.67	14212	10.67	300023	宝德股份	SZ	10.52	10.52	
90	2013-12-23	10.45	10.59	10.3	10.52	11267	10.52	300023	宝德股份	SZ	10.52	10.52	
91	2013-12-20	10.4	10.62	10.21	10.52	17246	10.52	300023	宝德股份	SZ	10.38	10.38	
92	2013-12-19	10.65	10.81	10.36	10.38	14153	10.38	300023	宝德股份	SZ	10.79	10.79	
93	2013-12-18	10.6	10.93	10.6	10.79	25781	10.79	300023	宝德股份	SZ	10.6	10.6	
94	2013-12-17	10.31	10.78	10.22	10.6	23824	10.6	300023	宝德股份	SZ	10.31	10.31	
95	2013-12-16	10.47	10.55	10.31	10.31	15054	10.31	300023	宝德股份	SZ	10.49	10.49	
96	2013-12-13	10.27	10.5	10.2	10.49	15437	10.49	300023	宝德股份	SZ	10.31	10.31	
97	2013-12-12	10.2	10.45	10.2	10.31	12754	10.31	300023	宝德股份	SZ	10.13	10.13	
98	2013-12-11	10.27	10.36	10.06	10.13	9898	10.13	300023	宝德股份	SZ	10.3	10.3	
99	2013-12-10	10.52	10.52	10.25	10.3	16254	10.3	300023	宝德股份	SZ	10.5	10.5	
100	2013-12-09	10.4	10.53	10.19	10.5	20118	10.5	300023	宝德股份	SZ	10.36	10.36	
101	2013-12-06	10.18	10.37	10.08	10.36	13147	10.36	300023	宝德股份	SZ	10.23	10.23	
102	2013-12-05	10.25	10.41	10.08	10.23	17057	10.23	300023	宝德股份	SZ	10.3	10.3	
103	2013-12-04	10.43	10.8	10.28	10.3	19131	10.3	300023	宝德股份	SZ	10.56	10.56	
104	2013-12-03	10.48	10.84	9.85	10.56	22697	10.56	300023	宝德股份	SZ	10.9	10.9	
105	2013-12-02	11.18	11.39	10.9	10.9	27550	10.9	300023	宝德股份	SZ	12.11	12.11	
106	2013-11-29	11.75	12.21	11.6	12.11	26880	12.11	300023	宝德股份	SZ	11.87	11.87	
107	2013-11-28	11.6	11.95	11.43	11.87	23706	11.87	300023	宝德股份	SZ	11.58	11.58	
108	2013-11-27	11.45	11.78	11.32	11.58	21155	11.58	300023	宝德股份	SZ	11.38	11.38	
109	2013-11-26	11.25	11.58	11.25	11.38	17563	11.38	300023	宝德股份	SZ	11.24	11.24	
110	2013-11-25	11.62	11.62	11	11.24	25952	11.24	300023	宝德股份	SZ	11.74	11.74	
111	2013-11-22	11.38	12.19	11.2	11.74	34143	11.74	300023	宝德股份	SZ	11.35	11.35	
112	2013-11-21	11.45	11.47	11.14	11.35	16064	11.35	300023	宝德股份	SZ	11.47	11.47	
113	2013-11-20	11.3	11.49	11.05	11.47	19221	11.47	300023	宝德股份	SZ	11.35	11.35	
114	2013-11-19	10.77	11.79	10.75	11.35	35180	11.35	300023	宝德股份	SZ	10.9	10.9	
115	2013-11-18	10.41	10.98	10.39	10.9	26834	10.9	300023	宝德股份	SZ	10.44	10.44	
116	2013-11-15	10.4	10.74	10.28	10.44	21664	10.44	300023	宝德股份	SZ	10.22	10.22	
117	2013-11-14	10.08	10.3	9.69	10.22	21814	10.22	300023	宝德股份	SZ	10.07	10.07	
118	2013-11-13	10.4	10.61	9.91	10.07	19841	10.07	300023	宝德股份	SZ	10.62	10.62	
119	2013-11-12	10.44	10.75	10.35	10.62	21141	10.62	300023	宝德股份	SZ	10.52	10.52	
120	2013-11-11	10.63	10.84	10.11	10.52	24980	10.52	300023	宝德股份	SZ	10.74	10.74	
121	2013-11-08	10.81	11.28	10.65	10.74	32036	10.74	300023	宝德股份	SZ	10.78	10.78	
122	2013-11-07	11.2	11.33	10.6	10.78	51010	10.78	300023	宝德股份	SZ	11.26	11.26	
123	2013-11-06	10.17	11.26	10.12	11.26	43831	11.26	300023	宝德股份	SZ	10.24	10.24	
124	2013-11-05	9.95	10.35	9.61	10.24	28086	10.24	300023	宝德股份	SZ	9.95	9.95	
125	2013-11-04	9.58	10.13	9.56	9.95	16776	9.95	300023	宝德股份	SZ	9.8	9.8	
126	2013-11-01	9.96	10.05	9.62	9.8	30368	9.8	300023	宝德股份	SZ	10.18	10.18	
127	2013-10-31	10.5	10.85	10.09	10.18	42110	10.18	300023	宝德股份	SZ	10.66	10.66	
128	2013-10-30	10.4	10.87	9.81	10.66	59494	10.66	300023	宝德股份	SZ	10.88	10.88	
129	2013-10-29	11.93	12.34	10.88	10.88	32636	10.88	300023	宝德股份	SZ	12.09	12.09	
130	2013-10-28	12.16	12.37	11.75	12.09	32054	12.09	300023	宝德股份	SZ	12.38	12.38	
131	2013-10-25	13.11	13.12	11.98	12.38	55759	12.38	300023	宝德股份	SZ	12.98	12.98	
132	2013-10-24	13.69	13.94	12.88	12.98	72696	12.98	300023	宝德股份	SZ	13.46	13.46	
133	2013-10-23	12.06	13.46	11.93	13.46	86191	13.46	300023	宝德股份	SZ	12.24	12.24	
134	2013-10-22	12.74	13.4	12.15	12.24	64073	12.24	300023	宝德股份	SZ	12.67	12.67	
135	2013-10-21	11.75	12.67	11.61	12.67	65695	12.67	300023	宝德股份	SZ	11.52	11.52	
136	2013-10-18	11.07	12	11.07	11.52	20540	11.52	300023	宝德股份	SZ	11.07	11.07	
137	2013-10-17	10.94	11.25	10.91	11.07	10316	11.07	300023	宝德股份	SZ	10.99	10.99	
138	2013-10-16	11.34	11.4	10.93	10.99	12713	10.99	300023	宝德股份	SZ	11.4	11.4	
139	2013-10-15	11.75	11.89	11.36	11.4	15278	11.4	300023	宝德股份	SZ	11.79	11.79	
140	2013-10-14	11.19	11.79	11.19	11.79	18853	11.79	300023	宝德股份	SZ	11.32	11.32	
141	2013-10-11	11.4	11.6	11.18	11.32	12707	11.32	300023	宝德股份	SZ	11.39	11.39	
142	2013-10-10	11.95	11.98	11.39	11.39	18276	11.39	300023	宝德股份	SZ	11.85	11.85	
143	2013-10-09	11.47	11.85	11.4	11.85	19218	11.85	300023	宝德股份	SZ	11.47	11.47	
144	2013-10-08	11.07	11.55	11.07	11.47	18089	11.47	300023	宝德股份	SZ	11.11	11.11	
150	2013-09-30	11.15	11.21	10.95	11.11	11128	11.11	300023	宝德股份	SZ	11.11	11.11	
151	2013-09-27	11.25	11.49	10.93	11.11	18135	11.11	300023	宝德股份	SZ	11.27	11.27	
152	2013-09-26	11.11	11.86	11	11.27	34590	11.27	300023	宝德股份	SZ	11.11	11.11	
153	2013-09-25	11.4	11.47	11.04	11.11	18365	11.11	300023	宝德股份	SZ	11.39	11.39	
154	2013-09-24	11.05	11.44	10.85	11.39	25049	11.39	300023	宝德股份	SZ	11.06	11.06	
155	2013-09-23	10.77	11.3	10.75	11.06	20958	11.06	300023	宝德股份	SZ	10.73	10.73	
157	2013-09-18	10.58	10.74	10.4	10.73	7554	10.73	300023	宝德股份	SZ	10.6	10.6	
158	2013-09-17	10.7	10.99	10.42	10.6	9606	10.6	300023	宝德股份	SZ	10.74	10.74	
159	2013-09-16	10.7	11.05	10.65	10.74	10101	10.74	300023	宝德股份	SZ	10.83	10.83	
160	2013-09-13	10.51	10.96	10.42	10.83	13489	10.83	300023	宝德股份	SZ	10.52	10.52	
161	2013-09-12	10.48	10.73	10.25	10.52	11136	10.52	300023	宝德股份	SZ	10.54	10.54	
162	2013-09-11	11.15	11.33	10.5	10.54	20009	10.54	300023	宝德股份	SZ	11.2	11.2	
163	2013-09-10	10.88	11.43	10.82	11.2	21138	11.2	300023	宝德股份	SZ	10.94	10.94	
164	2013-09-09	10.99	11.1	10.72	10.94	20122	10.94	300023	宝德股份	SZ	11.11	11.11	
165	2013-09-06	10.55	11.56	10.47	11.11	37143	11.11	300023	宝德股份	SZ	10.51	10.51	
166	2013-09-05	10.39	10.58	10.15	10.51	13820	10.51	300023	宝德股份	SZ	10.46	10.46	
167	2013-09-04	10.5	10.63	10.36	10.46	16208	10.46	300023	宝德股份	SZ	10.54	10.54	
168	2013-09-03	10.37	10.63	10.2	10.54	21193	10.54	300023	宝德股份	SZ	10.39	10.39	
169	2013-09-02	10.31	10.59	9.97	10.39	27448	10.39	300023	宝德股份	SZ	10.69	10.69	
170	2013-08-30	11.95	11.95	10.69	10.69	38237	10.69	300023	宝德股份	SZ	11.88	11.88	
171	2013-08-29	12.58	12.8	11.62	11.88	59360	11.88	300023	宝德股份	SZ	12.24	12.24	
172	2013-08-28	11.09	12.24	10.95	12.24	46518	12.24	300023	宝德股份	SZ	11.13	11.13	
173	2013-08-27	11.28	11.33	10.93	11.13	18454	11.13	300023	宝德股份	SZ	11.28	11.28	
174	2013-08-26	11.37	11.38	11.03	11.28	28936	11.28	300023	宝德股份	SZ	11.29	11.29	
175	2013-08-23	10.85	11.47	10.41	11.29	50335	11.29	300023	宝德股份	SZ	10.87	10.87	
176	2013-08-22	10.8	11.23	10.7	10.87	25231	10.87	300023	宝德股份	SZ	10.79	10.79	
177	2013-08-21	10.61	10.85	10.46	10.79	18365	10.79	300023	宝德股份	SZ	10.6	10.6	
178	2013-08-20	10.37	10.68	10.33	10.6	17458	10.6	300023	宝德股份	SZ	10.46	10.46	
179	2013-08-19	10.22	10.47	10	10.46	20199	10.46	300023	宝德股份	SZ	10.46	10.46	
180	2013-08-16	10.7	11.16	10.45	10.46	32691	10.46	300023	宝德股份	SZ	10.77	10.77	
181	2013-08-15	10.76	10.88	10.63	10.77	20930	10.77	300023	宝德股份	SZ	10.75	10.75	
182	2013-08-14	10.6	10.76	10.45	10.75	24225	10.75	300023	宝德股份	SZ	10.61	10.61	
183	2013-08-13	10.54	10.71	10.45	10.61	16016	10.61	300023	宝德股份	SZ	10.56	10.56	
184	2013-08-12	10.29	10.63	10.19	10.56	16270	10.56	300023	宝德股份	SZ	10.29	10.29	
185	2013-08-09	10.47	10.61	10.11	10.29	15425	10.29	300023	宝德股份	SZ	10.49	10.49	
186	2013-08-08	10.49	10.7	10.36	10.49	13324	10.49	300023	宝德股份	SZ	10.5	10.5	
187	2013-08-07	11.08	11.19	10.43	10.5	26713	10.5	300023	宝德股份	SZ	11.16	11.16	
188	2013-08-06	10.9	11.26	10.9	11.16	21956	11.16	300023	宝德股份	SZ	11.01	11.01	
189	2013-08-05	10.76	11.21	10.7	11.01	21368	11.01	300023	宝德股份	SZ	10.94	10.94	
190	2013-08-02	11.21	11.66	10.94	10.94	41482	10.94	300023	宝德股份	SZ	11.14	11.14	
191	2013-08-01	10.45	11.27	10.45	11.14	50735	11.14	300023	宝德股份	SZ	10.46	10.46	
192	2013-07-31	10.49	10.8	10.35	10.46	23018	10.46	300023	宝德股份	SZ	10.59	10.59	
193	2013-07-30	10.29	10.75	10.23	10.59	29790	10.59	300023	宝德股份	SZ	10.26	10.26	
194	2013-07-29	11	11	10.11	10.26	32671	10.26	300023	宝德股份	SZ	11.08	11.08	
195	2013-07-26	10.95	11.21	10.68	11.08	37299	11.08	300023	宝德股份	SZ	10.92	10.92	
196	2013-07-25	11.86	11.99	10.85	10.92	57440	10.92	300023	宝德股份	SZ	11.99	11.99	
197	2013-07-24	12	12.18	11.69	11.99	63128	11.99	300023	宝德股份	SZ	12.2	12.2	
198	2013-07-23	12	12.63	11.83	12.2	76841	12.2	300023	宝德股份	SZ	12.25	12.25	
199	2013-07-22	12.3	12.49	11.68	12.25	125617	12.25	300023	宝德股份	SZ	11.58	11.58	
200	2013-07-19	11.4	11.58	11	11.58	43191	11.58	300023	宝德股份	SZ	10.53	10.53	
201	2013-07-18	10.53	10.53	10.4	10.53	54470	10.53	300023	宝德股份	SZ	9.57	9.57	
202	2013-07-17	9.25	9.68	9.2	9.57	33650	9.57	300023	宝德股份	SZ	9.31	9.31	
203	2013-07-16	9.2	9.4	9.02	9.31	23087	9.31	300023	宝德股份	SZ	9.2	9.2	
204	2013-07-15	9.15	9.38	8.91	9.2	26495	9.2	300023	宝德股份	SZ	9.1	9.1	
205	2013-07-12	9.02	9.69	8.99	9.1	40811	9.1	300023	宝德股份	SZ	9.09	9.09	
206	2013-07-11	9.16	9.23	8.85	9.09	16495	9.09	300023	宝德股份	SZ	9.17	9.17	
207	2013-07-10	9	9.2	8.9	9.17	25600	9.17	300023	宝德股份	SZ	9.17	9.17	
208	2013-07-09	8.38	9.17	8.21	9.17	22354	9.17	300023	宝德股份	SZ	8.41	8.41	
209	2013-07-08	8.69	8.69	8.18	8.41	10248	8.41	300023	宝德股份	SZ	8.86	8.86	
210	2013-07-05	8.98	8.99	8.63	8.86	20467	8.86	300023	宝德股份	SZ	9.1	9.1	
211	2013-07-04	8.32	9.19	8.23	9.1	40477	9.1	300023	宝德股份	SZ	8.35	8.35	
212	2013-07-03	8.22	8.38	8.09	8.35	5039	8.35	300023	宝德股份	SZ	8.34	8.34	
213	2013-07-02	8.03	8.39	8.03	8.34	5746	8.34	300023	宝德股份	SZ	8.17	8.17	
214	2013-07-01	8.11	8.18	7.91	8.17	3632	8.17	300023	宝德股份	SZ	8.09	8.09	
215	2013-06-28	8.05	8.12	7.7	8.09	3741	8.09	300023	宝德股份	SZ	8.05	8.05	
216	2013-06-27	7.89	8.24	7.88	8.05	9903	8.05	300023	宝德股份	SZ	8	8	
217	2013-06-26	7.69	8.05	7.51	8	14037	8	300023	宝德股份	SZ	7.79	7.79	
218	2013-06-25	7.95	7.97	7.07	7.79	11207	7.79	300023	宝德股份	SZ	7.8	7.8	
219	2013-06-24	8.26	8.55	7.76	7.8	9945	7.8	300023	宝德股份	SZ	8.35	8.35	
220	2013-06-21	8.09	8.46	8.09	8.35	6234	8.35	300023	宝德股份	SZ	8.4	8.4	
221	2013-06-20	8.57	8.82	8.32	8.4	8211	8.4	300023	宝德股份	SZ	8.72	8.72	
222	2013-06-19	8.59	8.77	8.48	8.72	4841	8.72	300023	宝德股份	SZ	8.68	8.68	
223	2013-06-18	8.67	8.79	8.45	8.68	5599	8.68	300023	宝德股份	SZ	8.72	8.72	
224	2013-06-17	8.58	8.86	8.58	8.72	8869	8.72	300023	宝德股份	SZ	8.65	8.65	
225	2013-06-14	8.46	8.65	8.4	8.65	10549	8.65	300023	宝德股份	SZ	8.48	8.48	
226	2013-06-13	9.05	9.05	8.46	8.48	7835	8.48	300023	宝德股份	SZ	9.15	9.15	
230	2013-06-07	9.28	9.38	8.9	9.15	14647	9.15	300023	宝德股份	SZ	9.27	9.27	
231	2013-06-06	9.1	9.44	9.08	9.27	17453	9.27	300023	宝德股份	SZ	9.16	9.16	
232	2013-06-05	8.96	9.18	8.86	9.16	9211	9.16	300023	宝德股份	SZ	8.95	8.95	
233	2013-06-04	8.93	9.01	8.68	8.95	14962	8.95	300023	宝德股份	SZ	8.94	8.94	
234	2013-06-03	9.04	9.18	8.91	8.94	11229	8.94	300023	宝德股份	SZ	9.15	9.15	
235	2013-05-31	9.15	9.49	9.06	9.15	18756	9.15	300023	宝德股份	SZ	9.15	9.15	
236	2013-05-30	9.07	9.18	9.01	9.15	8733	9.15	300023	宝德股份	SZ	9.08	9.08	
237	2013-05-29	8.97	9.1	8.97	9.08	6639	9.08	300023	宝德股份	SZ	9.02	9.02	
238	2013-05-28	9.16	9.22	8.94	9.02	13220	9.02	300023	宝德股份	SZ	9.17	9.17	
239	2013-05-27	9.16	9.38	9.09	9.17	13853	9.17	300023	宝德股份	SZ	9.1	9.1	
240	2013-05-24	8.9	9.2	8.88	9.1	18753	9.1	300023	宝德股份	SZ	9.05	9.05	
241	2013-05-23	8.93	9.21	8.93	9.05	13046	9.05	300023	宝德股份	SZ	9.08	9.08	
242	2013-05-22	9.21	9.27	8.99	9.08	16912	9.08	300023	宝德股份	SZ	9.3	9.3	
243	2013-05-21	9.16	9.38	9.08	9.3	28049	9.3	300023	宝德股份	SZ	9.16	9.16	
244	2013-05-20	8.69	9.44	8.67	9.16	37737	9.16	300023	宝德股份	SZ	8.67	8.67	
245	2013-05-17	8.53	8.71	8.5	8.67	11985	8.67	300023	宝德股份	SZ	8.58	8.58	
246	2013-05-16	8.55	8.71	8.51	8.58	14236	8.58	300023	宝德股份	SZ	8.6	8.6	
247	2013-05-15	8.42	8.6	8.31	8.6	12390	8.6	300023	宝德股份	SZ	8.38	8.38	
248	2013-05-14	8.4	8.46	8.25	8.38	6776	8.38	300023	宝德股份	SZ	8.44	8.44	
249	2013-05-13	8.58	8.58	8.35	8.44	9558	8.44	300023	宝德股份	SZ	8.54	8.54	
250	2013-05-10	8.45	8.69	8.32	8.54	15546	8.54	300023	宝德股份	SZ	8.53	8.53	
251	2013-05-09	8.2	8.56	8.05	8.53	18290	8.53	300023	宝德股份	SZ	8.35	8.35	
252	2013-05-08	8.38	8.75	8.3	8.35	19048	8.35	300023	宝德股份	SZ	8.32	8.32	
253	2013-05-07	8.01	8.39	7.95	8.32	15616	8.32	300023	宝德股份	SZ	8.19	8.19	
254	2013-05-06	7.93	8.19	7.88	8.19	9447	8.19	300023	宝德股份	SZ	7.91	7.91	
255	2013-05-03	7.9	8	7.78	7.91	4689	7.91	300023	宝德股份	SZ	7.78	7.78	
256	2013-05-02	7.67	7.83	7.62	7.78	3660	7.78	300023	宝德股份	SZ	7.81	7.81	
260	2013-04-26	7.96	8.1	7.8	7.81	6262	7.81	300023	宝德股份	SZ	8.01	8.01	
261	2013-04-25	8.08	8.2	7.95	8.01	8062	8.01	300023	宝德股份	SZ	8.18	8.18	
262	2013-04-24	7.94	8.18	7.87	8.18	6168	8.18	300023	宝德股份	SZ	7.94	7.94	
263	2013-04-23	8.18	8.33	7.9	7.94	6969	7.94	300023	宝德股份	SZ	8.25	8.25	
264	2013-04-22	8.08	8.3	8.07	8.25	5976	8.25	300023	宝德股份	SZ	8.16	8.16	
265	2013-04-19	8.05	8.23	8.02	8.16	7037	8.16	300023	宝德股份	SZ	8.05	8.05	
266	2013-04-18	8.1	8.1	8	8.05	4895	8.05	300023	宝德股份	SZ	8.1	8.1	
267	2013-04-17	8.06	8.15	7.99	8.1	4343	8.1	300023	宝德股份	SZ	8.03	8.03	
268	2013-04-16	7.89	8.08	7.82	8.03	7178	8.03	300023	宝德股份	SZ	7.92	7.92	
269	2013-04-15	8.02	8.03	7.75	7.92	11139	7.92	300023	宝德股份	SZ	8.3	8.3	
270	2013-04-12	8.4	8.7	8.24	8.3	25019	8.3	300023	宝德股份	SZ	8.02	8.02	
271	2013-04-11	7.95	8.03	7.91	8.02	3709	8.02	300023	宝德股份	SZ	7.9	7.9	
272	2013-04-10	7.9	8	7.85	7.9	2958	7.9	300023	宝德股份	SZ	7.91	7.91	
273	2013-04-09	7.85	7.98	7.79	7.91	3196	7.91	300023	宝德股份	SZ	7.78	7.78	
274	2013-04-08	7.75	7.79	7.6	7.78	2447	7.78	300023	宝德股份	SZ	7.81	7.81	
277	2013-04-03	7.95	7.95	7.71	7.81	3347	7.81	300023	宝德股份	SZ	7.94	7.94	
278	2013-04-02	8.01	8.07	7.91	7.94	3624	7.94	300023	宝德股份	SZ	8.01	8.01	
279	2013-04-01	7.95	8.1	7.93	8.01	4457	8.01	300023	宝德股份	SZ	7.91	7.91	
280	2013-03-29	7.92	8.03	7.9	7.91	4409	7.91	300023	宝德股份	SZ	7.95	7.95	
281	2013-03-28	8.16	8.17	7.89	7.95	7249	7.95	300023	宝德股份	SZ	8.22	8.22	
282	2013-03-27	8.3	8.32	8.17	8.22	7878	8.22	300023	宝德股份	SZ	8.28	8.28	
283	2013-03-26	8.52	8.52	8.21	8.28	8244	8.28	300023	宝德股份	SZ	8.52	8.52	
284	2013-03-25	8.48	8.61	8.47	8.52	5062	8.52	300023	宝德股份	SZ	8.5	8.5	
285	2013-03-22	8.53	8.59	8.45	8.5	10309	8.5	300023	宝德股份	SZ	8.65	8.65	
286	2013-03-21	8.45	8.65	8.4	8.65	9330	8.65	300023	宝德股份	SZ	8.45	8.45	
287	2013-03-20	8.25	8.46	8.22	8.45	7944	8.45	300023	宝德股份	SZ	8.24	8.24	
288	2013-03-19	8.19	8.27	8.02	8.24	5773	8.24	300023	宝德股份	SZ	8.14	8.14	
289	2013-03-18	8.46	8.55	8.09	8.14	13697	8.14	300023	宝德股份	SZ	8.6	8.6	
290	2013-03-15	9.21	9.21	8.38	8.6	21891	8.6	300023	宝德股份	SZ	9.23	9.23	
291	2013-03-14	9.34	9.48	9.12	9.23	15531	9.23	300023	宝德股份	SZ	9.41	9.41	
292	2013-03-13	9.1	9.65	9.08	9.41	30577	9.41	300023	宝德股份	SZ	9.25	9.25	
293	2013-03-12	9.3	9.44	8.95	9.25	14138	9.25	300023	宝德股份	SZ	9.31	9.31	
294	2013-03-11	9.42	9.42	9.21	9.31	9375	9.31	300023	宝德股份	SZ	9.42	9.42	
295	2013-03-08	9.25	9.67	9.17	9.42	22390	9.42	300023	宝德股份	SZ	9.29	9.29	
296	2013-03-07	9.11	9.42	9.09	9.29	14024	9.29	300023	宝德股份	SZ	9.17	9.17	
297	2013-03-06	9.01	9.24	9	9.17	7916	9.17	300023	宝德股份	SZ	8.99	8.99	
298	2013-03-05	8.75	9	8.75	8.99	6979	8.99	300023	宝德股份	SZ	8.78	8.78	
299	2013-03-04	9.13	9.13	8.71	8.78	14145	8.78	300023	宝德股份	SZ	9.2	9.2	
300	2013-03-01	9.02	9.25	9	9.2	11407	9.2	300023	宝德股份	SZ	9.06	9.06	
301	2013-02-28	8.9	9.12	8.8	9.06	7763	9.06	300023	宝德股份	SZ	8.92	8.92	
302	2013-02-27	9	9.06	8.81	8.92	7073	8.92	300023	宝德股份	SZ	9.01	9.01	
303	2013-02-26	9.06	9.3	8.97	9.01	11596	9.01	300023	宝德股份	SZ	9.16	9.16	
304	2013-02-25	9.05	9.27	9.05	9.16	8257	9.16	300023	宝德股份	SZ	9.06	9.06	
305	2013-02-22	8.84	9.24	8.84	9.06	10237	9.06	300023	宝德股份	SZ	8.95	8.95	
306	2013-02-21	9	9.25	8.9	8.95	10816	8.95	300023	宝德股份	SZ	9.07	9.07	
307	2013-02-20	8.81	9.1	8.78	9.07	9008	9.07	300023	宝德股份	SZ	8.83	8.83	
308	2013-02-19	8.94	9	8.76	8.83	8378	8.83	300023	宝德股份	SZ	8.96	8.96	
309	2013-02-18	9.04	9.04	8.85	8.96	7963	8.96	300023	宝德股份	SZ	8.83	8.83	
315	2013-02-08	8.77	8.9	8.72	8.83	5389	8.83	300023	宝德股份	SZ	8.78	8.78	
316	2013-02-07	8.68	8.91	8.6	8.78	8031	8.78	300023	宝德股份	SZ	8.63	8.63	
317	2013-02-06	8.6	8.69	8.55	8.63	4992	8.63	300023	宝德股份	SZ	8.6	8.6	
318	2013-02-05	8.41	8.63	8.41	8.6	4530	8.6	300023	宝德股份	SZ	8.5	8.5	
319	2013-02-04	8.76	8.77	8.46	8.5	7863	8.5	300023	宝德股份	SZ	8.76	8.76	
320	2013-02-01	8.73	8.81	8.63	8.76	6919	8.76	300023	宝德股份	SZ	8.7	8.7	
321	2013-01-31	8.85	8.88	8.6	8.7	8175	8.7	300023	宝德股份	SZ	8.84	8.84	
322	2013-01-30	8.85	8.95	8.72	8.84	10841	8.84	300023	宝德股份	SZ	8.98	8.98	
323	2013-01-29	8.84	9	8.78	8.98	8259	8.98	300023	宝德股份	SZ	8.85	8.85	
324	2013-01-28	8.64	8.86	8.55	8.85	8171	8.85	300023	宝德股份	SZ	8.6	8.6	
325	2013-01-25	8.68	8.78	8.52	8.6	8246	8.6	300023	宝德股份	SZ	8.73	8.73	
326	2013-01-24	9.18	9.37	8.65	8.73	13254	8.73	300023	宝德股份	SZ	9.18	9.18	
327	2013-01-23	9.27	9.39	9.03	9.18	9240	9.18	300023	宝德股份	SZ	9.38	9.38	
328	2013-01-22	9.86	9.86	9.21	9.38	11497	9.38	300023	宝德股份	SZ	9.75	9.75	
329	2013-01-21	9.8	9.81	9.66	9.75	14426	9.75	300023	宝德股份	SZ	9.87	9.87	
330	2013-01-18	9.48	10	9.45	9.87	22774	9.87	300023	宝德股份	SZ	9.48	9.48	
331	2013-01-17	9.49	9.72	9.41	9.48	10838	9.48	300023	宝德股份	SZ	9.59	9.59	
332	2013-01-16	9.61	9.7	9.4	9.59	15298	9.59	300023	宝德股份	SZ	9.78	9.78	
333	2013-01-15	9.71	10.12	9.59	9.78	24302	9.78	300023	宝德股份	SZ	9.75	9.75	
334	2013-01-14	9.23	10.08	9.18	9.75	31357	9.75	300023	宝德股份	SZ	9.3	9.3	
335	2013-01-11	9.5	9.59	9.21	9.3	20273	9.3	300023	宝德股份	SZ	9.64	9.64	
336	2013-01-10	9.79	9.99	9.4	9.64	48141	9.64	300023	宝德股份	SZ	9.76	9.76	
337	2013-01-09	8.98	9.76	8.88	9.76	19670	9.76	300023	宝德股份	SZ	8.87	8.87	
338	2013-01-08	8.68	8.96	8.68	8.87	10157	8.87	300023	宝德股份	SZ	8.7	8.7	
339	2013-01-07	8.49	8.74	8.49	8.7	5490	8.7	300023	宝德股份	SZ	8.55	8.55	
340	2013-01-04	8.81	8.81	8.5	8.55	5852	8.55	300023	宝德股份	SZ	8.68	8.68	
344	2012-12-31	8.52	8.7	8.52	8.68	5509	8.68	300023	宝德股份	SZ	8.62	8.62	
345	2012-12-28	8.6	8.65	8.44	8.62	6412	8.62	300023	宝德股份	SZ	8.6	8.6	
346	2012-12-27	8.76	8.96	8.6	8.6	10032	8.6	300023	宝德股份	SZ	8.72	8.72	
347	2012-12-26	8.58	8.78	8.48	8.72	6611	8.72	300023	宝德股份	SZ	8.51	8.51	
348	2012-12-25	8.28	8.56	8.28	8.51	9641	8.51	300023	宝德股份	SZ	8.3	8.3	
349	2012-12-24	8.31	8.41	8.27	8.3	6368	8.3	300023	宝德股份	SZ	8.34	8.34	
350	2012-12-21	8.4	8.4	8.2	8.34	5722	8.34	300023	宝德股份	SZ	8.33	8.33	
351	2012-12-20	8.32	8.34	8.12	8.33	7176	8.33	300023	宝德股份	SZ	8.39	8.39	
352	2012-12-19	8.12	8.5	8.12	8.39	9256	8.39	300023	宝德股份	SZ	8.2	8.2	
353	2012-12-18	8.34	8.45	8.15	8.2	7320	8.2	300023	宝德股份	SZ	8.34	8.34	
354	2012-12-17	8.3	8.42	8.17	8.34	7896	8.34	300023	宝德股份	SZ	8.32	8.32	
355	2012-12-14	8.03	8.33	7.93	8.32	11201	8.32	300023	宝德股份	SZ	8.03	8.03	
356	2012-12-13	7.84	8.03	7.83	8.03	4419	8.03	300023	宝德股份	SZ	7.92	7.92	
357	2012-12-12	8.02	8.08	7.82	7.92	3949	7.92	300023	宝德股份	SZ	8.01	8.01	
358	2012-12-11	8.06	8.12	8	8.01	4340	8.01	300023	宝德股份	SZ	8.16	8.16	
359	2012-12-10	7.9	8.16	7.9	8.16	10038	8.16	300023	宝德股份	SZ	7.95	7.95	
360	2012-12-07	7.68	8.13	7.61	7.95	8621	7.95	300023	宝德股份	SZ	7.68	7.68	
361	2012-12-06	7.64	7.76	7.6	7.68	3260	7.68	300023	宝德股份	SZ	7.65	7.65	
362	2012-12-05	7.38	7.88	7.27	7.65	6555	7.65	300023	宝德股份	SZ	7.39	7.39	
363	2012-12-04	7.21	7.42	7.05	7.39	4309	7.39	300023	宝德股份	SZ	7.21	7.21	
364	2012-12-03	7.59	7.59	7.21	7.21	2048	7.21	300023	宝德股份	SZ	7.59	7.59	
365	2012-11-30	7.56	7.67	7.48	7.59	3461	7.59	300023	宝德股份	SZ	7.5	7.5	
366	2012-11-29	7.61	7.74	7.5	7.5	3189	7.5	300023	宝德股份	SZ	7.6	7.6	
367	2012-11-28	8.04	8.2	7.6	7.6	4071	7.6	300023	宝德股份	SZ	8.03	8.03	
368	2012-11-27	8.47	8.47	8.02	8.03	3464	8.03	300023	宝德股份	SZ	8.43	8.43	
369	2012-11-26	8.68	8.73	8.4	8.43	2495	8.43	300023	宝德股份	SZ	8.65	8.65	
370	2012-11-23	8.63	8.75	8.6	8.65	3367	8.65	300023	宝德股份	SZ	8.62	8.62	
371	2012-11-22	8.99	8.99	8.38	8.62	3217	8.62	300023	宝德股份	SZ	8.88	8.88	
372	2012-11-21	8.71	8.92	8.63	8.88	3255	8.88	300023	宝德股份	SZ	8.76	8.76	
373	2012-11-20	8.78	8.84	8.67	8.76	3364	8.76	300023	宝德股份	SZ	8.73	8.73	
374	2012-11-19	8.92	8.99	8.57	8.73	8654	8.73	300023	宝德股份	SZ	9	9	
375	2012-11-16	9.01	9.11	8.8	9	4033	9	300023	宝德股份	SZ	9.15	9.15	
376	2012-11-15	9.01	9.19	8.87	9.15	5342	9.15	300023	宝德股份	SZ	9.12	9.12	
377	2012-11-14	9	9.15	8.92	9.12	3367	9.12	300023	宝德股份	SZ	8.96	8.96	
378	2012-11-13	9.23	9.25	8.9	8.96	6588	8.96	300023	宝德股份	SZ	9.25	9.25	
379	2012-11-12	9.58	9.61	9.07	9.25	11735	9.25	300023	宝德股份	SZ	9.56	9.56	
380	2012-11-09	9.65	9.75	9.51	9.56	3692	9.56	300023	宝德股份	SZ	9.62	9.62	
381	2012-11-08	9.99	10.1	9.6	9.62	10302	9.62	300023	宝德股份	SZ	10.13	10.13	
382	2012-11-07	10.08	10.29	9.85	10.13	5957	10.13	300023	宝德股份	SZ	10.06	10.06	
383	2012-11-06	9.93	10.13	9.78	10.06	7028	10.06	300023	宝德股份	SZ	9.81	9.81	
384	2012-11-05	10.15	10.19	9.78	9.81	6947	9.81	300023	宝德股份	SZ	10.16	10.16	
385	2012-11-02	10.22	10.27	10.12	10.16	5098	10.16	300023	宝德股份	SZ	10.21	10.21	
386	2012-11-01	10.04	10.28	10.04	10.21	5108	10.21	300023	宝德股份	SZ	10.08	10.08	
387	2012-10-31	10.03	10.08	9.9	10.08	2891	10.08	300023	宝德股份	SZ	10.03	10.03	
388	2012-10-30	9.98	10.28	9.85	10.03	3729	10.03	300023	宝德股份	SZ	10.02	10.02	
389	2012-10-29	10.23	10.25	9.81	10.02	5753	10.02	300023	宝德股份	SZ	10.23	10.23	
390	2012-10-26	10.52	10.55	10.14	10.23	5181	10.23	300023	宝德股份	SZ	10.45	10.45	
391	2012-10-25	10.58	10.76	10.45	10.45	8655	10.45	300023	宝德股份	SZ	10.58	10.58	
392	2012-10-24	10.69	10.7	10.46	10.58	8705	10.58	300023	宝德股份	SZ	10.9	10.9	
393	2012-10-23	11.01	11.53	10.9	10.9	22631	10.9	300023	宝德股份	SZ	10.89	10.89	
394	2012-10-22	10.4	10.94	10.35	10.89	8556	10.89	300023	宝德股份	SZ	10.53	10.53	
395	2012-10-19	10.79	10.99	10.5	10.53	6631	10.53	300023	宝德股份	SZ	10.81	10.81	
396	2012-10-18	10.49	10.85	10.48	10.81	6156	10.81	300023	宝德股份	SZ	10.48	10.48	
397	2012-10-17	10.39	10.57	10.37	10.48	3612	10.48	300023	宝德股份	SZ	10.39	10.39	
398	2012-10-16	10.3	10.61	10.25	10.39	4925	10.39	300023	宝德股份	SZ	10.39	10.39	
399	2012-10-15	10.72	10.72	10.25	10.39	7456	10.39	300023	宝德股份	SZ	10.65	10.65	
400	2012-10-12	10.83	11.08	10.45	10.65	8255	10.65	300023	宝德股份	SZ	10.83	10.83	
401	2012-10-11	11.23	11.24	10.8	10.83	9736	10.83	300023	宝德股份	SZ	11.23	11.23	
402	2012-10-10	11.18	11.37	11.07	11.23	8042	11.23	300023	宝德股份	SZ	11.23	11.23	
403	2012-10-09	10.86	11.46	10.84	11.23	13124	11.23	300023	宝德股份	SZ	10.94	10.94	
404	2012-10-08	10.74	10.99	10.58	10.94	10143	10.94	300023	宝德股份	SZ	10.73	10.73	
410	2012-09-28	10.4	10.85	10.33	10.73	12533	10.73	300023	宝德股份	SZ	10.65	10.65	
411	2012-09-27	10.19	10.99	10.17	10.65	15337	10.65	300023	宝德股份	SZ	9.99	9.99	
412	2012-09-26	10.58	10.61	9.87	9.99	8277	9.99	300023	宝德股份	SZ	10.58	10.58	
413	2012-09-25	10.35	10.83	10.23	10.58	12616	10.58	300023	宝德股份	SZ	10.32	10.32	
414	2012-09-24	10.15	10.45	10	10.32	5694	10.32	300023	宝德股份	SZ	10.1	10.1	
415	2012-09-21	10.45	10.59	10.08	10.1	9005	10.1	300023	宝德股份	SZ	10.45	10.45	
416	2012-09-20	10.75	10.85	10.35	10.45	9229	10.45	300023	宝德股份	SZ	10.88	10.88	
417	2012-09-19	11.14	11.38	10.65	10.88	12637	10.88	300023	宝德股份	SZ	11.14	11.14	
418	2012-09-18	11.14	11.25	10.84	11.14	10674	11.14	300023	宝德股份	SZ	11.17	11.17	
419	2012-09-17	11.38	11.43	11.05	11.17	15515	11.17	300023	宝德股份	SZ	11.54	11.54	
420	2012-09-14	11.73	11.9	11.5	11.54	20050	11.54	300023	宝德股份	SZ	11.81	11.81	
421	2012-09-13	12.38	12.48	11.78	11.81	49508	11.81	300023	宝德股份	SZ	12.02	12.02	
422	2012-09-12	11.06	12.02	10.97	12.02	33379	12.02	300023	宝德股份	SZ	10.93	10.93	
423	2012-09-11	11.09	11.26	10.9	10.93	13173	10.93	300023	宝德股份	SZ	11.16	11.16	
424	2012-09-10	10.83	11.24	10.66	11.16	19135	11.16	300023	宝德股份	SZ	10.85	10.85	
425	2012-09-07	10.7	10.95	10.5	10.85	17809	10.85	300023	宝德股份	SZ	10.54	10.54	
426	2012-09-06	10.21	10.56	10.2	10.54	11088	10.54	300023	宝德股份	SZ	10.2	10.2	
427	2012-09-05	10.07	10.24	9.87	10.2	7084	10.2	300023	宝德股份	SZ	10.14	10.14	
428	2012-09-04	10.24	10.58	10.11	10.14	10879	10.14	300023	宝德股份	SZ	10.23	10.23	
429	2012-09-03	10.17	10.44	9.8	10.23	8782	10.23	300023	宝德股份	SZ	10.04	10.04	
430	2012-08-31	9.77	10.69	9.77	10.04	10568	10.04	300023	宝德股份	SZ	9.73	9.73	
431	2012-08-30	10.5	10.6	9.6	9.73	14921	9.73	300023	宝德股份	SZ	10.63	10.63	
432	2012-08-29	10.92	10.96	10.62	10.63	10779	10.63	300023	宝德股份	SZ	10.9	10.9	
433	2012-08-28	10.57	10.95	10.34	10.9	12182	10.9	300023	宝德股份	SZ	10.68	10.68	
434	2012-08-27	10.69	11.2	10.2	10.68	16841	10.68	300023	宝德股份	SZ	10.7	10.7	
435	2012-08-24	11.09	11.11	10.65	10.7	20894	10.7	300023	宝德股份	SZ	11.31	11.31	
436	2012-08-23	11.75	11.75	11.25	11.31	25353	11.31	300023	宝德股份	SZ	11.76	11.76	
437	2012-08-22	11.4	12.14	11.21	11.76	31118	11.76	300023	宝德股份	SZ	11.4	11.4	
438	2012-08-21	11.27	11.61	11.15	11.4	24039	11.4	300023	宝德股份	SZ	11.38	11.38	
439	2012-08-20	11	11.5	10.65	11.38	22582	11.38	300023	宝德股份	SZ	11.15	11.15	
440	2012-08-17	11.06	11.52	10.98	11.15	23055	11.15	300023	宝德股份	SZ	11.15	11.15	
441	2012-08-16	11.41	11.54	10.94	11.15	25843	11.15	300023	宝德股份	SZ	11.57	11.57	
442	2012-08-15	11.28	12.2	11.11	11.57	52432	11.57	300023	宝德股份	SZ	11.12	11.12	
443	2012-08-14	10.19	11.12	10.04	11.12	25736	11.12	300023	宝德股份	SZ	10.11	10.11	
444	2012-08-13	10.5	10.52	10.08	10.11	13184	10.11	300023	宝德股份	SZ	10.62	10.62	
445	2012-08-10	10.67	10.98	10.54	10.62	25821	10.62	300023	宝德股份	SZ	10.66	10.66	
446	2012-08-09	10.19	10.8	10.17	10.66	31893	10.66	300023	宝德股份	SZ	10.21	10.21	
447	2012-08-08	10.12	10.45	9.87	10.21	18034	10.21	300023	宝德股份	SZ	10.23	10.23	
448	2012-08-07	10.12	10.58	10.03	10.23	16747	10.23	300023	宝德股份	SZ	10.11	10.11	
449	2012-08-06	9.81	10.29	9.74	10.11	13857	10.11	300023	宝德股份	SZ	10.06	10.06	
450	2012-08-03	9.78	10.07	9.65	10.06	11610	10.06	300023	宝德股份	SZ	9.8	9.8	
451	2012-08-02	9.78	9.92	9.57	9.8	8969	9.8	300023	宝德股份	SZ	9.7	9.7	
452	2012-08-01	9.48	9.86	9.41	9.7	8216	9.7	300023	宝德股份	SZ	9.44	9.44	
453	2012-07-31	9.42	9.52	9.21	9.44	5094	9.44	300023	宝德股份	SZ	9.44	9.44	
454	2012-07-30	9.65	9.73	9.3	9.44	11079	9.44	300023	宝德股份	SZ	9.63	9.63	
455	2012-07-27	10.08	10.25	9.55	9.63	13686	9.63	300023	宝德股份	SZ	10.16	10.16	
456	2012-07-26	10.74	11.08	10.12	10.16	25652	10.16	300023	宝德股份	SZ	11.08	11.08	
457	2012-07-25	10.85	11.48	10.85	11.08	19413	11.08	300023	宝德股份	SZ	11.13	11.13	
458	2012-07-24	10.65	11.48	10.5	11.13	21882	11.13	300023	宝德股份	SZ	10.8	10.8	
459	2012-07-23	10.89	10.89	10.3	10.8	18367	10.8	300023	宝德股份	SZ	11.13	11.13	
460	2012-07-20	11.5	12.16	11.08	11.13	29218	11.13	300023	宝德股份	SZ	11.7	11.7	
461	2012-07-19	11.3	12.18	11.2	11.7	30739	11.7	300023	宝德股份	SZ	11.59	11.59	
462	2012-07-18	10.96	11.85	10.61	11.59	42452	11.59	300023	宝德股份	SZ	11.09	11.09	
463	2012-07-17	10.58	11.22	10.51	11.09	21603	11.09	300023	宝德股份	SZ	10.55	10.55	
464	2012-07-16	10.63	11.5	10.5	10.55	26967	10.55	300023	宝德股份	SZ	10.68	10.68	
465	2012-07-13	10.6	11.6	10.21	10.68	38777	10.68	300023	宝德股份	SZ	10.74	10.74	
466	2012-07-12	10.66	10.87	10.5	10.74	12991	10.74	300023	宝德股份	SZ	10.65	10.65	
467	2012-07-11	10.55	11	10.44	10.65	18390	10.65	300023	宝德股份	SZ	10.66	10.66	
468	2012-07-10	10.87	11	10.53	10.66	13933	10.66	300023	宝德股份	SZ	10.98	10.98	
469	2012-07-09	11.86	12.07	10.86	10.98	22464	10.98	300023	宝德股份	SZ	11.9	11.9	
470	2012-07-06	11.96	12.1	11.69	11.9	25648	11.9	300023	宝德股份	SZ	11.99	11.99	
471	2012-07-05	12.4	12.79	11.96	11.99	12477	11.99	300023	宝德股份	SZ	12.9	12.9	
472	2012-07-04	12.98	13.43	12.44	12.9	20371	12.9	300023	宝德股份	SZ	13.17	13.17	
473	2012-07-03	12.84	13.57	12.79	13.17	26108	13.17	300023	宝德股份	SZ	12.89	12.89	
474	2012-07-02	12.99	13.79	12.71	12.89	29230	12.89	300023	宝德股份	SZ	12.64	12.64	
475	2012-06-29	12.44	12.98	11.88	12.64	36065	12.64	300023	宝德股份	SZ	12.39	12.39	
476	2012-06-28	13.62	13.86	12.34	12.39	48682	12.39	300023	宝德股份	SZ	12.94	12.94	
477	2012-06-27	11.88	12.94	11.8	12.94	28002	12.94	300023	宝德股份	SZ	11.76	11.76	
478	2012-06-26	12.1	12.52	11.41	11.76	46747	11.76	300023	宝德股份	SZ	11.75	11.75	
479	2012-06-25	10.56	11.75	10.56	11.75	56302	11.75	300023	宝德股份	SZ	10.68	10.68	
481	2012-06-21	10.69	10.85	10.51	10.68	15400	10.68	300023	宝德股份	SZ	10.78	10.78	
482	2012-06-20	11.07	11.12	10.75	10.78	23471	10.78	300023	宝德股份	SZ	11.13	11.13	
483	2012-06-19	11.37	11.57	11.06	11.13	26621	11.13	300023	宝德股份	SZ	11.35	11.35	
484	2012-06-18	11.99	12.56	11.26	11.35	53248	11.35	300023	宝德股份	SZ	11.57	11.57	
485	2012-06-15	10.45	11.57	10.2	11.57	38232	11.57	300023	宝德股份	SZ	10.52	10.52	
486	2012-06-14	9.66	10.58	9.65	10.52	30269	10.52	300023	宝德股份	SZ	9.65	9.65	
487	2012-06-13	9.96	9.96	9.5	9.65	7865	9.65	300023	宝德股份	SZ	9.41	9.41	
488	2012-06-12	9.4	9.45	9.31	9.41	3529	9.41	300023	宝德股份	SZ	9.42	9.42	
489	2012-06-11	9.3	9.47	9.21	9.42	3194	9.42	300023	宝德股份	SZ	9.23	9.23	
490	2012-06-08	9.31	9.31	9.1	9.23	2338	9.23	300023	宝德股份	SZ	9.18	9.18	
491	2012-06-07	9.25	9.4	9.15	9.18	2091	9.18	300023	宝德股份	SZ	9.21	9.21	
492	2012-06-06	9.16	9.28	9.12	9.21	2360	9.21	300023	宝德股份	SZ	9.14	9.14	
493	2012-06-05	9.08	9.24	9.05	9.14	1676	9.14	300023	宝德股份	SZ	9.13	9.13	
494	2012-06-04	9.48	9.48	9.13	9.13	4764	9.13	300023	宝德股份	SZ	9.63	9.63	
495	2012-06-01	9.64	9.7	9.53	9.63	4280	9.63	300023	宝德股份	SZ	9.57	9.57	
496	2012-05-31	9.48	9.64	9.34	9.57	5153	9.57	300023	宝德股份	SZ	9.49	9.49	
497	2012-05-30	9.42	9.58	9.38	9.49	4048	9.49	300023	宝德股份	SZ	9.38	9.38	
498	2012-05-29	9.3	9.5	9.29	9.38	5136	9.38	300023	宝德股份	SZ	9.33	9.33	
499	2012-05-28	9.31	9.35	9.01	9.33	3032	9.33	300023	宝德股份	SZ	9.29	9.29	
500	2012-05-25	9.38	9.57	9.22	9.29	2474	9.29	300023	宝德股份	SZ	9.43	9.43	
501	2012-05-24	9.5	9.5	9.34	9.43	2664	9.43	300023	宝德股份	SZ	9.41	9.41	
502	2012-05-23	9.53	9.58	9.38	9.41	2635	9.41	300023	宝德股份	SZ	9.51	9.51	
503	2012-05-22	9.45	9.56	9.44	9.51	1733	9.51	300023	宝德股份	SZ	9.44	9.44	
504	2012-05-21	9.66	9.66	9.34	9.44	1977	9.44	300023	宝德股份	SZ	9.43	9.43	
505	2012-05-18	9.65	9.69	9.4	9.43	4930	9.43	300023	宝德股份	SZ	9.62	9.62	
506	2012-05-17	9.6	9.7	9.51	9.62	5131	9.62	300023	宝德股份	SZ	9.58	9.58	
507	2012-05-16	9.58	9.8	9.56	9.58	4097	9.58	300023	宝德股份	SZ	9.7	9.7	
508	2012-05-15	9.55	9.73	9.32	9.7	5680	9.7	300023	宝德股份	SZ	9.55	9.55	
509	2012-05-14	9.92	9.92	9.51	9.55	8020	9.55	300023	宝德股份	SZ	9.8	9.8	
510	2012-05-11	10.18	10.18	9.78	9.8	10480	9.8	300023	宝德股份	SZ	10.17	10.17	
511	2012-05-10	9.63	10.5	9.61	10.17	17243	10.17	300023	宝德股份	SZ	9.59	9.59	
512	2012-05-09	9.81	9.81	9.52	9.59	9168	9.59	300023	宝德股份	SZ	9.92	9.92	
513	2012-05-08	9.5	10.24	9.45	9.92	15851	9.92	300023	宝德股份	SZ	9.43	9.43	
514	2012-05-07	9.33	9.46	9.23	9.43	4857	9.43	300023	宝德股份	SZ	9.32	9.32	
515	2012-05-04	9.19	9.35	9.1	9.32	5612	9.32	300023	宝德股份	SZ	9.19	9.19	
516	2012-05-03	9.18	9.23	9.02	9.19	5141	9.19	300023	宝德股份	SZ	9.18	9.18	
517	2012-05-02	9.12	9.23	9.09	9.18	4907	9.18	300023	宝德股份	SZ	9.08	9.08	
520	2012-04-27	9.01	9.14	9.01	9.08	3379	9.08	300023	宝德股份	SZ	9.07	9.07	
521	2012-04-26	9.18	9.23	9.01	9.07	4805	9.07	300023	宝德股份	SZ	9.18	9.18	
522	2012-04-25	9.06	9.2	9	9.18	5857	9.18	300023	宝德股份	SZ	9.17	9.17	
523	2012-04-24	9	9.21	8.92	9.17	10609	9.17	300023	宝德股份	SZ	9.48	9.48	
524	2012-04-23	10.28	10.3	9.48	9.48	22825	9.48	300023	宝德股份	SZ	10.53	10.53	
526	2012-04-19	10.51	10.82	10.41	10.53	10614	10.53	300023	宝德股份	SZ	10.51	10.51	
527	2012-04-18	10.37	10.57	10.28	10.51	7711	10.51	300023	宝德股份	SZ	10.3	10.3	
528	2012-04-17	10.39	10.48	10.22	10.3	6067	10.3	300023	宝德股份	SZ	10.39	10.39	
529	2012-04-16	10.41	10.45	10.28	10.39	4733	10.39	300023	宝德股份	SZ	10.5	10.5	
530	2012-04-13	10.44	10.56	10.38	10.5	9303	10.5	300023	宝德股份	SZ	10.5	10.5	
531	2012-04-12	10.24	10.62	10.22	10.5	10347	10.5	300023	宝德股份	SZ	10.24	10.24	
532	2012-04-11	10.1	10.45	10	10.24	5732	10.24	300023	宝德股份	SZ	10.23	10.23	
533	2012-04-10	10.04	10.23	9.82	10.23	6397	10.23	300023	宝德股份	SZ	10.2	10.2	
534	2012-04-09	10.03	10.57	9.99	10.2	8655	10.2	300023	宝德股份	SZ	10.1	10.1	
535	2012-04-06	10.08	10.23	10.05	10.1	5292	10.1	300023	宝德股份	SZ	10.08	10.08	
536	2012-04-05	9.89	10.14	9.8	10.08	5890	10.08	300023	宝德股份	SZ	9.82	9.82	
540	2012-03-30	9.84	10.06	9.75	9.82	5476	9.82	300023	宝德股份	SZ	9.84	9.84	
541	2012-03-29	10.12	10.15	9.7	9.84	7159	9.84	300023	宝德股份	SZ	10.13	10.13	
542	2012-03-28	10.86	10.92	10.12	10.13	12192	10.13	300023	宝德股份	SZ	11.03	11.03	
543	2012-03-27	11.29	11.33	10.95	11.03	9961	11.03	300023	宝德股份	SZ	11.22	11.22	
544	2012-03-26	11.56	11.78	11.12	11.22	13044	11.22	300023	宝德股份	SZ	11.82	11.82	
545	2012-03-23	12.28	12.35	11.42	11.82	22212	11.82	300023	宝德股份	SZ	12.65	12.65	
546	2012-03-22	11.95	13.12	11.85	12.65	42727	12.65	300023	宝德股份	SZ	11.93	11.93	
547	2012-03-21	11.2	12.1	10.98	11.93	23799	11.93	300023	宝德股份	SZ	11.27	11.27	
548	2012-03-20	11.5	11.7	11.26	11.27	8528	11.27	300023	宝德股份	SZ	11.61	11.61	
549	2012-03-19	11.33	11.7	11.25	11.61	12091	11.61	300023	宝德股份	SZ	11.32	11.32	
550	2012-03-16	10.88	11.41	10.83	11.32	9921	11.32	300023	宝德股份	SZ	10.91	10.91	
551	2012-03-15	11	11.29	10.8	10.91	11448	10.91	300023	宝德股份	SZ	10.94	10.94	
552	2012-03-14	11.77	11.91	10.9	10.94	16622	10.94	300023	宝德股份	SZ	11.74	11.74	
553	2012-03-13	11.51	11.74	11.46	11.74	11381	11.74	300023	宝德股份	SZ	11.5	11.5	
554	2012-03-12	11.57	11.64	11.33	11.5	8489	11.5	300023	宝德股份	SZ	11.55	11.55	
555	2012-03-09	11.35	11.63	11.3	11.55	12137	11.55	300023	宝德股份	SZ	11.38	11.38	
556	2012-03-08	11.22	11.43	11.19	11.38	10077	11.38	300023	宝德股份	SZ	11.19	11.19	
557	2012-03-07	10.99	11.24	10.86	11.19	9636	11.19	300023	宝德股份	SZ	11.08	11.08	
558	2012-03-06	11.23	11.29	11.02	11.08	5717	11.08	300023	宝德股份	SZ	11.28	11.28	
559	2012-03-05	11.3	11.44	11.21	11.28	8850	11.28	300023	宝德股份	SZ	11.33	11.33	
560	2012-03-02	11.3	11.4	11.21	11.33	10887	11.33	300023	宝德股份	SZ	11.29	11.29	
561	2012-03-01	10.97	11.4	10.92	11.29	12970	11.29	300023	宝德股份	SZ	10.96	10.96	
562	2012-02-29	11.15	11.2	10.93	10.96	6335	10.96	300023	宝德股份	SZ	11.15	11.15	
563	2012-02-28	11.35	11.44	11	11.15	10691	11.15	300023	宝德股份	SZ	11.45	11.45	
564	2012-02-27	11.46	11.63	11.34	11.45	13240	11.45	300023	宝德股份	SZ	11.47	11.47	
565	2012-02-24	11.39	11.9	11.31	11.47	16332	11.47	300023	宝德股份	SZ	11.37	11.37	
566	2012-02-23	11.43	11.57	11.22	11.37	12085	11.37	300023	宝德股份	SZ	11.46	11.46	
567	2012-02-22	11.3	11.53	11.12	11.46	17468	11.46	300023	宝德股份	SZ	11.29	11.29	
568	2012-02-21	11.09	11.35	10.95	11.29	10837	11.29	300023	宝德股份	SZ	11.09	11.09	
569	2012-02-20	11.18	11.38	11.07	11.09	11314	11.09	300023	宝德股份	SZ	11.06	11.06	
570	2012-02-17	11.26	11.38	11.03	11.06	11236	11.06	300023	宝德股份	SZ	11.29	11.29	
571	2012-02-16	11.49	11.56	11.04	11.29	24547	11.29	300023	宝德股份	SZ	11.45	11.45	
572	2012-02-15	10.41	11.45	10.32	11.45	19158	11.45	300023	宝德股份	SZ	10.41	10.41	
573	2012-02-14	10.58	10.59	10.3	10.41	8757	10.41	300023	宝德股份	SZ	10.59	10.59	
574	2012-02-13	10.34	10.63	10.3	10.59	12026	10.59	300023	宝德股份	SZ	10.4	10.4	
575	2012-02-10	10.31	10.46	10.22	10.4	7340	10.4	300023	宝德股份	SZ	10.3	10.3	
576	2012-02-09	10.28	10.6	10.2	10.3	12721	10.3	300023	宝德股份	SZ	10.32	10.32	
577	2012-02-08	9.75	10.47	9.75	10.32	12729	10.32	300023	宝德股份	SZ	9.79	9.79	
578	2012-02-07	10.03	10.1	9.79	9.79	6312	9.79	300023	宝德股份	SZ	10.1	10.1	
579	2012-02-06	10.15	10.15	10.01	10.1	7764	10.1	300023	宝德股份	SZ	10.11	10.11	
580	2012-02-03	9.95	10.17	9.9	10.11	9900	10.11	300023	宝德股份	SZ	10	10	
581	2012-02-02	9.65	10.18	9.49	10	12922	10	300023	宝德股份	SZ	9.59	9.59	
582	2012-02-01	9.57	9.8	9.56	9.59	3506	9.59	300023	宝德股份	SZ	9.6	9.6	
583	2012-01-31	9.66	9.66	9.37	9.6	3897	9.6	300023	宝德股份	SZ	9.66	9.66	
584	2012-01-30	9.74	9.9	9.55	9.66	3551	9.66	300023	宝德股份	SZ	9.72	9.72	
590	2012-01-20	9.61	9.79	9.51	9.72	4803	9.72	300023	宝德股份	SZ	9.58	9.58	
591	2012-01-19	9.31	9.61	9.23	9.58	3570	9.58	300023	宝德股份	SZ	9.35	9.35	
592	2012-01-18	9.74	9.87	9.3	9.35	7147	9.35	300023	宝德股份	SZ	9.69	9.69	
593	2012-01-17	9.31	9.74	9.12	9.69	7008	9.69	300023	宝德股份	SZ	9.2	9.2	
594	2012-01-16	9.32	9.48	9.2	9.2	4366	9.2	300023	宝德股份	SZ	9.56	9.56	
595	2012-01-13	10.18	10.25	9.51	9.56	10380	9.56	300023	宝德股份	SZ	10.18	10.18	
596	2012-01-12	10.2	10.48	10.1	10.18	10563	10.18	300023	宝德股份	SZ	10.24	10.24	
597	2012-01-11	10.28	10.48	10.1	10.24	14339	10.24	300023	宝德股份	SZ	10.48	10.48	
598	2012-01-10	10.01	10.51	9.72	10.48	22071	10.48	300023	宝德股份	SZ	10.14	10.14	
599	2012-01-09	9.36	10.3	9.25	10.14	15758	10.14	300023	宝德股份	SZ	9.36	9.36	
600	2012-01-06	9.02	9.44	8.85	9.36	6366	9.36	300023	宝德股份	SZ	9.07	9.07	
601	2012-01-05	9.71	9.71	9.02	9.07	7138	9.07	300023	宝德股份	SZ	9.71	9.71	
602	2012-01-04	10.19	10.25	9.71	9.71	5921	9.71	300023	宝德股份	SZ	10.05	10.05	
605	2011-12-30	9.92	10.09	9.82	10.05	5273	10.05	300023	宝德股份	SZ	9.78	9.78	
606	2011-12-29	9.7	9.96	9.68	9.78	4799	9.78	300023	宝德股份	SZ	9.85	9.85	
607	2011-12-28	10	10.1	9.49	9.85	8110	9.85	300023	宝德股份	SZ	10.1	10.1	
608	2011-12-27	10.66	10.75	10.03	10.1	10853	10.1	300023	宝德股份	SZ	10.78	10.78	
609	2011-12-26	11.05	11.16	10.77	10.78	4872	10.78	300023	宝德股份	SZ	11.05	11.05	
610	2011-12-23	10.9	11.27	10.72	11.05	9997	11.05	300023	宝德股份	SZ	11.14	11.14	
611	2011-12-22	11.81	11.82	10.85	11.14	16469	11.14	300023	宝德股份	SZ	12.05	12.05	
612	2011-12-21	12.48	12.72	12.01	12.05	10392	12.05	300023	宝德股份	SZ	12.4	12.4	
613	2011-12-20	12.63	12.94	12.31	12.4	10928	12.4	300023	宝德股份	SZ	12.78	12.78	
614	2011-12-19	12.34	12.87	12.26	12.78	12692	12.78	300023	宝德股份	SZ	12.58	12.58	
615	2011-12-16	12	12.63	12	12.58	10908	12.58	300023	宝德股份	SZ	12.03	12.03	
616	2011-12-15	12.1	12.3	11.86	12.03	8311	12.03	300023	宝德股份	SZ	11.98	11.98	
617	2011-12-14	11.96	12.2	11.83	11.98	6922	11.98	300023	宝德股份	SZ	11.95	11.95	
618	2011-12-13	12.26	12.46	11.81	11.95	9697	11.95	300023	宝德股份	SZ	12.44	12.44	
619	2011-12-12	12.4	12.78	12.29	12.44	8866	12.44	300023	宝德股份	SZ	12.4	12.4	
620	2011-12-09	12.5	12.63	12.3	12.4	8511	12.4	300023	宝德股份	SZ	12.7	12.7	
621	2011-12-08	12.46	12.96	12.08	12.7	14807	12.7	300023	宝德股份	SZ	12.59	12.59	
622	2011-12-07	12.36	12.59	12.18	12.59	11024	12.59	300023	宝德股份	SZ	12.43	12.43	
623	2011-12-06	12.12	12.47	12.02	12.43	12307	12.43	300023	宝德股份	SZ	12.25	12.25	
624	2011-12-05	12.88	13.06	12.25	12.25	22262	12.25	300023	宝德股份	SZ	13.61	13.61	
626	2011-12-01	13.94	14.04	13.59	13.61	20431	13.61	300023	宝德股份	SZ	13.6	13.6	
627	2011-11-30	15.1	15.1	13.59	13.6	35216	13.6	300023	宝德股份	SZ	15.1	15.1	
628	2011-11-29	14.89	15.18	14.7	15.1	17287	15.1	300023	宝德股份	SZ	14.8	14.8	
629	2011-11-28	14.73	14.91	14.57	14.8	8322	14.8	300023	宝德股份	SZ	14.73	14.73	
630	2011-11-25	15.08	15.13	14.6	14.73	9773	14.73	300023	宝德股份	SZ	15.08	15.08	
631	2011-11-24	14.8	15.26	14.68	15.08	16321	15.08	300023	宝德股份	SZ	15.05	15.05	
632	2011-11-23	15.38	15.65	15.05	15.05	18565	15.05	300023	宝德股份	SZ	15.46	15.46	
633	2011-11-22	15.25	15.62	15.06	15.46	17106	15.46	300023	宝德股份	SZ	15.52	15.52	
634	2011-11-21	15.33	15.59	15.15	15.52	18386	15.52	300023	宝德股份	SZ	15.44	15.44	
635	2011-11-18	16.35	16.69	15.33	15.44	33271	15.44	300023	宝德股份	SZ	16.58	16.58	
636	2011-11-17	16.86	16.95	16.23	16.58	20515	16.58	300023	宝德股份	SZ	16.91	16.91	
637	2011-11-16	17	17.16	16.57	16.91	23554	16.91	300023	宝德股份	SZ	17.16	17.16	
638	2011-11-15	17.25	17.5	16.78	17.16	29024	17.16	300023	宝德股份	SZ	17.2	17.2	
639	2011-11-14	17.05	17.35	16.9	17.2	39942	17.2	300023	宝德股份	SZ	17.2	17.2	
640	2011-11-11	16.7	17.7	16.61	17.2	53559	17.2	300023	宝德股份	SZ	16.79	16.79	
641	2011-11-10	16.52	17.7	16.52	16.79	68083	16.79	300023	宝德股份	SZ	16.12	16.12	
642	2011-11-09	14.56	16.12	14.35	16.12	39646	16.12	300023	宝德股份	SZ	14.65	14.65	
643	2011-11-08	15.49	15.79	14.6	14.65	45128	14.65	300023	宝德股份	SZ	15.09	15.09	
644	2011-11-07	13.71	15.09	13.6	15.09	34490	15.09	300023	宝德股份	SZ	13.72	13.72	
645	2011-11-04	13.78	13.85	13.43	13.72	9027	13.72	300023	宝德股份	SZ	13.56	13.56	
646	2011-11-03	13.76	14.19	13.55	13.56	14435	13.56	300023	宝德股份	SZ	13.75	13.75	
647	2011-11-02	13.2	13.83	12.95	13.75	10452	13.75	300023	宝德股份	SZ	13.45	13.45	
648	2011-11-01	13.38	13.75	13.28	13.45	9195	13.45	300023	宝德股份	SZ	13.44	13.44	
649	2011-10-31	13.26	13.45	13.1	13.44	7140	13.44	300023	宝德股份	SZ	13.34	13.34	
650	2011-10-28	13.12	13.44	12.99	13.34	8411	13.34	300023	宝德股份	SZ	13.03	13.03	
651	2011-10-27	13.19	13.23	12.93	13.03	7874	13.03	300023	宝德股份	SZ	13.13	13.13	
652	2011-10-26	12.57	13.41	12.48	13.13	10580	13.13	300023	宝德股份	SZ	12.57	12.57	
653	2011-10-25	12.35	12.62	12.18	12.57	3678	12.57	300023	宝德股份	SZ	12.35	12.35	
654	2011-10-24	12.26	12.45	11.8	12.35	3335	12.35	300023	宝德股份	SZ	12.23	12.23	
655	2011-10-21	12.39	12.39	12.15	12.23	1137	12.23	300023	宝德股份	SZ	12.39	12.39	
656	2011-10-20	12.31	12.49	12.08	12.39	4623	12.39	300023	宝德股份	SZ	12.44	12.44	
657	2011-10-19	12.53	12.69	12.43	12.44	2863	12.44	300023	宝德股份	SZ	12.6	12.6	
658	2011-10-18	13.08	13.09	12.6	12.6	5167	12.6	300023	宝德股份	SZ	13.1	13.1	
659	2011-10-17	12.79	13.11	12.71	13.1	4981	13.1	300023	宝德股份	SZ	12.78	12.78	
660	2011-10-14	12.76	12.78	12.57	12.78	4182	12.78	300023	宝德股份	SZ	12.74	12.74	
661	2011-10-13	12.56	12.85	12.55	12.74	4899	12.74	300023	宝德股份	SZ	12.66	12.66	
662	2011-10-12	12	12.66	12	12.66	5207	12.66	300023	宝德股份	SZ	12.07	12.07	
663	2011-10-11	12.69	12.79	11.93	12.07	5453	12.07	300023	宝德股份	SZ	12.32	12.32	
664	2011-10-10	12.26	12.47	12.26	12.32	2218	12.32	300023	宝德股份	SZ	12.33	12.33	
665	2011-09-30	13.08	13.1	12.31	12.33	7053	12.33	300023	宝德股份	SZ	13.05	13.05	
666	2011-09-29	13	13.37	13	13.05	6416	13.05	300023	宝德股份	SZ	13.31	13.31	
667	2011-09-28	13.68	13.68	13.18	13.31	6623	13.31	300023	宝德股份	SZ	13.59	13.59	
668	2011-09-27	14.03	14.03	13.47	13.59	11608	13.59	300023	宝德股份	SZ	13.7	13.7	
669	2011-09-26	13.11	13.7	13.11	13.7	14242	13.7	300023	宝德股份	SZ	13.11	13.11	
670	2011-09-23	13.05	13.18	12.8	13.11	4199	13.11	300023	宝德股份	SZ	13.17	13.17	
671	2011-09-22	13.59	13.68	13.12	13.17	7187	13.17	300023	宝德股份	SZ	13.73	13.73	
672	2011-09-21	13.44	13.82	13.08	13.73	13497	13.73	300023	宝德股份	SZ	13.44	13.44	
673	2011-09-20	13.38	13.55	13.2	13.44	5755	13.44	300023	宝德股份	SZ	13.38	13.38	
674	2011-09-19	13.08	13.63	13.08	13.38	10138	13.38	300023	宝德股份	SZ	13.2	13.2	
675	2011-09-16	13.37	13.85	13.19	13.2	15721	13.2	300023	宝德股份	SZ	13.4	13.4	
676	2011-09-15	12.73	13.54	11.6	13.4	15662	13.4	300023	宝德股份	SZ	12.73	12.73	
677	2011-09-14	12.56	12.83	12.32	12.73	2285	12.73	300023	宝德股份	SZ	12.56	12.56	
678	2011-09-13	12.31	12.6	12.26	12.56	1770	12.56	300023	宝德股份	SZ	12.56	12.56	
679	2011-09-09	12.52	12.85	12.51	12.56	1260	12.56	300023	宝德股份	SZ	12.59	12.59	
680	2011-09-08	12.75	12.95	12.59	12.59	2096	12.59	300023	宝德股份	SZ	12.72	12.72	
681	2011-09-07	12.62	12.77	12.43	12.72	2634	12.72	300023	宝德股份	SZ	12.53	12.53	
682	2011-09-06	12.3	12.53	12.23	12.53	1873	12.53	300023	宝德股份	SZ	12.42	12.42	
683	2011-09-05	12.82	12.82	12.4	12.42	3110	12.42	300023	宝德股份	SZ	12.88	12.88	
684	2011-09-02	13.01	13.24	12.88	12.88	3448	12.88	300023	宝德股份	SZ	13.12	13.12	
685	2011-09-01	13.21	13.3	13.06	13.12	3140	13.12	300023	宝德股份	SZ	13.21	13.21	
686	2011-08-31	13.13	13.33	12.95	13.21	4288	13.21	300023	宝德股份	SZ	13.15	13.15	
687	2011-08-30	13.49	13.64	13.14	13.15	6715	13.15	300023	宝德股份	SZ	13.48	13.48	
688	2011-08-29	13.56	13.81	13.45	13.48	5966	13.48	300023	宝德股份	SZ	13.69	13.69	
689	2011-08-26	13.38	13.75	13.25	13.69	7105	13.69	300023	宝德股份	SZ	13.38	13.38	
690	2011-08-25	13.25	13.54	13.13	13.38	6123	13.38	300023	宝德股份	SZ	13.25	13.25	
691	2011-08-24	13.55	13.7	13.25	13.25	10341	13.25	300023	宝德股份	SZ	13.45	13.45	
692	2011-08-23	13.25	13.49	13.06	13.45	11355	13.45	300023	宝德股份	SZ	13.19	13.19	
693	2011-08-22	12.64	13.3	12.64	13.19	11247	13.19	300023	宝德股份	SZ	12.8	12.8	
694	2011-08-19	12.31	12.88	12.2	12.8	5405	12.8	300023	宝德股份	SZ	12.67	12.67	
695	2011-08-18	12.8	12.98	12.62	12.67	5783	12.67	300023	宝德股份	SZ	12.96	12.96	
696	2011-08-17	12.98	13.12	12.85	12.96	4155	12.96	300023	宝德股份	SZ	12.98	12.98	
697	2011-08-16	13.26	13.3	12.85	12.98	6118	12.98	300023	宝德股份	SZ	13.24	13.24	
698	2011-08-15	13.08	13.28	13.02	13.24	6543	13.24	300023	宝德股份	SZ	13.08	13.08	
699	2011-08-12	12.8	13.28	12.7	13.08	10138	13.08	300023	宝德股份	SZ	12.81	12.81	
700	2011-08-11	11.92	12.88	11.92	12.81	11817	12.81	300023	宝德股份	SZ	12.4	12.4	
701	2011-08-10	12.58	12.78	12.32	12.4	8480	12.4	300023	宝德股份	SZ	12.2	12.2	
702	2011-08-09	12.18	12.41	11.57	12.2	6835	12.2	300023	宝德股份	SZ	12.52	12.52	
703	2011-08-08	13.15	13.25	12	12.52	8302	12.52	300023	宝德股份	SZ	13.31	13.31	
704	2011-08-05	13.5	13.54	13.2	13.31	8526	13.31	300023	宝德股份	SZ	13.8	13.8	
705	2011-08-04	14	14	13.61	13.8	15230	13.8	300023	宝德股份	SZ	14.18	14.18	
706	2011-08-03	13.07	14.24	12.92	14.18	31602	14.18	300023	宝德股份	SZ	13.24	13.24	
707	2011-08-02	12.8	13.38	12.52	13.24	9794	13.24	300023	宝德股份	SZ	12.87	12.87	
708	2011-08-01	12.64	12.97	12.36	12.87	4793	12.87	300023	宝德股份	SZ	12.64	12.64	
709	2011-07-29	12.54	12.75	12.51	12.64	3013	12.64	300023	宝德股份	SZ	12.5	12.5	
710	2011-07-28	12.6	12.63	12.41	12.5	2743	12.5	300023	宝德股份	SZ	12.68	12.68	
711	2011-07-27	12.26	12.7	12.26	12.68	2701	12.68	300023	宝德股份	SZ	12.46	12.46	
712	2011-07-26	12.33	12.6	12.26	12.46	2998	12.46	300023	宝德股份	SZ	12.33	12.33	
713	2011-07-25	12.91	12.91	12.28	12.33	4655	12.33	300023	宝德股份	SZ	12.91	12.91	
714	2011-07-22	12.86	13.01	12.86	12.91	2513	12.91	300023	宝德股份	SZ	12.86	12.86	
715	2011-07-21	13.12	13.12	12.85	12.86	5358	12.86	300023	宝德股份	SZ	13.16	13.16	
716	2011-07-20	13.12	13.19	13.01	13.16	3036	13.16	300023	宝德股份	SZ	13.08	13.08	
717	2011-07-19	13.22	13.22	13	13.08	3562	13.08	300023	宝德股份	SZ	13.22	13.22	
718	2011-07-18	13.41	13.46	13.19	13.22	5734	13.22	300023	宝德股份	SZ	13.4	13.4	
719	2011-07-15	13.5	13.5	13.29	13.4	9319	13.4	300023	宝德股份	SZ	13.43	13.43	
720	2011-07-14	12.98	13.43	12.88	13.43	12538	13.43	300023	宝德股份	SZ	12.88	12.88	
721	2011-07-13	12.55	12.94	12.55	12.88	3366	12.88	300023	宝德股份	SZ	12.55	12.55	
722	2011-07-12	12.88	12.88	12.54	12.55	3314	12.55	300023	宝德股份	SZ	12.95	12.95	
723	2011-07-11	12.8	12.96	12.73	12.95	2698	12.95	300023	宝德股份	SZ	12.82	12.82	
724	2011-07-08	12.9	12.95	12.8	12.82	3242	12.82	300023	宝德股份	SZ	12.95	12.95	
725	2011-07-07	12.79	13.11	12.73	12.95	8995	12.95	300023	宝德股份	SZ	12.85	12.85	
726	2011-07-06	12.79	12.86	12.63	12.85	5099	12.85	300023	宝德股份	SZ	12.79	12.79	
727	2011-07-05	12.84	12.86	12.68	12.79	3052	12.79	300023	宝德股份	SZ	12.84	12.84	
728	2011-07-04	12.63	12.88	12.63	12.84	5345	12.84	300023	宝德股份	SZ	12.63	12.63	
729	2011-07-01	12.44	12.7	12.42	12.63	4327	12.63	300023	宝德股份	SZ	12.52	12.52	
730	2011-06-30	12.31	12.6	12.21	12.52	3707	12.52	300023	宝德股份	SZ	12.45	12.45	
731	2011-06-29	12.54	12.74	12.45	12.45	3570	12.45	300023	宝德股份	SZ	12.55	12.55	
732	2011-06-28	12.44	12.59	12.38	12.55	3283	12.55	300023	宝德股份	SZ	12.5	12.5	
733	2011-06-27	12.41	12.68	12.3	12.5	3480	12.5	300023	宝德股份	SZ	12.41	12.41	
734	2011-06-24	12.2	12.5	12.04	12.41	4339	12.41	300023	宝德股份	SZ	12.21	12.21	
735	2011-06-23	11.97	12.25	11.74	12.21	3565	12.21	300023	宝德股份	SZ	11.87	11.87	
736	2011-06-22	11.79	11.89	11.77	11.87	1334	11.87	300023	宝德股份	SZ	11.86	11.86	
737	2011-06-21	11.76	11.89	11.72	11.86	1456	11.86	300023	宝德股份	SZ	11.72	11.72	
738	2011-06-20	11.82	11.92	11.66	11.72	1696	11.72	300023	宝德股份	SZ	11.81	11.81	
739	2011-06-17	12.05	12.14	11.81	11.81	1950	11.81	300023	宝德股份	SZ	12.01	12.01	
740	2011-06-16	12.42	12.42	12	12.01	2829	12.01	300023	宝德股份	SZ	12.43	12.43	
741	2011-06-15	12.55	12.59	12.4	12.43	1329	12.43	300023	宝德股份	SZ	12.55	12.55	
742	2011-06-14	12.32	12.63	12.3	12.55	2875	12.55	300023	宝德股份	SZ	12.41	12.41	
743	2011-06-13	12.2	12.48	12.11	12.41	2128	12.41	300023	宝德股份	SZ	12.33	12.33	
744	2011-06-10	12.37	12.43	12.05	12.33	2840	12.33	300023	宝德股份	SZ	12.43	12.43	
745	2011-06-09	12.8	12.8	12.43	12.43	4271	12.43	300023	宝德股份	SZ	12.63	12.63	
746	2011-06-08	12.6	12.73	12.4	12.63	3348	12.63	300023	宝德股份	SZ	12.73	12.73	
747	2011-06-07	12.8	12.8	12.61	12.73	2821	12.73	300023	宝德股份	SZ	12.78	12.78	
748	2011-06-03	12.75	12.86	12.54	12.78	6107	12.78	300023	宝德股份	SZ	12.77	12.77	
749	2011-06-02	12.35	12.92	12.33	12.77	9809	12.77	300023	宝德股份	SZ	12.42	12.42	
750	2011-06-01	12.54	12.62	12.42	12.42	3159	12.42	300023	宝德股份	SZ	12.56	12.56	
751	2011-05-31	12.3	12.57	12.15	12.56	4444	12.56	300023	宝德股份	SZ	12.26	12.26	
752	2011-05-30	12.15	12.5	12.03	12.26	3579	12.26	300023	宝德股份	SZ	12.15	12.15	
753	2011-05-27	12.41	12.41	12.05	12.15	3042	12.15	300023	宝德股份	SZ	12.46	12.46	
754	2011-05-26	12.7	12.75	12.45	12.46	2099	12.46	300023	宝德股份	SZ	12.63	12.63	
755	2011-05-25	12.88	12.98	12.55	12.63	2009	12.63	300023	宝德股份	SZ	12.88	12.88	
756	2011-05-24	12.52	13.08	12.32	12.88	4932	12.88	300023	宝德股份	SZ	12.52	12.52	
757	2011-05-23	13.2	13.3	12.51	12.52	3708	12.52	300023	宝德股份	SZ	13.25	13.25	
758	2011-05-20	13.34	13.35	13.2	13.25	1721	13.25	300023	宝德股份	SZ	13.25	13.25	
759	2011-05-19	13.28	13.39	13.25	13.25	1991	13.25	300023	宝德股份	SZ	13.32	13.32	
760	2011-05-18	13.34	13.37	13.21	13.32	2275	13.32	300023	宝德股份	SZ	13.32	13.32	
761	2011-05-17	13.26	13.34	13.14	13.32	2318	13.32	300023	宝德股份	SZ	13.26	13.26	
762	2011-05-16	13.18	13.31	13.04	13.26	2260	13.26	300023	宝德股份	SZ	13.17	13.17	
763	2011-05-13	13.08	13.2	12.98	13.17	2361	13.17	300023	宝德股份	SZ	13.08	13.08	
764	2011-05-12	13.31	13.36	13.08	13.08	2995	13.08	300023	宝德股份	SZ	13.36	13.36	
765	2011-05-11	13.39	13.41	13.26	13.36	1879	13.36	300023	宝德股份	SZ	13.36	13.36	
766	2011-05-10	13.31	13.39	13.26	13.36	2206	13.36	300023	宝德股份	SZ	13.35	13.35	
767	2011-05-09	13.25	13.44	13.19	13.35	2410	13.35	300023	宝德股份	SZ	13.22	13.22	
768	2011-05-06	13.33	13.33	13.05	13.22	3773	13.22	300023	宝德股份	SZ	13.34	13.34	
769	2011-05-05	13.02	13.43	13.02	13.34	2693	13.34	300023	宝德股份	SZ	13.22	13.22	
770	2011-05-04	13.49	13.49	13.2	13.22	1866	13.22	300023	宝德股份	SZ	13.49	13.49	
771	2011-05-03	13.4	13.5	13.23	13.49	2842	13.49	300023	宝德股份	SZ	13.37	13.37	
772	2011-04-29	13.26	13.38	13.21	13.37	2914	13.37	300023	宝德股份	SZ	13.18	13.18	
773	2011-04-28	13.71	13.83	13.09	13.18	6533	13.18	300023	宝德股份	SZ	13.71	13.71	
774	2011-04-27	13.98	14.11	13.66	13.71	3925	13.71	300023	宝德股份	SZ	14	14	
775	2011-04-26	14.4	14.4	13.95	14	4655	14	300023	宝德股份	SZ	14.37	14.37	
776	2011-04-25	14.85	14.9	14.28	14.37	4630	14.37	300023	宝德股份	SZ	14.92	14.92	
777	2011-04-22	14.97	14.97	14.81	14.92	3356	14.92	300023	宝德股份	SZ	14.88	14.88	
778	2011-04-20	14.88	14.93	14.75	14.88	2641	14.88	300023	宝德股份	SZ	14.82	14.82	
779	2011-04-19	15.1	15.1	14.77	14.82	6956	14.82	300023	宝德股份	SZ	15.15	15.15	
780	2011-04-18	15.11	15.19	15.06	15.15	2873	15.15	300023	宝德股份	SZ	15.17	15.17	
781	2011-04-15	15.21	15.35	15.03	15.17	2210	15.17	300023	宝德股份	SZ	15.31	15.31	
782	2011-04-14	15.39	15.39	15.24	15.31	3317	15.31	300023	宝德股份	SZ	15.33	15.33	
783	2011-04-13	15.05	15.36	15.05	15.33	3517	15.33	300023	宝德股份	SZ	15.12	15.12	
784	2011-04-12	15.17	15.23	15.03	15.12	4752	15.12	300023	宝德股份	SZ	15.2	15.2	
785	2011-04-11	15.4	15.48	15.16	15.2	5848	15.2	300023	宝德股份	SZ	15.37	15.37	
786	2011-04-08	15.15	15.37	15.13	15.37	4528	15.37	300023	宝德股份	SZ	15.19	15.19	
787	2011-04-07	15.05	15.2	15.03	15.19	3355	15.19	300023	宝德股份	SZ	15.14	15.14	
788	2011-04-06	15.18	15.18	15	15.14	4218	15.14	300023	宝德股份	SZ	15.19	15.19	
789	2011-04-01	15.1	15.19	14.95	15.19	3323	15.19	300023	宝德股份	SZ	15.08	15.08	
790	2011-03-31	15.15	15.38	15.05	15.08	3774	15.08	300023	宝德股份	SZ	15.18	15.18	
791	2011-03-30	15.4	15.5	15	15.18	7479	15.18	300023	宝德股份	SZ	15.49	15.49	
792	2011-03-29	15.81	16.03	15.42	15.49	7867	15.49	300023	宝德股份	SZ	16.03	16.03	
793	2011-03-28	15.91	16.16	15.89	16.03	6394	16.03	300023	宝德股份	SZ	15.89	15.89	
794	2011-03-25	15.88	15.99	15.81	15.89	5007	15.89	300023	宝德股份	SZ	15.88	15.88	
795	2011-03-24	16.03	16.03	15.8	15.88	4683	15.88	300023	宝德股份	SZ	15.95	15.95	
796	2011-03-23	15.83	15.97	15.69	15.95	4313	15.95	300023	宝德股份	SZ	15.8	15.8	
797	2011-03-22	15.8	15.83	15.63	15.8	3683	15.8	300023	宝德股份	SZ	15.79	15.79	
798	2011-03-21	15.76	15.93	15.61	15.79	5117	15.79	300023	宝德股份	SZ	15.79	15.79	
799	2011-03-18	15.63	15.91	15.63	15.79	3144	15.79	300023	宝德股份	SZ	15.63	15.63	
800	2011-03-17	15.75	15.94	15.56	15.63	5620	15.63	300023	宝德股份	SZ	16.03	16.03	
801	2011-03-16	15.85	16.13	15.8	16.03	7709	16.03	300023	宝德股份	SZ	15.69	15.69	
802	2011-03-15	16.27	16.27	15.42	15.69	7619	15.69	300023	宝德股份	SZ	16.3	16.3	
803	2011-03-14	16.15	16.32	16.03	16.3	6148	16.3	300023	宝德股份	SZ	16.15	16.15	
804	2011-03-11	16.36	16.5	16.15	16.15	7370	16.15	300023	宝德股份	SZ	16.36	16.36	
805	2011-03-10	16.55	16.71	16.36	16.36	6234	16.36	300023	宝德股份	SZ	16.56	16.56	
806	2011-03-09	16.79	16.79	16.49	16.56	5646	16.56	300023	宝德股份	SZ	16.74	16.74	
807	2011-03-08	16.5	16.74	16.41	16.74	11107	16.74	300023	宝德股份	SZ	16.5	16.5	
808	2011-03-07	16.44	16.62	16.38	16.5	7654	16.5	300023	宝德股份	SZ	16.42	16.42	
809	2011-03-04	16.46	16.46	16.11	16.42	4707	16.42	300023	宝德股份	SZ	16.44	16.44	
810	2011-03-03	16.53	16.76	16.36	16.44	9407	16.44	300023	宝德股份	SZ	16.56	16.56	
811	2011-03-02	16.3	16.56	16.19	16.56	7787	16.56	300023	宝德股份	SZ	16.37	16.37	
812	2011-03-01	16.43	16.45	16.18	16.37	4996	16.37	300023	宝德股份	SZ	16.43	16.43	
813	2011-02-28	16.29	16.56	16.03	16.43	5929	16.43	300023	宝德股份	SZ	16.22	16.22	
814	2011-02-25	16.18	16.42	16.02	16.22	3931	16.22	300023	宝德股份	SZ	16.22	16.22	
815	2011-02-24	16.06	16.22	15.84	16.22	4832	16.22	300023	宝德股份	SZ	15.99	15.99	
816	2011-02-23	15.8	16.08	15.71	15.99	3691	15.99	300023	宝德股份	SZ	15.82	15.82	
817	2011-02-22	16.5	16.5	15.74	15.82	8850	15.82	300023	宝德股份	SZ	16.42	16.42	
818	2011-02-21	16.26	16.45	16.06	16.42	5272	16.42	300023	宝德股份	SZ	16.26	16.26	
819	2011-02-18	16.48	16.55	16.18	16.26	5111	16.26	300023	宝德股份	SZ	16.48	16.48	
820	2011-02-17	16.6	16.84	16.35	16.48	5821	16.48	300023	宝德股份	SZ	16.5	16.5	
821	2011-02-16	16.47	16.53	16.15	16.5	6366	16.5	300023	宝德股份	SZ	16.24	16.24	
822	2011-02-15	16.39	16.52	16.2	16.24	6578	16.24	300023	宝德股份	SZ	16.39	16.39	
823	2011-02-14	16.25	16.45	16.1	16.39	6293	16.39	300023	宝德股份	SZ	16.27	16.27	
824	2011-02-11	16.28	16.41	16.01	16.27	11754	16.27	300023	宝德股份	SZ	16.42	16.42	
825	2011-02-10	15.03	16.6	15	16.42	14211	16.42	300023	宝德股份	SZ	15.09	15.09	
826	2011-02-09	15.06	15.4	15.02	15.09	2438	15.09	300023	宝德股份	SZ	15.33	15.33	
827	2011-02-01	15.25	15.41	15.21	15.33	2498	15.33	300023	宝德股份	SZ	15.36	15.36	
828	2011-01-31	15.32	15.42	15.16	15.36	4188	15.36	300023	宝德股份	SZ	15.31	15.31	
829	2011-01-28	15.1	15.35	14.98	15.31	3635	15.31	300023	宝德股份	SZ	15.02	15.02	
830	2011-01-27	14.88	15.09	14.64	15.02	3524	15.02	300023	宝德股份	SZ	14.85	14.85	
831	2011-01-26	14.6	14.94	14.6	14.85	2408	14.85	300023	宝德股份	SZ	14.65	14.65	
832	2011-01-25	14.66	14.75	14.57	14.65	2296	14.65	300023	宝德股份	SZ	14.69	14.69	
833	2011-01-24	15.29	15.39	14.66	14.69	3313	14.69	300023	宝德股份	SZ	15	15	
834	2011-01-21	14.8	15.1	14.75	15	3283	15	300023	宝德股份	SZ	14.93	14.93	
835	2011-01-20	15.22	15.43	14.87	14.93	2702	14.93	300023	宝德股份	SZ	15.39	15.39	
836	2011-01-19	15.1	15.43	15.1	15.39	1949	15.39	300023	宝德股份	SZ	15.18	15.18	
837	2011-01-18	14.98	15.21	14.85	15.18	2434	15.18	300023	宝德股份	SZ	15.05	15.05	
838	2011-01-17	15.71	15.81	14.86	15.05	3642	15.05	300023	宝德股份	SZ	15.71	15.71	
839	2011-01-14	16.09	16.09	15.6	15.71	2802	15.71	300023	宝德股份	SZ	16.07	16.07	
840	2011-01-13	15.91	16.1	15.87	16.07	3868	16.07	300023	宝德股份	SZ	15.88	15.88	
841	2011-01-12	15.99	16.1	15.4	15.88	4414	15.88	300023	宝德股份	SZ	15.84	15.84	
842	2011-01-11	16.17	16.17	15.64	15.84	4003	15.84	300023	宝德股份	SZ	16.06	16.06	
843	2011-01-10	16.44	16.62	16.03	16.06	3572	16.06	300023	宝德股份	SZ	16.44	16.44	
844	2011-01-07	16.48	16.59	16.29	16.44	4388	16.44	300023	宝德股份	SZ	16.45	16.45	
845	2011-01-06	16.71	16.85	16.33	16.45	6007	16.45	300023	宝德股份	SZ	16.7	16.7	
846	2011-01-05	16.7	16.95	16.6	16.7	4606	16.7	300023	宝德股份	SZ	16.67	16.67	
847	2011-01-04	16.56	16.79	16.5	16.67	5698	16.67	300023	宝德股份	SZ	16.55	16.55	
848	2010-12-31	16.35	16.56	16.32	16.55	3713	16.55	300023	宝德股份	SZ	16.32	16.32	
849	2010-12-30	16.2	16.4	16.16	16.32	4144	16.32	300023	宝德股份	SZ	16.32	16.32	
850	2010-12-29	16	16.32	15.91	16.32	5708	16.32	300023	宝德股份	SZ	16	16	
851	2010-12-28	16.9	16.9	16	16	8200	16	300023	宝德股份	SZ	16.94	16.94	
852	2010-12-27	17.96	17.96	16.53	16.94	8322	16.94	300023	宝德股份	SZ	17.89	17.89	
853	2010-12-24	17.9	18.26	17.6	17.89	7183	17.89	300023	宝德股份	SZ	18.26	18.26	
854	2010-12-23	18.58	19.09	18.2	18.26	11244	18.26	300023	宝德股份	SZ	18.71	18.71	
855	2010-12-22	18.35	18.88	18.35	18.71	21805	18.71	300023	宝德股份	SZ	18.12	18.12	
856	2010-12-21	18.03	18.2	17.6	18.12	7921	18.12	300023	宝德股份	SZ	18	18	
857	2010-12-20	18.89	18.98	17.52	18	16366	18	300023	宝德股份	SZ	18.76	18.76	
858	2010-12-17	18.58	18.89	18.4	18.76	12057	18.76	300023	宝德股份	SZ	18.58	18.58	
859	2010-12-16	18.1	18.64	18.1	18.58	13442	18.58	300023	宝德股份	SZ	18.18	18.18	
860	2010-12-15	18.4	18.43	18.1	18.18	9762	18.18	300023	宝德股份	SZ	18.42	18.42	
861	2010-12-14	18.3	18.67	18.18	18.42	9352	18.42	300023	宝德股份	SZ	18.29	18.29	
862	2010-12-13	18	18.45	18	18.29	12156	18.29	300023	宝德股份	SZ	17.8	17.8	
863	2010-12-10	17.66	17.8	17.33	17.8	5675	17.8	300023	宝德股份	SZ	17.4	17.4	
864	2010-12-09	17.85	17.88	17.3	17.4	5277	17.4	300023	宝德股份	SZ	17.79	17.79	
865	2010-12-08	17.8	18.18	17.75	17.79	8164	17.79	300023	宝德股份	SZ	17.93	17.93	
866	2010-12-07	17.48	17.94	17.25	17.93	7154	17.93	300023	宝德股份	SZ	17.5	17.5	
867	2010-12-06	17.67	17.67	17.16	17.5	6508	17.5	300023	宝德股份	SZ	17.56	17.56	
868	2010-12-03	17.78	17.9	17.32	17.56	7920	17.56	300023	宝德股份	SZ	17.78	17.78	
869	2010-12-02	17.88	18.26	17.68	17.78	13079	17.78	300023	宝德股份	SZ	17.67	17.67	
870	2010-12-01	17.96	17.98	17.53	17.67	8879	17.67	300023	宝德股份	SZ	17.94	17.94	
871	2010-11-30	19.27	19.33	17.69	17.94	17210	17.94	300023	宝德股份	SZ	19.22	19.22	
872	2010-11-29	18.88	19.36	18.7	19.22	15367	19.22	300023	宝德股份	SZ	19.28	19.28	
873	2010-11-26	19.16	19.6	18.88	19.28	14439	19.28	300023	宝德股份	SZ	19.22	19.22	
874	2010-11-25	19.78	19.9	19.03	19.22	17382	19.22	300023	宝德股份	SZ	19.77	19.77	
875	2010-11-24	19.6	19.8	19.17	19.77	20277	19.77	300023	宝德股份	SZ	19.73	19.73	
876	2010-11-23	19.3	19.78	18.67	19.73	26223	19.73	300023	宝德股份	SZ	19.48	19.48	
877	2010-11-22	20.22	20.39	19.23	19.48	42118	19.48	300023	宝德股份	SZ	20.17	20.17	
878	2010-11-19	19.4	20.49	19.01	20.17	51182	20.17	300023	宝德股份	SZ	19.62	19.62	
879	2010-11-18	18.49	19.78	17.98	19.62	58618	19.62	300023	宝德股份	SZ	18.18	18.18	
880	2010-11-17	16.7	18.18	16.7	18.18	27819	18.18	300023	宝德股份	SZ	17.36	17.36	
881	2010-11-16	17.89	18.31	17.12	17.36	24541	17.36	300023	宝德股份	SZ	17.8	17.8	
882	2010-11-15	16.79	17.8	16.75	17.8	17094	17.8	300023	宝德股份	SZ	16.8	16.8	
883	2010-11-12	17.75	18.36	16.75	16.8	24215	16.8	300023	宝德股份	SZ	18.04	18.04	
884	2010-11-11	18.48	18.74	18.04	18.04	25650	18.04	300023	宝德股份	SZ	18.43	18.43	
885	2010-11-10	17.81	18.53	17.78	18.43	31920	18.43	300023	宝德股份	SZ	17.95	17.95	
886	2010-11-09	17.62	17.99	17.45	17.95	22831	17.95	300023	宝德股份	SZ	17.61	17.61	
887	2010-11-08	17.28	17.72	17.19	17.61	16867	17.61	300023	宝德股份	SZ	17.14	17.14	
888	2010-11-05	17.36	17.4	16.92	17.14	15643	17.14	300023	宝德股份	SZ	17.15	17.15	
889	2010-11-04	17.11	17.26	16.65	17.15	11147	17.15	300023	宝德股份	SZ	16.97	16.97	
890	2010-11-03	17.27	17.55	16.8	16.97	14223	16.97	300023	宝德股份	SZ	17.55	17.55	
891	2010-11-02	18	18.2	17.5	17.55	22599	17.55	300023	宝德股份	SZ	18.16	18.16	
892	2010-11-01	17.31	18.48	17.3	18.16	36280	18.16	300023	宝德股份	SZ	17.3	17.3	
893	2010-10-29	17.02	17.62	16.7	17.3	19181	17.3	300023	宝德股份	SZ	17	17	
894	2010-10-28	17.02	17.22	16.7	17	12096	17	300023	宝德股份	SZ	17.14	17.14	
895	2010-10-27	17.67	18.07	17.14	17.14	18485	17.14	300023	宝德股份	SZ	17.69	17.69	
896	2010-10-26	17.48	17.75	17.04	17.69	19566	17.69	300023	宝德股份	SZ	17.7	17.7	
897	2010-10-25	17.86	17.96	16.94	17.7	31603	17.7	300023	宝德股份	SZ	17.48	17.48	
898	2010-10-22	16.59	18.1	16.59	17.48	34234	17.48	300023	宝德股份	SZ	16.58	16.58	
899	2010-10-21	17	17	16.37	16.58	27818	16.58	300023	宝德股份	SZ	17.44	17.44	
900	2010-10-20	16.57	17.94	16.57	17.44	58043	17.44	300023	宝德股份	SZ	16.31	16.31	
901	2010-10-19	14.8	16.31	14.75	16.31	19387	16.31	300023	宝德股份	SZ	14.83	14.83	
902	2010-10-18	15.08	15.14	14.42	14.83	9980	14.83	300023	宝德股份	SZ	15.11	15.11	
903	2010-10-15	15.53	15.65	15.02	15.11	9713	15.11	300023	宝德股份	SZ	15.54	15.54	
904	2010-10-14	15.9	15.95	15.54	15.54	9398	15.54	300023	宝德股份	SZ	15.8	15.8	
905	2010-10-13	15.69	15.85	15.41	15.8	10274	15.8	300023	宝德股份	SZ	15.75	15.75	
906	2010-10-12	15.77	15.97	15.56	15.75	6251	15.75	300023	宝德股份	SZ	15.73	15.73	
907	2010-10-11	15.67	16	15.65	15.73	6622	15.73	300023	宝德股份	SZ	15.67	15.67	
908	2010-10-08	15.44	15.7	15.3	15.67	5633	15.67	300023	宝德股份	SZ	15.25	15.25	
909	2010-09-30	15	15.25	14.88	15.25	4362	15.25	300023	宝德股份	SZ	15.02	15.02	
910	2010-09-29	15.41	15.5	14.91	15.02	4904	15.02	300023	宝德股份	SZ	15.47	15.47	
911	2010-09-28	15.8	15.86	15.4	15.47	4385	15.47	300023	宝德股份	SZ	15.79	15.79	
912	2010-09-27	15.67	15.87	15.52	15.79	2907	15.79	300023	宝德股份	SZ	15.57	15.57	
913	2010-09-21	15.61	15.79	15.26	15.57	4427	15.57	300023	宝德股份	SZ	15.62	15.62	
914	2010-09-20	16.12	16.28	15.58	15.62	7597	15.62	300023	宝德股份	SZ	16.12	16.12	
915	2010-09-17	16.05	16.42	16.05	16.12	6716	16.12	300023	宝德股份	SZ	16.05	16.05	
916	2010-09-16	16.81	16.99	15.8	16.05	13306	16.05	300023	宝德股份	SZ	16.9	16.9	
917	2010-09-15	17.6	17.64	16.88	16.9	15425	16.9	300023	宝德股份	SZ	17.58	17.58	
918	2010-09-14	17.92	18.08	17.55	17.58	18453	17.58	300023	宝德股份	SZ	17.92	17.92	
919	2010-09-13	17.77	18.1	17.5	17.92	21680	17.92	300023	宝德股份	SZ	17.89	17.89	
920	2010-09-10	17.98	18.25	17.35	17.89	30966	17.89	300023	宝德股份	SZ	18.01	18.01	
921	2010-09-09	16.86	18.47	16.8	18.01	51739	18.01	300023	宝德股份	SZ	16.86	16.86	
922	2010-09-08	16.83	16.98	16.72	16.86	6960	16.86	300023	宝德股份	SZ	16.88	16.88	
923	2010-09-07	16.98	16.98	16.66	16.88	6790	16.88	300023	宝德股份	SZ	16.98	16.98	
924	2010-09-06	17.36	17.4	16.65	16.98	14908	16.98	300023	宝德股份	SZ	17.36	17.36	
925	2010-09-03	16.99	17.4	16.85	17.36	19951	17.36	300023	宝德股份	SZ	16.96	16.96	
926	2010-09-02	16.85	17	16.62	16.96	13282	16.96	300023	宝德股份	SZ	16.76	16.76	
927	2010-09-01	17.24	17.3	16.53	16.76	12707	16.76	300023	宝德股份	SZ	17.08	17.08	
928	2010-08-31	17	17.28	16.93	17.08	15599	17.08	300023	宝德股份	SZ	17.13	17.13	
929	2010-08-30	16.45	17.14	16.35	17.13	15895	17.13	300023	宝德股份	SZ	16.47	16.47	
930	2010-08-27	16.14	16.53	16.07	16.47	7499	16.47	300023	宝德股份	SZ	16.27	16.27	
931	2010-08-26	16.27	16.43	16.08	16.27	6938	16.27	300023	宝德股份	SZ	16.27	16.27	
932	2010-08-25	16.75	16.95	16.24	16.27	11002	16.27	300023	宝德股份	SZ	17.06	17.06	
933	2010-08-24	16.97	17.09	16.53	17.06	9826	17.06	300023	宝德股份	SZ	16.94	16.94	
934	2010-08-23	17.04	17.17	16.9	16.94	7897	16.94	300023	宝德股份	SZ	17.05	17.05	
935	2010-08-20	17.75	17.75	17.05	17.05	12267	17.05	300023	宝德股份	SZ	17.83	17.83	
936	2010-08-19	17.88	18.02	17.6	17.83	12626	17.83	300023	宝德股份	SZ	17.87	17.87	
937	2010-08-18	18.06	18.18	17.83	17.87	9861	17.87	300023	宝德股份	SZ	18.08	18.08	
938	2010-08-17	18.3	18.3	17.9	18.08	13717	18.08	300023	宝德股份	SZ	18.24	18.24	
939	2010-08-16	17.8	18.29	17.8	18.24	17115	18.24	300023	宝德股份	SZ	17.9	17.9	
940	2010-08-13	17.72	17.95	17.32	17.9	12263	17.9	300023	宝德股份	SZ	17.68	17.68	
941	2010-08-12	17.51	17.97	17.34	17.68	14771	17.68	300023	宝德股份	SZ	17.74	17.74	
942	2010-08-11	17.55	17.75	17.18	17.74	11930	17.74	300023	宝德股份	SZ	17.58	17.58	
943	2010-08-10	17.85	18.48	17.56	17.58	32821	17.58	300023	宝德股份	SZ	17.71	17.71	
944	2010-08-09	17.4	17.76	17.4	17.71	15600	17.71	300023	宝德股份	SZ	17.41	17.41	
945	2010-08-06	17.22	17.46	17.05	17.41	11517	17.41	300023	宝德股份	SZ	17.2	17.2	
946	2010-08-05	16.96	17.45	16.92	17.2	10565	17.2	300023	宝德股份	SZ	17.08	17.08	
947	2010-08-04	17.24	17.29	16.69	17.08	8754	17.08	300023	宝德股份	SZ	17.27	17.27	
948	2010-08-03	17.9	17.9	17.26	17.27	13826	17.27	300023	宝德股份	SZ	17.88	17.88	
949	2010-08-02	18	18.04	17.5	17.88	18689	17.88	300023	宝德股份	SZ	17.68	17.68	
950	2010-07-30	17.67	17.85	17.21	17.68	14843	17.68	300023	宝德股份	SZ	17.66	17.66	
951	2010-07-29	17.09	17.79	17.09	17.66	18330	17.66	300023	宝德股份	SZ	17.05	17.05	
952	2010-07-28	16.7	17.07	16.55	17.05	12153	17.05	300023	宝德股份	SZ	16.81	16.81	
953	2010-07-27	17.06	17.06	16.68	16.81	10154	16.81	300023	宝德股份	SZ	17.06	17.06	
954	2010-07-26	16.79	17.1	16.72	17.06	11408	17.06	300023	宝德股份	SZ	16.79	16.79	
955	2010-07-23	16.39	16.84	16.39	16.79	12746	16.79	300023	宝德股份	SZ	16.44	16.44	
956	2010-07-22	16.21	16.47	16	16.44	8672	16.44	300023	宝德股份	SZ	16.22	16.22	
957	2010-07-21	16.25	16.56	16	16.22	11294	16.22	300023	宝德股份	SZ	16.22	16.22	
958	2010-07-20	15.7	16.27	15.65	16.22	8671	16.22	300023	宝德股份	SZ	15.77	15.77	
959	2010-07-19	15.43	15.88	15.22	15.77	4234	15.77	300023	宝德股份	SZ	15.47	15.47	
960	2010-07-16	15.5	15.6	15.16	15.47	4565	15.47	300023	宝德股份	SZ	15.6	15.6	
961	2010-07-15	16.3	16.44	15.6	15.6	6534	15.6	300023	宝德股份	SZ	16.39	16.39	
962	2010-07-14	16.49	16.82	16.3	16.39	9980	16.39	300023	宝德股份	SZ	16.67	16.67	
963	2010-07-13	16.86	16.86	16	16.67	10548	16.67	300023	宝德股份	SZ	16.76	16.76	
964	2010-07-12	16.49	16.96	16.3	16.76	11232	16.76	300023	宝德股份	SZ	16.5	16.5	
965	2010-07-09	16.15	16.6	15.93	16.5	8245	16.5	300023	宝德股份	SZ	16.16	16.16	
966	2010-07-08	16.49	16.75	15.91	16.16	10176	16.16	300023	宝德股份	SZ	16.5	16.5	
967	2010-07-07	15.89	16.88	15.81	16.5	16468	16.5	300023	宝德股份	SZ	15.37	15.37	
968	2010-07-05	15	15.54	14.8	15.37	5893	15.37	300023	宝德股份	SZ	15.25	15.25	
969	2010-07-02	14.83	15.3	14.28	15.25	7832	15.25	300023	宝德股份	SZ	14.85	14.85	
970	2010-07-01	15.49	15.5	14.82	14.85	5687	14.85	300023	宝德股份	SZ	15.54	15.54	
971	2010-06-30	14.88	15.65	14.58	15.54	8466	15.54	300023	宝德股份	SZ	15.22	15.22	
972	2010-06-29	16.33	16.78	15.22	15.22	8345	15.22	300023	宝德股份	SZ	16.67	16.67	
973	2010-06-28	16.52	17.2	16.5	16.67	4918	16.67	300023	宝德股份	SZ	17.05	17.05	
974	2010-06-25	17.73	17.73	16.72	17.05	7850	17.05	300023	宝德股份	SZ	17.77	17.77	
975	2010-06-24	17.51	17.88	17.4	17.77	8590	17.77	300023	宝德股份	SZ	17.48	17.48	
976	2010-06-23	17.23	17.7	16.9	17.48	6347	17.48	300023	宝德股份	SZ	17.28	17.28	
977	2010-06-22	17.26	17.59	17.01	17.28	8652	17.28	300023	宝德股份	SZ	17.27	17.27	
978	2010-06-21	16.48	17.27	16.11	17.27	8770	17.27	300023	宝德股份	SZ	16.55	16.55	
979	2010-06-18	17.8	17.8	16.3	16.55	13921	16.55	300023	宝德股份	SZ	17.96	17.96	
980	2010-06-17	19.06	19.29	17.9	17.96	12625	17.96	300023	宝德股份	SZ	19	19	
981	2010-06-11	19.23	19.25	18.86	19	15200	19	300023	宝德股份	SZ	19.2	19.2	
982	2010-06-10	18.5	19.39	18.3	19.2	18609	19.2	300023	宝德股份	SZ	18.72	18.72	
983	2010-06-09	18.44	19.5	18.41	18.72	29306	18.72	300023	宝德股份	SZ	18.35	18.35	
984	2010-06-08	18.4	18.9	17.96	18.35	21831	18.35	300023	宝德股份	SZ	18.6	18.6	
985	2010-06-07	16.4	18.83	16.4	18.6	34543	18.6	300023	宝德股份	SZ	17.28	17.28	
986	2010-06-04	16.55	17.47	16.52	17.28	11487	17.28	300023	宝德股份	SZ	16.82	16.82	
987	2010-06-03	17.01	17.39	16.8	16.82	10968	16.82	300023	宝德股份	SZ	16.91	16.91	
988	2010-06-02	16.39	16.95	16.12	16.91	6979	16.91	300023	宝德股份	SZ	16.53	16.53	
989	2010-06-01	16.81	17.25	16.11	16.53	10545	16.53	300023	宝德股份	SZ	17.26	17.26	
990	2010-05-31	17.8	18	17.2	17.26	13556	17.26	300023	宝德股份	SZ	17.81	17.81	
991	2010-05-28	17.35	17.99	17.03	17.81	18568	17.81	300023	宝德股份	SZ	17.16	17.16	
992	2010-05-27	16.49	17.29	16.04	17.16	13480	17.16	300023	宝德股份	SZ	16.53	16.53	
993	2010-05-26	16.2	16.68	16.09	16.53	10731	16.53	300023	宝德股份	SZ	16.41	16.41	
994	2010-05-25	16.36	16.77	16.15	16.41	9314	16.41	300023	宝德股份	SZ	16.58	16.58	
995	2010-05-24	15.45	16.58	15.43	16.58	14000	16.58	300023	宝德股份	SZ	15.45	15.45	
996	2010-05-21	14.55	15.55	14.34	15.45	9483	15.45	300023	宝德股份	SZ	15.11	15.11	
997	2010-05-20	15.4	15.85	15.1	15.11	6647	15.11	300023	宝德股份	SZ	15.6	15.6	
998	2010-05-19	15.2	15.98	14.55	15.6	10119	15.6	300023	宝德股份	SZ	23.27	23.27	
999	2010-05-18	23.67	23.69	22.3	23.27	6586	23.27	300023	宝德股份	SZ	23.48	23.48	
1000	2010-05-17	25.41	25.46	23.46	23.48	5236	23.48	300023	宝德股份	SZ	25.76	25.76	
1001	2010-05-14	25.6	25.98	25.2	25.76	3641	25.76	300023	宝德股份	SZ	25.62	25.62	
1002	2010-05-13	24.8	25.7	24.25	25.62	4859	25.62	300023	宝德股份	SZ	24.86	24.86	
1003	2010-05-12	25.02	25.5	24.12	24.86	3664	24.86	300023	宝德股份	SZ	25.1	25.1	
1004	2010-05-11	26.1	26.46	25	25.1	4615	25.1	300023	宝德股份	SZ	25.58	25.58	
1005	2010-05-10	26.68	27.08	24.81	25.58	7676	25.58	300023	宝德股份	SZ	27.01	27.01	
1006	2010-05-07	26.88	27.78	26.31	27.01	5271	27.01	300023	宝德股份	SZ	27.38	27.38	
1007	2010-05-06	29.15	29.42	27.31	27.38	7277	27.38	300023	宝德股份	SZ	29.15	29.15	
1008	2010-05-05	27.31	29.27	27.31	29.15	6666	29.15	300023	宝德股份	SZ	27.63	27.63	
1009	2010-05-04	26.56	27.88	26.44	27.63	6370	27.63	300023	宝德股份	SZ	27.26	27.26	
1010	2010-04-30	28.04	28.1	26.5	27.26	6561	27.26	300023	宝德股份	SZ	28	28	
1011	2010-04-29	28.9	29.2	27.91	28	5813	28	300023	宝德股份	SZ	28.8	28.8	
1012	2010-04-28	28.11	29.45	28.1	28.8	6324	28.8	300023	宝德股份	SZ	28.97	28.97	
1013	2010-04-27	30.25	30.25	28.36	28.97	11901	28.97	300023	宝德股份	SZ	30.65	30.65	
1014	2010-04-26	32.55	32.55	30.65	30.65	25547	30.65	300023	宝德股份	SZ	34.05	34.05	
1015	2010-04-23	35.04	35.29	33.68	34.05	8646	34.05	300023	宝德股份	SZ	35.05	35.05	
1016	2010-04-22	34.12	35.54	33.81	35.05	11013	35.05	300023	宝德股份	SZ	34.14	34.14	
1017	2010-04-21	32.88	34.3	32.58	34.14	8472	34.14	300023	宝德股份	SZ	32.8	32.8	
1018	2010-04-20	33.99	33.99	31.1	32.8	9784	32.8	300023	宝德股份	SZ	33.41	33.41	
1019	2010-04-19	34.25	35.15	33.34	33.41	12496	33.41	300023	宝德股份	SZ	33.73	33.73	
1020	2010-04-15	36.54	36.89	33.33	33.73	16940	33.73	300023	宝德股份	SZ	36.4	36.4	
1021	2010-04-14	37	37.47	36.01	36.4	11752	36.4	300023	宝德股份	SZ	37.3	37.3	
1022	2010-04-13	40.45	40.85	36.68	37.3	20015	37.3	300023	宝德股份	SZ	40.75	40.75	
1023	2010-04-12	40.5	41.2	39.7	40.75	19553	40.75	300023	宝德股份	SZ	39.99	39.99	
1024	2010-04-09	38.01	40	38.01	39.99	14170	39.99	300023	宝德股份	SZ	38.49	38.49	
1025	2010-04-08	39.75	40.48	38.23	38.49	21258	38.49	300023	宝德股份	SZ	39.98	39.98	
1026	2010-04-07	39.62	40.2	38.9	39.98	19774	39.98	300023	宝德股份	SZ	39.25	39.25	
1027	2010-04-06	38.11	39.3	38.02	39.25	18013	39.25	300023	宝德股份	SZ	37.89	37.89	
1028	2010-04-02	37.02	38.2	37.02	37.89	11922	37.89	300023	宝德股份	SZ	37.86	37.86	
1029	2010-04-01	37.6	39.38	37.4	37.86	27286	37.86	300023	宝德股份	SZ	37.55	37.55	
1030	2010-03-31	36.81	38.2	36.52	37.55	18331	37.55	300023	宝德股份	SZ	36.75	36.75	
1031	2010-03-30	35.95	36.94	35.6	36.75	9909	36.75	300023	宝德股份	SZ	35.96	35.96	
1032	2010-03-29	36.45	36.92	35.01	35.96	11226	35.96	300023	宝德股份	SZ	36.41	36.41	
1033	2010-03-26	37.4	37.4	35.9	36.41	15098	36.41	300023	宝德股份	SZ	37.91	37.91	
1034	2010-03-25	37.12	38.31	36.6	37.91	26030	37.91	300023	宝德股份	SZ	37.12	37.12	
1035	2010-03-24	35.8	37.28	35.2	37.12	27194	37.12	300023	宝德股份	SZ	35.59	35.59	
1036	2010-03-23	34.76	35.88	34.52	35.59	19954	35.59	300023	宝德股份	SZ	34.79	34.79	
1037	2010-03-22	34.9	34.99	34.2	34.79	12996	34.79	300023	宝德股份	SZ	34.92	34.92	
1038	2010-03-19	34.99	35.44	34.78	34.92	11231	34.92	300023	宝德股份	SZ	35.43	35.43	
1039	2010-03-18	36.54	36.6	34	35.43	30755	35.43	300023	宝德股份	SZ	36.4	36.4	
1040	2010-03-15	35.82	37.28	35.82	36.4	17911	36.4	300023	宝德股份	SZ	35.3	35.3	
1041	2010-03-12	35.8	36.8	35.21	35.3	18790	35.3	300023	宝德股份	SZ	35.8	35.8	
1042	2010-03-11	35.2	36.1	33.8	35.8	14448	35.8	300023	宝德股份	SZ	35.2	35.2	
1043	2010-03-10	35.2	36.16	34.82	35.2	10907	35.2	300023	宝德股份	SZ	35.21	35.21	
1044	2010-03-09	35.6	35.6	34.71	35.21	9504	35.21	300023	宝德股份	SZ	35.56	35.56	
1045	2010-03-08	34	35.8	34	35.56	17302	35.56	300023	宝德股份	SZ	34.14	34.14	
1046	2010-03-05	32.5	34.25	32.24	34.14	13950	34.14	300023	宝德股份	SZ	32.22	32.22	
1047	2010-03-04	33.51	34.18	32.16	32.22	11703	32.22	300023	宝德股份	SZ	33.59	33.59	
1048	2010-03-03	34.89	35.39	33.46	33.59	17457	33.59	300023	宝德股份	SZ	35.1	35.1	
1049	2010-03-02	35.13	35.58	34.78	35.1	11804	35.1	300023	宝德股份	SZ	34.96	34.96	
1050	2010-03-01	34.6	35.25	34.04	34.96	12994	34.96	300023	宝德股份	SZ	34.4	34.4	
1051	2010-02-26	33.76	35.3	33.76	34.4	12610	34.4	300023	宝德股份	SZ	34.29	34.29	
1052	2010-02-25	34.4	34.9	33.85	34.29	19973	34.29	300023	宝德股份	SZ	34.42	34.42	
1053	2010-02-24	31.07	34.42	31.07	34.42	19751	34.42	300023	宝德股份	SZ	31.29	31.29	
1054	2010-02-23	30.78	31.35	30.1	31.29	7895	31.29	300023	宝德股份	SZ	30.87	30.87	
1055	2010-02-22	31.31	32	30.68	30.87	10591	30.87	300023	宝德股份	SZ	31.49	31.49	
1060	2010-02-12	30.99	31.65	30.6	31.49	10572	31.49	300023	宝德股份	SZ	31	31	
1061	2010-02-11	30.08	31.68	29.6	31	13595	31	300023	宝德股份	SZ	30.14	30.14	
1062	2010-02-10	29	30.49	28.48	30.14	13329	30.14	300023	宝德股份	SZ	28.81	28.81	
1063	2010-02-09	28.75	29.56	28.61	28.81	11333	28.81	300023	宝德股份	SZ	28.59	28.59	
1064	2010-02-08	28.1	28.9	27.75	28.59	11322	28.59	300023	宝德股份	SZ	27.71	27.71	
1065	2010-02-05	27.08	28.38	27	27.71	7241	27.71	300023	宝德股份	SZ	27.8	27.8	
1066	2010-02-04	27.1	28.2	27.1	27.8	11267	27.8	300023	宝德股份	SZ	27.63	27.63	
1067	2010-02-03	27.8	28.1	26.1	27.63	13874	27.63	300023	宝德股份	SZ	27.96	27.96	
1068	2010-02-02	28.27	29	27.7	27.96	14313	27.96	300023	宝德股份	SZ	28.31	28.31	
1069	2010-02-01	28.07	31	28.07	28.31	29583	28.31	300023	宝德股份	SZ	31.19	31.19	
1070	2010-01-29	31.19	31.97	30.51	31.19	4286	31.19	300023	宝德股份	SZ	31.19	31.19	
1071	2010-01-28	32.15	32.29	30.75	31.19	4931	31.19	300023	宝德股份	SZ	32.16	32.16	
1072	2010-01-27	32.3	32.8	31.53	32.16	5253	32.16	300023	宝德股份	SZ	32.33	32.33	
1073	2010-01-26	33.45	34.49	32.11	32.33	6779	32.33	300023	宝德股份	SZ	33.52	33.52	
1074	2010-01-22	35.02	35.1	33.4	33.52	8376	33.52	300023	宝德股份	SZ	35.8	35.8	
1075	2010-01-21	35.49	36.2	35.3	35.8	4928	35.8	300023	宝德股份	SZ	35.4	35.4	
1076	2010-01-20	37.8	38	35.35	35.4	10020	35.4	300023	宝德股份	SZ	37.9	37.9	
1077	2010-01-19	39.2	39.2	37.71	37.9	7974	37.9	300023	宝德股份	SZ	39.14	39.14	
1078	2010-01-18	39.8	39.8	38.5	39.14	7543	39.14	300023	宝德股份	SZ	39.75	39.75	
1079	2010-01-15	39.45	40.68	39.1	39.75	19587	39.75	300023	宝德股份	SZ	39.5	39.5	
1080	2010-01-14	36.3	39.5	35.98	39.5	19664	39.5	300023	宝德股份	SZ	35.91	35.91	
1081	2010-01-13	35.97	36.42	35.55	35.91	6507	35.91	300023	宝德股份	SZ	36.29	36.29	
1082	2010-01-12	35.57	36.76	35.17	36.29	7958	36.29	300023	宝德股份	SZ	35.3	35.3	
1083	2010-01-11	35.22	35.97	34.31	35.3	7619	35.3	300023	宝德股份	SZ	35.49	35.49	
1084	2010-01-08	36.7	36.92	34.9	35.49	8621	35.49	300023	宝德股份	SZ	36.92	36.92	
1085	2010-01-07	37.67	38.19	36.81	36.92	6634	36.92	300023	宝德股份	SZ	37.68	37.68	
1086	2010-01-06	38.2	38.57	37.68	37.68	6308	37.68	300023	宝德股份	SZ	38.6	38.6	
1087	2010-01-05	39.08	39.18	37.93	38.6	6437	38.6	300023	宝德股份	SZ	39.01	39.01	
1088	2010-01-04	38.88	39.49	38.68	39.01	5559	39.01	300023	宝德股份	SZ	38.68	38.68	
1089	2009-12-31	38.05	38.68	37.8	38.68	6557	38.68	300023	宝德股份	SZ	38.17	38.17	
1090	2009-12-30	37.71	39.3	37.31	38.17	8659	38.17	300023	宝德股份	SZ	38.32	38.32	
1091	2009-12-28	38.28	39.35	38.13	38.32	7415	38.32	300023	宝德股份	SZ	38.3	38.3	
1092	2009-12-25	39.55	40.35	38.25	38.3	9469	38.3	300023	宝德股份	SZ	39.78	39.78	
1093	2009-12-23	38.15	40.48	38.15	39.78	8614	39.78	300023	宝德股份	SZ	38.66	38.66	
1094	2009-12-22	40.68	40.81	38.09	38.66	8458	38.66	300023	宝德股份	SZ	40.75	40.75	
1095	2009-12-21	39.59	41.32	39.23	40.75	8921	40.75	300023	宝德股份	SZ	40.75	40.75	
1096	2009-12-18	39.6	42.5	36.73	40.75	18779	40.75	300023	宝德股份	SZ	40.16	40.16	
1097	2009-12-17	43.15	43.77	39.82	40.16	14143	40.16	300023	宝德股份	SZ	43.15	43.15	
1098	2009-12-16	45.7	46.3	42.4	43.15	14723	43.15	300023	宝德股份	SZ	45.7	45.7	
1099	2009-12-15	45.62	46.67	45.18	45.7	8652	45.7	300023	宝德股份	SZ	45.45	45.45	
1100	2009-12-14	47.1	47.78	44.7	45.45	12867	45.45	300023	宝德股份	SZ	47.45	47.45	
1101	2009-12-11	50.1	50.99	45.88	47.45	19956	47.45	300023	宝德股份	SZ	50.5	50.5	
1102	2009-12-10	48.7	51	48.4	50.5	27260	50.5	300023	宝德股份	SZ	48.78	48.78	
1103	2009-12-09	47.78	50.43	47.09	48.78	26670	48.78	300023	宝德股份	SZ	47.85	47.85	
1104	2009-12-08	47.21	48.4	46.07	47.85	19511	47.85	300023	宝德股份	SZ	47.23	47.23	
1105	2009-12-07	46.53	48.48	46.5	47.23	14540	47.23	300023	宝德股份	SZ	46.51	46.51	
1106	2009-12-04	48	50.2	46.51	46.51	33517	46.51	300023	宝德股份	SZ	51.68	51.68	
1107	2009-12-03	49.7	53.5	48.6	51.68	33045	51.68	300023	宝德股份	SZ	50.1	50.1	
1108	2009-12-02	49.36	51.98	48.3	50.1	29213	50.1	300023	宝德股份	SZ	49.16	49.16	
1109	2009-12-01	48	49.8	47	49.16	19047	49.16	300023	宝德股份	SZ	48.3	48.3	
1110	2009-11-30	49.12	49.88	45	48.3	23236	48.3	300023	宝德股份	SZ	49.1	49.1	
1111	2009-11-27	50.81	52.3	47.89	49.1	27803	49.1	300023	宝德股份	SZ	51.88	51.88	
1112	2009-11-26	51.04	53.78	50.13	51.88	35895	51.88	300023	宝德股份	SZ	51.54	51.54	
1113	2009-11-25	46.23	51.54	45.91	51.54	33224	51.54	300023	宝德股份	SZ	46.85	46.85	
1114	2009-11-24	49.95	51.6	45.05	46.85	34986	46.85	300023	宝德股份	SZ	49.7	49.7	
1115	2009-11-23	49.52	50.8	48.52	49.7	21868	49.7	300023	宝德股份	SZ	49.98	49.98	
1116	2009-11-20	50.81	51.55	48.57	49.98	21725	49.98	300023	宝德股份	SZ	51	51	
1117	2009-11-19	48.99	53	48.5	51	37974	51	300023	宝德股份	SZ	48.28	48.28	
1118	2009-11-18	43.7	48.28	43.51	48.28	32494	48.28	300023	宝德股份	SZ	43.89	43.89	
1119	2009-11-17	41.41	44.78	41.31	43.89	23671	43.89	300023	宝德股份	SZ	41.8	41.8	
1120	2009-11-16	40.5	42	40.2	41.8	28460	41.8	300023	宝德股份	SZ	41.37	41.37	
1121	2009-11-13	38.6	42.58	38.3	41.37	48240	41.37	300023	宝德股份	SZ	38.71	38.71	
1122	2009-11-12	34.8	38.71	34.4	38.71	39814	38.71	300023	宝德股份	SZ	35.19	35.19	
1123	2009-11-11	34.01	35.48	33.28	35.19	19466	35.19	300023	宝德股份	SZ	34.78	34.78	
1124	2009-11-10	36.05	36.79	34.7	34.78	24074	34.78	300023	宝德股份	SZ	36.54	36.54	
1125	2009-11-09	34.8	37	34.29	36.54	34528	36.54	300023	宝德股份	SZ	34.29	34.29	
1126	2009-11-06	35	35.59	33.43	34.29	30243	34.29	300023	宝德股份	SZ	35.17	35.17	
1127	2009-11-05	31.97	35.17	31.66	35.17	41282	35.17	300023	宝德股份	SZ	31.97	31.97	
1128	2009-11-04	31.66	32.12	31.08	31.97	17730	31.97	300023	宝德股份	SZ	30.66	30.66	
1129	2009-11-03	32	32.8	30	30.66	29574	30.66	300023	宝德股份	SZ	32.47	32.47	
1130	2009-11-02	32.47	34.66	32.47	32.47	43392	32.47	300023	宝德股份	SZ	36.08	36.08	
1131	2009-10-30	32.56	56	27.1	36.08	105436	36.08	300023	宝德股份	SZ	-1	-1	
