0	2014-04-29	17	17.6	17	17.6	62156	17.6	300059	东方财富	SZ	17.2	17.2	
1	2014-04-28	16.98	17.78	16.87	17.2	88606	17.2	300059	东方财富	SZ	17.19	17.19	
2	2014-04-25	18.29	18.29	16.99	17.19	97853	17.19	300059	东方财富	SZ	18.22	18.22	
3	2014-04-24	18.83	18.88	17.88	18.22	103928	18.22	300059	东方财富	SZ	18.81	18.81	
4	2014-04-23	18.46	18.9	18.33	18.81	93443	18.81	300059	东方财富	SZ	18.52	18.52	
5	2014-04-22	18.7	18.95	17.95	18.52	92551	18.52	300059	东方财富	SZ	18.77	18.77	
6	2014-04-21	18.5	19.29	18.32	18.77	155283	18.77	300059	东方财富	SZ	18.6	18.6	
7	2014-04-18	18.28	18.73	18.28	18.6	119210	18.6	300059	东方财富	SZ	18.2	18.2	
8	2014-04-17	18.05	18.53	18.05	18.2	84170	18.2	300059	东方财富	SZ	18.04	18.04	
9	2014-04-16	18.17	18.3	17.85	18.04	114059	18.04	300059	东方财富	SZ	18.54	18.54	
10	2014-04-15	18.39	18.95	18.35	18.54	159189	18.54	300059	东方财富	SZ	18.39	18.39	
11	2014-04-14	18.39	18.77	18.32	18.39	74229	18.39	300059	东方财富	SZ	18.4	18.4	
12	2014-04-11	18.88	18.95	18.28	18.4	126135	18.4	300059	东方财富	SZ	19.18	19.18	
13	2014-04-10	19.61	19.98	18.76	19.18	173159	19.18	300059	东方财富	SZ	19.32	19.32	
14	2014-04-09	18.99	19.63	18.8	19.32	174130	19.32	300059	东方财富	SZ	18.8	18.8	
15	2014-04-08	19.15	19.16	18.4	18.8	123814	18.8	300059	东方财富	SZ	19.26	19.26	
17	2014-04-04	18.85	19.51	18.81	19.26	123221	19.26	300059	东方财富	SZ	19	19	
18	2014-04-03	18.87	19.5	18.71	19	195968	19	300059	东方财富	SZ	18.86	18.86	
19	2014-04-02	18.86	19.17	18.16	18.86	277481	18.86	300059	东方财富	SZ	19	19	
20	2014-04-01	17.58	19.34	17.46	19	408993	19	300059	东方财富	SZ	17.58	17.58	
21	2014-03-31	17.15	17.6	16.68	17.58	123743	17.58	300059	东方财富	SZ	17.14	17.14	
22	2014-03-28	16.98	17.45	16.73	17.14	119302	17.14	300059	东方财富	SZ	16.98	16.98	
23	2014-03-27	17.78	18.1	16.9	16.98	123950	16.98	300059	东方财富	SZ	17.8	17.8	
24	2014-03-26	17.7	18.43	17.7	17.8	125765	17.8	300059	东方财富	SZ	17.67	17.67	
25	2014-03-25	17.68	18.19	17.51	17.67	121419	17.67	300059	东方财富	SZ	17.9	17.9	
26	2014-03-24	16.83	18.51	16.75	17.9	207889	17.9	300059	东方财富	SZ	16.94	16.94	
27	2014-03-21	16.79	17.12	15.8	16.94	158106	16.94	300059	东方财富	SZ	16.89	16.89	
28	2014-03-20	16.75	17.49	16.71	16.89	137634	16.89	300059	东方财富	SZ	16.89	16.89	
29	2014-03-19	17.05	17.31	16.75	16.89	108657	16.89	300059	东方财富	SZ	17.05	17.05	
30	2014-03-18	16.7	17.25	16.67	17.05	160001	17.05	300059	东方财富	SZ	16.67	16.67	
31	2014-03-17	15.8	16.91	15.78	16.67	205804	16.67	300059	东方财富	SZ	15.97	15.97	
32	2014-03-14	16	16.16	15.58	15.97	117720	15.97	300059	东方财富	SZ	16.16	16.16	
33	2014-03-13	15.99	16.27	15.7	16.16	113571	16.16	300059	东方财富	SZ	15.98	15.98	
34	2014-03-12	15.93	16.2	15.02	15.98	153666	15.98	300059	东方财富	SZ	16.1	16.1	
35	2014-03-11	16.01	16.53	15.72	16.1	110623	16.1	300059	东方财富	SZ	16.13	16.13	
36	2014-03-10	16.72	17	15.96	16.13	162416	16.13	300059	东方财富	SZ	17.15	17.15	
37	2014-03-07	17.53	17.67	17.06	17.15	146916	17.15	300059	东方财富	SZ	17.47	17.47	
38	2014-03-06	17.63	17.86	17.2	17.47	222146	17.47	300059	东方财富	SZ	17.78	17.78	
39	2014-03-05	16.42	17.9	16.23	17.78	324107	17.78	300059	东方财富	SZ	16.27	16.27	
40	2014-03-04	16.2	16.65	15.95	16.27	95055	16.27	300059	东方财富	SZ	16.28	16.28	
41	2014-03-03	16.17	16.51	16.04	16.28	85383	16.28	300059	东方财富	SZ	16.17	16.17	
42	2014-02-28	15.7	16.32	15.7	16.17	79631	16.17	300059	东方财富	SZ	15.88	15.88	
43	2014-02-27	16.4	16.92	15.8	15.88	127034	15.88	300059	东方财富	SZ	16.35	16.35	
44	2014-02-26	16	16.38	15.41	16.35	136745	16.35	300059	东方财富	SZ	16.39	16.39	
45	2014-02-25	17.62	17.98	15.85	16.39	228459	16.39	300059	东方财富	SZ	17.6	17.6	
46	2014-02-24	17.15	17.76	17.05	17.6	147649	17.6	300059	东方财富	SZ	17.19	17.19	
47	2014-02-21	17.4	17.58	16.93	17.19	159162	17.19	300059	东方财富	SZ	17.49	17.49	
48	2014-02-20	18.09	18.2	17.22	17.49	168125	17.49	300059	东方财富	SZ	18.1	18.1	
49	2014-02-19	17.92	18.44	17.48	18.1	168943	18.1	300059	东方财富	SZ	17.96	17.96	
50	2014-02-18	18.63	18.65	17.79	17.96	268790	17.96	300059	东方财富	SZ	18.76	18.76	
51	2014-02-17	18.6	18.97	18.3	18.76	203764	18.76	300059	东方财富	SZ	18.52	18.52	
52	2014-02-14	17.81	18.6	17.47	18.52	183505	18.52	300059	东方财富	SZ	17.79	17.79	
53	2014-02-13	18.59	18.92	17.68	17.79	245829	17.79	300059	东方财富	SZ	18.57	18.57	
54	2014-02-12	18.99	18.99	18.1	18.57	182685	18.57	300059	东方财富	SZ	18.54	18.54	
55	2014-02-11	19.7	19.76	18	18.54	281546	18.54	300059	东方财富	SZ	19.81	19.81	
56	2014-02-10	19.48	19.83	18.72	19.81	263020	19.81	300059	东方财富	SZ	19.48	19.48	
57	2014-02-07	19.05	19.8	18.9	19.48	226843	19.48	300059	东方财富	SZ	19.21	19.21	
62	2014-01-30	18.31	20.28	18.17	19.21	372729	19.21	300059	东方财富	SZ	18.62	18.62	
63	2014-01-29	17.22	18.79	17.21	18.62	338831	18.62	300059	东方财富	SZ	17.1	17.1	
64	2014-01-28	17.4	17.7	16.79	17.1	219754	17.1	300059	东方财富	SZ	17.49	17.49	
65	2014-01-27	17.95	18.33	17.11	17.49	458106	17.49	300059	东方财富	SZ	17.73	17.73	
66	2014-01-24	15.96	17.73	15.81	17.73	346715	17.73	300059	东方财富	SZ	16.12	16.12	
67	2014-01-23	15.5	16.39	15.23	16.12	316264	16.12	300059	东方财富	SZ	15.51	15.51	
68	2014-01-22	14.64	15.61	14.54	15.51	211171	15.51	300059	东方财富	SZ	14.64	14.64	
69	2014-01-21	14.15	14.99	14.15	14.64	214653	14.64	300059	东方财富	SZ	14.03	14.03	
70	2014-01-20	15.19	15.7	13.95	14.03	193792	14.03	300059	东方财富	SZ	15.4	15.4	
71	2014-01-17	15.59	15.74	15.31	15.4	79550	15.4	300059	东方财富	SZ	15.58	15.58	
72	2014-01-16	15.95	16.25	15.4	15.58	150405	15.58	300059	东方财富	SZ	15.91	15.91	
73	2014-01-15	15.57	16.09	15.41	15.91	193508	15.91	300059	东方财富	SZ	15.69	15.69	
74	2014-01-14	14.78	15.69	14.75	15.69	164504	15.69	300059	东方财富	SZ	14.9	14.9	
75	2014-01-13	14.82	15.35	14.51	14.9	101915	14.9	300059	东方财富	SZ	14.9	14.9	
76	2014-01-10	15.25	15.63	14.83	14.9	125132	14.9	300059	东方财富	SZ	15.3	15.3	
77	2014-01-09	15.52	16.15	15.25	15.3	280844	15.3	300059	东方财富	SZ	15.68	15.68	
78	2014-01-08	14.59	15.92	14.4	15.68	347515	15.68	300059	东方财富	SZ	14.47	14.47	
79	2014-01-07	14.38	14.54	13.91	14.47	136602	14.47	300059	东方财富	SZ	14.5	14.5	
80	2014-01-06	15.55	15.56	14.49	14.5	137818	14.5	300059	东方财富	SZ	15.69	15.69	
81	2014-01-03	15.25	15.88	15.15	15.69	187459	15.69	300059	东方财富	SZ	15.2	15.2	
82	2014-01-02	15.25	15.5	15.15	15.2	116435	15.2	300059	东方财富	SZ	15.18	15.18	
84	2013-12-31	15.35	15.47	14.95	15.18	121833	15.18	300059	东方财富	SZ	15.5	15.5	
85	2013-12-30	15	15.66	14.8	15.5	229002	15.5	300059	东方财富	SZ	14.96	14.96	
86	2013-12-27	13.6	14.96	13.6	14.96	220022	14.96	300059	东方财富	SZ	13.6	13.6	
87	2013-12-26	14.48	14.51	13.6	13.6	120511	13.6	300059	东方财富	SZ	14.5	14.5	
88	2013-12-25	13.95	14.57	13.61	14.5	139942	14.5	300059	东方财富	SZ	13.97	13.97	
89	2013-12-24	13.75	14.17	13.59	13.97	109151	13.97	300059	东方财富	SZ	13.8	13.8	
90	2013-12-23	15.02	15.14	13.68	13.8	172567	13.8	300059	东方财富	SZ	15.19	15.19	
91	2013-12-20	15.85	15.98	14.71	15.19	113358	15.19	300059	东方财富	SZ	15.85	15.85	
92	2013-12-19	16.06	16.52	15.75	15.85	64641	15.85	300059	东方财富	SZ	15.94	15.94	
93	2013-12-18	16.35	16.49	15.87	15.94	52484	15.94	300059	东方财富	SZ	16.42	16.42	
94	2013-12-17	16.38	16.84	16.21	16.42	69303	16.42	300059	东方财富	SZ	16.49	16.49	
95	2013-12-16	16.85	17.09	16.2	16.49	73511	16.49	300059	东方财富	SZ	16.91	16.91	
96	2013-12-13	17.02	17.19	16.8	16.91	65021	16.91	300059	东方财富	SZ	17.25	17.25	
97	2013-12-12	16.44	17.3	16.32	17.25	192568	17.25	300059	东方财富	SZ	16.42	16.42	
98	2013-12-11	16.42	16.83	16.22	16.42	65065	16.42	300059	东方财富	SZ	16.42	16.42	
99	2013-12-10	16.82	16.95	16.32	16.42	75407	16.42	300059	东方财富	SZ	16.89	16.89	
100	2013-12-09	16.72	17.02	16.7	16.89	77392	16.89	300059	东方财富	SZ	16.76	16.76	
101	2013-12-06	16.3	16.96	16.2	16.76	83946	16.76	300059	东方财富	SZ	16.36	16.36	
102	2013-12-05	16.5	16.83	16.3	16.36	67259	16.36	300059	东方财富	SZ	16.72	16.72	
103	2013-12-04	16.6	17.45	16.5	16.72	111819	16.72	300059	东方财富	SZ	16.72	16.72	
104	2013-12-03	16.9	16.9	15.52	16.72	172245	16.72	300059	东方财富	SZ	17.24	17.24	
105	2013-12-02	18	18.6	17.2	17.24	215646	17.24	300059	东方财富	SZ	18.98	18.98	
106	2013-11-29	18.4	19.16	18.39	18.98	160171	18.98	300059	东方财富	SZ	18.41	18.41	
107	2013-11-28	18.51	18.89	18.31	18.41	145627	18.41	300059	东方财富	SZ	18.85	18.85	
108	2013-11-27	18.31	19.21	18.31	18.85	118095	18.85	300059	东方财富	SZ	18.28	18.28	
109	2013-11-26	18.3	18.65	18.23	18.28	73720	18.28	300059	东方财富	SZ	18.42	18.42	
110	2013-11-25	18.65	18.79	17.95	18.42	166120	18.42	300059	东方财富	SZ	18.95	18.95	
111	2013-11-22	19.95	19.99	18.66	18.95	220385	18.95	300059	东方财富	SZ	20.06	20.06	
112	2013-11-21	19.85	20.25	19.28	20.06	172473	20.06	300059	东方财富	SZ	19.91	19.91	
113	2013-11-20	20.15	20.35	19.58	19.91	90879	19.91	300059	东方财富	SZ	20.17	20.17	
114	2013-11-19	20.55	20.79	20	20.17	123633	20.17	300059	东方财富	SZ	20.35	20.35	
115	2013-11-18	19.81	20.49	19.4	20.35	171153	20.35	300059	东方财富	SZ	19.75	19.75	
116	2013-11-15	19.1	20.8	19.1	19.75	249667	19.75	300059	东方财富	SZ	19.07	19.07	
117	2013-11-14	18.35	19.25	18.01	19.07	136646	19.07	300059	东方财富	SZ	18.58	18.58	
118	2013-11-13	18.5	18.85	18.18	18.58	73000	18.58	300059	东方财富	SZ	18.6	18.6	
119	2013-11-12	18.46	18.81	18.01	18.6	73298	18.6	300059	东方财富	SZ	18.5	18.5	
120	2013-11-11	18.68	19	18.3	18.5	57285	18.5	300059	东方财富	SZ	18.81	18.81	
121	2013-11-08	18.8	19.05	18.2	18.81	140617	18.81	300059	东方财富	SZ	19.14	19.14	
122	2013-11-07	19.35	19.98	18.5	19.14	200200	19.14	300059	东方财富	SZ	19.66	19.66	
123	2013-11-06	20.08	21.04	19.66	19.66	201578	19.66	300059	东方财富	SZ	20.15	20.15	
124	2013-11-05	19.38	20.28	19.02	20.15	123725	20.15	300059	东方财富	SZ	19.43	19.43	
125	2013-11-04	19.5	19.81	19.2	19.43	73276	19.43	300059	东方财富	SZ	19.82	19.82	
126	2013-11-01	19.43	19.94	18.2	19.82	159785	19.82	300059	东方财富	SZ	19.44	19.44	
127	2013-10-31	20.09	20.15	18.9	19.44	170036	19.44	300059	东方财富	SZ	20.29	20.29	
128	2013-10-30	19.25	20.55	18.9	20.29	275523	20.29	300059	东方财富	SZ	19.18	19.18	
129	2013-10-29	18.36	19.61	17.72	19.18	276959	19.18	300059	东方财富	SZ	18.36	18.36	
130	2013-10-28	17.56	18.88	17.1	18.36	208619	18.36	300059	东方财富	SZ	18.06	18.06	
131	2013-10-25	20.5	20.8	18.06	18.06	254267	18.06	300059	东方财富	SZ	20.07	20.07	
132	2013-10-24	19.52	20.42	19.35	20.07	115097	20.07	300059	东方财富	SZ	19.53	19.53	
133	2013-10-23	19.44	20.34	18.65	19.53	133631	19.53	300059	东方财富	SZ	20.08	20.08	
134	2013-10-22	22.31	22.43	20.08	20.08	268795	20.08	300059	东方财富	SZ	22.31	22.31	
135	2013-10-21	20.7	22.31	20.6	22.31	206919	22.31	300059	东方财富	SZ	20.59	20.59	
136	2013-10-18	19.28	20.77	19.28	20.59	167575	20.59	300059	东方财富	SZ	19.47	19.47	
137	2013-10-17	20.32	20.92	18.97	19.47	263970	19.47	300059	东方财富	SZ	20.73	20.73	
138	2013-10-16	23	23.25	20.73	20.73	255147	20.73	300059	东方财富	SZ	23.03	23.03	
139	2013-10-15	23.8	24.47	22.7	23.03	180386	23.03	300059	东方财富	SZ	23.8	23.8	
140	2013-10-14	23.9	24.99	23.02	23.8	174243	23.8	300059	东方财富	SZ	24.42	24.42	
141	2013-10-11	24.9	25.97	23.8	24.42	223046	24.42	300059	东方财富	SZ	24.98	24.98	
142	2013-10-10	25.1	25.97	24.5	24.98	367312	24.98	300059	东方财富	SZ	23.61	23.61	
143	2013-10-09	22.3	23.88	22.01	23.61	203758	23.61	300059	东方财富	SZ	22.75	22.75	
144	2013-10-08	21.85	23.4	21.85	22.75	225157	22.75	300059	东方财富	SZ	21.43	21.43	
150	2013-09-30	19.89	21.68	19.68	21.43	225092	21.43	300059	东方财富	SZ	19.9	19.9	
151	2013-09-27	20.02	20.92	19.68	19.9	157609	19.9	300059	东方财富	SZ	20.25	20.25	
152	2013-09-26	20.9	21.68	20.08	20.25	199172	20.25	300059	东方财富	SZ	20.82	20.82	
153	2013-09-25	20.1	21.79	19.9	20.82	219573	20.82	300059	东方财富	SZ	20.35	20.35	
154	2013-09-24	20.9	21.09	20.2	20.35	201566	20.35	300059	东方财富	SZ	21.07	21.07	
155	2013-09-23	20.5	21.38	20.01	21.07	257093	21.07	300059	东方财富	SZ	20.49	20.49	
157	2013-09-18	20.65	20.88	19.73	20.49	202722	20.49	300059	东方财富	SZ	20.65	20.65	
158	2013-09-17	19.61	21.51	19.31	20.65	304684	20.65	300059	东方财富	SZ	19.93	19.93	
159	2013-09-16	19.8	21.09	19.51	19.93	343867	19.93	300059	东方财富	SZ	20	20	
160	2013-09-13	18.81	20.53	18.47	20	451583	20	300059	东方财富	SZ	18.81	18.81	
161	2013-09-12	16.82	18.81	16.76	18.81	317894	18.81	300059	东方财富	SZ	17.1	17.1	
162	2013-09-11	18.02	18.08	16.66	17.1	207209	17.1	300059	东方财富	SZ	18.26	18.26	
163	2013-09-10	18.6	18.97	18.18	18.26	269164	18.26	300059	东方财富	SZ	18.6	18.6	
164	2013-09-09	17.45	19.2	17.38	18.6	335578	18.6	300059	东方财富	SZ	17.6	17.6	
165	2013-09-06	17.23	18.41	17.18	17.6	259101	17.6	300059	东方财富	SZ	17.4	17.4	
166	2013-09-05	16.39	17.64	16.21	17.4	196152	17.4	300059	东方财富	SZ	16.39	16.39	
167	2013-09-04	16.3	16.75	16.08	16.39	116977	16.39	300059	东方财富	SZ	16.27	16.27	
168	2013-09-03	15.6	16.27	15.5	16.27	118955	16.27	300059	东方财富	SZ	15.6	15.6	
169	2013-09-02	15.1	16	15.01	15.6	130044	15.6	300059	东方财富	SZ	15.29	15.29	
170	2013-08-30	16.8	17.22	15.16	15.29	226713	15.29	300059	东方财富	SZ	16.84	16.84	
171	2013-08-29	17.36	17.52	16.72	16.84	164445	16.84	300059	东方财富	SZ	17.45	17.45	
172	2013-08-28	17.5	18.47	17.4	17.45	336379	17.45	300059	东方财富	SZ	17.84	17.84	
173	2013-08-27	17.11	17.94	16.96	17.84	300502	17.84	300059	东方财富	SZ	17.29	17.29	
174	2013-08-26	16.44	17.84	16.3	17.29	329680	17.29	300059	东方财富	SZ	16.6	16.6	
175	2013-08-23	16.65	17.12	15.92	16.6	311680	16.6	300059	东方财富	SZ	16.71	16.71	
176	2013-08-22	15.68	17.14	15.55	16.71	358724	16.71	300059	东方财富	SZ	15.58	15.58	
177	2013-08-21	15.72	15.98	15.35	15.58	129544	15.58	300059	东方财富	SZ	15.8	15.8	
178	2013-08-20	15.44	15.99	15.19	15.8	220613	15.8	300059	东方财富	SZ	15.59	15.59	
179	2013-08-19	15.22	15.78	15.1	15.59	151950	15.59	300059	东方财富	SZ	15.4	15.4	
180	2013-08-16	16.11	16.2	15.2	15.4	170430	15.4	300059	东方财富	SZ	16.39	16.39	
181	2013-08-15	16.2	16.97	16.1	16.39	242151	16.39	300059	东方财富	SZ	16.43	16.43	
182	2013-08-14	15.48	16.61	15.03	16.43	279127	16.43	300059	东方财富	SZ	15.45	15.45	
183	2013-08-13	15.28	15.88	14.96	15.45	198116	15.45	300059	东方财富	SZ	15.19	15.19	
184	2013-08-12	15.21	15.56	14.6	15.19	183133	15.19	300059	东方财富	SZ	15.34	15.34	
185	2013-08-09	15.7	15.88	14.98	15.34	130205	15.34	300059	东方财富	SZ	15.71	15.71	
186	2013-08-08	15.58	16.09	15.16	15.71	125330	15.71	300059	东方财富	SZ	15.7	15.7	
187	2013-08-07	16.75	16.8	15.69	15.7	227631	15.7	300059	东方财富	SZ	16.89	16.89	
188	2013-08-06	16.78	17.34	16.71	16.89	219017	16.89	300059	东方财富	SZ	16.76	16.76	
189	2013-08-05	16.72	17.15	16.2	16.76	122689	16.76	300059	东方财富	SZ	16.7	16.7	
190	2013-08-02	16.6	17.85	16.6	16.7	287167	16.7	300059	东方财富	SZ	16.75	16.75	
191	2013-08-01	15.5	17.12	15.48	16.75	324411	16.75	300059	东方财富	SZ	15.56	15.56	
192	2013-07-31	15.6	16.12	15.4	15.56	173894	15.56	300059	东方财富	SZ	15.9	15.9	
193	2013-07-30	15.94	16.23	14.6	15.9	325312	15.9	300059	东方财富	SZ	15.98	15.98	
194	2013-07-29	17.25	17.33	15.92	15.98	284357	15.98	300059	东方财富	SZ	17.69	17.69	
195	2013-07-26	17.03	17.69	16.7	17.69	222902	17.69	300059	东方财富	SZ	17	17	
196	2013-07-25	17.86	17.99	16.58	17	366615	17	300059	东方财富	SZ	18.1	18.1	
197	2013-07-24	17.85	18.75	17.35	18.1	398539	18.1	300059	东方财富	SZ	18.1	18.1	
198	2013-07-23	19.09	19.28	17.58	18.1	518430	18.1	300059	东方财富	SZ	18.35	18.35	
199	2013-07-22	17.88	19.17	17.88	18.35	505514	18.35	300059	东方财富	SZ	17.98	17.98	
200	2013-07-19	16.61	18.24	16.61	17.98	529012	17.98	300059	东方财富	SZ	16.58	16.58	
201	2013-07-18	16.21	16.69	16.07	16.58	239345	16.58	300059	东方财富	SZ	16.4	16.4	
202	2013-07-17	15.99	16.69	15.99	16.4	303840	16.4	300059	东方财富	SZ	16.15	16.15	
203	2013-07-16	16.7	16.85	15.68	16.15	462557	16.15	300059	东方财富	SZ	16.85	16.85	
204	2013-07-15	16.8	17.1	16.18	16.85	578758	16.85	300059	东方财富	SZ	16.97	16.97	
205	2013-07-12	16.83	17.69	16.65	16.97	395787	16.97	300059	东方财富	SZ	17.03	17.03	
206	2013-07-11	16.45	17.29	16.2	17.03	478944	17.03	300059	东方财富	SZ	17.02	17.02	
207	2013-07-10	16.45	17.99	16.32	17.02	580018	17.02	300059	东方财富	SZ	16.46	16.46	
208	2013-07-09	15.02	16.46	14.6	16.46	530620	16.46	300059	东方财富	SZ	14.96	14.96	
209	2013-07-08	13.62	15.4	13.24	14.96	504403	14.96	300059	东方财富	SZ	14.06	14.06	
210	2013-07-05	14.99	15.88	13.96	14.06	439755	14.06	300059	东方财富	SZ	15.02	15.02	
211	2013-07-04	15.05	15.55	14.51	15.02	498562	15.02	300059	东方财富	SZ	15.74	15.74	
212	2013-07-03	14.17	15.74	14.01	15.74	590978	15.74	300059	东方财富	SZ	14.31	14.31	
213	2013-07-02	14.49	15.51	14.18	14.31	644739	14.31	300059	东方财富	SZ	14.5	14.5	
214	2013-07-01	14.1	14.67	13.71	14.5	552540	14.5	300059	东方财富	SZ	13.55	13.55	
215	2013-06-28	12.21	13.55	12	13.55	270453	13.55	300059	东方财富	SZ	12.32	12.32	
216	2013-06-27	11.76	12.48	11.52	12.32	420565	12.32	300059	东方财富	SZ	11.51	11.51	
217	2013-06-26	10.35	11.51	10.28	11.51	473708	11.51	300059	东方财富	SZ	10.46	10.46	
218	2013-06-25	10.51	10.75	9.47	10.46	303965	10.46	300059	东方财富	SZ	10.52	10.52	
219	2013-06-24	10.18	10.65	10.07	10.52	300803	10.52	300059	东方财富	SZ	10.18	10.18	
220	2013-06-21	9.73	10.3	9.58	10.18	217017	10.18	300059	东方财富	SZ	9.86	9.86	
221	2013-06-20	10.47	10.7	9.86	9.86	154838	9.86	300059	东方财富	SZ	10.61	10.61	
222	2013-06-19	10.6	10.88	10.45	10.61	181321	10.61	300059	东方财富	SZ	10.76	10.76	
223	2013-06-18	10.45	10.8	10.06	10.76	236418	10.76	300059	东方财富	SZ	10.48	10.48	
224	2013-06-17	10.18	10.83	10.09	10.48	315807	10.48	300059	东方财富	SZ	10.05	10.05	
225	2013-06-14	9.77	10.17	9.73	10.05	202025	10.05	300059	东方财富	SZ	9.6	9.6	
226	2013-06-13	9.58	9.78	8.99	9.6	116368	9.6	300059	东方财富	SZ	9.77	9.77	
230	2013-06-07	9.58	9.8	9.56	9.77	89899	9.77	300059	东方财富	SZ	9.59	9.59	
231	2013-06-06	9.61	9.8	9.54	9.59	74224	9.59	300059	东方财富	SZ	9.78	9.78	
232	2013-06-05	10.05	10.13	9.59	9.78	173527	9.78	300059	东方财富	SZ	10.04	10.04	
233	2013-06-04	10.1	10.28	9.93	10.04	154019	10.04	300059	东方财富	SZ	10.13	10.13	
234	2013-06-03	10.36	10.49	10.08	10.13	195645	10.13	300059	东方财富	SZ	10.52	10.52	
235	2013-05-31	10.06	10.76	10	10.52	381240	10.52	300059	东方财富	SZ	10.05	10.05	
236	2013-05-30	10	10.28	9.95	10.05	206900	10.05	300059	东方财富	SZ	10.12	10.12	
237	2013-05-29	9.99	10.31	9.85	10.12	307324	10.12	300059	东方财富	SZ	10.1	10.1	
238	2013-05-28	10.46	10.54	9.85	10.1	405996	10.1	300059	东方财富	SZ	10.38	10.38	
239	2013-05-27	11.48	11.49	10.38	10.38	539175	10.38	300059	东方财富	SZ	11.53	11.53	
240	2013-05-24	11.34	11.66	11.24	11.53	138369	11.53	300059	东方财富	SZ	11.29	11.29	
241	2013-05-23	11.25	11.62	11.12	11.29	150628	11.29	300059	东方财富	SZ	11.28	11.28	
242	2013-05-22	11.76	12.29	11.15	11.28	268208	11.28	300059	东方财富	SZ	11.99	11.99	
243	2013-05-21	11.2	12.05	10.8	11.99	277000	11.99	300059	东方财富	SZ	11.3	11.3	
244	2013-05-20	10.7	11.63	10.5	11.3	231278	11.3	300059	东方财富	SZ	10.83	10.83	
245	2013-05-17	10.75	11.29	10.41	10.83	199833	10.83	300059	东方财富	SZ	10.81	5.36	
246	2013-05-16	11.21	11.62	10.65	10.81	200922	5.36	300059	东方财富	SZ	11.2	5.56	
247	2013-05-15	10.8	11.3	10.7	11.2	184464	5.56	300059	东方财富	SZ	10.8	5.35	
248	2013-05-14	11.15	11.15	10.49	10.8	230576	5.35	300059	东方财富	SZ	11.12	5.52	
249	2013-05-13	11.25	11.6	10.97	11.12	383084	5.52	300059	东方财富	SZ	10.94	5.43	
250	2013-05-10	10.25	10.94	10.01	10.94	499600	5.43	300059	东方财富	SZ	9.95	4.93	
251	2013-05-09	9.45	9.98	9.41	9.95	174677	4.93	300059	东方财富	SZ	9.52	4.72	
252	2013-05-08	9.59	9.59	9.29	9.52	185863	4.72	300059	东方财富	SZ	9.5	4.71	
253	2013-05-07	9.24	9.57	9.12	9.5	372657	4.71	300059	东方财富	SZ	9.24	4.58	
254	2013-05-06	8.4	9.24	8.35	9.24	324926	4.58	300059	东方财富	SZ	8.4	4.17	
255	2013-05-03	8.09	8.48	8.06	8.4	145738	4.17	300059	东方财富	SZ	8.09	4.01	
256	2013-05-02	8.02	8.19	7.91	8.09	86635	4.01	300059	东方财富	SZ	8.04	3.99	
260	2013-04-26	7.84	8.07	7.76	8.04	123835	3.99	300059	东方财富	SZ	7.84	3.89	
261	2013-04-25	8.2	8.31	7.8	7.84	144773	3.89	300059	东方财富	SZ	8.2	4.07	
262	2013-04-24	8.18	8.62	8.1	8.2	202932	4.07	300059	东方财富	SZ	8.16	4.05	
263	2013-04-23	8.75	8.77	8.16	8.16	162034	4.05	300059	东方财富	SZ	8.74	4.33	
264	2013-04-22	8.69	8.88	8.6	8.74	129296	4.33	300059	东方财富	SZ	8.7	4.31	
265	2013-04-19	8.32	8.94	8.18	8.7	214320	4.31	300059	东方财富	SZ	8.17	4.05	
266	2013-04-18	8.01	8.22	7.95	8.17	103811	4.05	300059	东方财富	SZ	8.09	4.01	
267	2013-04-17	7.5	8.14	7.49	8.09	179018	4.01	300059	东方财富	SZ	7.5	3.72	
268	2013-04-16	7.47	7.57	7.41	7.5	59976	3.72	300059	东方财富	SZ	7.52	3.73	
269	2013-04-15	7.41	7.65	7.41	7.52	39221	3.73	300059	东方财富	SZ	7.51	3.73	
270	2013-04-12	7.49	7.59	7.43	7.51	23121	3.73	300059	东方财富	SZ	7.52	3.73	
271	2013-04-11	7.47	7.62	7.45	7.52	43430	3.73	300059	东方财富	SZ	7.49	3.71	
272	2013-04-10	7.65	7.71	7.44	7.49	76915	3.71	300059	东方财富	SZ	7.68	3.81	
273	2013-04-09	7.51	7.7	7.43	7.68	147662	3.81	300059	东方财富	SZ	7.57	3.75	
274	2013-04-08	7.43	7.6	7.16	7.57	151017	3.75	300059	东方财富	SZ	7.62	3.78	
277	2013-04-03	7.68	7.76	7.38	7.62	68625	3.78	300059	东方财富	SZ	7.74	3.84	
278	2013-04-02	7.66	7.99	7.53	7.74	120086	3.84	300059	东方财富	SZ	7.66	3.8	
279	2013-04-01	7.01	7.8	6.93	7.66	168964	3.8	300059	东方财富	SZ	7.09	3.52	
280	2013-03-29	7.36	7.42	7	7.09	80644	3.52	300059	东方财富	SZ	7.36	3.65	
281	2013-03-28	7.55	7.55	7.33	7.36	95395	3.65	300059	东方财富	SZ	7.61	3.78	
282	2013-03-27	7.74	7.89	7.45	7.61	85834	3.78	300059	东方财富	SZ	7.75	3.84	
283	2013-03-26	7.94	7.94	7.66	7.75	77459	3.84	300059	东方财富	SZ	7.94	3.94	
284	2013-03-25	7.93	8.1	7.78	7.94	87226	3.94	300059	东方财富	SZ	7.93	3.93	
285	2013-03-22	8	8.05	7.78	7.93	77336	3.93	300059	东方财富	SZ	7.93	3.93	
286	2013-03-21	7.7	8.09	7.68	7.93	154670	3.93	300059	东方财富	SZ	7.7	3.82	
287	2013-03-20	7.45	7.8	7.35	7.7	181958	3.82	300059	东方财富	SZ	7.43	3.68	
288	2013-03-19	7.45	7.51	7.1	7.43	129078	3.68	300059	东方财富	SZ	7.46	3.7	
289	2013-03-18	7.25	7.65	7.22	7.46	139643	3.7	300059	东方财富	SZ	7.41	3.68	
290	2013-03-15	7.36	7.76	7.18	7.41	231638	3.68	300059	东方财富	SZ	7.37	3.65	
291	2013-03-14	7.45	7.69	7.28	7.37	186126	3.65	300059	东方财富	SZ	7.45	3.69	
292	2013-03-13	7.94	8.02	7.41	7.45	225440	3.69	300059	东方财富	SZ	8.05	3.99	
293	2013-03-12	8.39	8.45	7.69	8.05	275490	3.99	300059	东方财富	SZ	8.19	4.06	
294	2013-03-11	7.91	8.36	7.78	8.19	202225	4.06	300059	东方财富	SZ	8.09	4.01	
295	2013-03-08	8.52	8.61	7.97	8.09	276327	4.01	300059	东方财富	SZ	8.6	4.26	
296	2013-03-07	8.6	8.82	8.2	8.6	374796	4.26	300059	东方财富	SZ	8.52	4.23	
297	2013-03-06	7.75	8.52	7.75	8.52	385137	4.23	300059	东方财富	SZ	7.75	3.84	
298	2013-03-05	7.28	7.8	7.28	7.75	310805	3.84	300059	东方财富	SZ	7.32	3.63	
299	2013-03-04	7.25	7.65	7	7.32	271899	3.63	300059	东方财富	SZ	7.32	3.63	
300	2013-03-01	6.99	7.47	6.91	7.32	359395	3.63	300059	东方财富	SZ	6.99	3.47	
301	2013-02-28	6.37	7.05	6.3	6.99	280127	3.47	300059	东方财富	SZ	6.41	3.18	
302	2013-02-27	6.14	6.43	6.01	6.41	225352	3.18	300059	东方财富	SZ	6.17	3.06	
303	2013-02-26	6.04	6.43	6.04	6.17	199105	3.06	300059	东方财富	SZ	6.07	3.01	
304	2013-02-25	6.11	6.24	5.95	6.07	156112	3.01	300059	东方财富	SZ	6.14	3.04	
305	2013-02-22	5.77	6.28	5.76	6.14	299555	3.04	300059	东方财富	SZ	5.85	2.9	
306	2013-02-21	5.78	6.07	5.7	5.85	434076	2.9	300059	东方财富	SZ	5.7	2.83	
307	2013-02-20	5.3	5.79	5.28	5.7	207798	2.83	300059	东方财富	SZ	5.31	2.63	
308	2013-02-19	5.48	5.55	5.25	5.31	111479	2.63	300059	东方财富	SZ	5.48	2.72	
309	2013-02-18	5.82	5.84	5.47	5.48	125224	2.72	300059	东方财富	SZ	5.8	2.88	
315	2013-02-08	5.6	5.88	5.57	5.8	138682	2.88	300059	东方财富	SZ	5.68	2.81	
316	2013-02-07	5.72	5.89	5.57	5.68	125684	2.81	300059	东方财富	SZ	5.73	2.84	
317	2013-02-06	5.43	5.78	5.43	5.73	192813	2.84	300059	东方财富	SZ	5.45	2.7	
318	2013-02-05	5.4	5.5	5.3	5.45	132652	2.7	300059	东方财富	SZ	5.49	2.72	
319	2013-02-04	5.34	5.55	5.2	5.49	277223	2.72	300059	东方财富	SZ	5.29	2.62	
320	2013-02-01	4.97	5.38	4.92	5.29	245495	2.62	300059	东方财富	SZ	5.01	2.48	
321	2013-01-31	4.88	5.03	4.8	5.01	128516	2.48	300059	东方财富	SZ	4.93	2.44	
322	2013-01-30	4.83	5.16	4.8	4.93	143615	2.44	300059	东方财富	SZ	4.84	2.4	
323	2013-01-29	4.78	4.89	4.74	4.84	80681	2.4	300059	东方财富	SZ	4.76	2.36	
324	2013-01-28	4.7	4.78	4.66	4.76	60404	2.36	300059	东方财富	SZ	4.66	2.31	
325	2013-01-25	4.61	4.66	4.53	4.66	49685	2.31	300059	东方财富	SZ	4.61	2.28	
326	2013-01-24	4.78	4.9	4.56	4.61	74414	2.28	300059	东方财富	SZ	4.8	2.38	
327	2013-01-23	4.8	4.89	4.71	4.8	76621	2.38	300059	东方财富	SZ	4.85	2.4	
328	2013-01-22	5.11	5.11	4.79	4.85	152166	2.4	300059	东方财富	SZ	5.11	2.53	
329	2013-01-21	5.01	5.19	4.97	5.11	119751	2.53	300059	东方财富	SZ	5.03	2.5	
330	2013-01-18	4.95	5.07	4.88	5.03	74915	2.5	300059	东方财富	SZ	5	2.48	
331	2013-01-17	4.96	5.09	4.91	5	68216	2.48	300059	东方财富	SZ	4.97	2.46	
332	2013-01-16	5.01	5.07	4.91	4.97	63260	2.46	300059	东方财富	SZ	5.03	2.49	
333	2013-01-15	5	5.18	4.99	5.03	119205	2.49	300059	东方财富	SZ	5	2.48	
334	2013-01-14	4.77	5.05	4.75	5	120643	2.48	300059	东方财富	SZ	4.82	2.39	
335	2013-01-11	4.95	4.97	4.78	4.82	89109	2.39	300059	东方财富	SZ	4.99	2.48	
336	2013-01-10	4.74	5.21	4.74	4.99	198896	2.48	300059	东方财富	SZ	4.74	2.35	
337	2013-01-09	4.68	4.82	4.66	4.74	85518	2.35	300059	东方财富	SZ	4.69	2.33	
338	2013-01-08	4.65	4.74	4.59	4.69	48564	2.33	300059	东方财富	SZ	4.64	2.3	
339	2013-01-07	4.59	4.66	4.57	4.64	37075	2.3	300059	东方财富	SZ	4.6	2.28	
340	2013-01-04	4.75	4.76	4.58	4.6	39191	2.28	300059	东方财富	SZ	4.69	2.33	
344	2012-12-31	4.64	4.75	4.64	4.69	47262	2.33	300059	东方财富	SZ	4.64	2.3	
345	2012-12-28	4.58	4.68	4.56	4.64	47817	2.3	300059	东方财富	SZ	4.62	2.29	
346	2012-12-27	4.76	4.78	4.62	4.62	75522	2.29	300059	东方财富	SZ	4.75	2.36	
347	2012-12-26	4.61	4.76	4.57	4.75	85692	2.36	300059	东方财富	SZ	4.59	2.28	
348	2012-12-25	4.47	4.68	4.41	4.59	79325	2.28	300059	东方财富	SZ	4.44	2.2	
349	2012-12-24	4.41	4.51	4.41	4.44	37768	2.2	300059	东方财富	SZ	4.43	2.19	
350	2012-12-21	4.45	4.46	4.35	4.43	56928	2.19	300059	东方财富	SZ	4.42	2.19	
351	2012-12-20	4.38	4.47	4.31	4.42	64687	2.19	300059	东方财富	SZ	4.39	2.18	
352	2012-12-19	4.32	4.43	4.3	4.39	56562	2.18	300059	东方财富	SZ	4.33	2.15	
353	2012-12-18	4.32	4.45	4.31	4.33	66805	2.15	300059	东方财富	SZ	4.36	2.16	
354	2012-12-17	4.35	4.44	4.31	4.36	60168	2.16	300059	东方财富	SZ	4.36	2.16	
355	2012-12-14	4.11	4.38	4.09	4.36	104493	2.16	300059	东方财富	SZ	4.09	2.03	
356	2012-12-13	4.1	4.16	4.06	4.09	25037	2.03	300059	东方财富	SZ	4.14	2.05	
357	2012-12-12	4.14	4.18	4.07	4.14	53167	2.05	300059	东方财富	SZ	4.16	2.06	
358	2012-12-11	4.25	4.36	4.16	4.16	73506	2.06	300059	东方财富	SZ	4.28	2.12	
359	2012-12-10	4.16	4.31	4.11	4.28	103052	2.12	300059	东方财富	SZ	4.15	2.06	
360	2012-12-07	4.03	4.19	4.02	4.15	82387	2.06	300059	东方财富	SZ	4.05	2.01	
361	2012-12-06	4.12	4.14	4.01	4.05	76567	2.01	300059	东方财富	SZ	4.15	2.06	
362	2012-12-05	3.78	4.19	3.77	4.15	151356	2.06	300059	东方财富	SZ	3.81	1.89	
363	2012-12-04	3.74	3.83	3.65	3.81	26926	1.89	300059	东方财富	SZ	3.74	1.86	
364	2012-12-03	3.89	3.91	3.74	3.74	19176	1.86	300059	东方财富	SZ	3.9	1.93	
365	2012-11-30	3.84	3.92	3.82	3.9	22659	1.93	300059	东方财富	SZ	3.85	1.91	
366	2012-11-29	3.9	3.93	3.83	3.85	31716	1.91	300059	东方财富	SZ	3.9	1.93	
367	2012-11-28	3.92	3.93	3.88	3.9	25466	1.93	300059	东方财富	SZ	3.94	1.96	
368	2012-11-27	4.05	4.07	3.92	3.94	41375	1.96	300059	东方财富	SZ	4.07	2.02	
369	2012-11-26	4.16	4.18	4.05	4.07	23359	2.02	300059	东方财富	SZ	4.16	2.06	
370	2012-11-23	4.16	4.22	4.14	4.16	42684	2.06	300059	东方财富	SZ	4.16	2.07	
371	2012-11-22	4.16	4.2	4.12	4.16	32549	2.07	300059	东方财富	SZ	4.22	2.09	
372	2012-11-21	4.3	4.34	4.05	4.22	75986	2.09	300059	东方财富	SZ	4.29	2.13	
373	2012-11-20	4.41	4.43	4.28	4.29	32521	2.13	300059	东方财富	SZ	4.39	2.17	
374	2012-11-19	4.38	4.39	4.32	4.39	31436	2.17	300059	东方财富	SZ	4.38	2.17	
375	2012-11-16	4.35	4.4	4.3	4.38	18788	2.17	300059	东方财富	SZ	4.41	2.19	
376	2012-11-15	4.45	4.47	4.36	4.41	20763	2.19	300059	东方财富	SZ	4.45	2.21	
377	2012-11-14	4.47	4.47	4.4	4.45	14791	2.21	300059	东方财富	SZ	4.45	2.21	
378	2012-11-13	4.55	4.55	4.39	4.45	30231	2.21	300059	东方财富	SZ	4.53	2.24	
379	2012-11-12	4.51	4.55	4.49	4.53	19179	2.24	300059	东方财富	SZ	4.5	2.23	
380	2012-11-09	4.51	4.54	4.47	4.5	29363	2.23	300059	东方财富	SZ	4.53	2.25	
381	2012-11-08	4.54	4.56	4.48	4.53	41316	2.25	300059	东方财富	SZ	4.59	2.28	
382	2012-11-07	4.62	4.64	4.56	4.59	42936	2.28	300059	东方财富	SZ	4.62	2.29	
383	2012-11-06	4.68	4.68	4.55	4.62	24939	2.29	300059	东方财富	SZ	4.68	2.32	
384	2012-11-05	4.7	4.74	4.65	4.68	24614	2.32	300059	东方财富	SZ	4.72	2.34	
385	2012-11-02	4.71	4.72	4.64	4.72	23544	2.34	300059	东方财富	SZ	4.71	2.34	
386	2012-11-01	4.61	4.72	4.61	4.71	40508	2.34	300059	东方财富	SZ	4.6	2.28	
387	2012-10-31	4.6	4.62	4.57	4.6	25733	2.28	300059	东方财富	SZ	4.59	2.28	
388	2012-10-30	4.69	4.71	4.54	4.59	44460	2.28	300059	东方财富	SZ	4.69	2.33	
389	2012-10-29	4.73	4.76	4.65	4.69	19714	2.33	300059	东方财富	SZ	4.74	2.35	
390	2012-10-26	4.91	4.93	4.71	4.74	31769	2.35	300059	东方财富	SZ	4.91	2.43	
391	2012-10-25	4.97	4.99	4.9	4.91	15839	2.43	300059	东方财富	SZ	4.94	2.45	
392	2012-10-24	4.91	4.98	4.91	4.94	25062	2.45	300059	东方财富	SZ	4.94	2.45	
393	2012-10-23	5.05	5.1	4.94	4.94	32748	2.45	300059	东方财富	SZ	5.05	2.51	
394	2012-10-22	4.94	5.09	4.91	5.05	49041	2.51	300059	东方财富	SZ	4.99	2.47	
395	2012-10-19	4.99	5.03	4.93	4.99	27764	2.47	300059	东方财富	SZ	5.01	2.48	
396	2012-10-18	4.93	5.05	4.89	5.01	36321	2.48	300059	东方财富	SZ	4.91	2.43	
397	2012-10-17	4.96	4.96	4.83	4.91	36147	2.43	300059	东方财富	SZ	4.91	2.44	
398	2012-10-16	4.91	4.99	4.89	4.91	42102	2.44	300059	东方财富	SZ	4.98	2.47	
399	2012-10-15	4.75	4.99	4.75	4.98	53843	2.47	300059	东方财富	SZ	5.16	2.56	
400	2012-10-12	5.28	5.39	5.08	5.16	58381	2.56	300059	东方财富	SZ	5.31	2.63	
401	2012-10-11	5.3	5.55	5.26	5.31	83628	2.63	300059	东方财富	SZ	5.32	2.64	
402	2012-10-10	5.3	5.37	5.22	5.32	42860	2.64	300059	东方财富	SZ	5.32	2.64	
403	2012-10-09	5.1	5.32	5.08	5.32	72412	2.64	300059	东方财富	SZ	5.09	2.53	
404	2012-10-08	5.11	5.14	5.04	5.09	28620	2.53	300059	东方财富	SZ	5.12	2.54	
410	2012-09-28	4.93	5.15	4.88	5.12	42558	2.54	300059	东方财富	SZ	4.95	2.46	
411	2012-09-27	4.8	5.02	4.8	4.95	40057	2.46	300059	东方财富	SZ	4.8	2.38	
412	2012-09-26	4.91	4.99	4.79	4.8	54732	2.38	300059	东方财富	SZ	4.93	2.45	
413	2012-09-25	5	5.03	4.88	4.93	40386	2.45	300059	东方财富	SZ	5.03	2.49	
414	2012-09-24	5.01	5.09	4.9	5.03	41735	2.49	300059	东方财富	SZ	5.03	2.5	
415	2012-09-21	5.15	5.17	5.02	5.03	57808	2.5	300059	东方财富	SZ	5.13	2.54	
416	2012-09-20	5.34	5.34	5.11	5.13	69453	2.54	300059	东方财富	SZ	5.36	2.66	
417	2012-09-19	5.39	5.41	5.3	5.36	76984	2.66	300059	东方财富	SZ	5.37	2.66	
418	2012-09-18	5.42	5.47	5.34	5.37	38811	2.66	300059	东方财富	SZ	5.44	2.7	
419	2012-09-17	5.64	5.65	5.41	5.44	46264	2.7	300059	东方财富	SZ	5.66	2.8	
420	2012-09-14	5.65	5.7	5.57	5.66	45168	2.8	300059	东方财富	SZ	5.59	2.77	
421	2012-09-13	5.72	5.74	5.59	5.59	45075	2.77	300059	东方财富	SZ	5.71	2.83	
422	2012-09-12	5.79	5.8	5.64	5.71	49932	2.83	300059	东方财富	SZ	5.74	2.85	
423	2012-09-11	5.74	5.81	5.67	5.74	49214	2.85	300059	东方财富	SZ	5.78	2.87	
424	2012-09-10	5.68	5.9	5.63	5.78	105645	2.87	300059	东方财富	SZ	5.68	2.82	
425	2012-09-07	5.41	5.78	5.38	5.68	134396	2.82	300059	东方财富	SZ	5.37	2.66	
426	2012-09-06	5.39	5.41	5.28	5.37	62477	2.66	300059	东方财富	SZ	5.37	2.66	
427	2012-09-05	5.24	5.39	5.12	5.37	84690	2.66	300059	东方财富	SZ	5.26	2.61	
428	2012-09-04	5.26	5.38	5.21	5.26	60881	2.61	300059	东方财富	SZ	5.25	2.6	
429	2012-09-03	5.11	5.35	5.11	5.25	47089	2.6	300059	东方财富	SZ	5.22	2.59	
430	2012-08-31	5.3	5.35	5.2	5.22	48761	2.59	300059	东方财富	SZ	5.3	2.63	
431	2012-08-30	5.48	5.57	5.22	5.3	52979	2.63	300059	东方财富	SZ	5.52	2.74	
432	2012-08-29	5.58	5.64	5.5	5.52	26282	2.74	300059	东方财富	SZ	5.57	2.76	
433	2012-08-28	5.47	5.6	5.45	5.57	19492	2.76	300059	东方财富	SZ	5.5	2.73	
434	2012-08-27	5.61	5.68	5.47	5.5	46343	2.73	300059	东方财富	SZ	5.64	2.8	
435	2012-08-24	5.76	5.78	5.6	5.64	26890	2.8	300059	东方财富	SZ	5.78	2.87	
436	2012-08-23	5.74	5.84	5.73	5.78	48742	2.87	300059	东方财富	SZ	5.75	2.85	
437	2012-08-22	5.87	5.89	5.7	5.75	45861	2.85	300059	东方财富	SZ	5.89	2.92	
438	2012-08-21	5.82	5.93	5.76	5.89	48543	2.92	300059	东方财富	SZ	5.8	2.88	
439	2012-08-20	5.62	5.84	5.59	5.8	46268	2.88	300059	东方财富	SZ	5.68	2.82	
440	2012-08-17	5.55	5.72	5.53	5.68	35605	2.82	300059	东方财富	SZ	5.53	2.74	
441	2012-08-16	5.53	5.61	5.51	5.53	13464	2.74	300059	东方财富	SZ	5.55	2.75	
442	2012-08-15	5.66	5.67	5.54	5.55	27867	2.75	300059	东方财富	SZ	5.68	2.82	
443	2012-08-14	5.55	5.69	5.53	5.68	41625	2.82	300059	东方财富	SZ	5.59	2.77	
444	2012-08-13	5.75	5.77	5.59	5.59	30524	2.77	300059	东方财富	SZ	5.8	2.87	
445	2012-08-10	5.84	5.84	5.74	5.8	29671	2.87	300059	东方财富	SZ	5.84	2.89	
446	2012-08-09	5.72	5.91	5.72	5.84	37252	2.89	300059	东方财富	SZ	5.76	2.86	
447	2012-08-08	5.86	5.86	5.72	5.76	40409	2.86	300059	东方财富	SZ	5.86	2.9	
448	2012-08-07	5.78	5.89	5.75	5.86	53969	2.9	300059	东方财富	SZ	5.82	2.88	
449	2012-08-06	5.6	5.85	5.6	5.82	66520	2.88	300059	东方财富	SZ	5.68	2.81	
450	2012-08-03	5.49	5.7	5.47	5.68	44519	2.81	300059	东方财富	SZ	5.48	2.72	
451	2012-08-02	5.43	5.55	5.4	5.48	27525	2.72	300059	东方财富	SZ	5.45	2.7	
452	2012-08-01	5.33	5.54	5.32	5.45	26838	2.7	300059	东方财富	SZ	5.33	2.64	
453	2012-07-31	5.4	5.45	5.29	5.33	34398	2.64	300059	东方财富	SZ	5.41	2.68	
454	2012-07-30	5.49	5.55	5.39	5.41	35400	2.68	300059	东方财富	SZ	5.53	2.74	
455	2012-07-27	5.46	5.7	5.45	5.53	45651	2.74	300059	东方财富	SZ	5.41	2.68	
456	2012-07-26	5.41	5.5	5.39	5.41	24049	2.68	300059	东方财富	SZ	5.42	2.69	
457	2012-07-25	5.47	5.54	5.41	5.42	37563	2.69	300059	东方财富	SZ	5.45	2.7	
458	2012-07-24	5.4	5.59	5.4	5.45	39002	2.7	300059	东方财富	SZ	5.47	2.71	
459	2012-07-23	5.32	5.47	5.25	5.47	27112	2.71	300059	东方财富	SZ	5.39	2.67	
460	2012-07-20	5.53	5.57	5.34	5.39	64288	2.67	300059	东方财富	SZ	5.55	2.75	
461	2012-07-19	5.47	5.68	5.45	5.55	70277	2.75	300059	东方财富	SZ	5.54	2.75	
462	2012-07-18	5.47	5.55	5.36	5.54	22889	2.75	300059	东方财富	SZ	5.45	2.7	
463	2012-07-17	5.36	5.53	5.34	5.45	20995	2.7	300059	东方财富	SZ	5.36	2.66	
464	2012-07-16	5.61	5.61	5.34	5.36	48834	2.66	300059	东方财富	SZ	5.61	2.78	
465	2012-07-13	5.7	5.7	5.56	5.61	32109	2.78	300059	东方财富	SZ	5.69	2.82	
466	2012-07-12	5.47	5.72	5.46	5.69	57953	2.82	300059	东方财富	SZ	5.49	2.72	
467	2012-07-11	5.41	5.6	5.41	5.49	42753	2.72	300059	东方财富	SZ	5.53	2.74	
468	2012-07-10	5.49	5.61	5.39	5.53	48417	2.74	300059	东方财富	SZ	5.5	2.73	
469	2012-07-09	5.76	5.83	5.48	5.5	69201	2.73	300059	东方财富	SZ	5.83	2.89	
470	2012-07-06	5.71	5.88	5.61	5.83	51339	2.89	300059	东方财富	SZ	5.68	2.82	
471	2012-07-05	5.8	5.82	5.59	5.68	58163	2.82	300059	东方财富	SZ	5.82	2.89	
472	2012-07-04	6.03	6.03	5.8	5.82	57723	2.89	300059	东方财富	SZ	5.97	2.96	
473	2012-07-03	5.95	6.06	5.91	5.97	69356	2.96	300059	东方财富	SZ	5.96	2.96	
474	2012-07-02	5.94	5.99	5.82	5.96	47066	2.96	300059	东方财富	SZ	5.89	2.92	
475	2012-06-29	5.8	5.96	5.75	5.89	40904	2.92	300059	东方财富	SZ	5.8	2.88	
476	2012-06-28	5.97	6.02	5.8	5.8	32074	2.88	300059	东方财富	SZ	5.95	2.95	
477	2012-06-27	5.93	6.07	5.88	5.95	56061	2.95	300059	东方财富	SZ	5.95	2.95	
478	2012-06-26	5.89	5.99	5.76	5.95	47251	2.95	300059	东方财富	SZ	5.86	2.91	
479	2012-06-25	5.94	5.99	5.86	5.86	40047	2.91	300059	东方财富	SZ	6	2.98	
481	2012-06-21	6.22	6.24	5.91	6	84010	2.98	300059	东方财富	SZ	6.26	3.11	
482	2012-06-20	6.19	6.3	6.15	6.26	83505	3.11	300059	东方财富	SZ	6.18	3.06	
483	2012-06-19	6.38	6.41	6.17	6.18	150357	3.06	300059	东方财富	SZ	6.45	3.2	
484	2012-06-18	6.7	6.7	6.41	6.45	156014	3.2	300059	东方财富	SZ	6.62	3.28	
485	2012-06-15	6.57	6.72	6.49	6.62	58127	3.28	300059	东方财富	SZ	6.56	3.25	
486	2012-06-14	6.64	6.78	6.55	6.56	48972	3.25	300059	东方财富	SZ	6.72	3.33	
487	2012-06-13	6.58	6.75	6.45	6.72	66099	3.33	300059	东方财富	SZ	6.59	3.27	
488	2012-06-12	6.64	6.7	6.51	6.59	48607	3.27	300059	东方财富	SZ	6.72	3.33	
489	2012-06-11	6.6	6.73	6.5	6.72	59590	3.33	300059	东方财富	SZ	6.56	3.25	
490	2012-06-08	6.45	6.66	6.4	6.56	75760	3.25	300059	东方财富	SZ	6.43	3.19	
491	2012-06-07	6.61	6.64	6.37	6.43	57090	3.19	300059	东方财富	SZ	6.5	3.22	
492	2012-06-06	6.61	6.68	6.48	6.5	30807	3.22	300059	东方财富	SZ	6.57	3.26	
493	2012-06-05	6.62	6.71	6.56	6.57	42619	3.26	300059	东方财富	SZ	6.6	3.27	
494	2012-06-04	6.85	6.89	6.6	6.6	74935	3.27	300059	东方财富	SZ	6.97	3.46	
495	2012-06-01	7.09	7.17	6.95	6.97	44962	3.46	300059	东方财富	SZ	7.13	3.54	
496	2012-05-31	7.07	7.23	7	7.13	44768	3.54	300059	东方财富	SZ	7.12	3.53	
497	2012-05-30	7.09	7.24	7.07	7.12	40966	3.53	300059	东方财富	SZ	7.14	3.54	
498	2012-05-29	7.01	7.18	6.94	7.14	51842	3.54	300059	东方财富	SZ	7	3.47	
499	2012-05-28	6.89	7.06	6.78	7	49084	3.47	300059	东方财富	SZ	6.95	3.45	
500	2012-05-25	7.1	7.14	6.94	6.95	44863	3.45	300059	东方财富	SZ	7.09	3.52	
501	2012-05-24	7.25	7.27	7.05	7.09	67481	3.52	300059	东方财富	SZ	7.25	3.59	
502	2012-05-23	7.36	7.38	7.14	7.25	68195	3.59	300059	东方财富	SZ	7.35	3.64	
503	2012-05-22	7.29	7.38	7.23	7.35	47264	3.64	300059	东方财富	SZ	7.22	3.58	
504	2012-05-21	7.29	7.34	7.11	7.22	56796	3.58	300059	东方财富	SZ	7.3	3.62	
505	2012-05-18	7.49	7.64	7.3	7.3	91523	3.62	300059	东方财富	SZ	7.6	3.77	
506	2012-05-17	7.24	7.72	7.16	7.6	119830	3.77	300059	东方财富	SZ	7.24	3.59	
507	2012-05-16	7.43	7.54	7.23	7.24	51521	3.59	300059	东方财富	SZ	7.47	3.71	
508	2012-05-15	7.51	7.51	7.3	7.47	82795	3.71	300059	东方财富	SZ	7.58	3.76	
509	2012-05-14	7.45	7.72	7.4	7.58	129890	3.76	300059	东方财富	SZ	7.39	3.66	
510	2012-05-11	7.34	7.68	7.34	7.39	137872	3.66	300059	东方财富	SZ	7.42	3.68	
511	2012-05-10	7.13	7.43	7.05	7.42	123012	3.68	300059	东方财富	SZ	7.14	3.54	
512	2012-05-09	7.22	7.3	7.07	7.14	69609	3.54	300059	东方财富	SZ	7.25	3.59	
513	2012-05-08	7.44	7.49	7.18	7.25	123943	3.59	300059	东方财富	SZ	7.45	3.69	
514	2012-05-07	7.56	7.71	7.38	7.45	104332	3.69	300059	东方财富	SZ	7.57	3.76	
515	2012-05-04	7.5	7.66	7.41	7.57	89175	3.76	300059	东方财富	SZ	7.55	3.74	
516	2012-05-03	7.52	7.69	7.4	7.55	103196	3.74	300059	东方财富	SZ	7.47	3.7	
517	2012-05-02	7.5	7.68	7.35	7.47	116844	3.7	300059	东方财富	SZ	7.4	3.67	
520	2012-04-27	7.53	7.8	7.4	7.4	169582	3.67	300059	东方财富	SZ	7.55	3.74	
521	2012-04-26	7.49	7.65	7.39	7.55	156963	3.74	300059	东方财富	SZ	7.58	3.76	
522	2012-04-25	7.11	7.84	7.07	7.58	262516	3.76	300059	东方财富	SZ	7.16	3.55	
523	2012-04-24	6.75	7.2	6.64	7.16	196929	3.55	300059	东方财富	SZ	6.75	3.35	
524	2012-04-23	7.36	7.47	6.75	6.75	176352	3.35	300059	东方财富	SZ	7.41	3.67	
525	2012-04-20	7.07	7.49	6.96	7.41	243132	3.67	300059	东方财富	SZ	7.09	3.51	
526	2012-04-19	6.98	7.26	6.88	7.09	136027	3.51	300059	东方财富	SZ	6.94	3.44	
527	2012-04-18	6.7	7.07	6.66	6.94	111224	3.44	300059	东方财富	SZ	6.69	3.32	
528	2012-04-17	6.83	6.84	6.65	6.69	77125	3.32	300059	东方财富	SZ	6.84	3.39	
529	2012-04-16	6.59	6.86	6.56	6.84	108862	3.39	300059	东方财富	SZ	6.68	3.31	
530	2012-04-13	6.74	6.8	6.6	6.68	92625	3.31	300059	东方财富	SZ	6.72	3.33	
531	2012-04-12	6.5	6.73	6.5	6.72	108562	3.33	300059	东方财富	SZ	6.52	3.23	
532	2012-04-11	6.4	6.64	6.32	6.52	76939	3.23	300059	东方财富	SZ	6.51	2.02	
533	2012-04-10	6.38	6.52	6.19	6.51	97066	2.02	300059	东方财富	SZ	6.47	2	
534	2012-04-09	6.47	6.66	6.45	6.47	78010	2	300059	东方财富	SZ	6.52	2.02	
535	2012-04-06	6.43	6.58	6.39	6.52	77102	2.02	300059	东方财富	SZ	6.46	2	
536	2012-04-05	6.25	6.49	6.22	6.46	101121	2	300059	东方财富	SZ	6.22	1.93	
540	2012-03-30	6.25	6.31	6.13	6.22	53185	1.93	300059	东方财富	SZ	6.25	1.94	
541	2012-03-29	6.45	6.45	6.16	6.25	96745	1.94	300059	东方财富	SZ	6.46	2	
542	2012-03-28	6.8	6.8	6.44	6.46	105845	2	300059	东方财富	SZ	6.87	2.13	
543	2012-03-27	6.87	7.03	6.84	6.87	97169	2.13	300059	东方财富	SZ	6.82	2.12	
544	2012-03-26	6.72	6.96	6.72	6.82	64668	2.12	300059	东方财富	SZ	6.81	2.11	
545	2012-03-23	6.75	7.02	6.75	6.81	110350	2.11	300059	东方财富	SZ	6.78	2.1	
546	2012-03-22	6.72	6.87	6.65	6.78	91657	2.1	300059	东方财富	SZ	6.71	2.08	
547	2012-03-21	6.84	6.86	6.57	6.71	146602	2.08	300059	东方财富	SZ	6.79	2.1	
548	2012-03-20	7.09	7.09	6.76	6.79	149004	2.1	300059	东方财富	SZ	7.06	2.19	
550	2012-03-16	6.96	7.09	6.84	7.06	128697	2.19	300059	东方财富	SZ	6.92	2.15	
551	2012-03-15	7.11	7.13	6.78	6.92	199082	2.15	300059	东方财富	SZ	7.05	2.18	
552	2012-03-14	7.78	7.84	6.96	7.05	321235	2.18	300059	东方财富	SZ	7.74	2.4	
553	2012-03-13	7.91	7.92	7.61	7.74	201380	2.4	300059	东方财富	SZ	7.78	2.41	
554	2012-03-12	7.43	7.78	7.38	7.78	311025	2.41	300059	东方财富	SZ	7.42	2.3	
555	2012-03-09	7.41	7.49	7.3	7.42	182744	2.3	300059	东方财富	SZ	7.35	2.28	
556	2012-03-08	7.34	7.53	7.31	7.35	159928	2.28	300059	东方财富	SZ	7.33	2.27	
557	2012-03-07	7.31	7.52	7.28	7.33	177554	2.27	300059	东方财富	SZ	7.43	2.3	
558	2012-03-06	7.31	7.49	7.1	7.43	211485	2.3	300059	东方财富	SZ	7.38	2.29	
559	2012-03-05	7.44	7.74	7.38	7.38	262686	2.29	300059	东方财富	SZ	7.39	2.29	
560	2012-03-02	7.22	7.41	7.15	7.39	225812	2.29	300059	东方财富	SZ	7.18	2.23	
561	2012-03-01	7.16	7.31	7.15	7.18	167274	2.23	300059	东方财富	SZ	7.18	2.23	
562	2012-02-29	7.3	7.37	7.16	7.18	228211	2.23	300059	东方财富	SZ	7.27	2.25	
563	2012-02-28	7.53	7.61	7.15	7.27	412768	2.25	300059	东方财富	SZ	7.59	2.35	
564	2012-02-27	7.55	7.79	7.5	7.59	355622	2.35	300059	东方财富	SZ	7.62	2.36	
565	2012-02-24	7.28	7.98	7.23	7.62	688095	2.36	300059	东方财富	SZ	7.26	2.25	
566	2012-02-23	7.5	7.56	7.14	7.26	367611	2.25	300059	东方财富	SZ	7.29	2.26	
567	2012-02-22	6.7	7.29	6.7	7.29	484171	2.26	300059	东方财富	SZ	6.63	2.06	
568	2012-02-21	6.31	6.82	6.31	6.63	294017	2.06	300059	东方财富	SZ	6.39	1.98	
569	2012-02-20	6.2	6.7	6.16	6.39	225457	1.98	300059	东方财富	SZ	6.09	1.89	
570	2012-02-17	6.06	6.09	5.88	6.09	66335	1.89	300059	东方财富	SZ	6.02	1.86	
571	2012-02-16	6.08	6.14	5.94	6.02	75048	1.86	300059	东方财富	SZ	6.11	1.89	
572	2012-02-15	5.96	6.15	5.95	6.11	71592	1.89	300059	东方财富	SZ	6	1.86	
573	2012-02-14	6.1	6.12	5.94	6	49305	1.86	300059	东方财富	SZ	6.1	1.89	
574	2012-02-13	5.95	6.14	5.88	6.1	87817	1.89	300059	东方财富	SZ	5.98	1.85	
575	2012-02-10	5.92	6	5.88	5.98	63832	1.85	300059	东方财富	SZ	5.93	1.84	
576	2012-02-09	5.94	6.05	5.89	5.93	93659	1.84	300059	东方财富	SZ	5.93	1.84	
577	2012-02-08	5.73	5.95	5.69	5.93	132086	1.84	300059	东方财富	SZ	5.74	1.78	
578	2012-02-07	5.8	5.82	5.66	5.74	54165	1.78	300059	东方财富	SZ	5.8	1.8	
579	2012-02-06	5.77	5.86	5.74	5.8	86175	1.8	300059	东方财富	SZ	5.77	1.79	
580	2012-02-03	5.59	5.84	5.57	5.77	105492	1.79	300059	东方财富	SZ	5.61	1.74	
581	2012-02-02	5.52	5.62	5.45	5.61	69215	1.74	300059	东方财富	SZ	5.52	1.71	
582	2012-02-01	5.58	5.68	5.51	5.52	51936	1.71	300059	东方财富	SZ	5.56	1.72	
583	2012-01-31	5.56	5.59	5.46	5.56	33527	1.72	300059	东方财富	SZ	5.56	1.72	
584	2012-01-30	5.56	5.68	5.48	5.56	40489	1.72	300059	东方财富	SZ	5.54	1.72	
590	2012-01-20	5.43	5.68	5.43	5.54	48695	1.72	300059	东方财富	SZ	5.46	1.69	
591	2012-01-19	5.32	5.53	5.26	5.46	49507	1.69	300059	东方财富	SZ	5.42	1.68	
592	2012-01-18	5.67	5.7	5.39	5.42	51215	1.68	300059	东方财富	SZ	5.67	1.76	
593	2012-01-17	5.39	5.7	5.38	5.67	61729	1.76	300059	东方财富	SZ	5.39	1.67	
594	2012-01-16	5.54	5.54	5.39	5.39	42629	1.67	300059	东方财富	SZ	5.57	1.73	
595	2012-01-13	5.89	5.89	5.56	5.57	83095	1.73	300059	东方财富	SZ	5.88	1.82	
596	2012-01-12	5.93	5.99	5.88	5.88	49957	1.82	300059	东方财富	SZ	5.94	1.84	
597	2012-01-11	5.9	6.13	5.87	5.94	77258	1.84	300059	东方财富	SZ	5.91	1.83	
598	2012-01-10	5.68	6.03	5.67	5.91	115209	1.83	300059	东方财富	SZ	5.68	1.76	
599	2012-01-09	5.5	5.74	5.38	5.68	83604	1.76	300059	东方财富	SZ	5.52	1.71	
600	2012-01-06	5.53	5.59	5.33	5.52	51082	1.71	300059	东方财富	SZ	5.52	1.71	
601	2012-01-05	5.81	5.82	5.52	5.52	32869	1.71	300059	东方财富	SZ	5.83	1.81	
602	2012-01-04	6.05	6.06	5.83	5.83	40634	1.81	300059	东方财富	SZ	5.99	1.86	
603	2012-01-03	5.85	5.99	5.81	5.99	32585	1.86	300059	东方财富	SZ	5.99	1.86	
604	2012-01-02	5.85	5.99	5.81	5.99	32585	1.86	300059	东方财富	SZ	5.99	1.86	
605	2011-12-30	5.85	5.99	5.81	5.99	32585	1.86	300059	东方财富	SZ	5.79	1.79	
606	2011-12-29	5.74	5.88	5.69	5.79	20728	1.79	300059	东方财富	SZ	5.8	1.8	
607	2011-12-28	5.91	5.94	5.62	5.8	54035	1.8	300059	东方财富	SZ	5.94	1.84	
608	2011-12-27	6.2	6.3	5.84	5.94	43359	1.84	300059	东方财富	SZ	6.22	1.93	
609	2011-12-26	6.25	6.43	6.2	6.22	40782	1.93	300059	东方财富	SZ	6.23	1.93	
610	2011-12-23	6.14	6.33	6.07	6.23	43569	1.93	300059	东方财富	SZ	6.14	1.9	
611	2011-12-22	6.12	6.28	5.84	6.14	42498	1.9	300059	东方财富	SZ	6.14	1.9	
612	2011-12-21	6.41	6.43	6.09	6.14	45125	1.9	300059	东方财富	SZ	6.3	1.95	
613	2011-12-20	6.43	6.55	6.25	6.3	54441	1.95	300059	东方财富	SZ	6.47	2	
614	2011-12-19	6.27	6.55	6.17	6.47	51891	2	300059	东方财富	SZ	6.37	1.97	
615	2011-12-16	6	6.38	6	6.37	48170	1.97	300059	东方财富	SZ	6.06	1.88	
616	2011-12-15	6.15	6.23	5.94	6.06	40601	1.88	300059	东方财富	SZ	6.16	1.91	
617	2011-12-14	6.16	6.41	6.12	6.16	36703	1.91	300059	东方财富	SZ	6.26	1.94	
618	2011-12-13	6.39	6.39	6.2	6.26	40012	1.94	300059	东方财富	SZ	6.4	1.98	
619	2011-12-12	6.55	6.59	6.38	6.4	29836	1.98	300059	东方财富	SZ	6.47	2	
620	2011-12-09	6.44	6.56	6.38	6.47	35193	2	300059	东方财富	SZ	6.56	2.03	
621	2011-12-08	6.38	6.76	6.29	6.56	63618	2.03	300059	东方财富	SZ	6.41	1.99	
622	2011-12-07	6.35	6.53	6.34	6.41	39161	1.99	300059	东方财富	SZ	6.4	1.98	
623	2011-12-06	6.47	6.5	6.19	6.4	65994	1.98	300059	东方财富	SZ	6.45	2	
624	2011-12-05	7.2	7.2	6.42	6.45	94644	2	300059	东方财富	SZ	7.13	2.21	
625	2011-12-02	7.19	7.28	7.08	7.13	52117	2.21	300059	东方财富	SZ	7.28	2.26	
626	2011-12-01	7.09	7.56	7.07	7.28	102190	2.26	300059	东方财富	SZ	6.88	2.13	
627	2011-11-30	7.22	7.24	6.75	6.88	78596	2.13	300059	东方财富	SZ	7.18	2.23	
628	2011-11-29	6.92	7.26	6.86	7.18	75959	2.23	300059	东方财富	SZ	6.84	2.12	
629	2011-11-28	6.97	7.05	6.79	6.84	38616	2.12	300059	东方财富	SZ	6.94	2.15	
630	2011-11-25	6.94	7.09	6.9	6.94	34430	2.15	300059	东方财富	SZ	6.97	2.16	
631	2011-11-24	6.94	7.06	6.85	6.97	40273	2.16	300059	东方财富	SZ	7.06	2.19	
632	2011-11-23	7.06	7.13	6.97	7.06	38113	2.19	300059	东方财富	SZ	7.07	2.19	
633	2011-11-22	6.88	7.09	6.76	7.07	60231	2.19	300059	东方财富	SZ	6.98	2.16	
634	2011-11-21	6.94	6.99	6.81	6.98	48631	2.16	300059	东方财富	SZ	6.93	2.15	
635	2011-11-18	7.18	7.18	6.88	6.93	94449	2.15	300059	东方财富	SZ	7.19	2.23	
636	2011-11-17	7.23	7.37	7.16	7.19	59954	2.23	300059	东方财富	SZ	7.21	2.23	
637	2011-11-16	7.58	7.58	7.12	7.21	124750	2.23	300059	东方财富	SZ	7.57	2.35	
638	2011-11-15	7.56	7.61	7.48	7.57	75213	2.35	300059	东方财富	SZ	7.58	2.35	
639	2011-11-14	7.4	7.61	7.33	7.58	106072	2.35	300059	东方财富	SZ	7.32	2.27	
640	2011-11-11	7.41	7.49	7.18	7.32	117242	2.27	300059	东方财富	SZ	7.42	2.3	
641	2011-11-10	7.37	7.77	7.34	7.42	202221	2.3	300059	东方财富	SZ	7.49	2.32	
642	2011-11-09	7.16	7.49	7.01	7.49	122799	2.32	300059	东方财富	SZ	7.12	2.21	
643	2011-11-08	7.34	7.39	7.08	7.12	85265	2.21	300059	东方财富	SZ	7.28	2.26	
644	2011-11-07	7.39	7.5	7.25	7.28	85051	2.26	300059	东方财富	SZ	7.45	2.31	
645	2011-11-04	7.45	7.55	7.27	7.45	97853	2.31	300059	东方财富	SZ	7.34	2.28	
646	2011-11-03	7.33	7.66	7.33	7.34	232472	2.28	300059	东方财富	SZ	7.29	2.26	
647	2011-11-02	6.75	7.31	6.72	7.29	199280	2.26	300059	东方财富	SZ	6.88	2.13	
648	2011-11-01	6.96	7.09	6.82	6.88	96907	2.13	300059	东方财富	SZ	7.08	2.2	
649	2011-10-31	6.94	7.08	6.84	7.08	104550	2.2	300059	东方财富	SZ	6.94	2.15	
650	2011-10-28	6.73	7.03	6.64	6.94	122873	2.15	300059	东方财富	SZ	6.65	2.06	
651	2011-10-27	6.63	6.81	6.53	6.65	107277	2.06	300059	东方财富	SZ	6.67	2.07	
652	2011-10-26	6.44	6.94	6.43	6.67	188576	2.07	300059	东方财富	SZ	6.44	2	
653	2011-10-25	5.88	6.44	5.85	6.44	103089	2	300059	东方财富	SZ	5.86	1.81	
654	2011-10-24	5.87	5.92	5.66	5.86	79145	1.81	300059	东方财富	SZ	5.9	1.83	
655	2011-10-21	6.06	6.09	5.9	5.9	55620	1.83	300059	东方财富	SZ	6.15	1.91	
656	2011-10-20	6.26	6.31	6.09	6.15	21625	1.91	300059	东方财富	SZ	6.32	1.96	
657	2011-10-19	6.33	6.45	6.21	6.32	28390	1.96	300059	东方财富	SZ	6.3	1.95	
658	2011-10-18	6.57	6.57	6.29	6.3	32600	1.95	300059	东方财富	SZ	6.62	2.05	
659	2011-10-17	6.59	6.66	6.56	6.62	28566	2.05	300059	东方财富	SZ	6.59	2.04	
660	2011-10-14	6.58	6.62	6.5	6.59	27375	2.04	300059	东方财富	SZ	6.61	2.05	
661	2011-10-13	6.47	6.75	6.47	6.61	61880	2.05	300059	东方财富	SZ	6.46	2	
662	2011-10-12	6.16	6.49	6.1	6.46	51674	2	300059	东方财富	SZ	6.11	1.89	
663	2011-10-11	6.37	6.43	6.03	6.11	23579	1.89	300059	东方财富	SZ	6.18	1.91	
664	2011-10-10	6.19	6.21	6.11	6.18	11104	1.91	300059	东方财富	SZ	6.13	1.9	
665	2011-09-30	6.17	6.24	6.03	6.13	33727	1.9	300059	东方财富	SZ	6.19	1.92	
666	2011-09-29	6.44	6.44	6.18	6.19	29723	1.92	300059	东方财富	SZ	6.41	1.99	
667	2011-09-28	6.58	6.62	6.36	6.41	15512	1.99	300059	东方财富	SZ	6.53	2.02	
668	2011-09-27	6.51	6.6	6.46	6.53	19911	2.02	300059	东方财富	SZ	6.46	2	
669	2011-09-26	6.56	6.68	6.43	6.46	30725	2	300059	东方财富	SZ	6.62	2.05	
670	2011-09-23	6.72	6.75	6.55	6.62	40724	2.05	300059	东方财富	SZ	6.79	2.1	
671	2011-09-22	6.99	7.04	6.79	6.79	23718	2.1	300059	东方财富	SZ	7.03	2.18	
672	2011-09-21	6.81	7.06	6.79	7.03	34438	2.18	300059	东方财富	SZ	6.82	2.11	
673	2011-09-20	6.79	6.89	6.73	6.82	17405	2.11	300059	东方财富	SZ	6.79	2.1	
674	2011-09-19	7.1	7.1	6.76	6.79	35850	2.1	300059	东方财富	SZ	7.1	2.2	
675	2011-09-16	7.18	7.27	7.1	7.1	29095	2.2	300059	东方财富	SZ	7.1	2.2	
676	2011-09-15	7.22	7.25	7.08	7.1	34682	2.2	300059	东方财富	SZ	7.18	2.23	
677	2011-09-14	7.27	7.36	7.03	7.18	85382	2.23	300059	东方财富	SZ	7.24	2.24	
678	2011-09-13	7.12	7.25	6.97	7.24	28765	2.24	300059	东方财富	SZ	7.16	2.22	
679	2011-09-09	7.22	7.31	7.11	7.16	15260	2.22	300059	东方财富	SZ	7.21	2.23	
680	2011-09-08	7.38	7.43	7.2	7.21	18775	2.23	300059	东方财富	SZ	7.38	2.29	
681	2011-09-07	7.23	7.41	7.22	7.38	22633	2.29	300059	东方财富	SZ	7.25	2.25	
682	2011-09-06	7.05	7.27	7.05	7.25	23358	2.25	300059	东方财富	SZ	7.19	2.23	
683	2011-09-05	7.35	7.35	7.17	7.19	40814	2.23	300059	东方财富	SZ	7.44	2.3	
684	2011-09-02	7.6	7.68	7.43	7.44	30720	2.3	300059	东方财富	SZ	7.6	2.35	
685	2011-09-01	7.6	7.75	7.56	7.6	31944	2.35	300059	东方财富	SZ	7.62	2.36	
686	2011-08-31	7.66	7.74	7.55	7.62	32474	2.36	300059	东方财富	SZ	7.68	2.38	
687	2011-08-30	7.85	7.96	7.66	7.68	61757	2.38	300059	东方财富	SZ	7.9	2.45	
688	2011-08-29	8	8.02	7.88	7.9	66155	2.45	300059	东方财富	SZ	8.01	2.48	
689	2011-08-26	7.89	8.02	7.82	8.01	96595	2.48	300059	东方财富	SZ	7.92	2.45	
690	2011-08-25	7.67	7.96	7.61	7.92	103070	2.45	300059	东方财富	SZ	7.71	2.39	
691	2011-08-24	7.81	7.97	7.71	7.71	99327	2.39	300059	东方财富	SZ	7.75	2.4	
692	2011-08-23	7.47	7.77	7.42	7.75	78132	2.4	300059	东方财富	SZ	7.4	2.29	
693	2011-08-22	7.28	7.59	7.27	7.4	40131	2.29	300059	东方财富	SZ	7.24	2.24	
694	2011-08-19	7.12	7.26	7.09	7.24	28614	2.24	300059	东方财富	SZ	7.34	2.28	
695	2011-08-18	7.49	7.61	7.32	7.34	38537	2.28	300059	东方财富	SZ	7.53	2.33	
696	2011-08-17	7.52	7.61	7.48	7.53	32874	2.33	300059	东方财富	SZ	7.53	2.33	
697	2011-08-16	7.6	7.67	7.51	7.53	37592	2.33	300059	东方财富	SZ	7.64	2.37	
698	2011-08-15	7.36	7.72	7.29	7.64	74873	2.37	300059	东方财富	SZ	7.34	2.27	
699	2011-08-12	7.3	7.45	7.28	7.34	49427	2.27	300059	东方财富	SZ	7.26	2.25	
700	2011-08-11	6.78	7.33	6.78	7.26	45287	2.25	300059	东方财富	SZ	7.08	2.2	
701	2011-08-10	7.04	7.21	7.04	7.08	40214	2.2	300059	东方财富	SZ	6.97	2.16	
702	2011-08-09	6.78	7.05	6.72	6.97	49830	2.16	300059	东方财富	SZ	7.03	2.18	
703	2011-08-08	7.44	7.49	6.91	7.03	68692	2.18	300059	东方财富	SZ	7.52	2.33	
704	2011-08-05	7.59	7.62	7.46	7.52	71081	2.33	300059	东方财富	SZ	7.83	2.43	
705	2011-08-04	7.97	8.02	7.81	7.83	68958	2.43	300059	东方财富	SZ	7.97	2.47	
706	2011-08-03	7.72	8.07	7.66	7.97	110657	2.47	300059	东方财富	SZ	7.78	2.41	
707	2011-08-02	7.66	7.8	7.47	7.78	62779	2.41	300059	东方财富	SZ	7.67	2.38	
708	2011-08-01	7.34	7.8	7.28	7.67	71639	2.38	300059	东方财富	SZ	7.38	2.29	
709	2011-07-29	7.46	7.61	7.35	7.38	41372	2.29	300059	东方财富	SZ	7.5	2.32	
710	2011-07-28	7.44	7.55	7.39	7.5	41474	2.32	300059	东方财富	SZ	7.51	2.33	
711	2011-07-27	7.34	7.53	7.26	7.51	55734	2.33	300059	东方财富	SZ	7.33	2.27	
712	2011-07-26	7.3	7.38	7.22	7.33	33746	2.27	300059	东方财富	SZ	7.32	2.27	
713	2011-07-25	7.56	7.57	7.31	7.32	61397	2.27	300059	东方财富	SZ	7.6	2.36	
714	2011-07-22	7.62	7.67	7.56	7.6	36068	2.36	300059	东方财富	SZ	7.6	2.35	
715	2011-07-21	7.85	7.85	7.57	7.6	65827	2.35	300059	东方财富	SZ	7.85	2.43	
716	2011-07-20	7.81	7.9	7.76	7.85	42975	2.43	300059	东方财富	SZ	7.79	2.41	
717	2011-07-19	7.91	7.93	7.72	7.79	57095	2.41	300059	东方财富	SZ	7.91	2.45	
718	2011-07-18	8.09	8.18	7.84	7.91	97970	2.45	300059	东方财富	SZ	8.09	2.51	
719	2011-07-15	8.03	8.27	8	8.09	120952	2.51	300059	东方财富	SZ	8.07	2.5	
720	2011-07-14	7.74	8.15	7.72	8.07	154406	2.5	300059	东方财富	SZ	7.72	2.39	
721	2011-07-13	7.6	7.77	7.55	7.72	89392	2.39	300059	东方财富	SZ	7.66	2.37	
722	2011-07-12	7.58	7.81	7.42	7.66	142372	2.37	300059	东方财富	SZ	7.62	2.36	
723	2011-07-11	7.59	7.65	7.51	7.62	38519	2.36	300059	东方财富	SZ	7.62	2.36	
724	2011-07-08	7.55	7.71	7.55	7.62	66663	2.36	300059	东方财富	SZ	7.57	2.35	
725	2011-07-07	7.47	7.72	7.45	7.57	100661	2.35	300059	东方财富	SZ	7.47	2.31	
726	2011-07-06	7.44	7.5	7.4	7.47	49800	2.31	300059	东方财富	SZ	7.5	2.33	
727	2011-07-05	7.54	7.65	7.42	7.5	116821	2.33	300059	东方财富	SZ	7.41	2.3	
728	2011-07-04	7.31	7.43	7.25	7.41	54422	2.3	300059	东方财富	SZ	7.24	2.24	
729	2011-07-01	7.24	7.34	7.19	7.24	37607	2.24	300059	东方财富	SZ	7.22	2.24	
730	2011-06-30	7.16	7.27	7.13	7.22	33475	2.24	300059	东方财富	SZ	7.16	2.22	
731	2011-06-29	7.33	7.44	7.15	7.16	36876	2.22	300059	东方财富	SZ	7.28	2.26	
732	2011-06-28	7.38	7.38	7.22	7.28	41546	2.26	300059	东方财富	SZ	7.35	2.28	
733	2011-06-27	7.31	7.45	7.26	7.35	53484	2.28	300059	东方财富	SZ	7.33	2.27	
734	2011-06-24	7.19	7.42	7.16	7.33	88807	2.27	300059	东方财富	SZ	7.24	2.24	
735	2011-06-23	7.08	7.28	6.88	7.24	78887	2.24	300059	东方财富	SZ	7.06	2.19	
736	2011-06-22	7.09	7.33	7.06	7.06	68966	2.19	300059	东方财富	SZ	6.97	2.16	
737	2011-06-21	6.84	7	6.79	6.97	27929	2.16	300059	东方财富	SZ	6.82	2.12	
738	2011-06-20	6.83	6.9	6.77	6.82	14104	2.12	300059	东方财富	SZ	6.84	2.12	
739	2011-06-17	6.88	6.97	6.78	6.84	15977	2.12	300059	东方财富	SZ	6.88	2.13	
740	2011-06-16	7.02	7.05	6.88	6.88	25667	2.13	300059	东方财富	SZ	7.11	2.2	
741	2011-06-15	7.17	7.34	7.1	7.11	42711	2.2	300059	东方财富	SZ	7.21	2.24	
742	2011-06-14	7.13	7.25	7.07	7.21	49020	2.24	300059	东方财富	SZ	7.13	2.21	
743	2011-06-13	6.88	7.21	6.81	7.13	42939	2.21	300059	东方财富	SZ	6.95	2.15	
744	2011-06-10	6.97	7.03	6.78	6.95	30981	2.15	300059	东方财富	SZ	7.03	2.18	
745	2011-06-09	6.93	7.22	6.91	7.03	60519	2.18	300059	东方财富	SZ	6.98	2.16	
746	2011-06-08	7.08	7.14	6.81	6.98	25981	2.16	300059	东方财富	SZ	7.09	2.2	
747	2011-06-07	7.06	7.17	7.03	7.09	16573	2.2	300059	东方财富	SZ	7.18	1.46	
748	2011-06-03	7.08	7.21	7.07	7.18	23575	1.46	300059	东方财富	SZ	7.08	1.44	
749	2011-06-02	7.19	7.19	7.02	7.08	27545	1.44	300059	东方财富	SZ	7.27	1.47	
750	2011-06-01	7.28	7.3	7.21	7.27	24057	1.47	300059	东方财富	SZ	7.24	1.47	
751	2011-05-31	7.17	7.27	7.09	7.24	26301	1.47	300059	东方财富	SZ	7.15	1.45	
752	2011-05-30	6.98	7.29	6.98	7.15	61566	1.45	300059	东方财富	SZ	7.06	1.43	
753	2011-05-27	7.19	7.23	7.06	7.06	31986	1.43	300059	东方财富	SZ	7.23	1.47	
754	2011-05-26	7.27	7.49	7.17	7.23	56780	1.47	300059	东方财富	SZ	7.5	1.52	
755	2011-05-24	7.39	7.68	7.06	7.5	89968	1.52	300059	东方财富	SZ	7.42	1.5	
756	2011-05-23	7.6	7.62	7.34	7.42	36512	1.5	300059	东方财富	SZ	7.68	1.56	
757	2011-05-20	7.65	7.71	7.48	7.68	40150	1.56	300059	东方财富	SZ	7.68	1.56	
758	2011-05-19	7.88	7.88	7.67	7.68	19635	1.56	300059	东方财富	SZ	7.83	1.59	
759	2011-05-18	7.81	7.93	7.75	7.83	18148	1.59	300059	东方财富	SZ	7.84	1.59	
760	2011-05-17	7.93	7.93	7.76	7.84	13622	1.59	300059	东方财富	SZ	7.87	1.6	
761	2011-05-16	7.83	8.01	7.83	7.87	23993	1.6	300059	东方财富	SZ	7.86	1.59	
762	2011-05-13	7.8	7.9	7.65	7.86	26976	1.59	300059	东方财富	SZ	7.79	1.58	
763	2011-05-12	8.13	8.2	7.78	7.79	36540	1.58	300059	东方财富	SZ	8.13	1.65	
764	2011-05-11	8.11	8.16	8.02	8.13	30515	1.65	300059	东方财富	SZ	8.11	1.64	
765	2011-05-10	8.05	8.14	8.01	8.11	33133	1.64	300059	东方财富	SZ	8.04	1.63	
766	2011-05-09	8.08	8.23	7.96	8.04	24835	1.63	300059	东方财富	SZ	8.02	1.63	
767	2011-05-06	7.86	8.08	7.82	8.02	40789	1.63	300059	东方财富	SZ	7.91	1.6	
768	2011-05-05	7.74	8.16	7.61	7.91	53983	1.6	300059	东方财富	SZ	7.72	1.56	
769	2011-05-04	7.83	7.9	7.6	7.72	34985	1.56	300059	东方财富	SZ	7.84	1.59	
770	2011-05-03	7.79	7.9	7.67	7.84	25281	1.59	300059	东方财富	SZ	7.78	1.58	
771	2011-04-29	7.69	7.91	7.67	7.78	47404	1.58	300059	东方财富	SZ	7.73	1.57	
772	2011-04-28	8.44	8.45	7.61	7.73	102117	1.57	300059	东方财富	SZ	8.46	1.71	
773	2011-04-27	8.5	8.84	8.34	8.46	135634	1.71	300059	东方财富	SZ	8.54	1.73	
774	2011-04-25	8.77	8.77	8.51	8.54	72666	1.73	300059	东方财富	SZ	8.75	1.77	
775	2011-04-22	8.34	8.85	8.34	8.75	136705	1.77	300059	东方财富	SZ	8.33	1.69	
776	2011-04-21	8.33	8.39	8.25	8.33	45242	1.69	300059	东方财富	SZ	8.3	1.68	
777	2011-04-20	8.18	8.33	8.18	8.3	49412	1.68	300059	东方财富	SZ	8.21	1.66	
778	2011-04-19	8.46	8.46	8.17	8.21	59175	1.66	300059	东方财富	SZ	8.46	1.72	
779	2011-04-18	8.59	8.64	8.46	8.46	42056	1.72	300059	东方财富	SZ	8.6	1.74	
780	2011-04-15	8.65	8.68	8.56	8.6	37106	1.74	300059	东方财富	SZ	8.65	1.75	
781	2011-04-14	8.71	8.74	8.63	8.65	32345	1.75	300059	东方财富	SZ	8.73	1.77	
782	2011-04-13	8.65	8.73	8.64	8.73	41087	1.77	300059	东方财富	SZ	8.65	1.75	
783	2011-04-12	8.62	8.73	8.61	8.65	28476	1.75	300059	东方财富	SZ	8.65	1.75	
784	2011-04-11	8.89	8.9	8.65	8.65	51704	1.75	300059	东方财富	SZ	8.86	1.8	
785	2011-04-08	8.85	8.89	8.79	8.86	44275	1.8	300059	东方财富	SZ	8.86	1.8	
786	2011-04-07	8.83	8.89	8.77	8.86	43716	1.8	300059	东方财富	SZ	8.83	1.79	
787	2011-04-06	8.75	8.83	8.65	8.83	58411	1.79	300059	东方财富	SZ	8.77	1.78	
788	2011-04-01	8.75	8.77	8.65	8.77	33888	1.78	300059	东方财富	SZ	8.75	1.77	
789	2011-03-31	8.64	8.83	8.64	8.75	73061	1.77	300059	东方财富	SZ	8.6	1.74	
790	2011-03-30	8.67	8.75	8.59	8.6	41399	1.74	300059	东方财富	SZ	8.66	1.76	
791	2011-03-29	8.95	8.95	8.65	8.66	86102	1.76	300059	东方财富	SZ	8.96	1.82	
792	2011-03-28	8.97	9	8.89	8.96	79243	1.82	300059	东方财富	SZ	8.96	1.82	
793	2011-03-25	8.96	9	8.95	8.96	93922	1.82	300059	东方财富	SZ	9	1.82	
794	2011-03-24	8.98	9	8.95	9	120269	1.82	300059	东方财富	SZ	8.96	1.82	
795	2011-03-23	9.28	9.28	8.93	8.96	208733	1.82	300059	东方财富	SZ	9.28	1.88	
796	2011-03-22	9.38	9.4	9.27	9.28	38303	1.88	300059	东方财富	SZ	9.38	1.9	
797	2011-03-21	9.58	9.6	9.29	9.38	61179	1.9	300059	东方财富	SZ	9.61	1.95	
798	2011-03-18	9.59	9.64	9.57	9.61	16810	1.95	300059	东方财富	SZ	9.53	1.93	
799	2011-03-17	9.62	9.62	9.51	9.53	27231	1.93	300059	东方财富	SZ	9.64	1.95	
800	2011-03-16	9.54	9.65	9.54	9.64	19599	1.95	300059	东方财富	SZ	9.55	1.94	
801	2011-03-15	9.72	9.76	9.48	9.55	30888	1.94	300059	东方财富	SZ	9.72	1.97	
802	2011-03-14	9.77	9.81	9.63	9.72	32343	1.97	300059	东方财富	SZ	9.84	2	
803	2011-03-11	9.77	9.93	9.75	9.84	36597	2	300059	东方财富	SZ	9.83	1.99	
804	2011-03-10	9.81	10	9.76	9.83	43249	1.99	300059	东方财富	SZ	9.81	1.99	
805	2011-03-09	9.92	9.92	9.76	9.81	22908	1.99	300059	东方财富	SZ	9.88	2	
806	2011-03-08	9.77	9.93	9.72	9.88	25141	2	300059	东方财富	SZ	9.76	1.98	
807	2011-03-07	9.68	9.79	9.68	9.76	27015	1.98	300059	东方财富	SZ	9.67	1.96	
808	2011-03-04	9.68	9.71	9.46	9.67	27061	1.96	300059	东方财富	SZ	9.64	1.95	
809	2011-03-03	9.79	9.83	9.64	9.64	24336	1.95	300059	东方财富	SZ	9.79	1.98	
810	2011-03-02	9.94	9.94	9.68	9.79	32495	1.98	300059	东方财富	SZ	9.95	2.02	
811	2011-03-01	9.93	9.95	9.85	9.95	27622	2.02	300059	东方财富	SZ	9.95	2.02	
812	2011-02-28	10	10	9.81	9.95	52527	2.02	300059	东方财富	SZ	10.08	2.04	
813	2011-02-25	9.98	10.15	9.94	10.08	47864	2.04	300059	东方财富	SZ	9.94	2.01	
814	2011-02-24	9.8	9.99	9.8	9.94	22747	2.01	300059	东方财富	SZ	9.85	2	
815	2011-02-23	9.69	9.89	9.64	9.85	26786	2	300059	东方财富	SZ	9.77	1.98	
816	2011-02-22	10.12	10.13	9.77	9.77	29691	1.98	300059	东方财富	SZ	10.14	2.06	
817	2011-02-21	10.01	10.16	9.94	10.14	25682	2.06	300059	东方财富	SZ	10.01	2.03	
818	2011-02-18	10.28	10.28	9.95	10.01	27446	2.03	300059	东方财富	SZ	10.27	2.08	
819	2011-02-17	10.25	10.39	10.16	10.27	25203	2.08	300059	东方财富	SZ	10.27	2.08	
820	2011-02-16	10.18	10.29	10.12	10.27	20626	2.08	300059	东方财富	SZ	10.2	2.07	
821	2011-02-15	10.26	10.39	10.17	10.2	36411	2.07	300059	东方财富	SZ	10.34	2.1	
822	2011-02-14	9.84	10.52	9.83	10.34	50763	2.1	300059	东方财富	SZ	9.83	1.99	
823	2011-02-11	9.83	9.89	9.76	9.83	31628	1.99	300059	东方财富	SZ	9.83	1.99	
824	2011-02-10	9.45	10.02	9.45	9.83	46246	1.99	300059	东方财富	SZ	9.47	1.92	
825	2011-02-09	9.58	9.62	9.4	9.47	24000	1.92	300059	东方财富	SZ	9.66	1.96	
826	2011-02-01	9.69	9.74	9.6	9.66	15262	1.96	300059	东方财富	SZ	9.64	1.95	
827	2011-01-31	9.6	9.68	9.5	9.64	29992	1.95	300059	东方财富	SZ	9.6	1.95	
828	2011-01-28	9.65	9.76	9.56	9.6	44949	1.95	300059	东方财富	SZ	9.62	1.95	
829	2011-01-27	9.49	9.66	9.47	9.62	27290	1.95	300059	东方财富	SZ	9.46	1.92	
830	2011-01-25	9.56	9.58	9.41	9.46	7103	1.92	300059	东方财富	SZ	9.52	1.93	
831	2011-01-24	9.63	9.71	9.41	9.52	8857	1.93	300059	东方财富	SZ	9.62	1.95	
832	2011-01-21	9.52	9.72	9.52	9.62	10889	1.95	300059	东方财富	SZ	9.52	1.93	
833	2011-01-20	9.93	9.95	9.5	9.52	15169	1.93	300059	东方财富	SZ	9.92	2.01	
834	2011-01-19	9.79	9.93	9.76	9.92	14810	2.01	300059	东方财富	SZ	9.79	1.98	
835	2011-01-18	9.76	9.83	9.65	9.79	9186	1.98	300059	东方财富	SZ	9.76	1.98	
836	2011-01-17	10.02	10.04	9.67	9.76	17156	1.98	300059	东方财富	SZ	10.04	2.04	
837	2011-01-14	10.33	10.36	10.02	10.04	18133	2.04	300059	东方财富	SZ	10.35	2.1	
838	2011-01-13	10.52	10.57	10.21	10.35	19163	2.1	300059	东方财富	SZ	10.47	2.12	
839	2011-01-12	10.43	10.57	10.39	10.47	23590	2.12	300059	东方财富	SZ	10.44	2.12	
840	2011-01-11	10.74	10.8	10.38	10.44	22985	2.12	300059	东方财富	SZ	10.74	2.18	
841	2011-01-10	10.77	11.03	10.73	10.74	18608	2.18	300059	东方财富	SZ	10.9	2.21	
842	2011-01-07	10.84	11.06	10.84	10.9	15124	2.21	300059	东方财富	SZ	10.92	2.21	
843	2011-01-06	11.21	11.21	10.92	10.92	22910	2.21	300059	东方财富	SZ	11.16	2.26	
844	2011-01-05	11.22	11.34	11.11	11.16	25084	2.26	300059	东方财富	SZ	11.22	2.27	
845	2011-01-04	11.08	11.24	11.05	11.22	28382	2.27	300059	东方财富	SZ	11.09	2.25	
846	2010-12-31	10.96	11.14	10.83	11.09	18945	2.25	300059	东方财富	SZ	10.99	2.23	
847	2010-12-30	11	11.08	10.92	10.99	22621	2.23	300059	东方财富	SZ	11.02	2.23	
848	2010-12-29	11.04	11.04	10.84	11.02	16342	2.23	300059	东方财富	SZ	10.9	2.21	
849	2010-12-28	10.79	11.04	10.73	10.9	19054	2.21	300059	东方财富	SZ	10.89	2.21	
850	2010-12-27	11.2	11.43	10.82	10.89	26470	2.21	300059	东方财富	SZ	11.2	2.27	
851	2010-12-24	11.31	11.43	11.04	11.2	28970	2.27	300059	东方财富	SZ	11.39	2.31	
852	2010-12-23	11.64	11.74	11.32	11.39	31105	2.31	300059	东方财富	SZ	11.67	2.37	
853	2010-12-22	11.76	11.98	11.63	11.67	34996	2.37	300059	东方财富	SZ	11.76	2.38	
854	2010-12-21	11.65	11.85	11.58	11.76	32022	2.38	300059	东方财富	SZ	11.64	2.36	
855	2010-12-20	12.16	12.16	11.31	11.64	70260	2.36	300059	东方财富	SZ	12.15	2.46	
856	2010-12-17	12.19	12.4	11.88	12.15	56786	2.46	300059	东方财富	SZ	12.27	2.49	
857	2010-12-16	12.08	12.77	12	12.27	114238	2.49	300059	东方财富	SZ	12.11	2.45	
858	2010-12-15	12.15	12.35	11.94	12.11	105873	2.45	300059	东方财富	SZ	12.25	2.48	
859	2010-12-14	11.59	12.41	11.46	12.25	168698	2.48	300059	东方财富	SZ	11.65	2.36	
860	2010-12-13	11.5	12.08	11.5	11.65	91641	2.36	300059	东方财富	SZ	11.19	2.27	
861	2010-12-10	10.83	11.25	10.71	11.19	50326	2.27	300059	东方财富	SZ	10.92	2.21	
862	2010-12-08	11.01	11.01	10.81	10.92	21567	2.21	300059	东方财富	SZ	10.96	2.22	
863	2010-12-07	10.67	11	10.67	10.96	17602	2.22	300059	东方财富	SZ	10.77	2.18	
864	2010-12-06	10.88	11.01	10.67	10.77	28601	2.18	300059	东方财富	SZ	10.95	2.22	
865	2010-12-03	11.18	11.23	10.77	10.95	32399	2.22	300059	东方财富	SZ	11.12	2.25	
866	2010-12-02	11.23	11.24	11.1	11.12	27960	2.25	300059	东方财富	SZ	11.06	2.24	
867	2010-12-01	11.25	11.25	10.98	11.06	43600	2.24	300059	东方财富	SZ	11.28	2.29	
868	2010-11-30	11.85	11.91	11	11.28	68234	2.29	300059	东方财富	SZ	11.84	2.4	
869	2010-11-29	12.02	12.12	11.62	11.84	49000	2.4	300059	东方财富	SZ	12.02	2.44	
870	2010-11-26	11.81	12.23	11.68	12.02	78884	2.44	300059	东方财富	SZ	11.81	2.39	
871	2010-11-25	11.86	11.97	11.6	11.81	62621	2.39	300059	东方财富	SZ	11.73	2.38	
872	2010-11-24	11.21	11.83	11.21	11.73	46876	2.38	300059	东方财富	SZ	11.41	2.31	
873	2010-11-23	11.56	11.57	11.04	11.41	59462	2.31	300059	东方财富	SZ	11.62	2.36	
874	2010-11-22	11.39	11.85	11.35	11.62	77727	2.36	300059	东方财富	SZ	11.35	2.3	
875	2010-11-19	11.12	11.35	11	11.35	53936	2.3	300059	东方财富	SZ	11.07	2.24	
876	2010-11-18	10.99	11.14	10.92	11.07	35726	2.24	300059	东方财富	SZ	10.94	2.22	
877	2010-11-17	11.46	11.66	10.83	10.94	71681	2.22	300059	东方财富	SZ	11.66	2.36	
878	2010-11-16	12.07	12.48	11.56	11.66	90406	2.36	300059	东方财富	SZ	12.06	2.45	
879	2010-11-15	11.6	12.06	11.46	12.06	87000	2.45	300059	东方财富	SZ	11.47	2.33	
880	2010-11-12	12.14	12.4	11.46	11.47	95913	2.33	300059	东方财富	SZ	12.27	2.49	
881	2010-11-11	12.06	12.56	11.88	12.27	109971	2.49	300059	东方财富	SZ	12.08	2.45	
882	2010-11-10	11.87	12.19	11.67	12.08	77979	2.45	300059	东方财富	SZ	11.81	2.39	
883	2010-11-09	12.04	12.19	11.76	11.81	71630	2.39	300059	东方财富	SZ	12.05	2.44	
884	2010-11-08	12.23	12.23	12	12.05	79170	2.44	300059	东方财富	SZ	12.06	2.44	
885	2010-11-05	11.88	12.2	11.69	12.06	91251	2.44	300059	东方财富	SZ	11.82	2.4	
886	2010-11-04	11.73	12	11.58	11.82	96848	2.4	300059	东方财富	SZ	11.62	2.36	
887	2010-11-03	12.08	12.4	11.61	11.62	156757	2.36	300059	东方财富	SZ	12.31	2.49	
888	2010-11-02	11.87	12.31	11.5	12.31	320341	2.49	300059	东方财富	SZ	11.19	2.27	
889	2010-11-01	11.14	11.44	11	11.19	112954	2.27	300059	东方财富	SZ	11.05	2.24	
890	2010-10-29	10.65	11.38	10.58	11.05	106568	2.24	300059	东方财富	SZ	10.71	2.17	
891	2010-10-28	10.65	10.76	10.58	10.71	41641	2.17	300059	东方财富	SZ	10.66	2.16	
892	2010-10-27	10.76	10.9	10.6	10.66	42317	2.16	300059	东方财富	SZ	10.77	2.18	
893	2010-10-26	11.03	11.03	10.61	10.77	72183	2.18	300059	东方财富	SZ	10.97	2.22	
894	2010-10-25	10.8	11.04	10.8	10.97	91647	2.22	300059	东方财富	SZ	10.78	2.19	
895	2010-10-22	10.58	11.07	10.55	10.78	90303	2.19	300059	东方财富	SZ	10.63	2.15	
896	2010-10-21	10.99	10.99	10.42	10.63	95836	2.15	300059	东方财富	SZ	11	2.23	
897	2010-10-20	11.14	11.42	10.83	11	208591	2.23	300059	东方财富	SZ	10.81	2.19	
898	2010-10-19	9.8	10.81	9.8	10.81	137295	2.19	300059	东方财富	SZ	9.83	1.99	
899	2010-10-18	9.94	10.04	9.61	9.83	47240	1.99	300059	东方财富	SZ	10.05	2.04	
900	2010-10-15	10.1	10.17	9.89	10.05	62572	2.04	300059	东方财富	SZ	10.24	2.08	
901	2010-10-14	10.46	10.46	10.15	10.24	85235	2.08	300059	东方财富	SZ	10.12	2.05	
902	2010-10-13	10.04	10.12	9.85	10.12	48145	2.05	300059	东方财富	SZ	10.04	2.04	
903	2010-10-12	9.96	10.28	9.92	10.04	38239	2.04	300059	东方财富	SZ	9.96	2.02	
904	2010-10-11	9.92	10.07	9.84	9.96	51693	2.02	300059	东方财富	SZ	9.91	2.01	
905	2010-10-08	9.76	10.01	9.73	9.91	33056	2.01	300059	东方财富	SZ	9.7	1.97	
906	2010-09-30	9.5	9.78	9.44	9.7	26687	1.97	300059	东方财富	SZ	9.5	1.93	
907	2010-09-29	9.73	9.77	9.5	9.5	44592	1.93	300059	东方财富	SZ	9.8	1.99	
908	2010-09-27	9.72	9.84	9.62	9.8	26931	1.99	300059	东方财富	SZ	9.69	1.96	
909	2010-09-21	9.95	9.96	9.64	9.69	26217	1.96	300059	东方财富	SZ	9.85	2	
910	2010-09-20	10.3	10.31	9.81	9.85	60529	2	300059	东方财富	SZ	10.2	2.07	
911	2010-09-17	10.14	10.28	10.12	10.2	25196	2.07	300059	东方财富	SZ	10.11	2.05	
912	2010-09-16	10.34	10.44	10.04	10.11	54988	2.05	300059	东方财富	SZ	10.34	2.1	
913	2010-09-15	10.79	10.89	10.31	10.34	66440	2.1	300059	东方财富	SZ	10.8	2.19	
914	2010-09-14	10.98	11.08	10.75	10.8	51715	2.19	300059	东方财富	SZ	11.04	2.24	
915	2010-09-13	10.8	11.13	10.42	11.04	56011	2.24	300059	东方财富	SZ	10.87	2.2	
916	2010-09-10	11.06	11.12	10.67	10.87	71140	2.2	300059	东方财富	SZ	11.06	2.24	
917	2010-09-09	11.17	11.42	11	11.06	89379	2.24	300059	东方财富	SZ	11.12	2.26	
918	2010-09-08	11.21	11.21	10.98	11.12	60000	2.26	300059	东方财富	SZ	11.25	2.28	
919	2010-09-07	10.94	11.27	10.93	11.25	68414	2.28	300059	东方财富	SZ	10.98	2.22	
920	2010-09-06	11.29	11.5	10.88	10.98	103063	2.22	300059	东方财富	SZ	11.25	2.28	
921	2010-09-03	10.85	11.41	10.83	11.25	179691	2.28	300059	东方财富	SZ	10.88	2.2	
922	2010-09-02	10.51	10.88	10.42	10.88	104105	2.2	300059	东方财富	SZ	10.42	2.11	
923	2010-09-01	10.79	10.81	10.35	10.42	78344	2.11	300059	东方财富	SZ	10.79	2.19	
924	2010-08-31	10.77	10.83	10.63	10.79	64604	2.19	300059	东方财富	SZ	10.82	2.19	
925	2010-08-30	10.71	10.9	10.63	10.82	62507	2.19	300059	东方财富	SZ	10.62	2.15	
926	2010-08-27	10.42	10.62	10.36	10.62	48993	2.15	300059	东方财富	SZ	10.45	2.12	
927	2010-08-26	10.4	10.5	10.36	10.45	38142	2.12	300059	东方财富	SZ	10.36	2.1	
928	2010-08-25	10.62	10.69	10.34	10.36	59657	2.1	300059	东方财富	SZ	10.71	2.17	
929	2010-08-24	10.46	10.77	10.44	10.71	57025	2.17	300059	东方财富	SZ	10.56	2.14	
930	2010-08-23	10.71	10.81	10.5	10.56	98826	2.14	300059	东方财富	SZ	10.7	2.17	
931	2010-08-20	11.42	11.43	10.6	10.7	144482	2.17	300059	东方财富	SZ	11.38	2.31	
932	2010-08-19	11.44	11.49	11.25	11.38	77090	2.31	300059	东方财富	SZ	11.45	2.32	
933	2010-08-18	11.56	11.6	11.38	11.45	63016	2.32	300059	东方财富	SZ	11.51	2.33	
934	2010-08-17	11.64	11.75	11.41	11.51	104703	2.33	300059	东方财富	SZ	11.63	2.36	
935	2010-08-16	11.46	11.71	11.42	11.63	82026	2.36	300059	东方财富	SZ	11.42	2.32	
936	2010-08-13	11.16	11.46	11.09	11.42	77392	2.32	300059	东方财富	SZ	11.17	2.26	
937	2010-08-12	11.17	11.35	11.15	11.17	66133	2.26	300059	东方财富	SZ	11.35	2.3	
938	2010-08-11	11.35	11.4	11.19	11.35	59842	2.3	300059	东方财富	SZ	11.25	2.28	
939	2010-08-10	11.87	11.94	11.23	11.25	125580	2.28	300059	东方财富	SZ	11.87	2.41	
940	2010-08-09	11.64	11.95	11.53	11.87	149403	2.41	300059	东方财富	SZ	11.53	2.34	
941	2010-08-06	11.38	11.56	11.1	11.53	110064	2.34	300059	东方财富	SZ	11.32	2.3	
942	2010-08-05	11.2	11.49	11.17	11.32	99920	2.3	300059	东方财富	SZ	11.2	2.27	
943	2010-08-04	11.29	11.39	11	11.2	86861	2.27	300059	东方财富	SZ	11.27	2.28	
944	2010-08-03	11.65	11.68	11.27	11.27	119080	2.28	300059	东方财富	SZ	11.64	2.36	
945	2010-08-02	11.04	11.67	10.98	11.64	142177	2.36	300059	东方财富	SZ	11.08	2.25	
946	2010-07-30	11.14	11.16	10.86	11.08	85885	2.25	300059	东方财富	SZ	11.14	2.26	
947	2010-07-29	11.11	11.29	11.04	11.14	114873	2.26	300059	东方财富	SZ	11.12	2.25	
948	2010-07-28	10.83	11.14	10.77	11.12	133151	2.25	300059	东方财富	SZ	10.84	2.2	
949	2010-07-27	10.97	10.97	10.79	10.84	77803	2.2	300059	东方财富	SZ	10.98	2.23	
950	2010-07-26	11.05	11.14	10.79	10.98	80032	2.23	300059	东方财富	SZ	11.03	2.24	
951	2010-07-23	10.98	11.18	10.84	11.03	89023	2.24	300059	东方财富	SZ	10.92	2.21	
952	2010-07-22	10.79	10.97	10.65	10.92	72644	2.21	300059	东方财富	SZ	10.85	2.2	
953	2010-07-21	10.94	11.21	10.82	10.85	111927	2.2	300059	东方财富	SZ	10.9	2.21	
954	2010-07-20	10.54	10.91	10.54	10.9	80761	2.21	300059	东方财富	SZ	10.54	2.14	
955	2010-07-19	10.11	10.62	10.11	10.54	54192	2.14	300059	东方财富	SZ	10.27	2.08	
956	2010-07-16	10.21	10.34	10.01	10.27	51516	2.08	300059	东方财富	SZ	10.27	2.08	
957	2010-07-15	10.62	10.71	10.21	10.27	58297	2.08	300059	东方财富	SZ	10.62	2.15	
958	2010-07-14	10.7	10.83	10.55	10.62	62539	2.15	300059	东方财富	SZ	10.62	2.15	
959	2010-07-13	10.81	10.81	10.37	10.62	83891	2.15	300059	东方财富	SZ	10.89	2.21	
960	2010-07-12	10.91	11.04	10.81	10.89	69962	2.21	300059	东方财富	SZ	10.91	2.21	
961	2010-07-09	10.58	11.01	10.4	10.91	96302	2.21	300059	东方财富	SZ	10.61	2.15	
962	2010-07-08	10.76	10.81	10.34	10.61	87029	2.15	300059	东方财富	SZ	10.69	2.17	
963	2010-07-07	10.5	10.72	10.29	10.69	90464	2.17	300059	东方财富	SZ	10.49	2.13	
964	2010-07-06	10.11	10.62	10	10.49	94839	2.13	300059	东方财富	SZ	10.18	2.06	
965	2010-07-05	10.31	10.39	9.9	10.18	77542	2.06	300059	东方财富	SZ	10.58	2.14	
966	2010-07-02	10.79	10.83	9.93	10.58	119503	2.14	300059	东方财富	SZ	10.73	2.18	
967	2010-07-01	11.15	11.35	10.73	10.73	101019	2.18	300059	东方财富	SZ	11.28	2.29	
968	2010-06-30	11.11	11.43	10.85	11.28	111127	2.29	300059	东方财富	SZ	11.42	2.31	
969	2010-06-29	12.62	12.76	11.42	11.42	195332	2.31	300059	东方财富	SZ	12.67	2.57	
970	2010-06-28	12.98	13.22	12.6	12.67	114049	2.57	300059	东方财富	SZ	13.07	2.65	
971	2010-06-25	13.28	13.58	12.67	13.07	122271	2.65	300059	东方财富	SZ	13.41	2.72	
972	2010-06-24	13.46	13.72	13.3	13.41	102730	2.72	300059	东方财富	SZ	13.55	2.75	
973	2010-06-23	12.83	13.64	12.8	13.55	151046	2.75	300059	东方财富	SZ	12.94	2.62	
974	2010-06-22	12.79	13.3	12.75	12.94	139797	2.62	300059	东方财富	SZ	13.01	2.64	
975	2010-06-21	12.6	13.1	11.95	13.01	252863	2.64	300059	东方财富	SZ	12.74	2.58	
976	2010-06-18	13.42	13.54	12.58	12.74	102228	2.58	300059	东方财富	SZ	13.59	2.76	
977	2010-06-17	14.83	14.89	13.52	13.59	148395	2.76	300059	东方财富	SZ	14.74	2.99	
978	2010-06-11	14.43	15.41	14.28	14.74	220060	2.99	300059	东方财富	SZ	14.17	2.87	
979	2010-06-10	13.73	14.27	13.62	14.17	141983	2.87	300059	东方财富	SZ	13.75	2.79	
980	2010-06-09	13.49	14.27	13.49	13.75	171998	2.79	300059	东方财富	SZ	13.48	2.73	
981	2010-06-08	13.69	13.73	13.27	13.48	106999	2.73	300059	东方财富	SZ	13.69	2.78	
982	2010-06-07	12.5	13.8	12.34	13.69	170483	2.78	300059	东方财富	SZ	12.9	2.61	
983	2010-06-04	12.48	12.94	12.33	12.9	78039	2.61	300059	东方财富	SZ	12.55	2.54	
984	2010-06-03	12.89	13.24	12.5	12.55	90334	2.54	300059	东方财富	SZ	12.85	2.61	
985	2010-06-02	12.41	12.85	12.19	12.85	61153	2.61	300059	东方财富	SZ	12.44	2.52	
986	2010-06-01	12.9	12.94	11.95	12.44	99128	2.52	300059	东方财富	SZ	13.07	2.65	
987	2010-05-31	13.64	13.8	13.07	13.07	95273	2.65	300059	东方财富	SZ	13.69	2.77	
988	2010-05-28	14.01	14.08	13.54	13.69	83783	2.77	300059	东方财富	SZ	13.88	2.81	
989	2010-05-27	13.47	13.99	13.1	13.88	109304	2.81	300059	东方财富	SZ	13.48	2.73	
990	2010-05-26	13.9	14	13.42	13.48	90512	2.73	300059	东方财富	SZ	13.88	2.81	
991	2010-05-25	13.94	14.08	13.54	13.88	124085	2.81	300059	东方财富	SZ	14.04	2.85	
992	2010-05-24	13.58	14.35	13.43	14.04	181652	2.85	300059	东方财富	SZ	13.54	2.75	
993	2010-05-21	11.96	13.66	11.94	13.54	183145	2.75	300059	东方财富	SZ	12.46	2.53	
994	2010-05-20	12.42	12.97	12.38	12.46	103021	2.53	300059	东方财富	SZ	12.61	2.56	
995	2010-05-19	12.01	13.06	11.98	12.61	163592	2.56	300059	东方财富	SZ	11.88	2.41	
996	2010-05-17	12.6	12.77	11.88	11.88	88346	2.41	300059	东方财富	SZ	12.9	2.61	
997	2010-05-14	12.58	12.98	12.29	12.9	86438	2.61	300059	东方财富	SZ	12.67	2.57	
998	2010-05-13	12.62	12.69	11.93	12.67	98651	2.57	300059	东方财富	SZ	12.56	2.55	
999	2010-05-12	12.18	12.71	11.91	12.56	97657	2.55	300059	东方财富	SZ	12.33	2.5	
1000	2010-05-11	13.25	13.25	12.29	12.33	83120	2.5	300059	东方财富	SZ	12.92	2.62	
1001	2010-05-10	13.23	13.44	12.33	12.92	108157	2.62	300059	东方财富	SZ	13.38	2.71	
1002	2010-05-07	13.33	13.85	13.31	13.38	86949	2.71	300059	东方财富	SZ	13.98	2.83	
1003	2010-05-06	14.72	14.87	13.96	13.98	121326	2.83	300059	东方财富	SZ	14.88	3.02	
1004	2010-05-05	14.04	14.89	13.96	14.88	111535	3.02	300059	东方财富	SZ	14.23	2.88	
1005	2010-05-04	14.07	14.74	13.96	14.23	91700	2.88	300059	东方财富	SZ	14.4	2.92	
1006	2010-04-30	13.96	14.58	13.12	14.4	128284	2.92	300059	东方财富	SZ	13.9	2.82	
1007	2010-04-29	14.27	14.6	13.85	13.9	99839	2.82	300059	东方财富	SZ	14.08	2.85	
1008	2010-04-28	14.38	14.77	13.69	14.08	147484	2.85	300059	东方财富	SZ	14.82	3	
1009	2010-04-27	14.58	15.31	14.52	14.82	160835	3	300059	东方财富	SZ	15.62	3.17	
1010	2010-04-23	16.17	16.5	15.52	15.62	147333	3.17	300059	东方财富	SZ	16.29	3.3	
1011	2010-04-22	15.52	16.6	15.42	16.29	194759	3.3	300059	东方财富	SZ	15.69	3.18	
1012	2010-04-21	14.98	15.79	14.92	15.69	166271	3.18	300059	东方财富	SZ	15.2	3.08	
1013	2010-04-20	16.18	16.25	14.74	15.2	173620	3.08	300059	东方财富	SZ	16.04	3.25	
1014	2010-04-19	16.14	16.89	15.83	16.04	161147	3.25	300059	东方财富	SZ	16.29	3.3	
1015	2010-04-16	15.99	16.76	15.98	16.29	189119	3.3	300059	东方财富	SZ	16.29	3.3	
1016	2010-04-15	16.94	16.94	15.59	16.29	258862	3.3	300059	东方财富	SZ	17	3.45	
1017	2010-04-14	16.75	17.33	16.46	17	204128	3.45	300059	东方财富	SZ	17.04	3.45	
1018	2010-04-13	18.68	18.68	17.04	17.04	377459	3.45	300059	东方财富	SZ	18.93	3.84	
1019	2010-04-12	19.8	20	18.32	18.93	269192	3.84	300059	东方财富	SZ	20.2	4.09	
1020	2010-04-09	18.75	20.38	18.33	20.2	282925	4.09	300059	东方财富	SZ	19.11	3.87	
1021	2010-04-08	20.83	21.1	19.11	19.11	297688	3.87	300059	东方财富	SZ	21.23	4.3	
1022	2010-04-07	20.27	21.25	20	21.23	225337	4.3	300059	东方财富	SZ	20.28	4.11	
1023	2010-04-06	18.65	20.28	18.44	20.28	232878	4.11	300059	东方财富	SZ	18.44	3.74	
1024	2010-04-02	17.75	18.87	17.75	18.44	238567	3.74	300059	东方财富	SZ	18.04	3.66	
1025	2010-04-01	18.15	19.58	17.77	18.04	295098	3.66	300059	东方财富	SZ	18.07	3.66	
1026	2010-03-31	16.43	18.1	16.25	18.07	282295	3.66	300059	东方财富	SZ	16.46	3.34	
1027	2010-03-30	15.21	16.62	15.11	16.46	231986	3.34	300059	东方财富	SZ	15.32	3.11	
1028	2010-03-29	14.31	15.52	13.96	15.32	324890	3.11	300059	东方财富	SZ	14.27	2.89	
1029	2010-03-26	14.35	14.5	13.96	14.27	207140	2.89	300059	东方财富	SZ	14.54	2.95	
1030	2010-03-25	14.31	14.92	14.17	14.54	289080	2.95	300059	东方财富	SZ	14.31	2.9	
1031	2010-03-24	13.58	14.89	13.47	14.31	348145	2.9	300059	东方财富	SZ	13.56	2.75	
1032	2010-03-23	13.12	13.68	13.02	13.56	410506	2.75	300059	东方财富	SZ	13.37	2.71	
1033	2010-03-22	12.73	13.37	12.55	13.37	528497	2.71	300059	东方财富	SZ	12.16	2.46	
1034	2010-03-19	12.71	12.96	12.09	12.16	947391	2.46	300059	东方财富	SZ	-1	-1	
