1129	2009-10-30	29.64	42.67	25.91	30.67	376926	6.94	300011	鼎汉技术	SZ	-1	-1	
1128	2009-11-02	27.6	30.61	27.6	27.6	144714	6.25	300011	鼎汉技术	SZ	30.67	6.94	
1127	2009-11-03	27.83	28.44	26.94	27.82	90184	6.3	300011	鼎汉技术	SZ	27.6	6.25	
1126	2009-11-04	28.22	30.6	28.14	30.6	146495	6.93	300011	鼎汉技术	SZ	27.82	6.3	
1125	2009-11-05	30.87	33.64	30.23	32.24	132045	7.3	300011	鼎汉技术	SZ	30.6	6.93	
1124	2009-11-06	31.91	32.73	30.22	32.09	83191	7.26	300011	鼎汉技术	SZ	32.24	7.3	
1123	2009-11-09	31.91	33.64	31.17	32.58	66147	7.37	300011	鼎汉技术	SZ	32.09	7.26	
1122	2009-11-10	32.27	32.72	30.66	30.68	65549	6.94	300011	鼎汉技术	SZ	32.58	7.37	
1121	2009-11-11	30.36	31.1	29.65	30.78	50740	6.97	300011	鼎汉技术	SZ	30.68	6.94	
1120	2009-11-12	30.67	31.99	30.41	31.8	50942	7.2	300011	鼎汉技术	SZ	30.78	6.97	
1119	2009-11-13	31.73	34.67	31.69	33.19	91218	7.51	300011	鼎汉技术	SZ	31.8	7.2	
1118	2009-11-16	33.2	33.33	32.29	32.93	51782	7.45	300011	鼎汉技术	SZ	33.19	7.51	
1117	2009-11-17	33.11	34.16	32.57	33.11	45338	7.49	300011	鼎汉技术	SZ	32.93	7.45	
1116	2009-11-18	33.09	34.61	32.8	33.91	64471	7.67	300011	鼎汉技术	SZ	33.11	7.49	
1115	2009-11-19	34	37.21	33.43	35.2	108634	7.97	300011	鼎汉技术	SZ	33.91	7.67	
1114	2009-11-20	34.67	35.41	33.78	34.07	61708	7.71	300011	鼎汉技术	SZ	35.2	7.97	
1113	2009-11-23	33.86	34.65	33.64	34.53	41759	7.82	300011	鼎汉技术	SZ	34.07	7.71	
1112	2009-11-24	34.44	34.86	31.16	31.47	63093	7.12	300011	鼎汉技术	SZ	34.53	7.82	
1111	2009-11-25	31.42	33.56	31.37	33.27	52481	7.53	300011	鼎汉技术	SZ	31.47	7.12	
1110	2009-11-26	33.16	33.9	32.25	32.4	57357	7.33	300011	鼎汉技术	SZ	33.27	7.53	
1109	2009-11-27	32.04	33.33	31.62	32.42	56092	7.34	300011	鼎汉技术	SZ	32.4	7.33	
1108	2009-11-30	32.54	34	32.54	33.78	58633	7.64	300011	鼎汉技术	SZ	32.42	7.34	
1107	2009-12-01	33.7	33.99	33.2	33.91	40789	7.67	300011	鼎汉技术	SZ	33.78	7.64	
1106	2009-12-02	33.96	35.54	33.91	34.67	72441	7.85	300011	鼎汉技术	SZ	33.91	7.67	
1105	2009-12-03	34.68	36.4	34.23	36.12	71973	8.18	300011	鼎汉技术	SZ	34.67	7.85	
1104	2009-12-04	34.89	35.67	32.51	33.11	77673	7.49	300011	鼎汉技术	SZ	36.12	8.18	
1103	2009-12-07	33.11	34.2	32.6	33.87	27236	7.66	300011	鼎汉技术	SZ	33.11	7.49	
1102	2009-12-08	34.12	34.58	33.12	34.17	46441	7.73	300011	鼎汉技术	SZ	33.87	7.66	
1101	2009-12-09	33.95	35.45	33.69	34.92	73108	7.9	300011	鼎汉技术	SZ	34.17	7.73	
1100	2009-12-10	35.16	36.44	34.84	35.14	64293	7.95	300011	鼎汉技术	SZ	34.92	7.9	
1099	2009-12-11	34.89	35.29	33.16	33.92	49208	7.68	300011	鼎汉技术	SZ	35.14	7.95	
1098	2009-12-14	33.47	33.91	32.44	33.01	27244	7.47	300011	鼎汉技术	SZ	33.92	7.68	
1097	2009-12-15	33.4	33.76	33.02	33.02	19912	7.47	300011	鼎汉技术	SZ	33.01	7.47	
1096	2009-12-16	32.97	32.97	31.62	31.75	27931	7.18	300011	鼎汉技术	SZ	33.02	7.47	
1095	2009-12-17	31.75	32	30.45	30.67	22602	6.94	300011	鼎汉技术	SZ	31.75	7.18	
1094	2009-12-18	30.62	31.59	29.61	30.8	25204	6.97	300011	鼎汉技术	SZ	30.67	6.94	
1093	2009-12-21	30.8	32.22	30.8	31.94	23697	7.23	300011	鼎汉技术	SZ	30.8	6.97	
1092	2009-12-22	31.87	31.91	30.16	30.31	19940	6.86	300011	鼎汉技术	SZ	31.94	7.23	
1091	2009-12-23	30.48	31.5	30.48	31.02	19823	7.02	300011	鼎汉技术	SZ	30.31	6.86	
1090	2009-12-25	31.16	31.32	30.25	30.44	21390	6.89	300011	鼎汉技术	SZ	31.02	7.02	
1089	2009-12-28	30.69	31.02	30.44	30.49	13840	6.9	300011	鼎汉技术	SZ	30.44	6.89	
1088	2009-12-30	30.18	31.95	30.18	30.93	32791	7	300011	鼎汉技术	SZ	30.49	6.9	
1087	2009-12-31	30.83	31.19	30.45	31.11	20239	7.04	300011	鼎汉技术	SZ	30.93	7	
1086	2010-01-04	31.27	31.55	30.98	31.12	14256	7.04	300011	鼎汉技术	SZ	31.11	7.04	
1085	2010-01-05	31.16	31.47	30.73	31.38	15129	7.1	300011	鼎汉技术	SZ	31.12	7.04	
1084	2010-01-06	31.37	32.12	31.12	31.71	24125	7.18	300011	鼎汉技术	SZ	31.38	7.1	
1083	2010-01-07	31.69	31.86	30.8	30.91	17371	7	300011	鼎汉技术	SZ	31.71	7.18	
1082	2010-01-08	30.67	30.91	29.61	30	22093	6.79	300011	鼎汉技术	SZ	30.91	7	
1081	2010-01-11	29.78	31.4	29.56	31.25	27373	7.07	300011	鼎汉技术	SZ	30	6.79	
1080	2010-01-12	31.19	32.8	30.98	31.96	40414	7.23	300011	鼎汉技术	SZ	31.25	7.07	
1079	2010-01-13	31.56	33.32	31.37	33	43343	7.47	300011	鼎汉技术	SZ	31.96	7.23	
1078	2010-01-14	33.03	34.64	32.89	33.78	47673	7.64	300011	鼎汉技术	SZ	33	7.47	
1077	2010-01-15	33.69	34	32.84	33.29	25765	7.53	300011	鼎汉技术	SZ	33.78	7.64	
1076	2010-01-18	34.89	35.95	34.24	35.12	71662	7.95	300011	鼎汉技术	SZ	33.29	7.53	
1075	2010-01-19	34.61	34.87	33.91	34.33	33510	7.77	300011	鼎汉技术	SZ	35.12	7.95	
1074	2010-01-20	34.22	34.22	31.61	31.73	41080	7.18	300011	鼎汉技术	SZ	34.33	7.77	
1073	2010-01-21	31.78	32.4	31.51	31.79	20744	7.19	300011	鼎汉技术	SZ	31.73	7.18	
1072	2010-01-22	30.67	31.46	30.13	30.49	27143	6.9	300011	鼎汉技术	SZ	31.79	7.19	
1071	2010-01-25	30.52	30.93	29.72	30.6	19570	6.93	300011	鼎汉技术	SZ	30.49	6.9	
1070	2010-01-26	31.34	33.66	31.33	32.13	45114	7.27	300011	鼎汉技术	SZ	30.6	6.93	
1069	2010-01-27	32.66	33.11	31.56	31.6	27373	7.15	300011	鼎汉技术	SZ	32.13	7.27	
1068	2010-01-28	31.11	31.33	30.05	31.3	22915	7.08	300011	鼎汉技术	SZ	31.6	7.15	
1067	2010-01-29	31.07	32.67	30.67	32	29532	7.24	300011	鼎汉技术	SZ	31.3	7.08	
1066	2010-02-01	30.52	32.66	29.78	32	104532	7.24	300011	鼎汉技术	SZ	32	7.24	
1065	2010-02-02	31.99	32.79	30.75	30.84	49032	6.98	300011	鼎汉技术	SZ	32	7.24	
1064	2010-02-03	30.94	30.94	28.62	29.78	42775	6.74	300011	鼎汉技术	SZ	30.84	6.98	
1063	2010-02-04	29.51	30.16	28.91	29.47	24139	6.67	300011	鼎汉技术	SZ	29.78	6.74	
1062	2010-02-05	29.6	30.66	29.48	30	27887	6.79	300011	鼎汉技术	SZ	29.47	6.67	
1061	2010-02-08	30.21	31.32	29.96	30.92	31151	7	300011	鼎汉技术	SZ	30	6.79	
1060	2010-02-09	30.89	30.89	30.22	30.39	12263	6.88	300011	鼎汉技术	SZ	30.92	7	
1059	2010-02-10	30.72	31.91	30.44	31.67	29389	7.17	300011	鼎汉技术	SZ	30.39	6.88	
1058	2010-02-11	31.5	33.56	31.32	33.53	47214	7.59	300011	鼎汉技术	SZ	31.67	7.17	
1057	2010-02-12	33.12	34.22	32.93	33.81	37798	7.65	300011	鼎汉技术	SZ	33.53	7.59	
1052	2010-02-22	33.72	34.09	32.67	32.73	28681	7.41	300011	鼎汉技术	SZ	33.81	7.65	
1051	2010-02-23	32.73	34.35	32.73	34.27	44713	7.76	300011	鼎汉技术	SZ	32.73	7.41	
1050	2010-02-24	34.32	35.82	34.04	35.42	57342	8.02	300011	鼎汉技术	SZ	34.27	7.76	
1049	2010-02-25	35.66	36	34.93	35.56	38820	8.05	300011	鼎汉技术	SZ	35.42	8.02	
1048	2010-02-26	35.6	36.6	34.93	34.98	35583	7.92	300011	鼎汉技术	SZ	35.56	8.05	
1047	2010-03-01	34.71	36.79	34.71	36.69	38511	8.3	300011	鼎汉技术	SZ	34.98	7.92	
1046	2010-03-02	36.7	36.72	36.09	36.33	19948	8.22	300011	鼎汉技术	SZ	36.69	8.3	
1045	2010-03-03	36.44	37.87	35.87	35.94	40242	8.13	300011	鼎汉技术	SZ	36.33	8.22	
1044	2010-03-04	35.64	36.2	34.16	34.27	34429	7.76	300011	鼎汉技术	SZ	35.94	8.13	
1043	2010-03-05	34.49	37.3	34.49	36.67	39853	8.3	300011	鼎汉技术	SZ	34.27	7.76	
1042	2010-03-08	36.75	37.77	36.42	37.5	34400	8.49	300011	鼎汉技术	SZ	36.67	8.3	
1041	2010-03-09	37.11	37.33	36.58	37.24	25061	8.43	300011	鼎汉技术	SZ	37.5	8.49	
1040	2010-03-10	37.12	37.7	36.27	36.64	20349	8.29	300011	鼎汉技术	SZ	37.24	8.43	
1039	2010-03-11	36.44	38.15	35.36	37.78	50942	8.55	300011	鼎汉技术	SZ	36.64	8.29	
1038	2010-03-12	37.9	38.51	35.99	35.99	61219	8.14	300011	鼎汉技术	SZ	37.78	8.55	
1037	2010-03-15	36.27	36.88	36.1	36.58	30774	8.28	300011	鼎汉技术	SZ	35.99	8.14	
1036	2010-03-16	36.5	38.31	36.5	36.95	38999	8.36	300011	鼎汉技术	SZ	36.58	8.28	
1035	2010-03-17	37.06	38.73	36.95	38.62	46916	8.74	300011	鼎汉技术	SZ	36.95	8.36	
1034	2010-03-18	38.62	38.92	38	38.78	24823	8.78	300011	鼎汉技术	SZ	38.62	8.74	
1033	2010-03-19	38.69	39.96	38.57	39.56	36271	8.95	300011	鼎汉技术	SZ	38.78	8.78	
1032	2010-03-22	39.55	40.26	39.12	40.22	28695	9.1	300011	鼎汉技术	SZ	39.56	8.95	
1031	2010-03-23	40.2	42.04	40.13	41.71	46958	9.44	300011	鼎汉技术	SZ	40.22	9.1	
1030	2010-03-24	41.76	42.22	40.96	41.56	36882	9.4	300011	鼎汉技术	SZ	41.71	9.44	
1029	2010-03-25	41.62	43.64	41.37	43.64	42988	9.88	300011	鼎汉技术	SZ	41.56	9.4	
1028	2010-03-26	42.68	42.97	40.04	41.13	45421	9.31	300011	鼎汉技术	SZ	43.64	9.88	
1027	2010-03-29	41.2	42.67	39.91	41.6	41795	9.41	300011	鼎汉技术	SZ	41.13	9.31	
1026	2010-03-31	43.16	43.47	42.12	42.36	58016	9.59	300011	鼎汉技术	SZ	41.6	9.41	
1025	2010-04-01	42.44	43.9	41.48	42.13	65025	9.54	300011	鼎汉技术	SZ	42.36	9.59	
1024	2010-04-02	41.02	41.73	40.49	41.16	42220	9.31	300011	鼎汉技术	SZ	42.13	9.54	
1023	2010-04-06	41.09	42.82	41.02	42.82	41956	9.69	300011	鼎汉技术	SZ	41.16	9.31	
1022	2010-04-07	42.8	43.1	42	43.07	43310	9.75	300011	鼎汉技术	SZ	42.82	9.69	
1021	2010-04-08	43.07	44.36	42.22	42.22	47179	9.56	300011	鼎汉技术	SZ	43.07	9.75	
1020	2010-04-09	42.23	44.39	42.05	44.36	48537	10.04	300011	鼎汉技术	SZ	42.22	9.56	
1019	2010-04-12	44.67	47.05	44.26	46.97	52801	10.63	300011	鼎汉技术	SZ	44.36	10.04	
1018	2010-04-13	46.22	47.27	42.28	42.69	65882	9.66	300011	鼎汉技术	SZ	46.97	10.63	
1017	2010-04-14	42.44	43.33	41.87	42.67	38807	9.66	300011	鼎汉技术	SZ	42.69	9.66	
1016	2010-04-15	42.32	42.82	38.4	38.76	59974	8.77	300011	鼎汉技术	SZ	42.67	9.66	
1015	2010-04-16	38.66	40.4	37.79	39.59	43990	8.96	300011	鼎汉技术	SZ	38.76	8.77	
1014	2010-04-19	39.53	40.26	38.27	39.05	35163	8.84	300011	鼎汉技术	SZ	39.59	8.96	
1013	2010-04-20	38.88	38.88	36.84	37.8	36935	8.56	300011	鼎汉技术	SZ	39.05	8.84	
1012	2010-04-22	39.28	41.33	39.07	41.06	71026	9.29	300011	鼎汉技术	SZ	37.8	8.56	
1011	2010-04-23	40.63	41.76	39.78	40.44	47630	9.15	300011	鼎汉技术	SZ	41.06	9.29	
1010	2010-04-26	38.65	38.67	36.8	37.33	57634	8.45	300011	鼎汉技术	SZ	40.44	9.15	
1009	2010-04-27	36.89	36.89	34.44	34.76	51063	7.87	300011	鼎汉技术	SZ	37.33	8.45	
1008	2010-04-28	34.58	35.78	34.23	35.11	31476	7.95	300011	鼎汉技术	SZ	34.76	7.87	
1007	2010-04-29	35.11	35.55	33.03	33.12	31167	7.49	300011	鼎汉技术	SZ	35.11	7.95	
1006	2010-04-30	32.89	33.2	31.67	32.79	31669	7.42	300011	鼎汉技术	SZ	33.12	7.49	
1005	2010-05-04	31.95	33.78	31.69	33.62	27306	7.61	300011	鼎汉技术	SZ	32.79	7.42	
1004	2010-05-05	32.89	34.93	32.89	34.93	28882	7.91	300011	鼎汉技术	SZ	33.62	7.61	
1003	2010-05-06	34.67	34.93	32.45	32.48	27363	7.35	300011	鼎汉技术	SZ	34.93	7.91	
1002	2010-05-07	31.11	33.68	30.89	33.33	33520	7.54	300011	鼎汉技术	SZ	32.48	7.35	
1001	2010-05-10	32.88	33.63	31.56	33.07	25192	7.48	300011	鼎汉技术	SZ	33.33	7.54	
1000	2010-05-11	33.8	33.83	31.58	31.82	20251	7.2	300011	鼎汉技术	SZ	33.07	7.48	
999	2010-05-12	31.87	32.98	31.87	32.35	19188	7.32	300011	鼎汉技术	SZ	31.82	7.2	
998	2010-05-13	32.36	32.75	30.27	32.13	26439	7.27	300011	鼎汉技术	SZ	32.35	7.32	
997	2010-05-14	31.69	32.39	31.17	32.11	13714	7.27	300011	鼎汉技术	SZ	32.13	7.27	
996	2010-05-17	31.56	31.94	30.84	30.94	16209	7	300011	鼎汉技术	SZ	32.11	7.27	
995	2010-05-18	30.94	31.33	28.93	30.44	27391	6.89	300011	鼎汉技术	SZ	30.94	7	
994	2010-05-19	14.93	15.77	14.32	15.28	44622	3.46	300011	鼎汉技术	SZ	30.44	6.89	
993	2010-05-20	15.11	15.61	14.67	14.67	30209	3.32	300011	鼎汉技术	SZ	15.28	3.46	
992	2010-05-21	14	15.24	13.85	14.76	59411	3.34	300011	鼎汉技术	SZ	14.67	3.32	
991	2010-05-24	14.89	16.04	14.89	15.98	81060	3.62	300011	鼎汉技术	SZ	14.76	3.34	
990	2010-05-25	15.87	16.08	15.56	15.72	56581	3.56	300011	鼎汉技术	SZ	15.98	3.62	
989	2010-05-26	15.6	16.12	15.36	15.51	44644	3.51	300011	鼎汉技术	SZ	15.72	3.56	
988	2010-05-27	15.53	16.31	15.07	16.29	70546	3.69	300011	鼎汉技术	SZ	15.51	3.51	
987	2010-05-28	16.38	17.78	16.35	17.29	115301	3.91	300011	鼎汉技术	SZ	16.29	3.69	
986	2010-05-31	17.07	17.59	16.76	16.76	80603	3.79	300011	鼎汉技术	SZ	17.29	3.91	
985	2010-06-01	16.29	16.71	16.01	16.45	62069	3.72	300011	鼎汉技术	SZ	16.76	3.79	
984	2010-06-02	16.4	17.69	16.22	17.67	81422	4	300011	鼎汉技术	SZ	16.45	3.72	
983	2010-06-03	17.67	18.12	17.33	17.78	82232	4.02	300011	鼎汉技术	SZ	17.67	4	
982	2010-06-04	17.9	18.22	17.38	18.17	70059	4.11	300011	鼎汉技术	SZ	17.78	4.02	
981	2010-06-07	17.91	19.5	17.69	18.97	133120	4.29	300011	鼎汉技术	SZ	18.17	4.11	
980	2010-06-08	18.8	18.89	18.23	18.44	80980	4.17	300011	鼎汉技术	SZ	18.97	4.29	
979	2010-06-09	18.47	19.04	18	18.09	92167	4.09	300011	鼎汉技术	SZ	18.44	4.17	
978	2010-06-10	18.04	18.75	18.02	18.49	58046	4.18	300011	鼎汉技术	SZ	18.09	4.09	
977	2010-06-11	18.66	19.5	18.49	19.06	93548	4.31	300011	鼎汉技术	SZ	18.49	4.18	
976	2010-06-17	19.06	19.28	17.73	17.88	67501	4.05	300011	鼎汉技术	SZ	19.06	4.31	
975	2010-06-18	17.72	17.72	16.4	16.67	71655	3.77	300011	鼎汉技术	SZ	17.88	4.05	
974	2010-06-21	16.55	17.28	15.59	17.05	44122	3.86	300011	鼎汉技术	SZ	16.67	3.77	
973	2010-06-22	17.06	17.47	16.89	16.97	32163	3.84	300011	鼎汉技术	SZ	17.05	3.86	
972	2010-06-23	16.95	17.28	16.25	17.12	32731	3.87	300011	鼎汉技术	SZ	16.97	3.84	
971	2010-06-24	16.92	17.46	16.53	17.46	37046	3.95	300011	鼎汉技术	SZ	17.12	3.87	
970	2010-06-25	17.33	17.47	16.64	16.99	34661	3.85	300011	鼎汉技术	SZ	17.46	3.95	
969	2010-06-28	16.89	16.93	16	16.22	24719	3.67	300011	鼎汉技术	SZ	16.99	3.85	
968	2010-06-29	16.05	16.36	14.6	14.6	64637	3.3	300011	鼎汉技术	SZ	16.22	3.67	
967	2010-06-30	14.27	14.84	13.37	14.64	55556	3.31	300011	鼎汉技术	SZ	14.6	3.3	
966	2010-07-01	14.49	14.73	14	14.02	30218	3.17	300011	鼎汉技术	SZ	14.64	3.31	
965	2010-07-02	14	14.22	13.24	14.08	34247	3.19	300011	鼎汉技术	SZ	14.02	3.17	
964	2010-07-05	13.78	14.87	13.69	14.64	60793	3.31	300011	鼎汉技术	SZ	14.08	3.19	
963	2010-07-06	14.75	15.71	14.62	15.4	61024	3.49	300011	鼎汉技术	SZ	14.64	3.31	
962	2010-07-07	15.42	15.67	14.89	15.5	37472	3.51	300011	鼎汉技术	SZ	15.4	3.49	
961	2010-07-08	15.47	15.55	14.98	15.29	33599	3.46	300011	鼎汉技术	SZ	15.5	3.51	
960	2010-07-09	15.14	15.79	15.01	15.54	41871	3.52	300011	鼎汉技术	SZ	15.29	3.46	
959	2010-07-12	15.55	15.72	15.34	15.51	31319	3.51	300011	鼎汉技术	SZ	15.54	3.52	
958	2010-07-13	15.36	16.09	15.16	15.89	48003	3.6	300011	鼎汉技术	SZ	15.51	3.51	
957	2010-07-14	15.71	16.04	15.64	15.77	46547	3.57	300011	鼎汉技术	SZ	15.89	3.6	
956	2010-07-15	15.78	15.79	14.68	14.71	37453	3.33	300011	鼎汉技术	SZ	15.77	3.57	
955	2010-07-16	14.66	14.67	13.98	14.45	32341	3.27	300011	鼎汉技术	SZ	14.71	3.33	
954	2010-07-19	14.18	14.84	14.13	14.82	27018	3.35	300011	鼎汉技术	SZ	14.45	3.27	
953	2010-07-20	14.83	15.33	14.7	15.23	34438	3.45	300011	鼎汉技术	SZ	14.82	3.35	
952	2010-07-21	15.24	15.69	15.02	15.16	42036	3.43	300011	鼎汉技术	SZ	15.23	3.45	
951	2010-07-22	15.16	15.32	14.8	15.32	48075	3.47	300011	鼎汉技术	SZ	15.16	3.43	
950	2010-07-23	15.34	15.84	15.32	15.67	62031	3.55	300011	鼎汉技术	SZ	15.32	3.47	
949	2010-07-26	16.13	16.66	16.13	16.48	80963	3.73	300011	鼎汉技术	SZ	15.67	3.55	
948	2010-07-28	16.18	16.59	15.91	16.51	73291	3.74	300011	鼎汉技术	SZ	16.48	3.73	
947	2010-07-29	16.22	16.49	15.11	15.94	103946	3.61	300011	鼎汉技术	SZ	16.51	3.74	
946	2010-07-30	15.87	16.24	15.69	16.07	46571	3.64	300011	鼎汉技术	SZ	15.94	3.61	
945	2010-08-02	16.13	16.53	16.08	16.51	67937	3.74	300011	鼎汉技术	SZ	16.07	3.64	
944	2010-08-03	16.52	16.55	16.09	16.09	43332	3.64	300011	鼎汉技术	SZ	16.51	3.74	
943	2010-08-04	16	16.08	15.7	16	30229	3.62	300011	鼎汉技术	SZ	16.09	3.64	
942	2010-08-05	15.96	16.4	15.96	16.11	26856	3.65	300011	鼎汉技术	SZ	16	3.62	
941	2010-08-06	16.11	16.56	16.11	16.56	50513	3.75	300011	鼎汉技术	SZ	16.11	3.65	
940	2010-08-09	16.51	16.87	16.46	16.81	45062	3.8	300011	鼎汉技术	SZ	16.56	3.75	
939	2010-08-10	16.81	17.06	16.15	16.15	45892	3.66	300011	鼎汉技术	SZ	16.81	3.8	
938	2010-08-11	16.04	16.37	16	16.22	24866	3.67	300011	鼎汉技术	SZ	16.15	3.66	
937	2010-08-12	16.04	16.53	15.79	16.09	35335	3.64	300011	鼎汉技术	SZ	16.22	3.67	
936	2010-08-13	16.04	16.26	15.83	16.22	25787	3.67	300011	鼎汉技术	SZ	16.09	3.64	
935	2010-08-16	16.26	16.88	16.26	16.77	74749	3.8	300011	鼎汉技术	SZ	16.22	3.67	
934	2010-08-17	16.71	16.71	16.39	16.56	49323	3.75	300011	鼎汉技术	SZ	16.77	3.8	
933	2010-08-18	16.56	16.96	16.46	16.95	62424	3.84	300011	鼎汉技术	SZ	16.56	3.75	
932	2010-08-19	17.11	17.11	16.67	16.82	60859	3.81	300011	鼎汉技术	SZ	16.95	3.84	
931	2010-08-20	16.82	16.84	16.14	16.15	51069	3.65	300011	鼎汉技术	SZ	16.82	3.81	
930	2010-08-23	16.13	16.56	16	16.47	30510	3.73	300011	鼎汉技术	SZ	16.15	3.65	
929	2010-08-24	16.44	16.44	16.05	16.33	29737	3.7	300011	鼎汉技术	SZ	16.47	3.73	
928	2010-08-25	16.31	16.53	15.78	16.15	40406	3.65	300011	鼎汉技术	SZ	16.33	3.7	
927	2010-08-26	16.14	16.16	15.56	15.96	23841	3.61	300011	鼎汉技术	SZ	16.15	3.65	
926	2010-08-27	15.96	16.25	15.85	16.1	15771	3.64	300011	鼎汉技术	SZ	15.96	3.61	
925	2010-08-30	16.25	16.66	16.05	16.53	46069	3.74	300011	鼎汉技术	SZ	16.1	3.64	
924	2010-08-31	16.53	16.66	16.14	16.55	34640	3.75	300011	鼎汉技术	SZ	16.53	3.74	
923	2010-09-01	16.56	16.65	15.56	16	50613	3.62	300011	鼎汉技术	SZ	16.55	3.75	
922	2010-09-02	16.04	16.24	15.86	16	30441	3.62	300011	鼎汉技术	SZ	16	3.62	
921	2010-09-03	16.09	16.44	15.83	16.07	36172	3.64	300011	鼎汉技术	SZ	16	3.62	
920	2010-09-06	16.2	16.31	15.56	15.72	42787	3.56	300011	鼎汉技术	SZ	16.07	3.64	
919	2010-09-07	15.64	15.75	15.57	15.74	19372	3.56	300011	鼎汉技术	SZ	15.72	3.56	
918	2010-09-08	15.72	15.85	15.59	15.65	23503	3.54	300011	鼎汉技术	SZ	15.74	3.56	
917	2010-09-09	15.65	15.88	15.62	15.7	26855	3.55	300011	鼎汉技术	SZ	15.65	3.54	
916	2010-09-10	15.77	16.37	15.71	16.37	58616	3.7	300011	鼎汉技术	SZ	15.7	3.55	
915	2010-09-13	16.37	16.88	16.25	16.36	53719	3.7	300011	鼎汉技术	SZ	16.37	3.7	
914	2010-09-14	16.37	16.48	15.95	15.99	41789	3.62	300011	鼎汉技术	SZ	16.36	3.7	
913	2010-09-15	15.84	15.95	15.27	15.31	32033	3.47	300011	鼎汉技术	SZ	15.99	3.62	
912	2010-09-16	15.27	15.46	14.67	14.76	21440	3.34	300011	鼎汉技术	SZ	15.31	3.47	
911	2010-09-17	14.72	14.97	14.32	14.58	15959	3.3	300011	鼎汉技术	SZ	14.76	3.34	
910	2010-09-20	14.53	14.64	13.9	14.01	18071	3.17	300011	鼎汉技术	SZ	14.58	3.3	
909	2010-09-21	14.04	14.57	13.57	14.14	17408	3.2	300011	鼎汉技术	SZ	14.01	3.17	
908	2010-09-27	14.16	14.76	13.82	14.74	21209	3.34	300011	鼎汉技术	SZ	14.14	3.2	
907	2010-09-28	14.74	15.06	14.44	14.54	19924	3.29	300011	鼎汉技术	SZ	14.74	3.34	
906	2010-09-29	14.66	14.66	13.94	14	16610	3.17	300011	鼎汉技术	SZ	14.54	3.29	
905	2010-09-30	13.96	14.88	13.86	14.8	21393	3.35	300011	鼎汉技术	SZ	14	3.17	
904	2010-10-08	14.84	15.06	14.67	14.89	15035	3.37	300011	鼎汉技术	SZ	14.8	3.35	
903	2010-10-11	14.98	15.02	14.18	14.32	27452	3.24	300011	鼎汉技术	SZ	14.89	3.37	
902	2010-10-12	14.31	14.61	14.2	14.21	23718	3.22	300011	鼎汉技术	SZ	14.32	3.24	
901	2010-10-13	14.21	14.52	13.84	14.47	38025	3.28	300011	鼎汉技术	SZ	14.21	3.22	
900	2010-10-14	14.85	14.86	14.49	14.61	34287	3.31	300011	鼎汉技术	SZ	14.47	3.28	
899	2010-10-15	14.62	14.64	14.13	14.22	24097	3.22	300011	鼎汉技术	SZ	14.61	3.31	
898	2010-10-18	14.18	14.18	13.61	14	35391	3.17	300011	鼎汉技术	SZ	14.22	3.22	
897	2010-10-19	14	15.4	13.87	15.4	76712	3.49	300011	鼎汉技术	SZ	14	3.17	
896	2010-10-20	15.31	16.22	15.12	15.56	99104	3.52	300011	鼎汉技术	SZ	15.4	3.49	
895	2010-10-21	15.58	15.62	14.76	15.21	42051	3.44	300011	鼎汉技术	SZ	15.56	3.52	
894	2010-10-22	15.12	16.11	15.12	15.64	34942	3.54	300011	鼎汉技术	SZ	15.21	3.44	
893	2010-10-25	15.67	16.29	15.56	15.96	43502	3.61	300011	鼎汉技术	SZ	15.64	3.54	
892	2010-10-26	15.96	16.36	15.64	16.04	36478	3.63	300011	鼎汉技术	SZ	15.96	3.61	
891	2010-10-27	15.78	16	15.47	15.47	47726	3.5	300011	鼎汉技术	SZ	16.04	3.63	
890	2010-10-28	15.37	16.22	15.14	16.2	56950	3.67	300011	鼎汉技术	SZ	15.47	3.5	
889	2010-10-29	15.37	17.08	15.14	16.71	86973	3.78	300011	鼎汉技术	SZ	16.2	3.67	
888	2010-11-01	16.89	18.38	16.89	18.07	155815	4.09	300011	鼎汉技术	SZ	16.71	3.78	
887	2010-11-02	18.07	18.09	16.89	16.93	84969	3.83	300011	鼎汉技术	SZ	18.07	4.09	
886	2010-11-03	16.81	16.81	15.96	16.05	59782	3.63	300011	鼎汉技术	SZ	16.93	3.83	
885	2010-11-04	16	16.36	15.78	16.05	48702	3.63	300011	鼎汉技术	SZ	16.05	3.63	
884	2010-11-05	16.24	16.88	15.81	16.83	71780	3.81	300011	鼎汉技术	SZ	16.05	3.63	
883	2010-11-08	16.67	17.28	16.52	17.26	165071	3.91	300011	鼎汉技术	SZ	16.83	3.81	
882	2010-11-09	16.94	17.24	16.79	17.14	61428	3.88	300011	鼎汉技术	SZ	17.26	3.91	
881	2010-11-10	17	17.84	16.91	17.6	77856	3.98	300011	鼎汉技术	SZ	17.14	3.88	
880	2010-11-11	17.6	18	17.25	17.25	94316	3.9	300011	鼎汉技术	SZ	17.6	3.98	
879	2010-11-12	17.16	18	16.44	16.62	123335	3.76	300011	鼎汉技术	SZ	17.25	3.9	
878	2010-11-15	16.91	17.87	16.74	17.85	83505	4.04	300011	鼎汉技术	SZ	16.62	3.76	
877	2010-11-16	17.95	18.6	17.12	17.73	105532	4.01	300011	鼎汉技术	SZ	17.85	4.04	
876	2010-11-17	17.47	18.28	17.3	17.42	56364	3.94	300011	鼎汉技术	SZ	17.73	4.01	
875	2010-11-18	17.42	17.68	16.76	17.43	53378	3.94	300011	鼎汉技术	SZ	17.42	3.94	
874	2010-11-19	17.39	18.03	17.16	18.03	67953	4.08	300011	鼎汉技术	SZ	17.43	3.94	
873	2010-11-22	17.97	18.54	17.34	17.68	110197	4	300011	鼎汉技术	SZ	18.03	4.08	
872	2010-11-23	17.68	17.68	16.89	17.34	60270	3.92	300011	鼎汉技术	SZ	17.68	4	
871	2010-11-24	17.16	17.6	17.03	17.4	96072	3.94	300011	鼎汉技术	SZ	17.34	3.92	
870	2010-11-25	17.4	17.54	16.75	16.83	86826	3.81	300011	鼎汉技术	SZ	17.4	3.94	
869	2010-11-26	16.8	17.07	16.8	17.06	54442	3.86	300011	鼎汉技术	SZ	16.83	3.81	
868	2010-11-29	17.05	17.32	16.8	17.19	57961	3.89	300011	鼎汉技术	SZ	17.06	3.86	
867	2010-11-30	17.11	17.36	15.56	16	82096	3.62	300011	鼎汉技术	SZ	17.19	3.89	
866	2010-12-01	16	16.13	15.38	15.63	42051	3.54	300011	鼎汉技术	SZ	16	3.62	
865	2010-12-02	15.8	16.16	15.62	15.72	54551	3.56	300011	鼎汉技术	SZ	15.63	3.54	
864	2010-12-03	15.82	16	15.18	15.28	58684	3.46	300011	鼎汉技术	SZ	15.72	3.56	
863	2010-12-06	15.28	15.29	14.58	14.83	54946	3.36	300011	鼎汉技术	SZ	15.28	3.46	
862	2010-12-07	14.89	15.16	14.71	15.03	44288	3.4	300011	鼎汉技术	SZ	14.83	3.36	
861	2010-12-08	15.15	16.44	15.15	15.96	134136	3.61	300011	鼎汉技术	SZ	15.03	3.4	
860	2010-12-09	16	16.88	15.83	16.34	163064	3.7	300011	鼎汉技术	SZ	15.96	3.61	
859	2010-12-10	16.12	17.38	16	16.96	119713	3.84	300011	鼎汉技术	SZ	16.34	3.7	
858	2010-12-13	17.04	17.78	16.8	17.4	161978	3.94	300011	鼎汉技术	SZ	16.96	3.84	
857	2010-12-14	17.2	17.55	16.89	17.25	95091	3.9	300011	鼎汉技术	SZ	17.4	3.94	
856	2010-12-15	17.19	17.28	16.89	16.96	61442	3.84	300011	鼎汉技术	SZ	17.25	3.9	
855	2010-12-16	16.89	17.71	16.82	17.37	92084	3.93	300011	鼎汉技术	SZ	16.96	3.84	
854	2010-12-17	17.24	18.29	17.24	18.29	134823	4.14	300011	鼎汉技术	SZ	17.37	3.93	
853	2010-12-20	18.48	18.66	17.23	18.52	180765	4.19	300011	鼎汉技术	SZ	18.29	4.14	
852	2010-12-21	18.52	19.57	18.26	19.19	133111	4.34	300011	鼎汉技术	SZ	18.52	4.19	
851	2010-12-22	19.09	19.79	18.94	19.11	108810	4.33	300011	鼎汉技术	SZ	19.19	4.34	
850	2010-12-23	19.19	19.27	18.04	18.16	87592	4.11	300011	鼎汉技术	SZ	19.11	4.33	
849	2010-12-24	17.96	18.56	17.6	17.78	65812	4.02	300011	鼎汉技术	SZ	18.16	4.11	
848	2010-12-27	17.78	18.22	16.9	17.1	80445	3.87	300011	鼎汉技术	SZ	17.78	4.02	
847	2010-12-28	16.84	17.77	16.76	17.45	51000	3.95	300011	鼎汉技术	SZ	17.1	3.87	
846	2010-12-29	17.34	17.97	17.34	17.78	49438	4.02	300011	鼎汉技术	SZ	17.45	3.95	
845	2010-12-30	17.73	17.99	17.38	17.64	45193	3.99	300011	鼎汉技术	SZ	17.78	4.02	
844	2010-12-31	17.52	18.06	17.52	17.85	46649	4.04	300011	鼎汉技术	SZ	17.64	3.99	
843	2011-01-04	17.86	19.36	17.86	19.35	94437	4.38	300011	鼎汉技术	SZ	17.85	4.04	
842	2011-01-05	19.34	20.44	18.92	19.56	144744	4.43	300011	鼎汉技术	SZ	19.35	4.38	
841	2011-01-06	19.58	19.78	18.97	19.73	71602	4.47	300011	鼎汉技术	SZ	19.56	4.43	
840	2011-01-07	19.77	20.42	19.16	19.52	91199	4.42	300011	鼎汉技术	SZ	19.73	4.47	
839	2011-01-10	19.52	19.52	17.83	18.08	94723	4.09	300011	鼎汉技术	SZ	19.52	4.42	
838	2011-01-11	17.78	17.78	17.12	17.35	72455	3.93	300011	鼎汉技术	SZ	18.08	4.09	
837	2011-01-12	17.36	17.88	17.33	17.88	45608	4.05	300011	鼎汉技术	SZ	17.35	3.93	
836	2011-01-13	18	18.06	17.56	17.78	39511	4.02	300011	鼎汉技术	SZ	17.88	4.05	
835	2011-01-14	17.78	18.36	17.23	18.04	56503	4.08	300011	鼎汉技术	SZ	17.78	4.02	
834	2011-01-17	17.79	18.21	17.24	17.36	46467	3.93	300011	鼎汉技术	SZ	18.04	4.08	
833	2011-01-18	17.27	17.27	16.67	16.87	35530	3.82	300011	鼎汉技术	SZ	17.36	3.93	
832	2011-01-19	16.87	18.21	16.87	18.12	58005	4.1	300011	鼎汉技术	SZ	16.87	3.82	
831	2011-01-20	18.01	18.31	17.24	17.28	69663	3.91	300011	鼎汉技术	SZ	18.12	4.1	
830	2011-01-21	17.22	18.31	16.93	18.14	68498	4.1	300011	鼎汉技术	SZ	17.28	3.91	
829	2011-01-24	17.75	18.36	17.56	17.69	49361	4	300011	鼎汉技术	SZ	18.14	4.1	
828	2011-01-25	17.69	17.69	15.92	16.27	78392	3.68	300011	鼎汉技术	SZ	17.69	4	
827	2011-01-26	16.09	16.76	15.8	16.67	45945	3.77	300011	鼎汉技术	SZ	16.27	3.68	
826	2011-01-28	17.01	17.15	16.64	16.76	36816	3.79	300011	鼎汉技术	SZ	16.67	3.77	
825	2011-01-31	16.76	17.86	16.76	17.71	45390	4.01	300011	鼎汉技术	SZ	16.76	3.79	
824	2011-02-01	17.71	17.95	17.28	17.51	30849	3.96	300011	鼎汉技术	SZ	17.71	4.01	
823	2011-02-09	17.4	17.95	17.18	17.78	40077	4.02	300011	鼎汉技术	SZ	17.51	3.96	
822	2011-02-10	17.78	18.21	17.39	18.14	42987	4.1	300011	鼎汉技术	SZ	17.78	4.02	
821	2011-02-11	18.2	18.2	17.86	17.89	37903	4.05	300011	鼎汉技术	SZ	18.14	4.1	
820	2011-02-14	17.82	17.83	17.13	17.5	99572	3.96	300011	鼎汉技术	SZ	17.89	4.05	
819	2011-02-15	17.51	18.22	17.24	18.13	134836	4.1	300011	鼎汉技术	SZ	17.5	3.96	
818	2011-02-16	18.12	18.78	17.94	18.63	131016	4.22	300011	鼎汉技术	SZ	18.13	4.1	
817	2011-02-17	18.54	18.95	18.28	18.77	88777	4.25	300011	鼎汉技术	SZ	18.63	4.22	
816	2011-02-18	18.67	18.67	17.56	17.76	102412	4.02	300011	鼎汉技术	SZ	18.77	4.25	
815	2011-02-21	17.84	18.71	17.82	18.71	101342	4.23	300011	鼎汉技术	SZ	17.76	4.02	
814	2011-02-22	18.71	18.72	17.77	17.87	93797	4.04	300011	鼎汉技术	SZ	18.71	4.23	
813	2011-02-23	17.69	18.26	17.67	17.93	56138	4.06	300011	鼎汉技术	SZ	17.87	4.04	
812	2011-02-24	17.92	17.92	17.33	17.58	66095	3.98	300011	鼎汉技术	SZ	17.93	4.06	
811	2011-02-25	16.9	17.24	16.47	16.96	88492	3.84	300011	鼎汉技术	SZ	17.58	3.98	
810	2011-02-28	16.96	17.16	16.75	16.86	44169	3.82	300011	鼎汉技术	SZ	16.96	3.84	
809	2011-03-01	16.86	17.04	16.54	16.67	87701	3.77	300011	鼎汉技术	SZ	16.86	3.82	
808	2011-03-02	16.73	17.37	16.6	17.24	88310	3.9	300011	鼎汉技术	SZ	16.67	3.77	
807	2011-03-03	17.17	17.18	16.65	16.67	53829	3.77	300011	鼎汉技术	SZ	17.24	3.9	
806	2011-03-04	16.67	16.82	16.27	16.57	48812	3.75	300011	鼎汉技术	SZ	16.67	3.77	
805	2011-03-07	16.6	16.77	16.36	16.76	66636	3.79	300011	鼎汉技术	SZ	16.57	3.75	
804	2011-03-08	16.76	16.87	16.52	16.66	37700	3.77	300011	鼎汉技术	SZ	16.76	3.79	
803	2011-03-09	16.75	17.08	16.62	16.95	57727	3.84	300011	鼎汉技术	SZ	16.66	3.77	
802	2011-03-10	16.89	17.24	16.83	16.87	61441	3.82	300011	鼎汉技术	SZ	16.95	3.84	
801	2011-03-11	16.84	16.84	16.49	16.53	52235	3.74	300011	鼎汉技术	SZ	16.87	3.82	
800	2011-03-14	16.52	16.53	16.08	16.31	55401	3.69	300011	鼎汉技术	SZ	16.53	3.74	
799	2011-03-15	16.33	16.4	15.88	16.09	32951	3.64	300011	鼎汉技术	SZ	16.31	3.69	
798	2011-03-16	16	16.22	15.94	16.2	29315	3.67	300011	鼎汉技术	SZ	16.09	3.64	
797	2011-03-17	16.2	16.2	15.77	15.77	46083	3.57	300011	鼎汉技术	SZ	16.2	3.67	
796	2011-03-18	15.9	15.99	15.71	15.82	70664	3.58	300011	鼎汉技术	SZ	15.77	3.57	
795	2011-03-21	15.87	15.9	15.56	15.67	30306	3.55	300011	鼎汉技术	SZ	15.82	3.58	
794	2011-03-22	15.76	15.91	15.67	15.91	31477	3.6	300011	鼎汉技术	SZ	15.67	3.55	
793	2011-03-24	15.96	16.11	15.77	15.78	33137	3.57	300011	鼎汉技术	SZ	15.91	3.6	
792	2011-03-25	15.79	16.06	15.78	15.81	28783	3.58	300011	鼎汉技术	SZ	15.78	3.57	
791	2011-03-28	15.91	16	15.74	15.85	26826	3.59	300011	鼎汉技术	SZ	15.81	3.58	
790	2011-03-29	15.92	15.92	14.75	14.84	70664	3.36	300011	鼎汉技术	SZ	15.85	3.59	
789	2011-03-30	14.8	14.88	14.22	14.36	53638	3.25	300011	鼎汉技术	SZ	14.84	3.36	
788	2011-03-31	14.36	14.74	14.36	14.62	31469	3.31	300011	鼎汉技术	SZ	14.36	3.25	
787	2011-04-06	14.48	14.81	14.48	14.56	21193	3.29	300011	鼎汉技术	SZ	14.62	3.31	
786	2011-04-07	14.56	14.8	14.56	14.76	20627	3.34	300011	鼎汉技术	SZ	14.56	3.29	
785	2011-04-08	14.84	14.84	14.69	14.71	22281	3.4	300011	鼎汉技术	SZ	14.76	3.34	
784	2011-04-11	14.71	14.84	14.35	14.44	30608	3.33	300011	鼎汉技术	SZ	14.71	3.4	
783	2011-04-12	14.44	14.51	14.23	14.24	24790	3.29	300011	鼎汉技术	SZ	14.44	3.33	
782	2011-04-13	14.24	14.64	14.24	14.63	25347	3.38	300011	鼎汉技术	SZ	14.24	3.29	
781	2011-04-14	14.56	14.63	14.41	14.41	19994	3.33	300011	鼎汉技术	SZ	14.63	3.38	
780	2011-04-15	14.43	14.52	14.09	14.16	28036	3.27	300011	鼎汉技术	SZ	14.41	3.33	
779	2011-04-18	14.16	14.16	13.73	13.9	30029	3.21	300011	鼎汉技术	SZ	14.16	3.27	
778	2011-04-19	13.91	14.11	13.75	14.04	19657	3.24	300011	鼎汉技术	SZ	13.9	3.21	
777	2011-04-20	14.04	14.26	13.85	14.18	18957	3.27	300011	鼎汉技术	SZ	14.04	3.24	
776	2011-04-21	14.29	14.3	14.07	14.14	16463	3.26	300011	鼎汉技术	SZ	14.18	3.27	
775	2011-04-22	14.13	14.13	13.96	13.99	14217	3.23	300011	鼎汉技术	SZ	14.14	3.26	
774	2011-04-25	14.11	14.11	13.6	13.6	18409	3.14	300011	鼎汉技术	SZ	13.99	3.23	
773	2011-04-26	13.48	13.64	13.33	13.36	19573	3.08	300011	鼎汉技术	SZ	13.6	3.14	
772	2011-04-27	13.38	13.55	12.41	12.48	46360	2.88	300011	鼎汉技术	SZ	13.36	3.08	
771	2011-04-28	12.4	12.53	11.78	11.83	29719	2.73	300011	鼎汉技术	SZ	12.48	2.88	
770	2011-04-29	11.84	12.13	11.56	12.13	19816	2.8	300011	鼎汉技术	SZ	11.83	2.73	
769	2011-05-03	12.04	12.3	11.83	12.18	15059	2.81	300011	鼎汉技术	SZ	12.13	2.8	
768	2011-05-04	12.12	12.13	11.69	11.74	12774	2.71	300011	鼎汉技术	SZ	12.18	2.81	
767	2011-05-05	11.49	11.95	11.4	11.74	14046	2.71	300011	鼎汉技术	SZ	11.74	2.71	
766	2011-05-06	11.6	11.84	11.56	11.78	11514	2.72	300011	鼎汉技术	SZ	11.74	2.71	
765	2011-05-09	11.82	12.39	11.82	12.13	24726	2.8	300011	鼎汉技术	SZ	11.78	2.72	
764	2011-05-10	12.17	12.24	12	12.13	11439	2.8	300011	鼎汉技术	SZ	12.13	2.8	
763	2011-05-11	12.11	12.2	12.04	12.06	12290	2.78	300011	鼎汉技术	SZ	12.13	2.8	
762	2011-05-12	12.08	12.09	11.59	11.59	15264	2.67	300011	鼎汉技术	SZ	12.06	2.78	
761	2011-05-13	11.57	11.66	11.45	11.59	15450	2.68	300011	鼎汉技术	SZ	11.59	2.67	
760	2011-05-16	11.52	11.65	11.5	11.52	10901	2.66	300011	鼎汉技术	SZ	11.59	2.68	
759	2011-05-17	11.52	11.59	11.16	11.52	11970	2.66	300011	鼎汉技术	SZ	11.52	2.66	
758	2011-05-18	11.44	11.55	11.4	11.46	10972	2.65	300011	鼎汉技术	SZ	11.52	2.66	
757	2011-05-19	11.48	11.69	11.46	11.51	10541	2.66	300011	鼎汉技术	SZ	11.46	2.65	
756	2011-05-20	11.53	11.54	11.42	11.42	14117	2.64	300011	鼎汉技术	SZ	11.51	2.66	
755	2011-05-23	11.44	11.44	10.67	10.69	22612	2.47	300011	鼎汉技术	SZ	11.42	2.64	
754	2011-05-24	10.67	11.06	10.01	11.01	44119	2.54	300011	鼎汉技术	SZ	10.69	2.47	
753	2011-05-25	11.01	11.22	10.68	10.79	25944	2.49	300011	鼎汉技术	SZ	11.01	2.54	
752	2011-05-26	10.82	10.93	10.44	10.45	17622	2.41	300011	鼎汉技术	SZ	10.79	2.49	
751	2011-05-27	10.32	10.66	10.27	10.4	20578	2.4	300011	鼎汉技术	SZ	10.45	2.41	
750	2011-05-30	10.41	11.42	10.28	11.09	58214	2.56	300011	鼎汉技术	SZ	10.4	2.4	
749	2011-05-31	10.97	11.55	10.93	11.5	46014	2.66	300011	鼎汉技术	SZ	11.09	2.56	
748	2011-06-01	11.41	11.49	11.3	11.4	28597	2.63	300011	鼎汉技术	SZ	11.5	2.66	
747	2011-06-02	11.21	11.44	11.11	11.28	23691	2.6	300011	鼎汉技术	SZ	11.4	2.63	
746	2011-06-03	11.33	11.67	11.29	11.62	34180	2.68	300011	鼎汉技术	SZ	11.28	2.6	
745	2011-06-07	11.62	11.83	11.52	11.62	29997	2.68	300011	鼎汉技术	SZ	11.62	2.68	
744	2011-06-08	11.6	11.6	11.38	11.55	15999	2.67	300011	鼎汉技术	SZ	11.62	2.68	
743	2011-06-09	11.51	11.51	11.15	11.16	13472	2.58	300011	鼎汉技术	SZ	11.55	2.67	
742	2011-06-13	10.89	11.24	10.81	11.01	10897	2.54	300011	鼎汉技术	SZ	11.16	2.58	
741	2011-06-14	11.14	11.2	10.91	11.14	10495	2.57	300011	鼎汉技术	SZ	11.01	2.54	
740	2011-06-15	11.07	11.33	10.91	10.92	5464	2.52	300011	鼎汉技术	SZ	11.14	2.57	
739	2011-06-16	10.89	10.89	10.35	10.54	11205	2.43	300011	鼎汉技术	SZ	10.92	2.52	
738	2011-06-17	10.53	10.79	10.36	10.79	9142	2.49	300011	鼎汉技术	SZ	10.54	2.43	
737	2011-06-20	10.67	10.91	10.67	10.84	11031	2.5	300011	鼎汉技术	SZ	10.79	2.49	
736	2011-06-21	10.84	11.16	10.84	11.1	17737	2.56	300011	鼎汉技术	SZ	10.84	2.5	
735	2011-06-22	11.1	11.16	10.89	11.1	14101	2.56	300011	鼎汉技术	SZ	11.1	2.56	
734	2011-06-23	11.11	11.55	10.96	11.43	30309	2.64	300011	鼎汉技术	SZ	11.1	2.56	
733	2011-06-24	11.43	11.66	11.32	11.63	31054	2.68	300011	鼎汉技术	SZ	11.43	2.64	
732	2011-06-27	11.63	11.77	11.47	11.56	28416	2.67	300011	鼎汉技术	SZ	11.63	2.68	
731	2011-06-28	11.56	11.62	11.41	11.56	19588	2.67	300011	鼎汉技术	SZ	11.56	2.67	
730	2011-06-29	11.56	11.6	11.36	11.36	18224	2.62	300011	鼎汉技术	SZ	11.56	2.67	
729	2011-06-30	11.36	11.64	11.36	11.63	18851	2.69	300011	鼎汉技术	SZ	11.36	2.62	
728	2011-07-01	11.64	11.77	11.57	11.61	24317	2.68	300011	鼎汉技术	SZ	11.63	2.69	
727	2011-07-04	11.56	11.9	11.48	11.88	30186	2.74	300011	鼎汉技术	SZ	11.61	2.68	
726	2011-07-05	11.83	12.04	11.83	11.98	25000	2.77	300011	鼎汉技术	SZ	11.88	2.74	
725	2011-07-06	11.96	12.08	11.84	12.08	18097	2.79	300011	鼎汉技术	SZ	11.98	2.77	
724	2011-07-07	12.07	12.18	11.9	11.92	21250	2.75	300011	鼎汉技术	SZ	12.08	2.79	
723	2011-07-08	11.96	11.96	11.52	11.59	21928	2.68	300011	鼎汉技术	SZ	11.92	2.75	
722	2011-07-11	11.64	12.21	11.64	12.21	45698	2.82	300011	鼎汉技术	SZ	11.59	2.68	
721	2011-07-12	12.14	12.19	11.96	11.98	25439	2.77	300011	鼎汉技术	SZ	12.21	2.82	
720	2011-07-13	11.98	12.17	11.84	12.06	21315	2.78	300011	鼎汉技术	SZ	11.98	2.77	
719	2011-07-14	12.06	12.58	12.06	12.43	34353	2.87	300011	鼎汉技术	SZ	12.06	2.78	
718	2011-07-15	12.44	12.66	12.25	12.48	33373	2.88	300011	鼎汉技术	SZ	12.43	2.87	
717	2011-07-18	12.4	12.67	12.36	12.39	38243	2.86	300011	鼎汉技术	SZ	12.48	2.88	
716	2011-07-19	12.27	12.36	11.9	11.97	25516	2.76	300011	鼎汉技术	SZ	12.39	2.86	
715	2011-07-20	12	12.13	11.78	11.91	14506	2.75	300011	鼎汉技术	SZ	11.97	2.76	
714	2011-07-21	11.82	11.97	11.72	11.73	18261	2.71	300011	鼎汉技术	SZ	11.91	2.75	
713	2011-07-22	11.78	11.87	11.66	11.73	13193	2.71	300011	鼎汉技术	SZ	11.73	2.71	
712	2011-07-25	11.02	11.24	10.56	10.56	143651	2.44	300011	鼎汉技术	SZ	11.73	2.71	
711	2011-07-26	10.33	10.39	10.05	10.24	51896	2.37	300011	鼎汉技术	SZ	10.56	2.44	
710	2011-07-27	10.17	10.47	10.12	10.44	40598	2.41	300011	鼎汉技术	SZ	10.24	2.37	
709	2011-07-28	10.22	10.64	10.14	10.59	37601	2.44	300011	鼎汉技术	SZ	10.44	2.41	
708	2011-07-29	10.51	10.59	10.32	10.36	23574	2.39	300011	鼎汉技术	SZ	10.59	2.44	
707	2011-08-01	10.36	10.36	10.1	10.34	23938	2.39	300011	鼎汉技术	SZ	10.36	2.39	
706	2011-08-02	10.28	10.46	10.12	10.46	29981	2.42	300011	鼎汉技术	SZ	10.34	2.39	
705	2011-08-03	10.4	10.81	10.27	10.76	59059	2.49	300011	鼎汉技术	SZ	10.46	2.42	
704	2011-08-04	10.77	11.04	10.7	10.76	40306	2.48	300011	鼎汉技术	SZ	10.76	2.49	
703	2011-08-05	10.36	10.57	10.23	10.44	29256	2.41	300011	鼎汉技术	SZ	10.76	2.48	
702	2011-08-08	10.23	10.34	9.56	9.74	32358	2.25	300011	鼎汉技术	SZ	10.44	2.41	
701	2011-08-09	9.47	9.64	9.11	9.6	27349	2.22	300011	鼎汉技术	SZ	9.74	2.25	
700	2011-08-10	9.65	9.9	9.65	9.68	21918	2.24	300011	鼎汉技术	SZ	9.6	2.22	
699	2011-08-11	9.33	9.76	9.21	9.73	22438	2.25	300011	鼎汉技术	SZ	9.68	2.24	
698	2011-08-12	9.86	10.15	9.75	9.98	25367	2.3	300011	鼎汉技术	SZ	9.73	2.25	
697	2011-08-15	9.98	10.18	9.98	10.17	24215	2.35	300011	鼎汉技术	SZ	9.98	2.3	
696	2011-08-16	10.17	10.18	10.03	10.07	33475	2.32	300011	鼎汉技术	SZ	10.17	2.35	
695	2011-08-17	10	10.07	9.87	9.91	24061	2.29	300011	鼎汉技术	SZ	10.07	2.32	
694	2011-08-18	9.91	9.97	9.6	9.6	24805	2.22	300011	鼎汉技术	SZ	9.91	2.29	
693	2011-08-19	9.41	9.55	9.28	9.53	28757	2.2	300011	鼎汉技术	SZ	9.6	2.22	
692	2011-08-22	9.53	10	9.53	9.87	33655	2.28	300011	鼎汉技术	SZ	9.53	2.2	
691	2011-08-23	10	10.07	9.8	10.04	37599	2.32	300011	鼎汉技术	SZ	9.87	2.28	
690	2011-08-24	10.1	10.38	10.01	10.03	56027	2.31	300011	鼎汉技术	SZ	10.04	2.32	
689	2011-08-25	10.11	10.25	9.96	10.22	40659	2.36	300011	鼎汉技术	SZ	10.03	2.31	
688	2011-08-26	10.15	10.48	10.15	10.44	45512	2.41	300011	鼎汉技术	SZ	10.22	2.36	
687	2011-08-29	10.36	10.49	10.25	10.25	27894	2.37	300011	鼎汉技术	SZ	10.44	2.41	
686	2011-08-30	10.3	10.4	10.05	10.07	22812	2.33	300011	鼎汉技术	SZ	10.25	2.37	
685	2011-08-31	10	10.16	9.82	9.88	20069	2.28	300011	鼎汉技术	SZ	10.07	2.33	
684	2011-09-01	10.04	10.09	9.88	9.96	18475	2.3	300011	鼎汉技术	SZ	9.88	2.28	
683	2011-09-05	9.89	9.89	9.6	9.64	15052	2.22	300011	鼎汉技术	SZ	9.96	2.3	
682	2011-09-06	9.63	9.73	9.56	9.64	9547	2.22	300011	鼎汉技术	SZ	9.64	2.22	
681	2011-09-07	9.76	10.04	9.67	10.03	16866	2.32	300011	鼎汉技术	SZ	9.64	2.22	
680	2011-09-08	10.09	10.09	9.88	9.9	13142	2.29	300011	鼎汉技术	SZ	10.03	2.32	
679	2011-09-09	9.85	10.04	9.85	9.87	9033	2.28	300011	鼎汉技术	SZ	9.9	2.29	
678	2011-09-13	9.75	9.75	9.62	9.69	11500	2.24	300011	鼎汉技术	SZ	9.87	2.28	
677	2011-09-14	9.69	9.78	9.56	9.76	9071	2.25	300011	鼎汉技术	SZ	9.69	2.24	
676	2011-09-15	9.77	9.89	9.71	9.72	12175	2.25	300011	鼎汉技术	SZ	9.76	2.25	
675	2011-09-16	9.72	9.76	9.51	9.54	11671	2.2	300011	鼎汉技术	SZ	9.72	2.25	
674	2011-09-19	9.49	9.54	9.21	9.21	9920	2.13	300011	鼎汉技术	SZ	9.54	2.2	
673	2011-09-20	9.21	9.3	9.08	9.2	9369	2.12	300011	鼎汉技术	SZ	9.21	2.13	
672	2011-09-21	9.2	9.69	9.2	9.68	21017	2.23	300011	鼎汉技术	SZ	9.2	2.12	
671	2011-09-22	9.56	9.64	9.22	9.22	14671	2.13	300011	鼎汉技术	SZ	9.68	2.23	
670	2011-09-23	9.02	9.21	8.94	9.13	13646	2.11	300011	鼎汉技术	SZ	9.22	2.13	
669	2011-09-26	9.14	9.28	8.9	9	12015	2.08	300011	鼎汉技术	SZ	9.13	2.11	
668	2011-09-27	9.07	9.13	8.98	9.07	7396	2.09	300011	鼎汉技术	SZ	9	2.08	
667	2011-09-28	9.07	9.22	8.84	8.89	11278	2.05	300011	鼎汉技术	SZ	9.07	2.09	
666	2011-09-29	8.76	8.84	8.45	8.45	16024	1.95	300011	鼎汉技术	SZ	8.89	2.05	
665	2011-09-30	8.44	8.66	8.24	8.4	9242	1.94	300011	鼎汉技术	SZ	8.45	1.95	
664	2011-10-10	8.57	8.57	8.34	8.39	6451	1.94	300011	鼎汉技术	SZ	8.4	1.94	
663	2011-10-11	8.49	8.7	8.36	8.38	6914	1.93	300011	鼎汉技术	SZ	8.39	1.94	
662	2011-10-12	8.28	8.7	8.28	8.65	14773	2	300011	鼎汉技术	SZ	8.38	1.93	
661	2011-10-13	8.63	8.87	8.63	8.82	15784	2.04	300011	鼎汉技术	SZ	8.65	2	
660	2011-10-14	8.82	8.92	8.72	8.78	12302	2.03	300011	鼎汉技术	SZ	8.82	2.04	
659	2011-10-17	8.84	8.93	8.79	8.89	12297	2.05	300011	鼎汉技术	SZ	8.78	2.03	
658	2011-10-18	8.84	8.89	8.56	8.56	12098	1.98	300011	鼎汉技术	SZ	8.89	2.05	
657	2011-10-19	8.63	9.19	8.47	8.8	24341	2.03	300011	鼎汉技术	SZ	8.56	1.98	
656	2011-10-20	8.67	8.77	8.4	8.46	13578	1.95	300011	鼎汉技术	SZ	8.8	2.03	
655	2011-10-21	8.38	8.6	8.38	8.4	8482	1.94	300011	鼎汉技术	SZ	8.46	1.95	
654	2011-10-24	8.41	8.53	8.17	8.52	16032	1.97	300011	鼎汉技术	SZ	8.4	1.94	
653	2011-10-25	8.55	8.93	8.44	8.88	26604	2.05	300011	鼎汉技术	SZ	8.52	1.97	
652	2011-10-26	8.94	9.55	8.94	9.17	55658	2.12	300011	鼎汉技术	SZ	8.88	2.05	
651	2011-10-27	9.18	9.41	9.13	9.18	30285	2.12	300011	鼎汉技术	SZ	9.17	2.12	
650	2011-10-28	9.25	9.42	9.2	9.39	28158	2.17	300011	鼎汉技术	SZ	9.18	2.12	
649	2011-10-31	9.42	9.72	9.35	9.7	39612	2.24	300011	鼎汉技术	SZ	9.39	2.17	
648	2011-11-01	9.6	9.76	9.49	9.6	29612	2.22	300011	鼎汉技术	SZ	9.7	2.24	
647	2011-11-02	9.51	10.36	9.43	10.11	85341	2.33	300011	鼎汉技术	SZ	9.6	2.22	
646	2011-11-03	10.29	10.3	10	10.07	74066	2.32	300011	鼎汉技术	SZ	10.11	2.33	
645	2011-11-04	10.04	10.28	10.04	10.15	37338	2.34	300011	鼎汉技术	SZ	10.07	2.32	
644	2011-11-07	10.01	10.23	10.01	10.06	25365	2.32	300011	鼎汉技术	SZ	10.15	2.34	
643	2011-11-08	10.04	10.17	9.56	9.6	41025	2.22	300011	鼎汉技术	SZ	10.06	2.32	
642	2011-11-09	9.69	9.85	9.56	9.85	24418	2.27	300011	鼎汉技术	SZ	9.6	2.22	
641	2011-11-10	9.62	10.17	9.62	9.89	53954	2.28	300011	鼎汉技术	SZ	9.85	2.27	
640	2011-11-11	9.89	10.15	9.83	9.92	25195	2.29	300011	鼎汉技术	SZ	9.89	2.28	
639	2011-11-14	10.04	10.29	10.04	10.22	40384	2.36	300011	鼎汉技术	SZ	9.92	2.29	
638	2011-11-15	10.23	10.51	10.23	10.36	35863	2.39	300011	鼎汉技术	SZ	10.22	2.36	
637	2011-11-16	10.36	10.39	9.88	9.91	33777	2.29	300011	鼎汉技术	SZ	10.36	2.39	
636	2011-11-17	10.04	10.17	9.83	10	18295	2.31	300011	鼎汉技术	SZ	9.91	2.29	
635	2011-11-18	9.84	9.95	9.61	9.63	19460	2.22	300011	鼎汉技术	SZ	10	2.31	
634	2011-11-21	9.7	9.85	9.58	9.8	19654	2.26	300011	鼎汉技术	SZ	9.63	2.22	
633	2011-11-22	9.63	9.79	9.56	9.71	15110	2.24	300011	鼎汉技术	SZ	9.8	2.26	
632	2011-11-23	9.76	9.86	9.65	9.72	8936	2.25	300011	鼎汉技术	SZ	9.71	2.24	
631	2011-11-24	9.57	9.8	9.56	9.69	9623	2.24	300011	鼎汉技术	SZ	9.72	2.25	
630	2011-11-25	9.56	9.75	9.56	9.58	7679	2.21	300011	鼎汉技术	SZ	9.69	2.24	
629	2011-11-28	9.59	9.71	9.48	9.61	12484	2.22	300011	鼎汉技术	SZ	9.58	2.21	
628	2011-11-29	9.7	9.93	9.6	9.84	26440	2.27	300011	鼎汉技术	SZ	9.61	2.22	
627	2011-11-30	9.9	10.07	9.5	9.55	46784	2.21	300011	鼎汉技术	SZ	9.84	2.27	
626	2011-12-01	9.75	10.12	9.74	10	50348	2.31	300011	鼎汉技术	SZ	9.55	2.21	
625	2011-12-02	10.01	10.89	9.96	10.68	119094	2.47	300011	鼎汉技术	SZ	10	2.31	
624	2011-12-05	10.61	10.61	10.12	10.19	58792	2.35	300011	鼎汉技术	SZ	10.68	2.47	
623	2011-12-06	10.21	10.78	10.13	10.75	93663	2.48	300011	鼎汉技术	SZ	10.19	2.35	
622	2011-12-07	10.67	11.08	10.47	10.76	85113	2.48	300011	鼎汉技术	SZ	10.75	2.48	
621	2011-12-08	10.67	10.8	9.94	10.38	81982	2.4	300011	鼎汉技术	SZ	10.76	2.48	
620	2011-12-09	10.23	10.24	10	10.18	40383	2.35	300011	鼎汉技术	SZ	10.38	2.4	
619	2011-12-12	10.16	10.16	9.52	9.56	53337	2.21	300011	鼎汉技术	SZ	10.18	2.35	
618	2011-12-13	9.56	9.56	8.99	8.99	51191	2.08	300011	鼎汉技术	SZ	9.56	2.21	
617	2011-12-14	8.98	9.12	8.8	8.86	26136	2.04	300011	鼎汉技术	SZ	8.99	2.08	
616	2011-12-15	8.88	8.99	8.71	8.71	21227	2.01	300011	鼎汉技术	SZ	8.86	2.04	
615	2011-12-16	8.69	9.04	8.69	9.01	19604	2.08	300011	鼎汉技术	SZ	8.71	2.01	
614	2011-12-19	9.01	9.14	8.78	9.14	22797	2.11	300011	鼎汉技术	SZ	9.01	2.08	
613	2011-12-20	9.08	9.32	8.89	8.9	19852	2.05	300011	鼎汉技术	SZ	9.14	2.11	
611	2011-12-22	8.66	8.72	8.22	8.59	23879	1.98	300011	鼎汉技术	SZ	8.9	2.05	
610	2011-12-23	8.58	8.81	8.44	8.62	13213	1.99	300011	鼎汉技术	SZ	8.59	1.98	
609	2011-12-26	8.58	8.66	8.35	8.37	17369	1.93	300011	鼎汉技术	SZ	8.62	1.99	
608	2011-12-27	8.25	8.4	7.87	7.95	27492	1.83	300011	鼎汉技术	SZ	8.37	1.93	
607	2011-12-28	7.88	7.88	7.58	7.77	17072	1.79	300011	鼎汉技术	SZ	7.95	1.83	
606	2011-12-29	7.7	8.09	7.7	7.86	20680	1.81	300011	鼎汉技术	SZ	7.77	1.79	
605	2011-12-30	7.86	8.13	7.86	7.97	12935	1.84	300011	鼎汉技术	SZ	7.86	1.81	
602	2012-01-04	8.15	8.17	7.81	7.81	14792	1.8	300011	鼎汉技术	SZ	7.97	1.84	
601	2012-01-05	7.69	7.82	7.37	7.39	15003	1.71	300011	鼎汉技术	SZ	7.81	1.8	
600	2012-01-06	7.34	7.55	7.16	7.53	12048	1.74	300011	鼎汉技术	SZ	7.39	1.71	
599	2012-01-09	7.53	7.86	7.38	7.84	20279	1.81	300011	鼎汉技术	SZ	7.53	1.74	
598	2012-01-10	7.75	8.16	7.73	8.13	26063	1.88	300011	鼎汉技术	SZ	7.84	1.81	
597	2012-01-11	8.08	8.31	8.04	8.16	18588	1.88	300011	鼎汉技术	SZ	8.13	1.88	
596	2012-01-12	8.09	8.22	7.99	8.05	19735	1.86	300011	鼎汉技术	SZ	8.16	1.88	
595	2012-01-13	8.08	8.08	7.55	7.56	24029	1.74	300011	鼎汉技术	SZ	8.05	1.86	
593	2012-01-17	7.38	7.89	7.16	7.87	33824	1.82	300011	鼎汉技术	SZ	7.56	1.74	
592	2012-01-18	7.69	7.72	7.37	7.38	36187	1.7	300011	鼎汉技术	SZ	7.87	1.82	
591	2012-01-19	7.33	7.5	7.24	7.43	22430	1.71	300011	鼎汉技术	SZ	7.38	1.7	
590	2012-01-20	7.38	7.64	7.38	7.54	16595	1.74	300011	鼎汉技术	SZ	7.43	1.71	
584	2012-01-30	7.55	7.64	7.48	7.51	18189	1.73	300011	鼎汉技术	SZ	7.54	1.74	
583	2012-01-31	7.56	7.56	7.35	7.44	12969	1.72	300011	鼎汉技术	SZ	7.51	1.73	
582	2012-02-01	7.43	7.59	7.42	7.43	15144	1.72	300011	鼎汉技术	SZ	7.44	1.72	
581	2012-02-02	7.48	7.61	7.42	7.6	15659	1.76	300011	鼎汉技术	SZ	7.43	1.72	
580	2012-02-03	7.62	7.89	7.62	7.87	31054	1.82	300011	鼎汉技术	SZ	7.6	1.76	
579	2012-02-06	7.87	7.91	7.8	7.89	18702	1.82	300011	鼎汉技术	SZ	7.87	1.82	
578	2012-02-07	7.88	7.88	7.65	7.78	18967	1.8	300011	鼎汉技术	SZ	7.89	1.82	
577	2012-02-08	7.78	7.99	7.75	7.96	18561	1.84	300011	鼎汉技术	SZ	7.78	1.8	
576	2012-02-09	7.96	8.12	7.94	7.99	21312	1.84	300011	鼎汉技术	SZ	7.96	1.84	
575	2012-02-10	7.96	8.09	7.92	8.06	26512	1.86	300011	鼎汉技术	SZ	7.99	1.84	
574	2012-02-13	8.36	8.87	8.31	8.87	92233	2.05	300011	鼎汉技术	SZ	8.06	1.86	
573	2012-02-14	9.16	9.18	8.75	8.84	105164	2.04	300011	鼎汉技术	SZ	8.87	2.05	
572	2012-02-15	8.88	8.88	8.63	8.84	62112	2.04	300011	鼎汉技术	SZ	8.84	2.04	
571	2012-02-16	8.84	8.88	8.65	8.68	54920	2	300011	鼎汉技术	SZ	8.84	2.04	
570	2012-02-17	8.66	8.78	8.57	8.62	34792	1.99	300011	鼎汉技术	SZ	8.68	2	
569	2012-02-20	8.71	8.76	8.62	8.64	31939	1.99	300011	鼎汉技术	SZ	8.62	1.99	
568	2012-02-21	8.62	8.81	8.55	8.8	39326	2.03	300011	鼎汉技术	SZ	8.64	1.99	
567	2012-02-22	8.8	8.98	8.76	8.98	69075	2.07	300011	鼎汉技术	SZ	8.8	2.03	
566	2012-02-23	8.76	8.87	8.67	8.79	106914	2.03	300011	鼎汉技术	SZ	8.98	2.07	
565	2012-02-24	8.71	8.78	8.67	8.77	74553	2.02	300011	鼎汉技术	SZ	8.79	2.03	
564	2012-02-27	8.74	8.93	8.7	8.76	89942	2.02	300011	鼎汉技术	SZ	8.77	2.02	
563	2012-02-28	8.68	8.74	8.45	8.47	74442	1.95	300011	鼎汉技术	SZ	8.76	2.02	
562	2012-02-29	8.4	8.49	8.3	8.3	39613	1.92	300011	鼎汉技术	SZ	8.47	1.95	
561	2012-03-01	8.27	8.42	8.27	8.36	25025	1.93	300011	鼎汉技术	SZ	8.3	1.92	
560	2012-03-02	8.32	8.53	8.32	8.48	36002	1.96	300011	鼎汉技术	SZ	8.36	1.93	
559	2012-03-05	8.45	8.54	8.39	8.42	36227	1.94	300011	鼎汉技术	SZ	8.48	1.96	
558	2012-03-06	8.38	8.46	8.27	8.4	23857	1.94	300011	鼎汉技术	SZ	8.42	1.94	
557	2012-03-07	8.3	8.53	8.3	8.53	41324	1.97	300011	鼎汉技术	SZ	8.4	1.94	
556	2012-03-08	8.53	8.65	8.5	8.56	34466	1.98	300011	鼎汉技术	SZ	8.53	1.97	
555	2012-03-09	8.56	8.64	8.51	8.62	42663	1.99	300011	鼎汉技术	SZ	8.56	1.98	
554	2012-03-12	8.66	8.7	8.5	8.57	33524	1.98	300011	鼎汉技术	SZ	8.62	1.99	
553	2012-03-13	8.57	8.67	8.49	8.67	42071	2	300011	鼎汉技术	SZ	8.57	1.98	
552	2012-03-14	8.67	8.74	8	8.05	81417	1.86	300011	鼎汉技术	SZ	8.67	2	
551	2012-03-15	8.04	8.13	7.83	7.85	44230	1.81	300011	鼎汉技术	SZ	8.05	1.86	
550	2012-03-16	7.85	8.11	7.85	8.06	26251	1.86	300011	鼎汉技术	SZ	7.85	1.81	
549	2012-03-19	8.09	8.09	7.98	8.08	21127	1.87	300011	鼎汉技术	SZ	8.06	1.86	
548	2012-03-20	8.12	8.12	7.89	7.89	22958	1.82	300011	鼎汉技术	SZ	8.08	1.87	
547	2012-03-21	7.84	8.04	7.84	8	18518	1.85	300011	鼎汉技术	SZ	7.89	1.82	
546	2012-03-22	8.1	8.8	8.1	8.47	122466	1.96	300011	鼎汉技术	SZ	8	1.85	
545	2012-03-23	8.45	8.45	8.15	8.24	40910	1.9	300011	鼎汉技术	SZ	8.47	1.96	
544	2012-03-26	8.24	8.31	8.08	8.18	21991	1.89	300011	鼎汉技术	SZ	8.24	1.9	
543	2012-03-27	8.29	8.29	8.04	8.05	24535	1.86	300011	鼎汉技术	SZ	8.18	1.89	
541	2012-03-29	7.27	7.64	7.25	7.44	37926	1.72	300011	鼎汉技术	SZ	8.05	1.86	
540	2012-03-30	7.56	7.57	7.27	7.33	18866	1.69	300011	鼎汉技术	SZ	7.44	1.72	
536	2012-04-05	7.48	7.58	7.35	7.53	16577	1.74	300011	鼎汉技术	SZ	7.33	1.69	
535	2012-04-06	7.54	7.68	7.51	7.59	13650	1.75	300011	鼎汉技术	SZ	7.53	1.74	
534	2012-04-09	7.6	7.66	7.47	7.49	13326	1.73	300011	鼎汉技术	SZ	7.59	1.75	
533	2012-04-10	7.52	7.68	7.37	7.68	15894	1.77	300011	鼎汉技术	SZ	7.49	1.73	
532	2012-04-11	7.63	7.73	7.53	7.72	16500	1.78	300011	鼎汉技术	SZ	7.68	1.77	
531	2012-04-12	7.58	7.83	7.55	7.78	20739	2.86	300011	鼎汉技术	SZ	7.72	1.78	
530	2012-04-13	7.78	7.85	7.65	7.72	20426	2.84	300011	鼎汉技术	SZ	7.78	2.86	
529	2012-04-16	7.68	7.83	7.61	7.8	13792	2.87	300011	鼎汉技术	SZ	7.72	2.84	
528	2012-04-17	7.72	7.86	7.6	7.61	12526	2.8	300011	鼎汉技术	SZ	7.8	2.87	
527	2012-04-18	7.7	8.37	7.63	8.37	70989	3.08	300011	鼎汉技术	SZ	7.61	2.8	
526	2012-04-19	8.67	9.11	8.67	8.74	223850	3.21	300011	鼎汉技术	SZ	8.37	3.08	
525	2012-04-20	8.67	9.61	8.53	9.61	255447	3.54	300011	鼎汉技术	SZ	8.74	3.21	
524	2012-04-23	9.37	10.13	9.37	9.67	272035	3.56	300011	鼎汉技术	SZ	9.61	3.54	
523	2012-04-24	9.41	9.43	8.7	9.34	192490	3.44	300011	鼎汉技术	SZ	9.67	3.56	
522	2012-04-25	8.95	9.87	8.74	9.56	202061	3.52	300011	鼎汉技术	SZ	9.34	3.44	
521	2012-04-26	9.38	9.4	8.79	8.87	122569	3.26	300011	鼎汉技术	SZ	9.56	3.52	
520	2012-04-27	8.8	9.06	8.64	8.8	55077	3.24	300011	鼎汉技术	SZ	8.87	3.26	
517	2012-05-02	8.93	8.99	8.25	8.33	118845	3.06	300011	鼎汉技术	SZ	8.8	3.24	
516	2012-05-03	8.29	8.45	8.21	8.35	66427	3.07	300011	鼎汉技术	SZ	8.33	3.06	
515	2012-05-04	8.36	8.44	8.26	8.39	53799	3.09	300011	鼎汉技术	SZ	8.35	3.07	
514	2012-05-07	8.33	8.42	8.13	8.26	72252	3.04	300011	鼎汉技术	SZ	8.39	3.09	
513	2012-05-08	8.3	8.87	8.3	8.61	109835	3.17	300011	鼎汉技术	SZ	8.26	3.04	
512	2012-05-09	8.53	8.53	8.25	8.3	49365	3.05	300011	鼎汉技术	SZ	8.61	3.17	
511	2012-05-10	8.17	8.35	8.17	8.33	27599	3.07	300011	鼎汉技术	SZ	8.3	3.05	
510	2012-05-11	8.29	8.4	8.18	8.19	29856	3.01	300011	鼎汉技术	SZ	8.33	3.07	
509	2012-05-14	8.21	8.43	8.13	8.19	32221	3.01	300011	鼎汉技术	SZ	8.19	3.01	
508	2012-05-15	8.13	8.13	7.85	7.93	37422	2.92	300011	鼎汉技术	SZ	8.19	3.01	
507	2012-05-16	7.93	7.97	7.75	7.77	30712	2.86	300011	鼎汉技术	SZ	7.93	2.92	
506	2012-05-17	7.7	7.93	7.7	7.89	24827	2.9	300011	鼎汉技术	SZ	7.77	2.86	
505	2012-05-18	7.8	7.85	7.71	7.73	28978	2.84	300011	鼎汉技术	SZ	7.89	2.9	
504	2012-05-21	8.1	8.51	8.07	8.51	136187	3.13	300011	鼎汉技术	SZ	7.73	2.84	
503	2012-05-22	8.57	8.57	8.17	8.36	97773	3.08	300011	鼎汉技术	SZ	8.51	3.13	
502	2012-05-23	8.24	8.63	8.24	8.41	74132	3.09	300011	鼎汉技术	SZ	8.36	3.08	
501	2012-05-24	8.57	8.99	8.37	8.45	87963	3.11	300011	鼎汉技术	SZ	8.41	3.09	
500	2012-05-25	8.26	9.24	8.25	8.96	166400	3.3	300011	鼎汉技术	SZ	8.45	3.11	
499	2012-05-28	8.85	9.4	8.68	9.07	149270	3.34	300011	鼎汉技术	SZ	8.96	3.3	
498	2012-05-29	8.87	9.35	8.74	9.04	142183	3.33	300011	鼎汉技术	SZ	9.07	3.34	
497	2012-05-30	8.91	9.1	8.76	8.79	73461	3.23	300011	鼎汉技术	SZ	9.04	3.33	
496	2012-05-31	8.8	8.97	8.71	8.79	50554	3.23	300011	鼎汉技术	SZ	8.79	3.23	
495	2012-06-01	8.79	8.83	8.48	8.57	46164	3.15	300011	鼎汉技术	SZ	8.79	3.23	
494	2012-06-04	8.39	8.51	8	8.01	57336	2.95	300011	鼎汉技术	SZ	8.57	3.15	
493	2012-06-05	7.99	8.17	7.97	8.01	31750	2.95	300011	鼎汉技术	SZ	8.01	2.95	
492	2012-06-06	8.01	8.11	7.87	7.91	29941	2.91	300011	鼎汉技术	SZ	8.01	2.95	
491	2012-06-07	7.99	8.08	7.75	7.79	33280	2.86	300011	鼎汉技术	SZ	7.91	2.91	
490	2012-06-08	7.93	7.93	7.7	7.74	25732	2.85	300011	鼎汉技术	SZ	7.79	2.86	
489	2012-06-11	7.77	7.88	7.73	7.87	32334	2.9	300011	鼎汉技术	SZ	7.74	2.85	
488	2012-06-12	7.81	8.05	7.79	7.89	33763	2.9	300011	鼎汉技术	SZ	7.87	2.9	
487	2012-06-13	7.96	8.07	7.87	8.04	31185	2.96	300011	鼎汉技术	SZ	7.89	2.9	
486	2012-06-14	8.02	8.06	7.88	7.91	26406	2.91	300011	鼎汉技术	SZ	8.04	2.96	
485	2012-06-15	7.92	8.01	7.81	7.95	24836	2.93	300011	鼎汉技术	SZ	7.91	2.91	
484	2012-06-18	8.03	8.08	7.92	7.99	27455	2.94	300011	鼎汉技术	SZ	7.95	2.93	
483	2012-06-19	7.92	8.23	7.87	8.07	37206	2.97	300011	鼎汉技术	SZ	7.99	2.94	
482	2012-06-20	8.01	8.19	7.97	8.06	28197	2.96	300011	鼎汉技术	SZ	8.07	2.97	
481	2012-06-21	8.04	8.04	7.74	7.77	25498	2.86	300011	鼎汉技术	SZ	8.06	2.96	
479	2012-06-25	7.77	7.77	7.39	7.4	26594	2.72	300011	鼎汉技术	SZ	7.77	2.86	
478	2012-06-26	7.39	7.48	7.32	7.44	17720	2.74	300011	鼎汉技术	SZ	7.4	2.72	
477	2012-06-27	7.41	7.6	7.41	7.45	19675	2.74	300011	鼎汉技术	SZ	7.44	2.74	
476	2012-06-28	7.37	7.65	7.35	7.47	23237	2.75	300011	鼎汉技术	SZ	7.45	2.74	
475	2012-06-29	7.35	7.51	7.27	7.48	15732	2.75	300011	鼎汉技术	SZ	7.47	2.75	
474	2012-07-02	7.53	7.59	7.45	7.53	12622	2.77	300011	鼎汉技术	SZ	7.48	2.75	
473	2012-07-03	7.53	7.63	7.43	7.49	15023	2.75	300011	鼎汉技术	SZ	7.53	2.77	
472	2012-07-04	7.47	7.57	7.33	7.34	15232	2.7	300011	鼎汉技术	SZ	7.49	2.75	
471	2012-07-05	7.43	7.43	6.89	6.94	30941	2.55	300011	鼎汉技术	SZ	7.34	2.7	
470	2012-07-06	6.97	7.1	6.8	7.03	16518	2.59	300011	鼎汉技术	SZ	6.94	2.55	
469	2012-07-09	6.93	7.01	6.73	6.75	10264	2.48	300011	鼎汉技术	SZ	7.03	2.59	
468	2012-07-10	6.75	6.79	6.51	6.51	27076	2.4	300011	鼎汉技术	SZ	6.75	2.48	
467	2012-07-11	6.62	7.17	6.62	7.17	90437	2.64	300011	鼎汉技术	SZ	6.51	2.4	
466	2012-07-12	7.07	7.27	7.01	7.17	68266	2.64	300011	鼎汉技术	SZ	7.17	2.64	
465	2012-07-13	7.08	7.51	7.03	7.25	65513	2.67	300011	鼎汉技术	SZ	7.17	2.64	
464	2012-07-16	7.11	7.17	6.71	6.97	49749	2.56	300011	鼎汉技术	SZ	7.25	2.67	
463	2012-07-17	6.9	7.13	6.73	7.13	36716	2.62	300011	鼎汉技术	SZ	6.97	2.56	
462	2012-07-18	7.25	7.25	6.89	7.13	32955	2.62	300011	鼎汉技术	SZ	7.13	2.62	
461	2012-07-19	7.32	7.32	7.01	7.03	42521	2.58	300011	鼎汉技术	SZ	7.13	2.62	
460	2012-07-20	6.86	6.95	6.8	6.82	29599	2.51	300011	鼎汉技术	SZ	7.03	2.58	
459	2012-07-23	6.77	6.77	6.53	6.56	21012	2.41	300011	鼎汉技术	SZ	6.82	2.51	
458	2012-07-24	6.51	6.7	6.51	6.61	15097	2.43	300011	鼎汉技术	SZ	6.56	2.41	
457	2012-07-25	6.72	6.73	6.61	6.63	12721	2.44	300011	鼎汉技术	SZ	6.61	2.43	
456	2012-07-26	6.55	6.75	6.53	6.55	13304	2.41	300011	鼎汉技术	SZ	6.63	2.44	
455	2012-07-27	6.56	6.65	6.52	6.65	11790	2.44	300011	鼎汉技术	SZ	6.55	2.41	
454	2012-07-30	6.77	6.83	6.45	6.53	14809	2.4	300011	鼎汉技术	SZ	6.65	2.44	
453	2012-07-31	6.66	7	6.56	6.72	35018	2.47	300011	鼎汉技术	SZ	6.53	2.4	
452	2012-08-01	6.72	7.17	6.67	7.03	44244	2.58	300011	鼎汉技术	SZ	6.72	2.47	
451	2012-08-02	6.88	7.01	6.67	6.83	28936	2.51	300011	鼎汉技术	SZ	7.03	2.58	
450	2012-08-03	6.87	6.96	6.74	6.96	26351	2.56	300011	鼎汉技术	SZ	6.83	2.51	
449	2012-08-06	6.89	7.13	6.85	7.05	28902	2.59	300011	鼎汉技术	SZ	6.96	2.56	
448	2012-08-07	7.07	7.08	6.9	7.05	21325	2.59	300011	鼎汉技术	SZ	7.05	2.59	
447	2012-08-08	7.05	7.2	6.93	7.13	33224	2.62	300011	鼎汉技术	SZ	7.05	2.59	
446	2012-08-09	7.13	7.13	6.97	7.08	23203	2.6	300011	鼎汉技术	SZ	7.13	2.62	
445	2012-08-10	7.08	7.08	6.91	7	23279	2.57	300011	鼎汉技术	SZ	7.08	2.6	
444	2012-08-13	6.99	6.99	6.68	6.7	16172	2.46	300011	鼎汉技术	SZ	7	2.57	
443	2012-08-14	6.7	6.82	6.57	6.77	18596	2.49	300011	鼎汉技术	SZ	6.7	2.46	
442	2012-08-15	6.73	6.77	6.61	6.63	9301	2.44	300011	鼎汉技术	SZ	6.77	2.49	
441	2012-08-16	6.62	6.67	6.55	6.63	8444	2.44	300011	鼎汉技术	SZ	6.63	2.44	
440	2012-08-17	6.75	6.75	6.57	6.71	8782	2.47	300011	鼎汉技术	SZ	6.63	2.44	
439	2012-08-20	6.71	6.73	6.61	6.72	9633	2.47	300011	鼎汉技术	SZ	6.71	2.47	
438	2012-08-21	6.72	6.85	6.69	6.84	20231	2.52	300011	鼎汉技术	SZ	6.72	2.47	
437	2012-08-22	6.77	6.85	6.71	6.73	13190	2.47	300011	鼎汉技术	SZ	6.84	2.52	
436	2012-08-23	6.73	6.92	6.71	6.81	21824	2.5	300011	鼎汉技术	SZ	6.73	2.47	
435	2012-08-24	6.81	6.85	6.61	6.61	18819	2.43	300011	鼎汉技术	SZ	6.81	2.5	
434	2012-08-27	6.57	6.65	6.29	6.29	20133	2.31	300011	鼎汉技术	SZ	6.61	2.43	
433	2012-08-28	6.29	6.38	6.27	6.35	10452	2.33	300011	鼎汉技术	SZ	6.29	2.31	
432	2012-08-29	6.37	6.37	6.13	6.17	13507	2.27	300011	鼎汉技术	SZ	6.35	2.33	
431	2012-08-30	6.18	6.25	5.62	5.83	27243	2.14	300011	鼎汉技术	SZ	6.17	2.27	
430	2012-08-31	5.83	5.93	5.79	5.85	10729	2.15	300011	鼎汉技术	SZ	5.83	2.14	
429	2012-09-03	5.66	5.96	5.63	5.89	9095	2.17	300011	鼎汉技术	SZ	5.85	2.15	
428	2012-09-04	5.85	5.92	5.79	5.82	9230	2.14	300011	鼎汉技术	SZ	5.89	2.17	
427	2012-09-05	5.85	6.4	5.69	6.4	50108	2.35	300011	鼎汉技术	SZ	5.82	2.14	
426	2012-09-06	7.04	7.04	7.04	7.04	20191	2.59	300011	鼎汉技术	SZ	6.4	2.35	
425	2012-09-07	7.75	7.75	7.75	7.75	31548	2.85	300011	鼎汉技术	SZ	7.04	2.59	
424	2012-09-10	8.52	8.52	8.52	8.52	49855	3.13	300011	鼎汉技术	SZ	7.75	2.85	
423	2012-09-11	9.37	9.37	9.34	9.37	331473	3.45	300011	鼎汉技术	SZ	8.52	3.13	
422	2012-09-12	9.33	10.1	9.18	9.7	455141	3.57	300011	鼎汉技术	SZ	9.37	3.45	
421	2012-09-13	9.47	9.69	9.28	9.34	256882	3.44	300011	鼎汉技术	SZ	9.7	3.57	
420	2012-09-14	9.25	9.85	8.88	9.4	316292	3.46	300011	鼎汉技术	SZ	9.34	3.44	
419	2012-09-17	9.12	9.19	8.57	8.67	194608	3.19	300011	鼎汉技术	SZ	9.4	3.46	
418	2012-09-18	8.65	8.92	8.53	8.76	169362	3.22	300011	鼎汉技术	SZ	8.67	3.19	
417	2012-09-19	8.71	8.87	8.35	8.45	203324	3.11	300011	鼎汉技术	SZ	8.76	3.22	
416	2012-09-20	8.33	8.41	8.13	8.27	163355	3.04	300011	鼎汉技术	SZ	8.45	3.11	
415	2012-09-21	8.32	8.33	7.72	7.81	162370	2.87	300011	鼎汉技术	SZ	8.27	3.04	
414	2012-09-24	7.7	8.59	7.7	8.59	192661	3.16	300011	鼎汉技术	SZ	7.81	2.87	
413	2012-09-25	8.59	8.59	8	8.15	181376	3	300011	鼎汉技术	SZ	8.59	3.16	
412	2012-09-26	8	8.1	7.66	7.66	124482	2.82	300011	鼎汉技术	SZ	8.15	3	
411	2012-09-27	7.53	7.93	7.52	7.7	105039	2.83	300011	鼎汉技术	SZ	7.66	2.82	
410	2012-09-28	7.63	7.91	7.59	7.82	96808	2.88	300011	鼎汉技术	SZ	7.7	2.83	
404	2012-10-08	7.8	7.91	7.71	7.91	80053	2.91	300011	鼎汉技术	SZ	7.82	2.88	
403	2012-10-09	7.97	8.71	7.93	8.71	180776	3.2	300011	鼎汉技术	SZ	7.91	2.91	
402	2012-10-10	8.92	9.53	8.75	9.33	331528	3.43	300011	鼎汉技术	SZ	8.71	3.2	
401	2012-10-11	9.21	9.21	8.57	8.68	190801	3.19	300011	鼎汉技术	SZ	9.33	3.43	
400	2012-10-12	8.79	9.33	8.75	8.9	208637	3.27	300011	鼎汉技术	SZ	8.68	3.19	
399	2012-10-15	8.33	8.33	8.01	8.01	148001	2.95	300011	鼎汉技术	SZ	8.9	3.27	
398	2012-10-16	7.93	7.98	7.71	7.79	109947	2.87	300011	鼎汉技术	SZ	8.01	2.95	
397	2012-10-17	7.83	8.17	7.83	7.95	84883	2.93	300011	鼎汉技术	SZ	7.79	2.87	
396	2012-10-18	7.93	8.25	7.81	8.12	96786	2.99	300011	鼎汉技术	SZ	7.95	2.93	
395	2012-10-19	8.11	8.43	8.01	8.18	79470	3.01	300011	鼎汉技术	SZ	8.12	2.99	
394	2012-10-22	8.09	8.18	7.85	8.15	58736	3	300011	鼎汉技术	SZ	8.18	3.01	
393	2012-10-23	8.32	8.92	8.21	8.27	123046	3.04	300011	鼎汉技术	SZ	8.15	3	
392	2012-10-24	7.99	8.38	7.87	8.33	80591	3.07	300011	鼎汉技术	SZ	8.27	3.04	
391	2012-10-25	8.2	8.23	7.85	7.85	62821	2.89	300011	鼎汉技术	SZ	8.33	3.07	
390	2012-10-26	7.72	7.85	7.34	7.34	69944	2.7	300011	鼎汉技术	SZ	7.85	2.89	
389	2012-10-29	7.33	7.33	6.87	6.99	71103	2.57	300011	鼎汉技术	SZ	7.34	2.7	
388	2012-10-30	7.02	7.16	6.95	7.12	40913	2.62	300011	鼎汉技术	SZ	6.99	2.57	
387	2012-10-31	7.09	7.63	7.05	7.43	84277	2.73	300011	鼎汉技术	SZ	7.12	2.62	
386	2012-11-01	7.29	7.5	7.25	7.43	72497	2.73	300011	鼎汉技术	SZ	7.43	2.73	
385	2012-11-02	7.41	7.5	7.32	7.35	36733	2.7	300011	鼎汉技术	SZ	7.43	2.73	
384	2012-11-05	7.35	7.56	7.3	7.39	37658	2.72	300011	鼎汉技术	SZ	7.35	2.7	
383	2012-11-06	7.35	7.43	6.94	7.17	50497	2.64	300011	鼎汉技术	SZ	7.39	2.72	
382	2012-11-07	7.13	7.29	7	7.25	40794	2.67	300011	鼎汉技术	SZ	7.17	2.64	
381	2012-11-08	7.13	7.63	7.07	7.25	92808	2.67	300011	鼎汉技术	SZ	7.25	2.67	
380	2012-11-09	7.01	7.72	7.01	7.43	116688	2.73	300011	鼎汉技术	SZ	7.25	2.67	
379	2012-11-12	7.33	7.65	7.3	7.51	71905	2.76	300011	鼎汉技术	SZ	7.43	2.73	
378	2012-11-13	7.45	7.47	7.07	7.09	62245	2.61	300011	鼎汉技术	SZ	7.51	2.76	
377	2012-11-14	7.04	7.21	6.92	7.01	39088	2.58	300011	鼎汉技术	SZ	7.09	2.61	
376	2012-11-15	6.93	7.09	6.88	6.88	24782	2.53	300011	鼎汉技术	SZ	7.01	2.58	
375	2012-11-16	6.8	7.01	6.79	6.88	37425	2.53	300011	鼎汉技术	SZ	6.88	2.53	
374	2012-11-19	6.89	6.96	6.8	6.94	23836	2.55	300011	鼎汉技术	SZ	6.88	2.53	
373	2012-11-20	6.98	7.03	6.81	6.82	27784	2.51	300011	鼎汉技术	SZ	6.94	2.55	
372	2012-11-21	6.91	6.92	6.69	6.91	26691	2.54	300011	鼎汉技术	SZ	6.82	2.51	
371	2012-11-22	6.99	6.99	6.69	6.76	18555	2.49	300011	鼎汉技术	SZ	6.91	2.54	
370	2012-11-23	6.76	6.87	6.7	6.73	19479	2.48	300011	鼎汉技术	SZ	6.76	2.49	
369	2012-11-26	6.73	6.79	6.53	6.6	28428	2.43	300011	鼎汉技术	SZ	6.73	2.48	
368	2012-11-27	6.76	7.05	6.71	6.79	89050	2.5	300011	鼎汉技术	SZ	6.6	2.43	
367	2012-11-28	6.53	6.54	6.11	6.2	56005	2.28	300011	鼎汉技术	SZ	6.79	2.5	
366	2012-11-29	6.12	6.4	6.09	6.09	38650	2.24	300011	鼎汉技术	SZ	6.2	2.28	
365	2012-11-30	6.09	6.3	6	6.25	40718	2.3	300011	鼎汉技术	SZ	6.09	2.24	
364	2012-12-03	6.25	6.3	5.92	5.98	28358	2.2	300011	鼎汉技术	SZ	6.25	2.3	
363	2012-12-04	5.99	6.58	5.99	6.58	77494	2.42	300011	鼎汉技术	SZ	5.98	2.2	
362	2012-12-05	6.66	6.95	6.65	6.91	147228	2.54	300011	鼎汉技术	SZ	6.58	2.42	
361	2012-12-06	6.83	7.2	6.79	6.79	105675	2.5	300011	鼎汉技术	SZ	6.91	2.54	
360	2012-12-07	6.69	6.95	6.68	6.88	91786	2.53	300011	鼎汉技术	SZ	6.79	2.5	
359	2012-12-10	6.87	7.56	6.87	7.4	173610	2.72	300011	鼎汉技术	SZ	6.88	2.53	
358	2012-12-11	7.46	7.46	7.07	7.17	103764	2.64	300011	鼎汉技术	SZ	7.4	2.72	
357	2012-12-12	7.12	7.67	7.12	7.35	119988	2.7	300011	鼎汉技术	SZ	7.17	2.64	
356	2012-12-13	7.26	7.29	6.95	7.02	72020	2.58	300011	鼎汉技术	SZ	7.35	2.7	
355	2012-12-14	6.93	7.48	6.92	7.29	106706	2.68	300011	鼎汉技术	SZ	7.02	2.58	
354	2012-12-17	7.27	7.57	7.17	7.28	91803	2.68	300011	鼎汉技术	SZ	7.29	2.68	
353	2012-12-18	7.31	7.45	7.13	7.23	86096	2.66	300011	鼎汉技术	SZ	7.28	2.68	
352	2012-12-19	7.2	7.77	7.14	7.44	167948	2.74	300011	鼎汉技术	SZ	7.23	2.66	
351	2012-12-20	7.34	7.41	7.17	7.39	112920	2.72	300011	鼎汉技术	SZ	7.44	2.74	
350	2012-12-21	7.6	7.76	7.41	7.45	159638	2.74	300011	鼎汉技术	SZ	7.39	2.72	
349	2012-12-24	7.27	7.43	7.25	7.36	78010	2.71	300011	鼎汉技术	SZ	7.45	2.74	
348	2012-12-25	7.36	7.73	7.27	7.58	120020	2.79	300011	鼎汉技术	SZ	7.36	2.71	
347	2012-12-26	7.61	7.86	7.51	7.76	130692	2.85	300011	鼎汉技术	SZ	7.58	2.79	
346	2012-12-27	7.74	8.14	7.46	7.47	180120	2.75	300011	鼎汉技术	SZ	7.76	2.85	
345	2012-12-28	7.36	7.53	7.2	7.52	131994	2.77	300011	鼎汉技术	SZ	7.47	2.75	
344	2012-12-31	7.51	7.51	7.35	7.41	72461	2.72	300011	鼎汉技术	SZ	7.52	2.77	
340	2013-01-04	7.41	7.93	7.35	7.82	150520	2.88	300011	鼎汉技术	SZ	7.41	2.72	
339	2013-01-07	7.73	8.04	7.57	7.99	125994	2.94	300011	鼎汉技术	SZ	7.82	2.88	
338	2013-01-08	7.83	7.9	7.67	7.86	115136	2.89	300011	鼎汉技术	SZ	7.99	2.94	
337	2013-01-09	7.75	7.99	7.67	7.73	85103	2.84	300011	鼎汉技术	SZ	7.86	2.89	
336	2013-01-10	7.74	7.91	7.66	7.84	73814	2.88	300011	鼎汉技术	SZ	7.73	2.84	
335	2013-01-11	7.87	8.13	7.76	8.1	154366	2.98	300011	鼎汉技术	SZ	7.84	2.88	
334	2013-01-14	8.04	8.47	7.84	8.47	170811	3.11	300011	鼎汉技术	SZ	8.1	2.98	
333	2013-01-15	8.4	9.2	8.35	8.67	183353	3.19	300011	鼎汉技术	SZ	8.47	3.11	
332	2013-01-16	8.67	8.67	8.28	8.39	109958	3.08	300011	鼎汉技术	SZ	8.67	3.19	
331	2013-01-17	8.4	8.6	8.27	8.45	89450	3.11	300011	鼎汉技术	SZ	8.39	3.08	
330	2013-01-18	8.54	8.6	8.23	8.38	74821	3.08	300011	鼎汉技术	SZ	8.45	3.11	
329	2013-01-21	8.39	8.44	8.17	8.22	72371	3.02	300011	鼎汉技术	SZ	8.38	3.08	
328	2013-01-22	8.25	8.27	7.93	8.04	61327	2.96	300011	鼎汉技术	SZ	8.22	3.02	
327	2013-01-23	8.03	8.19	7.97	8.13	47341	2.99	300011	鼎汉技术	SZ	8.04	2.96	
326	2013-01-24	8.15	8.25	7.53	7.73	69518	2.84	300011	鼎汉技术	SZ	8.13	2.99	
325	2013-01-25	7.7	7.75	7.49	7.54	58564	2.77	300011	鼎汉技术	SZ	7.73	2.84	
324	2013-01-28	7.61	7.77	7.54	7.76	48875	2.85	300011	鼎汉技术	SZ	7.54	2.77	
323	2013-01-29	7.84	7.97	7.75	7.8	46680	2.87	300011	鼎汉技术	SZ	7.76	2.85	
322	2013-01-30	7.85	7.9	7.59	7.84	51967	2.88	300011	鼎汉技术	SZ	7.8	2.87	
321	2013-01-31	7.81	7.84	7.69	7.72	28676	2.84	300011	鼎汉技术	SZ	7.84	2.88	
320	2013-02-01	7.72	7.9	7.69	7.87	40815	2.89	300011	鼎汉技术	SZ	7.72	2.84	
319	2013-02-04	7.87	7.97	7.75	7.83	32097	2.88	300011	鼎汉技术	SZ	7.87	2.89	
318	2013-02-05	7.79	8.4	7.77	8.2	104176	3.02	300011	鼎汉技术	SZ	7.83	2.88	
317	2013-02-06	8.25	8.45	8.1	8.13	82410	2.99	300011	鼎汉技术	SZ	8.2	3.02	
316	2013-02-07	8.1	8.43	8.05	8.29	104714	3.05	300011	鼎汉技术	SZ	8.13	2.99	
315	2013-02-08	8.24	8.47	8.23	8.26	66385	3.04	300011	鼎汉技术	SZ	8.29	3.05	
309	2013-02-18	8.33	8.4	8.21	8.31	49474	3.06	300011	鼎汉技术	SZ	8.26	3.04	
308	2013-02-19	8.27	8.55	8.27	8.31	83390	3.06	300011	鼎汉技术	SZ	8.31	3.06	
307	2013-02-20	8.33	8.41	8.15	8.39	63317	3.08	300011	鼎汉技术	SZ	8.31	3.06	
306	2013-02-21	8.37	8.79	8.27	8.6	141511	3.16	300011	鼎汉技术	SZ	8.39	3.08	
305	2013-02-22	8.55	8.65	8.3	8.45	75421	3.11	300011	鼎汉技术	SZ	8.6	3.16	
304	2013-02-25	8.36	8.82	8.36	8.7	134100	3.2	300011	鼎汉技术	SZ	8.45	3.11	
303	2013-02-26	8.71	8.71	8.34	8.35	101068	3.07	300011	鼎汉技术	SZ	8.7	3.2	
302	2013-02-27	8.32	8.39	8.15	8.29	73746	3.05	300011	鼎汉技术	SZ	8.35	3.07	
301	2013-02-28	8.28	8.42	8.21	8.4	57763	3.09	300011	鼎汉技术	SZ	8.29	3.05	
300	2013-03-01	8.39	8.65	8.33	8.63	91317	3.18	300011	鼎汉技术	SZ	8.4	3.09	
299	2013-03-04	8.6	8.62	8.34	8.38	55333	3.08	300011	鼎汉技术	SZ	8.63	3.18	
298	2013-03-05	8.4	9.05	8.38	8.9	146963	3.27	300011	鼎汉技术	SZ	8.38	3.08	
297	2013-03-06	8.83	9.19	8.77	9.17	136135	3.37	300011	鼎汉技术	SZ	8.9	3.27	
296	2013-03-07	9.13	9.4	9.06	9.2	123735	3.38	300011	鼎汉技术	SZ	9.17	3.37	
295	2013-03-08	9.42	9.54	9.01	9.03	110232	3.32	300011	鼎汉技术	SZ	9.2	3.38	
294	2013-03-11	8.95	9.12	8.8	8.84	66466	3.25	300011	鼎汉技术	SZ	9.03	3.32	
293	2013-03-12	8.8	9.35	8.57	8.78	98530	4.86	300011	鼎汉技术	SZ	8.84	3.25	
292	2013-03-13	8.78	8.88	8.39	8.45	57239	4.68	300011	鼎汉技术	SZ	8.78	4.86	
291	2013-03-14	8.48	8.69	8.41	8.56	36560	4.74	300011	鼎汉技术	SZ	8.45	4.68	
290	2013-03-15	8.64	8.9	8.45	8.68	50482	4.81	300011	鼎汉技术	SZ	8.56	4.74	
289	2013-03-18	8.58	8.91	8.5	8.82	46183	4.88	300011	鼎汉技术	SZ	8.68	4.81	
288	2013-03-19	8.86	8.86	8.3	8.41	58312	4.66	300011	鼎汉技术	SZ	8.82	4.88	
287	2013-03-20	8.4	8.67	8.33	8.66	84891	4.8	300011	鼎汉技术	SZ	8.41	4.66	
286	2013-03-21	8.6	9.48	8.46	9.19	151087	5.09	300011	鼎汉技术	SZ	8.66	4.8	
285	2013-03-22	9.09	9.15	8.95	9.02	83087	5	300011	鼎汉技术	SZ	9.19	5.09	
284	2013-03-25	9.03	9.23	8.93	9.04	60547	5.01	300011	鼎汉技术	SZ	9.02	5	
283	2013-03-26	9	9.28	8.98	9.17	86306	5.08	300011	鼎汉技术	SZ	9.04	5.01	
282	2013-03-27	9.17	9.45	9.11	9.27	72679	5.13	300011	鼎汉技术	SZ	9.17	5.08	
281	2013-03-28	9.28	9.28	8.93	8.95	59324	4.96	300011	鼎汉技术	SZ	9.27	5.13	
280	2013-03-29	8.89	9.07	8.61	8.67	48853	4.8	300011	鼎汉技术	SZ	8.95	4.96	
279	2013-04-01	8.67	9.14	8.62	8.94	40621	4.95	300011	鼎汉技术	SZ	8.67	4.8	
278	2013-04-02	8.92	9.22	8.66	8.8	44887	4.87	300011	鼎汉技术	SZ	8.94	4.95	
277	2013-04-03	8.7	8.78	8.3	8.58	53673	4.75	300011	鼎汉技术	SZ	8.8	4.87	
274	2013-04-08	8.36	8.74	8.3	8.7	28593	4.82	300011	鼎汉技术	SZ	8.58	4.75	
273	2013-04-09	8.65	8.88	8.65	8.8	30521	4.87	300011	鼎汉技术	SZ	8.7	4.82	
272	2013-04-10	8.8	8.92	8.71	8.9	29725	4.93	300011	鼎汉技术	SZ	8.8	4.87	
271	2013-04-11	9.12	9.4	8.9	8.94	43662	4.95	300011	鼎汉技术	SZ	8.9	4.93	
270	2013-04-12	9	9.28	8.85	9.19	64626	5.09	300011	鼎汉技术	SZ	8.94	4.95	
269	2013-04-15	9.27	9.27	8.91	9.05	40098	5.01	300011	鼎汉技术	SZ	9.19	5.09	
268	2013-04-16	8.95	9.35	8.7	9.35	46894	5.18	300011	鼎汉技术	SZ	9.05	5.01	
267	2013-04-17	9.3	9.44	9.23	9.38	40494	5.19	300011	鼎汉技术	SZ	9.35	5.18	
266	2013-04-18	9.33	9.39	9.16	9.31	44946	5.16	300011	鼎汉技术	SZ	9.38	5.19	
265	2013-04-19	9.3	9.71	9.22	9.65	88732	5.34	300011	鼎汉技术	SZ	9.31	5.16	
264	2013-04-22	9.62	9.78	9.4	9.68	60288	5.36	300011	鼎汉技术	SZ	9.65	5.34	
263	2013-04-23	9.72	9.78	9.34	9.52	54217	5.27	300011	鼎汉技术	SZ	9.68	5.36	
262	2013-04-24	9.48	9.74	9.23	9.68	93277	5.36	300011	鼎汉技术	SZ	9.52	5.27	
261	2013-04-25	9.68	10.06	9.53	9.72	92187	5.38	300011	鼎汉技术	SZ	9.68	5.36	
260	2013-04-26	9.72	9.79	9.26	9.31	61075	5.16	300011	鼎汉技术	SZ	9.72	5.38	
256	2013-05-02	9.32	9.39	9.17	9.33	34291	5.17	300011	鼎汉技术	SZ	9.31	5.16	
255	2013-05-03	9.44	9.85	9.43	9.78	87403	5.42	300011	鼎汉技术	SZ	9.33	5.17	
254	2013-05-06	9.73	10.23	9.73	10.15	107079	5.62	300011	鼎汉技术	SZ	9.78	5.42	
253	2013-05-07	10.2	10.21	9.9	10.04	68528	5.56	300011	鼎汉技术	SZ	10.15	5.62	
252	2013-05-08	10.06	10.48	9.98	10.3	110103	5.7	300011	鼎汉技术	SZ	10.04	5.56	
251	2013-05-09	10.32	10.32	9.98	10.3	75239	5.7	300011	鼎汉技术	SZ	10.3	5.7	
250	2013-05-10	10.23	10.27	9.88	10.03	67870	5.55	300011	鼎汉技术	SZ	10.3	5.7	
232	2013-06-05	9.8	9.8	9.11	9.34	94834	5.17	300011	鼎汉技术	SZ	10.03	5.55	
231	2013-06-06	9.3	9.62	9.21	9.44	64450	5.23	300011	鼎汉技术	SZ	9.34	5.17	
230	2013-06-07	9.3	9.44	8.8	8.95	67628	4.96	300011	鼎汉技术	SZ	9.44	5.23	
226	2013-06-13	8.95	8.95	8.22	8.66	46808	4.8	300011	鼎汉技术	SZ	8.95	4.96	
225	2013-06-14	8.57	8.95	8.57	8.86	35887	4.91	300011	鼎汉技术	SZ	8.66	4.8	
224	2013-06-17	8.8	9.54	8.76	9.22	68765	5.11	300011	鼎汉技术	SZ	8.86	4.91	
223	2013-06-18	9.14	9.21	8.81	8.98	54981	4.97	300011	鼎汉技术	SZ	9.22	5.11	
222	2013-06-19	9.09	9.31	8.76	9.23	46612	5.11	300011	鼎汉技术	SZ	8.98	4.97	
221	2013-06-20	9.24	9.85	9.12	9.4	100584	5.21	300011	鼎汉技术	SZ	9.23	5.11	
220	2013-06-21	9.21	9.57	8.8	9.29	65609	5.14	300011	鼎汉技术	SZ	9.4	5.21	
219	2013-06-24	9.17	9.69	8.88	9.27	84484	5.13	300011	鼎汉技术	SZ	9.29	5.14	
218	2013-06-25	9.27	9.36	8.34	9.21	75276	5.1	300011	鼎汉技术	SZ	9.27	5.13	
217	2013-06-26	9.1	9.79	8.93	9.78	101020	5.42	300011	鼎汉技术	SZ	9.21	5.1	
216	2013-06-27	9.78	9.94	9.43	9.88	116698	5.47	300011	鼎汉技术	SZ	9.78	5.42	
215	2013-06-28	9.63	10.4	9.62	10.02	132379	5.55	300011	鼎汉技术	SZ	9.88	5.47	
214	2013-07-01	10.12	11.02	10.03	11.02	192622	6.1	300011	鼎汉技术	SZ	10.02	5.55	
213	2013-07-02	11.24	11.67	11.01	11.1	237213	6.15	300011	鼎汉技术	SZ	11.02	6.1	
212	2013-07-03	10.93	11.59	10.82	11.39	173410	6.31	300011	鼎汉技术	SZ	11.1	6.15	
211	2013-07-04	11.28	11.36	10.71	10.8	149741	5.98	300011	鼎汉技术	SZ	11.39	6.31	
210	2013-07-05	10.79	10.96	10.34	10.49	119466	5.81	300011	鼎汉技术	SZ	10.8	5.98	
209	2013-07-08	10.13	10.35	9.81	9.87	78053	5.47	300011	鼎汉技术	SZ	10.49	5.81	
208	2013-07-09	9.99	10.13	9.85	9.9	71212	5.48	300011	鼎汉技术	SZ	9.87	5.47	
207	2013-07-10	9.95	10.32	9.92	10.27	93125	5.69	300011	鼎汉技术	SZ	9.9	5.48	
206	2013-07-11	10.27	10.68	10.23	10.54	102289	5.84	300011	鼎汉技术	SZ	10.27	5.69	
205	2013-07-12	10.75	11.06	10.41	10.43	99020	5.78	300011	鼎汉技术	SZ	10.54	5.84	
204	2013-07-15	10.36	10.96	10.31	10.9	94512	6.04	300011	鼎汉技术	SZ	10.43	5.78	
203	2013-07-16	10.93	11.58	10.75	11.35	154836	6.29	300011	鼎汉技术	SZ	10.9	6.04	
202	2013-07-17	11.34	11.94	11.08	11.46	154605	6.35	300011	鼎汉技术	SZ	11.35	6.29	
201	2013-07-18	11.4	11.43	11.06	11.2	117529	6.2	300011	鼎汉技术	SZ	11.46	6.35	
200	2013-07-19	11.19	11.4	10.58	10.58	119109	5.86	300011	鼎汉技术	SZ	11.2	6.2	
199	2013-07-22	10.41	11.39	10.3	11.36	99255	6.29	300011	鼎汉技术	SZ	10.58	5.86	
198	2013-07-23	11.24	12.15	11.2	12.02	178254	6.66	300011	鼎汉技术	SZ	11.36	6.29	
197	2013-07-24	12	12.38	11.7	12.03	180506	6.66	300011	鼎汉技术	SZ	12.02	6.66	
196	2013-07-25	12.58	13.23	12.41	12.52	272910	6.93	300011	鼎汉技术	SZ	12.03	6.66	
195	2013-07-26	12.55	12.85	11.84	12.07	170906	6.68	300011	鼎汉技术	SZ	12.52	6.93	
194	2013-07-29	11.84	11.84	11.29	11.39	95658	6.31	300011	鼎汉技术	SZ	12.07	6.68	
193	2013-07-30	11.45	12.35	11.11	12.35	150338	6.84	300011	鼎汉技术	SZ	11.39	6.31	
192	2013-07-31	12.4	12.66	12.03	12.16	105638	6.73	300011	鼎汉技术	SZ	12.35	6.84	
191	2013-08-01	12.38	12.66	12.03	12.52	143828	6.93	300011	鼎汉技术	SZ	12.16	6.73	
190	2013-08-02	12.58	12.79	12.26	12.28	127372	6.8	300011	鼎汉技术	SZ	12.52	6.93	
189	2013-08-05	12.35	12.63	12.16	12.48	72209	6.91	300011	鼎汉技术	SZ	12.28	6.8	
188	2013-08-06	12.75	12.75	12.06	12.16	102825	6.73	300011	鼎汉技术	SZ	12.48	6.91	
187	2013-08-07	12.1	12.13	11.72	11.77	73937	6.52	300011	鼎汉技术	SZ	12.16	6.73	
186	2013-08-08	11.88	12	11.71	11.82	60481	6.55	300011	鼎汉技术	SZ	11.77	6.52	
185	2013-08-09	11.86	11.95	11.28	11.41	82972	6.32	300011	鼎汉技术	SZ	11.82	6.55	
184	2013-08-12	11.4	11.77	11.17	11.74	80795	6.5	300011	鼎汉技术	SZ	11.41	6.32	
183	2013-08-13	12.02	12.22	11.8	12.08	119913	6.69	300011	鼎汉技术	SZ	11.74	6.5	
182	2013-08-14	12.23	12.24	11.85	11.87	83685	6.57	300011	鼎汉技术	SZ	12.08	6.69	
181	2013-08-15	11.9	12.14	11.68	11.81	79635	6.54	300011	鼎汉技术	SZ	11.87	6.57	
180	2013-08-16	11.87	11.91	11.22	11.3	74832	6.26	300011	鼎汉技术	SZ	11.81	6.54	
179	2013-08-19	11.27	11.61	11.06	11.57	50141	6.41	300011	鼎汉技术	SZ	11.3	6.26	
178	2013-08-20	11.95	12.29	11.69	11.77	121649	6.52	300011	鼎汉技术	SZ	11.57	6.41	
177	2013-08-21	11.63	11.8	11.46	11.73	67296	6.5	300011	鼎汉技术	SZ	11.77	6.52	
176	2013-08-22	11.88	11.92	11.64	11.78	57237	6.52	300011	鼎汉技术	SZ	11.73	6.5	
175	2013-08-23	11.97	12.35	11.73	12	128157	6.65	300011	鼎汉技术	SZ	11.78	6.52	
174	2013-08-26	12.05	12.49	12	12.47	119184	6.91	300011	鼎汉技术	SZ	12	6.65	
173	2013-08-27	12.47	12.56	12.07	12.48	103746	6.91	300011	鼎汉技术	SZ	12.47	6.91	
172	2013-08-28	12.3	12.3	11.9	11.94	95491	6.61	300011	鼎汉技术	SZ	12.48	6.91	
171	2013-08-29	11.8	12.06	11.41	11.56	56446	6.4	300011	鼎汉技术	SZ	11.94	6.61	
170	2013-08-30	11.38	11.69	11.16	11.22	50229	6.21	300011	鼎汉技术	SZ	11.56	6.4	
169	2013-09-02	11.09	11.66	11.08	11.65	35892	6.45	300011	鼎汉技术	SZ	11.22	6.21	
168	2013-09-03	11.66	11.73	11.47	11.55	37231	6.4	300011	鼎汉技术	SZ	11.65	6.45	
167	2013-09-04	11.72	11.94	11.46	11.71	53545	6.48	300011	鼎汉技术	SZ	11.55	6.4	
166	2013-09-05	11.68	11.89	11.55	11.78	45751	6.52	300011	鼎汉技术	SZ	11.71	6.48	
165	2013-09-06	11.84	12.19	11.71	12.12	74253	6.71	300011	鼎汉技术	SZ	11.78	6.52	
164	2013-09-09	12.12	12.27	11.63	11.65	90585	6.45	300011	鼎汉技术	SZ	12.12	6.71	
163	2013-09-10	11.71	11.75	11.38	11.55	82610	6.4	300011	鼎汉技术	SZ	11.65	6.45	
162	2013-09-11	11.48	11.71	11.31	11.7	54404	6.48	300011	鼎汉技术	SZ	11.55	6.4	
161	2013-09-12	11.61	11.79	11.37	11.51	47294	6.37	300011	鼎汉技术	SZ	11.7	6.48	
160	2013-09-13	11.5	11.6	11.25	11.43	36834	6.33	300011	鼎汉技术	SZ	11.51	6.37	
159	2013-09-16	11.41	11.74	11.41	11.71	73158	6.48	300011	鼎汉技术	SZ	11.43	6.33	
158	2013-09-17	11.88	11.89	11.42	11.47	87214	6.35	300011	鼎汉技术	SZ	11.71	6.48	
157	2013-09-18	11.5	11.5	11.3	11.42	47070	6.32	300011	鼎汉技术	SZ	11.47	6.35	
155	2013-09-23	11.47	11.5	11.31	11.42	49590	6.32	300011	鼎汉技术	SZ	11.42	6.32	
154	2013-09-24	11.51	11.75	11.4	11.44	86107	6.34	300011	鼎汉技术	SZ	11.42	6.32	
153	2013-09-25	11.59	12.02	11.5	11.99	128314	6.64	300011	鼎汉技术	SZ	11.44	6.34	
152	2013-09-26	12	12.01	11.52	11.63	82524	6.44	300011	鼎汉技术	SZ	11.99	6.64	
151	2013-09-27	11.77	11.77	11.28	11.31	61115	6.26	300011	鼎汉技术	SZ	11.63	6.44	
150	2013-09-30	11.47	11.48	11.29	11.37	39588	6.3	300011	鼎汉技术	SZ	11.31	6.26	
144	2013-10-08	11.38	11.38	10.51	11.07	122986	6.13	300011	鼎汉技术	SZ	11.37	6.3	
143	2013-10-09	10.89	11.2	10.86	11.15	121979	6.17	300011	鼎汉技术	SZ	11.07	6.13	
142	2013-10-10	11.15	11.19	10.9	10.96	74438	6.07	300011	鼎汉技术	SZ	11.15	6.17	
141	2013-10-11	10.96	11.07	10.94	11.06	55953	6.12	300011	鼎汉技术	SZ	10.96	6.07	
140	2013-10-14	11.5	12.17	11.44	12.17	252196	6.74	300011	鼎汉技术	SZ	11.06	6.12	
139	2013-10-15	12.58	13.28	12.27	12.68	331594	7.02	300011	鼎汉技术	SZ	12.17	6.74	
138	2013-10-16	12.39	12.59	11.9	12.27	169134	6.79	300011	鼎汉技术	SZ	12.68	7.02	
137	2013-10-17	12.35	12.58	12.14	12.3	122151	6.81	300011	鼎汉技术	SZ	12.27	6.79	
136	2013-10-18	12.5	13.08	12.35	12.59	159591	6.97	300011	鼎汉技术	SZ	12.3	6.81	
135	2013-10-21	12.78	13.05	12.11	12.98	191992	7.19	300011	鼎汉技术	SZ	12.59	6.97	
134	2013-10-22	12.85	13.9	12.71	13.28	214816	7.35	300011	鼎汉技术	SZ	12.98	7.19	
133	2013-10-23	13.2	13.83	13	13.21	159981	7.32	300011	鼎汉技术	SZ	13.28	7.35	
132	2013-10-24	13.1	13.56	12.71	13.09	144561	7.25	300011	鼎汉技术	SZ	13.21	7.32	
131	2013-10-25	13.27	13.27	12.3	13.14	163200	7.28	300011	鼎汉技术	SZ	13.09	7.25	
130	2013-10-28	13.18	13.37	12.58	12.58	103761	6.97	300011	鼎汉技术	SZ	13.14	7.28	
129	2013-10-29	12.4	12.57	11.32	12.11	133177	6.71	300011	鼎汉技术	SZ	12.58	6.97	
128	2013-10-30	12.2	12.76	12	12.4	114486	6.87	300011	鼎汉技术	SZ	12.11	6.71	
127	2013-10-31	12.28	12.42	11.9	12.13	71764	6.72	300011	鼎汉技术	SZ	12.4	6.87	
126	2013-11-01	12.04	12.62	12	12.08	60280	6.69	300011	鼎汉技术	SZ	12.13	6.72	
125	2013-11-04	12.3	12.35	11.7	12.12	66587	6.71	300011	鼎汉技术	SZ	12.08	6.69	
124	2013-11-05	12.04	12.37	11.76	12.31	64547	6.82	300011	鼎汉技术	SZ	12.12	6.71	
123	2013-11-06	12.5	12.6	12.11	12.11	65573	6.71	300011	鼎汉技术	SZ	12.31	6.82	
122	2013-11-07	12.05	12.29	11.65	11.65	54169	6.45	300011	鼎汉技术	SZ	12.11	6.71	
121	2013-11-08	11.5	11.75	11.25	11.25	54618	6.23	300011	鼎汉技术	SZ	11.65	6.45	
120	2013-11-11	11.46	11.91	11.46	11.75	62756	6.51	300011	鼎汉技术	SZ	11.25	6.23	
119	2013-11-12	11.7	12.09	11.55	11.9	56864	6.59	300011	鼎汉技术	SZ	11.75	6.51	
118	2013-11-13	11.9	11.9	11.46	11.46	46610	6.35	300011	鼎汉技术	SZ	11.9	6.59	
117	2013-11-14	11.46	11.76	11.4	11.7	38501	6.48	300011	鼎汉技术	SZ	11.46	6.35	
116	2013-11-15	11.9	12.27	11.79	12	76452	6.65	300011	鼎汉技术	SZ	11.7	6.48	
115	2013-11-18	12.25	12.54	12.14	12.32	63663	6.82	300011	鼎汉技术	SZ	12	6.65	
114	2013-11-19	12.24	12.55	12.18	12.4	58229	6.87	300011	鼎汉技术	SZ	12.32	6.82	
113	2013-11-20	12.6	12.79	12.41	12.63	61190	6.99	300011	鼎汉技术	SZ	12.4	6.87	
112	2013-11-21	12.7	12.7	12.38	12.45	60786	6.89	300011	鼎汉技术	SZ	12.63	6.99	
111	2013-11-22	12.45	12.62	12.18	12.2	49307	6.76	300011	鼎汉技术	SZ	12.45	6.89	
110	2013-11-25	12.2	12.78	12.13	12.75	91696	7.06	300011	鼎汉技术	SZ	12.2	6.76	
109	2013-11-26	13	13.15	12.73	12.77	107550	7.07	300011	鼎汉技术	SZ	12.75	7.06	
108	2013-11-27	12.95	13.36	12.84	13.3	134364	7.37	300011	鼎汉技术	SZ	12.77	7.07	
107	2013-11-28	13.49	13.55	13.13	13.18	110857	7.3	300011	鼎汉技术	SZ	13.3	7.37	
106	2013-11-29	13.15	13.37	13.12	13.17	76732	7.29	300011	鼎汉技术	SZ	13.18	7.3	
105	2013-12-02	12.48	12.81	11.85	11.85	130426	6.56	300011	鼎汉技术	SZ	13.17	7.29	
104	2013-12-03	11.55	12.18	11.21	12.07	101875	6.68	300011	鼎汉技术	SZ	11.85	6.56	
103	2013-12-04	12.05	12.25	11.98	12.11	87679	6.71	300011	鼎汉技术	SZ	12.07	6.68	
102	2013-12-05	12.12	12.12	11.7	11.78	51715	6.52	300011	鼎汉技术	SZ	12.11	6.71	
101	2013-12-06	11.53	11.93	11.53	11.85	38540	6.56	300011	鼎汉技术	SZ	11.78	6.52	
100	2013-12-09	11.92	11.99	11.77	11.83	30508	6.55	300011	鼎汉技术	SZ	11.85	6.56	
99	2013-12-10	11.84	11.93	11.76	11.87	35336	6.57	300011	鼎汉技术	SZ	11.83	6.55	
98	2013-12-11	11.84	11.91	11.66	11.71	22158	6.48	300011	鼎汉技术	SZ	11.87	6.57	
97	2013-12-12	11.7	12.08	11.6	11.96	45369	6.62	300011	鼎汉技术	SZ	11.71	6.48	
96	2013-12-13	11.96	12.45	11.9	12.4	69174	6.87	300011	鼎汉技术	SZ	11.96	6.62	
95	2013-12-16	12.3	12.49	12.21	12.3	50323	6.81	300011	鼎汉技术	SZ	12.4	6.87	
94	2013-12-17	12.22	12.59	12.22	12.4	68731	6.87	300011	鼎汉技术	SZ	12.3	6.81	
93	2013-12-18	13.1	13.27	12.51	12.75	97598	7.06	300011	鼎汉技术	SZ	12.4	6.87	
92	2013-12-19	12.73	13.05	12.62	12.75	82175	7.06	300011	鼎汉技术	SZ	12.75	7.06	
91	2013-12-20	12.85	12.85	12.36	12.62	111512	6.99	300011	鼎汉技术	SZ	12.75	7.06	
90	2013-12-23	12.68	12.88	12.41	12.75	53930	7.06	300011	鼎汉技术	SZ	12.62	6.99	
89	2013-12-24	12.69	13.68	12.65	13.68	160405	7.58	300011	鼎汉技术	SZ	12.75	7.06	
88	2013-12-25	13.6	14.18	13.48	14.16	138067	7.84	300011	鼎汉技术	SZ	13.68	7.58	
87	2013-12-26	14	14.5	13.9	13.9	140957	7.7	300011	鼎汉技术	SZ	14.16	7.84	
86	2013-12-27	13.8	15.29	13.75	15.29	96307	8.47	300011	鼎汉技术	SZ	13.9	7.7	
85	2013-12-30	16	16	14.96	15.12	149977	8.37	300011	鼎汉技术	SZ	15.29	8.47	
84	2013-12-31	14.9	15.53	14.35	15.22	108153	8.43	300011	鼎汉技术	SZ	15.12	8.37	
82	2014-01-02	15.5	16.08	14.81	15.62	101707	8.65	300011	鼎汉技术	SZ	15.22	8.43	
81	2014-01-03	15.3	15.92	15.28	15.5	76966	8.58	300011	鼎汉技术	SZ	15.62	8.65	
80	2014-01-06	15.39	15.55	14.82	15.12	82505	8.37	300011	鼎汉技术	SZ	15.5	8.58	
79	2014-01-07	15.18	16.25	14.91	16.25	116065	9	300011	鼎汉技术	SZ	15.12	8.37	
78	2014-01-08	16.3	17.55	16.1	16.18	130279	8.96	300011	鼎汉技术	SZ	16.25	9	
77	2014-01-09	16.2	16.81	15.8	15.88	108649	8.79	300011	鼎汉技术	SZ	16.18	8.96	
76	2014-01-10	15.97	16.5	15.26	16.18	81058	8.96	300011	鼎汉技术	SZ	15.88	8.79	
75	2014-01-13	16.4	16.4	15.71	16.01	62150	8.87	300011	鼎汉技术	SZ	16.18	8.96	
74	2014-01-14	15.99	16.68	15.82	16.49	71417	9.13	300011	鼎汉技术	SZ	16.01	8.87	
73	2014-01-15	16.49	16.85	16.2	16.34	61183	9.05	300011	鼎汉技术	SZ	16.49	9.13	
72	2014-01-16	16.34	16.34	15.25	15.29	97864	8.47	300011	鼎汉技术	SZ	16.34	9.05	
27	2014-03-21	16.82	16.82	16.82	16.82	10863	9.31	300011	鼎汉技术	SZ	15.29	8.47	
26	2014-03-24	18.5	18.5	17.19	17.86	283919	9.89	300011	鼎汉技术	SZ	16.82	9.31	
25	2014-03-25	17.7	19.48	17.69	18.79	198711	10.41	300011	鼎汉技术	SZ	17.86	9.89	
24	2014-03-26	18.24	19	17.88	18.77	123332	10.39	300011	鼎汉技术	SZ	18.79	10.41	
23	2014-03-27	18.8	18.8	17.3	17.78	117456	9.85	300011	鼎汉技术	SZ	18.77	10.39	
22	2014-03-28	17.6	17.78	16.46	16.59	102848	9.19	300011	鼎汉技术	SZ	17.78	9.85	
21	2014-03-31	16.8	17.72	16.34	16.88	87095	9.35	300011	鼎汉技术	SZ	16.59	9.19	
20	2014-04-01	17.37	17.43	16.82	17.18	60503	9.51	300011	鼎汉技术	SZ	16.88	9.35	
19	2014-04-02	17.28	17.66	16.7	17	67914	9.41	300011	鼎汉技术	SZ	17.18	9.51	
18	2014-04-03	17.6	18	16.99	17.15	71597	9.5	300011	鼎汉技术	SZ	17	9.41	
17	2014-04-04	17.03	17.12	16.38	16.68	91656	9.24	300011	鼎汉技术	SZ	17.15	9.5	
15	2014-04-08	16.68	16.72	16	16.34	78947	9.05	300011	鼎汉技术	SZ	16.68	9.24	
14	2014-04-09	16.3	16.96	16.3	16.95	61475	9.39	300011	鼎汉技术	SZ	16.34	9.05	
13	2014-04-10	9.45	10.1	9.4	9.78	127753	9.78	300011	鼎汉技术	SZ	16.95	9.39	
12	2014-04-11	9.58	10.76	9.44	10.76	229613	10.76	300011	鼎汉技术	SZ	9.78	9.78	
11	2014-04-14	10.7	11.1	10.58	10.82	174502	10.82	300011	鼎汉技术	SZ	10.76	10.76	
10	2014-04-15	10.98	11.22	10.4	10.47	117257	10.47	300011	鼎汉技术	SZ	10.82	10.82	
9	2014-04-16	10.49	10.49	10.05	10.21	101014	10.21	300011	鼎汉技术	SZ	10.47	10.47	
8	2014-04-17	10.26	10.45	10.15	10.27	71165	10.27	300011	鼎汉技术	SZ	10.21	10.21	
7	2014-04-18	10.22	10.69	10.18	10.5	88713	10.5	300011	鼎汉技术	SZ	10.27	10.27	
6	2014-04-21	10.37	10.44	10.03	10.09	62578	10.09	300011	鼎汉技术	SZ	10.5	10.5	
5	2014-04-22	10	10.11	9.28	9.8	95739	9.8	300011	鼎汉技术	SZ	10.09	10.09	
4	2014-04-23	9.73	10.02	9.58	9.66	67589	9.66	300011	鼎汉技术	SZ	9.8	9.8	
3	2014-04-24	9.66	9.68	9.32	9.46	57672	9.46	300011	鼎汉技术	SZ	9.66	9.66	
2	2014-04-25	9.46	9.8	9.38	9.52	57422	9.52	300011	鼎汉技术	SZ	9.46	9.46	
1	2014-04-28	9.4	9.64	9.12	9.2	47979	9.2	300011	鼎汉技术	SZ	9.52	9.52	
0	2014-04-29	9.2	9.75	9.2	9.69	61923	9.69	300011	鼎汉技术	SZ	9.2	9.2	
