0	2014-04-29	8.13	8.29	8.13	8.29	4738	8.29	300160	秀强股份	SZ	8.15	8.15	
1	2014-04-28	8.42	8.43	8.1	8.15	9698	8.15	300160	秀强股份	SZ	8.46	8.46	
2	2014-04-25	8.68	8.73	8.4	8.46	9026	8.46	300160	秀强股份	SZ	8.66	8.66	
3	2014-04-24	8.76	8.83	8.62	8.66	8016	8.66	300160	秀强股份	SZ	8.81	8.81	
4	2014-04-23	8.72	8.88	8.72	8.81	11519	8.81	300160	秀强股份	SZ	8.71	8.71	
5	2014-04-22	8.91	8.94	8.58	8.71	15413	8.71	300160	秀强股份	SZ	8.94	8.94	
6	2014-04-21	8.88	8.99	8.78	8.94	18867	8.94	300160	秀强股份	SZ	8.92	8.92	
7	2014-04-18	8.85	8.93	8.82	8.92	6829	8.92	300160	秀强股份	SZ	8.87	8.87	
8	2014-04-17	8.89	8.9	8.78	8.87	11437	8.87	300160	秀强股份	SZ	8.87	8.87	
9	2014-04-16	8.72	8.96	8.62	8.87	16289	8.87	300160	秀强股份	SZ	8.78	8.78	
10	2014-04-15	8.82	8.85	8.74	8.78	7973	8.78	300160	秀强股份	SZ	8.83	8.83	
11	2014-04-14	8.65	8.83	8.62	8.83	9125	8.83	300160	秀强股份	SZ	8.65	8.65	
12	2014-04-11	8.74	8.74	8.56	8.65	9978	8.65	300160	秀强股份	SZ	8.71	8.71	
13	2014-04-10	8.72	8.88	8.68	8.71	15595	8.71	300160	秀强股份	SZ	8.76	8.76	
14	2014-04-09	8.78	8.89	8.74	8.76	13291	8.76	300160	秀强股份	SZ	8.78	8.78	
15	2014-04-08	8.61	8.82	8.55	8.78	17069	8.78	300160	秀强股份	SZ	8.66	8.66	
17	2014-04-04	8.57	8.66	8.55	8.66	8077	8.66	300160	秀强股份	SZ	8.6	8.6	
18	2014-04-03	8.53	8.67	8.52	8.6	7963	8.6	300160	秀强股份	SZ	8.53	8.53	
19	2014-04-02	8.58	8.66	8.5	8.53	7365	8.53	300160	秀强股份	SZ	8.6	8.6	
20	2014-04-01	8.42	8.63	8.42	8.6	6964	8.6	300160	秀强股份	SZ	8.47	8.47	
21	2014-03-31	8.31	8.65	8.31	8.47	15315	8.47	300160	秀强股份	SZ	8.31	8.31	
22	2014-03-28	8.48	8.53	8.22	8.31	15129	8.31	300160	秀强股份	SZ	8.47	8.47	
23	2014-03-27	8.71	8.76	8.45	8.47	15969	8.47	300160	秀强股份	SZ	8.71	8.71	
24	2014-03-26	8.72	8.82	8.62	8.71	14510	8.71	300160	秀强股份	SZ	8.77	8.77	
25	2014-03-25	8.83	8.85	8.71	8.77	9399	8.77	300160	秀强股份	SZ	8.79	8.79	
26	2014-03-24	8.72	8.88	8.72	8.79	8471	8.79	300160	秀强股份	SZ	8.75	8.75	
27	2014-03-21	8.59	8.83	8.4	8.75	12916	8.75	300160	秀强股份	SZ	8.65	8.65	
28	2014-03-20	8.67	8.94	8.63	8.65	14893	8.65	300160	秀强股份	SZ	8.75	8.75	
29	2014-03-19	8.7	8.77	8.61	8.75	9604	8.75	300160	秀强股份	SZ	8.72	8.72	
30	2014-03-18	8.73	8.81	8.69	8.72	11323	8.72	300160	秀强股份	SZ	8.73	8.73	
31	2014-03-17	8.6	8.77	8.49	8.73	16577	8.73	300160	秀强股份	SZ	8.54	8.54	
32	2014-03-14	8.56	8.6	8.43	8.54	7382	8.54	300160	秀强股份	SZ	8.56	8.56	
33	2014-03-13	8.49	8.57	8.43	8.56	9984	8.56	300160	秀强股份	SZ	8.46	8.46	
34	2014-03-12	8.4	8.6	8.2	8.46	12221	8.46	300160	秀强股份	SZ	8.43	8.43	
35	2014-03-11	8.25	8.54	8.25	8.43	14659	8.43	300160	秀强股份	SZ	8.39	8.39	
36	2014-03-10	8.8	8.8	8.35	8.39	17383	8.39	300160	秀强股份	SZ	8.84	8.84	
37	2014-03-07	9.13	9.13	8.79	8.84	17106	8.84	300160	秀强股份	SZ	9.07	9.07	
38	2014-03-06	8.96	9.16	8.91	9.07	16621	9.07	300160	秀强股份	SZ	8.96	8.96	
39	2014-03-05	9.03	9.1	8.92	8.96	12174	8.96	300160	秀强股份	SZ	9.03	9.03	
40	2014-03-04	8.95	9.17	8.83	9.03	15942	9.03	300160	秀强股份	SZ	9	9	
41	2014-03-03	8.78	9.01	8.71	9	16875	9	300160	秀强股份	SZ	8.82	8.82	
42	2014-02-28	8.63	8.87	8.43	8.82	19523	8.82	300160	秀强股份	SZ	8.68	8.68	
43	2014-02-27	9.04	9.11	8.65	8.68	27436	8.68	300160	秀强股份	SZ	8.89	8.89	
44	2014-02-26	8.83	8.94	8.57	8.89	30108	8.89	300160	秀强股份	SZ	8.91	8.91	
45	2014-02-25	9.71	9.88	8.81	8.91	61654	8.91	300160	秀强股份	SZ	9.79	9.79	
46	2014-02-24	9.6	9.82	9.43	9.79	28744	9.79	300160	秀强股份	SZ	9.6	9.6	
47	2014-02-21	9.37	9.65	9.35	9.6	26517	9.6	300160	秀强股份	SZ	9.41	9.41	
48	2014-02-20	9.8	9.82	9.36	9.41	40811	9.41	300160	秀强股份	SZ	9.77	9.77	
49	2014-02-19	9.81	9.89	9.67	9.77	27520	9.77	300160	秀强股份	SZ	9.88	9.88	
50	2014-02-18	9.79	9.94	9.6	9.88	46977	9.88	300160	秀强股份	SZ	9.79	9.79	
51	2014-02-17	9.51	9.82	9.51	9.79	48093	9.79	300160	秀强股份	SZ	9.54	9.54	
52	2014-02-14	9.27	9.63	9.15	9.54	36259	9.54	300160	秀强股份	SZ	9.23	9.23	
53	2014-02-13	9.55	9.63	9.2	9.23	36514	9.23	300160	秀强股份	SZ	9.57	9.57	
54	2014-02-12	9.36	9.62	9.25	9.57	41117	9.57	300160	秀强股份	SZ	9.4	9.4	
55	2014-02-11	9.5	9.7	9.3	9.4	46087	9.4	300160	秀强股份	SZ	9.56	9.56	
56	2014-02-10	9.4	9.67	9.37	9.56	42613	9.56	300160	秀强股份	SZ	9.38	9.38	
57	2014-02-07	9.08	9.58	9.06	9.38	27236	9.38	300160	秀强股份	SZ	9.18	9.18	
62	2014-01-30	9.18	9.3	9.12	9.18	19146	9.18	300160	秀强股份	SZ	9.21	9.21	
63	2014-01-29	9.33	9.34	9.18	9.21	29323	9.21	300160	秀强股份	SZ	9.31	9.31	
64	2014-01-28	9.22	9.33	9.04	9.31	46076	9.31	300160	秀强股份	SZ	9.22	9.22	
65	2014-01-27	9.37	9.4	9.18	9.22	51654	9.22	300160	秀强股份	SZ	9.36	9.36	
66	2014-01-24	9.08	9.38	9.01	9.36	57830	9.36	300160	秀强股份	SZ	9.13	9.13	
67	2014-01-23	8.96	9.24	8.95	9.13	50974	9.13	300160	秀强股份	SZ	9.02	9.02	
68	2014-01-22	8.85	9.07	8.75	9.02	41825	9.02	300160	秀强股份	SZ	8.89	8.89	
69	2014-01-21	8.68	8.89	8.63	8.89	34335	8.89	300160	秀强股份	SZ	8.74	8.74	
70	2014-01-20	9.1	9.12	8.61	8.74	34454	8.74	300160	秀强股份	SZ	9.01	9.01	
71	2014-01-17	8.93	9.1	8.85	9.01	35130	9.01	300160	秀强股份	SZ	8.94	8.94	
72	2014-01-16	9.05	9.13	8.88	8.94	46645	8.94	300160	秀强股份	SZ	9.05	9.05	
73	2014-01-15	8.95	9.14	8.81	9.05	38138	9.05	300160	秀强股份	SZ	8.95	8.95	
74	2014-01-14	8.66	8.97	8.57	8.95	35077	8.95	300160	秀强股份	SZ	8.71	8.71	
75	2014-01-13	8.56	8.79	8.52	8.71	33501	8.71	300160	秀强股份	SZ	8.58	8.58	
76	2014-01-10	8.8	8.82	8.47	8.58	46828	8.58	300160	秀强股份	SZ	8.87	8.87	
77	2014-01-09	9.06	9.14	8.82	8.87	37508	8.87	300160	秀强股份	SZ	9.1	9.1	
78	2014-01-08	9.2	9.3	8.94	9.1	72022	9.1	300160	秀强股份	SZ	9.12	9.12	
79	2014-01-07	8.46	9.22	8.39	9.12	60335	9.12	300160	秀强股份	SZ	8.55	8.55	
80	2014-01-06	8.77	8.85	8.52	8.55	31164	8.55	300160	秀强股份	SZ	8.83	8.83	
81	2014-01-03	8.94	8.96	8.68	8.83	40988	8.83	300160	秀强股份	SZ	8.92	8.92	
82	2014-01-02	8.68	9.05	8.65	8.92	35957	8.92	300160	秀强股份	SZ	8.68	8.68	
84	2013-12-31	8.88	8.89	8.53	8.68	45000	8.68	300160	秀强股份	SZ	8.9	8.9	
85	2013-12-30	8.79	9.12	8.65	8.9	64474	8.9	300160	秀强股份	SZ	8.75	8.75	
86	2013-12-27	8.39	8.92	8.38	8.75	76001	8.75	300160	秀强股份	SZ	8.46	8.46	
87	2013-12-26	8.44	8.61	8.39	8.46	35055	8.46	300160	秀强股份	SZ	8.53	8.53	
88	2013-12-25	8.08	8.63	8.02	8.53	57249	8.53	300160	秀强股份	SZ	8.14	8.14	
89	2013-12-24	8.05	8.22	7.99	8.14	17164	8.14	300160	秀强股份	SZ	8.11	8.11	
90	2013-12-23	7.98	8.3	7.83	8.11	24454	8.11	300160	秀强股份	SZ	7.98	7.98	
91	2013-12-20	8.3	8.3	7.87	7.98	30534	7.98	300160	秀强股份	SZ	8.29	8.29	
92	2013-12-19	8.5	8.68	8.24	8.29	37959	8.29	300160	秀强股份	SZ	8.49	8.49	
93	2013-12-18	8.44	8.57	8.36	8.49	29116	8.49	300160	秀强股份	SZ	8.49	8.49	
94	2013-12-17	8.3	8.59	8.1	8.49	56248	8.49	300160	秀强股份	SZ	8.3	8.3	
95	2013-12-16	8.3	8.56	8.23	8.3	31964	8.3	300160	秀强股份	SZ	8.3	8.3	
96	2013-12-13	8.07	8.39	8.06	8.3	27124	8.3	300160	秀强股份	SZ	8.13	8.13	
97	2013-12-12	8.05	8.19	8.04	8.13	18431	8.13	300160	秀强股份	SZ	8.11	8.11	
98	2013-12-11	8.21	8.34	8.03	8.11	20899	8.11	300160	秀强股份	SZ	8.17	8.17	
99	2013-12-10	8.23	8.33	8.13	8.17	20709	8.17	300160	秀强股份	SZ	8.25	8.25	
100	2013-12-09	8.13	8.31	8.07	8.25	21653	8.25	300160	秀强股份	SZ	8.09	8.09	
101	2013-12-06	8.18	8.32	8.06	8.09	35016	8.09	300160	秀强股份	SZ	8.13	8.13	
102	2013-12-05	8.36	8.46	8.1	8.13	61589	8.13	300160	秀强股份	SZ	8.51	8.51	
103	2013-12-04	7.84	8.64	7.78	8.51	109006	8.51	300160	秀强股份	SZ	7.85	7.85	
104	2013-12-03	7.69	7.86	7.58	7.85	15870	7.85	300160	秀强股份	SZ	7.67	7.67	
105	2013-12-02	8	8.08	7.6	7.67	38018	7.67	300160	秀强股份	SZ	8.23	8.23	
106	2013-11-29	8.11	8.35	8.06	8.23	38425	8.23	300160	秀强股份	SZ	8.08	8.08	
107	2013-11-28	8.09	8.17	8.05	8.08	22037	8.08	300160	秀强股份	SZ	8.13	8.13	
108	2013-11-27	7.91	8.15	7.88	8.13	41286	8.13	300160	秀强股份	SZ	7.93	7.93	
109	2013-11-26	7.84	7.96	7.75	7.93	15939	7.93	300160	秀强股份	SZ	7.87	7.87	
110	2013-11-25	7.89	8.2	7.83	7.87	22477	7.87	300160	秀强股份	SZ	7.92	7.92	
111	2013-11-22	7.9	7.95	7.79	7.92	16515	7.92	300160	秀强股份	SZ	7.9	7.9	
112	2013-11-21	7.75	7.95	7.74	7.9	22560	7.9	300160	秀强股份	SZ	7.82	7.82	
113	2013-11-20	7.79	7.86	7.7	7.82	12147	7.82	300160	秀强股份	SZ	7.73	7.73	
114	2013-11-19	7.76	7.82	7.66	7.73	11588	7.73	300160	秀强股份	SZ	7.74	7.74	
115	2013-11-18	7.68	7.77	7.61	7.74	16237	7.74	300160	秀强股份	SZ	7.58	7.58	
116	2013-11-15	7.46	7.63	7.43	7.58	18581	7.58	300160	秀强股份	SZ	7.46	7.46	
117	2013-11-14	7.35	7.48	7.2	7.46	9699	7.46	300160	秀强股份	SZ	7.25	7.25	
118	2013-11-13	7.36	7.46	7.25	7.25	4838	7.25	300160	秀强股份	SZ	7.41	7.41	
119	2013-11-12	7.25	7.44	7.17	7.41	8678	7.41	300160	秀强股份	SZ	7.25	7.25	
120	2013-11-11	7.13	7.27	7.07	7.25	7106	7.25	300160	秀强股份	SZ	7.16	7.16	
121	2013-11-08	7.25	7.27	7.1	7.16	9037	7.16	300160	秀强股份	SZ	7.25	7.25	
122	2013-11-07	7.43	7.44	7.25	7.25	8245	7.25	300160	秀强股份	SZ	7.45	7.45	
123	2013-11-06	7.52	7.61	7.43	7.45	8449	7.45	300160	秀强股份	SZ	7.55	7.55	
124	2013-11-05	7.43	7.57	7.42	7.55	8139	7.55	300160	秀强股份	SZ	7.44	7.44	
125	2013-11-04	7.49	7.51	7.41	7.44	5653	7.44	300160	秀强股份	SZ	7.49	7.49	
126	2013-11-01	7.39	7.5	7.35	7.49	6326	7.49	300160	秀强股份	SZ	7.45	7.45	
127	2013-10-31	7.35	7.55	7.29	7.45	10992	7.45	300160	秀强股份	SZ	7.34	7.34	
128	2013-10-30	7.22	7.36	7.13	7.34	7047	7.34	300160	秀强股份	SZ	7.25	7.25	
129	2013-10-29	7.5	7.58	7.05	7.25	17319	7.25	300160	秀强股份	SZ	7.53	7.53	
130	2013-10-28	7.58	7.58	7.41	7.53	12082	7.53	300160	秀强股份	SZ	7.55	7.55	
131	2013-10-25	7.76	7.79	7.5	7.55	17907	7.55	300160	秀强股份	SZ	7.75	7.75	
132	2013-10-24	7.77	7.83	7.71	7.75	10710	7.75	300160	秀强股份	SZ	7.78	7.78	
133	2013-10-23	8.16	8.17	7.74	7.78	30609	7.78	300160	秀强股份	SZ	8.09	8.09	
134	2013-10-22	8.16	8.3	8.07	8.09	33655	8.09	300160	秀强股份	SZ	8.13	8.13	
135	2013-10-21	7.98	8.21	7.9	8.13	28368	8.13	300160	秀强股份	SZ	7.94	7.94	
136	2013-10-18	7.88	7.99	7.87	7.94	10814	7.94	300160	秀强股份	SZ	7.88	7.88	
137	2013-10-17	7.95	8.03	7.87	7.88	15872	7.88	300160	秀强股份	SZ	7.89	7.89	
138	2013-10-16	8	8.02	7.83	7.89	20747	7.89	300160	秀强股份	SZ	8.03	8.03	
139	2013-10-15	8.18	8.18	7.93	8.03	47564	8.03	300160	秀强股份	SZ	8.25	8.25	
140	2013-10-14	8.38	8.41	8.2	8.25	40213	8.25	300160	秀强股份	SZ	8.3	8.3	
141	2013-10-11	8.04	8.34	8.04	8.3	52673	8.3	300160	秀强股份	SZ	8	8	
142	2013-10-10	8.17	8.32	7.93	8	42047	8	300160	秀强股份	SZ	8	8	
143	2013-10-09	7.9	8.03	7.85	8	24568	8	300160	秀强股份	SZ	7.9	7.9	
144	2013-10-08	7.83	7.93	7.75	7.9	19039	7.9	300160	秀强股份	SZ	7.81	7.81	
150	2013-09-30	7.81	7.88	7.76	7.81	15242	7.81	300160	秀强股份	SZ	7.73	7.73	
151	2013-09-27	7.72	7.79	7.66	7.73	11353	7.73	300160	秀强股份	SZ	7.72	7.72	
152	2013-09-26	7.74	7.92	7.7	7.72	16063	7.72	300160	秀强股份	SZ	7.8	7.8	
153	2013-09-25	7.78	7.86	7.7	7.8	19911	7.8	300160	秀强股份	SZ	7.78	7.78	
154	2013-09-24	7.7	7.82	7.66	7.78	21193	7.78	300160	秀强股份	SZ	7.7	7.7	
155	2013-09-23	7.49	7.74	7.49	7.7	15521	7.7	300160	秀强股份	SZ	7.53	7.53	
157	2013-09-18	7.55	7.55	7.43	7.53	11050	7.53	300160	秀强股份	SZ	7.51	7.51	
158	2013-09-17	7.67	7.73	7.51	7.51	14498	7.51	300160	秀强股份	SZ	7.67	7.67	
159	2013-09-16	7.66	7.73	7.63	7.67	12535	7.67	300160	秀强股份	SZ	7.65	7.65	
160	2013-09-13	7.53	7.68	7.53	7.65	19482	7.65	300160	秀强股份	SZ	7.55	7.55	
161	2013-09-12	7.55	7.61	7.54	7.55	13388	7.55	300160	秀强股份	SZ	7.56	7.56	
162	2013-09-11	7.68	7.69	7.51	7.56	23515	7.56	300160	秀强股份	SZ	7.7	7.7	
163	2013-09-10	7.68	7.73	7.61	7.7	21535	7.7	300160	秀强股份	SZ	7.66	7.66	
164	2013-09-09	7.61	7.69	7.5	7.66	17981	7.66	300160	秀强股份	SZ	7.6	7.6	
165	2013-09-06	7.62	7.63	7.52	7.6	14196	7.6	300160	秀强股份	SZ	7.61	7.61	
166	2013-09-05	7.57	7.72	7.54	7.61	18485	7.61	300160	秀强股份	SZ	7.55	7.55	
167	2013-09-04	7.58	7.64	7.51	7.55	14277	7.55	300160	秀强股份	SZ	7.57	7.57	
168	2013-09-03	7.44	7.62	7.44	7.57	14761	7.57	300160	秀强股份	SZ	7.49	7.49	
169	2013-09-02	7.44	7.5	7.37	7.49	14490	7.49	300160	秀强股份	SZ	7.44	7.44	
170	2013-08-30	7.66	7.74	7.36	7.44	24284	7.44	300160	秀强股份	SZ	7.73	7.73	
171	2013-08-29	7.86	7.86	7.6	7.73	15088	7.73	300160	秀强股份	SZ	7.8	7.8	
172	2013-08-28	7.97	7.97	7.8	7.8	20233	7.8	300160	秀强股份	SZ	8	8	
173	2013-08-27	7.89	8.06	7.8	8	18215	8	300160	秀强股份	SZ	7.89	7.89	
174	2013-08-26	7.64	7.91	7.61	7.89	17681	7.89	300160	秀强股份	SZ	7.67	7.67	
175	2013-08-23	7.77	7.89	7.54	7.67	17523	7.67	300160	秀强股份	SZ	7.8	7.8	
176	2013-08-22	7.77	7.86	7.66	7.8	17169	7.8	300160	秀强股份	SZ	7.77	7.77	
177	2013-08-21	7.68	7.8	7.66	7.77	14763	7.77	300160	秀强股份	SZ	7.67	7.67	
178	2013-08-20	7.61	7.73	7.56	7.67	17684	7.67	300160	秀强股份	SZ	7.58	7.58	
179	2013-08-19	7.41	7.64	7.41	7.58	13989	7.58	300160	秀强股份	SZ	7.46	7.46	
180	2013-08-16	7.71	7.9	7.42	7.46	30163	7.46	300160	秀强股份	SZ	7.75	7.75	
181	2013-08-15	7.89	7.98	7.73	7.75	21898	7.75	300160	秀强股份	SZ	7.95	7.95	
182	2013-08-14	8.1	8.1	7.86	7.95	28935	7.95	300160	秀强股份	SZ	8.1	8.1	
183	2013-08-13	8.05	8.17	7.98	8.1	18103	8.1	300160	秀强股份	SZ	8.06	8.06	
184	2013-08-12	8.1	8.14	7.88	8.06	27858	8.06	300160	秀强股份	SZ	8.09	8.09	
185	2013-08-09	8.15	8.21	7.93	8.09	37581	8.09	300160	秀强股份	SZ	8.16	8.16	
186	2013-08-08	7.66	8.43	7.66	8.16	66091	8.16	300160	秀强股份	SZ	7.68	7.68	
187	2013-08-07	7.9	7.95	7.66	7.68	25944	7.68	300160	秀强股份	SZ	7.92	7.92	
188	2013-08-06	7.8	8	7.73	7.92	30717	7.92	300160	秀强股份	SZ	7.8	7.8	
189	2013-08-05	7.71	7.9	7.66	7.8	26088	7.8	300160	秀强股份	SZ	7.7	7.7	
190	2013-08-02	7.67	7.9	7.57	7.7	33072	7.7	300160	秀强股份	SZ	7.63	7.63	
191	2013-08-01	7.42	7.63	7.42	7.63	23559	7.63	300160	秀强股份	SZ	7.45	7.45	
192	2013-07-31	7.7	7.74	7.43	7.45	28759	7.45	300160	秀强股份	SZ	7.65	7.65	
193	2013-07-30	7.41	7.69	7.25	7.65	32271	7.65	300160	秀强股份	SZ	7.46	7.46	
194	2013-07-29	7.57	7.78	7.35	7.46	24606	7.46	300160	秀强股份	SZ	7.51	7.51	
195	2013-07-26	7.35	7.62	7.21	7.51	20407	7.51	300160	秀强股份	SZ	7.42	7.42	
196	2013-07-25	7.6	7.67	7.31	7.42	22076	7.42	300160	秀强股份	SZ	7.65	7.65	
197	2013-07-24	7.43	7.7	7.38	7.65	34738	7.65	300160	秀强股份	SZ	7.49	7.49	
198	2013-07-23	7.27	7.5	7.25	7.49	28430	7.49	300160	秀强股份	SZ	7.29	7.29	
199	2013-07-22	7.07	7.33	6.95	7.29	27727	7.29	300160	秀强股份	SZ	7.08	7.08	
200	2013-07-19	7.13	7.4	7.03	7.08	39399	7.08	300160	秀强股份	SZ	7.14	7.14	
201	2013-07-18	7.07	7.15	6.9	7.14	22371	7.14	300160	秀强股份	SZ	7.07	7.07	
202	2013-07-17	7.13	7.24	7.01	7.07	19450	7.07	300160	秀强股份	SZ	7.18	7.18	
203	2013-07-16	7.08	7.21	7.03	7.18	21740	7.18	300160	秀强股份	SZ	7	7	
204	2013-07-15	6.82	7.03	6.82	7	12096	7	300160	秀强股份	SZ	6.87	6.87	
205	2013-07-12	7.02	7.09	6.85	6.87	16361	6.87	300160	秀强股份	SZ	7.05	7.05	
206	2013-07-11	6.79	7.12	6.79	7.05	15509	7.05	300160	秀强股份	SZ	6.83	6.83	
207	2013-07-10	6.62	6.88	6.62	6.83	11888	6.83	300160	秀强股份	SZ	6.61	6.61	
208	2013-07-09	6.65	6.68	6.5	6.61	9730	6.61	300160	秀强股份	SZ	6.61	6.61	
209	2013-07-08	6.91	6.93	6.61	6.61	17310	6.61	300160	秀强股份	SZ	7.08	7.08	
210	2013-07-05	7.19	7.21	7.05	7.08	15915	7.08	300160	秀强股份	SZ	7.15	7.15	
211	2013-07-04	7.12	7.24	6.98	7.15	23007	7.15	300160	秀强股份	SZ	7.15	7.15	
212	2013-07-03	7.2	7.22	6.9	7.15	19165	7.15	300160	秀强股份	SZ	7.21	7.21	
213	2013-07-02	7.11	7.24	7.11	7.21	16110	7.21	300160	秀强股份	SZ	7.15	7.15	
214	2013-07-01	7.05	7.16	6.95	7.15	9688	7.15	300160	秀强股份	SZ	7.06	7.06	
215	2013-06-28	7.01	7.24	6.71	7.06	13806	7.06	300160	秀强股份	SZ	7.09	7.09	
216	2013-06-27	7.39	7.44	7.06	7.09	19390	7.09	300160	秀强股份	SZ	7.31	7.31	
217	2013-06-26	7.32	7.36	7.1	7.31	18180	7.31	300160	秀强股份	SZ	7.24	7.24	
218	2013-06-25	7.29	7.3	6.66	7.24	18811	7.24	300160	秀强股份	SZ	7.21	7.21	
219	2013-06-24	7.64	7.64	7.03	7.21	14407	7.21	300160	秀强股份	SZ	7.63	7.63	
220	2013-06-21	7.41	7.8	7.14	7.63	16470	7.63	300160	秀强股份	SZ	7.56	7.56	
221	2013-06-20	7.92	8.04	7.54	7.56	18497	7.56	300160	秀强股份	SZ	7.9	7.9	
222	2013-06-19	7.84	7.9	7.62	7.9	20296	7.9	300160	秀强股份	SZ	7.84	7.84	
223	2013-06-18	7.63	7.88	7.56	7.84	23099	7.84	300160	秀强股份	SZ	7.64	7.64	
224	2013-06-17	7.65	7.85	7.63	7.64	21118	7.64	300160	秀强股份	SZ	7.69	7.69	
225	2013-06-14	7.62	7.73	7.53	7.69	20321	7.69	300160	秀强股份	SZ	7.59	7.59	
226	2013-06-13	7.95	7.95	7.22	7.59	30490	7.59	300160	秀强股份	SZ	8.02	8.02	
230	2013-06-07	8.38	8.48	7.99	8.02	29929	8.02	300160	秀强股份	SZ	8.38	8.38	
231	2013-06-06	8.44	8.76	8.36	8.38	56574	8.38	300160	秀强股份	SZ	8.54	8.54	
232	2013-06-05	8.24	8.59	8.1	8.54	48455	8.54	300160	秀强股份	SZ	8.31	8.31	
233	2013-06-04	8.57	8.76	8.11	8.31	52010	8.31	300160	秀强股份	SZ	8.56	8.56	
234	2013-06-03	8.6	8.67	8.47	8.56	39385	8.56	300160	秀强股份	SZ	8.61	8.61	
235	2013-05-31	8.72	8.86	8.58	8.61	64803	8.61	300160	秀强股份	SZ	8.9	8.9	
236	2013-05-30	8.79	9.04	8.68	8.9	171300	8.9	300160	秀强股份	SZ	8.87	8.87	
237	2013-05-29	8.35	8.87	8.35	8.87	134487	8.87	300160	秀强股份	SZ	8.11	8.06	
238	2013-05-28	8.46	8.46	8.11	8.11	39435	8.06	300160	秀强股份	SZ	8.47	8.42	
239	2013-05-27	8.24	8.5	8.24	8.47	23867	8.42	300160	秀强股份	SZ	8.24	8.19	
240	2013-05-24	8.01	8.25	8.01	8.24	15791	8.19	300160	秀强股份	SZ	8	7.96	
241	2013-05-23	8.21	8.28	8	8	20807	7.96	300160	秀强股份	SZ	8.21	8.16	
242	2013-05-22	8.34	8.36	8.15	8.21	20182	8.16	300160	秀强股份	SZ	8.35	8.3	
243	2013-05-21	8.26	8.38	8.13	8.35	27463	8.3	300160	秀强股份	SZ	8.22	8.17	
244	2013-05-20	8.12	8.22	7.97	8.22	20202	8.17	300160	秀强股份	SZ	8.06	8.02	
245	2013-05-17	7.81	8.12	7.81	8.06	21845	8.02	300160	秀强股份	SZ	7.85	7.81	
246	2013-05-16	7.81	7.93	7.74	7.85	28210	7.81	300160	秀强股份	SZ	7.82	7.78	
247	2013-05-15	7.54	7.82	7.54	7.82	23951	7.78	300160	秀强股份	SZ	7.58	7.54	
248	2013-05-14	7.51	7.58	7.44	7.58	14133	7.54	300160	秀强股份	SZ	7.56	7.52	
249	2013-05-13	7.63	7.64	7.49	7.56	10195	7.52	300160	秀强股份	SZ	7.63	7.59	
250	2013-05-10	7.58	7.64	7.48	7.63	12961	7.59	300160	秀强股份	SZ	7.58	7.54	
251	2013-05-09	7.49	7.62	7.45	7.58	11046	7.54	300160	秀强股份	SZ	7.54	7.5	
252	2013-05-08	7.46	7.57	7.38	7.54	13741	7.5	300160	秀强股份	SZ	7.4	7.36	
253	2013-05-07	7.3	7.42	7.3	7.4	10690	7.36	300160	秀强股份	SZ	7.35	7.31	
254	2013-05-06	7.26	7.39	7.26	7.35	10340	7.31	300160	秀强股份	SZ	7.26	7.22	
255	2013-05-03	7.16	7.34	7.1	7.26	7042	7.22	300160	秀强股份	SZ	7.14	7.1	
256	2013-05-02	7.14	7.14	6.99	7.14	5978	7.1	300160	秀强股份	SZ	7.11	7.07	
260	2013-04-26	7.19	7.23	7.07	7.11	9016	7.07	300160	秀强股份	SZ	7.21	7.17	
261	2013-04-25	7.22	7.4	7.16	7.21	10886	7.17	300160	秀强股份	SZ	7.23	7.19	
262	2013-04-24	7.14	7.31	7.11	7.23	8545	7.19	300160	秀强股份	SZ	7.16	7.12	
263	2013-04-23	7.46	7.46	7.11	7.16	12328	7.12	300160	秀强股份	SZ	7.48	7.44	
264	2013-04-22	7.46	7.5	7.4	7.48	5075	7.44	300160	秀强股份	SZ	7.51	7.47	
265	2013-04-19	7.4	7.54	7.32	7.51	11219	7.47	300160	秀强股份	SZ	7.38	7.34	
266	2013-04-18	7.24	7.42	7.22	7.38	6591	7.34	300160	秀强股份	SZ	7.32	7.28	
267	2013-04-17	7.3	7.37	7.2	7.32	6276	7.28	300160	秀强股份	SZ	7.31	7.27	
268	2013-04-16	7.1	7.38	7.07	7.31	7760	7.27	300160	秀强股份	SZ	7.16	7.12	
269	2013-04-15	7.3	7.34	7.12	7.16	6501	7.12	300160	秀强股份	SZ	7.31	7.27	
270	2013-04-12	7.4	7.4	7.27	7.31	6224	7.27	300160	秀强股份	SZ	7.36	7.32	
271	2013-04-11	7.51	7.51	7.34	7.36	7249	7.32	300160	秀强股份	SZ	7.46	7.42	
272	2013-04-10	7.54	7.63	7.41	7.46	11150	7.42	300160	秀强股份	SZ	7.54	7.5	
273	2013-04-09	7.45	7.6	7.42	7.54	9265	7.5	300160	秀强股份	SZ	7.45	7.41	
274	2013-04-08	7.52	7.53	7.34	7.45	14253	7.41	300160	秀强股份	SZ	7.7	7.66	
277	2013-04-03	8.05	8.17	7.68	7.7	23356	7.66	300160	秀强股份	SZ	8.08	8.04	
278	2013-04-02	8.43	8.52	8.03	8.08	26050	8.04	300160	秀强股份	SZ	8.44	8.39	
279	2013-04-01	8.3	8.44	8.24	8.44	20408	8.39	300160	秀强股份	SZ	8.33	8.28	
280	2013-03-29	8.28	8.49	8.23	8.33	28416	8.28	300160	秀强股份	SZ	8.24	8.19	
281	2013-03-28	8.38	8.38	8.17	8.24	16306	8.19	300160	秀强股份	SZ	8.46	8.41	
282	2013-03-27	8.44	8.53	8.31	8.46	19727	8.41	300160	秀强股份	SZ	8.44	8.39	
283	2013-03-26	8.57	8.58	8.32	8.44	28713	8.39	300160	秀强股份	SZ	8.56	8.51	
284	2013-03-25	8.6	8.88	8.52	8.56	42651	8.51	300160	秀强股份	SZ	8.66	8.61	
285	2013-03-22	8.59	8.77	8.42	8.66	44934	8.61	300160	秀强股份	SZ	8.59	8.54	
286	2013-03-21	8.25	8.65	8.25	8.59	61586	8.54	300160	秀强股份	SZ	8.28	8.23	
287	2013-03-20	7.96	8.33	7.94	8.28	38451	8.23	300160	秀强股份	SZ	7.95	7.91	
288	2013-03-19	7.83	7.96	7.72	7.95	11085	7.91	300160	秀强股份	SZ	7.88	7.84	
289	2013-03-18	7.88	7.98	7.79	7.88	9314	7.84	300160	秀强股份	SZ	7.95	7.91	
290	2013-03-15	7.89	8.05	7.71	7.95	12742	7.91	300160	秀强股份	SZ	7.89	7.85	
291	2013-03-14	7.81	7.93	7.8	7.89	7212	7.85	300160	秀强股份	SZ	7.86	7.82	
292	2013-03-13	7.96	8.03	7.78	7.86	11546	7.82	300160	秀强股份	SZ	8.04	8	
293	2013-03-12	8.35	8.4	7.9	8.04	18992	8	300160	秀强股份	SZ	8.35	8.3	
294	2013-03-11	8.31	8.38	8.25	8.35	13764	8.3	300160	秀强股份	SZ	8.3	8.25	
295	2013-03-08	8.25	8.4	8.22	8.3	17633	8.25	300160	秀强股份	SZ	8.26	8.21	
296	2013-03-07	8.27	8.36	8.15	8.26	22644	8.21	300160	秀强股份	SZ	8.29	8.24	
297	2013-03-06	8.18	8.36	8.13	8.29	29876	8.24	300160	秀强股份	SZ	8.16	8.11	
298	2013-03-05	7.89	8.16	7.89	8.16	13924	8.11	300160	秀强股份	SZ	7.96	7.92	
299	2013-03-04	8.25	8.25	7.92	7.96	18541	7.92	300160	秀强股份	SZ	8.3	8.25	
300	2013-03-01	8.15	8.35	8.15	8.3	25270	8.25	300160	秀强股份	SZ	8.13	8.08	
301	2013-02-28	7.91	8.15	7.85	8.13	15687	8.08	300160	秀强股份	SZ	7.88	7.84	
302	2013-02-27	8.04	8.16	7.83	7.88	16055	7.84	300160	秀强股份	SZ	8.04	8	
303	2013-02-26	8.24	8.35	8.04	8.04	16791	8	300160	秀强股份	SZ	8.27	8.22	
304	2013-02-25	8.19	8.29	8.14	8.27	11151	8.22	300160	秀强股份	SZ	8.23	8.18	
305	2013-02-22	8.31	8.36	8.12	8.23	17481	8.18	300160	秀强股份	SZ	8.31	8.26	
306	2013-02-21	8.4	8.58	8.25	8.31	32287	8.26	300160	秀强股份	SZ	8.42	8.37	
307	2013-02-20	8.36	8.45	8.28	8.42	30502	8.37	300160	秀强股份	SZ	8.42	8.37	
308	2013-02-19	8.27	8.54	8.08	8.42	42765	8.37	300160	秀强股份	SZ	8.27	8.22	
309	2013-02-18	8	8.35	7.97	8.27	23183	8.22	300160	秀强股份	SZ	7.99	7.95	
315	2013-02-08	7.96	8.06	7.9	7.99	13887	7.95	300160	秀强股份	SZ	7.9	7.86	
316	2013-02-07	7.86	7.97	7.81	7.9	8284	7.86	300160	秀强股份	SZ	7.91	7.87	
317	2013-02-06	7.83	7.93	7.81	7.91	8910	7.87	300160	秀强股份	SZ	7.83	7.79	
318	2013-02-05	7.75	7.86	7.7	7.83	8628	7.79	300160	秀强股份	SZ	7.81	7.77	
319	2013-02-04	7.97	7.99	7.7	7.81	17382	7.77	300160	秀强股份	SZ	8	7.96	
320	2013-02-01	7.9	8.03	7.9	8	14165	7.96	300160	秀强股份	SZ	7.99	7.95	
321	2013-01-31	7.99	8.17	7.89	7.99	14825	7.95	300160	秀强股份	SZ	7.98	7.94	
322	2013-01-30	8.08	8.1	7.91	7.98	17823	7.94	300160	秀强股份	SZ	7.96	7.92	
323	2013-01-29	7.93	8.09	7.85	7.96	28215	7.92	300160	秀强股份	SZ	7.95	7.91	
324	2013-01-28	8	8	7.76	7.95	41228	7.91	300160	秀强股份	SZ	8.19	8.14	
325	2013-01-25	8.36	8.37	8.15	8.19	6088	8.14	300160	秀强股份	SZ	8.38	8.33	
326	2013-01-24	8.39	8.74	8.19	8.38	18957	8.33	300160	秀强股份	SZ	8.4	8.35	
327	2013-01-23	8.55	8.6	8.27	8.4	16729	8.35	300160	秀强股份	SZ	8.56	8.51	
328	2013-01-22	8.75	8.87	8.49	8.56	19205	8.51	300160	秀强股份	SZ	8.8	8.75	
329	2013-01-21	8.62	8.86	8.52	8.8	18047	8.75	300160	秀强股份	SZ	8.57	8.52	
330	2013-01-18	8.5	8.63	8.41	8.57	14848	8.52	300160	秀强股份	SZ	8.46	8.41	
331	2013-01-17	8.52	8.6	8.4	8.46	13992	8.41	300160	秀强股份	SZ	8.58	8.53	
332	2013-01-16	8.65	8.75	8.45	8.58	22556	8.53	300160	秀强股份	SZ	8.66	8.61	
333	2013-01-15	8.29	8.88	8.29	8.66	43087	8.61	300160	秀强股份	SZ	8.29	8.24	
334	2013-01-14	7.85	8.38	7.85	8.29	22596	8.24	300160	秀强股份	SZ	7.92	7.88	
335	2013-01-11	8.2	8.28	7.92	7.92	16990	7.88	300160	秀强股份	SZ	8.15	8.1	
336	2013-01-10	8.14	8.22	8.08	8.15	8953	8.1	300160	秀强股份	SZ	8.13	8.08	
337	2013-01-09	8.22	8.25	8.04	8.13	16365	8.08	300160	秀强股份	SZ	8.17	8.12	
338	2013-01-08	8.11	8.32	7.97	8.17	21041	8.12	300160	秀强股份	SZ	8.15	8.1	
339	2013-01-07	7.92	8.2	7.84	8.15	17068	8.1	300160	秀强股份	SZ	7.91	7.87	
340	2013-01-04	7.88	7.97	7.76	7.91	8516	7.87	300160	秀强股份	SZ	7.84	7.8	
344	2012-12-31	7.87	7.98	7.73	7.84	9071	7.8	300160	秀强股份	SZ	7.85	7.81	
345	2012-12-28	7.89	7.89	7.66	7.85	16016	7.81	300160	秀强股份	SZ	7.89	7.85	
346	2012-12-27	7.97	8.3	7.88	7.89	25082	7.85	300160	秀强股份	SZ	7.97	7.93	
347	2012-12-26	7.7	8	7.7	7.97	18368	7.93	300160	秀强股份	SZ	7.71	7.67	
348	2012-12-25	7.5	7.82	7.43	7.71	19044	7.67	300160	秀强股份	SZ	7.49	7.45	
349	2012-12-24	7.38	7.69	7.33	7.49	11122	7.45	300160	秀强股份	SZ	7.41	7.37	
350	2012-12-21	7.34	7.51	7.34	7.41	9937	7.37	300160	秀强股份	SZ	7.39	7.35	
351	2012-12-20	7.39	7.47	7.33	7.39	13571	7.35	300160	秀强股份	SZ	7.29	7.25	
352	2012-12-19	7.23	7.39	7.18	7.29	8030	7.25	300160	秀强股份	SZ	7.23	7.19	
353	2012-12-18	7.27	7.37	7.17	7.23	7583	7.19	300160	秀强股份	SZ	7.28	7.24	
354	2012-12-17	7.19	7.38	7.14	7.28	11793	7.24	300160	秀强股份	SZ	7.18	7.14	
355	2012-12-14	6.93	7.24	6.88	7.18	14187	7.14	300160	秀强股份	SZ	6.9	6.86	
356	2012-12-13	7.1	7.15	6.89	6.9	7117	6.86	300160	秀强股份	SZ	7.11	7.07	
357	2012-12-12	7.11	7.24	7.05	7.11	7167	7.07	300160	秀强股份	SZ	7.16	7.12	
358	2012-12-11	7.23	7.29	7.12	7.16	9049	7.12	300160	秀强股份	SZ	7.22	7.18	
359	2012-12-10	7.15	7.26	7.06	7.22	10103	7.18	300160	秀强股份	SZ	7.15	7.11	
360	2012-12-07	6.97	7.17	6.86	7.15	9263	7.11	300160	秀强股份	SZ	6.97	6.93	
361	2012-12-06	6.9	7.13	6.9	6.97	8355	6.93	300160	秀强股份	SZ	6.87	6.83	
362	2012-12-05	6.58	6.97	6.55	6.87	8027	6.83	300160	秀强股份	SZ	6.6	6.56	
363	2012-12-04	6.6	6.66	6.46	6.6	3991	6.56	300160	秀强股份	SZ	6.59	6.55	
364	2012-12-03	6.8	6.88	6.59	6.59	4344	6.55	300160	秀强股份	SZ	6.86	6.82	
365	2012-11-30	6.8	6.91	6.75	6.86	2632	6.82	300160	秀强股份	SZ	6.8	6.76	
366	2012-11-29	7.07	7.07	6.8	6.8	1799	6.76	300160	秀强股份	SZ	6.9	6.86	
367	2012-11-28	7.09	7.09	6.9	6.9	5159	6.86	300160	秀强股份	SZ	7.09	7.05	
368	2012-11-27	7.46	7.46	7.07	7.09	5204	7.05	300160	秀强股份	SZ	7.51	7.47	
369	2012-11-26	7.56	7.67	7.5	7.51	2264	7.47	300160	秀强股份	SZ	7.6	7.56	
370	2012-11-23	7.57	7.7	7.56	7.6	2376	7.56	300160	秀强股份	SZ	7.56	7.52	
371	2012-11-22	7.65	7.65	7.55	7.56	3369	7.52	300160	秀强股份	SZ	7.66	7.62	
372	2012-11-21	7.59	7.67	7.45	7.66	4025	7.62	300160	秀强股份	SZ	7.6	7.56	
373	2012-11-20	7.58	7.66	7.57	7.6	2083	7.56	300160	秀强股份	SZ	7.6	7.56	
374	2012-11-19	7.56	7.6	7.5	7.6	2696	7.56	300160	秀强股份	SZ	7.56	7.52	
375	2012-11-16	7.69	7.69	7.53	7.56	3351	7.52	300160	秀强股份	SZ	7.69	7.65	
376	2012-11-15	7.71	7.84	7.67	7.69	3696	7.65	300160	秀强股份	SZ	7.75	7.71	
377	2012-11-14	7.69	7.76	7.66	7.75	2461	7.71	300160	秀强股份	SZ	7.7	7.66	
378	2012-11-13	7.85	7.87	7.7	7.7	3709	7.66	300160	秀强股份	SZ	7.8	7.76	
379	2012-11-12	7.77	7.88	7.68	7.8	3852	7.76	300160	秀强股份	SZ	7.74	7.7	
380	2012-11-09	7.84	7.86	7.72	7.74	4450	7.7	300160	秀强股份	SZ	7.83	7.79	
381	2012-11-08	8.05	8.05	7.83	7.83	5438	7.79	300160	秀强股份	SZ	8.08	8.04	
382	2012-11-07	7.98	8.17	7.93	8.08	7180	8.04	300160	秀强股份	SZ	7.95	7.91	
383	2012-11-06	8.01	8.12	7.86	7.95	3993	7.91	300160	秀强股份	SZ	8.08	8.04	
384	2012-11-05	8.28	8.28	8.06	8.08	5625	8.04	300160	秀强股份	SZ	8.05	8.01	
385	2012-11-02	8.09	8.09	7.99	8.05	3867	8.01	300160	秀强股份	SZ	8.05	8.01	
386	2012-11-01	7.87	8.09	7.87	8.05	5833	8.01	300160	秀强股份	SZ	7.92	7.88	
387	2012-10-31	7.93	7.93	7.84	7.92	4142	7.88	300160	秀强股份	SZ	7.84	7.8	
388	2012-10-30	7.9	7.93	7.82	7.84	4418	7.8	300160	秀强股份	SZ	7.83	7.79	
389	2012-10-29	7.88	7.92	7.8	7.83	3439	7.79	300160	秀强股份	SZ	7.88	7.84	
390	2012-10-26	8.09	8.16	7.83	7.88	9072	7.84	300160	秀强股份	SZ	8.09	8.05	
391	2012-10-25	8.11	8.34	8.08	8.09	6492	8.05	300160	秀强股份	SZ	8.21	8.16	
392	2012-10-24	8.39	8.39	8.16	8.21	6027	8.16	300160	秀强股份	SZ	8.16	8.11	
393	2012-10-23	8.23	8.47	8.12	8.16	11262	8.11	300160	秀强股份	SZ	8.26	8.21	
394	2012-10-22	8.22	8.27	8.15	8.26	8830	8.21	300160	秀强股份	SZ	8.3	8.25	
395	2012-10-19	8.17	8.55	8.09	8.3	15211	8.25	300160	秀强股份	SZ	8.15	8.1	
396	2012-10-18	7.97	8.17	7.97	8.15	10440	8.1	300160	秀强股份	SZ	8.03	7.99	
397	2012-10-17	8.01	8.07	7.92	8.03	6501	7.99	300160	秀强股份	SZ	8.01	7.97	
398	2012-10-16	7.95	8.05	7.92	8.01	5621	7.97	300160	秀强股份	SZ	7.95	7.91	
399	2012-10-15	8.33	8.33	7.91	7.95	13739	7.91	300160	秀强股份	SZ	8.42	8.37	
400	2012-10-12	8.59	8.6	8.35	8.42	6746	8.37	300160	秀强股份	SZ	8.51	8.46	
401	2012-10-11	8.69	8.71	8.5	8.51	6331	8.46	300160	秀强股份	SZ	8.72	8.67	
402	2012-10-10	8.52	8.78	8.48	8.72	10134	8.67	300160	秀强股份	SZ	8.53	8.48	
403	2012-10-09	8.27	8.56	8.27	8.53	7810	8.48	300160	秀强股份	SZ	8.34	8.29	
404	2012-10-08	8.36	8.37	8.27	8.34	3960	8.29	300160	秀强股份	SZ	8.35	8.3	
410	2012-09-28	8.15	8.36	8.11	8.35	8800	8.3	300160	秀强股份	SZ	8.14	8.09	
411	2012-09-27	7.98	8.24	7.98	8.14	7274	8.09	300160	秀强股份	SZ	7.98	7.94	
412	2012-09-26	8.17	8.28	7.98	7.98	7184	7.94	300160	秀强股份	SZ	8.18	8.13	
413	2012-09-25	8.33	8.39	8.14	8.18	6017	8.13	300160	秀强股份	SZ	8.33	8.28	
414	2012-09-24	8.25	8.38	8.19	8.33	4023	8.28	300160	秀强股份	SZ	8.31	8.26	
415	2012-09-21	8.4	8.51	8.2	8.31	12404	8.26	300160	秀强股份	SZ	8.4	8.35	
416	2012-09-20	8.89	8.89	8.4	8.4	21615	8.35	300160	秀强股份	SZ	9	8.95	
417	2012-09-19	8.75	9.15	8.55	9	35461	8.95	300160	秀强股份	SZ	8.85	8.8	
418	2012-09-18	8.56	9.3	8.5	8.85	36643	8.8	300160	秀强股份	SZ	8.56	8.51	
419	2012-09-17	8.96	9	8.56	8.56	14264	8.51	300160	秀强股份	SZ	8.96	8.91	
420	2012-09-14	9.17	9.22	8.9	8.96	18795	8.91	300160	秀强股份	SZ	9.11	9.06	
421	2012-09-13	9.34	9.37	9.11	9.11	14884	9.06	300160	秀强股份	SZ	9.35	9.3	
422	2012-09-12	9.23	9.35	9.12	9.35	16069	9.3	300160	秀强股份	SZ	9.2	9.15	
423	2012-09-11	9.28	9.28	9.15	9.2	12954	9.15	300160	秀强股份	SZ	9.34	9.29	
424	2012-09-10	9.28	9.46	9.13	9.34	24758	9.29	300160	秀强股份	SZ	9.28	9.23	
425	2012-09-07	9.05	9.48	8.93	9.28	42875	9.23	300160	秀强股份	SZ	9.09	9.04	
426	2012-09-06	8.72	9.15	8.69	9.09	37218	9.04	300160	秀强股份	SZ	8.73	8.68	
427	2012-09-05	8.5	8.84	8.31	8.73	19360	8.68	300160	秀强股份	SZ	8.47	8.42	
428	2012-09-04	8.57	8.69	8.42	8.47	10872	8.42	300160	秀强股份	SZ	8.6	8.55	
429	2012-09-03	8.41	8.67	8.36	8.6	9416	8.55	300160	秀强股份	SZ	8.41	8.36	
430	2012-08-31	8.27	8.45	8.27	8.41	5437	8.36	300160	秀强股份	SZ	8.29	8.24	
431	2012-08-30	8.42	8.54	8.11	8.29	7293	8.24	300160	秀强股份	SZ	8.47	8.42	
432	2012-08-29	8.3	8.67	8.3	8.47	10702	8.42	300160	秀强股份	SZ	8.32	8.27	
433	2012-08-28	8.22	8.46	8.22	8.32	7448	8.27	300160	秀强股份	SZ	8.27	8.22	
434	2012-08-27	8.64	8.64	8.25	8.27	14838	8.22	300160	秀强股份	SZ	8.68	8.63	
435	2012-08-24	8.89	9.12	8.67	8.68	26105	8.63	300160	秀强股份	SZ	8.94	8.89	
436	2012-08-23	8.62	8.95	8.56	8.94	25285	8.89	300160	秀强股份	SZ	8.62	8.57	
437	2012-08-22	8.53	8.74	8.48	8.62	17694	8.57	300160	秀强股份	SZ	8.48	8.43	
438	2012-08-21	8.32	8.57	8.29	8.48	8832	8.43	300160	秀强股份	SZ	8.31	8.26	
439	2012-08-20	8.21	8.35	8.15	8.31	7157	8.26	300160	秀强股份	SZ	8.3	8.25	
440	2012-08-17	8.2	8.39	8.2	8.3	6457	8.25	300160	秀强股份	SZ	8.32	8.27	
441	2012-08-16	8.23	8.37	8.23	8.32	3201	8.27	300160	秀强股份	SZ	8.33	8.28	
442	2012-08-15	8.52	8.52	8.32	8.33	8285	8.28	300160	秀强股份	SZ	8.52	8.47	
443	2012-08-14	8.7	8.7	8.3	8.52	8087	8.47	300160	秀强股份	SZ	8.57	8.52	
444	2012-08-13	8.85	8.89	8.57	8.57	9431	8.52	300160	秀强股份	SZ	8.88	8.83	
445	2012-08-10	8.7	8.96	8.69	8.88	16510	8.83	300160	秀强股份	SZ	8.73	8.68	
446	2012-08-09	8.59	8.8	8.56	8.73	10343	8.68	300160	秀强股份	SZ	8.56	8.51	
447	2012-08-08	8.62	8.69	8.5	8.56	6446	8.51	300160	秀强股份	SZ	8.66	8.61	
448	2012-08-07	8.61	8.69	8.57	8.66	7129	8.61	300160	秀强股份	SZ	8.62	8.57	
449	2012-08-06	8.48	8.62	8.36	8.62	10866	8.57	300160	秀强股份	SZ	8.47	8.42	
450	2012-08-03	8.33	8.48	8.23	8.47	5820	8.42	300160	秀强股份	SZ	8.29	8.24	
451	2012-08-02	8.26	8.34	8.19	8.29	3772	8.24	300160	秀强股份	SZ	8.28	8.23	
452	2012-08-01	8.23	8.39	8.22	8.28	4973	8.23	300160	秀强股份	SZ	8.18	8.13	
453	2012-07-31	8.48	8.48	8.16	8.18	4584	8.13	300160	秀强股份	SZ	8.28	8.23	
454	2012-07-30	8.51	8.6	8.23	8.28	5764	8.23	300160	秀强股份	SZ	8.49	8.44	
455	2012-07-27	8.5	8.53	8.38	8.49	6447	8.44	300160	秀强股份	SZ	8.41	8.36	
456	2012-07-26	8.46	8.57	8.4	8.41	5534	8.36	300160	秀强股份	SZ	8.46	8.41	
457	2012-07-25	8.53	8.58	8.4	8.46	7531	8.41	300160	秀强股份	SZ	8.53	8.48	
458	2012-07-24	8.33	8.78	8.33	8.53	10824	8.48	300160	秀强股份	SZ	8.46	8.41	
459	2012-07-23	8.67	8.67	8.41	8.46	7291	8.41	300160	秀强股份	SZ	8.7	8.65	
460	2012-07-20	8.75	8.84	8.69	8.7	6332	8.65	300160	秀强股份	SZ	8.77	8.72	
461	2012-07-19	8.72	8.92	8.66	8.77	11819	8.72	300160	秀强股份	SZ	8.72	8.67	
462	2012-07-18	8.65	8.74	8.57	8.72	5553	8.67	300160	秀强股份	SZ	8.74	8.69	
463	2012-07-17	8.63	8.77	8.55	8.74	14844	8.69	300160	秀强股份	SZ	9.08	9.03	
464	2012-07-16	9.49	9.49	9.08	9.08	15025	9.03	300160	秀强股份	SZ	10.09	10.03	
465	2012-07-13	10.17	10.3	10.05	10.09	5501	10.03	300160	秀强股份	SZ	10.29	10.23	
466	2012-07-12	10.13	10.37	10.1	10.29	5498	10.23	300160	秀强股份	SZ	10.17	10.11	
467	2012-07-11	10.2	10.28	10.09	10.17	5110	10.11	300160	秀强股份	SZ	10.23	10.17	
468	2012-07-10	10.37	10.66	10.16	10.23	8101	10.17	300160	秀强股份	SZ	10.48	10.42	
469	2012-07-09	10.56	11.02	10.44	10.48	11830	10.42	300160	秀强股份	SZ	10.61	10.55	
470	2012-07-06	10.45	10.7	10.34	10.61	5857	10.55	300160	秀强股份	SZ	10.49	10.43	
471	2012-07-05	10.85	10.96	10.47	10.49	7633	10.43	300160	秀强股份	SZ	10.89	10.83	
472	2012-07-04	11.05	11.05	10.84	10.89	4442	10.83	300160	秀强股份	SZ	11.01	10.95	
473	2012-07-03	11	11.11	10.9	11.01	7644	10.95	300160	秀强股份	SZ	10.95	10.89	
474	2012-07-02	10.8	11.06	10.8	10.95	11709	10.89	300160	秀强股份	SZ	10.7	10.64	
475	2012-06-29	10.5	10.74	10.46	10.7	4502	10.64	300160	秀强股份	SZ	10.51	10.45	
476	2012-06-28	10.89	10.89	10.51	10.51	4990	10.45	300160	秀强股份	SZ	10.77	10.71	
477	2012-06-27	10.79	10.95	10.71	10.77	3735	10.71	300160	秀强股份	SZ	10.81	10.75	
478	2012-06-26	10.9	10.91	10.61	10.81	6253	10.75	300160	秀强股份	SZ	11	10.94	
479	2012-06-25	11.31	11.31	10.85	11	6074	10.94	300160	秀强股份	SZ	11.33	11.27	
481	2012-06-21	11.36	11.49	11.15	11.33	14040	11.27	300160	秀强股份	SZ	11.36	11.3	
482	2012-06-20	11.16	11.48	11.12	11.36	13819	11.3	300160	秀强股份	SZ	11.1	11.04	
483	2012-06-19	11.2	11.27	11.1	11.1	7787	11.04	300160	秀强股份	SZ	11.28	11.22	
484	2012-06-18	11.18	11.29	11.13	11.28	8564	11.22	300160	秀强股份	SZ	11.11	11.05	
485	2012-06-15	11.07	11.17	10.97	11.11	6564	11.05	300160	秀强股份	SZ	11.08	11.02	
486	2012-06-14	11.2	11.28	11.08	11.08	10448	11.02	300160	秀强股份	SZ	11.2	11.14	
487	2012-06-13	11.07	11.22	11.06	11.2	9064	11.14	300160	秀强股份	SZ	11.01	10.95	
488	2012-06-12	11.02	11.16	10.94	11.01	6390	10.95	300160	秀强股份	SZ	11.15	11.09	
489	2012-06-11	10.88	11.2	10.8	11.15	8269	11.09	300160	秀强股份	SZ	10.88	10.82	
490	2012-06-08	10.94	10.96	10.72	10.88	7100	10.82	300160	秀强股份	SZ	10.8	10.74	
491	2012-06-07	11.01	11.15	10.8	10.8	5878	10.74	300160	秀强股份	SZ	10.95	10.89	
492	2012-06-06	11.06	11.2	10.9	10.95	7097	10.89	300160	秀强股份	SZ	11.04	10.98	
493	2012-06-05	11.2	11.22	11.04	11.04	6766	10.98	300160	秀强股份	SZ	11.14	11.08	
494	2012-06-04	11.5	11.5	11.11	11.14	11617	11.08	300160	秀强股份	SZ	11.76	11.69	
495	2012-06-01	11.8	11.94	11.7	11.76	7364	11.69	300160	秀强股份	SZ	11.88	11.81	
496	2012-05-31	11.84	11.95	11.68	11.88	10474	11.81	300160	秀强股份	SZ	11.9	11.83	
497	2012-05-30	12.1	12.1	11.82	11.9	11505	11.83	300160	秀强股份	SZ	12.05	11.98	
498	2012-05-29	11.36	12.46	11.36	12.05	24696	11.98	300160	秀强股份	SZ	11.34	11.28	
499	2012-05-28	11.26	11.34	11.04	11.34	5764	11.28	300160	秀强股份	SZ	11.3	11.24	
500	2012-05-25	11.63	11.75	11.3	11.3	5868	11.24	300160	秀强股份	SZ	11.63	11.57	
501	2012-05-24	11.43	11.84	11.43	11.63	8568	11.57	300160	秀强股份	SZ	11.52	11.46	
502	2012-05-23	11.66	11.67	11.49	11.52	7146	11.46	300160	秀强股份	SZ	11.68	11.62	
503	2012-05-22	11.55	11.74	11.54	11.68	5137	11.62	300160	秀强股份	SZ	11.51	11.45	
504	2012-05-21	11.71	11.9	11.43	11.51	6887	11.45	300160	秀强股份	SZ	11.7	11.64	
505	2012-05-18	12.22	12.22	11.67	11.7	12805	11.64	300160	秀强股份	SZ	12.21	12.14	
506	2012-05-17	12.18	12.29	12.12	12.21	7996	12.14	300160	秀强股份	SZ	12.19	12.12	
507	2012-05-16	12.58	12.59	12.15	12.19	10343	12.12	300160	秀强股份	SZ	12.9	6.24	
508	2012-05-15	12.95	12.99	12.85	12.9	10378	6.24	300160	秀强股份	SZ	13.01	6.29	
509	2012-05-14	13.35	13.44	12.98	13.01	15889	6.29	300160	秀强股份	SZ	13.23	6.39	
510	2012-05-11	13.24	13.38	13.21	13.23	9694	6.39	300160	秀强股份	SZ	13.27	6.41	
511	2012-05-10	13.23	13.38	13.21	13.27	14447	6.41	300160	秀强股份	SZ	13.23	6.39	
512	2012-05-09	13.15	13.41	13.09	13.23	18751	6.39	300160	秀强股份	SZ	13.35	6.45	
513	2012-05-08	13.57	13.73	13.32	13.35	45393	6.45	300160	秀强股份	SZ	13.31	6.43	
514	2012-05-07	12.86	13.34	12.86	13.31	23018	6.43	300160	秀强股份	SZ	12.94	6.25	
515	2012-05-04	12.69	12.94	12.65	12.94	12859	6.25	300160	秀强股份	SZ	12.66	6.12	
516	2012-05-03	12.58	12.69	12.46	12.66	6841	6.12	300160	秀强股份	SZ	12.59	6.09	
517	2012-05-02	12.5	12.62	12.45	12.59	11106	6.09	300160	秀强股份	SZ	12.38	5.98	
520	2012-04-27	12.22	12.48	12.15	12.38	6962	5.98	300160	秀强股份	SZ	12.19	5.89	
521	2012-04-26	12.18	12.29	12.15	12.19	6995	5.89	300160	秀强股份	SZ	12.19	5.89	
522	2012-04-25	12.19	12.22	12.03	12.19	6258	5.89	300160	秀强股份	SZ	12.12	5.86	
523	2012-04-24	12.15	12.36	11.85	12.12	9538	5.86	300160	秀强股份	SZ	12.3	5.95	
524	2012-04-23	12.58	12.58	12.26	12.3	15350	5.95	300160	秀强股份	SZ	12.58	6.08	
525	2012-04-20	12.4	12.62	12.35	12.58	15080	6.08	300160	秀强股份	SZ	12.41	6	
527	2012-04-18	12.25	12.44	12.14	12.41	11618	6	300160	秀强股份	SZ	12.11	5.86	
528	2012-04-17	12.2	12.36	12.11	12.11	12059	5.86	300160	秀强股份	SZ	12.35	5.97	
529	2012-04-16	12.49	12.49	12.3	12.35	14455	5.97	300160	秀强股份	SZ	12.52	6.05	
530	2012-04-13	12.38	12.65	12.38	12.52	10811	6.05	300160	秀强股份	SZ	12.39	5.99	
531	2012-04-12	12.07	12.39	12.06	12.39	14592	5.99	300160	秀强股份	SZ	12.07	5.84	
532	2012-04-11	12.15	12.16	11.91	12.07	17989	5.84	300160	秀强股份	SZ	12.25	5.92	
533	2012-04-10	12.13	12.27	11.95	12.25	10800	5.92	300160	秀强股份	SZ	12.21	5.9	
534	2012-04-09	12.57	12.57	12.2	12.21	7219	5.9	300160	秀强股份	SZ	12.57	6.08	
535	2012-04-06	12.66	12.66	12.5	12.57	7709	6.08	300160	秀强股份	SZ	12.66	6.12	
536	2012-04-05	12.27	12.69	12.23	12.66	9648	6.12	300160	秀强股份	SZ	12.27	5.93	
540	2012-03-30	12.4	12.46	12.2	12.27	8417	5.93	300160	秀强股份	SZ	12.3	5.95	
541	2012-03-29	12.65	12.65	12.25	12.3	13918	5.95	300160	秀强股份	SZ	12.69	6.13	
542	2012-03-28	13.02	13.3	12.65	12.69	17585	6.13	300160	秀强股份	SZ	13.09	6.33	
544	2012-03-26	13.2	13.32	12.97	13.09	12078	6.33	300160	秀强股份	SZ	13.23	6.39	
545	2012-03-23	13.53	13.53	13.17	13.23	19359	6.39	300160	秀强股份	SZ	13.57	6.56	
546	2012-03-22	13.59	13.79	13.43	13.57	29070	6.56	300160	秀强股份	SZ	13.74	6.64	
547	2012-03-21	13.96	14.38	13.59	13.74	82329	6.64	300160	秀强股份	SZ	13.3	6.43	
548	2012-03-20	13.4	13.53	13.18	13.3	17182	6.43	300160	秀强股份	SZ	13.41	6.48	
549	2012-03-19	13.2	13.44	13.18	13.41	14536	6.48	300160	秀强股份	SZ	13.15	6.36	
550	2012-03-16	12.8	13.16	12.72	13.15	16297	6.36	300160	秀强股份	SZ	12.7	6.14	
551	2012-03-15	12.86	12.98	12.6	12.7	17331	6.14	300160	秀强股份	SZ	12.75	6.16	
552	2012-03-14	13.85	13.89	12.75	12.75	53955	6.16	300160	秀强股份	SZ	13.84	6.69	
553	2012-03-13	13.77	13.92	13.67	13.84	15510	6.69	300160	秀强股份	SZ	13.77	6.66	
554	2012-03-12	13.57	13.77	13.51	13.77	15648	6.66	300160	秀强股份	SZ	13.57	6.56	
555	2012-03-09	13.35	13.6	13.24	13.57	12252	6.56	300160	秀强股份	SZ	13.25	6.4	
556	2012-03-08	13.01	13.34	13.01	13.25	9629	6.4	300160	秀强股份	SZ	13.04	6.3	
557	2012-03-07	13.1	13.25	12.97	13.04	10700	6.3	300160	秀强股份	SZ	13.13	6.35	
558	2012-03-06	13.53	13.53	13.12	13.13	16512	6.35	300160	秀强股份	SZ	13.55	6.55	
559	2012-03-05	13.62	13.73	13.44	13.55	12321	6.55	300160	秀强股份	SZ	13.57	6.56	
560	2012-03-02	13.31	13.58	13.31	13.57	11949	6.56	300160	秀强股份	SZ	13.3	6.43	
561	2012-03-01	13.2	13.44	13.11	13.3	10736	6.43	300160	秀强股份	SZ	13.28	6.42	
562	2012-02-29	13.51	13.6	13.2	13.28	18970	6.42	300160	秀强股份	SZ	13.77	6.65	
563	2012-02-28	13.6	13.9	13.57	13.77	16541	6.65	300160	秀强股份	SZ	13.76	6.65	
564	2012-02-27	13.72	14.1	13.69	13.76	31546	6.65	300160	秀强股份	SZ	13.52	6.53	
565	2012-02-24	13.4	13.55	13.38	13.52	17251	6.53	300160	秀强股份	SZ	13.47	6.51	
566	2012-02-23	13.45	13.57	13.26	13.47	16689	6.51	300160	秀强股份	SZ	13.45	6.5	
567	2012-02-22	13.05	13.45	12.99	13.45	24458	6.5	300160	秀强股份	SZ	13.06	6.31	
568	2012-02-21	12.7	13.07	12.62	13.06	17400	6.31	300160	秀强股份	SZ	12.72	6.15	
569	2012-02-20	12.77	12.98	12.68	12.72	15986	6.15	300160	秀强股份	SZ	12.68	6.13	
570	2012-02-17	12.75	12.9	12.57	12.68	6521	6.13	300160	秀强股份	SZ	12.74	6.16	
571	2012-02-16	12.85	12.93	12.6	12.74	11653	6.16	300160	秀强股份	SZ	12.85	6.21	
572	2012-02-15	12.56	12.93	12.56	12.85	12472	6.21	300160	秀强股份	SZ	12.6	6.09	
573	2012-02-14	12.69	12.82	12.55	12.6	13891	6.09	300160	秀强股份	SZ	12.81	6.19	
574	2012-02-13	12.58	12.94	12.45	12.81	12677	6.19	300160	秀强股份	SZ	12.7	6.14	
575	2012-02-10	12.65	12.75	12.53	12.7	13918	6.14	300160	秀强股份	SZ	12.65	6.11	
576	2012-02-09	12.49	12.89	12.4	12.65	18655	6.11	300160	秀强股份	SZ	12.49	6.04	
577	2012-02-08	12.06	12.49	12.06	12.49	11165	6.04	300160	秀强股份	SZ	12.15	5.87	
578	2012-02-07	12.47	12.47	12.06	12.15	10619	5.87	300160	秀强股份	SZ	12.48	6.03	
579	2012-02-06	12.48	12.64	12.4	12.48	13538	6.03	300160	秀强股份	SZ	12.48	6.03	
580	2012-02-03	12.41	12.56	12.23	12.48	11788	6.03	300160	秀强股份	SZ	12.39	5.99	
581	2012-02-02	12.18	12.39	12.09	12.39	9302	5.99	300160	秀强股份	SZ	12.22	5.9	
582	2012-02-01	11.96	12.49	11.86	12.22	13065	5.9	300160	秀强股份	SZ	11.96	5.78	
583	2012-01-31	11.94	11.99	11.82	11.96	7292	5.78	300160	秀强股份	SZ	11.97	5.78	
584	2012-01-30	11.95	12.19	11.75	11.97	13780	5.78	300160	秀强股份	SZ	11.88	5.74	
590	2012-01-20	11.75	11.99	11.75	11.88	10544	5.74	300160	秀强股份	SZ	11.77	5.69	
591	2012-01-19	11.2	11.78	11.1	11.77	13436	5.69	300160	秀强股份	SZ	11.2	5.42	
592	2012-01-18	11.75	11.84	11.18	11.2	14082	5.42	300160	秀强股份	SZ	11.7	5.66	
593	2012-01-17	11.19	11.77	11	11.7	10617	5.66	300160	秀强股份	SZ	11.01	5.32	
594	2012-01-16	11.16	11.31	10.95	11.01	8961	5.32	300160	秀强股份	SZ	11.36	5.49	
595	2012-01-13	12.12	12.12	11.25	11.36	15261	5.49	300160	秀强股份	SZ	12	5.8	
596	2012-01-12	11.95	12.29	11.94	12	14698	5.8	300160	秀强股份	SZ	12.16	5.88	
597	2012-01-11	12.11	12.27	11.95	12.16	20856	5.88	300160	秀强股份	SZ	12.27	5.93	
598	2012-01-10	11.64	12.27	11.58	12.27	30822	5.93	300160	秀强股份	SZ	11.15	5.39	
600	2012-01-06	10.94	11.19	10.7	11.15	8172	5.39	300160	秀强股份	SZ	10.94	5.29	
601	2012-01-05	11.72	11.75	10.65	10.94	15748	5.29	300160	秀强股份	SZ	11.81	5.71	
602	2012-01-04	12.48	12.57	11.77	11.81	12685	5.71	300160	秀强股份	SZ	12.27	5.93	
605	2011-12-30	12.28	12.45	12.17	12.27	6595	5.93	300160	秀强股份	SZ	12.12	5.86	
606	2011-12-29	12.24	12.4	12.1	12.12	6374	5.86	300160	秀强股份	SZ	12.23	5.91	
607	2011-12-28	12.15	12.41	11.94	12.23	7479	5.91	300160	秀强股份	SZ	12.37	5.98	
608	2011-12-27	12.73	12.85	12.37	12.37	6404	5.98	300160	秀强股份	SZ	12.82	6.2	
609	2011-12-26	12.93	13.11	12.76	12.82	5357	6.2	300160	秀强股份	SZ	12.93	6.25	
610	2011-12-23	12.81	13.09	12.65	12.93	9384	6.25	300160	秀强股份	SZ	12.82	6.2	
611	2011-12-22	13	13.13	12.48	12.82	14419	6.2	300160	秀强股份	SZ	13.14	6.35	
612	2011-12-21	13.65	13.85	13.13	13.14	11629	6.35	300160	秀强股份	SZ	13.52	6.54	
613	2011-12-20	13.6	13.91	13.51	13.52	11792	6.54	300160	秀强股份	SZ	13.74	6.64	
614	2011-12-19	13.52	13.84	13.2	13.74	14698	6.64	300160	秀强股份	SZ	13.65	6.6	
615	2011-12-16	13.44	13.67	13.11	13.65	19605	6.6	300160	秀强股份	SZ	13.39	6.47	
616	2011-12-15	13.77	13.8	13.31	13.39	21492	6.47	300160	秀强股份	SZ	13.9	6.72	
617	2011-12-14	14.14	14.19	13.9	13.9	10916	6.72	300160	秀强股份	SZ	14.14	6.83	
618	2011-12-13	14.36	14.4	14.01	14.14	14830	6.83	300160	秀强股份	SZ	14.46	6.99	
619	2011-12-12	14.55	14.62	14.4	14.46	6446	6.99	300160	秀强股份	SZ	14.49	7.01	
620	2011-12-09	14.64	14.77	14.44	14.49	7753	7.01	300160	秀强股份	SZ	14.72	7.11	
621	2011-12-08	14.64	14.98	14.36	14.72	13262	7.11	300160	秀强股份	SZ	14.65	7.08	
622	2011-12-07	14.55	14.69	14.45	14.65	9085	7.08	300160	秀强股份	SZ	14.55	7.03	
623	2011-12-06	14.45	14.73	14.36	14.55	12070	7.03	300160	秀强股份	SZ	14.45	6.98	
624	2011-12-05	15.06	15.06	14.4	14.45	14873	6.98	300160	秀强股份	SZ	15.2	7.35	
625	2011-12-02	15.43	15.62	15.09	15.2	14456	7.35	300160	秀强股份	SZ	15.45	7.47	
626	2011-12-01	15.48	15.82	15.38	15.45	25171	7.47	300160	秀强股份	SZ	15.06	7.28	
627	2011-11-30	15.95	16.05	14.85	15.06	30264	7.28	300160	秀强股份	SZ	16.08	7.77	
628	2011-11-29	16.27	16.33	15.83	16.08	28409	7.77	300160	秀强股份	SZ	16.13	7.8	
629	2011-11-28	16.41	16.63	16.07	16.13	29741	7.8	300160	秀强股份	SZ	16.43	7.94	
630	2011-11-25	16.7	16.87	16.38	16.43	24090	7.94	300160	秀强股份	SZ	16.73	8.09	
631	2011-11-24	16.33	16.81	16.2	16.73	30582	8.09	300160	秀强股份	SZ	16.5	7.98	
632	2011-11-23	16.58	16.79	16.42	16.5	34895	7.98	300160	秀强股份	SZ	16.58	8.01	
633	2011-11-22	16.01	16.59	15.96	16.58	35530	8.01	300160	秀强股份	SZ	16.12	7.79	
634	2011-11-21	16.25	16.4	15.85	16.12	20096	7.79	300160	秀强股份	SZ	16.3	7.88	
635	2011-11-18	16.42	16.57	16.1	16.3	30627	7.88	300160	秀强股份	SZ	16.62	8.04	
636	2011-11-17	15.79	16.66	15.75	16.62	45838	8.04	300160	秀强股份	SZ	15.81	7.64	
637	2011-11-16	16.36	16.44	15.7	15.81	31001	7.64	300160	秀强股份	SZ	16.29	7.87	
638	2011-11-15	16.38	16.44	16.18	16.29	17994	7.87	300160	秀强股份	SZ	16.37	7.91	
639	2011-11-14	15.99	16.4	15.9	16.37	22335	7.91	300160	秀强股份	SZ	15.81	7.64	
640	2011-11-11	16.15	16.15	15.69	15.81	32706	7.64	300160	秀强股份	SZ	16.04	7.75	
641	2011-11-10	16.3	16.65	16.04	16.04	35798	7.75	300160	秀强股份	SZ	16.5	7.98	
642	2011-11-09	16.24	16.5	16.05	16.5	29579	7.98	300160	秀强股份	SZ	16.1	7.78	
643	2011-11-08	16.4	16.74	16.08	16.1	34933	7.78	300160	秀强股份	SZ	16.36	7.91	
644	2011-11-07	15.97	16.7	15.91	16.36	42649	7.91	300160	秀强股份	SZ	15.95	7.71	
645	2011-11-04	15.89	16.25	15.85	15.95	33273	7.71	300160	秀强股份	SZ	15.83	7.65	
646	2011-11-03	16.08	16.12	15.8	15.83	44207	7.65	300160	秀强股份	SZ	15.99	7.73	
647	2011-11-02	15.2	16.02	15	15.99	42078	7.73	300160	秀强股份	SZ	15.48	7.48	
648	2011-11-01	15.55	15.69	15.3	15.48	28027	7.48	300160	秀强股份	SZ	15.71	7.59	
649	2011-10-31	15.73	15.83	15.51	15.71	29754	7.59	300160	秀强股份	SZ	15.63	7.55	
650	2011-10-28	15.23	15.75	15.23	15.63	28694	7.55	300160	秀强股份	SZ	15.22	7.35	
651	2011-10-27	15.09	15.4	15.01	15.22	18923	7.35	300160	秀强股份	SZ	15.09	7.29	
652	2011-10-26	15.05	15.34	15.03	15.09	22857	7.29	300160	秀强股份	SZ	15.15	7.32	
653	2011-10-25	14.82	15.28	14.81	15.15	24159	7.32	300160	秀强股份	SZ	14.91	7.21	
654	2011-10-24	14.5	14.95	14.26	14.91	18202	7.21	300160	秀强股份	SZ	14.65	7.08	
655	2011-10-21	15.05	15.12	14.34	14.65	27686	7.08	300160	秀强股份	SZ	15.19	7.34	
656	2011-10-20	15.31	15.4	14.95	15.19	18214	7.34	300160	秀强股份	SZ	15.4	7.45	
657	2011-10-19	15.25	15.6	15.2	15.4	14551	7.45	300160	秀强股份	SZ	15.17	7.33	
658	2011-10-18	15.68	15.78	15.16	15.17	24502	7.33	300160	秀强股份	SZ	15.82	7.65	
659	2011-10-17	15.79	15.94	15.65	15.82	19583	7.65	300160	秀强股份	SZ	15.79	7.63	
660	2011-10-14	15.52	15.82	15.41	15.79	24373	7.63	300160	秀强股份	SZ	15.6	7.54	
661	2011-10-13	15.44	15.93	15.35	15.6	30336	7.54	300160	秀强股份	SZ	15.48	7.48	
662	2011-10-12	14.5	15.5	14.33	15.48	27824	7.48	300160	秀强股份	SZ	14.58	7.05	
663	2011-10-11	14.7	15.13	14.31	14.58	20998	7.05	300160	秀强股份	SZ	14.31	6.92	
664	2011-10-10	14.5	14.55	14.22	14.31	16956	6.92	300160	秀强股份	SZ	14.45	6.98	
665	2011-09-30	15	15.05	14.25	14.45	19078	6.98	300160	秀强股份	SZ	14.9	7.2	
666	2011-09-29	15.15	15.18	14.86	14.9	11760	7.2	300160	秀强股份	SZ	15.24	7.37	
667	2011-09-28	15.2	15.52	15.14	15.24	20216	7.37	300160	秀强股份	SZ	15.14	7.32	
668	2011-09-27	15.16	15.47	14.85	15.14	15318	7.32	300160	秀强股份	SZ	15.1	7.3	
669	2011-09-26	15.4	15.44	15.03	15.1	17003	7.3	300160	秀强股份	SZ	15.34	7.41	
670	2011-09-23	14.74	15.43	14.69	15.34	31560	7.41	300160	秀强股份	SZ	14.9	7.2	
671	2011-09-22	15.06	15.24	14.9	14.9	27723	7.2	300160	秀强股份	SZ	15.26	7.38	
672	2011-09-21	15	15.45	14.77	15.26	48241	7.38	300160	秀强股份	SZ	14.17	6.85	
673	2011-09-20	14.08	14.3	14.06	14.17	4899	6.85	300160	秀强股份	SZ	14.11	6.82	
674	2011-09-19	14.1	14.29	14.03	14.11	7346	6.82	300160	秀强股份	SZ	14.26	6.89	
675	2011-09-16	14.5	14.69	14.23	14.26	13671	6.89	300160	秀强股份	SZ	14.52	7.02	
676	2011-09-15	14.64	14.69	14.52	14.52	9465	7.02	300160	秀强股份	SZ	14.62	7.07	
677	2011-09-14	14.35	14.62	14.19	14.62	11614	7.07	300160	秀强股份	SZ	14.34	6.93	
678	2011-09-13	14.14	14.36	14.01	14.34	8114	6.93	300160	秀强股份	SZ	14.2	6.86	
679	2011-09-09	14.27	14.49	14.19	14.2	8809	6.86	300160	秀强股份	SZ	14.33	6.93	
680	2011-09-08	14.65	14.68	14.32	14.33	12391	6.93	300160	秀强股份	SZ	14.49	7	
681	2011-09-07	14.32	14.51	14.15	14.49	18577	7	300160	秀强股份	SZ	14.12	6.83	
682	2011-09-06	14.26	14.34	14.1	14.12	12783	6.83	300160	秀强股份	SZ	14.34	6.93	
683	2011-09-05	14.61	14.64	14.27	14.34	12642	6.93	300160	秀强股份	SZ	14.7	7.11	
684	2011-09-02	15.1	15.22	14.7	14.7	14836	7.11	300160	秀强股份	SZ	15.12	7.31	
685	2011-09-01	15.04	15.34	15.04	15.12	11955	7.31	300160	秀强股份	SZ	15.12	7.31	
686	2011-08-31	15.28	15.33	14.85	15.12	14564	7.31	300160	秀强股份	SZ	15.3	7.4	
687	2011-08-30	15.79	15.87	15.3	15.3	19727	7.4	300160	秀强股份	SZ	15.74	7.61	
688	2011-08-29	15.55	15.9	15.41	15.74	31026	7.61	300160	秀强股份	SZ	15.52	7.5	
689	2011-08-26	15.42	15.68	15.31	15.52	20271	7.5	300160	秀强股份	SZ	15.42	7.45	
690	2011-08-25	15.31	15.49	15.05	15.42	26987	7.45	300160	秀强股份	SZ	15.27	7.38	
691	2011-08-24	15.3	15.7	15.26	15.27	44619	7.38	300160	秀强股份	SZ	15.19	7.34	
692	2011-08-23	14.84	15.19	14.84	15.19	22707	7.34	300160	秀强股份	SZ	14.8	7.15	
693	2011-08-22	14.62	15.07	14.62	14.8	20847	7.15	300160	秀强股份	SZ	14.65	7.08	
694	2011-08-19	14.23	14.65	14.2	14.65	15820	7.08	300160	秀强股份	SZ	14.53	7.02	
695	2011-08-18	14.95	14.95	14.52	14.53	16510	7.02	300160	秀强股份	SZ	14.94	7.22	
696	2011-08-17	14.97	15.09	14.89	14.94	19372	7.22	300160	秀强股份	SZ	15.02	7.26	
697	2011-08-16	15.27	15.27	14.96	15.02	23735	7.26	300160	秀强股份	SZ	15.22	7.35	
698	2011-08-15	15.09	15.31	14.98	15.22	27989	7.35	300160	秀强股份	SZ	15.06	7.28	
699	2011-08-12	15.16	15.26	14.95	15.06	31817	7.28	300160	秀强股份	SZ	15.07	7.29	
700	2011-08-11	14.23	15.07	14.23	15.07	40825	7.29	300160	秀强股份	SZ	14.62	7.07	
701	2011-08-10	14.89	14.97	14.6	14.62	20648	7.07	300160	秀强股份	SZ	14.62	7.07	
702	2011-08-09	14.15	14.74	14.01	14.62	17622	7.07	300160	秀强股份	SZ	14.45	6.98	
703	2011-08-08	14.9	14.94	14.2	14.45	24259	6.98	300160	秀强股份	SZ	15.06	7.28	
704	2011-08-05	14.9	15.33	14.9	15.06	18610	7.28	300160	秀强股份	SZ	15.61	7.55	
705	2011-08-04	15.55	15.85	15.53	15.61	14553	7.55	300160	秀强股份	SZ	15.52	7.5	
706	2011-08-03	15.24	15.74	15.18	15.52	20912	7.5	300160	秀强股份	SZ	15.47	7.48	
707	2011-08-02	15.75	15.75	15.15	15.47	30778	7.48	300160	秀强股份	SZ	15.81	7.64	
708	2011-08-01	15.62	15.99	15.62	15.81	23455	7.64	300160	秀强股份	SZ	15.66	7.57	
709	2011-07-29	15.7	16.02	15.6	15.66	23103	7.57	300160	秀强股份	SZ	15.75	7.61	
710	2011-07-28	15.95	15.99	15.53	15.75	32676	7.61	300160	秀强股份	SZ	16.07	7.77	
711	2011-07-27	15.77	16.08	15.6	16.07	37088	7.77	300160	秀强股份	SZ	15.78	7.63	
712	2011-07-26	15.55	15.8	15.5	15.78	15488	7.63	300160	秀强股份	SZ	15.55	7.52	
713	2011-07-25	15.94	16.09	15.5	15.55	49011	7.52	300160	秀强股份	SZ	16.35	7.9	
714	2011-07-22	16.57	16.92	16	16.35	53057	7.9	300160	秀强股份	SZ	16.44	7.95	
715	2011-07-21	16.32	16.57	16.25	16.44	36714	7.95	300160	秀强股份	SZ	16.3	7.88	
716	2011-07-20	16.65	16.74	16.1	16.3	38637	7.88	300160	秀强股份	SZ	16.54	7.99	
717	2011-07-19	17.11	17.11	16.54	16.54	27306	7.99	300160	秀强股份	SZ	17.2	8.31	
718	2011-07-18	17.57	17.62	17.18	17.2	16073	8.31	300160	秀强股份	SZ	17.52	8.47	
719	2011-07-15	17.09	17.55	17.02	17.52	30530	8.47	300160	秀强股份	SZ	17.09	8.26	
720	2011-07-14	17.11	17.34	16.92	17.09	16820	8.26	300160	秀强股份	SZ	17.06	8.24	
721	2011-07-13	16.67	17.19	16.67	17.06	21487	8.24	300160	秀强股份	SZ	16.67	8.06	
722	2011-07-12	16.88	17.05	16.65	16.67	17056	8.06	300160	秀强股份	SZ	17	8.21	
723	2011-07-11	16.97	17.09	16.85	17	15003	8.21	300160	秀强股份	SZ	16.97	8.2	
724	2011-07-08	17.08	17.17	16.84	16.97	18092	8.2	300160	秀强股份	SZ	17.08	8.25	
725	2011-07-07	17.15	17.5	17.03	17.08	28095	8.25	300160	秀强股份	SZ	17.1	8.27	
726	2011-07-06	16.6	17.22	16.52	17.1	37327	8.27	300160	秀强股份	SZ	16.63	8.04	
727	2011-07-05	16.53	16.78	16.45	16.63	14848	8.04	300160	秀强股份	SZ	16.53	7.99	
728	2011-07-04	16.62	16.65	16.3	16.53	15303	7.99	300160	秀强股份	SZ	16.45	7.95	
729	2011-07-01	16.02	16.75	16.02	16.45	28551	7.95	300160	秀强股份	SZ	15.91	7.69	
730	2011-06-30	15.72	16.08	15.72	15.91	9922	7.69	300160	秀强股份	SZ	15.82	7.65	
731	2011-06-29	15.85	16.17	15.78	15.82	12472	7.65	300160	秀强股份	SZ	15.88	7.68	
732	2011-06-28	16.08	16.15	15.78	15.88	11552	7.68	300160	秀强股份	SZ	15.99	7.73	
733	2011-06-27	15.64	16.23	15.51	15.99	29847	7.73	300160	秀强股份	SZ	15.62	7.55	
734	2011-06-24	15.24	15.72	15.18	15.62	20536	7.55	300160	秀强股份	SZ	15.27	7.38	
735	2011-06-23	14.55	15.33	14.45	15.27	16217	7.38	300160	秀强股份	SZ	14.62	7.07	
736	2011-06-22	14.7	14.79	14.45	14.62	6333	7.07	300160	秀强股份	SZ	14.68	7.1	
737	2011-06-21	14.99	15.1	14.6	14.68	8741	7.1	300160	秀强股份	SZ	14.94	7.22	
738	2011-06-20	14.8	15.05	14.74	14.94	4147	7.22	300160	秀强股份	SZ	14.95	7.23	
739	2011-06-17	15	15.03	14.62	14.95	9282	7.23	300160	秀强股份	SZ	14.9	7.2	
740	2011-06-16	15.39	15.79	14.81	14.9	12041	7.2	300160	秀强股份	SZ	15.32	7.29	
741	2011-06-15	15.3	15.47	15.23	15.32	4390	7.29	300160	秀强股份	SZ	15.33	7.3	
742	2011-06-14	15.36	15.58	15.29	15.33	10319	7.3	300160	秀强股份	SZ	15.48	7.37	
743	2011-06-13	15.32	15.59	15.09	15.48	7062	7.37	300160	秀强股份	SZ	15.35	7.31	
744	2011-06-10	15.2	15.38	14.95	15.35	8227	7.31	300160	秀强股份	SZ	15.29	7.28	
745	2011-06-09	15.4	15.48	14.8	15.29	17115	7.28	300160	秀强股份	SZ	15.35	7.31	
746	2011-06-08	15.28	15.44	15.26	15.35	11665	7.31	300160	秀强股份	SZ	15.28	7.28	
747	2011-06-07	15.4	15.4	15.02	15.28	7133	7.28	300160	秀强股份	SZ	15.29	7.28	
748	2011-06-03	15	15.38	14.94	15.29	15765	7.28	300160	秀强股份	SZ	14.99	7.13	
749	2011-06-02	14.73	15.07	14.67	14.99	13029	7.13	300160	秀强股份	SZ	14.85	7.07	
750	2011-06-01	14.69	15.1	14.62	14.85	7923	7.07	300160	秀强股份	SZ	14.8	7.04	
751	2011-05-31	14.53	14.85	14.53	14.8	13213	7.04	300160	秀强股份	SZ	14.53	6.92	
752	2011-05-30	14.24	14.61	14.2	14.53	10197	6.92	300160	秀强股份	SZ	14.29	6.8	
753	2011-05-27	14.02	14.55	14	14.29	9717	6.8	300160	秀强股份	SZ	14.17	6.74	
754	2011-05-26	14.42	14.44	14	14.17	12732	6.74	300160	秀强股份	SZ	14.17	6.74	
755	2011-05-25	14.9	14.92	14.16	14.17	9842	6.74	300160	秀强股份	SZ	-1	-1	
