1496	2008-06-25	10.2	10.66	10.02	10.53	707170	4.91	1	深发展Ａ	SZ	10.36	4.84	
1456	2008-06-25	2.09	2.18	2.07	2.18	512848	1.03	100	TCL 集团	SZ	2.09	0.99	
1503	2008-06-25	5.63	5.81	5.54	5.71	8711	5.19	11	深物业A	SZ	5.54	5.03	
1490	2008-06-25	8.82	9.4	8.71	9.28	68762	4.83	12	南 玻Ａ	SZ	8.78	4.57	
1502	2008-06-25	8.67	9.57	8.6	9.56	21439	6.28	14	沙河股份	SZ	8.7	5.71	
1503	2008-06-25	4.38	4.64	4.3	4.63	16843	4.63	150	宜华地产	SZ	4.38	4.38	
1502	2008-06-25	5.05	5.38	4.98	5.35	30812	5.25	151	中成股份	SZ	5.03	4.94	
1504	2008-06-25	4.2	4.46	4.18	4.42	19630	4.38	153	丰原药业	SZ	4.19	4.15	
1503	2008-06-25	11.64	11.64	11.64	11.64	4589	11.41	155	川化股份	SZ	12.93	12.67	
1488	2008-06-25	5.3	5.3	5.3	5.3	37709	1.3	157	中联重科	SZ	5.9	0.71	
1481	2008-06-25	4.25	4.49	4.2	4.45	70388	4.44	158	常山股份	SZ	4.25	4.24	
1461	2008-06-25	8.6	9	8.43	8.99	69246	4.21	159	国际实业	SZ	8.52	3.99	
1501	2008-06-25	3.87	4.09	3.83	4.04	148166	3.96	16	深康佳Ａ	SZ	3.87	3.8	
1473	2008-06-25	3.53	3.83	3.53	3.81	41321	1.55	1696	宗申动力	SZ	3.57	1.46	
1503	2008-06-25	5.04	5.47	5.01	5.47	3511	5.47	18	ST中冠A	SZ	5.22	5.22	
1439	2008-06-25	10.19	10.75	10.1	10.67	6205	10.4	19	深深宝Ａ	SZ	10.2	9.95	
1503	2008-06-25	9.3	9.9	9.21	9.68	1200824	8.76	2	万 科Ａ	SZ	9.35	8.46	
1475	2008-06-25	20.35	22.1	20.15	21.88	101201	9.25	2001	新 和 成	SZ	20.34	8.6	
1445	2008-06-25	3.47	3.66	3.46	3.62	15386	2.79	2002	ST琼花	SZ	3.5	2.69	
1469	2008-06-25	16.37	17.74	16.37	17.73	4434	10.7	2003	伟星股份	SZ	16.51	9.96	
1474	2008-06-25	3.85	4.14	3.82	4.13	50518	1.24	2004	华邦制药	SZ	3.81	1.15	
1466	2008-06-25	2.03	2.12	2	2.1	100945	1.04	2005	德豪润达	SZ	2	0.99	
1464	2008-06-25	3.59	3.82	3.58	3.75	80234	1.24	2006	精功科技	SZ	3.55	1.18	
1476	2008-06-25	15.62	16.33	15.55	16.23	4593	6.17	2007	华兰生物	SZ	16.01	6.08	
1480	2008-06-25	7.37	7.83	7.37	7.74	54436	4.84	2008	大族激光	SZ	7.49	4.69	
1476	2008-06-25	11.19	11.88	11.01	11.84	37995	11.77	2009	天奇股份	SZ	11.21	11.15	
1475	2008-06-25	3.33	3.55	3.26	3.52	37270	1.68	2010	传化股份	SZ	3.31	1.58	
1477	2008-06-25	4.55	4.8	4.53	4.78	45783	2.14	2011	盾安环境	SZ	4.52	2.03	
1480	2008-06-25	4.22	4.47	4.18	4.45	46691	2.12	2012	凯恩股份	SZ	4.22	2.01	
1454	2008-06-25	4.27	4.27	4.13	4.27	150965	1.59	2013	中航精机	SZ	3.88	1.45	
1480	2008-06-25	4.22	4.46	4.19	4.46	21183	1.86	2014	永新股份	SZ	4.24	1.77	
1469	2008-06-25	5.08	5.58	5.02	5.53	32315	5.49	2015	霞客环保	SZ	5.07	5.04	
1476	2008-06-25	3.33	3.54	3.25	3.49	23603	1.02	2016	世荣兆业	SZ	3.29	0.96	
1460	2008-06-25	6.46	6.9	6.45	6.9	15468	6.06	2017	东信和平	SZ	6.5	5.71	
1488	2008-06-25	9.67	10.3	9.58	10.19	110580	3.76	2018	华星化工	SZ	9.66	3.57	
1482	2008-06-25	13.5	14.94	13.5	14.94	47570	14.73	2019	鑫富药业	SZ	13.58	13.39	
1479	2008-06-25	3.03	3.2	3.01	3.17	12898	1.53	2020	京新药业	SZ	3.03	1.46	
1477	2008-06-25	2.27	2.42	2.24	2.41	113131	1.02	2021	中捷股份	SZ	2.27	0.96	
1482	2008-06-25	15.92	17.07	15.85	16.92	15835	11.84	2022	科华生物	SZ	16.15	11.3	
1476	2008-06-25	3.93	4.23	3.93	4.2	22400	2.9	2023	海特高新	SZ	3.94	2.72	
1478	2008-06-25	8.78	9.46	8.78	9.38	75490	1.98	2024	苏宁电器	SZ	8.78	1.86	
1480	2008-06-25	8.92	9.34	8.85	9.29	26023	8.97	2025	航天电器	SZ	8.92	8.62	
1464	2008-06-25	3.37	3.53	3.35	3.5	11870	1.96	2026	山东威达	SZ	3.34	1.87	
1480	2008-06-25	4.73	4.74	4.55	4.73	12701	4.73	2027	七喜控股	SZ	4.55	4.55	
1482	2008-06-25	14.3	14.81	14.26	14.73	38918	8.6	2028	思源电气	SZ	14.18	8.28	
1478	2008-06-25	7.06	7.42	6.91	7.37	26673	3.08	2029	七 匹 狼	SZ	7.02	2.94	
1480	2008-06-25	4.26	4.69	4.26	4.65	65773	2.43	2030	达安基因	SZ	4.26	2.23	
1475	2008-06-25	3.69	3.95	3.67	3.9	21285	2.42	2031	巨轮股份	SZ	3.68	2.29	
1479	2008-06-25	9.74	10.2	9.59	10.13	9358	6.51	2032	苏 泊 尔	SZ	9.76	6.27	
1444	2008-06-25	8.21	8.88	8.14	8.75	8210	4.88	2033	丽江旅游	SZ	8.21	4.58	
1483	2008-06-25	6.46	6.99	6.43	6.99	6085	6.69	2034	美 欣 达	SZ	6.5	6.22	
1480	2008-06-25	8.06	8.98	8.06	8.86	84422	5.66	2035	华帝股份	SZ	8.19	5.24	
1483	2008-06-25	5.97	6.31	5.8	6.31	19770	4	2036	宜科科技	SZ	5.97	3.79	
1471	2008-06-25	3.69	4.06	3.65	3.99	49681	1.64	2037	久联发展	SZ	3.84	1.58	
1502	2008-06-25	14.44	14.89	14.27	14.72	31021	7.95	2038	双鹭药业	SZ	14.43	7.8	
1483	2008-06-25	9.4	9.97	9.4	9.89	5704	9.58	2039	黔源电力	SZ	9.58	9.28	
1480	2008-06-25	5.35	5.65	5.25	5.53	19905	5.39	2040	南 京 港	SZ	5.34	5.2	
1481	2008-06-25	11.35	12.55	11.11	12.55	346860	6.14	2041	登海种业	SZ	11.41	5.58	
1495	2008-06-25	2.42	2.63	2.39	2.56	20411	0.82	2042	华孚色纺	SZ	2.43	0.77	
1478	2008-06-25	2.34	2.46	2.3	2.44	17574	1.14	2043	兔 宝 宝	SZ	2.32	1.09	
1480	2008-06-25	3.55	3.7	3.48	3.69	11778	2.51	2044	江苏三友	SZ	3.54	2.4	
1476	2008-06-25	3.76	3.81	3.62	3.81	31455	1.95	2045	广州国光	SZ	3.54	1.82	
1476	2008-06-25	4.5	4.75	4.44	4.69	18620	2.24	2046	轴研科技	SZ	4.49	2.14	
1481	2008-06-25	2.69	2.86	2.69	2.85	23411	1.73	2047	成霖股份	SZ	2.69	1.63	
1476	2008-06-25	8.2	8.85	8.15	8.82	105111	8.43	2048	宁波华翔	SZ	8.28	7.91	
1449	2008-06-25	4.85	5.09	4.83	5.09	12627	3.28	2049	晶源电子	SZ	4.85	3.12	
1478	2008-06-25	7.51	7.95	7.5	7.95	11020	3.34	2050	三花股份	SZ	7.51	3.16	
1470	2008-06-25	5.65	5.88	5.61	5.84	16310	2.09	2051	中工国际	SZ	5.61	2	
1470	2008-06-25	3.86	4.12	3.86	4.11	33370	2.03	2052	同洲电子	SZ	3.93	1.94	
1481	2008-06-25	6.48	6.98	6.4	6.92	11800	2.89	2054	德美化工	SZ	6.43	2.69	
1476	2008-06-25	4.59	5.05	4.59	5.05	8539	2.47	2055	得润电子	SZ	4.59	2.24	
1480	2008-06-25	8.9	9.2	8.65	9.18	27115	9.08	2056	横店东磁	SZ	8.7	8.61	
1481	2008-06-25	7.14	7.76	7.14	7.7	8942	7.68	2057	中钢天源	SZ	7.34	7.32	
1472	2008-06-25	3.95	4.09	3.9	4.07	6285	1.7	2058	威 尔 泰	SZ	3.91	1.64	
1455	2008-06-25	7.89	8.27	7.72	8.19	8166	8.05	2059	云南旅游	SZ	7.9	7.76	
1474	2008-06-25	3.89	4.09	3.85	4.09	27077	2.26	2060	粤 水 电	SZ	3.89	2.16	
1471	2008-06-25	4.76	5.1	4.73	5.05	24995	3.09	2061	江山化工	SZ	4.79	2.92	
1479	2008-06-25	7.31	7.71	7.31	7.67	16170	2.72	2062	宏润建设	SZ	7.4	2.63	
1479	2008-06-25	3.43	3.59	3.32	3.54	11232	0.87	2063	远光软件	SZ	3.39	0.83	
1482	2008-06-25	4.24	4.65	4.2	4.65	107509	2.23	2064	华峰氨纶	SZ	4.22	2.02	
1454	2008-06-25	6.24	6.47	6.16	6.41	23179	2.63	2065	东华软件	SZ	6.22	2.55	
1483	2008-06-25	4.38	4.49	4.3	4.47	8177	2.07	2066	瑞泰科技	SZ	4.3	1.99	
1474	2008-06-25	3.22	3.54	3.19	3.54	150586	1.72	2067	景兴纸业	SZ	3.21	1.57	
1473	2008-06-25	3.37	3.64	3.33	3.59	44451	1.4	2068	黑猫股份	SZ	3.4	1.32	
1474	2008-06-25	5.72	6.31	5.65	6.31	158703	1.85	2069	獐 子 岛	SZ	5.74	1.68	
1478	2008-06-25	2.01	2.11	1.97	2.11	19325	0.71	2070	众和股份	SZ	1.99	0.67	
1476	2008-06-25	4.02	4.19	3.94	4.12	15828	2.71	2071	江苏宏宝	SZ	4.02	2.64	
1471	2008-06-25	4.5	4.95	4.49	4.85	17160	4.85	2072	*ST德棉	SZ	4.5	4.5	
1479	2008-06-25	7.2	7.53	7.16	7.48	16336	3.28	2073	软控股份	SZ	7.2	3.15	
1479	2008-06-25	4.02	4.33	3.99	4.23	50219	2.27	2074	东源电器	SZ	4.02	2.16	
1478	2008-06-25	6.9	7.36	6.9	7.3	7599	7	2076	雪 莱 特	SZ	6.91	6.63	
1462	2008-06-25	7.25	7.67	7.18	7.6	21357	7.47	2077	大港股份	SZ	7.27	7.14	
1475	2008-06-25	7.99	8.68	7.93	8.6	55486	3.97	2078	太阳纸业	SZ	8.15	3.76	
1474	2008-06-25	2.28	2.38	2.19	2.33	61231	0.96	2079	苏州固锝	SZ	2.24	0.93	
1477	2008-06-25	8.68	9.05	8.51	9	9758	4.06	2080	中材科技	SZ	8.55	3.86	
1475	2008-06-25	3.29	3.45	3.24	3.45	8493	0.42	2081	金 螳 螂	SZ	3.29	0.4	
1480	2008-06-25	5.99	6.59	5.98	6.59	28608	6.18	2082	栋梁新材	SZ	5.99	5.62	
1483	2008-06-25	5.44	5.76	5.39	5.76	67034	5.62	2083	孚日股份	SZ	5.43	5.3	
1480	2008-06-25	3.64	3.86	3.64	3.85	14597	1.92	2084	海鸥卫浴	SZ	3.65	1.82	
1455	2008-06-25	6	6.4	5.93	6.33	20005	5.49	2085	万丰奥威	SZ	6.06	5.26	
1480	2008-06-25	6.54	7.2	6.5	7.07	16166	3.48	2086	东方海洋	SZ	6.57	3.24	
1475	2008-06-25	3.05	3.18	3.01	3.16	34981	1.85	2087	新野纺织	SZ	3.04	1.78	
1480	2008-06-25	13.3	14.05	13.1	13.93	11989	13.34	2088	鲁阳股份	SZ	13.29	12.73	
1477	2008-06-25	2.38	2.57	2.35	2.53	39844	0.95	2089	新 海 宜	SZ	2.38	0.9	
1422	2008-06-25	5.59	5.84	5.54	5.84	6539	2.74	2090	金智科技	SZ	5.59	2.63	
1482	2008-06-25	4.95	5.39	4.93	5.3	15589	3.39	2091	江苏国泰	SZ	4.96	3.18	
1469	2008-06-25	8.6	9.1	8.53	8.97	141971	5.64	2092	中泰化学	SZ	8.63	5.43	
1477	2008-06-25	4.62	4.84	4.5	4.84	61155	1.61	2093	国脉科技	SZ	4.53	1.51	
1480	2008-06-25	3.73	4	3.73	4	25488	2.58	2094	青岛金王	SZ	3.73	2.41	
1483	2008-06-25	12.31	13.21	12.12	13.12	8261	7.06	2095	生 意 宝	SZ	12.32	6.63	
1453	2008-06-25	3.27	3.54	3.27	3.49	11431	1.08	2096	南岭民爆	SZ	3.29	1.02	
1479	2008-06-25	13.39	14.67	13.39	14.53	55334	9.59	2097	山河智能	SZ	13.53	8.92	
1476	2008-06-25	8.7	9.11	8.52	9.07	9197	8.16	2098	浔兴股份	SZ	8.58	7.72	
1475	2008-06-25	3.66	3.88	3.6	3.86	20358	1.79	2099	海翔药业	SZ	3.65	1.7	
1490	2008-06-25	4.66	4.9	4.57	4.87	69669	3.07	21	长城开发	SZ	4.63	2.92	
1472	2008-06-25	5.62	6.01	5.48	5.98	16843	2.64	2100	天康生物	SZ	5.65	2.5	
1470	2008-06-25	6.05	6.57	6	6.55	18333	3.08	2101	广东鸿图	SZ	6.11	2.87	
1472	2008-06-25	2.61	2.78	2.59	2.76	41183	0.91	2102	冠福家用	SZ	2.61	0.86	
1481	2008-06-25	7.53	8.15	7.45	8.02	13556	7.27	2103	广博股份	SZ	7.53	6.83	
1481	2008-06-25	7.93	8.4	7.93	8.33	9175	5.29	2104	恒宝股份	SZ	8.03	5.1	
1478	2008-06-25	5.1	5.3	5.03	5.25	5660	4.8	2105	信隆实业	SZ	5.03	4.6	
1482	2008-06-25	8.05	8.47	7.99	8.45	17174	4.28	2106	莱宝高科	SZ	8.05	4.08	
1479	2008-06-25	13.38	14.14	13.27	13.97	16167	6.99	2107	沃华医药	SZ	13.47	6.74	
1473	2008-06-25	3.2	3.37	3.16	3.33	14577	0.83	2108	沧州明珠	SZ	3.2	0.8	
1478	2008-06-25	7.2	7.7	7.13	7.66	28232	4.51	2109	兴化股份	SZ	7.19	4.23	
1473	2008-06-25	13.23	14.13	13.1	14.09	21972	13.92	2110	三钢闽光	SZ	13.33	13.17	
1473	2008-06-25	6.99	7.43	6.99	7.39	5408	3.93	2111	威海广泰	SZ	7.01	3.73	
1478	2008-06-25	4.71	4.94	4.6	4.9	14338	1.88	2112	三变科技	SZ	4.71	1.81	
1463	2008-06-25	6.53	7.06	6.5	7.06	27971	4.4	2113	ST天润	SZ	6.52	4.07	
1473	2008-06-25	3.41	3.63	3.41	3.6	32138	1.15	2115	三维通信	SZ	3.43	1.09	
1480	2008-06-25	8.78	9.36	8.78	9.19	20809	4.47	2116	中国海诚	SZ	8.75	4.26	
1473	2008-06-25	6.44	6.77	6.42	6.72	6277	3.68	2117	东港股份	SZ	6.42	3.51	
1433	2008-06-25	4.6	5.16	4.6	5.16	113563	1.5	2118	紫鑫药业	SZ	4.69	1.36	
1472	2008-06-25	6.22	6.56	6.13	6.51	10647	6.42	2119	康强电子	SZ	6.2	6.11	
1417	2008-06-25	6.97	7.21	6.85	7.21	6505	6.99	2120	新海股份	SZ	6.92	6.71	
1475	2008-06-25	7.43	7.44	7.18	7.42	3221	2.43	2121	科陆电子	SZ	7.26	2.37	
1482	2008-06-25	11.61	12.38	11.61	12.28	21302	2.93	2122	天马股份	SZ	11.74	2.8	
1481	2008-06-25	9.13	9.56	9.13	9.52	20033	2.6	2123	荣信股份	SZ	9.34	2.55	
1480	2008-06-25	6.43	6.86	6.4	6.8	20691	4.23	2124	天邦股份	SZ	6.47	4.02	
1468	2008-06-25	5.22	5.61	5.16	5.5	36884	3.42	2125	湘潭电化	SZ	5.33	3.32	
1476	2008-06-25	3.84	4.18	3.81	4.17	30206	1.5	2126	银轮股份	SZ	3.82	1.38	
1477	2008-06-25	2.86	3.01	2.83	3	9203	1.25	2127	新民科技	SZ	2.85	1.19	
1480	2008-06-25	15.96	17.19	15.92	17.15	63130	11.78	2128	露天煤业	SZ	16.11	11.07	
1472	2008-06-25	6.92	7.12	6.77	7.1	44089	3.73	2129	中环股份	SZ	6.83	3.59	
1472	2008-06-25	2.9	3.18	2.89	3.16	23957	0.68	2130	沃尔核材	SZ	2.89	0.63	
1394	2008-06-25	4.28	4.54	4.16	4.54	14140	2.17	2131	利欧股份	SZ	4.18	2	
1474	2008-06-25	3.45	3.6	3.4	3.58	34133	1.7	2132	恒星科技	SZ	3.4	1.62	
1475	2008-06-25	4.32	4.57	4.26	4.56	71347	3.41	2133	广宇集团	SZ	4.33	3.24	
1482	2008-06-25	7.76	8.2	7.68	8.16	10304	8.16	2134	天津普林	SZ	7.72	7.72	
1477	2008-06-25	3.36	3.59	3.34	3.53	29262	1.25	2135	东南网架	SZ	3.34	1.18	
1475	2008-06-25	4.28	4.65	4.26	4.59	22946	2.28	2136	安 纳 达	SZ	4.34	2.16	
1477	2008-06-25	4.2	4.46	4.08	4.36	14635	1.97	2137	实 益 达	SZ	4.15	1.88	
1477	2008-06-25	6.34	6.62	6.25	6.6	8194	2.76	2138	顺络电子	SZ	6.32	2.64	
1474	2008-06-25	4.98	5.14	4.93	5.14	10228	1.3	2139	拓邦股份	SZ	5	1.27	
1481	2008-06-25	7.96	8.63	7.96	8.63	4928	1.87	2140	东华科技	SZ	8.09	1.75	
1441	2008-06-25	4.69	4.94	4.69	4.89	20779	2.1	2141	蓉胜超微	SZ	4.69	2.02	
1478	2008-06-25	11.6	12.05	11.55	11.95	63835	10.86	2142	宁波银行	SZ	11.65	10.59	
1472	2008-06-25	5.68	6.09	5.62	6.05	20112	4.59	2143	高金食品	SZ	5.72	4.34	
1472	2008-06-25	11.25	12.08	11.1	11.91	18038	11.44	2144	宏达高科	SZ	11.27	10.83	
1388	2008-06-25	8.7	9.46	8.69	9.46	47116	9.46	2145	*ST钛白	SZ	8.6	8.6	
1472	2008-06-25	4.12	4.37	4.04	4.32	157534	2.28	2146	荣盛发展	SZ	4.15	2.19	
1468	2008-06-25	16.5	17.87	16.3	17.87	14603	8.44	2147	方圆支承	SZ	16.5	7.79	
1480	2008-06-25	5.32	5.63	5.27	5.62	10144	1.74	2148	北纬通信	SZ	5.27	1.63	
1482	2008-06-25	4.37	4.62	4.33	4.57	11585	1.71	2150	江苏通润	SZ	4.33	1.63	
1469	2008-06-25	11.72	12.33	11.68	12.32	5985	6.62	2151	北斗星通	SZ	11.72	6.3	
1483	2008-06-25	10.81	11.6	10.59	11.47	20838	4.04	2152	广电运通	SZ	10.82	3.81	
1481	2008-06-25	23.62	24.36	22.95	24.23	3608	8.45	2153	石基信息	SZ	23.36	8.15	
1470	2008-06-25	6.63	7.15	6.62	7.13	21882	2.5	2154	报 喜 鸟	SZ	6.77	2.37	
1480	2008-06-25	6.99	7.46	6.98	7.35	62000	3.88	2155	辰州矿业	SZ	6.99	3.69	
1478	2008-06-25	4.57	4.85	4.57	4.81	59306	2.17	2156	通富微电	SZ	4.52	2.04	
1481	2008-06-25	4.37	4.82	4.33	4.82	57515	1.95	2157	正邦科技	SZ	4.38	1.78	
1482	2008-06-25	6.9	7.5	6.81	7.38	30521	4.28	2158	汉钟精机	SZ	7.08	4.1	
1479	2008-06-25	6.84	7.14	6.6	7.1	9254	7.02	2159	三特索道	SZ	6.7	6.62	
1478	2008-06-25	6.73	7.08	6.64	6.9	97194	1.25	2161	远 望 谷	SZ	6.85	1.24	
1481	2008-06-25	5.35	5.59	5.35	5.57	10524	5	2162	斯 米 克	SZ	5.31	4.77	
1466	2008-06-25	1.95	2.09	1.95	2.08	19180	0.65	2163	中航三鑫	SZ	1.96	0.62	
1480	2008-06-25	5.14	5.4	5.09	5.38	30169	2.58	2164	东力传动	SZ	5.1	2.44	
1479	2008-06-25	2.7	2.95	2.66	2.94	54865	0.66	2165	红 宝 丽	SZ	2.7	0.61	
1473	2008-06-25	5.99	6.35	5.99	6.3	8381	3.15	2166	莱茵生物	SZ	5.99	2.99	
1475	2008-06-25	3.87	4.17	3.87	4.12	36169	0.77	2167	东方锆业	SZ	3.92	0.73	
1475	2008-06-25	1.52	1.64	1.52	1.64	38550	0.21	2168	深圳惠程	SZ	1.52	0.19	
1476	2008-06-25	3.98	4.29	3.94	4.28	19866	1.41	2169	智光电气	SZ	4.04	1.33	
1477	2008-06-25	3	3.21	2.98	3.17	61727	0.71	2170	芭田股份	SZ	3	0.67	
1481	2008-06-25	10.25	10.79	10.1	10.69	10478	10.58	2171	精诚铜业	SZ	10.25	10.15	
1476	2008-06-25	4.83	5.28	4.79	5.28	86213	3.52	2172	澳洋科技	SZ	4.8	3.2	
1481	2008-06-25	5.54	6.03	5.48	6.03	53225	2	2173	山 下 湖	SZ	5.62	1.86	
1479	2008-06-25	9.09	9.8	9.06	9.63	11932	9.59	2174	梅 花 伞	SZ	9.2	9.16	
1453	2008-06-25	9.5	9.9	9.29	9.8	3790	9.64	2175	广陆数测	SZ	9.4	9.25	
1466	2008-06-25	2.71	2.83	2.69	2.78	70359	0.47	2176	江特电机	SZ	2.67	0.45	
1473	2008-06-25	3.14	3.31	3.04	3.27	31802	0.75	2177	御银股份	SZ	3.1	0.71	
1481	2008-06-25	6.24	6.63	6.13	6.59	27915	3.84	2178	延华智能	SZ	6.32	3.68	
1482	2008-06-25	6.32	6.66	6.32	6.61	26087	2.88	2179	中航光电	SZ	6.24	2.72	
1481	2008-06-25	6.79	7.33	6.73	7.16	13170	4.62	2180	万 力 达	SZ	6.95	4.48	
1423	2008-06-25	6.9	7.39	6.77	7.38	23293	5.58	2181	粤 传 媒	SZ	6.9	5.22	
1478	2008-06-25	10.6	11.46	10.49	11.17	19995	7.29	2182	云海金属	SZ	10.49	6.85	
1462	2008-06-25	6.64	7.11	6.55	6.99	56171	1.89	2183	怡 亚 通	SZ	6.55	1.77	
1483	2008-06-25	6.56	6.89	6.43	6.83	11238	6.6	2184	海得控制	SZ	6.45	6.23	
1477	2008-06-25	3.09	3.27	3.09	3.26	27066	1.38	2185	华天科技	SZ	3.09	1.31	
1482	2008-06-25	20	21.49	20	21.2	35900	9.07	2186	全 聚 德	SZ	20.25	8.66	
1479	2008-06-25	14.83	15.17	14.22	14.99	8359	7.49	2187	广百股份	SZ	14.59	7.29	
1435	2008-06-25	5.63	6.19	5.54	6.07	49929	3.09	2188	新 嘉 联	SZ	5.77	2.95	
1481	2008-06-25	6.5	6.88	6.49	6.8	9357	6.74	2189	利达光电	SZ	6.51	6.46	
1461	2008-06-25	4.16	4.4	4.15	4.39	20716	2.02	2190	成飞集成	SZ	4.12	1.89	
1478	2008-06-25	6.61	6.93	6.55	6.91	23705	4.11	2191	劲嘉股份	SZ	6.56	3.9	
1477	2008-06-25	5.63	5.97	5.59	5.89	16431	2.94	2192	路翔股份	SZ	5.63	2.81	
1483	2008-06-25	6.65	7.08	6.61	7.01	14597	6.92	2193	山东如意	SZ	6.64	6.56	
1482	2008-06-25	15.23	16	15.13	15.81	18387	10.59	2194	武汉凡谷	SZ	15.32	10.26	
1483	2008-06-25	8.8	9.4	8.75	9.27	8540	5.96	2195	海隆软件	SZ	8.97	5.77	
1477	2008-06-25	7.33	8.09	7.27	8	25780	5.03	2196	方正电机	SZ	7.49	4.71	
1476	2008-06-25	6.71	7.35	6.69	7.35	30224	2.94	2197	证通电子	SZ	6.68	2.67	
1478	2008-06-25	2.1	2.23	2.04	2.19	69847	0.43	2198	嘉应制药	SZ	2.14	0.42	
1477	2008-06-25	4.85	5.13	4.78	5.09	14988	1.91	2199	东晶电子	SZ	4.88	1.83	
1503	2008-06-25	14.08	14.7	14.08	14.68	12849	12.17	22	深赤湾Ａ	SZ	14.08	11.67	
1451	2008-06-25	24.72	26.16	24.5	25.25	18182	13.82	2200	绿 大 地	SZ	24.78	13.57	
1441	2008-06-25	5.54	6.02	5.54	6.01	28587	3.52	2201	九鼎新材	SZ	5.49	3.21	
1477	2008-06-25	17.92	18.97	17.77	18.97	52159	7.86	2202	金风科技	SZ	17.92	7.43	
1481	2008-06-25	7.67	8.13	7.6	8.04	46695	5.01	2203	海亮股份	SZ	7.75	4.83	
1454	2008-06-25	7.52	7.94	7.47	7.87	31549	3.3	2204	华锐铸钢	SZ	7.53	3.16	
1476	2008-06-25	10.86	11.78	10.86	11.78	7600	9.28	2205	国统股份	SZ	11.04	8.7	
1474	2008-06-25	5	5.22	4.88	5.2	27320	1.45	2206	海 利 得	SZ	4.98	1.39	
1477	2008-06-25	12.32	13.16	12.11	13	12682	12.79	2207	准油股份	SZ	12.33	12.13	
1479	2008-06-25	5.2	5.45	5.1	5.45	17771	2.53	2208	合肥城建	SZ	5.18	2.4	
1479	2008-06-25	5.43	5.72	5.37	5.62	16754	3.64	2209	达 意 隆	SZ	5.39	3.5	
1480	2008-06-25	3.48	3.69	3.44	3.68	39551	1.16	2210	飞马国际	SZ	3.47	1.1	
1477	2008-06-25	7.63	8.04	7.57	7.99	39444	5.27	2211	宏达新材	SZ	7.61	5.02	
1472	2008-06-25	4.52	4.78	4.5	4.73	29503	1.38	2212	南洋股份	SZ	4.5	1.32	
1480	2008-06-25	4.35	4.57	4.29	4.57	16306	2.2	2213	特 尔 佳	SZ	4.38	2.11	
1458	2008-06-25	6.84	7.57	6.84	7.45	28388	3.56	2214	大立科技	SZ	6.9	3.3	
1472	2008-06-25	4.68	4.97	4.66	4.93	27447	1.07	2215	诺 普 信	SZ	4.7	1.02	
1476	2008-06-25	9.22	10.24	9.12	10.24	74611	2.4	2216	三全食品	SZ	9.31	2.18	
1479	2008-06-25	7.32	7.68	7.16	7.51	129904	3.16	2217	联合化工	SZ	7.18	3.02	
1476	2008-06-25	10.32	11.07	10.32	10.95	101228	4.66	2218	拓日新能	SZ	10.53	4.48	
1478	2008-06-25	3.77	3.95	3.7	3.91	47201	0.96	2219	独 一 味	SZ	3.71	0.91	
1477	2008-06-25	4.28	4.64	4.26	4.57	28847	0.73	2220	天宝股份	SZ	4.27	0.68	
1474	2008-06-25	3.67	3.98	3.62	3.92	64129	1.92	2221	东华能源	SZ	3.68	1.8	
1483	2008-06-25	5.73	6.2	5.67	6.13	37947	3.67	2222	福晶科技	SZ	5.77	3.45	
1480	2008-06-25	4	4.21	3.91	4.15	220102	0.79	2223	鱼跃医疗	SZ	4.02	0.76	
1478	2008-06-25	5.02	5.18	4.87	5.13	36399	1.8	2224	三 力 士	SZ	4.9	1.72	
1470	2008-06-25	3.95	4.23	3.95	4.19	49263	2.34	2225	濮耐股份	SZ	4.01	2.24	
1451	2008-06-25	3.72	3.92	3.71	3.89	19456	0.92	2226	江南化工	SZ	3.74	0.88	
1482	2008-06-25	14.15	15.02	14.08	14.92	14965	14.57	2227	奥 特 迅	SZ	14.25	13.92	
1471	2008-06-25	3.54	3.74	3.54	3.72	19483	1.14	2228	合兴包装	SZ	3.57	1.09	
1476	2008-06-25	4.32	4.53	4.27	4.47	32660	1.26	2229	鸿博股份	SZ	4.3	1.21	
1476	2008-06-25	9.19	9.53	9.04	9.42	27025	1.51	2230	科大讯飞	SZ	9.3	1.49	
1481	2008-06-25	2.93	3.08	2.92	3.06	31409	0.92	2231	奥维通信	SZ	2.93	0.88	
1472	2008-06-25	4.46	4.75	4.41	4.62	58142	1.59	2232	启明信息	SZ	4.46	1.54	
1478	2008-06-25	5.12	5.38	5.07	5.34	132221	2.51	2233	塔牌集团	SZ	5.14	2.42	
1477	2008-06-25	9.45	10.34	9.35	10.1	48649	4.7	2234	民和股份	SZ	9.73	4.53	
1475	2008-06-25	5.5	5.9	5.48	5.88	25842	2.88	2235	安妮股份	SZ	5.58	2.74	
1478	2008-06-25	2.38	2.5	2.38	2.47	41679	0.13	2236	大华股份	SZ	2.4	0.13	
1475	2008-06-25	10.51	11.07	10.47	10.84	38600	2.63	2237	恒邦股份	SZ	10.66	2.58	
1479	2008-06-25	10.67	11.23	10.46	11.17	26863	9.07	2238	天威视讯	SZ	10.65	8.65	
1474	2008-06-25	6.11	6.45	6.07	6.39	29332	4.17	2239	金 飞 达	SZ	6.11	3.99	
1482	2008-06-25	7.82	8.25	7.74	8.15	66326	5.01	2240	威华股份	SZ	7.84	4.82	
1473	2008-06-25	2.45	2.61	2.42	2.6	105587	0.21	2241	歌尔声学	SZ	2.49	0.2	
1479	2008-06-25	14.02	14.79	13.86	14.32	37039	3.76	2242	九阳股份	SZ	14.1	3.7	
1475	2008-06-25	8.09	8.44	7.98	8.4	21570	8.04	2243	通产丽星	SZ	8.1	7.75	
1481	2008-06-25	6.23	6.56	6.19	6.43	65973	2.39	2244	滨江集团	SZ	6.2	2.3	
1477	2008-06-25	2.68	2.87	2.68	2.82	48683	0.45	2245	澳洋顺昌	SZ	2.71	0.43	
1435	2008-06-25	8.04	8.65	8	8.58	62163	8.27	2246	北化股份	SZ	8.12	7.82	
1481	2008-06-25	4.93	5.25	4.9	5.18	36199	1.55	2247	帝龙新材	SZ	4.98	1.49	
1471	2008-06-25	5.5	5.76	5.43	5.7	57508	2.8	2248	华东数控	SZ	5.52	2.71	
1475	2008-06-25	4.69	4.96	4.56	4.92	209550	0.83	2249	大洋电机	SZ	4.72	0.8	
1470	2008-06-25	3.08	3.37	3.04	3.29	189941	0.8	2250	联化科技	SZ	3.12	0.76	
1480	2008-06-25	12.61	13.38	12.53	13.13	122027	3.08	2251	步 步 高	SZ	12.91	3.03	
1479	2008-06-25	7.71	8.14	7.55	7.86	372692	2.26	2252	上海莱士	SZ	7.44	2.14	
1477	2008-06-25	7.57	8.53	7.51	8.27	75106	3.25	2253	川大智胜	SZ	7.75	3.05	
1482	2008-06-25	6.16	7.52	6.16	7.36	896480	1.21	2254	烟台氨纶	SZ	-1	-1	
1479	2008-06-25	9.25	10.5	9.25	9.98	390652	4.76	2255	海陆重工	SZ	-1	-1	
1372	2008-06-25	4.9	6.31	4.86	5.76	432510	1.9	2256	彩虹精化	SZ	-1	-1	
1481	2008-06-25	4.85	5.12	4.8	5.1	5295	4.85	23	深天地Ａ	SZ	4.85	4.62	
1503	2008-06-25	15.5	16.55	15.31	16.28	44970	15.03	24	招商地产	SZ	15.51	14.32	
1503	2008-06-25	5.57	5.95	5.51	5.9	10699	5.9	25	特 力Ａ	SZ	5.58	5.58	
1503	2008-06-25	5.76	6.07	5.71	6.06	20988	4.05	26	飞亚达Ａ	SZ	5.76	3.84	
1499	2008-06-25	7.33	7.75	7.3	7.68	84519	5.69	27	深圳能源	SZ	7.38	5.47	
1478	2008-06-25	16.28	16.96	16.1	16.86	7836	16.49	28	一致药业	SZ	16.31	15.95	
1474	2008-06-25	3.99	4.14	3.92	4.07	61698	4.07	29	深深房Ａ	SZ	3.85	3.85	
1501	2008-06-25	5.08	5.57	5.08	5.57	180021	5.3	301	东方市场	SZ	5.06	4.81	
1503	2008-06-25	5.38	5.74	5.37	5.68	160544	2.76	31	中粮地产	SZ	5.36	2.61	
1502	2008-06-25	7.36	7.78	7.34	7.73	22192	6.04	32	深桑达Ａ	SZ	7.36	5.75	
1497	2008-06-25	4.17	4.34	4.06	4.32	53081	4.32	33	新都酒店	SZ	4.17	4.17	
1481	2008-06-25	10.9	11.61	10.84	11.59	143716	2.72	338	潍柴动力	SZ	10.94	2.56	
1494	2008-06-25	3.8	4.01	3.74	4.01	22637	3.18	35	*ST科健	SZ	3.82	3.03	
1504	2008-06-25	3.64	3.88	3.58	3.85	111801	3.85	36	华联控股	SZ	3.63	3.63	
1497	2008-06-25	5.3	5.58	5.2	5.52	25435	4.99	37	深南电Ａ	SZ	5.36	4.85	
1502	2008-06-25	11.63	12.75	11.51	12.69	161305	11.18	39	中集集团	SZ	11.63	10.25	
1440	2008-06-25	4.67	5.02	4.62	5.02	7742	5.02	4	ST国农	SZ	4.78	4.78	
1447	2008-06-25	3.92	4.1	3.87	4.09	25264	4.03	40	深 鸿 基	SZ	3.97	3.91	
1503	2008-06-25	6.92	7.54	6.85	7.45	119669	5.58	400	许继电气	SZ	6.9	5.17	
1501	2008-06-25	10.82	11.75	10.82	11.75	35043	11.54	401	冀东水泥	SZ	10.8	10.61	
