1564	2008-03-21	13.82	14	13.4	13.62	582437	6.36	1	深发展Ａ	SZ	13.94	6.51	
1524	2008-03-21	2.7	2.76	2.65	2.71	591858	1.29	100	TCL 集团	SZ	2.7	1.28	
1571	2008-03-21	8.2	8.33	8.05	8.24	8407	7.48	11	深物业A	SZ	8.15	7.4	
1558	2008-03-21	10.46	11.11	10.19	10.45	152902	5.36	12	南 玻Ａ	SZ	10.48	5.37	
1570	2008-03-21	9.33	9.86	9.25	9.57	10615	6.28	14	沙河股份	SZ	9.43	6.19	
1571	2008-03-21	9.1	9.38	9.02	9.2	17095	9.2	150	宜华地产	SZ	9.14	9.14	
1570	2008-03-21	10.85	11.39	10.72	11	35457	10.58	151	中成股份	SZ	11.01	10.59	
1572	2008-03-21	7.04	7.15	6.87	7.01	22553	6.94	153	丰原药业	SZ	7.07	7	
1556	2008-03-21	5.86	6.07	5.76	5.96	179195	0.72	157	中联重科	SZ	5.94	0.72	
1549	2008-03-21	7.35	7.59	7.29	7.36	46507	5.1	158	常山股份	SZ	7.41	5.14	
1529	2008-03-21	8.9	9.4	8.9	9.05	67761	4.24	159	国际实业	SZ	8.6	4.03	
1569	2008-03-21	4.38	4.47	4.31	4.38	98849	2.15	16	深康佳Ａ	SZ	4.43	2.17	
1571	2008-03-21	7.99	8.36	7.83	8.36	10524	8.36	18	ST中冠A	SZ	7.96	7.96	
1561	2008-03-21	7.7	7.99	7.69	7.76	19590	7.76	1896	*ST豫能	SZ	7.69	7.69	
1507	2008-03-21	14.66	14.92	14.2	14.67	7156	14.3	19	深深宝Ａ	SZ	14.66	14.3	
1571	2008-03-21	15.78	16.22	15.18	15.26	1806865	8.55	2	万 科Ａ	SZ	15.56	8.71	
1569	2008-03-21	6.22	6.47	6.22	6.33	11697	6.33	20	深华发Ａ	SZ	6.3	6.3	
1543	2008-03-21	18.93	20.71	18.93	20.58	88854	8.66	2001	新 和 成	SZ	18.9	7.95	
1537	2008-03-21	27.76	28.4	27	27.73	5796	12.78	2003	伟星股份	SZ	27.77	12.8	
1542	2008-03-21	9.57	10	9.53	9.7	42820	2.92	2004	华邦制药	SZ	9.67	2.91	
1534	2008-03-21	4.12	4.18	4.05	4.14	60030	1.03	2005	德豪润达	SZ	4.11	1.02	
1532	2008-03-21	4.6	4.66	4.4	4.5	83062	0.99	2006	精功科技	SZ	4.45	0.98	
1544	2008-03-21	16.97	17.41	16.48	17.19	6154	6.53	2007	华兰生物	SZ	16.97	6.45	
1548	2008-03-21	10.42	10.75	10.42	10.58	14119	4.09	2008	大族激光	SZ	10.5	4.06	
1544	2008-03-21	17.98	18.35	16.8	17.6	25759	17.5	2009	天奇股份	SZ	17.65	8.77	
1543	2008-03-21	6.38	6.72	6.25	6.6	19336	2.42	2010	传化股份	SZ	6.43	2.36	
1545	2008-03-21	6.97	7.2	6.88	7.12	29411	1.52	2011	盾安环境	SZ	7	1.5	
1548	2008-03-21	5.36	5.65	4.97	5.03	264484	2.4	2012	凯恩股份	SZ	5.51	2.63	
1522	2008-03-21	4.55	4.67	4.43	4.59	18427	1.14	2013	中航精机	SZ	4.55	1.13	
1548	2008-03-21	6.51	6.51	6.31	6.43	19359	2.53	2014	永新股份	SZ	6.44	2.54	
1537	2008-03-21	9.29	9.51	9.13	9.38	36639	5.44	2015	霞客环保	SZ	9.35	5.43	
1528	2008-03-21	9.93	10.34	9.91	10.17	17617	6.88	2017	东信和平	SZ	10.17	6.88	
1556	2008-03-21	12.02	12.73	11.88	12.67	111704	3.57	2018	华星化工	SZ	11.58	3.26	
1550	2008-03-21	24.05	25.98	24.05	25.3	33774	24.82	2019	鑫富药业	SZ	24.44	23.98	
1547	2008-03-21	5.62	5.75	5.46	5.54	42257	2.67	2020	京新药业	SZ	5.68	2.74	
1545	2008-03-21	5.21	5.41	5.09	5.26	67154	2.14	2021	中捷股份	SZ	5.21	2.12	
1550	2008-03-21	18.15	18.46	17.95	18.23	8018	8.48	2022	科华生物	SZ	18.21	8.47	
1544	2008-03-21	6.49	7.03	6.38	6.9	94482	2.98	2023	海特高新	SZ	6.5	2.81	
1546	2008-03-21	12	12.77	11.96	12.67	182823	2.64	2024	苏宁电器	SZ	11.62	2.42	
1548	2008-03-21	11.22	11.81	11.04	11.45	20483	5.48	2025	航天电器	SZ	11.23	5.37	
1532	2008-03-21	5.38	5.5	5.33	5.46	12792	3	2026	山东威达	SZ	5.4	2.97	
1548	2008-03-21	6.93	7.11	6.85	6.99	24582	6.99	2027	七喜控股	SZ	6.98	6.98	
1550	2008-03-21	19.14	19.91	18.95	19.49	6785	7.04	2028	思源电气	SZ	19.34	6.98	
1546	2008-03-21	7.1	7.26	6.82	7.08	10642	1.97	2029	七 匹 狼	SZ	7.17	2	
1548	2008-03-21	5.22	5.22	5	5.07	28111	1.63	2030	达安基因	SZ	5.06	1.62	
1543	2008-03-21	7.54	7.83	7.53	7.62	28394	4.73	2031	巨轮股份	SZ	7.59	4.72	
1512	2008-03-21	14.79	15.35	14.59	14.92	9696	8.32	2033	丽江旅游	SZ	14.78	8.24	
1551	2008-03-21	11.99	12.19	11.82	12.1	5153	11.58	2034	美 欣 达	SZ	11.99	11.47	
1548	2008-03-21	12.71	13.42	12.5	13.04	266603	8.3	2035	华帝股份	SZ	12.2	7.77	
1551	2008-03-21	9.33	9.65	9.21	9.39	15286	5.96	2036	宜科科技	SZ	9.45	6	
1539	2008-03-21	6.2	6.24	6.02	6.1	12553	2.25	2037	久联发展	SZ	6.2	2.29	
1570	2008-03-21	14.51	15.24	14.46	15.06	18733	4.04	2038	双鹭药业	SZ	14.72	3.95	
1551	2008-03-21	13.05	13.65	13.05	13.48	2487	12.96	2039	黔源电力	SZ	13.41	12.89	
1548	2008-03-21	8.78	9.26	8.75	9.06	11997	8.83	2040	南 京 港	SZ	8.91	8.68	
1549	2008-03-21	8.85	9.21	8.6	8.61	74147	4.22	2041	登海种业	SZ	8.98	4.39	
1546	2008-03-21	3.38	3.42	3.32	3.39	20604	1.06	2043	兔 宝 宝	SZ	3.37	1.05	
1548	2008-03-21	5.34	5.57	5.16	5.45	19374	2.85	2044	江苏三友	SZ	5.3	2.77	
1544	2008-03-21	6.64	6.81	6.51	6.7	20255	3.44	2045	广州国光	SZ	6.64	3.41	
1544	2008-03-21	7.7	7.97	7.56	7.64	50454	3.58	2046	轴研科技	SZ	7.78	3.64	
1549	2008-03-21	4.35	4.81	4.33	4.78	63867	2.49	2047	成霖股份	SZ	4.45	2.32	
1517	2008-03-21	8.06	8.31	8.05	8.2	29658	5.16	2049	晶源电子	SZ	8.05	5.06	
1546	2008-03-21	11.7	12.2	11.4	11.93	19040	5.02	2050	三花股份	SZ	11.95	5.03	
1538	2008-03-21	7.57	7.74	7.42	7.63	14358	2.59	2051	中工国际	SZ	7.56	2.57	
1538	2008-03-21	6.28	6.4	6.16	6.33	30356	2.41	2052	同洲电子	SZ	6.28	2.39	
1547	2008-03-21	24.5	26.68	24.5	26.5	37616	25.92	2053	云南盐化	SZ	24.5	23.97	
1549	2008-03-21	7.95	8.21	7.77	8.06	24842	3.32	2054	德美化工	SZ	7.93	3.27	
1544	2008-03-21	7.07	7.26	6.97	7.09	6193	2.64	2055	得润电子	SZ	7.12	2.65	
1548	2008-03-21	16.41	16.94	16.3	16.48	34901	8.15	2056	横店东磁	SZ	16.55	8.19	
1549	2008-03-21	11.58	12.22	11.4	11.9	11981	11.87	2057	中钢天源	SZ	11.65	11.62	
1540	2008-03-21	5.44	5.57	5.36	5.52	7343	2.29	2058	威 尔 泰	SZ	5.48	2.27	
1523	2008-03-21	13.88	14.2	13.3	13.6	67372	13.37	2059	云南旅游	SZ	13.6	13.37	
1542	2008-03-21	5.82	5.93	5.73	5.83	30244	3.15	2060	粤 水 电	SZ	5.84	3.16	
1539	2008-03-21	11.33	11.6	11.13	11.21	14113	6.85	2061	江山化工	SZ	11.41	6.97	
1547	2008-03-21	10.12	10.17	9.8	9.97	17615	3.54	2062	宏润建设	SZ	10.12	3.59	
1547	2008-03-21	4.51	4.6	4.48	4.53	9526	1.06	2063	远光软件	SZ	4.54	1.06	
1550	2008-03-21	11.49	11.62	10.99	11.03	92233	2.61	2064	华峰氨纶	SZ	11.41	2.7	
1522	2008-03-21	7.6	7.75	7.35	7.71	19893	1.54	2065	东华软件	SZ	7.6	1.51	
1551	2008-03-21	6.73	6.88	6.63	6.72	9104	2.07	2066	瑞泰科技	SZ	6.76	2.08	
1542	2008-03-21	5.75	5.88	5.57	5.76	152724	2.8	2067	景兴纸业	SZ	5.78	2.82	
1541	2008-03-21	6.68	7.01	6.59	6.9	25135	1.48	2068	黑猫股份	SZ	6.44	1.38	
1542	2008-03-21	14.66	14.66	13.83	14.03	39958	2	2069	獐 子 岛	SZ	14.66	2.09	
1546	2008-03-21	3.32	3.39	3.25	3.35	25093	0.87	2070	众和股份	SZ	3.29	0.85	
1544	2008-03-21	5.18	5.34	5.14	5.33	13066	3.5	2071	江苏宏宝	SZ	5.27	3.46	
1539	2008-03-21	7.17	7.41	7.1	7.3	15504	6.59	2072	*ST德棉	SZ	7.22	6.51	
1547	2008-03-21	8.55	9	8.49	8.97	54995	1.95	2073	软控股份	SZ	8.56	1.86	
1547	2008-03-21	7.19	7.43	7.09	7.18	10934	2.22	2074	东源电器	SZ	7.19	2.23	
1546	2008-03-21	12.32	12.6	12.05	12.18	13812	11.68	2076	雪 莱 特	SZ	12.39	11.88	
1530	2008-03-21	12.5	12.77	12.25	12.48	12043	12.13	2077	大港股份	SZ	12.5	12.15	
1543	2008-03-21	13.68	13.93	13.39	13.57	17312	4.43	2078	太阳纸业	SZ	13.65	4.46	
1542	2008-03-21	4.15	4.38	4.08	4.14	189446	0.85	2079	苏州固锝	SZ	4.13	0.85	
1545	2008-03-21	11.54	11.95	11.31	11.73	10122	5.29	2080	中材科技	SZ	11.55	5.22	
1543	2008-03-21	4.09	4.11	3.96	4.06	16294	0.31	2081	金 螳 螂	SZ	4.06	0.31	
1548	2008-03-21	9.14	9.34	8.86	9.06	17711	5.24	2082	栋梁新材	SZ	9.05	5.24	
1551	2008-03-21	8.86	9.4	8.77	8.99	129442	5.74	2083	孚日股份	SZ	8.93	5.7	
1548	2008-03-21	6.88	7.13	6.79	6.93	24525	2.88	2084	海鸥卫浴	SZ	7	2.91	
1523	2008-03-21	10.79	11.17	10.66	10.78	16897	9.2	2085	万丰奥威	SZ	10.99	9.38	
1548	2008-03-21	9.83	9.92	9.35	9.6	42366	4.73	2086	东方海洋	SZ	9.82	4.84	
1543	2008-03-21	4.91	5	4.83	4.94	25269	2.89	2087	新野纺织	SZ	4.92	2.88	
1548	2008-03-21	24.68	24.99	24.02	24.3	4615	14.5	2088	鲁阳股份	SZ	24.74	14.77	
1545	2008-03-21	3.84	3.87	3.73	3.87	28203	0.81	2089	新 海 宜	SZ	3.8	0.8	
1490	2008-03-21	7.89	8.14	7.89	7.95	6648	3.6	2090	金智科技	SZ	7.93	3.59	
1550	2008-03-21	7.06	7.27	6.99	7.11	24890	2.94	2091	江苏国泰	SZ	7.12	2.95	
1537	2008-03-21	10.33	10.93	10.31	10.69	93299	6.73	2092	中泰化学	SZ	10.6	6.67	
1545	2008-03-21	6.78	6.9	6.58	6.77	28390	1.11	2093	国脉科技	SZ	6.78	1.11	
1548	2008-03-21	6.08	6.29	6.04	6.29	24929	2	2094	青岛金王	SZ	6.08	1.94	
1551	2008-03-21	29.25	30.36	28.81	29.63	1666	10.58	2095	生 意 宝	SZ	29.26	10.44	
1521	2008-03-21	5.64	5.73	5.51	5.62	7024	1.09	2096	南岭民爆	SZ	5.64	1.09	
1547	2008-03-21	22	22.33	21.34	21.67	20283	14.29	2097	山河智能	SZ	22.29	14.7	
1544	2008-03-21	17	17.38	16.58	17.03	5273	15.32	2098	浔兴股份	SZ	16.99	15.28	
1543	2008-03-21	7.26	7.49	7.15	7.22	110353	3.28	2099	海翔药业	SZ	7.34	3.33	
1558	2008-03-21	9.53	9.87	9.39	9.61	73715	5.65	21	长城开发	SZ	9.41	5.53	
1540	2008-03-21	7.24	7.5	7.07	7.26	22300	2.66	2100	天康生物	SZ	6.85	2.51	
1538	2008-03-21	10.1	10.24	9.9	9.99	6123	4.7	2101	广东鸿图	SZ	10.06	4.73	
1540	2008-03-21	5.13	5.29	5	5.19	41009	1.71	2102	冠福家用	SZ	5.13	1.69	
1549	2008-03-21	14.15	15.25	14.15	14.28	49642	12.95	2103	广博股份	SZ	14.09	12.78	
1549	2008-03-21	11.1	11.59	10.8	11.29	7118	7.17	2104	恒宝股份	SZ	11.1	7.05	
1546	2008-03-21	7.53	8.09	7.43	8	26311	7.31	2105	信隆实业	SZ	7.55	6.9	
1550	2008-03-21	12.68	13.06	12.68	12.89	5177	4.82	2106	莱宝高科	SZ	12.82	4.8	
1547	2008-03-21	11.44	11.9	11.19	11.65	6374	5.77	2107	沃华医药	SZ	11.45	5.66	
1541	2008-03-21	4.3	4.41	4.3	4.39	6169	1.01	2108	沧州明珠	SZ	4.35	1	
1546	2008-03-21	10.29	10.36	9.86	9.89	53320	4.05	2109	兴化股份	SZ	10.28	4.21	
1541	2008-03-21	16	17.27	15.79	17.02	29915	16.59	2110	三钢闽光	SZ	16.02	15.61	
1541	2008-03-21	12.58	12.7	12.29	12.35	5685	3.79	2111	威海广泰	SZ	12.6	3.87	
1546	2008-03-21	6.55	6.69	6.51	6.64	7670	2.55	2112	三变科技	SZ	6.55	2.52	
1531	2008-03-21	10.03	10.16	9.84	9.95	13013	6.21	2113	ST天润	SZ	9.97	6.22	
1550	2008-03-21	19.06	19.89	18.67	19.61	5235	10.69	2114	罗平锌电	SZ	19.06	10.38	
1541	2008-03-21	5.44	5.69	5.36	5.43	41729	1.1	2115	三维通信	SZ	5.37	1.09	
1548	2008-03-21	12.78	12.94	12.47	12.69	11112	6.02	2116	中国海诚	SZ	12.78	6.06	
1541	2008-03-21	10.29	10.42	10.1	10.29	8170	5.44	2117	东港股份	SZ	10.29	5.44	
1501	2008-03-21	6.06	6.49	5.99	6.47	180281	1.88	2118	紫鑫药业	SZ	5.9	1.71	
1540	2008-03-21	10.8	11	10.55	10.8	6199	5.31	2119	康强电子	SZ	10.8	5.3	
1485	2008-03-21	10.25	10.69	10.01	10.42	11291	7.77	2120	新海股份	SZ	10.42	7.77	
1543	2008-03-21	10.2	10.66	9.86	10.33	8866	3.3	2121	科陆电子	SZ	10.15	3.24	
1550	2008-03-21	16.31	17	16.25	16.44	11227	1.94	2122	天马股份	SZ	16.5	1.95	
1549	2008-03-21	10.14	10.39	10	10.33	7649	1.4	2123	荣信股份	SZ	10.13	1.38	
1548	2008-03-21	8.26	8.26	7.9	8	15064	2.43	2124	天邦股份	SZ	8.18	2.49	
1536	2008-03-21	8.34	8.44	8.19	8.36	5044	5.21	2125	湘潭电化	SZ	8.31	5.17	
1544	2008-03-21	6	6.07	5.83	5.91	19539	2.13	2126	银轮股份	SZ	6	2.16	
1545	2008-03-21	4.88	5.05	4.86	4.99	9824	1.47	2127	新民科技	SZ	4.88	1.44	
1548	2008-03-21	17.93	18.52	17.75	18.46	35027	9.6	2128	露天煤业	SZ	17.93	9.33	
1540	2008-03-21	7.8	8.11	7.68	7.95	29464	4.17	2129	中环股份	SZ	7.8	4.1	
1540	2008-03-21	4.7	4.78	4.59	4.72	12966	0.49	2130	沃尔核材	SZ	4.69	0.49	
1462	2008-03-21	7.5	7.84	7.38	7.62	19912	1.8	2131	利欧股份	SZ	7.43	1.76	
1542	2008-03-21	6.42	6.75	6.39	6.6	24872	2.08	2132	恒星科技	SZ	6.4	2.02	
1543	2008-03-21	10.36	10.79	10.35	10.5	33922	3.82	2133	广宇集团	SZ	10.35	3.77	
1550	2008-03-21	11.02	11.18	10.57	11.01	3709	8.79	2134	天津普林	SZ	10.94	8.74	
1545	2008-03-21	5.09	5.27	5.04	5.19	19285	1.81	2135	东南网架	SZ	5.15	1.79	
1543	2008-03-21	7.8	8.25	7.76	7.97	11064	3.96	2136	安 纳 达	SZ	7.63	3.79	
1545	2008-03-21	7.08	7.18	6.88	7.07	17815	2.05	2137	实 益 达	SZ	7.08	2.05	
1545	2008-03-21	10.13	10.44	10.05	10.14	6621	4.24	2138	顺络电子	SZ	10.13	4.23	
1542	2008-03-21	6.08	6.19	5.97	6.14	9301	1.55	2139	拓邦股份	SZ	6.07	1.53	
1549	2008-03-21	15.1	15.4	14.87	15.02	2903	1.99	2140	东华科技	SZ	15	1.99	
1509	2008-03-21	6.92	7.04	6.71	6.97	6287	3	2141	蓉胜超微	SZ	6.96	2.99	
1546	2008-03-21	14.95	15.14	14.71	14.9	51871	13.34	2142	宁波银行	SZ	14.96	13.39	
1540	2008-03-21	10.26	10.61	10.01	10.31	9000	5.16	2143	高金食品	SZ	10.31	5.16	
1540	2008-03-21	16.19	16.29	15.7	15.89	6049	15.17	2144	宏达高科	SZ	15.99	15.26	
1456	2008-03-21	13.88	14.42	13.78	14.18	8396	14.18	2145	*ST钛白	SZ	13.86	13.86	
1531	2008-03-21	41.59	43.2	41.59	42.15	3280	9.89	2147	方圆支承	SZ	42	9.86	
1548	2008-03-21	7.73	8.13	7.47	7.96	10499	1.6	2148	北纬通信	SZ	7.69	1.55	
1550	2008-03-21	7.53	7.79	7.53	7.74	8626	1.83	2150	江苏通润	SZ	7.69	1.82	
1537	2008-03-21	15.35	15.55	15.2	15.33	12362	4.77	2151	北斗星通	SZ	15.36	4.78	
1551	2008-03-21	15.57	15.74	15.36	15.64	10487	2.72	2152	广电运通	SZ	15.64	2.72	
1549	2008-03-21	26.81	29.89	26.81	28.77	7866	4.93	2153	石基信息	SZ	27.25	4.67	
1538	2008-03-21	6.88	7.04	6.75	6.94	38208	1.2	2154	报 喜 鸟	SZ	6.92	1.19	
1548	2008-03-21	13.35	13.93	12.99	13.85	94434	5.12	2155	辰州矿业	SZ	13.62	5.03	
1546	2008-03-21	7.09	7.21	6.83	7.07	30404	3.14	2156	通富微电	SZ	7.12	3.16	
1549	2008-03-21	4.65	4.76	4.45	4.67	17604	0.95	2157	正邦科技	SZ	4.65	0.94	
1550	2008-03-21	10.5	10.95	10.5	10.7	6949	6.03	2158	汉钟精机	SZ	10.67	6.01	
1547	2008-03-21	11.03	11.29	11.03	11.1	4421	7.3	2159	三特索道	SZ	11.07	7.28	
1546	2008-03-21	6.15	6.35	6.08	6.2	70368	0.54	2161	远 望 谷	SZ	6.18	0.54	
1549	2008-03-21	8.73	8.95	8.65	8.82	13334	7.78	2162	斯 米 克	SZ	8.8	7.77	
1534	2008-03-21	4	4.11	3.92	3.98	28712	0.81	2163	中航三鑫	SZ	4.02	0.82	
1548	2008-03-21	7.33	7.38	7.05	7.31	9639	2.29	2164	东力传动	SZ	7.3	2.29	
1547	2008-03-21	6.96	7.1	6.78	6.92	21954	0.99	2165	红 宝 丽	SZ	6.96	0.99	
1541	2008-03-21	9.88	10	9.6	9.81	10360	4.91	2166	莱茵生物	SZ	10	5	
1543	2008-03-21	8.46	8.84	8.27	8.42	85717	1.58	2167	东方锆业	SZ	8.64	1.62	
1543	2008-03-21	2.86	2.91	2.8	2.89	27088	0.15	2168	深圳惠程	SZ	2.85	0.15	
1544	2008-03-21	6.17	6.28	6.11	6.2	11216	1.69	2169	智光电气	SZ	6.19	1.69	
1545	2008-03-21	3.5	3.59	3.44	3.5	48844	0.43	2170	芭田股份	SZ	3.52	0.43	
1549	2008-03-21	18.17	18.71	17.68	18.54	8532	15.27	2171	精诚铜业	SZ	18.23	15.01	
1544	2008-03-21	15.33	15.49	14.93	15.09	43198	4.97	2172	澳洋科技	SZ	15.12	4.98	
1549	2008-03-21	7.67	7.82	7.51	7.67	8938	2.54	2173	山 下 湖	SZ	7.67	2.54	
1547	2008-03-21	16.27	16.45	15.8	16.09	4707	15.75	2174	梅 花 伞	SZ	16.27	15.92	
1521	2008-03-21	17.07	17.67	17	17.15	4655	11.09	2175	广陆数测	SZ	17.35	11.21	
1534	2008-03-21	4.81	4.93	4.77	4.88	41703	0.79	2176	江特电机	SZ	4.81	0.77	
1541	2008-03-21	6.49	6.59	6.3	6.44	28000	0.67	2177	御银股份	SZ	6.44	0.67	
1549	2008-03-21	10.12	10.48	10.12	10.18	8296	5.93	2178	延华智能	SZ	10.3	6	
1550	2008-03-21	10.37	10.61	10.25	10.31	22854	2.96	2179	中航光电	SZ	10.36	2.98	
1549	2008-03-21	15.4	15.89	15.25	15.38	43537	6.36	2180	万 力 达	SZ	15.51	6.41	
1491	2008-03-21	14.4	15.12	14.15	14.7	11730	11.03	2181	粤 传 媒	SZ	14.27	10.7	
1546	2008-03-21	18.77	19.45	18.53	18.55	40418	12.03	2182	云海金属	SZ	18.07	11.72	
1530	2008-03-21	7.08	7.23	6.86	7.18	35876	0.93	2183	怡 亚 通	SZ	7.11	0.92	
1551	2008-03-21	9.18	9.35	9.05	9.28	11238	4.43	2184	海得控制	SZ	9.18	4.38	
1545	2008-03-21	4.87	5.01	4.84	4.93	33145	1.39	2185	华天科技	SZ	4.9	1.38	
1550	2008-03-21	24.75	26.94	24.75	25.5	58828	10.72	2186	全 聚 德	SZ	25.25	10.61	
1547	2008-03-21	17.47	18.33	17.06	18.17	15673	8.92	2187	广百股份	SZ	17.6	8.64	
1503	2008-03-21	7.9	8.08	7.82	7.99	8784	4	2188	新 嘉 联	SZ	7.95	3.98	
1549	2008-03-21	11.28	11.56	11.02	11.26	8888	11.11	2189	利达光电	SZ	11.3	11.15	
1529	2008-03-21	6.41	6.65	6.33	6.49	16231	2.45	2190	成飞集成	SZ	6.49	2.45	
1546	2008-03-21	9.88	10	9.67	9.93	35200	3.64	2191	劲嘉股份	SZ	9.85	3.61	
1545	2008-03-21	9.4	9.84	9.35	9.64	10769	4.68	2192	路翔股份	SZ	9.5	4.61	
1551	2008-03-21	9.25	9.5	9.2	9.44	9746	4.63	2193	山东如意	SZ	9.35	4.58	
1550	2008-03-21	15.22	15.69	15.1	15.54	40412	5.2	2194	武汉凡谷	SZ	15.62	5.23	
1545	2008-03-21	11.21	11.7	11.2	11.6	10551	7.06	2196	方正电机	SZ	11.33	6.9	
1544	2008-03-21	9.32	9.53	9.08	9.34	23677	3.62	2197	证通电子	SZ	9.33	3.61	
1546	2008-03-21	3.13	3.36	3.06	3.29	98229	0.65	2198	嘉应制药	SZ	3.14	0.62	
1545	2008-03-21	8.88	10.22	8.82	9.85	118390	3.61	2199	东晶电子	SZ	9.29	3.41	
1571	2008-03-21	17.15	17.56	16.73	17.38	21447	14.41	22	深赤湾Ａ	SZ	17.15	14.22	
1519	2008-03-21	21.09	22.77	20.59	22.5	67220	12.32	2200	绿 大 地	SZ	21.67	11.86	
1509	2008-03-21	8.81	9.1	8.66	8.99	11227	4.04	2201	九鼎新材	SZ	8.95	4.02	
1545	2008-03-21	26.88	27.88	26.43	26.79	83216	11.1	2202	金风科技	SZ	26.87	11.14	
1549	2008-03-21	11.33	11.66	11.11	11.39	25813	6.99	2203	海亮股份	SZ	11.43	7.01	
1522	2008-03-21	9.27	9.56	9.12	9.34	20506	3.85	2204	华锐铸钢	SZ	9.33	3.85	
1544	2008-03-21	16.32	16.92	16.32	16.78	4293	13.1	2205	国统股份	SZ	16.54	12.91	
1542	2008-03-21	8.67	8.93	8.55	8.83	17064	2.4	2206	海 利 得	SZ	8.8	2.39	
1545	2008-03-21	16.71	17.45	16.35	16.88	6891	16.5	2207	准油股份	SZ	17.19	16.8	
1547	2008-03-21	7.09	7.26	6.97	7.22	21613	2.2	2208	合肥城建	SZ	7.13	2.18	
1547	2008-03-21	9.73	10	9.67	9.96	18388	6.42	2209	达 意 隆	SZ	9.97	6.42	
1545	2008-03-21	13.97	15.05	13.83	14.8	40349	9.64	2211	宏达新材	SZ	14.22	9.26	
1540	2008-03-21	7.64	7.87	7.52	7.79	32343	2.27	2212	南洋股份	SZ	7.77	2.26	
1548	2008-03-21	6.86	6.93	6.7	6.82	13861	3.24	2213	特 尔 佳	SZ	6.85	3.25	
1526	2008-03-21	12.26	12.85	12.25	12.38	20529	5.83	2214	大立科技	SZ	12.4	5.84	
1540	2008-03-21	7.2	7.69	7.14	7.25	114328	1.58	2215	诺 普 信	SZ	7.14	1.55	
1544	2008-03-21	9.15	9.57	8.98	9.39	32612	2.2	2216	三全食品	SZ	9.12	2.14	
1547	2008-03-21	6.96	7.18	6.86	6.99	40834	2.45	2217	联合化工	SZ	7.06	2.47	
1544	2008-03-21	13.67	14.63	13.52	14.15	66691	5.01	2218	拓日新能	SZ	14.07	4.98	
1546	2008-03-21	4.91	5.22	4.87	5.05	73839	1.24	2219	独 一 味	SZ	5.01	1.23	
1545	2008-03-21	5.66	5.91	5.59	5.7	72296	0.91	2220	天宝股份	SZ	5.51	0.88	
1542	2008-03-21	8.93	9.55	8.83	8.84	196873	4.31	2221	东华能源	SZ	9.15	4.47	
1551	2008-03-21	13.09	13.87	12.54	12.65	151902	7.34	2222	福晶科技	SZ	13.57	7.88	
1549	2008-03-21	8.92	9.59	8.75	9.19	17101	8.75	23	深天地Ａ	SZ	8.92	8.49	
1571	2008-03-21	29.67	32.17	29.44	31.04	130717	19	24	招商地产	SZ	30.39	18.6	
1571	2008-03-21	10.28	10.7	10	10.39	10859	10.39	25	特 力Ａ	SZ	10.28	10.28	
1571	2008-03-21	10.71	11.02	10.59	10.64	12590	7.1	26	飞亚达Ａ	SZ	10.64	7.1	
1567	2008-03-21	11.88	12.22	11.57	11.94	86422	8.85	27	深圳能源	SZ	11.86	8.79	
1546	2008-03-21	19.5	20.2	19	19.58	11022	19.15	28	一致药业	SZ	19.5	19.07	
1542	2008-03-21	7.03	7.12	6.84	6.92	34247	6.92	29	深深房Ａ	SZ	6.98	6.98	
1569	2008-03-21	10	10.29	9.85	9.88	153752	9.39	301	东方市场	SZ	10.07	9.57	
1570	2008-03-21	9.13	9.32	8.97	9.25	12809	7.22	32	深桑达Ａ	SZ	9.13	7.13	
1565	2008-03-21	6.69	7.2	6.69	7	78392	7	33	新都酒店	SZ	6.79	6.79	
1366	2008-03-21	6.77	7.09	6.7	7.06	35995	4.55	34	ST深泰	SZ	6.75	4.35	
1572	2008-03-21	5.64	5.7	5.51	5.62	65576	5.62	36	华联控股	SZ	5.62	5.62	
1565	2008-03-21	8.03	8.16	7.84	7.95	18462	7.19	37	深南电Ａ	SZ	8.05	7.27	
1570	2008-03-21	19.21	19.47	18.82	19.28	79350	16.99	39	中集集团	SZ	19.18	16.9	
1508	2008-03-21	9.15	9.15	8.88	8.95	3494	8.95	4	ST国农	SZ	8.94	8.94	
1515	2008-03-21	7.6	7.8	7.55	7.67	31430	7.55	40	深 鸿 基	SZ	7.67	7.55	
1569	2008-03-21	18.31	19.09	17.91	18.91	71249	18.45	401	冀东水泥	SZ	18.25	17.8	
