1473	2008-07-28	10.26	10.64	10.22	10.48	566025	4.89	1	深发展Ａ	SZ	10.13	4.73	
1088	2008-07-28	2.14	2.21	2.13	2.17	61462	0.54	10	S ST华新	SZ	2.12	0.53	
1433	2008-07-28	2.28	2.32	2.26	2.27	585177	1.08	100	TCL 集团	SZ	2.29	1.08	
1480	2008-07-28	5.8	5.88	5.68	5.77	5460	5.24	11	深物业A	SZ	5.73	5.2	
1467	2008-07-28	9.62	9.83	9.62	9.64	39456	5.02	12	南 玻Ａ	SZ	9.55	4.98	
1479	2008-07-28	11.58	12.28	11.42	11.6	54335	11.45	14	沙河股份	SZ	11.42	11.27	
1480	2008-07-28	6.08	6.78	6.08	6.67	171394	6.67	150	宜华地产	SZ	6.16	6.16	
1479	2008-07-28	5.89	6.21	5.88	6.06	45554	5.95	151	中成股份	SZ	5.85	5.74	
1481	2008-07-28	4.62	4.69	4.59	4.61	16103	4.56	153	丰原药业	SZ	4.58	4.53	
1480	2008-07-28	11.16	11.2	10.75	10.79	105158	10.57	155	川化股份	SZ	11.01	10.79	
1465	2008-07-28	4.21	4.41	4.2	4.36	1010641	1.07	157	中联重科	SZ	4.14	1.02	
1458	2008-07-28	4.48	4.63	4.48	4.58	40447	4.57	158	常山股份	SZ	4.47	4.46	
1438	2008-07-28	9	9.34	8.95	9.33	52817	4.37	159	国际实业	SZ	8.95	4.19	
1478	2008-07-28	4.34	4.41	4.25	4.39	106127	4.31	16	深康佳Ａ	SZ	4.28	4.2	
1450	2008-07-28	4.71	4.73	4.64	4.66	46852	1.9	1696	宗申动力	SZ	4.67	1.9	
1480	2008-07-28	5.1	5.36	5.1	5.29	3625	5.29	18	ST中冠A	SZ	5.15	5.15	
1470	2008-07-28	5.35	5.45	5.3	5.32	17464	5.32	1896	*ST豫能	SZ	5.3	5.3	
1416	2008-07-28	10.97	11.39	10.97	11.32	6104	11.04	19	深深宝Ａ	SZ	10.96	10.69	
1480	2008-07-28	9.23	9.54	9.15	9.25	1282107	8.37	2	万 科Ａ	SZ	9.15	8.28	
1478	2008-07-28	5.1	5.16	5.03	5.12	27508	5.12	20	深华发Ａ	SZ	5.07	5.07	
1452	2008-07-28	24.67	25.93	24.21	25.17	130128	10.64	2001	新 和 成	SZ	24.29	10.26	
1422	2008-07-28	4.47	4.68	4.31	4.49	32675	3.46	2002	ST琼花	SZ	4.45	3.43	
1446	2008-07-28	20.05	20.49	19.76	19.99	4193	12.06	2003	伟星股份	SZ	20.23	12.2	
1451	2008-07-28	4.73	4.77	4.65	4.74	38044	1.43	2004	华邦制药	SZ	4.71	1.42	
1443	2008-07-28	2.09	2.15	2.08	2.12	57836	1.05	2005	德豪润达	SZ	2.09	1.03	
1441	2008-07-28	3.94	4.03	3.83	3.89	49577	1.29	2006	精功科技	SZ	3.94	1.31	
1453	2008-07-28	15.64	15.85	15.55	15.83	2717	6.01	2007	华兰生物	SZ	15.72	5.97	
1457	2008-07-28	8.43	9.03	8.17	8.93	197427	5.59	2008	大族激光	SZ	8.29	5.19	
1453	2008-07-28	13	13.28	12.82	13.24	32032	13.17	2009	天奇股份	SZ	12.95	12.88	
1452	2008-07-28	4.24	4.39	4.22	4.26	80356	2.03	2010	传化股份	SZ	4.28	2.04	
1454	2008-07-28	5.94	6.04	5.86	5.9	38366	2.64	2011	盾安环境	SZ	5.88	2.63	
1457	2008-07-28	4.59	4.7	4.45	4.5	53747	2.14	2012	凯恩股份	SZ	4.59	2.19	
1431	2008-07-28	4.13	4.43	4.09	4.39	126216	1.64	2013	中航精机	SZ	4.15	1.55	
1457	2008-07-28	4.57	4.66	4.57	4.59	14979	1.91	2014	永新股份	SZ	4.56	1.9	
1446	2008-07-28	8.81	8.98	8.6	8.75	104559	8.69	2015	霞客环保	SZ	8.73	8.67	
1453	2008-07-28	4.17	4.55	4.17	4.43	92218	1.3	2016	世荣兆业	SZ	4.17	1.22	
1437	2008-07-28	7.58	7.78	7.55	7.64	11270	6.71	2017	东信和平	SZ	7.58	6.66	
1465	2008-07-28	10.57	10.9	10.57	10.63	69112	3.93	2018	华星化工	SZ	10.49	3.87	
1459	2008-07-28	15.3	15.6	15.18	15.46	15780	15.24	2019	鑫富药业	SZ	15.18	14.96	
1456	2008-07-28	3.39	3.47	3.39	3.42	16177	1.65	2020	京新药业	SZ	3.42	1.65	
1459	2008-07-28	19.15	19.71	19	19.19	5646	13.43	2022	科华生物	SZ	19.15	13.4	
1453	2008-07-28	5.54	5.6	5.41	5.44	51984	3.76	2023	海特高新	SZ	5.5	3.8	
1455	2008-07-28	10.22	10.44	9.97	10.07	125886	2.13	2024	苏宁电器	SZ	10.19	2.15	
1457	2008-07-28	11.75	11.98	11.15	11.29	72251	10.91	2025	航天电器	SZ	11.72	11.32	
1441	2008-07-28	3.61	3.7	3.6	3.64	10582	2.04	2026	山东威达	SZ	3.61	2.02	
1457	2008-07-28	4.73	4.85	4.73	4.79	11909	4.79	2027	七喜控股	SZ	4.75	4.75	
1459	2008-07-28	17.09	17.47	17.02	17.26	18041	10.09	2028	思源电气	SZ	17	9.93	
1455	2008-07-28	8.01	8.16	7.86	7.88	22512	3.29	2029	七 匹 狼	SZ	8.04	3.36	
1457	2008-07-28	5.23	5.41	5.14	5.35	65529	2.79	2030	达安基因	SZ	5.16	2.69	
1452	2008-07-28	4.27	4.31	4.23	4.26	26360	2.72	2031	巨轮股份	SZ	4.26	2.72	
1456	2008-07-28	12.78	13.07	12.52	12.52	42405	8.05	2032	苏 泊 尔	SZ	12.65	8.13	
1421	2008-07-28	9.33	9.51	9.29	9.31	15438	5.19	2033	丽江旅游	SZ	9.3	5.18	
1460	2008-07-28	7.1	7.23	7.09	7.18	4281	6.87	2034	美 欣 达	SZ	7.1	6.79	
1457	2008-07-28	10.12	10.12	9.74	9.8	45065	6.26	2035	华帝股份	SZ	9.88	6.31	
1460	2008-07-28	6.89	7.21	6.88	7.1	10853	4.57	2036	宜科科技	SZ	6.9	4.44	
1448	2008-07-28	4.71	4.97	4.59	4.74	78485	1.95	2037	久联发展	SZ	4.71	1.93	
1479	2008-07-28	18	18.75	17.89	18.17	28774	9.81	2038	双鹭药业	SZ	17.86	9.65	
1460	2008-07-28	8.93	9.07	8.86	9.02	2542	8.74	2039	黔源电力	SZ	8.94	8.66	
1457	2008-07-28	5.52	5.72	5.52	5.65	14596	5.55	2040	南 京 港	SZ	5.51	5.41	
1458	2008-07-28	13.45	13.74	13.26	13.4	145524	6.55	2041	登海种业	SZ	13.55	6.63	
1472	2008-07-28	2.93	3.02	2.89	2.91	20079	0.93	2042	华孚色纺	SZ	2.92	0.93	
1455	2008-07-28	2.59	2.61	2.56	2.59	25664	1.21	2043	兔 宝 宝	SZ	2.57	1.2	
1457	2008-07-28	3.93	3.96	3.88	3.91	9306	2.65	2044	江苏三友	SZ	3.92	2.66	
1453	2008-07-28	3.96	4.03	3.94	3.98	14929	2.04	2045	广州国光	SZ	3.96	2.03	
1453	2008-07-28	4.91	5.03	4.86	4.95	18857	2.36	2046	轴研科技	SZ	4.93	2.35	
1458	2008-07-28	3.01	3.19	2.99	3.12	50289	1.89	2047	成霖股份	SZ	2.99	1.81	
1453	2008-07-28	8.6	8.88	8.53	8.6	154848	8.22	2048	宁波华翔	SZ	8.5	8.12	
1455	2008-07-28	9.1	9.34	9.01	9.09	12680	3.82	2050	三花股份	SZ	9.05	3.81	
1447	2008-07-28	6.46	6.52	6.38	6.41	27292	2.29	2051	中工国际	SZ	6.41	2.29	
1458	2008-07-28	6.69	6.96	6.68	6.92	32209	2.89	2054	德美化工	SZ	6.7	2.8	
1453	2008-07-28	5.3	5.3	5.11	5.22	20300	2.55	2055	得润电子	SZ	5.3	2.59	
1457	2008-07-28	10.02	10.25	10.02	10.08	16629	9.97	2056	横店东磁	SZ	9.99	9.88	
1458	2008-07-28	8.7	8.87	8.5	8.69	6686	8.67	2057	中钢天源	SZ	8.57	8.55	
1449	2008-07-28	4.95	5.04	4.74	4.85	40912	2.03	2058	威 尔 泰	SZ	4.72	1.98	
1432	2008-07-28	8.88	8.9	8.61	8.68	28345	8.53	2059	云南旅游	SZ	8.9	8.75	
1451	2008-07-28	4.24	4.29	4.24	4.28	19487	2.37	2060	粤 水 电	SZ	4.22	2.34	
1448	2008-07-28	5.54	5.99	5.54	5.89	31226	3.88	2061	江山化工	SZ	5.57	3.66	
1456	2008-07-28	7.76	7.97	7.73	7.78	9431	2.76	2062	宏润建设	SZ	7.72	2.74	
1456	2008-07-28	3.85	3.97	3.82	3.91	16225	0.96	2063	远光软件	SZ	3.85	0.94	
1459	2008-07-28	5.74	5.74	5.55	5.57	43587	2.67	2064	华峰氨纶	SZ	5.5	2.63	
1431	2008-07-28	6.5	6.59	6.46	6.46	20939	2.65	2065	东华软件	SZ	6.53	2.68	
1460	2008-07-28	4.9	4.99	4.8	4.97	12551	2.3	2066	瑞泰科技	SZ	4.86	2.24	
1451	2008-07-28	3.61	3.64	3.55	3.6	97784	1.75	2067	景兴纸业	SZ	3.6	1.75	
1450	2008-07-28	3.65	3.71	3.65	3.67	20901	1.43	2068	黑猫股份	SZ	3.65	1.42	
1451	2008-07-28	8.01	8.83	7.83	8.63	460949	2.53	2069	獐 子 岛	SZ	8.1	2.37	
1455	2008-07-28	2.32	2.47	2.29	2.44	80545	0.82	2070	众和股份	SZ	2.35	0.79	
1453	2008-07-28	3.96	4.07	3.94	4.06	30438	2.69	2071	江苏宏宝	SZ	3.94	2.61	
1448	2008-07-28	5.09	5.2	5.03	5.17	25411	5.17	2072	*ST德棉	SZ	5.08	5.08	
1456	2008-07-28	4.74	4.75	4.64	4.68	13893	2.51	2074	东源电器	SZ	4.66	2.5	
1455	2008-07-28	9.52	10.1	9.08	9.57	89247	9.18	2076	雪 莱 特	SZ	9.41	9.02	
1439	2008-07-28	8.73	8.9	8.6	8.7	27251	8.55	2077	大港股份	SZ	8.68	8.53	
1452	2008-07-28	9.49	9.7	9.4	9.48	22953	4.37	2078	太阳纸业	SZ	9.47	4.37	
1451	2008-07-28	2.39	2.5	2.38	2.46	86067	1.02	2079	苏州固锝	SZ	2.4	0.99	
1454	2008-07-28	10.09	10.39	9.85	10.39	42937	4.8	2080	中材科技	SZ	9.44	4.36	
1452	2008-07-28	3.49	3.5	3.43	3.45	4518	0.42	2081	金 螳 螂	SZ	3.45	0.42	
1460	2008-07-28	7.08	7.17	6.93	6.99	77259	6.82	2083	孚日股份	SZ	7	6.83	
1457	2008-07-28	4.23	4.3	4.18	4.25	14176	2.12	2084	海鸥卫浴	SZ	4.17	2.08	
1432	2008-07-28	6.69	6.78	6.62	6.72	13295	5.83	2085	万丰奥威	SZ	6.64	5.76	
1457	2008-07-28	8.66	9.25	8.22	9.1	158460	4.48	2086	东方海洋	SZ	8.41	4.14	
1452	2008-07-28	3.29	3.41	3.27	3.38	76712	1.98	2087	新野纺织	SZ	3.28	1.92	
1457	2008-07-28	16.91	17.38	16.7	16.82	3404	16.11	2088	鲁阳股份	SZ	16.9	16.19	
1454	2008-07-28	2.86	2.89	2.83	2.84	37071	1.07	2089	新 海 宜	SZ	2.86	1.08	
1399	2008-07-28	6.41	6.57	6.4	6.43	9408	3.02	2090	金智科技	SZ	6.39	3	
1459	2008-07-28	6.17	6.24	6.03	6.07	17258	3.89	2091	江苏国泰	SZ	6.1	3.91	
1446	2008-07-28	8.6	8.79	8.59	8.65	42881	5.44	2092	中泰化学	SZ	8.57	5.39	
1454	2008-07-28	5.29	5.29	5.2	5.26	33917	1.75	2093	国脉科技	SZ	5.23	1.74	
1457	2008-07-28	5.37	5.39	5.2	5.21	63588	3.36	2094	青岛金王	SZ	5.33	3.44	
1460	2008-07-28	13.33	13.77	13.33	13.61	5984	7.33	2095	生 意 宝	SZ	13.61	7.33	
1430	2008-07-28	4.79	4.79	4.45	4.5	65484	1.39	2096	南岭民爆	SZ	4.63	1.43	
1456	2008-07-28	13.83	14.26	13.51	13.98	79229	9.22	2097	山河智能	SZ	13.48	8.89	
1453	2008-07-28	9.86	10.31	9.63	10.19	47014	9.36	2098	浔兴股份	SZ	9.8	9.01	
1452	2008-07-28	3.99	4.1	3.99	4.08	21265	1.89	2099	海翔药业	SZ	3.99	1.85	
1467	2008-07-28	4.96	5.04	4.91	4.97	74089	3.13	21	长城开发	SZ	4.9	3.09	
1449	2008-07-28	6.44	7	6.42	6.9	67922	3.05	2100	天康生物	SZ	6.36	2.81	
1447	2008-07-28	7.03	7.24	6.91	7.01	11593	3.3	2101	广东鸿图	SZ	7.04	3.31	
1449	2008-07-28	3.29	3.37	3.28	3.32	45317	1.64	2102	冠福家用	SZ	3.29	1.62	
1458	2008-07-28	8.82	9.07	8.82	8.92	9020	8.09	2103	广博股份	SZ	8.9	8.07	
1458	2008-07-28	10.08	11	10.08	10.61	36750	10.32	2104	恒宝股份	SZ	10.08	9.8	
1455	2008-07-28	5.25	5.36	5.22	5.28	8241	4.92	2105	信隆实业	SZ	5.24	4.88	
1459	2008-07-28	8.56	8.87	8.52	8.73	81289	4.42	2106	莱宝高科	SZ	8.64	4.38	
1456	2008-07-28	16.23	16.95	15.9	16.1	15677	8.05	2107	沃华医药	SZ	16.02	8.01	
1450	2008-07-28	3.44	3.56	3.44	3.5	16152	0.88	2108	沧州明珠	SZ	3.44	0.86	
1455	2008-07-28	9.88	10.03	9.5	9.56	86348	5.63	2109	兴化股份	SZ	9.82	5.79	
1450	2008-07-28	15.29	15.55	15.28	15.35	6586	15.16	2110	三钢闽光	SZ	15.29	15.11	
1450	2008-07-28	9.33	9.43	9.21	9.27	8831	4.93	2111	威海广泰	SZ	9.28	4.93	
1455	2008-07-28	5.99	6.1	5.92	6	24488	2.34	2112	三变科技	SZ	6	2.33	
1440	2008-07-28	7.31	7.43	7.25	7.4	13131	4.62	2113	ST天润	SZ	7.21	4.5	
1459	2008-07-28	9.89	9.89	9.69	9.72	8664	9.72	2114	罗平锌电	SZ	9.69	9.69	
1450	2008-07-28	4.37	4.51	4.35	4.45	30661	1.42	2115	三维通信	SZ	4.36	1.39	
1457	2008-07-28	8.72	8.87	8.67	8.81	6783	4.29	2116	中国海诚	SZ	8.66	4.22	
1450	2008-07-28	7.63	7.7	7.54	7.61	11776	4.17	2117	东港股份	SZ	7.57	4.14	
1410	2008-07-28	6.12	6.18	6.03	6.07	55159	1.77	2118	紫鑫药业	SZ	6.06	1.76	
1449	2008-07-28	7.26	7.74	7.26	7.65	22164	7.54	2119	康强电子	SZ	7.26	7.15	
1452	2008-07-28	7.23	7.36	7.09	7.17	6270	2.34	2121	科陆电子	SZ	7.3	2.38	
1459	2008-07-28	13.35	13.7	13.07	13.63	8268	3.25	2122	天马股份	SZ	13.37	3.19	
1458	2008-07-28	10.06	10.06	9.75	9.87	16974	2.7	2123	荣信股份	SZ	9.83	2.69	
1457	2008-07-28	9.55	9.8	9.28	9.41	61632	5.85	2124	天邦股份	SZ	9.31	5.79	
1445	2008-07-28	5.38	5.54	5.35	5.5	14147	3.42	2125	湘潭电化	SZ	5.41	3.37	
1453	2008-07-28	4.29	4.53	4.29	4.46	24910	1.63	2126	银轮股份	SZ	4.3	1.57	
1457	2008-07-28	16.51	16.75	16.37	16.55	22574	11.37	2128	露天煤业	SZ	16.43	11.29	
1449	2008-07-28	7.21	7.22	7.02	7.07	26559	4.69	2129	中环股份	SZ	7.08	4.69	
1449	2008-07-28	3.05	3.14	3.05	3.09	16310	0.67	2130	沃尔核材	SZ	3.05	0.66	
1371	2008-07-28	5.32	5.41	5.32	5.38	12838	2.57	2131	利欧股份	SZ	5.32	2.54	
1451	2008-07-28	4.24	4.51	4.18	4.33	175638	2.06	2132	恒星科技	SZ	4.24	2.01	
1452	2008-07-28	5	5.19	4.96	5.04	87620	3.77	2133	广宇集团	SZ	4.94	3.7	
1459	2008-07-28	7.65	7.76	7.58	7.72	6887	7.72	2134	天津普林	SZ	7.6	7.6	
1454	2008-07-28	3.34	3.42	3.34	3.41	23455	1.21	2135	东南网架	SZ	3.33	1.18	
1452	2008-07-28	4.32	4.43	4.28	4.43	11616	2.2	2136	安 纳 达	SZ	4.34	2.16	
1454	2008-07-28	4.46	4.55	4.43	4.47	14854	2.02	2137	实 益 达	SZ	4.46	2.02	
1454	2008-07-28	7.18	7.5	7.02	7.33	31778	3.06	2138	顺络电子	SZ	7.44	3.11	
1451	2008-07-28	7.16	7.39	7.14	7.23	39894	1.83	2139	拓邦股份	SZ	7.19	1.83	
1458	2008-07-28	7.72	7.9	7.72	7.83	3996	1.69	2140	东华科技	SZ	7.83	1.69	
1418	2008-07-28	4.92	5.07	4.91	5.07	21899	2.25	2141	蓉胜超微	SZ	4.92	2.19	
1455	2008-07-28	10.56	10.8	10.55	10.6	96052	9.63	2142	宁波银行	SZ	10.53	9.57	
1449	2008-07-28	7.27	7.37	7.09	7.12	20509	5.41	2143	高金食品	SZ	7.21	5.47	
1449	2008-07-28	13.3	13.34	12.81	12.91	11408	12.4	2144	宏达高科	SZ	13.15	12.63	
1365	2008-07-28	10.18	10.6	10	10.55	43055	10.55	2145	*ST钛白	SZ	10.19	10.19	
1449	2008-07-28	5.19	5.32	5.12	5.13	72995	2.71	2146	荣盛发展	SZ	5.14	2.71	
1446	2008-07-28	19.2	19.25	18.89	18.95	6047	8.95	2147	方圆支承	SZ	19.04	8.99	
1457	2008-07-28	6.04	6.27	6.04	6.1	12585	1.89	2148	北纬通信	SZ	6.13	1.9	
1455	2008-07-28	26.88	27.7	26.88	27.22	5403	26.75	2149	西部材料	SZ	26.88	26.42	
1459	2008-07-28	5.07	5.21	5.06	5.12	9320	1.92	2150	江苏通润	SZ	5.05	1.9	
1446	2008-07-28	13.22	13.22	12.83	12.9	4550	6.93	2151	北斗星通	SZ	12.94	6.96	
1460	2008-07-28	11.66	11.88	11.48	11.68	12915	4.11	2152	广电运通	SZ	11.66	4.11	
1458	2008-07-28	27.17	27.54	26.52	26.63	2309	9.29	2153	石基信息	SZ	27.17	9.48	
1447	2008-07-28	7.31	7.52	7.16	7.3	12610	2.55	2154	报 喜 鸟	SZ	7.31	2.56	
1457	2008-07-28	7.57	7.78	7.57	7.7	21585	4.06	2155	辰州矿业	SZ	7.58	4	
1455	2008-07-28	5.3	5.42	5.2	5.31	62733	2.4	2156	通富微电	SZ	5.3	2.39	
1458	2008-07-28	5.84	5.96	5.75	5.8	34833	2.35	2157	正邦科技	SZ	5.79	2.35	
1459	2008-07-28	7.62	7.73	7.51	7.62	9377	4.42	2158	汉钟精机	SZ	7.51	4.35	
1456	2008-07-28	7.95	7.96	7.7	7.81	13019	7.72	2159	三特索道	SZ	7.84	7.75	
1455	2008-07-28	5.48	6.01	5.48	6.01	84845	1.09	2161	远 望 谷	SZ	5.54	1.01	
1458	2008-07-28	5.94	6.34	5.89	6.19	39666	5.56	2162	斯 米 克	SZ	6.04	5.42	
1443	2008-07-28	2.74	2.82	2.64	2.77	149540	0.87	2163	中航三鑫	SZ	2.73	0.86	
1457	2008-07-28	6.3	6.55	6.3	6.44	18296	3.09	2164	东力传动	SZ	6.36	3.05	
1456	2008-07-28	3.26	3.4	3.26	3.34	41320	0.76	2165	红 宝 丽	SZ	3.28	0.74	
1450	2008-07-28	6.74	7.35	6.66	7.35	24713	3.67	2166	莱茵生物	SZ	6.68	3.34	
1452	2008-07-28	4.75	4.85	4.66	4.67	24731	0.88	2167	东方锆业	SZ	4.7	0.89	
1452	2008-07-28	1.77	1.79	1.75	1.76	38515	0.22	2168	深圳惠程	SZ	1.76	0.22	
1453	2008-07-28	4.68	4.76	4.68	4.73	12955	1.56	2169	智光电气	SZ	4.67	1.54	
1454	2008-07-28	3.57	3.73	3.57	3.69	48819	0.83	2170	芭田股份	SZ	3.59	0.81	
1458	2008-07-28	11.08	11.44	11.08	11.27	4530	11.16	2171	精诚铜业	SZ	11.06	10.95	
1453	2008-07-28	5.76	5.87	5.69	5.79	45769	3.86	2172	澳洋科技	SZ	5.68	3.79	
1458	2008-07-28	8.05	8.25	7.87	8.01	40355	2.65	2173	山 下 湖	SZ	7.95	2.63	
1456	2008-07-28	9.56	9.8	9.45	9.72	7057	9.68	2174	梅 花 伞	SZ	9.44	9.4	
1430	2008-07-28	11.85	12.55	11.61	12.11	25493	11.91	2175	广陆数测	SZ	12.08	11.88	
1443	2008-07-28	2.77	2.82	2.76	2.79	27069	0.47	2176	江特电机	SZ	2.75	0.47	
1450	2008-07-28	3.57	3.66	3.56	3.6	21071	0.83	2177	御银股份	SZ	3.56	0.82	
1458	2008-07-28	6.58	6.74	6.58	6.71	13089	3.94	2178	延华智能	SZ	6.64	3.9	
1459	2008-07-28	6.91	7.22	6.87	7.2	39219	3.14	2179	中航光电	SZ	6.84	2.98	
1458	2008-07-28	7.8	7.8	7.6	7.65	9509	4.94	2180	万 力 达	SZ	7.62	4.92	
1400	2008-07-28	7.29	7.43	7.2	7.32	6805	5.54	2181	粤 传 媒	SZ	7.19	5.44	
1455	2008-07-28	11.47	11.73	11.43	11.71	10541	7.65	2182	云海金属	SZ	11.4	7.44	
1439	2008-07-28	7.43	7.69	7.41	7.61	40302	2.06	2183	怡 亚 通	SZ	7.32	1.98	
1454	2008-07-28	3.5	3.61	3.44	3.59	52219	1.52	2185	华天科技	SZ	3.46	1.47	
1459	2008-07-28	27.55	27.7	27.1	27.4	28895	11.72	2186	全 聚 德	SZ	27.11	11.6	
1412	2008-07-28	6.46	6.59	6.35	6.42	14910	3.27	2188	新 嘉 联	SZ	6.43	3.28	
1458	2008-07-28	7.47	7.6	7.37	7.55	12053	7.49	2189	利达光电	SZ	7.37	7.31	
1438	2008-07-28	4.75	4.88	4.75	4.79	15064	2.2	2190	成飞集成	SZ	4.74	2.18	
1454	2008-07-28	6.1	6.26	6	6.24	15867	3.11	2192	路翔股份	SZ	5.98	2.98	
1460	2008-07-28	7.99	8.24	7.85	8.07	18812	7.97	2193	山东如意	SZ	7.92	7.82	
1459	2008-07-28	16.38	16.54	16.2	16.22	8421	10.87	2194	武汉凡谷	SZ	16.3	10.92	
1460	2008-07-28	10.2	10.35	10	10.24	6106	6.59	2195	海隆软件	SZ	10.17	6.55	
1454	2008-07-28	8.13	8.37	8.13	8.21	8788	5.16	2196	方正电机	SZ	8.15	5.12	
1453	2008-07-28	8.43	8.62	8.39	8.48	11749	3.39	2197	证通电子	SZ	8.42	3.36	
1455	2008-07-28	2.25	2.46	2.24	2.46	71976	0.49	2198	嘉应制药	SZ	2.24	0.44	
1454	2008-07-28	5.3	5.36	5.21	5.36	11342	2.01	2199	东晶电子	SZ	5.27	1.97	
1480	2008-07-28	15.07	15.23	14.9	14.96	22893	12.92	22	深赤湾Ａ	SZ	15.03	12.98	
1428	2008-07-28	24.44	24.6	23.96	24.06	5563	13.17	2200	绿 大 地	SZ	24.38	13.35	
1418	2008-07-28	6.09	6.23	5.92	6.08	15580	3.56	2201	九鼎新材	SZ	6.12	3.58	
1454	2008-07-28	17.19	17.33	17.01	17.12	53972	7.1	2202	金风科技	SZ	16.96	7.03	
1458	2008-07-28	9.74	9.92	9.63	9.67	30890	6.02	2203	海亮股份	SZ	9.69	6.03	
1431	2008-07-28	8.36	8.53	8.34	8.35	17959	3.5	2204	华锐铸钢	SZ	8.36	3.51	
1453	2008-07-28	13.3	13.58	13.06	13.14	6109	10.35	2205	国统股份	SZ	13.26	10.45	
1451	2008-07-28	5.5	5.66	5.5	5.58	28553	1.56	2206	海 利 得	SZ	5.5	1.54	
1454	2008-07-28	12.63	13.48	12.63	13.06	8797	12.85	2207	准油股份	SZ	12.74	12.53	
1456	2008-07-28	5.75	6.04	5.75	5.93	48551	2.75	2208	合肥城建	SZ	5.74	2.67	
1456	2008-07-28	6.13	6.26	6.1	6.21	8624	4.03	2209	达 意 隆	SZ	6.07	3.94	
1457	2008-07-28	4.15	4.2	4.05	4.15	55910	1.35	2210	飞马国际	SZ	4.12	1.34	
1454	2008-07-28	8.47	8.62	8.43	8.51	25260	5.62	2211	宏达新材	SZ	8.43	5.56	
1449	2008-07-28	4.97	5.05	4.96	4.98	25497	1.46	2212	南洋股份	SZ	4.96	1.45	
1457	2008-07-28	4.91	5.28	4.91	5.07	110669	2.44	2213	特 尔 佳	SZ	4.84	2.33	
1435	2008-07-28	8.59	8.62	8.4	8.47	12442	4.05	2214	大立科技	SZ	8.44	4.03	
1449	2008-07-28	5.6	5.7	5.56	5.6	18548	1.22	2215	诺 普 信	SZ	5.61	1.22	
1453	2008-07-28	9.69	9.96	9.69	9.76	12874	2.29	2216	三全食品	SZ	9.69	2.27	
1453	2008-07-28	10.67	11.09	10.67	10.89	49728	4.63	2218	拓日新能	SZ	10.64	4.53	
1455	2008-07-28	4.28	4.34	4.26	4.33	29909	1.06	2219	独 一 味	SZ	4.27	1.05	
1454	2008-07-28	5.03	5.19	4.99	5.12	33245	0.82	2220	天宝股份	SZ	4.98	0.8	
1451	2008-07-28	3.89	4.15	3.89	4.09	67156	2	2221	东华能源	SZ	3.88	1.9	
1460	2008-07-28	6.17	6.33	6.17	6.33	31053	3.79	2222	福晶科技	SZ	6.19	3.7	
1457	2008-07-28	4.19	4.38	4.17	4.2	85432	0.8	2223	鱼跃医疗	SZ	4.23	0.8	
1455	2008-07-28	5.14	5.29	5.11	5.23	39718	1.84	2224	三 力 士	SZ	5.16	1.81	
1447	2008-07-28	4.53	4.79	4.52	4.59	183085	2.61	2225	濮耐股份	SZ	4.59	2.61	
1428	2008-07-28	5.02	5.07	4.88	5.01	66721	1.18	2226	江南化工	SZ	5.02	1.18	
1459	2008-07-28	16.65	16.87	16.45	16.58	7611	16.19	2227	奥 特 迅	SZ	16.72	16.33	
1448	2008-07-28	4.16	4.27	4.12	4.18	24710	1.28	2228	合兴包装	SZ	4.12	1.26	
1453	2008-07-28	4.86	5.08	4.81	5.02	44469	1.41	2229	鸿博股份	SZ	4.82	1.36	
1453	2008-07-28	10.01	10.17	9.78	10.07	16735	1.61	2230	科大讯飞	SZ	9.93	1.59	
1458	2008-07-28	3.04	3.33	3.04	3.28	116413	0.99	2231	奥维通信	SZ	3.02	0.91	
1449	2008-07-28	5.07	5.28	5.02	5.28	49111	1.82	2232	启明信息	SZ	5.07	1.75	
1455	2008-07-28	5.38	5.46	5.35	5.43	55545	2.55	2233	塔牌集团	SZ	5.34	2.51	
1454	2008-07-28	9.98	10.24	9.98	10.15	23592	4.72	2234	民和股份	SZ	10.02	4.67	
1452	2008-07-28	6.3	6.48	6.26	6.41	18679	3.14	2235	安妮股份	SZ	6.29	3.09	
1455	2008-07-28	2.44	2.54	2.42	2.54	85335	0.14	2236	大华股份	SZ	2.44	0.13	
1452	2008-07-28	11.22	11.22	10.9	10.91	21616	2.65	2237	恒邦股份	SZ	11	2.67	
1456	2008-07-28	11.32	11.57	11.2	11.27	23199	9.16	2238	天威视讯	SZ	11.26	9.15	
1451	2008-07-28	6.75	6.98	6.71	6.89	21405	4.5	2239	金 飞 达	SZ	6.74	4.4	
1459	2008-07-28	7.44	7.58	7.43	7.5	41032	4.61	2240	威华股份	SZ	7.41	4.56	
1450	2008-07-28	2.6	2.72	2.6	2.69	61922	0.22	2241	歌尔声学	SZ	2.59	0.21	
1456	2008-07-28	14.04	14.48	14.04	14.06	24634	3.69	2242	九阳股份	SZ	14.02	3.68	
1452	2008-07-28	8.54	8.72	8.53	8.65	10366	8.27	2243	通产丽星	SZ	8.54	8.17	
1458	2008-07-28	8.42	8.85	8.3	8.33	136765	3.09	2244	滨江集团	SZ	8.54	3.17	
1454	2008-07-28	3.19	3.21	3.12	3.14	48759	0.5	2245	澳洋顺昌	SZ	3.18	0.51	
1412	2008-07-28	8.34	8.64	8.34	8.48	22441	8.17	2246	北化股份	SZ	8.34	8.04	
1458	2008-07-28	5.37	5.41	5.29	5.33	21247	1.6	2247	帝龙新材	SZ	5.33	1.6	
1448	2008-07-28	6.82	6.82	6.5	6.72	23967	3.29	2248	华东数控	SZ	6.64	3.25	
1452	2008-07-28	5.04	5.08	4.88	4.88	89993	0.82	2249	大洋电机	SZ	4.98	0.84	
1457	2008-07-28	14.76	15.55	14.76	15.3	35495	3.58	2251	步 步 高	SZ	14.72	3.45	
1456	2008-07-28	9.33	9.47	9.12	9.17	78159	2.64	2252	上海莱士	SZ	9.33	2.68	
1454	2008-07-28	8.98	9.16	8.93	8.98	11482	3.53	2253	川大智胜	SZ	9.02	3.55	
1459	2008-07-28	8.04	8.23	7.84	7.85	122540	1.29	2254	烟台氨纶	SZ	8.03	1.32	
1456	2008-07-28	11.89	12.19	11.72	12.07	20872	5.76	2255	海陆重工	SZ	11.8	5.63	
1349	2008-07-28	4.76	4.82	4.72	4.74	32825	1.56	2256	彩虹精化	SZ	4.78	1.57	
1435	2008-07-28	12.63	12.97	12.6	12.67	22217	8.04	2258	利尔化学	SZ	12.62	8.01	
1454	2008-07-28	3.5	3.63	3.45	3.51	228873	1.34	2259	升达林业	SZ	3.51	1.34	
1453	2008-07-28	7.84	8.02	7.77	7.85	43519	5.81	2260	伊 立 浦	SZ	7.85	5.81	
1451	2008-07-28	9.7	10.03	9.56	10.01	105366	2.75	2261	拓维信息	SZ	9.66	2.65	
1458	2008-07-28	5.97	6.09	5.81	6.02	100897	2.41	2262	恩华药业	SZ	5.94	2.38	
1454	2008-07-28	4.89	5.28	4.89	5.14	741172	2.75	2263	大 东 南	SZ	-1	-1	
1458	2008-07-28	5.56	5.8	5.55	5.62	11578	5.35	23	深天地Ａ	SZ	5.5	5.23	
1480	2008-07-28	17.2	18.35	16.7	17.23	115110	15.9	24	招商地产	SZ	16.7	15.41	
1480	2008-07-28	6.16	6.3	6.15	6.23	8143	6.23	25	特 力Ａ	SZ	6.15	6.15	
1480	2008-07-28	6.33	6.56	6.33	6.56	26559	4.45	26	飞亚达Ａ	SZ	6.33	4.29	
1476	2008-07-28	7.46	7.57	7.46	7.5	45302	5.83	27	深圳能源	SZ	7.44	5.78	
1455	2008-07-28	17.98	18.18	17.8	18.05	11673	17.66	28	一致药业	SZ	17.96	17.57	
1451	2008-07-28	4.42	4.62	4.38	4.48	70344	4.48	29	深深房Ａ	SZ	4.38	4.38	
1478	2008-07-28	6.26	6.36	6.09	6.14	115470	5.84	301	东方市场	SZ	6.27	5.96	
1480	2008-07-28	7.12	7.59	7.07	7.27	704134	7.12	31	中粮地产	SZ	7.12	6.98	
1479	2008-07-28	8	8.27	7.92	8.27	33425	7.87	32	深桑达Ａ	SZ	7.88	7.5	
1474	2008-07-28	4.15	4.25	4.15	4.2	38928	4.2	33	新都酒店	SZ	4.14	4.14	
1458	2008-07-28	12.18	12.33	11.98	12.03	88896	2.82	338	潍柴动力	SZ	11.99	2.81	
1275	2008-07-28	4.23	4.23	4.15	4.22	53568	4.22	34	ST深泰	SZ	4.2	4.2	
1471	2008-07-28	4.72	4.74	4.6	4.74	67514	3.76	35	*ST科健	SZ	4.52	3.59	
1481	2008-07-28	3.7	3.76	3.66	3.73	64809	3.73	36	华联控股	SZ	3.69	3.69	
1474	2008-07-28	5.82	5.93	5.8	5.85	7467	5.85	37	深南电Ａ	SZ	5.82	5.82	
1479	2008-07-28	11.4	11.59	11.4	11.45	53386	10.5	39	中集集团	SZ	11.36	10.42	
1417	2008-07-28	5.62	5.74	5.48	5.66	11061	5.66	4	ST国农	SZ	5.54	5.54	
1424	2008-07-28	3.98	4.1	3.98	4.03	20144	3.97	40	深 鸿 基	SZ	4	3.94	
1480	2008-07-28	7.75	8.08	7.75	7.89	78976	5.99	400	许继电气	SZ	7.69	5.84	
1478	2008-07-28	10.63	10.76	10.41	10.58	82900	10.39	401	冀东水泥	SZ	10.6	10.41	
