1437	2008-09-16	7.55	7.55	6.92	6.92	579974	3.23	000001	深发展Ａ	SZ	7.69	3.59	
1444	2008-09-16	5.69	5.8	5.4	5.58	1152173	5.05	000002	万 科Ａ	SZ	5.63	5.09	
1381	2008-09-16	4.55	4.6	4.38	4.49	2595	4.49	000004	ST国农	SZ	4.55	4.55	
1052	2008-09-16	1.1	1.1	1.06	1.06	17416	0.27	000010	S ST华新	SZ	1.12	0.28	
1444	2008-09-16	3.55	3.56	3.36	3.36	10820	3.06	000011	深物业A	SZ	3.54	3.21	
1431	2008-09-16	5.06	5.09	4.85	4.97	60755	2.59	000012	南 玻Ａ	SZ	5.09	2.65	
1443	2008-09-16	6.49	6.58	6.02	6.32	7438	6.24	000014	沙河股份	SZ	6.48	6.4	
1442	2008-09-16	2.97	3.02	2.88	3	61073	2.94	000016	深康佳Ａ	SZ	2.99	2.93	
1444	2008-09-16	4.52	4.82	4.5	4.5	2548	4.5	000018	ST中冠A	SZ	4.74	4.74	
1380	2008-09-16	7	7.05	6.7	6.92	8282	6.75	000019	深深宝Ａ	SZ	7.07	6.89	
1442	2008-09-16	2.35	2.38	2.26	2.3	8777	2.3	000020	深华发Ａ	SZ	2.33	2.33	
1431	2008-09-16	3.33	3.33	3.19	3.22	24997	2.03	000021	长城开发	SZ	3.29	2.08	
1444	2008-09-16	11.49	11.55	11.3	11.3	11708	9.76	000022	深赤湾Ａ	SZ	11.53	9.96	
1422	2008-09-16	3.8	3.92	3.68	3.68	4522	3.58	000023	深天地Ａ	SZ	3.8	3.7	
1444	2008-09-16	11.44	11.44	10.9	11.25	120443	10.38	000024	招商地产	SZ	10.92	10.08	
1444	2008-09-16	4.05	4.05	3.8	3.85	7298	3.85	000025	特 力Ａ	SZ	4.04	4.04	
1444	2008-09-16	4.29	4.45	4.29	4.34	4793	2.95	000026	飞亚达Ａ	SZ	4.41	2.99	
1440	2008-09-16	6.34	6.51	6.19	6.41	42703	4.98	000027	深圳能源	SZ	6.39	4.97	
1419	2008-09-16	10.35	11.36	10.16	10.98	7941	10.74	000028	一致药业	SZ	10.36	10.13	
1415	2008-09-16	2.94	3.04	2.84	2.86	37673	2.86	000029	深深房Ａ	SZ	2.93	2.93	
1444	2008-09-16	4.08	4.23	3.98	4.05	240839	3.97	000031	中粮地产	SZ	3.99	3.91	
1443	2008-09-16	5.39	5.39	5.11	5.15	14407	4.9	000032	深桑达Ａ	SZ	5.31	5.05	
1438	2008-09-16	2.73	2.79	2.59	2.63	17376	2.63	000033	新都酒店	SZ	2.76	2.76	
1239	2008-09-16	1.7	1.7	1.64	1.65	47121	1.65	000034	ST深泰	SZ	1.73	1.73	
1435	2008-09-16	2.56	2.56	2.46	2.46	22677	1.95	000035	*ST科健	SZ	2.59	2.05	
1445	2008-09-16	2.38	2.38	2.28	2.29	36163	2.29	000036	华联控股	SZ	2.37	2.37	
1438	2008-09-16	4.25	4.25	4	4.11	4887	4.11	000037	深南电Ａ	SZ	4.25	4.25	
1443	2008-09-16	8.19	8.2	7.92	8	35585	7.34	000039	中集集团	SZ	8.15	7.48	
1388	2008-09-16	4.14	4.32	3.74	3.76	132438	3.7	000040	深 鸿 基	SZ	4.07	4.01	
1397	2008-09-16	1.47	1.47	1.43	1.43	269304	0.68	000100	TCL 集团	SZ	1.46	0.69	
1444	2008-09-16	3.71	3.96	3.63	3.69	37724	3.69	000150	宜华地产	SZ	3.61	3.61	
1443	2008-09-16	3.97	3.97	3.76	3.82	8632	3.75	000151	中成股份	SZ	3.94	3.87	
1445	2008-09-16	3.55	3.56	3.21	3.24	38190	3.21	000153	丰原药业	SZ	3.55	3.51	
1444	2008-09-16	5.48	5.48	5.22	5.32	34700	5.21	000155	川化股份	SZ	5.49	5.38	
1429	2008-09-16	3.17	3.26	3.1	3.17	247383	0.78	000157	中联重科	SZ	3.15	0.77	
1422	2008-09-16	3	3	2.9	2.9	17717	2.89	000158	常山股份	SZ	2.99	2.98	
1402	2008-09-16	3.94	4.07	3.9	3.96	52690	1.85	000159	国际实业	SZ	4.01	1.88	
1442	2008-09-16	3.94	3.94	3.75	3.76	36117	3.57	000301	东方市场	SZ	3.91	3.72	
1422	2008-09-16	9.11	9.31	9.01	9.13	86116	2.25	000338	潍柴动力	SZ	9.23	2.27	
1444	2008-09-16	5.31	5.48	5.2	5.36	54743	4.07	000400	许继电气	SZ	5.42	4.11	
1442	2008-09-16	6.57	6.7	6.3	6.42	23355	6.31	000401	冀东水泥	SZ	6.5	6.38	
1414	2008-09-16	3.08	3.11	2.94	2.96	39661	1.21	001696	宗申动力	SZ	3.05	1.24	
1434	2008-09-16	3.6	3.85	3.46	3.84	59576	3.84	001896	*ST豫能	SZ	3.54	3.54	
1416	2008-09-16	11.46	11.46	10.82	11.18	64335	4.72	002001	新 和 成	SZ	11.33	4.79	
1386	2008-09-16	3.43	3.44	3.31	3.39	3866	3.39	002002	ST琼花	SZ	3.44	3.44	
1410	2008-09-16	15.69	15.69	15.21	15.48	2754	9.34	002003	伟星股份	SZ	16.08	9.7	
1415	2008-09-16	2.82	2.83	2.75	2.79	17615	0.84	002004	华邦制药	SZ	2.78	0.84	
1407	2008-09-16	1.38	1.39	1.35	1.37	24313	0.68	002005	德豪润达	SZ	1.39	0.69	
1405	2008-09-16	2.38	2.42	2.22	2.33	161517	0.77	002006	精功科技	SZ	2.35	0.78	
1417	2008-09-16	13.14	13.87	12.97	13.54	9024	5.14	002007	华兰生物	SZ	13.25	5.04	
1421	2008-09-16	5.65	5.9	5.51	5.87	33593	3.68	002008	大族激光	SZ	5.7	3.57	
1417	2008-09-16	7	7.06	6.78	7	15562	6.96	002009	天奇股份	SZ	7.12	7.08	
1416	2008-09-16	2.39	2.41	2.3	2.31	15227	1.1	002010	传化股份	SZ	2.41	1.15	
1418	2008-09-16	3.34	3.46	3.34	3.35	24585	1.5	002011	盾安环境	SZ	3.44	1.54	
1421	2008-09-16	2.2	2.21	2.03	2.08	32861	0.99	002012	凯恩股份	SZ	2.2	1.05	
1395	2008-09-16	2.57	2.57	2.35	2.36	62256	0.88	002013	中航精机	SZ	2.58	0.96	
1421	2008-09-16	3.21	3.22	3.06	3.08	9805	1.28	002014	永新股份	SZ	3.23	1.35	
1410	2008-09-16	5.13	5.26	5.03	5.1	49382	5.07	002015	霞客环保	SZ	5.13	5.1	
1417	2008-09-16	2.43	2.53	2.43	2.5	24605	1.46	002016	世荣兆业	SZ	2.42	1.42	
1401	2008-09-16	5.18	5.26	4.98	5.05	10894	4.43	002017	东信和平	SZ	5.14	4.51	
1429	2008-09-16	4.99	5.2	4.96	5.1	96748	1.88	002018	华星化工	SZ	4.98	1.84	
1423	2008-09-16	8.17	8.28	8	8.09	9432	7.98	002019	鑫富药业	SZ	8.08	7.97	
1420	2008-09-16	2.3	2.31	2.21	2.29	8182	1.1	002020	京新药业	SZ	2.3	1.11	
1418	2008-09-16	1.76	1.85	1.72	1.78	106283	0.75	002021	中捷股份	SZ	1.79	0.76	
1423	2008-09-16	14.54	14.54	13.46	14.23	30616	9.96	002022	科华生物	SZ	14.5	10.15	
1417	2008-09-16	3.61	3.65	3.48	3.54	18616	2.44	002023	海特高新	SZ	3.57	2.47	
1421	2008-09-16	6.76	6.86	6.63	6.73	9157	6.5	002025	航天电器	SZ	6.72	6.49	
1405	2008-09-16	2.66	2.72	2.64	2.67	4895	1.5	002026	山东威达	SZ	2.69	1.51	
1421	2008-09-16	3.18	3.18	3.05	3.12	5352	3.12	002027	七喜控股	SZ	3.18	3.18	
1423	2008-09-16	14.3	14.5	13.62	14.09	8157	8.23	002028	思源电气	SZ	14.3	8.35	
1419	2008-09-16	6.08	6.38	6.05	6.33	21974	2.65	002029	七 匹 狼	SZ	6.2	2.59	
1416	2008-09-16	3.14	3.14	2.92	3.01	10571	1.92	002031	巨轮股份	SZ	3.13	2	
1420	2008-09-16	8.22	8.48	7.97	8.46	7921	5.44	002032	苏 泊 尔	SZ	8.22	5.29	
1385	2008-09-16	6.92	6.98	6.76	6.84	6376	3.81	002033	丽江旅游	SZ	6.91	3.85	
1424	2008-09-16	4.96	4.96	4.44	4.58	6775	4.38	002034	美 欣 达	SZ	4.93	4.72	
1421	2008-09-16	4.07	4.1	3.78	3.95	39030	2.52	002035	华帝股份	SZ	4.05	2.59	
1424	2008-09-16	4.71	4.71	4.5	4.52	13526	2.91	002036	宜科科技	SZ	4.61	2.97	
1412	2008-09-16	3.05	3.05	2.79	2.88	20688	1.18	002037	久联发展	SZ	3.05	1.25	
1443	2008-09-16	14.83	15.28	14.41	14.82	12374	8.01	002038	双鹭药业	SZ	14.69	7.94	
1424	2008-09-16	6.95	7.06	6.76	6.84	4450	6.63	002039	黔源电力	SZ	6.96	6.74	
1421	2008-09-16	4.07	4.09	3.93	3.99	3129	3.92	002040	南 京 港	SZ	4.05	3.97	
1422	2008-09-16	8.1	8.44	8.1	8.3	95759	4.06	002041	登海种业	SZ	8.24	4.03	
1436	2008-09-16	2.15	2.15	1.93	1.93	55444	0.62	002042	华孚色纺	SZ	2.15	0.69	
1419	2008-09-16	1.85	1.85	1.78	1.81	11488	0.85	002043	兔 宝 宝	SZ	1.86	0.87	
1421	2008-09-16	2.66	2.66	2.57	2.62	3867	1.78	002044	江苏三友	SZ	2.66	1.81	
1417	2008-09-16	3.13	3.13	2.95	3.03	14280	1.55	002045	广州国光	SZ	3.14	1.61	
1417	2008-09-16	3.6	3.72	3.56	3.66	20310	1.75	002046	轴研科技	SZ	3.72	1.77	
1422	2008-09-16	2.09	2.1	2.05	2.06	10425	1.25	002047	成霖股份	SZ	2.09	1.27	
1417	2008-09-16	5.26	5.33	5.16	5.2	47051	4.97	002048	宁波华翔	SZ	5.26	5.03	
1390	2008-09-16	4.76	4.76	4.48	4.53	11303	2.92	002049	晶源电子	SZ	4.77	3.07	
1419	2008-09-16	6.09	6.09	5.85	5.9	2705	2.48	002050	三花股份	SZ	6.07	2.56	
1411	2008-09-16	4.49	4.54	4.35	4.47	14776	1.6	002051	中工国际	SZ	4.45	1.59	
1411	2008-09-16	3.59	3.59	3.45	3.49	14065	1.73	002052	同洲电子	SZ	3.59	1.77	
1422	2008-09-16	3.71	3.75	3.57	3.74	7382	1.56	002054	德美化工	SZ	3.73	1.56	
1417	2008-09-16	2.74	2.78	2.69	2.72	5500	1.33	002055	得润电子	SZ	2.71	1.32	
1421	2008-09-16	7.18	7.22	6.95	7.06	13311	6.98	002056	横店东磁	SZ	7.22	7.14	
1422	2008-09-16	5.21	5.25	5.02	5.08	2244	5.07	002057	中钢天源	SZ	5.23	5.22	
1413	2008-09-16	3.6	3.6	3.43	3.52	4540	1.47	002058	威 尔 泰	SZ	3.51	1.47	
1396	2008-09-16	6.59	6.59	6.32	6.39	2092	6.28	002059	云南旅游	SZ	6.57	6.46	
1415	2008-09-16	3.1	3.15	3.05	3.1	25616	1.72	002060	粤 水 电	SZ	3.14	1.74	
1412	2008-09-16	3.09	3.12	2.93	3.01	10942	1.98	002061	江山化工	SZ	3.07	2.02	
1420	2008-09-16	4.99	5.06	4.92	4.96	21255	1.76	002062	宏润建设	SZ	5.16	1.83	
1420	2008-09-16	2.9	2.91	2.84	2.89	4485	0.71	002063	远光软件	SZ	2.92	0.72	
1423	2008-09-16	3.25	3.25	3.13	3.15	21090	1.51	002064	华峰氨纶	SZ	3.23	1.55	
1395	2008-09-16	4.87	5	4.79	4.88	6284	2	002065	东华软件	SZ	4.92	2.02	
1424	2008-09-16	3.35	3.38	3.21	3.24	3023	1.5	002066	瑞泰科技	SZ	3.35	1.55	
1415	2008-09-16	2.17	2.18	2.12	2.14	49223	1.04	002067	景兴纸业	SZ	2.17	1.06	
1414	2008-09-16	2.35	2.35	2.18	2.23	16624	0.87	002068	黑猫股份	SZ	2.34	0.91	
1415	2008-09-16	4.19	4.4	4.04	4.4	71105	1.29	002069	獐 子 岛	SZ	4.17	1.22	
1419	2008-09-16	1.89	1.89	1.71	1.71	125879	0.58	002070	众和股份	SZ	1.9	0.64	
1417	2008-09-16	2.48	2.48	2.37	2.44	11264	1.62	002071	江苏宏宝	SZ	2.48	1.64	
1412	2008-09-16	3.42	3.5	3.28	3.34	4813	3.34	002072	*ST德棉	SZ	3.42	3.42	
1420	2008-09-16	5.43	5.43	5.23	5.33	10566	2.34	002073	软控股份	SZ	5.4	2.37	
1420	2008-09-16	3.17	3.24	3.09	3.16	19849	1.69	002074	东源电器	SZ	3.13	1.68	
1419	2008-09-16	6	6.3	5.9	6.09	13449	5.84	002076	雪 莱 特	SZ	6.15	5.9	
1403	2008-09-16	5.63	5.63	4.98	5.11	10196	5.02	002077	大港股份	SZ	5.51	5.41	
1416	2008-09-16	5.5	5.55	5.24	5.24	22467	2.42	002078	太阳纸业	SZ	5.47	2.53	
1416	2008-09-16	2.38	2.38	2.27	2.27	4388	0.28	002081	金 螳 螂	SZ	2.36	0.29	
1421	2008-09-16	5	5	4.78	4.8	6008	4.5	002082	栋梁新材	SZ	4.93	4.62	
1424	2008-09-16	4.01	4.01	3.91	3.91	26418	3.82	002083	孚日股份	SZ	4	3.9	
1421	2008-09-16	3.49	3.63	3.43	3.45	9088	1.72	002084	海鸥卫浴	SZ	3.54	1.76	
1396	2008-09-16	4.92	5.18	4.85	4.92	64456	4.27	002085	万丰奥威	SZ	5.11	4.43	
1421	2008-09-16	5.05	5.13	4.95	4.99	10201	2.46	002086	东方海洋	SZ	5.09	2.5	
1416	2008-09-16	2.49	2.49	2.38	2.43	18509	1.42	002087	新野纺织	SZ	2.47	1.44	
1421	2008-09-16	11.89	12.3	11.89	11.9	2415	11.4	002088	鲁阳股份	SZ	12.3	11.78	
1418	2008-09-16	1.75	1.77	1.67	1.71	12845	0.64	002089	新 海 宜	SZ	1.73	0.65	
1363	2008-09-16	4.61	4.93	4.41	4.82	30995	2.27	002090	金智科技	SZ	4.58	2.15	
1423	2008-09-16	3.89	3.89	3.67	3.67	9579	2.35	002091	江苏国泰	SZ	3.89	2.49	
1410	2008-09-16	4.52	4.55	4.34	4.45	61026	2.8	002092	中泰化学	SZ	4.55	2.86	
1418	2008-09-16	3.02	3.13	2.96	2.99	15757	0.99	002093	国脉科技	SZ	3.05	1.01	
1421	2008-09-16	3.11	3.15	3.01	3.05	24563	1.97	002094	青岛金王	SZ	3.11	2	
1424	2008-09-16	6.96	6.96	6.39	6.49	17281	3.49	002095	生 意 宝	SZ	6.83	3.68	
1394	2008-09-16	2.84	2.91	2.6	2.63	8567	0.81	002096	南岭民爆	SZ	2.89	0.89	
1420	2008-09-16	7.07	7.08	6.87	6.94	19343	4.58	002097	山河智能	SZ	7.05	4.65	
1417	2008-09-16	5.49	5.54	5.32	5.45	7756	5.01	002098	浔兴股份	SZ	5.53	5.08	
1416	2008-09-16	2.72	2.73	2.65	2.65	11445	1.23	002099	海翔药业	SZ	2.72	1.27	
1413	2008-09-16	4.28	4.3	3.85	4.05	11691	1.79	002100	天康生物	SZ	4.28	1.89	
1411	2008-09-16	4.12	4.12	3.96	3.99	4198	1.88	002101	广东鸿图	SZ	4.12	1.94	
1422	2008-09-16	4.95	4.95	4.76	4.8	5722	4.35	002103	广博股份	SZ	4.95	4.49	
1422	2008-09-16	5.64	5.64	5.38	5.47	6879	5.32	002104	恒宝股份	SZ	5.65	5.5	
1419	2008-09-16	3.57	3.57	3.38	3.46	8754	3.22	002105	信隆实业	SZ	3.61	3.36	
1423	2008-09-16	4.53	4.53	4.23	4.37	13684	2.22	002106	莱宝高科	SZ	4.45	2.25	
1420	2008-09-16	10.93	11.07	10.79	11.02	1731	5.51	002107	沃华医药	SZ	11.05	5.53	
1414	2008-09-16	2.46	2.46	2.39	2.43	3450	0.61	002108	沧州明珠	SZ	2.43	0.61	
1419	2008-09-16	5	5	4.5	4.62	40578	4.35	002109	兴化股份	SZ	5	4.71	
1414	2008-09-16	9.5	9.5	9.01	9.01	12657	8.9	002110	三钢闽光	SZ	9.46	9.35	
1414	2008-09-16	6.04	6.56	6.04	6.39	4168	3.4	002111	威海广泰	SZ	6.56	3.48	
1419	2008-09-16	2.89	2.89	2.75	2.78	10916	1.08	002112	三变科技	SZ	2.85	1.11	
1404	2008-09-16	3.95	4.05	3.92	3.93	4976	3.93	002113	ST天润	SZ	3.98	3.98	
1423	2008-09-16	5.18	5.18	5	5	2511	5	002114	罗平锌电	SZ	5.18	5.18	
1414	2008-09-16	3.26	3.3	3.13	3.22	4055	1.02	002115	三维通信	SZ	3.24	1.03	
1421	2008-09-16	4.96	5.07	4.82	4.83	4655	2.35	002116	中国海诚	SZ	4.93	2.4	
1414	2008-09-16	5.49	5.49	5.35	5.37	2038	2.94	002117	东港股份	SZ	5.49	3.01	
1374	2008-09-16	2.91	2.91	2.75	2.78	29637	0.81	002118	紫鑫药业	SZ	2.83	0.82	
1413	2008-09-16	4.28	4.28	4.03	4.14	5629	4.08	002119	康强电子	SZ	4.12	4.06	
1358	2008-09-16	5.84	5.87	5.46	5.51	16317	5.34	002120	新海股份	SZ	5.8	5.62	
1416	2008-09-16	4.21	4.21	4	4	9967	1.31	002121	科陆电子	SZ	4.16	1.36	
1423	2008-09-16	10.99	11.5	10.88	11.27	5538	2.69	002122	天马股份	SZ	11.12	2.65	
1422	2008-09-16	6.67	6.72	6.44	6.72	7960	1.84	002123	荣信股份	SZ	6.74	1.84	
1421	2008-09-16	4.97	4.99	4.65	4.69	19771	2.91	002124	天邦股份	SZ	5	3.11	
1409	2008-09-16	3.92	3.93	3.54	3.54	28220	2.2	002125	湘潭电化	SZ	3.93	2.45	
1417	2008-09-16	3.06	3.06	2.98	2.98	3907	1.09	002126	银轮股份	SZ	3.05	1.12	
1418	2008-09-16	2.56	2.6	2.52	2.57	16288	1.07	002127	新民科技	SZ	2.53	1.06	
1421	2008-09-16	7.85	7.85	7.39	7.53	27178	5.18	002128	露天煤业	SZ	8.05	5.53	
1413	2008-09-16	4.09	4.09	3.87	3.92	21400	2.6	002129	中环股份	SZ	4.07	2.7	
1413	2008-09-16	1.8	1.8	1.74	1.74	7673	0.38	002130	沃尔核材	SZ	1.8	0.39	
1335	2008-09-16	3.65	3.69	3.45	3.46	17341	1.65	002131	利欧股份	SZ	3.5	1.67	
1415	2008-09-16	2.7	2.7	2.59	2.62	7495	1.24	002132	恒星科技	SZ	2.7	1.28	
1416	2008-09-16	3.03	3.07	2.97	2.97	48889	2.23	002133	广宇集团	SZ	2.97	2.22	
1423	2008-09-16	5.44	5.48	5.11	5.19	20753	5.19	002134	天津普林	SZ	5.4	5.4	
1418	2008-09-16	2.23	2.25	2.09	2.16	10721	0.76	002135	东南网架	SZ	2.24	0.79	
1416	2008-09-16	2.88	2.89	2.68	2.78	2963	1.38	002136	安 纳 达	SZ	2.89	1.44	
1418	2008-09-16	2.71	2.77	2.66	2.69	9960	1.22	002137	实 益 达	SZ	2.75	1.24	
1418	2008-09-16	4.4	4.42	4.22	4.24	5955	1.77	002138	顺络电子	SZ	4.43	1.85	
1415	2008-09-16	4.29	4.29	4.07	4.13	10121	2.1	002139	拓邦股份	SZ	4.29	2.18	
1422	2008-09-16	5.59	5.59	5.41	5.48	3443	1.19	002140	东华科技	SZ	5.59	1.21	
1382	2008-09-16	2.99	2.99	2.89	2.9	3452	1.29	002141	蓉胜超微	SZ	2.99	1.33	
1419	2008-09-16	6.95	6.95	6.39	6.48	127345	5.89	002142	宁波银行	SZ	7.05	6.41	
1413	2008-09-16	4.69	4.72	4.43	4.48	12453	3.4	002143	高金食品	SZ	4.63	3.52	
1413	2008-09-16	6	6	5.51	5.57	6304	5.35	002144	宏达高科	SZ	6.02	5.78	
1329	2008-09-16	6.46	6.58	6.46	6.46	23591	6.46	002145	*ST钛白	SZ	7.18	7.18	
1413	2008-09-16	3.19	3.26	3.02	3.04	31422	1.6	002146	荣盛发展	SZ	3.11	1.64	
1411	2008-09-16	10.79	10.8	10.22	10.23	5588	4.83	002147	方圆支承	SZ	10.79	5.09	
1421	2008-09-16	3.57	3.65	3.47	3.56	5220	1.1	002148	北纬通信	SZ	3.64	1.13	
1419	2008-09-16	12	12.11	11.7	12.05	5571	11.84	002149	西部材料	SZ	12.12	11.91	
1423	2008-09-16	3.87	3.87	3.65	3.7	4167	1.39	002150	江苏通润	SZ	3.86	1.45	
1410	2008-09-16	8.06	8.06	7.51	7.61	4394	4.09	002151	北斗星通	SZ	7.98	4.29	
1424	2008-09-16	10.04	10.21	9.73	9.73	5369	3.43	002152	广电运通	SZ	10.07	3.55	
1422	2008-09-16	15.04	15.57	15.04	15.36	2880	5.36	002153	石基信息	SZ	15.22	5.31	
1411	2008-09-16	5.77	5.81	5.63	5.77	3003	2.02	002154	报 喜 鸟	SZ	5.81	2.03	
1421	2008-09-16	4.26	4.37	4.21	4.21	26103	2.22	002155	辰州矿业	SZ	4.25	2.24	
1419	2008-09-16	2.96	3	2.88	2.9	7567	1.31	002156	通富微电	SZ	2.95	1.33	
1422	2008-09-16	3.32	3.38	3.28	3.29	16317	1.33	002157	正邦科技	SZ	3.32	1.34	
1423	2008-09-16	4.79	4.83	4.63	4.64	3747	2.69	002158	汉钟精机	SZ	4.82	2.79	
1420	2008-09-16	4.65	4.65	4.43	4.46	5121	4.41	002159	三特索道	SZ	4.65	4.6	
1419	2008-09-16	3.23	3.34	3.21	3.27	16222	0.59	002161	远 望 谷	SZ	3.26	0.59	
1422	2008-09-16	4.32	4.48	4.23	4.36	28832	3.92	002162	斯 米 克	SZ	4.32	3.88	
1407	2008-09-16	1.5	1.5	1.43	1.46	17697	0.46	002163	中航三鑫	SZ	1.5	0.47	
1421	2008-09-16	4.09	4.11	4	4.05	8247	1.94	002164	东力传动	SZ	4.03	1.93	
1420	2008-09-16	3.02	3.07	2.85	2.85	169177	0.64	002165	红 宝 丽	SZ	3.16	0.72	
1414	2008-09-16	4.72	4.99	4.5	4.86	18693	2.43	002166	莱茵生物	SZ	4.61	2.3	
1416	2008-09-16	2.58	2.58	2.5	2.5	8190	0.47	002167	东方锆业	SZ	2.56	0.48	
1416	2008-09-16	1.14	1.14	1.09	1.09	13408	0.14	002168	深圳惠程	SZ	1.13	0.14	
1417	2008-09-16	3.48	3.48	3.23	3.46	4968	1.14	002169	智光电气	SZ	3.47	1.14	
1418	2008-09-16	2.04	2.11	2.02	2.07	36019	0.46	002170	芭田股份	SZ	2.03	0.46	
1422	2008-09-16	8.05	8.05	7.51	7.57	6656	7.5	002171	精诚铜业	SZ	7.97	7.89	
1417	2008-09-16	2.93	2.93	2.79	2.8	23332	1.87	002172	澳洋科技	SZ	2.93	1.96	
1422	2008-09-16	4.04	4.04	3.84	3.87	10152	1.28	002173	山 下 湖	SZ	4.02	1.33	
1420	2008-09-16	6.7	6.72	6.02	6.1	8001	6.08	002174	梅 花 伞	SZ	6.69	6.66	
1394	2008-09-16	6.84	6.92	6.74	6.75	1286	6.64	002175	广陆数测	SZ	6.88	6.77	
1407	2008-09-16	2.4	2.56	2.4	2.45	172682	0.42	002176	江特电机	SZ	2.38	0.4	
1414	2008-09-16	2.23	2.23	2.1	2.11	16418	0.48	002177	御银股份	SZ	2.23	0.51	
1422	2008-09-16	4.38	4.46	4.23	4.27	3434	2.51	002178	延华智能	SZ	4.38	2.57	
1423	2008-09-16	4.65	4.65	4.4	4.43	11129	1.93	002179	中航光电	SZ	4.64	2.02	
1422	2008-09-16	4.6	4.6	4.44	4.48	2628	2.89	002180	万 力 达	SZ	4.59	2.96	
1364	2008-09-16	5.56	5.79	5.2	5.7	18439	5.61	002181	粤 传 媒	SZ	5.76	5.67	
1419	2008-09-16	7.07	7.07	6.79	6.85	6815	4.47	002182	云海金属	SZ	7.14	4.66	
1403	2008-09-16	3.94	4.03	3.85	3.97	25918	1.07	002183	怡 亚 通	SZ	4.07	1.1	
1424	2008-09-16	6.6	6.69	5.99	5.99	43219	5.79	002184	海得控制	SZ	6.66	6.44	
1418	2008-09-16	2.32	2.35	2.23	2.24	19257	0.95	002185	华天科技	SZ	2.35	1	
1423	2008-09-16	10.55	10.64	9.94	10.15	21580	4.34	002186	全 聚 德	SZ	10.55	4.51	
1420	2008-09-16	12.22	12.6	12.11	12.42	3001	6.2	002187	广百股份	SZ	12.42	6.2	
1376	2008-09-16	3.59	3.63	3.49	3.5	10393	1.79	002188	新 嘉 联	SZ	3.65	1.86	
1422	2008-09-16	4.85	4.86	4.59	4.61	10528	4.57	002189	利达光电	SZ	4.8	4.76	
1402	2008-09-16	3.07	3.09	2.97	2.98	10172	1.37	002190	成飞集成	SZ	3.06	1.4	
1419	2008-09-16	6	6.09	5.87	6.08	23173	3.61	002191	劲嘉股份	SZ	6.03	3.58	
1418	2008-09-16	4.09	4.09	3.66	3.67	12737	1.83	002192	路翔股份	SZ	4.07	2.03	
1424	2008-09-16	4.4	4.42	4.3	4.4	5120	4.35	002193	山东如意	SZ	4.43	4.38	
1423	2008-09-16	10.62	11.38	10.39	10.93	9536	7.54	002194	武汉凡谷	SZ	10.65	7.34	
1424	2008-09-16	6.73	7	6.6	6.64	3059	4.27	002195	海隆软件	SZ	6.84	4.4	
1418	2008-09-16	4.93	4.93	4.69	4.77	4493	3	002196	方正电机	SZ	4.91	3.09	
1417	2008-09-16	5.66	5.66	5.42	5.45	2789	2.18	002197	证通电子	SZ	5.53	2.21	
1419	2008-09-16	1.47	1.49	1.44	1.45	7850	0.29	002198	嘉应制药	SZ	1.47	0.29	
1418	2008-09-16	4.25	4.3	4.15	4.17	8222	1.56	002199	东晶电子	SZ	4.26	1.59	
1392	2008-09-16	15.12	15.86	15.12	15.34	4511	8.4	002200	绿 大 地	SZ	15.12	8.28	
1382	2008-09-16	3.6	3.63	3.47	3.54	5648	2.07	002201	九鼎新材	SZ	3.59	2.1	
1418	2008-09-16	8.48	8.86	8.44	8.83	69921	3.66	002202	金风科技	SZ	8.66	3.59	
1422	2008-09-16	4.8	4.86	4.48	4.57	14191	2.84	002203	海亮股份	SZ	4.79	2.98	
1395	2008-09-16	5.45	5.61	5.33	5.47	11363	2.29	002204	华锐铸钢	SZ	5.47	2.29	
1417	2008-09-16	7.72	7.76	7.44	7.47	1771	5.89	002205	国统股份	SZ	7.76	6.11	
1415	2008-09-16	3.7	3.72	3.59	3.64	10215	1.02	002206	海 利 得	SZ	3.67	1.02	
1418	2008-09-16	7.13	7.29	7.01	7.08	2778	6.96	002207	准油股份	SZ	7.27	7.15	
1420	2008-09-16	3.07	3.14	3	3.04	14314	1.41	002208	合肥城建	SZ	3.04	1.41	
1420	2008-09-16	3.9	4.07	3.9	3.97	4479	2.57	002209	达 意 隆	SZ	4.02	2.61	
1421	2008-09-16	2.54	2.54	2.41	2.42	8439	0.79	002210	飞马国际	SZ	2.53	0.82	
1418	2008-09-16	4.47	4.49	4.2	4.21	22223	2.78	002211	宏达新材	SZ	4.49	2.96	
1413	2008-09-16	3.4	3.47	3.33	3.38	8948	0.99	002212	南洋股份	SZ	3.47	1.02	
1421	2008-09-16	3.04	3.04	2.85	2.87	5844	1.38	002213	特 尔 佳	SZ	2.99	1.44	
1399	2008-09-16	4.15	4.15	3.93	4.07	9000	1.94	002214	大立科技	SZ	4.15	1.98	
1413	2008-09-16	5.17	5.17	4.83	4.88	6043	1.06	002215	诺 普 信	SZ	5.05	1.1	
1417	2008-09-16	7.46	7.55	7.28	7.4	19349	1.73	002216	三全食品	SZ	7.5	1.76	
1417	2008-09-16	6.98	7.06	6.8	6.84	26939	2.91	002218	拓日新能	SZ	6.91	2.94	
1419	2008-09-16	2.95	2.95	2.83	2.89	12028	0.71	002219	独 一 味	SZ	2.9	0.71	
1418	2008-09-16	2.82	2.84	2.73	2.75	21785	0.44	002220	天宝股份	SZ	2.88	0.46	
1415	2008-09-16	2.39	2.39	2.25	2.28	14466	1.11	002221	东华能源	SZ	2.34	1.15	
1424	2008-09-16	4.07	4.09	3.87	3.88	9972	2.32	002222	福晶科技	SZ	4.06	2.43	
1421	2008-09-16	2.65	2.65	2.5	2.6	25813	0.49	002223	鱼跃医疗	SZ	2.64	0.5	
1419	2008-09-16	2.85	2.91	2.82	2.84	5185	1	002224	三 力 士	SZ	2.87	1.01	
1411	2008-09-16	2.74	2.78	2.67	2.72	21132	1.55	002225	濮耐股份	SZ	2.75	1.56	
1392	2008-09-16	2.76	2.76	2.67	2.72	9389	0.64	002226	江南化工	SZ	2.73	0.64	
1423	2008-09-16	10.3	10.3	9.82	9.85	3098	9.62	002227	奥 特 迅	SZ	10.22	9.98	
1412	2008-09-16	2.62	2.64	2.56	2.6	8753	0.79	002228	合兴包装	SZ	2.62	0.8	
1417	2008-09-16	2.75	2.76	2.64	2.68	13595	0.76	002229	鸿博股份	SZ	2.76	0.78	
1417	2008-09-16	5.33	5.33	5.12	5.27	12094	0.84	002230	科大讯飞	SZ	5.41	0.87	
1422	2008-09-16	1.9	1.91	1.82	1.86	15277	0.56	002231	奥维通信	SZ	1.91	0.57	
1413	2008-09-16	3.67	3.68	3.57	3.61	11677	1.24	002232	启明信息	SZ	3.66	1.26	
1419	2008-09-16	3.24	3.24	3.15	3.16	44627	1.49	002233	塔牌集团	SZ	3.24	1.53	
1418	2008-09-16	6.25	6.55	6.1	6.41	43635	2.98	002234	民和股份	SZ	6.2	2.89	
1416	2008-09-16	4.13	4.14	4	4.05	11784	1.98	002235	安妮股份	SZ	4.15	2.04	
1419	2008-09-16	1.88	1.9	1.83	1.88	15317	0.1	002236	大华股份	SZ	1.88	0.1	
1416	2008-09-16	5.85	6.24	5.76	6.14	97198	1.49	002237	恒邦股份	SZ	5.81	1.41	
1420	2008-09-16	8.32	8.48	7.93	8.42	15429	6.84	002238	天威视讯	SZ	8.32	6.76	
1415	2008-09-16	4.13	4.13	4	4.01	9755	2.62	002239	金 飞 达	SZ	4.17	2.72	
1423	2008-09-16	4.6	4.61	4.42	4.44	34843	2.73	002240	威华股份	SZ	4.63	2.85	
1414	2008-09-16	2.36	2.37	2.27	2.29	18237	0.18	002241	歌尔声学	SZ	2.32	0.19	
1420	2008-09-16	10.06	10.3	10	10.18	26398	2.67	002242	九阳股份	SZ	10.14	2.66	
1416	2008-09-16	5.47	5.52	5.25	5.36	7336	5.13	002243	通产丽星	SZ	5.49	5.25	
1422	2008-09-16	4.41	4.58	4.31	4.37	84926	3.24	002244	滨江集团	SZ	4.31	3.2	
1418	2008-09-16	2	2.03	1.94	1.96	27133	0.31	002245	澳洋顺昌	SZ	2.02	0.32	
1376	2008-09-16	5.06	5.08	4.9	4.95	17362	4.77	002246	北化股份	SZ	5.04	4.86	
1422	2008-09-16	3.27	3.32	3.15	3.28	37659	0.98	002247	帝龙新材	SZ	3.3	0.99	
1412	2008-09-16	3.97	4.15	3.92	4.09	45285	2.01	002248	华东数控	SZ	4.08	2	
1416	2008-09-16	3.45	3.53	3.38	3.46	43471	0.58	002249	大洋电机	SZ	3.42	0.58	
1411	2008-09-16	2.32	2.36	2.27	2.34	25244	0.57	002250	联化科技	SZ	2.33	0.57	
1421	2008-09-16	12	12.2	11.9	11.9	16436	2.79	002251	步 步 高	SZ	11.9	2.79	
1420	2008-09-16	6.79	7.05	6.49	6.89	41108	1.98	002252	上海莱士	SZ	6.74	1.94	
1418	2008-09-16	5.6	5.67	5.32	5.48	6121	2.16	002253	川大智胜	SZ	5.55	2.18	
1423	2008-09-16	5.59	5.59	5.33	5.42	43269	0.89	002254	烟台氨纶	SZ	5.59	0.92	
1420	2008-09-16	6.2	6.44	6.1	6.35	20451	3.03	002255	海陆重工	SZ	6.2	2.96	
1313	2008-09-16	2.94	3.01	2.78	2.96	22916	0.97	002256	彩虹精化	SZ	2.96	0.97	
1399	2008-09-16	7.25	7.41	6.98	6.99	20261	4.44	002258	利尔化学	SZ	7.33	4.66	
1418	2008-09-16	1.82	1.88	1.75	1.87	72693	0.71	002259	升达林业	SZ	1.81	0.69	
1417	2008-09-16	4.24	4.28	4.12	4.25	10377	3.14	002260	伊 立 浦	SZ	4.19	3.1	
1415	2008-09-16	7.52	7.78	7.24	7.61	15139	2.09	002261	拓维信息	SZ	7.52	2.07	
1422	2008-09-16	3.81	3.86	3.7	3.85	9949	1.54	002262	恩华药业	SZ	3.83	1.53	
1418	2008-09-16	2.67	2.67	2.5	2.63	38925	1.41	002263	大 东 南	SZ	2.65	1.42	
1416	2008-09-16	3.51	3.52	3.31	3.51	32438	0.67	002264	新 华 都	SZ	3.51	0.67	
1420	2008-09-16	5.3	5.78	5.2	5.68	156331	5.67	002265	西仪股份	SZ	5.27	5.26	
1414	2008-09-16	1.87	1.93	1.83	1.88	40495	0.19	002266	浙富股份	SZ	1.87	0.19	
1423	2008-09-16	5.12	5.3	5.07	5.15	45381	2.24	002267	陕天然气	SZ	5.22	2.28	
1423	2008-09-16	6.18	6.18	5.83	5.91	5283	2.22	002268	卫 士 通	SZ	6.16	2.31	
1421	2008-09-16	16.69	17.67	16.67	17.53	10176	10.22	002269	美邦服饰	SZ	17	9.91	
1422	2008-09-16	6.88	6.88	6.38	6.46	82621	4.72	002270	法因数控	SZ	6.98	5.1	
1413	2008-09-16	2.83	2.83	2.67	2.69	117054	0.41	002271	东方雨虹	SZ	2.83	0.43	
