1683	2007-10-08	19.95	20.49	19.53	20.02	574557	9.34	000001	深发展Ａ	SZ	19.22	8.97	
1690	2007-10-08	19.36	20.76	18.94	20.76	3236774	11.63	000002	万 科Ａ	SZ	18.88	10.57	
1627	2007-10-08	9.5	9.52	9.13	9.4	10522	9.4	000004	ST国农	SZ	9.39	9.39	
1298	2007-10-08	3.88	3.88	3.88	3.88	71168	0.97	000010	S ST华新	SZ	3.7	0.93	
1690	2007-10-08	13.53	13.53	13.23	13.35	18196	12.13	000011	深物业A	SZ	13.27	12.06	
1677	2007-10-08	15	15	14.12	14.41	108341	7.39	000012	南 玻Ａ	SZ	14.12	7.24	
1689	2007-10-08	13	13.99	12.97	13.6	68687	8.93	000014	沙河股份	SZ	12.83	8.43	
1688	2007-10-08	4.72	4.74	4.58	4.61	169428	2.26	000016	深康佳Ａ	SZ	4.65	2.28	
1688	2007-10-08	8.1	8.15	7.8	7.8	24097	7.8	000020	深华发Ａ	SZ	7.98	7.98	
1677	2007-10-08	12.33	12.37	12.01	12.09	212774	7.1	000021	长城开发	SZ	12.03	7.07	
1690	2007-10-08	30.05	30.48	29.5	29.81	24397	24.71	000022	深赤湾Ａ	SZ	29.83	24.73	
1668	2007-10-08	13.13	13.6	13	13.08	40589	12.45	000023	深天地Ａ	SZ	12.99	12.36	
1690	2007-10-08	52.66	57.93	52.66	57.93	35078	35.45	000024	招商地产	SZ	52.67	32.23	
1690	2007-10-08	17.1	18.5	17	18.01	13306	18.01	000025	特 力Ａ	SZ	17.01	17.01	
1686	2007-10-08	23.9	24	22.92	22.96	202324	17.02	000027	深圳能源	SZ	23.58	17.47	
1665	2007-10-08	18.81	19.1	18.1	18.2	57359	17.8	000028	一致药业	SZ	18.75	18.34	
1661	2007-10-08	9.7	10.12	9.5	10.07	265361	10.07	000029	深深房Ａ	SZ	9.48	9.48	
1690	2007-10-08	16.8	17.85	16.33	17.75	450847	8.63	000031	中粮地产	SZ	16.28	7.91	
1689	2007-10-08	10.05	10.63	10.05	10.63	47313	8.3	000032	深桑达Ａ	SZ	9.67	7.55	
1684	2007-10-08	8.27	8.35	7.85	7.89	59159	7.89	000033	新都酒店	SZ	8.2	8.2	
1485	2007-10-08	7.56	7.56	7.15	7.16	34381	4.61	000034	ST深泰	SZ	7.47	4.81	
1691	2007-10-08	8	8.05	7.8	7.85	122613	7.85	000036	华联控股	SZ	7.87	7.87	
1684	2007-10-08	9.53	9.72	9.07	9.13	59940	8.25	000037	深南电Ａ	SZ	9.31	8.42	
1689	2007-10-08	34.29	34.5	32.15	32.21	295264	28.38	000039	中集集团	SZ	33.5	29.52	
1634	2007-10-08	9.3	9.99	9.16	9.99	661387	9.83	000040	深 鸿 基	SZ	9.08	8.94	
1643	2007-10-08	2.99	3.01	2.91	2.91	1074639	1.38	000100	TCL 集团	SZ	2.96	1.4	
1689	2007-10-08	14.95	14.95	14.1	14.1	64406	13.57	000151	中成股份	SZ	14.65	14.1	
1690	2007-10-08	12.07	12.92	12.07	12.46	144469	12.11	000155	川化股份	SZ	11.8	11.47	
1675	2007-10-08	6.17	6.47	6.1	6.35	501599	0.77	000157	中联重科	SZ	6.11	0.74	
1668	2007-10-08	8.6	8.6	8.22	8.22	46752	5.69	000158	常山股份	SZ	8.32	5.77	
1648	2007-10-08	8.2	8.34	7.8	7.95	77012	3.73	000159	国际实业	SZ	8.1	3.79	
1688	2007-10-08	12.71	12.94	12.1	12.13	191377	11.53	000301	东方市场	SZ	12.52	11.9	
1668	2007-10-08	25.03	25.3	24.09	24.12	140147	5.66	000338	潍柴动力	SZ	24.43	5.73	
1688	2007-10-08	22.29	22.6	20.98	21.07	64788	20.55	000401	冀东水泥	SZ	21.9	21.36	
1660	2007-10-08	10.64	10.72	10.3	10.34	154708	4.21	001696	宗申动力	SZ	10.47	4.26	
1680	2007-10-08	8.88	9.17	8.79	8.81	32034	8.81	001896	*ST豫能	SZ	8.79	8.79	
1662	2007-10-08	8.92	9.03	8.49	8.61	99631	3.62	002001	新 和 成	SZ	8.74	3.68	
1632	2007-10-08	6.77	6.84	6.52	6.55	28848	5.04	002002	ST琼花	SZ	6.73	5.18	
1656	2007-10-08	23.5	24.75	23.03	24.43	19140	11.26	002003	伟星股份	SZ	22.99	10.6	
1661	2007-10-08	8.9	9.45	8.9	9.09	61578	2.74	002004	华邦制药	SZ	8.66	2.61	
1651	2007-10-08	4.12	4.17	3.92	3.95	116035	0.87	002006	精功科技	SZ	4.1	0.91	
1663	2007-10-08	17.9	18.82	17.77	18.55	19266	5.81	002007	华兰生物	SZ	17.72	5.55	
1667	2007-10-08	12.09	12.23	11.75	11.95	30908	4.62	002008	大族激光	SZ	12	4.64	
1663	2007-10-08	19.45	20.5	19	19.5	28420	9.69	002009	天奇股份	SZ	19.25	9.57	
1662	2007-10-08	8.92	9.15	8.69	8.94	30753	3.28	002010	传化股份	SZ	8.92	3.27	
1664	2007-10-08	7.15	7.2	6.89	6.93	47642	1.48	002011	盾安环境	SZ	6.9	1.48	
1667	2007-10-08	4.28	4.39	4.18	4.28	68357	2.04	002012	凯恩股份	SZ	4.19	2	
1641	2007-10-08	5.98	6.05	5.82	5.84	19017	1.45	002013	中航精机	SZ	5.96	1.48	
1667	2007-10-08	8.06	8.09	7.89	7.9	27772	3.11	002014	永新股份	SZ	7.95	3.13	
1656	2007-10-08	7.66	7.66	7.45	7.45	22567	4.32	002015	霞客环保	SZ	7.55	4.38	
1663	2007-10-08	7.2	7.2	6.96	6.96	38115	2.04	002016	世荣兆业	SZ	7.15	2.09	
1647	2007-10-08	9.79	10.06	9.52	9.54	79274	6.45	002017	东信和平	SZ	9.37	6.34	
1675	2007-10-08	5.74	5.89	5.59	5.72	76515	1.61	002018	华星化工	SZ	5.61	1.58	
1669	2007-10-08	41.27	44.46	41.27	44.46	89067	43.62	002019	鑫富药业	SZ	40.42	39.66	
1666	2007-10-08	5.51	5.89	5.51	5.61	37416	2.7	002020	京新药业	SZ	5.38	2.59	
1664	2007-10-08	6.97	7.14	6.85	6.94	68777	2.82	002021	中捷股份	SZ	6.93	2.82	
1669	2007-10-08	15.87	15.87	15.39	15.41	15196	7.17	002022	科华生物	SZ	15.49	7.21	
1663	2007-10-08	7.45	7.51	7.19	7.21	50440	3.11	002023	海特高新	SZ	7.4	3.19	
1665	2007-10-08	15.56	15.66	14.67	15.22	115084	3.17	002024	苏宁电器	SZ	15.25	3.17	
1667	2007-10-08	13.82	13.9	13.55	13.59	23059	6.5	002025	航天电器	SZ	13.6	6.51	
1651	2007-10-08	5.55	5.61	5.51	5.53	18383	3.04	002026	山东威达	SZ	5.47	3.01	
1667	2007-10-08	8	8.05	7.8	7.8	22040	7.8	002027	七喜控股	SZ	7.87	7.87	
1669	2007-10-08	18.33	18.33	17.64	18.01	27043	6.5	002028	思源电气	SZ	18.09	6.54	
1665	2007-10-08	7.82	8.03	7.75	7.85	74055	2.19	002029	七 匹 狼	SZ	7.73	2.16	
1667	2007-10-08	7.3	7.48	7.14	7.14	138261	2.29	002030	达安基因	SZ	7.18	2.3	
1662	2007-10-08	10.85	10.93	10.6	10.67	22495	6.63	002031	巨轮股份	SZ	10.65	6.62	
1666	2007-10-08	14.3	14.46	13.71	13.88	31358	4.46	002032	苏 泊 尔	SZ	14.19	4.56	
1631	2007-10-08	16.15	16.15	14.9	14.98	43836	8.35	002033	丽江旅游	SZ	16.06	8.96	
1670	2007-10-08	12.18	12.71	12	12.71	59547	12.16	002034	美 欣 达	SZ	11.55	11.05	
1667	2007-10-08	8.45	8.53	8.34	8.36	21989	5.32	002035	华帝股份	SZ	8.35	5.32	
1670	2007-10-08	16.27	16.63	15.6	15.91	18893	10.1	002036	宜科科技	SZ	16.11	10.22	
1658	2007-10-08	8.01	8.05	7.63	7.68	36565	2.84	002037	久联发展	SZ	7.94	2.93	
1689	2007-10-08	10.5	10.77	10.49	10.51	31776	2.82	002038	双鹭药业	SZ	10.48	2.81	
1670	2007-10-08	16.65	16.95	16.49	16.51	7439	15.87	002039	黔源电力	SZ	16.61	15.96	
1667	2007-10-08	12.62	12.92	12.3	12.31	27190	12	002040	南 京 港	SZ	12.45	12.13	
1668	2007-10-08	6.13	6.13	6.01	6.03	19888	2.95	002041	登海种业	SZ	6.03	2.95	
1665	2007-10-08	3.64	3.69	3.56	3.6	42780	1.12	002043	兔 宝 宝	SZ	3.59	1.12	
1667	2007-10-08	4.6	4.65	4.55	4.58	16898	2.39	002044	江苏三友	SZ	4.58	2.39	
1663	2007-10-08	7.31	7.52	7.31	7.32	27325	3.68	002045	广州国光	SZ	7.28	3.66	
1663	2007-10-08	8.3	8.4	7.99	8	37122	3.74	002046	轴研科技	SZ	8.2	3.84	
1668	2007-10-08	4.72	4.72	4.64	4.66	40400	2.42	002047	成霖股份	SZ	4.62	2.4	
1663	2007-10-08	16.03	16.03	14.67	14.82	99760	7.8	002048	宁波华翔	SZ	15.06	7.92	
1636	2007-10-08	9.12	9.12	8.93	8.94	10004	5.62	002049	晶源电子	SZ	8.95	5.62	
1657	2007-10-08	11.15	11.15	10.85	10.87	26438	3.69	002051	中工国际	SZ	10.94	3.72	
1657	2007-10-08	8.03	8.03	7.68	7.68	60019	2.92	002052	同洲电子	SZ	7.88	3	
1666	2007-10-08	18.95	19	18.4	18.53	29474	18.13	002053	云南盐化	SZ	18.54	18.14	
1668	2007-10-08	10.65	10.99	10.62	10.71	77757	4.42	002054	德美化工	SZ	10.51	4.33	
1663	2007-10-08	8.92	8.92	8.52	8.68	10979	3.23	002055	得润电子	SZ	8.82	3.28	
1667	2007-10-08	19.01	19.3	18.76	18.86	55355	9.33	002056	横店东磁	SZ	18.8	9.3	
1668	2007-10-08	13.6	13.6	13.1	13.18	9840	13.15	002057	中钢天源	SZ	13.31	13.28	
1659	2007-10-08	5.98	5.98	5.87	5.87	9236	2.43	002058	威 尔 泰	SZ	5.87	2.43	
1642	2007-10-08	11.2	11.2	10.8	10.88	8239	10.69	002059	云南旅游	SZ	11.05	10.86	
1661	2007-10-08	6.71	6.79	6.49	6.5	61098	3.51	002060	粤 水 电	SZ	6.43	3.47	
1658	2007-10-08	14.6	15	14.59	14.93	15540	9.12	002061	江山化工	SZ	14.47	8.84	
1666	2007-10-08	9.41	9.59	9.29	9.44	55602	3.35	002062	宏润建设	SZ	9.16	3.25	
1666	2007-10-08	5.2	5.34	5.15	5.28	55594	1.23	002063	远光软件	SZ	5.13	1.2	
1669	2007-10-08	12.88	12.95	12.59	12.6	52260	2.98	002064	华峰氨纶	SZ	12.65	2.99	
1641	2007-10-08	8.12	8.12	7.62	7.67	27079	1.53	002065	东华软件	SZ	7.91	1.58	
1670	2007-10-08	6.84	6.93	6.5	6.5	20140	2	002066	瑞泰科技	SZ	6.81	2.1	
1661	2007-10-08	7.11	7.2	6.78	6.81	63302	3.32	002067	景兴纸业	SZ	7.02	3.42	
1660	2007-10-08	6.85	7.01	6.78	6.81	39001	1.46	002068	黑猫股份	SZ	6.8	1.46	
1661	2007-10-08	11.99	12.4	11.94	11.95	37182	1.71	002069	獐 子 岛	SZ	11.94	1.7	
1665	2007-10-08	5	5.06	4.9	4.93	17145	1.27	002070	众和股份	SZ	4.97	1.28	
1663	2007-10-08	6.44	6.55	6.29	6.3	29815	4.14	002071	江苏宏宝	SZ	6.44	4.23	
1658	2007-10-08	7.71	7.78	7.64	7.66	18706	6.92	002072	*ST德棉	SZ	7.65	6.9	
1666	2007-10-08	5.92	5.98	5.82	5.86	13080	1.81	002074	东源电器	SZ	5.9	1.83	
1665	2007-10-08	17.4	17.49	16.8	16.87	11995	16.18	002076	雪 莱 特	SZ	17.2	16.49	
1649	2007-10-08	13.15	13.25	12.88	13.16	22268	12.79	002077	大港股份	SZ	12.99	12.63	
1662	2007-10-08	11.74	11.74	11.03	11.16	63647	3.64	002078	太阳纸业	SZ	11.53	3.77	
1661	2007-10-08	3.38	3.38	3.25	3.3	37186	0.68	002079	苏州固锝	SZ	3.3	0.68	
1664	2007-10-08	14.85	15.1	14.75	14.81	6994	6.69	002080	中材科技	SZ	14.85	6.71	
1662	2007-10-08	4.13	4.13	3.93	3.95	149757	0.31	002081	金 螳 螂	SZ	4.04	0.31	
1667	2007-10-08	11.23	11.24	10.97	11	17766	6.36	002082	栋梁新材	SZ	11.02	6.38	
1670	2007-10-08	10.4	10.46	10.22	10.28	23553	6.56	002083	孚日股份	SZ	10.14	6.48	
1667	2007-10-08	12.97	13.13	12.7	12.77	23097	5.31	002084	海鸥卫浴	SZ	12.91	5.36	
1642	2007-10-08	10.38	10.44	10.15	10.35	33625	8.83	002085	万丰奥威	SZ	10.04	8.57	
1667	2007-10-08	8.24	8.4	8.23	8.35	17941	4.11	002086	东方海洋	SZ	8.19	4.03	
1662	2007-10-08	5.46	5.48	5.37	5.4	30053	3.16	002087	新野纺织	SZ	5.39	3.15	
1667	2007-10-08	29.06	29.38	28.39	28.46	3285	16.99	002088	鲁阳股份	SZ	29.17	17.41	
1664	2007-10-08	3.86	3.89	3.76	3.89	25281	0.81	002089	新 海 宜	SZ	3.81	0.8	
1609	2007-10-08	9.65	9.7	9.45	9.46	7648	4.28	002090	金智科技	SZ	9.52	4.31	
1669	2007-10-08	6.3	6.33	6.21	6.28	19530	2.6	002091	江苏国泰	SZ	6.22	2.58	
1656	2007-10-08	11.67	12.26	11.33	11.61	206853	3.63	002092	中泰化学	SZ	11.48	3.59	
1664	2007-10-08	8.14	8.14	7.67	7.72	37312	1.26	002093	国脉科技	SZ	7.88	1.29	
1667	2007-10-08	6.8	6.93	6.67	6.92	24051	2.2	002094	青岛金王	SZ	6.75	2.15	
1670	2007-10-08	24.04	24.04	23.26	23.33	5844	8.33	002095	生 意 宝	SZ	23.44	8.37	
1640	2007-10-08	6.66	6.77	6.42	6.48	13661	1.25	002096	南岭民爆	SZ	6.6	1.27	
1666	2007-10-08	41.27	44.33	40.67	41.83	43342	27.59	002097	山河智能	SZ	40.53	26.73	
1663	2007-10-08	18.1	18.2	17.7	17.85	7156	16.06	002098	浔兴股份	SZ	17.92	16.12	
1662	2007-10-08	7.83	7.91	7.51	7.55	34359	3.43	002099	海翔药业	SZ	7.78	3.53	
1657	2007-10-08	12.51	12.62	12.35	12.4	10662	5.83	002101	广东鸿图	SZ	12.35	5.81	
1659	2007-10-08	8.6	8.77	8.53	8.58	8433	2.82	002102	冠福家用	SZ	8.57	2.82	
1668	2007-10-08	12.16	12.22	11.9	11.92	9413	10.81	002103	广博股份	SZ	12.03	10.91	
1668	2007-10-08	11.87	11.93	11.6	11.61	11488	7.37	002104	恒宝股份	SZ	11.67	7.41	
1665	2007-10-08	9.17	9.17	8.92	9	13050	8.23	002105	信隆实业	SZ	9.03	8.25	
1669	2007-10-08	14.37	14.48	14.09	14.33	25590	5.36	002106	莱宝高科	SZ	14.22	5.32	
1666	2007-10-08	11.99	12.19	11.9	12	8116	5.94	002107	沃华医药	SZ	11.88	5.88	
1660	2007-10-08	5.48	5.72	5.34	5.59	46346	1.28	002108	沧州明珠	SZ	5.46	1.25	
1665	2007-10-08	8.32	8.33	8.17	8.17	40826	3.34	002109	兴化股份	SZ	8.18	3.35	
1660	2007-10-08	16.95	16.99	16.47	16.5	28499	16.08	002110	三钢闽光	SZ	16.73	16.3	
1660	2007-10-08	12.16	12.16	11.93	11.97	5054	3.68	002111	威海广泰	SZ	12.02	3.69	
1665	2007-10-08	7.8	7.94	7.66	7.66	7649	2.94	002112	三变科技	SZ	7.77	2.99	
1650	2007-10-08	10.74	10.78	10.56	10.59	6222	6.61	002113	ST天润	SZ	10.64	6.64	
1669	2007-10-08	26	26.1	24.89	25	20577	13.62	002114	罗平锌电	SZ	25.34	13.81	
1660	2007-10-08	5.32	5.32	5.09	5.1	23380	1.04	002115	三维通信	SZ	5.23	1.06	
1667	2007-10-08	13.41	13.61	13.07	13.11	12832	6.22	002116	中国海诚	SZ	13.41	6.36	
1660	2007-10-08	11.65	11.67	11.48	11.53	9676	6.1	002117	东港股份	SZ	11.52	6.09	
1620	2007-10-08	3.82	3.86	3.73	3.74	25062	0.6	002118	紫鑫药业	SZ	3.78	0.61	
1659	2007-10-08	11.89	11.89	11.66	11.69	10526	5.75	002119	康强电子	SZ	11.77	5.78	
1604	2007-10-08	14.84	15.06	14.64	14.85	6410	11.07	002120	新海股份	SZ	14.82	11.05	
1662	2007-10-08	10.99	11	10.44	10.58	28797	3.38	002121	科陆电子	SZ	10.82	3.46	
1669	2007-10-08	17.6	17.97	17.23	17.65	38653	2.08	002122	天马股份	SZ	17.63	2.08	
1668	2007-10-08	11.95	12	11.25	11.47	18771	1.56	002123	荣信股份	SZ	11.81	1.61	
1667	2007-10-08	11.77	12	11.57	11.57	8055	3.52	002124	天邦股份	SZ	11.69	3.55	
1655	2007-10-08	10.22	10.24	9.99	10.05	10092	6.26	002125	湘潭电化	SZ	10.18	6.33	
1663	2007-10-08	6.76	6.77	6.61	6.61	11701	2.38	002126	银轮股份	SZ	6.64	2.39	
1664	2007-10-08	5.5	5.57	5.41	5.41	15890	1.59	002127	新民科技	SZ	5.49	1.62	
1667	2007-10-08	37.81	37.81	34.91	36.27	22332	18.87	002128	露天煤业	SZ	36.12	18.79	
1659	2007-10-08	9.29	9.31	9.07	9.09	55108	4.78	002129	中环股份	SZ	9.15	4.8	
1659	2007-10-08	5.7	5.73	5.59	5.65	24592	0.59	002130	沃尔核材	SZ	5.65	0.59	
1581	2007-10-08	8.22	8.37	8.07	8.09	12516	1.91	002131	利欧股份	SZ	8.18	1.93	
1661	2007-10-08	9.32	9.32	8.46	8.57	28226	2.7	002132	恒星科技	SZ	8.59	2.71	
1662	2007-10-08	9.17	9.17	8.93	9.06	38764	3.3	002133	广宇集团	SZ	8.92	3.25	
1669	2007-10-08	13.68	13.74	13.42	13.43	11885	10.73	002134	天津普林	SZ	13.61	10.87	
1664	2007-10-08	7.57	8.27	7.57	8.27	95314	2.88	002135	东南网架	SZ	7.52	2.62	
1662	2007-10-08	11.83	11.99	11.49	11.5	17901	5.71	002136	安 纳 达	SZ	11.7	5.81	
1664	2007-10-08	10.85	10.91	10.45	10.46	28298	3.03	002137	实 益 达	SZ	10.73	3.1	
1664	2007-10-08	12.62	12.78	12.46	12.69	10762	5.3	002138	顺络电子	SZ	12.59	5.26	
1661	2007-10-08	8.48	8.48	8.04	8.04	61455	2.03	002139	拓邦股份	SZ	8.48	2.14	
1668	2007-10-08	18.37	18.4	17.88	18.4	11903	2.44	002140	东华科技	SZ	16.72	2.22	
1665	2007-10-08	23.06	24	22.81	23.44	136765	20.98	002142	宁波银行	SZ	22.9	20.5	
1659	2007-10-08	14.76	14.85	14.26	14.36	7934	7.19	002143	高金食品	SZ	14.65	7.33	
1659	2007-10-08	19.5	20.03	19.5	19.92	11884	19.01	002144	宏达高科	SZ	19.4	18.52	
1575	2007-10-08	24.3	24.6	23.89	24.25	13350	24.25	002145	*ST钛白	SZ	24.2	24.2	
1659	2007-10-08	9.86	10.25	9.62	9.9	93449	2.57	002146	荣盛发展	SZ	9.62	2.5	
1642	2007-10-08	46.24	47.2	44.12	44.2	3815	10.38	002147	方圆支承	SZ	46.24	10.85	
1667	2007-10-08	10.12	10.17	9.79	9.82	12605	1.98	002148	北纬通信	SZ	10.01	2.02	
1665	2007-10-08	43.51	43.68	42	42.08	7572	41.35	002149	西部材料	SZ	43.02	42.28	
1669	2007-10-08	9.99	10.13	9.85	10	16632	2.36	002150	江苏通润	SZ	9.84	2.33	
1656	2007-10-08	17.97	18.06	17.39	17.4	7891	5.41	002151	北斗星通	SZ	17.8	5.53	
1670	2007-10-08	15.36	15.73	15.07	15.19	34499	2.64	002152	广电运通	SZ	15.07	2.62	
1668	2007-10-08	17.23	17.26	16.76	16.86	38953	2.89	002153	石基信息	SZ	16.96	2.91	
1657	2007-10-08	5.92	6.02	5.79	5.98	41450	1.03	002154	报 喜 鸟	SZ	5.92	1.02	
1667	2007-10-08	27.9	28.1	26.69	26.7	115072	9.87	002155	辰州矿业	SZ	27.61	10.21	
1665	2007-10-08	9.51	9.51	9.13	9.13	29270	4.05	002156	通富微电	SZ	9.32	4.13	
1668	2007-10-08	5.75	5.75	5.54	5.55	20978	1.12	002157	正邦科技	SZ	5.66	1.15	
1669	2007-10-08	14.74	14.8	14.27	14.27	16889	8.04	002158	汉钟精机	SZ	14.56	8.2	
1666	2007-10-08	13.87	13.98	13.34	13.59	10403	8.93	002159	三特索道	SZ	13.64	8.97	
1665	2007-10-08	5.03	5.08	4.86	4.91	45181	0.43	002161	远 望 谷	SZ	5	0.43	
1668	2007-10-08	12.05	12.14	11.73	11.75	20456	10.37	002162	斯 米 克	SZ	11.94	10.54	
1653	2007-10-08	4.16	4.22	4.07	4.08	29534	0.83	002163	中航三鑫	SZ	4.1	0.83	
1667	2007-10-08	9.35	9.47	8.9	8.92	19976	2.79	002164	东力传动	SZ	9.31	2.91	
1666	2007-10-08	7.77	7.77	7.34	7.44	68193	1.06	002165	红 宝 丽	SZ	7.66	1.09	
1660	2007-10-08	14.02	14.09	13.46	13.46	15221	6.73	002166	莱茵生物	SZ	13.9	6.95	
1662	2007-10-08	8.95	9.08	8.56	8.61	35118	1.61	002167	东方锆业	SZ	8.95	1.67	
1662	2007-10-08	3.19	3.2	3.07	3.08	92573	0.16	002168	深圳惠程	SZ	3.16	0.17	
1663	2007-10-08	8.08	8.19	7.89	7.94	27891	2.17	002169	智光电气	SZ	7.96	2.17	
1664	2007-10-08	3.43	3.43	3.24	3.26	99978	0.4	002170	芭田股份	SZ	3.39	0.41	
1668	2007-10-08	30.42	30.83	29.17	29.22	30056	24.07	002171	精诚铜业	SZ	30.14	24.83	
1663	2007-10-08	16.6	16.6	15.17	15.43	268482	5.08	002172	澳洋科技	SZ	15.73	5.18	
1668	2007-10-08	10.93	10.96	10.17	10.17	73562	3.37	002173	山 下 湖	SZ	10.83	3.59	
1666	2007-10-08	16.3	16.38	15.8	15.8	18503	15.46	002174	梅 花 伞	SZ	16.22	15.88	
