1748	2007-07-09	13.12	13.7	12.98	13.51	566998	6.3	1	深发展Ａ	SZ	12.99	6.06	
1363	2007-07-09	2.07	2.17	2.05	2.15	102246	0.54	10	S ST华新	SZ	2.08	0.52	
1708	2007-07-09	2.37	2.45	2.28	2.38	1394210	1.13	100	TCL 集团	SZ	2.34	1.11	
1755	2007-07-09	8.87	9.18	8.73	9.07	27373	8.24	11	深物业A	SZ	8.89	8.08	
1742	2007-07-09	7.94	8.15	7.82	8.06	76300	4.13	12	南 玻Ａ	SZ	7.89	4.05	
1754	2007-07-09	9.59	9.65	9.21	9.47	44158	6.21	14	沙河股份	SZ	9.57	6.28	
1754	2007-07-09	8	8.38	7.93	8.34	49938	8.02	151	中成股份	SZ	7.91	7.61	
1756	2007-07-09	5.88	6.45	5.8	6.45	78829	6.38	153	丰原药业	SZ	5.86	5.8	
1755	2007-07-09	7.69	7.97	7.6	7.77	56968	7.55	155	川化股份	SZ	7.58	7.37	
1740	2007-07-09	5.19	5.38	5.09	5.31	203124	0.64	157	中联重科	SZ	5.1	0.62	
1733	2007-07-09	5.36	5.73	5.36	5.66	187406	3.92	158	常山股份	SZ	5.26	3.64	
1713	2007-07-09	6.38	6.93	6.25	6.6	128561	3.09	159	国际实业	SZ	6.36	2.98	
1753	2007-07-09	3.85	4.01	3.76	3.93	120866	1.89	16	深康佳Ａ	SZ	3.8	1.82	
1725	2007-07-09	6.53	6.87	6.53	6.79	35055	1.37	1696	宗申动力	SZ	6.53	1.32	
1755	2007-07-09	7.04	7.19	6.75	7.1	11682	7.1	18	ST中冠A	SZ	7.03	7.03	
1745	2007-07-09	6.6	6.94	6.4	6.77	38579	6.77	1896	*ST豫能	SZ	6.63	6.63	
1755	2007-07-09	12.14	12.62	12.14	12.46	1177284	6.97	2	万 科Ａ	SZ	12.11	6.78	
1753	2007-07-09	5.39	5.64	5.3	5.58	32432	5.58	20	深华发Ａ	SZ	5.4	5.4	
1727	2007-07-09	4.61	4.67	4.45	4.51	210852	1.9	2001	新 和 成	SZ	4.45	1.87	
1697	2007-07-09	4.88	5.03	4.74	4.95	62203	3.8	2002	ST琼花	SZ	4.88	3.75	
1721	2007-07-09	16.96	17.76	16.96	17.68	10498	6.27	2003	伟星股份	SZ	16.93	6	
1726	2007-07-09	8.67	8.87	8.5	8.74	32769	2.63	2004	华邦制药	SZ	8.57	2.58	
1718	2007-07-09	1.72	1.89	1.72	1.89	174508	0.47	2005	德豪润达	SZ	1.72	0.43	
1716	2007-07-09	1.68	1.72	1.64	1.7	82352	0.38	2006	精功科技	SZ	1.66	0.37	
1728	2007-07-09	12.04	12.33	11.87	12.16	15051	3.81	2007	华兰生物	SZ	11.87	3.72	
1732	2007-07-09	10	10.17	9.8	10.09	120304	3.9	2008	大族激光	SZ	9.98	3.86	
1728	2007-07-09	8.43	8.68	8.35	8.51	35802	4.23	2009	天奇股份	SZ	8.59	4.27	
1727	2007-07-09	6.92	7.3	6.8	7.25	147206	2.66	2010	传化股份	SZ	6.85	2.51	
1732	2007-07-09	3.03	3.11	2.95	3.08	89686	1.47	2012	凯恩股份	SZ	3.05	1.45	
1706	2007-07-09	5.94	6.2	5.82	5.9	91578	1.47	2013	中航精机	SZ	5.7	1.41	
1732	2007-07-09	7.27	7.77	7.19	7.56	87732	2.48	2014	永新股份	SZ	7.53	2.47	
1721	2007-07-09	6.22	6.41	6.05	6.26	54650	3.64	2015	霞客环保	SZ	6.08	3.53	
1712	2007-07-09	7.76	8.05	7.75	8	23447	5.41	2017	东信和平	SZ	7.76	5.24	
1740	2007-07-09	4.39	4.48	4.36	4.47	43937	1.26	2018	华星化工	SZ	4.41	1.24	
1734	2007-07-09	50.07	52.25	49.22	50.5	15458	49.55	2019	鑫富药业	SZ	50.19	49.25	
1731	2007-07-09	4.19	4.32	4.14	4.25	19521	2.05	2020	京新药业	SZ	4.18	2.01	
1729	2007-07-09	5.41	5.62	5.41	5.49	42409	2.23	2021	中捷股份	SZ	5.41	2.2	
1734	2007-07-09	14.67	15.13	14.47	14.73	177929	6.85	2022	科华生物	SZ	14.41	6.7	
1728	2007-07-09	6.02	6.15	5.89	6.1	17228	2.63	2023	海特高新	SZ	5.96	2.57	
1730	2007-07-09	10.86	10.95	10.68	10.8	131465	2.25	2024	苏宁电器	SZ	10.68	2.22	
1732	2007-07-09	13.14	13.24	12.95	13.1	30521	6.27	2025	航天电器	SZ	12.93	6.19	
1716	2007-07-09	4.31	4.47	4.23	4.43	26074	2.43	2026	山东威达	SZ	4.32	2.37	
1732	2007-07-09	6.78	7	6.73	6.9	57523	6.9	2027	七喜控股	SZ	6.63	6.63	
1734	2007-07-09	15.91	17.05	15.91	16.64	28809	3.94	2028	思源电气	SZ	15.85	3.75	
1732	2007-07-09	4.07	4.21	4.01	4.14	46822	1.33	2030	达安基因	SZ	4.05	1.3	
1727	2007-07-09	6.72	6.79	6.62	6.76	29662	3.23	2031	巨轮股份	SZ	6.62	3.16	
1731	2007-07-09	12.26	12.41	11.96	12.31	13757	3.96	2032	苏 泊 尔	SZ	12.16	3.91	
1696	2007-07-09	10.93	11.7	10.93	11.58	34418	6.46	2033	丽江旅游	SZ	10.98	6.12	
1735	2007-07-09	8.89	9.33	8.88	9.24	39911	8.84	2034	美 欣 达	SZ	8.75	8.37	
1732	2007-07-09	7.24	7.59	7.24	7.46	22365	4.75	2035	华帝股份	SZ	7.24	4.61	
1735	2007-07-09	15.9	16.46	15.8	16.44	12621	10.43	2036	宜科科技	SZ	15.73	9.98	
1723	2007-07-09	5.34	5.44	5.17	5.35	21335	1.98	2037	久联发展	SZ	5.28	1.95	
1754	2007-07-09	11.29	11.67	11.09	11.25	31872	3.02	2038	双鹭药业	SZ	11.11	2.98	
1735	2007-07-09	14.58	15.15	14.47	14.99	7245	14.41	2039	黔源电力	SZ	14.45	13.89	
1732	2007-07-09	6.74	6.94	6.62	6.84	28187	6.67	2040	南 京 港	SZ	6.73	6.56	
1733	2007-07-09	4.85	5.05	4.84	5.02	33944	2.46	2041	登海种业	SZ	4.89	2.39	
1747	2007-07-09	2.99	3.06	2.83	3.02	114005	0.96	2042	华孚色纺	SZ	2.94	0.94	
1730	2007-07-09	2.86	3.05	2.8	3.03	84690	0.95	2043	兔 宝 宝	SZ	2.83	0.88	
1732	2007-07-09	3.93	4.07	3.87	4	61885	2.09	2044	江苏三友	SZ	3.97	2.07	
1728	2007-07-09	6.46	6.64	6.4	6.61	39475	3.33	2045	广州国光	SZ	6.47	3.26	
1728	2007-07-09	6.51	6.74	6.51	6.68	27216	3.13	2046	轴研科技	SZ	6.59	3.08	
1733	2007-07-09	3.65	3.79	3.61	3.75	60067	1.95	2047	成霖股份	SZ	3.64	1.89	
1728	2007-07-09	9.31	9.98	9.21	9.76	238222	5.13	2048	宁波华翔	SZ	9.2	4.84	
1701	2007-07-09	7.8	8.09	7.67	8	19020	5.03	2049	晶源电子	SZ	7.79	4.9	
1730	2007-07-09	6.4	6.43	6.24	6.4	21454	2.66	2050	三花股份	SZ	6.34	2.63	
1722	2007-07-09	9.63	10.04	9.62	9.93	75369	3.37	2051	中工国际	SZ	9.61	3.26	
1722	2007-07-09	7.23	7.71	7.09	7.4	81920	2.81	2052	同洲电子	SZ	7.21	2.74	
1731	2007-07-09	13.29	13.55	13.03	13.42	27016	13.13	2053	云南盐化	SZ	13.26	12.97	
1733	2007-07-09	7.99	8.54	7.94	8.48	31808	3.5	2054	德美化工	SZ	7.94	3.27	
1728	2007-07-09	6.5	6.58	6.35	6.54	8258	2.43	2055	得润电子	SZ	6.42	2.39	
1732	2007-07-09	14.3	14.9	13.89	14.82	97795	7.33	2056	横店东磁	SZ	14.25	7.05	
1733	2007-07-09	10	10.53	10	10.44	14530	10.41	2057	中钢天源	SZ	9.88	9.86	
1724	2007-07-09	5.17	5.33	5.11	5.26	11593	2.18	2058	威 尔 泰	SZ	5.17	2.14	
1707	2007-07-09	8.1	8.28	7.95	8.07	20403	7.93	2059	云南旅游	SZ	8	7.86	
1726	2007-07-09	5.21	5.36	5.21	5.3	32876	2.86	2060	粤 水 电	SZ	5.22	2.82	
1723	2007-07-09	15.12	15.67	14.93	15.65	19931	9.56	2061	江山化工	SZ	14.99	9.15	
1731	2007-07-09	7.03	7.19	6.99	7.12	30253	2.52	2062	宏润建设	SZ	6.94	2.46	
1731	2007-07-09	4.96	5.34	4.9	5.31	75133	1.2	2063	远光软件	SZ	4.97	1.12	
1734	2007-07-09	12.07	12.5	11.83	12.23	58957	2.89	2064	华峰氨纶	SZ	11.97	2.83	
1706	2007-07-09	4.78	4.91	4.76	4.89	31050	0.98	2065	东华软件	SZ	4.75	0.95	
1735	2007-07-09	5.65	5.73	5.53	5.72	19034	1.76	2066	瑞泰科技	SZ	5.64	1.74	
1726	2007-07-09	4.78	4.88	4.64	4.82	64243	2.35	2067	景兴纸业	SZ	4.72	2.3	
1725	2007-07-09	5.28	5.45	5.17	5.39	96622	1.16	2068	黑猫股份	SZ	5.32	1.14	
1726	2007-07-09	12.11	12.41	12.1	12.32	16913	1.76	2069	獐 子 岛	SZ	12.1	1.73	
1730	2007-07-09	4.2	4.3	4.2	4.3	14151	1.11	2070	众和股份	SZ	4.18	1.08	
1728	2007-07-09	5.22	5.35	5.14	5.31	22431	3.45	2071	江苏宏宝	SZ	5.22	3.4	
1723	2007-07-09	6.49	6.58	6.25	6.52	24719	5.88	2072	*ST德棉	SZ	6.44	5.81	
1731	2007-07-09	6.8	7	6.78	6.93	25650	1.51	2073	软控股份	SZ	6.74	1.46	
1731	2007-07-09	4.72	4.84	4.61	4.84	20945	1.5	2074	东源电器	SZ	4.7	1.46	
1730	2007-07-09	17	17.45	16.9	17.21	10395	16.5	2076	雪 莱 特	SZ	16.81	16.12	
1714	2007-07-09	8.66	9.16	8.4	9.03	79462	8.78	2077	大港股份	SZ	8.34	8.11	
1727	2007-07-09	8.65	8.8	8.56	8.71	38845	2.84	2078	太阳纸业	SZ	8.55	2.79	
1726	2007-07-09	2.48	2.53	2.43	2.53	62981	0.52	2079	苏州固锝	SZ	2.45	0.5	
1729	2007-07-09	12.75	13.09	12.31	12.83	27692	5.79	2080	中材科技	SZ	12.7	5.74	
1727	2007-07-09	3.6	3.67	3.47	3.58	29867	0.28	2081	金 螳 螂	SZ	3.55	0.27	
1732	2007-07-09	8.5	8.87	8.5	8.77	16229	5.07	2082	栋梁新材	SZ	8.55	4.95	
1735	2007-07-09	9.21	9.43	9	9.34	32457	5.96	2083	孚日股份	SZ	9.2	5.88	
1732	2007-07-09	12.69	12.96	12.3	12.82	34385	5.32	2084	海鸥卫浴	SZ	12.65	5.26	
1707	2007-07-09	8.25	8.29	8	8.21	24816	7.01	2085	万丰奥威	SZ	8.09	6.91	
1732	2007-07-09	6.7	6.86	6.61	6.76	16472	3.28	2086	东方海洋	SZ	6.68	3.24	
1727	2007-07-09	4.52	4.63	4.46	4.59	53898	2.68	2087	新野纺织	SZ	4.48	2.62	
1732	2007-07-09	21.06	21.74	20.69	21.74	9713	12.97	2088	鲁阳股份	SZ	21.09	12.59	
1729	2007-07-09	3.24	3.33	3.21	3.31	22083	0.69	2089	新 海 宜	SZ	3.24	0.68	
1674	2007-07-09	8.32	8.69	8.32	8.59	10670	3.89	2090	金智科技	SZ	8.32	3.77	
1734	2007-07-09	5.68	5.75	5.52	5.69	31637	2.36	2091	江苏国泰	SZ	5.61	2.32	
1721	2007-07-09	6.33	6.45	6.3	6.42	56554	2.01	2092	中泰化学	SZ	6.29	1.97	
1729	2007-07-09	5.76	5.79	5.65	5.69	54353	0.47	2093	国脉科技	SZ	5.62	0.46	
1732	2007-07-09	6.67	6.7	6.53	6.67	44228	2.12	2094	青岛金王	SZ	6.6	2.1	
1735	2007-07-09	25.52	25.8	24.83	25.25	11646	9.01	2095	生 意 宝	SZ	25.17	8.99	
1705	2007-07-09	5.9	6.07	5.89	6.04	24284	1.16	2096	南岭民爆	SZ	5.96	1.15	
1731	2007-07-09	22.56	23.16	22.33	22.93	10312	7.56	2097	山河智能	SZ	22.63	7.46	
1728	2007-07-09	17.4	17.82	17.02	17.57	13193	15.8	2098	浔兴股份	SZ	17.23	15.5	
1727	2007-07-09	6.07	6.35	6.02	6.24	30931	2.84	2099	海翔药业	SZ	6.02	2.73	
1742	2007-07-09	9.73	10.07	9.55	10	225547	5.87	21	长城开发	SZ	9.65	5.67	
1722	2007-07-09	9.76	10.15	9.76	10.1	13223	4.75	2101	广东鸿图	SZ	9.47	4.45	
1724	2007-07-09	6.15	6.39	6	6.33	13973	2.08	2102	冠福家用	SZ	6.1	2.01	
1733	2007-07-09	10.38	10.62	10.25	10.49	17066	9.52	2103	广博股份	SZ	10.37	9.41	
1733	2007-07-09	10.6	10.85	10.13	10.63	44437	6.75	2104	恒宝股份	SZ	10.64	6.76	
1730	2007-07-09	8.63	8.87	8.48	8.78	30775	8.02	2105	信隆实业	SZ	8.67	7.92	
1734	2007-07-09	12.6	13.04	12.54	12.9	23141	4.83	2106	莱宝高科	SZ	12.7	4.75	
1731	2007-07-09	12.15	12.48	12.04	12.27	10989	6.07	2107	沃华医药	SZ	12.15	6.01	
1730	2007-07-09	7.75	7.76	7.57	7.72	18324	3.16	2109	兴化股份	SZ	7.63	3.13	
1725	2007-07-09	14.1	14.15	13.68	14.03	35615	13.67	2110	三钢闽光	SZ	13.81	13.46	
1725	2007-07-09	10.91	11.18	10.82	11.08	9186	3.4	2111	威海广泰	SZ	10.87	3.34	
1730	2007-07-09	7.3	7.41	7.18	7.37	12529	2.83	2112	三变科技	SZ	7.3	2.81	
1715	2007-07-09	10.81	10.81	10.52	10.65	19320	6.65	2113	ST天润	SZ	10.63	6.63	
1734	2007-07-09	17.97	18.53	17.77	18.29	16248	9.97	2114	罗平锌电	SZ	17.94	9.78	
1725	2007-07-09	5.42	5.65	5.38	5.52	52027	1.12	2115	三维通信	SZ	5.42	1.1	
1732	2007-07-09	12.44	12.75	12.17	12.57	19588	5.96	2116	中国海诚	SZ	12.49	5.93	
1725	2007-07-09	10.65	10.68	10.36	10.56	9385	5.58	2117	东港股份	SZ	10.46	5.53	
1685	2007-07-09	3.43	3.52	3.4	3.49	25671	0.56	2118	紫鑫药业	SZ	3.43	0.55	
1724	2007-07-09	11.3	11.4	11.13	11.32	14888	5.56	2119	康强电子	SZ	11.13	5.47	
1669	2007-07-09	15	15.77	14.64	15.69	9229	11.7	2120	新海股份	SZ	15.15	11.29	
1727	2007-07-09	8.13	8.33	8.13	8.27	12687	1.32	2121	科陆电子	SZ	8.14	1.3	
1734	2007-07-09	9.58	9.68	9.47	9.62	87995	1.13	2122	天马股份	SZ	9.6	1.13	
1732	2007-07-09	7.17	7.32	7.02	7.22	18095	2.19	2124	天邦股份	SZ	7.2	2.19	
1720	2007-07-09	9.81	9.98	9.53	9.97	26974	6.21	2125	湘潭电化	SZ	9.93	6.18	
1728	2007-07-09	6.66	6.8	6.54	6.72	15853	2.42	2126	银轮股份	SZ	6.65	2.4	
1732	2007-07-09	23.01	24.14	22.72	23.6	62630	12.28	2128	露天煤业	SZ	22.72	11.82	
1724	2007-07-09	7.79	7.93	7.64	7.88	41893	4.14	2129	中环股份	SZ	7.74	4.07	
1724	2007-07-09	5.52	5.66	5.47	5.63	27851	0.58	2130	沃尔核材	SZ	5.53	0.57	
1646	2007-07-09	7.5	7.59	7.32	7.54	16905	1.78	2131	利欧股份	SZ	7.47	1.77	
1726	2007-07-09	6.29	6.37	6.2	6.33	26772	2	2132	恒星科技	SZ	6.27	1.98	
1727	2007-07-09	7.42	7.53	7.33	7.44	45493	2.71	2133	广宇集团	SZ	7.38	2.69	
1734	2007-07-09	13.36	13.76	13.22	13.57	12897	10.84	2134	天津普林	SZ	13.22	10.55	
1729	2007-07-09	8.18	8.41	7.98	8.26	34997	2.88	2135	东南网架	SZ	8.15	2.84	
1727	2007-07-09	10.99	11.4	10.76	11.2	10381	5.56	2136	安 纳 达	SZ	10.89	5.41	
1729	2007-07-09	12.47	13.77	12.34	13.3	67688	3.85	2137	实 益 达	SZ	12.83	3.71	
1729	2007-07-09	13.53	13.54	13	13.3	22534	5.44	2138	顺络电子	SZ	13.27	5.42	
1726	2007-07-09	9.79	10.82	9.51	10.19	212973	2.57	2139	拓邦股份	SZ	10.55	2.66	
1755	2007-07-09	26.27	27.1	26	26.51	8943	21.98	22	深赤湾Ａ	SZ	25.99	21.54	
1733	2007-07-09	9.18	9.55	9.11	9.41	25824	8.96	23	深天地Ａ	SZ	9.04	8.6	
1755	2007-07-09	33.27	34.64	33.27	34.51	23825	21.12	24	招商地产	SZ	33.27	20.36	
1755	2007-07-09	10.77	12.45	10.77	11.1	143096	11.1	25	特 力Ａ	SZ	16.42	16.42	
1751	2007-07-09	17.17	17.67	17.17	17.5	167759	12.71	27	深圳能源	SZ	17.17	12.47	
1730	2007-07-09	11.59	12.08	11.59	11.8	27680	11.45	28	一致药业	SZ	11.6	11.26	
1726	2007-07-09	6.33	6.75	6.2	6.61	109360	6.61	29	深深房Ａ	SZ	6.28	6.28	
1755	2007-07-09	12.99	13.09	12.59	13.09	155672	6.36	31	中粮地产	SZ	11.9	5.78	
1754	2007-07-09	6.82	6.88	6.67	6.79	49387	5.3	32	深桑达Ａ	SZ	6.68	5.22	
1749	2007-07-09	6.4	6.96	6.12	6.7	212464	6.7	33	新都酒店	SZ	6.37	6.37	
1733	2007-07-09	20.25	20.6	20.25	20.44	30976	4.77	338	潍柴动力	SZ	20.26	4.73	
1550	2007-07-09	4.14	4.33	3.94	4.33	78536	2.79	34	ST深泰	SZ	4.13	2.66	
1746	2007-07-09	3.11	3.29	3.02	3.29	62065	2.62	35	*ST科健	SZ	3.14	2.49	
1756	2007-07-09	6.9	7.09	6.75	6.98	280294	6.98	36	华联控股	SZ	6.8	6.8	
1749	2007-07-09	5.84	6.12	5.84	6.07	20013	5.49	37	深南电Ａ	SZ	5.87	5.31	
1754	2007-07-09	26.49	27.28	26.46	26.65	142263	23.48	39	中集集团	SZ	26	22.91	
1692	2007-07-09	6.25	6.52	6.12	6.38	16400	6.38	4	ST国农	SZ	6.24	6.24	
1699	2007-07-09	7.06	7.45	7.06	7.45	268900	7.33	40	深 鸿 基	SZ	6.77	6.66	
1755	2007-07-09	10.78	11	10.54	10.86	97271	8.14	400	许继电气	SZ	10.58	7.93	
1753	2007-07-09	13.25	14.01	13.25	13.97	94195	13.63	401	冀东水泥	SZ	13.16	12.84	
