1809	2007-04-13	10.91	11.28	10.91	11.28	751894	5.27	1	深发展Ａ	SZ	10.75	5.01	
1424	2007-04-13	2.65	2.65	2.65	2.65	54774	0.66	10	S ST华新	SZ	2.52	0.63	
1769	2007-04-13	2.52	2.53	2.4	2.43	2305259	1.15	100	TCL 集团	SZ	2.52	1.19	
1816	2007-04-13	8.17	8.59	8.1	8.38	102036	7.61	11	深物业A	SZ	8.18	7.43	
1803	2007-04-13	9.88	10.09	9.47	9.56	174956	4.68	12	南 玻Ａ	SZ	9.92	4.85	
1815	2007-04-13	8.13	8.2	7.99	8	108218	5.25	14	沙河股份	SZ	8.23	5.4	
1816	2007-04-13	7.68	8.1	7.5	7.96	123190	7.96	150	宜华地产	SZ	7.71	7.71	
1815	2007-04-13	9.19	10.17	9.12	9.65	149303	9.18	151	中成股份	SZ	9.25	8.8	
1817	2007-04-13	6.8	6.99	6.66	6.73	97575	6.66	153	丰原药业	SZ	6.84	6.77	
1816	2007-04-13	8.79	8.84	8.43	8.5	154650	8.01	155	川化股份	SZ	8.78	8.28	
1801	2007-04-13	3.54	3.78	3.53	3.69	2074434	0.44	157	中联重科	SZ	3.48	0.42	
1794	2007-04-13	5.56	5.65	5.35	5.38	171893	3.7	158	常山股份	SZ	5.58	3.84	
1774	2007-04-13	3.57	3.68	3.41	3.47	152650	1.62	159	国际实业	SZ	3.58	1.68	
1814	2007-04-13	3.86	4	3.83	3.86	337391	1.85	16	深康佳Ａ	SZ	3.84	1.84	
1786	2007-04-13	4.14	4.16	3.96	3.97	189693	0.8	1696	宗申动力	SZ	4.19	0.84	
1816	2007-04-13	9.77	10.2	9.65	9.8	28158	9.8	18	ST中冠A	SZ	9.78	9.78	
1806	2007-04-13	6.4	6.7	6.09	6.17	96139	6.17	1896	*ST豫能	SZ	6.28	6.28	
1752	2007-04-13	9.5	9.85	9.35	9.49	49418	9.25	19	深深宝Ａ	SZ	9.45	9.21	
1788	2007-04-13	4.59	4.59	4.4	4.44	157682	1.84	2001	新 和 成	SZ	4.59	1.91	
1758	2007-04-13	5.35	5.41	5.16	5.21	64614	2.84	2002	ST琼花	SZ	5.35	2.91	
1782	2007-04-13	18.28	19.04	18.08	18.6	20152	5.39	2003	伟星股份	SZ	18.15	5.26	
1787	2007-04-13	6.33	6.44	6.03	6.37	188243	1.92	2004	华邦制药	SZ	5.85	1.76	
1779	2007-04-13	2.03	2.08	2	2.02	225938	0.5	2005	德豪润达	SZ	2.04	0.5	
1777	2007-04-13	1.94	2	1.92	1.92	210991	0.43	2006	精功科技	SZ	1.94	0.43	
1789	2007-04-13	10.99	11.12	10.23	10.82	67990	2.82	2007	华兰生物	SZ	10.72	2.8	
1793	2007-04-13	7.46	7.91	7.33	7.76	171715	1.97	2008	大族激光	SZ	7.44	1.89	
1789	2007-04-13	6.95	7.25	6.92	7.1	56340	2.93	2009	天奇股份	SZ	6.92	2.86	
1788	2007-04-13	6.63	6.66	6.42	6.48	97265	1.81	2010	传化股份	SZ	6.6	1.85	
1790	2007-04-13	3.03	3.33	3.03	3.33	116018	0.71	2011	盾安环境	SZ	3.03	0.65	
1793	2007-04-13	3.55	3.56	3.39	3.43	171908	1.63	2012	凯恩股份	SZ	3.54	1.69	
1767	2007-04-13	3.71	3.87	3.69	3.72	142858	0.9	2013	中航精机	SZ	3.71	0.9	
1793	2007-04-13	5.79	5.89	5.75	5.77	87631	1.9	2014	永新股份	SZ	5.78	1.9	
1782	2007-04-13	7.16	7.74	7.14	7.35	116556	4.27	2015	霞客环保	SZ	7.16	4.16	
1789	2007-04-13	2.62	2.65	2.55	2.56	120564	0.75	2016	世荣兆业	SZ	2.62	0.77	
1773	2007-04-13	9.03	9.25	8.89	8.92	56284	5.86	2017	东信和平	SZ	9.06	5.95	
1801	2007-04-13	4.85	4.87	4.73	4.73	43171	1	2018	华星化工	SZ	4.9	1.04	
1795	2007-04-13	31.29	32.71	30	30.14	17457	21.07	2019	鑫富药业	SZ	31.29	21.87	
1792	2007-04-13	5.71	5.84	5.5	5.55	70061	2.68	2020	京新药业	SZ	5.72	2.76	
1790	2007-04-13	5.06	5.27	5.02	5.04	125518	1.68	2021	中捷股份	SZ	5.1	1.7	
1795	2007-04-13	10.95	11.44	10.26	10.58	228611	3.2	2022	科华生物	SZ	10.88	3.29	
1789	2007-04-13	7.02	7.12	6.85	7.02	115576	2.96	2023	海特高新	SZ	7.06	2.98	
1791	2007-04-13	7.68	8.41	7.68	8.2	825034	1.71	2024	苏宁电器	SZ	7.67	1.6	
1793	2007-04-13	14.88	15.5	14.75	14.77	107325	7.07	2025	航天电器	SZ	14.88	7.12	
1777	2007-04-13	4.98	5.02	4.83	4.86	73336	2.64	2026	山东威达	SZ	4.99	2.71	
1793	2007-04-13	8.09	8.09	7.9	7.91	80234	7.91	2027	七喜控股	SZ	8.09	8.09	
1795	2007-04-13	13.03	13.96	13.03	13.8	34895	3.27	2028	思源电气	SZ	12.88	3.05	
1791	2007-04-13	5.82	5.93	5.63	5.77	17972	1.06	2029	七 匹 狼	SZ	5.83	1.07	
1793	2007-04-13	3.98	4.11	3.91	3.93	130314	1.23	2030	达安基因	SZ	3.94	1.23	
1788	2007-04-13	7.51	7.78	7.38	7.56	111722	3.61	2031	巨轮股份	SZ	7.51	3.59	
1792	2007-04-13	12.34	12.41	11.47	11.49	72991	3.63	2032	苏 泊 尔	SZ	11.72	3.7	
1757	2007-04-13	11.54	11.57	11.25	11.31	34935	6.11	2033	丽江旅游	SZ	11.58	6.26	
1796	2007-04-13	11.11	11.13	10.76	10.78	34555	10.09	2034	美 欣 达	SZ	11.16	10.45	
1793	2007-04-13	8.8	8.85	8.51	8.51	54412	4.14	2035	华帝股份	SZ	8.8	4.29	
1796	2007-04-13	15.28	15.28	14.78	14.92	37554	7.79	2036	宜科科技	SZ	15.39	8.04	
1784	2007-04-13	7.49	7.49	7.07	7.13	35964	2.55	2037	久联发展	SZ	7.48	2.67	
1815	2007-04-13	9.08	9.24	8.65	8.69	68661	1.53	2038	双鹭药业	SZ	9.09	1.6	
1796	2007-04-13	13.46	14.69	13.42	14.03	46072	13.37	2039	黔源电力	SZ	13.41	12.78	
1793	2007-04-13	8.01	8.07	7.83	7.84	69989	7.59	2040	南 京 港	SZ	8.01	7.76	
1794	2007-04-13	8.19	8.19	7.78	7.84	153339	3.83	2041	登海种业	SZ	8.21	4.02	
1808	2007-04-13	3.03	3.1	2.91	2.93	176239	0.94	2042	华孚色纺	SZ	3.04	0.97	
1791	2007-04-13	3.38	3.39	3.23	3.23	133445	0.93	2043	兔 宝 宝	SZ	3.38	0.98	
1793	2007-04-13	4.52	4.56	4.43	4.45	85727	2.26	2044	江苏三友	SZ	4.57	2.32	
1789	2007-04-13	9.1	9.1	8.57	8.63	58736	3.43	2045	广州国光	SZ	9.13	3.63	
1789	2007-04-13	7.48	7.63	7.36	7.42	127213	2.75	2046	轴研科技	SZ	7.52	2.78	
1794	2007-04-13	4.58	4.69	4.49	4.5	135661	2.11	2047	成霖股份	SZ	4.58	2.15	
1789	2007-04-13	8.86	9.33	8.83	9.07	325304	4.72	2048	宁波华翔	SZ	8.83	4.59	
1762	2007-04-13	10.53	10.79	10.33	10.4	44835	6.44	2049	晶源电子	SZ	10.52	6.52	
1791	2007-04-13	6.55	6.66	6.4	6.53	83776	2.64	2050	三花股份	SZ	6.56	2.65	
1783	2007-04-13	10.9	10.9	10.35	10.41	135616	3.44	2051	中工国际	SZ	10.92	3.6	
1783	2007-04-13	8	8.27	7.79	7.94	48091	1.51	2052	同洲电子	SZ	7.7	1.46	
1792	2007-04-13	15.75	15.75	15.44	15.5	52137	14.9	2053	云南盐化	SZ	15.76	15.15	
1794	2007-04-13	6.6	6.65	6.36	6.47	40984	2.64	2054	德美化工	SZ	6.6	2.69	
1789	2007-04-13	6.01	6.11	5.86	5.92	48488	1.65	2055	得润电子	SZ	6.01	1.67	
1793	2007-04-13	14.5	14.5	13.82	13.9	42694	6.72	2056	横店东磁	SZ	14.5	7.01	
1794	2007-04-13	11.46	11.77	11.3	11.48	35986	9.53	2057	中钢天源	SZ	11.37	9.44	
1785	2007-04-13	6	6.11	5.92	5.94	31246	2.45	2058	威 尔 泰	SZ	6	2.47	
1768	2007-04-13	10.08	10.09	9.8	9.85	53852	9.56	2059	云南旅游	SZ	10.11	9.81	
1787	2007-04-13	5.71	5.76	5.54	5.56	104663	2.95	2060	粤 水 电	SZ	5.69	3.02	
1784	2007-04-13	15.15	15.65	14.95	14.97	44656	8.91	2061	江山化工	SZ	15.15	9.02	
1792	2007-04-13	7.48	8.03	7.47	7.82	102321	1.82	2062	宏润建设	SZ	7.54	1.76	
1792	2007-04-13	4.61	4.99	4.61	4.78	126923	1.08	2063	远光软件	SZ	4.56	1.03	
1795	2007-04-13	10.67	11.07	10	10.36	132208	1.87	2064	华峰氨纶	SZ	10.43	1.88	
1767	2007-04-13	6.09	6.1	5.86	5.93	67026	0.77	2065	东华软件	SZ	6.1	0.79	
1796	2007-04-13	6	6.43	5.85	6.24	69679	1.89	2066	瑞泰科技	SZ	6	1.82	
1787	2007-04-13	4.63	4.8	4.58	4.72	169259	1.74	2067	景兴纸业	SZ	4.63	1.71	
1786	2007-04-13	5.34	5.4	5.08	5.1	92288	1.05	2068	黑猫股份	SZ	5.33	1.1	
1787	2007-04-13	13.92	14.81	13.67	14.33	47646	1.94	2069	獐 子 岛	SZ	13.89	1.88	
1791	2007-04-13	5.21	5.55	5.19	5.26	112474	1.08	2070	众和股份	SZ	5.2	1.07	
1789	2007-04-13	7.27	7.27	6.97	7	63207	4.55	2071	江苏宏宝	SZ	7.29	4.74	
1784	2007-04-13	8.11	8.64	8.07	8.14	96261	7.34	2072	*ST德棉	SZ	8.07	7.29	
1792	2007-04-13	7.78	8.11	7.67	7.72	46813	0.83	2073	软控股份	SZ	7.49	0.8	
1792	2007-04-13	5.24	5.24	5.11	5.12	68235	1.3	2074	东源电器	SZ	5.27	1.33	
1791	2007-04-13	19.56	21.11	19.27	19.55	26677	10.37	2076	雪 莱 特	SZ	19.77	10.48	
1775	2007-04-13	8.98	9.41	8.86	9.2	103822	6.33	2077	大港股份	SZ	9	6.19	
1788	2007-04-13	9.89	10.1	9.56	9.69	73149	2.43	2078	太阳纸业	SZ	9.95	2.49	
1787	2007-04-13	3.03	3.03	2.96	2.97	129821	0.59	2079	苏州固锝	SZ	3.02	0.6	
1790	2007-04-13	14.35	14.49	13.91	13.99	24393	6.22	2080	中材科技	SZ	14.34	6.38	
1788	2007-04-13	3.16	3.18	3.08	3.08	109497	0.22	2081	金 螳 螂	SZ	3.16	0.23	
1793	2007-04-13	11.13	11.58	10.86	11.39	88682	4.08	2082	栋梁新材	SZ	10.83	3.88	
1796	2007-04-13	7.98	8.75	7.98	8.52	102119	4.15	2083	孚日股份	SZ	7.96	3.87	
1793	2007-04-13	12.48	12.81	12.23	12.38	66312	5.07	2084	海鸥卫浴	SZ	12.48	5.11	
1768	2007-04-13	9.81	9.85	9.45	9.51	69047	7.37	2085	万丰奥威	SZ	9.79	7.59	
1793	2007-04-13	8.1	8.35	7.95	7.99	50611	3.88	2086	东方海洋	SZ	8.1	3.93	
1788	2007-04-13	5.41	5.42	5.21	5.24	110035	3.07	2087	新野纺织	SZ	5.41	3.16	
1793	2007-04-13	18.27	18.5	17.89	18	21978	8.27	2088	鲁阳股份	SZ	18.25	8.38	
1790	2007-04-13	3.42	3.67	3.37	3.54	154007	0.62	2089	新 海 宜	SZ	3.42	0.6	
1735	2007-04-13	11.94	11.94	11.51	11.55	41799	5.23	2090	金智科技	SZ	11.82	5.35	
1795	2007-04-13	6.65	6.68	6.54	6.6	70584	2.11	2091	江苏国泰	SZ	6.63	2.12	
1782	2007-04-13	5.59	6.07	5.59	5.89	301707	1.84	2092	中泰化学	SZ	5.59	1.75	
1790	2007-04-13	3.26	3.33	3.17	3.18	92860	0.26	2093	国脉科技	SZ	3.3	0.27	
1793	2007-04-13	6.89	7.27	6.81	7	113637	2.23	2094	青岛金王	SZ	6.81	2.17	
1796	2007-04-13	20.15	20.66	19.86	20.26	26113	7.16	2095	生 意 宝	SZ	20.35	7.19	
1761	2007-04-13	5.3	5.36	5.2	5.22	43773	1.01	2096	南岭民爆	SZ	5.3	1.02	
1787	2007-04-13	13.53	13.7	13.17	13.46	47081	4.44	2097	山河智能	SZ	13.53	4.46	
1784	2007-04-13	17.41	17.41	16.8	16.85	41300	15.1	2098	浔兴股份	SZ	17.35	15.55	
1783	2007-04-13	6.55	6.83	6.46	6.67	100245	1.99	2099	海翔药业	SZ	6.5	1.94	
1803	2007-04-13	10.19	10.25	9.97	10	259561	5.69	21	长城开发	SZ	10.15	5.78	
1780	2007-04-13	8.18	8.48	8.16	8.48	112329	2.06	2100	天康生物	SZ	7.71	1.87	
1778	2007-04-13	11.17	11.3	10.91	10.98	18323	5.05	2101	广东鸿图	SZ	11.3	5.2	
1780	2007-04-13	5.47	5.77	5.38	5.57	53447	1.79	2102	冠福家用	SZ	5.5	1.77	
1789	2007-04-13	12.78	12.9	12.61	12.63	40987	9.89	2103	广博股份	SZ	12.77	10.01	
1789	2007-04-13	8.62	9.45	8.55	9.07	80217	3.37	2104	恒宝股份	SZ	8.6	3.19	
1786	2007-04-13	10.1	10.48	10.02	10.1	69616	9.11	2105	信隆实业	SZ	10.12	9.13	
1790	2007-04-13	12.84	13.16	12.65	12.76	77467	3.51	2106	莱宝高科	SZ	12.81	3.52	
1787	2007-04-13	11.29	11.3	11.02	11.06	23485	5.26	2107	沃华医药	SZ	11.31	5.38	
1781	2007-04-13	5.66	5.67	5.5	5.51	33357	1.16	2108	沧州明珠	SZ	5.66	1.19	
1786	2007-04-13	8.07	8.07	7.89	7.91	69660	3.24	2109	兴化股份	SZ	8.11	3.32	
1781	2007-04-13	14.23	14.23	13.7	13.8	66381	13.1	2110	三钢闽光	SZ	14.25	13.53	
1781	2007-04-13	11.44	11.5	11.29	11.35	19944	3.43	2111	威海广泰	SZ	11.44	3.46	
1786	2007-04-13	8.04	8.04	7.82	7.92	37468	3	2112	三变科技	SZ	7.93	3	
1771	2007-04-13	10.12	10.12	9.91	9.93	24999	6.19	2113	ST天润	SZ	10.04	6.27	
1790	2007-04-13	27.21	27.37	25.55	25.56	45994	13.93	2114	罗平锌电	SZ	27.21	14.83	
1781	2007-04-13	4.67	4.73	4.61	4.61	57910	0.88	2115	三维通信	SZ	4.67	0.89	
1788	2007-04-13	14.05	14.27	13.9	14.09	34592	6.61	2116	中国海诚	SZ	13.94	6.54	
1741	2007-04-13	3.33	3.33	3.25	3.26	64854	0.44	2118	紫鑫药业	SZ	3.33	0.45	
1780	2007-04-13	12.45	12.57	12.25	12.27	30042	6.03	2119	康强电子	SZ	12.52	6.15	
1725	2007-04-13	16.11	17.1	15.81	16.43	14831	7.09	2120	新海股份	SZ	15.84	6.84	
1783	2007-04-13	5.13	5.13	5.03	5.05	46682	0.81	2121	科陆电子	SZ	5.1	0.81	
1790	2007-04-13	9.12	9.12	8.81	8.84	172076	1.04	2122	天马股份	SZ	9.12	1.08	
1789	2007-04-13	9.44	9.47	9.19	9.33	50204	1.27	2123	荣信股份	SZ	9.44	1.28	
1788	2007-04-13	7.89	8.02	7.81	7.83	55321	2.38	2124	天邦股份	SZ	7.89	2.4	
1776	2007-04-13	12.71	12.81	12.55	12.57	40617	7.83	2125	湘潭电化	SZ	12.71	7.91	
1816	2007-04-13	24.58	24.7	24.15	24.2	32390	19.65	22	深赤湾Ａ	SZ	24.6	19.97	
1794	2007-04-13	8.91	9.08	8.7	8.72	49123	8.29	23	深天地Ａ	SZ	8.93	8.49	
1816	2007-04-13	19.47	19.71	18.67	18.68	70864	11.35	24	招商地产	SZ	19.72	11.99	
1816	2007-04-13	8.62	8.91	8.4	8.79	129132	8.79	25	特 力Ａ	SZ	8.1	8.1	
1812	2007-04-13	13.97	14.61	13.75	13.92	523092	10.11	27	深圳能源	SZ	13.77	10.01	
1791	2007-04-13	11.87	12.35	11.66	11.88	91388	11.53	28	一致药业	SZ	11.82	11.47	
1787	2007-04-13	7.57	7.89	7.35	7.45	177424	7.45	29	深深房Ａ	SZ	7.59	7.59	
1814	2007-04-13	6.93	7.18	6.79	6.97	913935	6.51	301	东方市场	SZ	7	6.54	
1816	2007-04-13	7.78	7.95	7.5	7.61	416570	3.7	31	中粮地产	SZ	7.76	3.77	
1815	2007-04-13	7.32	7.75	7.26	7.62	129316	5.86	32	深桑达Ａ	SZ	7.33	5.64	
1810	2007-04-13	6.05	6.48	5.98	6.05	150233	6.05	33	新都酒店	SZ	6.09	6.09	
1611	2007-04-13	4.94	5.16	4.91	5.09	126844	3.27	34	ST深泰	SZ	4.91	3.16	
1807	2007-04-13	4.96	4.96	4.96	4.96	17735	3.94	35	*ST科健	SZ	4.72	3.75	
1817	2007-04-13	9.3	9.55	9	9.09	425637	9.09	36	华联控股	SZ	9.29	9.29	
1810	2007-04-13	9.05	9.41	8.81	9.07	76189	8.2	37	深南电Ａ	SZ	9.05	8.18	
1815	2007-04-13	22.75	22.75	22.08	22.16	363691	16.04	39	中集集团	SZ	22.75	16.47	
1753	2007-04-13	8.48	8.56	8.25	8.4	21314	8.4	4	ST国农	SZ	8.41	8.41	
1760	2007-04-13	7.14	7.18	6.96	6.97	272803	6.86	40	深 鸿 基	SZ	7.13	7.02	
1816	2007-04-13	12.35	12.82	12.04	12.2	202933	9.14	400	许继电气	SZ	12.31	9.22	
1814	2007-04-13	10.03	10.1	9.7	9.77	134480	9.47	401	冀东水泥	SZ	10.02	9.71	
