1740	2007-07-19	14.38	15.04	14.27	14.65	630299	6.84	1	深发展Ａ	SZ	14.54	6.79	
1355	2007-07-19	2.19	2.28	2.16	2.22	61170	0.56	10	S ST华新	SZ	2.19	0.55	
1700	2007-07-19	2.1	2.21	2.08	2.21	1384297	1.05	100	TCL 集团	SZ	2.11	1	
1747	2007-07-19	9.53	9.53	9.05	9.15	15403	8.31	11	深物业A	SZ	9.24	8.39	
1734	2007-07-19	8.41	8.71	8.35	8.49	113111	4.35	12	南 玻Ａ	SZ	8.31	4.26	
1746	2007-07-19	10.68	11.32	10.54	11.07	34293	7.27	14	沙河股份	SZ	10.83	7.11	
1747	2007-07-19	14.92	16.16	14.8	15.1	87771	15.1	150	宜华地产	SZ	15.53	15.53	
1746	2007-07-19	8.33	8.5	8.25	8.42	22959	8.1	151	中成股份	SZ	8.34	8.02	
1748	2007-07-19	5.83	5.89	5.73	5.87	18192	5.81	153	丰原药业	SZ	5.83	5.77	
1747	2007-07-19	7.25	7.45	7.15	7.41	30861	7.2	155	川化股份	SZ	7.2	7	
1732	2007-07-19	5.06	5.12	5.03	5.08	159710	0.61	157	中联重科	SZ	5.08	0.61	
1725	2007-07-19	5.09	5.2	5.03	5.1	35629	3.54	158	常山股份	SZ	5.1	3.54	
1705	2007-07-19	6.5	6.5	6.26	6.4	45853	3	159	国际实业	SZ	6.45	3.02	
1745	2007-07-19	3.96	3.99	3.88	3.9	47319	1.87	16	深康佳Ａ	SZ	3.96	1.9	
1717	2007-07-19	7.15	7.19	6.99	7.01	25341	1.41	1696	宗申动力	SZ	7.19	1.45	
1747	2007-07-19	7.6	7.72	7.1	7.5	35518	7.5	18	ST中冠A	SZ	7.35	7.35	
1737	2007-07-19	6.28	6.43	6.28	6.34	6174	6.34	1896	*ST豫能	SZ	6.33	6.33	
1747	2007-07-19	14.38	14.92	14.29	14.57	876827	8.16	2	万 科Ａ	SZ	14.67	8.21	
1745	2007-07-19	5.71	5.71	5.62	5.71	48416	5.71	20	深华发Ａ	SZ	5.44	5.44	
1719	2007-07-19	4.1	4.15	4	4.04	42574	1.7	2001	新 和 成	SZ	4.09	1.72	
1689	2007-07-19	4.82	4.82	4.7	4.78	22257	3.68	2002	ST琼花	SZ	4.84	3.72	
1713	2007-07-19	18.58	19.62	18.58	19.18	20828	6.8	2003	伟星股份	SZ	18.58	6.59	
1718	2007-07-19	8.95	8.98	8.57	8.67	33072	2.61	2004	华邦制药	SZ	8.94	2.69	
1710	2007-07-19	2.15	2.36	2.14	2.33	191648	0.58	2005	德豪润达	SZ	2.18	0.54	
1708	2007-07-19	1.68	1.72	1.67	1.72	45217	0.38	2006	精功科技	SZ	1.68	0.37	
1720	2007-07-19	12.7	13.18	12.66	13	19460	4.07	2007	华兰生物	SZ	12.65	3.96	
1724	2007-07-19	10.21	10.38	10.15	10.21	58405	3.95	2008	大族激光	SZ	10.16	3.93	
1720	2007-07-19	8.5	8.75	8.5	8.66	6715	4.3	2009	天奇股份	SZ	8.66	4.3	
1719	2007-07-19	7.1	7.15	6.88	6.92	26439	2.54	2010	传化股份	SZ	7.08	2.6	
1721	2007-07-19	5.22	5.36	5.01	5.36	346103	1.15	2011	盾安环境	SZ	3.33	0.71	
1724	2007-07-19	3	3.06	2.98	3.06	27485	1.46	2012	凯恩股份	SZ	3.03	1.44	
1698	2007-07-19	5.56	5.7	5.48	5.53	24982	1.37	2013	中航精机	SZ	5.59	1.39	
1713	2007-07-19	6.66	6.89	6.64	6.68	24518	3.87	2015	霞客环保	SZ	6.77	3.93	
1720	2007-07-19	4.49	4.6	4.43	4.46	30744	1.31	2016	世荣兆业	SZ	4.5	1.32	
1704	2007-07-19	7.59	7.73	7.48	7.71	7908	5.21	2017	东信和平	SZ	7.62	5.15	
1732	2007-07-19	4.41	4.58	4.36	4.57	27221	1.29	2018	华星化工	SZ	4.39	1.24	
1726	2007-07-19	50.11	50.88	49.52	50.1	3745	49.16	2019	鑫富药业	SZ	50.04	49.1	
1723	2007-07-19	3.99	4.15	3.93	4.09	17127	1.97	2020	京新药业	SZ	3.99	1.93	
1721	2007-07-19	5.12	5.21	5.09	5.17	61135	2.1	2021	中捷股份	SZ	5.13	2.09	
1726	2007-07-19	13.26	13.85	13.26	13.79	35141	6.42	2022	科华生物	SZ	13.23	6.15	
1720	2007-07-19	6.14	6.56	6.14	6.49	28382	2.8	2023	海特高新	SZ	6.14	2.65	
1722	2007-07-19	10.67	10.91	10.59	10.79	117742	2.25	2024	苏宁电器	SZ	10.76	2.24	
1724	2007-07-19	12.75	13.24	12.65	12.95	28512	6.2	2025	航天电器	SZ	12.76	6.11	
1708	2007-07-19	4.38	4.56	4.38	4.49	13475	2.47	2026	山东威达	SZ	4.41	2.42	
1724	2007-07-19	6.46	6.54	6.42	6.49	10709	6.49	2027	七喜控股	SZ	6.46	6.46	
1726	2007-07-19	16.41	17.47	16.3	17.19	19109	4.07	2028	思源电气	SZ	16.41	3.89	
1722	2007-07-19	5.65	5.81	5.65	5.74	12462	1.6	2029	七 匹 狼	SZ	5.7	1.59	
1724	2007-07-19	4.13	4.59	4.13	4.59	92460	1.47	2030	达安基因	SZ	4.17	1.34	
1719	2007-07-19	6.72	6.72	6.61	6.65	15784	3.18	2031	巨轮股份	SZ	6.69	3.2	
1723	2007-07-19	13.74	13.78	13.29	13.33	20745	4.28	2032	苏 泊 尔	SZ	13.57	4.36	
1688	2007-07-19	11.23	11.35	11.07	11.18	9747	6.24	2033	丽江旅游	SZ	11.27	6.28	
1727	2007-07-19	8.8	8.93	8.68	8.84	6105	8.46	2034	美 欣 达	SZ	8.8	8.42	
1724	2007-07-19	7.23	7.24	7.07	7.17	7618	4.57	2035	华帝股份	SZ	7.17	4.57	
1727	2007-07-19	16.33	17.59	16.09	17.23	11775	10.93	2036	宜科科技	SZ	16.26	10.32	
1715	2007-07-19	5.32	5.42	5.2	5.24	31280	1.94	2037	久联发展	SZ	5.3	1.96	
1746	2007-07-19	10.8	11.08	10.67	10.75	33678	2.89	2038	双鹭药业	SZ	10.72	2.88	
1727	2007-07-19	15.03	15.38	14.7	14.81	5765	14.23	2039	黔源电力	SZ	15.14	14.55	
1724	2007-07-19	7	7.01	6.83	6.91	15070	6.73	2040	南 京 港	SZ	6.98	6.8	
1725	2007-07-19	4.84	4.92	4.82	4.86	10475	2.38	2041	登海种业	SZ	4.87	2.38	
1739	2007-07-19	2.88	2.88	2.63	2.73	187290	0.87	2042	华孚色纺	SZ	2.92	0.93	
1722	2007-07-19	3	3.02	2.96	2.98	13999	0.93	2043	兔 宝 宝	SZ	3.03	0.94	
1724	2007-07-19	4.01	4.01	3.85	3.92	54227	2.05	2044	江苏三友	SZ	4.02	2.1	
1720	2007-07-19	6.24	6.46	6.24	6.33	16185	3.19	2045	广州国光	SZ	6.33	3.19	
1720	2007-07-19	6.65	6.74	6.58	6.7	14160	3.14	2046	轴研科技	SZ	6.69	3.13	
1725	2007-07-19	3.66	3.71	3.61	3.67	14672	1.91	2047	成霖股份	SZ	3.69	1.92	
1720	2007-07-19	9.94	9.94	9.61	9.74	39477	5.13	2048	宁波华翔	SZ	9.77	5.14	
1693	2007-07-19	7.77	7.94	7.74	7.87	7336	4.95	2049	晶源电子	SZ	7.75	4.87	
1722	2007-07-19	6.42	6.75	6.33	6.71	28731	2.78	2050	三花股份	SZ	6.42	2.66	
1714	2007-07-19	9.13	9.27	8.99	9.27	26695	3.15	2051	中工国际	SZ	9.15	3.11	
1714	2007-07-19	7.13	7.13	6.93	6.98	22210	2.66	2052	同洲电子	SZ	7.08	2.69	
1723	2007-07-19	13.6	13.82	13.45	13.81	10226	13.51	2053	云南盐化	SZ	13.55	13.26	
1725	2007-07-19	8.49	8.7	8.43	8.45	16439	3.48	2054	德美化工	SZ	8.63	3.56	
1720	2007-07-19	6.77	6.77	6.55	6.63	5888	2.47	2055	得润电子	SZ	6.77	2.52	
1724	2007-07-19	14.45	14.73	14.38	14.53	20977	7.19	2056	横店东磁	SZ	14.45	7.15	
1725	2007-07-19	9.76	9.9	9.72	9.88	3733	9.86	2057	中钢天源	SZ	9.76	9.74	
1716	2007-07-19	5.28	5.37	5.25	5.35	8934	2.22	2058	威 尔 泰	SZ	5.29	2.19	
1699	2007-07-19	8.32	8.42	8.25	8.35	5547	8.21	2059	云南旅游	SZ	8.32	8.18	
1718	2007-07-19	5.2	5.28	5.15	5.26	20727	2.84	2060	粤 水 电	SZ	5.2	2.81	
1715	2007-07-19	16.15	16.41	15.8	16.09	12887	9.82	2061	江山化工	SZ	16.33	9.97	
1723	2007-07-19	7.47	8.13	7.47	8.13	154969	2.88	2062	宏润建设	SZ	7.39	2.62	
1723	2007-07-19	5.57	5.72	5.52	5.59	31712	1.26	2063	远光软件	SZ	5.63	1.27	
1726	2007-07-19	11.27	11.52	11.27	11.35	18472	2.69	2064	华峰氨纶	SZ	11.45	2.71	
1698	2007-07-19	4.96	5.23	4.92	5.23	50388	1.04	2065	东华软件	SZ	4.95	0.99	
1727	2007-07-19	5.57	5.63	5.49	5.59	8754	1.72	2066	瑞泰科技	SZ	5.62	1.73	
1718	2007-07-19	4.7	4.72	4.61	4.64	14119	2.26	2067	景兴纸业	SZ	4.64	2.26	
1717	2007-07-19	5.74	5.85	5.59	5.8	62356	1.24	2068	黑猫股份	SZ	5.58	1.2	
1718	2007-07-19	11.7	11.84	11.68	11.76	9963	1.68	2069	獐 子 岛	SZ	11.71	1.67	
1722	2007-07-19	4.15	4.27	4.15	4.23	6229	1.09	2070	众和股份	SZ	4.27	1.1	
1720	2007-07-19	5.05	5.05	4.93	5.03	8926	3.31	2071	江苏宏宝	SZ	5	3.28	
1715	2007-07-19	6.22	6.25	6.13	6.22	6001	5.61	2072	*ST德棉	SZ	6.22	5.61	
1723	2007-07-19	6.76	6.82	6.7	6.76	8892	1.47	2073	软控股份	SZ	6.76	1.47	
1723	2007-07-19	5.04	5.13	5.02	5.04	19159	1.56	2074	东源电器	SZ	5.05	1.56	
1722	2007-07-19	16.11	16.25	15.8	15.9	8319	15.25	2076	雪 莱 特	SZ	16.29	15.62	
1706	2007-07-19	9.15	9.25	9	9.01	19606	8.76	2077	大港股份	SZ	9.22	8.96	
1718	2007-07-19	2.39	2.42	2.38	2.39	20572	0.49	2079	苏州固锝	SZ	2.39	0.49	
1721	2007-07-19	12.4	12.57	12.19	12.49	8741	5.64	2080	中材科技	SZ	12.51	5.65	
1719	2007-07-19	3.64	3.68	3.58	3.6	15675	0.28	2081	金 螳 螂	SZ	3.64	0.28	
1724	2007-07-19	8.75	8.86	8.69	8.79	6979	5.08	2082	栋梁新材	SZ	8.76	5.07	
1727	2007-07-19	9.33	9.43	8.94	9.33	37881	5.96	2083	孚日股份	SZ	9.46	6.04	
1724	2007-07-19	11.86	12	11.52	11.57	20507	4.81	2084	海鸥卫浴	SZ	11.91	4.95	
1699	2007-07-19	8	8.06	7.9	8.03	9307	6.85	2085	万丰奥威	SZ	8	6.83	
1724	2007-07-19	6.72	6.78	6.64	6.74	6178	3.32	2086	东方海洋	SZ	6.7	3.3	
1719	2007-07-19	4.41	4.51	4.41	4.51	18073	2.64	2087	新野纺织	SZ	4.45	2.6	
1724	2007-07-19	21.74	23.31	21.74	23.31	11311	13.91	2088	鲁阳股份	SZ	21.95	13.1	
1721	2007-07-19	3.39	3.42	3.29	3.4	8862	0.71	2089	新 海 宜	SZ	3.37	0.71	
1666	2007-07-19	8.35	8.6	8.35	8.5	5714	3.85	2090	金智科技	SZ	8.59	3.89	
1726	2007-07-19	5.49	5.49	5.41	5.48	8589	2.27	2091	江苏国泰	SZ	5.49	2.27	
1713	2007-07-19	6.86	6.97	6.67	6.93	37909	2.17	2092	中泰化学	SZ	6.86	2.15	
1721	2007-07-19	6.29	6.66	6.29	6.5	75061	0.53	2093	国脉科技	SZ	6.26	0.51	
1724	2007-07-19	6.54	6.6	6.44	6.6	14800	2.1	2094	青岛金王	SZ	6.54	2.08	
1727	2007-07-19	29.08	30.44	29.07	29.4	9127	10.49	2095	生 意 宝	SZ	29.63	10.58	
1697	2007-07-19	5.91	6.22	5.91	6.1	13347	1.18	2096	南岭民爆	SZ	6	1.16	
1723	2007-07-19	26.89	29.56	26.33	28.85	23449	9.51	2097	山河智能	SZ	26.89	8.86	
1719	2007-07-19	5.97	6.03	5.94	5.99	8081	2.72	2099	海翔药业	SZ	5.97	2.71	
1734	2007-07-19	9.57	9.59	9.41	9.5	47270	5.58	21	长城开发	SZ	9.57	5.62	
1714	2007-07-19	9.9	9.94	9.67	9.83	2983	4.62	2101	广东鸿图	SZ	9.91	4.66	
1716	2007-07-19	6.63	6.72	6.45	6.49	5917	2.14	2102	冠福家用	SZ	6.62	2.18	
1725	2007-07-19	10.63	10.76	10.49	10.6	9035	9.62	2103	广博股份	SZ	10.63	9.64	
1725	2007-07-19	10.35	11.35	10.33	11.13	95487	7.07	2104	恒宝股份	SZ	10.34	6.57	
1722	2007-07-19	8.43	8.43	8.23	8.34	5601	7.62	2105	信隆实业	SZ	8.35	7.63	
1726	2007-07-19	13.43	13.73	13.24	13.58	27949	5.08	2106	莱宝高科	SZ	13.43	5.03	
1723	2007-07-19	12	12.43	12	12.21	4482	6.04	2107	沃华医药	SZ	12.1	5.99	
1717	2007-07-19	4.96	5.17	4.96	5.12	13614	1.17	2108	沧州明珠	SZ	4.96	1.14	
1722	2007-07-19	7.59	7.61	7.43	7.57	8744	3.1	2109	兴化股份	SZ	7.52	3.08	
1717	2007-07-19	13.28	13.4	13.21	13.33	8539	12.99	2110	三钢闽光	SZ	13.28	12.94	
1717	2007-07-19	10.69	11.06	10.67	10.89	11972	3.34	2111	威海广泰	SZ	10.68	3.28	
1722	2007-07-19	7.87	7.96	7.81	7.86	11045	3.02	2112	三变科技	SZ	7.87	3.02	
1707	2007-07-19	10.47	10.5	10.34	10.47	10385	6.53	2113	ST天润	SZ	10.49	6.54	
1726	2007-07-19	17.42	17.7	17.29	17.45	5191	9.51	2114	罗平锌电	SZ	17.46	9.51	
1717	2007-07-19	5.96	6.09	5.81	5.97	45742	1.21	2115	三维通信	SZ	5.96	1.21	
1724	2007-07-19	12.07	12.22	12.06	12.14	4370	5.76	2116	中国海诚	SZ	12.28	5.83	
1717	2007-07-19	10.39	10.57	10.39	10.57	5125	5.59	2117	东港股份	SZ	10.42	5.51	
1677	2007-07-19	3.48	3.67	3.47	3.55	29639	0.57	2118	紫鑫药业	SZ	3.47	0.56	
1661	2007-07-19	13.62	14.12	13.62	13.94	3582	10.39	2120	新海股份	SZ	13.85	10.33	
1719	2007-07-19	9.16	9.5	8.93	9.38	23292	1.5	2121	科陆电子	SZ	9.03	1.44	
1726	2007-07-19	9.84	10.25	9.75	10.14	78019	1.2	2122	天马股份	SZ	9.84	1.16	
1725	2007-07-19	12.14	12.22	11.89	12.14	10115	1.65	2123	荣信股份	SZ	12.06	1.64	
1724	2007-07-19	7.63	7.87	7.6	7.72	19049	2.35	2124	天邦股份	SZ	7.6	2.31	
1712	2007-07-19	9.39	9.5	9.29	9.4	9076	5.85	2125	湘潭电化	SZ	9.39	5.85	
1720	2007-07-19	6.22	6.27	6.15	6.26	20370	2.25	2126	银轮股份	SZ	6.24	2.25	
1721	2007-07-19	5.08	5.17	4.99	5.07	21934	1.49	2127	新民科技	SZ	5.08	1.49	
1724	2007-07-19	20.73	21.11	20.65	20.88	28216	10.86	2128	露天煤业	SZ	21.01	10.93	
1716	2007-07-19	7.48	7.62	7.47	7.55	13874	3.97	2129	中环股份	SZ	7.47	3.92	
1716	2007-07-19	5.93	6.04	5.88	5.99	20549	0.62	2130	沃尔核材	SZ	5.97	0.62	
1638	2007-07-19	7.58	7.7	7.58	7.62	8301	1.8	2131	利欧股份	SZ	7.65	1.81	
1718	2007-07-19	5.8	5.95	5.8	5.9	8713	1.86	2132	恒星科技	SZ	5.84	1.84	
1719	2007-07-19	7.63	7.72	7.55	7.65	22998	2.79	2133	广宇集团	SZ	7.63	2.78	
1726	2007-07-19	13.12	13.32	13.04	13.24	3523	10.57	2134	天津普林	SZ	13.14	10.49	
1721	2007-07-19	8.07	8.26	8.02	8.13	13384	2.83	2135	东南网架	SZ	8.09	2.82	
1719	2007-07-19	10.72	10.9	10.7	10.8	4145	5.36	2136	安 纳 达	SZ	10.75	5.34	
1721	2007-07-19	13.33	13.92	13.14	13.81	43641	4	2137	实 益 达	SZ	13.33	3.86	
1721	2007-07-19	13.54	13.6	13.24	13.34	8160	5.45	2138	顺络电子	SZ	13.54	5.54	
1718	2007-07-19	9.17	9.25	8.85	9.03	39102	2.28	2139	拓邦股份	SZ	9.22	2.33	
1725	2007-07-19	7.1	7.44	7.1	7.32	68102	0.97	2140	东华科技	SZ	7.23	0.96	
1722	2007-07-19	20.38	23.45	19.49	22.13	1973640	19.81	2142	宁波银行	SZ	-1	-1	
1747	2007-07-19	24.83	25.61	24.83	25.31	3184	20.98	22	深赤湾Ａ	SZ	25.62	21.24	
1725	2007-07-19	10.05	10.3	10	10.1	12376	9.61	23	深天地Ａ	SZ	10.19	9.7	
1747	2007-07-19	38	38	37	37.37	22749	22.87	24	招商地产	SZ	38.33	23.46	
1747	2007-07-19	8.79	9.25	8.61	9.2	30331	9.2	25	特 力Ａ	SZ	8.98	8.98	
1743	2007-07-19	17.21	17.42	16.75	16.92	81087	12.54	27	深圳能源	SZ	17.11	12.68	
1722	2007-07-19	12.28	12.48	12.16	12.17	8532	11.9	28	一致药业	SZ	12.38	12.11	
1718	2007-07-19	6.8	6.8	6.59	6.8	46796	6.8	29	深深房Ａ	SZ	6.75	6.75	
1747	2007-07-19	13.94	14.56	13.84	14.14	190901	6.87	31	中粮地产	SZ	14.09	6.85	
1746	2007-07-19	6.68	6.82	6.64	6.74	16062	5.26	32	深桑达Ａ	SZ	6.75	5.27	
1741	2007-07-19	5.93	6.26	5.88	6.2	63565	6.2	33	新都酒店	SZ	5.96	5.96	
1725	2007-07-19	20.02	20.31	19.85	20.16	13381	4.7	338	潍柴动力	SZ	20.21	4.71	
1542	2007-07-19	4.98	5.16	4.87	4.87	57107	3.14	34	ST深泰	SZ	4.99	3.21	
1738	2007-07-19	3.25	3.45	3.25	3.45	57475	2.74	35	*ST科健	SZ	3.28	2.6	
1748	2007-07-19	6.56	6.78	6.56	6.7	332700	6.7	36	华联控股	SZ	6.48	6.48	
1741	2007-07-19	6.41	6.87	6.3	6.71	51452	6.07	37	深南电Ａ	SZ	6.3	5.7	
1746	2007-07-19	25.8	25.92	25.14	25.39	90713	22.37	39	中集集团	SZ	25.9	22.82	
1684	2007-07-19	6.13	6.44	6.13	6.44	28462	6.44	4	ST国农	SZ	6.13	6.13	
1691	2007-07-19	7.24	7.38	7.17	7.25	62686	7.14	40	深 鸿 基	SZ	7.22	7.11	
1747	2007-07-19	10.04	10.29	10.04	10.16	35671	7.61	400	许继电气	SZ	10.12	7.58	
1745	2007-07-19	13.15	13.15	12.4	12.88	85884	12.56	401	冀东水泥	SZ	13.15	12.83	
