473	2012-07-03	9.44	9.55	9.39	9.46	197964	5.77	000001	深发展Ａ	SZ	9.47	5.78	
473	2012-07-03	8.99	9.23	8.9	9.12	522014	8.46	000002	万 科Ａ	SZ	8.98	8.33	
473	2012-07-03	8.61	8.69	8.41	8.56	11668	8.56	000004	ST国农	SZ	8.58	8.58	
473	2012-07-03	3.6	3.62	3.53	3.54	39393	0.88	000010	S ST华新	SZ	3.59	0.9	
473	2012-07-03	7.42	7.56	7.22	7.46	81901	7.46	000011	深物业A	SZ	7.39	7.39	
473	2012-07-03	9.45	10.38	9.31	9.79	356710	9.76	000014	沙河股份	SZ	9.66	9.64	
473	2012-07-03	3.67	3.76	3.67	3.7	37915	3.68	000016	深康佳Ａ	SZ	3.69	3.67	
473	2012-07-03	3.34	3.5	3.34	3.45	33997	3.45	000017	*ST中华A	SZ	3.34	3.34	
473	2012-07-03	6.04	6.04	5.83	5.95	5527	5.95	000018	ST中冠A	SZ	6.01	6.01	
473	2012-07-03	8.89	8.89	8.68	8.71	14711	8.49	000019	深深宝Ａ	SZ	8.89	8.67	
473	2012-07-03	7.15	7.39	7.01	7.3	56585	7.3	000020	深华发Ａ	SZ	7.16	7.16	
473	2012-07-03	5.43	5.48	5.4	5.41	22325	5.39	000021	长城开发	SZ	5.41	5.39	
473	2012-07-03	10.63	10.93	10.63	10.68	26547	10	000022	深赤湾Ａ	SZ	10.68	10	
473	2012-07-03	6.44	6.6	6.41	6.44	18229	6.39	000023	深天地Ａ	SZ	6.44	6.39	
473	2012-07-03	25.2	25.8	24.69	25.36	85753	25.12	000024	招商地产	SZ	24.99	24.76	
473	2012-07-03	6.47	6.62	6.42	6.51	12405	6.51	000025	特 力Ａ	SZ	6.47	6.47	
473	2012-07-03	10.98	11.38	10.35	11.17	35195	11.03	000026	飞亚达Ａ	SZ	11.07	10.93	
473	2012-07-03	6.65	6.68	6.56	6.62	42731	6.52	000027	深圳能源	SZ	6.66	6.56	
473	2012-07-03	29.8	30.1	28.95	29.52	14373	29.37	000028	一致药业	SZ	29.8	29.65	
473	2012-07-03	3.74	3.83	3.7	3.76	26346	3.76	000029	深深房Ａ	SZ	3.74	3.74	
473	2012-07-03	8.8	8.84	8.58	8.71	13557	8.71	000030	*ST盛润A	SZ	8.88	8.88	
473	2012-07-03	4.53	4.72	4.49	4.66	88033	4.62	000031	中粮地产	SZ	4.54	4.51	
473	2012-07-03	5.89	6.02	5.88	5.94	6730	5.83	000032	深桑达Ａ	SZ	5.9	5.79	
473	2012-07-03	4.59	4.64	4.55	4.6	13364	4.6	000033	新都酒店	SZ	4.59	4.59	
473	2012-07-03	4.56	4.7	4.55	4.64	20615	4.64	000034	ST深泰	SZ	4.61	4.61	
473	2012-07-03	3.92	4.08	3.82	3.97	351036	3.97	000036	华联控股	SZ	3.93	3.93	
473	2012-07-03	4.44	4.46	4.36	4.36	14380	4.36	000037	深南电Ａ	SZ	4.45	4.45	
473	2012-07-03	13.26	13.64	13.26	13.43	71969	13.19	000039	中集集团	SZ	13.25	13.01	
473	2012-07-03	4.5	4.62	4.4	4.53	51233	4.46	000040	深 鸿 基	SZ	4.49	4.42	
473	2012-07-03	2.01	2.03	2	2.02	613693	1.95	000100	TCL 集团	SZ	2.02	1.95	
473	2012-07-03	4.2	4.32	4.18	4.23	16568	4.23	000150	宜华地产	SZ	4.23	4.23	
473	2012-07-03	7.01	7.14	6.96	7.05	7821	7	000151	中成股份	SZ	7.01	6.96	
473	2012-07-03	6.88	6.88	6.76	6.85	12233	6.78	000153	丰原药业	SZ	6.85	6.78	
473	2012-07-03	3.99	4.02	3.88	3.93	20282	3.93	000155	川化股份	SZ	3.89	3.89	
473	2012-07-03	10.18	10.24	9.77	9.85	643003	9.29	000157	中联重科	SZ	10.18	9.6	
473	2012-07-03	3.8	3.84	3.75	3.8	19547	3.8	000158	常山股份	SZ	3.8	3.8	
473	2012-07-03	7.96	8.05	7.92	7.96	15852	7.79	000159	国际实业	SZ	7.96	7.79	
473	2012-07-03	2.98	3.04	2.97	3	31547	2.93	000301	东方市场	SZ	2.98	2.91	
473	2012-07-03	24.85	24.98	24	24.08	114602	19.58	000338	潍柴动力	SZ	24.74	20.12	
473	2012-07-03	12.16	12.35	11.77	11.92	56035	9.14	000400	许继电气	SZ	12.15	9.32	
473	2012-07-03	13.95	14.31	13.83	14	98349	13.85	000401	冀东水泥	SZ	13.88	13.73	
473	2012-07-03	6.58	6.8	6.54	6.68	291477	6.53	000402	金 融 街	SZ	6.57	6.42	
473	2012-07-03	5.91	5.96	5.8	5.84	28988	5.78	001696	宗申动力	SZ	5.91	5.85	
473	2012-07-03	5.33	5.34	5.11	5.17	37777	5.17	001896	*ST豫能	SZ	5.3	5.3	
473	2012-07-03	21.27	21.77	20.8	20.98	47018	20.45	002001	新 和 成	SZ	21.27	20.73	
473	2012-07-03	8.74	8.84	8.59	8.67	12649	8.67	002002	ST琼花	SZ	8.67	8.67	
473	2012-07-03	13.23	13.34	12.96	13.23	25115	9.1	002003	伟星股份	SZ	13.26	9.12	
473	2012-07-03	15.01	15.3	14.75	15.03	63515	9.82	002004	华邦制药	SZ	15.05	9.83	
473	2012-07-03	7.71	7.78	7.53	7.68	58098	7.68	002005	德豪润达	SZ	7.77	7.77	
473	2012-07-03	10.5	10.65	10.33	10.51	43375	10.51	002006	精功科技	SZ	10.53	10.53	
473	2012-07-03	25.14	25.65	24.82	24.96	86733	24.76	002007	华兰生物	SZ	25.14	24.94	
473	2012-07-03	6.39	6.51	6.35	6.47	99718	6.39	002008	大族激光	SZ	6.35	6.27	
473	2012-07-03	7.65	7.85	7.6	7.85	21885	7.85	002009	天奇股份	SZ	7.64	7.64	
473	2012-07-03	7.54	7.74	7.48	7.68	39737	7.59	002010	传化股份	SZ	7.55	7.47	
473	2012-07-03	10.77	11.8	10.7	11.39	192577	11.39	002011	盾安环境	SZ	10.77	10.77	
473	2012-07-03	4.93	4.94	4.86	4.87	46637	2.42	002012	凯恩股份	SZ	4.93	2.45	
473	2012-07-03	12.11	12.12	11.9	12	26203	11.96	002013	中航精机	SZ	12.12	12.08	
473	2012-07-03	10	10.41	9.95	10.27	24142	6.45	002014	永新股份	SZ	10.04	6.31	
473	2012-07-03	7.84	7.88	7.68	7.79	15981	7.79	002015	霞客环保	SZ	7.84	7.84	
473	2012-07-03	5.89	6.16	5.86	5.99	87641	4.2	002016	世荣兆业	SZ	5.93	4.16	
473	2012-07-03	11.27	11.43	11.21	11.27	12306	11.22	002017	东信和平	SZ	11.27	11.22	
473	2012-07-03	3.26	3.29	3.23	3.26	15903	2.21	002018	华星化工	SZ	3.26	2.21	
473	2012-07-03	7.22	7.35	7.13	7.21	46395	7.21	002019	鑫富药业	SZ	7.14	7.14	
473	2012-07-03	7.11	7.25	7.01	7.07	55258	3.41	002020	京新药业	SZ	7.11	3.43	
473	2012-07-03	4.45	4.48	4.32	4.38	117237	4.36	002021	中捷股份	SZ	4.46	4.44	
473	2012-07-03	11	11.1	10.81	10.89	71053	10.56	002022	科华生物	SZ	11	10.67	
473	2012-07-03	8.89	9.2	8.83	9.05	38773	8.99	002023	海特高新	SZ	8.92	8.86	
473	2012-07-03	8.58	8.81	8.49	8.65	363111	8.59	002024	苏宁电器	SZ	8.58	8.52	
473	2012-07-03	14.5	14.64	14.29	14.59	51184	14.41	002025	航天电器	SZ	14.6	14.42	
473	2012-07-03	6.38	6.6	6.37	6.6	13791	5.01	002026	山东威达	SZ	6.45	4.89	
473	2012-07-03	4.05	4.11	4.02	4.06	6664	4.06	002027	七喜控股	SZ	4.05	4.05	
473	2012-07-03	11.02	11.2	11.02	11.1	12801	11.05	002028	思源电气	SZ	11.1	11.05	
473	2012-07-03	18.76	19.58	18.76	19.11	50486	12.62	002029	七 匹 狼	SZ	18.73	12.37	
473	2012-07-03	7.06	7.15	6.91	6.95	60345	6.32	002030	达安基因	SZ	7.06	6.42	
473	2012-07-03	5.89	5.94	5.84	5.87	5671	5.79	002031	巨轮股份	SZ	5.86	5.78	
473	2012-07-03	12.83	12.93	12.56	12.84	5122	12.55	002032	苏 泊 尔	SZ	12.63	12.35	
473	2012-07-03	16.7	17.54	16.7	16.92	56807	12.77	002033	丽江旅游	SZ	16.57	12.51	
473	2012-07-03	12	12.28	11.92	11.97	13322	11.69	002034	美 欣 达	SZ	12.16	11.87	
473	2012-07-03	8.93	9.13	8.93	9.06	8470	7.33	002035	华帝股份	SZ	8.99	7.27	
473	2012-07-03	15.72	16.1	15.68	15.76	12064	15.6	002036	宜科科技	SZ	15.82	15.66	
473	2012-07-03	14.03	14.45	14.03	14.31	19354	8.82	002037	久联发展	SZ	14.04	8.65	
473	2012-07-03	27.29	27.67	26.57	26.81	34098	22.1	002038	双鹭药业	SZ	27.27	22.49	
473	2012-07-03	15.5	15.67	15.43	15.62	14205	15.49	002039	黔源电力	SZ	15.5	15.37	
473	2012-07-03	5.38	5.47	5.38	5.43	3944	5.4	002040	南 京 港	SZ	5.39	5.36	
473	2012-07-03	21.38	21.68	21.21	21.29	27256	21.21	002041	登海种业	SZ	21.34	21.26	
473	2012-07-03	4.71	4.74	4.6	4.66	29029	4.64	002042	华孚色纺	SZ	4.7	4.68	
473	2012-07-03	3.58	3.64	3.53	3.59	9827	3.57	002043	兔 宝 宝	SZ	3.61	3.59	
473	2012-07-03	8.64	8.73	8.51	8.62	9857	8.39	002044	江苏三友	SZ	8.63	8.4	
473	2012-07-03	4.56	4.62	4.51	4.59	41817	4.46	002045	广州国光	SZ	4.56	4.43	
473	2012-07-03	7.88	7.97	7.78	7.81	13761	7.76	002046	轴研科技	SZ	7.86	7.81	
473	2012-07-03	3	3.03	2.97	2.99	19963	2.99	002047	成霖股份	SZ	3	3	
473	2012-07-03	7.09	7.13	7	7.04	31416	7	002048	宁波华翔	SZ	7.09	7.05	
473	2012-07-03	10.88	11.04	10.8	11.04	9666	10.96	002050	三花股份	SZ	10.91	10.83	
473	2012-07-03	26.94	27.13	26.67	26.7	6191	26.45	002051	中工国际	SZ	26.94	26.69	
473	2012-07-03	4.9	4.95	4.82	4.87	41664	2.41	002052	同洲电子	SZ	4.89	2.42	
473	2012-07-03	8.67	8.85	8.65	8.82	5173	8.82	002053	云南盐化	SZ	8.71	8.71	
473	2012-07-03	7.22	7.36	7.22	7.27	4467	7.15	002054	德美化工	SZ	7.27	7.15	
473	2012-07-03	6.97	7.24	6.93	7.11	54227	7.08	002055	得润电子	SZ	6.98	6.95	
473	2012-07-03	16.28	16.48	16.1	16.19	22542	16.19	002056	横店东磁	SZ	16.2	16.2	
473	2012-07-03	15.03	15.13	14.83	14.88	5903	14.88	002057	中钢天源	SZ	15.01	15.01	
473	2012-07-03	6.09	6.22	6.09	6.15	4706	5.31	002058	威 尔 泰	SZ	6.13	5.3	
473	2012-07-03	9.62	9.97	9.62	9.77	12672	9.72	002059	云南旅游	SZ	9.6	9.55	
473	2012-07-03	5.17	5.22	5.14	5.17	20863	4.29	002060	粤 水 电	SZ	5.17	4.29	
473	2012-07-03	5.77	5.89	5.67	5.77	47225	3.79	002061	江山化工	SZ	5.72	3.76	
473	2012-07-03	4.76	4.78	4.69	4.73	20221	3.29	002062	宏润建设	SZ	4.74	3.29	
473	2012-07-03	14.98	15.47	14.8	14.93	105417	14.75	002063	远光软件	SZ	14.92	14.74	
473	2012-07-03	5.4	5.49	5.37	5.4	19177	5.33	002064	华峰氨纶	SZ	5.39	5.32	
473	2012-07-03	17.15	18.38	17.15	17.69	108892	13.35	002065	东华软件	SZ	17.14	12.93	
473	2012-07-03	5.96	6	5.89	5.96	7910	5.9	002066	瑞泰科技	SZ	5.95	5.89	
473	2012-07-03	2.85	3.08	2.84	2.94	333839	1.47	002067	景兴纸业	SZ	2.8	1.4	
473	2012-07-03	7.07	7.28	7.02	7.19	97031	7.04	002068	黑猫股份	SZ	7.09	6.94	
473	2012-07-03	21.6	21.75	21.4	21.49	35779	20.99	002069	獐 子 岛	SZ	21.62	21.12	
473	2012-07-03	4.19	4.26	4.11	4.12	21059	3.17	002070	众和股份	SZ	4.19	3.22	
473	2012-07-03	6.43	6.52	6.34	6.37	10961	6.34	002071	江苏宏宝	SZ	6.44	6.41	
473	2012-07-03	6.46	6.46	6.28	6.37	9241	6.37	002072	*ST德棉	SZ	6.3	6.3	
473	2012-07-03	8.36	8.55	8.27	8.4	155506	8.38	002073	软控股份	SZ	8.36	8.34	
473	2012-07-03	6.6	6.67	6.57	6.62	23780	6.5	002074	东源电器	SZ	6.58	6.46	
473	2012-07-03	7.61	7.76	7.45	7.5	32353	7.33	002076	雪 莱 特	SZ	7.61	7.44	
473	2012-07-03	6.28	6.38	6.25	6.3	10880	6.22	002077	大港股份	SZ	6.29	6.22	
473	2012-07-03	5.95	6.04	5.85	5.91	20692	5.7	002078	太阳纸业	SZ	5.92	5.71	
473	2012-07-03	5.89	6.07	5.77	6.04	76485	6.02	002079	苏州固锝	SZ	5.93	5.92	
473	2012-07-03	10.26	10.35	10.21	10.32	16521	10.16	002080	中材科技	SZ	10.24	10.08	
473	2012-07-03	26.06	26.07	25.74	25.99	40218	17.23	002081	金 螳 螂	SZ	25.87	17.15	
473	2012-07-03	7.87	7.95	7.81	7.88	7248	7.78	002082	栋梁新材	SZ	7.86	7.76	
473	2012-07-03	4.52	4.55	4.45	4.48	25799	4.42	002083	孚日股份	SZ	4.51	4.45	
473	2012-07-03	4.85	4.95	4.72	4.87	32683	4.37	002084	海鸥卫浴	SZ	4.81	4.31	
473	2012-07-03	9.27	9.47	9.25	9.4	9464	8.7	002085	万丰奥威	SZ	9.33	8.64	
473	2012-07-03	11.88	12.1	11.82	11.88	30659	11.88	002086	东方海洋	SZ	11.87	11.87	
473	2012-07-03	3.58	3.63	3.55	3.58	27247	3.58	002087	新野纺织	SZ	3.57	3.57	
473	2012-07-03	9.21	9.6	9.18	9.48	11609	9.36	002088	鲁阳股份	SZ	9.22	9.1	
473	2012-07-03	7.52	7.64	7.45	7.53	22742	7.44	002089	新 海 宜	SZ	7.51	7.42	
473	2012-07-03	8.2	8.28	8.11	8.15	5447	8.06	002090	金智科技	SZ	8.2	8.11	
473	2012-07-03	10.47	10.49	10.13	10.21	44059	10.11	002091	江苏国泰	SZ	10.39	10.29	
473	2012-07-03	7.74	7.84	7.67	7.75	44291	7.49	002092	中泰化学	SZ	7.71	7.45	
473	2012-07-03	5.39	5.46	5.36	5.39	27727	5.38	002093	国脉科技	SZ	5.39	5.38	
473	2012-07-03	8.25	8.27	8.13	8.22	26117	8.22	002094	青岛金王	SZ	8.2	8.2	
473	2012-07-03	12.14	12.45	12.04	12.19	5360	12.14	002095	生 意 宝	SZ	12.14	12.09	
473	2012-07-03	12.92	13.91	12.73	13.54	45667	13.49	002096	南岭民爆	SZ	12.92	12.87	
473	2012-07-03	8.64	8.7	8.32	8.42	59412	8.38	002097	山河智能	SZ	8.63	8.59	
473	2012-07-03	7.22	7.26	7.13	7.22	3518	7.12	002098	浔兴股份	SZ	7.2	7.1	
473	2012-07-03	11.18	11.59	11.04	11.23	168881	11.23	002099	海翔药业	SZ	11.23	11.23	
473	2012-07-03	7.48	7.79	7.44	7.7	63385	5.89	002100	天康生物	SZ	7.45	5.7	
473	2012-07-03	9.97	10.23	9.77	10.06	13396	9.85	002101	广东鸿图	SZ	9.86	9.65	
473	2012-07-03	3.53	3.59	3.5	3.53	51230	3.53	002102	冠福家用	SZ	3.53	3.53	
473	2012-07-03	5.7	5.8	5.66	5.69	4241	5.64	002103	广博股份	SZ	5.77	5.63	
473	2012-07-03	9.32	9.57	9.26	9.41	62450	9.3	002104	恒宝股份	SZ	9.34	9.24	
473	2012-07-03	4.43	4.48	4.4	4.46	7540	4.38	002105	信隆实业	SZ	4.46	4.38	
473	2012-07-03	20.14	20.3	19.7	19.82	188625	19.69	002106	莱宝高科	SZ	20.33	20.2	
473	2012-07-03	10.86	11.1	10.61	10.8	26978	10.8	002107	沃华医药	SZ	10.92	10.92	
473	2012-07-03	8.18	8.52	8.18	8.45	31331	8.31	002108	沧州明珠	SZ	8.23	8.09	
473	2012-07-03	7.81	7.91	7.78	7.8	54132	7.69	002109	兴化股份	SZ	7.83	7.72	
473	2012-07-03	5.94	5.99	5.9	5.94	4416	5.94	002110	三钢闽光	SZ	5.92	5.92	
473	2012-07-03	8.63	8.8	8.57	8.59	18875	8.45	002111	威海广泰	SZ	8.63	8.49	
473	2012-07-03	3.98	4.02	3.92	3.94	14427	2.18	002112	三变科技	SZ	3.97	2.2	
473	2012-07-03	8.04	8.05	7.89	8.05	2124	8.05	002113	ST天润	SZ	7.98	7.98	
473	2012-07-03	7.8	8.16	7.78	8.16	50951	8.16	002114	罗平锌电	SZ	7.77	7.77	
473	2012-07-03	6.4	6.48	6.35	6.38	13062	5.25	002115	三维通信	SZ	6.4	5.26	
473	2012-07-03	12.22	12.54	12.22	12.25	5835	12.03	002116	中国海诚	SZ	12.25	12.03	
473	2012-07-03	5.26	5.33	5.24	5.27	13910	3.51	002117	东港股份	SZ	5.29	3.52	
473	2012-07-03	9.4	9.64	9.29	9.35	65543	9.35	002118	紫鑫药业	SZ	9.4	9.4	
473	2012-07-03	7.32	7.5	7.32	7.45	5740	7.4	002119	康强电子	SZ	7.48	7.43	
473	2012-07-03	9.36	9.71	9.32	9.67	28497	9.56	002120	新海股份	SZ	9.38	9.27	
473	2012-07-03	8.81	8.9	8.75	8.81	14321	8.75	002121	科陆电子	SZ	8.83	8.77	
473	2012-07-03	6.47	6.53	6.34	6.39	32886	6.28	002122	天马股份	SZ	6.45	6.34	
473	2012-07-03	11.5	11.66	11.42	11.51	64268	11.51	002123	荣信股份	SZ	11.55	11.55	
473	2012-07-03	7.02	7.13	6.96	7.02	23609	6.94	002124	天邦股份	SZ	7.02	6.94	
473	2012-07-03	9.3	9.66	9.22	9.66	44549	9.66	002125	湘潭电化	SZ	9.34	9.34	
473	2012-07-03	6.15	6.26	6.15	6.18	8989	6.15	002126	银轮股份	SZ	6.21	6.18	
473	2012-07-03	4.68	4.68	4.35	4.47	82326	4.45	002127	新民科技	SZ	4.7	4.68	
473	2012-07-03	13.25	13.55	13.08	13.46	42488	12.83	002128	露天煤业	SZ	13.23	12.61	
473	2012-07-03	12.95	13.25	12.8	12.95	14593	12.94	002129	中环股份	SZ	12.95	12.94	
473	2012-07-03	8.27	8.41	8.16	8.35	70145	6.36	002130	沃尔核材	SZ	8.34	6.35	
473	2012-07-03	11.62	11.77	11.52	11.6	12690	11.54	002131	利欧股份	SZ	11.61	11.55	
473	2012-07-03	5.5	5.61	5.34	5.38	63884	5.32	002132	恒星科技	SZ	5.56	5.5	
473	2012-07-03	4.78	5.1	4.76	4.98	120750	4.8	002133	广宇集团	SZ	4.79	4.61	
473	2012-07-03	6.1	6.17	6.04	6.15	13885	6.15	002134	天津普林	SZ	6.12	6.12	
473	2012-07-03	5.68	5.87	5.63	5.65	23082	5.63	002135	东南网架	SZ	5.66	5.64	
473	2012-07-03	11.5	11.58	11.35	11.39	29088	11.39	002136	安 纳 达	SZ	11.49	11.49	
473	2012-07-03	5.07	5.07	4.96	4.99	21405	3.68	002137	实 益 达	SZ	5.04	3.72	
473	2012-07-03	11.36	11.46	11.29	11.29	23949	11.17	002138	顺络电子	SZ	11.46	11.34	
473	2012-07-03	6.42	6.56	6.4	6.48	12407	6.36	002139	拓邦股份	SZ	6.46	6.34	
473	2012-07-03	20.01	20.42	19.77	19.82	9566	19.79	002140	东华科技	SZ	20.01	19.98	
473	2012-07-03	5.5	5.56	5.48	5.53	9967	5.53	002141	蓉胜超微	SZ	5.5	5.5	
473	2012-07-03	10.05	10.25	9.98	10.02	214267	9.77	002142	宁波银行	SZ	10.05	9.8	
473	2012-07-03	6.37	6.53	6.3	6.46	7566	6.46	002143	高金食品	SZ	6.39	6.39	
473	2012-07-03	13.98	14.5	13.91	14.23	36836	14.12	002144	宏达高科	SZ	13.85	13.75	
473	2012-07-03	11.15	11.53	11.08	11.35	101412	11.26	002146	荣盛发展	SZ	11.14	11.05	
473	2012-07-03	7.15	7.24	7.11	7.17	9281	7.05	002147	方圆支承	SZ	7.15	7.03	
473	2012-07-03	8.12	8.45	8.08	8.33	68694	4.11	002148	北纬通信	SZ	8.14	4.01	
473	2012-07-03	12	12.23	11.94	12.16	6830	12.11	002149	西部材料	SZ	12.06	12.01	
473	2012-07-03	6.01	6.17	5.97	6.07	9929	5.95	002150	江苏通润	SZ	6.01	5.89	
473	2012-07-03	17.3	17.85	17.22	17.66	34168	17.64	002151	北斗星通	SZ	17.19	17.17	
473	2012-07-03	13.94	13.94	13.66	13.71	37017	11.19	002152	广电运通	SZ	13.87	11.32	
473	2012-07-03	25.62	25.98	25.56	25.77	2512	25.67	002153	石基信息	SZ	25.7	25.6	
473	2012-07-03	14.18	14.4	14.1	14.3	40089	13.82	002154	报 喜 鸟	SZ	14.05	13.58	
473	2012-07-03	15.04	15.27	14.86	14.91	120156	11.38	002155	辰州矿业	SZ	15	11.45	
473	2012-07-03	4.59	4.65	4.51	4.54	25429	4.51	002156	通富微电	SZ	4.58	4.55	
473	2012-07-03	10.76	10.92	10.58	10.7	51902	10.63	002157	正邦科技	SZ	10.8	10.73	
473	2012-07-03	8.94	9.12	8.91	9	6984	8.04	002158	汉钟精机	SZ	9	8.04	
473	2012-07-03	14.06	14.46	14.05	14.23	7086	14.15	002159	三特索道	SZ	14.1	14.02	
473	2012-07-03	7.82	7.92	7.75	7.92	35424	7.88	002161	远 望 谷	SZ	7.82	7.78	
473	2012-07-03	7.48	7.56	7.41	7.48	42141	7.48	002162	斯 米 克	SZ	7.5	7.5	
473	2012-07-03	4.23	4.23	4.17	4.2	24470	4.2	002163	中航三鑫	SZ	4.23	4.23	
473	2012-07-03	5.18	5.36	5.13	5.21	48274	5.18	002164	东力传动	SZ	5.23	5.2	
473	2012-07-03	5.1	5.24	5.1	5.16	33503	5.09	002165	红 宝 丽	SZ	5.09	5.02	
473	2012-07-03	15.05	15.38	15.02	15.2	20558	15.2	002166	莱茵生物	SZ	15.16	15.16	
473	2012-07-03	19.04	19.08	18.8	18.9	34672	18.9	002167	东方锆业	SZ	19.03	19.03	
473	2012-07-03	9.34	9.39	9.18	9.24	31214	9.18	002168	深圳惠程	SZ	9.33	9.27	
473	2012-07-03	5.78	6.03	5.69	5.94	45594	5.94	002169	智光电气	SZ	5.8	5.8	
473	2012-07-03	4.71	4.82	4.71	4.8	59666	2.58	002170	芭田股份	SZ	4.72	2.54	
473	2012-07-03	10.48	10.65	10.45	10.48	11215	10.48	002171	精诚铜业	SZ	10.55	10.55	
472	2012-07-03	4.39	4.48	4.36	4.44	33610	4.44	002172	澳洋科技	SZ	4.39	4.39	
473	2012-07-03	8.58	9.3	8.53	9.04	101487	8.99	002173	山 下 湖	SZ	8.56	8.51	
473	2012-07-03	16.69	17.01	16.69	16.92	6600	16.91	002174	梅 花 伞	SZ	16.89	16.88	
473	2012-07-03	9.52	9.78	9.52	9.63	4391	9.63	002175	广陆数测	SZ	9.53	9.53	
473	2012-07-03	12.68	12.88	12.3	12.4	170339	12.39	002176	江特电机	SZ	12.69	12.68	
473	2012-07-03	5	5.06	4.95	5	84941	3.84	002177	御银股份	SZ	5.02	3.86	
473	2012-07-03	8.97	9.07	8.88	8.94	9382	8.91	002178	延华智能	SZ	8.96	8.93	
473	2012-07-03	14.38	14.57	14.31	14.53	10816	14.43	002179	中航光电	SZ	14.46	14.37	
473	2012-07-03	16.14	16.49	15.62	15.98	78257	15.91	002180	万 力 达	SZ	16.43	16.36	
473	2012-07-03	9.3	9.53	9.27	9.4	16676	9.31	002181	粤 传 媒	SZ	9.33	9.24	
473	2012-07-03	9.36	9.48	9.25	9.32	24222	9.22	002182	云海金属	SZ	9.4	9.29	
473	2012-07-03	6.1	6.13	6.02	6.05	43067	6.01	002183	怡 亚 通	SZ	6.14	6.1	
473	2012-07-03	6.34	6.37	6.25	6.31	7286	6.2	002184	海得控制	SZ	6.33	6.22	
473	2012-07-03	5.44	5.46	5.38	5.42	39670	3.31	002185	华天科技	SZ	5.43	3.32	
473	2012-07-03	15.99	16.25	15.86	15.94	22416	7.76	002186	全 聚 德	SZ	15.99	7.79	
473	2012-07-03	9.46	9.53	9.41	9.46	7640	9.23	002187	广百股份	SZ	9.44	9.21	
473	2012-07-03	8.92	9.14	8.77	8.8	25218	8.8	002188	新 嘉 联	SZ	9.05	9.05	
473	2012-07-03	8.38	8.75	8.27	8.71	28062	8.69	002189	利达光电	SZ	8.39	8.37	
473	2012-07-03	15.25	15.25	14.72	15.07	7831	14.99	002190	成飞集成	SZ	15.12	15.04	
473	2012-07-03	9.91	9.99	9.83	9.96	22166	9.77	002191	劲嘉股份	SZ	9.95	9.76	
473	2012-07-03	21.89	21.89	19.57	19.85	73772	19.85	002192	路翔股份	SZ	20.56	20.56	
473	2012-07-03	10.14	10.2	9.88	10	35762	10	002193	山东如意	SZ	10.14	10.14	
473	2012-07-03	6.81	6.9	6.75	6.8	12950	6.67	002194	武汉凡谷	SZ	6.81	6.68	
472	2012-07-03	16.2	16.52	16.16	16.41	11617	16.25	002195	海隆软件	SZ	16.2	16.04	
472	2012-07-03	11.85	12.03	11.73	11.85	5072	11.61	002196	方正电机	SZ	11.8	11.56	
473	2012-07-03	9.33	9.39	9.1	9.17	10834	9.02	002197	证通电子	SZ	9.23	9.08	
472	2012-07-03	4.75	4.98	4.75	4.91	30336	2.42	002198	嘉应制药	SZ	4.75	2.34	
472	2012-07-03	6.73	6.86	6.7	6.75	6340	6.75	002199	东晶电子	SZ	6.74	6.74	
472	2012-07-03	11.02	11.18	11	11.08	9197	11.08	002200	绿 大 地	SZ	11.03	11.03	
472	2012-07-03	6.78	6.88	6.71	6.84	7026	6.83	002201	九鼎新材	SZ	6.79	6.78	
472	2012-07-03	6.7	6.81	6.61	6.77	173190	6.66	002202	金风科技	SZ	6.73	6.62	
472	2012-07-03	8.39	8.76	8.35	8.58	43147	8.47	002203	海亮股份	SZ	8.36	8.25	
472	2012-07-03	10.67	10.8	10.54	10.55	6169	6.96	002204	华锐铸钢	SZ	10.62	7.01	
472	2012-07-03	13.98	13.98	13.66	13.76	14321	13.71	002205	国统股份	SZ	13.79	13.74	
472	2012-07-03	6.76	6.87	6.68	6.83	18705	6.46	002206	海 利 得	SZ	6.77	6.41	
472	2012-07-03	16.2	16.5	15.58	15.6	31599	15.53	002207	准油股份	SZ	16.14	16.07	
472	2012-07-03	6.17	6.45	6.12	6.39	43387	6.17	002208	合肥城建	SZ	6.17	5.96	
472	2012-07-03	7.84	7.94	7.81	7.85	5888	7.82	002209	达 意 隆	SZ	7.9	7.87	
472	2012-07-03	5.66	5.72	5.56	5.59	18510	5.56	002210	飞马国际	SZ	5.68	5.65	
472	2012-07-03	6.27	6.3	6.16	6.19	48552	6.19	002211	宏达新材	SZ	6.27	6.27	
472	2012-07-03	5.21	5.26	5.15	5.16	12430	5.04	002212	南洋股份	SZ	5.21	5.08	
472	2012-07-03	7.58	7.72	7.58	7.65	4765	7.6	002213	特 尔 佳	SZ	7.68	7.63	
472	2012-07-03	9.6	10.35	9.6	9.69	47902	4.73	002214	大立科技	SZ	9.47	4.62	
472	2012-07-03	5.22	5.26	5.18	5.19	39912	3.42	002215	诺 普 信	SZ	5.22	3.44	
472	2012-07-03	12.89	13.2	12.89	13.11	15198	6.47	002216	三全食品	SZ	13.02	6.43	
472	2012-07-03	5.05	5.09	5	5.04	12001	5.04	002217	联合化工	SZ	5.06	5.06	
473	2012-07-03	8.37	8.43	8.17	8.42	53880	8.42	002218	拓日新能	SZ	8.38	8.38	
473	2012-07-03	9.76	9.98	9.69	9.84	26127	7.02	002219	独 一 味	SZ	9.76	6.96	
473	2012-07-03	8.16	8.24	8.1	8.16	6873	8.06	002220	天宝股份	SZ	8.16	8.06	
473	2012-07-03	4.6	4.6	4.6	4.6	17997	2.29	002221	东华能源	SZ	4.18	2.08	
473	2012-07-03	6.9	6.93	6.74	6.82	25598	6.73	002222	福晶科技	SZ	6.9	6.81	
473	2012-07-03	14.96	15.66	14.87	15.66	49293	15.59	002223	鱼跃医疗	SZ	14.91	14.84	
473	2012-07-03	5.47	5.6	5.43	5.57	13372	3.67	002224	三 力 士	SZ	5.43	3.58	
473	2012-07-03	7.93	7.97	7.78	7.84	33966	7.79	002225	濮耐股份	SZ	7.93	7.88	
473	2012-07-03	13.09	13.58	13.09	13.43	24673	13.11	002226	江南化工	SZ	13.21	12.9	
473	2012-07-03	19.82	19.95	19.65	19.8	2253	19.72	002227	奥 特 迅	SZ	19.78	19.7	
473	2012-07-03	5.16	5.26	5.16	5.21	6300	5.13	002228	合兴包装	SZ	5.19	5.11	
473	2012-07-03	6.43	6.49	6.36	6.37	16806	6.32	002229	鸿博股份	SZ	6.41	6.36	
473	2012-07-03	20.55	22.17	20.54	22.17	177425	12.93	002230	科大讯飞	SZ	20.15	11.75	
473	2012-07-03	8.58	9.29	8.58	8.93	85176	8.93	002231	奥维通信	SZ	8.58	8.58	
473	2012-07-03	7.64	7.68	7.54	7.54	12480	7.53	002232	启明信息	SZ	7.62	7.61	
473	2012-07-03	9.25	9.36	9.18	9.24	59255	9.15	002233	塔牌集团	SZ	9.25	9.16	
473	2012-07-03	11.47	11.54	11.3	11.46	14546	11.46	002234	民和股份	SZ	11.49	11.49	
473	2012-07-03	8.75	8.82	8.66	8.79	5646	8.52	002235	安妮股份	SZ	8.75	8.48	
473	2012-07-03	16.1	16.78	15.88	16.55	81396	8.24	002236	大华股份	SZ	16.08	8.01	
473	2012-07-03	19.12	19.59	19	19.44	24413	19.44	002237	恒邦股份	SZ	19.1	19.1	
473	2012-07-03	14.21	14.55	14.11	14.39	12356	14.29	002238	天威视讯	SZ	14.29	14.19	
473	2012-07-03	8.22	8.84	8.08	8.6	64619	8.59	002239	金 飞 达	SZ	8.2	8.19	
472	2012-07-03	4.48	4.5	4.34	4.39	39241	4.39	002240	威华股份	SZ	4.47	4.47	
473	2012-07-03	20.67	21	20.41	20.56	38660	11.28	002241	歌尔声学	SZ	20.78	11.4	
473	2012-07-03	7.3	7.37	7.3	7.36	15192	6.6	002242	九阳股份	SZ	7.32	6.57	
473	2012-07-03	8.39	8.48	8.24	8.28	12632	8.25	002243	通产丽星	SZ	8.45	8.42	
473	2012-07-03	9.1	9.46	9.06	9.26	52474	9.18	002244	滨江集团	SZ	9.1	9.02	
473	2012-07-03	6.97	7.08	6.93	6.96	23845	6.87	002245	澳洋顺昌	SZ	7	6.91	
473	2012-07-03	8.75	8.76	8.61	8.68	4993	8.65	002246	北化股份	SZ	8.7	8.67	
473	2012-07-03	8.77	9.58	8.67	9.16	27286	9.16	002248	华东数控	SZ	8.74	8.74	
473	2012-07-03	9.41	9.5	9.13	9.27	33275	9.15	002249	大洋电机	SZ	9.32	9.2	
473	2012-07-03	18.19	18.61	17.91	18.23	26908	18.16	002250	联化科技	SZ	18.24	18.17	
473	2012-07-03	13.7	14.16	13.68	13.96	56650	7.28	002251	步 步 高	SZ	13.68	7.13	
473	2012-07-03	13.55	13.76	13.44	13.68	17372	13.63	002252	上海莱士	SZ	13.55	13.5	
473	2012-07-03	14.02	14.24	13.81	13.98	9976	13.84	002253	川大智胜	SZ	14.01	13.87	
473	2012-07-03	8.81	8.92	8.71	8.77	35368	6.57	002254	烟台氨纶	SZ	8.85	6.63	
473	2012-07-03	13.52	13.56	13.4	13.53	11394	13.46	002255	海陆重工	SZ	13.4	13.34	
473	2012-07-03	5.89	5.93	5.73	5.81	43420	5.79	002256	彩虹精化	SZ	5.81	5.79	
473	2012-07-03	10.86	11.03	10.76	10.94	17432	10.86	002258	利尔化学	SZ	10.92	10.84	
473	2012-07-03	3.44	3.44	3.31	3.34	150017	3.34	002259	升达林业	SZ	3.45	3.45	
473	2012-07-03	6.59	6.65	6.06	6.27	138454	6.2	002260	伊 立 浦	SZ	6.73	6.65	
473	2012-07-03	11.22	11.55	11.18	11.43	32676	11.41	002261	拓维信息	SZ	11.29	11.27	
473	2012-07-03	19.04	19.4	18.98	19.12	17509	15.25	002262	恩华药业	SZ	19.04	15.19	
473	2012-07-03	5.27	5.28	5.14	5.18	24070	4.32	002263	大 东 南	SZ	5.23	4.36	
473	2012-07-03	7.45	7.64	7.36	7.57	42367	7.51	002264	新 华 都	SZ	7.42	7.36	
473	2012-07-03	6.34	6.42	6.32	6.35	3744	6.35	002265	西仪股份	SZ	6.36	6.36	
473	2012-07-03	3.72	3.78	3.71	3.74	48347	1.85	002266	浙富股份	SZ	3.73	1.85	
473	2012-07-03	8.9	8.98	8.77	8.94	36879	4.28	002267	陕天然气	SZ	8.9	4.26	
473	2012-07-03	11.61	11.82	11.61	11.67	12667	11.66	002268	卫 士 通	SZ	11.57	11.56	
473	2012-07-03	24.02	24.02	22.93	22.96	25154	21.81	002269	美邦服饰	SZ	23.91	22.71	
473	2012-07-03	6.19	6.43	6.11	6.34	28798	6.26	002270	法因数控	SZ	6.16	6.08	
473	2012-07-03	12.75	12.95	12.54	12.8	23332	12.5	002271	东方雨虹	SZ	12.73	12.43	
473	2012-07-03	8.55	8.6	8.36	8.44	143941	8.42	002272	川润股份	SZ	8.62	8.6	
473	2012-07-03	12.49	12.65	12.37	12.43	37548	8.23	002273	水晶光电	SZ	12.6	8.34	
473	2012-07-03	7.78	7.96	7.75	7.88	12804	7.83	002274	华昌化工	SZ	7.78	7.73	
473	2012-07-03	14.12	14.33	13.71	13.97	18454	13.13	002275	桂林三金	SZ	14.2	13.34	
473	2012-07-03	5.29	5.34	5.22	5.28	28027	5.23	002276	万马电缆	SZ	5.28	5.23	
473	2012-07-03	9.96	10.28	9.9	10.28	111538	6.36	002277	友阿股份	SZ	9.96	6.16	
473	2012-07-03	10.87	11.64	10.87	11.31	114882	10.16	002278	神开股份	SZ	10.83	9.73	
473	2012-07-03	9.62	9.75	9.35	9.4	53368	9.22	002279	久其软件	SZ	9.62	9.44	
473	2012-07-03	12.1	12.2	11.96	12.06	3567	11.61	002280	新世纪	SZ	12.08	11.63	
473	2012-07-03	22.44	23	22.24	23	13093	22.79	002281	光迅科技	SZ	22.38	22.18	
473	2012-07-03	9.08	9.14	8.98	8.98	6761	8.92	002282	博深工具	SZ	9.03	8.97	
473	2012-07-03	8.24	8.32	8.17	8.2	17640	8.14	002283	天润曲轴	SZ	8.24	8.18	
473	2012-07-03	6.71	6.8	6.67	6.75	7854	6.68	002284	亚太股份	SZ	6.73	6.66	
473	2012-07-03	11.54	11.73	11.11	11.44	28177	8.59	002285	世联地产	SZ	11.51	8.64	
473	2012-07-03	13.29	13.83	13.29	13.48	25310	13.36	002286	保龄宝	SZ	13.43	13.31	
473	2012-07-03	18.6	19.8	18.6	18.83	45311	18.56	002287	奇正藏药	SZ	18.34	18.08	
473	2012-07-03	11.26	12.04	11.26	11.65	176994	9.69	002288	超华科技	SZ	11.31	9.4	
473	2012-07-03	19.02	19.33	18.82	18.91	27590	18.91	002289	宇顺电子	SZ	19.2	19.2	
473	2012-07-03	11.17	11.17	10.86	10.9	9165	10.78	002290	禾盛新材	SZ	11.08	10.96	
473	2012-07-03	6.8	6.91	6.77	6.85	10937	6.85	002291	星期六	SZ	6.8	6.8	
473	2012-07-03	14.33	14.55	14.2	14.43	62701	9.59	002292	奥飞动漫	SZ	14.28	9.49	
473	2012-07-03	37.7	39	37.42	38.58	12811	18.77	002293	罗莱家纺	SZ	37.88	18.43	
473	2012-07-03	18.5	18.65	18.21	18.33	14112	12.03	002294	信立泰	SZ	18.5	12.14	
473	2012-07-03	7.21	7.32	7.16	7.17	9553	7.17	002295	精艺股份	SZ	7.19	7.19	
473	2012-07-03	19.99	20.45	19.76	19.89	7886	19.69	002296	辉煌科技	SZ	20.23	20.03	
473	2012-07-03	9.68	9.83	9.63	9.77	39038	6.49	002297	博云新材	SZ	9.73	6.47	
473	2012-07-03	8.3	8.58	8.23	8.37	40772	8.35	002298	鑫龙电器	SZ	8.3	8.28	
473	2012-07-03	14.87	15.06	14.48	14.75	40823	14.75	002299	圣农发展	SZ	14.81	14.81	
473	2012-07-03	8.56	8.7	8.53	8.58	5414	8.26	002300	太阳电缆	SZ	8.59	8.27	
473	2012-07-03	6.47	6.55	6.41	6.45	42440	3.17	002301	齐心文具	SZ	6.47	3.18	
473	2012-07-03	10.39	10.39	10.08	10.08	13269	7.72	002302	西部建设	SZ	10.42	7.97	
473	2012-07-03	8.83	9.43	8.81	9.39	24395	4.66	002303	美盈森	SZ	8.93	4.43	
473	2012-07-03	138.9	141.7	137.99	141.4	38962	137.42	002304	洋河股份	SZ	137.99	134.11	
473	2012-07-03	6.15	6.22	6.09	6.13	40311	6.05	002305	南国置业	SZ	6.18	6.1	
473	2012-07-03	5.61	5.76	5.55	5.59	86009	2.73	002306	湘鄂情	SZ	5.6	2.74	
473	2012-07-03	6.84	6.87	6.75	6.83	13933	6.83	002307	北新路桥	SZ	6.8	6.8	
473	2012-07-03	7.69	8.08	7.62	7.93	112802	5.93	002308	威创股份	SZ	7.68	5.74	
473	2012-07-03	9.75	9.99	9.61	9.77	32018	9.7	002309	中利科技	SZ	9.76	9.69	
473	2012-07-03	29.17	29.19	28.3	28.3	48141	14.09	002310	东方园林	SZ	29.36	14.62	
473	2012-07-03	17.75	18.19	17.68	18.1	22395	17.98	002311	海大集团	SZ	17.89	17.77	
473	2012-07-03	6.33	6.58	6.32	6.46	14102	3.12	002312	三泰电子	SZ	6.51	3.14	
473	2012-07-03	17.92	18.75	17.72	18.29	15405	13.88	002313	日海通讯	SZ	17.92	13.6	
473	2012-07-03	8.62	8.79	8.62	8.74	10693	8.74	002314	雅致股份	SZ	8.7	8.7	
473	2012-07-03	34.82	35.07	34.7	34.99	4306	34.13	002315	焦点科技	SZ	34.84	33.98	
473	2012-07-03	6.17	6.24	6.08	6.17	16236	3.39	002316	键桥通讯	SZ	6.17	3.39	
473	2012-07-03	12.25	12.39	12.2	12.32	51585	6	002317	众生药业	SZ	12.25	5.96	
473	2012-07-03	12.07	12.55	12	12.4	33193	12.32	002318	久立特材	SZ	12.09	12.01	
473	2012-07-03	5.97	6.03	5.91	6.02	11636	2.96	002319	乐通股份	SZ	5.96	2.93	
473	2012-07-03	12.08	13.2	12.01	12.45	280435	12.31	002320	海峡股份	SZ	12.2	12.06	
473	2012-07-03	7.11	7.2	7.05	7.15	14071	7.15	002321	华英农业	SZ	7.08	7.08	
473	2012-07-03	9.16	9.48	9.08	9.39	26480	4.66	002322	理工监测	SZ	9.16	4.55	
473	2012-07-03	14.85	14.9	14.66	14.87	6937	11.03	002323	中联电气	SZ	14.87	11.03	
473	2012-07-03	12.83	13.05	12.72	12.92	11812	12.85	002324	普利特	SZ	12.85	12.78	
473	2012-07-03	10.3	10.37	10.04	10.2	47839	6.77	002325	洪涛股份	SZ	10.23	6.79	
473	2012-07-03	14.09	14.28	13.85	14.12	37788	13.98	002326	永太科技	SZ	13.96	13.82	
473	2012-07-03	23.01	23.6	22.94	23.14	10872	11.32	002327	富安娜	SZ	23.2	11.35	
473	2012-07-03	6.34	6.77	6.28	6.69	39238	6.66	002328	新朋股份	SZ	6.4	6.38	
473	2012-07-03	12.5	12.83	12.4	12.58	17810	12.42	002329	皇氏乳业	SZ	12.64	12.47	
473	2012-07-03	5.79	5.87	5.7	5.76	21666	2.88	002330	得利斯	SZ	5.75	2.88	
473	2012-07-03	7.43	7.53	7.36	7.43	16890	4.59	002331	皖通科技	SZ	7.43	4.59	
473	2012-07-03	12.79	12.84	12.55	12.58	36000	12.4	002332	仙琚制药	SZ	12.71	12.53	
473	2012-07-03	10.48	10.48	10.18	10.25	8172	10.05	002333	罗普斯金	SZ	10.53	10.19	
473	2012-07-03	10.31	10.75	10.26	10.6	86439	6.56	002334	英威腾	SZ	10.46	6.47	
473	2012-07-03	10.55	10.66	10.41	10.45	6417	10.35	002335	科华恒盛	SZ	10.57	10.47	
473	2012-07-03	13	13.07	12.78	13.05	7193	13.05	002336	人人乐	SZ	13	13	
473	2012-07-03	10.54	10.6	10.37	10.52	6252	10.05	002337	赛象科技	SZ	10.54	10.07	
473	2012-07-03	20.24	20.66	20	20.45	1965	20.19	002338	奥普光电	SZ	20.24	19.98	
473	2012-07-03	6.42	6.8	6.42	6.71	94064	3.33	002339	积成电子	SZ	6.43	3.19	
473	2012-07-03	9.41	9.8	9.41	9.76	65857	9.7	002341	新纶科技	SZ	9.4	9.34	
473	2012-07-03	7.79	8.05	7.64	7.78	67122	7.76	002342	巨力索具	SZ	7.71	7.69	
473	2012-07-03	9.49	9.49	9.23	9.23	8414	8.9	002343	禾欣股份	SZ	9.43	9.1	
473	2012-07-03	12.9	13.55	12.9	13.44	46387	6.64	002344	海宁皮城	SZ	13.03	6.44	
473	2012-07-03	11.82	11.94	11.64	11.83	10929	5.78	002345	潮宏基	SZ	11.85	5.79	
473	2012-07-03	6.64	6.93	6.53	6.84	106184	3.31	002346	柘中建设	SZ	6.64	3.21	
473	2012-07-03	8.08	8.22	7.93	8.01	6184	4.43	002347	泰尔重工	SZ	8.04	4.44	
473	2012-07-03	5.15	5.29	5.12	5.2	16154	2.56	002348	高乐股份	SZ	5.24	2.59	
473	2012-07-03	14.9	15.2	14.53	14.62	148044	14.56	002349	精华制药	SZ	15.21	15.15	
473	2012-07-03	11.5	12.05	11.48	12.02	11061	11.79	002350	北京科锐	SZ	11.56	11.34	
473	2012-07-03	8.77	8.89	8.77	8.84	4556	8.64	002351	漫步者	SZ	8.84	8.64	
473	2012-07-03	20.99	21.1	20.73	21.1	3742	20.55	002352	鼎泰新材	SZ	20.87	20.33	
473	2012-07-03	37.02	38.38	37.02	38.28	31831	29.35	002353	杰瑞股份	SZ	37	28.37	
473	2012-07-03	11.65	11.75	11.51	11.74	10883	11.6	002354	科冕木业	SZ	11.54	11.4	
473	2012-07-03	5.7	5.9	5.68	5.8	15646	2.89	002355	兴民钢圈	SZ	5.71	2.84	
473	2012-07-03	17.62	17.8	17.5	17.61	2788	17.42	002356	浩宁达	SZ	17.6	17.41	
473	2012-07-03	8.46	8.54	8.41	8.46	3017	8.2	002357	富临运业	SZ	8.45	8.19	
473	2012-07-03	13.39	13.98	13.39	13.98	84559	13.87	002358	森源电气	SZ	13.48	13.37	
473	2012-07-03	17.75	18.21	17.75	18.09	12379	5.88	002360	同德化工	SZ	17.8	5.79	
473	2012-07-03	4.8	4.84	4.73	4.77	10456	2.54	002361	神剑股份	SZ	4.79	2.55	
473	2012-07-03	11.2	11.55	11.16	11.27	18276	11.27	002362	汉王科技	SZ	11.16	11.16	
473	2012-07-03	13.98	14.32	13.36	14.08	16440	14.08	002363	隆基机械	SZ	13.98	13.98	
473	2012-07-03	7.75	7.91	7.7	7.91	19991	3.91	002364	中恒电气	SZ	7.75	3.83	
473	2012-07-03	10.68	10.7	10.1	10.29	112418	10.09	002365	永安药业	SZ	11.2	10.98	
473	2012-07-03	9.9	10.01	9.68	9.84	32148	9.36	002366	丹甫股份	SZ	9.94	9.45	
473	2012-07-03	4.06	4.14	4.02	4.05	22410	1.88	002367	康力电梯	SZ	4.05	1.88	
473	2012-07-03	16.66	17	16.49	16.6	8145	16.47	002368	太极股份	SZ	16.7	16.56	
473	2012-07-03	12.95	13.2	12.81	13.08	12474	12.96	002369	卓翼科技	SZ	12.94	12.82	
473	2012-07-03	8.84	8.96	8.66	8.68	13731	8.68	002370	亚太药业	SZ	8.78	8.78	
473	2012-07-03	13.45	14.37	13.43	14.1	15797	7.02	002371	七星电子	SZ	13.5	6.72	
473	2012-07-03	10.89	11.03	10.84	10.9	9739	7.93	002372	伟星新材	SZ	10.89	7.93	
473	2012-07-03	6.49	6.53	6.41	6.51	18687	3.26	002373	联信永益	SZ	6.41	3.21	
473	2012-07-03	7.42	7.94	7.42	7.74	28445	4.14	002374	丽鹏股份	SZ	7.42	3.97	
473	2012-07-03	26.21	26.59	25.73	26.39	15536	26.31	002375	亚厦股份	SZ	26.22	26.14	
473	2012-07-03	9.95	10.05	9.77	9.78	19309	4.8	002376	新北洋	SZ	9.94	4.88	
473	2012-07-03	7.68	7.88	7.68	7.75	6823	7.75	002377	国创高新	SZ	7.8	7.8	
473	2012-07-03	32	32.32	31.6	31.74	20898	31.47	002378	章源钨业	SZ	32	31.72	
473	2012-07-03	5.28	5.3	5.1	5.16	14508	2.58	002379	鲁丰股份	SZ	5.22	2.61	
473	2012-07-03	23.44	23.6	23.15	23.38	1118	23.23	002380	科远股份	SZ	23.32	23.17	
473	2012-07-03	8.08	8.39	8.05	8.27	84286	3.96	002381	双箭股份	SZ	8.07	3.87	
473	2012-07-03	10.65	11.08	10.52	10.93	60328	10.85	002382	蓝帆股份	SZ	10.71	10.64	
473	2012-07-03	17.15	17.95	17.01	17.68	16872	17.68	002383	合众思壮	SZ	17.15	17.15	
473	2012-07-03	12.03	13.09	12.03	13.09	143253	13.09	002384	东山精密	SZ	11.9	11.9	
473	2012-07-03	10.26	10.59	10.22	10.49	360282	5.18	002385	大北农	SZ	10.31	5.09	
473	2012-07-03	7.57	7.64	7.47	7.5	17560	7.44	002386	天原集团	SZ	7.59	7.53	
473	2012-07-03	14.18	15.08	13.98	14.29	138752	14.24	002387	黑牛食品	SZ	13.71	13.67	
473	2012-07-03	9	9.07	8.88	8.94	1817	8.84	002388	新亚制程	SZ	8.98	8.88	
473	2012-07-03	8.37	8.55	8.34	8.48	14651	4.2	002389	南洋科技	SZ	8.36	4.15	
473	2012-07-03	20.6	20.99	19.32	19.5	127858	19.44	002390	信邦制药	SZ	20.12	20.06	
473	2012-07-03	10.25	10.32	10.11	10.19	18979	6.56	002391	长青股份	SZ	10.25	6.6	
473	2012-07-03	31.93	32.36	31.5	31.73	13886	31.05	002393	力生制药	SZ	31.94	31.25	
473	2012-07-03	12.63	12.79	12.56	12.73	9047	12.21	002394	联发股份	SZ	12.58	12.06	
473	2012-07-03	7.43	7.78	7.12	7.5	5309	3.51	002395	双象股份	SZ	7.47	3.5	
473	2012-07-03	15.72	16.33	15.57	15.92	33188	15.68	002396	星网锐捷	SZ	15.72	15.49	
473	2012-07-03	21.82	22.32	21.8	22.06	14354	21.6	002397	梦洁家纺	SZ	21.8	21.34	
473	2012-07-03	13.52	13.81	13.44	13.59	16340	7.95	002398	建研集团	SZ	13.53	7.91	
473	2012-07-03	21.51	21.76	21.3	21.42	13979	20.8	002399	海普瑞	SZ	21.55	20.92	
473	2012-07-03	10.03	10.24	9.89	10.14	43887	5.03	002400	省广股份	SZ	10.07	5	
473	2012-07-03	8.26	8.46	8.16	8.37	20460	4.34	002401	交技发展	SZ	8.13	4.21	
473	2012-07-03	7.73	7.77	7.63	7.67	4257	4.92	002402	和而泰	SZ	7.67	4.93	
473	2012-07-03	8.74	8.87	8.7	8.77	7771	8.77	002403	爱仕达	SZ	8.77	8.77	
473	2012-07-03	6.92	7.07	6.89	6.96	13567	6.59	002404	嘉欣丝绸	SZ	6.9	6.53	
473	2012-07-03	10.1	10.46	10.07	10.34	209516	8.55	002405	四维图新	SZ	10.12	8.37	
473	2012-07-03	9.05	9.21	9.05	9.1	17457	8.87	002406	远东传动	SZ	9.16	8.93	
473	2012-07-03	20.6	21	20.4	20.78	83376	20.66	002407	多氟多	SZ	20.67	20.55	
473	2012-07-03	16.7	17.18	16.66	16.99	37257	16.63	002408	齐翔腾达	SZ	17.04	16.67	
473	2012-07-03	16.78	16.95	16.68	16.92	6837	16.64	002409	雅克科技	SZ	16.78	16.5	
473	2012-07-03	19.75	20.06	17.65	17.65	64873	13.26	002410	广联达	SZ	19.61	14.73	
473	2012-07-03	8.36	8.5	8.27	8.37	146325	5.54	002411	九九久	SZ	8.41	5.57	
473	2012-07-03	18.33	18.45	17.91	18.14	48802	18.14	002412	汉森制药	SZ	18.32	18.32	
473	2012-07-03	10.6	10.75	9.87	10.03	141370	9.9	002413	常发股份	SZ	10.59	10.45	
473	2012-07-03	8.4	8.74	8.29	8.7	45953	4.32	002414	高德红外	SZ	8.35	4.14	
473	2012-07-03	7.2	7.23	7	7.03	23172	7.03	002416	爱施德	SZ	7.19	7.19	
473	2012-07-03	7.11	7.31	7.11	7.3	17326	7.3	002417	三元达	SZ	7.2	7.2	
473	2012-07-03	6.9	6.96	6.8	6.84	18667	6.8	002418	康盛股份	SZ	6.87	6.83	
473	2012-07-03	13.34	13.49	13.15	13.46	23468	13.07	002419	天虹商场	SZ	13.2	12.82	
473	2012-07-03	7.7	7.76	7.47	7.6	26687	7.58	002420	毅昌股份	SZ	7.7	7.68	
473	2012-07-03	10.55	10.55	10.35	10.37	14326	5.17	002421	达实智能	SZ	10.54	5.26	
473	2012-07-03	47.71	47.99	46	46.01	14273	45.84	002422	科伦药业	SZ	47.5	47.32	
473	2012-07-03	7.26	7.39	7.21	7.3	8394	7.28	002423	中原特钢	SZ	7.25	7.23	
473	2012-07-03	17.04	17.3	16.85	17.1	45843	16.58	002424	贵州百灵	SZ	17.07	16.55	
473	2012-07-03	6.57	6.99	6.54	6.82	24848	5.64	002425	凯撒股份	SZ	6.61	5.47	
473	2012-07-03	13.32	13.44	13.2	13.36	5444	6.59	002426	胜利精密	SZ	13.26	6.54	
473	2012-07-03	6.75	6.94	6.73	6.84	6308	6.83	002427	尤夫股份	SZ	6.76	6.75	
473	2012-07-03	10.7	10.82	10.49	10.59	42719	5.23	002428	云南锗业	SZ	10.6	5.24	
473	2012-07-03	7.87	8.19	7.79	8.12	72834	5.3	002429	兆驰股份	SZ	7.83	5.11	
473	2012-07-03	12.23	12.68	12	12.64	38598	12.41	002430	杭氧股份	SZ	12.23	12.01	
473	2012-07-03	22.19	22.49	21.97	22.09	20613	18.37	002431	棕榈园林	SZ	22.17	18.43	
473	2012-07-03	5.74	5.96	5.74	5.8	29258	3.87	002432	九安医疗	SZ	5.82	3.88	
473	2012-07-03	9.89	10.19	9.82	9.92	31184	4.09	002433	太安堂	SZ	9.9	4.08	
473	2012-07-03	8.19	8.27	8.08	8.2	11562	8	002434	万里扬	SZ	8.17	7.98	
473	2012-07-03	6.31	6.4	6.26	6.31	7186	4.15	002435	长江润发	SZ	6.31	4.16	
473	2012-07-03	15.3	15.71	15.3	15.64	10419	15.38	002436	兴森科技	SZ	15.31	15.06	
473	2012-07-03	20.83	21.25	20.34	20.53	26012	20.11	002437	誉衡药业	SZ	20.8	20.37	
473	2012-07-03	15.4	15.65	15.25	15.4	22475	15.35	002438	江苏神通	SZ	15.42	15.37	
473	2012-07-03	14.89	15.2	14.68	15.13	13635	15.06	002439	启明星辰	SZ	14.94	14.87	
473	2012-07-03	7.3	7.45	7.3	7.41	24635	3.42	002440	闰土股份	SZ	7.3	3.37	
473	2012-07-03	14.48	14.8	14.46	14.69	9450	14.41	002441	众业达	SZ	14.55	14.27	
473	2012-07-03	5	5.05	4.97	5	7419	5	002442	龙星化工	SZ	4.99	4.99	
473	2012-07-03	5.38	5.82	5.32	5.76	59218	4.74	002443	金洲管道	SZ	5.34	4.4	
473	2012-07-03	4.35	4.39	4.26	4.28	49109	2.07	002444	巨星科技	SZ	4.35	2.1	
473	2012-07-03	10.57	11.3	10.56	11.19	36824	11.12	002445	中南重工	SZ	10.57	10.51	
473	2012-07-03	9.24	9.39	9.12	9.26	11533	9.22	002446	盛路通信	SZ	9.25	9.21	
473	2012-07-03	19.75	20.41	19.65	20	31167	9.96	002447	壹桥苗业	SZ	20	9.96	
473	2012-07-03	12.23	12.39	12.13	12.2	7346	5.88	002448	中原内配	SZ	12.24	5.9	
473	2012-07-03	8.54	8.84	8.41	8.67	32924	8.49	002449	国星光电	SZ	8.52	8.35	
473	2012-07-03	10.92	11.23	10.92	10.98	151936	7.3	002450	康得新	SZ	10.91	7.25	
473	2012-07-03	14.78	14.96	14.74	14.9	2881	7.39	002451	摩恩电气	SZ	14.88	7.38	
473	2012-07-03	25.04	25.56	25	25.4	10031	12.44	002452	长高集团	SZ	25.2	12.34	
473	2012-07-03	20.88	20.94	20.2	20.77	9281	2.56	002453	天马精化	SZ	20.64	2.54	
473	2012-07-03	11.01	11.01	10.61	10.75	51937	10.75	002454	松芝股份	SZ	11.05	11.05	
473	2012-07-03	7.9	7.95	7.77	7.91	170225	1.94	002456	欧菲光	SZ	7.89	1.94	
473	2012-07-03	8.71	8.82	8.6	8.74	22950	8.71	002457	青龙管业	SZ	8.73	8.7	
473	2012-07-03	14.84	15.07	14.71	14.92	19172	14.92	002458	益生股份	SZ	14.85	14.85	
473	2012-07-03	8.6	9.09	8.5	8.87	40726	8.87	002459	天业通联	SZ	8.6	8.6	
473	2012-07-03	25.9	26.1	25.5	25.64	27327	25.44	002460	赣锋锂业	SZ	25.9	25.7	
473	2012-07-03	11.36	11.85	11.22	11.7	53987	11.69	002461	珠江啤酒	SZ	11.57	11.56	
473	2012-07-03	9.81	10.05	9.68	9.8	28399	9.71	002462	嘉事堂	SZ	9.8	9.71	
473	2012-07-03	3.72	3.76	3.67	3.7	21231	2.95	002463	沪电股份	SZ	3.71	2.95	
473	2012-07-03	15.88	16.24	15.71	15.78	6827	15.57	002464	金利科技	SZ	15.81	15.6	
473	2012-07-03	11.4	11.75	11.4	11.74	18634	5.74	002465	海格通信	SZ	11.48	5.61	
473	2012-07-03	31.87	32.15	31.4	31.72	11561	31.65	002466	天齐锂业	SZ	31.83	31.76	
473	2012-07-03	13.05	13.2	12.84	13	36430	12.83	002467	二六三	SZ	13.22	13.05	
473	2012-07-03	7.18	7.48	7.13	7.23	56985	6.03	002468	艾迪西	SZ	7.18	5.99	
473	2012-07-03	15.89	16.66	15.88	16.35	24926	8.28	002469	三维工程	SZ	16.07	8.14	
473	2012-07-03	13.5	13.82	13.43	13.57	16656	13.47	002470	金正大	SZ	13.5	13.4	
473	2012-07-03	6.54	6.55	6.41	6.49	15088	3.16	002471	中超电缆	SZ	6.51	3.17	
473	2012-07-03	8.47	8.56	8.41	8.49	5960	8.43	002472	双环传动	SZ	8.47	8.41	
473	2012-07-03	7.38	7.5	7.31	7.35	11791	7.23	002473	圣莱达	SZ	7.45	7.33	
473	2012-07-03	14.01	14.37	13.83	13.85	48139	9.11	002474	榕基软件	SZ	14.09	9.26	
473	2012-07-03	19.99	20.72	19.53	20	67623	13.28	002475	立讯精密	SZ	20.01	13.28	
473	2012-07-03	4.85	5.19	4.81	5.13	215669	3.41	002476	宝莫股份	SZ	4.87	3.23	
473	2012-07-03	12.28	12.48	12.12	12.24	146361	7.51	002477	雏鹰农牧	SZ	12.22	7.5	
473	2012-07-03	12.77	13	12.59	12.95	42905	12.74	002478	常宝股份	SZ	12.73	12.53	
473	2012-07-03	8.92	8.97	8.82	8.83	39839	5.05	002479	富春环保	SZ	8.91	5.1	
473	2012-07-03	10.35	10.46	10.25	10.3	16020	10.3	002480	新筑股份	SZ	10.35	10.35	
473	2012-07-03	8.55	8.6	8.39	8.5	34471	4.24	002481	双塔食品	SZ	8.57	4.28	
473	2012-07-03	18.48	18.8	18.09	18.37	28412	18.28	002482	广田股份	SZ	18.53	18.44	
473	2012-07-03	11.95	12.38	11.76	12.26	14737	11.93	002483	润邦股份	SZ	11.84	11.52	
473	2012-07-03	10.91	11.4	10.88	11.21	12860	11.1	002484	江海股份	SZ	10.9	10.79	
473	2012-07-03	11.43	11.81	11.36	11.55	20803	11.26	002485	希努尔	SZ	11.4	11.12	
473	2012-07-03	3.92	3.95	3.88	3.92	31211	0.94	002486	嘉麟杰	SZ	3.92	0.94	
473	2012-07-03	5.14	5.18	5.05	5.07	24483	2.51	002487	大金重工	SZ	5.14	2.55	
473	2012-07-03	8.5	8.59	8.4	8.55	5165	8.41	002488	金固股份	SZ	8.52	8.38	
473	2012-07-03	10.52	10.9	10.43	10.84	32456	10.51	002489	浙江永强	SZ	10.51	10.19	
473	2012-07-03	8.62	9.41	8.62	9	257693	4.43	002490	山东墨龙	SZ	8.72	4.29	
473	2012-07-03	11.5	11.95	11.41	11.76	10912	11.53	002491	通鼎光电	SZ	11.45	11.23	
473	2012-07-03	13.37	13.54	13.32	13.49	7920	13.3	002494	华斯股份	SZ	13.46	13.27	
473	2012-07-03	6.18	6.25	6.03	6.13	18724	6.03	002495	佳隆股份	SZ	6.2	6.1	
473	2012-07-03	12.66	12.9	12.65	12.71	13219	6.3	002496	辉丰股份	SZ	12.66	6.28	
473	2012-07-03	9.13	9.72	9.03	9.62	21896	6.33	002497	雅化集团	SZ	9.14	6.01	
473	2012-07-03	7.11	7.27	7.07	7.25	24921	4.64	002498	汉缆股份	SZ	7.16	4.58	
473	2012-07-03	19.2	19.88	19.06	19.7	52371	19.66	002499	科林环保	SZ	19.44	19.4	
473	2012-07-03	11.27	11.49	11.13	11.4	11539	11.32	002502	骅威股份	SZ	11.33	11.25	
473	2012-07-03	16	16.37	15.91	16.31	18914	10.53	002503	搜于特	SZ	16.05	10.37	
473	2012-07-03	8.92	8.98	8.8	8.9	8200	6.75	002504	东光微电	SZ	8.8	6.67	
473	2012-07-03	7.63	7.75	7.57	7.66	21573	7.66	002505	大康牧业	SZ	7.69	5.07	
473	2012-07-03	7.51	7.53	7.29	7.37	282487	4.55	002506	超日太阳	SZ	7.58	4.68	
473	2012-07-03	20.8	21.6	20.73	20.95	20696	20.68	002507	涪陵榨菜	SZ	21	20.72	
473	2012-07-03	18.15	18.35	17.93	17.93	22481	17.78	002508	老板电器	SZ	18.22	18.06	
473	2012-07-03	5.49	5.63	5.46	5.51	80525	2.73	002509	天广消防	SZ	5.48	2.71	
473	2012-07-03	20.36	20.64	20.24	20.42	3040	9.95	002510	天汽模	SZ	20.32	9.91	
473	2012-07-03	10.59	10.84	10.53	10.79	14732	7.12	002511	中顺洁柔	SZ	10.57	6.97	
473	2012-07-03	9.26	9.43	9.21	9.37	11790	9.37	002512	达华智能	SZ	9.26	9.26	
473	2012-07-03	12.3	12.39	12.01	12.11	32946	12	002513	蓝丰生化	SZ	12.37	12.26	
473	2012-07-03	22.5	22.82	22.32	22.46	4778	11.04	002514	宝馨科技	SZ	22.54	11.08	
473	2012-07-03	15	15.58	14.81	15.3	17152	15.2	002515	金字火腿	SZ	15.08	14.98	
473	2012-07-03	8.18	8.27	8.12	8.27	12935	8.15	002516	江苏旷达	SZ	8.18	8.06	
473	2012-07-03	12.94	12.94	12.26	12.31	86281	12.31	002517	泰亚股份	SZ	12.81	12.81	
473	2012-07-03	11.2	11.4	11.04	11.2	9053	7.88	002518	科士达	SZ	11.2	7.88	
473	2012-07-03	9.85	10.1	9.82	9.93	38941	6.33	002519	银河电子	SZ	9.97	6.35	
473	2012-07-03	10.05	10.23	10.01	10.1	10177	6.23	002520	日发数码	SZ	10.06	6.2	
473	2012-07-03	5.8	5.83	5.66	5.77	91118	2.78	002521	齐峰股份	SZ	5.83	2.81	
473	2012-07-03	17.64	17.8	17.16	17.28	12394	16.53	002522	浙江众成	SZ	17.63	16.87	
473	2012-07-03	4.71	4.77	4.64	4.66	56204	3.55	002523	天桥起重	SZ	4.74	3.61	
473	2012-07-03	4.02	4.09	4	4.08	47123	2.39	002524	光正钢构	SZ	4.02	2.36	
473	2012-07-03	6.05	6.12	5.97	6.02	44242	5.98	002526	山东矿机	SZ	6.11	6.07	
473	2012-07-03	8.24	8.24	7.98	8.11	24758	4.69	002527	新时达	SZ	8.32	4.81	
473	2012-07-03	8.9	9.23	8.81	9.06	20909	5.82	002528	英飞拓	SZ	8.87	5.7	
473	2012-07-03	6.12	6.19	6.06	6.11	11476	6.01	002530	丰东股份	SZ	6.12	6.02	
473	2012-07-03	7.95	8.01	7.87	7.93	21316	3.86	002531	天顺风能	SZ	7.96	3.88	
473	2012-07-03	17.45	17.68	17.32	17.57	10661	17.48	002532	新界泵业	SZ	17.47	17.38	
473	2012-07-03	6.5	6.57	6.46	6.5	13091	6.28	002533	金杯电工	SZ	6.49	6.27	
473	2012-07-03	18.18	18.28	17.8	18	6960	17.42	002534	杭锅股份	SZ	18.12	17.54	
473	2012-07-03	8.1	8.56	8.1	8.31	27985	8.19	002535	林州重机	SZ	8.16	8.05	
473	2012-07-03	15.98	16.2	15.94	16.12	3185	15.94	002536	西泵股份	SZ	16.12	15.94	
473	2012-07-03	13.55	13.86	13.55	13.79	5396	13.68	002537	海立美达	SZ	13.74	13.63	
473	2012-07-03	12.52	12.9	12.52	12.75	20362	12.52	002538	司尔特	SZ	12.58	12.35	
473	2012-07-03	11.73	11.88	11.56	11.7	15630	11.19	002539	新都化工	SZ	11.66	11.15	
473	2012-07-03	6.43	6.53	6.41	6.47	12881	3.11	002540	亚太科技	SZ	6.45	3.1	
473	2012-07-03	12.03	12.23	12.03	12.18	13158	12.14	002541	鸿路钢构	SZ	12.15	12.11	
473	2012-07-03	35.4	38.76	35.4	37.5	203729	18.56	002542	中化岩土	SZ	35.24	17.44	
473	2012-07-03	9.37	9.59	9.34	9.45	9582	4.48	002543	万和电气	SZ	9.4	4.45	
473	2012-07-03	5.98	6.05	5.95	5.99	15207	2.87	002544	杰赛科技	SZ	5.99	2.87	
473	2012-07-03	15.46	15.53	15.28	15.4	3229	15.22	002545	东方铁塔	SZ	15.45	15.27	
473	2012-07-03	17.8	18.24	17.8	17.99	13447	17.21	002546	新联电子	SZ	17.95	17.18	
473	2012-07-03	11.35	11.46	11.18	11.25	30022	11.13	002547	春兴精工	SZ	11.35	11.23	
473	2012-07-03	12.05	12.13	11.8	11.9	9918	11.59	002548	金新农	SZ	12.02	11.71	
473	2012-07-03	10.19	10.47	10.13	10.37	24220	6.84	002549	凯美特气	SZ	10.33	6.81	
473	2012-07-03	11.01	11.17	10.82	10.91	32346	5.18	002550	千红制药	SZ	11.02	5.23	
473	2012-07-03	10.83	11.04	10.67	10.69	32235	7.07	002551	尚荣医疗	SZ	10.83	7.16	
473	2012-07-03	10.66	10.87	10.52	10.75	8931	10.66	002552	宝鼎重工	SZ	10.61	10.52	
473	2012-07-03	7.3	7.43	7.28	7.36	9919	3.52	002553	南方轴承	SZ	7.33	3.51	
473	2012-07-03	7.09	7.64	7.09	7.41	205601	4.92	002554	惠博普	SZ	7.13	4.74	
473	2012-07-03	10.37	10.57	10.29	10.44	4119	10.13	002555	顺荣股份	SZ	10.31	10.01	
473	2012-07-03	6.59	6.79	6.58	6.73	40939	6.62	002556	辉隆股份	SZ	6.7	6.59	
473	2012-07-03	20.61	21.47	20.5	21.06	15277	20.4	002557	洽洽食品	SZ	20.78	20.13	
473	2012-07-03	23.42	23.64	23.1	23.4	5347	23.32	002558	世纪游轮	SZ	23.2	23.12	
473	2012-07-03	11.99	12.38	11.75	12.31	8008	6.04	002559	亚威股份	SZ	12.13	5.95	
473	2012-07-03	14.61	14.81	14.61	14.65	3418	14.45	002560	通达股份	SZ	14.68	14.48	
473	2012-07-03	10.47	10.55	10.41	10.45	9924	9.74	002561	徐家汇	SZ	10.46	9.75	
473	2012-07-03	8	8.24	7.97	8.24	42886	5.04	002565	上海绿新	SZ	7.99	4.89	
473	2012-07-03	15	15.6	14.93	15.26	47824	15.26	002566	益盛药业	SZ	15.04	15.04	
473	2012-07-03	13.68	13.83	13.48	13.66	7630	13.59	300001	特锐德	SZ	13.71	13.64	
473	2012-07-03	5.79	5.91	5.76	5.78	67569	1.68	300002	神州泰岳	SZ	5.78	1.69	
473	2012-07-03	13.38	13.65	13.32	13.39	27399	13.19	300003	乐普医疗	SZ	13.4	13.2	
473	2012-07-03	21.99	22.28	21.89	22.11	3690	21.94	300004	南风股份	SZ	21.99	21.82	
473	2012-07-03	14.95	15.67	14.95	15.18	46302	12.54	300005	探路者	SZ	14.95	12.35	
473	2012-07-03	16.18	16.46	16	16.15	17109	16.1	300006	莱美药业	SZ	16.09	16.04	
473	2012-07-03	19.1	19.25	18.65	19.05	8896	18.98	300007	汉威电子	SZ	18.95	18.88	
473	2012-07-03	8.2	8.81	8.2	8.81	88125	8.68	300008	上海佳豪	SZ	8.01	7.89	
473	2012-07-03	8.51	8.76	8.45	8.56	26285	6.78	300009	安科生物	SZ	8.53	6.76	
473	2012-07-03	8.54	8.65	8.37	8.41	9462	8.32	300010	立思辰	SZ	8.48	8.39	
473	2012-07-03	7.53	7.63	7.43	7.49	15023	2.75	300011	鼎汉技术	SZ	7.53	2.77	
473	2012-07-03	10.98	11.23	10.84	10.95	17880	5.34	300012	华测检测	SZ	11.02	5.37	
473	2012-07-03	11.04	11.18	10.86	10.96	11867	10.94	300013	新宁物流	SZ	11.05	11.03	
473	2012-07-03	12.97	13.12	12.71	12.73	36927	6.28	300014	亿纬锂能	SZ	12.97	6.4	
473	2012-07-03	21.08	21.79	21.08	21.42	18194	21.35	300015	爱尔眼科	SZ	21.15	21.08	
473	2012-07-03	5.82	6.03	5.82	6.03	76298	2.95	300016	北陆药业	SZ	5.49	2.68	
473	2012-07-03	16.44	16.57	16.15	16.25	15595	16.17	300017	网宿科技	SZ	16.45	16.37	
473	2012-07-03	6.31	6.45	6.31	6.37	13655	4.15	300018	中元华电	SZ	6.32	4.12	
473	2012-07-03	7.7	7.78	7.6	7.69	9031	4.71	300019	硅宝科技	SZ	7.64	4.68	
473	2012-07-03	10.28	10.97	10.15	10.77	79073	10.75	300020	银江股份	SZ	10.24	10.22	
473	2012-07-03	9.52	9.6	9.4	9.43	48553	9.43	300021	大禹节水	SZ	9.52	9.52	
473	2012-07-03	7.67	7.9	7.62	7.77	22952	7.72	300022	吉峰农机	SZ	7.71	7.66	
473	2012-07-03	12.84	13.57	12.79	13.17	26108	13.17	300023	宝德股份	SZ	12.89	12.89	
473	2012-07-03	22.37	22.8	21.86	21.89	34399	21.84	300024	机器人	SZ	22.37	22.32	
473	2012-07-03	7.72	7.95	7.6	7.92	23908	7.9	300025	华星创业	SZ	7.72	7.7	
473	2012-07-03	16.87	17.77	16.87	17.53	53799	11.66	300026	红日药业	SZ	16.85	11.2	
473	2012-07-03	8.1	8.14	7.91	7.93	151062	3.89	300027	华谊兄弟	SZ	7.98	3.92	
473	2012-07-03	6.76	6.83	6.63	6.81	54279	6.76	300028	金亚科技	SZ	6.79	6.74	
473	2012-07-03	9.26	9.48	9.15	9.22	22736	9.22	300029	天龙光电	SZ	9.3	9.3	
473	2012-07-03	19.36	19.74	19.14	19.3	22675	9.58	300030	阳普医疗	SZ	19.48	9.67	
473	2012-07-03	10.35	10.68	10.26	10.65	35634	10.35	300031	宝通带业	SZ	10.35	10.06	
473	2012-07-03	9.65	9.75	9.33	9.45	23144	4.7	300032	金龙机电	SZ	9.65	4.8	
473	2012-07-03	19.7	19.7	18.09	18.91	22298	18.86	300033	同花顺	SZ	18.33	18.28	
473	2012-07-03	15.05	15.35	15.01	15.08	9062	14.96	300034	钢研高纳	SZ	15.08	14.96	
473	2012-07-03	6.27	6.42	6.25	6.29	9519	4.19	300035	中科电气	SZ	6.31	4.21	
473	2012-07-03	16.18	16.3	15.7	16.2	38464	16.2	300036	超图软件	SZ	15.92	15.92	
473	2012-07-03	18.38	18.63	18.01	18.18	5363	18.03	300037	新宙邦	SZ	18.39	18.24	
473	2012-07-03	9.51	9.89	9.46	9.7	85249	3.84	300039	上海凯宝	SZ	9.57	3.78	
473	2012-07-03	9.99	10.04	9.82	9.91	13469	6.06	300041	回天胶业	SZ	9.9	6.06	
473	2012-07-03	10.12	10.26	10	10.2	22791	10.12	300042	朗科科技	SZ	10.11	10.03	
473	2012-07-03	11.57	11.69	11.27	11.66	16618	3.82	300043	星辉车模	SZ	11.57	3.79	
473	2012-07-03	5.7	5.79	5.65	5.73	17874	2.58	300044	赛为智能	SZ	5.7	2.56	
473	2012-07-03	12.17	12.68	12.13	12.65	30570	12.63	300045	华力创通	SZ	12.17	12.15	
473	2012-07-03	11.65	11.77	11.58	11.69	4431	10.87	300046	台基股份	SZ	11.6	10.79	
473	2012-07-03	5.91	6.12	5.88	6.09	40873	2.97	300047	天源迪科	SZ	5.9	2.87	
473	2012-07-03	9.21	9.51	9.1	9.44	20275	9.31	300048	合康变频	SZ	9.23	9.1	
473	2012-07-03	12.81	13.16	12.6	12.6	13715	12.35	300049	福瑞股份	SZ	12.87	12.61	
473	2012-07-03	11.28	11.58	11.21	11.38	21497	11.36	300050	世纪鼎利	SZ	11.34	11.32	
473	2012-07-03	5.16	5.26	5.13	5.2	50403	2.56	300051	三五互联	SZ	5.18	2.55	
473	2012-07-03	6.09	6.38	6.06	6.27	83378	3.11	300052	中青宝	SZ	6.13	3.04	
473	2012-07-03	7.48	7.6	7.43	7.53	10300	7.51	300053	欧比特	SZ	7.48	7.46	
473	2012-07-03	7.58	7.66	7.49	7.53	20849	2.44	300054	鼎龙股份	SZ	7.52	2.44	
473	2012-07-03	24.22	24.48	23.61	24.15	43231	24.07	300055	万邦达	SZ	24.18	24.1	
473	2012-07-03	12.79	12.9	12.58	12.74	20540	12.71	300056	三维丝	SZ	12.77	12.74	
473	2012-07-03	7.27	7.45	7.27	7.37	8350	7.34	300057	万顺股份	SZ	7.33	7.3	
473	2012-07-03	17.5	18.28	17.26	18.19	39946	18.15	300058	蓝色光标	SZ	17.4	17.36	
473	2012-07-03	5.95	6.06	5.91	5.97	69356	2.96	300059	东方财富	SZ	5.96	2.96	
473	2012-07-03	8.24	8.37	8.18	8.28	6448	8.28	300061	康耐特	SZ	8.24	8.24	
473	2012-07-03	10.68	10.74	10.52	10.64	7067	10.39	300062	中能电气	SZ	10.67	10.42	
473	2012-07-03	10.18	10.85	10.12	10.34	24224	10.23	300063	天龙集团	SZ	10.17	10.07	
473	2012-07-03	7.6	7.88	7.53	7.74	47071	7.69	300064	豫金刚石	SZ	7.6	7.55	
473	2012-07-03	12.45	13.53	12.18	13.42	90513	13.42	300065	海兰信	SZ	12.55	12.55	
473	2012-07-03	8.75	8.94	8.74	8.92	7096	8.83	300066	三川股份	SZ	8.72	8.63	
473	2012-07-03	8.63	8.7	8.47	8.54	15279	8.46	300067	安诺其	SZ	8.54	8.46	
473	2012-07-03	6.66	6.8	6.61	6.68	93224	3.3	300068	南都电源	SZ	6.64	3.28	
473	2012-07-03	8.21	8.35	8.16	8.32	4630	5.44	300069	金利华电	SZ	8.25	5.39	
473	2012-07-03	19.8	19.8	19.38	19.39	51304	12.11	300070	碧水源	SZ	19.67	12.28	
473	2012-07-03	16.8	17.54	16.7	17.42	36928	8.66	300071	华谊嘉信	SZ	16.84	8.37	
473	2012-07-03	8.22	8.22	8.01	8.03	25246	6.16	300072	三聚环保	SZ	8.18	6.28	
473	2012-07-03	9.33	9.75	9.33	9.59	30648	9.55	300073	当升科技	SZ	9.48	9.44	
473	2012-07-03	5.75	6.06	5.75	6.04	22767	1.81	300074	华平股份	SZ	5.75	1.72	
473	2012-07-03	16.05	17.07	15.87	16.33	34032	10.7	300075	数字政通	SZ	15.91	10.42	
473	2012-07-03	12.52	12.8	12.51	12.64	10170	12.36	300076	宁波GQY	SZ	12.52	12.24	
473	2012-07-03	20.35	20.38	20.02	20.16	31282	20.05	300077	国民技术	SZ	20.4	20.29	
473	2012-07-03	14.07	14.32	14.04	14.18	7467	13.75	300078	中瑞思创	SZ	14.06	13.64	
473	2012-07-03	16.81	17.07	16.66	16.99	15098	16.84	300079	数码视讯	SZ	16.78	16.63	
473	2012-07-03	6.53	6.64	6.42	6.48	23058	6.48	300080	新大新材	SZ	6.57	6.57	
473	2012-07-03	9.09	9.34	8.98	9.2	29788	4.54	300081	恒信移动	SZ	9.05	4.47	
473	2012-07-03	9.66	9.88	9.62	9.75	16583	7.38	300082	奥克股份	SZ	9.78	7.4	
473	2012-07-03	10.63	11.26	10.51	11.14	32067	11.03	300083	劲胜股份	SZ	10.67	10.56	
473	2012-07-03	14.26	15.6	14.24	15.6	188247	15.6	300084	海默科技	SZ	14.18	14.18	
473	2012-07-03	17.28	17.7	17.1	17.66	16924	8.74	300085	银之杰	SZ	17.24	8.54	
473	2012-07-03	13.08	13.4	12.86	13.39	41915	13.22	300086	康芝药业	SZ	13.04	12.87	
473	2012-07-03	13.77	14.14	13.7	13.8	19381	13.8	300087	荃银高科	SZ	13.86	13.86	
473	2012-07-03	11.05	11.39	10.71	11.07	174868	7.33	300088	长信科技	SZ	11.02	7.29	
473	2012-07-03	8.66	8.78	8.61	8.73	6910	8.73	300089	长城集团	SZ	8.65	8.65	
473	2012-07-03	14.14	14.19	13.86	13.91	12851	13.91	300090	盛运股份	SZ	14.14	14.14	
473	2012-07-03	8.41	8.5	8.26	8.29	11929	8.29	300091	金通灵	SZ	8.4	8.4	
473	2012-07-03	12.4	12.57	12.32	12.52	8347	12.39	300092	科新机电	SZ	12.42	12.29	
473	2012-07-03	7.39	7.56	7.32	7.48	34409	7.43	300093	金刚玻璃	SZ	7.38	7.34	
473	2012-07-03	6.1	6.15	6.01	6.04	27262	6.04	300094	国联水产	SZ	6.11	6.11	
473	2012-07-03	10.35	10.56	10.26	10.41	12592	7.9	300095	华伍股份	SZ	10.25	7.78	
473	2012-07-03	11.01	11.3	11	11.09	14431	11.02	300096	易联众	SZ	11.05	10.98	
473	2012-07-03	6.57	6.71	6.57	6.67	5329	3.33	300097	智云股份	SZ	6.61	3.3	
473	2012-07-03	8.9	9.07	8.75	9	12840	9	300098	高新兴	SZ	8.86	8.86	
473	2012-07-03	10.65	10.75	10.49	10.72	8370	5.14	300099	尤洛卡	SZ	10.56	5.06	
473	2012-07-03	6.33	6.54	6.3	6.49	14065	3.06	300100	双林股份	SZ	6.41	3.02	
473	2012-07-03	14.46	15.14	14.46	15.1	38398	15.06	300101	国腾电子	SZ	14.45	14.41	
473	2012-07-03	12.1	12.47	12.1	12.44	35042	12.22	300102	乾照光电	SZ	12.17	11.95	
473	2012-07-03	8.48	8.53	8.33	8.4	4889	8.36	300103	达刚路机	SZ	8.44	8.4	
473	2012-07-03	12.69	12.91	12.37	12.88	179794	6.76	300104	乐视网	SZ	12.68	6.66	
473	2012-07-03	28.46	29.06	27.71	28.21	18613	28.13	300105	龙源技术	SZ	28.3	28.22	
473	2012-07-03	12.83	13.06	12.7	12.79	9777	12.71	300106	西部牧业	SZ	12.81	12.73	
473	2012-07-03	21.5	21.72	20.92	20.96	13633	10.45	300107	建新股份	SZ	21.62	10.78	
473	2012-07-03	10.24	10.79	10.18	10.46	42396	10.26	300108	双龙股份	SZ	10.16	9.97	
473	2012-07-03	9.7	10.24	9.64	10.2	16724	10.14	300109	新开源	SZ	9.76	9.7	
473	2012-07-03	6.22	6.39	6.14	6.15	63892	3.08	300110	华仁药业	SZ	6.2	3.1	
473	2012-07-03	3.89	4.04	3.86	3.96	96556	1.8	300111	向日葵	SZ	4.01	1.82	
473	2012-07-03	7.53	7.69	7.44	7.53	20271	7.49	300112	万讯自控	SZ	7.54	7.5	
473	2012-07-03	22.2	22.39	22	22.3	6958	22.18	300113	顺网科技	SZ	22.21	22.09	
473	2012-07-03	11.12	11.28	11.02	11.07	8560	8.47	300114	中航电测	SZ	11.08	8.48	
473	2012-07-03	24.38	24.61	23.5	23.65	34415	23.59	300115	长盈精密	SZ	24.3	24.24	
473	2012-07-03	5.91	6.16	5.81	6.12	52181	3.06	300116	坚瑞消防	SZ	5.93	2.96	
473	2012-07-03	7.1	7.3	7.04	7.2	12878	7.16	300117	嘉寓股份	SZ	7.16	7.12	
473	2012-07-03	5.96	5.96	5.8	5.85	53011	5.85	300118	东方日升	SZ	5.96	5.96	
473	2012-07-03	33.67	34.55	33.59	34.01	14386	16.74	300119	瑞普生物	SZ	33.69	16.58	
473	2012-07-03	6.98	7.12	6.97	7.03	9126	6.94	300120	经纬电材	SZ	7.01	6.92	
473	2012-07-03	8.57	8.68	8.46	8.65	9810	6.66	300121	阳谷华泰	SZ	8.58	6.6	
473	2012-07-03	26.09	26.32	25.75	25.88	3844	25.71	300122	智飞生物	SZ	26.06	25.89	
473	2012-07-03	14.36	15.25	14.3	14.87	57447	14.78	300123	太阳鸟	SZ	14.44	14.35	
473	2012-07-03	22.92	23.18	22.51	22.86	5181	22.49	300124	汇川技术	SZ	22.92	22.55	
473	2012-07-03	16	16.25	15.66	15.95	15919	15.92	300125	易世达	SZ	15.89	15.86	
473	2012-07-03	9.98	10.19	9.92	10.03	2831	9.93	300126	锐奇股份	SZ	9.98	9.88	
473	2012-07-03	57.4	57.76	56.8	57.58	13731	27.84	300127	银河磁体	SZ	57.52	27.81	
473	2012-07-03	8.48	8.59	8.25	8.35	46078	4	300128	锦富新材	SZ	8.52	4.08	
473	2012-07-03	5.46	5.53	5.37	5.42	35064	5.38	300129	泰胜风能	SZ	5.48	5.44	
473	2012-07-03	15.13	15.55	15.03	15.51	22578	15.45	300130	新国都	SZ	15.12	15.06	
473	2012-07-03	6.91	7.05	6.86	6.91	11612	3.42	300131	英唐智控	SZ	6.92	3.42	
473	2012-07-03	8.86	9.36	8.84	9.1	41913	5.59	300132	青松股份	SZ	8.64	5.31	
473	2012-07-03	8.57	8.71	8.45	8.6	21546	5.71	300133	华策影视	SZ	8.53	5.66	
473	2012-07-03	11.64	11.84	11.55	11.62	9705	11.62	300134	大富科技	SZ	11.64	11.64	
473	2012-07-03	4.66	4.84	4.61	4.82	89351	2.97	300135	宝利沥青	SZ	4.66	2.87	
473	2012-07-03	16.88	17.25	16.71	16.89	16337	16.89	300136	信维通信	SZ	16.89	16.89	
473	2012-07-03	11.64	11.76	11.46	11.53	35430	8.83	300137	先河环保	SZ	11.67	8.94	
473	2012-07-03	14	15.47	13.84	15.47	61448	15.31	300138	晨光生物	SZ	14.06	13.92	
473	2012-07-03	28.01	28.26	27.83	28.06	5411	27.91	300139	福星晓程	SZ	28.18	28.03	
473	2012-07-03	11.78	12.9	11.6	12.58	50603	12.58	300140	启源装备	SZ	11.9	11.9	
473	2012-07-03	7.89	8.17	7.89	8.11	22722	5.3	300141	和顺电气	SZ	7.94	5.19	
473	2012-07-03	39.45	39.87	38.7	38.99	7290	38.75	300142	沃森生物	SZ	39.42	39.18	
473	2012-07-03	10.88	10.89	10.11	10.11	62562	10.11	300143	星河生物	SZ	11.23	11.23	
473	2012-07-03	14.43	15.07	14.43	14.9	43249	14.7	300144	宋城股份	SZ	14.49	14.3	
473	2012-07-03	17.43	17.82	17.33	17.4	13022	17.18	300145	南方泵业	SZ	17.65	17.42	
473	2012-07-03	22.93	23.4	22.48	22.53	81115	7.13	300146	汤臣倍健	SZ	22.85	7.23	
473	2012-07-03	8.62	8.68	8.12	8.19	252898	6.23	300147	香雪制药	SZ	8.69	6.62	
473	2012-07-03	13.33	13.75	13.22	13.56	87624	7.44	300148	天舟文化	SZ	13.23	7.26	
473	2012-07-03	8.5	9.33	8.4	9.09	174305	9.03	300149	量子高科	SZ	8.48	8.43	
473	2012-07-03	8.52	8.87	8.52	8.67	30652	4.11	300150	世纪瑞尔	SZ	8.57	4.06	
473	2012-07-03	11.66	11.86	11.63	11.75	3787	11.54	300151	昌红科技	SZ	11.66	11.45	
473	2012-07-03	9.3	9.78	9.26	9.62	73596	9.59	300152	燃控科技	SZ	9.33	9.3	
473	2012-07-03	9.17	9.3	9.1	9.21	6492	9.11	300153	科泰电源	SZ	9.16	9.06	
473	2012-07-03	10.17	10.37	10.07	10.26	5756	10.05	300154	瑞凌股份	SZ	10.17	9.96	
473	2012-07-03	11.59	12.45	11.51	11.95	21824	11.81	300155	安居宝	SZ	11.58	11.45	
473	2012-07-03	14.13	14.43	13.93	14.06	227849	13.87	300156	天立环保	SZ	14.25	14.06	
473	2012-07-03	10.4	10.99	10.4	10.99	43772	5.48	300157	恒泰艾普	SZ	9.99	4.98	
473	2012-07-03	13	13.14	12.81	12.94	27408	6.46	300158	振东制药	SZ	12.9	6.44	
473	2012-07-03	24.42	24.84	24.28	24.48	5416	11.88	300159	新研股份	SZ	24.5	11.89	
473	2012-07-03	11	11.11	10.9	11.01	7644	10.95	300160	秀强股份	SZ	10.95	10.89	
473	2012-07-03	16.36	16.73	16.22	16.7	12597	16.5	300161	华中数控	SZ	16.29	16.09	
473	2012-07-03	14.31	14.88	14.26	14.58	20481	14.28	300162	雷曼光电	SZ	14.34	14.05	
473	2012-07-03	14.77	15.15	14.63	14.83	7254	14.71	300163	先锋新材	SZ	14.71	14.59	
473	2012-07-03	9.81	10.34	9.75	10.34	49794	6.78	300164	通源石油	SZ	9.74	6.39	
473	2012-07-03	14.83	14.85	14.5	14.55	7330	14.38	300165	天瑞仪器	SZ	14.74	14.57	
473	2012-07-03	15.73	15.99	15.61	15.73	11402	10.46	300166	东方国信	SZ	15.67	10.42	
473	2012-07-03	5.49	5.62	5.45	5.6	40435	2.76	300167	迪威视讯	SZ	5.49	2.71	
473	2012-07-03	12.52	12.8	12.42	12.47	16052	6.21	300168	万达信息	SZ	12.52	6.24	
473	2012-07-03	7.9	8.01	7.81	8	11651	8	300169	天晟新材	SZ	7.89	7.89	
473	2012-07-03	11.47	12.13	11.44	12.12	76261	7.99	300170	汉得信息	SZ	11.44	7.54	
473	2012-07-03	28.21	29.34	27.97	28.6	15514	28.15	300171	东富龙	SZ	28.21	27.77	
473	2012-07-03	15.5	15.88	15.3	15.44	42304	11.7	300172	中电环保	SZ	15.6	11.83	
473	2012-07-03	8.91	9.15	8.79	8.87	15540	8.77	300173	松德股份	SZ	8.85	8.75	
473	2012-07-03	11.05	11.5	10.5	10.85	88149	10.69	300174	元力股份	SZ	10.87	10.71	
473	2012-07-03	5.56	5.72	5.54	5.55	77289	2.77	300175	朗源股份	SZ	5.55	2.77	
473	2012-07-03	10.74	11.55	10.48	11.18	55849	9.23	300176	鸿特精密	SZ	10.7	8.83	
473	2012-07-03	11.68	12.35	11.56	11.65	161692	11.65	300177	中海达	SZ	11.23	11.23	
473	2012-07-03	14.48	14.58	14.35	14.45	13065	14.19	300178	腾邦国际	SZ	14.45	14.19	
473	2012-07-03	6.87	7.62	6.81	7.62	60051	4.16	300179	四方达	SZ	6.92	3.78	
473	2012-07-03	10.85	11.15	10.85	10.97	12017	10.74	300180	华峰超纤	SZ	10.94	10.72	
473	2012-07-03	9.07	9.49	8.8	9.12	430473	2.2	300181	佐力药业	SZ	8.71	2.1	
473	2012-07-03	18.25	18.84	18.25	18.76	8028	14.25	300182	捷成股份	SZ	18.5	14.05	
473	2012-07-03	26.99	27.65	26.96	27.14	24365	26.66	300183	东软载波	SZ	26.96	26.49	
473	2012-07-03	12.04	12.3	12.04	12.14	9388	7.82	300184	力源信息	SZ	12.14	7.82	
473	2012-07-03	5.37	5.42	5.27	5.33	55111	5.22	300185	通裕重工	SZ	5.34	5.23	
473	2012-07-03	7.34	7.57	7.28	7.42	34231	3.52	300186	大华农	SZ	7.34	3.48	
473	2012-07-03	18	19.95	17.94	19	152794	12.67	300187	永清环保	SZ	18.2	12.13	
