1361	2008-12-31	5.97	6	5.81	5.91	371619	3.61	1	深发展Ａ	SZ	5.94	3.62	
976	2008-12-31	1.3	1.33	1.28	1.29	15555	0.32	10	S ST华新	SZ	1.29	0.32	
1321	2008-12-31	1.35	1.36	1.3	1.31	333339	0.62	100	TCL 集团	SZ	1.35	0.64	
1368	2008-12-31	3.59	3.63	3.52	3.54	3435	3.21	11	深物业A	SZ	3.58	3.25	
1355	2008-12-31	4.87	5.1	4.87	5	179671	2.6	12	南 玻Ａ	SZ	4.86	2.53	
1367	2008-12-31	7.15	7.45	7.15	7.36	23589	7.27	14	沙河股份	SZ	7.27	7.18	
1368	2008-12-31	3.05	3.05	2.89	2.9	34579	2.9	150	宜华地产	SZ	3	3	
1367	2008-12-31	3.58	3.64	3.51	3.56	24987	3.49	151	中成股份	SZ	3.57	3.5	
1369	2008-12-31	3.33	3.43	3.33	3.36	14084	3.33	153	丰原药业	SZ	3.34	3.31	
1368	2008-12-31	5.92	6	5.63	5.71	50764	5.6	155	川化股份	SZ	5.89	5.77	
1353	2008-12-31	3.22	3.26	3.1	3.13	455919	0.77	157	中联重科	SZ	3.22	0.79	
1346	2008-12-31	3.05	3.1	2.91	2.93	22494	2.92	158	常山股份	SZ	3.04	3.03	
1326	2008-12-31	4.11	4.12	4.01	4.1	59557	1.92	159	国际实业	SZ	4.09	1.92	
1366	2008-12-31	3.23	3.3	3.13	3.15	107567	3.09	16	深康佳Ａ	SZ	3.23	3.17	
1338	2008-12-31	3.37	3.47	3.3	3.33	92536	1.36	1696	宗申动力	SZ	3.42	1.39	
1220	2008-12-31	3.49	3.49	3.49	3.49	0	3.49	17	*ST中华A	SZ	3.49	3.49	
1368	2008-12-31	3.96	4.16	3.87	3.98	2109	3.98	18	ST中冠A	SZ	4.07	4.07	
1358	2008-12-31	3.47	3.47	3.21	3.25	12089	3.25	1896	*ST豫能	SZ	3.42	3.42	
1304	2008-12-31	5.4	5.4	5.09	5.09	14833	4.96	19	深深宝Ａ	SZ	5.35	5.22	
1368	2008-12-31	6.5	6.56	6.38	6.45	836226	5.83	2	万 科Ａ	SZ	6.5	5.88	
1366	2008-12-31	2.42	2.5	2.39	2.4	11216	2.4	20	深华发Ａ	SZ	2.48	2.48	
1340	2008-12-31	12.71	12.89	12.56	12.61	83695	5.75	2001	新 和 成	SZ	12.59	5.75	
1310	2008-12-31	2.97	2.97	2.97	2.97	0	2.97	2002	ST琼花	SZ	2.97	2.97	
1334	2008-12-31	13.62	13.78	13.1	13.44	10142	8.11	2003	伟星股份	SZ	13.65	8.23	
1339	2008-12-31	4.21	4.5	4.12	4.38	142037	1.32	2004	华邦制药	SZ	4.24	1.28	
1331	2008-12-31	1.43	1.45	1.4	1.4	44815	0.7	2005	德豪润达	SZ	1.42	0.7	
1329	2008-12-31	1.88	1.94	1.82	1.84	97206	0.61	2006	精功科技	SZ	1.89	0.63	
1341	2008-12-31	14.71	15.04	14.71	15.04	13068	5.71	2007	华兰生物	SZ	14.84	5.64	
1345	2008-12-31	3.98	3.98	3.81	3.9	124283	2.44	2008	大族激光	SZ	3.95	2.47	
1341	2008-12-31	7.11	7.77	7.11	7.46	190546	7.42	2009	天奇股份	SZ	7.25	7.21	
1340	2008-12-31	2.31	2.37	2.29	2.31	25172	1.1	2010	传化股份	SZ	2.34	1.12	
1342	2008-12-31	3.55	3.72	3.53	3.6	90721	1.61	2011	盾安环境	SZ	3.53	1.58	
1345	2008-12-31	2.03	2.04	1.94	1.95	43465	0.93	2012	凯恩股份	SZ	2.03	0.97	
1319	2008-12-31	2.31	2.39	2.31	2.32	43560	0.86	2013	中航精机	SZ	2.32	0.86	
1345	2008-12-31	3.78	4.09	3.75	3.96	93134	1.65	2014	永新股份	SZ	3.74	1.56	
1334	2008-12-31	4.65	4.69	4.47	4.48	34688	4.45	2015	霞客环保	SZ	4.62	4.59	
1341	2008-12-31	2.8	2.9	2.77	2.77	52838	1.62	2016	世荣兆业	SZ	2.77	1.62	
1325	2008-12-31	5.55	5.88	5.49	5.88	32517	5.17	2017	东信和平	SZ	5.55	4.88	
1353	2008-12-31	4.32	4.42	4.27	4.29	121447	1.58	2018	华星化工	SZ	4.3	1.59	
1347	2008-12-31	8.2	9.08	8.12	8.87	154044	8.74	2019	鑫富药业	SZ	8.25	8.13	
1344	2008-12-31	2.78	2.78	2.78	2.78	0	1.34	2020	京新药业	SZ	2.78	1.34	
1342	2008-12-31	1.71	1.76	1.67	1.67	66982	0.71	2021	中捷股份	SZ	1.73	0.73	
1347	2008-12-31	18	18	17.58	17.92	19728	12.54	2022	科华生物	SZ	18.3	12.81	
1341	2008-12-31	3.34	3.39	3.11	3.14	57890	2.17	2023	海特高新	SZ	3.36	2.32	
1343	2008-12-31	7.93	8.04	7.86	7.96	208067	3.41	2024	苏宁电器	SZ	8.02	3.44	
1345	2008-12-31	6.2	6.26	6.07	6.26	22619	6.05	2025	航天电器	SZ	6.22	6.01	
1329	2008-12-31	2.71	2.77	2.67	2.67	8386	1.5	2026	山东威达	SZ	2.71	1.52	
1345	2008-12-31	3.5	3.68	3.43	3.56	76890	3.56	2027	七喜控股	SZ	3.54	3.54	
1347	2008-12-31	18.75	19.03	17.5	17.5	30917	10.22	2028	思源电气	SZ	18.62	10.88	
1343	2008-12-31	4.72	4.81	4.67	4.68	8395	1.96	2029	七 匹 狼	SZ	4.75	1.99	
1345	2008-12-31	3.71	4	3.71	3.86	114868	2.02	2030	达安基因	SZ	3.74	1.95	
1340	2008-12-31	3.03	3.09	2.94	2.97	17992	1.89	2031	巨轮股份	SZ	3.05	1.95	
1344	2008-12-31	8.78	8.8	8.59	8.59	8572	5.52	2032	苏 泊 尔	SZ	8.88	5.71	
1309	2008-12-31	5.86	5.99	5.77	5.91	34194	3.29	2033	丽江旅游	SZ	5.92	3.3	
1348	2008-12-31	5.04	5.14	4.81	4.88	5396	4.67	2034	美 欣 达	SZ	5.05	4.83	
1345	2008-12-31	4.55	4.86	4.46	4.63	101696	2.96	2035	华帝股份	SZ	4.65	2.97	
1348	2008-12-31	3.83	4.04	3.75	3.91	31511	2.52	2036	宜科科技	SZ	3.83	2.47	
1336	2008-12-31	3.75	3.85	3.72	3.73	26970	1.53	2037	久联发展	SZ	3.77	1.55	
1367	2008-12-31	20.19	20.47	20.01	20.38	18290	11.01	2038	双鹭药业	SZ	20.14	10.88	
1348	2008-12-31	11.66	12.06	11.66	11.69	8766	11.33	2039	黔源电力	SZ	11.69	11.33	
1345	2008-12-31	3.73	3.73	3.73	3.73	0	3.66	2040	南 京 港	SZ	3.73	3.66	
1346	2008-12-31	8.44	8.48	7.89	7.97	63014	3.9	2041	登海种业	SZ	8.48	4.15	
1360	2008-12-31	2.28	2.28	2.28	2.28	0	0.73	2042	华孚色纺	SZ	2.28	0.73	
1343	2008-12-31	1.92	1.93	1.86	1.87	29464	0.87	2043	兔 宝 宝	SZ	1.93	0.9	
1345	2008-12-31	2.47	2.61	2.41	2.57	25110	1.74	2044	江苏三友	SZ	2.44	1.66	
1341	2008-12-31	3.26	3.33	3.22	3.22	25201	1.65	2045	广州国光	SZ	3.25	1.67	
1341	2008-12-31	4.28	4.44	4.22	4.25	72991	2.03	2046	轴研科技	SZ	4.31	2.06	
1346	2008-12-31	2.04	2.07	1.94	1.94	16980	1.18	2047	成霖股份	SZ	2.04	1.24	
1341	2008-12-31	3.67	3.78	3.56	3.6	77765	3.44	2048	宁波华翔	SZ	3.63	3.47	
1314	2008-12-31	4.7	4.79	4.62	4.67	20428	4.51	2049	晶源电子	SZ	4.67	4.51	
1343	2008-12-31	6.4	6.78	6.16	6.17	79912	2.6	2050	三花股份	SZ	6.24	2.62	
1335	2008-12-31	4.08	4.19	4.03	4.04	23861	1.44	2051	中工国际	SZ	4.12	1.47	
1335	2008-12-31	3.69	3.78	3.64	3.68	28152	1.82	2052	同洲电子	SZ	3.7	1.83	
1344	2008-12-31	9.99	10.03	9	9.18	74105	9.1	2053	云南盐化	SZ	9.92	9.83	
1346	2008-12-31	3.68	3.7	3.58	3.59	23980	1.5	2054	德美化工	SZ	3.66	1.53	
1341	2008-12-31	3.04	3.05	2.94	2.94	18456	1.44	2055	得润电子	SZ	2.99	1.46	
1345	2008-12-31	6.5	6.52	6.28	6.3	24148	6.23	2056	横店东磁	SZ	6.38	6.31	
1346	2008-12-31	5.25	5.3	4.96	4.96	23088	4.95	2057	中钢天源	SZ	5.24	5.23	
1337	2008-12-31	3.77	3.91	3.58	3.59	60368	1.5	2058	威 尔 泰	SZ	3.78	1.58	
1320	2008-12-31	4.52	4.97	4.46	4.97	127988	4.88	2059	云南旅游	SZ	4.52	4.44	
1339	2008-12-31	3.73	3.82	3.71	3.73	37609	2.07	2060	粤 水 电	SZ	3.73	2.07	
1336	2008-12-31	3.34	3.41	3.3	3.33	18886	2.19	2061	江山化工	SZ	3.33	2.19	
1344	2008-12-31	7.18	7.23	7.04	7.09	12479	2.52	2062	宏润建设	SZ	7.05	2.5	
1344	2008-12-31	3.64	3.65	3.52	3.65	20851	0.89	2063	远光软件	SZ	3.59	0.88	
1347	2008-12-31	3.1	3.14	3.02	3.03	42901	1.45	2064	华峰氨纶	SZ	3.1	1.48	
1319	2008-12-31	6.45	6.47	6.15	6.19	76944	2.54	2065	东华软件	SZ	6.43	2.64	
1348	2008-12-31	3.98	4.09	3.94	3.98	15751	1.84	2066	瑞泰科技	SZ	3.97	1.84	
1339	2008-12-31	1.65	1.66	1.59	1.61	162536	0.78	2067	景兴纸业	SZ	1.66	0.81	
1338	2008-12-31	2.68	2.82	2.64	2.74	89942	1.07	2068	黑猫股份	SZ	2.66	1.04	
1339	2008-12-31	5.89	5.89	5.89	5.89	0	1.72	2069	獐 子 岛	SZ	5.89	1.72	
1343	2008-12-31	1.51	1.56	1.47	1.48	35712	0.5	2070	众和股份	SZ	1.53	0.51	
1341	2008-12-31	2.78	2.78	2.69	2.75	17552	1.82	2071	江苏宏宝	SZ	2.74	1.81	
1336	2008-12-31	3.7	3.74	3.48	3.49	30672	3.49	2072	*ST德棉	SZ	3.7	3.7	
1344	2008-12-31	4.67	4.78	4.6	4.67	56125	2.05	2073	软控股份	SZ	4.68	2.05	
1344	2008-12-31	5.39	5.6	5.28	5.28	65110	2.83	2074	东源电器	SZ	5.39	2.89	
1343	2008-12-31	5.5	5.57	5.16	5.22	18049	5.01	2076	雪 莱 特	SZ	5.53	5.3	
1327	2008-12-31	5.56	5.58	5.19	5.21	20950	5.12	2077	大港股份	SZ	5.52	5.42	
1340	2008-12-31	3.46	3.51	3.41	3.41	65052	1.58	2078	太阳纸业	SZ	3.46	1.6	
1339	2008-12-31	1.62	1.7	1.57	1.63	113664	0.67	2079	苏州固锝	SZ	1.65	0.68	
1342	2008-12-31	10.61	10.88	10.15	10.15	7073	4.8	2080	中材科技	SZ	10.6	5.02	
1340	2008-12-31	2.69	2.71	2.58	2.65	25861	0.32	2081	金 螳 螂	SZ	2.69	0.33	
1345	2008-12-31	4.79	4.86	4.72	4.74	11544	4.44	2082	栋梁新材	SZ	4.77	4.47	
1348	2008-12-31	4.04	4.04	4.04	4.04	0	3.94	2083	孚日股份	SZ	4.04	3.94	
1345	2008-12-31	3.32	3.35	3.22	3.34	13531	1.66	2084	海鸥卫浴	SZ	3.35	1.67	
1320	2008-12-31	3.66	3.74	3.58	3.62	13041	3.14	2085	万丰奥威	SZ	3.66	3.18	
1345	2008-12-31	5.83	5.84	5.66	5.66	18140	2.79	2086	东方海洋	SZ	5.76	2.84	
1340	2008-12-31	2.14	2.17	2.09	2.09	20341	1.22	2087	新野纺织	SZ	2.14	1.25	
1345	2008-12-31	10.35	10.35	9.75	10	9905	9.58	2088	鲁阳股份	SZ	10.25	9.82	
1342	2008-12-31	2.31	2.4	2.25	2.38	158604	0.9	2089	新 海 宜	SZ	2.31	0.87	
1287	2008-12-31	5.79	5.92	5.47	5.49	79416	2.58	2090	金智科技	SZ	5.66	2.66	
1347	2008-12-31	5.83	6.03	5.73	5.88	59775	3.77	2091	江苏国泰	SZ	5.83	3.74	
1334	2008-12-31	4.03	4.08	3.87	3.87	59523	2.43	2092	中泰化学	SZ	4.03	2.53	
1342	2008-12-31	3.73	3.91	3.7	3.78	91491	1.26	2093	国脉科技	SZ	3.7	1.23	
1345	2008-12-31	3.23	3.26	3.1	3.13	34357	2.02	2094	青岛金王	SZ	3.21	2.07	
1348	2008-12-31	8.13	8.93	8.02	8.67	63096	4.66	2095	生 意 宝	SZ	8.13	4.37	
1318	2008-12-31	3.55	3.63	3.45	3.47	18749	1.07	2096	南岭民爆	SZ	3.55	1.1	
1344	2008-12-31	8.29	8.33	8	8	52943	5.28	2097	山河智能	SZ	8.2	5.41	
1341	2008-12-31	5.19	5.43	5.15	5.15	12812	4.73	2098	浔兴股份	SZ	5.19	4.77	
1340	2008-12-31	3.01	3.23	2.92	3.12	130595	1.45	2099	海翔药业	SZ	3	1.39	
1355	2008-12-31	2.83	2.84	2.75	2.76	36451	1.74	21	长城开发	SZ	2.82	1.78	
1337	2008-12-31	5.28	5.41	5.15	5.27	33846	2.33	2100	天康生物	SZ	5.34	2.36	
1335	2008-12-31	4.43	4.52	4.32	4.32	23064	2.03	2101	广东鸿图	SZ	4.41	2.08	
1337	2008-12-31	2	2.27	1.97	2.27	309228	1.12	2102	冠福家用	SZ	2.07	1.02	
1346	2008-12-31	4.46	4.66	4.42	4.55	18901	4.22	2103	广博股份	SZ	4.43	4.11	
1346	2008-12-31	4.7	4.96	4.65	4.79	29561	4.66	2104	恒宝股份	SZ	4.63	4.5	
1343	2008-12-31	3.67	3.69	3.46	3.46	21301	3.22	2105	信隆实业	SZ	3.64	3.39	
1347	2008-12-31	3.98	4.03	3.82	3.82	81456	1.94	2106	莱宝高科	SZ	3.97	2.01	
1344	2008-12-31	14	14.2	13.44	13.51	25554	6.75	2107	沃华医药	SZ	13.99	7	
1338	2008-12-31	3.12	3.14	3.01	3.02	49618	0.76	2108	沧州明珠	SZ	3.09	0.77	
1343	2008-12-31	6.69	6.93	6.65	6.7	56162	6.32	2109	兴化股份	SZ	6.7	6.32	
1338	2008-12-31	5.88	6.01	5.88	5.89	14280	5.82	2110	三钢闽光	SZ	5.91	5.84	
1338	2008-12-31	7.37	7.44	7.22	7.26	3007	3.86	2111	威海广泰	SZ	7.28	3.87	
1343	2008-12-31	4.76	4.94	4.6	4.69	63850	1.83	2112	三变科技	SZ	4.85	1.89	
1328	2008-12-31	4.14	4.18	3.96	3.98	18440	3.98	2113	ST天润	SZ	4.12	4.12	
1347	2008-12-31	6.12	6.77	6.12	6.77	20468	6.77	2114	罗平锌电	SZ	6.15	6.15	
1338	2008-12-31	4.01	4.19	4.01	4.08	38146	1.3	2115	三维通信	SZ	4.01	1.28	
1345	2008-12-31	4.66	5.07	4.6	4.94	40074	2.41	2116	中国海诚	SZ	4.63	2.25	
1338	2008-12-31	5.76	5.96	5.72	5.84	18678	3.2	2117	东港股份	SZ	5.73	3.13	
1298	2008-12-31	4.01	4.36	3.91	4.01	312809	1.17	2118	紫鑫药业	SZ	4.01	1.17	
1337	2008-12-31	4.16	4.33	4.08	4.17	62618	4.11	2119	康强电子	SZ	4.17	4.11	
1282	2008-12-31	5.27	5.68	5.27	5.6	16847	5.43	2120	新海股份	SZ	5.34	5.18	
1340	2008-12-31	6.27	6.57	6.23	6.33	31195	2.07	2121	科陆电子	SZ	6.25	2.04	
1347	2008-12-31	13.11	13.5	13.02	13.33	17626	3.18	2122	天马股份	SZ	13.12	3.13	
1346	2008-12-31	9.44	9.65	9.24	9.63	38380	2.63	2123	荣信股份	SZ	9.44	2.58	
1345	2008-12-31	6.05	6.22	6.05	6.1	25794	3.79	2124	天邦股份	SZ	6.04	3.76	
1333	2008-12-31	3.72	3.74	3.52	3.55	22151	2.21	2125	湘潭电化	SZ	3.74	2.33	
1341	2008-12-31	3.14	3.23	3.07	3.21	26774	1.17	2126	银轮股份	SZ	3.11	1.14	
1342	2008-12-31	2.49	2.51	2.41	2.43	20708	1.01	2127	新民科技	SZ	2.47	1.03	
1345	2008-12-31	7.06	7.15	6.95	6.99	17039	4.97	2128	露天煤业	SZ	7.03	5	
1337	2008-12-31	4.15	4.27	4.1	4.16	172848	2.76	2129	中环股份	SZ	4.07	2.7	
1337	2008-12-31	2.57	2.73	2.57	2.64	86712	0.57	2130	沃尔核材	SZ	2.61	0.56	
1259	2008-12-31	3.32	3.49	3.32	3.38	21080	1.61	2131	利欧股份	SZ	3.35	1.6	
1339	2008-12-31	3.2	3.22	3.07	3.07	70683	1.46	2132	恒星科技	SZ	3.19	1.52	
1340	2008-12-31	2.98	3.08	2.95	2.96	66666	2.21	2133	广宇集团	SZ	2.97	2.23	
1347	2008-12-31	4.83	4.99	4.75	4.9	29647	4.9	2134	天津普林	SZ	4.79	4.79	
1342	2008-12-31	2.6	2.64	2.41	2.41	95437	0.85	2135	东南网架	SZ	2.66	0.94	
1340	2008-12-31	3.69	3.9	3.45	3.49	126846	1.74	2136	安 纳 达	SZ	3.73	1.85	
1342	2008-12-31	2.59	2.59	2.47	2.48	27758	1.12	2137	实 益 达	SZ	2.56	1.16	
1342	2008-12-31	4.98	5.13	4.85	5.07	52591	2.12	2138	顺络电子	SZ	4.95	2.07	
1339	2008-12-31	4.94	5.03	4.81	4.92	18572	2.5	2139	拓邦股份	SZ	4.92	2.5	
1346	2008-12-31	6.05	6.12	5.85	6.08	26412	1.31	2140	东华科技	SZ	6.04	1.31	
1306	2008-12-31	3.07	3.15	3	3.09	16741	1.37	2141	蓉胜超微	SZ	3.03	1.34	
1343	2008-12-31	6.86	6.96	6.79	6.8	69456	6.18	2142	宁波银行	SZ	6.85	6.22	
1337	2008-12-31	4.31	4.36	4.05	4.05	14641	3.08	2143	高金食品	SZ	4.29	3.26	
1337	2008-12-31	5.95	5.99	5.69	5.72	16639	5.49	2144	宏达高科	SZ	6	5.76	
1253	2008-12-31	4.58	4.58	4.58	4.58	0	4.58	2145	*ST钛白	SZ	4.58	4.58	
1337	2008-12-31	2.95	3.09	2.93	2.98	63284	1.57	2146	荣盛发展	SZ	2.93	1.54	
1340	2008-12-31	10.65	11.15	10.64	11	21889	5.19	2147	方圆支承	SZ	10.7	5.05	
1345	2008-12-31	4.43	4.6	4.35	4.51	48597	1.4	2148	北纬通信	SZ	4.42	1.37	
1343	2008-12-31	12.19	12.54	12.19	12.25	11756	12.04	2149	西部材料	SZ	12.21	12	
1347	2008-12-31	4	4.07	3.81	3.81	27177	1.43	2150	江苏通润	SZ	3.96	1.48	
1334	2008-12-31	9.79	9.94	9.59	9.76	17326	5.24	2151	北斗星通	SZ	9.76	5.24	
1348	2008-12-31	11.26	11.37	11.15	11.28	25728	3.98	2152	广电运通	SZ	11.26	3.97	
1346	2008-12-31	17.39	17.74	17.32	17.56	2218	6.12	2153	石基信息	SZ	17.46	6.09	
1335	2008-12-31	4.38	4.41	4.23	4.23	28537	1.48	2154	报 喜 鸟	SZ	4.38	1.53	
1345	2008-12-31	4.41	4.49	4.32	4.34	49508	2.29	2155	辰州矿业	SZ	4.42	2.33	
1343	2008-12-31	2.83	2.89	2.74	2.81	34114	1.27	2156	通富微电	SZ	2.83	1.28	
1346	2008-12-31	3.34	3.38	3.25	3.27	19884	1.99	2157	正邦科技	SZ	3.33	2.03	
1347	2008-12-31	6.19	6.4	6.1	6.31	27698	3.66	2158	汉钟精机	SZ	6.15	3.57	
1344	2008-12-31	4.88	4.95	4.8	4.8	24020	4.74	2159	三特索道	SZ	4.88	4.82	
1343	2008-12-31	3.55	3.67	3.54	3.59	85789	0.65	2161	远 望 谷	SZ	3.56	0.65	
1346	2008-12-31	4.72	4.95	4.65	4.79	57888	4.3	2162	斯 米 克	SZ	4.72	4.24	
1331	2008-12-31	1.67	1.68	1.6	1.65	56065	0.52	2163	中航三鑫	SZ	1.66	0.52	
1345	2008-12-31	4.63	4.79	4.6	4.6	27421	2.2	2164	东力传动	SZ	4.63	2.22	
1344	2008-12-31	2.65	2.77	2.62	2.71	67422	0.61	2165	红 宝 丽	SZ	2.64	0.6	
1338	2008-12-31	4.72	5.05	4.66	4.79	24350	2.39	2166	莱茵生物	SZ	4.73	2.37	
1340	2008-12-31	3.25	3.46	3.12	3.17	107007	0.6	2167	东方锆业	SZ	3.31	0.62	
1340	2008-12-31	1.45	1.52	1.45	1.46	187165	0.19	2168	深圳惠程	SZ	1.42	0.18	
1341	2008-12-31	4.99	5.2	4.83	4.9	53897	1.62	2169	智光电气	SZ	4.97	1.64	
1342	2008-12-31	2.28	2.32	2.22	2.27	43193	0.51	2170	芭田股份	SZ	2.28	0.51	
1346	2008-12-31	6.61	6.88	6.6	6.75	16624	6.68	2171	精诚铜业	SZ	6.61	6.55	
1341	2008-12-31	2.53	2.53	2.38	2.43	45886	1.62	2172	澳洋科技	SZ	2.51	1.68	
1346	2008-12-31	4.54	4.88	4.52	4.66	57711	1.54	2173	山 下 湖	SZ	4.57	1.51	
1344	2008-12-31	6.15	6.25	6.02	6.09	11016	6.07	2174	梅 花 伞	SZ	6.08	6.06	
1318	2008-12-31	6.65	6.88	6.51	6.73	14681	6.62	2175	广陆数测	SZ	6.65	6.54	
1331	2008-12-31	2.26	2.44	2.17	2.34	387385	0.64	2176	江特电机	SZ	2.23	0.6	
1338	2008-12-31	2.15	2.25	2.15	2.17	65438	0.5	2177	御银股份	SZ	2.15	0.49	
1346	2008-12-31	5.04	5.1	4.8	4.83	30408	2.84	2178	延华智能	SZ	5.04	2.96	
1347	2008-12-31	6.93	7.06	6.69	6.82	28075	2.97	2179	中航光电	SZ	6.93	3.02	
1346	2008-12-31	6.6	6.85	6.31	6.67	50244	4.3	2180	万 力 达	SZ	6.57	4.24	
1288	2008-12-31	6.1	6.26	5.55	5.63	134827	5.54	2181	粤 传 媒	SZ	6.1	6	
1343	2008-12-31	5.94	5.94	5.79	5.84	15260	3.81	2182	云海金属	SZ	5.87	3.83	
1327	2008-12-31	5.85	5.93	5.72	5.72	31539	1.55	2183	怡 亚 通	SZ	5.83	1.58	
1348	2008-12-31	6.4	6.4	6.4	6.4	0	6.18	2184	海得控制	SZ	6.4	6.18	
1342	2008-12-31	1.95	1.98	1.91	1.91	77188	0.81	2185	华天科技	SZ	1.94	0.82	
1347	2008-12-31	11.27	11.63	11.01	11.26	24804	4.81	2186	全 聚 德	SZ	11.16	4.77	
1344	2008-12-31	9.33	9.57	9.28	9.34	37145	4.67	2187	广百股份	SZ	9.25	4.62	
1300	2008-12-31	3.53	3.69	3.51	3.55	27483	1.81	2188	新 嘉 联	SZ	3.54	1.8	
1346	2008-12-31	4.79	4.88	4.66	4.73	10605	4.69	2189	利达光电	SZ	4.8	4.76	
1326	2008-12-31	3.55	3.7	3.5	3.56	51146	1.64	2190	成飞集成	SZ	3.62	1.66	
1343	2008-12-31	9.07	9.07	8.67	8.67	68491	5.15	2191	劲嘉股份	SZ	9.05	5.38	
1342	2008-12-31	5.66	6.18	5.66	6.04	18974	3.01	2192	路翔股份	SZ	5.65	2.82	
1348	2008-12-31	4.75	4.78	4.51	4.54	31367	4.48	2193	山东如意	SZ	4.7	4.64	
1347	2008-12-31	12.69	13.24	12.69	12.69	20387	8.75	2194	武汉凡谷	SZ	12.68	8.74	
1348	2008-12-31	7.48	7.65	7.25	7.4	16157	4.76	2195	海隆软件	SZ	7.41	4.77	
1342	2008-12-31	5.27	5.99	5.24	5.67	50171	3.56	2196	方正电机	SZ	5.5	3.46	
1341	2008-12-31	6.53	6.85	6.43	6.67	32267	2.66	2197	证通电子	SZ	6.45	2.58	
1343	2008-12-31	1.76	1.91	1.76	1.91	158829	0.38	2198	嘉应制药	SZ	1.74	0.34	
1342	2008-12-31	4.45	4.69	4.35	4.54	47774	1.7	2199	东晶电子	SZ	4.41	1.65	
1368	2008-12-31	9.71	9.77	9.49	9.5	23952	8.21	22	深赤湾Ａ	SZ	9.9	8.55	
1316	2008-12-31	18.21	18.49	17.94	18.22	5268	9.97	2200	绿 大 地	SZ	18.17	9.95	
1306	2008-12-31	4.08	4.24	4.02	4.11	14744	2.41	2201	九鼎新材	SZ	4.07	2.38	
1342	2008-12-31	10.89	11.88	10.83	11.27	870787	4.67	2202	金风科技	SZ	10.84	4.49	
1346	2008-12-31	4.64	4.73	4.57	4.59	18329	2.86	2203	海亮股份	SZ	4.6	2.86	
1319	2008-12-31	6.73	6.78	6.45	6.76	55956	2.83	2204	华锐铸钢	SZ	6.72	2.82	
1341	2008-12-31	9.42	9.73	9.41	9.49	7989	7.47	2205	国统股份	SZ	9.42	7.42	
1339	2008-12-31	4.34	4.45	4.27	4.3	31991	1.2	2206	海 利 得	SZ	4.38	1.22	
1342	2008-12-31	8.63	9.15	8.6	8.85	15807	8.71	2207	准油股份	SZ	8.66	8.52	
1344	2008-12-31	3.27	3.36	3.25	3.27	15010	1.52	2208	合肥城建	SZ	3.27	1.52	
1344	2008-12-31	5.41	5.45	5.24	5.25	15560	3.4	2209	达 意 隆	SZ	5.41	3.51	
1345	2008-12-31	2.7	2.88	2.67	2.79	128291	0.91	2210	飞马国际	SZ	2.67	0.87	
1342	2008-12-31	4.06	4.21	4.03	4.11	34410	2.71	2211	宏达新材	SZ	4.02	2.65	
1337	2008-12-31	4.28	4.53	4.28	4.39	105596	1.29	2212	南洋股份	SZ	4.27	1.25	
1345	2008-12-31	3.54	3.64	3.53	3.53	28934	1.7	2213	特 尔 佳	SZ	3.53	1.7	
1323	2008-12-31	7.75	7.89	7.35	7.43	27500	3.55	2214	大立科技	SZ	7.84	3.75	
1337	2008-12-31	5.66	5.82	5.56	5.74	23448	1.68	2215	诺 普 信	SZ	5.66	1.66	
1341	2008-12-31	6.83	7.14	6.82	6.92	30028	1.62	2216	三全食品	SZ	6.82	1.6	
1344	2008-12-31	5.64	5.91	5.58	5.73	81743	2.41	2217	联合化工	SZ	5.58	2.35	
1341	2008-12-31	7.4	7.64	7.19	7.32	83194	3.11	2218	拓日新能	SZ	7.4	3.15	
1343	2008-12-31	4.29	4.59	4.29	4.47	106706	1.1	2219	独 一 味	SZ	4.3	1.06	
1342	2008-12-31	3.99	4.07	3.89	3.89	61141	0.89	2220	天宝股份	SZ	3.98	0.91	
1339	2008-12-31	2.55	2.58	2.48	2.48	19663	1.22	2221	东华能源	SZ	2.54	1.24	
1348	2008-12-31	4.2	4.3	4.15	4.18	21809	2.5	2222	福晶科技	SZ	4.2	2.51	
1345	2008-12-31	4.79	4.86	4.67	4.79	93685	0.91	2223	鱼跃医疗	SZ	4.79	0.91	
1343	2008-12-31	3.7	3.7	3.47	3.5	33028	1.23	2224	三 力 士	SZ	3.66	1.29	
1335	2008-12-31	2.89	2.93	2.83	2.85	45698	1.62	2225	濮耐股份	SZ	2.87	1.63	
1316	2008-12-31	3.56	3.71	3.51	3.55	28017	0.84	2226	江南化工	SZ	3.54	0.83	
1347	2008-12-31	13.3	13.79	13.16	13.21	27047	12.9	2227	奥 特 迅	SZ	13.2	12.89	
1336	2008-12-31	3.15	3.29	3.15	3.22	27006	0.98	2228	合兴包装	SZ	3.12	0.95	
1341	2008-12-31	3.18	3.44	3.18	3.24	82737	0.91	2229	鸿博股份	SZ	3.19	0.9	
1341	2008-12-31	7.19	7.43	6.96	6.96	46183	1.11	2230	科大讯飞	SZ	7.07	1.13	
1346	2008-12-31	2.3	2.42	2.27	2.37	90021	0.71	2231	奥维通信	SZ	2.31	0.7	
1337	2008-12-31	4.64	4.81	4.57	4.72	133734	1.63	2232	启明信息	SZ	4.57	1.58	
1343	2008-12-31	3.74	3.83	3.7	3.71	75964	1.75	2233	塔牌集团	SZ	3.71	1.75	
1342	2008-12-31	6.01	6.17	5.95	6.04	35058	2.81	2234	民和股份	SZ	5.97	2.78	
1340	2008-12-31	4.83	5.07	4.78	4.87	46904	2.39	2235	安妮股份	SZ	4.79	2.35	
1343	2008-12-31	2.27	2.45	2.25	2.38	216520	0.13	2236	大华股份	SZ	2.26	0.12	
1340	2008-12-31	7.25	7.57	7.1	7.54	97461	1.83	2237	恒邦股份	SZ	7.28	1.76	
1344	2008-12-31	10.16	10.56	10.04	10.21	32522	8.29	2238	天威视讯	SZ	10.16	8.25	
1339	2008-12-31	4.7	4.85	4.63	4.65	52729	3.03	2239	金 飞 达	SZ	4.79	3.13	
1347	2008-12-31	4	4.12	3.96	3.98	39134	2.45	2240	威华股份	SZ	4.06	2.5	
1338	2008-12-31	2.14	2.26	2.14	2.21	88369	0.18	2241	歌尔声学	SZ	2.17	0.17	
1344	2008-12-31	15.09	15.97	15.09	15.61	18083	4.1	2242	九阳股份	SZ	15.27	4.01	
1340	2008-12-31	7.16	7.33	6.95	6.96	14365	6.66	2243	通产丽星	SZ	7.25	6.93	
1346	2008-12-31	6.21	6.31	6.01	6.04	28637	4.48	2244	滨江集团	SZ	6.27	4.65	
1342	2008-12-31	2.75	2.78	2.66	2.66	78694	0.43	2245	澳洋顺昌	SZ	2.74	0.44	
1300	2008-12-31	5.16	5.25	5.05	5.1	20370	4.91	2246	北化股份	SZ	5.14	4.95	
1346	2008-12-31	4.1	4.17	4	4.07	35837	1.22	2247	帝龙新材	SZ	4.06	1.22	
1336	2008-12-31	7.25	7.47	6.99	6.99	77064	3.43	2248	华东数控	SZ	7.32	3.59	
1340	2008-12-31	3.69	3.8	3.67	3.73	195897	0.63	2249	大洋电机	SZ	3.65	0.61	
1335	2008-12-31	2.85	2.94	2.79	2.79	134854	0.68	2250	联化科技	SZ	2.85	0.7	
1345	2008-12-31	11.77	11.87	11.44	11.52	22372	2.7	2251	步 步 高	SZ	11.66	2.73	
1344	2008-12-31	8.2	8.49	8.15	8.24	74600	2.37	2252	上海莱士	SZ	8.15	2.35	
1342	2008-12-31	11.24	11.5	10.42	10.42	72313	4.1	2253	川大智胜	SZ	11.32	4.45	
1347	2008-12-31	6.23	6.52	6.22	6.29	80394	1.22	2254	烟台氨纶	SZ	6.22	1.21	
1344	2008-12-31	8.44	8.7	8.28	8.39	36929	4	2255	海陆重工	SZ	8.33	3.98	
1237	2008-12-31	3.47	3.64	3.47	3.54	60717	1.16	2256	彩虹精化	SZ	3.51	1.16	
1323	2008-12-31	9.13	9.65	9.01	9.27	31877	5.88	2258	利尔化学	SZ	9.12	5.79	
1342	2008-12-31	1.86	1.9	1.8	1.8	108198	0.69	2259	升达林业	SZ	1.9	0.73	
1341	2008-12-31	4.82	5.06	4.79	4.87	50668	3.6	2260	伊 立 浦	SZ	4.82	3.56	
1339	2008-12-31	6.94	7.43	6.94	7.19	80068	1.97	2261	拓维信息	SZ	6.92	1.9	
1346	2008-12-31	6.8	7.12	6.66	6.75	84294	2.71	2262	恩华药业	SZ	6.89	2.76	
1342	2008-12-31	2.74	2.77	2.67	2.68	37028	1.43	2263	大 东 南	SZ	2.71	1.45	
1340	2008-12-31	4.03	4.03	4.03	4.03	0	0.76	2264	新 华 都	SZ	4.03	0.76	
1344	2008-12-31	4.31	4.35	4.1	4.12	39853	4.11	2265	西仪股份	SZ	4.27	4.26	
1338	2008-12-31	2.65	2.69	2.6	2.6	100659	0.26	2266	浙富股份	SZ	2.65	0.26	
1347	2008-12-31	5.96	6.15	5.93	5.95	98063	2.59	2267	陕天然气	SZ	5.95	2.59	
1347	2008-12-31	8.1	8.63	7.97	8.26	63694	3.1	2268	卫 士 通	SZ	7.97	2.99	
1345	2008-12-31	18.43	18.77	18.4	18.47	11307	10.76	2269	美邦服饰	SZ	18.43	10.74	
1346	2008-12-31	8.45	8.65	8.34	8.37	43152	6.11	2270	法因数控	SZ	8.38	6.12	
1337	2008-12-31	5.45	5.98	5.43	5.52	155253	0.83	2271	东方雨虹	SZ	5.56	0.84	
1345	2008-12-31	5.52	5.55	5.2	5.2	112152	1.43	2272	川润股份	SZ	5.43	1.5	
1342	2008-12-31	5.46	5.59	5.36	5.42	67730	1.22	2273	水晶光电	SZ	5.47	1.23	
1347	2008-12-31	12.36	12.89	12.3	12.58	81521	9.44	2274	华昌化工	SZ	12.25	9.18	
1346	2008-12-31	3.9	3.92	3.75	3.81	16601	3.71	23	深天地Ａ	SZ	3.9	3.79	
1368	2008-12-31	12.9	13.4	12.9	13.12	74316	12.11	24	招商地产	SZ	12.97	11.97	
1368	2008-12-31	3.77	3.83	3.7	3.81	8950	3.81	25	特 力Ａ	SZ	3.77	3.77	
1368	2008-12-31	3.46	3.53	3.44	3.46	17072	2.35	26	飞亚达Ａ	SZ	3.45	2.34	
1364	2008-12-31	6.84	6.97	6.75	6.78	32367	5.26	27	深圳能源	SZ	6.84	5.32	
1343	2008-12-31	16.75	17	16.3	16.41	13450	16.05	28	一致药业	SZ	16.8	16.43	
1339	2008-12-31	2.63	2.67	2.58	2.6	23348	2.6	29	深深房Ａ	SZ	2.63	2.63	
1045	2008-12-31	2.92	2.92	2.92	2.92	0	2.92	30	*ST盛润A	SZ	2.92	2.92	
1366	2008-12-31	3.51	3.58	3.38	3.4	41062	3.23	301	东方市场	SZ	3.51	3.34	
1368	2008-12-31	4.95	4.99	4.79	4.8	114332	4.7	31	中粮地产	SZ	4.99	4.89	
1367	2008-12-31	5.15	5.27	5.07	5.12	41028	4.87	32	深桑达Ａ	SZ	5.09	4.85	
1362	2008-12-31	2.84	2.92	2.78	2.78	27605	2.78	33	新都酒店	SZ	2.87	2.87	
1346	2008-12-31	7.46	7.58	7.44	7.49	50029	2.95	338	潍柴动力	SZ	7.46	2.94	
1163	2008-12-31	1.91	1.92	1.82	1.83	29777	1.83	34	ST深泰	SZ	1.92	1.92	
1359	2008-12-31	2.38	2.48	2.33	2.4	23162	1.9	35	*ST科健	SZ	2.37	1.88	
1369	2008-12-31	2.03	2.04	1.98	1.99	88101	1.99	36	华联控股	SZ	2.02	2.02	
1362	2008-12-31	3.19	3.23	3.08	3.18	14219	3.18	37	深南电Ａ	SZ	3.19	3.19	
1367	2008-12-31	6.19	6.26	6.16	6.2	36645	5.69	39	中集集团	SZ	6.19	5.68	
1305	2008-12-31	3.5	3.58	3.46	3.56	3720	3.56	4	ST国农	SZ	3.56	3.56	
1312	2008-12-31	3.5	3.57	3.48	3.48	12779	3.43	40	深 鸿 基	SZ	3.5	3.45	
1368	2008-12-31	10.51	10.52	10	10.11	69484	7.67	400	许继电气	SZ	10.47	7.95	
1366	2008-12-31	9.79	10.06	9.71	9.9	48122	9.72	401	冀东水泥	SZ	9.91	9.73	
