1612	2008-01-15	20.89	21.15	20.19	20.21	368244	9.43	1	深发展Ａ	SZ	20.89	9.75	
1227	2008-01-15	3.88	3.88	3.88	3.88	0	0.97	10	S ST华新	SZ	3.88	0.97	
1572	2008-01-15	2.92	3.06	2.92	3.06	2321178	1.45	100	TCL 集团	SZ	2.91	1.38	
1619	2008-01-15	12.27	12.51	11.98	12.07	21953	10.97	11	深物业A	SZ	12.25	11.13	
1606	2008-01-15	14.35	14.38	13.88	14.11	92664	7.24	12	南 玻Ａ	SZ	14.29	7.33	
1618	2008-01-15	12.84	12.84	12.84	12.84	0	8.43	14	沙河股份	SZ	12.84	8.43	
1619	2008-01-15	12.69	12.69	12.69	12.69	0	12.69	150	宜华地产	SZ	12.69	12.69	
1618	2008-01-15	13.34	13.66	13.26	13.5	52755	12.99	151	中成股份	SZ	13.34	12.84	
1620	2008-01-15	8.36	8.6	8.33	8.53	58876	8.44	153	丰原药业	SZ	8.32	8.24	
1619	2008-01-15	16.29	17	16.13	16.98	122123	16.5	155	川化股份	SZ	16.18	15.73	
1604	2008-01-15	8.16	8.32	8.1	8.25	173448	1	157	中联重科	SZ	8.16	0.98	
1597	2008-01-15	9.12	9.62	9.09	9.5	156677	6.58	158	常山股份	SZ	9.12	6.32	
1577	2008-01-15	8.76	8.9	8.51	8.68	81125	4.06	159	国际实业	SZ	8.9	4.17	
1617	2008-01-15	4.61	4.72	4.59	4.7	225102	2.3	16	深康佳Ａ	SZ	4.59	2.25	
1589	2008-01-15	12.69	12.81	12.36	12.77	216179	5.2	1696	宗申动力	SZ	12.65	5.15	
1471	2008-01-15	3.49	3.49	3.49	3.49	0	3.49	17	*ST中华A	SZ	3.49	3.49	
1619	2008-01-15	9.77	9.77	9.77	9.77	0	9.77	18	ST中冠A	SZ	9.77	9.77	
1609	2008-01-15	8.7	8.75	8.5	8.69	19064	8.69	1896	*ST豫能	SZ	8.68	8.68	
1555	2008-01-15	22.01	22.85	21.9	22.64	18883	22.08	19	深深宝Ａ	SZ	22.11	21.56	
1619	2008-01-15	19.57	19.67	18.84	18.91	1488834	10.59	2	万 科Ａ	SZ	19.52	10.93	
1617	2008-01-15	8.18	8.3	8.07	8.3	27518	8.3	20	深华发Ａ	SZ	8.17	8.17	
1591	2008-01-15	17.33	17.95	17.13	17.57	38387	7.4	2001	新 和 成	SZ	17.33	7.3	
1561	2008-01-15	5.75	5.75	5.75	5.75	0	4.43	2002	ST琼花	SZ	5.75	4.43	
1585	2008-01-15	33.38	33.68	32.47	32.7	17961	15.07	2003	伟星股份	SZ	32.98	15.2	
1590	2008-01-15	13.03	14.03	12.9	14	117390	4.21	2004	华邦制药	SZ	12.86	3.87	
1582	2008-01-15	4.64	4.68	4.4	4.51	202107	1.11	2005	德豪润达	SZ	4.74	1.17	
1580	2008-01-15	5.09	5.09	5.09	5.09	0	1.12	2006	精功科技	SZ	5.09	1.12	
1592	2008-01-15	20.11	20.24	19.92	20.14	4534	7.65	2007	华兰生物	SZ	19.94	7.58	
1596	2008-01-15	13.12	13.45	13.12	13.34	63057	5.16	2008	大族激光	SZ	13.12	5.07	
1592	2008-01-15	22.01	23	21.85	22.42	12385	11.14	2009	天奇股份	SZ	22.01	10.94	
1591	2008-01-15	10.23	10.5	10.13	10.19	26595	3.74	2010	传化股份	SZ	10.35	3.8	
1593	2008-01-15	8.28	8.54	8.1	8.27	58688	1.77	2011	盾安环境	SZ	8.3	1.78	
1596	2008-01-15	4.94	5.39	4.84	5.2	237646	2.48	2012	凯恩股份	SZ	4.95	2.36	
1570	2008-01-15	5.8	5.96	5.73	5.96	45778	1.48	2013	中航精机	SZ	5.82	1.44	
1596	2008-01-15	8.13	8.46	8.13	8.39	76989	3.31	2014	永新股份	SZ	8.09	3.19	
1585	2008-01-15	11.12	11.58	10.83	11.06	100673	6.42	2015	霞客环保	SZ	11.03	6.4	
1592	2008-01-15	6.99	7.1	6.71	6.82	50766	2	2016	世荣兆业	SZ	6.9	2.02	
1576	2008-01-15	12.15	12.66	12.01	12.63	41058	8.54	2017	东信和平	SZ	12.15	8.22	
1604	2008-01-15	11.2	11.39	10.72	10.9	242209	3.07	2018	华星化工	SZ	11.14	3.13	
1598	2008-01-15	47.05	47.36	45.82	46.04	44778	45.17	2019	鑫富药业	SZ	47.04	46.16	
1595	2008-01-15	7.06	7.3	7	7.3	31323	3.52	2020	京新药业	SZ	7.05	3.39	
1593	2008-01-15	7.15	7.25	7.04	7.24	146263	2.95	2021	中捷股份	SZ	7.15	2.91	
1598	2008-01-15	19.18	19.54	18.82	18.92	25174	8.8	2022	科华生物	SZ	19.17	8.92	
1592	2008-01-15	7.09	7.25	7.08	7.2	45410	3.11	2023	海特高新	SZ	7.07	3.05	
1594	2008-01-15	15.91	16.07	15.67	15.71	134290	3.27	2024	苏宁电器	SZ	15.88	3.3	
1596	2008-01-15	14.01	14.33	13.95	14.08	48243	6.74	2025	航天电器	SZ	13.99	6.7	
1580	2008-01-15	6.4	6.64	6.4	6.63	42939	3.64	2026	山东威达	SZ	6.39	3.51	
1596	2008-01-15	7.92	8.16	7.91	8.12	58774	8.12	2027	七喜控股	SZ	7.91	7.91	
1598	2008-01-15	25.39	26.43	25.39	26.14	18870	9.44	2028	思源电气	SZ	25.35	9.16	
1594	2008-01-15	8.74	8.74	8.5	8.53	28282	2.38	2029	七 匹 狼	SZ	8.57	2.39	
1596	2008-01-15	6.98	7.19	6.97	7.19	70948	2.3	2030	达安基因	SZ	6.98	2.24	
1591	2008-01-15	10.93	11.33	10.92	11.13	41865	6.91	2031	巨轮股份	SZ	10.95	6.8	
1595	2008-01-15	18.2	19.81	18.2	19.81	108899	6.37	2032	苏 泊 尔	SZ	18.01	5.79	
1560	2008-01-15	19.17	19.23	18.54	18.63	25838	10.39	2033	丽江旅游	SZ	19.1	10.65	
1599	2008-01-15	13.24	13.7	13.1	13.5	13407	12.92	2034	美 欣 达	SZ	13.2	12.63	
1596	2008-01-15	10.71	10.86	10.45	10.81	75683	6.88	2035	华帝股份	SZ	10.85	6.91	
1599	2008-01-15	14.08	15.24	14.08	15.07	60746	9.56	2036	宜科科技	SZ	14	8.88	
1587	2008-01-15	9.3	9.53	9.26	9.35	26100	3.46	2037	久联发展	SZ	9.31	3.44	
1618	2008-01-15	16.87	18.05	16.67	18.03	35941	4.84	2038	双鹭药业	SZ	16.79	4.51	
1599	2008-01-15	17.45	17.6	17.2	17.56	9481	16.88	2039	黔源电力	SZ	17.39	16.71	
1596	2008-01-15	15.47	15.65	14.9	15.09	64236	14.7	2040	南 京 港	SZ	15.5	15.1	
1597	2008-01-15	6.95	7.44	6.85	7.36	110862	3.6	2041	登海种业	SZ	6.84	3.34	
1611	2008-01-15	3.72	3.72	3.72	3.72	0	1.19	2042	华孚色纺	SZ	3.72	1.19	
1594	2008-01-15	4.15	4.3	4.15	4.23	68538	1.32	2043	兔 宝 宝	SZ	4.12	1.29	
1596	2008-01-15	6.4	7.06	6.38	7.06	109956	3.69	2044	江苏三友	SZ	6.42	3.35	
1592	2008-01-15	8.5	8.58	8.42	8.56	46110	4.31	2045	广州国光	SZ	8.5	4.28	
1592	2008-01-15	8.45	8.74	8.41	8.61	68883	4.03	2046	轴研科技	SZ	8.42	3.94	
1597	2008-01-15	5.3	5.63	5.29	5.43	259492	2.83	2047	成霖股份	SZ	5.2	2.71	
1592	2008-01-15	14.96	15.19	14.56	15.17	58557	7.98	2048	宁波华翔	SZ	14.96	7.87	
1565	2008-01-15	10.6	10.79	10.55	10.77	23561	6.77	2049	晶源电子	SZ	10.6	6.66	
1594	2008-01-15	14.77	15.39	14.64	15.14	33388	6.28	2050	三花股份	SZ	14.61	6.06	
1586	2008-01-15	10.97	11.31	10.89	11.31	56586	3.84	2051	中工国际	SZ	10.98	3.73	
1586	2008-01-15	7.85	8.2	7.84	8.15	95007	3.1	2052	同洲电子	SZ	7.85	2.98	
1595	2008-01-15	26.14	27.2	25.85	27.2	26455	26.61	2053	云南盐化	SZ	26.13	25.56	
1597	2008-01-15	11.14	11.37	11.08	11.34	96250	4.67	2054	德美化工	SZ	11.07	4.56	
1592	2008-01-15	9.85	10.26	9.85	10.1	18758	3.76	2055	得润电子	SZ	9.85	3.67	
1596	2008-01-15	19.4	19.64	19.19	19.45	39802	9.62	2056	横店东磁	SZ	19.3	9.55	
1597	2008-01-15	15.47	15.64	15	15.18	26749	15.14	2057	中钢天源	SZ	15.47	15.43	
1588	2008-01-15	7.17	7.52	7.17	7.32	106561	3.03	2058	威 尔 泰	SZ	7.12	2.95	
1571	2008-01-15	12.01	12.52	11.83	12.35	21649	12.14	2059	云南旅游	SZ	12.07	11.86	
1590	2008-01-15	7.88	7.93	7.72	7.93	87308	4.28	2060	粤 水 电	SZ	7.84	4.24	
1587	2008-01-15	16.61	17.27	16.48	16.91	31333	10.32	2061	江山化工	SZ	16.44	10.04	
1595	2008-01-15	12.41	13.23	12.29	13.13	64527	4.65	2062	宏润建设	SZ	12.42	4.4	
1595	2008-01-15	5.32	5.56	5.27	5.53	81619	1.29	2063	远光软件	SZ	5.31	1.24	
1598	2008-01-15	14.96	16.4	14.95	15.85	184374	3.75	2064	华峰氨纶	SZ	14.93	3.53	
1570	2008-01-15	8.74	9.26	8.57	9.18	55194	1.83	2065	东华软件	SZ	8.7	1.73	
1599	2008-01-15	8.33	8.33	8.07	8.19	10251	2.52	2066	瑞泰科技	SZ	8.17	2.52	
1590	2008-01-15	8.5	9.1	8.5	9	264766	4.38	2067	景兴纸业	SZ	8.4	4.09	
1589	2008-01-15	8.6	8.75	8.54	8.56	32989	1.84	2068	黑猫股份	SZ	8.57	1.84	
1590	2008-01-15	21.42	21.42	21.42	21.42	0	3.06	2069	獐 子 岛	SZ	21.42	3.06	
1594	2008-01-15	4.63	4.74	4.62	4.67	44774	1.21	2070	众和股份	SZ	4.62	1.19	
1592	2008-01-15	6.4	6.51	6.35	6.51	44791	4.27	2071	江苏宏宝	SZ	6.4	4.2	
1587	2008-01-15	8.32	8.58	8.3	8.44	30076	7.61	2072	*ST德棉	SZ	8.38	7.57	
1595	2008-01-15	9.96	10.16	9.96	10.09	105375	2.19	2073	软控股份	SZ	10.03	2.18	
1595	2008-01-15	7.77	7.99	7.58	7.79	16493	2.41	2074	东源电器	SZ	7.69	2.38	
1594	2008-01-15	15.9	16.6	15.89	16.4	23592	15.73	2076	雪 莱 特	SZ	15.75	15.1	
1578	2008-01-15	14.98	15.33	14.8	15.21	44475	14.79	2077	大港股份	SZ	14.85	14.44	
1591	2008-01-15	13.59	14.14	13.59	13.93	47105	4.55	2078	太阳纸业	SZ	13.63	4.45	
1590	2008-01-15	3.82	4.1	3.77	4.06	173454	0.83	2079	苏州固锝	SZ	3.74	0.77	
1593	2008-01-15	16.55	17.22	16.34	17.22	29833	7.77	2080	中材科技	SZ	16.66	7.52	
1591	2008-01-15	5	5.27	5	5.23	84758	0.41	2081	金 螳 螂	SZ	4.99	0.39	
1596	2008-01-15	10.97	11.52	10.89	11.44	38088	6.62	2082	栋梁新材	SZ	10.96	6.34	
1599	2008-01-15	10.52	10.52	10.23	10.29	113446	6.57	2083	孚日股份	SZ	10.53	6.72	
1596	2008-01-15	11.26	11.26	10.98	11.03	60845	4.58	2084	海鸥卫浴	SZ	11.13	4.62	
1571	2008-01-15	13.08	13.63	12.9	13.42	59029	11.46	2085	万丰奥威	SZ	13.01	11.11	
1596	2008-01-15	12.74	13	12.42	12.9	57642	6.35	2086	东方海洋	SZ	12.8	6.3	
1591	2008-01-15	6.07	6.3	6.06	6.28	69586	3.67	2087	新野纺织	SZ	6.07	3.55	
1596	2008-01-15	28.59	28.92	27.82	28.38	8686	16.94	2088	鲁阳股份	SZ	28.24	16.85	
1593	2008-01-15	3.92	3.96	3.86	3.94	79284	0.83	2089	新 海 宜	SZ	3.9	0.82	
1538	2008-01-15	10.28	10.7	10.28	10.52	27470	4.76	2090	金智科技	SZ	10.23	4.63	
1598	2008-01-15	7.78	7.85	7.63	7.76	100012	3.21	2091	江苏国泰	SZ	7.73	3.2	
1585	2008-01-15	14.33	14.63	14.03	14.06	123091	4.4	2092	中泰化学	SZ	14.33	4.48	
1593	2008-01-15	8.54	8.69	8.39	8.53	68542	1.4	2093	国脉科技	SZ	8.54	1.4	
1596	2008-01-15	7.33	7.62	7.27	7.58	30393	2.41	2094	青岛金王	SZ	7.33	2.34	
1599	2008-01-15	29.59	31.48	29.5	31.39	19324	11.2	2095	生 意 宝	SZ	29.59	10.56	
1569	2008-01-15	7.86	7.98	7.58	7.65	17560	1.48	2096	南岭民爆	SZ	7.84	1.51	
1595	2008-01-15	38.03	41.33	38.03	40.65	96965	26.81	2097	山河智能	SZ	37.61	24.81	
1592	2008-01-15	24.2	24.8	23.83	24.13	15540	21.7	2098	浔兴股份	SZ	24.09	21.67	
1591	2008-01-15	7.55	7.68	7.49	7.6	52526	3.45	2099	海翔药业	SZ	7.49	3.41	
1606	2008-01-15	12.39	12.75	12.35	12.67	284964	7.44	21	长城开发	SZ	12.6	7.4	
1588	2008-01-15	9.33	9.86	9.15	9.84	57272	3.61	2100	天康生物	SZ	9.26	3.39	
1586	2008-01-15	14.45	14.59	14.22	14.49	6127	6.82	2101	广东鸿图	SZ	14.45	6.8	
1588	2008-01-15	8.83	8.96	8.73	8.84	41979	2.91	2102	冠福家用	SZ	8.77	2.89	
1597	2008-01-15	17.52	18.33	17.3	17.84	37849	16.18	2103	广博股份	SZ	17.65	16.01	
1597	2008-01-15	16.62	16.7	15.99	16.15	19705	10.26	2104	恒宝股份	SZ	16.62	10.56	
1594	2008-01-15	9.41	9.65	9.36	9.61	24517	8.78	2105	信隆实业	SZ	9.4	8.59	
1598	2008-01-15	15.55	16.14	15.44	15.6	33508	5.84	2106	莱宝高科	SZ	15.64	5.85	
1595	2008-01-15	14.11	15.43	14.11	14.93	21731	7.38	2107	沃华医药	SZ	14.11	6.98	
1589	2008-01-15	5.3	5.43	5.28	5.4	23784	1.24	2108	沧州明珠	SZ	5.28	1.21	
1594	2008-01-15	9.79	10.24	9.72	10.17	36570	4.16	2109	兴化股份	SZ	9.82	4.02	
1589	2008-01-15	20.8	20.85	20.14	20.29	23558	19.77	2110	三钢闽光	SZ	20.69	20.16	
1589	2008-01-15	17.94	18.28	17.83	17.94	10216	5.51	2111	威海广泰	SZ	17.97	5.52	
1594	2008-01-15	8.58	8.99	8.47	8.89	30872	3.42	2112	三变科技	SZ	8.55	3.29	
1579	2008-01-15	12.76	13.06	12.68	13.05	15661	8.14	2113	ST天润	SZ	12.82	8	
1598	2008-01-15	24.79	25.49	24.77	25.39	11744	13.83	2114	罗平锌电	SZ	24.79	13.51	
1589	2008-01-15	6.1	6.34	6.09	6.32	37234	1.29	2115	三维通信	SZ	6.16	1.25	
1596	2008-01-15	16.38	18.04	16.18	18.04	41551	8.56	2116	中国海诚	SZ	16.4	7.78	
1589	2008-01-15	14.95	15.46	14.71	15.15	17384	8.01	2117	东港股份	SZ	15.02	7.94	
1549	2008-01-15	6.72	6.92	6.6	6.78	60148	1.09	2118	紫鑫药业	SZ	6.74	1.08	
1588	2008-01-15	13.13	13.73	13.1	13.73	37011	6.74	2119	康强电子	SZ	13.03	6.4	
1533	2008-01-15	15.57	15.91	15.15	15.74	15802	11.73	2120	新海股份	SZ	15.57	11.61	
1591	2008-01-15	13.6	14	13.58	13.96	19273	4.46	2121	科陆电子	SZ	13.6	4.35	
1598	2008-01-15	18.81	19	18.5	18.79	36310	2.22	2122	天马股份	SZ	18.7	2.2	
1597	2008-01-15	12.87	13.69	12.87	13.69	51469	1.86	2123	荣信股份	SZ	12.86	1.75	
1596	2008-01-15	10.78	11.2	10.74	11.13	27747	3.39	2124	天邦股份	SZ	10.73	3.26	
1584	2008-01-15	9.98	10.3	9.94	10.24	25799	6.37	2125	湘潭电化	SZ	9.93	6.18	
1592	2008-01-15	6.73	6.88	6.73	6.85	20681	2.47	2126	银轮股份	SZ	6.73	2.42	
1593	2008-01-15	5.99	6.44	5.99	6.31	91228	1.86	2127	新民科技	SZ	5.91	1.74	
1596	2008-01-15	31.06	31.66	30.47	31.04	16289	16.14	2128	露天煤业	SZ	30.86	16.05	
1588	2008-01-15	10.85	11.03	10.67	10.84	49812	5.7	2129	中环股份	SZ	10.74	5.64	
1588	2008-01-15	6.03	6.1	5.94	6.02	30719	0.62	2130	沃尔核材	SZ	6.03	0.63	
1510	2008-01-15	9.4	9.6	9.2	9.55	26306	2.26	2131	利欧股份	SZ	9.36	2.22	
1590	2008-01-15	8.82	9.16	8.82	8.97	50460	2.83	2132	恒星科技	SZ	8.84	2.79	
1591	2008-01-15	12.06	12.24	11.83	12.17	32995	4.43	2133	广宇集团	SZ	11.97	4.36	
1598	2008-01-15	13.7	13.91	13.53	13.85	21509	11.06	2134	天津普林	SZ	13.72	10.96	
1593	2008-01-15	6.92	7.23	6.92	7.18	75761	2.5	2135	东南网架	SZ	6.91	2.41	
1591	2008-01-15	10.09	10.24	10.07	10.17	9293	5.05	2136	安 纳 达	SZ	10.09	5.01	
1593	2008-01-15	10.76	10.86	10.47	10.76	28651	3.11	2137	实 益 达	SZ	10.76	3.11	
1593	2008-01-15	14.78	15.33	14.63	14.82	15324	6.19	2138	顺络电子	SZ	14.63	6.11	
1590	2008-01-15	8.44	8.47	8.25	8.39	22238	2.12	2139	拓邦股份	SZ	8.37	2.11	
1597	2008-01-15	15.44	15.55	14.96	15.23	12346	2.02	2140	东华科技	SZ	15.4	2.04	
1557	2008-01-15	9.39	9.55	9.23	9.45	16702	4.06	2141	蓉胜超微	SZ	9.38	4.03	
1594	2008-01-15	22.69	22.7	22.02	22.17	149100	19.84	2142	宁波银行	SZ	22.52	20.16	
1588	2008-01-15	16.16	16.68	16	16.34	30455	8.18	2143	高金食品	SZ	16.06	8.04	
1588	2008-01-15	26.8	27.14	25.78	26.06	14984	24.88	2144	宏达高科	SZ	26.8	25.58	
1504	2008-01-15	21	21.94	21	21.75	26749	21.75	2145	*ST钛白	SZ	20.98	20.98	
1588	2008-01-15	11.48	11.62	10.99	11.09	93718	2.88	2146	荣盛发展	SZ	11.5	2.99	
1573	2008-01-15	47.22	49.35	47.16	48.08	9352	11.29	2147	方圆支承	SZ	47.21	11.08	
1596	2008-01-15	11.6	11.89	11.33	11.66	47024	2.35	2148	北纬通信	SZ	11.6	2.34	
1594	2008-01-15	42.72	47	42.7	46.6	25853	45.8	2149	西部材料	SZ	42.95	42.21	
1598	2008-01-15	10.86	11.42	10.72	11.39	52836	2.69	2150	江苏通润	SZ	10.86	2.57	
1585	2008-01-15	19.02	19.83	19.02	19.57	10765	6.08	2151	北斗星通	SZ	19.13	5.95	
1599	2008-01-15	19.61	19.76	19.17	19.64	33940	3.41	2152	广电运通	SZ	19.61	3.41	
1597	2008-01-15	27.37	28.8	27.37	27.78	10975	4.76	2153	石基信息	SZ	27.78	4.76	
1586	2008-01-15	6.87	7.02	6.85	6.99	37037	1.21	2154	报 喜 鸟	SZ	6.87	1.18	
1596	2008-01-15	22.18	22.57	21.86	22.37	83274	8.27	2155	辰州矿业	SZ	21.94	8.11	
1594	2008-01-15	11.12	11.19	10.82	11.05	67715	4.91	2156	通富微电	SZ	11.11	4.93	
1597	2008-01-15	6.96	7.13	6.9	7.07	54540	1.43	2157	正邦科技	SZ	6.96	1.41	
1598	2008-01-15	15.65	15.73	15.31	15.68	28578	8.84	2158	汉钟精机	SZ	15.6	8.79	
1595	2008-01-15	14.67	14.93	14.59	14.83	14890	9.75	2159	三特索道	SZ	14.68	9.65	
1594	2008-01-15	4.81	5.04	4.79	4.96	70884	0.43	2161	远 望 谷	SZ	4.76	0.41	
1597	2008-01-15	11.83	12.12	11.83	12.06	41622	10.65	2162	斯 米 克	SZ	11.81	10.43	
1582	2008-01-15	4.3	4.4	4.24	4.39	107081	0.89	2163	中航三鑫	SZ	4.3	0.87	
1596	2008-01-15	9.51	10.17	9.51	9.95	46868	3.12	2164	东力传动	SZ	9.56	2.99	
1595	2008-01-15	8.99	9.8	8.93	9.8	114004	1.4	2165	红 宝 丽	SZ	8.91	1.27	
1589	2008-01-15	15.5	16.17	15.36	15.8	35151	7.9	2166	莱茵生物	SZ	15.79	7.89	
1591	2008-01-15	7.93	8.52	7.88	8.47	60600	1.58	2167	东方锆业	SZ	7.91	1.48	
1591	2008-01-15	3.69	3.76	3.63	3.7	72942	0.19	2168	深圳惠程	SZ	3.65	0.19	
1592	2008-01-15	8.58	8.76	8.5	8.65	43081	2.36	2169	智光电气	SZ	8.58	2.34	
1593	2008-01-15	4.63	5.06	4.63	4.93	139557	0.6	2170	芭田股份	SZ	4.62	0.56	
1597	2008-01-15	26.27	27.52	26.21	27.33	28984	22.52	2171	精诚铜业	SZ	26.13	21.53	
1592	2008-01-15	23.27	25.27	23.23	24.67	72333	8.12	2172	澳洋科技	SZ	23.27	7.66	
1597	2008-01-15	10.72	11.19	10.72	11.07	35635	3.67	2173	山 下 湖	SZ	10.67	3.54	
1595	2008-01-15	19.98	20.49	19.9	20.36	13940	19.93	2174	梅 花 伞	SZ	19.88	19.46	
1569	2008-01-15	24.42	24.93	24.25	24.7	11899	15.96	2175	广陆数测	SZ	24.57	15.88	
1582	2008-01-15	6.06	6.24	6.02	6.16	63987	0.99	2176	江特电机	SZ	5.99	0.97	
1589	2008-01-15	7.89	8.11	7.79	7.95	63366	0.83	2177	御银股份	SZ	7.81	0.82	
1597	2008-01-15	14.3	14.57	14.14	14.24	20015	8.29	2178	延华智能	SZ	14.29	8.32	
1598	2008-01-15	13.21	13.9	13.21	13.74	51713	3.95	2179	中航光电	SZ	13.21	3.8	
1597	2008-01-15	15.47	16.13	15.42	16.02	23001	6.62	2180	万 力 达	SZ	15.47	6.39	
1539	2008-01-15	22.3	22.92	22.01	22.45	19122	16.84	2181	粤 传 媒	SZ	22.3	16.73	
1594	2008-01-15	23.92	25.33	23.23	23.87	103292	15.48	2182	云海金属	SZ	23.09	14.98	
1578	2008-01-15	11.85	12.07	11.71	11.84	43876	1.53	2183	怡 亚 通	SZ	11.89	1.53	
1599	2008-01-15	12.27	12.94	12.23	12.77	39749	6.1	2184	海得控制	SZ	12.27	5.85	
1593	2008-01-15	6.5	6.59	6.36	6.59	90042	1.86	2185	华天科技	SZ	6.47	1.83	
1598	2008-01-15	32.5	32.84	31.67	31.98	42660	13.44	2186	全 聚 德	SZ	32.9	13.83	
1595	2008-01-15	23.59	25	23.54	24.58	39364	12.07	2187	广百股份	SZ	23.54	11.56	
1551	2008-01-15	11.28	11.52	11.19	11.36	28700	5.69	2188	新 嘉 联	SZ	11.29	5.65	
1597	2008-01-15	15.16	15.87	15	15.54	45797	15.33	2189	利达光电	SZ	15.15	14.94	
1577	2008-01-15	8.82	9.01	8.81	8.97	31720	3.38	2190	成飞集成	SZ	8.81	3.32	
1594	2008-01-15	13.99	14.23	13.81	14.02	64875	5.15	2191	劲嘉股份	SZ	13.89	5.1	
1593	2008-01-15	11.7	11.97	11.61	11.83	12064	5.74	2192	路翔股份	SZ	11.7	5.68	
1599	2008-01-15	14	14	12.9	13.38	45040	6.55	2193	山东如意	SZ	12.86	6.3	
1598	2008-01-15	20	20.57	19.93	20.45	65548	6.85	2194	武汉凡谷	SZ	20.08	6.72	
1599	2008-01-15	17.68	17.95	17.38	17.75	18121	8.7	2195	海隆软件	SZ	17.69	8.68	
1593	2008-01-15	17.31	18.82	17.28	18.82	58043	11.46	2196	方正电机	SZ	17.11	10.41	
1592	2008-01-15	13.12	13.71	13.12	13.67	49337	5.29	2197	证通电子	SZ	13.17	5.1	
1594	2008-01-15	4.62	4.67	4.54	4.6	62165	0.91	2198	嘉应制药	SZ	4.59	0.9	
1593	2008-01-15	10.65	10.65	10.39	10.58	20907	3.88	2199	东晶电子	SZ	10.54	3.86	
1619	2008-01-15	29	29.14	28.25	28.75	34883	23.83	22	深赤湾Ａ	SZ	28.94	23.99	
1567	2008-01-15	29.89	32	29.89	31.49	46674	17.24	2200	绿 大 地	SZ	29.89	16.36	
1557	2008-01-15	15.46	15.66	15.2	15.58	28516	7	2201	九鼎新材	SZ	15.53	6.98	
1593	2008-01-15	29.91	30.02	28.52	28.79	149145	5.95	2202	金风科技	SZ	29.91	6.18	
1597	2008-01-15	12.12	12.36	11.98	12.25	17216	11.66	23	深天地Ａ	SZ	12.13	11.54	
1619	2008-01-15	46.08	46.98	43.61	43.87	86901	26.85	24	招商地产	SZ	46.07	28.2	
1619	2008-01-15	15.68	16.5	15.68	16.28	29997	16.28	25	特 力Ａ	SZ	15.68	15.68	
1619	2008-01-15	13.14	13.56	12.86	12.86	61931	8.58	26	飞亚达Ａ	SZ	13.21	8.82	
1615	2008-01-15	20.33	20.46	19.91	20.27	230736	15.02	27	深圳能源	SZ	20.28	15.03	
1594	2008-01-15	22.7	23.28	22.65	22.99	17536	22.49	28	一致药业	SZ	22.7	22.2	
1590	2008-01-15	8.8	8.87	8.6	8.63	76958	8.63	29	深深房Ａ	SZ	8.73	8.73	
1296	2008-01-15	2.92	2.92	2.92	2.92	0	2.92	30	*ST盛润A	SZ	2.92	2.92	
1617	2008-01-15	12.62	13.14	12.61	12.78	141013	12.15	301	东方市场	SZ	12.63	12.01	
1619	2008-01-15	14.74	15.99	14.56	15.24	503862	7.41	31	中粮地产	SZ	14.55	7.07	
1618	2008-01-15	11.83	12.06	11.79	12.02	25318	9.39	32	深桑达Ａ	SZ	11.82	9.23	
1613	2008-01-15	7.5	7.65	7.4	7.64	48051	7.64	33	新都酒店	SZ	7.46	7.46	
1597	2008-01-15	25.26	25.26	24.63	24.64	94517	5.78	338	潍柴动力	SZ	25.3	5.93	
1414	2008-01-15	8.05	8.54	8.05	8.54	60142	5.5	34	ST深泰	SZ	8.13	5.24	
1610	2008-01-15	3.71	3.71	3.71	3.71	0	2.94	35	*ST科健	SZ	3.71	2.94	
1620	2008-01-15	8.66	8.98	8.46	8.78	656118	8.78	36	华联控股	SZ	8.63	8.63	
1613	2008-01-15	8.75	8.77	8.62	8.76	22924	7.92	37	深南电Ａ	SZ	8.71	7.87	
1618	2008-01-15	27.9	28.06	27.3	27.85	191975	24.54	39	中集集团	SZ	27.77	24.47	
1556	2008-01-15	11	11.31	11	11.08	11253	11.08	4	ST国农	SZ	11	11	
1563	2008-01-15	9.8	9.87	9.6	9.68	126085	9.53	40	深 鸿 基	SZ	9.79	9.64	
1619	2008-01-15	18.77	19.13	17.95	18.11	148824	13.57	400	许继电气	SZ	18.92	14.18	
1617	2008-01-15	23.99	25.12	23.98	24.85	88507	24.24	401	冀东水泥	SZ	23.85	23.27	
