978	2010-06-24	11.44	11.76	11.39	11.58	373624	7.07	1	深发展Ａ	SZ	11.47	7	
960	2010-06-24	1.97	1.99	1.96	1.97	255944	0.93	100	TCL 集团	SZ	1.97	0.93	
983	2010-06-24	8.1	8.1	8.1	8.1	0	8.1	11	深物业A	SZ	8.1	8.1	
982	2010-06-24	10.65	10.81	10.51	10.63	84082	9.76	12	南 玻Ａ	SZ	10.62	9.75	
982	2010-06-24	11.51	11.75	11.2	11.27	53082	11.15	14	沙河股份	SZ	11.55	11.42	
984	2010-06-24	5.99	6.23	5.95	6.09	144318	6.09	150	宜华地产	SZ	6.09	6.09	
982	2010-06-24	13.41	13.55	13.12	13.35	35237	13.23	151	中成股份	SZ	13.49	13.37	
984	2010-06-24	7.47	7.79	7.44	7.72	66827	7.64	153	丰原药业	SZ	7.5	7.42	
983	2010-06-24	6.19	6.21	6.13	6.17	11972	6.17	155	川化股份	SZ	6.2	6.2	
982	2010-06-24	5.56	5.69	5.56	5.6	247545	1.59	157	中联重科	SZ	5.56	1.58	
974	2010-06-24	8.81	8.81	8.54	8.68	30954	8.66	158	常山股份	SZ	8.76	8.74	
981	2010-06-24	12.18	12.26	11.95	12.08	107506	5.68	159	国际实业	SZ	12.15	5.71	
982	2010-06-24	5.6	5.65	5.53	5.59	114960	5.54	16	深康佳Ａ	SZ	5.57	5.52	
970	2010-06-24	11.22	11.5	11.16	11.29	50676	10.53	1696	宗申动力	SZ	11.22	10.46	
962	2010-06-24	5.67	5.8	5.67	5.74	10109	5.74	17	*ST中华A	SZ	5.74	5.74	
983	2010-06-24	7.18	7.39	7.06	7.2	5518	7.2	18	ST中冠A	SZ	7.19	7.19	
977	2010-06-24	5.2	5.2	5.09	5.13	26221	5.13	1896	*ST豫能	SZ	5.24	5.24	
932	2010-06-24	8.25	8.42	8.23	8.4	9245	8.19	19	深深宝Ａ	SZ	8.33	8.12	
983	2010-06-24	7.18	7.26	7.14	7.25	418555	6.65	2	万 科Ａ	SZ	7.2	6.6	
981	2010-06-24	9.05	9.15	8.95	9.09	10340	9.09	20	深华发Ａ	SZ	9.05	9.05	
971	2010-06-24	18.73	18.91	18.67	18.75	16018	11.71	2001	新 和 成	SZ	18.79	11.73	
941	2010-06-24	7.29	7.29	7.15	7.25	8350	7.25	2002	ST琼花	SZ	7.22	7.22	
962	2010-06-24	23.92	24.02	23.85	24	3370	15.44	2003	伟星股份	SZ	23.92	15.39	
968	2010-06-24	16.92	17.17	16.67	17.17	8914	5.43	2004	华邦制药	SZ	16.75	5.3	
966	2010-06-24	9.41	9.59	9.39	9.46	64223	4.68	2005	德豪润达	SZ	9.43	4.67	
958	2010-06-24	4.02	4.05	3.94	4.02	66820	1.33	2006	精功科技	SZ	4.09	1.36	
970	2010-06-24	48.6	49.66	47.55	47.7	66548	46.95	2007	华兰生物	SZ	48.29	47.53	
974	2010-06-24	8.13	8.25	8.09	8.15	162967	5.23	2008	大族激光	SZ	8.2	5.26	
970	2010-06-24	12.7	12.75	12.37	12.52	14340	12.48	2009	天奇股份	SZ	12.7	12.65	
969	2010-06-24	7.09	7.2	7.03	7.09	14229	3.47	2010	传化股份	SZ	7.09	3.47	
973	2010-06-24	9.55	9.6	9.43	9.48	19262	4.57	2011	盾安环境	SZ	9.45	4.56	
973	2010-06-24	6.12	6.49	6.1	6.44	290276	3.07	2012	凯恩股份	SZ	6.11	2.91	
948	2010-06-24	7.21	7.33	7.04	7.3	43233	4.29	2013	中航精机	SZ	7.15	4.2	
972	2010-06-24	8.51	8.66	8.51	8.58	8181	3.91	2014	永新股份	SZ	8.55	3.89	
965	2010-06-24	8.24	8.28	8.13	8.26	21443	8.23	2015	霞客环保	SZ	8.22	8.19	
974	2010-06-24	6.07	6.14	5.93	5.96	101109	4.19	2016	世荣兆业	SZ	6.12	4.3	
958	2010-06-24	16.9	17.15	16.39	16.72	62358	14.93	2017	东信和平	SZ	16.73	14.94	
979	2010-06-24	5.03	5.38	5.03	5.31	170856	3.6	2018	华星化工	SZ	5.19	3.52	
975	2010-06-24	14.43	14.55	14.22	14.35	14280	14.35	2019	鑫富药业	SZ	14.45	14.45	
972	2010-06-24	6.63	6.67	6.57	6.59	17117	3.18	2020	京新药业	SZ	6.62	3.19	
971	2010-06-24	5.38	5.38	5.23	5.25	66338	4	2021	中捷股份	SZ	5.36	4.08	
975	2010-06-24	16.08	16.17	15.83	15.98	46217	14.71	2022	科华生物	SZ	16.09	14.81	
972	2010-06-24	12.2	12.28	12.01	12.07	8262	11.81	2023	海特高新	SZ	12.2	11.94	
972	2010-06-24	11.96	12.05	11.8	11.93	149925	11.59	2024	苏宁电器	SZ	11.98	11.64	
974	2010-06-24	11.18	11.28	11.11	11.22	18138	10.92	2025	航天电器	SZ	11.15	10.85	
974	2010-06-24	5.96	6.03	5.88	5.94	17231	3.42	2026	山东威达	SZ	5.95	3.38	
972	2010-06-24	5.77	5.82	5.64	5.79	33192	5.79	2027	七喜控股	SZ	5.77	5.77	
975	2010-06-24	29.05	29.37	28.8	28.97	30876	27.51	2028	思源电气	SZ	29.12	27.66	
972	2010-06-24	14.01	14.57	13.92	14.51	10744	6.24	2029	七 匹 狼	SZ	14.01	6.03	
973	2010-06-24	7.65	7.73	7.46	7.6	85694	4.78	2030	达安基因	SZ	7.68	4.83	
968	2010-06-24	6.07	6.13	6.01	6.08	17601	3.97	2031	巨轮股份	SZ	6.07	3.96	
972	2010-06-24	17.74	18.18	17.65	18.09	28115	15.59	2032	苏 泊 尔	SZ	17.85	15.39	
939	2010-06-24	11.22	11.36	11.22	11.36	8843	6.54	2033	丽江旅游	SZ	11.22	6.46	
975	2010-06-24	12.19	12.4	11.96	12.1	18333	11.58	2034	美 欣 达	SZ	11.94	11.43	
974	2010-06-24	9.15	9.24	9.01	9.19	38279	6.46	2035	华帝股份	SZ	9.15	6.44	
976	2010-06-24	10.71	10.89	10.55	10.7	15983	10.46	2036	宜科科技	SZ	10.69	10.45	
966	2010-06-24	9.09	9.3	9.09	9.2	13971	5.53	2037	久联发展	SZ	9.3	5.59	
982	2010-06-24	21.56	21.66	21.14	21.17	42403	11.64	2038	双鹭药业	SZ	21.44	11.79	
975	2010-06-24	18.38	18.68	18.25	18.39	8183	17.99	2039	黔源电力	SZ	18.48	18.08	
973	2010-06-24	8.47	8.47	8.3	8.43	15547	8.31	2040	南 京 港	SZ	8.43	8.31	
973	2010-06-24	27.1	27.42	26.75	27.11	12425	13.35	2041	登海种业	SZ	27.16	13.37	
976	2010-06-24	6.84	6.93	6.8	6.88	23181	2.19	2042	华孚色纺	SZ	6.83	2.18	
970	2010-06-24	4.03	4.03	3.94	3.99	51273	1.95	2043	兔 宝 宝	SZ	4.05	1.95	
973	2010-06-24	5.72	5.72	5.6	5.68	10814	3.9	2044	江苏三友	SZ	5.68	3.9	
972	2010-06-24	11.68	11.81	11.4	11.57	44662	7.29	2045	广州国光	SZ	11.67	7.35	
974	2010-06-24	12.41	12.68	12.39	12.47	9342	6.06	2046	轴研科技	SZ	12.53	6.09	
975	2010-06-24	5.24	5.32	5.19	5.25	52760	5.25	2047	成霖股份	SZ	5.31	5.31	
972	2010-06-24	11.62	11.75	11.55	11.6	28218	11.29	2048	宁波华翔	SZ	11.67	11.36	
944	2010-06-24	13.85	14.04	13.71	13.88	26487	13.71	2049	晶源电子	SZ	13.95	13.78	
972	2010-06-24	12.73	12.94	12.65	12.7	17576	5.87	2050	三花股份	SZ	12.8	5.92	
965	2010-06-24	13.58	13.63	13.41	13.55	8147	5.09	2051	中工国际	SZ	13.53	5.08	
966	2010-06-24	6.4	6.69	6.27	6.55	511696	3.24	2052	同洲电子	SZ	6.12	3.03	
973	2010-06-24	11.86	11.96	11.75	11.84	9438	11.74	2053	云南盐化	SZ	11.86	11.76	
974	2010-06-24	13.5	13.69	13.4	13.56	8299	9.22	2054	德美化工	SZ	13.49	9.18	
971	2010-06-24	7.15	7.31	7.12	7.19	33993	3.53	2055	得润电子	SZ	7.16	3.51	
972	2010-06-24	16.84	17.08	16.7	16.8	30587	16.75	2056	横店东磁	SZ	16.85	16.8	
974	2010-06-24	10.68	10.85	10.68	10.74	4582	10.74	2057	中钢天源	SZ	10.72	10.72	
967	2010-06-24	5.97	6.05	5.95	6	11909	2.56	2058	威 尔 泰	SZ	5.98	2.55	
949	2010-06-24	7.96	8.04	7.85	7.98	8033	7.9	2059	云南旅游	SZ	7.96	7.88	
970	2010-06-24	5.52	5.61	5.47	5.58	69427	3.75	2060	粤 水 电	SZ	5.5	3.7	
964	2010-06-24	7.25	7.37	7.03	7.09	35247	4.66	2061	江山化工	SZ	7.25	4.77	
974	2010-06-24	10.66	11.12	10.48	11.04	120530	6	2062	宏润建设	SZ	10.68	5.8	
974	2010-06-24	13.78	13.81	13.42	13.64	17888	7.83	2063	远光软件	SZ	13.77	7.9	
975	2010-06-24	9.83	9.86	9.6	9.64	80276	9.43	2064	华峰氨纶	SZ	9.76	9.54	
972	2010-06-24	16.56	16.72	16.41	16.58	9473	10.3	2065	东华软件	SZ	16.67	10.35	
976	2010-06-24	7.1	7.12	6.97	7.03	20285	3.3	2066	瑞泰科技	SZ	7.09	3.33	
967	2010-06-24	3.48	3.57	3.46	3.53	215573	1.72	2067	景兴纸业	SZ	3.48	1.7	
969	2010-06-24	6.57	6.64	6.44	6.49	69308	3.97	2068	黑猫股份	SZ	6.56	4.01	
973	2010-06-24	19.77	19.91	19.37	19.55	124199	12.3	2069	獐 子 岛	SZ	19.81	12.46	
973	2010-06-24	3.83	3.88	3.82	3.84	19613	1.74	2070	众和股份	SZ	3.85	1.74	
970	2010-06-24	6.77	6.83	6.71	6.77	12072	4.48	2071	江苏宏宝	SZ	6.81	4.51	
966	2010-06-24	6.15	6.23	6.13	6.18	10154	6.18	2072	*ST德棉	SZ	6.18	6.18	
973	2010-06-24	15.34	15.55	15.16	15.39	44628	15.27	2073	软控股份	SZ	15.33	15.21	
971	2010-06-24	6.14	6.21	6.09	6.21	18618	3.38	2074	东源电器	SZ	6.15	3.35	
974	2010-06-24	12.09	12.09	11.62	11.82	73506	11.33	2076	雪 莱 特	SZ	12	11.51	
957	2010-06-24	8.1	8.1	7.97	8.03	15260	7.93	2077	大港股份	SZ	8.03	7.93	
970	2010-06-24	10.47	10.64	10.27	10.46	75726	9.96	2078	太阳纸业	SZ	10.47	9.97	
968	2010-06-24	4	4.05	3.8	3.89	125009	1.64	2079	苏州固锝	SZ	4.01	1.69	
971	2010-06-24	19.01	19.19	18.67	19.01	11741	9.12	2080	中材科技	SZ	19.01	9.12	
969	2010-06-24	10.01	10.13	9.9	9.97	23172	2.88	2081	金 螳 螂	SZ	10.07	2.91	
973	2010-06-24	11.48	12.19	11.46	12.09	61199	11.56	2082	栋梁新材	SZ	11.47	10.97	
976	2010-06-24	10.09	10.25	9.92	10	165100	9.87	2083	孚日股份	SZ	10.11	9.98	
974	2010-06-24	4.87	4.9	4.8	4.88	29718	3.24	2084	海鸥卫浴	SZ	4.88	3.24	
947	2010-06-24	8.06	8.17	8.02	8.16	10326	7.28	2085	万丰奥威	SZ	8.06	7.19	
973	2010-06-24	10.96	11	10.83	10.85	19874	10.68	2086	东方海洋	SZ	10.99	10.82	
970	2010-06-24	4.5	4.52	4.42	4.46	34947	3.13	2087	新野纺织	SZ	4.51	3.16	
973	2010-06-24	17.35	17.48	17.03	17.28	19315	16.81	2088	鲁阳股份	SZ	17.37	16.9	
971	2010-06-24	9.93	10.14	9.77	9.92	52031	5.32	2089	新 海 宜	SZ	9.79	5.26	
915	2010-06-24	14.35	14.55	14.17	14.38	31110	14.09	2090	金智科技	SZ	14.36	14.07	
975	2010-06-24	20.59	21.32	20.59	20.92	50716	17.09	2091	江苏国泰	SZ	20.43	16.68	
965	2010-06-24	13.28	13.43	13.15	13.2	53970	8.32	2092	中泰化学	SZ	13.32	8.39	
972	2010-06-24	7.03	7.09	6.91	6.96	34740	3.47	2093	国脉科技	SZ	7.03	3.51	
974	2010-06-24	9.99	10.07	9.73	10	30990	6.66	2094	青岛金王	SZ	10	6.66	
976	2010-06-24	20	20.07	19.63	19.75	8056	16.18	2095	生 意 宝	SZ	19.91	16.31	
946	2010-06-24	11.5	11.56	11.25	11.38	6587	5.57	2096	南岭民爆	SZ	11.48	5.62	
973	2010-06-24	14.1	14.35	14.09	14.22	65151	9.38	2097	山河智能	SZ	14.15	9.33	
968	2010-06-24	8.64	8.74	8.5	8.67	16247	8.07	2098	浔兴股份	SZ	8.64	8.04	
967	2010-06-24	8.53	8.65	8.45	8.6	20533	4.13	2099	海翔药业	SZ	8.56	4.11	
982	2010-06-24	11	11.07	10.73	11.07	157290	10.68	21	长城开发	SZ	11	10.61	
968	2010-06-24	13.25	13.28	12.84	12.91	16871	7.48	2100	天康生物	SZ	13.25	7.68	
965	2010-06-24	13.65	13.97	13.4	13.84	36833	6.71	2101	广东鸿图	SZ	13.8	6.69	
970	2010-06-24	3.92	4.04	3.88	4.03	66344	2.01	2102	冠福家用	SZ	3.9	1.95	
973	2010-06-24	7.8	7.89	7.76	7.84	6256	7.53	2103	广博股份	SZ	7.82	7.51	
975	2010-06-24	17.18	17.95	16.94	17.53	191911	17.21	2104	恒宝股份	SZ	17.2	16.88	
972	2010-06-24	7.05	7.13	6.96	7.11	30866	6.73	2105	信隆实业	SZ	7.02	6.65	
975	2010-06-24	18.6	18.8	18.15	18.46	45400	12.91	2106	莱宝高科	SZ	18.69	13.08	
973	2010-06-24	15.11	15.11	14.6	14.76	8406	14.76	2107	沃华医药	SZ	14.99	14.99	
967	2010-06-24	7.25	7.76	7.24	7.69	95767	4.15	2108	沧州明珠	SZ	7.26	3.92	
971	2010-06-24	8.8	8.9	8.73	8.84	20013	8.47	2109	兴化股份	SZ	8.81	8.44	
966	2010-06-24	9.14	9.38	9.1	9.22	59445	9.12	2110	三钢闽光	SZ	9.31	9.21	
969	2010-06-24	9.58	9.58	9.36	9.41	7084	5.08	2111	威海广泰	SZ	9.47	5.12	
973	2010-06-24	6.52	6.68	6.48	6.67	27892	3.65	2112	三变科技	SZ	6.53	3.57	
976	2010-06-24	19.81	20.01	19.3	19.59	9618	19.59	2114	罗平锌电	SZ	20.04	20.04	
968	2010-06-24	8.35	8.48	8.29	8.39	37706	4.44	2115	三维通信	SZ	8.35	4.42	
972	2010-06-24	9.93	9.93	9.79	9.89	4377	4.99	2116	中国海诚	SZ	9.87	4.98	
966	2010-06-24	13.29	13.76	13.29	13.53	13655	7.83	2117	东港股份	SZ	13.42	7.76	
927	2010-06-24	6.19	6.24	6	6.05	19425	3.03	2118	紫鑫药业	SZ	6.18	3.09	
967	2010-06-24	12.2	12.46	12.07	12.4	61503	12.27	2119	康强电子	SZ	12.27	12.14	
909	2010-06-24	9.1	9.4	9.08	9.23	31890	9.08	2120	新海股份	SZ	9.24	9.09	
969	2010-06-24	13.49	13.72	13.41	13.53	28240	8.96	2121	科陆电子	SZ	13.49	8.93	
976	2010-06-24	10.2	10.27	10.03	10.17	45132	9.8	2122	天马股份	SZ	10.2	9.83	
976	2010-06-24	24	24.43	23.87	24.15	19733	16.1	2123	荣信股份	SZ	24	16	
975	2010-06-24	9.06	9.1	8.99	9.06	6143	8.76	2124	天邦股份	SZ	9.06	8.76	
967	2010-06-24	9.05	9.14	8.95	9.11	7222	5.67	2125	湘潭电化	SZ	9.05	5.63	
968	2010-06-24	7.75	7.81	7.62	7.71	20751	2.89	2126	银轮股份	SZ	7.75	2.91	
974	2010-06-24	5.81	5.85	5.76	5.82	14398	4.8	2127	新民科技	SZ	5.82	4.8	
974	2010-06-24	18.39	18.57	18.32	18.4	15005	17.16	2128	露天煤业	SZ	18.38	17.14	
968	2010-06-24	7.97	8.13	7.92	8.07	18858	5.38	2129	中环股份	SZ	8	5.33	
967	2010-06-24	7.18	7.29	7.13	7.21	46924	3.62	2130	沃尔核材	SZ	7.24	3.64	
889	2010-06-24	11.96	12.17	11.76	12.1	53507	12.04	2131	利欧股份	SZ	11.98	11.92	
969	2010-06-24	5.6	5.63	5.53	5.53	8009	2.72	2132	恒星科技	SZ	5.59	2.75	
971	2010-06-24	5.56	5.57	5.47	5.5	36596	4.22	2133	广宇集团	SZ	5.54	4.25	
974	2010-06-24	7.01	7.26	7.01	7.25	25490	7.25	2134	天津普林	SZ	7.13	7.13	
970	2010-06-24	4.49	4.53	4.44	4.49	29024	1.61	2135	东南网架	SZ	4.54	1.63	
972	2010-06-24	7.1	7.1	6.72	6.75	51424	3.35	2136	安 纳 达	SZ	6.68	3.32	
971	2010-06-24	7.69	7.76	7.56	7.64	52803	4.58	2137	实 益 达	SZ	7.69	4.61	
973	2010-06-24	10.93	11.2	10.78	11.12	24385	4.82	2138	顺络电子	SZ	10.9	4.73	
968	2010-06-24	15.11	15.36	14.92	15.24	17306	11.03	2139	拓邦股份	SZ	15.13	10.95	
974	2010-06-24	14.88	14.99	14.69	14.82	17573	9.2	2140	东华科技	SZ	14.94	9.27	
972	2010-06-24	10.29	10.29	8.43	8.44	204176	5.25	2141	蓉胜超微	SZ	9.36	5.82	
972	2010-06-24	11.84	12.13	11.74	12.08	219630	11.37	2142	宁波银行	SZ	11.86	11.16	
967	2010-06-24	8.24	8.29	8.16	8.22	10392	6.24	2143	高金食品	SZ	8.23	6.25	
973	2010-06-24	16.78	16.9	16.55	16.6	4484	16.08	2144	宏达高科	SZ	16.78	16.25	
913	2010-06-24	8.47	8.54	8.36	8.39	8731	8.39	2145	*ST钛白	SZ	8.45	8.45	
967	2010-06-24	8.24	8.43	7.92	7.98	82985	5.97	2146	荣盛发展	SZ	8.34	6.24	
974	2010-06-24	12.24	12.4	12.1	12.19	33282	11.69	2147	方圆支承	SZ	12.27	11.76	
973	2010-06-24	11.98	12.09	11.78	12.03	10812	3.89	2148	北纬通信	SZ	11.98	3.87	
973	2010-06-24	19.6	19.79	19.11	19.38	11069	19.13	2149	西部材料	SZ	19.68	19.42	
975	2010-06-24	7.07	7.53	7.07	7.4	42332	4.4	2150	江苏通润	SZ	7.18	4.27	
967	2010-06-24	22.5	22.96	22.39	22.66	2693	12.36	2151	北斗星通	SZ	22.66	12.35	
976	2010-06-24	15.02	15.51	15.02	15.43	24067	6.81	2152	广电运通	SZ	15.21	6.71	
975	2010-06-24	26	26.17	25.51	26.06	3330	18.58	2153	石基信息	SZ	26.01	18.55	
967	2010-06-24	11.99	12.08	11.65	12	22880	5.72	2154	报 喜 鸟	SZ	12.08	5.75	
973	2010-06-24	10.83	10.93	10.78	10.83	76448	5.81	2155	辰州矿业	SZ	10.93	5.87	
972	2010-06-24	9.03	9.19	8.89	9.16	74702	5.68	2156	通富微电	SZ	9.06	5.62	
974	2010-06-24	10.19	10.31	10.08	10.26	20925	6.3	2157	正邦科技	SZ	10.19	6.26	
976	2010-06-24	17.29	17.95	16.91	17.71	7834	12.55	2158	汉钟精机	SZ	17.48	12.39	
974	2010-06-24	17.75	17.93	17.59	17.79	6869	17.63	2159	三特索道	SZ	17.6	17.44	
972	2010-06-24	7.25	7.44	7.21	7.35	150810	2.72	2161	远 望 谷	SZ	7.17	2.65	
974	2010-06-24	11.05	11.15	10.91	10.98	32652	10.94	2162	斯 米 克	SZ	11.14	11.1	
964	2010-06-24	6.75	6.82	6.55	6.68	83655	3.28	2163	中航三鑫	SZ	6.73	3.3	
973	2010-06-24	7.6	7.79	7.58	7.6	12202	3.73	2164	东力传动	SZ	7.63	3.74	
972	2010-06-24	9.36	9.43	9.22	9.33	18516	5.04	2165	红 宝 丽	SZ	9.31	5.02	
970	2010-06-24	23.9	24.2	23.4	23.73	83778	23.73	2166	莱茵生物	SZ	24.41	24.41	
973	2010-06-24	10.9	11.27	10.57	10.77	168145	5.36	2167	东方锆业	SZ	10.91	5.43	
973	2010-06-24	6.65	6.74	6.54	6.62	31098	2.81	2168	深圳惠程	SZ	6.65	2.82	
971	2010-06-24	11.4	11.46	10.99	11	47578	7.31	2169	智光电气	SZ	11.29	7.51	
971	2010-06-24	3.8	3.82	3.74	3.76	26409	1.55	2170	芭田股份	SZ	3.81	1.57	
974	2010-06-24	12.75	12.96	12.71	12.9	7522	12.77	2171	精诚铜业	SZ	12.78	12.65	
971	2010-06-24	8.35	8.45	8.27	8.34	24513	8.34	2172	澳洋科技	SZ	8.39	8.39	
976	2010-06-24	7.55	7.6	7.45	7.53	25179	3.75	2173	山 下 湖	SZ	7.61	3.79	
973	2010-06-24	14.1	14.2	13.91	14.14	5373	14.09	2174	梅 花 伞	SZ	14.02	13.97	
968	2010-06-24	14.03	14.2	13.95	14.2	6718	13.97	2175	广陆数测	SZ	14.05	13.82	
960	2010-06-24	4	4.14	3.97	4.11	98598	1.13	2176	江特电机	SZ	4.04	1.12	
969	2010-06-24	4.64	4.66	4.56	4.6	32953	1.59	2177	御银股份	SZ	4.64	1.6	
975	2010-06-24	9.36	9.36	9.16	9.22	14185	6.56	2178	延华智能	SZ	9.29	6.61	
975	2010-06-24	12.31	12.9	12.31	12.89	23618	12.69	2179	中航光电	SZ	12.45	12.26	
973	2010-06-24	11.88	12.09	11.74	11.89	8797	7.81	2180	万 力 达	SZ	11.91	7.77	
973	2010-06-24	8.39	8.59	8.37	8.52	18273	5.62	2182	云海金属	SZ	8.43	5.56	
964	2010-06-24	8.47	8.58	8.2	8.53	124525	5.51	2183	怡 亚 通	SZ	8.48	5.48	
975	2010-06-24	13.95	14.12	13.76	13.85	36798	13.52	2184	海得控制	SZ	13.93	13.59	
971	2010-06-24	5.79	5.86	5.69	5.82	119036	3.55	2185	华天科技	SZ	5.8	3.54	
976	2010-06-24	14.52	14.64	14.35	14.44	5315	6.57	2186	全 聚 德	SZ	14.5	6.6	
972	2010-06-24	15.01	15.11	14.89	14.97	6828	7.86	2187	广百股份	SZ	15.03	7.9	
947	2010-06-24	9.2	9.33	9.08	9.2	22101	9.2	2188	新 嘉 联	SZ	9.2	9.2	
974	2010-06-24	10.2	10.28	9.96	10.23	32671	10.19	2189	利达光电	SZ	10.19	10.15	
955	2010-06-24	8.75	8.83	8.56	8.67	56738	6.58	2190	成飞集成	SZ	8.75	6.65	
973	2010-06-24	10.94	11.03	10.79	10.88	41321	9.94	2191	劲嘉股份	SZ	10.94	9.99	
971	2010-06-24	28.3	29.1	28.3	28.49	21202	28.43	2192	路翔股份	SZ	27.93	27.87	
975	2010-06-24	15.9	16.78	15.9	16.71	47180	16.58	2193	山东如意	SZ	15.9	15.78	
976	2010-06-24	15.98	16.39	15.8	16.08	54952	15.08	2194	武汉凡谷	SZ	15.79	14.81	
975	2010-06-24	12.45	12.59	12.28	12.42	12088	8.12	2195	海隆软件	SZ	12.57	8.21	
970	2010-06-24	12.37	12.57	12.07	12.51	11045	8.03	2196	方正电机	SZ	12.24	7.86	
970	2010-06-24	10.59	10.93	10.44	10.91	36240	6.7	2197	证通电子	SZ	10.51	6.46	
972	2010-06-24	4.33	4.33	4.18	4.24	16906	0.83	2198	嘉应制药	SZ	4.3	0.85	
971	2010-06-24	11.59	11.72	11.36	11.52	35870	7.52	2199	东晶电子	SZ	11.64	7.6	
983	2010-06-24	13.18	13.26	13.08	13.22	5853	11.77	22	深赤湾Ａ	SZ	13.2	11.76	
950	2010-06-24	23.86	24.15	23.3	23.45	16822	23.45	2200	绿 大 地	SZ	23.96	23.96	
936	2010-06-24	7.85	7.85	7.73	7.79	10310	5.99	2201	九鼎新材	SZ	7.8	5.99	
973	2010-06-24	18.51	18.7	18.33	18.41	98240	17.37	2202	金风科技	SZ	18.49	17.45	
973	2010-06-24	7.9	7.95	7.8	7.9	8067	5	2203	海亮股份	SZ	7.87	4.98	
948	2010-06-24	9.04	9.11	8.89	9.1	9283	3.92	2204	华锐铸钢	SZ	8.96	3.86	
971	2010-06-24	22.2	22.54	22.06	22.29	9253	22.02	2205	国统股份	SZ	22.52	22.25	
969	2010-06-24	9.97	10.09	9.79	9.82	24912	5.81	2206	海 利 得	SZ	9.99	5.91	
975	2010-06-24	24.82	25.01	24.6	24.83	5636	24.64	2207	准油股份	SZ	24.98	24.79	
973	2010-06-24	12.21	12.38	12.03	12.17	80759	11.64	2208	合肥城建	SZ	12.35	11.81	
973	2010-06-24	10.5	10.67	10.38	10.59	9958	10.44	2209	达 意 隆	SZ	10.5	10.35	
975	2010-06-24	7.47	7.6	7.25	7.35	58107	5.52	2210	飞马国际	SZ	7.46	5.6	
970	2010-06-24	8.29	8.5	8.29	8.45	20330	5.63	2211	宏达新材	SZ	8.29	5.53	
968	2010-06-24	7.58	7.71	7.49	7.59	32662	3.66	2212	南洋股份	SZ	7.59	3.67	
974	2010-06-24	9.95	10.1	9.85	9.87	16682	9.72	2213	特 尔 佳	SZ	10.03	9.88	
950	2010-06-24	15.5	15.88	15.5	15.65	3745	7.61	2214	大立科技	SZ	15.54	7.55	
968	2010-06-24	11.44	11.65	11.32	11.51	66594	4.6	2215	诺 普 信	SZ	11.79	4.71	
971	2010-06-24	14.47	14.6	14.22	14.45	19625	7.01	2216	三全食品	SZ	14.48	7.02	
973	2010-06-24	6.35	6.45	6.33	6.38	20768	4.15	2217	联合化工	SZ	6.33	4.12	
972	2010-06-24	14.37	14.63	14	14.13	48514	9.39	2218	拓日新能	SZ	14.44	9.6	
973	2010-06-24	9.15	9.17	8.94	9.12	13257	4.5	2219	独 一 味	SZ	9.15	4.52	
971	2010-06-24	9.75	9.75	9.5	9.6	38147	4.67	2220	天宝股份	SZ	9.74	4.73	
968	2010-06-24	5.28	5.3	5.19	5.24	49127	2.58	2221	东华能源	SZ	5.28	2.6	
975	2010-06-24	6.58	6.64	6.45	6.6	32864	4.21	2222	福晶科技	SZ	6.52	4.16	
975	2010-06-24	18.27	18.49	18.12	18.17	13850	8.65	2223	鱼跃医疗	SZ	18.35	8.73	
971	2010-06-24	7.42	7.52	7.36	7.37	26525	2.61	2224	三 力 士	SZ	7.42	2.63	
967	2010-06-24	8.23	8.35	8.15	8.23	12603	6.21	2225	濮耐股份	SZ	8.28	6.25	
967	2010-06-24	13.6	14.13	13.41	13.9	33703	8.64	2226	江南化工	SZ	13.64	8.48	
975	2010-06-24	30.45	30.8	29.87	30.48	9592	30.12	2227	奥 特 迅	SZ	30.1	29.74	
968	2010-06-24	10.19	10.28	10.04	10.12	25985	6.13	2228	合兴包装	SZ	10.19	6.17	
970	2010-06-24	7.53	7.66	7.53	7.58	6709	3.79	2229	鸿博股份	SZ	7.53	3.77	
969	2010-06-24	17.81	18.2	17.77	17.77	12272	4.52	2230	科大讯飞	SZ	18.03	4.58	
974	2010-06-24	5.97	6.24	5.93	6.23	115953	2.93	2231	奥维通信	SZ	5.96	2.8	
973	2010-06-24	9.87	10.11	9.83	10.02	38147	7.08	2232	启明信息	SZ	9.87	6.97	
972	2010-06-24	5.75	5.95	5.74	5.91	68348	2.85	2233	塔牌集团	SZ	5.82	2.8	
970	2010-06-24	6.47	6.47	6.36	6.43	8312	2.99	2234	民和股份	SZ	6.43	2.99	
970	2010-06-24	11.16	11.29	11.11	11.2	5109	10.85	2235	安妮股份	SZ	11.27	10.92	
973	2010-06-24	5.5	5.79	5.45	5.76	165667	0.67	2236	大华股份	SZ	5.46	0.64	
970	2010-06-24	18.08	18.17	17.88	18	13945	8.88	2237	恒邦股份	SZ	18.08	8.91	
972	2010-06-24	19.47	20	19.47	19.76	53557	16.25	2238	天威视讯	SZ	18.95	15.59	
968	2010-06-24	12.11	12.22	11.99	12.12	25536	12.05	2239	金 飞 达	SZ	12.08	12.01	
975	2010-06-24	6.62	6.62	6.43	6.58	136056	4.11	2240	威华股份	SZ	6.59	4.12	
972	2010-06-24	9.33	9.39	9.11	9.22	65296	2.49	2241	歌尔声学	SZ	9.44	2.55	
972	2010-06-24	13.33	13.38	12.96	13.1	73366	10.6	2242	九阳股份	SZ	13.59	11	
970	2010-06-24	10.85	10.88	10.58	10.82	29973	10.67	2243	通产丽星	SZ	11.03	10.88	
975	2010-06-24	9.91	9.97	9.69	9.71	47566	9.52	2244	滨江集团	SZ	9.92	9.72	
972	2010-06-24	5.84	5.91	5.8	5.84	37380	2.87	2245	澳洋顺昌	SZ	5.84	2.88	
929	2010-06-24	11.44	11.55	11.31	11.46	6903	11.11	2246	北化股份	SZ	11.44	11.09	
975	2010-06-24	8.48	8.48	8.24	8.31	11468	3.89	2247	帝龙新材	SZ	8.39	3.92	
970	2010-06-24	19.08	19.35	18.94	19.12	18659	9.46	2248	华东数控	SZ	19.09	9.45	
969	2010-06-24	18.72	18.96	18.34	18.47	37769	11.58	2249	大洋电机	SZ	18.68	11.71	
965	2010-06-24	15.39	15.49	15.19	15.38	19048	7.74	2250	联化科技	SZ	15.39	7.74	
974	2010-06-24	13.41	13.48	13.07	13.17	11244	6.49	2251	步 步 高	SZ	13.42	6.61	
974	2010-06-24	14.23	14.52	14.18	14.3	11782	4.54	2252	上海莱士	SZ	14.32	4.54	
970	2010-06-24	22.52	22.69	22.09	22.58	4446	13.57	2253	川大智胜	SZ	22.5	13.52	
975	2010-06-24	12.41	12.56	12.16	12.3	51085	5.83	2254	烟台氨纶	SZ	12.44	5.9	
971	2010-06-24	22.83	23.11	22.52	23.03	6756	11.24	2255	海陆重工	SZ	22.83	11.14	
867	2010-06-24	6.8	6.88	6.74	6.87	14411	5.66	2256	彩虹精化	SZ	6.82	5.63	
973	2010-06-24	18.47	18.48	17.86	18	8154	17.86	2258	利尔化学	SZ	18.27	18.13	
972	2010-06-24	3.61	3.63	3.58	3.59	101670	1.41	2259	升达林业	SZ	3.63	1.42	
972	2010-06-24	9.9	10.06	9.8	9.9	12838	9.65	2260	伊 立 浦	SZ	9.94	9.68	
970	2010-06-24	15.03	15.4	15.03	15.2	16342	7.72	2261	拓维信息	SZ	15.02	7.62	
976	2010-06-24	17.16	17.44	16.85	17.44	23379	13.84	2262	恩华药业	SZ	17.16	13.61	
972	2010-06-24	6.87	6.89	6.79	6.83	20895	5.56	2263	大 东 南	SZ	6.87	5.59	
970	2010-06-24	6.4	6.43	6.33	6.34	16662	2.05	2264	新 华 都	SZ	6.43	2.08	
973	2010-06-24	8.2	8.3	8.11	8.21	11517	8.2	2265	西仪股份	SZ	8.2	8.19	
965	2010-06-24	3.24	3.35	3.21	3.3	155337	0.38	2266	浙富股份	SZ	3.24	0.37	
975	2010-06-24	8.56	8.63	8.5	8.56	22074	4.02	2267	陕天然气	SZ	8.59	4.03	
975	2010-06-24	16.38	16.76	16.17	16.59	22057	12.58	2268	卫 士 通	SZ	16.29	12.36	
974	2010-06-24	20.73	20.73	20.16	20.2	12145	18.29	2269	美邦服饰	SZ	20.54	18.6	
976	2010-06-24	12.62	12.68	12.41	12.45	10123	9.33	2270	法因数控	SZ	12.62	9.46	
971	2010-06-24	13	13.28	12.99	13.1	23107	6.4	2271	东方雨虹	SZ	13.1	6.4	
974	2010-06-24	7.3	7.39	7.27	7.33	10149	2.42	2272	川润股份	SZ	7.34	2.42	
971	2010-06-24	12.18	12.23	12	12.13	24419	3.83	2273	水晶光电	SZ	12.22	3.86	
971	2010-06-24	10.28	10.53	10.2	10.31	17126	7.88	2274	华昌化工	SZ	10.38	7.94	
973	2010-06-24	18.16	18.42	18	18.28	8718	12.73	2275	桂林三金	SZ	18.15	12.65	
954	2010-06-24	7.98	7.98	7.81	7.83	66120	4.26	2276	万马电缆	SZ	7.94	4.32	
969	2010-06-24	13.26	13.81	13.26	13.37	146003	8.08	2277	友阿股份	SZ	13.39	8.1	
984	2010-06-24	11.31	11.47	11.27	11.3	6783	8.23	2278	神开股份	SZ	11.31	8.24	
983	2010-06-24	16.55	16.62	16.01	16.09	50845	9.52	2279	久其软件	SZ	16.98	10.05	
976	2010-06-24	24.94	24.94	24.3	24.42	26123	23.11	2280	新世纪	SZ	25.35	23.99	
961	2010-06-24	34.88	36	34.88	35.78	6780	34.93	2281	光迅科技	SZ	35.11	34.28	
973	2010-06-24	10.35	10.39	10.24	10.32	6244	7.72	2282	博深工具	SZ	10.35	7.74	
967	2010-06-24	9.24	9.34	9.19	9.28	14533	4.61	2283	天润曲轴	SZ	9.24	4.59	
961	2010-06-24	13.27	13.45	13.19	13.33	17769	8.64	2284	亚太股份	SZ	13.31	8.62	
973	2010-06-24	14.15	14.26	13.91	14.04	29788	6.89	2285	世联地产	SZ	14.15	6.95	
975	2010-06-24	19.32	19.88	19.32	19.58	5370	14.83	2286	保龄宝	SZ	19.58	14.83	
973	2010-06-24	19.9	19.9	19.3	19.5	5876	18.71	2287	奇正藏药	SZ	20.12	19.04	
969	2010-06-24	6.51	6.63	6.51	6.57	13093	2.8	2288	超华科技	SZ	6.55	2.79	
971	2010-06-24	26.28	26.37	25.85	26.25	2885	26.2	2289	宇顺电子	SZ	25.98	25.93	
974	2010-06-24	20.34	20.46	20.07	20.18	10616	14.04	2290	禾盛新材	SZ	20.34	14.16	
973	2010-06-24	11.92	12.38	11.88	12.21	32541	9.29	2291	星期六	SZ	11.93	9.08	
974	2010-06-24	11.87	11.87	11.62	11.67	24415	4.69	2292	奥飞动漫	SZ	11.71	4.7	
974	2010-06-24	27.7	28.1	27.24	27.7	18301	12.68	2293	罗莱家纺	SZ	27.7	12.68	
975	2010-06-24	27.25	27.38	27.02	27.18	30325	8.84	2294	信立泰	SZ	27.13	8.82	
970	2010-06-24	11.18	11.29	11.12	11.26	10322	7.42	2295	精艺股份	SZ	11.15	7.35	
895	2010-06-24	27.21	27.5	27.06	27.35	2918	15.67	2296	辉煌科技	SZ	27.33	15.65	
977	2010-06-24	11.97	12.13	11.87	11.98	20115	7.96	2297	博云新材	SZ	12.07	8.02	
976	2010-06-24	6.44	6.53	6.39	6.5	19056	3.2	2298	鑫龙电器	SZ	6.44	3.17	
969	2010-06-24	15.13	15.62	15.1	15.57	30594	7.54	2299	圣农发展	SZ	15.11	7.32	
973	2010-06-24	7.66	7.74	7.58	7.72	9889	7.62	23	深天地Ａ	SZ	7.64	7.54	
982	2010-06-24	11.41	11.51	11.17	11.47	14578	6.91	2300	太阳电缆	SZ	11.42	6.88	
980	2010-06-24	9.39	9.39	9.39	9.39	0	2.99	2301	齐心文具	SZ	9.39	2.99	
972	2010-06-24	24.5	24.65	24.07	24.26	15546	12.23	2302	西部建设	SZ	24.23	12.21	
973	2010-06-24	16.85	17.15	16.83	16.87	3160	8.25	2303	美盈森	SZ	16.9	8.27	
972	2010-06-24	63.44	64.79	63.44	64.38	15005	25.58	2304	洋河股份	SZ	63.89	25.39	
973	2010-06-24	6.4	6.44	6.23	6.3	18144	3.04	2305	南国置业	SZ	6.4	3.08	
966	2010-06-24	6.09	6.12	5.99	6.09	34880	1.37	2306	湘鄂情	SZ	6.05	1.36	
968	2010-06-24	13.3	13.69	13.02	13.32	65756	6.63	2307	北新路桥	SZ	13.4	6.67	
972	2010-06-24	10.57	10.77	10.47	10.76	95013	5.1	2308	威创股份	SZ	10.58	5.01	
971	2010-06-24	15.3	15.62	15.23	15.44	23144	7.55	2309	中利科技	SZ	15.31	7.48	
964	2010-06-24	18.93	19.22	18.74	19.08	33569	2.37	2310	东方园林	SZ	18.73	2.32	
967	2010-06-24	9.61	9.61	9.42	9.59	31161	3.57	2311	海大集团	SZ	9.65	3.6	
982	2010-06-24	8.03	8.17	7.98	8.17	23847	2.63	2312	三泰电子	SZ	8.03	2.58	
974	2010-06-24	14.69	14.93	14.65	14.75	18827	5.43	2313	日海通讯	SZ	14.65	5.39	
974	2010-06-24	18.17	18.42	17.85	18.25	39821	17.64	2314	雅致股份	SZ	18.01	17.4	
975	2010-06-24	73.59	75.5	72.77	75.5	4348	71.24	2315	焦点科技	SZ	73.59	69.44	
972	2010-06-24	8.39	8.56	8.33	8.4	19233	3.27	2316	键桥通讯	SZ	8.31	3.24	
973	2010-06-24	12.66	12.83	12.6	12.73	15890	3.86	2317	众生药业	SZ	12.71	3.85	
971	2010-06-24	13.6	14.05	13.57	13.93	34559	9.08	2318	久立特材	SZ	13.56	8.84	
973	2010-06-24	10.05	10.19	9.86	10.13	13776	4.92	2319	乐通股份	SZ	10.02	4.87	
975	2010-06-24	19.25	19.86	19.14	19.74	23853	9.1	2320	海峡股份	SZ	19.52	9	
973	2010-06-24	9.12	9.12	8.94	9.02	16423	4.38	2321	华英农业	SZ	9.06	4.4	
972	2010-06-24	25.12	25.12	23.26	23.82	28014	5.69	2322	理工监测	SZ	25.1	5.99	
973	2010-06-24	23.22	23.64	23.08	23.45	4170	16.58	2323	中联电气	SZ	23.28	16.46	
980	2010-06-24	16.87	17.09	16.59	16.69	22227	8.2	2324	普利特	SZ	16.88	8.29	
969	2010-06-24	5.92	6.15	5.92	6.14	75687	1.34	2325	洪涛股份	SZ	5.92	1.29	
974	2010-06-24	28.33	28.83	27.83	28.76	17272	15.66	2326	永太科技	SZ	28.28	15.4	
974	2010-06-24	14.16	14.64	14.05	14.46	26391	4.25	2327	富安娜	SZ	14.17	4.16	
974	2010-06-24	12.67	12.73	12.58	12.69	13394	8.08	2328	新朋股份	SZ	12.63	8.04	
974	2010-06-24	12.99	13.12	12.86	12.93	6555	6.3	2329	皇氏乳业	SZ	13.01	6.34	
976	2010-06-24	9.02	9.06	8.93	9.02	7762	4.39	2330	得利斯	SZ	9.01	4.38	
970	2010-06-24	14.3	14.4	14.13	14.2	7150	13.48	2332	仙琚制药	SZ	14.31	13.59	
972	2010-06-24	16.1	16.5	15.91	16.02	31972	15.41	2333	罗普斯金	SZ	16.09	15.48	
970	2010-06-24	16.53	17.07	16.45	16.9	35844	2.93	2334	英威腾	SZ	16.53	2.87	
971	2010-06-24	16.73	17.02	16.61	16.77	22203	5.66	2335	科华恒盛	SZ	16.74	5.65	
973	2010-06-24	27.4	27.7	27.12	27.36	6511	25.94	2336	人人乐	SZ	27.43	26	
975	2010-06-24	17.19	17.37	17.06	17.28	6776	10.1	2337	赛象科技	SZ	17.19	10.05	
974	2010-06-24	23	23.3	22.87	23.1	4618	14.47	2338	奥普光电	SZ	23	14.41	
974	2010-06-24	9.25	9.37	9.13	9.27	11164	2.2	2339	积成电子	SZ	9.2	2.19	
968	2010-06-24	11.06	11.44	10.95	11.27	81830	2.09	2340	格林美	SZ	11.08	2.05	
969	2010-06-24	8.86	8.97	8.68	8.87	66232	2.11	2341	新纶科技	SZ	8.94	2.13	
969	2010-06-24	8.34	8.49	8.34	8.4	14360	4.11	2342	巨力索具	SZ	8.38	4.1	
976	2010-06-24	14.83	14.98	14.68	14.86	21342	6.83	2343	禾欣股份	SZ	14.83	6.81	
974	2010-06-24	9.09	9.24	8.95	9.18	35692	2.14	2344	海宁皮城	SZ	9.1	2.12	
970	2010-06-24	17.85	18.07	17.65	17.9	10990	8.29	2345	潮宏基	SZ	17.86	8.27	
972	2010-06-24	8.14	8.15	8	8.08	8817	3.86	2346	柘中建设	SZ	8.08	3.86	
972	2010-06-24	12.14	12.28	12.03	12.18	10177	6.42	2347	泰尔重工	SZ	12.17	6.41	
975	2010-06-24	5.62	5.76	5.61	5.68	23943	1.67	2348	高乐股份	SZ	5.62	1.65	
972	2010-06-24	11.8	12	11.8	11.84	10170	4.65	2349	精华制药	SZ	11.8	4.63	
972	2010-06-24	14.5	14.9	14.33	14.75	39162	8.19	2350	北京科锐	SZ	14.59	8.1	
972	2010-06-24	18	18.34	17.86	18.25	14252	8.3	2351	漫步者	SZ	18.05	8.21	
972	2010-06-24	27.38	27.69	27.31	27.49	4748	25.26	2352	鼎泰新材	SZ	27.52	25.28	
974	2010-06-24	15.57	15.96	15.57	15.81	27031	2.95	2353	杰瑞股份	SZ	15.65	2.92	
971	2010-06-24	20.6	20.78	20.21	20.4	19352	20.16	2354	科冕木业	SZ	20.58	20.34	
970	2010-06-24	7.14	7.2	7.1	7.17	16648	3.39	2355	兴民钢圈	SZ	7.14	3.37	
974	2010-06-24	33.35	35.61	33.35	34.75	15638	33.63	2356	浩宁达	SZ	33.12	32.05	
961	2010-06-24	9.77	9.91	9.66	9.9	31388	4.69	2357	富临运业	SZ	9.8	4.65	
974	2010-06-24	13.06	13.28	12.74	12.78	10911	3.38	2358	森源电气	SZ	13.12	3.48	
756	2010-06-24	5.88	5.93	5.8	5.86	26079	1.88	2359	齐星铁塔	SZ	5.88	1.89	
951	2010-06-24	19.53	19.78	19.33	19.53	15389	3.07	2360	同德化工	SZ	19.55	3.08	
972	2010-06-24	6.46	6.74	6.42	6.62	63234	1.72	2361	神剑股份	SZ	6.46	1.68	
975	2010-06-24	67.29	71.25	67.25	69.88	58235	34.94	2362	汉王科技	SZ	67.21	33.6	
972	2010-06-24	18.3	18.48	18.12	18.39	7671	18.17	2363	隆基机械	SZ	18.27	18.05	
972	2010-06-24	10.73	10.97	10.63	10.76	15084	3.36	2364	中恒电气	SZ	10.85	3.38	
975	2010-06-24	17.11	17.56	17.11	17.3	15528	8	2365	永安药业	SZ	17.23	7.97	
972	2010-06-24	17.6	18.89	17.6	18.81	50821	17.05	2366	丹甫股份	SZ	17.47	15.84	
971	2010-06-24	5.11	5.25	5.11	5.2	79068	0.97	2367	康力电梯	SZ	5.1	0.95	
971	2010-06-24	16.57	16.61	16.3	16.54	29168	6.58	2368	太极股份	SZ	16.54	6.58	
972	2010-06-24	16.48	16.48	16.15	16.44	18365	7.61	2369	卓翼科技	SZ	16.42	7.59	
974	2010-06-24	12.06	12.32	12.06	12.29	20421	7.1	2370	亚太药业	SZ	12.11	6.99	
969	2010-06-24	10.88	11.03	10.74	10.89	19672	2.29	2371	七星电子	SZ	10.82	2.27	
967	2010-06-24	14.08	14.24	14	14.22	22309	9.63	2372	伟星新材	SZ	14.06	9.52	
971	2010-06-24	15.31	15.55	15.26	15.42	12320	7.64	2373	联信永益	SZ	15.45	7.66	
968	2010-06-24	10.18	10.24	10.07	10.14	10390	3.32	2374	丽鹏股份	SZ	10.1	3.31	
970	2010-06-24	14.86	15.07	14.67	14.91	77806	4.88	2375	亚厦股份	SZ	15	4.91	
972	2010-06-24	9.53	9.73	9.43	9.72	101732	2.33	2376	新北洋	SZ	9.6	2.3	
970	2010-06-24	9.8	9.85	9.54	9.77	33737	4.76	2377	国创高新	SZ	9.85	4.8	
970	2010-06-24	29.8	30.37	29.55	29.72	14189	28.82	2378	章源钨业	SZ	29.9	29	
969	2010-06-24	9.57	9.97	9.57	9.88	30681	2.44	2379	鲁丰股份	SZ	9.57	2.37	
974	2010-06-24	49.66	50.51	48.81	50.26	2997	48.86	2380	科远股份	SZ	49.54	48.16	
975	2010-06-24	11.48	11.5	11.25	11.41	14898	3.48	2381	双箭股份	SZ	11.38	3.47	
950	2010-06-24	12.88	12.96	12.67	12.73	12984	4.11	2382	蓝帆股份	SZ	12.88	4.16	
973	2010-06-24	36.72	36.78	36.15	36.44	13286	22.78	2383	合众思壮	SZ	36.65	22.91	
970	2010-06-24	29.17	30.74	29.04	29.93	59711	13.67	2384	东山精密	SZ	29.48	13.46	
972	2010-06-24	9.55	9.6	9.34	9.45	59365	2.16	2385	大北农	SZ	9.45	2.16	
975	2010-06-24	17.5	18.18	17.41	18.09	46025	17.73	2386	天原集团	SZ	17.6	17.25	
975	2010-06-24	16.2	16.41	16.07	16.41	31133	6.9	2387	黑牛食品	SZ	16.24	6.83	
969	2010-06-24	16.63	18.29	16.53	18.17	99500	9.79	2388	新亚制程	SZ	16.63	8.96	
969	2010-06-24	9.05	9.09	8.8	8.95	138228	1.42	2389	南洋科技	SZ	9.13	1.45	
973	2010-06-24	18.5	19.29	18.5	19.09	17462	9.35	2390	信邦制药	SZ	18.52	9.08	
971	2010-06-24	8.67	8.78	8.65	8.73	22860	2.11	2392	北京利尔	SZ	8.72	2.11	
974	2010-06-24	44.1	44.49	43.71	44.16	6927	41.38	2393	力生制药	SZ	44.06	41.29	
970	2010-06-24	20.05	20.22	19.94	20.21	10762	9.24	2394	联发股份	SZ	20.05	9.17	
974	2010-06-24	15.34	16.16	15.04	15.2	375378	7.32	2396	星网锐捷	SZ	15.52	7.47	
973	2010-06-24	23.06	23.25	22.51	22.62	30173	8.79	2397	梦洁家纺	SZ	23.06	8.96	
975	2010-06-24	12.85	13.25	12.71	13.15	90095	5.85	2398	建研集团	SZ	12.93	5.75	
973	2010-06-24	67.15	68.54	67.15	67.82	12139	30.91	2399	海普瑞	SZ	67.78	30.89	
984	2010-06-24	16.53	16.71	16.19	16.4	108915	15.19	24	招商地产	SZ	16.58	15.36	
975	2010-06-24	8.27	8.29	8.12	8.25	50380	1.68	2400	省广股份	SZ	8.33	1.7	
972	2010-06-24	16.5	16.83	16.36	16.56	24592	6.81	2402	和而泰	SZ	16.49	6.78	
970	2010-06-24	17.24	17.27	16.95	17.11	17737	16.89	2403	爱仕达	SZ	17.25	17.03	
973	2010-06-24	9.54	9.72	9.54	9.64	8408	4.32	2404	嘉欣丝绸	SZ	9.66	4.33	
971	2010-06-24	23.46	23.77	23.15	23.41	39416	11.08	2407	多氟多	SZ	23.17	10.96	
974	2010-06-24	12.11	12.37	12.04	12.22	37203	5.37	2408	齐翔腾达	SZ	12.11	5.32	
973	2010-06-24	18.4	18.71	18.37	18.52	11764	11.93	2409	雅克科技	SZ	18.5	11.92	
972	2010-06-24	11.91	12.19	11.91	12.19	19113	7.88	2413	常发股份	SZ	11.99	7.75	
753	2010-06-24	9.73	9.85	9.72	9.82	94248	1.12	2415	海康威视	SZ	9.77	1.12	
972	2010-06-24	11.01	11.46	10.98	11.18	101586	4.91	2417	三元达	SZ	10.93	4.81	
972	2010-06-24	11.48	11.64	11.41	11.54	16692	7.08	2418	康盛股份	SZ	11.48	7.04	
972	2010-06-24	18.2	18.48	18.04	18.45	25487	8.78	2419	天虹商场	SZ	18.12	8.62	
971	2010-06-24	12.81	13.04	12.78	12.87	24936	12.67	2420	毅昌股份	SZ	12.87	12.67	
975	2010-06-24	46.4	48.42	46	48.2	59546	23.73	2422	科伦药业	SZ	46.47	22.88	
968	2010-06-24	9.08	9.28	9.08	9.17	54844	9.02	2423	中原特钢	SZ	9.13	8.99	
973	2010-06-24	10.52	10.7	10.35	10.5	64682	4.28	2425	凯撒股份	SZ	10.62	4.33	
972	2010-06-24	12.58	12.86	12.4	12.51	68877	9.51	2427	尤夫股份	SZ	12.65	9.62	
970	2010-06-24	9.41	9.84	9.36	9.61	139131	1.79	2428	云南锗业	SZ	9.4	1.75	
967	2010-06-24	11.93	12.18	11.93	12.09	77949	4.99	2429	兆驰股份	SZ	12.04	4.97	
972	2010-06-24	11.07	11.91	11.07	11.7	202975	5.54	2430	杭氧股份	SZ	11.2	5.3	
971	2010-06-24	13.14	13.27	12.78	12.87	74668	5.07	2433	太安堂	SZ	13.25	5.23	
966	2010-06-24	14.5	14.68	14.38	14.46	65220	6.9	2434	万里扬	SZ	14.53	6.93	
973	2010-06-24	17.55	17.94	17.42	17.59	42306	8.39	2436	兴森科技	SZ	17.62	8.4	
971	2010-06-24	29.25	30.93	29.1	30.67	230740	14.82	2437	誉衡药业	SZ	29.67	14.34	
884	2010-06-24	17.01	17.65	16.91	17.65	140310	8.73	2439	启明星辰	SZ	16.04	7.93	
984	2010-06-24	10.05	10.24	9.82	10.21	15023	10.21	25	特 力Ａ	SZ	9.94	9.94	
983	2010-06-24	10.24	10.27	10.07	10.19	9551	7.01	26	飞亚达Ａ	SZ	10.2	7.02	
980	2010-06-24	8.6	8.65	8.53	8.62	34403	6.77	27	深圳能源	SZ	8.57	6.73	
972	2010-06-24	30	30.28	30	30.1	943	29.69	28	一致药业	SZ	30.19	29.78	
974	2010-06-24	5.13	5.25	5.1	5.18	41013	5.18	29	深深房Ａ	SZ	5.17	5.17	
973	2010-06-24	24.51	24.87	24.2	24.53	12804	15.89	300001	特锐德	SZ	24.43	15.83	
973	2010-06-24	17.23	17.36	16.8	17.18	64018	3.9	300002	神州泰岳	SZ	17.23	3.91	
974	2010-06-24	29.09	29.6	28.76	29.1	27416	28.07	300003	乐普医疗	SZ	29.3	28.27	
971	2010-06-24	27.06	27.66	26.51	27	24777	13.35	300004	南风股份	SZ	27.06	13.37	
970	2010-06-24	7.36	7.53	7.28	7.37	29393	2.3	300005	探路者	SZ	7.33	2.29	
969	2010-06-24	12.97	13.07	12.77	12.89	9298	6.36	300006	莱美药业	SZ	12.97	6.4	
975	2010-06-24	27.36	27.67	26.67	27.37	25749	26.99	300007	汉威电子	SZ	27.48	27.1	
974	2010-06-24	17.83	17.99	17.45	17.67	10228	11.27	300008	上海佳豪	SZ	17.83	11.38	
975	2010-06-24	14.28	14.51	14.04	14.28	25957	8.69	300009	安科生物	SZ	14.42	8.77	
938	2010-06-24	11.89	12.1	11.81	11.92	14619	7.69	300010	立思辰	SZ	12	7.74	
971	2010-06-24	16.92	17.46	16.53	17.46	37046	3.95	300011	鼎汉技术	SZ	17.12	3.87	
973	2010-06-24	8.83	8.94	8.65	8.79	41401	2.71	300012	华测检测	SZ	8.77	2.71	
974	2010-06-24	16.78	17.08	16.58	16.71	6509	16.62	300013	新宁物流	SZ	16.92	16.82	
973	2010-06-24	19.44	20.67	19.43	19.98	182226	6.37	300014	亿纬锂能	SZ	19.17	6.11	
974	2010-06-24	26.94	27.5	26.88	27.24	49592	16.74	300015	爱尔眼科	SZ	27.23	16.74	
974	2010-06-24	7.04	7.08	6.9	6.99	26604	2.12	300016	北陆药业	SZ	7.03	2.13	
972	2010-06-24	21.99	22.31	21	21.46	52845	21.01	300017	网宿科技	SZ	21.89	21.43	
974	2010-06-24	18.07	18.25	17.6	18.1	32703	11.38	300018	中元华电	SZ	18.13	11.4	
974	2010-06-24	13.86	14.12	13.55	13.75	17795	8.12	300019	硅宝科技	SZ	13.9	8.21	
971	2010-06-24	15.73	15.92	15.45	15.66	16524	10.3	300020	银江股份	SZ	15.66	10.3	
973	2010-06-24	9.83	9.94	9.7	9.88	21665	4.9	300021	大禹节水	SZ	9.83	4.87	
972	2010-06-24	21	21.3	20.6	20.85	28517	10.28	300022	吉峰农机	SZ	20.9	10.31	
975	2010-06-24	17.51	17.88	17.4	17.77	8590	17.77	300023	宝德股份	SZ	17.48	17.48	
971	2010-06-24	19.73	19.89	19.48	19.64	26547	8.91	300024	机器人	SZ	19.75	8.96	
972	2010-06-24	15.12	15.41	15.02	15.26	19901	7.75	300025	华星创业	SZ	15.08	7.66	
972	2010-06-24	12.89	13.03	12.77	12.79	15093	3.67	300026	红日药业	SZ	12.9	3.7	
973	2010-06-24	18.5	19.25	18.5	18.95	70244	9.01	300027	华谊兄弟	SZ	18.45	8.78	
928	2010-06-24	12.23	13.05	12.23	12.85	61635	8.33	300028	金亚科技	SZ	12.03	7.8	
974	2010-06-24	22.45	22.8	22.1	22.31	7067	22	300029	天龙光电	SZ	22.49	22.18	
974	2010-06-24	28.59	28.85	28.41	28.66	5226	7.03	300030	阳普医疗	SZ	28.65	7.03	
973	2010-06-24	15.6	15.6	15.25	15.33	12771	9.74	300031	宝通带业	SZ	15.45	9.81	
974	2010-06-24	10.53	10.68	10.43	10.45	42284	4.98	300032	金龙机电	SZ	10.59	5.04	
973	2010-06-24	40.19	40.45	39.38	39.84	12640	39.13	300033	同花顺	SZ	40.19	39.48	
973	2010-06-24	13.42	13.61	13.23	13.42	11969	7.33	300034	钢研高纳	SZ	13.44	7.34	
975	2010-06-24	11.23	11.47	11.18	11.33	13088	5.54	300035	中科电气	SZ	11.34	5.54	
975	2010-06-24	24.62	24.98	24.19	24.48	8523	15.13	300036	超图软件	SZ	24.87	15.38	
976	2010-06-24	29.88	30.78	29.88	30.26	25614	18.22	300037	新宙邦	SZ	29.69	17.88	
975	2010-06-24	17.56	17.75	17.23	17.46	15128	11.31	300038	梅泰诺	SZ	17.57	11.38	
976	2010-06-24	9.2	9.28	8.91	9.14	33645	2.19	300039	上海凯宝	SZ	9.19	2.2	
972	2010-06-24	11	11.05	10.68	10.93	27775	5.14	300040	九洲电气	SZ	11	5.18	
974	2010-06-24	23.52	24.79	23.52	24.06	25555	8.73	300041	回天胶业	SZ	23.7	8.6	
973	2010-06-24	17.35	17.64	17.28	17.43	10324	8.5	300042	朗科科技	SZ	17.35	8.46	
956	2010-06-24	9.2	9.42	9.12	9.32	35107	0.97	300043	星辉车模	SZ	9.2	0.96	
974	2010-06-24	11.37	11.59	11.23	11.45	23312	5.07	300044	赛为智能	SZ	11.39	5.04	
974	2010-06-24	9.38	9.5	9.33	9.37	20473	2.27	300045	华力创通	SZ	9.38	2.27	
974	2010-06-24	16.99	17.45	16.95	17.11	13278	7.49	300046	台基股份	SZ	17.09	7.48	
973	2010-06-24	9.19	9.32	9	9.09	19262	2.72	300047	天源迪科	SZ	9.19	2.75	
973	2010-06-24	16.15	16.59	16.15	16.29	28420	5.67	300048	合康变频	SZ	16.29	5.67	
967	2010-06-24	26.12	26.36	25.73	26.15	4741	19.41	300049	福瑞股份	SZ	26.04	19.32	
972	2010-06-24	37.2	38.22	36.52	37.13	43199	9.02	300050	世纪鼎利	SZ	37	8.99	
971	2010-06-24	7	7.23	7	7.16	78550	1.11	300051	三五互联	SZ	7.04	1.09	
975	2010-06-24	12.3	12.78	12.25	12.55	47026	6.05	300052	中青宝	SZ	12.3	5.93	
974	2010-06-24	14.57	14.85	14.12	14.2	62860	7.04	300053	欧比特	SZ	14.52	7.2	
975	2010-06-24	8.01	8.23	7.95	8.15	33289	1.05	300054	鼎龙股份	SZ	8.11	1.05	
972	2010-06-24	42.9	42.9	42.1	42.48	6982	21.06	300055	万邦达	SZ	42.42	21.03	
973	2010-06-24	21.88	22.03	21.39	21.96	8561	11.81	300056	三维丝	SZ	21.76	11.7	
952	2010-06-24	8.93	9.07	8.88	9	18837	4.39	300057	万顺股份	SZ	8.94	4.36	
919	2010-06-24	9.4	9.97	9.4	9.93	30131	3.21	300058	蓝色光标	SZ	9.46	3.05	
972	2010-06-24	13.46	13.72	13.3	13.41	102730	2.72	300059	东方财富	SZ	13.55	2.75	
975	2010-06-24	14.03	14.25	13.88	14.04	9395	8.77	300061	康耐特	SZ	14.09	8.81	
971	2010-06-24	13.3	13.38	13.07	13.15	21140	6.32	300062	中能电气	SZ	13.17	6.33	
972	2010-06-24	18.67	18.81	18.47	18.66	6304	12.06	300063	天龙集团	SZ	18.6	12.02	
968	2010-06-24	5.49	5.59	5.41	5.44	41259	1.31	300064	豫金刚石	SZ	5.53	1.33	
973	2010-06-24	32.2	32.6	31.23	31.26	8475	20.5	300065	海兰信	SZ	32.29	21.17	
973	2010-06-24	17.83	18.33	17.83	17.89	8807	5.64	300066	三川股份	SZ	18.03	5.69	
974	2010-06-24	14.14	14.17	13.73	13.93	13194	8.92	300067	安诺其	SZ	14.01	8.97	
971	2010-06-24	12.16	12.54	12.11	12.32	63806	4.95	300068	南都电源	SZ	12.15	4.88	
970	2010-06-24	19.25	19.68	19.24	19.51	20861	3.18	300070	碧水源	SZ	19.4	3.16	
974	2010-06-24	22.13	22.77	22.08	22.6	23523	3.67	300071	华谊嘉信	SZ	22.26	3.62	
972	2010-06-24	9.55	9.85	9.48	9.6	40757	1.78	300072	三聚环保	SZ	9.53	1.76	
971	2010-06-24	33.09	34.89	33.09	34.25	42386	16.86	300073	当升科技	SZ	32.74	16.12	
973	2010-06-24	8.7	8.79	8.64	8.76	21491	0.98	300074	华平股份	SZ	8.73	0.97	
974	2010-06-24	28.48	28.86	28.25	28.71	4852	28.08	300076	宁波GQY	SZ	28.5	27.87	
975	2010-06-24	57.32	57.99	56.8	57.2	22455	22.2	300077	国民技术	SZ	57.08	22.15	
974	2010-06-24	29.55	29.83	29	29.57	40032	10.79	300078	中瑞思创	SZ	29.63	10.82	
973	2010-06-24	18.29	18.66	18.1	18.3	33453	5.87	300079	数码视讯	SZ	18.08	5.8	
972	2010-06-24	18.35	18.59	18.18	18.4	15102	9.08	300081	恒信移动	SZ	18.39	9.08	
974	2010-06-24	54.4	55.83	54.02	55.36	7545	40.37	300082	奥克股份	SZ	54.31	39.6	
972	2010-06-24	15.49	15.49	15.28	15.39	7306	7.51	300083	劲胜股份	SZ	15.31	7.48	
975	2010-06-24	15.65	15.73	15.35	15.51	9788	7.62	300084	海默科技	SZ	15.57	7.65	
975	2010-06-24	31.46	31.78	30.9	31.5	22440	7.36	300085	银之杰	SZ	31.45	7.35	
969	2010-06-24	27.75	28.33	27.7	27.85	15392	13.51	300086	康芝药业	SZ	28.02	13.6	
972	2010-06-24	18.65	18.9	18.5	18.72	20142	9.17	300087	荃银高科	SZ	18.7	9.17	
973	2010-06-24	8.15	8.26	7.97	8.1	120061	1.97	300088	长信科技	SZ	8.14	1.98	
981	2010-06-24	5.26	5.31	5.17	5.24	74640	5.05	301	东方市场	SZ	5.27	5.07	
983	2010-06-24	7.32	7.6	7.25	7.6	220838	7.47	31	中粮地产	SZ	7.38	7.26	
982	2010-06-24	8.48	8.58	8.34	8.54	31914	8.31	32	深桑达Ａ	SZ	8.45	8.22	
977	2010-06-24	6.5	6.73	6.42	6.61	83400	6.61	33	新都酒店	SZ	6.51	6.51	
975	2010-06-24	24.52	25.46	24.43	25.25	148658	10.01	338	潍柴动力	SZ	24.5	9.72	
974	2010-06-24	4.75	4.83	4.71	4.83	11132	3.84	35	*ST科健	SZ	4.74	3.76	
984	2010-06-24	4.39	4.43	4.35	4.4	55418	4.4	36	华联控股	SZ	4.37	4.37	
977	2010-06-24	5.4	5.48	5.36	5.44	19181	5.44	37	深南电Ａ	SZ	5.4	5.4	
982	2010-06-24	12.61	12.88	12.52	12.77	28037	11.9	39	中集集团	SZ	12.62	11.76	
983	2010-06-24	9.35	9.49	9.3	9.41	6079	9.41	4	ST国农	SZ	9.35	9.35	
927	2010-06-24	5.23	5.28	5.16	5.21	32811	5.13	40	深 鸿 基	SZ	5.23	5.15	
983	2010-06-24	23.75	24.14	23.23	23.36	52707	17.73	400	许继电气	SZ	23.66	17.96	
981	2010-06-24	15.78	16.25	15.68	16.12	137520	15.95	401	冀东水泥	SZ	15.89	15.72	
