2296	2005-06-01	2.89	2.9	2.85	2.86	80269	1.34	1	深发展Ａ	SZ	2.89	1.35	
1911	2005-06-01	0.8	0.8	0.77	0.78	12274	0.19	10	S ST华新	SZ	0.8	0.2	
2256	2005-06-01	1.12	1.12	1.07	1.08	189616	0.49	100	TCL 集团	SZ	1.12	0.5	
2303	2005-06-01	3.96	4.04	3.85	3.86	16514	3.51	11	深物业A	SZ	4	3.63	
2290	2005-06-01	2.21	2.21	2.05	2.06	27521	0.97	12	南 玻Ａ	SZ	2.2	1.04	
2302	2005-06-01	2.26	2.28	2.23	2.24	7896	0.96	14	沙河股份	SZ	2.28	0.97	
2303	2005-06-01	2.08	2.22	2.04	2.15	42515	2.15	150	宜华地产	SZ	2.09	2.09	
2302	2005-06-01	3.2	3.23	3.14	3.17	2965	2.81	151	中成股份	SZ	3.2	2.83	
2304	2005-06-01	3.27	3.27	3.15	3.17	1717	1.57	153	丰原药业	SZ	3.27	1.62	
2303	2005-06-01	4.06	4.1	3.89	3.9	9426	3.46	155	川化股份	SZ	4.09	3.63	
2288	2005-06-01	0.52	0.52	0.51	0.51	395194	0.04	157	中联重科	SZ	0.52	0.04	
2281	2005-06-01	1.96	1.96	1.9	1.92	24310	1.26	158	常山股份	SZ	1.88	1.23	
2261	2005-06-01	2.25	2.38	2.21	2.35	70874	1.1	159	国际实业	SZ	2.26	1.06	
2301	2005-06-01	2.07	2.08	2.03	2.04	12690	0.98	16	深康佳Ａ	SZ	2.08	1	
2273	2005-06-01	0.84	0.86	0.84	0.85	27461	0.14	1696	宗申动力	SZ	0.84	0.14	
2155	2005-06-01	1.66	1.66	1.66	1.66	2039	1.66	17	*ST中华A	SZ	1.58	1.58	
2303	2005-06-01	4.69	4.69	4.46	4.53	1058	4.53	18	ST中冠A	SZ	4.72	4.72	
2293	2005-06-01	2.72	2.72	2.6	2.69	31049	2.69	1896	*ST豫能	SZ	2.76	2.76	
2239	2005-06-01	4.43	4.43	4.33	4.38	1660	4.27	19	深深宝Ａ	SZ	4.46	4.35	
2303	2005-06-01	1.29	1.31	1.27	1.27	247050	0.26	2	万 科Ａ	SZ	1.29	0.27	
2301	2005-06-01	2.6	2.6	2.37	2.38	20406	2.07	20	深华发Ａ	SZ	2.48	2.16	
2275	2005-06-01	1.88	1.88	1.84	1.86	17703	0.25	2001	新 和 成	SZ	1.86	0.25	
2245	2005-06-01	3.33	3.34	3.24	3.25	6909	1.53	2002	ST琼花	SZ	3.33	1.57	
2269	2005-06-01	4.31	4.33	4.17	4.24	3743	1.14	2003	伟星股份	SZ	4.31	1.16	
2274	2005-06-01	2.05	2.06	1.98	1.99	9049	0.53	2004	华邦制药	SZ	2.04	0.54	
2266	2005-06-01	1.03	1.04	0.99	0.99	21652	0.15	2005	德豪润达	SZ	1.04	0.16	
2264	2005-06-01	1.23	1.23	1.19	1.19	9911	0.17	2006	精功科技	SZ	1.23	0.17	
2276	2005-06-01	1.41	1.43	1.38	1.38	24269	0.2	2007	华兰生物	SZ	1.42	0.2	
2280	2005-06-01	1.57	1.6	1.53	1.55	39574	0.24	2008	大族激光	SZ	1.66	0.15	
2276	2005-06-01	1.73	1.73	1.67	1.71	11069	0.42	2009	天奇股份	SZ	1.73	0.42	
2275	2005-06-01	2.07	2.07	1.96	1.96	11403	0.35	2010	传化股份	SZ	2.07	0.37	
2277	2005-06-01	1.55	1.55	1.48	1.48	13283	0.26	2011	盾安环境	SZ	1.55	0.27	
2280	2005-06-01	3.31	3.32	3	3	99109	0.71	2012	凯恩股份	SZ	3.33	0.79	
2254	2005-06-01	1.17	1.17	1.13	1.13	9138	0.22	2013	中航精机	SZ	1.18	0.23	
2280	2005-06-01	2.63	2.63	2.55	2.55	5111	0.61	2014	永新股份	SZ	2.63	0.63	
2269	2005-06-01	2.16	2.21	2.15	2.17	7527	0.59	2015	霞客环保	SZ	2.23	0.61	
2276	2005-06-01	1.87	1.88	1.83	1.84	8648	0.44	2016	世荣兆业	SZ	1.87	0.44	
2260	2005-06-01	5.48	5.52	5.24	5.31	8605	2.68	2017	东信和平	SZ	5.55	2.67	
2288	2005-06-01	1.19	1.21	1.16	1.17	5097	0.18	2018	华星化工	SZ	1.19	0.18	
2282	2005-06-01	10.71	10.79	10.5	10.66	2323	7.37	2019	鑫富药业	SZ	10.89	7.53	
2279	2005-06-01	2.57	2.64	2.55	2.57	5210	0.83	2020	京新药业	SZ	2.62	0.84	
2277	2005-06-01	1.64	1.67	1.58	1.63	30130	0.2	2021	中捷股份	SZ	1.65	0.21	
2282	2005-06-01	2.01	2.02	1.9	1.91	22298	0.3	2022	科华生物	SZ	2.02	0.31	
2276	2005-06-01	4.02	4.1	3.84	4	11398	1.69	2023	海特高新	SZ	4.17	1.12	
2278	2005-06-01	0.94	0.95	0.91	0.95	107922	0.01	2024	苏宁电器	SZ	0.94	0.01	
2280	2005-06-01	5	5.02	4.85	4.85	10164	1.52	2025	航天电器	SZ	5	1.57	
2264	2005-06-01	2.44	2.45	2.35	2.38	6680	0.84	2026	山东威达	SZ	2.43	0.85	
2280	2005-06-01	4.38	4.39	3.98	4.02	29326	2.98	2027	七喜控股	SZ	4.37	3.24	
2282	2005-06-01	2.14	2.17	2.01	2.03	46210	0.46	2028	思源电气	SZ	2.15	0.49	
2278	2005-06-01	1.13	1.14	1.13	1.14	12559	0.2	2029	七 匹 狼	SZ	1.14	0.2	
2280	2005-06-01	2.06	2.09	1.97	2.01	27297	0.38	2030	达安基因	SZ	2.08	0.39	
2275	2005-06-01	3.48	3.55	3.41	3.44	28518	1.16	2031	巨轮股份	SZ	3.5	1.18	
2279	2005-06-01	2.68	2.72	2.66	2.67	4925	0.58	2032	苏 泊 尔	SZ	2.74	0.59	
2244	2005-06-01	4.85	4.9	4.64	4.67	9636	2.36	2033	丽江旅游	SZ	4.88	2.47	
2283	2005-06-01	6.93	6.93	6.51	6.68	4487	4.92	2034	美 欣 达	SZ	6.93	5.12	
2280	2005-06-01	3.08	3.11	3.01	3.02	10221	0.69	2035	华帝股份	SZ	3.1	0.71	
2283	2005-06-01	1.99	2	1.93	1.94	7792	0.72	2036	宜科科技	SZ	1.99	0.74	
2271	2005-06-01	2.13	2.15	2.05	2.05	51287	0.67	2037	久联发展	SZ	2.02	0.66	
2302	2005-06-01	1.49	1.49	1.42	1.43	16352	0.24	2038	双鹭药业	SZ	1.49	0.25	
2283	2005-06-01	6.45	6.45	6.13	6.2	8936	5.61	2039	黔源电力	SZ	6.49	5.88	
2280	2005-06-01	5.62	5.8	5.16	5.27	37463	2.93	2040	南 京 港	SZ	5.62	3.13	
2281	2005-06-01	4.95	5.02	4.8	4.83	15561	1.15	2041	登海种业	SZ	4.99	1.19	
2295	2005-06-01	1.39	1.4	1.34	1.35	39718	0.4	2042	华孚色纺	SZ	1.4	0.41	
2278	2005-06-01	2.12	2.12	1.91	2	134240	0.55	2043	兔 宝 宝	SZ	2.13	0.59	
2280	2005-06-01	2.39	2.39	2.25	2.27	66632	1.03	2044	江苏三友	SZ	2.39	1.09	
2276	2005-06-01	3.01	3.03	2.83	2.88	79563	0.62	2045	广州国光	SZ	3.01	0.65	
2276	2005-06-01	3.13	3.24	3.03	3.19	117937	0.97	2046	轴研科技	SZ	3.11	0.94	
2281	2005-06-01	4.3	4.34	4.06	4.14	139596	1.75	2047	成霖股份	SZ	4.37	1.85	
2290	2005-06-01	4.19	4.19	4.02	4.07	21627	1.81	21	长城开发	SZ	4.18	1.86	
2303	2005-06-01	21.55	21.81	20.69	20.77	7233	11.94	22	深赤湾Ａ	SZ	21.77	12.51	
2281	2005-06-01	4.11	4.16	4.01	4.06	1142	3.86	23	深天地Ａ	SZ	4.15	3.95	
2303	2005-06-01	4.73	4.79	4.3	4.35	11897	2.64	24	招商地产	SZ	4.73	2.87	
2303	2005-06-01	3.45	3.62	3.45	3.49	14244	3.49	25	特 力Ａ	SZ	3.45	3.45	
2303	2005-06-01	2.79	2.79	2.72	2.75	1247	1.84	26	飞亚达Ａ	SZ	2.83	1.89	
2299	2005-06-01	5.21	5.25	4.92	4.93	50878	3.14	27	深圳能源	SZ	5.21	3.32	
2278	2005-06-01	4.06	4.09	3.97	3.99	4742	3.85	28	一致药业	SZ	4.06	3.92	
2274	2005-06-01	3.9	3.94	3.78	3.87	9712	3.87	29	深深房Ａ	SZ	3.93	3.93	
1980	2005-06-01	1.32	1.33	1.26	1.27	4817	1.27	30	*ST盛润A	SZ	1.33	1.33	
2301	2005-06-01	1.35	1.47	1.35	1.39	92310	0.76	301	东方市场	SZ	1.34	0.73	
2303	2005-06-01	1.54	1.54	1.49	1.5	39304	0.49	31	中粮地产	SZ	1.54	0.5	
2302	2005-06-01	4.64	4.65	4.55	4.59	6583	3.37	32	深桑达Ａ	SZ	4.66	3.42	
2297	2005-06-01	3.12	3.12	3.03	3.03	3217	3.03	33	新都酒店	SZ	3.12	3.12	
2098	2005-06-01	1.05	1.06	1	1.01	13887	0.65	34	ST深泰	SZ	1.06	0.68	
2294	2005-06-01	2.23	2.23	2.23	2.23	0	1.77	35	*ST科健	SZ	2.23	1.77	
2304	2005-06-01	1.49	1.52	1.46	1.47	105436	0.57	36	华联控股	SZ	1.48	0.57	
2297	2005-06-01	6.66	6.72	6.46	6.5	2699	5.88	37	深南电Ａ	SZ	6.66	6.02	
2302	2005-06-01	8.33	8.33	7.77	7.78	237438	4.95	39	中集集团	SZ	8.34	5.31	
2240	2005-06-01	4.61	4.63	4.45	4.5	2223	4.5	4	ST国农	SZ	4.62	4.62	
2247	2005-06-01	2.17	2.17	2.06	2.13	25426	2.1	40	深 鸿 基	SZ	2.17	2.14	
2303	2005-06-01	3.55	3.55	3.42	3.46	12019	2.5	400	许继电气	SZ	3.55	2.56	
2301	2005-06-01	2.3	2.31	2.24	2.28	7711	2.21	401	冀东水泥	SZ	2.3	2.23	
