1294	2009-04-03	10.51	10.77	10.38	10.47	972327	6.39	000001	深发展Ａ	SZ	10.44	6.38	
1301	2009-04-03	8.75	8.95	8.6	8.67	2733224	7.84	000002	万 科Ａ	SZ	8.62	7.8	
1238	2009-04-03	5.69	5.72	5.55	5.61	12123	5.61	000004	ST国农	SZ	5.61	5.61	
909	2009-04-03	2.11	2.11	2.05	2.08	71548	0.52	000010	S ST华新	SZ	2.12	0.53	
1301	2009-04-03	6.04	6.25	5.96	6.18	22512	5.61	000011	深物业A	SZ	6.03	5.47	
1294	2009-04-03	10.35	10.56	9.94	10.16	432450	5.29	000012	南 玻Ａ	SZ	10.5	5.47	
1300	2009-04-03	11.17	11.59	11.08	11.35	47690	11.2	000014	沙河股份	SZ	11.15	11.01	
1299	2009-04-03	4.95	5.04	4.81	4.96	234977	4.87	000016	深康佳Ａ	SZ	4.92	4.83	
1301	2009-04-03	5.6	5.65	5.45	5.55	6471	5.55	000018	ST中冠A	SZ	5.6	5.6	
1242	2009-04-03	7.65	8.28	7.6	8	110644	7.8	000019	深深宝Ａ	SZ	7.6	7.41	
1299	2009-04-03	4.54	4.76	4.41	4.76	94596	4.76	000020	深华发Ａ	SZ	4.53	4.53	
1294	2009-04-03	5.17	5.37	5.14	5.17	352176	3.26	000021	长城开发	SZ	5.16	3.25	
1301	2009-04-03	13.05	13.21	12.92	13.05	70019	11.27	000022	深赤湾Ａ	SZ	13.01	11.24	
1284	2009-04-03	6.16	6.26	5.95	6.04	54063	5.88	000023	深天地Ａ	SZ	6.21	6.04	
1301	2009-04-03	22.77	23.35	22.09	22.2	146081	20.49	000024	招商地产	SZ	22.49	20.76	
1301	2009-04-03	5.24	5.41	5.1	5.34	33433	5.34	000025	特 力Ａ	SZ	5.21	5.21	
1301	2009-04-03	5.73	5.86	5.51	5.58	60039	3.78	000026	飞亚达Ａ	SZ	5.73	3.89	
1297	2009-04-03	9.83	9.88	9.38	9.44	296169	7.34	000027	深圳能源	SZ	9.79	7.61	
1281	2009-04-03	18.4	19.61	18.36	19.08	85221	18.66	000028	一致药业	SZ	18.35	17.95	
1277	2009-04-03	3.82	3.88	3.77	3.8	101770	3.8	000029	深深房Ａ	SZ	3.79	3.79	
978	2009-04-03	3.54	3.7	3.54	3.7	75227	3.7	000030	*ST盛润A	SZ	3.52	3.52	
1301	2009-04-03	7.41	7.6	7.23	7.31	411909	7.16	000031	中粮地产	SZ	7.4	7.25	
1300	2009-04-03	7.19	7.55	7.12	7.33	134152	6.98	000032	深桑达Ａ	SZ	7.17	6.83	
1295	2009-04-03	3.88	3.9	3.7	3.76	59044	3.76	000033	新都酒店	SZ	3.85	3.85	
1102	2009-04-03	3.29	3.32	3.11	3.15	95074	3.15	000034	ST深泰	SZ	3.27	3.27	
1292	2009-04-03	3.32	3.33	3.21	3.24	46668	2.57	000035	*ST科健	SZ	3.29	2.62	
1302	2009-04-03	3.19	3.3	3.15	3.27	625243	3.27	000036	华联控股	SZ	3.19	3.19	
1295	2009-04-03	4.65	4.67	4.5	4.54	26799	4.54	000037	深南电Ａ	SZ	4.63	4.63	
1300	2009-04-03	8.8	9.35	8.73	9.14	646013	8.38	000039	中集集团	SZ	8.68	7.96	
1245	2009-04-03	6.81	7.14	6.68	6.9	200991	6.79	000040	深 鸿 基	SZ	6.78	6.67	
1259	2009-04-03	1.84	1.86	1.78	1.79	1100318	0.85	000100	TCL 集团	SZ	1.84	0.87	
1301	2009-04-03	4.8	4.98	4.71	4.74	117300	4.74	000150	宜华地产	SZ	4.73	4.73	
1300	2009-04-03	6.73	6.83	6.43	6.56	92574	6.44	000151	中成股份	SZ	6.7	6.57	
1302	2009-04-03	4.76	5.12	4.69	4.95	216722	4.9	000153	丰原药业	SZ	4.72	4.67	
1301	2009-04-03	8.4	8.47	8.07	8.16	171869	8	000155	川化股份	SZ	8.45	8.28	
1292	2009-04-03	6.29	6.39	6.11	6.15	772679	1.51	000157	中联重科	SZ	6.24	1.53	
1284	2009-04-03	4.66	4.7	4.56	4.6	198358	4.59	000158	常山股份	SZ	4.65	4.64	
1265	2009-04-03	7.63	7.81	7.41	7.46	193896	3.49	000159	国际实业	SZ	7.6	3.56	
1299	2009-04-03	4.88	4.9	4.71	4.74	170329	4.51	000301	东方市场	SZ	4.81	4.57	
1285	2009-04-03	13.95	13.95	13.5	13.54	159848	5.33	000338	潍柴动力	SZ	13.75	5.41	
1301	2009-04-03	11.35	11.56	11.12	11.31	111498	8.58	000400	许继电气	SZ	11.31	8.58	
1299	2009-04-03	14.7	14.73	14.1	14.16	111022	13.91	000401	冀东水泥	SZ	14.59	14.33	
1277	2009-04-03	5.66	5.66	5.41	5.43	141659	2.21	001696	宗申动力	SZ	5.56	2.26	
1279	2009-04-03	14.82	14.82	14.37	14.54	252205	6.64	002001	新 和 成	SZ	14.89	6.79	
1248	2009-04-03	4.7	4.84	4.47	4.59	71973	4.59	002002	ST琼花	SZ	4.62	4.62	
1272	2009-04-03	22.26	22.26	20.99	20.99	147729	13.38	002003	伟星股份	SZ	24.44	14.74	
1278	2009-04-03	7.07	7.18	6.74	6.8	50599	2.05	002004	华邦制药	SZ	7.07	2.13	
1269	2009-04-03	3.85	4.15	3.85	4.07	326328	2.01	002005	德豪润达	SZ	3.88	1.92	
1267	2009-04-03	3.7	3.87	3.7	3.75	299452	1.24	002006	精功科技	SZ	3.74	1.24	
1280	2009-04-03	16.21	16.27	15.7	15.82	71101	6.01	002007	华兰生物	SZ	16.12	6.12	
1283	2009-04-03	6.13	6.15	5.92	5.99	426762	3.75	002008	大族激光	SZ	6.1	3.82	
1279	2009-04-03	10.95	10.96	10.34	10.49	124016	10.43	002009	天奇股份	SZ	10.85	10.79	
1278	2009-04-03	3.86	3.98	3.83	3.94	129899	1.88	002010	传化股份	SZ	3.86	1.84	
1280	2009-04-03	5.8	5.86	5.51	5.54	121791	2.48	002011	盾安环境	SZ	5.76	2.58	
1283	2009-04-03	4.65	4.69	4.45	4.49	155613	2.14	002012	凯恩股份	SZ	4.65	2.22	
1258	2009-04-03	4.29	4.3	4.07	4.14	123184	1.54	002013	中航精机	SZ	4.26	1.58	
1283	2009-04-03	5.78	6.08	5.76	5.96	91428	2.49	002014	永新股份	SZ	5.74	2.4	
1272	2009-04-03	6.5	6.58	6.16	6.26	114587	6.22	002015	霞客环保	SZ	6.5	6.46	
1280	2009-04-03	5.94	6.02	5.79	5.98	181719	3.5	002016	世荣兆业	SZ	5.96	3.49	
1263	2009-04-03	7.65	8.06	7.55	7.99	121335	7.02	002017	东信和平	SZ	7.6	6.68	
1292	2009-04-03	7.28	7.31	7.06	7.1	198734	2.62	002018	华星化工	SZ	7.21	2.66	
1285	2009-04-03	11	11.08	10.61	10.62	53901	10.47	002019	鑫富药业	SZ	10.96	10.8	
1282	2009-04-03	3.49	3.53	3.39	3.48	47158	1.68	002020	京新药业	SZ	3.49	1.68	
1281	2009-04-03	2.95	3.16	2.93	3.05	355921	1.29	002021	中捷股份	SZ	2.9	1.23	
1280	2009-04-03	6.11	6.16	5.84	5.94	103827	4.1	002023	海特高新	SZ	6.11	4.22	
1282	2009-04-03	8.98	9.31	8.93	8.99	788519	3.85	002024	苏宁电器	SZ	8.88	3.81	
1283	2009-04-03	9.47	10.33	9.01	10.33	197255	9.98	002025	航天电器	SZ	9.39	9.07	
1267	2009-04-03	3.8	3.89	3.72	3.75	40541	2.1	002026	山东威达	SZ	3.82	2.14	
1283	2009-04-03	4.58	4.66	4.46	4.64	84065	4.64	002027	七喜控股	SZ	4.6	4.6	
1286	2009-04-03	19.3	19.36	18.75	18.81	68064	10.99	002028	思源电气	SZ	19.17	11.2	
1281	2009-04-03	5.49	5.52	5.29	5.37	71854	2.25	002029	七 匹 狼	SZ	5.46	2.28	
1284	2009-04-03	5.08	5.11	4.91	4.96	101737	2.59	002030	达安基因	SZ	5.07	2.65	
1278	2009-04-03	4.59	4.6	4.42	4.47	52490	2.85	002031	巨轮股份	SZ	4.53	2.89	
1283	2009-04-03	10.07	10.14	9.91	9.97	33556	6.41	002032	苏 泊 尔	SZ	10	6.43	
1248	2009-04-03	8.27	8.27	7.97	8.07	52422	4.5	002033	丽江旅游	SZ	8.21	4.58	
1286	2009-04-03	7.12	7.16	7.04	7.1	21404	6.79	002034	美 欣 达	SZ	7.11	6.8	
1283	2009-04-03	5.76	5.98	5.5	5.8	156932	3.71	002035	华帝股份	SZ	5.68	3.63	
1287	2009-04-03	6.6	6.78	6.53	6.55	61795	4.22	002036	宜科科技	SZ	6.58	4.23	
1275	2009-04-03	5.57	5.92	5.51	5.71	149842	2.35	002037	久联发展	SZ	5.56	2.28	
1300	2009-04-03	18.86	19.35	18.78	19.22	67861	10.38	002038	双鹭药业	SZ	18.78	10.14	
1286	2009-04-03	16.22	16.5	15.65	15.71	45859	15.22	002039	黔源电力	SZ	16.11	15.61	
1283	2009-04-03	5.76	5.82	5.59	5.64	27444	5.54	002040	南 京 港	SZ	5.75	5.64	
1284	2009-04-03	10.31	11.23	10.15	11.23	348956	5.49	002041	登海种业	SZ	10.2	4.99	
1293	2009-04-03	3.37	3.58	3.35	3.49	94013	1.11	002042	华孚色纺	SZ	3.36	1.07	
1281	2009-04-03	2.88	2.96	2.77	2.88	227235	1.35	002043	兔 宝 宝	SZ	2.91	1.36	
1283	2009-04-03	3.63	3.63	3.49	3.53	32323	2.4	002044	江苏三友	SZ	3.57	2.42	
1280	2009-04-03	5.06	5.28	4.91	4.99	174776	2.56	002045	广州国光	SZ	4.99	2.56	
1280	2009-04-03	6.16	6.22	5.9	5.97	62173	2.84	002046	轴研科技	SZ	6.14	2.93	
1285	2009-04-03	3.09	3.11	2.97	2.99	80087	1.81	002047	成霖股份	SZ	3.08	1.87	
1279	2009-04-03	7.42	7.59	7.21	7.45	254234	7.12	002048	宁波华翔	SZ	7.36	7.03	
1252	2009-04-03	7.11	7.13	6.8	6.88	55566	6.65	002049	晶源电子	SZ	7.06	6.82	
1281	2009-04-03	8.77	9.01	8.6	8.68	67714	3.65	002050	三花股份	SZ	8.78	3.7	
1274	2009-04-03	7.25	7.36	7.1	7.2	73843	2.57	002051	中工国际	SZ	7.25	2.59	
1273	2009-04-03	5.11	5.14	4.99	5.01	83643	2.48	002052	同洲电子	SZ	5.11	2.53	
1282	2009-04-03	13.9	14.2	13.63	13.73	71180	13.61	002053	云南盐化	SZ	13.83	13.71	
1285	2009-04-03	6.17	6.33	6.04	6.25	84525	2.61	002054	德美化工	SZ	6.11	2.55	
1279	2009-04-03	4.19	4.25	4.05	4.09	93751	2	002055	得润电子	SZ	4.2	2.05	
1283	2009-04-03	11.53	11.53	11.07	11.18	97305	11.06	002056	横店东磁	SZ	11.47	11.35	
1284	2009-04-03	7.5	7.57	7.33	7.38	20013	7.36	002057	中钢天源	SZ	7.46	7.44	
1275	2009-04-03	4.72	4.73	4.55	4.56	49049	1.91	002058	威 尔 泰	SZ	4.69	1.96	
1258	2009-04-03	7.67	7.79	7.42	7.75	76736	7.62	002059	云南旅游	SZ	7.67	7.54	
1278	2009-04-03	5.62	5.76	5.39	5.45	211504	3.02	002060	粤 水 电	SZ	5.6	3.1	
1274	2009-04-03	4.99	5.03	4.74	4.82	42005	3.17	002061	江山化工	SZ	4.99	3.28	
1283	2009-04-03	12.69	13.33	12.48	13.01	112442	4.61	002062	宏润建设	SZ	12.53	4.44	
1283	2009-04-03	5.51	6.03	5.47	5.67	236992	1.39	002063	远光软件	SZ	5.49	1.35	
1286	2009-04-03	4.41	4.49	4.35	4.38	122780	2.1	002064	华峰氨纶	SZ	4.38	2.1	
1258	2009-04-03	8.25	8.62	8.15	8.34	70839	3.42	002065	东华软件	SZ	8.18	3.35	
1286	2009-04-03	6.25	6.3	5.9	6	50951	2.77	002066	瑞泰科技	SZ	6.22	2.88	
1277	2009-04-03	2.44	2.45	2.33	2.36	329515	1.15	002067	景兴纸业	SZ	2.43	1.18	
1277	2009-04-03	3.33	3.35	3.19	3.24	103447	1.26	002068	黑猫股份	SZ	3.31	1.29	
1278	2009-04-03	7.15	7.55	6.9	7.41	226252	2.17	002069	獐 子 岛	SZ	7.02	2.06	
1282	2009-04-03	2.4	2.41	2.33	2.35	124025	0.79	002070	众和股份	SZ	2.39	0.8	
1280	2009-04-03	3.97	4.1	3.87	3.94	29306	2.61	002071	江苏宏宝	SZ	3.97	2.63	
1274	2009-04-03	6.38	6.39	6.09	6.15	80971	6.15	002072	*ST德棉	SZ	6.38	6.38	
1283	2009-04-03	8.09	8.43	8	8.11	186301	3.55	002073	软控股份	SZ	8.02	3.51	
1282	2009-04-03	6.42	6.44	6.17	6.23	69898	3.35	002074	东源电器	SZ	6.42	3.45	
1281	2009-04-03	8.01	8.1	7.9	8	27400	7.67	002076	雪 莱 特	SZ	8	7.67	
1265	2009-04-03	6.98	7.02	6.59	6.67	82288	6.55	002077	大港股份	SZ	6.95	6.83	
1279	2009-04-03	6.15	6.24	5.8	5.9	290522	2.72	002078	太阳纸业	SZ	6.11	2.82	
1277	2009-04-03	2.65	2.85	2.57	2.76	298660	1.14	002079	苏州固锝	SZ	2.64	1.09	
1280	2009-04-03	13.55	13.69	12.95	13.15	29832	6.23	002080	中材科技	SZ	13.45	6.37	
1279	2009-04-03	3.73	3.77	3.66	3.67	54466	0.45	002081	金 螳 螂	SZ	3.71	0.45	
1283	2009-04-03	7.88	7.98	7.63	7.67	52817	7.19	002082	栋梁新材	SZ	7.9	7.41	
1286	2009-04-03	9.08	9.3	8.7	8.91	381868	8.7	002083	孚日股份	SZ	9.08	8.86	
1284	2009-04-03	4.28	4.28	4.12	4.13	80825	2.06	002084	海鸥卫浴	SZ	4.25	2.12	
1258	2009-04-03	5.52	5.57	5.33	5.36	46713	4.65	002085	万丰奥威	SZ	5.5	4.77	
1284	2009-04-03	9.38	9.57	9.26	9.5	67391	4.68	002086	东方海洋	SZ	9.4	4.63	
1279	2009-04-03	3.38	3.42	3.33	3.34	49669	1.95	002087	新野纺织	SZ	3.37	1.97	
1283	2009-04-03	15.41	15.6	14.7	14.89	15405	14.26	002088	鲁阳股份	SZ	15.4	14.75	
1281	2009-04-03	4.6	4.64	4.46	4.48	138011	1.69	002089	新 海 宜	SZ	4.58	1.73	
1226	2009-04-03	6.86	7.03	6.72	6.93	43940	3.26	002090	金智科技	SZ	6.82	3.21	
1286	2009-04-03	11.23	11.43	10.94	11.05	61093	7.08	002091	江苏国泰	SZ	11.27	7.22	
1273	2009-04-03	7.45	7.53	7	7.02	379437	4.42	002092	中泰化学	SZ	7.4	4.66	
1281	2009-04-03	4.8	5	4.67	4.98	144263	1.66	002093	国脉科技	SZ	4.77	1.59	
1284	2009-04-03	5.27	5.29	4.88	5.05	114106	3.26	002094	青岛金王	SZ	5.25	3.39	
1287	2009-04-03	11.49	12.04	11.35	11.53	94957	6.2	002095	生 意 宝	SZ	11.34	6.11	
1257	2009-04-03	5.73	6.19	5.6	6.04	117681	1.86	002096	南岭民爆	SZ	5.67	1.75	
1283	2009-04-03	10.76	10.83	10.28	10.36	107036	6.83	002097	山河智能	SZ	10.73	7.08	
1279	2009-04-03	7.28	7.33	7	7.13	35271	6.55	002098	浔兴股份	SZ	7.25	6.66	
1278	2009-04-03	4.07	4.09	3.9	3.96	74153	1.84	002099	海翔药业	SZ	4.07	1.89	
1276	2009-04-03	6.94	7.37	6.7	7.28	62772	3.22	002100	天康生物	SZ	6.9	3.05	
1273	2009-04-03	7.34	7.57	7	7.28	128661	3.42	002101	广东鸿图	SZ	7.35	3.46	
1275	2009-04-03	3.03	3.06	2.9	2.95	117286	1.46	002102	冠福家用	SZ	3.05	1.5	
1284	2009-04-03	7.24	7.32	6.98	7.05	50257	6.53	002103	广博股份	SZ	7.26	6.73	
1284	2009-04-03	7.83	8.29	7.8	7.83	173653	7.62	002104	恒宝股份	SZ	7.68	7.47	
1281	2009-04-03	5.68	5.95	5.53	5.59	109218	5.21	002105	信隆实业	SZ	5.74	5.35	
1286	2009-04-03	7.31	7.36	7.05	7.23	150556	3.66	002106	莱宝高科	SZ	7.21	3.65	
1283	2009-04-03	17.02	17.71	17.02	17.35	23398	8.68	002107	沃华医药	SZ	16.98	8.49	
1277	2009-04-03	4.36	4.76	4.28	4.59	114145	1.15	002108	沧州明珠	SZ	4.33	1.09	
1281	2009-04-03	9.32	9.5	8.9	8.99	156364	8.47	002109	兴化股份	SZ	9.23	8.7	
1276	2009-04-03	9.42	9.47	9.05	9.12	54029	9.01	002110	三钢闽光	SZ	9.37	9.26	
1276	2009-04-03	9.73	9.73	9.22	9.24	34078	4.91	002111	威海广泰	SZ	9.78	5.2	
1282	2009-04-03	5.06	5.41	5.06	5.28	88811	2.05	002112	三变科技	SZ	5.04	1.96	
1266	2009-04-03	7.42	7.5	7.25	7.28	39045	7.28	002113	ST天润	SZ	7.5	7.5	
1285	2009-04-03	9.74	9.76	9.23	9.36	41001	9.36	002114	罗平锌电	SZ	9.68	9.68	
1277	2009-04-03	5.34	5.55	5.22	5.46	105802	1.74	002115	三维通信	SZ	5.32	1.69	
1283	2009-04-03	7.69	7.83	7.5	7.64	32073	3.72	002116	中国海诚	SZ	7.69	3.74	
1276	2009-04-03	7.66	7.7	7.41	7.49	21114	4.1	002117	东港股份	SZ	7.64	4.18	
1237	2009-04-03	4.66	4.78	4.56	4.73	152938	1.38	002118	紫鑫药业	SZ	4.66	1.35	
1275	2009-04-03	6.49	6.55	6.16	6.34	159916	6.25	002119	康强电子	SZ	6.44	6.35	
1220	2009-04-03	8.01	8.17	7.92	8	23967	7.75	002120	新海股份	SZ	7.99	7.74	
1279	2009-04-03	8.23	8.26	8.04	8.26	28907	2.7	002121	科陆电子	SZ	8.19	2.68	
1286	2009-04-03	17.44	18.14	17	17.1	137569	8.21	002122	天马股份	SZ	17.24	8.28	
1285	2009-04-03	12.31	12.45	12.03	12.22	55264	3.34	002123	荣信股份	SZ	12.1	3.31	
1271	2009-04-03	5.79	5.93	5.67	5.7	21373	3.55	002125	湘潭电化	SZ	5.93	3.69	
1279	2009-04-03	4.48	4.72	4.48	4.71	81229	1.73	002126	银轮股份	SZ	4.47	1.64	
1281	2009-04-03	3.62	3.68	3.57	3.59	42234	1.5	002127	新民科技	SZ	3.62	1.51	
1284	2009-04-03	13.73	14.19	13.47	13.65	151679	9.71	002128	露天煤业	SZ	13.47	9.58	
1275	2009-04-03	7.01	7.13	6.69	6.77	240318	4.49	002129	中环股份	SZ	7.07	4.69	
1276	2009-04-03	3.85	3.91	3.69	3.74	120351	0.81	002130	沃尔核材	SZ	3.84	0.83	
1198	2009-04-03	6.14	6.19	5.9	5.92	47913	2.82	002131	利欧股份	SZ	6.13	2.92	
1278	2009-04-03	5.03	5.12	4.88	4.92	156084	3.68	002133	广宇集团	SZ	5.03	3.76	
1285	2009-04-03	6.05	6.13	5.79	5.86	138887	5.86	002134	天津普林	SZ	6.12	6.12	
1280	2009-04-03	3.4	3.47	3.3	3.31	68067	1.17	002135	东南网架	SZ	3.42	1.21	
1278	2009-04-03	4.07	4.18	4.01	4.03	23285	2	002136	安 纳 达	SZ	4.09	2.03	
1281	2009-04-03	3.94	3.96	3.8	3.86	73308	1.74	002137	实 益 达	SZ	3.93	1.78	
1281	2009-04-03	6.62	6.7	6.46	6.65	49382	2.78	002138	顺络电子	SZ	6.6	2.76	
1278	2009-04-03	8.87	8.9	8.36	8.5	67734	4.31	002139	拓邦股份	SZ	8.78	4.46	
1285	2009-04-03	6.69	6.97	6.69	6.81	60800	1.47	002140	东华科技	SZ	6.68	1.44	
1245	2009-04-03	4.02	4.07	3.91	4.01	23444	1.78	002141	蓉胜超微	SZ	4.02	1.79	
1281	2009-04-03	9.88	10.35	9.82	10.08	533426	9.16	002142	宁波银行	SZ	9.84	8.94	
1275	2009-04-03	7.02	7.19	6.73	7.02	41186	5.33	002143	高金食品	SZ	6.97	5.29	
1275	2009-04-03	8.25	8.37	8.02	8.1	24150	7.78	002144	宏达高科	SZ	8.26	7.93	
1191	2009-04-03	6.85	6.9	6.55	6.62	60195	6.62	002145	*ST钛白	SZ	6.85	6.85	
1276	2009-04-03	5.38	5.42	5.16	5.21	112064	2.75	002146	荣盛发展	SZ	5.28	2.79	
1280	2009-04-03	16.8	16.8	16.01	16.49	17365	7.79	002147	方圆支承	SZ	16.47	7.78	
1283	2009-04-03	5.87	6.15	5.86	5.99	52207	1.85	002148	北纬通信	SZ	5.86	1.81	
1281	2009-04-03	22.65	22.75	21.45	21.72	27697	21.35	002149	西部材料	SZ	22.7	22.31	
1286	2009-04-03	5.21	5.28	5.05	5.1	30543	1.91	002150	江苏通润	SZ	5.2	1.95	
1272	2009-04-03	13.83	13.84	13.28	13.37	23929	7.18	002151	北斗星通	SZ	13.67	7.34	
1287	2009-04-03	12.62	12.77	12.29	12.47	66997	4.39	002152	广电运通	SZ	12.61	4.44	
1285	2009-04-03	21.98	22.03	21.23	21.43	9837	7.48	002153	石基信息	SZ	21.69	7.56	
1274	2009-04-03	5.81	5.83	5.63	5.77	90326	2.02	002154	报 喜 鸟	SZ	5.7	2	
1283	2009-04-03	9.56	9.57	9.23	9.27	647967	4.89	002155	辰州矿业	SZ	9.69	5.11	
1282	2009-04-03	4.38	4.5	4.17	4.37	192382	1.97	002156	通富微电	SZ	4.25	1.92	
1284	2009-04-03	5.19	5.36	5	5.2	95197	3.16	002157	正邦科技	SZ	5.19	3.15	
1286	2009-04-03	7.62	7.71	7.34	7.45	33077	4.32	002158	汉钟精机	SZ	7.62	4.42	
1282	2009-04-03	7.03	7.37	7	7.09	110302	7.01	002159	三特索道	SZ	7.06	6.98	
1282	2009-04-03	4.73	4.88	4.64	4.81	123077	0.87	002161	远 望 谷	SZ	4.74	0.86	
1285	2009-04-03	6.25	6.29	6.02	6.04	44625	5.42	002162	斯 米 克	SZ	6.23	5.59	
1270	2009-04-03	3.56	3.75	3.49	3.65	365731	1.15	002163	中航三鑫	SZ	3.64	1.14	
1283	2009-04-03	6.15	6.19	6.01	6.05	48850	2.9	002164	东力传动	SZ	6.1	2.92	
1283	2009-04-03	5.51	5.83	5.48	5.68	161896	1.28	002165	红 宝 丽	SZ	5.45	1.23	
1277	2009-04-03	6.45	6.94	6.36	6.78	86662	3.39	002166	莱茵生物	SZ	6.47	3.23	
1279	2009-04-03	4.98	5.03	4.79	4.89	93460	0.92	002167	东方锆业	SZ	4.98	0.94	
1280	2009-04-03	8.1	8.62	8.1	8.18	129163	2.7	002169	智光电气	SZ	8.06	2.66	
1281	2009-04-03	3.61	3.75	3.56	3.68	261938	0.83	002170	芭田股份	SZ	3.57	0.8	
1284	2009-04-03	13.34	13.43	12.46	12.72	53206	12.59	002171	精诚铜业	SZ	13.33	13.2	
1280	2009-04-03	5.25	5.33	5.01	5.03	153461	3.35	002172	澳洋科技	SZ	5.24	3.49	
1285	2009-04-03	6.53	7.19	6.53	7	84239	2.32	002173	山 下 湖	SZ	6.54	2.17	
1282	2009-04-03	8.99	9.33	8.71	9.05	59408	9.02	002174	梅 花 伞	SZ	8.98	8.95	
1256	2009-04-03	9.3	9.47	9.06	9.24	32141	9.09	002175	广陆数测	SZ	9.25	9.1	
1269	2009-04-03	3.33	3.46	3.31	3.33	213330	0.9	002176	江特电机	SZ	3.31	0.9	
1277	2009-04-03	3.36	3.56	3.32	3.53	320832	0.81	002177	御银股份	SZ	3.35	0.77	
1285	2009-04-03	6.9	7.26	6.7	7.05	87151	4.14	002178	延华智能	SZ	6.9	4.05	
1286	2009-04-03	10.62	10.93	10.39	10.7	59505	4.67	002179	中航光电	SZ	10.62	4.63	
1284	2009-04-03	8.66	8.76	8.47	8.57	20920	5.53	002180	万 力 达	SZ	8.62	5.56	
1226	2009-04-03	7.6	7.62	7.3	7.4	67136	7.28	002181	粤 传 媒	SZ	7.51	7.39	
1281	2009-04-03	9.07	9.23	8.83	8.9	62804	5.81	002182	云海金属	SZ	9	5.87	
1266	2009-04-03	7.23	7.31	6.95	6.98	64858	1.89	002183	怡 亚 通	SZ	7.17	1.94	
1286	2009-04-03	8.77	8.82	8.47	8.57	31917	8.28	002184	海得控制	SZ	8.7	8.41	
1281	2009-04-03	2.99	3.01	2.88	2.99	255184	1.26	002185	华天科技	SZ	2.96	1.26	
1285	2009-04-03	13.85	14	13.56	13.69	29583	5.86	002186	全 聚 德	SZ	13.8	5.9	
1282	2009-04-03	11.84	11.99	11.47	11.54	39106	5.76	002187	广百股份	SZ	11.83	5.91	
1239	2009-04-03	5.37	5.48	5.18	5.31	93615	2.71	002188	新 嘉 联	SZ	5.23	2.67	
1284	2009-04-03	7.43	7.47	7.23	7.29	20998	7.23	002189	利达光电	SZ	7.41	7.35	
1265	2009-04-03	5.28	5.38	5.1	5.25	52932	2.41	002190	成飞集成	SZ	5.27	2.42	
1282	2009-04-03	10.68	11.07	10.68	10.79	63010	6.41	002191	劲嘉股份	SZ	10.67	6.34	
1281	2009-04-03	10.95	11.71	10.7	11.01	66296	5.49	002192	路翔股份	SZ	10.68	5.33	
1286	2009-04-03	8.52	8.64	8.19	8.26	43121	8.16	002193	山东如意	SZ	8.5	8.39	
1286	2009-04-03	17.23	17.45	16.77	17.14	30894	11.82	002194	武汉凡谷	SZ	17.12	11.8	
1286	2009-04-03	10.51	11.04	10.48	11.04	99651	7.1	002195	海隆软件	SZ	10.03	6.46	
1280	2009-04-03	8.4	8.75	8.13	8.17	61422	5.14	002196	方正电机	SZ	8.13	5.11	
1280	2009-04-03	10.31	10.49	10	10.27	44140	4.1	002197	证通电子	SZ	10.29	4.11	
1282	2009-04-03	2.48	2.51	2.38	2.43	83831	0.48	002198	嘉应制药	SZ	2.48	0.49	
1281	2009-04-03	5.7	6.03	5.66	5.97	67568	2.23	002199	东晶电子	SZ	5.67	2.12	
1255	2009-04-03	19.94	20.97	19.72	20.41	60323	11.18	002200	绿 大 地	SZ	19.73	10.8	
1245	2009-04-03	5.82	6.12	5.78	5.87	97092	3.44	002201	九鼎新材	SZ	5.79	3.39	
1281	2009-04-03	18.1	18.25	17.33	17.37	145096	7.2	002202	金风科技	SZ	17.81	7.38	
1284	2009-04-03	7.17	7.25	7.07	7.17	71119	4.47	002203	海亮股份	SZ	7.11	4.43	
1257	2009-04-03	10.49	10.53	10.16	10.18	32610	4.27	002204	华锐铸钢	SZ	10.4	4.36	
1280	2009-04-03	15.6	15.6	14.98	15.02	26194	11.83	002205	国统股份	SZ	15.45	12.17	
1278	2009-04-03	6.12	6.36	6.12	6.26	45602	1.75	002206	海 利 得	SZ	6.11	1.71	
1280	2009-04-03	12.09	12.6	12.09	12.11	22671	11.91	002207	准油股份	SZ	11.9	11.71	
1283	2009-04-03	5.18	5.35	5.16	5.21	116090	2.42	002208	合肥城建	SZ	5.12	2.38	
1283	2009-04-03	7.77	7.93	7.61	7.67	38000	4.97	002209	达 意 隆	SZ	7.75	5.02	
1284	2009-04-03	4.06	4.3	3.97	4.2	117345	1.37	002210	飞马国际	SZ	4.09	1.33	
1280	2009-04-03	5.92	5.97	5.73	5.81	58207	3.84	002211	宏达新材	SZ	5.88	3.88	
1276	2009-04-03	7.87	8.48	7.72	8.13	177658	2.38	002212	南洋股份	SZ	7.77	2.27	
1284	2009-04-03	4.92	4.93	4.61	4.64	136672	2.23	002213	特 尔 佳	SZ	4.95	2.39	
1261	2009-04-03	8.7	8.75	8.45	8.73	36894	4.18	002214	大立科技	SZ	8.61	4.12	
1276	2009-04-03	6.92	7.61	6.92	7.24	68069	2.12	002215	诺 普 信	SZ	6.92	2.03	
1280	2009-04-03	7.62	7.81	7.52	7.7	56106	1.8	002216	三全食品	SZ	7.57	1.77	
1283	2009-04-03	7.41	7.55	7.24	7.47	117538	3.14	002217	联合化工	SZ	7.36	3.1	
1280	2009-04-03	12.76	13.83	12.45	13.26	219681	5.64	002218	拓日新能	SZ	12.93	5.5	
1282	2009-04-03	4.95	4.96	4.77	4.78	106649	1.17	002219	独 一 味	SZ	4.96	1.22	
1281	2009-04-03	4.7	4.86	4.51	4.78	147403	1.1	002220	天宝股份	SZ	4.7	1.08	
1277	2009-04-03	3.65	3.74	3.62	3.67	140665	1.8	002221	东华能源	SZ	3.62	1.77	
1286	2009-04-03	5.69	5.76	5.53	5.59	71244	3.34	002222	福晶科技	SZ	5.69	3.4	
1284	2009-04-03	5.57	5.85	5.57	5.75	95642	1.09	002223	鱼跃医疗	SZ	5.56	1.06	
1282	2009-04-03	5.13	5.37	5.11	5.33	81681	1.87	002224	三 力 士	SZ	5.1	1.79	
1274	2009-04-03	4.82	4.88	4.68	4.79	66517	2.72	002225	濮耐股份	SZ	4.84	2.75	
1255	2009-04-03	6.15	6.52	6.09	6.41	87127	1.51	002226	江南化工	SZ	6.13	1.45	
1285	2009-04-03	20.47	21.96	20.21	21.17	31407	20.67	002227	奥 特 迅	SZ	20.53	20.05	
1275	2009-04-03	6.66	7.16	6.61	7.07	105279	2.16	002228	合兴包装	SZ	6.66	2.03	
1280	2009-04-03	4.64	4.8	4.5	4.7	85377	1.33	002229	鸿博股份	SZ	4.66	1.31	
1280	2009-04-03	9.27	9.71	9.07	9.71	66450	1.55	002230	科大讯飞	SZ	9.21	1.47	
1285	2009-04-03	3.44	3.8	3.34	3.58	155589	1.08	002231	奥维通信	SZ	3.48	1.05	
1276	2009-04-03	11.35	11.81	11	11.81	154835	4.07	002232	启明信息	SZ	10.73	3.7	
1281	2009-04-03	6.71	6.77	6.49	6.54	172650	3.13	002233	塔牌集团	SZ	6.7	3.21	
1280	2009-04-03	8.06	8.43	7.8	8.19	113103	3.81	002234	民和股份	SZ	8	3.72	
1279	2009-04-03	9.1	9.98	8.97	9.98	72120	4.9	002235	安妮股份	SZ	9.08	4.45	
1282	2009-04-03	2.63	2.66	2.58	2.65	143742	0.14	002236	大华股份	SZ	2.62	0.14	
1279	2009-04-03	21.75	22	20.55	21.44	160087	5.2	002237	恒邦股份	SZ	22.35	5.42	
1282	2009-04-03	12.48	12.62	12.01	12.06	26480	9.8	002238	天威视讯	SZ	12.48	10.14	
1278	2009-04-03	7.87	8.13	7.63	8.1	64314	5.29	002239	金 飞 达	SZ	7.83	5.11	
1285	2009-04-03	5.73	5.73	5.38	5.58	86379	3.43	002240	威华股份	SZ	5.66	3.48	
1277	2009-04-03	3.11	3.27	3.1	3.24	305525	0.26	002241	歌尔声学	SZ	3.12	0.25	
1283	2009-04-03	18.22	18.95	17.85	18.19	95068	4.77	002242	九阳股份	SZ	18.04	4.73	
1278	2009-04-03	9.22	9.23	8.92	9.04	35367	8.65	002243	通产丽星	SZ	9.03	8.64	
1285	2009-04-03	11.08	11.45	10.98	11.15	93343	8.28	002244	滨江集团	SZ	10.99	8.16	
1281	2009-04-03	3.19	3.4	3.15	3.35	134873	0.54	002245	澳洋顺昌	SZ	3.18	0.51	
1238	2009-04-03	8.01	8.1	7.64	8	43754	7.71	002246	北化股份	SZ	7.97	7.68	
1285	2009-04-03	5.46	5.46	5.27	5.35	71932	1.6	002247	帝龙新材	SZ	5.4	1.62	
1275	2009-04-03	10.25	11.18	10.18	10.9	140162	5.35	002248	华东数控	SZ	10.19	4.99	
1279	2009-04-03	7	7.08	6.76	7.08	370964	1.19	002249	大洋电机	SZ	6.43	1.08	
1274	2009-04-03	4.42	4.48	4.29	4.44	121530	1.08	002250	联化科技	SZ	4.41	1.08	
1284	2009-04-03	12.64	12.81	12.45	12.64	84774	2.96	002251	步 步 高	SZ	12.56	2.94	
1283	2009-04-03	8.83	9.11	8.79	8.95	83790	2.58	002252	上海莱士	SZ	8.81	2.54	
1281	2009-04-03	15.35	15.73	14.04	14.32	77209	7.01	002253	川大智胜	SZ	15.2	7.44	
1286	2009-04-03	8.11	8.71	8.06	8.62	115343	1.67	002254	烟台氨纶	SZ	8.03	1.56	
1282	2009-04-03	10.5	10.97	10.35	10.71	78713	5.11	002255	海陆重工	SZ	10.47	5	
1176	2009-04-03	5.83	6.25	5.69	6.18	145167	2.03	002256	彩虹精化	SZ	5.83	1.92	
1262	2009-04-03	13.99	13.99	13.2	13.41	39635	8.66	002258	利尔化学	SZ	14.01	8.9	
1281	2009-04-03	2.74	2.83	2.63	2.73	254054	1.05	002259	升达林业	SZ	2.73	1.05	
1280	2009-04-03	6.79	6.88	6.62	6.82	34350	5.04	002260	伊 立 浦	SZ	6.78	5.02	
1278	2009-04-03	9.41	10.28	9.32	10.28	100043	2.83	002261	拓维信息	SZ	9.35	2.57	
1285	2009-04-03	6.98	7.3	6.98	7.18	64197	2.88	002262	恩华药业	SZ	6.92	2.77	
1281	2009-04-03	5.59	5.78	5.48	5.64	202118	4.52	002263	大 东 南	SZ	5.59	4.48	
1279	2009-04-03	4.49	4.54	4.4	4.51	127775	0.86	002264	新 华 都	SZ	4.47	0.85	
1282	2009-04-03	7.81	7.82	7.52	7.55	62242	7.54	002265	西仪股份	SZ	7.77	7.75	
1276	2009-04-03	3.61	3.72	3.43	3.49	502049	0.35	002266	浙富股份	SZ	3.38	0.34	
1285	2009-04-03	7.3	7.66	7.18	7.49	263240	3.26	002267	陕天然气	SZ	7.22	3.15	
1286	2009-04-03	8.89	9.51	8.87	9.31	59808	3.49	002268	卫 士 通	SZ	8.89	3.34	
1284	2009-04-03	18.21	18.59	17.63	17.97	91600	10.47	002269	美邦服饰	SZ	18.07	10.53	
1284	2009-04-03	11.15	11.84	11.01	11.52	90766	8.41	002270	法因数控	SZ	11.07	8.08	
1276	2009-04-03	6.4	7.07	6.4	7.07	163235	1.07	002271	东方雨虹	SZ	6.43	0.97	
1283	2009-04-03	6.39	7.02	6.34	7	227940	1.93	002272	川润股份	SZ	6.38	1.76	
1281	2009-04-03	7.69	8.46	7.64	8.46	140173	1.9	002273	水晶光电	SZ	7.69	1.73	
1281	2009-04-03	16.32	17.7	16.22	17.7	98095	13.27	002274	华昌化工	SZ	16.15	12.11	
