1320	2009-02-26	9.24	9.52	8.52	8.62	1393820	5.27	000001	深发展Ａ	SZ	9.47	5.78	
1327	2009-02-26	7.48	7.69	7	7.19	1730813	6.5	000002	万 科Ａ	SZ	7.57	6.85	
1264	2009-02-26	4.9	5.1	4.67	4.67	20778	4.67	000004	ST国农	SZ	4.92	4.92	
935	2009-02-26	1.63	1.66	1.57	1.6	90127	0.4	000010	S ST华新	SZ	1.65	0.41	
1327	2009-02-26	4.36	4.44	4.16	4.16	25545	3.78	000011	深物业A	SZ	4.38	3.98	
1320	2009-02-26	7.2	7.21	6.49	6.49	333091	3.38	000012	南 玻Ａ	SZ	7.21	3.75	
1326	2009-02-26	8.55	9	8.01	8.3	40919	8.19	000014	沙河股份	SZ	8.66	8.55	
1325	2009-02-26	5.1	5.16	4.64	4.65	226688	4.56	000016	深康佳Ａ	SZ	5.15	5.05	
1327	2009-02-26	5.17	5.17	4.85	4.85	13545	4.85	000018	ST中冠A	SZ	5.1	5.1	
1268	2009-02-26	7.29	7.59	6.56	6.74	45264	6.57	000019	深深宝Ａ	SZ	7.28	7.1	
1325	2009-02-26	3.48	3.65	3.31	3.43	33392	3.43	000020	深华发Ａ	SZ	3.48	3.48	
1320	2009-02-26	4.49	4.77	4.07	4.13	489348	2.6	000021	长城开发	SZ	4.51	2.84	
1327	2009-02-26	11.67	11.81	10.97	11.02	37012	9.52	000022	深赤湾Ａ	SZ	11.62	10.04	
1310	2009-02-26	5.84	5.85	5.28	5.32	64440	5.17	000023	深天地Ａ	SZ	5.87	5.71	
1327	2009-02-26	17.59	18.2	16.7	16.95	155667	15.64	000024	招商地产	SZ	17.5	16.15	
1327	2009-02-26	5.02	5.09	4.51	4.61	20821	4.61	000025	特 力Ａ	SZ	5.01	5.01	
1327	2009-02-26	5.13	5.28	4.61	4.75	58634	3.22	000026	飞亚达Ａ	SZ	5.11	3.47	
1323	2009-02-26	9.7	10.08	8.92	9.12	151114	7.09	000027	深圳能源	SZ	9.77	7.59	
1307	2009-02-26	18.48	18.56	16.87	17.81	10663	17.42	000028	一致药业	SZ	18.43	18.03	
1303	2009-02-26	3.51	3.58	3.21	3.26	70102	3.26	000029	深深房Ａ	SZ	3.56	3.56	
1004	2009-02-26	3.11	3.18	2.96	2.96	39657	2.96	000030	*ST盛润A	SZ	3.12	3.12	
1327	2009-02-26	6.27	6.47	5.75	5.85	390080	5.73	000031	中粮地产	SZ	6.34	6.21	
1326	2009-02-26	7.09	7.22	6.47	6.47	101232	6.16	000032	深桑达Ａ	SZ	7.19	6.84	
1321	2009-02-26	3.89	3.97	3.49	3.58	203162	3.58	000033	新都酒店	SZ	3.88	3.88	
1128	2009-02-26	2.84	2.91	2.71	2.72	61895	2.72	000034	ST深泰	SZ	2.85	2.85	
1328	2009-02-26	3.03	3.03	2.71	2.82	232865	2.82	000036	华联控股	SZ	3.01	3.01	
1321	2009-02-26	4.24	4.35	3.88	3.99	27375	3.99	000037	深南电Ａ	SZ	4.23	4.23	
1326	2009-02-26	7.74	8.22	7.56	7.77	332582	7.13	000039	中集集团	SZ	7.73	7.09	
1271	2009-02-26	5.3	5.39	4.76	4.95	119302	4.87	000040	深 鸿 基	SZ	5.29	5.21	
1285	2009-02-26	1.96	1.96	1.75	1.76	1779018	0.84	000100	TCL 集团	SZ	1.95	0.92	
1327	2009-02-26	4.03	4.11	3.74	3.8	85694	3.8	000150	宜华地产	SZ	4.06	4.06	
1326	2009-02-26	5.64	5.82	5.03	5.05	99137	4.95	000151	中成股份	SZ	5.59	5.48	
1328	2009-02-26	4.72	4.85	4.28	4.42	72160	4.38	000153	丰原药业	SZ	4.75	4.7	
1327	2009-02-26	7.31	7.42	6.6	6.89	102223	6.75	000155	川化股份	SZ	7.33	7.18	
1318	2009-02-26	5.61	5.68	5.04	5.16	985726	1.26	000157	中联重科	SZ	5.6	1.37	
1310	2009-02-26	4.2	4.51	4.08	4.44	553057	4.43	000158	常山股份	SZ	4.29	4.28	
1291	2009-02-26	6.55	6.78	6.09	6.25	279214	2.93	000159	国际实业	SZ	6.45	3.02	
1325	2009-02-26	4.73	4.8	4.28	4.34	201654	4.13	000301	东方市场	SZ	4.76	4.53	
1311	2009-02-26	11.75	11.87	10.62	10.84	212575	4.27	000338	潍柴动力	SZ	11.74	4.62	
1327	2009-02-26	11.32	11.81	10.68	10.92	115313	8.29	000400	许继电气	SZ	11.32	8.59	
1325	2009-02-26	14.28	14.59	13.18	13.58	120324	13.34	000401	冀东水泥	SZ	14.27	14.02	
1303	2009-02-26	4.34	4.34	3.95	3.98	324774	1.62	001696	宗申动力	SZ	4.39	1.79	
1317	2009-02-26	4.35	4.75	4.05	4.19	58701	4.19	001896	*ST豫能	SZ	4.4	4.4	
1305	2009-02-26	15.98	16.29	14.69	14.9	128253	6.8	002001	新 和 成	SZ	16.18	7.38	
1274	2009-02-26	3.82	4	3.78	4	59461	4	002002	ST琼花	SZ	3.81	3.81	
1298	2009-02-26	16.77	17.22	15.55	15.87	29101	9.57	002003	伟星股份	SZ	16.72	10.08	
1304	2009-02-26	6.38	6.7	5.83	5.98	88179	1.8	002004	华邦制药	SZ	6.38	1.92	
1295	2009-02-26	2.9	2.97	2.52	2.64	420813	1.31	002005	德豪润达	SZ	2.8	1.39	
1293	2009-02-26	2.86	2.89	2.57	2.59	157204	0.86	002006	精功科技	SZ	2.86	0.95	
1306	2009-02-26	16.68	16.98	16.14	16.54	7827	6.28	002007	华兰生物	SZ	16.86	6.41	
1309	2009-02-26	5.17	5.25	4.65	4.75	240200	2.97	002008	大族激光	SZ	5.17	3.24	
1305	2009-02-26	11	11.4	9.71	10.32	203365	10.26	002009	天奇股份	SZ	10.75	10.69	
1304	2009-02-26	3.24	3.46	3.05	3.14	157176	1.5	002010	传化股份	SZ	3.25	1.55	
1306	2009-02-26	5.74	5.84	5.11	5.18	169353	2.32	002011	盾安环境	SZ	5.68	2.55	
1309	2009-02-26	3.64	3.64	3.26	3.3	262315	1.57	002012	凯恩股份	SZ	3.62	1.73	
1284	2009-02-26	3.76	3.78	3.36	3.38	179990	1.26	002013	中航精机	SZ	3.74	1.39	
1309	2009-02-26	4.73	4.89	4.41	4.52	71911	1.89	002014	永新股份	SZ	4.74	1.98	
1298	2009-02-26	5.94	6.05	5.39	5.4	94698	5.36	002015	霞客环保	SZ	5.99	5.95	
1306	2009-02-26	4.87	4.91	4.44	4.44	179522	2.6	002016	世荣兆业	SZ	4.93	2.89	
1289	2009-02-26	7.36	7.39	6.62	6.64	34032	5.83	002017	东信和平	SZ	7.35	6.46	
1318	2009-02-26	6.43	6.7	5.86	6.16	369002	2.28	002018	华星化工	SZ	6.41	2.37	
1311	2009-02-26	10.48	10.75	9.46	9.46	38411	9.33	002019	鑫富药业	SZ	10.51	10.36	
1308	2009-02-26	3.69	3.73	3.24	3.28	138598	1.58	002020	京新药业	SZ	3.61	1.74	
1307	2009-02-26	2.67	2.71	2.42	2.46	296830	1.04	002021	中捷股份	SZ	2.69	1.14	
1312	2009-02-26	16.77	16.92	15.12	16.08	31327	11.25	002022	科华生物	SZ	16.77	11.73	
1306	2009-02-26	4.78	4.91	4.29	4.32	91001	2.98	002023	海特高新	SZ	4.76	3.29	
1308	2009-02-26	7.51	7.62	6.95	7.18	640705	3.08	002024	苏宁电器	SZ	7.55	3.24	
1309	2009-02-26	9.1	9.25	8.28	8.28	95786	8	002025	航天电器	SZ	9.2	8.89	
1293	2009-02-26	3.7	3.72	3.32	3.37	38148	1.89	002026	山东威达	SZ	3.69	2.07	
1309	2009-02-26	4.65	4.78	4.19	4.31	112825	4.31	002027	七喜控股	SZ	4.66	4.66	
1312	2009-02-26	19.36	19.68	18.99	18.99	45585	11.09	002028	思源电气	SZ	19.25	11.25	
1307	2009-02-26	5.39	5.49	4.88	4.98	72629	2.08	002029	七 匹 狼	SZ	5.43	2.27	
1310	2009-02-26	4.26	4.37	3.86	3.94	93226	2.06	002030	达安基因	SZ	4.26	2.23	
1304	2009-02-26	4.18	4.4	4.07	4.28	142213	2.73	002031	巨轮股份	SZ	4.18	2.67	
1309	2009-02-26	10.04	10.21	9.18	9.33	26811	6	002032	苏 泊 尔	SZ	10.2	6.56	
1274	2009-02-26	7.82	8.02	7.27	7.41	83178	4.13	002033	丽江旅游	SZ	7.82	4.36	
1312	2009-02-26	6.55	6.95	6.53	6.8	61448	6.51	002034	美 欣 达	SZ	6.59	6.31	
1309	2009-02-26	6.03	6.15	5.45	5.52	97197	3.53	002035	华帝股份	SZ	6.06	3.87	
1313	2009-02-26	5.5	5.57	4.99	5	49069	3.22	002036	宜科科技	SZ	5.51	3.55	
1301	2009-02-26	4.65	4.83	4.31	4.31	73194	1.77	002037	久联发展	SZ	4.68	1.92	
1326	2009-02-26	20	20.16	19.07	19.23	44214	10.38	002038	双鹭药业	SZ	19.96	10.78	
1312	2009-02-26	15.8	16.58	15	15.17	30088	14.7	002039	黔源电力	SZ	15.8	15.31	
1309	2009-02-26	5.49	5.55	4.91	5	42423	4.91	002040	南 京 港	SZ	5.44	5.34	
1310	2009-02-26	11.61	11.65	10.5	10.69	145291	5.23	002041	登海种业	SZ	11.52	5.63	
1319	2009-02-26	2.45	2.59	2.39	2.43	65449	0.78	002042	华孚色纺	SZ	2.43	0.78	
1307	2009-02-26	2.62	2.67	2.35	2.45	94396	1.15	002043	兔 宝 宝	SZ	2.61	1.22	
1309	2009-02-26	3.62	3.64	3.23	3.41	119831	2.32	002044	江苏三友	SZ	3.59	2.44	
1306	2009-02-26	4.44	4.49	4	4.17	45917	2.14	002045	广州国光	SZ	4.42	2.27	
1306	2009-02-26	6.38	6.43	5.73	5.75	81599	2.74	002046	轴研科技	SZ	6.36	3.03	
1311	2009-02-26	2.88	2.92	2.57	2.61	137583	1.58	002047	成霖股份	SZ	2.86	1.73	
1305	2009-02-26	6.66	6.75	5.9	5.94	374602	5.68	002048	宁波华翔	SZ	6.56	6.27	
1278	2009-02-26	7.19	7.26	6.48	6.48	86678	6.26	002049	晶源电子	SZ	7.2	6.96	
1307	2009-02-26	7.93	8.23	7.15	7.45	43141	3.13	002050	三花股份	SZ	7.93	3.34	
1300	2009-02-26	6.63	6.69	6.03	6.03	68761	2.15	002051	中工国际	SZ	6.7	2.39	
1299	2009-02-26	4.59	4.66	4.14	4.28	96620	2.12	002052	同洲电子	SZ	4.57	2.26	
1308	2009-02-26	14.75	16.45	14	14.55	202379	14.42	002053	云南盐化	SZ	15	14.87	
1311	2009-02-26	5.49	5.71	5.14	5.34	140163	2.24	002054	德美化工	SZ	5.49	2.3	
1305	2009-02-26	3.96	4.12	3.58	3.7	73610	1.81	002055	得润电子	SZ	3.97	1.94	
1309	2009-02-26	11.81	12	10.53	10.53	170938	10.42	002056	横店东磁	SZ	11.7	11.57	
1310	2009-02-26	7.6	7.75	6.9	7.42	37806	7.4	002057	中钢天源	SZ	7.65	7.63	
1301	2009-02-26	4.45	4.56	4	4.02	45741	1.68	002058	威 尔 泰	SZ	4.45	1.86	
1284	2009-02-26	6.29	6.6	6.08	6.49	96305	6.38	002059	云南旅游	SZ	6.24	6.13	
1304	2009-02-26	5.36	5.46	4.83	4.92	117522	2.72	002060	粤 水 电	SZ	5.35	2.96	
1300	2009-02-26	4.72	4.8	4.26	4.43	44185	2.92	002061	江山化工	SZ	4.71	3.1	
1309	2009-02-26	10.36	10.95	10.03	10.18	113030	3.61	002062	宏润建设	SZ	9.98	3.54	
1309	2009-02-26	4.39	4.51	3.96	4.05	55782	0.99	002063	远光软件	SZ	4.39	1.08	
1312	2009-02-26	4.2	4.32	3.87	4.03	147970	1.93	002064	华峰氨纶	SZ	4.2	2.01	
1284	2009-02-26	7.86	7.91	7	7.4	37061	3.03	002065	东华软件	SZ	7.77	3.19	
1312	2009-02-26	5.26	5.34	4.78	4.84	24170	2.24	002066	瑞泰科技	SZ	5.28	2.44	
1303	2009-02-26	2.28	2.35	2.06	2.12	247728	1.03	002067	景兴纸业	SZ	2.28	1.11	
1303	2009-02-26	3.33	3.43	3.02	3.11	80697	1.21	002068	黑猫股份	SZ	3.36	1.31	
1304	2009-02-26	7.47	7.47	6.68	6.68	139217	1.95	002069	獐 子 岛	SZ	7.42	2.17	
1308	2009-02-26	2.21	2.24	2.02	2.13	381398	0.71	002070	众和股份	SZ	2.18	0.73	
1306	2009-02-26	3.49	3.63	3.24	3.33	50757	2.2	002071	江苏宏宝	SZ	3.5	2.32	
1300	2009-02-26	5.25	5.81	5.24	5.45	174188	5.45	002072	*ST德棉	SZ	5.28	5.28	
1309	2009-02-26	7.07	7.22	6.49	6.6	120753	2.89	002073	软控股份	SZ	7.07	3.1	
1308	2009-02-26	7.15	7.3	6.45	6.47	45744	3.47	002074	东源电器	SZ	7.17	3.85	
1307	2009-02-26	8.1	8.12	7.41	7.41	55570	7.11	002076	雪 莱 特	SZ	8.23	7.89	
1291	2009-02-26	6.43	6.65	5.81	6.04	89882	5.94	002077	大港股份	SZ	6.35	6.24	
1305	2009-02-26	5.15	5.26	4.66	4.69	169612	2.17	002078	太阳纸业	SZ	5.18	2.39	
1303	2009-02-26	2.34	2.37	2.1	2.12	108481	0.88	002079	苏州固锝	SZ	2.34	0.97	
1306	2009-02-26	13.4	13.4	11.99	12.52	19299	5.93	002080	中材科技	SZ	13.32	6.31	
1305	2009-02-26	3.24	3.28	3.12	3.21	105026	0.39	002081	金 螳 螂	SZ	3.24	0.4	
1309	2009-02-26	7.56	7.69	6.8	6.8	82388	6.38	002082	栋梁新材	SZ	7.55	7.08	
1312	2009-02-26	6.18	6.34	5.63	5.63	143504	5.5	002083	孚日股份	SZ	6.26	6.11	
1310	2009-02-26	4.01	4.3	3.97	4.22	178761	2.1	002084	海鸥卫浴	SZ	3.97	1.98	
1284	2009-02-26	5.16	5.5	4.81	5.02	110301	4.36	002085	万丰奥威	SZ	5.19	4.5	
1310	2009-02-26	8.26	8.5	7.61	7.8	38087	3.84	002086	东方海洋	SZ	8.3	4.08	
1305	2009-02-26	3.18	3.27	2.9	2.9	112603	1.7	002087	新野纺织	SZ	3.22	1.88	
1309	2009-02-26	13.35	14.04	12.5	12.87	20043	12.33	002088	鲁阳股份	SZ	13.3	12.74	
1307	2009-02-26	3.73	4.13	3.69	3.87	253483	1.46	002089	新 海 宜	SZ	3.75	1.41	
1252	2009-02-26	6.8	6.9	6.05	6.16	37539	2.89	002090	金智科技	SZ	6.68	3.14	
1312	2009-02-26	9.47	9.79	8.51	8.77	90736	5.61	002091	江苏国泰	SZ	9.45	6.05	
1299	2009-02-26	5.25	5.41	4.73	4.85	190621	3.05	002092	中泰化学	SZ	5.24	3.3	
1307	2009-02-26	4.73	4.77	4.3	4.37	61072	1.45	002093	国脉科技	SZ	4.75	1.58	
1310	2009-02-26	4.85	5.18	4.53	4.62	171145	2.98	002094	青岛金王	SZ	4.86	3.13	
1313	2009-02-26	9.58	9.93	9.05	9.17	30440	4.93	002095	生 意 宝	SZ	9.49	5.11	
1283	2009-02-26	4.4	4.63	4.11	4.11	38019	1.27	002096	南岭民爆	SZ	4.57	1.41	
1309	2009-02-26	10.93	11.03	9.83	9.83	148367	6.49	002097	山河智能	SZ	10.93	7.21	
1305	2009-02-26	7.1	7.3	6.41	6.41	68075	5.89	002098	浔兴股份	SZ	7.12	6.54	
1304	2009-02-26	3.9	3.93	3.51	3.52	68154	1.63	002099	海翔药业	SZ	3.9	1.81	
1302	2009-02-26	6.51	6.76	5.92	6.09	46487	2.69	002100	天康生物	SZ	6.49	2.87	
1299	2009-02-26	6.65	6.72	6.07	6.07	88075	2.85	002101	广东鸿图	SZ	6.74	3.17	
1301	2009-02-26	2.8	2.89	2.51	2.59	108626	1.28	002102	冠福家用	SZ	2.78	1.37	
1310	2009-02-26	6.68	6.92	6.06	6.5	54227	6.02	002103	广博股份	SZ	6.73	6.24	
1310	2009-02-26	7.08	7.16	6.38	6.38	50585	6.21	002104	恒宝股份	SZ	7.09	6.9	
1307	2009-02-26	4.88	4.99	4.42	4.5	46259	4.19	002105	信隆实业	SZ	4.9	4.57	
1312	2009-02-26	5.95	6.3	5.87	6.03	229566	3.06	002106	莱宝高科	SZ	5.77	2.92	
1309	2009-02-26	16.47	17.9	16.1	16.42	25781	8.21	002107	沃华医药	SZ	16.5	8.25	
1303	2009-02-26	4.05	4.08	3.65	3.7	54672	0.93	002108	沧州明珠	SZ	4.05	1.02	
1307	2009-02-26	8.3	8.43	7.49	7.72	89430	7.28	002109	兴化股份	SZ	8.32	7.84	
1302	2009-02-26	8.95	9.16	8.1	8.28	50914	8.18	002110	三钢闽光	SZ	8.95	8.84	
1302	2009-02-26	9.03	9.11	8.22	8.33	11770	4.43	002111	威海广泰	SZ	8.94	4.75	
1308	2009-02-26	4.9	4.96	4.45	4.46	45548	1.73	002112	三变科技	SZ	4.94	1.92	
1311	2009-02-26	9.75	10.08	9.1	9.6	84142	9.6	002114	罗平锌电	SZ	9.59	9.59	
1303	2009-02-26	5.05	5.21	4.55	4.69	71001	1.49	002115	三维通信	SZ	5.05	1.61	
1309	2009-02-26	7.22	7.47	6.56	6.58	55145	3.2	002116	中国海诚	SZ	7.29	3.55	
1302	2009-02-26	7.77	8.07	6.99	7.13	36127	3.91	002117	东港股份	SZ	7.77	4.25	
1263	2009-02-26	4.43	4.52	3.99	4.04	72351	1.17	002118	紫鑫药业	SZ	4.43	1.29	
1301	2009-02-26	5.8	5.92	5.27	5.3	54097	5.22	002119	康强电子	SZ	5.85	5.77	
1246	2009-02-26	7.67	7.74	6.94	7.05	17471	6.83	002120	新海股份	SZ	7.71	7.47	
1305	2009-02-26	7.17	7.25	6.55	6.67	42257	2.18	002121	科陆电子	SZ	7.28	2.38	
1312	2009-02-26	15.3	15.5	14.25	14.28	21710	3.41	002122	天马股份	SZ	15.25	3.64	
1311	2009-02-26	11.11	11.16	10.03	10.18	80263	2.78	002123	荣信股份	SZ	10.75	2.94	
1310	2009-02-26	8.08	8.3	7.41	7.53	67473	4.68	002124	天邦股份	SZ	8.1	5.04	
1297	2009-02-26	5.04	5.22	4.64	4.64	18391	2.89	002125	湘潭电化	SZ	5.15	3.21	
1305	2009-02-26	4.3	4.3	3.85	3.9	60460	1.43	002126	银轮股份	SZ	4.27	1.56	
1307	2009-02-26	3.52	3.56	3.15	3.17	54824	1.32	002127	新民科技	SZ	3.49	1.46	
1310	2009-02-26	10.85	11.03	9.82	10.01	43836	7.12	002128	露天煤业	SZ	10.84	7.71	
1301	2009-02-26	5.47	5.55	4.92	5.01	100374	3.32	002129	中环股份	SZ	5.47	3.63	
1302	2009-02-26	3.38	3.4	3.06	3.06	85312	0.66	002130	沃尔核材	SZ	3.4	0.73	
1224	2009-02-26	5.88	6.09	5.33	5.43	48327	2.59	002131	利欧股份	SZ	5.92	2.82	
1303	2009-02-26	3.84	3.93	3.46	3.58	73924	1.7	002132	恒星科技	SZ	3.84	1.82	
1304	2009-02-26	3.97	4.07	3.66	4.07	195537	3.04	002133	广宇集团	SZ	4.07	3.04	
1311	2009-02-26	5.92	5.97	5.32	5.38	41408	5.38	002134	天津普林	SZ	5.91	5.91	
1306	2009-02-26	3.57	3.63	3.2	3.25	89393	1.15	002135	东南网架	SZ	3.56	1.26	
1304	2009-02-26	3.97	4.11	3.61	3.68	29160	1.83	002136	安 纳 达	SZ	3.98	1.98	
1307	2009-02-26	3.65	3.7	3.28	3.32	56558	1.5	002137	实 益 达	SZ	3.65	1.65	
1307	2009-02-26	6.74	7.33	6.13	6.44	176104	2.69	002138	顺络电子	SZ	6.79	2.84	
1304	2009-02-26	7.46	7.56	6.77	6.77	71553	3.44	002139	拓邦股份	SZ	7.52	3.82	
1311	2009-02-26	5.95	6.07	5.38	5.52	29115	1.19	002140	东华科技	SZ	5.95	1.29	
1271	2009-02-26	4.02	4.13	3.84	3.97	79335	1.77	002141	蓉胜超微	SZ	4.05	1.8	
1307	2009-02-26	8.96	9.39	8.52	8.75	595563	7.95	002142	宁波银行	SZ	8.96	8.14	
1301	2009-02-26	6.85	7.05	6.42	6.61	55397	5.02	002143	高金食品	SZ	6.88	5.22	
1301	2009-02-26	7.8	8.05	7.05	7.23	28740	6.95	002144	宏达高科	SZ	7.79	7.48	
1217	2009-02-26	6.15	6.34	5.54	5.66	66433	5.66	002145	*ST钛白	SZ	6.15	6.15	
1302	2009-02-26	4.26	4.38	3.95	4.05	121512	2.14	002146	荣盛发展	SZ	4.3	2.27	
1306	2009-02-26	17.21	17.4	15.46	15.6	52003	7.37	002147	方圆支承	SZ	17.18	8.11	
1309	2009-02-26	5.79	5.93	5.27	5.27	30839	1.63	002148	北纬通信	SZ	5.86	1.81	
1307	2009-02-26	21.11	21.58	18.44	18.44	56989	18.12	002149	西部材料	SZ	20.49	20.14	
1312	2009-02-26	4.92	5.07	4.45	4.47	30606	1.68	002150	江苏通润	SZ	4.95	1.85	
1298	2009-02-26	10.44	10.61	9.44	9.67	14571	5.19	002151	北斗星通	SZ	10.46	5.62	
1313	2009-02-26	11.98	12.58	11.55	11.64	75423	4.1	002152	广电运通	SZ	12.03	4.24	
1311	2009-02-26	20.3	20.79	19.49	19.55	7660	6.82	002153	石基信息	SZ	20.36	7.1	
1300	2009-02-26	5.25	5.41	4.96	5.02	49469	1.76	002154	报 喜 鸟	SZ	5.32	1.86	
1309	2009-02-26	7.63	7.69	6.86	6.86	256338	3.62	002155	辰州矿业	SZ	7.62	4.02	
1308	2009-02-26	3.72	3.85	3.39	3.51	81774	1.59	002156	通富微电	SZ	3.72	1.68	
1310	2009-02-26	5.07	5.07	4.51	4.55	67388	2.77	002157	正邦科技	SZ	5.01	3.05	
1312	2009-02-26	7.65	7.71	6.85	6.85	45760	3.97	002158	汉钟精机	SZ	7.61	4.41	
1308	2009-02-26	6.2	6.45	5.75	5.88	44845	5.81	002159	三特索道	SZ	6.24	6.17	
1308	2009-02-26	3.62	3.68	3.4	3.43	79098	0.62	002161	远 望 谷	SZ	3.62	0.66	
1311	2009-02-26	5.87	6.14	5.31	5.45	44000	4.9	002162	斯 米 克	SZ	5.9	5.3	
1296	2009-02-26	2.74	2.85	2.52	2.62	431174	0.83	002163	中航三鑫	SZ	2.69	0.85	
1309	2009-02-26	6.14	6.39	5.55	5.7	70953	2.73	002164	东力传动	SZ	6.12	2.94	
1309	2009-02-26	4.38	4.56	3.99	4.04	114538	0.91	002165	红 宝 丽	SZ	4.43	1	
1303	2009-02-26	5.99	6.16	5.4	5.45	26889	2.72	002166	莱茵生物	SZ	5.99	3	
1305	2009-02-26	3.5	3.71	3.29	3.35	51590	0.63	002167	东方锆业	SZ	3.5	0.66	
1305	2009-02-26	2.45	2.51	2.2	2.28	282658	0.29	002168	深圳惠程	SZ	2.45	0.31	
1306	2009-02-26	5.1	5.22	4.59	4.75	25674	1.57	002169	智光电气	SZ	5.1	1.68	
1307	2009-02-26	3.35	3.37	2.99	3	132670	0.68	002170	芭田股份	SZ	3.33	0.75	
1310	2009-02-26	11.4	11.77	10.1	10.25	73160	10.15	002171	精诚铜业	SZ	11.22	11.11	
1306	2009-02-26	5.47	5.8	4.89	5.21	304938	3.47	002172	澳洋科技	SZ	5.44	3.63	
1311	2009-02-26	5.95	6.2	5.5	5.69	89135	1.89	002173	山 下 湖	SZ	5.99	1.99	
1308	2009-02-26	8.76	8.9	7.84	7.84	31732	7.81	002174	梅 花 伞	SZ	8.71	8.68	
1282	2009-02-26	9.18	9.5	8.24	8.45	37986	8.31	002175	广陆数测	SZ	9.15	9	
1295	2009-02-26	3.56	3.64	3.21	3.21	225900	0.87	002176	江特电机	SZ	3.56	0.97	
1303	2009-02-26	2.82	2.87	2.55	2.59	92969	0.6	002177	御银股份	SZ	2.82	0.65	
1311	2009-02-26	6.25	6.38	5.68	5.68	45338	3.34	002178	延华智能	SZ	6.32	3.71	
1312	2009-02-26	8.15	8.37	7.47	7.47	46951	3.26	002179	中航光电	SZ	8.22	3.58	
1310	2009-02-26	8.57	8.81	7.77	7.8	17436	5.03	002180	万 力 达	SZ	8.64	5.58	
1252	2009-02-26	7.38	7.57	6.64	6.75	72809	6.64	002181	粤 传 媒	SZ	7.38	7.26	
1307	2009-02-26	8.77	9.11	7.81	7.97	51020	5.2	002182	云海金属	SZ	8.67	5.66	
1292	2009-02-26	7.64	7.64	6.87	6.87	133677	1.86	002183	怡 亚 通	SZ	7.63	2.06	
1312	2009-02-26	8.28	8.5	7.52	7.6	41266	7.34	002184	海得控制	SZ	8.36	8.08	
1307	2009-02-26	2.8	2.92	2.57	2.61	410320	1.11	002185	华天科技	SZ	2.86	1.21	
1311	2009-02-26	13.64	13.85	12.3	12.68	36961	5.42	002186	全 聚 德	SZ	13.58	5.81	
1308	2009-02-26	12.83	13.13	11.75	11.75	63589	5.87	002187	广百股份	SZ	13.06	6.52	
1265	2009-02-26	4.63	4.77	4.19	4.26	59092	2.17	002188	新 嘉 联	SZ	4.66	2.37	
1310	2009-02-26	7.65	7.7	6.92	6.92	41547	6.86	002189	利达光电	SZ	7.69	7.63	
1291	2009-02-26	5.34	5.66	4.81	4.82	95750	2.21	002190	成飞集成	SZ	5.35	2.45	
1308	2009-02-26	9.6	9.73	8.8	9.07	85292	5.39	002191	劲嘉股份	SZ	9.67	5.75	
1307	2009-02-26	9.53	9.77	8.57	8.57	35954	4.28	002192	路翔股份	SZ	9.52	4.75	
1312	2009-02-26	6.74	7.06	6.31	6.64	107447	6.56	002193	山东如意	SZ	6.67	6.59	
1312	2009-02-26	15.75	15.86	14.46	14.62	60485	10.08	002194	武汉凡谷	SZ	15.58	10.74	
1312	2009-02-26	8.72	8.9	7.87	7.99	20444	5.14	002195	海隆软件	SZ	8.69	5.59	
1306	2009-02-26	7.87	8.07	7.14	7.14	36364	4.49	002196	方正电机	SZ	7.93	4.99	
1306	2009-02-26	7.84	8.07	7.17	7.23	43887	2.89	002197	证通电子	SZ	7.94	3.17	
1308	2009-02-26	2.42	2.45	2.19	2.21	71257	0.44	002198	嘉应制药	SZ	2.44	0.48	
1307	2009-02-26	5.7	5.7	5.05	5.2	42240	1.95	002199	东晶电子	SZ	5.51	2.06	
1281	2009-02-26	18.98	19.78	18.38	18.84	57551	10.31	002200	绿 大 地	SZ	18.88	10.34	
1271	2009-02-26	5.28	5.43	4.78	4.91	60272	2.87	002201	九鼎新材	SZ	5.31	3.11	
1307	2009-02-26	15	15.51	13.66	14.29	290134	5.92	002202	金风科技	SZ	15.12	6.27	
1310	2009-02-26	6.92	7.17	6.15	6.37	79809	3.96	002203	海亮股份	SZ	6.83	4.25	
1283	2009-02-26	8.89	9.33	8.23	8.36	78283	3.51	002204	华锐铸钢	SZ	8.88	3.72	
1306	2009-02-26	14.88	15.16	13.23	13.23	31160	10.42	002205	国统股份	SZ	14.7	11.58	
1304	2009-02-26	5.44	5.49	4.89	4.9	33411	1.37	002206	海 利 得	SZ	5.44	1.52	
1306	2009-02-26	11.88	12.33	11	11.35	22770	11.16	002207	准油股份	SZ	11.81	11.62	
1309	2009-02-26	4.55	4.65	4.13	4.18	70355	1.94	002208	合肥城建	SZ	4.59	2.13	
1309	2009-02-26	6.98	7.39	6.97	7.13	111607	4.62	002209	达 意 隆	SZ	7	4.54	
1310	2009-02-26	4.21	4.37	3.84	3.84	129840	1.25	002210	飞马国际	SZ	4.27	1.39	
1306	2009-02-26	5.47	5.63	4.93	5	51921	3.3	002211	宏达新材	SZ	5.47	3.61	
1302	2009-02-26	6.11	6.29	5.49	5.53	170496	1.62	002212	南洋股份	SZ	6.09	1.78	
1310	2009-02-26	4.5	4.65	4.16	4.16	84884	2.01	002213	特 尔 佳	SZ	4.63	2.23	
1287	2009-02-26	8.64	9.06	8.31	8.39	71824	4.01	002214	大立科技	SZ	8.65	4.13	
1302	2009-02-26	7.31	7.4	6.62	6.73	28047	1.97	002215	诺 普 信	SZ	7.36	2.15	
1306	2009-02-26	8.23	8.23	7.45	7.62	76757	1.79	002216	三全食品	SZ	8.27	1.94	
1309	2009-02-26	7.09	7.22	6.38	6.39	89165	2.69	002217	联合化工	SZ	7.09	2.98	
1306	2009-02-26	9.24	9.24	8.31	8.36	69031	3.56	002218	拓日新能	SZ	9.24	3.93	
1308	2009-02-26	4.5	4.67	4.2	4.27	47061	1.05	002219	独 一 味	SZ	4.51	1.11	
1307	2009-02-26	4.53	4.7	4.17	4.26	116329	0.98	002220	天宝股份	SZ	4.5	1.03	
1303	2009-02-26	3.58	3.6	3.2	3.28	63878	1.6	002221	东华能源	SZ	3.56	1.74	
1312	2009-02-26	5.87	6.06	5.37	5.41	68558	3.23	002222	福晶科技	SZ	5.97	3.57	
1310	2009-02-26	4.79	4.9	4.41	4.55	52664	0.86	002223	鱼跃医疗	SZ	4.74	0.9	
1308	2009-02-26	4.74	4.76	4.29	4.44	72726	1.56	002224	三 力 士	SZ	4.77	1.67	
1300	2009-02-26	4.3	4.42	3.88	3.93	86465	2.24	002225	濮耐股份	SZ	4.31	2.45	
1281	2009-02-26	5.5	5.63	4.95	5.38	48363	1.27	002226	江南化工	SZ	5.5	1.3	
1311	2009-02-26	17.26	17.88	15.62	15.62	41209	15.25	002227	奥 特 迅	SZ	17.36	16.95	
1301	2009-02-26	5.03	5.2	4.47	4.66	53081	1.43	002228	合兴包装	SZ	4.97	1.52	
1306	2009-02-26	4.42	4.58	4.02	4.03	59839	1.14	002229	鸿博股份	SZ	4.47	1.26	
1306	2009-02-26	7.96	8.3	7.7	7.87	92170	1.26	002230	科大讯飞	SZ	7.94	1.27	
1311	2009-02-26	2.94	3.05	2.66	2.74	93205	0.83	002231	奥维通信	SZ	2.91	0.88	
1302	2009-02-26	7.68	7.82	6.96	7.04	94399	2.43	002232	启明信息	SZ	7.73	2.67	
1307	2009-02-26	6.22	6.22	5.55	5.7	139111	2.68	002233	塔牌集团	SZ	6.16	2.9	
1306	2009-02-26	8.99	9.23	7.93	8.19	119784	3.81	002234	民和股份	SZ	8.81	4.1	
1305	2009-02-26	7.8	7.95	6.98	6.98	46773	3.42	002235	安妮股份	SZ	7.75	3.8	
1308	2009-02-26	2.62	2.66	2.36	2.38	135652	0.13	002236	大华股份	SZ	2.62	0.14	
1305	2009-02-26	12.75	13.02	11.79	11.84	127906	2.87	002237	恒邦股份	SZ	13.1	3.18	
1308	2009-02-26	10.5	10.71	9.49	9.69	49593	7.87	002238	天威视讯	SZ	10.53	8.56	
1304	2009-02-26	7.07	7.57	6.44	6.49	86917	4.23	002239	金 飞 达	SZ	7.02	4.58	
1311	2009-02-26	5.62	5.89	5.07	5.23	139825	3.22	002240	威华股份	SZ	5.55	3.41	
1303	2009-02-26	2.67	2.74	2.4	2.42	304550	0.19	002241	歌尔声学	SZ	2.67	0.21	
1309	2009-02-26	15.79	16.13	14.63	14.67	73269	3.85	002242	九阳股份	SZ	15.89	4.17	
1304	2009-02-26	8.75	9.15	7.95	8.28	41959	7.92	002243	通产丽星	SZ	8.75	8.37	
1311	2009-02-26	9.12	9.38	8.24	8.24	106898	6.11	002244	滨江集团	SZ	9.15	6.79	
1307	2009-02-26	3.45	3.48	3.14	3.14	192222	0.5	002245	澳洋顺昌	SZ	3.49	0.56	
1264	2009-02-26	7.43	7.64	6.72	6.76	45958	6.51	002246	北化股份	SZ	7.47	7.2	
1311	2009-02-26	5.07	5.22	4.54	4.83	69867	1.45	002247	帝龙新材	SZ	5.04	1.51	
1301	2009-02-26	12.76	13.49	11.48	11.48	96959	5.63	002248	华东数控	SZ	12.76	6.25	
1305	2009-02-26	4.82	4.86	4.28	4.39	207177	0.74	002249	大洋电机	SZ	4.76	0.8	
1300	2009-02-26	4.17	4.39	3.75	3.82	201198	0.93	002250	联化科技	SZ	4.17	1.02	
1310	2009-02-26	14.17	14.23	12.8	12.8	234218	3	002251	步 步 高	SZ	14.23	3.33	
1309	2009-02-26	8.54	8.67	7.87	8.09	68061	2.33	002252	上海莱士	SZ	8.56	2.46	
1307	2009-02-26	12.59	12.59	11.35	11.35	43246	4.46	002253	川大智胜	SZ	12.61	4.96	
1312	2009-02-26	7.99	8.03	7.18	7.3	52999	1.42	002254	烟台氨纶	SZ	7.98	1.55	
1308	2009-02-26	11.05	11.27	10.12	10.12	121846	4.83	002255	海陆重工	SZ	11.25	5.37	
1202	2009-02-26	4.79	4.98	4.33	4.36	105374	1.43	002256	彩虹精化	SZ	4.81	1.58	
1288	2009-02-26	13.2	13.62	12.53	12.53	106120	7.95	002258	利尔化学	SZ	13.92	8.84	
1307	2009-02-26	2.86	2.98	2.58	2.65	373693	1.02	002259	升达林业	SZ	2.76	1.06	
1306	2009-02-26	7.46	7.46	6.72	6.72	68407	4.97	002260	伊 立 浦	SZ	7.46	5.52	
1304	2009-02-26	8.87	8.99	8.02	8.09	38686	2.22	002261	拓维信息	SZ	8.91	2.45	
1311	2009-02-26	6.73	6.89	6.08	6.29	47593	2.52	002262	恩华药业	SZ	6.74	2.7	
1307	2009-02-26	5.72	5.81	5.2	5.2	264290	2.78	002263	大 东 南	SZ	5.78	3.09	
1305	2009-02-26	4.99	5.11	4.44	4.51	212052	0.86	002264	新 华 都	SZ	4.89	0.93	
1308	2009-02-26	7.65	7.86	7.02	7.02	88832	7.01	002265	西仪股份	SZ	7.8	7.78	
1302	2009-02-26	3.36	3.52	2.98	2.98	333094	0.3	002266	浙富股份	SZ	3.31	0.33	
1311	2009-02-26	6.85	6.97	6.16	6.22	125321	2.71	002267	陕天然气	SZ	6.85	2.98	
1312	2009-02-26	9.32	9.32	8.22	8.22	50828	3.08	002268	卫 士 通	SZ	9.13	3.43	
1310	2009-02-26	18.13	18.37	16.48	16.73	34858	9.75	002269	美邦服饰	SZ	18.13	10.57	
1310	2009-02-26	11.72	12.62	10.54	11	122474	8.03	002270	法因数控	SZ	11.56	8.44	
1302	2009-02-26	5.6	5.6	5.11	5.15	60941	0.78	002271	东方雨虹	SZ	5.54	0.84	
1309	2009-02-26	6.03	6.29	5.45	5.62	72839	1.55	002272	川润股份	SZ	6.04	1.66	
1307	2009-02-26	6.74	6.92	6	6.12	64305	1.38	002273	水晶光电	SZ	6.67	1.5	
1307	2009-02-26	15.62	16.31	14.08	14.72	86832	11.03	002274	华昌化工	SZ	15.58	11.68	
