1247	2009-06-09	12.5	12.5	12.5	12.5	0	7.63	1	深发展Ａ	SZ	12.5	7.63	
862	2009-06-09	2.33	2.42	2.33	2.39	110396	0.6	10	S ST华新	SZ	2.35	0.59	
1212	2009-06-09	1.95	1.96	1.89	1.93	1136399	0.91	100	TCL 集团	SZ	1.95	0.92	
1254	2009-06-09	7.88	8.05	7.82	8.01	24056	7.27	11	深物业A	SZ	7.94	7.21	
1247	2009-06-09	9.3	9.55	8.99	9.55	830756	4.97	12	南 玻Ａ	SZ	9.29	4.84	
1253	2009-06-09	14.32	14.5	14	14.18	67657	14	14	沙河股份	SZ	14.38	14.2	
1254	2009-06-09	5.82	6.4	5.75	6.4	383595	6.4	150	宜华地产	SZ	5.82	5.82	
1253	2009-06-09	8.77	8.93	8.49	8.9	48798	8.73	151	中成股份	SZ	8.77	8.6	
1255	2009-06-09	5.68	5.72	5.57	5.7	34076	5.64	153	丰原药业	SZ	5.69	5.63	
1254	2009-06-09	8.35	8.44	8.17	8.44	64040	8.38	155	川化股份	SZ	8.3	8.24	
1245	2009-06-09	5.37	5.4	5.16	5.33	830023	1.31	157	中联重科	SZ	5.37	1.32	
1237	2009-06-09	5.58	5.67	5.39	5.6	183135	5.58	158	常山股份	SZ	5.61	5.59	
1218	2009-06-09	7.38	7.38	7.38	7.38	0	3.45	159	国际实业	SZ	7.38	3.45	
1252	2009-06-09	5.2	5.23	5.04	5.11	282059	5.01	16	深康佳Ａ	SZ	5.19	5.09	
1230	2009-06-09	5.3	5.36	5.14	5.34	175994	2.93	1696	宗申动力	SZ	5.29	2.9	
1112	2009-06-09	3.49	3.49	3.49	3.49	0	3.49	17	*ST中华A	SZ	3.49	3.49	
1254	2009-06-09	7.27	7.27	7.12	7.2	29413	7.2	18	ST中冠A	SZ	6.92	6.92	
1244	2009-06-09	5.39	5.62	5.33	5.61	31343	5.61	1896	*ST豫能	SZ	5.38	5.38	
1195	2009-06-09	8.52	9.07	8.35	8.92	93995	8.7	19	深深宝Ａ	SZ	8.48	8.27	
1254	2009-06-09	11.21	11.52	11.01	11.36	1615409	10.32	2	万 科Ａ	SZ	11.14	10.12	
1252	2009-06-09	6.43	6.53	6.2	6.29	35787	6.29	20	深华发Ａ	SZ	6.43	6.43	
1232	2009-06-09	15.36	15.49	14.77	15.24	140511	7.05	2001	新 和 成	SZ	15.38	7.12	
1201	2009-06-09	6.45	6.75	6.38	6.67	51423	6.67	2002	ST琼花	SZ	6.43	6.43	
1225	2009-06-09	20.01	20.53	19.77	20.41	23557	13	2003	伟星股份	SZ	19.77	12.6	
1231	2009-06-09	6.27	6.27	6.1	6.17	31497	1.95	2004	华邦制药	SZ	6.28	1.99	
1222	2009-06-09	5.74	5.82	5.59	5.7	125504	2.82	2005	德豪润达	SZ	5.82	2.88	
1220	2009-06-09	4.54	4.99	4.54	4.95	380721	1.64	2006	精功科技	SZ	4.54	1.5	
1233	2009-06-09	19.79	19.79	18.19	18.61	152656	11.45	2007	华兰生物	SZ	19.79	12.17	
1236	2009-06-09	5.53	5.61	5.39	5.48	181970	3.49	2008	大族激光	SZ	5.53	3.52	
1232	2009-06-09	10.2	10.39	9.78	10.39	100731	10.33	2009	天奇股份	SZ	10.21	10.15	
1231	2009-06-09	4.03	4.08	3.9	3.99	78831	1.9	2010	传化股份	SZ	4.05	1.93	
1233	2009-06-09	5.95	6.07	5.8	6.07	160456	2.85	2011	盾安环境	SZ	5.95	2.79	
1236	2009-06-09	4.89	4.93	4.7	4.86	105988	2.32	2012	凯恩股份	SZ	4.93	2.35	
1211	2009-06-09	5.46	5.54	5.19	5.33	85497	2.4	2013	中航精机	SZ	5.46	2.46	
1236	2009-06-09	6.07	6.12	5.88	6.02	25699	2.62	2014	永新股份	SZ	6.08	2.65	
1225	2009-06-09	8.27	8.3	7.95	8.14	59059	8.11	2015	霞客环保	SZ	8.27	8.24	
1233	2009-06-09	5.23	5.27	5.12	5.26	42816	3.69	2016	世荣兆业	SZ	5.23	3.67	
1216	2009-06-09	10.02	10.26	9.82	9.94	39565	8.73	2017	东信和平	SZ	10	8.79	
1245	2009-06-09	5.95	5.98	5.74	5.85	115120	3.3	2018	华星化工	SZ	5.95	3.35	
1238	2009-06-09	11.05	11.22	10.8	10.99	26140	10.93	2019	鑫富药业	SZ	11.07	11.01	
1235	2009-06-09	3.94	4	3.89	3.97	39372	1.91	2020	京新药业	SZ	3.99	1.92	
1234	2009-06-09	3.75	3.97	3.74	3.93	513315	1.66	2021	中捷股份	SZ	3.71	1.57	
1239	2009-06-09	16.9	17.05	16.62	17.03	56600	15.68	2022	科华生物	SZ	16.87	15.53	
1233	2009-06-09	8.1	8.14	7.86	8.14	55348	5.62	2023	海特高新	SZ	8.03	5.54	
1235	2009-06-09	9.9	10.4	9.87	10.33	830126	6.66	2024	苏宁电器	SZ	9.93	6.41	
1236	2009-06-09	11	11.12	10.66	10.89	47211	10.52	2025	航天电器	SZ	11	10.63	
1220	2009-06-09	4.15	4.33	4.14	4.31	66760	2.42	2026	山东威达	SZ	4.16	2.33	
1236	2009-06-09	5.48	5.57	5.35	5.55	42323	5.55	2027	七喜控股	SZ	5.51	5.51	
1239	2009-06-09	22.15	22.38	21.48	22.22	60006	20.98	2028	思源电气	SZ	22.19	20.96	
1234	2009-06-09	6.36	6.69	6.34	6.67	175405	2.83	2029	七 匹 狼	SZ	6.36	2.7	
1237	2009-06-09	7.79	7.81	7.44	7.6	164597	3.97	2030	达安基因	SZ	7.77	4.05	
1231	2009-06-09	5.14	5.39	4.93	5.38	130892	3.43	2031	巨轮股份	SZ	5.14	3.28	
1236	2009-06-09	10.06	10.16	9.82	10.05	15332	6.59	2032	苏 泊 尔	SZ	10.06	6.59	
1201	2009-06-09	7.64	7.98	7.64	7.93	74634	4.51	2033	丽江旅游	SZ	7.67	4.36	
1239	2009-06-09	8.76	8.97	8.62	8.75	28673	8.37	2034	美 欣 达	SZ	8.9	8.52	
1236	2009-06-09	6.42	6.45	6.22	6.39	103071	4.08	2035	华帝股份	SZ	6.39	4.08	
1240	2009-06-09	6.41	6.45	6.17	6.3	30906	6.16	2036	宜科科技	SZ	6.41	6.27	
1228	2009-06-09	5.38	5.41	5.14	5.21	66456	2.4	2037	久联发展	SZ	5.36	2.47	
1253	2009-06-09	18.07	18.07	17.68	18.04	13339	9.75	2038	双鹭药业	SZ	18.06	9.75	
1239	2009-06-09	15.3	15.8	15.3	15.63	13563	15.29	2039	黔源电力	SZ	15.43	15.1	
1236	2009-06-09	6.42	6.95	6.35	6.91	92670	6.78	2040	南 京 港	SZ	6.4	6.28	
1237	2009-06-09	10.48	10.55	10.07	10.24	39527	5.01	2041	登海种业	SZ	10.48	5.13	
1246	2009-06-09	5.22	5.22	4.73	4.8	133861	1.53	2042	华孚色纺	SZ	5.17	1.65	
1234	2009-06-09	2.88	2.94	2.85	2.94	65848	1.38	2043	兔 宝 宝	SZ	2.88	1.35	
1236	2009-06-09	4.35	4.57	4.29	4.57	103599	3.1	2044	江苏三友	SZ	4.33	2.94	
1233	2009-06-09	5.54	5.72	5.54	5.71	83379	2.93	2045	广州国光	SZ	5.54	2.84	
1233	2009-06-09	6.35	6.47	6.32	6.47	27756	3.08	2046	轴研科技	SZ	6.35	3.03	
1238	2009-06-09	3.31	3.45	3.27	3.45	140440	2.16	2047	成霖股份	SZ	3.37	2.04	
1232	2009-06-09	9.4	9.69	9.2	9.59	171543	9.16	2048	宁波华翔	SZ	9.39	8.97	
1205	2009-06-09	7.54	8.08	7.43	7.82	176164	7.67	2049	晶源电子	SZ	7.54	7.4	
1234	2009-06-09	7.51	7.56	7.32	7.45	25117	3.38	2050	三花股份	SZ	7.51	3.41	
1227	2009-06-09	6.7	6.81	6.63	6.79	43201	2.55	2051	中工国际	SZ	6.67	2.51	
1226	2009-06-09	5.6	5.68	5.47	5.6	48076	2.77	2052	同洲电子	SZ	5.62	2.78	
1235	2009-06-09	13.7	13.74	13.25	13.48	45777	13.36	2053	云南盐化	SZ	13.72	13.6	
1238	2009-06-09	6.27	6.32	6.07	6.2	41746	2.63	2054	德美化工	SZ	6.3	2.68	
1232	2009-06-09	5.68	5.68	5.36	5.49	86895	2.68	2055	得润电子	SZ	5.7	2.79	
1236	2009-06-09	11.9	11.95	11.56	11.86	72379	11.73	2056	横店东磁	SZ	11.88	11.75	
1237	2009-06-09	8.94	9.18	8.9	9.15	13167	9.13	2057	中钢天源	SZ	8.91	8.89	
1228	2009-06-09	5.12	5.42	5.09	5.39	85853	2.28	2058	威 尔 泰	SZ	5.18	2.19	
1211	2009-06-09	10.22	10.55	10.01	10.55	39641	10.37	2059	云南旅游	SZ	10.3	10.12	
1231	2009-06-09	5.24	5.24	5.15	5.21	78511	3.5	2060	粤 水 电	SZ	5.26	3.53	
1227	2009-06-09	6.05	6.28	5.97	6.24	54282	4.1	2061	江山化工	SZ	6.07	3.99	
1236	2009-06-09	12.65	12.9	12.65	12.88	25967	7	2062	宏润建设	SZ	12.65	6.87	
1236	2009-06-09	6.49	6.65	6.48	6.56	154624	2.9	2063	远光软件	SZ	6.43	2.84	
1239	2009-06-09	4.92	4.93	4.75	4.84	47313	2.32	2064	华峰氨纶	SZ	4.89	2.34	
1211	2009-06-09	9.73	9.8	9.49	9.62	23691	5.97	2065	东华软件	SZ	9.74	6.05	
1239	2009-06-09	6.8	7.04	6.79	6.96	14659	3.27	2066	瑞泰科技	SZ	6.81	3.2	
1230	2009-06-09	2.83	2.91	2.75	2.88	222648	1.41	2067	景兴纸业	SZ	2.84	1.38	
1230	2009-06-09	3.91	3.95	3.87	3.95	40436	1.86	2068	黑猫股份	SZ	3.93	1.85	
1231	2009-06-09	6.97	6.99	6.69	6.87	71751	2.01	2069	獐 子 岛	SZ	6.93	2.03	
1235	2009-06-09	2.93	3.04	2.88	3.02	263628	1.37	2070	众和股份	SZ	2.91	1.32	
1233	2009-06-09	5.32	5.46	5.21	5.45	32054	3.61	2071	江苏宏宝	SZ	5.29	3.5	
1227	2009-06-09	6.67	7.34	6.65	7.34	109976	7.34	2072	*ST德棉	SZ	6.67	6.67	
1236	2009-06-09	8.8	8.81	8.52	8.7	60995	3.81	2073	软控股份	SZ	8.75	3.83	
1235	2009-06-09	6.58	6.81	6.57	6.73	111816	3.61	2074	东源电器	SZ	6.61	3.55	
1234	2009-06-09	8.65	8.75	8.3	8.49	25760	8.14	2076	雪 莱 特	SZ	8.58	8.23	
1218	2009-06-09	8.28	8.4	8	8.37	43280	8.23	2077	大港股份	SZ	8.28	8.14	
1232	2009-06-09	6.55	6.65	6.26	6.47	131959	2.99	2078	太阳纸业	SZ	6.55	3.02	
1230	2009-06-09	2.94	2.96	2.88	2.94	73210	1.23	2079	苏州固锝	SZ	2.96	1.24	
1233	2009-06-09	14.74	14.98	14.43	14.9	20297	7.15	2080	中材科技	SZ	14.76	7.08	
1232	2009-06-09	3.69	3.73	3.6	3.71	86812	0.72	2081	金 螳 螂	SZ	3.69	0.71	
1236	2009-06-09	8.28	8.5	8.02	8.49	50500	8.06	2082	栋梁新材	SZ	8.28	7.86	
1239	2009-06-09	10.1	10.65	10	10.55	266367	10.3	2083	孚日股份	SZ	10.11	9.87	
1237	2009-06-09	4.67	4.73	4.51	4.71	83605	2.58	2084	海鸥卫浴	SZ	4.67	2.56	
1211	2009-06-09	8.5	8.65	8.18	8.38	79399	7.27	2085	万丰奥威	SZ	8.71	7.56	
1237	2009-06-09	9.08	9.28	9	9.25	35274	9.11	2086	东方海洋	SZ	9.08	8.94	
1232	2009-06-09	3.76	3.82	3.69	3.79	62950	2.66	2087	新野纺织	SZ	3.79	2.66	
1236	2009-06-09	17.16	17.33	16.73	17.24	15913	16.69	2088	鲁阳股份	SZ	17.18	16.63	
1234	2009-06-09	6.28	6.36	6.14	6.29	67739	3.35	2089	新 海 宜	SZ	6.28	3.35	
1179	2009-06-09	9.55	9.85	9.4	9.65	74893	4.65	2090	金智科技	SZ	9.65	4.65	
1239	2009-06-09	11.73	12.07	11.64	11.99	53157	7.78	2091	江苏国泰	SZ	11.73	7.62	
1226	2009-06-09	9.29	9.4	8.86	9.21	130886	5.8	2092	中泰化学	SZ	9.25	5.83	
1234	2009-06-09	5.17	5.17	5.01	5.06	37601	1.68	2093	国脉科技	SZ	5.16	1.72	
1237	2009-06-09	5.59	5.59	5.4	5.52	24115	3.56	2094	青岛金王	SZ	5.57	3.59	
1240	2009-06-09	14.31	14.36	13.94	14.15	15823	7.62	2095	生 意 宝	SZ	14.31	7.7	
1210	2009-06-09	6.35	6.47	6.25	6.46	34892	3.1	2096	南岭民爆	SZ	6.37	3.06	
1236	2009-06-09	10.58	10.77	10.35	10.7	60662	7.06	2097	山河智能	SZ	10.57	6.97	
1232	2009-06-09	7.73	8.1	7.7	8.02	73120	7.46	2098	浔兴股份	SZ	7.77	7.23	
1231	2009-06-09	4.34	4.34	4.16	4.3	78862	2.04	2099	海翔药业	SZ	4.32	2.05	
1247	2009-06-09	7.53	8.11	7.31	8.02	363464	5.05	21	长城开发	SZ	7.59	4.78	
1229	2009-06-09	8.36	8.46	8.09	8.41	14597	4.87	2100	天康生物	SZ	8.37	4.85	
1226	2009-06-09	6.76	6.76	6.51	6.65	13515	3.22	2101	广东鸿图	SZ	6.78	3.28	
1228	2009-06-09	3.3	3.32	3.19	3.31	56718	1.63	2102	冠福家用	SZ	3.3	1.63	
1237	2009-06-09	7.7	7.73	7.54	7.69	18460	7.25	2103	广博股份	SZ	7.7	7.26	
1237	2009-06-09	9.92	10.05	9.51	9.96	41190	9.78	2104	恒宝股份	SZ	9.92	9.74	
1234	2009-06-09	6.08	6.08	6.08	6.08	0	5.66	2105	信隆实业	SZ	6.08	5.66	
1239	2009-06-09	7.46	7.69	7.42	7.69	65609	4.1	2106	莱宝高科	SZ	7.46	3.97	
1236	2009-06-09	21.4	21.8	20.91	21.49	19971	10.74	2107	沃华医药	SZ	21.68	10.84	
1230	2009-06-09	5.07	5.31	5.07	5.27	20379	1.32	2108	沧州明珠	SZ	5.15	1.29	
1234	2009-06-09	10.02	10.02	9.72	9.93	78668	9.45	2109	兴化股份	SZ	10.03	9.54	
1229	2009-06-09	12.31	12.7	11.9	12.53	59345	12.38	2110	三钢闽光	SZ	12.49	12.34	
1229	2009-06-09	8.87	9.01	8.75	9	8393	4.86	2111	威海广泰	SZ	8.87	4.79	
1235	2009-06-09	5.83	5.87	5.67	5.83	31933	3.19	2112	三变科技	SZ	5.81	3.18	
1219	2009-06-09	7.8	7.9	7.5	7.77	32494	7.77	2113	ST天润	SZ	7.89	7.89	
1238	2009-06-09	14.07	14.19	13.51	13.74	42224	13.74	2114	罗平锌电	SZ	14.28	14.28	
1230	2009-06-09	5.59	5.65	5.4	5.56	39282	1.81	2115	三维通信	SZ	5.59	1.82	
1236	2009-06-09	7.88	8.08	7.83	8	23518	4.03	2116	中国海诚	SZ	7.88	3.97	
1229	2009-06-09	8.18	8.33	8.05	8.33	20966	4.71	2117	东港股份	SZ	8.19	4.63	
1190	2009-06-09	4.6	4.67	4.41	4.5	60694	1.32	2118	紫鑫药业	SZ	4.59	1.35	
1228	2009-06-09	6.81	6.83	6.58	6.74	38050	6.64	2119	康强电子	SZ	6.79	6.69	
1173	2009-06-09	8.4	8.46	8.12	8.4	19229	8.22	2120	新海股份	SZ	8.37	8.19	
1232	2009-06-09	10.64	10.93	10.47	10.79	77725	7.12	2121	科陆电子	SZ	10.63	7.02	
1239	2009-06-09	13.75	13.91	13.52	13.88	84147	6.66	2122	天马股份	SZ	13.75	6.6	
1238	2009-06-09	13.24	13.76	13.07	13.73	35042	6.1	2123	荣信股份	SZ	13.28	5.9	
1237	2009-06-09	7.6	7.85	7.35	7.64	188111	4.84	2124	天邦股份	SZ	7.61	4.82	
1224	2009-06-09	6.73	7.03	6.59	6.81	62729	4.24	2125	湘潭电化	SZ	6.76	4.21	
1232	2009-06-09	4.74	4.76	4.64	4.72	16635	1.73	2126	银轮股份	SZ	4.76	1.74	
1234	2009-06-09	4.32	4.54	4.25	4.47	95957	1.87	2127	新民科技	SZ	4.34	1.81	
1237	2009-06-09	25.43	26.13	25.32	25.72	74312	23.99	2128	露天煤业	SZ	25.42	23.71	
1228	2009-06-09	6.73	6.83	6.61	6.78	144767	4.52	2129	中环股份	SZ	6.73	4.48	
1229	2009-06-09	4.44	4.54	4.31	4.52	72026	1.5	2130	沃尔核材	SZ	4.44	1.47	
1151	2009-06-09	6.84	6.97	6.76	6.93	16538	3.44	2131	利欧股份	SZ	6.8	3.38	
1230	2009-06-09	4.36	4.54	4.32	4.53	123730	2.2	2132	恒星科技	SZ	4.38	2.12	
1231	2009-06-09	6.78	6.89	6.55	6.88	94002	5.21	2133	广宇集团	SZ	6.77	5.13	
1238	2009-06-09	6.38	6.6	6.37	6.6	53292	6.6	2134	天津普林	SZ	6.43	6.43	
1233	2009-06-09	3.74	3.77	3.66	3.77	46551	1.33	2135	东南网架	SZ	3.76	1.33	
1231	2009-06-09	4.68	4.74	4.65	4.74	25211	2.36	2136	安 纳 达	SZ	4.68	2.32	
1234	2009-06-09	4.63	4.7	4.54	4.65	37098	2.79	2137	实 益 达	SZ	4.6	2.76	
1234	2009-06-09	5.78	5.79	5.64	5.73	25294	2.49	2138	顺络电子	SZ	5.81	2.52	
1231	2009-06-09	10.95	11.22	10.52	10.81	32045	5.59	2139	拓邦股份	SZ	11.11	5.74	
1238	2009-06-09	8.1	8.18	7.89	8.01	12815	2.48	2140	东华科技	SZ	8.12	2.52	
1198	2009-06-09	4.96	5.03	4.78	4.94	39961	2.19	2141	蓉胜超微	SZ	4.98	2.21	
1234	2009-06-09	10.89	11.04	10.61	10.93	208716	10.13	2142	宁波银行	SZ	10.98	10.18	
1228	2009-06-09	7.85	8.04	7.77	7.97	22353	6.05	2143	高金食品	SZ	7.81	5.93	
1228	2009-06-09	10.2	10.3	10	10.16	17311	9.84	2144	宏达高科	SZ	10.15	9.83	
1144	2009-06-09	7.71	8.11	7.65	8.11	67674	8.11	2145	*ST钛白	SZ	7.72	7.72	
1229	2009-06-09	7.85	7.88	7.64	7.74	54760	4.08	2146	荣盛发展	SZ	7.83	4.13	
1236	2009-06-09	11.9	11.9	11.47	11.8	25872	11.28	2147	方圆支承	SZ	11.9	11.37	
1236	2009-06-09	6.97	6.99	6.73	6.83	19963	2.18	2148	北纬通信	SZ	7	2.17	
1234	2009-06-09	32.2	32.8	31.81	32.65	6144	32.09	2149	西部材料	SZ	32.8	32.23	
1239	2009-06-09	5.36	5.48	5.29	5.41	28118	2.11	2150	江苏通润	SZ	5.48	2.05	
1225	2009-06-09	16.58	16.67	16.36	16.66	7652	9	2151	北斗星通	SZ	16.61	8.98	
1240	2009-06-09	11.95	12.03	11.82	11.88	30196	5.1	2152	广电运通	SZ	11.92	5.12	
1238	2009-06-09	22.69	23.09	22.51	22.75	5864	16.06	2153	石基信息	SZ	22.83	16.12	
1227	2009-06-09	6.12	6.14	6.01	6.11	19830	2.88	2154	报 喜 鸟	SZ	6.11	2.87	
1236	2009-06-09	9.89	10.03	9.46	9.71	293677	5.12	2155	辰州矿业	SZ	10.05	5.3	
1235	2009-06-09	4.56	4.58	4.47	4.58	21658	2.81	2156	通富微电	SZ	4.58	2.69	
1237	2009-06-09	5.42	5.45	5.16	5.32	45659	3.24	2157	正邦科技	SZ	5.41	3.29	
1239	2009-06-09	7.96	8.19	7.86	8.09	50447	4.69	2158	汉钟精机	SZ	7.91	4.58	
1235	2009-06-09	7.6	7.8	7.59	7.78	31124	7.69	2159	三特索道	SZ	7.6	7.51	
1235	2009-06-09	6.69	6.86	6.57	6.65	79263	1.21	2161	远 望 谷	SZ	6.69	1.21	
1238	2009-06-09	7.25	7.26	7.03	7.22	59693	6.48	2162	斯 米 克	SZ	7.31	6.56	
1223	2009-06-09	4.24	4.38	4.2	4.32	139345	1.39	2163	中航三鑫	SZ	4.28	1.38	
1236	2009-06-09	7.69	7.8	7.49	7.78	35852	3.73	2164	东力传动	SZ	7.72	3.7	
1236	2009-06-09	5.6	5.74	5.56	5.67	47636	1.9	2165	红 宝 丽	SZ	5.67	1.9	
1230	2009-06-09	10.5	10.77	10.3	10.72	64930	5.36	2166	莱茵生物	SZ	10.49	5.25	
1232	2009-06-09	4.96	4.99	4.77	4.83	51052	0.91	2167	东方锆业	SZ	4.97	0.94	
1232	2009-06-09	4.44	4.47	4.3	4.4	91717	1.22	2168	深圳惠程	SZ	4.42	1.22	
1233	2009-06-09	9.75	10.07	9.35	9.96	53323	6.62	2169	智光电气	SZ	9.75	6.48	
1234	2009-06-09	3.46	3.48	3.41	3.47	48618	1.43	2170	芭田股份	SZ	3.47	1.42	
1237	2009-06-09	13.23	13.27	12.7	13.06	31439	12.93	2171	精诚铜业	SZ	13.28	13.15	
1233	2009-06-09	5.52	5.63	5.45	5.61	79754	3.74	2172	澳洋科技	SZ	5.49	3.66	
1238	2009-06-09	6.75	6.84	6.68	6.8	17130	3.38	2173	山 下 湖	SZ	6.75	3.36	
1235	2009-06-09	10.17	10.58	10.02	10.46	31264	10.42	2174	梅 花 伞	SZ	10.17	10.13	
1209	2009-06-09	10.41	10.5	10.13	10.38	19141	10.21	2175	广陆数测	SZ	10.48	10.31	
1222	2009-06-09	3.17	3.19	3.1	3.17	47061	0.86	2176	江特电机	SZ	3.19	0.86	
1230	2009-06-09	3.68	3.73	3.65	3.71	46465	1.28	2177	御银股份	SZ	3.7	1.28	
1238	2009-06-09	7.14	7.32	6.95	7.23	24930	4.25	2178	延华智能	SZ	7.14	4.19	
1239	2009-06-09	11.11	11.87	11.11	11.77	99949	7.72	2179	中航光电	SZ	10.97	7.2	
1237	2009-06-09	9.6	9.71	9.39	9.7	13848	6.26	2180	万 力 达	SZ	9.63	6.21	
1179	2009-06-09	9.22	9.29	8.88	9.1	36797	8.95	2181	粤 传 媒	SZ	9.2	9.05	
1234	2009-06-09	9.53	9.58	9.15	9.32	27644	6.12	2182	云海金属	SZ	9.43	6.19	
1219	2009-06-09	6.31	6.33	6.05	6.18	85997	2.63	2183	怡 亚 通	SZ	6.31	2.69	
1239	2009-06-09	10.3	10.47	9.91	10.16	38574	9.82	2184	海得控制	SZ	10.3	9.95	
1234	2009-06-09	3.05	3.07	2.99	3.05	105448	1.42	2185	华天科技	SZ	3.06	1.43	
1238	2009-06-09	14.07	14.55	13.95	14.52	59807	6.42	2186	全 聚 德	SZ	13.97	6.17	
1235	2009-06-09	12.96	13.83	12.84	13.69	50848	7.04	2187	广百股份	SZ	12.93	6.64	
1192	2009-06-09	5.9	5.98	5.83	5.97	38285	4.57	2188	新 嘉 联	SZ	5.93	4.54	
1237	2009-06-09	8.5	8.5	8.5	8.5	0	8.43	2189	利达光电	SZ	8.5	8.43	
1218	2009-06-09	5.76	5.78	5.53	5.71	33278	2.71	2190	成飞集成	SZ	5.68	2.69	
1235	2009-06-09	11.4	11.52	11.24	11.51	33246	10.51	2191	劲嘉股份	SZ	11.42	10.43	
1234	2009-06-09	18.15	18.68	17.51	18.1	19015	18.06	2192	路翔股份	SZ	18.3	18.26	
1239	2009-06-09	8.76	9.06	8.73	9.06	17637	8.95	2193	山东如意	SZ	8.8	8.69	
1239	2009-06-09	16.56	16.56	16.19	16.32	26606	14.86	2194	武汉凡谷	SZ	16.6	15.12	
1239	2009-06-09	13.63	13.95	12.5	12.92	60726	8.38	2195	海隆软件	SZ	13.75	8.91	
1233	2009-06-09	9.73	9.97	9.5	9.71	43586	6.18	2196	方正电机	SZ	9.67	6.16	
1233	2009-06-09	11.76	12.03	11.71	11.95	15360	4.77	2197	证通电子	SZ	11.8	4.72	
1235	2009-06-09	2.97	3.04	2.8	2.9	194699	0.57	2198	嘉应制药	SZ	2.97	0.58	
1234	2009-06-09	7.48	7.48	7.23	7.33	19937	3.65	2199	东晶电子	SZ	7.46	3.71	
1254	2009-06-09	13.34	13.41	13.02	13.25	22692	11.45	22	深赤湾Ａ	SZ	13.3	11.49	
1208	2009-06-09	19.08	19.22	18.49	19	19032	19	2200	绿 大 地	SZ	19.05	19.05	
1198	2009-06-09	6.67	6.8	6.44	6.79	51361	3.97	2201	九鼎新材	SZ	6.7	3.92	
1234	2009-06-09	19.05	20.23	18.62	20.1	712308	11.84	2202	金风科技	SZ	19.11	11.26	
1237	2009-06-09	9.85	10.05	9.2	9.43	201582	5.97	2203	海亮股份	SZ	10.17	6.44	
1210	2009-06-09	12.01	12.44	11.95	12.36	38180	5.26	2204	华锐铸钢	SZ	12.12	5.16	
1233	2009-06-09	13.61	13.87	13.52	13.7	5093	13.53	2205	国统股份	SZ	13.7	13.53	
1231	2009-06-09	6.53	6.56	6.3	6.42	21306	1.85	2206	海 利 得	SZ	6.53	1.88	
1233	2009-06-09	24.95	25.24	23.6	24.76	20582	24.57	2207	准油股份	SZ	25.11	24.92	
1236	2009-06-09	6.89	6.89	6.53	6.74	86613	3.13	2208	合肥城建	SZ	6.91	3.21	
1236	2009-06-09	8.17	8.18	7.97	8.11	12309	5.25	2209	达 意 隆	SZ	8.15	5.28	
1237	2009-06-09	4.6	4.69	4.46	4.5	48905	2.24	2210	飞马国际	SZ	4.59	2.28	
1233	2009-06-09	6.79	6.83	6.55	6.66	94252	4.39	2211	宏达新材	SZ	6.89	4.55	
1229	2009-06-09	8.38	8.56	8.38	8.53	39549	3.97	2212	南洋股份	SZ	8.38	3.9	
1237	2009-06-09	4.69	4.74	4.55	4.7	44777	2.31	2213	特 尔 佳	SZ	4.69	2.31	
1214	2009-06-09	8.75	8.77	8.44	8.55	14339	4.08	2214	大立科技	SZ	8.75	4.18	
1229	2009-06-09	6.75	6.83	6.51	6.68	39928	1.96	2215	诺 普 信	SZ	6.73	1.97	
1233	2009-06-09	8.55	8.7	8.51	8.65	27226	4.14	2216	三全食品	SZ	8.55	4.09	
1236	2009-06-09	6.39	6.39	6.23	6.33	27294	4.09	2217	联合化工	SZ	6.36	4.11	
1233	2009-06-09	19.47	20.8	19.02	20.53	144128	13.31	2218	拓日新能	SZ	19.75	12.81	
1235	2009-06-09	4.97	4.97	4.79	4.81	55370	1.18	2219	独 一 味	SZ	4.99	1.23	
1234	2009-06-09	4.5	4.62	4.43	4.59	65969	1.05	2220	天宝股份	SZ	4.45	1.02	
1230	2009-06-09	4.38	4.49	4.35	4.48	69897	2.2	2221	东华能源	SZ	4.4	2.16	
1239	2009-06-09	5.77	5.8	5.59	5.72	41179	3.56	2222	福晶科技	SZ	5.77	3.6	
1237	2009-06-09	6.68	6.73	6.57	6.69	28209	1.98	2223	鱼跃医疗	SZ	6.68	1.98	
1235	2009-06-09	5.94	5.98	5.79	5.97	21000	2.1	2224	三 力 士	SZ	5.96	2.09	
1227	2009-06-09	5.3	5.4	5.25	5.39	24897	4.04	2225	濮耐股份	SZ	5.33	3.99	
1208	2009-06-09	7.36	7.36	7.1	7.27	19730	2.26	2226	江南化工	SZ	7.33	2.28	
1238	2009-06-09	21.17	21.33	20	20.92	18841	20.61	2227	奥 特 迅	SZ	21.17	20.86	
1228	2009-06-09	7.06	7.14	6.89	7.1	39754	4.26	2228	合兴包装	SZ	7.06	4.23	
1233	2009-06-09	5.05	5.1	4.97	5.1	16233	1.48	2229	鸿博股份	SZ	5.05	1.46	
1233	2009-06-09	9.27	9.33	8.89	9.24	38171	2.32	2230	科大讯飞	SZ	9.29	2.33	
1238	2009-06-09	4.13	4.13	3.9	4.03	43628	1.24	2231	奥维通信	SZ	4.12	1.27	
1229	2009-06-09	11.56	11.81	11.54	11.81	36384	8.34	2232	启明信息	SZ	11.59	8.18	
1234	2009-06-09	7.26	7.57	7.26	7.47	84822	3.58	2233	塔牌集团	SZ	7.3	3.5	
1233	2009-06-09	7.24	7.52	7.24	7.52	25425	3.5	2234	民和股份	SZ	7.23	3.37	
1232	2009-06-09	9.21	9.28	8.92	9.03	20334	6.73	2235	安妮股份	SZ	9.21	6.86	
1235	2009-06-09	2.56	2.6	2.55	2.59	24107	0.15	2236	大华股份	SZ	2.56	0.15	
1232	2009-06-09	24.4	24.4	22.85	23.6	159754	11.64	2237	恒邦股份	SZ	24.83	12.24	
1235	2009-06-09	12.13	12.31	11.99	12.31	11012	10.08	2238	天威视讯	SZ	12.15	9.95	
1231	2009-06-09	8.79	8.79	8.2	8.48	34907	8.4	2239	金 飞 达	SZ	8.83	5.76	
1238	2009-06-09	5.96	5.97	5.78	5.89	53216	3.62	2240	威华股份	SZ	5.95	3.66	
1230	2009-06-09	2.65	2.65	2.59	2.61	67080	0.46	2241	歌尔声学	SZ	2.65	0.47	
1236	2009-06-09	16.97	17.67	16.9	17.63	55170	9.17	2242	九阳股份	SZ	16.99	8.83	
1231	2009-06-09	9.82	10.27	9.82	10.23	34971	9.79	2243	通产丽星	SZ	9.86	9.44	
1238	2009-06-09	13.2	13.45	12.85	13.18	66987	12.87	2244	滨江集团	SZ	13.26	12.95	
1234	2009-06-09	4.18	4.2	4.03	4.16	33293	0.67	2245	澳洋顺昌	SZ	4.21	0.67	
1191	2009-06-09	9.87	10.19	9.61	10.03	30783	9.72	2246	北化股份	SZ	9.96	9.66	
1238	2009-06-09	5.81	6.14	5.72	6.1	41053	1.86	2247	帝龙新材	SZ	5.81	1.77	
1228	2009-06-09	9.11	9.19	8.85	9.15	27242	4.53	2248	华东数控	SZ	9.1	4.5	
1232	2009-06-09	9.6	10.58	9.57	10.58	295215	3.82	2249	大洋电机	SZ	9.62	3.47	
1227	2009-06-09	5.34	5.47	5.26	5.43	58968	1.41	2250	联化科技	SZ	5.36	1.39	
1237	2009-06-09	13.14	13.3	12.94	13.22	36717	6.23	2251	步 步 高	SZ	13.13	6.19	
1236	2009-06-09	8.77	8.82	8.37	8.51	58515	2.67	2252	上海莱士	SZ	8.76	2.75	
1234	2009-06-09	14.43	14.63	14.12	14.61	16333	7.15	2253	川大智胜	SZ	14.47	7.08	
1239	2009-06-09	7.56	7.64	7.47	7.55	27950	1.46	2254	烟台氨纶	SZ	7.58	1.47	
1235	2009-06-09	12.38	12.8	12.24	12.8	28016	6.2	2255	海陆重工	SZ	12.38	6	
1129	2009-06-09	5.92	5.97	5.75	5.91	23239	3.25	2256	彩虹精化	SZ	5.93	3.26	
1215	2009-06-09	16.73	16.99	16.43	16.9	8804	10.92	2258	利尔化学	SZ	16.74	10.81	
1234	2009-06-09	3.09	3.13	2.94	3.06	123643	1.2	2259	升达林业	SZ	3.06	1.2	
1233	2009-06-09	8.16	8.45	7.99	8.3	75281	8.09	2260	伊 立 浦	SZ	8.2	7.99	
1231	2009-06-09	9.89	10.11	9.86	9.98	37204	3.88	2261	拓维信息	SZ	9.86	3.83	
1238	2009-06-09	8.11	8.16	7.79	7.91	33624	3.17	2262	恩华药业	SZ	8.09	3.24	
1234	2009-06-09	5.71	5.83	5.56	5.81	60206	4.66	2263	大 东 南	SZ	5.68	4.56	
1232	2009-06-09	5.47	5.51	5.31	5.46	46346	1.09	2264	新 华 都	SZ	5.51	1.1	
1235	2009-06-09	7.82	7.89	7.65	7.79	22459	7.77	2265	西仪股份	SZ	7.87	7.85	
1229	2009-06-09	3.72	3.72	3.59	3.68	108944	0.39	2266	浙富股份	SZ	3.75	0.4	
1238	2009-06-09	8.85	8.99	8.65	8.98	94384	4.08	2267	陕天然气	SZ	8.86	4.03	
1239	2009-06-09	8.87	9.09	8.86	8.98	22941	4.13	2268	卫 士 通	SZ	8.86	4.07	
1237	2009-06-09	16.99	17.34	16.88	17.2	30314	15.28	2269	美邦服饰	SZ	16.99	15.09	
1237	2009-06-09	11.01	11.18	10.87	11.17	17373	8.24	2270	法因数控	SZ	11	8.11	
1229	2009-06-09	5.75	5.8	5.38	5.6	30282	1.35	2271	东方雨虹	SZ	5.75	1.38	
1236	2009-06-09	6.67	6.7	6.52	6.6	22641	1.82	2272	川润股份	SZ	6.66	1.83	
1234	2009-06-09	5.82	5.84	5.71	5.74	30358	1.34	2273	水晶光电	SZ	5.82	1.36	
1234	2009-06-09	15.18	15.41	14.81	15.15	28442	11.36	2274	华昌化工	SZ	15.18	11.38	
1237	2009-06-09	7.43	7.86	7.35	7.67	90994	7.46	23	深天地Ａ	SZ	7.53	7.32	
1254	2009-06-09	29.18	29.48	28.21	28.59	103269	26.39	24	招商地产	SZ	29.26	27.01	
1254	2009-06-09	9.85	10.56	9.48	9.57	109508	9.57	25	特 力Ａ	SZ	10.2	10.2	
1254	2009-06-09	6.29	6.36	6.07	6.3	97683	4.27	26	飞亚达Ａ	SZ	6.36	4.32	
1250	2009-06-09	9.07	9.12	8.86	8.99	106631	6.99	27	深圳能源	SZ	9.07	7.05	
1234	2009-06-09	17.87	17.88	17.64	17.77	8657	17.38	28	一致药业	SZ	17.88	17.49	
1230	2009-06-09	5	5.06	4.92	5.03	120817	5.03	29	深深房Ａ	SZ	5	5	
931	2009-06-09	4.66	4.85	4.65	4.85	61454	4.85	30	*ST盛润A	SZ	4.62	4.62	
1252	2009-06-09	5.3	5.44	5.18	5.41	202241	5.21	301	东方市场	SZ	5.3	5.1	
1254	2009-06-09	9.3	9.45	9.02	9.26	327332	9.07	31	中粮地产	SZ	9.29	9.1	
1253	2009-06-09	7.47	7.68	7.39	7.65	50988	7.28	32	深桑达Ａ	SZ	7.48	7.12	
1248	2009-06-09	6.22	6.22	5.82	6	151688	6	33	新都酒店	SZ	6.25	6.25	
1238	2009-06-09	13.97	14.17	13.57	13.81	117228	5.44	338	潍柴动力	SZ	13.96	5.5	
1055	2009-06-09	4.48	4.64	4.43	4.64	119648	4.64	34	ST深泰	SZ	4.42	4.42	
1245	2009-06-09	4.95	4.95	4.5	4.52	203883	3.59	35	*ST科健	SZ	4.71	3.74	
1255	2009-06-09	4.92	4.97	4.68	4.8	375600	4.8	36	华联控股	SZ	4.93	4.93	
1248	2009-06-09	4.99	5.06	4.88	5.05	63429	5.05	37	深南电Ａ	SZ	5	5	
1253	2009-06-09	9.66	9.83	9.4	9.82	211984	9.01	39	中集集团	SZ	9.66	8.86	
1191	2009-06-09	7.95	7.98	7.36	7.59	31927	7.59	4	ST国农	SZ	7.68	7.68	
1198	2009-06-09	7.11	7.8	7.07	7.66	222022	7.54	40	深 鸿 基	SZ	7.14	7.03	
1254	2009-06-09	14.06	14.06	14.06	14.06	0	10.67	400	许继电气	SZ	14.06	10.67	
1252	2009-06-09	13.36	13.6	13.3	13.48	63557	13.24	401	冀东水泥	SZ	13.36	13.12	
