1299	2009-03-27	10.31	10.41	10.14	10.23	620082	6.25	1	深发展Ａ	SZ	10.32	6.3	
914	2009-03-27	2.1	2.18	2.05	2.18	114682	0.55	10	S ST华新	SZ	2.08	0.52	
1264	2009-03-27	1.79	1.82	1.76	1.8	1252581	0.85	100	TCL 集团	SZ	1.77	0.84	
1306	2009-03-27	5.82	6.11	5.65	6.11	53113	5.55	11	深物业A	SZ	5.82	5.28	
1299	2009-03-27	8.92	8.92	8.84	8.92	655102	4.64	12	南 玻Ａ	SZ	8.11	4.22	
1305	2009-03-27	10.83	11.1	10.6	10.76	53559	10.62	14	沙河股份	SZ	10.43	10.3	
1306	2009-03-27	4.53	4.61	4.45	4.5	92278	4.5	150	宜华地产	SZ	4.53	4.53	
1305	2009-03-27	6.42	6.89	6.41	6.5	228753	6.38	151	中成股份	SZ	6.39	6.27	
1307	2009-03-27	4.53	4.68	4.51	4.62	76703	4.57	153	丰原药业	SZ	4.55	4.5	
1306	2009-03-27	7.39	7.51	7.37	7.38	95014	7.23	155	川化股份	SZ	7.44	7.29	
1297	2009-03-27	5.99	6.12	5.85	5.93	481371	1.45	157	中联重科	SZ	5.97	1.46	
1289	2009-03-27	4.63	4.73	4.52	4.6	248638	4.59	158	常山股份	SZ	4.6	4.59	
1270	2009-03-27	6.99	7.14	6.85	6.89	192867	3.22	159	国际实业	SZ	7	3.28	
1304	2009-03-27	4.95	4.97	4.76	4.8	191539	4.71	16	深康佳Ａ	SZ	4.93	4.84	
1282	2009-03-27	4.94	5.37	4.89	5.24	357503	2.14	1696	宗申动力	SZ	4.93	2.01	
1164	2009-03-27	3.49	3.49	3.49	3.49	0	3.49	17	*ST中华A	SZ	3.49	3.49	
1306	2009-03-27	5.54	5.81	5.33	5.81	22574	5.81	18	ST中冠A	SZ	5.53	5.53	
1296	2009-03-27	4.41	4.41	4.41	4.41	0	4.41	1896	*ST豫能	SZ	4.41	4.41	
1247	2009-03-27	7.39	7.48	7.15	7.24	39327	7.06	19	深深宝Ａ	SZ	7.2	7.02	
1306	2009-03-27	8.44	8.45	8.28	8.33	1723343	7.54	2	万 科Ａ	SZ	8.4	7.6	
1304	2009-03-27	3.81	3.95	3.73	3.9	36685	3.9	20	深华发Ａ	SZ	3.81	3.81	
1284	2009-03-27	15.71	16.15	15.64	15.7	131715	7.17	2001	新 和 成	SZ	15.58	7.11	
1253	2009-03-27	4.17	4.2	4.07	4.1	29186	4.1	2002	ST琼花	SZ	4.17	4.17	
1277	2009-03-27	19.77	20.8	19.77	20.46	74433	12.34	2003	伟星股份	SZ	19.11	11.53	
1283	2009-03-27	6.33	6.56	6.31	6.4	53347	1.93	2004	华邦制药	SZ	6.29	1.89	
1274	2009-03-27	3.95	4.3	3.92	4.22	364247	2.09	2005	德豪润达	SZ	3.97	1.96	
1272	2009-03-27	3.22	3.38	3.2	3.24	657755	1.07	2006	精功科技	SZ	3.09	1.02	
1285	2009-03-27	15.97	15.97	15.62	15.74	43144	5.98	2007	华兰生物	SZ	15.82	6.01	
1288	2009-03-27	5.43	5.54	5.34	5.47	284291	3.42	2008	大族激光	SZ	5.41	3.39	
1284	2009-03-27	10.88	11.19	10.6	10.66	184855	10.6	2009	天奇股份	SZ	10.67	10.61	
1283	2009-03-27	3.69	3.77	3.64	3.7	102356	1.76	2010	传化股份	SZ	3.68	1.75	
1285	2009-03-27	5.44	5.68	5.38	5.62	174419	2.52	2011	盾安环境	SZ	5.46	2.45	
1288	2009-03-27	4.74	4.74	4.74	4.74	0	2.26	2012	凯恩股份	SZ	4.74	2.26	
1263	2009-03-27	3.89	4.13	3.83	4.07	197746	1.51	2013	中航精机	SZ	3.88	1.45	
1288	2009-03-27	5.53	5.85	5.43	5.75	145673	2.4	2014	永新股份	SZ	5.32	2.22	
1277	2009-03-27	6.69	7.02	6.45	6.96	385251	6.91	2015	霞客环保	SZ	6.66	6.61	
1285	2009-03-27	5.96	6.26	5.87	6.02	372791	3.53	2016	世荣兆业	SZ	5.96	3.49	
1268	2009-03-27	7.16	7.35	7.11	7.29	64672	6.41	2017	东信和平	SZ	7.11	6.25	
1297	2009-03-27	6.97	7.2	6.9	7.02	193818	2.59	2018	华星化工	SZ	6.97	2.57	
1290	2009-03-27	10.08	10.28	9.88	10.14	62328	10	2019	鑫富药业	SZ	9.85	9.71	
1287	2009-03-27	3.4	3.54	3.38	3.53	48453	1.7	2020	京新药业	SZ	3.42	1.65	
1286	2009-03-27	2.93	3.07	2.87	2.95	332790	1.25	2021	中捷股份	SZ	2.91	1.23	
1291	2009-03-27	16.18	16.19	15.9	15.98	47891	11.18	2022	科华生物	SZ	16.09	11.26	
1285	2009-03-27	5.26	5.44	5.23	5.31	75505	3.67	2023	海特高新	SZ	5.26	3.63	
1287	2009-03-27	8.29	8.49	8.16	8.26	479654	3.54	2024	苏宁电器	SZ	8.25	3.54	
1288	2009-03-27	9.06	9.45	8.95	9.25	117624	8.93	2025	航天电器	SZ	8.95	8.64	
1272	2009-03-27	3.67	3.7	3.64	3.7	31508	2.07	2026	山东威达	SZ	3.66	2.05	
1288	2009-03-27	4.36	4.46	4.35	4.4	53303	4.4	2027	七喜控股	SZ	4.35	4.35	
1291	2009-03-27	18.86	19.06	18.41	18.62	100886	10.88	2028	思源电气	SZ	18.81	10.99	
1286	2009-03-27	5.28	5.35	5.22	5.25	80887	2.19	2029	七 匹 狼	SZ	5.28	2.21	
1289	2009-03-27	5.16	5.19	5	5.08	137978	2.65	2030	达安基因	SZ	5.1	2.66	
1283	2009-03-27	4.41	4.45	4.33	4.39	46548	2.8	2031	巨轮股份	SZ	4.4	2.81	
1288	2009-03-27	9.69	9.81	9.57	9.75	22761	6.27	2032	苏 泊 尔	SZ	9.65	6.2	
1253	2009-03-27	8.44	8.44	8.17	8.29	78419	4.62	2033	丽江旅游	SZ	8.46	4.72	
1291	2009-03-27	7.14	7.27	7.05	7.24	38219	6.93	2034	美 欣 达	SZ	7.11	6.8	
1288	2009-03-27	5.58	5.9	5.58	5.66	126869	3.62	2035	华帝股份	SZ	5.57	3.56	
1292	2009-03-27	5.87	6.08	5.82	5.89	56473	3.79	2036	宜科科技	SZ	5.85	3.76	
1280	2009-03-27	5.16	5.59	5.14	5.53	128488	2.27	2037	久联发展	SZ	5.15	2.11	
1305	2009-03-27	18.45	19.19	18.39	18.72	62119	10.11	2038	双鹭药业	SZ	18.52	10	
1291	2009-03-27	15.93	16.37	15.75	15.88	52106	15.39	2039	黔源电力	SZ	15.61	15.13	
1288	2009-03-27	6.03	6.03	5.77	5.78	75802	5.67	2040	南 京 港	SZ	5.97	5.86	
1289	2009-03-27	9.6	9.73	9.44	9.57	90669	4.69	2041	登海种业	SZ	9.58	4.69	
1298	2009-03-27	3.13	3.17	3.05	3.08	43806	0.98	2042	华孚色纺	SZ	3.12	1	
1286	2009-03-27	2.55	2.59	2.54	2.57	79212	1.2	2043	兔 宝 宝	SZ	2.56	1.2	
1288	2009-03-27	3.52	3.67	3.49	3.66	88664	2.49	2044	江苏三友	SZ	3.51	2.39	
1285	2009-03-27	4.54	4.6	4.48	4.52	68586	2.32	2045	广州国光	SZ	4.51	2.31	
1285	2009-03-27	6.26	6.27	6.08	6.11	48538	2.92	2046	轴研科技	SZ	6.19	2.95	
1290	2009-03-27	3.04	3.2	3	3.16	241557	1.91	2047	成霖股份	SZ	3.04	1.84	
1284	2009-03-27	6.75	7.13	6.71	6.9	413202	6.59	2048	宁波华翔	SZ	6.62	6.33	
1257	2009-03-27	7.1	7.21	7.05	7.08	79275	6.84	2049	晶源电子	SZ	7.2	6.96	
1286	2009-03-27	7.95	8.05	7.85	7.93	30831	3.34	2050	三花股份	SZ	7.86	3.31	
1279	2009-03-27	6.51	6.71	6.49	6.6	76725	2.36	2051	中工国际	SZ	6.51	2.32	
1278	2009-03-27	5.34	5.49	5.13	5.2	183628	2.57	2052	同洲电子	SZ	5.28	2.61	
1287	2009-03-27	12.98	13.18	12.7	12.98	59556	12.87	2053	云南盐化	SZ	12.94	12.83	
1290	2009-03-27	5.74	5.97	5.71	5.77	70108	2.41	2054	德美化工	SZ	5.71	2.39	
1284	2009-03-27	3.91	4.06	3.88	4	123031	1.96	2055	得润电子	SZ	3.9	1.91	
1288	2009-03-27	11.57	12.09	11.5	11.63	132885	11.5	2056	横店东磁	SZ	11.43	11.31	
1289	2009-03-27	7.53	7.78	7.41	7.65	42575	7.63	2057	中钢天源	SZ	7.53	7.51	
1280	2009-03-27	4.43	4.48	4.37	4.47	56215	1.87	2058	威 尔 泰	SZ	4.4	1.84	
1263	2009-03-27	7.58	7.66	7.41	7.48	47282	7.35	2059	云南旅游	SZ	7.58	7.45	
1283	2009-03-27	5.2	5.27	5.12	5.15	128527	2.85	2060	粤 水 电	SZ	5.19	2.87	
1279	2009-03-27	4.67	4.91	4.67	4.9	49519	3.22	2061	江山化工	SZ	4.68	3.08	
1288	2009-03-27	12.8	12.83	12.27	12.36	87457	4.38	2062	宏润建设	SZ	12.73	4.51	
1288	2009-03-27	4.85	4.93	4.75	4.78	90874	1.17	2063	远光软件	SZ	4.85	1.19	
1291	2009-03-27	4.1	4.2	4.1	4.14	95177	1.98	2064	华峰氨纶	SZ	4.09	1.96	
1263	2009-03-27	8.03	8.04	7.54	7.69	84599	3.15	2065	东华软件	SZ	8.03	3.29	
1291	2009-03-27	5.24	5.7	5.18	5.57	83672	2.58	2066	瑞泰科技	SZ	5.2	2.4	
1282	2009-03-27	2.26	2.32	2.25	2.3	302762	1.12	2067	景兴纸业	SZ	2.26	1.1	
1282	2009-03-27	3.22	3.23	3.17	3.17	127987	1.24	2068	黑猫股份	SZ	3.21	1.25	
1283	2009-03-27	6.85	6.87	6.73	6.74	65228	1.97	2069	獐 子 岛	SZ	6.81	1.99	
1287	2009-03-27	2.3	2.38	2.29	2.31	189070	0.78	2070	众和股份	SZ	2.27	0.76	
1285	2009-03-27	3.88	3.89	3.81	3.85	30421	2.55	2071	江苏宏宝	SZ	3.89	2.58	
1279	2009-03-27	6.44	6.48	6.3	6.39	55478	6.39	2072	*ST德棉	SZ	6.44	6.44	
1288	2009-03-27	7.58	7.58	7.58	7.58	0	3.32	2073	软控股份	SZ	7.58	3.32	
1287	2009-03-27	6.27	6.53	6.24	6.39	81081	3.43	2074	东源电器	SZ	6.28	3.37	
1286	2009-03-27	7.54	8.29	7.51	7.98	84748	7.65	2076	雪 莱 特	SZ	7.54	7.23	
1270	2009-03-27	6.59	7.1	6.59	6.81	187687	6.69	2077	大港股份	SZ	6.45	6.34	
1284	2009-03-27	5.46	5.59	5.35	5.39	148008	2.49	2078	太阳纸业	SZ	5.43	2.51	
1282	2009-03-27	2.43	2.64	2.36	2.59	362638	1.07	2079	苏州固锝	SZ	2.42	1	
1285	2009-03-27	13.48	13.77	13.1	13.14	37014	6.22	2080	中材科技	SZ	12.75	6.04	
1284	2009-03-27	3.55	3.64	3.54	3.6	52079	0.44	2081	金 螳 螂	SZ	3.54	0.43	
1288	2009-03-27	7.63	7.69	7.51	7.57	48609	7.1	2082	栋梁新材	SZ	7.62	7.14	
1291	2009-03-27	8.17	8.17	7.92	8.17	222707	7.97	2083	孚日股份	SZ	7.43	7.25	
1289	2009-03-27	4.02	4.02	4.02	4.02	0	2.01	2084	海鸥卫浴	SZ	4.02	2.01	
1263	2009-03-27	5.46	5.58	5.4	5.5	51843	4.77	2085	万丰奥威	SZ	5.46	4.74	
1289	2009-03-27	8.55	8.59	8.44	8.45	20351	4.16	2086	东方海洋	SZ	8.52	4.19	
1284	2009-03-27	3.43	3.43	3.36	3.38	70554	1.98	2087	新野纺织	SZ	3.45	2.02	
1288	2009-03-27	14.55	14.79	14.28	14.7	15812	14.08	2088	鲁阳股份	SZ	14.45	13.84	
1286	2009-03-27	4.29	4.5	4.2	4.45	193431	1.68	2089	新 海 宜	SZ	4.25	1.6	
1231	2009-03-27	6.46	6.49	6.4	6.43	17123	3.02	2090	金智科技	SZ	6.46	3.04	
1291	2009-03-27	9.87	10.37	9.74	10.08	83306	6.46	2091	江苏国泰	SZ	9.91	6.35	
1278	2009-03-27	7.5	7.74	7.31	7.43	397264	4.67	2092	中泰化学	SZ	7.51	4.72	
1286	2009-03-27	4.8	4.8	4.68	4.68	54832	1.56	2093	国脉科技	SZ	4.66	1.55	
1289	2009-03-27	5.45	5.45	5.27	5.33	77395	3.43	2094	青岛金王	SZ	5.42	3.49	
1292	2009-03-27	10.03	10.56	9.97	10.43	35790	5.61	2095	生 意 宝	SZ	10.03	5.4	
1262	2009-03-27	5.17	5.63	5.13	5.6	188666	1.73	2096	南岭民爆	SZ	5.14	1.59	
1288	2009-03-27	10.29	10.4	10.13	10.23	81386	6.75	2097	山河智能	SZ	10.25	6.76	
1284	2009-03-27	6.79	6.89	6.7	6.82	32789	6.27	2098	浔兴股份	SZ	6.75	6.2	
1283	2009-03-27	4.12	4.18	4.03	4.05	59824	1.88	2099	海翔药业	SZ	4.1	1.9	
1299	2009-03-27	4.67	4.86	4.63	4.73	261433	2.98	21	长城开发	SZ	4.65	2.93	
1281	2009-03-27	6.68	6.79	6.51	6.58	39035	2.91	2100	天康生物	SZ	6.68	2.95	
1278	2009-03-27	6.3	6.3	6.3	6.3	0	2.96	2101	广东鸿图	SZ	6.3	2.96	
1280	2009-03-27	2.75	3.01	2.73	3.01	412816	1.48	2102	冠福家用	SZ	2.73	1.35	
1289	2009-03-27	6.99	7.08	6.9	6.96	22955	6.45	2103	广博股份	SZ	6.99	6.48	
1289	2009-03-27	6.96	7.03	6.87	6.95	43415	6.76	2104	恒宝股份	SZ	6.94	6.75	
1286	2009-03-27	5.4	5.5	5.29	5.3	87190	4.94	2105	信隆实业	SZ	5.4	5.03	
1291	2009-03-27	6.82	6.95	6.68	6.7	146970	3.39	2106	莱宝高科	SZ	6.8	3.45	
1288	2009-03-27	15.85	16.18	15.5	15.74	5929	7.87	2107	沃华医药	SZ	15.77	7.88	
1282	2009-03-27	4.08	4.08	4.08	4.08	0	1.02	2108	沧州明珠	SZ	4.08	1.02	
1286	2009-03-27	8.49	8.57	8.3	8.38	91442	7.9	2109	兴化股份	SZ	8.47	7.98	
1281	2009-03-27	9.29	9.63	9.1	9.19	108095	9.08	2110	三钢闽光	SZ	9.19	9.08	
1281	2009-03-27	8.75	8.86	8.61	8.72	14074	4.63	2111	威海广泰	SZ	8.61	4.58	
1287	2009-03-27	4.71	4.95	4.71	4.83	56937	1.88	2112	三变科技	SZ	4.71	1.83	
1271	2009-03-27	7.3	7.34	7.06	7.16	49504	7.16	2113	ST天润	SZ	7.3	7.3	
1290	2009-03-27	9.87	9.88	9.49	9.6	55298	9.6	2114	罗平锌电	SZ	9.85	9.85	
1282	2009-03-27	5.27	5.35	5.1	5.17	65573	1.65	2115	三维通信	SZ	5.25	1.67	
1288	2009-03-27	7.72	7.89	7.58	7.76	94994	3.78	2116	中国海诚	SZ	7.56	3.68	
1281	2009-03-27	7.32	7.49	7.32	7.45	30944	4.08	2117	东港股份	SZ	7.29	3.99	
1242	2009-03-27	4.52	4.58	4.47	4.5	75587	1.31	2118	紫鑫药业	SZ	4.49	1.31	
1280	2009-03-27	5.62	5.73	5.55	5.73	79374	5.65	2119	康强电子	SZ	5.59	5.51	
1225	2009-03-27	7.55	7.77	7.52	7.58	21113	7.35	2120	新海股份	SZ	7.53	7.3	
1284	2009-03-27	7.36	8.02	7.35	7.85	78865	2.56	2121	科陆电子	SZ	7.29	2.38	
1291	2009-03-27	16.2	16.65	16.01	16.42	37082	3.92	2122	天马股份	SZ	16.2	3.87	
1290	2009-03-27	11.19	11.44	10.97	11	35448	3.01	2123	荣信股份	SZ	11.19	3.06	
1289	2009-03-27	7.77	7.79	7.61	7.63	54904	4.74	2124	天邦股份	SZ	7.73	4.8	
1276	2009-03-27	5.61	5.88	5.57	5.61	40253	3.49	2125	湘潭电化	SZ	5.75	3.58	
1284	2009-03-27	4.31	4.36	4.23	4.27	33862	1.56	2126	银轮股份	SZ	4.3	1.57	
1286	2009-03-27	3.77	3.77	3.66	3.69	105395	1.54	2127	新民科技	SZ	3.8	1.58	
1289	2009-03-27	12.3	12.36	11.9	11.98	57448	8.52	2128	露天煤业	SZ	12.13	8.63	
1280	2009-03-27	6.04	6.43	6.04	6.43	649650	4.26	2129	中环股份	SZ	5.84	3.87	
1281	2009-03-27	3.27	3.53	3.27	3.4	174175	0.73	2130	沃尔核材	SZ	3.21	0.69	
1203	2009-03-27	5.68	5.76	5.57	5.76	49483	2.75	2131	利欧股份	SZ	5.61	2.68	
1282	2009-03-27	3.69	3.82	3.69	3.8	124393	1.8	2132	恒星科技	SZ	3.68	1.75	
1283	2009-03-27	5.03	5.07	4.85	4.9	192442	3.67	2133	广宇集团	SZ	5	3.74	
1290	2009-03-27	6.22	6.3	6.12	6.18	105795	6.18	2134	天津普林	SZ	6.17	6.17	
1285	2009-03-27	3.3	3.41	3.3	3.34	75957	1.18	2135	东南网架	SZ	3.3	1.17	
1283	2009-03-27	3.93	4.03	3.92	3.97	29453	1.97	2136	安 纳 达	SZ	3.92	1.95	
1286	2009-03-27	3.74	3.78	3.7	3.74	51489	1.69	2137	实 益 达	SZ	3.71	1.68	
1286	2009-03-27	6.4	6.44	6.27	6.32	38668	2.64	2138	顺络电子	SZ	6.38	2.67	
1283	2009-03-27	8.45	8.45	8.14	8.41	57483	4.27	2139	拓邦股份	SZ	8.35	4.24	
1290	2009-03-27	6.33	6.44	6.01	6.16	59186	1.33	2140	东华科技	SZ	6.32	1.37	
1250	2009-03-27	3.88	4.24	3.83	4.22	88912	1.87	2141	蓉胜超微	SZ	3.88	1.72	
1286	2009-03-27	10.02	10.03	9.81	9.92	329995	9.01	2142	宁波银行	SZ	9.94	9.03	
1280	2009-03-27	6.87	6.94	6.65	6.88	29177	5.23	2143	高金食品	SZ	6.85	5.2	
1280	2009-03-27	8.06	8.25	8.04	8.09	23954	7.77	2144	宏达高科	SZ	8.03	7.71	
1196	2009-03-27	6.42	6.75	6.29	6.6	77240	6.6	2145	*ST钛白	SZ	6.38	6.38	
1281	2009-03-27	5.04	5.08	4.8	4.95	142358	2.61	2146	荣盛发展	SZ	4.99	2.63	
1285	2009-03-27	15.45	16.08	15.38	15.68	48706	7.4	2147	方圆支承	SZ	15.34	7.24	
1288	2009-03-27	5.43	5.48	5.33	5.47	35013	1.69	2148	北纬通信	SZ	5.41	1.67	
1286	2009-03-27	20.15	20.2	19.63	19.76	17802	19.42	2149	西部材料	SZ	20.06	19.71	
1291	2009-03-27	5.23	5.29	5.12	5.16	26635	1.93	2150	江苏通润	SZ	5.23	1.96	
1277	2009-03-27	13.51	13.62	13.1	13.19	27682	7.09	2151	北斗星通	SZ	13.5	7.25	
1292	2009-03-27	11.41	11.74	11.37	11.62	99776	4.09	2152	广电运通	SZ	11.41	4.02	
1290	2009-03-27	20.71	21	20.5	20.62	7315	7.19	2153	石基信息	SZ	20.71	7.22	
1279	2009-03-27	5.58	5.65	5.48	5.5	41735	1.93	2154	报 喜 鸟	SZ	5.53	1.93	
1288	2009-03-27	9.42	9.97	9.15	9.84	918251	5.19	2155	辰州矿业	SZ	9.13	4.82	
1287	2009-03-27	3.63	3.81	3.61	3.76	104577	1.7	2156	通富微电	SZ	3.62	1.64	
1289	2009-03-27	5.28	5.47	5.28	5.34	268377	3.25	2157	正邦科技	SZ	5.16	3.14	
1291	2009-03-27	7.42	7.48	7.32	7.41	23834	4.3	2158	汉钟精机	SZ	7.39	4.29	
1287	2009-03-27	6.87	6.87	6.87	6.87	0	6.79	2159	三特索道	SZ	6.87	6.79	
1287	2009-03-27	4.67	4.81	4.52	4.58	128844	0.83	2161	远 望 谷	SZ	4.68	0.85	
1290	2009-03-27	6.29	6.32	6.11	6.15	57325	5.52	2162	斯 米 克	SZ	6.25	5.62	
1275	2009-03-27	2.82	2.92	2.8	2.92	448269	0.92	2163	中航三鑫	SZ	2.65	0.83	
1288	2009-03-27	6.01	6.16	6.01	6.09	52144	2.92	2164	东力传动	SZ	5.97	2.86	
1288	2009-03-27	4.53	4.55	4.42	4.5	51756	1.02	2165	红 宝 丽	SZ	4.47	1.01	
1282	2009-03-27	6	6.24	6	6.18	44201	3.09	2166	莱茵生物	SZ	5.99	2.99	
1284	2009-03-27	4.43	4.45	4.27	4.31	89264	0.81	2167	东方锆业	SZ	4.45	0.84	
1284	2009-03-27	3.6	3.74	3.5	3.72	546242	0.47	2168	深圳惠程	SZ	3.6	0.46	
1285	2009-03-27	7.13	7.32	6.94	7.01	62000	2.31	2169	智光电气	SZ	7.15	2.35	
1286	2009-03-27	3.43	3.43	3.35	3.36	166449	0.76	2170	芭田股份	SZ	3.42	0.77	
1289	2009-03-27	13.84	14.2	13.5	13.6	105885	13.47	2171	精诚铜业	SZ	13.79	13.65	
1285	2009-03-27	4.79	4.83	4.6	4.65	135355	3.1	2172	澳洋科技	SZ	4.77	3.18	
1290	2009-03-27	6.28	6.29	6.07	6.11	25891	2.03	2173	山 下 湖	SZ	6.18	2.05	
1287	2009-03-27	8.74	8.74	8.53	8.59	22362	8.56	2174	梅 花 伞	SZ	8.76	8.73	
1261	2009-03-27	8.95	9.23	8.87	9.01	31153	8.86	2175	广陆数测	SZ	8.85	8.71	
1274	2009-03-27	3.14	3.2	3.11	3.14	107190	0.85	2176	江特电机	SZ	3.12	0.85	
1282	2009-03-27	3.07	3.13	3.04	3.08	128892	0.71	2177	御银股份	SZ	3.05	0.7	
1290	2009-03-27	6.37	6.66	6.31	6.49	79261	3.81	2178	延华智能	SZ	6.36	3.74	
1291	2009-03-27	9.34	10.26	9.34	10	122058	4.36	2179	中航光电	SZ	9.32	4.06	
1289	2009-03-27	8.37	8.66	8.27	8.6	50221	5.55	2180	万 力 达	SZ	8.37	5.4	
1231	2009-03-27	7.17	7.27	7.07	7.14	62546	7.02	2181	粤 传 媒	SZ	7.1	6.98	
1286	2009-03-27	9.27	9.3	9.01	9.07	70145	5.92	2182	云海金属	SZ	9.31	6.08	
1271	2009-03-27	6.61	6.76	6.52	6.7	50396	1.81	2183	怡 亚 通	SZ	6.52	1.76	
1291	2009-03-27	8.79	8.85	8.54	8.58	67021	8.29	2184	海得控制	SZ	8.63	8.34	
1286	2009-03-27	2.89	2.95	2.83	2.88	278095	1.22	2185	华天科技	SZ	2.87	1.21	
1290	2009-03-27	13.38	14.49	13.26	13.95	58457	5.97	2186	全 聚 德	SZ	13.32	5.7	
1287	2009-03-27	11.61	11.77	11.39	11.49	36201	5.74	2187	广百股份	SZ	11.6	5.79	
1244	2009-03-27	5.02	5.05	4.96	4.99	45356	2.54	2188	新 嘉 联	SZ	4.99	2.55	
1289	2009-03-27	7.22	7.88	7.21	7.75	74098	7.69	2189	利达光电	SZ	7.21	7.15	
1270	2009-03-27	5.02	5.07	4.91	5.02	48991	2.31	2190	成飞集成	SZ	5.01	2.3	
1287	2009-03-27	10.56	10.79	10.2	10.31	66473	6.12	2191	劲嘉股份	SZ	10.63	6.31	
1286	2009-03-27	8.8	9	8.68	8.8	15988	4.39	2192	路翔股份	SZ	8.71	4.35	
1291	2009-03-27	8.15	8.18	7.87	7.91	40536	7.81	2193	山东如意	SZ	8.05	7.95	
1291	2009-03-27	17.04	17.08	16	16.15	26526	11.14	2194	武汉凡谷	SZ	16.27	11.22	
1291	2009-03-27	8.67	8.76	8.59	8.67	17595	5.58	2195	海隆软件	SZ	8.67	5.58	
1285	2009-03-27	7.77	7.77	7.61	7.65	19830	4.81	2196	方正电机	SZ	7.75	4.87	
1285	2009-03-27	9.83	9.86	9.48	9.65	31806	3.86	2197	证通电子	SZ	9.72	3.88	
1287	2009-03-27	2.37	2.38	2.34	2.36	42287	0.46	2198	嘉应制药	SZ	2.36	0.46	
1286	2009-03-27	5.7	5.7	5.53	5.56	39597	2.08	2199	东晶电子	SZ	5.66	2.12	
1306	2009-03-27	11.45	11.8	11.45	11.72	48929	10.13	22	深赤湾Ａ	SZ	11.41	9.86	
1260	2009-03-27	20.11	20.11	19.38	19.49	46191	10.67	2200	绿 大 地	SZ	20.16	11.04	
1250	2009-03-27	5.28	5.44	5.27	5.33	63057	3.12	2201	九鼎新材	SZ	5.26	3.08	
1286	2009-03-27	17.51	18.29	17.41	17.42	329570	7.22	2202	金风科技	SZ	17.12	7.1	
1289	2009-03-27	7.32	7.32	7.01	7.03	64267	4.38	2203	海亮股份	SZ	7.19	4.47	
1262	2009-03-27	10.14	10.44	9.87	9.97	69161	4.18	2204	华锐铸钢	SZ	10.05	4.22	
1285	2009-03-27	14.63	14.63	14.08	14.39	21988	11.34	2205	国统股份	SZ	14.4	11.34	
1283	2009-03-27	5.67	5.8	5.6	5.63	25609	1.57	2206	海 利 得	SZ	5.69	1.59	
1285	2009-03-27	12.63	12.65	12	12.07	27626	11.87	2207	准油股份	SZ	12.36	12.16	
1288	2009-03-27	5.07	5.07	4.97	5.01	54975	2.33	2208	合肥城建	SZ	5.05	2.34	
1288	2009-03-27	7.27	7.36	7.13	7.25	33638	4.7	2209	达 意 隆	SZ	7.25	4.7	
1289	2009-03-27	3.83	3.95	3.81	3.85	52616	1.25	2210	飞马国际	SZ	3.83	1.25	
1285	2009-03-27	5.83	6.09	5.78	5.88	109467	3.88	2211	宏达新材	SZ	5.76	3.8	
1281	2009-03-27	6.75	6.83	6.63	6.77	86017	1.98	2212	南洋股份	SZ	6.75	1.97	
1289	2009-03-27	4.36	4.5	4.36	4.43	62427	2.13	2213	特 尔 佳	SZ	4.4	2.12	
1266	2009-03-27	8.32	8.43	8.18	8.4	27220	4.02	2214	大立科技	SZ	8.35	3.99	
1281	2009-03-27	6.69	6.7	6.54	6.55	15934	1.92	2215	诺 普 信	SZ	6.62	1.94	
1285	2009-03-27	7.38	7.39	7.28	7.31	28190	1.71	2216	三全食品	SZ	7.32	1.72	
1288	2009-03-27	7	7.33	6.94	6.99	162502	2.94	2217	联合化工	SZ	6.75	2.84	
1285	2009-03-27	10.49	10.56	10.49	10.56	104759	4.5	2218	拓日新能	SZ	9.6	4.09	
1287	2009-03-27	4.54	4.64	4.49	4.61	43108	1.13	2219	独 一 味	SZ	4.55	1.12	
1286	2009-03-27	4.57	4.57	4.41	4.45	127576	1.02	2220	天宝股份	SZ	4.56	1.05	
1282	2009-03-27	3.62	3.64	3.51	3.52	107890	1.72	2221	东华能源	SZ	3.6	1.76	
1291	2009-03-27	5.5	5.54	5.43	5.51	50943	3.29	2222	福晶科技	SZ	5.48	3.28	
1289	2009-03-27	5.59	5.59	5.47	5.49	52913	1.04	2223	鱼跃医疗	SZ	5.58	1.06	
1287	2009-03-27	4.89	4.96	4.83	4.91	38830	1.72	2224	三 力 士	SZ	4.87	1.71	
1279	2009-03-27	4.52	4.57	4.46	4.49	54457	2.55	2225	濮耐股份	SZ	4.52	2.57	
1260	2009-03-27	5.47	5.95	5.39	5.95	111367	1.4	2226	江南化工	SZ	5.44	1.28	
1290	2009-03-27	16.99	17.8	16.99	17.4	25340	16.99	2227	奥 特 迅	SZ	16.99	16.59	
1280	2009-03-27	6.18	6.19	5.93	5.97	58068	1.82	2228	合兴包装	SZ	6.14	1.88	
1285	2009-03-27	4.47	4.51	4.35	4.38	50791	1.24	2229	鸿博股份	SZ	4.46	1.26	
1285	2009-03-27	8.3	8.5	8.15	8.23	60974	1.32	2230	科大讯飞	SZ	8.3	1.33	
1290	2009-03-27	3.03	3.05	2.98	3.02	40303	0.91	2231	奥维通信	SZ	3.01	0.91	
1281	2009-03-27	9.39	9.48	9.11	9.32	42682	3.22	2232	启明信息	SZ	9.45	3.26	
1286	2009-03-27	6.57	6.59	6.39	6.47	134532	3.1	2233	塔牌集团	SZ	6.54	3.13	
1285	2009-03-27	7.82	7.82	7.63	7.67	60960	3.57	2234	民和股份	SZ	7.8	3.63	
1284	2009-03-27	8.07	8.17	7.9	8.02	26032	3.93	2235	安妮股份	SZ	8.08	3.96	
1287	2009-03-27	2.62	2.62	2.56	2.58	145007	0.14	2236	大华股份	SZ	2.62	0.14	
1284	2009-03-27	21.9	23.22	21.25	22.17	211452	5.38	2237	恒邦股份	SZ	21.25	5.15	
1287	2009-03-27	12.5	12.95	12.25	12.35	47266	10.03	2238	天威视讯	SZ	12.53	10.18	
1283	2009-03-27	7.39	7.77	7.34	7.63	69328	4.98	2239	金 飞 达	SZ	7.33	4.78	
1290	2009-03-27	5.38	5.47	5.36	5.44	59612	3.34	2240	威华股份	SZ	5.36	3.3	
1282	2009-03-27	2.86	2.95	2.83	2.86	177465	0.23	2241	歌尔声学	SZ	2.83	0.23	
1288	2009-03-27	17.5	17.5	16.91	17.05	62729	4.47	2242	九阳股份	SZ	17.39	4.56	
1283	2009-03-27	8.52	8.61	8.45	8.49	21242	8.12	2243	通产丽星	SZ	8.5	8.13	
1290	2009-03-27	10.82	11.05	10.56	10.77	70900	7.99	2244	滨江集团	SZ	10.85	8.05	
1286	2009-03-27	3.03	3.23	3.02	3.11	160375	0.5	2245	澳洋顺昌	SZ	3.02	0.48	
1243	2009-03-27	7.44	7.51	7.38	7.45	26561	7.18	2246	北化股份	SZ	7.38	7.11	
1290	2009-03-27	5.12	5.17	5.03	5.05	55292	1.51	2247	帝龙新材	SZ	5.17	1.55	
1280	2009-03-27	10.18	10.25	9.95	9.98	58995	4.89	2248	华东数控	SZ	10.15	4.98	
1284	2009-03-27	5.75	6.05	5.65	5.91	144918	1	2249	大洋电机	SZ	5.71	0.96	
1279	2009-03-27	4.27	4.34	4.21	4.27	139804	1.04	2250	联化科技	SZ	4.27	1.04	
1289	2009-03-27	12.7	12.7	12.2	12.22	80388	2.86	2251	步 步 高	SZ	12.3	2.88	
1288	2009-03-27	8.66	8.97	8.57	8.87	86283	2.55	2252	上海莱士	SZ	8.62	2.48	
1286	2009-03-27	12.47	13.09	12.38	12.76	31494	5.02	2253	川大智胜	SZ	12.37	4.86	
1291	2009-03-27	7.45	7.52	7.37	7.4	39454	1.44	2254	烟台氨纶	SZ	7.44	1.44	
1287	2009-03-27	9.9	10.05	9.82	9.94	49228	4.74	2255	海陆重工	SZ	9.9	4.72	
1181	2009-03-27	4.83	4.87	4.76	4.87	52013	1.6	2256	彩虹精化	SZ	4.74	1.56	
1267	2009-03-27	12.93	13.12	12.83	12.98	20792	8.24	2258	利尔化学	SZ	12.85	8.16	
1286	2009-03-27	2.65	2.67	2.63	2.65	130854	1.01	2259	升达林业	SZ	2.65	1.01	
1285	2009-03-27	6.6	6.96	6.57	6.82	96795	5.04	2260	伊 立 浦	SZ	6.64	4.91	
1283	2009-03-27	8.64	8.73	8.48	8.64	25989	2.37	2261	拓维信息	SZ	8.62	2.37	
1290	2009-03-27	6.77	6.79	6.67	6.67	27857	2.68	2262	恩华药业	SZ	6.72	2.69	
1286	2009-03-27	5.56	5.58	5.41	5.44	118148	2.91	2263	大 东 南	SZ	5.49	2.93	
1284	2009-03-27	4.55	4.55	4.36	4.41	70773	0.84	2264	新 华 都	SZ	4.48	0.85	
1287	2009-03-27	7.94	7.96	7.61	7.65	74420	7.64	2265	西仪股份	SZ	7.8	7.78	
1281	2009-03-27	3.13	3.32	3.13	3.27	291370	0.33	2266	浙富股份	SZ	3.11	0.31	
1290	2009-03-27	7.07	7.09	6.93	6.95	116720	3.03	2267	陕天然气	SZ	7.03	3.06	
1291	2009-03-27	8.82	8.9	8.62	8.64	39703	3.24	2268	卫 士 通	SZ	8.83	3.31	
1289	2009-03-27	17.86	18.19	17.47	17.65	92068	10.29	2269	美邦服饰	SZ	17.53	10.21	
1289	2009-03-27	10.44	10.5	10.27	10.35	34967	7.56	2270	法因数控	SZ	10.44	7.62	
1281	2009-03-27	5.67	6.07	5.67	5.83	93534	0.88	2271	东方雨虹	SZ	5.62	0.85	
1288	2009-03-27	5.74	5.83	5.74	5.77	52351	1.59	2272	川润股份	SZ	5.72	1.58	
1286	2009-03-27	6.64	6.67	6.55	6.64	48317	1.49	2273	水晶光电	SZ	6.58	1.48	
1286	2009-03-27	14.55	14.98	14.45	14.74	42809	11.05	2274	华昌化工	SZ	14.54	10.9	
1289	2009-03-27	6.2	6.24	6.06	6.12	36649	5.95	23	深天地Ａ	SZ	6.13	5.96	
1306	2009-03-27	22.75	22.83	21.72	22.12	88638	20.42	24	招商地产	SZ	22.7	20.95	
1306	2009-03-27	4.96	5.1	4.96	5.02	21150	5.02	25	特 力Ａ	SZ	5.01	5.01	
1306	2009-03-27	5.56	5.69	5.41	5.59	68668	3.79	26	飞亚达Ａ	SZ	5.56	3.78	
1302	2009-03-27	9.42	9.82	9.39	9.56	182475	7.43	27	深圳能源	SZ	9.39	7.3	
1286	2009-03-27	18.11	18.17	17.7	17.85	17001	17.46	28	一致药业	SZ	18.11	17.71	
1282	2009-03-27	3.74	3.85	3.65	3.82	148337	3.82	29	深深房Ａ	SZ	3.7	3.7	
983	2009-03-27	3.36	3.47	3.27	3.42	49375	3.42	30	*ST盛润A	SZ	3.37	3.37	
1304	2009-03-27	4.55	4.67	4.48	4.6	211938	4.37	301	东方市场	SZ	4.51	4.29	
1306	2009-03-27	7.26	7.31	7.11	7.15	320194	7.01	31	中粮地产	SZ	7.2	7.05	
1305	2009-03-27	7.32	7.4	7.2	7.21	76820	6.86	32	深桑达Ａ	SZ	7.29	6.94	
1300	2009-03-27	3.8	3.85	3.7	3.78	70823	3.78	33	新都酒店	SZ	3.77	3.77	
1290	2009-03-27	13.12	13.17	12.78	12.99	182661	5.11	338	潍柴动力	SZ	12.77	5.03	
1107	2009-03-27	3.1	3.13	3.03	3.07	71866	3.07	34	ST深泰	SZ	3.06	3.06	
1297	2009-03-27	3.17	3.26	3.15	3.19	93117	2.53	35	*ST科健	SZ	3.26	2.58	
1307	2009-03-27	2.99	3.02	2.95	3	269935	3	36	华联控股	SZ	2.97	2.97	
1300	2009-03-27	4.8	4.84	4.6	4.68	40053	4.68	37	深南电Ａ	SZ	4.74	4.74	
1305	2009-03-27	8.2	8.36	8.13	8.21	279504	7.53	39	中集集团	SZ	8.14	7.47	
1243	2009-03-27	5.78	5.84	5.58	5.61	18416	5.61	4	ST国农	SZ	5.75	5.75	
1250	2009-03-27	6.7	7.05	6.55	6.92	167583	6.81	40	深 鸿 基	SZ	6.74	6.63	
1306	2009-03-27	11.48	12	11.46	11.52	120547	8.74	400	许继电气	SZ	11.45	8.69	
1304	2009-03-27	14.2	14.21	13.8	13.97	129235	13.72	401	冀东水泥	SZ	14.2	13.95	
