1289	2009-04-10	10.31	10.39	10.16	10.38	527424	6.34	000001	深发展Ａ	SZ	10.22	6.24	
1233	2009-04-10	5.73	5.81	5.63	5.71	20176	5.71	000004	ST国农	SZ	5.63	5.63	
904	2009-04-10	2.29	2.31	2.22	2.31	257007	0.58	000010	S ST华新	SZ	2.2	0.55	
1296	2009-04-10	6.53	6.8	6.5	6.8	43993	6.18	000011	深物业A	SZ	6.47	5.88	
1289	2009-04-10	11.18	12.4	11.01	12.01	583082	6.25	000012	南 玻Ａ	SZ	11.29	5.88	
1295	2009-04-10	12.82	13.98	12.73	13.9	69048	13.72	000014	沙河股份	SZ	12.82	12.66	
1294	2009-04-10	5.32	5.36	5.25	5.32	389691	5.22	000016	深康佳Ａ	SZ	5.28	5.18	
1296	2009-04-10	5.51	5.59	5.43	5.59	8774	5.59	000018	ST中冠A	SZ	5.5	5.5	
1237	2009-04-10	7.73	7.9	7.61	7.86	33894	7.66	000019	深深宝Ａ	SZ	7.69	7.5	
1294	2009-04-10	4.48	4.68	4.48	4.68	58501	4.68	000020	深华发Ａ	SZ	4.46	4.46	
1289	2009-04-10	5.25	5.76	5.2	5.57	595955	3.51	000021	长城开发	SZ	5.23	3.3	
1296	2009-04-10	12.67	13.15	12.63	13.15	41472	11.36	000022	深赤湾Ａ	SZ	12.63	10.91	
1279	2009-04-10	5.99	6.14	5.95	6.14	31907	5.97	000023	深天地Ａ	SZ	5.96	5.8	
1296	2009-04-10	21.54	22.49	21.51	22.23	105797	20.52	000024	招商地产	SZ	21.4	19.75	
1296	2009-04-10	5.29	5.5	5.29	5.38	35570	5.38	000025	特 力Ａ	SZ	5.29	5.29	
1296	2009-04-10	5.44	5.68	5.43	5.68	65622	3.85	000026	飞亚达Ａ	SZ	5.44	3.69	
1292	2009-04-10	9.3	9.45	9.17	9.41	187573	7.31	000027	深圳能源	SZ	9.28	7.21	
1276	2009-04-10	18.2	18.3	17.9	18.26	27503	17.86	000028	一致药业	SZ	18.09	17.7	
1272	2009-04-10	3.79	3.95	3.73	3.9	165480	3.9	000029	深深房Ａ	SZ	3.78	3.78	
973	2009-04-10	3.7	3.92	3.66	3.92	59769	3.92	000030	*ST盛润A	SZ	3.73	3.73	
1296	2009-04-10	7.1	7.28	6.99	7.22	336469	7.07	000031	中粮地产	SZ	7.1	6.96	
1295	2009-04-10	7.7	8.06	7.62	7.81	183698	7.43	000032	深桑达Ａ	SZ	7.7	7.33	
1290	2009-04-10	4.02	4.08	3.9	4.02	148453	4.02	000033	新都酒店	SZ	4.01	4.01	
1097	2009-04-10	3.13	3.24	3.12	3.2	67111	3.2	000034	ST深泰	SZ	3.12	3.12	
1287	2009-04-10	3.25	3.42	3.25	3.42	106020	2.72	000035	*ST科健	SZ	3.26	2.58	
1297	2009-04-10	3.3	3.61	3.25	3.61	762978	3.61	000036	华联控股	SZ	3.28	3.28	
1290	2009-04-10	4.48	4.57	4.41	4.55	24613	4.55	000037	深南电Ａ	SZ	4.46	4.46	
1295	2009-04-10	8.81	9.05	8.68	8.93	197791	8.19	000039	中集集团	SZ	8.76	8.04	
1240	2009-04-10	7.13	7.19	6.96	7.14	114816	7.03	000040	深 鸿 基	SZ	7.07	6.96	
1254	2009-04-10	1.75	1.8	1.73	1.8	1011789	0.85	000100	TCL 集团	SZ	1.74	0.82	
1296	2009-04-10	4.66	4.84	4.62	4.79	83771	4.79	000150	宜华地产	SZ	4.62	4.62	
1295	2009-04-10	6.9	7.5	6.71	7.28	131480	7.14	000151	中成股份	SZ	6.85	6.72	
1297	2009-04-10	4.8	5.25	4.79	5.2	199429	5.15	000153	丰原药业	SZ	4.77	4.72	
1296	2009-04-10	7.9	8.07	7.72	8	114816	7.84	000155	川化股份	SZ	7.84	7.68	
1287	2009-04-10	5.88	6.09	5.87	6.04	516865	1.48	000157	中联重科	SZ	5.84	1.43	
1279	2009-04-10	4.65	4.76	4.56	4.76	212400	4.75	000158	常山股份	SZ	4.64	4.63	
1260	2009-04-10	7.32	7.75	7.3	7.74	202587	3.62	000159	国际实业	SZ	7.24	3.39	
1294	2009-04-10	4.65	4.82	4.59	4.76	189852	4.53	000301	东方市场	SZ	4.62	4.39	
1280	2009-04-10	13.05	13.33	12.92	13.28	116365	5.23	000338	潍柴动力	SZ	12.96	5.1	
1296	2009-04-10	11.5	12.42	11.42	12.01	224072	9.11	000400	许继电气	SZ	11.42	8.67	
1294	2009-04-10	14.6	15.25	14.6	15.17	327592	14.9	000401	冀东水泥	SZ	14.35	14.09	
1272	2009-04-10	5.73	5.78	5.59	5.73	109561	2.33	001696	宗申动力	SZ	5.68	2.31	
1286	2009-04-10	5.34	5.34	5.34	5.34	3443	5.34	001896	*ST豫能	SZ	4.85	4.85	
1274	2009-04-10	14.63	14.76	14.54	14.7	161529	6.71	002001	新 和 成	SZ	14.58	6.66	
1243	2009-04-10	4.96	5.08	4.85	4.97	61915	4.97	002002	ST琼花	SZ	4.89	4.89	
1267	2009-04-10	20.1	20.38	19.79	20.2	65324	12.87	002003	伟星股份	SZ	20.1	12.8	
1273	2009-04-10	6.4	6.6	6.33	6.53	51237	1.97	002004	华邦制药	SZ	6.48	1.95	
1264	2009-04-10	4.65	4.8	4.54	4.64	295268	2.29	002005	德豪润达	SZ	4.64	2.3	
1262	2009-04-10	4.1	4.41	4.01	4.41	500223	1.46	002006	精功科技	SZ	4.01	1.33	
1275	2009-04-10	15.5	15.69	15.45	15.66	59624	5.95	002007	华兰生物	SZ	15.47	5.88	
1278	2009-04-10	5.93	6.17	5.84	6.09	301120	3.81	002008	大族激光	SZ	5.87	3.67	
1274	2009-04-10	10.45	11.25	10.45	11.19	261692	11.13	002009	天奇股份	SZ	10.43	10.37	
1273	2009-04-10	3.8	3.9	3.74	3.88	94171	1.85	002010	传化股份	SZ	3.76	1.79	
1278	2009-04-10	4.55	4.91	4.41	4.86	366231	2.32	002012	凯恩股份	SZ	4.47	2.13	
1253	2009-04-10	4.1	4.25	4.06	4.18	115984	1.56	002013	中航精机	SZ	4.09	1.52	
1278	2009-04-10	5.59	5.77	5.51	5.73	61927	2.39	002014	永新股份	SZ	5.59	2.33	
1267	2009-04-10	7.05	7.49	6.9	7.2	300176	7.15	002015	霞客环保	SZ	6.91	6.86	
1275	2009-04-10	5.57	5.89	5.49	5.86	188992	3.43	002016	世荣兆业	SZ	5.54	3.24	
1258	2009-04-10	9.09	9.45	8.91	9.13	65774	8.02	002017	东信和平	SZ	9	7.91	
1287	2009-04-10	6.86	7.12	6.86	7.09	178714	2.62	002018	华星化工	SZ	6.85	2.53	
1277	2009-04-10	3.39	3.71	3.39	3.62	111485	1.74	002020	京新药业	SZ	3.39	1.64	
1276	2009-04-10	3.06	3.25	3.03	3.16	222340	1.34	002021	中捷股份	SZ	3.03	1.28	
1281	2009-04-10	16.08	16.23	15.92	16.18	59451	11.32	002022	科华生物	SZ	15.95	11.16	
1275	2009-04-10	6.29	6.51	6.17	6.36	95896	4.39	002023	海特高新	SZ	6.25	4.32	
1277	2009-04-10	8.73	9.07	8.72	8.97	707440	5.79	002024	苏宁电器	SZ	8.67	3.72	
1278	2009-04-10	9.96	10.65	9.78	10.5	130785	10.14	002025	航天电器	SZ	9.86	9.52	
1262	2009-04-10	3.89	4.05	3.86	4.02	81679	2.26	002026	山东威达	SZ	3.86	2.16	
1278	2009-04-10	4.66	5	4.62	4.83	119838	4.83	002027	七喜控股	SZ	4.65	4.65	
1276	2009-04-10	6	6.04	5.84	6.01	223612	2.51	002029	七 匹 狼	SZ	5.96	2.49	
1279	2009-04-10	5.3	5.51	5.19	5.42	199792	2.83	002030	达安基因	SZ	5.26	2.75	
1273	2009-04-10	4.92	5.05	4.87	4.95	173661	3.16	002031	巨轮股份	SZ	4.87	3.1	
1243	2009-04-10	8.44	8.57	8.33	8.47	120143	4.73	002033	丽江旅游	SZ	8.4	4.69	
1281	2009-04-10	6.82	6.94	6.77	6.91	14865	6.61	002034	美 欣 达	SZ	6.81	6.52	
1278	2009-04-10	5.64	5.97	5.6	5.84	94422	3.73	002035	华帝股份	SZ	5.63	3.6	
1282	2009-04-10	6.83	7.05	6.55	6.83	130218	4.39	002036	宜科科技	SZ	6.82	4.39	
1270	2009-04-10	5.67	5.81	5.51	5.75	80822	2.36	002037	久联发展	SZ	5.59	2.3	
1295	2009-04-10	18.44	18.86	18.39	18.66	37785	10.08	002038	双鹭药业	SZ	18.34	9.9	
1281	2009-04-10	15.39	15.77	15.18	15.65	40798	15.16	002039	黔源电力	SZ	15.39	14.91	
1278	2009-04-10	5.68	5.91	5.67	5.83	48957	5.72	002040	南 京 港	SZ	5.7	5.59	
1279	2009-04-10	11.35	11.65	10.9	11.48	174002	5.62	002041	登海种业	SZ	11.3	5.53	
1288	2009-04-10	3.29	3.43	3.29	3.39	41683	1.08	002042	华孚色纺	SZ	3.29	1.05	
1276	2009-04-10	2.73	2.92	2.67	2.84	172871	1.33	002043	兔 宝 宝	SZ	2.74	1.29	
1278	2009-04-10	3.75	3.83	3.7	3.72	78797	2.52	002044	江苏三友	SZ	3.7	2.51	
1275	2009-04-10	5.59	6.08	5.52	5.79	300225	2.97	002045	广州国光	SZ	5.72	2.94	
1275	2009-04-10	6.12	6.49	6.11	6.31	107371	3.01	002046	轴研科技	SZ	6	2.86	
1280	2009-04-10	2.96	3.05	2.96	3.05	61600	1.85	002047	成霖股份	SZ	2.96	1.8	
1274	2009-04-10	7.22	7.55	7.03	7.44	198060	7.11	002048	宁波华翔	SZ	7.18	6.86	
1247	2009-04-10	7.07	7.38	7.07	7.31	122119	7.06	002049	晶源电子	SZ	6.95	6.71	
1276	2009-04-10	8	8.2	7.96	8.11	52889	3.41	002050	三花股份	SZ	7.96	3.35	
1269	2009-04-10	6.58	6.7	6.51	6.69	66126	2.39	002051	中工国际	SZ	6.56	2.34	
1268	2009-04-10	4.97	5.07	4.89	5.05	120267	2.49	002052	同洲电子	SZ	4.95	2.45	
1277	2009-04-10	13.22	13.61	13.01	13.52	70461	13.4	002053	云南盐化	SZ	13.15	13.04	
1280	2009-04-10	6.42	6.7	6.36	6.7	87688	2.8	002054	德美化工	SZ	6.4	2.68	
1274	2009-04-10	4.09	4.32	4.05	4.25	101996	2.08	002055	得润电子	SZ	4.07	1.99	
1278	2009-04-10	10.69	11.67	10.51	11.5	150872	11.38	002056	横店东磁	SZ	10.74	10.62	
1279	2009-04-10	8.02	8.07	7.81	8.07	50161	8.05	002057	中钢天源	SZ	7.95	7.93	
1270	2009-04-10	4.39	4.55	4.37	4.53	55454	1.9	002058	威 尔 泰	SZ	4.39	1.84	
1253	2009-04-10	8.32	8.51	8.13	8.32	73382	8.18	002059	云南旅游	SZ	8.32	8.18	
1273	2009-04-10	5.31	5.34	5.24	5.34	127524	2.95	002060	粤 水 电	SZ	5.25	2.91	
1269	2009-04-10	4.74	4.85	4.74	4.83	24400	3.18	002061	江山化工	SZ	4.72	3.1	
1278	2009-04-10	6.08	6.48	6.03	6.48	235879	1.59	002063	远光软件	SZ	6	1.47	
1281	2009-04-10	4.24	4.39	4.2	4.36	89848	2.09	002064	华峰氨纶	SZ	4.22	2.02	
1253	2009-04-10	10.03	10.24	9.78	9.91	135189	4.06	002065	东华软件	SZ	10.04	4.12	
1281	2009-04-10	6.64	6.97	6.34	6.75	69609	3.12	002066	瑞泰科技	SZ	6.49	3	
1272	2009-04-10	2.3	2.37	2.29	2.35	280964	1.14	002067	景兴纸业	SZ	2.29	1.12	
1272	2009-04-10	3.27	3.39	3.23	3.35	135200	1.3	002068	黑猫股份	SZ	3.25	1.27	
1273	2009-04-10	7.04	7.24	7	7.18	103400	2.1	002069	獐 子 岛	SZ	7	2.05	
1277	2009-04-10	2.39	2.44	2.36	2.43	140408	0.82	002070	众和股份	SZ	2.38	0.8	
1275	2009-04-10	3.93	4.1	3.9	4.06	33381	2.69	002071	江苏宏宝	SZ	3.93	2.6	
1269	2009-04-10	5.98	6.17	5.95	6.12	62187	6.12	002072	*ST德棉	SZ	5.98	5.98	
1278	2009-04-10	8.04	8.53	7.96	8.49	149809	3.72	002073	软控股份	SZ	8.02	3.51	
1277	2009-04-10	5.92	6.17	5.92	6.14	56807	3.3	002074	东源电器	SZ	5.9	3.17	
1276	2009-04-10	8.01	8.31	7.89	8.24	48953	7.9	002076	雪 莱 特	SZ	8.06	7.73	
1260	2009-04-10	6.63	7	6.61	6.93	99165	6.81	002077	大港股份	SZ	6.6	6.49	
1274	2009-04-10	5.59	5.83	5.54	5.8	134031	2.68	002078	太阳纸业	SZ	5.57	2.57	
1272	2009-04-10	2.64	2.73	2.63	2.69	151891	1.11	002079	苏州固锝	SZ	2.63	1.09	
1274	2009-04-10	3.78	4	3.77	4	96417	0.49	002081	金 螳 螂	SZ	3.75	0.46	
1278	2009-04-10	7.62	7.92	7.54	7.86	57820	7.37	002082	栋梁新材	SZ	7.53	7.06	
1281	2009-04-10	9.11	9.82	8.97	9.52	492185	9.29	002083	孚日股份	SZ	8.93	8.72	
1279	2009-04-10	4.5	4.73	4.45	4.59	124558	2.29	002084	海鸥卫浴	SZ	4.57	2.28	
1253	2009-04-10	5.42	5.67	5.42	5.62	73977	4.88	002085	万丰奥威	SZ	5.41	4.69	
1279	2009-04-10	9.65	9.8	9.45	9.75	207450	4.8	002086	东方海洋	SZ	9.57	4.71	
1274	2009-04-10	3.57	3.61	3.51	3.58	70336	2.1	002087	新野纺织	SZ	3.52	2.06	
1276	2009-04-10	5.15	5.28	5.03	5.18	186322	1.95	002089	新 海 宜	SZ	5.11	1.93	
1221	2009-04-10	6.97	7.29	6.85	7.26	56896	3.41	002090	金智科技	SZ	6.86	3.23	
1281	2009-04-10	11.6	12.17	11.44	12.07	87687	7.73	002091	江苏国泰	SZ	11.61	7.43	
1268	2009-04-10	7.02	7.33	6.97	7.23	271250	4.55	002092	中泰化学	SZ	6.97	4.38	
1276	2009-04-10	5.35	5.45	5.17	5.32	126745	1.77	002093	国脉科技	SZ	5.32	1.77	
1279	2009-04-10	4.9	5.14	4.85	5.11	92037	3.29	002094	青岛金王	SZ	4.89	3.15	
1282	2009-04-10	11.4	11.94	11.33	11.78	38196	6.34	002095	生 意 宝	SZ	11.46	6.17	
1252	2009-04-10	6.33	6.5	6.23	6.44	83738	1.99	002096	南岭民爆	SZ	6.36	1.96	
1278	2009-04-10	10.13	10.29	9.97	10.23	79453	6.75	002097	山河智能	SZ	9.99	6.59	
1274	2009-04-10	6.93	7.16	6.92	7.1	33525	6.52	002098	浔兴股份	SZ	6.9	6.34	
1273	2009-04-10	4.16	4.28	4.16	4.2	208947	1.95	002099	海翔药业	SZ	4.13	1.92	
1271	2009-04-10	7.23	7.57	7.16	7.55	56142	3.34	002100	天康生物	SZ	7.2	3.18	
1268	2009-04-10	6.82	7.05	6.75	6.97	36165	3.28	002101	广东鸿图	SZ	6.8	3.2	
1270	2009-04-10	2.95	3.05	2.92	3.03	89648	1.49	002102	冠福家用	SZ	2.94	1.45	
1279	2009-04-10	7.4	7.59	7.26	7.53	66516	6.98	002103	广博股份	SZ	7.36	6.82	
1279	2009-04-10	7.9	8.69	7.81	8.69	181271	8.45	002104	恒宝股份	SZ	7.9	7.68	
1276	2009-04-10	5.35	5.53	5.35	5.48	34480	5.11	002105	信隆实业	SZ	5.36	4.99	
1281	2009-04-10	6.98	7.24	6.92	7.2	120012	3.65	002106	莱宝高科	SZ	6.92	3.51	
1278	2009-04-10	17.7	18.25	17.7	18.02	15079	9.01	002107	沃华医药	SZ	17.59	8.8	
1272	2009-04-10	4.55	4.86	4.51	4.77	55249	1.19	002108	沧州明珠	SZ	4.5	1.13	
1276	2009-04-10	8.91	9.25	8.84	9.19	112506	8.66	002109	兴化股份	SZ	8.88	8.37	
1271	2009-04-10	8.79	9.17	8.68	9.16	92415	9.05	002110	三钢闽光	SZ	8.78	8.67	
1271	2009-04-10	9.53	9.53	9.22	9.36	29815	4.97	002111	威海广泰	SZ	9.24	4.91	
1277	2009-04-10	5.5	5.54	5.34	5.38	93704	2.09	002112	三变科技	SZ	5.32	2.07	
1261	2009-04-10	7.15	7.39	7.03	7.38	36010	7.38	002113	ST天润	SZ	7.09	7.09	
1280	2009-04-10	9.19	9.68	9.18	9.54	43011	9.54	002114	罗平锌电	SZ	9.13	9.13	
1272	2009-04-10	5.58	5.86	5.56	5.86	112583	1.87	002115	三维通信	SZ	5.58	1.77	
1278	2009-04-10	7.6	7.75	7.46	7.75	33747	3.77	002116	中国海诚	SZ	7.59	3.69	
1271	2009-04-10	7.62	7.83	7.62	7.79	34243	4.26	002117	东港股份	SZ	7.51	4.11	
1232	2009-04-10	4.59	4.62	4.48	4.62	102602	1.34	002118	紫鑫药业	SZ	4.56	1.32	
1270	2009-04-10	6.15	6.45	6.03	6.44	137751	6.35	002119	康强电子	SZ	6.17	6.08	
1215	2009-04-10	7.8	8.17	7.8	8.12	34819	7.87	002120	新海股份	SZ	7.8	7.56	
1274	2009-04-10	8.84	9.47	8.8	9.46	40460	3.09	002121	科陆电子	SZ	8.83	2.89	
1281	2009-04-10	16.81	18.08	16.75	17.85	258390	8.57	002122	天马股份	SZ	16.85	8.09	
1280	2009-04-10	12.44	12.79	12.22	12.57	105177	5.59	002123	荣信股份	SZ	12.28	3.35	
1279	2009-04-10	7.63	7.84	7.39	7.77	103429	4.83	002124	天邦股份	SZ	7.6	4.73	
1266	2009-04-10	5.62	5.8	5.61	5.72	18069	3.56	002125	湘潭电化	SZ	5.61	3.49	
1274	2009-04-10	4.58	4.73	4.55	4.73	51111	1.73	002126	银轮股份	SZ	4.56	1.67	
1276	2009-04-10	3.6	3.62	3.55	3.6	40789	1.5	002127	新民科技	SZ	3.53	1.47	
1279	2009-04-10	13.56	14.62	13.56	14.4	90643	10.24	002128	露天煤业	SZ	13.42	9.55	
1270	2009-04-10	6.66	7.19	6.61	6.96	367729	4.62	002129	中环股份	SZ	6.61	4.38	
1271	2009-04-10	3.75	3.94	3.69	3.87	142732	0.84	002130	沃尔核材	SZ	3.69	0.8	
1193	2009-04-10	6.4	6.45	6.24	6.36	101297	3.03	002131	利欧股份	SZ	6.36	3.03	
1272	2009-04-10	4.47	4.62	4.38	4.57	399320	2.17	002132	恒星科技	SZ	4.36	2.07	
1273	2009-04-10	4.8	4.99	4.75	4.98	143639	3.73	002133	广宇集团	SZ	4.78	3.58	
1280	2009-04-10	5.81	6.38	5.76	6.38	211003	6.38	002134	天津普林	SZ	5.8	5.8	
1275	2009-04-10	3.35	3.47	3.35	3.44	88894	1.22	002135	东南网架	SZ	3.33	1.18	
1273	2009-04-10	4.03	4.14	3.96	4.09	31650	2.03	002136	安 纳 达	SZ	4.01	1.99	
1276	2009-04-10	7.09	7.45	7.07	7.36	89145	3.07	002138	顺络电子	SZ	7.03	2.94	
1273	2009-04-10	8.98	9.23	8.83	9.15	48780	4.73	002139	拓邦股份	SZ	8.86	4.58	
1280	2009-04-10	6.69	7	6.69	6.94	40101	1.5	002140	东华科技	SZ	6.68	1.44	
1240	2009-04-10	4.15	4.42	4.06	4.36	103421	1.94	002141	蓉胜超微	SZ	4.11	1.82	
1276	2009-04-10	9.63	9.81	9.58	9.73	173348	8.84	002142	宁波银行	SZ	9.54	8.67	
1270	2009-04-10	7	7.26	6.92	7.2	35331	5.47	002143	高金食品	SZ	6.99	5.31	
1270	2009-04-10	8.28	8.56	8.23	8.53	42435	8.19	002144	宏达高科	SZ	8.26	7.93	
1186	2009-04-10	6.42	6.63	6.32	6.57	53395	6.57	002145	*ST钛白	SZ	6.37	6.37	
1271	2009-04-10	5.1	5.63	5.07	5.63	203278	2.97	002146	荣盛发展	SZ	5.12	2.7	
1276	2009-04-10	16.28	16.5	15.91	16.5	28400	7.79	002147	方圆支承	SZ	15.98	7.55	
1278	2009-04-10	5.89	6.05	5.87	6	47264	1.86	002148	北纬通信	SZ	5.89	1.82	
1276	2009-04-10	22.15	23.1	22.15	22.9	23840	22.51	002149	西部材料	SZ	21.99	21.61	
1281	2009-04-10	5.57	5.7	5.46	5.57	70883	2.09	002150	江苏通润	SZ	5.57	2.09	
1267	2009-04-10	13.01	13.37	13.01	13.28	15460	7.13	002151	北斗星通	SZ	12.98	6.98	
1282	2009-04-10	12.44	12.82	12.44	12.76	60031	4.5	002152	广电运通	SZ	12.38	4.36	
1280	2009-04-10	21.74	23.68	21.74	23.23	19334	8.1	002153	石基信息	SZ	21.61	7.54	
1269	2009-04-10	5.66	5.83	5.65	5.77	67375	2.02	002154	报 喜 鸟	SZ	5.65	1.98	
1278	2009-04-10	9.23	9.81	9.1	9.71	555223	5.12	002155	辰州矿业	SZ	9.16	4.84	
1277	2009-04-10	4.31	4.69	4.25	4.68	127783	2.11	002156	通富微电	SZ	4.31	1.95	
1279	2009-04-10	5.68	5.75	5.49	5.71	219873	3.47	002157	正邦科技	SZ	5.64	3.43	
1281	2009-04-10	7.58	8.02	7.54	7.91	57209	4.58	002158	汉钟精机	SZ	7.57	4.39	
1277	2009-04-10	7.15	7.35	7.15	7.22	41757	7.13	002159	三特索道	SZ	7.1	7.02	
1277	2009-04-10	4.82	4.96	4.74	4.96	98670	0.9	002161	远 望 谷	SZ	4.8	0.87	
1280	2009-04-10	5.96	6.1	5.92	6.08	46214	5.46	002162	斯 米 克	SZ	5.95	5.35	
1265	2009-04-10	4.1	4.43	3.97	4.43	397629	1.39	002163	中航三鑫	SZ	4.03	1.27	
1278	2009-04-10	6.63	6.66	6.47	6.61	134885	3.17	002164	东力传动	SZ	6.47	3.1	
1278	2009-04-10	5.62	6.09	5.48	6.07	205578	2.03	002165	红 宝 丽	SZ	5.58	1.87	
1272	2009-04-10	6.3	6.39	6.2	6.36	28847	3.18	002166	莱茵生物	SZ	6.2	3.1	
1274	2009-04-10	4.9	5.09	4.81	5.06	102412	0.95	002167	东方锆业	SZ	4.87	0.92	
1274	2009-04-10	4.88	5.19	4.88	5.19	728842	1.44	002168	深圳惠程	SZ	4.72	1.3	
1276	2009-04-10	3.75	3.79	3.66	3.79	191298	0.85	002170	芭田股份	SZ	3.67	0.82	
1279	2009-04-10	12.86	13.71	12.8	13.5	85010	13.37	002171	精诚铜业	SZ	12.54	12.42	
1275	2009-04-10	4.85	4.99	4.73	4.91	105231	3.28	002172	澳洋科技	SZ	4.81	3.2	
1280	2009-04-10	7.28	7.83	7.27	7.65	61325	2.54	002173	山 下 湖	SZ	7.3	2.42	
1277	2009-04-10	9.43	9.45	9.1	9.3	69480	9.26	002174	梅 花 伞	SZ	9.27	9.23	
1251	2009-04-10	9.1	9.44	8.88	9.43	33793	9.28	002175	广陆数测	SZ	9.06	8.91	
1264	2009-04-10	3.2	3.39	3.2	3.33	170230	0.9	002176	江特电机	SZ	3.19	0.86	
1272	2009-04-10	3.53	3.64	3.48	3.62	219552	0.83	002177	御银股份	SZ	3.49	0.8	
1280	2009-04-10	6.83	7.14	6.65	6.99	108743	4.1	002178	延华智能	SZ	6.9	4.05	
1281	2009-04-10	10.57	11.27	10.53	11.18	70851	4.87	002179	中航光电	SZ	10.45	4.55	
1279	2009-04-10	8.86	9.05	8.79	8.8	55652	5.68	002180	万 力 达	SZ	8.73	5.64	
1221	2009-04-10	8.23	8.79	8.08	8.68	190422	8.54	002181	粤 传 媒	SZ	8.33	8.19	
1276	2009-04-10	10.03	10.53	9.73	10.27	170163	6.71	002182	云海金属	SZ	9.99	6.52	
1261	2009-04-10	6.9	7.11	6.84	7.11	66348	1.92	002183	怡 亚 通	SZ	6.89	1.87	
1281	2009-04-10	9.1	9.57	9.09	9.4	90831	9.08	002184	海得控制	SZ	9.06	8.75	
1276	2009-04-10	3	3.11	2.99	3.09	369572	1.31	002185	华天科技	SZ	2.97	1.26	
1280	2009-04-10	13.62	13.88	13.34	13.82	41072	5.91	002186	全 聚 德	SZ	13.59	5.81	
1277	2009-04-10	12.27	12.7	12.23	12.64	75716	6.31	002187	广百股份	SZ	12.22	6.1	
1234	2009-04-10	5.44	5.57	5.34	5.52	59996	2.82	002188	新 嘉 联	SZ	5.37	2.74	
1279	2009-04-10	8.47	8.88	8.22	8.68	121880	8.61	002189	利达光电	SZ	8.36	8.29	
1260	2009-04-10	5.34	5.53	5.29	5.5	65877	2.53	002190	成飞集成	SZ	5.29	2.43	
1277	2009-04-10	10.45	10.77	10.27	10.71	101214	6.36	002191	劲嘉股份	SZ	10.39	6.17	
1276	2009-04-10	11.57	12.39	11.4	12.14	32134	6.06	002192	路翔股份	SZ	11.56	5.77	
1281	2009-04-10	7.91	8.15	7.86	8.15	36628	8.05	002193	山东如意	SZ	7.89	7.79	
1281	2009-04-10	17.99	18.65	17.78	18.45	54761	12.72	002194	武汉凡谷	SZ	17.88	12.32	
1281	2009-04-10	12.29	13.85	12	13.4	90281	8.62	002195	海隆软件	SZ	12.76	8.21	
1275	2009-04-10	8.07	8.53	7.97	8.49	28570	5.34	002196	方正电机	SZ	8.02	5.04	
1275	2009-04-10	10.81	11.19	10.45	10.98	83705	4.39	002197	证通电子	SZ	11.21	4.48	
1277	2009-04-10	2.38	2.44	2.36	2.44	55417	0.48	002198	嘉应制药	SZ	2.36	0.47	
1276	2009-04-10	6	6.38	5.96	6.26	63966	2.34	002199	东晶电子	SZ	5.96	2.23	
1250	2009-04-10	19.72	20.26	19.56	20.16	35292	11.04	002200	绿 大 地	SZ	19.61	10.73	
1240	2009-04-10	5.66	5.97	5.52	5.85	77419	3.43	002201	九鼎新材	SZ	5.66	3.31	
1276	2009-04-10	17.67	19.25	17.67	19.17	481295	7.95	002202	金风科技	SZ	17.5	7.25	
1279	2009-04-10	7.33	7.53	7.23	7.5	96910	4.75	002203	海亮股份	SZ	7.31	4.55	
1252	2009-04-10	11.6	12.13	11.34	11.76	125866	4.93	002204	华锐铸钢	SZ	11.61	4.87	
1275	2009-04-10	14.75	15.59	14.75	15.14	19648	11.92	002205	国统股份	SZ	14.69	11.57	
1273	2009-04-10	6.71	7.1	6.71	7.06	48908	1.97	002206	海 利 得	SZ	6.67	1.86	
1275	2009-04-10	12.05	12.36	12.02	12.36	26070	12.16	002207	准油股份	SZ	11.92	11.72	
1278	2009-04-10	5.22	5.32	5.12	5.28	68352	2.45	002208	合肥城建	SZ	5.15	2.39	
1278	2009-04-10	7.71	8	7.63	7.9	44805	5.12	002209	达 意 隆	SZ	7.72	5	
1279	2009-04-10	4	4.12	3.99	4.1	63276	1.33	002210	飞马国际	SZ	4	1.3	
1275	2009-04-10	5.94	6.11	5.87	6.07	93542	4	002211	宏达新材	SZ	5.85	3.86	
1271	2009-04-10	8.75	9.42	8.73	9.42	155097	2.75	002212	南洋股份	SZ	8.56	2.51	
1279	2009-04-10	4.53	4.68	4.51	4.61	52250	2.22	002213	特 尔 佳	SZ	4.54	2.19	
1256	2009-04-10	8.69	8.84	8.52	8.81	36709	4.21	002214	大立科技	SZ	8.68	4.15	
1271	2009-04-10	7.33	7.52	7.3	7.47	29170	2.19	002215	诺 普 信	SZ	7.3	2.14	
1275	2009-04-10	7.72	7.89	7.64	7.88	63437	1.84	002216	三全食品	SZ	7.63	1.79	
1278	2009-04-10	7.44	7.68	7.44	7.62	125740	3.21	002217	联合化工	SZ	7.38	3.11	
1275	2009-04-10	13.38	14.79	13.38	14.61	219092	6.22	002218	拓日新能	SZ	13.46	5.73	
1277	2009-04-10	4.62	4.77	4.62	4.76	61150	1.17	002219	独 一 味	SZ	4.62	1.13	
1276	2009-04-10	4.56	4.68	4.55	4.63	60111	1.06	002220	天宝股份	SZ	4.55	1.05	
1272	2009-04-10	3.55	3.72	3.49	3.7	152318	1.81	002221	东华能源	SZ	3.55	1.74	
1281	2009-04-10	5.67	5.93	5.67	5.89	112127	3.52	002222	福晶科技	SZ	5.65	3.38	
1279	2009-04-10	5.82	6.1	5.71	6.04	82552	1.15	002223	鱼跃医疗	SZ	5.78	1.1	
1277	2009-04-10	5.9	6.25	5.87	6.06	77821	2.13	002224	三 力 士	SZ	6.02	2.11	
1269	2009-04-10	4.91	5.09	4.87	5.05	82402	2.87	002225	濮耐股份	SZ	4.89	2.78	
1250	2009-04-10	7.18	7.63	7	7.39	82884	1.74	002226	江南化工	SZ	7.14	1.68	
1280	2009-04-10	22.15	24	22.12	23.68	32460	23.13	002227	奥 特 迅	SZ	22.09	21.57	
1275	2009-04-10	4.74	4.98	4.72	4.89	77959	1.38	002229	鸿博股份	SZ	4.74	1.34	
1275	2009-04-10	9.84	9.91	9.61	9.77	107892	1.56	002230	科大讯飞	SZ	9.93	1.59	
1280	2009-04-10	3.46	3.59	3.38	3.56	93283	1.07	002231	奥维通信	SZ	3.46	1.04	
1271	2009-04-10	13.14	14.15	12.44	14.15	300367	9.99	002232	启明信息	SZ	12.97	4.48	
1276	2009-04-10	7.05	7.28	7	7.12	318274	3.41	002233	塔牌集团	SZ	7.09	3.4	
1275	2009-04-10	7.86	8.09	7.78	8.02	44759	3.73	002234	民和股份	SZ	7.85	3.65	
1274	2009-04-10	9.37	9.56	9.11	9.46	56961	4.64	002235	安妮股份	SZ	9.37	4.6	
1277	2009-04-10	2.74	2.75	2.69	2.75	128983	0.15	002236	大华股份	SZ	2.72	0.15	
1274	2009-04-10	21.4	22.65	21.02	22.11	161284	5.36	002237	恒邦股份	SZ	21.62	5.24	
1277	2009-04-10	13.2	13.32	12.82	13.16	81032	10.69	002238	天威视讯	SZ	13.07	10.62	
1273	2009-04-10	8.55	9.25	8.47	9.14	67191	5.97	002239	金 飞 达	SZ	8.53	5.57	
1280	2009-04-10	5.72	5.97	5.71	5.95	124011	3.66	002240	威华股份	SZ	5.71	3.51	
1272	2009-04-10	3.27	3.35	3.16	3.29	722638	0.26	002241	歌尔声学	SZ	3.43	0.27	
1278	2009-04-10	18.24	18.42	17.93	18.35	72451	4.81	002242	九阳股份	SZ	18.05	4.74	
1273	2009-04-10	9.2	9.5	9.09	9.39	42263	8.99	002243	通产丽星	SZ	9.18	8.79	
1280	2009-04-10	10.68	10.85	10.41	10.78	81109	8	002244	滨江集团	SZ	10.56	7.84	
1276	2009-04-10	3.7	3.9	3.62	3.81	110504	0.61	002245	澳洋顺昌	SZ	3.75	0.6	
1233	2009-04-10	8.39	9.09	8.39	8.86	83105	8.54	002246	北化股份	SZ	8.38	8.07	
1280	2009-04-10	5.28	5.47	5.23	5.39	42018	1.61	002247	帝龙新材	SZ	5.26	1.58	
1274	2009-04-10	7.85	8.55	7.84	8.49	259221	1.43	002249	大洋电机	SZ	7.79	1.31	
1269	2009-04-10	4.44	4.62	4.38	4.55	128061	1.11	002250	联化科技	SZ	4.4	1.07	
1279	2009-04-10	13.1	13.68	12.87	13.54	160118	3.17	002251	步 步 高	SZ	12.55	2.94	
1278	2009-04-10	8.86	9.01	8.81	8.99	65734	2.59	002252	上海莱士	SZ	8.79	2.53	
1276	2009-04-10	13.92	14.42	13.6	14.13	44936	6.91	002253	川大智胜	SZ	13.99	6.84	
1281	2009-04-10	8.78	9.06	8.78	8.99	77170	1.75	002254	烟台氨纶	SZ	8.72	1.69	
1277	2009-04-10	10.51	11.25	10.48	11.19	104397	5.34	002255	海陆重工	SZ	10.45	4.99	
1171	2009-04-10	6.22	6.58	6.11	6.46	103630	2.12	002256	彩虹精化	SZ	6.14	2.02	
1257	2009-04-10	13.33	13.79	13.17	13.73	38996	8.87	002258	利尔化学	SZ	13.11	8.47	
1276	2009-04-10	2.68	2.8	2.68	2.77	190291	1.06	002259	升达林业	SZ	2.67	1.02	
1275	2009-04-10	7.68	8.35	7.47	8.04	113385	5.95	002260	伊 立 浦	SZ	7.62	5.63	
1273	2009-04-10	11.18	11.74	10.96	11.32	70285	3.11	002261	拓维信息	SZ	11.07	3.04	
1280	2009-04-10	7.35	7.61	7.25	7.51	56617	3.01	002262	恩华药业	SZ	7.31	2.93	
1276	2009-04-10	5.57	5.65	5.49	5.62	132672	4.5	002263	大 东 南	SZ	5.55	4.45	
1274	2009-04-10	4.54	4.67	4.54	4.62	114588	0.88	002264	新 华 都	SZ	4.51	0.85	
1277	2009-04-10	8.4	8.7	8.24	8.54	172224	8.52	002265	西仪股份	SZ	8.45	8.43	
1271	2009-04-10	3.5	3.66	3.5	3.63	202842	0.36	002266	浙富股份	SZ	3.5	0.35	
1280	2009-04-10	7.18	7.4	7.09	7.31	116853	3.19	002267	陕天然气	SZ	7.11	3.1	
1281	2009-04-10	9.67	10.22	9.63	10.02	55446	3.76	002268	卫 士 通	SZ	9.71	3.64	
1279	2009-04-10	18.07	18.73	18.06	18.63	69166	10.86	002269	美邦服饰	SZ	18.1	10.55	
1279	2009-04-10	11.14	11.31	10.79	11.23	58953	8.2	002270	法因数控	SZ	11.11	8.11	
1271	2009-04-10	6.31	6.48	6.25	6.38	129320	0.96	002271	东方雨虹	SZ	6.41	0.97	
1278	2009-04-10	7.08	7.42	6.83	7.16	190855	1.97	002272	川润股份	SZ	7.08	1.95	
1276	2009-04-10	8.59	9.62	8.46	8.92	261925	2.01	002273	水晶光电	SZ	9.05	2.04	
1276	2009-04-10	19.36	20.72	19.16	20.13	101101	15.09	002274	华昌化工	SZ	18.95	14.21	
