1217	2009-07-21	14.7	14.99	14.34	14.34	751359	8.76	1	深发展Ａ	SZ	14.8	9.03	
832	2009-07-21	2.51	2.51	2.39	2.4	128787	0.6	10	S ST华新	SZ	2.5	0.62	
1182	2009-07-21	2.04	2.05	2	2.01	1252863	0.95	100	TCL 集团	SZ	2.04	0.97	
1224	2009-07-21	10.75	10.85	10.23	10.36	49302	9.41	11	深物业A	SZ	10.74	9.75	
1217	2009-07-21	10.88	10.88	10.4	10.44	475811	5.5	12	南 玻Ａ	SZ	10.92	5.75	
1223	2009-07-21	16.52	17.35	16.15	16.98	127447	16.79	14	沙河股份	SZ	16.5	16.32	
1224	2009-07-21	8.14	8.43	8.06	8.19	193548	8.19	150	宜华地产	SZ	8.18	8.18	
1223	2009-07-21	9.5	9.54	9.1	9.12	63656	9.04	151	中成股份	SZ	9.48	9.4	
1225	2009-07-21	6.4	6.41	6.16	6.17	70601	6.11	153	丰原药业	SZ	6.39	6.33	
1224	2009-07-21	9.55	9.85	9.4	9.43	184047	9.37	155	川化股份	SZ	9.55	9.49	
1215	2009-07-21	7.51	7.53	7.31	7.35	483482	2.01	157	中联重科	SZ	7.5	2.05	
1207	2009-07-21	7.57	7.57	7.09	7.15	471434	7.13	158	常山股份	SZ	7.71	7.69	
1188	2009-07-21	8.6	8.6	8.05	8.07	336584	3.79	159	国际实业	SZ	8.6	4.05	
1222	2009-07-21	5.25	5.26	5.15	5.15	243606	5.1	16	深康佳Ａ	SZ	5.25	5.2	
1200	2009-07-21	6.41	6.41	6.16	6.18	178295	3.39	1696	宗申动力	SZ	6.42	3.52	
1224	2009-07-21	9.6	9.78	9.2	9.78	14120	9.78	18	ST中冠A	SZ	9.46	9.46	
1214	2009-07-21	7.19	7.19	6.8	6.87	45397	6.87	1896	*ST豫能	SZ	7.19	7.19	
1165	2009-07-21	9.33	9.59	9.18	9.24	50211	9.01	19	深深宝Ａ	SZ	9.33	9.1	
1224	2009-07-21	13.9	14.2	13.66	13.92	3129863	12.65	2	万 科Ａ	SZ	13.96	12.69	
1222	2009-07-21	7.54	7.59	7.18	7.2	44971	7.2	20	深华发Ａ	SZ	7.52	7.52	
1202	2009-07-21	19.41	19.84	19.36	19.41	54538	8.98	2001	新 和 成	SZ	19.55	9.04	
1171	2009-07-21	7.01	7.22	7	7.01	37915	7.01	2002	ST琼花	SZ	7.03	7.03	
1195	2009-07-21	22.46	22.54	21.84	22	29186	14.01	2003	伟星股份	SZ	22.5	14.34	
1201	2009-07-21	7.57	7.57	7.23	7.23	146545	2.29	2004	华邦制药	SZ	7.62	2.41	
1192	2009-07-21	6.64	6.82	6.46	6.55	248017	3.24	2005	德豪润达	SZ	6.59	3.26	
1190	2009-07-21	4.93	4.93	4.72	4.74	194516	1.57	2006	精功科技	SZ	4.93	1.63	
1203	2009-07-21	21.75	21.75	21.03	21.06	148560	12.96	2007	华兰生物	SZ	21.83	13.43	
1206	2009-07-21	5.99	6.03	5.74	5.78	353111	3.68	2008	大族激光	SZ	5.99	3.81	
1202	2009-07-21	10.56	10.6	10.02	10.05	110023	10.01	2009	天奇股份	SZ	10.56	10.52	
1201	2009-07-21	4.97	5.07	4.88	4.9	67304	2.37	2010	传化股份	SZ	4.99	2.41	
1203	2009-07-21	6.91	7.13	6.65	7.01	205390	3.29	2011	盾安环境	SZ	6.91	3.24	
1206	2009-07-21	5.05	5.05	4.72	4.78	162831	2.28	2012	凯恩股份	SZ	5.05	2.4	
1181	2009-07-21	5.63	5.63	5.42	5.42	103803	2.44	2013	中航精机	SZ	5.63	2.54	
1206	2009-07-21	6.59	6.6	6.39	6.48	64048	2.82	2014	永新股份	SZ	6.59	2.87	
1195	2009-07-21	9.69	9.69	9	9.03	118552	9	2015	霞客环保	SZ	9.6	9.57	
1186	2009-07-21	11.03	11.05	10.47	10.49	73472	9.22	2017	东信和平	SZ	11.02	9.68	
1215	2009-07-21	6.37	6.59	6.32	6.39	353622	3.6	2018	华星化工	SZ	6.37	3.59	
1208	2009-07-21	12.06	12.1	11.58	11.61	55671	11.54	2019	鑫富药业	SZ	12	11.93	
1205	2009-07-21	4.58	4.59	4.32	4.34	89437	2.09	2020	京新药业	SZ	4.62	2.23	
1204	2009-07-21	4.25	4.28	4.03	4.06	374709	3.09	2021	中捷股份	SZ	4.25	3.23	
1209	2009-07-21	18.58	18.64	18.02	18.1	109667	16.66	2022	科华生物	SZ	18.58	17.1	
1203	2009-07-21	8.19	8.21	7.77	7.79	99717	5.44	2023	海特高新	SZ	8.19	5.72	
1205	2009-07-21	11.07	11.07	10.7	10.71	1205678	6.91	2024	苏宁电器	SZ	11.07	7.14	
1206	2009-07-21	12.21	12.21	11.67	11.7	82395	11.3	2025	航天电器	SZ	12.22	11.8	
1190	2009-07-21	4.58	4.58	4.4	4.41	53694	2.51	2026	山东威达	SZ	4.59	2.61	
1206	2009-07-21	6.15	6.18	5.85	5.91	94543	5.91	2027	七喜控股	SZ	6.19	6.19	
1209	2009-07-21	23.98	24.06	23.01	23.05	73342	21.77	2028	思源电气	SZ	23.9	22.57	
1204	2009-07-21	7.29	7.31	7.12	7.14	49158	3.04	2029	七 匹 狼	SZ	7.27	3.09	
1207	2009-07-21	10.59	10.59	10.39	10.39	170165	6.53	2030	达安基因	SZ	10.45	6.57	
1201	2009-07-21	8.6	8.62	8.27	8.31	57409	5.37	2031	巨轮股份	SZ	8.59	5.55	
1206	2009-07-21	11.26	11.4	10.7	10.77	33125	7.06	2032	苏 泊 尔	SZ	11.26	7.38	
1206	2009-07-21	6.35	6.67	6.23	6.5	183327	4.15	2035	华帝股份	SZ	6.37	4.07	
1210	2009-07-21	6.74	6.75	6.5	6.52	56986	6.38	2036	宜科科技	SZ	6.74	6.59	
1198	2009-07-21	6.81	6.83	6.51	6.54	140798	3.01	2037	久联发展	SZ	6.76	3.11	
1223	2009-07-21	19.04	19.04	18.77	18.79	27833	10.26	2038	双鹭药业	SZ	19.07	10.42	
1209	2009-07-21	16.52	16.8	16.01	16.15	17656	15.8	2039	黔源电力	SZ	16.54	16.18	
1206	2009-07-21	8.72	8.72	8.4	8.41	46141	8.29	2040	南 京 港	SZ	8.74	8.61	
1207	2009-07-21	11.17	11.2	10.85	10.85	55721	5.31	2041	登海种业	SZ	11.14	5.45	
1216	2009-07-21	4.93	4.94	4.75	4.76	100080	1.52	2042	华孚色纺	SZ	4.92	1.57	
1204	2009-07-21	3.24	3.25	3.1	3.11	126373	1.5	2043	兔 宝 宝	SZ	3.23	1.56	
1206	2009-07-21	5	5	4.78	4.82	45320	3.31	2044	江苏三友	SZ	5	3.43	
1203	2009-07-21	6.75	6.89	6.53	6.54	124121	4.06	2045	广州国光	SZ	6.8	4.22	
1203	2009-07-21	7.4	7.63	7.34	7.41	67211	3.53	2046	轴研科技	SZ	7.42	3.54	
1208	2009-07-21	3.71	3.71	3.47	3.51	129387	2.19	2047	成霖股份	SZ	3.71	2.32	
1202	2009-07-21	10.3	10.34	9.99	10.03	272218	9.66	2048	宁波华翔	SZ	10.28	9.9	
1175	2009-07-21	9.6	9.6	9.1	9.12	60409	8.95	2049	晶源电子	SZ	9.6	9.42	
1204	2009-07-21	8	8.01	7.82	7.85	78462	3.56	2050	三花股份	SZ	8	3.63	
1196	2009-07-21	5.95	5.95	5.68	5.7	158225	2.82	2052	同洲电子	SZ	5.94	2.94	
1205	2009-07-21	15.38	15.76	14.99	15	81617	14.87	2053	云南盐化	SZ	15.37	15.24	
1208	2009-07-21	8.84	9.06	8.71	8.83	96299	3.75	2054	德美化工	SZ	8.83	3.76	
1202	2009-07-21	4.57	4.57	4.36	4.37	113747	2.14	2055	得润电子	SZ	4.57	2.24	
1206	2009-07-21	12.65	12.69	12.21	12.25	109151	12.17	2056	横店东磁	SZ	12.6	12.52	
1207	2009-07-21	10.25	10.33	9.7	9.75	21735	9.73	2057	中钢天源	SZ	10.33	10.31	
1198	2009-07-21	5.52	5.58	5.35	5.36	47680	2.27	2058	威 尔 泰	SZ	5.56	2.35	
1181	2009-07-21	11.01	11.09	10.57	10.59	42287	10.49	2059	云南旅游	SZ	11	10.89	
1201	2009-07-21	5.65	5.69	5.49	5.51	114934	3.7	2060	粤 水 电	SZ	5.66	3.8	
1197	2009-07-21	8.85	8.86	8.54	8.58	37616	5.64	2061	江山化工	SZ	8.76	5.76	
1206	2009-07-21	16.21	16.48	16	16.04	57028	8.72	2062	宏润建设	SZ	16.21	8.81	
1206	2009-07-21	7.09	7.15	6.72	6.73	203261	2.97	2063	远光软件	SZ	6.98	3.08	
1209	2009-07-21	5.3	5.66	5.3	5.47	197735	2.68	2064	华峰氨纶	SZ	5.35	2.62	
1181	2009-07-21	10.45	10.49	9.95	9.97	49562	6.19	2065	东华软件	SZ	10.46	6.5	
1209	2009-07-21	7.45	7.68	7.41	7.43	45564	3.49	2066	瑞泰科技	SZ	7.45	3.5	
1200	2009-07-21	3.39	3.45	3.17	3.22	280979	1.57	2067	景兴纸业	SZ	3.39	1.65	
1200	2009-07-21	4.67	4.81	4.59	4.59	107034	2.16	2068	黑猫股份	SZ	4.63	2.18	
1201	2009-07-21	8.69	8.78	8.2	8.23	105523	2.53	2069	獐 子 岛	SZ	8.72	2.68	
1205	2009-07-21	3.36	3.36	3.24	3.24	107416	1.47	2070	众和股份	SZ	3.36	1.52	
1203	2009-07-21	5.9	5.9	5.63	5.63	29889	3.73	2071	江苏宏宝	SZ	5.89	3.9	
1197	2009-07-21	8.19	8.25	8	8.09	36301	8.09	2072	*ST德棉	SZ	8.23	8.23	
1206	2009-07-21	10.53	10.61	10.17	10.22	113616	4.48	2073	软控股份	SZ	10.62	4.65	
1205	2009-07-21	6.72	6.73	6.41	6.42	89035	3.5	2074	东源电器	SZ	6.67	3.64	
1204	2009-07-21	9.55	9.55	9.08	9.14	36695	8.76	2076	雪 莱 特	SZ	9.55	9.16	
1188	2009-07-21	8.97	9.01	8.59	8.59	69332	8.49	2077	大港股份	SZ	9.04	8.93	
1202	2009-07-21	7.72	7.76	7.18	7.22	156453	3.44	2078	太阳纸业	SZ	7.72	3.68	
1200	2009-07-21	3.55	3.57	3.3	3.32	250349	1.39	2079	苏州固锝	SZ	3.57	1.49	
1203	2009-07-21	14.45	14.48	13.85	13.89	34374	6.66	2080	中材科技	SZ	14.38	6.9	
1202	2009-07-21	4.06	4.09	3.89	3.91	86769	0.75	2081	金 螳 螂	SZ	4.05	0.78	
1206	2009-07-21	10.3	10.35	9.49	9.55	121573	9.06	2082	栋梁新材	SZ	10.28	9.76	
1209	2009-07-21	11.05	11.07	10.35	10.42	303612	10.29	2083	孚日股份	SZ	11.04	10.9	
1207	2009-07-21	5.02	5.04	4.73	4.75	64100	2.6	2084	海鸥卫浴	SZ	4.99	2.74	
1181	2009-07-21	9.25	9.25	8.93	9.01	29260	7.91	2085	万丰奥威	SZ	9.26	8.13	
1207	2009-07-21	10.24	10.27	9.84	9.85	86113	9.7	2086	东方海洋	SZ	10.23	10.07	
1202	2009-07-21	4.09	4.11	3.89	3.91	123245	2.74	2087	新野纺织	SZ	4.1	2.88	
1206	2009-07-21	17.85	17.93	17.3	17.31	33195	16.76	2088	鲁阳股份	SZ	17.95	17.38	
1204	2009-07-21	7.09	7.16	6.68	6.7	183640	3.57	2089	新 海 宜	SZ	6.97	3.72	
1149	2009-07-21	9.98	9.98	9.45	9.45	36643	4.56	2090	金智科技	SZ	9.88	4.76	
1209	2009-07-21	12.67	12.78	12.2	12.25	69626	7.95	2091	江苏国泰	SZ	12.73	8.26	
1196	2009-07-21	10.06	10.53	9.87	10.02	380986	6.31	2092	中泰化学	SZ	9.98	6.29	
1204	2009-07-21	5.67	5.7	5.32	5.33	144962	1.77	2093	国脉科技	SZ	5.62	1.87	
1207	2009-07-21	6.1	6.1	5.94	6.01	44830	4	2094	青岛金王	SZ	6.12	4.07	
1210	2009-07-21	16.06	16.08	15.11	15.14	25778	8.2	2095	生 意 宝	SZ	15.89	8.61	
1180	2009-07-21	8.4	8.43	8.05	8.05	64279	3.87	2096	南岭民爆	SZ	8.39	4.03	
1206	2009-07-21	12.66	12.73	11.87	12	123369	7.91	2097	山河智能	SZ	12.63	8.33	
1202	2009-07-21	9.33	9.42	9.01	9.05	53360	8.42	2098	浔兴股份	SZ	9.33	8.68	
1201	2009-07-21	4.59	4.59	4.41	4.41	90956	2.1	2099	海翔药业	SZ	4.59	2.19	
1217	2009-07-21	8.47	9.31	8.47	9.1	620276	5.85	21	长城开发	SZ	8.47	5.45	
1199	2009-07-21	9.32	9.38	9.05	9.07	35140	5.25	2100	天康生物	SZ	9.34	5.41	
1196	2009-07-21	8.02	8.43	7.82	8	50755	3.88	2101	广东鸿图	SZ	8.1	3.93	
1198	2009-07-21	3.72	3.72	3.5	3.53	145981	1.76	2102	冠福家用	SZ	3.72	1.84	
1207	2009-07-21	8.4	8.68	8.31	8.54	102921	8.05	2103	广博股份	SZ	8.4	7.92	
1207	2009-07-21	10.48	10.5	9.9	9.98	78890	9.8	2104	恒宝股份	SZ	10.4	10.21	
1204	2009-07-21	6.68	6.72	6.38	6.42	47271	6.08	2105	信隆实业	SZ	6.67	6.32	
1209	2009-07-21	8.73	8.79	8.34	8.35	92187	4.45	2106	莱宝高科	SZ	8.7	4.64	
1206	2009-07-21	32.5	33.1	31.5	31.63	46993	31.63	2107	沃华医药	SZ	33.05	33.05	
1200	2009-07-21	6.59	6.62	6.33	6.37	63391	2.02	2108	沧州明珠	SZ	6.6	2.1	
1204	2009-07-21	10.7	10.73	10.12	10.17	207789	9.67	2109	兴化股份	SZ	10.74	10.22	
1199	2009-07-21	17.53	18.03	16.81	16.91	34332	16.73	2110	三钢闽光	SZ	17.61	17.43	
1205	2009-07-21	6.25	6.32	6.02	6.03	68789	3.3	2112	三变科技	SZ	6.27	3.43	
1189	2009-07-21	8.52	8.53	8.1	8.12	49461	8.12	2113	ST天润	SZ	8.54	8.54	
1208	2009-07-21	16.85	16.98	15.5	15.68	190869	15.68	2114	罗平锌电	SZ	16.05	16.05	
1200	2009-07-21	6.59	6.59	6.26	6.29	121802	2.05	2115	三维通信	SZ	6.59	2.15	
1206	2009-07-21	10.39	10.56	10.26	10.42	31637	5.25	2116	中国海诚	SZ	10.49	5.29	
1199	2009-07-21	9.6	9.61	9.34	9.34	22378	5.28	2117	东港股份	SZ	9.6	5.43	
1160	2009-07-21	4.85	5.14	4.75	4.95	227239	1.46	2118	紫鑫药业	SZ	4.81	1.41	
1198	2009-07-21	6.97	6.98	6.65	6.67	53108	6.57	2119	康强电子	SZ	6.95	6.85	
1143	2009-07-21	9.21	9.24	8.9	9	37963	8.81	2120	新海股份	SZ	9.24	9.04	
1202	2009-07-21	10.95	11.47	10.95	11.31	195198	7.46	2121	科陆电子	SZ	10.93	7.21	
1209	2009-07-21	15.85	15.94	15.25	15.27	141246	7.33	2122	天马股份	SZ	15.78	7.58	
1208	2009-07-21	14.29	14.51	13.86	13.89	62921	6.17	2123	荣信股份	SZ	14.28	6.35	
1207	2009-07-21	9.52	9.54	9.07	9.11	40325	5.77	2124	天邦股份	SZ	9.54	6.04	
1194	2009-07-21	7.53	7.53	7.06	7.07	23191	4.4	2125	湘潭电化	SZ	7.53	4.69	
1202	2009-07-21	5.35	5.36	5.07	5.08	53604	1.91	2126	银轮股份	SZ	5.31	1.99	
1204	2009-07-21	4.66	4.74	4.51	4.53	49831	2.32	2127	新民科技	SZ	4.66	2.39	
1207	2009-07-21	31.7	31.7	30.01	30.2	194741	28.17	2128	露天煤业	SZ	31.63	29.5	
1198	2009-07-21	6.47	6.49	6.19	6.2	196046	4.13	2129	中环股份	SZ	6.51	4.34	
1199	2009-07-21	5.64	6	5.56	5.8	234015	1.92	2130	沃尔核材	SZ	5.71	1.89	
1121	2009-07-21	8.66	8.95	8.34	8.35	69868	4.15	2131	利欧股份	SZ	8.55	4.25	
1200	2009-07-21	5.65	5.66	5.4	5.46	137747	2.65	2132	恒星科技	SZ	5.77	2.8	
1201	2009-07-21	8.72	9.24	8.61	8.9	168217	6.74	2133	广宇集团	SZ	8.82	6.69	
1208	2009-07-21	7.11	7.12	6.73	6.75	80899	6.75	2134	天津普林	SZ	7.11	7.11	
1203	2009-07-21	4.41	4.41	4.21	4.22	86324	1.52	2135	东南网架	SZ	4.4	1.58	
1201	2009-07-21	5.55	5.59	5.32	5.34	32726	2.65	2136	安 纳 达	SZ	5.55	2.75	
1204	2009-07-21	5.27	5.27	5.02	5.04	80137	3.02	2137	实 益 达	SZ	5.25	3.14	
1204	2009-07-21	6.45	6.45	6.07	6.1	73289	2.65	2138	顺络电子	SZ	6.42	2.79	
1201	2009-07-21	10.97	11.01	10.42	10.53	66870	5.44	2139	拓邦股份	SZ	10.97	5.67	
1208	2009-07-21	8.78	8.86	8.5	8.5	12921	2.64	2140	东华科技	SZ	8.86	2.75	
1168	2009-07-21	5.59	5.62	5.32	5.34	58542	3.32	2141	蓉胜超微	SZ	5.58	3.47	
1204	2009-07-21	13.12	13.34	12.82	12.83	260252	11.9	2142	宁波银行	SZ	13.09	12.14	
1198	2009-07-21	9.05	9.05	8.7	8.82	47710	6.69	2143	高金食品	SZ	9	6.83	
1198	2009-07-21	11.9	12.68	11.81	12.05	73990	11.67	2144	宏达高科	SZ	11.7	11.33	
1114	2009-07-21	8.97	9.07	8.63	8.64	47453	8.64	2145	*ST钛白	SZ	8.94	8.94	
1199	2009-07-21	9.65	9.89	9.35	9.4	147953	5.02	2146	荣盛发展	SZ	9.75	5.21	
1206	2009-07-21	12.71	12.72	12.28	12.35	34098	11.8	2147	方圆支承	SZ	12.68	12.12	
1206	2009-07-21	9.74	10.27	9	9.06	139276	2.89	2148	北纬通信	SZ	9.6	3.06	
1204	2009-07-21	43	43.01	39.64	40.5	57911	39.8	2149	西部材料	SZ	43.86	43.1	
1209	2009-07-21	5.9	5.92	5.68	5.69	35911	2.21	2150	江苏通润	SZ	5.9	2.3	
1195	2009-07-21	19.28	19.61	18.33	18.35	54992	9.92	2151	北斗星通	SZ	19.71	10.65	
1210	2009-07-21	13.28	13.43	12.97	13.24	72722	5.68	2152	广电运通	SZ	13.26	5.69	
1208	2009-07-21	27.11	27.12	25.65	26.14	26063	18.46	2153	石基信息	SZ	27.22	19.22	
1197	2009-07-21	6.82	7.1	6.74	7.09	76136	3.33	2154	报 喜 鸟	SZ	6.8	3.2	
1206	2009-07-21	13.02	13.16	12.16	12.36	547259	6.59	2155	辰州矿业	SZ	12.84	6.84	
1205	2009-07-21	5.09	5.09	4.88	4.89	64392	3	2156	通富微电	SZ	5.09	3.12	
1207	2009-07-21	5.79	5.81	5.56	5.57	78437	3.43	2157	正邦科技	SZ	5.78	3.55	
1209	2009-07-21	8.39	8.39	8.05	8.06	28505	4.91	2158	汉钟精机	SZ	8.39	5.11	
1205	2009-07-21	8.36	8.4	8.02	8.03	48076	7.94	2159	三特索道	SZ	8.38	8.28	
1205	2009-07-21	7.32	7.65	7.21	7.28	183372	2.68	2161	远 望 谷	SZ	7.27	2.68	
1208	2009-07-21	7.43	7.43	6.92	6.96	80249	6.28	2162	斯 米 克	SZ	7.35	6.63	
1193	2009-07-21	4.8	4.8	4.42	4.44	302696	1.43	2163	中航三鑫	SZ	4.83	1.56	
1206	2009-07-21	8.24	8.39	7.95	7.97	61796	3.87	2164	东力传动	SZ	8.2	3.98	
1206	2009-07-21	6.51	6.51	6.15	6.2	100225	2.08	2165	红 宝 丽	SZ	6.5	2.18	
1200	2009-07-21	22.66	23.05	22	22.5	83817	11.25	2166	莱茵生物	SZ	23.04	11.52	
1202	2009-07-21	6.18	6.37	5.9	6.33	175265	1.19	2167	东方锆业	SZ	6.11	1.15	
1202	2009-07-21	4.79	4.83	4.6	4.6	179247	1.27	2168	深圳惠程	SZ	4.79	1.32	
1203	2009-07-21	10.75	10.77	10.27	10.29	59531	6.84	2169	智光电气	SZ	10.73	7.13	
1204	2009-07-21	4.27	4.31	4	4	189205	1.64	2170	芭田股份	SZ	4.26	1.75	
1207	2009-07-21	17.4	17.4	15.95	16.02	92423	15.86	2171	精诚铜业	SZ	16.99	16.82	
1203	2009-07-21	6.51	7.13	6.44	6.98	245545	4.65	2172	澳洋科技	SZ	6.51	4.34	
1208	2009-07-21	7.43	7.43	7.09	7.09	44125	3.53	2173	山 下 湖	SZ	7.42	3.69	
1205	2009-07-21	10.95	11	10.5	10.51	28568	10.47	2174	梅 花 伞	SZ	10.88	10.84	
1179	2009-07-21	13.08	13.64	12.8	12.82	45066	12.61	2175	广陆数测	SZ	13.06	12.85	
1192	2009-07-21	3.54	3.54	3.36	3.38	149426	0.92	2176	江特电机	SZ	3.54	0.97	
1200	2009-07-21	4.52	4.52	4.3	4.31	125834	1.49	2177	御银股份	SZ	4.53	1.56	
1208	2009-07-21	8.17	8.21	7.74	7.78	55772	4.57	2178	延华智能	SZ	8.15	4.79	
1209	2009-07-21	13.27	13.4	12.4	12.53	99299	8.23	2179	中航光电	SZ	13.32	8.74	
1207	2009-07-21	10.43	10.43	10.03	10.08	34841	6.57	2180	万 力 达	SZ	10.4	6.78	
1149	2009-07-21	12.23	12.4	11.71	12	78202	11.84	2181	粤 传 媒	SZ	12.29	12.12	
1204	2009-07-21	11.03	11.21	10.59	10.6	138837	6.96	2182	云海金属	SZ	11.21	7.35	
1189	2009-07-21	7.11	7.21	6.76	6.78	127936	2.89	2183	怡 亚 通	SZ	7.13	3.03	
1209	2009-07-21	10.43	10.44	10.03	10.1	47276	9.86	2184	海得控制	SZ	10.39	10.14	
1204	2009-07-21	3.28	3.29	3.15	3.17	174728	1.48	2185	华天科技	SZ	3.27	1.53	
1208	2009-07-21	15.5	15.9	14.83	15.03	40416	6.64	2186	全 聚 德	SZ	15.5	6.85	
1205	2009-07-21	15.39	15.39	14.93	14.99	10769	7.7	2187	广百股份	SZ	15.33	7.88	
1162	2009-07-21	6.98	7	6.68	6.69	51063	5.12	2188	新 嘉 联	SZ	6.96	5.33	
1207	2009-07-21	8.31	8.38	7.93	7.99	63602	7.96	2189	利达光电	SZ	8.36	8.33	
1188	2009-07-21	6.27	6.27	6.05	6.08	63968	2.89	2190	成飞集成	SZ	6.34	3.01	
1205	2009-07-21	12.36	12.45	11.97	12	65981	10.96	2191	劲嘉股份	SZ	12.38	11.31	
1204	2009-07-21	18.37	18.7	17.09	17.45	22726	17.42	2192	路翔股份	SZ	18.38	18.34	
1209	2009-07-21	10.7	10.75	10.42	10.43	39865	10.35	2193	山东如意	SZ	10.74	10.66	
1209	2009-07-21	18.85	19.12	18.2	18.55	80367	16.9	2194	武汉凡谷	SZ	18.85	17.17	
1209	2009-07-21	14.51	14.51	13.33	13.45	44160	8.72	2195	海隆软件	SZ	14.57	9.45	
1203	2009-07-21	10.46	10.46	9.89	10.11	34269	6.44	2196	方正电机	SZ	10.35	6.59	
1203	2009-07-21	13.75	13.92	13	13.12	35661	8	2197	证通电子	SZ	13.75	8.38	
1205	2009-07-21	3.13	3.15	3.05	3.09	88769	0.61	2198	嘉应制药	SZ	3.09	0.61	
1204	2009-07-21	8.09	8.13	7.92	7.98	37729	3.97	2199	东晶电子	SZ	8.1	4.03	
1224	2009-07-21	15.63	15.63	14.9	14.93	71570	13.3	22	深赤湾Ａ	SZ	15.44	13.75	
1178	2009-07-21	23.1	23.6	22.28	22.33	42932	22.33	2200	绿 大 地	SZ	22.71	22.71	
1168	2009-07-21	7.33	7.33	7.04	7.04	54910	4.12	2201	九鼎新材	SZ	7.28	4.26	
1204	2009-07-21	20.75	20.79	19.63	19.77	525986	11.64	2202	金风科技	SZ	20.73	12.2	
1207	2009-07-21	10.53	10.57	9.82	9.88	105370	6.25	2203	海亮股份	SZ	10.48	6.63	
1180	2009-07-21	12.02	12.09	11.55	11.56	65626	4.92	2204	华锐铸钢	SZ	12	5.11	
1203	2009-07-21	15.09	15.15	14.47	14.48	13629	14.3	2205	国统股份	SZ	15.07	14.88	
1201	2009-07-21	8.88	9.25	8.84	8.89	60631	2.57	2206	海 利 得	SZ	8.93	2.58	
1203	2009-07-21	25.95	25.98	24.52	24.62	22856	24.44	2207	准油股份	SZ	25.78	25.59	
1206	2009-07-21	9.11	9.16	8.8	8.89	46068	5.8	2209	达 意 隆	SZ	9.15	5.97	
1207	2009-07-21	5.08	5.11	4.85	4.87	55240	2.42	2210	飞马国际	SZ	5.08	2.53	
1203	2009-07-21	7.19	7.19	6.67	6.73	75648	4.47	2211	宏达新材	SZ	7.19	4.78	
1199	2009-07-21	8.9	8.97	8.52	8.55	85932	3.98	2212	南洋股份	SZ	8.91	4.15	
1207	2009-07-21	5.14	5.24	5	5.03	65466	2.48	2213	特 尔 佳	SZ	5.24	2.58	
1184	2009-07-21	9.7	9.74	9.4	9.43	38487	4.56	2214	大立科技	SZ	9.63	4.66	
1199	2009-07-21	8.34	8.37	7.98	8.04	134902	3.14	2215	诺 普 信	SZ	7.62	2.98	
1203	2009-07-21	10.24	10.25	9.85	9.89	53630	4.73	2216	三全食品	SZ	10.24	4.9	
1206	2009-07-21	7.15	7.25	6.95	6.97	120292	4.5	2217	联合化工	SZ	7.13	4.6	
1203	2009-07-21	21.61	21.77	20.67	20.73	131384	13.44	2218	拓日新能	SZ	21.78	14.12	
1205	2009-07-21	7.01	7.22	6.96	7.07	117695	1.74	2219	独 一 味	SZ	7.01	1.72	
1204	2009-07-21	4.94	4.94	4.69	4.69	98460	1.13	2220	天宝股份	SZ	4.96	1.19	
1200	2009-07-21	4.76	4.76	4.55	4.55	142385	2.24	2221	东华能源	SZ	4.76	2.34	
1209	2009-07-21	6.23	6.23	5.93	5.96	72181	3.71	2222	福晶科技	SZ	6.2	3.86	
1207	2009-07-21	8.07	8.27	7.84	7.85	77021	2.32	2223	鱼跃医疗	SZ	8.13	2.41	
1205	2009-07-21	5.5	5.53	5.27	5.31	36046	1.88	2224	三 力 士	SZ	5.51	1.95	
1197	2009-07-21	5.98	5.98	5.65	5.68	84903	4.25	2225	濮耐股份	SZ	5.97	4.47	
1178	2009-07-21	9.9	10	9.62	9.67	47677	3.01	2226	江南化工	SZ	9.93	3.09	
1208	2009-07-21	22.56	22.6	21.8	21.81	27046	21.49	2227	奥 特 迅	SZ	22.55	22.22	
1198	2009-07-21	8.89	8.89	8.44	8.48	88654	5.08	2228	合兴包装	SZ	8.9	5.33	
1203	2009-07-21	6.93	6.97	6.57	6.67	57574	1.94	2229	鸿博股份	SZ	6.9	2	
1208	2009-07-21	4.69	4.88	4.5	4.51	85555	1.39	2231	奥维通信	SZ	4.75	1.46	
1199	2009-07-21	13.11	13.11	12.25	12.34	91224	8.71	2232	启明信息	SZ	13.06	9.22	
1204	2009-07-21	9.16	9.16	8.65	8.81	140025	4.22	2233	塔牌集团	SZ	9.16	4.39	
1203	2009-07-21	7.76	7.76	7.5	7.51	47989	3.49	2234	民和股份	SZ	7.7	3.58	
1202	2009-07-21	10.05	10.06	9.48	9.54	53011	7.11	2235	安妮股份	SZ	10.07	7.5	
1205	2009-07-21	3.34	3.36	3.23	3.25	116951	0.19	2236	大华股份	SZ	3.35	0.2	
1202	2009-07-21	29.85	30.33	28.62	28.71	122270	14.16	2237	恒邦股份	SZ	29.4	14.49	
1205	2009-07-21	12.75	13.18	12.69	12.74	117334	10.43	2238	天威视讯	SZ	12.69	10.39	
1201	2009-07-21	9.23	9.23	8.7	8.72	49234	8.64	2239	金 飞 达	SZ	9.23	9.14	
1208	2009-07-21	6.48	6.48	6.2	6.23	75979	3.89	2240	威华股份	SZ	6.44	4.02	
1200	2009-07-21	3.13	3.14	3.01	3.03	273766	0.54	2241	歌尔声学	SZ	3.13	0.55	
1206	2009-07-21	20.1	20.22	19.2	19.29	103876	10.03	2242	九阳股份	SZ	20.09	10.44	
1201	2009-07-21	15.81	16.15	14.86	14.91	63219	14.44	2243	通产丽星	SZ	15.86	15.36	
1208	2009-07-21	16.75	17.16	16.47	16.64	130975	16.25	2244	滨江集团	SZ	16.82	16.42	
1204	2009-07-21	4.32	4.4	4.27	4.28	93698	1.39	2245	澳洋顺昌	SZ	4.31	1.4	
1161	2009-07-21	14.56	14.73	13.75	13.78	37306	13.36	2246	北化股份	SZ	14.52	14.08	
1208	2009-07-21	6.88	6.94	6.67	6.71	55293	2.05	2247	帝龙新材	SZ	6.9	2.1	
1198	2009-07-21	12.82	12.89	12.52	12.53	49850	6.2	2248	华东数控	SZ	12.78	6.32	
1202	2009-07-21	13.06	13.29	12.47	12.54	175955	4.52	2249	大洋电机	SZ	13.14	4.74	
1197	2009-07-21	6.62	6.92	6.53	6.77	167659	1.76	2250	联化科技	SZ	6.54	1.7	
1207	2009-07-21	15.25	15.4	14.62	14.64	87753	6.91	2251	步 步 高	SZ	15.25	7.19	
1206	2009-07-21	9.01	9.06	8.78	8.79	59085	2.76	2252	上海莱士	SZ	8.99	2.83	
1204	2009-07-21	17.07	17.12	15.55	15.94	91872	7.8	2253	川大智胜	SZ	16.76	8.2	
1209	2009-07-21	8.88	9.26	8.85	8.93	102662	2.53	2254	烟台氨纶	SZ	8.91	2.52	
1205	2009-07-21	13.95	15.3	13.77	15.3	119764	7.41	2255	海陆重工	SZ	13.9	6.74	
1099	2009-07-21	6.52	6.57	6.22	6.22	59971	3.42	2256	彩虹精化	SZ	6.52	3.58	
1185	2009-07-21	24.53	25.62	24	25.62	144444	16.55	2258	利尔化学	SZ	23.29	15.05	
1204	2009-07-21	3.27	3.27	3.1	3.11	167565	1.22	2259	升达林业	SZ	3.26	1.28	
1203	2009-07-21	8.55	8.56	8.21	8.3	34247	8.09	2260	伊 立 浦	SZ	8.53	8.31	
1201	2009-07-21	12.23	12.9	12.11	12.43	80020	4.82	2261	拓维信息	SZ	12.43	4.82	
1208	2009-07-21	8.54	8.74	8.34	8.46	96915	5.15	2262	恩华药业	SZ	8.41	5.12	
1204	2009-07-21	6.71	6.72	6.3	6.31	137551	5.06	2263	大 东 南	SZ	6.71	5.38	
1202	2009-07-21	7.2	7.44	7.06	7.1	47115	1.42	2264	新 华 都	SZ	7.2	1.44	
1205	2009-07-21	8.89	8.89	8.35	8.4	70525	8.38	2265	西仪股份	SZ	8.89	8.87	
1199	2009-07-21	3.63	3.63	3.54	3.54	160696	0.38	2266	浙富股份	SZ	3.63	0.39	
1208	2009-07-21	10	10.05	9.54	9.57	177627	4.35	2267	陕天然气	SZ	9.98	4.54	
1209	2009-07-21	10.54	10.55	10.06	10.1	25937	4.64	2268	卫 士 通	SZ	10.61	4.88	
1207	2009-07-21	20.25	20.52	19.8	19.82	47805	17.61	2269	美邦服饰	SZ	20.26	18	
1207	2009-07-21	13.07	13.2	12.56	12.56	28455	9.26	2270	法因数控	SZ	13.02	9.6	
1199	2009-07-21	6.7	6.78	6.43	6.46	61128	1.55	2271	东方雨虹	SZ	6.7	1.61	
1206	2009-07-21	6.88	6.88	6.63	6.65	65359	2.12	2272	川润股份	SZ	6.92	2.21	
1204	2009-07-21	6.24	6.24	5.96	5.97	97782	1.4	2273	水晶光电	SZ	6.27	1.47	
1204	2009-07-21	17.31	17.5	16.38	16.46	75809	12.58	2274	华昌化工	SZ	17.41	13.3	
1206	2009-07-21	25.29	25.29	24.45	24.48	64024	16.68	2275	桂林三金	SZ	25.31	17.25	
1187	2009-07-21	14.77	14.77	13.78	14	205660	7.58	2276	万马电缆	SZ	14.77	7.99	
1207	2009-07-21	9.22	9.43	9.18	9.28	64969	9.03	23	深天地Ａ	SZ	9.2	8.95	
1224	2009-07-21	10.8	10.8	9.83	9.97	57721	9.97	25	特 力Ａ	SZ	10.7	10.7	
1224	2009-07-21	6.94	7.32	6.79	7.07	130306	4.87	26	飞亚达Ａ	SZ	6.94	4.78	
1220	2009-07-21	11.5	11.52	10.85	10.91	313265	8.56	27	深圳能源	SZ	11.46	8.99	
1204	2009-07-21	19.09	19.09	18.75	18.85	16627	18.54	28	一致药业	SZ	19.03	18.72	
1200	2009-07-21	6.14	6.3	6.05	6.14	262821	6.14	29	深深房Ａ	SZ	6.11	6.11	
901	2009-07-21	6.64	6.65	6.35	6.36	44740	6.36	30	*ST盛润A	SZ	6.68	6.68	
1222	2009-07-21	6.91	7.17	6.8	6.92	391648	6.66	301	东方市场	SZ	6.9	6.64	
1224	2009-07-21	14.61	15.15	14.31	14.63	726893	14.35	31	中粮地产	SZ	14.72	14.44	
1223	2009-07-21	8.44	8.47	8.05	8.1	101684	7.88	32	深桑达Ａ	SZ	8.4	8.17	
1218	2009-07-21	6.08	6.1	5.73	5.74	197236	5.74	33	新都酒店	SZ	6.08	6.08	
1208	2009-07-21	17.72	17.73	17.23	17.24	100000	6.79	338	潍柴动力	SZ	17.76	6.99	
1025	2009-07-21	6.49	6.65	6.4	6.44	40518	6.44	34	ST深泰	SZ	6.49	6.49	
1215	2009-07-21	5.03	5.18	4.9	4.91	57095	3.9	35	*ST科健	SZ	5.11	4.06	
1225	2009-07-21	5.85	5.86	5.56	5.62	203315	5.62	36	华联控股	SZ	5.85	5.85	
1218	2009-07-21	6.4	6.46	6.13	6.16	71829	6.16	37	深南电Ａ	SZ	6.4	6.4	
1223	2009-07-21	11.47	11.59	11	11.03	336059	10.28	39	中集集团	SZ	11.45	10.67	
1161	2009-07-21	8.83	8.94	8.65	8.68	20285	8.68	4	ST国农	SZ	8.77	8.77	
1168	2009-07-21	7.85	7.95	7.75	7.78	94811	7.66	40	深 鸿 基	SZ	7.86	7.74	
1224	2009-07-21	16.75	16.75	15.92	15.96	228675	12.12	400	许继电气	SZ	16.83	12.78	
1222	2009-07-21	16.35	16.85	15.77	16.6	214131	16.42	401	冀东水泥	SZ	16.36	16.18	
