1131	2009-11-18	16.29	16.38	16.02	16.13	291103	9.85	1	深发展Ａ	SZ	16.27	9.93	
746	2009-11-18	2.81	2.92	2.78	2.85	148165	0.71	10	S ST华新	SZ	2.8	0.7	
1105	2009-11-18	2.49	2.52	2.38	2.52	6267452	1.19	100	TCL 集团	SZ	2.29	1.08	
1138	2009-11-18	12.35	12.36	12.05	12.17	110726	11.06	11	深物业A	SZ	12.35	11.21	
1131	2009-11-18	10.84	10.86	10.58	10.65	342949	5.6	12	南 玻Ａ	SZ	10.84	5.71	
1137	2009-11-18	17.4	17.55	17.08	17.16	38191	16.97	14	沙河股份	SZ	17.47	17.28	
1138	2009-11-18	8.28	8.36	8.15	8.24	85856	8.24	150	宜华地产	SZ	8.32	8.32	
1137	2009-11-18	9.46	9.51	9.28	9.39	72677	9.31	151	中成股份	SZ	9.52	9.44	
1139	2009-11-18	7.52	8.27	7.3	8	274240	7.92	153	丰原药业	SZ	7.56	7.48	
1138	2009-11-18	9.02	9.09	8.81	9.09	82009	9.03	155	川化股份	SZ	9.02	8.96	
1129	2009-11-18	8.73	8.8	8.61	8.62	353012	2.36	157	中联重科	SZ	8.72	2.38	
1122	2009-11-18	7.19	7.41	7.19	7.3	195009	7.28	158	常山股份	SZ	7.19	7.17	
1104	2009-11-18	8.7	9.1	8.7	8.77	216142	4.13	159	国际实业	SZ	8.7	4.09	
1137	2009-11-18	6.78	6.83	6.52	6.58	247578	6.52	16	深康佳Ａ	SZ	6.71	6.65	
1114	2009-11-18	9.25	9.33	9.09	9.12	75895	5.01	1696	宗申动力	SZ	9.25	5.07	
1138	2009-11-18	9.75	9.88	9.5	9.79	23025	9.79	18	ST中冠A	SZ	9.79	9.79	
1128	2009-11-18	7.89	8.19	7.89	8.01	100529	8.01	1896	*ST豫能	SZ	7.81	7.81	
1079	2009-11-18	8.8	9	8.74	8.89	27283	8.67	19	深深宝Ａ	SZ	8.8	8.58	
1138	2009-11-18	12.19	12.25	12.1	12.14	1313831	11.03	2	万 科Ａ	SZ	12.18	11.07	
1136	2009-11-18	8.1	8.14	7.95	8.03	31610	8.03	20	深华发Ａ	SZ	8.08	8.08	
1116	2009-11-18	24.51	25.08	24.35	25.08	72173	11.6	2001	新 和 成	SZ	24.51	11.34	
1085	2009-11-18	11.5	11.6	11.41	11.44	21582	11.44	2002	ST琼花	SZ	11.53	11.53	
1109	2009-11-18	28.05	28.14	27.69	28.01	18519	17.85	2003	伟星股份	SZ	28.03	17.86	
1115	2009-11-18	12.4	12.63	12.2	12.44	22933	3.93	2004	华邦制药	SZ	12.46	3.94	
1110	2009-11-18	7.42	7.42	7.14	7.22	217197	3.58	2005	德豪润达	SZ	7.4	3.66	
1104	2009-11-18	5.43	5.5	5.28	5.38	217872	1.78	2006	精功科技	SZ	5.47	1.81	
1117	2009-11-18	39.33	39.33	38.38	38.64	132401	23.77	2007	华兰生物	SZ	39.06	24.03	
1121	2009-11-18	6.23	6.25	6.05	6.09	238045	3.88	2008	大族激光	SZ	6.2	3.95	
1116	2009-11-18	11.23	11.7	11.19	11.49	122018	11.45	2009	天奇股份	SZ	11.22	11.18	
1115	2009-11-18	7.43	7.5	7.27	7.36	114582	3.56	2010	传化股份	SZ	7.42	3.58	
1119	2009-11-18	8.71	8.99	8.65	8.82	95712	4.14	2011	盾安环境	SZ	8.73	4.09	
1120	2009-11-18	5.43	5.53	5.34	5.43	122759	2.59	2012	凯恩股份	SZ	5.42	2.58	
1095	2009-11-18	6.41	6.46	6.33	6.35	73442	2.86	2013	中航精机	SZ	6.45	2.91	
1120	2009-11-18	8.33	8.5	8.25	8.43	46674	3.67	2014	永新股份	SZ	8.35	3.64	
1110	2009-11-18	11.79	12.12	11.62	11.95	106000	11.91	2015	霞客环保	SZ	11.99	11.95	
1117	2009-11-18	7.74	7.76	7.43	7.5	152149	5.27	2016	世荣兆业	SZ	7.71	5.42	
1100	2009-11-18	14.09	14.56	14.05	14.56	74343	12.8	2017	东信和平	SZ	14.35	12.61	
1129	2009-11-18	6.92	6.95	6.71	6.92	176482	3.9	2018	华星化工	SZ	6.89	3.88	
1122	2009-11-18	16.4	17.99	16.17	17.35	136533	17.25	2019	鑫富药业	SZ	16.35	16.26	
1119	2009-11-18	5.35	5.38	5.1	5.18	201445	2.5	2020	京新药业	SZ	4.97	2.39	
1118	2009-11-18	5.59	5.69	5.47	5.53	288561	4.21	2021	中捷股份	SZ	5.59	4.26	
1123	2009-11-18	23.06	23.9	22.78	23.75	215138	21.86	2022	科华生物	SZ	23.12	21.28	
1118	2009-11-18	12.48	12.81	12.29	12.78	60112	8.93	2023	海特高新	SZ	12.5	8.74	
1120	2009-11-18	12.35	12.59	12.29	12.47	425956	8.04	2024	苏宁电器	SZ	12.37	7.98	
1121	2009-11-18	11.73	11.92	11.66	11.83	59814	11.43	2025	航天电器	SZ	11.77	11.37	
1104	2009-11-18	5.39	5.42	5.3	5.34	36446	3.03	2026	山东威达	SZ	5.39	3.07	
1120	2009-11-18	6.25	6.27	6.17	6.22	67901	6.22	2027	七喜控股	SZ	6.23	6.23	
1123	2009-11-18	27.43	28	27.08	27.48	56831	25.95	2028	思源电气	SZ	27.35	25.83	
1118	2009-11-18	10.44	10.55	10.28	10.4	12031	4.42	2029	七 匹 狼	SZ	10.42	4.43	
1121	2009-11-18	11.74	11.93	11.62	11.81	235160	7.43	2030	达安基因	SZ	11.82	7.43	
1115	2009-11-18	7.97	8.02	7.79	7.85	78402	5.08	2031	巨轮股份	SZ	7.97	5.16	
1120	2009-11-18	15.56	15.57	15.21	15.57	13679	10.21	2032	苏 泊 尔	SZ	15.57	10.21	
1085	2009-11-18	11.04	11.23	10.95	11.06	30044	6.29	2033	丽江旅游	SZ	11.04	6.28	
1123	2009-11-18	12.89	12.97	12.51	12.68	25332	12.13	2034	美 欣 达	SZ	12.79	12.24	
1120	2009-11-18	9.14	9.5	9.02	9.3	131140	5.95	2035	华帝股份	SZ	9.23	5.9	
1124	2009-11-18	7.27	7.31	7.13	7.3	74291	7.14	2036	宜科科技	SZ	7.26	7.1	
1113	2009-11-18	9.4	9.59	9.17	9.51	72993	4.38	2037	久联发展	SZ	9.38	4.31	
1137	2009-11-18	24.13	25.14	23.73	25	33290	13.65	2038	双鹭药业	SZ	24.08	13.15	
1123	2009-11-18	18.2	18.8	18.13	18.26	19525	17.87	2039	黔源电力	SZ	18.12	17.73	
1120	2009-11-18	8.78	9.33	8.76	9.19	145361	9.06	2040	南 京 港	SZ	8.8	8.67	
1121	2009-11-18	15.4	15.85	15.35	15.76	76490	7.71	2041	登海种业	SZ	15.44	7.56	
1130	2009-11-18	5.75	5.88	5.7	5.77	69233	1.84	2042	华孚色纺	SZ	5.72	1.83	
1118	2009-11-18	3.4	3.54	3.38	3.47	163039	1.68	2043	兔 宝 宝	SZ	3.39	1.64	
1120	2009-11-18	6.49	6.63	6.34	6.51	98194	4.47	2044	江苏三友	SZ	6.53	4.49	
1117	2009-11-18	9.52	9.59	9.37	9.49	44331	5.89	2045	广州国光	SZ	9.52	5.91	
1118	2009-11-18	7.61	7.68	7.47	7.53	54961	3.64	2046	轴研科技	SZ	7.62	3.68	
1122	2009-11-18	4.86	4.9	4.78	4.84	86772	3.02	2047	成霖股份	SZ	4.88	3.05	
1119	2009-11-18	12.5	12.55	12.19	12.28	161383	11.83	2048	宁波华翔	SZ	12.46	12	
1089	2009-11-18	10.43	10.43	10.06	10.14	58028	9.95	2049	晶源电子	SZ	10.3	10.11	
1119	2009-11-18	11.18	11.5	11.06	11.28	29107	5.11	2050	三花股份	SZ	11.18	5.07	
1112	2009-11-18	8.97	9.01	8.8	8.91	59942	3.35	2051	中工国际	SZ	8.97	3.37	
1111	2009-11-18	5.79	6.05	5.78	5.93	246283	2.93	2052	同洲电子	SZ	5.78	2.86	
1119	2009-11-18	15.08	15.17	14.8	15.03	62257	14.9	2053	云南盐化	SZ	15.02	14.89	
1122	2009-11-18	13.32	14.02	13.26	13.93	188099	9.47	2054	德美化工	SZ	13.31	9.05	
1117	2009-11-18	7.7	7.71	7.53	7.68	30065	3.77	2055	得润电子	SZ	7.64	3.75	
1120	2009-11-18	15.51	15.53	14.83	14.96	119044	14.86	2056	横店东磁	SZ	15.55	15.45	
1121	2009-11-18	10.76	10.9	10.65	10.82	17114	10.79	2057	中钢天源	SZ	10.79	10.76	
1113	2009-11-18	6.76	6.77	6.57	6.63	48517	2.81	2058	威 尔 泰	SZ	6.77	2.86	
1095	2009-11-18	11.11	11.24	10.87	10.93	44862	10.83	2059	云南旅游	SZ	11.1	10.99	
1116	2009-11-18	5.8	5.96	5.79	5.85	135055	3.93	2060	粤 水 电	SZ	5.78	3.89	
1111	2009-11-18	10.42	10.62	10.34	10.6	74655	6.97	2061	江山化工	SZ	10.42	6.85	
1120	2009-11-18	15.83	15.96	15.74	15.82	48714	8.6	2062	宏润建设	SZ	15.88	8.63	
1120	2009-11-18	8.57	8.61	8.34	8.4	55434	3.71	2063	远光软件	SZ	8.56	3.78	
1123	2009-11-18	8.36	8.39	8.08	8.18	115699	4	2064	华峰氨纶	SZ	8.34	4.08	
1095	2009-11-18	13.49	13.78	13.32	13.43	36741	8.34	2065	东华软件	SZ	13.49	8.38	
1123	2009-11-18	8.09	8.15	7.91	8.11	47299	3.81	2066	瑞泰科技	SZ	7.89	3.7	
1114	2009-11-18	3.23	3.27	3.2	3.27	340793	1.59	2067	景兴纸业	SZ	3.23	1.57	
1114	2009-11-18	8.08	8.26	8.03	8.05	48768	3.79	2068	黑猫股份	SZ	8.15	3.83	
1115	2009-11-18	11	11.23	10.65	11.19	114785	3.44	2069	獐 子 岛	SZ	10.95	3.37	
1120	2009-11-18	3.54	3.58	3.5	3.55	83569	1.61	2070	众和股份	SZ	3.53	1.6	
1117	2009-11-18	5.95	5.99	5.8	5.81	54826	3.84	2071	江苏宏宝	SZ	5.96	3.95	
1111	2009-11-18	11.49	11.5	11.23	11.3	54896	11.3	2072	*ST德棉	SZ	11.48	11.48	
1120	2009-11-18	13.38	13.84	13.33	13.7	155132	9	2073	软控股份	SZ	13.38	8.79	
1119	2009-11-18	7.97	8.04	7.86	7.93	69868	4.33	2074	东源电器	SZ	7.97	4.35	
1118	2009-11-18	10.64	10.95	10.5	10.76	103754	10.32	2076	雪 莱 特	SZ	10.62	10.18	
1103	2009-11-18	8.11	8.12	7.97	8.05	48341	7.95	2077	大港股份	SZ	8.12	8.02	
1116	2009-11-18	9.6	9.7	9.46	9.58	90141	4.56	2078	太阳纸业	SZ	9.58	4.56	
1114	2009-11-18	3.45	3.47	3.38	3.42	152224	1.43	2079	苏州固锝	SZ	3.46	1.44	
1118	2009-11-18	18.52	18.65	18.07	18.47	17889	8.86	2080	中材科技	SZ	18.66	8.95	
1116	2009-11-18	5.12	5.13	5.04	5.08	87542	0.98	2081	金 螳 螂	SZ	5.14	0.99	
1120	2009-11-18	12.15	12.39	11.79	12.19	156711	11.57	2082	栋梁新材	SZ	12	11.39	
1123	2009-11-18	10.03	10.19	9.76	9.88	226953	9.76	2083	孚日股份	SZ	10.04	9.91	
1122	2009-11-18	6.92	6.98	6.81	6.89	58557	3.78	2084	海鸥卫浴	SZ	6.95	3.81	
1095	2009-11-18	10.32	10.36	10.03	10.13	35427	8.9	2085	万丰奥威	SZ	10.32	9.06	
1121	2009-11-18	10.76	10.98	10.61	10.97	146325	10.8	2086	东方海洋	SZ	10.78	10.61	
1116	2009-11-18	4.63	4.75	4.56	4.75	88331	3.33	2087	新野纺织	SZ	4.61	3.24	
1120	2009-11-18	24.05	24.05	23.3	23.85	17874	23.09	2088	鲁阳股份	SZ	24.03	23.26	
1118	2009-11-18	7.85	7.85	7.67	7.72	118428	4.11	2089	新 海 宜	SZ	7.85	4.19	
1063	2009-11-18	11.22	11.22	10.81	10.93	48050	5.27	2090	金智科技	SZ	11.14	5.37	
1123	2009-11-18	17.13	17.18	16.51	16.72	52629	10.85	2091	江苏国泰	SZ	17.19	11.16	
1111	2009-11-18	12.13	12.6	12.11	12.45	196740	7.84	2092	中泰化学	SZ	12.07	7.61	
1118	2009-11-18	5.28	5.32	5.2	5.25	85920	1.75	2093	国脉科技	SZ	5.27	1.75	
1121	2009-11-18	6.8	7.07	6.71	7.01	227601	4.66	2094	青岛金王	SZ	6.92	4.61	
1124	2009-11-18	16.61	16.93	16.42	16.77	19930	9.09	2095	生 意 宝	SZ	16.53	8.96	
1094	2009-11-18	12.3	13.35	12.29	13.12	124117	6.3	2096	南岭民爆	SZ	12.37	5.94	
1120	2009-11-18	12.45	12.77	12.4	12.55	83603	8.28	2097	山河智能	SZ	12.43	8.2	
1116	2009-11-18	10.42	10.5	10.18	10.32	33244	9.6	2098	浔兴股份	SZ	10.42	9.7	
1115	2009-11-18	4.85	5.09	4.78	5.03	170369	2.39	2099	海翔药业	SZ	4.84	2.3	
1132	2009-11-18	8.93	8.93	8.67	8.79	171520	5.65	21	长城开发	SZ	8.95	5.75	
1113	2009-11-18	12.14	12.53	12	12.53	37194	7.26	2100	天康生物	SZ	12.14	7.03	
1110	2009-11-18	10.64	10.64	10.29	10.4	26218	5.04	2101	广东鸿图	SZ	10.5	5.09	
1121	2009-11-18	8.96	9.06	8.8	8.86	40036	8.36	2103	广博股份	SZ	8.9	8.39	
1121	2009-11-18	15.48	15.65	15.09	15.2	87787	14.92	2104	恒宝股份	SZ	15.45	15.17	
1118	2009-11-18	6.94	7.04	6.85	6.96	45393	6.59	2105	信隆实业	SZ	6.95	6.58	
1123	2009-11-18	10.33	10.62	10.22	10.53	115606	5.61	2106	莱宝高科	SZ	10.35	5.51	
1120	2009-11-18	27.15	28.77	26.66	28.18	118765	28.18	2107	沃华医药	SZ	27.08	27.08	
1115	2009-11-18	9.48	9.54	9.35	9.51	42080	3.02	2108	沧州明珠	SZ	9.48	3.01	
1118	2009-11-18	11	11.39	10.98	11.08	192223	10.54	2109	兴化股份	SZ	10.99	10.45	
1113	2009-11-18	15.71	16.3	15.55	15.7	49595	15.54	2110	三钢闽光	SZ	15.77	15.61	
1113	2009-11-18	10.38	10.41	10.14	10.23	41669	5.53	2111	威海广泰	SZ	10.37	5.6	
1120	2009-11-18	8.11	8.21	8.03	8.11	60674	4.44	2112	三变科技	SZ	8.09	4.43	
1103	2009-11-18	9.13	9.27	9.02	9.17	45722	9.17	2113	ST天润	SZ	9.28	9.28	
1122	2009-11-18	18.1	18.68	17.75	18.02	51455	18.02	2114	罗平锌电	SZ	18.38	18.38	
1115	2009-11-18	7.6	7.7	7.5	7.59	85837	2.47	2115	三维通信	SZ	7.52	2.45	
1120	2009-11-18	12.39	12.51	12.26	12.28	33512	6.19	2116	中国海诚	SZ	12.52	6.31	
1113	2009-11-18	12.01	12.3	12.01	12.18	27994	6.89	2117	东港股份	SZ	12	6.79	
1074	2009-11-18	5.62	5.71	5.49	5.66	101592	1.66	2118	紫鑫药业	SZ	5.63	1.65	
1112	2009-11-18	8.08	8.19	7.95	8.06	53473	7.94	2119	康强电子	SZ	8.09	7.97	
1057	2009-11-18	9.7	9.73	9.52	9.63	41735	9.42	2120	新海股份	SZ	9.73	9.52	
1116	2009-11-18	12.89	12.98	12.63	12.79	84864	8.44	2121	科陆电子	SZ	12.91	8.52	
1123	2009-11-18	15.65	15.82	15.35	15.44	99915	7.41	2122	天马股份	SZ	15.69	7.53	
1122	2009-11-18	17.4	17.56	17.2	17.36	32505	7.71	2123	荣信股份	SZ	17.43	7.75	
1122	2009-11-18	9.43	9.43	9.2	9.37	59392	5.94	2124	天邦股份	SZ	9.4	5.95	
1112	2009-11-18	8.81	8.91	8.75	8.76	22975	5.46	2125	湘潭电化	SZ	8.87	5.52	
1116	2009-11-18	6.35	6.58	6.35	6.53	34460	2.45	2126	银轮股份	SZ	6.4	2.4	
1119	2009-11-18	6.3	6.34	6.2	6.21	114003	3.18	2127	新民科技	SZ	6.35	3.25	
1121	2009-11-18	28.77	30.07	28.7	28.99	166139	27.04	2128	露天煤业	SZ	28.46	26.55	
1113	2009-11-18	5.78	5.85	5.67	5.73	111448	3.82	2129	中环股份	SZ	5.78	3.85	
1114	2009-11-18	6.77	6.83	6.7	6.78	158278	2.25	2130	沃尔核材	SZ	6.91	2.29	
1035	2009-11-18	9.97	10.09	9.89	10.06	71296	5	2131	利欧股份	SZ	9.9	4.92	
1114	2009-11-18	6.45	6.57	6.41	6.44	46718	3.13	2132	恒星科技	SZ	6.49	3.15	
1115	2009-11-18	9.54	9.57	9.34	9.4	96530	7.12	2133	广宇集团	SZ	9.54	7.23	
1122	2009-11-18	7.59	7.59	7.4	7.51	57201	7.51	2134	天津普林	SZ	7.58	7.58	
1117	2009-11-18	4.33	4.47	4.29	4.43	89738	1.59	2135	东南网架	SZ	4.33	1.55	
1115	2009-11-18	6.28	6.36	6.11	6.2	57762	3.08	2136	安 纳 达	SZ	6.3	3.13	
1118	2009-11-18	5.95	6.09	5.86	5.95	121221	3.57	2137	实 益 达	SZ	5.91	3.54	
1119	2009-11-18	8.41	8.56	8.27	8.48	30642	3.68	2138	顺络电子	SZ	8.42	3.66	
1115	2009-11-18	10.75	10.82	10.45	10.53	60425	7.62	2139	拓邦股份	SZ	10.74	7.77	
1122	2009-11-18	11.17	11.23	11.04	11.12	11066	3.45	2140	东华科技	SZ	11.16	3.46	
1082	2009-11-18	6.2	6.37	6.16	6.27	67782	3.9	2141	蓉胜超微	SZ	6.18	3.84	
1120	2009-11-18	14.3	14.5	14.18	14.34	167932	13.3	2142	宁波银行	SZ	14.3	13.26	
1113	2009-11-18	10.38	11.23	10.38	10.94	122098	8.31	2143	高金食品	SZ	10.38	7.88	
1116	2009-11-18	12.29	12.32	12	12.22	25133	11.84	2144	宏达高科	SZ	12.24	11.86	
1114	2009-11-18	12.36	12.55	12.13	12.22	46050	6.53	2146	荣盛发展	SZ	12.34	6.59	
1120	2009-11-18	11.72	11.76	11.52	11.72	42852	11.2	2147	方圆支承	SZ	11.68	11.16	
1120	2009-11-18	10.84	10.94	10.62	10.7	31695	3.41	2148	北纬通信	SZ	10.84	3.45	
1118	2009-11-18	25.8	26.39	25.56	25.87	44960	25.53	2149	西部材料	SZ	25.92	25.58	
1123	2009-11-18	6.6	7.24	6.58	7.21	121014	2.81	2150	江苏通润	SZ	6.61	2.57	
1109	2009-11-18	17.86	18.22	17.82	17.92	16980	9.77	2151	北斗星通	SZ	17.86	9.74	
1124	2009-11-18	14.6	14.63	14.35	14.62	49492	6.28	2152	广电运通	SZ	14.58	6.26	
1122	2009-11-18	25.84	26.44	25.84	26.13	23287	18.45	2153	石基信息	SZ	25.82	18.23	
1111	2009-11-18	10.82	10.85	10.5	10.75	50121	5.06	2154	报 喜 鸟	SZ	10.75	5.06	
1120	2009-11-18	15.71	15.82	15.38	15.57	241574	8.3	2155	辰州矿业	SZ	15.68	8.36	
1119	2009-11-18	6.21	6.38	6.18	6.21	72035	3.82	2156	通富微电	SZ	6.3	3.87	
1121	2009-11-18	7.5	7.62	7.41	7.54	50641	4.64	2157	正邦科技	SZ	7.55	4.64	
1123	2009-11-18	10.17	10.21	9.93	10.11	21714	6.16	2158	汉钟精机	SZ	10.17	6.19	
1121	2009-11-18	11.8	12.29	11.75	11.9	38425	11.76	2159	三特索道	SZ	11.89	11.75	
1119	2009-11-18	9.4	9.69	9.24	9.65	504769	3.55	2161	远 望 谷	SZ	9.39	3.46	
1122	2009-11-18	13.41	13.55	13.14	13.27	153596	11.97	2162	斯 米 克	SZ	13.52	12.19	
1108	2009-11-18	4.91	5	4.79	5	433590	1.61	2163	中航三鑫	SZ	4.87	1.57	
1120	2009-11-18	9.25	9.59	9.2	9.39	80990	4.56	2164	东力传动	SZ	9.2	4.47	
1120	2009-11-18	9.72	9.8	9.65	9.77	36855	3.27	2165	红 宝 丽	SZ	9.78	3.28	
1114	2009-11-18	22.88	22.94	22.5	22.64	43437	11.32	2166	莱茵生物	SZ	22.83	11.42	
1116	2009-11-18	8.91	8.91	8.7	8.75	34937	2.18	2167	东方锆业	SZ	8.85	2.2	
1116	2009-11-18	6.01	6.44	6.01	6.37	275253	1.76	2168	深圳惠程	SZ	6.07	1.68	
1117	2009-11-18	13.07	13.17	12.8	12.85	92397	8.54	2169	智光电气	SZ	13.07	8.69	
1118	2009-11-18	4.65	4.82	4.56	4.59	235522	1.89	2170	芭田股份	SZ	4.63	1.9	
1121	2009-11-18	16.35	16.39	16.03	16.25	42007	16.09	2171	精诚铜业	SZ	16.25	16.09	
1117	2009-11-18	9.31	9.39	9.15	9.37	108061	6.24	2172	澳洋科技	SZ	9.31	6.21	
1122	2009-11-18	8.58	8.65	8.43	8.51	32761	4.23	2173	山 下 湖	SZ	8.66	4.31	
1120	2009-11-18	14.09	14.14	13.81	13.86	23274	13.81	2174	梅 花 伞	SZ	14.14	14.09	
1106	2009-11-18	3.77	3.77	3.69	3.72	106005	1.02	2176	江特电机	SZ	3.75	1.03	
1115	2009-11-18	5.57	5.57	5.42	5.44	116687	1.87	2177	御银股份	SZ	5.52	1.9	
1122	2009-11-18	8.9	8.99	8.81	8.92	37781	5.23	2178	延华智能	SZ	8.86	5.2	
1123	2009-11-18	12.16	12.24	11.97	12.05	52490	7.91	2179	中航光电	SZ	12.16	7.98	
1121	2009-11-18	11.4	11.64	11.33	11.59	32797	7.56	2180	万 力 达	SZ	11.43	7.46	
1063	2009-11-18	11.2	11.23	10.87	11.08	97543	10.93	2181	粤 传 媒	SZ	11.23	11.08	
1119	2009-11-18	11.33	11.33	11	11.09	81031	7.28	2182	云海金属	SZ	11.32	7.43	
1104	2009-11-18	8	8.15	7.91	7.97	82852	3.39	2183	怡 亚 通	SZ	8.08	3.44	
1123	2009-11-18	11.4	11.43	11.18	11.29	67337	11.02	2184	海得控制	SZ	11.47	11.19	
1119	2009-11-18	4.15	4.18	4.03	4.09	224526	1.91	2185	华天科技	SZ	4.17	1.94	
1122	2009-11-18	16.25	16.58	16.25	16.5	34598	7.29	2186	全 聚 德	SZ	16.34	7.22	
1119	2009-11-18	17.06	17.5	16.98	17.22	19673	8.85	2187	广百股份	SZ	17.06	8.76	
1077	2009-11-18	9.03	9.12	8.85	8.95	43340	6.84	2188	新 嘉 联	SZ	9.08	6.94	
1122	2009-11-18	8.05	8.08	7.95	8.04	37840	8.01	2189	利达光电	SZ	8.05	8.02	
1102	2009-11-18	7.76	7.76	7.6	7.67	45113	3.64	2190	成飞集成	SZ	7.75	3.68	
1121	2009-11-18	15.74	15.8	15.58	15.79	82081	14.42	2191	劲嘉股份	SZ	15.72	14.36	
1118	2009-11-18	22.35	22.92	22.1	22.31	37762	22.27	2192	路翔股份	SZ	22.49	22.45	
1123	2009-11-18	10.72	10.87	10.55	10.76	23761	10.68	2193	山东如意	SZ	10.74	10.66	
1123	2009-11-18	19.7	20.28	19.53	20.2	86400	18.67	2194	武汉凡谷	SZ	19.52	18.05	
1123	2009-11-18	13	13.18	12.9	13.12	15318	8.51	2195	海隆软件	SZ	13	8.43	
1118	2009-11-18	13.97	14.05	13.68	13.86	25706	8.83	2196	方正电机	SZ	14.05	8.95	
1117	2009-11-18	12.81	12.81	12.56	12.61	32152	7.68	2197	证通电子	SZ	12.81	7.8	
1119	2009-11-18	4.03	4.06	3.96	4	62547	0.79	2198	嘉应制药	SZ	4.03	0.79	
1118	2009-11-18	9.24	9.63	9.24	9.58	84506	4.76	2199	东晶电子	SZ	9.31	4.63	
1138	2009-11-18	15.12	15.33	15.07	15.15	20037	13.49	22	深赤湾Ａ	SZ	15.12	13.47	
1093	2009-11-18	28.9	29	28.58	28.95	22301	28.95	2200	绿 大 地	SZ	28.8	28.8	
1083	2009-11-18	8.82	9.11	8.76	8.78	68241	5.14	2201	九鼎新材	SZ	8.85	5.18	
1118	2009-11-18	19.61	19.61	19.13	19.14	338624	11.27	2202	金风科技	SZ	19.62	11.56	
1121	2009-11-18	9.75	9.87	9.67	9.8	48953	6.2	2203	海亮股份	SZ	9.76	6.18	
1094	2009-11-18	11.45	11.55	11.28	11.32	44700	4.82	2204	华锐铸钢	SZ	11.44	4.87	
1117	2009-11-18	18.7	19	18.42	18.68	15994	18.45	2205	国统股份	SZ	18.65	18.42	
1115	2009-11-18	11.79	11.83	11.6	11.78	21665	3.4	2206	海 利 得	SZ	11.64	3.36	
1118	2009-11-18	21.85	22.95	21.55	22.79	54758	22.62	2207	准油股份	SZ	21.68	21.52	
1121	2009-11-18	10.84	10.84	10.5	10.6	100213	5.07	2208	合肥城建	SZ	10.9	5.21	
1120	2009-11-18	10.97	11.11	10.81	10.91	25214	7.11	2209	达 意 隆	SZ	11.04	7.2	
1121	2009-11-18	5.59	5.66	5.49	5.58	100190	2.78	2210	飞马国际	SZ	5.64	2.8	
1117	2009-11-18	8.63	9	8.51	8.96	65914	5.96	2211	宏达新材	SZ	8.54	5.68	
1114	2009-11-18	8.8	9.1	8.8	9	75300	4.34	2212	南洋股份	SZ	8.88	4.28	
1122	2009-11-18	5.86	5.94	5.82	5.88	34510	2.9	2213	特 尔 佳	SZ	5.86	2.89	
1098	2009-11-18	12.61	12.8	12.51	12.65	16158	6.11	2214	大立科技	SZ	12.62	6.1	
1114	2009-11-18	11.23	11.25	10.83	11.02	30946	4.31	2215	诺 普 信	SZ	11.24	4.4	
1118	2009-11-18	10.27	10.93	10.27	10.89	86734	5.21	2216	三全食品	SZ	10.4	4.98	
1120	2009-11-18	7.73	7.99	7.58	7.75	117642	5.01	2217	联合化工	SZ	7.71	4.98	
1117	2009-11-18	19.03	19.52	18.69	18.75	103265	12.15	2218	拓日新能	SZ	18.9	12.25	
1119	2009-11-18	13.66	14.91	13.22	14.47	398145	7.15	2219	独 一 味	SZ	13.6	6.71	
1118	2009-11-18	4.87	5.11	4.87	4.99	108421	1.2	2220	天宝股份	SZ	4.87	1.17	
1115	2009-11-18	4.54	4.84	4.53	4.62	253122	2.27	2221	东华能源	SZ	4.45	2.19	
1123	2009-11-18	6.85	7.03	6.72	7.02	78366	4.37	2222	福晶科技	SZ	6.85	4.27	
1122	2009-11-18	10.04	10.04	9.73	9.8	35706	2.9	2223	鱼跃医疗	SZ	9.91	2.93	
1119	2009-11-18	8.39	8.51	8.32	8.49	78433	3	2224	三 力 士	SZ	8.39	2.97	
1111	2009-11-18	8.39	8.66	8.33	8.48	115069	6.35	2225	濮耐股份	SZ	8.44	6.32	
1122	2009-11-18	22.6	22.69	22.1	22.21	25930	21.88	2227	奥 特 迅	SZ	22.67	22.33	
1113	2009-11-18	9.97	10.22	9.91	10.01	50615	6	2228	合兴包装	SZ	9.93	5.95	
1117	2009-11-18	8.94	9.16	8.84	9.14	89297	4.51	2229	鸿博股份	SZ	8.95	4.42	
1117	2009-11-18	15.68	16.09	15.58	15.87	129912	3.97	2230	科大讯飞	SZ	15.56	3.9	
1122	2009-11-18	5.82	5.99	5.74	5.98	237183	1.84	2231	奥维通信	SZ	5.78	1.78	
1113	2009-11-18	12.46	12.86	12.36	12.84	103409	9.06	2232	启明信息	SZ	12.44	8.79	
1118	2009-11-18	7.94	8.12	7.86	8.11	147558	3.89	2233	塔牌集团	SZ	7.97	3.82	
1117	2009-11-18	7.91	8.13	7.9	8.09	108663	3.77	2234	民和股份	SZ	7.9	3.68	
1117	2009-11-18	13.08	13.28	12.71	12.95	77447	9.65	2235	安妮股份	SZ	12.88	9.6	
1119	2009-11-18	3.49	3.74	3.47	3.62	405678	0.21	2236	大华股份	SZ	3.49	0.2	
1117	2009-11-18	26.83	26.92	26.4	26.5	44525	13.07	2237	恒邦股份	SZ	26.67	13.15	
1119	2009-11-18	14.86	15	14.65	14.77	39884	12.09	2238	天威视讯	SZ	14.94	12.23	
1115	2009-11-18	11.09	12.22	11.01	12.22	129196	12.1	2239	金 飞 达	SZ	11.11	11	
1122	2009-11-18	6.49	6.58	6.44	6.54	49307	4.09	2240	威华股份	SZ	6.49	4.06	
1115	2009-11-18	4.23	4.54	4.18	4.35	582682	0.77	2241	歌尔声学	SZ	4.24	0.75	
1120	2009-11-18	21.33	21.73	21.07	21.27	105563	11.05	2242	九阳股份	SZ	21.51	11.18	
1115	2009-11-18	12.2	12.32	12.03	12.23	92335	11.93	2243	通产丽星	SZ	12.2	11.9	
1122	2009-11-18	17.21	17.4	16.75	16.92	61225	16.52	2244	滨江集团	SZ	17.35	16.94	
1118	2009-11-18	5.39	5.67	5.27	5.6	300416	1.82	2245	澳洋顺昌	SZ	5.43	1.77	
1075	2009-11-18	21.02	21.29	20.76	21.11	9810	20.47	2246	北化股份	SZ	21.03	20.39	
1123	2009-11-18	9.39	9.73	9.3	9.66	25368	2.94	2247	帝龙新材	SZ	9.39	2.86	
1113	2009-11-18	17.67	17.84	17.45	17.75	23868	8.78	2248	华东数控	SZ	17.67	8.75	
1116	2009-11-18	14.43	14.82	13.98	14.1	169591	5.08	2249	大洋电机	SZ	14.23	5.13	
1111	2009-11-18	8.84	8.84	8.64	8.77	43726	2.27	2250	联化科技	SZ	8.83	2.29	
1121	2009-11-18	14.79	15.21	14.79	15.1	93717	7.12	2251	步 步 高	SZ	14.67	6.92	
1120	2009-11-18	10.93	11.27	10.79	11.25	63191	3.54	2252	上海莱士	SZ	10.9	3.43	
1118	2009-11-18	18.12	19.78	18.12	19.09	49170	9.34	2253	川大智胜	SZ	18.09	8.85	
1123	2009-11-18	9.7	9.74	9.57	9.74	58511	2.76	2254	烟台氨纶	SZ	9.7	2.75	
1119	2009-11-18	20.66	20.84	20.12	20.43	20394	9.9	2255	海陆重工	SZ	20.51	9.94	
1014	2009-11-18	7.79	7.84	7.64	7.71	65223	4.24	2256	彩虹精化	SZ	7.78	4.28	
1099	2009-11-18	24.8	25.95	24.79	25.75	78257	25.29	2258	利尔化学	SZ	24.76	24.32	
1118	2009-11-18	3.75	3.81	3.69	3.75	151166	1.47	2259	升达林业	SZ	3.77	1.48	
1117	2009-11-18	10.22	10.32	10.06	10.13	39981	9.87	2260	伊 立 浦	SZ	10.23	9.97	
1116	2009-11-18	14.36	14.47	13.97	14.09	16553	5.47	2261	拓维信息	SZ	14.2	5.51	
1122	2009-11-18	10.89	11.26	10.83	11.23	47931	6.84	2262	恩华药业	SZ	10.95	6.67	
1118	2009-11-18	6.61	6.82	6.47	6.79	189612	5.45	2263	大 东 南	SZ	6.61	5.3	
1116	2009-11-18	7.01	7.38	7.01	7.2	127608	1.53	2264	新 华 都	SZ	6.96	1.48	
1119	2009-11-18	9.31	9.47	9.24	9.44	87383	9.42	2265	西仪股份	SZ	9.28	9.26	
1113	2009-11-18	3.7	3.73	3.64	3.66	168287	0.39	2266	浙富股份	SZ	3.7	0.39	
1122	2009-11-18	10.05	10.92	10.05	10.92	329512	4.97	2267	陕天然气	SZ	9.93	4.51	
1123	2009-11-18	13.29	13.38	12.96	13.05	20435	6	2268	卫 士 通	SZ	13.28	6.1	
1121	2009-11-18	24.18	24.65	24	24.24	21336	21.53	2269	美邦服饰	SZ	24.18	21.48	
1121	2009-11-18	14.48	14.68	14.22	14.52	45893	10.71	2270	法因数控	SZ	14.65	10.81	
1114	2009-11-18	9.77	9.86	9.66	9.73	42089	2.34	2271	东方雨虹	SZ	9.82	2.36	
1120	2009-11-18	7.66	7.87	7.59	7.83	59069	2.5	2272	川润股份	SZ	7.65	2.44	
1118	2009-11-18	7.88	8.03	7.74	7.93	65152	1.85	2273	水晶光电	SZ	7.87	1.84	
1118	2009-11-18	13.2	13.44	13.08	13.24	54157	10.12	2274	华昌化工	SZ	13.27	10.14	
1121	2009-11-18	22.85	23.05	22.5	22.9	44996	15.61	2275	桂林三金	SZ	22.9	15.61	
1101	2009-11-18	15.61	15.66	15.26	15.41	72308	8.34	2276	万马电缆	SZ	15.55	8.42	
1116	2009-11-18	11.41	11.75	11.36	11.54	127516	3.79	2277	友阿股份	SZ	11.36	3.73	
1123	2009-11-18	19.68	19.8	19.2	19.4	13895	9.04	2280	新世纪	SZ	19.69	9.18	
1109	2009-11-18	35.18	35.22	33.82	33.96	36126	32.95	2281	光迅科技	SZ	35.2	34.15	
1121	2009-11-18	12.45	12.56	12.35	12.45	30723	9.09	2282	博深工具	SZ	12.5	9.13	
1115	2009-11-18	10.2	10.25	10	10.05	78220	4.96	2283	天润曲轴	SZ	10.23	5.05	
1108	2009-11-18	12.76	13.16	12.76	13.13	53686	4.25	2284	亚太股份	SZ	12.83	4.16	
1121	2009-11-18	30.33	31.03	30	30.32	37776	14.88	2285	世联地产	SZ	30.26	14.85	
1121	2009-11-18	20.75	20.9	20.42	20.59	20108	11.96	2286	保龄宝	SZ	20.89	12.14	
1121	2009-11-18	27.19	28.45	26.52	27.7	73783	26.22	2287	奇正藏药	SZ	27.26	25.8	
1115	2009-11-18	6.39	6.5	6.35	6.45	44194	1.72	2288	超华科技	SZ	6.39	1.7	
1118	2009-11-18	29.2	29.7	29.1	29.35	10027	28.92	2289	宇顺电子	SZ	29.23	28.8	
1121	2009-11-18	17.34	17.53	17.06	17.25	35457	6.62	2290	禾盛新材	SZ	17.42	6.68	
1120	2009-11-18	18.22	18.76	18.08	18.65	54282	14.18	2291	星期六	SZ	18.15	13.81	
1122	2009-11-18	11.67	11.67	11.43	11.53	70769	2.89	2292	奥飞动漫	SZ	11.65	2.92	
1121	2009-11-18	18.9	19.65	18.66	19.25	69134	8.59	2293	罗莱家纺	SZ	18.88	8.42	
1123	2009-11-18	16.37	16.44	15.99	16.06	75023	2.52	2294	信立泰	SZ	16.35	2.57	
1116	2009-11-18	13.73	13.77	13.43	13.67	63096	8.92	2295	精艺股份	SZ	13.69	8.93	
1041	2009-11-18	16.23	16.52	16.01	16.14	13851	5.33	2296	辉煌科技	SZ	16.31	5.39	
1117	2009-11-18	21.53	21.55	20.59	21.09	42855	7	2297	博云新材	SZ	21.41	7.11	
1114	2009-11-18	9.41	9.52	9.33	9.48	32298	3.1	2298	鑫龙电器	SZ	9.42	3.08	
1109	2009-11-18	13	13.03	12.88	12.99	52236	6.23	2299	圣农发展	SZ	12.99	6.23	
1121	2009-11-18	10.24	10.32	10.06	10.13	44770	10	23	深天地Ａ	SZ	10.25	10.12	
1121	2009-11-18	23.6	23.85	23.6	23.79	28005	9.32	2300	太阳电缆	SZ	23.59	9.24	
1111	2009-11-18	23.76	23.87	23.3	23.61	41039	11.9	2302	西部建设	SZ	23.7	11.94	
1112	2009-11-18	16.35	16.53	16.25	16.32	42480	7.98	2303	美盈森	SZ	16.36	8.01	
1111	2009-11-18	40.69	41.18	40.29	40.83	52821	16.02	2304	洋河股份	SZ	40.71	15.97	
1105	2009-11-18	7.45	7.83	7.41	7.7	292760	1.67	2306	湘鄂情	SZ	7.49	1.62	
1104	2009-11-18	8.66	8.97	8.61	8.86	134004	4.4	2307	北新路桥	SZ	8.79	4.36	
1138	2009-11-18	30.15	30.49	29.9	30.13	119536	27.91	24	招商地产	SZ	30.44	28.2	
1138	2009-11-18	10.53	10.6	10.1	10.28	39974	10.28	25	特 力Ａ	SZ	10.49	10.49	
1138	2009-11-18	7.29	7.33	7.13	7.19	55142	4.95	26	飞亚达Ａ	SZ	7.3	5.03	
1135	2009-11-18	11.53	11.88	11.53	11.73	286155	9.21	27	深圳能源	SZ	11.57	9.08	
1118	2009-11-18	24.34	24.95	24.05	24.9	44424	24.49	28	一致药业	SZ	24.38	23.98	
1123	2009-11-18	8.26	8.65	8.12	8.47	473057	8.47	29	深深房Ａ	SZ	8.24	8.24	
815	2009-11-18	8.25	8.34	8.15	8.32	14844	8.32	30	*ST盛润A	SZ	8.29	8.29	
1118	2009-11-18	27.33	28.77	27.33	28.56	60939	18.5	300001	特锐德	SZ	27.27	17.66	
1116	2009-11-18	19.19	20.14	19.1	19.95	72574	9.86	300004	南风股份	SZ	19.27	9.52	
1114	2009-11-18	15.48	16.19	15.4	16	67294	7.9	300006	莱美药业	SZ	15.48	7.64	
1118	2009-11-18	32.27	34	31.73	33.65	28005	21.47	300008	上海佳豪	SZ	31.95	20.38	
1114	2009-11-18	27.76	28.92	27.67	28.49	36528	17.33	300009	安科生物	SZ	27.74	16.87	
1116	2009-11-18	33.09	34.61	32.8	33.91	64471	7.67	300011	鼎汉技术	SZ	33.11	7.49	
1115	2009-11-18	13.64	14.32	13.63	14.13	73671	4.36	300012	华测检测	SZ	13.7	4.23	
1117	2009-11-18	27.2	28.41	26.87	27.87	106752	8.89	300014	亿纬锂能	SZ	27.2	8.67	
1114	2009-11-18	15.44	15.92	15.33	15.79	98115	4.85	300015	爱尔眼科	SZ	15.41	4.74	
1116	2009-11-18	41	42.58	40.8	42	20298	41.13	300017	网宿科技	SZ	40.8	39.95	
1119	2009-11-18	14.97	16.4	14.91	16.1	91843	4.76	300019	硅宝科技	SZ	14.98	4.43	
1118	2009-11-18	43.7	48.28	43.51	48.28	32494	48.28	300023	宝德股份	SZ	43.89	43.89	
1118	2009-11-18	13.33	13.76	13.33	13.68	62046	1.96	300026	红日药业	SZ	13.4	1.92	
1073	2009-11-18	17.41	18.27	17.41	18.2	100683	11.8	300028	金亚科技	SZ	17.47	11.32	
1136	2009-11-18	7.39	7.43	7.24	7.37	337476	7.1	301	东方市场	SZ	7.35	7.08	
1138	2009-11-18	14.1	14.1	13.7	13.81	570272	13.55	31	中粮地产	SZ	14.11	13.84	
1137	2009-11-18	7.95	8.19	7.91	8.17	91364	7.95	32	深桑达Ａ	SZ	7.96	7.74	
1132	2009-11-18	7.75	7.86	7.5	7.67	149804	7.67	33	新都酒店	SZ	7.75	7.75	
1122	2009-11-18	26.88	27.04	26.32	26.4	104771	10.47	338	潍柴动力	SZ	26.83	10.64	
939	2009-11-18	8.75	8.98	8.62	8.95	107246	8.95	34	ST深泰	SZ	8.74	8.74	
1129	2009-11-18	5.28	5.34	5.22	5.29	29709	4.2	35	*ST科健	SZ	5.3	4.2	
1139	2009-11-18	5.9	5.9	5.8	5.84	186221	5.84	36	华联控股	SZ	5.89	5.89	
1132	2009-11-18	7.2	7.48	7.2	7.35	103347	7.35	37	深南电Ａ	SZ	7.2	7.2	
1137	2009-11-18	12.64	12.75	12.41	12.48	229264	11.63	39	中集集团	SZ	12.65	11.79	
1082	2009-11-18	7.43	7.53	7.3	7.31	80142	7.2	40	深 鸿 基	SZ	7.42	7.3	
1138	2009-11-18	19.69	19.75	19.32	19.38	108453	14.71	400	许继电气	SZ	19.7	14.95	
1136	2009-11-18	16.53	17.1	16.41	16.8	123736	16.62	401	冀东水泥	SZ	16.65	16.47	
