1351	2009-01-14	5.81	6.41	5.81	6.38	1224519	3.89	1	深发展Ａ	SZ	5.92	3.61	
966	2009-01-14	1.36	1.4	1.35	1.38	32292	0.34	10	S ST华新	SZ	1.35	0.34	
1311	2009-01-14	1.35	1.39	1.35	1.39	378165	0.66	100	TCL 集团	SZ	1.36	0.64	
1358	2009-01-14	3.63	3.77	3.62	3.75	5936	3.4	11	深物业A	SZ	3.63	3.29	
1345	2009-01-14	5.28	5.67	5.28	5.65	166419	2.94	12	南 玻Ａ	SZ	5.35	2.78	
1358	2009-01-14	3.18	3.32	3.17	3.32	46627	3.32	150	宜华地产	SZ	3.18	3.18	
1357	2009-01-14	3.67	3.95	3.67	3.94	53368	3.87	151	中成股份	SZ	3.67	3.6	
1359	2009-01-14	3.5	3.62	3.5	3.61	23362	3.57	153	丰原药业	SZ	3.51	3.47	
1358	2009-01-14	6.13	6.36	6.05	6.35	91121	6.22	155	川化股份	SZ	6.16	6.04	
1343	2009-01-14	3.52	3.77	3.52	3.71	600439	0.91	157	中联重科	SZ	3.52	0.86	
1336	2009-01-14	3.19	3.36	3.14	3.33	103049	3.32	158	常山股份	SZ	3.19	3.18	
1316	2009-01-14	4.45	4.75	4.45	4.74	96047	2.22	159	国际实业	SZ	4.47	2.09	
1356	2009-01-14	3.24	3.33	3.24	3.33	147687	3.27	16	深康佳Ａ	SZ	3.26	3.2	
1328	2009-01-14	3.3	3.42	3.28	3.4	73080	1.38	1696	宗申动力	SZ	3.29	1.34	
1358	2009-01-14	4.03	4.08	4	4.07	6117	4.07	18	ST中冠A	SZ	4.01	4.01	
1348	2009-01-14	3.57	3.76	3.57	3.73	13890	3.73	1896	*ST豫能	SZ	3.59	3.59	
1294	2009-01-14	5.95	6.34	5.95	6.24	59917	6.08	19	深深宝Ａ	SZ	5.96	5.81	
1358	2009-01-14	6.57	6.9	6.55	6.89	989445	6.23	2	万 科Ａ	SZ	6.57	5.94	
1356	2009-01-14	2.56	2.64	2.52	2.63	14965	2.63	20	深华发Ａ	SZ	2.55	2.55	
1330	2009-01-14	12.28	12.8	12.23	12.75	110149	5.82	2001	新 和 成	SZ	12.3	5.61	
1324	2009-01-14	15.25	16.33	15.25	16.33	15763	9.85	2003	伟星股份	SZ	15.21	9.17	
1329	2009-01-14	4.17	4.41	4.17	4.39	63233	1.32	2004	华邦制药	SZ	4.25	1.28	
1321	2009-01-14	1.55	1.59	1.52	1.59	142462	0.78	2005	德豪润达	SZ	1.53	0.76	
1319	2009-01-14	2.02	2.16	1.99	2.14	224228	0.71	2006	精功科技	SZ	2.07	0.69	
1331	2009-01-14	15.59	15.82	15.34	15.67	4264	5.95	2007	华兰生物	SZ	15.68	5.96	
1335	2009-01-14	4.17	4.52	4.17	4.48	309836	2.8	2008	大族激光	SZ	4.21	2.64	
1331	2009-01-14	7.91	8.68	7.81	8.68	274319	8.63	2009	天奇股份	SZ	7.89	7.85	
1330	2009-01-14	2.63	2.75	2.61	2.75	75056	1.31	2010	传化股份	SZ	2.62	1.25	
1332	2009-01-14	4.22	4.6	4.21	4.6	245210	2.06	2011	盾安环境	SZ	4.18	1.87	
1335	2009-01-14	2.11	2.22	2.09	2.2	82046	1.05	2012	凯恩股份	SZ	2.11	1.01	
1309	2009-01-14	2.54	2.69	2.52	2.68	84744	1	2013	中航精机	SZ	2.55	0.95	
1335	2009-01-14	4.15	4.33	4.14	4.32	37907	1.8	2014	永新股份	SZ	4.17	1.74	
1324	2009-01-14	4.83	5.12	4.8	5.09	66877	5.06	2015	霞客环保	SZ	4.89	4.86	
1331	2009-01-14	3.01	3.15	3.01	3.14	60177	1.84	2016	世荣兆业	SZ	3	1.76	
1315	2009-01-14	5.91	6.14	5.87	6.14	25953	5.39	2017	东信和平	SZ	5.88	5.17	
1343	2009-01-14	4.77	5.12	4.77	5.12	249996	1.89	2018	华星化工	SZ	4.79	1.77	
1337	2009-01-14	9.56	10.08	9.4	10.06	72770	9.92	2019	鑫富药业	SZ	9.74	9.6	
1334	2009-01-14	2.83	2.97	2.83	2.96	20662	1.43	2020	京新药业	SZ	2.85	1.37	
1332	2009-01-14	1.85	1.92	1.82	1.91	132364	0.81	2021	中捷股份	SZ	1.85	0.78	
1337	2009-01-14	17.46	17.85	17.46	17.62	28428	12.33	2022	科华生物	SZ	17.46	12.22	
1331	2009-01-14	3.46	3.63	3.44	3.61	39160	2.49	2023	海特高新	SZ	3.46	2.39	
1333	2009-01-14	7.37	7.62	7.37	7.6	438963	3.26	2024	苏宁电器	SZ	7.38	3.16	
1335	2009-01-14	6.97	7.22	6.91	7.18	62583	6.94	2025	航天电器	SZ	6.97	6.73	
1319	2009-01-14	2.83	2.98	2.83	2.96	20018	1.66	2026	山东威达	SZ	2.85	1.6	
1335	2009-01-14	3.8	3.84	3.68	3.83	109667	3.83	2027	七喜控股	SZ	3.75	3.75	
1337	2009-01-14	19.47	19.88	19.31	19.81	13643	11.57	2028	思源电气	SZ	19.51	11.4	
1333	2009-01-14	4.84	5.01	4.74	5	40792	2.09	2029	七 匹 狼	SZ	4.89	2.04	
1335	2009-01-14	3.99	4.15	3.97	4.15	63343	2.17	2030	达安基因	SZ	4.02	2.1	
1330	2009-01-14	3.43	3.49	3.34	3.49	33344	2.22	2031	巨轮股份	SZ	3.4	2.17	
1334	2009-01-14	8.39	8.92	8.39	8.88	15978	5.71	2032	苏 泊 尔	SZ	8.67	5.58	
1299	2009-01-14	6.04	6.3	5.99	6.3	28723	3.51	2033	丽江旅游	SZ	6.01	3.35	
1338	2009-01-14	5	5.15	4.99	5.14	8082	4.92	2034	美 欣 达	SZ	4.99	4.78	
1335	2009-01-14	4.87	5.19	4.87	5.17	88295	3.3	2035	华帝股份	SZ	4.99	3.19	
1338	2009-01-14	5	5.23	4.83	5.19	90087	3.34	2036	宜科科技	SZ	4.99	3.21	
1326	2009-01-14	4.28	4.49	4.2	4.44	50289	1.82	2037	久联发展	SZ	4.2	1.72	
1357	2009-01-14	18.89	19.31	18.89	19.27	12012	10.41	2038	双鹭药业	SZ	18.88	10.2	
1338	2009-01-14	13.82	14.86	13.81	14.42	25625	13.97	2039	黔源电力	SZ	14.06	13.62	
1335	2009-01-14	4.07	4.19	4.07	4.19	20203	4.11	2040	南 京 港	SZ	4.05	3.97	
1336	2009-01-14	8.01	8.26	8	8.19	57860	4.01	2041	登海种业	SZ	8.09	3.96	
1350	2009-01-14	2.44	2.47	2.34	2.43	79011	0.78	2042	华孚色纺	SZ	2.45	0.78	
1333	2009-01-14	2	2.07	2	2.07	51801	0.97	2043	兔 宝 宝	SZ	2	0.94	
1335	2009-01-14	2.97	3.14	2.93	3.08	78172	2.09	2044	江苏三友	SZ	2.93	1.99	
1331	2009-01-14	3.36	3.46	3.32	3.46	41278	1.77	2045	广州国光	SZ	3.34	1.72	
1331	2009-01-14	4.5	4.76	4.5	4.72	59874	2.25	2046	轴研科技	SZ	4.57	2.18	
1336	2009-01-14	2.19	2.42	2.19	2.38	129166	1.44	2047	成霖股份	SZ	2.21	1.34	
1331	2009-01-14	4.18	4.4	4.09	4.39	313781	4.2	2048	宁波华翔	SZ	4.25	4.06	
1304	2009-01-14	4.9	5.15	4.86	5.12	30540	4.95	2049	晶源电子	SZ	4.95	4.78	
1333	2009-01-14	6.68	7.05	6.66	6.93	34831	2.92	2050	三花股份	SZ	6.66	2.8	
1325	2009-01-14	4.42	4.62	4.37	4.62	46547	1.65	2051	中工国际	SZ	4.36	1.56	
1325	2009-01-14	3.76	3.88	3.71	3.86	53598	1.91	2052	同洲电子	SZ	3.79	1.87	
1334	2009-01-14	9.91	10.28	9.71	10.18	59059	10.09	2053	云南盐化	SZ	9.92	9.83	
1336	2009-01-14	3.93	4.31	3.93	4.31	83711	1.8	2054	德美化工	SZ	3.97	1.66	
1331	2009-01-14	3.16	3.37	3.15	3.35	43916	1.63	2055	得润电子	SZ	3.16	1.55	
1335	2009-01-14	6.71	7.4	6.71	7.4	120977	7.32	2056	横店东磁	SZ	6.73	6.66	
1336	2009-01-14	5.54	5.8	5.53	5.79	14737	5.78	2057	中钢天源	SZ	5.63	5.62	
1327	2009-01-14	3.72	3.86	3.71	3.84	26340	1.61	2058	威 尔 泰	SZ	3.71	1.55	
1310	2009-01-14	5.1	5.38	5.06	5.36	53520	5.27	2059	云南旅游	SZ	5.12	5.03	
1329	2009-01-14	3.98	4.11	3.97	4.07	43859	2.26	2060	粤 水 电	SZ	3.96	2.2	
1326	2009-01-14	3.45	3.69	3.45	3.67	18812	2.41	2061	江山化工	SZ	3.5	2.3	
1334	2009-01-14	8.28	8.78	8.21	8.62	90466	3.06	2062	宏润建设	SZ	8.35	2.96	
1334	2009-01-14	3.16	3.34	3.16	3.28	45455	0.8	2063	远光软件	SZ	3.21	0.79	
1337	2009-01-14	3.28	3.53	3.27	3.5	122132	1.68	2064	华峰氨纶	SZ	3.29	1.58	
1309	2009-01-14	6.76	7.09	6.76	7.01	43697	2.88	2065	东华软件	SZ	6.79	2.79	
1338	2009-01-14	4.3	4.45	4.2	4.43	19245	2.05	2066	瑞泰科技	SZ	4.25	1.96	
1329	2009-01-14	1.75	1.83	1.74	1.82	169230	0.89	2067	景兴纸业	SZ	1.76	0.86	
1328	2009-01-14	2.89	3.04	2.88	3.04	77344	1.18	2068	黑猫股份	SZ	2.9	1.13	
1333	2009-01-14	1.65	1.8	1.64	1.79	351062	0.6	2070	众和股份	SZ	1.73	0.58	
1331	2009-01-14	3.05	3.11	2.99	3.07	34284	2.03	2071	江苏宏宝	SZ	3.05	2.02	
1326	2009-01-14	3.63	3.86	3.63	3.84	34989	3.84	2072	*ST德棉	SZ	3.71	3.71	
1334	2009-01-14	5.8	6.31	5.8	6.18	129457	2.71	2073	软控股份	SZ	5.89	2.58	
1334	2009-01-14	5.18	5.47	5.17	5.44	59151	2.92	2074	东源电器	SZ	5.17	2.78	
1333	2009-01-14	5.52	5.94	5.52	5.94	36380	5.7	2076	雪 莱 特	SZ	5.58	5.35	
1317	2009-01-14	5.49	5.8	5.45	5.8	36081	5.7	2077	大港股份	SZ	5.49	5.4	
1330	2009-01-14	3.81	4.19	3.81	4.15	242335	1.92	2078	太阳纸业	SZ	4.05	1.87	
1329	2009-01-14	1.76	1.87	1.76	1.85	88487	0.77	2079	苏州固锝	SZ	1.79	0.74	
1332	2009-01-14	11.35	12.5	11.35	12.45	33352	5.89	2080	中材科技	SZ	11.49	5.44	
1330	2009-01-14	2.81	2.86	2.81	2.85	39630	0.35	2081	金 螳 螂	SZ	2.82	0.35	
1335	2009-01-14	5.12	5.46	5.12	5.42	33465	5.08	2082	栋梁新材	SZ	5.13	4.81	
1335	2009-01-14	3.28	3.34	3.21	3.33	41297	1.66	2084	海鸥卫浴	SZ	3.25	1.62	
1310	2009-01-14	4.03	4.24	4	4.22	51491	3.66	2085	万丰奥威	SZ	4.1	3.56	
1335	2009-01-14	5.97	6.26	5.95	6.25	23553	3.08	2086	东方海洋	SZ	5.99	2.95	
1330	2009-01-14	2.25	2.34	2.25	2.33	24262	1.36	2087	新野纺织	SZ	2.27	1.33	
1335	2009-01-14	12.1	12.62	11.92	12.47	27986	11.94	2088	鲁阳股份	SZ	12.24	11.72	
1332	2009-01-14	2.53	2.62	2.52	2.6	73885	0.98	2089	新 海 宜	SZ	2.54	0.96	
1277	2009-01-14	5.88	6.32	5.86	6.27	27893	2.95	2090	金智科技	SZ	5.86	2.76	
1337	2009-01-14	7.19	7.83	6.87	7.67	77176	4.91	2091	江苏国泰	SZ	7.12	4.56	
1324	2009-01-14	4.41	4.63	4.39	4.6	104915	2.89	2092	中泰化学	SZ	4.41	2.77	
1332	2009-01-14	3.79	3.95	3.78	3.94	50423	1.31	2093	国脉科技	SZ	3.8	1.27	
1335	2009-01-14	3.39	3.53	3.39	3.53	45746	2.28	2094	青岛金王	SZ	3.39	2.19	
1338	2009-01-14	8.75	9.11	8.73	9.09	28083	4.9	2095	生 意 宝	SZ	8.75	4.71	
1308	2009-01-14	3.97	4.33	3.97	4.27	74418	1.32	2096	南岭民爆	SZ	3.97	1.23	
1334	2009-01-14	8.2	8.65	8.07	8.62	201615	5.69	2097	山河智能	SZ	8.57	5.65	
1331	2009-01-14	5.2	5.58	5.2	5.54	19294	5.09	2098	浔兴股份	SZ	5.31	4.88	
1330	2009-01-14	3.1	3.25	3.08	3.22	63953	1.5	2099	海翔药业	SZ	3.11	1.44	
1345	2009-01-14	2.94	3.06	2.92	3.04	62238	1.92	21	长城开发	SZ	2.93	1.85	
1327	2009-01-14	5.39	5.67	5.34	5.63	15209	2.49	2100	天康生物	SZ	5.46	2.41	
1325	2009-01-14	4.44	4.66	4.44	4.65	12693	2.19	2101	广东鸿图	SZ	4.48	2.11	
1327	2009-01-14	2.23	2.38	2.22	2.34	103321	1.15	2102	冠福家用	SZ	2.27	1.12	
1336	2009-01-14	4.92	5.17	4.88	5.15	22399	4.77	2103	广博股份	SZ	4.91	4.55	
1336	2009-01-14	5.21	5.61	5.21	5.6	33430	5.45	2104	恒宝股份	SZ	5.3	5.16	
1333	2009-01-14	3.88	4.15	3.86	4.12	40780	3.84	2105	信隆实业	SZ	3.89	3.62	
1337	2009-01-14	4.26	4.54	4.22	4.53	96704	2.3	2106	莱宝高科	SZ	4.26	2.16	
1334	2009-01-14	13.55	13.94	13.54	13.94	6075	6.97	2107	沃华医药	SZ	13.68	6.84	
1328	2009-01-14	3.31	3.5	3.31	3.49	63625	0.87	2108	沧州明珠	SZ	3.33	0.83	
1328	2009-01-14	6.84	7.12	6.84	7.1	54701	7.01	2110	三钢闽光	SZ	6.89	6.81	
1328	2009-01-14	7.94	8.4	7.85	8.33	10152	4.43	2111	威海广泰	SZ	8.03	4.27	
1333	2009-01-14	4.66	4.9	4.65	4.81	47095	1.87	2112	三变科技	SZ	4.67	1.82	
1318	2009-01-14	4.4	4.65	4.4	4.63	35861	4.63	2113	ST天润	SZ	4.38	4.38	
1337	2009-01-14	6.8	7.1	6.8	7.05	24060	7.05	2114	罗平锌电	SZ	6.86	6.86	
1328	2009-01-14	3.89	4.11	3.84	4.08	47871	1.3	2115	三维通信	SZ	3.91	1.25	
1335	2009-01-14	5.56	6	5.52	5.92	39546	2.88	2116	中国海诚	SZ	5.59	2.72	
1328	2009-01-14	5.87	6.18	5.87	6.18	11398	3.38	2117	东港股份	SZ	5.95	3.26	
1288	2009-01-14	4.32	4.61	4.32	4.56	115374	1.33	2118	紫鑫药业	SZ	4.4	1.28	
1327	2009-01-14	4.4	4.65	4.36	4.65	89196	4.58	2119	康强电子	SZ	4.48	4.42	
1272	2009-01-14	5.61	6.24	5.6	6.24	35362	6.05	2120	新海股份	SZ	5.67	5.5	
1330	2009-01-14	6.17	6.44	6.1	6.43	40593	2.1	2121	科陆电子	SZ	6.3	2.06	
1337	2009-01-14	12.76	13.85	12.76	13.82	21788	3.3	2122	天马股份	SZ	13.26	3.16	
1336	2009-01-14	9.22	9.53	9.17	9.5	13986	2.6	2123	荣信股份	SZ	9.36	2.56	
1335	2009-01-14	6.77	7.23	6.77	7.2	54788	4.48	2124	天邦股份	SZ	6.81	4.24	
1323	2009-01-14	4.07	4.28	4	4.24	48758	2.64	2125	湘潭电化	SZ	4.12	2.56	
1331	2009-01-14	3.49	3.67	3.48	3.64	33665	1.33	2126	银轮股份	SZ	3.5	1.28	
1332	2009-01-14	2.63	2.8	2.61	2.79	53694	1.16	2127	新民科技	SZ	2.65	1.1	
1335	2009-01-14	7.75	8.54	7.75	8.54	64927	6.07	2128	露天煤业	SZ	7.78	5.53	
1327	2009-01-14	4.19	4.49	4.19	4.46	90133	2.96	2129	中环股份	SZ	4.21	2.79	
1327	2009-01-14	2.74	2.93	2.69	2.9	139002	0.63	2130	沃尔核材	SZ	2.75	0.59	
1249	2009-01-14	3.64	3.95	3.64	3.95	47083	1.89	2131	利欧股份	SZ	3.64	1.74	
1329	2009-01-14	3.33	3.53	3.32	3.49	54024	1.66	2132	恒星科技	SZ	3.33	1.58	
1330	2009-01-14	3.12	3.23	3.12	3.23	88431	2.42	2133	广宇集团	SZ	3.12	2.34	
1337	2009-01-14	5.18	5.28	5.02	5.28	15558	5.28	2134	天津普林	SZ	5.1	5.1	
1332	2009-01-14	2.62	2.75	2.6	2.74	50758	0.97	2135	东南网架	SZ	2.63	0.93	
1330	2009-01-14	3.44	3.59	3.39	3.57	40773	1.77	2136	安 纳 达	SZ	3.45	1.72	
1332	2009-01-14	2.71	2.97	2.7	2.94	63884	1.33	2137	实 益 达	SZ	2.73	1.23	
1332	2009-01-14	4.86	5.09	4.85	5.09	28414	2.13	2138	顺络电子	SZ	4.9	2.05	
1329	2009-01-14	5.56	6.01	5.54	6.01	69353	3.05	2139	拓邦股份	SZ	5.57	2.83	
1336	2009-01-14	5.53	5.76	5.47	5.72	48314	1.24	2140	东华科技	SZ	5.69	1.23	
1296	2009-01-14	3.21	3.41	3.21	3.39	24323	1.51	2141	蓉胜超微	SZ	3.27	1.45	
1333	2009-01-14	6.86	7.13	6.85	7.12	136683	6.47	2142	宁波银行	SZ	6.89	6.26	
1327	2009-01-14	4.46	4.71	4.45	4.71	17689	3.57	2143	高金食品	SZ	4.51	3.42	
1327	2009-01-14	6.25	6.65	6.23	6.55	37892	6.29	2144	宏达高科	SZ	6.38	6.13	
1332	2009-01-14	12.29	13.48	12.19	13.48	51309	6.37	2147	方圆支承	SZ	12.25	5.78	
1335	2009-01-14	4.67	4.88	4.67	4.87	33102	1.51	2148	北纬通信	SZ	4.7	1.46	
1333	2009-01-14	13.21	14.33	13.21	14.33	19268	14.08	2149	西部材料	SZ	13.52	13.29	
1337	2009-01-14	4.07	4.3	4.03	4.3	31061	1.61	2150	江苏通润	SZ	4.07	1.53	
1324	2009-01-14	9.84	10.14	9.81	10.03	12951	5.39	2151	北斗星通	SZ	9.82	5.28	
1338	2009-01-14	10.61	10.83	10.49	10.81	22520	3.81	2152	广电运通	SZ	10.68	3.76	
1336	2009-01-14	17.2	18.13	17.2	18.08	3409	6.31	2153	石基信息	SZ	17.39	6.07	
1325	2009-01-14	4.75	5.13	4.69	5.13	99819	1.8	2154	报 喜 鸟	SZ	4.73	1.66	
1335	2009-01-14	4.52	4.75	4.49	4.73	99153	2.49	2155	辰州矿业	SZ	4.53	2.39	
1333	2009-01-14	2.91	3.07	2.9	3.07	34868	1.39	2156	通富微电	SZ	2.94	1.33	
1336	2009-01-14	3.56	3.74	3.51	3.72	40475	2.26	2157	正邦科技	SZ	3.56	2.16	
1337	2009-01-14	6.44	6.65	6.4	6.63	18535	3.84	2158	汉钟精机	SZ	6.44	3.74	
1334	2009-01-14	5.14	5.44	5.14	5.4	23516	5.34	2159	三特索道	SZ	5.13	5.07	
1333	2009-01-14	3.66	3.74	3.64	3.72	145981	0.67	2161	远 望 谷	SZ	3.71	0.67	
1336	2009-01-14	5.55	6.18	5.47	6.18	171587	5.55	2162	斯 米 克	SZ	5.62	5.05	
1321	2009-01-14	1.72	1.81	1.72	1.81	77486	0.57	2163	中航三鑫	SZ	1.73	0.54	
1335	2009-01-14	5.07	5.38	5.07	5.35	64421	2.56	2164	东力传动	SZ	5.15	2.47	
1334	2009-01-14	3.02	3.15	3.02	3.15	79792	0.71	2165	红 宝 丽	SZ	3.01	0.68	
1328	2009-01-14	4.9	5.09	4.89	5.07	17421	2.54	2166	莱茵生物	SZ	4.94	2.47	
1330	2009-01-14	3.27	3.59	3.27	3.59	85675	0.68	2167	东方锆业	SZ	3.26	0.61	
1330	2009-01-14	1.56	1.65	1.55	1.64	142529	0.21	2168	深圳惠程	SZ	1.56	0.2	
1331	2009-01-14	4.84	5.13	4.84	5.11	41071	1.68	2169	智光电气	SZ	4.94	1.63	
1332	2009-01-14	2.48	2.61	2.48	2.6	47774	0.58	2170	芭田股份	SZ	2.5	0.56	
1336	2009-01-14	6.86	7.15	6.85	7.14	20936	7.07	2171	精诚铜业	SZ	6.87	6.8	
1331	2009-01-14	2.61	2.74	2.6	2.71	77166	1.8	2172	澳洋科技	SZ	2.61	1.74	
1336	2009-01-14	4.73	4.93	4.7	4.92	29859	1.63	2173	山 下 湖	SZ	4.73	1.57	
1334	2009-01-14	6.65	6.94	6.65	6.9	11675	6.87	2174	梅 花 伞	SZ	6.67	6.64	
1308	2009-01-14	6.96	7.44	6.96	7.4	22361	7.28	2175	广陆数测	SZ	7.1	6.98	
1321	2009-01-14	2.42	2.56	2.42	2.54	145236	0.69	2176	江特电机	SZ	2.43	0.66	
1328	2009-01-14	2.39	2.54	2.34	2.52	156043	0.58	2177	御银股份	SZ	2.36	0.54	
1336	2009-01-14	5.12	5.35	5.04	5.35	54168	3.14	2178	延华智能	SZ	5.17	3.03	
1337	2009-01-14	7.07	7.47	7.05	7.41	29977	3.23	2179	中航光电	SZ	7.13	3.11	
1336	2009-01-14	6.84	7.17	6.84	7.05	26435	4.55	2180	万 力 达	SZ	6.9	4.45	
1278	2009-01-14	5.92	6.26	5.92	6.2	66689	6.1	2181	粤 传 媒	SZ	5.96	5.86	
1333	2009-01-14	6.81	7.47	6.81	7.47	120287	4.88	2182	云海金属	SZ	6.79	4.43	
1317	2009-01-14	6.4	6.69	6.36	6.57	28203	1.78	2183	怡 亚 通	SZ	6.41	1.74	
1332	2009-01-14	2.08	2.18	2.07	2.18	146899	0.92	2185	华天科技	SZ	2.08	0.88	
1337	2009-01-14	11.65	12.1	11.65	12.07	26802	5.16	2186	全 聚 德	SZ	11.65	4.98	
1334	2009-01-14	9.94	10.29	9.88	10.29	29091	5.14	2187	广百股份	SZ	9.94	4.97	
1290	2009-01-14	3.69	3.85	3.68	3.85	33832	1.96	2188	新 嘉 联	SZ	3.7	1.89	
1336	2009-01-14	5.04	5.65	5.04	5.56	33014	5.51	2189	利达光电	SZ	5.14	5.1	
1316	2009-01-14	3.61	3.83	3.61	3.82	30190	1.75	2190	成飞集成	SZ	3.65	1.68	
1333	2009-01-14	8.54	8.97	8.54	8.93	26941	5.31	2191	劲嘉股份	SZ	8.6	5.11	
1332	2009-01-14	5.98	6.26	5.98	6.2	14053	3.09	2192	路翔股份	SZ	6.1	3.04	
1338	2009-01-14	4.93	5.22	4.93	5.21	32575	5.15	2193	山东如意	SZ	4.98	4.92	
1337	2009-01-14	13.15	13.69	13	13.69	29128	9.44	2194	武汉凡谷	SZ	13.14	9.06	
1338	2009-01-14	7.59	7.93	7.57	7.91	11734	5.09	2195	海隆软件	SZ	7.6	4.89	
1331	2009-01-14	6.54	6.75	6.5	6.74	31712	2.69	2197	证通电子	SZ	6.55	2.62	
1333	2009-01-14	2	2.06	1.97	2.06	63926	0.41	2198	嘉应制药	SZ	1.98	0.39	
1332	2009-01-14	4.41	4.69	4.41	4.67	18473	1.75	2199	东晶电子	SZ	4.49	1.68	
1358	2009-01-14	9.73	9.97	9.63	9.96	19132	8.6	22	深赤湾Ａ	SZ	9.69	8.37	
1306	2009-01-14	18.33	18.7	18.33	18.67	6889	10.22	2200	绿 大 地	SZ	18.33	10.04	
1296	2009-01-14	4.25	4.5	4.2	4.47	38373	2.62	2201	九鼎新材	SZ	4.27	2.5	
1332	2009-01-14	12.39	13.65	12.39	13.65	352721	5.66	2202	金风科技	SZ	12.41	5.14	
1336	2009-01-14	5.2	5.6	5.2	5.55	57767	3.45	2203	海亮股份	SZ	5.27	3.28	
1309	2009-01-14	6.72	7.2	6.72	7.18	47874	3.01	2204	华锐铸钢	SZ	6.8	2.85	
1331	2009-01-14	11.7	12.18	11.58	11.98	15939	9.44	2205	国统股份	SZ	11.76	9.26	
1329	2009-01-14	4.45	4.63	4.4	4.62	39332	1.29	2206	海 利 得	SZ	4.41	1.23	
1332	2009-01-14	9.66	10.3	9.66	10.24	15331	10.07	2207	准油股份	SZ	9.66	9.5	
1334	2009-01-14	3.61	3.84	3.59	3.81	37438	1.77	2208	合肥城建	SZ	3.62	1.68	
1334	2009-01-14	6.01	6.45	6.01	6.45	35830	4.18	2209	达 意 隆	SZ	6.14	3.98	
1335	2009-01-14	2.91	3.09	2.91	3.09	66427	1	2210	飞马国际	SZ	2.94	0.96	
1332	2009-01-14	4.31	4.58	4.31	4.57	54321	3.02	2211	宏达新材	SZ	4.39	2.89	
1327	2009-01-14	4.54	4.89	4.54	4.85	69059	1.42	2212	南洋股份	SZ	4.54	1.33	
1335	2009-01-14	3.8	3.97	3.77	3.94	35868	1.9	2213	特 尔 佳	SZ	3.82	1.84	
1313	2009-01-14	7.14	7.55	7.07	7.47	38845	3.57	2214	大立科技	SZ	7.24	3.46	
1327	2009-01-14	6.23	6.44	6.23	6.39	21072	1.87	2215	诺 普 信	SZ	6.23	1.83	
1331	2009-01-14	6.92	7.1	6.88	7.06	36808	1.65	2216	三全食品	SZ	6.95	1.63	
1334	2009-01-14	6.23	6.76	6.22	6.67	80698	2.81	2217	联合化工	SZ	6.25	2.63	
1331	2009-01-14	7.67	8.24	7.6	8.09	64720	3.44	2218	拓日新能	SZ	7.72	3.29	
1333	2009-01-14	4.45	4.58	4.38	4.54	62743	1.12	2219	独 一 味	SZ	4.42	1.09	
1332	2009-01-14	4.1	4.24	4.09	4.2	34263	0.96	2220	天宝股份	SZ	4.1	0.94	
1329	2009-01-14	2.73	2.9	2.72	2.89	61776	1.41	2221	东华能源	SZ	2.73	1.34	
1338	2009-01-14	4.47	4.75	4.47	4.73	29428	2.83	2222	福晶科技	SZ	4.53	2.71	
1335	2009-01-14	4.61	4.89	4.54	4.89	108574	0.93	2223	鱼跃医疗	SZ	4.61	0.87	
1333	2009-01-14	3.89	4.1	3.84	4.06	47902	1.42	2224	三 力 士	SZ	3.85	1.35	
1325	2009-01-14	3.14	3.43	3.14	3.4	91615	1.93	2225	濮耐股份	SZ	3.14	1.78	
1306	2009-01-14	4.23	4.6	4.23	4.6	111762	1.08	2226	江南化工	SZ	4.18	0.99	
1337	2009-01-14	14.87	15.88	14.58	15.7	27907	15.33	2227	奥 特 迅	SZ	14.58	14.24	
1326	2009-01-14	3.49	3.69	3.43	3.68	27381	1.13	2228	合兴包装	SZ	3.5	1.07	
1331	2009-01-14	3.45	3.68	3.45	3.66	42941	1.03	2229	鸿博股份	SZ	3.49	0.98	
1331	2009-01-14	7.55	7.85	7.5	7.84	33892	1.25	2230	科大讯飞	SZ	7.51	1.2	
1336	2009-01-14	2.6	2.72	2.6	2.72	59043	0.82	2231	奥维通信	SZ	2.62	0.79	
1327	2009-01-14	4.82	5.1	4.82	5.1	47054	1.76	2232	启明信息	SZ	4.89	1.69	
1333	2009-01-14	4.36	4.74	4.36	4.69	247170	2.21	2233	塔牌集团	SZ	4.36	2.05	
1332	2009-01-14	6.57	6.99	6.53	6.97	38321	3.24	2234	民和股份	SZ	6.57	3.06	
1330	2009-01-14	5.22	5.63	5.22	5.59	46588	2.74	2235	安妮股份	SZ	5.22	2.56	
1333	2009-01-14	2.41	2.53	2.36	2.53	103119	0.14	2236	大华股份	SZ	2.41	0.13	
1330	2009-01-14	7.87	8.19	7.82	8.18	53031	1.98	2237	恒邦股份	SZ	7.87	1.91	
1334	2009-01-14	10.67	11.08	10.62	11.07	20429	9	2238	天威视讯	SZ	10.79	8.77	
1329	2009-01-14	5	5.32	4.99	5.28	37463	3.45	2239	金 飞 达	SZ	4.99	3.26	
1337	2009-01-14	4.46	4.67	4.44	4.67	79033	2.87	2240	威华股份	SZ	4.45	2.74	
1328	2009-01-14	2.24	2.33	2.22	2.33	115320	0.19	2241	歌尔声学	SZ	2.24	0.18	
1334	2009-01-14	14.67	15.11	14.5	15.01	38321	3.94	2242	九阳股份	SZ	14.85	3.9	
1330	2009-01-14	7.09	7.44	7.06	7.42	24448	7.1	2243	通产丽星	SZ	7.14	6.83	
1336	2009-01-14	6.66	7.12	6.66	7.08	29024	5.25	2244	滨江集团	SZ	6.72	4.99	
1332	2009-01-14	2.82	3.08	2.82	3.07	100014	0.49	2245	澳洋顺昌	SZ	2.84	0.45	
1290	2009-01-14	5.55	5.95	5.55	5.92	31254	5.7	2246	北化股份	SZ	5.62	5.41	
1336	2009-01-14	4.33	4.59	4.3	4.58	35392	1.37	2247	帝龙新材	SZ	4.35	1.3	
1326	2009-01-14	8.04	8.91	7.99	8.91	97361	4.37	2248	华东数控	SZ	8.1	3.97	
1330	2009-01-14	3.94	4.22	3.93	4.22	136522	0.71	2249	大洋电机	SZ	3.94	0.66	
1325	2009-01-14	3.1	3.4	3.1	3.38	154765	0.82	2250	联化科技	SZ	3.12	0.76	
1335	2009-01-14	10.67	11.07	10.67	11.05	27151	2.59	2251	步 步 高	SZ	10.67	2.5	
1334	2009-01-14	8.46	8.78	8.45	8.78	46673	2.53	2252	上海莱士	SZ	8.46	2.43	
1332	2009-01-14	11.78	12.59	11.78	12.43	49963	4.89	2253	川大智胜	SZ	12.11	4.76	
1337	2009-01-14	6.95	7.26	6.95	7.2	58329	1.4	2254	烟台氨纶	SZ	6.98	1.35	
1334	2009-01-14	8.84	9.3	8.83	9.2	31139	4.39	2255	海陆重工	SZ	8.81	4.21	
1227	2009-01-14	3.91	4.31	3.91	4.19	84100	1.38	2256	彩虹精化	SZ	3.95	1.3	
1313	2009-01-14	10.28	11.07	10.28	11.01	24567	6.99	2258	利尔化学	SZ	10.47	6.65	
1332	2009-01-14	2	2.16	1.99	2.16	167183	0.83	2259	升达林业	SZ	2.02	0.77	
1331	2009-01-14	5.28	5.61	5.28	5.57	45985	4.12	2260	伊 立 浦	SZ	5.33	3.94	
1329	2009-01-14	8.17	8.66	8	8.48	43976	2.33	2261	拓维信息	SZ	8.17	2.25	
1336	2009-01-14	6.91	7.53	6.85	7.35	62897	2.94	2262	恩华药业	SZ	6.97	2.8	
1332	2009-01-14	3.17	3.32	3.14	3.31	131002	1.77	2263	大 东 南	SZ	3.16	1.69	
1330	2009-01-14	4	4.13	3.98	4.1	150550	0.78	2264	新 华 都	SZ	4.01	0.76	
1334	2009-01-14	4.62	4.98	4.62	4.93	96725	4.92	2265	西仪股份	SZ	4.62	4.61	
1328	2009-01-14	2.86	3.01	2.78	2.99	176776	0.3	2266	浙富股份	SZ	2.83	0.28	
1337	2009-01-14	6.18	6.52	6.18	6.47	99849	2.82	2267	陕天然气	SZ	6.28	2.73	
1337	2009-01-14	8.2	8.66	8.2	8.65	37033	3.25	2268	卫 士 通	SZ	8.33	3.13	
1335	2009-01-14	18.06	18.42	18	18.31	20886	10.67	2269	美邦服饰	SZ	18.29	10.66	
1336	2009-01-14	9.87	10.98	9.87	10.98	108435	8.02	2270	法因数控	SZ	9.98	7.29	
1327	2009-01-14	5.86	6.15	5.74	6.05	130833	0.91	2271	东方雨虹	SZ	5.87	0.89	
1335	2009-01-14	5.88	6.24	5.86	6.23	129586	1.72	2272	川润股份	SZ	5.94	1.64	
1332	2009-01-14	5.72	6.08	5.72	6.06	70202	1.36	2273	水晶光电	SZ	5.85	1.31	
1337	2009-01-14	13.35	14.45	13.35	14.42	87185	10.81	2274	华昌化工	SZ	13.46	10.09	
1336	2009-01-14	4.15	4.35	4.11	4.33	27323	4.21	23	深天地Ａ	SZ	4.22	4.1	
1358	2009-01-14	13.5	14.06	13.39	14.02	72005	12.94	24	招商地产	SZ	13.65	12.6	
1358	2009-01-14	4.16	4.3	4.08	4.26	27620	4.26	25	特 力Ａ	SZ	4.2	4.2	
1358	2009-01-14	4.05	4.25	4	4.2	77637	2.85	26	飞亚达Ａ	SZ	4.05	2.75	
1354	2009-01-14	7.08	7.28	7.08	7.23	26789	5.62	27	深圳能源	SZ	7.1	5.52	
1333	2009-01-14	16.45	16.66	16.1	16.65	6676	16.29	28	一致药业	SZ	16.45	16.09	
1329	2009-01-14	2.78	2.88	2.75	2.88	43863	2.88	29	深深房Ａ	SZ	2.81	2.81	
1356	2009-01-14	3.5	3.59	3.46	3.58	112328	3.4	301	东方市场	SZ	3.47	3.3	
1358	2009-01-14	5	5.19	4.96	5.17	196574	5.07	31	中粮地产	SZ	5.02	4.92	
1357	2009-01-14	5.27	5.48	5.23	5.46	36355	5.2	32	深桑达Ａ	SZ	5.27	5.02	
1352	2009-01-14	2.97	3.06	2.96	3.06	30870	3.06	33	新都酒店	SZ	2.98	2.98	
1336	2009-01-14	8.52	8.77	8.43	8.75	152359	3.45	338	潍柴动力	SZ	8.53	3.36	
1153	2009-01-14	1.92	1.98	1.9	1.97	23460	1.97	34	ST深泰	SZ	1.93	1.93	
1349	2009-01-14	2.45	2.52	2.4	2.51	21946	1.99	35	*ST科健	SZ	2.45	1.95	
1359	2009-01-14	2.02	2.08	2.01	2.08	123858	2.08	36	华联控股	SZ	2.03	2.03	
1352	2009-01-14	3.39	3.52	3.38	3.51	32074	3.51	37	深南电Ａ	SZ	3.39	3.39	
1357	2009-01-14	6.43	6.95	6.4	6.78	112437	6.22	39	中集集团	SZ	6.42	5.89	
1295	2009-01-14	4	4.13	3.91	4.1	4945	4.1	4	ST国农	SZ	4.05	4.05	
1302	2009-01-14	3.53	3.71	3.53	3.68	20164	3.62	40	深 鸿 基	SZ	3.59	3.53	
1358	2009-01-14	9.62	10.31	9.62	10.17	68767	7.72	400	许继电气	SZ	9.67	7.34	
1356	2009-01-14	10.38	11.2	10.38	11.08	96223	10.88	401	冀东水泥	SZ	10.38	10.2	
