1201	2009-08-12	14.36	14.66	13.85	13.98	583502	8.54	1	深发展Ａ	SZ	14.43	8.81	
816	2009-08-12	2.5	2.5	2.39	2.39	90516	0.6	10	S ST华新	SZ	2.51	0.63	
1166	2009-08-12	2.05	2.06	1.96	1.97	1006091	0.93	100	TCL 集团	SZ	2.06	0.98	
1208	2009-08-12	10.15	10.19	9.61	9.61	29676	8.73	11	深物业A	SZ	10.12	9.19	
1201	2009-08-12	11.03	11.03	10.09	10.22	315350	5.38	12	南 玻Ａ	SZ	11.14	5.87	
1207	2009-08-12	17.12	17.49	16.59	16.77	28886	16.59	14	沙河股份	SZ	17.1	16.91	
1208	2009-08-12	7.37	7.47	7.01	7.17	64169	7.17	150	宜华地产	SZ	7.4	7.4	
1207	2009-08-12	9.18	9.18	8.67	8.68	44154	8.6	151	中成股份	SZ	9.27	9.19	
1209	2009-08-12	6.47	6.47	6.03	6.1	50637	6.04	153	丰原药业	SZ	6.44	6.38	
1208	2009-08-12	9.5	9.53	8.9	8.95	58936	8.89	155	川化股份	SZ	9.5	9.44	
1199	2009-08-12	7.69	7.69	7.14	7.19	582780	1.97	157	中联重科	SZ	7.72	2.11	
1191	2009-08-12	6.84	6.96	6.51	6.59	104117	6.57	158	常山股份	SZ	6.85	6.83	
1172	2009-08-12	8.61	8.61	8.02	8.06	181572	3.79	159	国际实业	SZ	8.64	4.06	
1206	2009-08-12	5.34	5.34	5.01	5.05	185546	5	16	深康佳Ａ	SZ	5.32	5.27	
1184	2009-08-12	7.02	7.18	6.86	6.91	139627	3.79	1696	宗申动力	SZ	7.02	3.85	
1208	2009-08-12	9.95	9.95	9.5	9.5	8658	9.5	18	ST中冠A	SZ	9.96	9.96	
1198	2009-08-12	7.17	7.17	6.68	6.75	30213	6.75	1896	*ST豫能	SZ	7.22	7.22	
1149	2009-08-12	9.02	9.02	8.15	8.26	25545	8.05	19	深深宝Ａ	SZ	9	8.78	
1208	2009-08-12	12.68	12.91	12.51	12.54	1978371	11.4	2	万 科Ａ	SZ	12.67	11.52	
1206	2009-08-12	7.02	7.02	6.63	6.66	25810	6.66	20	深华发Ａ	SZ	7.02	7.02	
1186	2009-08-12	20.47	20.87	19.62	19.79	56483	9.15	2001	新 和 成	SZ	20.46	9.46	
1155	2009-08-12	6.74	6.76	6.38	6.39	49696	6.39	2002	ST琼花	SZ	6.72	6.72	
1179	2009-08-12	24.31	24.67	23.4	23.8	17572	15.16	2003	伟星股份	SZ	24.31	15.49	
1185	2009-08-12	7.9	8.06	7.53	7.59	76395	2.4	2004	华邦制药	SZ	7.91	2.5	
1174	2009-08-12	4.51	4.51	4.12	4.18	130881	1.38	2006	精功科技	SZ	4.53	1.5	
1187	2009-08-12	20.87	21.74	20.63	21.12	145741	12.99	2007	华兰生物	SZ	20.79	12.79	
1190	2009-08-12	6.34	6.45	5.97	6.01	259166	3.83	2008	大族激光	SZ	6.33	4.03	
1186	2009-08-12	10.41	10.52	9.66	9.76	109554	9.73	2009	天奇股份	SZ	10.56	10.52	
1185	2009-08-12	5.8	5.95	5.49	5.55	123957	2.68	2010	传化股份	SZ	5.8	2.8	
1187	2009-08-12	7.42	7.42	7.1	7.22	84306	3.39	2011	盾安环境	SZ	7.42	3.48	
1190	2009-08-12	5.05	5.05	4.61	4.68	134139	2.23	2012	凯恩股份	SZ	5.05	2.41	
1165	2009-08-12	5.65	5.73	5.31	5.37	62155	2.42	2013	中航精机	SZ	5.7	2.57	
1190	2009-08-12	6.74	6.87	6.65	6.72	96155	2.93	2014	永新股份	SZ	6.74	2.93	
1179	2009-08-12	9.5	9.53	8.89	8.92	69894	8.89	2015	霞客环保	SZ	9.52	9.49	
1187	2009-08-12	6.18	6.34	6.12	6.16	107463	4.32	2016	世荣兆业	SZ	6.19	4.34	
1170	2009-08-12	10.44	10.49	9.67	9.76	43873	8.58	2017	东信和平	SZ	10.45	9.19	
1199	2009-08-12	7.23	7.23	6.76	6.9	215991	3.89	2018	华星化工	SZ	7.25	4.08	
1192	2009-08-12	13.68	13.68	12.55	12.73	50104	12.66	2019	鑫富药业	SZ	13.68	13.6	
1189	2009-08-12	4.53	4.57	4.22	4.3	60342	2.07	2020	京新药业	SZ	4.57	2.2	
1188	2009-08-12	4.3	4.31	4.06	4.2	286930	3.2	2021	中捷股份	SZ	4.31	3.28	
1193	2009-08-12	18.2	18.37	17.7	17.75	132903	16.34	2022	科华生物	SZ	18.28	16.83	
1187	2009-08-12	8.84	9.26	8.66	8.9	162637	6.22	2023	海特高新	SZ	8.89	6.21	
1189	2009-08-12	11.11	11.11	10.37	10.49	995388	6.77	2024	苏宁电器	SZ	11.05	7.13	
1190	2009-08-12	11.84	11.86	11.18	11.21	45444	10.83	2025	航天电器	SZ	11.9	11.49	
1174	2009-08-12	4.76	4.78	4.44	4.46	39123	2.54	2026	山东威达	SZ	4.78	2.72	
1190	2009-08-12	6.18	6.2	5.66	5.72	73983	5.72	2027	七喜控股	SZ	6.2	6.2	
1193	2009-08-12	22.27	22.36	21.08	21.13	57033	19.95	2028	思源电气	SZ	22.27	21.03	
1188	2009-08-12	7.94	7.94	7.12	7.3	73853	3.1	2029	七 匹 狼	SZ	7.86	3.34	
1191	2009-08-12	9.33	9.97	9.08	9.57	215619	6.02	2030	达安基因	SZ	9.26	5.82	
1185	2009-08-12	8.56	9	8.44	8.91	140865	5.76	2031	巨轮股份	SZ	8.77	5.67	
1190	2009-08-12	11.76	11.78	11.16	11.64	28769	7.64	2032	苏 泊 尔	SZ	11.78	7.73	
1155	2009-08-12	9.47	9.5	8.73	8.8	35649	5.01	2033	丽江旅游	SZ	9.48	5.39	
1193	2009-08-12	9.4	9.47	8.7	8.79	17292	8.41	2034	美 欣 达	SZ	9.44	9.03	
1190	2009-08-12	6.58	6.58	6	6.05	62671	3.87	2035	华帝股份	SZ	6.58	4.2	
1194	2009-08-12	7.53	7.71	7.24	7.28	146151	7.12	2036	宜科科技	SZ	7.45	7.28	
1207	2009-08-12	20.66	21.28	20.11	20.17	32728	11.02	2038	双鹭药业	SZ	20.75	11.33	
1193	2009-08-12	16.79	16.87	16.01	16.05	13003	15.7	2039	黔源电力	SZ	16.79	16.43	
1190	2009-08-12	8.25	8.25	7.6	7.63	30886	7.52	2040	南 京 港	SZ	8.25	8.13	
1191	2009-08-12	12.1	12.25	11.3	11.35	89175	5.55	2041	登海种业	SZ	12.11	5.93	
1200	2009-08-12	4.96	4.96	4.6	4.62	105350	1.47	2042	华孚色纺	SZ	4.97	1.59	
1188	2009-08-12	3.29	3.29	3.08	3.09	156953	1.49	2043	兔 宝 宝	SZ	3.31	1.6	
1190	2009-08-12	4.94	4.94	4.62	4.71	23539	3.24	2044	江苏三友	SZ	4.93	3.38	
1187	2009-08-12	8	8	7.43	7.56	34454	4.7	2045	广州国光	SZ	7.83	4.87	
1187	2009-08-12	7.45	7.55	6.95	6.99	47258	3.33	2046	轴研科技	SZ	7.49	3.57	
1192	2009-08-12	3.67	3.69	3.38	3.42	77894	2.14	2047	成霖股份	SZ	3.68	2.3	
1186	2009-08-12	10.06	10.32	9.51	9.55	124487	9.2	2048	宁波华翔	SZ	10.05	9.68	
1159	2009-08-12	9.2	9.2	8.6	8.61	32734	8.45	2049	晶源电子	SZ	9.21	9.04	
1188	2009-08-12	8.74	8.84	8.24	8.25	35844	3.74	2050	三花股份	SZ	8.74	3.96	
1181	2009-08-12	9.42	9.46	8.78	8.79	55877	3.3	2051	中工国际	SZ	9.36	3.52	
1180	2009-08-12	6.3	6.41	6.06	6.1	110001	3.02	2052	同洲电子	SZ	6.32	3.12	
1189	2009-08-12	16.11	16.38	14.85	14.97	74800	14.84	2053	云南盐化	SZ	16.2	16.06	
1192	2009-08-12	9.78	10.13	9.65	9.88	66928	4.2	2054	德美化工	SZ	9.78	4.16	
1186	2009-08-12	4.7	4.93	4.58	4.6	98110	2.26	2055	得润电子	SZ	4.7	2.31	
1190	2009-08-12	13.04	13.06	12.4	12.48	70350	12.4	2056	横店东磁	SZ	12.99	12.9	
1191	2009-08-12	10.48	10.48	9.68	9.92	26781	9.9	2057	中钢天源	SZ	10.48	10.45	
1182	2009-08-12	5.69	5.74	5.36	5.39	29966	2.28	2058	威 尔 泰	SZ	5.72	2.42	
1165	2009-08-12	10.49	10.49	9.8	9.81	21570	9.72	2059	云南旅游	SZ	10.49	10.39	
1185	2009-08-12	5.63	5.64	5.33	5.35	100611	3.59	2060	粤 水 电	SZ	5.65	3.79	
1181	2009-08-12	9.15	9.17	8.47	8.54	41310	5.62	2061	江山化工	SZ	9.22	6.06	
1190	2009-08-12	15.34	15.34	14.71	14.71	27233	8	2062	宏润建设	SZ	15.38	8.36	
1190	2009-08-12	6.92	6.92	6.38	6.4	85763	2.83	2063	远光软件	SZ	6.93	3.06	
1193	2009-08-12	7.88	8.19	7.7	7.93	183298	3.88	2064	华峰氨纶	SZ	7.95	3.89	
1165	2009-08-12	10.49	10.56	9.94	9.99	53124	6.2	2065	东华软件	SZ	10.6	6.58	
1193	2009-08-12	7.31	7.38	6.91	6.93	15384	3.26	2066	瑞泰科技	SZ	7.31	3.43	
1184	2009-08-12	3.2	3.21	2.98	3.02	225188	1.47	2067	景兴纸业	SZ	3.22	1.57	
1184	2009-08-12	6.2	6.57	6.16	6.25	105265	2.94	2068	黑猫股份	SZ	6.31	2.97	
1185	2009-08-12	9.16	9.25	8.47	8.5	115703	2.61	2069	獐 子 岛	SZ	9.3	2.86	
1189	2009-08-12	3.31	3.35	3.15	3.17	80101	1.44	2070	众和股份	SZ	3.32	1.51	
1190	2009-08-12	11.11	11.36	10.93	11.16	177626	4.88	2073	软控股份	SZ	11.15	4.88	
1189	2009-08-12	6.82	6.97	6.47	6.47	128729	3.53	2074	东源电器	SZ	6.82	3.72	
1188	2009-08-12	8.89	8.89	8.37	8.45	17485	8.1	2076	雪 莱 特	SZ	8.89	8.52	
1172	2009-08-12	8.25	8.25	7.6	7.66	19275	7.57	2077	大港股份	SZ	8.22	8.12	
1186	2009-08-12	8.73	8.77	8	8.04	106474	3.83	2078	太阳纸业	SZ	8.66	4.12	
1184	2009-08-12	3.27	3.27	2.96	3.02	100795	1.26	2079	苏州固锝	SZ	3.28	1.37	
1187	2009-08-12	14.15	14.44	13.9	14.04	58862	6.73	2080	中材科技	SZ	14.2	6.81	
1186	2009-08-12	4.35	4.35	4.09	4.13	90939	0.8	2081	金 螳 螂	SZ	4.3	0.83	
1190	2009-08-12	9.34	9.39	8.87	8.96	43774	8.5	2082	栋梁新材	SZ	9.31	8.84	
1193	2009-08-12	10.37	10.43	9.8	9.85	208828	9.73	2083	孚日股份	SZ	10.45	10.32	
1191	2009-08-12	6.03	6.05	5.61	5.68	62471	3.11	2084	海鸥卫浴	SZ	6.06	3.32	
1165	2009-08-12	8.7	8.71	8.22	8.26	12558	7.25	2085	万丰奥威	SZ	8.73	7.67	
1191	2009-08-12	10.18	10.18	9.36	9.47	54297	9.32	2086	东方海洋	SZ	10.18	10.02	
1186	2009-08-12	4.06	4.06	3.79	3.84	40450	2.7	2087	新野纺织	SZ	4.04	2.83	
1190	2009-08-12	19.45	19.86	18.95	19	26844	18.39	2088	鲁阳股份	SZ	19.58	18.96	
1188	2009-08-12	6.88	6.9	6.49	6.51	102470	3.47	2089	新 海 宜	SZ	6.87	3.66	
1133	2009-08-12	9.94	9.94	9.1	9.11	43976	4.4	2090	金智科技	SZ	9.98	4.81	
1193	2009-08-12	12.32	12.51	11.77	11.77	71866	7.64	2091	江苏国泰	SZ	12.2	7.92	
1180	2009-08-12	12.23	12.59	11.67	11.8	253895	7.44	2092	中泰化学	SZ	12.37	7.79	
1188	2009-08-12	5.49	5.53	5.2	5.22	64838	1.74	2093	国脉科技	SZ	5.51	1.83	
1191	2009-08-12	7.03	7.06	6.47	6.5	74214	4.33	2094	青岛金王	SZ	7.07	4.71	
1194	2009-08-12	17.33	18.06	16.58	16.67	52001	9.03	2095	生 意 宝	SZ	17.51	9.49	
1164	2009-08-12	9.1	9.13	8.75	8.76	101320	4.2	2096	南岭民爆	SZ	9.25	4.44	
1190	2009-08-12	13.7	13.7	12.64	12.66	88267	8.35	2097	山河智能	SZ	13.68	9.02	
1186	2009-08-12	9	9.01	8.46	8.5	20422	7.91	2098	浔兴股份	SZ	9.05	8.42	
1185	2009-08-12	4.59	4.59	4.36	4.38	74818	2.08	2099	海翔药业	SZ	4.59	2.19	
1201	2009-08-12	8.52	8.72	8.34	8.45	112097	5.43	21	长城开发	SZ	8.52	5.48	
1183	2009-08-12	9.64	9.64	9.03	9.15	34903	5.3	2100	天康生物	SZ	9.65	5.59	
1180	2009-08-12	7.78	7.78	7.36	7.39	18772	3.58	2101	广东鸿图	SZ	7.78	3.77	
1182	2009-08-12	3.65	3.75	3.44	3.45	111690	1.73	2102	冠福家用	SZ	3.67	1.84	
1191	2009-08-12	8.83	8.9	8.32	8.32	27370	7.85	2103	广博股份	SZ	8.86	8.36	
1191	2009-08-12	10.56	10.58	9.71	9.82	63198	9.64	2104	恒宝股份	SZ	10.56	10.37	
1188	2009-08-12	6.42	6.45	6.03	6.07	31322	5.75	2105	信隆实业	SZ	6.4	6.06	
1193	2009-08-12	8.91	8.95	8.3	8.36	62101	4.45	2106	莱宝高科	SZ	8.92	4.75	
1190	2009-08-12	29.69	29.9	27.4	27.51	18111	27.51	2107	沃华医药	SZ	29.64	29.64	
1184	2009-08-12	6.87	6.93	6.47	6.55	61830	2.08	2108	沧州明珠	SZ	6.95	2.21	
1188	2009-08-12	11.35	11.36	10.35	10.43	165117	9.92	2109	兴化股份	SZ	11.5	10.94	
1183	2009-08-12	16.23	16.24	15.26	15.57	45962	15.41	2110	三钢闽光	SZ	16.27	16.1	
1183	2009-08-12	9.72	9.88	9.18	9.4	16375	5.08	2111	威海广泰	SZ	9.72	5.25	
1189	2009-08-12	6.81	6.99	6.53	6.6	113706	3.61	2112	三变科技	SZ	6.86	3.76	
1173	2009-08-12	8.38	8.41	7.88	7.89	27079	7.89	2113	ST天润	SZ	8.45	8.45	
1192	2009-08-12	15.35	15.35	14.2	14.22	28056	14.22	2114	罗平锌电	SZ	15.41	15.41	
1184	2009-08-12	6.25	6.25	5.97	5.97	40703	1.94	2115	三维通信	SZ	6.26	2.04	
1190	2009-08-12	10.56	10.6	9.89	9.94	26608	5.01	2116	中国海诚	SZ	10.61	5.35	
1183	2009-08-12	11.36	11.51	11.04	11.08	26063	6.27	2117	东港股份	SZ	11.48	6.49	
1144	2009-08-12	5.28	5.31	4.94	5.03	61307	1.48	2118	紫鑫药业	SZ	5.26	1.55	
1182	2009-08-12	7.17	7.23	6.6	6.66	57931	6.56	2119	康强电子	SZ	7.2	7.1	
1127	2009-08-12	9.02	9.1	8.61	8.65	20622	8.47	2120	新海股份	SZ	9.12	8.93	
1186	2009-08-12	11.05	11.14	10.13	10.25	43199	6.77	2121	科陆电子	SZ	11.02	7.27	
1193	2009-08-12	16.43	16.44	15.3	15.31	116045	7.35	2122	天马股份	SZ	16.42	7.89	
1192	2009-08-12	13.86	13.98	13.16	13.24	51852	5.89	2123	荣信股份	SZ	13.86	6.16	
1191	2009-08-12	9.31	9.31	8.87	9.05	19801	5.73	2124	天邦股份	SZ	9.31	5.89	
1178	2009-08-12	7.63	7.65	7.12	7.18	9644	4.47	2125	湘潭电化	SZ	7.63	4.75	
1186	2009-08-12	5.38	5.4	5.01	5.02	44991	1.88	2126	银轮股份	SZ	5.35	2.01	
1188	2009-08-12	5.04	5.04	4.7	4.74	83920	2.43	2127	新民科技	SZ	5.1	2.61	
1191	2009-08-12	29.01	29.01	27.43	27.48	65650	25.63	2128	露天煤业	SZ	29.01	27.06	
1182	2009-08-12	6.13	6.13	5.65	5.73	87504	3.82	2129	中环股份	SZ	6.13	4.09	
1183	2009-08-12	5.53	5.54	5.12	5.13	61228	1.7	2130	沃尔核材	SZ	5.52	1.83	
1105	2009-08-12	9.62	9.62	8.66	8.66	72506	4.31	2131	利欧股份	SZ	9.62	4.79	
1185	2009-08-12	8.71	9.21	8.58	8.83	243220	6.69	2133	广宇集团	SZ	8.78	6.66	
1192	2009-08-12	7.22	7.28	6.72	6.75	71343	6.75	2134	天津普林	SZ	7.31	7.31	
1187	2009-08-12	4.53	4.53	4.21	4.26	74897	1.53	2135	东南网架	SZ	4.53	1.63	
1185	2009-08-12	5.5	5.51	5.15	5.21	24120	2.59	2136	安 纳 达	SZ	5.5	2.73	
1188	2009-08-12	5.34	5.35	4.91	4.96	70999	2.97	2137	实 益 达	SZ	5.38	3.22	
1185	2009-08-12	10.82	10.86	10.16	10.22	35620	5.28	2139	拓邦股份	SZ	10.84	5.6	
1192	2009-08-12	8.93	8.93	8.44	8.47	10982	2.63	2140	东华科技	SZ	8.88	2.75	
1152	2009-08-12	5.69	5.69	5.39	5.56	41631	3.46	2141	蓉胜超微	SZ	5.7	3.55	
1188	2009-08-12	13.55	13.55	12.6	12.8	152277	11.87	2142	宁波银行	SZ	13.58	12.59	
1182	2009-08-12	9.6	9.96	9.23	9.28	42460	7.04	2143	高金食品	SZ	9.72	7.38	
1182	2009-08-12	12.56	12.66	11.44	11.48	24390	11.12	2144	宏达高科	SZ	12.56	12.17	
1183	2009-08-12	9.34	9.92	9.1	9.6	145350	5.13	2146	荣盛发展	SZ	9.46	5.05	
1190	2009-08-12	12.5	12.5	11.7	11.78	31744	11.26	2147	方圆支承	SZ	12.5	11.95	
1190	2009-08-12	9.6	9.6	8.84	9.23	44285	2.94	2148	北纬通信	SZ	9.66	3.08	
1188	2009-08-12	40	42.59	39.6	41	50996	40.29	2149	西部材料	SZ	39.26	38.58	
1193	2009-08-12	6.29	6.41	5.75	5.85	47868	2.28	2150	江苏通润	SZ	6.29	2.45	
1179	2009-08-12	19.72	19.72	17.86	17.94	52052	9.7	2151	北斗星通	SZ	19.8	10.7	
1194	2009-08-12	13.47	13.6	12.79	12.86	58887	5.52	2152	广电运通	SZ	13.46	5.78	
1192	2009-08-12	24.64	24.89	22.83	23.62	11068	16.68	2153	石基信息	SZ	24.64	17.39	
1181	2009-08-12	7.1	7.18	6.76	6.91	27875	3.25	2154	报 喜 鸟	SZ	7.16	3.37	
1190	2009-08-12	13.6	13.6	12.45	12.64	306383	6.74	2155	辰州矿业	SZ	13.63	7.27	
1189	2009-08-12	5.35	5.42	5.07	5.12	48686	3.14	2156	通富微电	SZ	5.36	3.29	
1191	2009-08-12	6.03	6.06	5.62	5.62	60138	3.46	2157	正邦科技	SZ	6.03	3.7	
1193	2009-08-12	8.87	8.87	8.27	8.29	27391	5.05	2158	汉钟精机	SZ	8.91	5.43	
1189	2009-08-12	8.97	8.97	8.38	8.43	46334	8.33	2159	三特索道	SZ	8.99	8.88	
1189	2009-08-12	6.75	6.75	6.38	6.38	79859	2.35	2161	远 望 谷	SZ	6.73	2.48	
1192	2009-08-12	9.93	10.25	9.06	9.22	336181	8.32	2162	斯 米 克	SZ	9.57	8.63	
1177	2009-08-12	4.94	4.96	4.51	4.51	225969	1.45	2163	中航三鑫	SZ	5.01	1.61	
1190	2009-08-12	8.59	8.62	8.1	8.15	51753	3.95	2164	东力传动	SZ	8.6	4.18	
1190	2009-08-12	7.12	7.22	6.56	6.66	67700	2.23	2165	红 宝 丽	SZ	7.27	2.43	
1184	2009-08-12	19.33	21.35	18.45	21.24	144219	10.62	2166	莱茵生物	SZ	19.44	9.72	
1186	2009-08-12	6.42	7.02	6.42	6.66	115727	1.26	2167	东方锆业	SZ	6.42	1.21	
1186	2009-08-12	5.03	5.03	4.56	4.59	263662	1.27	2168	深圳惠程	SZ	5.03	1.39	
1187	2009-08-12	11.72	11.72	10.81	10.85	100041	7.21	2169	智光电气	SZ	11.87	7.89	
1188	2009-08-12	3.96	3.97	3.68	3.68	73023	1.51	2170	芭田股份	SZ	3.94	1.62	
1191	2009-08-12	15.32	15.33	14.25	14.35	22460	14.21	2171	精诚铜业	SZ	15.33	15.18	
1187	2009-08-12	9.13	9.36	8.45	8.65	150702	5.77	2172	澳洋科技	SZ	9.1	6.07	
1192	2009-08-12	7.58	8.2	7.5	7.95	147305	3.95	2173	山 下 湖	SZ	7.6	3.78	
1163	2009-08-12	12.09	12.36	11.83	12.26	25870	12.06	2175	广陆数测	SZ	12.13	11.93	
1176	2009-08-12	3.83	3.84	3.57	3.59	109814	0.98	2176	江特电机	SZ	3.86	1.06	
1184	2009-08-12	5	5	4.59	4.62	98927	1.59	2177	御银股份	SZ	5	1.72	
1192	2009-08-12	8.05	8.13	7.7	7.74	52164	4.54	2178	延华智能	SZ	8.07	4.73	
1193	2009-08-12	12.39	12.39	11.84	11.85	37439	7.78	2179	中航光电	SZ	12.39	8.13	
1191	2009-08-12	11.01	11.42	10.59	10.79	53859	7.04	2180	万 力 达	SZ	11.05	7.2	
1133	2009-08-12	11.2	11.2	10.18	10.28	47355	10.14	2181	粤 传 媒	SZ	11.24	11.09	
1188	2009-08-12	11.14	11.33	10.79	10.84	30969	7.11	2182	云海金属	SZ	11.3	7.41	
1173	2009-08-12	7.64	7.68	7.24	7.38	86914	3.14	2183	怡 亚 通	SZ	7.63	3.25	
1193	2009-08-12	11.18	11.24	10.41	10.45	35216	10.2	2184	海得控制	SZ	11.24	10.97	
1188	2009-08-12	3.35	3.37	3.16	3.18	116875	1.48	2185	华天科技	SZ	3.36	1.57	
1192	2009-08-12	16.53	16.53	15.36	15.4	46536	6.8	2186	全 聚 德	SZ	16.6	7.33	
1189	2009-08-12	15.5	15.63	14.43	14.5	25515	7.45	2187	广百股份	SZ	15.49	7.96	
1146	2009-08-12	7.67	7.72	7.08	7.12	45515	5.44	2188	新 嘉 联	SZ	7.65	5.86	
1191	2009-08-12	8.01	8.01	7.41	7.46	34468	7.43	2189	利达光电	SZ	8.02	7.99	
1172	2009-08-12	6.64	6.66	6.16	6.2	46201	2.94	2190	成飞集成	SZ	6.63	3.15	
1189	2009-08-12	12.65	12.78	11.95	11.99	60726	10.95	2191	劲嘉股份	SZ	12.66	11.56	
1188	2009-08-12	20.29	21.4	20.2	20.22	36131	20.18	2192	路翔股份	SZ	20.4	20.36	
1193	2009-08-12	10.41	10.56	10.01	10.02	21206	9.94	2193	山东如意	SZ	10.57	10.49	
1193	2009-08-12	18	18.05	16.9	17.05	25569	15.53	2194	武汉凡谷	SZ	18	16.39	
1193	2009-08-12	13.73	13.75	13.21	13.25	13120	8.59	2195	海隆软件	SZ	13.76	8.92	
1187	2009-08-12	13.07	13.07	12.37	12.41	34793	7.91	2196	方正电机	SZ	13.09	8.34	
1187	2009-08-12	12.6	12.6	11.81	11.89	14505	7.25	2197	证通电子	SZ	12.6	7.68	
1189	2009-08-12	3.5	3.82	3.49	3.82	348959	0.75	2198	嘉应制药	SZ	3.48	0.68	
1188	2009-08-12	8.19	8.19	7.75	7.78	30658	3.87	2199	东晶电子	SZ	8.26	4.11	
1208	2009-08-12	15.7	15.7	14.7	14.94	32772	13.31	22	深赤湾Ａ	SZ	15.73	14.01	
1162	2009-08-12	22.8	23.08	21.5	21.62	37981	21.62	2200	绿 大 地	SZ	22.89	22.89	
1152	2009-08-12	8.47	8.49	7.72	7.83	57944	4.59	2201	九鼎新材	SZ	8.51	4.98	
1188	2009-08-12	20.34	20.34	18.75	18.98	406121	11.18	2202	金风科技	SZ	20.46	12.05	
1191	2009-08-12	9.42	9.42	8.99	9.02	24128	5.71	2203	海亮股份	SZ	9.43	5.97	
1164	2009-08-12	11.06	11.07	10.09	10.36	72435	4.41	2204	华锐铸钢	SZ	11.06	4.71	
1187	2009-08-12	15.46	15.46	14.2	14.3	12659	14.12	2205	国统股份	SZ	15.46	15.27	
1185	2009-08-12	10.31	10.6	10.04	10.3	50298	2.97	2206	海 利 得	SZ	10.38	2.99	
1187	2009-08-12	23.19	23.19	21.53	21.53	17006	21.37	2207	准油股份	SZ	23.19	23.02	
1190	2009-08-12	8.93	9.01	8.42	8.6	24764	5.61	2209	达 意 隆	SZ	8.97	5.85	
1191	2009-08-12	5.12	5.12	4.67	4.7	50651	2.34	2210	飞马国际	SZ	5.13	2.55	
1187	2009-08-12	7.2	7.22	6.81	6.86	58794	4.56	2211	宏达新材	SZ	7.26	4.83	
1183	2009-08-12	8.68	8.68	8.22	8.27	39451	3.85	2212	南洋股份	SZ	8.64	4.02	
1191	2009-08-12	5.44	5.44	5.11	5.18	61270	2.55	2213	特 尔 佳	SZ	5.49	2.7	
1168	2009-08-12	9.54	9.6	9.2	9.22	12254	4.46	2214	大立科技	SZ	9.54	4.61	
1183	2009-08-12	8.36	8.36	7.92	7.97	40861	3.12	2215	诺 普 信	SZ	8.4	3.29	
1187	2009-08-12	9.74	9.75	8.9	9.07	43570	4.35	2216	三全食品	SZ	9.74	4.67	
1190	2009-08-12	7.27	7.29	6.74	6.77	66004	4.37	2217	联合化工	SZ	7.29	4.71	
1187	2009-08-12	20.07	20.37	18.84	18.89	70553	12.25	2218	拓日新能	SZ	20.31	13.17	
1189	2009-08-12	9.39	9.44	8.76	8.89	291580	2.18	2219	独 一 味	SZ	8.75	2.15	
1188	2009-08-12	4.88	4.88	4.63	4.63	71619	1.12	2220	天宝股份	SZ	4.89	1.18	
1184	2009-08-12	4.6	4.61	4.26	4.3	94715	2.11	2221	东华能源	SZ	4.64	2.28	
1193	2009-08-12	6.53	6.53	6.06	6.11	99634	3.81	2222	福晶科技	SZ	6.54	4.08	
1191	2009-08-12	7.89	8.01	7.36	7.45	42301	2.21	2223	鱼跃医疗	SZ	7.89	2.33	
1189	2009-08-12	6.19	6.26	5.83	5.88	86059	2.08	2224	三 力 士	SZ	6.19	2.19	
1181	2009-08-12	6.65	6.79	6.1	6.12	102983	4.59	2225	濮耐股份	SZ	6.7	5.02	
1162	2009-08-12	9.66	9.78	8.97	9.01	36381	2.8	2226	江南化工	SZ	9.68	3.01	
1192	2009-08-12	20.69	20.7	19.55	19.6	9916	19.31	2227	奥 特 迅	SZ	20.69	20.38	
1182	2009-08-12	8.57	8.57	8.14	8.16	24329	4.89	2228	合兴包装	SZ	8.58	5.14	
1187	2009-08-12	8.69	8.7	8.05	8.09	191008	2.35	2229	鸿博股份	SZ	8.69	2.52	
1187	2009-08-12	17.24	17.46	16.25	16.58	72781	4.15	2230	科大讯飞	SZ	17.26	4.32	
1192	2009-08-12	4.58	4.58	4.27	4.29	42182	1.32	2231	奥维通信	SZ	4.59	1.41	
1183	2009-08-12	12.32	12.38	11.43	11.46	53815	8.09	2232	启明信息	SZ	12.38	8.74	
1188	2009-08-12	8.24	8.54	8.05	8.14	75392	3.9	2233	塔牌集团	SZ	8.24	3.95	
1187	2009-08-12	7.79	7.84	7.36	7.36	29963	3.43	2234	民和股份	SZ	7.8	3.63	
1186	2009-08-12	10.03	10.05	9.38	9.38	21380	6.99	2235	安妮股份	SZ	10	7.45	
1186	2009-08-12	26.02	26.02	24	24.35	68210	12.01	2237	恒邦股份	SZ	26.02	12.83	
1189	2009-08-12	13.83	13.83	13.08	13.08	48251	10.71	2238	天威视讯	SZ	13.88	11.36	
1185	2009-08-12	9.79	9.81	9	9.03	48689	8.94	2239	金 飞 达	SZ	9.82	9.73	
1192	2009-08-12	6.76	6.76	6.22	6.33	53183	3.96	2240	威华股份	SZ	6.76	4.23	
1184	2009-08-12	3.31	3.31	3.08	3.09	125808	0.55	2241	歌尔声学	SZ	3.32	0.59	
1190	2009-08-12	19.17	19.2	17.99	18.05	55272	9.38	2242	九阳股份	SZ	19.19	9.98	
1185	2009-08-12	14.92	16.05	14.92	15.41	45634	14.92	2243	通产丽星	SZ	14.87	14.4	
1192	2009-08-12	15.75	16.16	15.56	15.6	66779	15.23	2244	滨江集团	SZ	15.77	15.4	
1188	2009-08-12	4.13	4.13	3.87	3.88	49045	1.26	2245	澳洋顺昌	SZ	4.14	1.35	
1145	2009-08-12	15.34	15.35	14.76	14.8	14081	14.35	2246	北化股份	SZ	15.29	14.82	
1192	2009-08-12	7.1	7.3	6.93	6.95	68097	2.12	2247	帝龙新材	SZ	7.06	2.15	
1182	2009-08-12	11.98	12.05	11.3	11.41	26327	5.65	2248	华东数控	SZ	11.94	5.91	
1186	2009-08-12	11.37	11.45	10.67	10.68	68054	3.85	2249	大洋电机	SZ	11.45	4.13	
1181	2009-08-12	6.96	7.02	6.59	6.62	95448	1.72	2250	联化科技	SZ	6.94	1.8	
1191	2009-08-12	15.16	15.24	14.17	14.32	56565	6.75	2251	步 步 高	SZ	15.24	7.19	
1190	2009-08-12	9.39	9.51	8.87	8.99	70200	2.82	2252	上海莱士	SZ	9.41	2.96	
1188	2009-08-12	16.41	16.97	16.06	16.41	44788	8.03	2253	川大智胜	SZ	16.59	8.12	
1193	2009-08-12	9.81	10.05	9.17	9.2	91409	2.61	2254	烟台氨纶	SZ	9.84	2.79	
1083	2009-08-12	6.51	6.58	6.07	6.12	48497	3.37	2256	彩虹精化	SZ	6.52	3.59	
1169	2009-08-12	27.69	28.03	26.47	26.73	42653	17.27	2258	利尔化学	SZ	27.69	17.89	
1188	2009-08-12	3.05	3.06	2.86	2.87	76603	1.12	2259	升达林业	SZ	3.06	1.2	
1187	2009-08-12	8.96	9.24	8.77	8.86	103377	8.63	2260	伊 立 浦	SZ	8.94	8.71	
1185	2009-08-12	12.23	12.29	11.64	11.68	21237	4.54	2261	拓维信息	SZ	12.32	4.79	
1192	2009-08-12	8.73	8.86	8.36	8.39	35868	5.11	2262	恩华药业	SZ	8.82	5.37	
1186	2009-08-12	6.8	6.8	6.44	6.45	36526	1.28	2264	新 华 都	SZ	6.79	1.35	
1189	2009-08-12	8.9	8.92	8.16	8.17	51116	8.15	2265	西仪股份	SZ	8.9	8.88	
1183	2009-08-12	3.54	3.58	3.42	3.43	145396	0.36	2266	浙富股份	SZ	3.54	0.38	
1192	2009-08-12	10.64	10.64	9.85	9.9	276513	4.5	2267	陕天然气	SZ	10.64	4.84	
1193	2009-08-12	10.57	10.67	9.79	10.17	25689	4.68	2268	卫 士 通	SZ	10.67	4.91	
1191	2009-08-12	19.33	19.33	18.42	18.5	24654	16.43	2269	美邦服饰	SZ	19.37	17.21	
1191	2009-08-12	12.62	12.62	11.75	11.78	24491	8.69	2270	法因数控	SZ	12.62	9.31	
1183	2009-08-12	6.22	6.22	5.91	5.93	21849	1.43	2271	东方雨虹	SZ	6.22	1.5	
1190	2009-08-12	6.87	6.87	6.2	6.23	65264	1.99	2272	川润股份	SZ	6.85	2.19	
1188	2009-08-12	6.05	6.08	5.52	5.58	53907	1.3	2273	水晶光电	SZ	6.04	1.41	
1188	2009-08-12	15.77	15.79	14.7	14.92	27234	11.4	2274	华昌化工	SZ	15.79	12.07	
1190	2009-08-12	24.82	24.83	22.77	22.78	55900	15.53	2275	桂林三金	SZ	24.83	16.92	
1171	2009-08-12	14.08	14.54	13.61	13.72	98019	7.43	2276	万马电缆	SZ	14.28	7.73	
1186	2009-08-12	11.53	11.53	10.43	10.55	129305	3.46	2277	友阿股份	SZ	11.53	3.79	
1210	2009-08-12	18.84	19.58	17.73	17.76	210120	10.68	2278	神开股份	SZ	19.7	11.84	
1209	2009-08-12	19.02	21.06	18.58	20	158743	6.39	2279	久其软件	SZ	19.55	6.24	
1191	2009-08-12	8.5	8.52	8	8.01	21893	7.79	23	深天地Ａ	SZ	8.62	8.38	
1208	2009-08-12	30.7	32.3	30.26	31.5	368679	29.18	24	招商地产	SZ	30.68	28.42	
1208	2009-08-12	9.3	9.39	8.74	8.75	12368	8.75	25	特 力Ａ	SZ	9.33	9.33	
1208	2009-08-12	6.63	6.64	6.29	6.36	35920	4.38	26	飞亚达Ａ	SZ	6.63	4.56	
1204	2009-08-12	11.23	11.23	10.61	10.68	200065	8.38	27	深圳能源	SZ	11.21	8.79	
1188	2009-08-12	21.86	22.05	20.7	21.05	14003	20.71	28	一致药业	SZ	21.84	21.48	
1184	2009-08-12	6	6.04	5.78	5.78	61317	5.78	29	深深房Ａ	SZ	6.04	6.04	
885	2009-08-12	6.14	6.14	5.8	5.8	29318	5.8	30	*ST盛润A	SZ	6.11	6.11	
1206	2009-08-12	7.08	7.19	6.78	6.86	347817	6.61	301	东方市场	SZ	7	6.74	
1208	2009-08-12	13.13	13.5	12.75	13.1	422280	12.85	31	中粮地产	SZ	13.13	12.88	
1207	2009-08-12	8.3	8.35	7.75	7.79	56415	7.58	32	深桑达Ａ	SZ	8.34	8.11	
1202	2009-08-12	5.5	5.55	5.15	5.16	55872	5.16	33	新都酒店	SZ	5.52	5.52	
1192	2009-08-12	18.54	18.54	17.08	17.5	103333	6.94	338	潍柴动力	SZ	18.4	7.3	
1009	2009-08-12	6.07	6.23	5.85	5.85	44319	5.85	34	ST深泰	SZ	6.16	6.16	
1199	2009-08-12	4.8	4.8	4.56	4.56	39777	3.62	35	*ST科健	SZ	4.8	3.81	
1209	2009-08-12	5.95	6.08	5.77	5.85	225511	5.85	36	华联控股	SZ	5.95	5.95	
1202	2009-08-12	6.13	6.17	5.73	5.76	28744	5.76	37	深南电Ａ	SZ	6.12	6.12	
1207	2009-08-12	12.31	12.35	11.5	11.54	282337	10.75	39	中集集团	SZ	12.29	11.45	
1145	2009-08-12	8.38	8.5	8	8	15317	8	4	ST国农	SZ	8.42	8.42	
1152	2009-08-12	7	7.11	6.82	6.83	43151	6.72	40	深 鸿 基	SZ	6.98	6.87	
1208	2009-08-12	16.52	17.02	16.32	16.9	236211	12.83	400	许继电气	SZ	16.59	12.59	
1206	2009-08-12	15.65	16.22	15.15	15.22	108646	15.06	401	冀东水泥	SZ	15.69	15.52	
