1148	2009-10-26	14.36	14.44	14.11	14.26	259818	8.7	000001	深发展Ａ	SZ	14.26	8.7	
1155	2009-10-26	12.52	12.69	12.4	12.47	1024536	11.33	000002	万 科Ａ	SZ	12.47	11.33	
1092	2009-10-26	8.71	9.29	8.71	9.23	21519	9.23	000004	ST国农	SZ	8.92	8.92	
763	2009-10-26	2.31	2.32	2.29	2.31	59587	0.58	000010	S ST华新	SZ	2.3	0.58	
1148	2009-10-26	10	10.01	9.74	9.85	195899	5.18	000012	南 玻Ａ	SZ	9.97	5.25	
1154	2009-10-26	16.01	16.3	15.7	15.73	38701	15.56	000014	沙河股份	SZ	15.95	15.77	
1153	2009-10-26	4.9	4.92	4.81	4.87	130443	4.83	000016	深康佳Ａ	SZ	4.9	4.86	
1155	2009-10-26	8.3	8.47	8.3	8.4	9375	8.4	000018	ST中冠A	SZ	8.39	8.39	
1096	2009-10-26	7.8	7.93	7.76	7.86	22371	7.66	000019	深深宝Ａ	SZ	7.82	7.63	
1153	2009-10-26	7.45	7.82	7.45	7.7	58889	7.7	000020	深华发Ａ	SZ	7.49	7.49	
1148	2009-10-26	8.17	8.3	8.01	8.05	85534	5.18	000021	长城开发	SZ	8.23	5.3	
1155	2009-10-26	13.87	14.12	13.73	14.09	19934	12.55	000022	深赤湾Ａ	SZ	13.85	12.33	
1138	2009-10-26	9.23	9.33	9.16	9.25	38380	9.13	000023	深天地Ａ	SZ	9.22	9.1	
1155	2009-10-26	31.25	31.6	30.48	30.88	105495	28.6	000024	招商地产	SZ	31.52	29.2	
1155	2009-10-26	8.75	8.8	8.5	8.65	16058	8.65	000025	特 力Ａ	SZ	8.78	8.78	
1155	2009-10-26	6.72	6.84	6.61	6.83	59680	4.7	000026	飞亚达Ａ	SZ	6.67	4.59	
1151	2009-10-26	10.47	10.57	10.32	10.57	186220	8.3	000027	深圳能源	SZ	10.42	8.17	
1135	2009-10-26	23.34	24.28	23.34	24.13	40901	23.74	000028	一致药业	SZ	23.33	22.95	
832	2009-10-26	7.05	7.05	6.81	6.84	16130	6.84	000030	*ST盛润A	SZ	7.06	7.06	
1155	2009-10-26	13.34	13.45	13.1	13.29	245152	13.04	000031	中粮地产	SZ	13.34	13.09	
1154	2009-10-26	7.45	7.52	7.32	7.36	26233	7.16	000032	深桑达Ａ	SZ	7.46	7.26	
1149	2009-10-26	6.7	6.84	6.53	6.66	289735	6.66	000033	新都酒店	SZ	6.87	6.87	
956	2009-10-26	7.82	7.9	7.66	7.71	85524	7.71	000034	ST深泰	SZ	7.99	7.99	
1146	2009-10-26	4.76	4.83	4.68	4.72	28434	3.74	000035	*ST科健	SZ	4.74	3.76	
1156	2009-10-26	5.38	5.61	5.33	5.54	270593	5.54	000036	华联控股	SZ	5.35	5.35	
1149	2009-10-26	6.28	6.3	6.13	6.23	63340	6.23	000037	深南电Ａ	SZ	6.27	6.27	
1154	2009-10-26	11.04	11.25	10.98	11.06	128618	10.31	000039	中集集团	SZ	11.04	10.29	
1099	2009-10-26	6.83	6.92	6.62	6.69	77083	6.58	000040	深 鸿 基	SZ	6.83	6.72	
1113	2009-10-26	1.9	1.92	1.89	1.9	647649	0.9	000100	TCL 集团	SZ	1.9	0.9	
1155	2009-10-26	7.87	7.94	7.66	7.75	86783	7.75	000150	宜华地产	SZ	7.86	7.86	
1154	2009-10-26	8.05	8.2	8	8.07	37667	8	000151	中成股份	SZ	8.09	8.02	
1156	2009-10-26	6.16	6.49	6.11	6.36	152115	6.3	000153	丰原药业	SZ	6.14	6.08	
1155	2009-10-26	8.2	8.3	8.11	8.18	35184	8.13	000155	川化股份	SZ	8.18	8.13	
1146	2009-10-26	8.4	8.4	8.14	8.19	799114	2.24	000157	中联重科	SZ	8.46	2.31	
1138	2009-10-26	6.82	7.22	6.78	7.03	347725	7.01	000158	常山股份	SZ	6.81	6.79	
1120	2009-10-26	8.04	8.06	7.86	7.95	147396	3.74	000159	国际实业	SZ	8	3.76	
1153	2009-10-26	6.49	6.49	6.35	6.42	219243	6.18	000301	东方市场	SZ	6.5	6.26	
1139	2009-10-26	24.67	25.83	24.67	25.83	159514	10.24	000338	潍柴动力	SZ	23.96	9.5	
1155	2009-10-26	18.38	18.69	18.08	18.55	85994	14.08	000400	许继电气	SZ	18.16	13.79	
1153	2009-10-26	14.86	15.12	14.55	14.75	122608	14.59	000401	冀东水泥	SZ	14.8	14.64	
1131	2009-10-26	8.24	8.28	7.99	8.15	101371	4.47	001696	宗申动力	SZ	8.24	4.52	
1145	2009-10-26	7.82	7.83	7.47	7.62	104642	7.62	001896	*ST豫能	SZ	7.94	7.94	
1133	2009-10-26	22.1	22.75	22.08	22.46	121956	10.39	002001	新 和 成	SZ	21.85	10.11	
1102	2009-10-26	9.4	9.92	9.35	9.92	77858	9.92	002002	ST琼花	SZ	9.45	9.45	
1126	2009-10-26	23.35	24.24	23.3	24.13	29721	15.37	002003	伟星股份	SZ	23.37	14.89	
1132	2009-10-26	11.23	11.67	11.23	11.53	55036	3.65	002004	华邦制药	SZ	11.23	3.55	
1126	2009-10-26	7.05	7.12	6.75	6.83	162069	3.38	002005	德豪润达	SZ	6.98	3.45	
1121	2009-10-26	4.84	4.89	4.73	4.76	148783	1.58	002006	精功科技	SZ	4.8	1.59	
1134	2009-10-26	33.36	35.19	33.36	35.19	431351	21.65	002007	华兰生物	SZ	31.99	19.68	
1137	2009-10-26	5.56	5.7	5.5	5.67	210416	3.61	002008	大族激光	SZ	5.56	3.54	
1133	2009-10-26	8.49	8.49	8.33	8.41	33146	8.38	002009	天奇股份	SZ	8.43	8.4	
1132	2009-10-26	6.41	6.57	6.25	6.5	94428	3.14	002010	传化股份	SZ	6.4	3.09	
1134	2009-10-26	6.81	7.09	6.81	7.05	109761	3.31	002011	盾安环境	SZ	6.87	3.22	
1137	2009-10-26	4.39	4.57	4.35	4.57	210688	2.18	002012	凯恩股份	SZ	4.35	2.07	
1112	2009-10-26	5.43	5.49	5.37	5.45	50214	2.46	002013	中航精机	SZ	5.42	2.44	
1137	2009-10-26	6.93	7.05	6.86	6.97	59873	3.04	002014	永新股份	SZ	6.93	3.02	
1126	2009-10-26	11.5	11.63	11.28	11.39	46120	11.35	002015	霞客环保	SZ	11.36	11.32	
1134	2009-10-26	6.1	6.31	5.99	6	109855	4.21	002016	世荣兆业	SZ	5.93	4.16	
1117	2009-10-26	11.98	12.08	11.44	11.9	73060	10.46	002017	东信和平	SZ	11.95	10.51	
1146	2009-10-26	6.14	6.14	6.03	6.09	126944	3.43	002018	华星化工	SZ	6.19	3.49	
1139	2009-10-26	13.7	13.98	13.67	13.79	59199	13.71	002019	鑫富药业	SZ	13.77	13.69	
1136	2009-10-26	4.57	4.57	4.39	4.45	68742	2.15	002020	京新药业	SZ	4.38	2.11	
1135	2009-10-26	4.42	4.48	4.3	4.35	233490	3.31	002021	中捷股份	SZ	4.45	3.39	
1140	2009-10-26	19.35	20.56	19.06	20.16	386726	18.56	002022	科华生物	SZ	18.73	17.24	
1134	2009-10-26	10.5	10.68	10.06	10.64	89639	7.44	002023	海特高新	SZ	10.47	7.32	
1136	2009-10-26	11.01	11.09	10.8	10.9	421417	7.03	002024	苏宁电器	SZ	10.97	7.08	
1137	2009-10-26	10.95	11.07	10.79	10.96	58404	10.59	002025	航天电器	SZ	10.96	10.59	
1121	2009-10-26	4.7	4.76	4.61	4.68	37365	2.66	002026	山东威达	SZ	4.69	2.67	
1137	2009-10-26	6.07	6.16	5.81	5.83	95813	5.83	002027	七喜控股	SZ	6.06	6.06	
1140	2009-10-26	23.68	24.33	23.57	24.33	76475	22.98	002028	思源电气	SZ	23.55	22.24	
1135	2009-10-26	8.76	8.8	8.47	8.6	27806	3.65	002029	七 匹 狼	SZ	8.71	3.7	
1138	2009-10-26	10.16	10.67	10.07	10.59	652675	6.66	002030	达安基因	SZ	9.72	6.11	
1132	2009-10-26	7.19	7.21	6.97	7.1	83765	4.59	002031	巨轮股份	SZ	7.13	4.61	
1137	2009-10-26	13.77	14.26	13.71	14.13	26666	9.27	002032	苏 泊 尔	SZ	13.73	9	
1102	2009-10-26	9.97	9.99	9.6	9.73	45125	5.54	002033	丽江旅游	SZ	9.91	5.64	
1140	2009-10-26	12.04	12.15	11.77	12	41731	11.48	002034	美 欣 达	SZ	12.04	11.52	
1137	2009-10-26	6.01	6.4	6	6.13	157114	3.92	002035	华帝股份	SZ	5.95	3.8	
1141	2009-10-26	6.61	6.64	6.47	6.53	32703	6.39	002036	宜科科技	SZ	6.61	6.46	
1129	2009-10-26	8.08	8.25	7.9	8	107318	3.68	002037	久联发展	SZ	8.1	3.73	
1154	2009-10-26	21.52	21.83	21.21	21.48	29134	11.73	002038	双鹭药业	SZ	21.51	11.75	
1140	2009-10-26	16.39	16.5	16.04	16.15	12433	15.8	002039	黔源电力	SZ	16.32	15.97	
1137	2009-10-26	8.31	8.38	8.08	8.15	31455	8.03	002040	南 京 港	SZ	8.34	8.22	
1138	2009-10-26	15.4	15.4	14.73	14.93	75144	7.3	002041	登海种业	SZ	15.12	7.4	
1147	2009-10-26	5.05	5.22	4.95	5.19	125949	1.66	002042	华孚色纺	SZ	5.07	1.62	
1135	2009-10-26	3.1	3.16	3.08	3.13	162873	1.51	002043	兔 宝 宝	SZ	3.08	1.48	
1137	2009-10-26	5.19	5.19	5.07	5.18	13876	3.56	002044	江苏三友	SZ	5.19	3.56	
1134	2009-10-26	8.67	8.71	8.36	8.4	44850	5.22	002045	广州国光	SZ	8.55	5.31	
1134	2009-10-26	7.13	7.16	6.94	7.03	42480	3.35	002046	轴研科技	SZ	7.11	3.39	
1139	2009-10-26	4.51	4.56	4.42	4.5	81605	2.81	002047	成霖股份	SZ	4.53	2.83	
1135	2009-10-26	9.61	10.4	9.55	10.23	286813	9.85	002048	宁波华翔	SZ	9.59	9.24	
1106	2009-10-26	9.15	9.25	8.92	9.19	35802	9.02	002049	晶源电子	SZ	9.14	8.97	
1136	2009-10-26	8.53	8.68	8.39	8.57	37626	3.89	002050	三花股份	SZ	8.51	3.86	
1128	2009-10-26	8.66	8.68	8.42	8.46	54417	3.18	002051	中工国际	SZ	8.63	3.24	
1128	2009-10-26	5.6	5.62	5.49	5.55	109258	2.74	002052	同洲电子	SZ	5.62	2.78	
1136	2009-10-26	13.99	14.25	13.74	14.25	66063	14.13	002053	云南盐化	SZ	13.99	13.87	
1139	2009-10-26	12.67	12.67	12.22	12.5	106468	8.5	002054	德美化工	SZ	12.69	8.63	
1134	2009-10-26	6.4	6.59	6.36	6.43	54184	3.16	002055	得润电子	SZ	6.43	3.16	
1137	2009-10-26	13.59	14.3	13.53	13.78	141924	13.69	002056	横店东磁	SZ	13.63	13.54	
1138	2009-10-26	9.51	9.71	9.45	9.7	14471	9.68	002057	中钢天源	SZ	9.49	9.47	
1130	2009-10-26	6.09	6.16	5.96	6.07	23786	2.57	002058	威 尔 泰	SZ	6.07	2.57	
1112	2009-10-26	9	9.45	8.96	9.28	45377	9.19	002059	云南旅游	SZ	9	8.91	
1132	2009-10-26	5.6	5.61	5.52	5.59	90859	3.76	002060	粤 水 电	SZ	5.56	3.74	
1128	2009-10-26	9.87	10.45	9.81	10.45	57625	6.87	002061	江山化工	SZ	9.9	6.51	
1137	2009-10-26	14.55	15.17	14.55	15.07	121276	8.19	002062	宏润建设	SZ	14.37	7.81	
1137	2009-10-26	7.23	7.35	7.08	7.12	59721	3.14	002063	远光软件	SZ	7.24	3.2	
1140	2009-10-26	7.14	7.2	6.99	7.03	83563	3.44	002064	华峰氨纶	SZ	7.14	3.49	
1112	2009-10-26	12.24	12.26	11.99	11.99	49990	7.45	002065	东华软件	SZ	12.24	7.6	
1140	2009-10-26	7.14	7.18	7.03	7.15	25420	3.36	002066	瑞泰科技	SZ	7.13	3.35	
1131	2009-10-26	3.02	3.02	2.96	2.99	202675	1.46	002067	景兴纸业	SZ	3.02	1.47	
1131	2009-10-26	6.4	6.42	6.25	6.27	47157	2.95	002068	黑猫股份	SZ	6.4	3.01	
1132	2009-10-26	9.13	9.15	8.83	8.94	56688	2.75	002069	獐 子 岛	SZ	9.11	2.8	
1136	2009-10-26	3.19	3.28	3.18	3.28	123987	1.49	002070	众和股份	SZ	3.2	1.45	
1134	2009-10-26	5.14	5.39	5.1	5.32	56095	3.52	002071	江苏宏宝	SZ	5.13	3.4	
1128	2009-10-26	10.37	10.74	10.26	10.7	71620	10.7	002072	*ST德棉	SZ	10.37	10.37	
1137	2009-10-26	11.5	11.87	11.43	11.82	200946	7.76	002073	软控股份	SZ	11.44	7.51	
1136	2009-10-26	8.03	8.03	7.76	7.86	73692	4.29	002074	东源电器	SZ	8.07	4.4	
1135	2009-10-26	8.57	8.58	8.41	8.51	21171	8.16	002076	雪 莱 特	SZ	8.57	8.22	
1119	2009-10-26	8.13	8.16	7.82	7.89	48842	7.8	002077	大港股份	SZ	8.13	8.03	
1133	2009-10-26	8.31	8.48	8.14	8.15	165106	3.88	002078	太阳纸业	SZ	8.12	3.87	
1131	2009-10-26	3.18	3.32	3.18	3.26	159936	1.36	002079	苏州固锝	SZ	3.19	1.33	
1135	2009-10-26	15.81	16.18	15.8	16.05	21157	7.7	002080	中材科技	SZ	15.8	7.58	
1133	2009-10-26	4.6	4.69	4.56	4.68	78182	0.9	002081	金 螳 螂	SZ	4.58	0.88	
1137	2009-10-26	9.18	9.33	9.1	9.16	44009	8.69	002082	栋梁新材	SZ	9.17	8.7	
1140	2009-10-26	8.4	8.56	8.36	8.55	161627	8.44	002083	孚日股份	SZ	8.32	8.22	
1138	2009-10-26	5.98	6.14	5.92	6.1	110259	3.34	002084	海鸥卫浴	SZ	5.97	3.27	
1112	2009-10-26	8.63	8.95	8.61	8.63	43148	7.58	002085	万丰奥威	SZ	8.76	7.69	
1138	2009-10-26	9.67	9.72	9.44	9.57	51167	9.42	002086	东方海洋	SZ	9.67	9.52	
1133	2009-10-26	4.33	4.36	4.23	4.23	76575	2.97	002087	新野纺织	SZ	4.33	3.04	
1137	2009-10-26	22	22	20.83	20.88	41107	20.21	002088	鲁阳股份	SZ	22	21.3	
1135	2009-10-26	7.27	7.31	7.02	7.04	148808	3.75	002089	新 海 宜	SZ	7.27	3.87	
1080	2009-10-26	9.65	9.73	9.49	9.59	25412	4.62	002090	金智科技	SZ	9.64	4.65	
1140	2009-10-26	13.97	14.05	13.45	13.51	38184	8.77	002091	江苏国泰	SZ	13.91	9.03	
1128	2009-10-26	10.17	10.23	9.82	9.93	138702	6.26	002092	中泰化学	SZ	10.24	6.45	
1135	2009-10-26	5.03	5.09	5	5.01	76736	1.67	002093	国脉科技	SZ	5.01	1.67	
1138	2009-10-26	6.23	6.31	6.1	6.12	118008	4.07	002094	青岛金王	SZ	6.21	4.14	
1141	2009-10-26	16.38	16.42	15.83	16.11	23460	8.73	002095	生 意 宝	SZ	16.2	8.78	
1111	2009-10-26	11.69	12.7	11.6	12.6	120080	6.05	002096	南岭民爆	SZ	11.59	5.56	
1137	2009-10-26	11.32	11.32	10.97	11.2	78791	7.39	002097	山河智能	SZ	11.19	7.38	
1133	2009-10-26	8.7	8.88	8.53	8.83	43766	8.22	002098	浔兴股份	SZ	8.62	8.02	
1132	2009-10-26	4.25	4.47	4.24	4.36	217239	2.07	002099	海翔药业	SZ	4.24	2.02	
1130	2009-10-26	10.35	11.22	10.27	10.93	102426	6.33	002100	天康生物	SZ	10.25	5.94	
1127	2009-10-26	9.44	9.44	9.14	9.26	27956	4.49	002101	广东鸿图	SZ	9.35	4.53	
1129	2009-10-26	3.29	3.41	3.26	3.39	152944	1.7	002102	冠福家用	SZ	3.29	1.64	
1138	2009-10-26	8.08	8.11	7.99	8.07	20637	7.61	002103	广博股份	SZ	8.04	7.58	
1138	2009-10-26	11.24	11.38	10.9	11.14	101659	10.94	002104	恒宝股份	SZ	11.22	11.01	
1135	2009-10-26	6.2	6.28	6.17	6.27	40778	5.94	002105	信隆实业	SZ	6.19	5.86	
1140	2009-10-26	8.88	9.15	8.84	9.12	137308	4.86	002106	莱宝高科	SZ	8.8	4.69	
1137	2009-10-26	24.5	25.26	24.2	25.15	51980	25.15	002107	沃华医药	SZ	24.59	24.59	
1131	2009-10-26	8.59	8.63	8.3	8.45	112242	2.69	002108	沧州明珠	SZ	8.63	2.74	
1135	2009-10-26	10.04	10.12	9.54	9.67	115611	9.2	002109	兴化股份	SZ	10.04	9.55	
1130	2009-10-26	13.72	14.07	13.65	13.99	37277	13.84	002110	三钢闽光	SZ	13.61	13.47	
1130	2009-10-26	9.32	9.68	9.22	9.59	65830	5.18	002111	威海广泰	SZ	9.33	5.04	
1136	2009-10-26	7.19	7.31	7.17	7.29	85115	3.99	002112	三变科技	SZ	7.14	3.91	
1120	2009-10-26	7.91	7.99	7.83	7.98	18314	7.98	002113	ST天润	SZ	7.94	7.94	
1139	2009-10-26	16.4	17.69	16.2	16.91	155101	16.91	002114	罗平锌电	SZ	16.4	16.4	
1131	2009-10-26	6.75	6.83	6.68	6.82	59297	2.22	002115	三维通信	SZ	6.76	2.2	
1137	2009-10-26	12.01	12.11	11.92	12.1	23985	6.1	002116	中国海诚	SZ	11.92	6.01	
1130	2009-10-26	11.49	11.81	11.43	11.44	32476	6.47	002117	东港股份	SZ	11.43	6.47	
1091	2009-10-26	4.99	5.14	4.95	5.08	104193	1.49	002118	紫鑫药业	SZ	4.94	1.45	
1129	2009-10-26	7.17	7.4	7.08	7.3	126914	7.19	002119	康强电子	SZ	7.08	6.98	
1074	2009-10-26	8.8	9.12	8.68	8.79	62346	8.6	002120	新海股份	SZ	8.9	8.71	
1133	2009-10-26	10.97	11.17	10.85	11.13	62266	7.35	002121	科陆电子	SZ	11.07	7.31	
1140	2009-10-26	13.98	14.19	13.95	14.01	74697	6.73	002122	天马股份	SZ	13.97	6.71	
1139	2009-10-26	15.46	15.46	15.22	15.27	38169	6.79	002123	荣信股份	SZ	15.36	6.83	
1138	2009-10-26	8.81	8.87	8.56	8.63	21785	5.47	002124	天邦股份	SZ	8.81	5.58	
1126	2009-10-26	7.69	7.69	7.47	7.54	21111	4.7	002125	湘潭电化	SZ	7.65	4.76	
1133	2009-10-26	5.65	5.71	5.62	5.69	61462	2.14	002126	银轮股份	SZ	5.69	2.14	
1138	2009-10-26	26.82	27.38	26.6	26.82	85628	25.02	002128	露天煤业	SZ	26.81	25.01	
1130	2009-10-26	5.07	5.12	5	5.06	88852	3.37	002129	中环股份	SZ	5.06	3.37	
1131	2009-10-26	5.83	5.97	5.81	5.92	131866	1.96	002130	沃尔核材	SZ	5.82	1.93	
1052	2009-10-26	9.34	9.8	9.31	9.73	155983	4.84	002131	利欧股份	SZ	9.37	4.66	
1131	2009-10-26	5.78	5.78	5.55	5.59	86548	2.71	002132	恒星科技	SZ	5.76	2.8	
1132	2009-10-26	9.23	9.62	9.23	9.4	189242	7.12	002133	广宇集团	SZ	9.21	6.98	
1139	2009-10-26	7.08	7.18	6.92	6.99	54372	6.99	002134	天津普林	SZ	7.08	7.08	
1134	2009-10-26	4.02	4.04	3.93	3.97	55960	1.43	002135	东南网架	SZ	4.02	1.44	
1132	2009-10-26	5.5	5.59	5.45	5.57	39262	2.77	002136	安 纳 达	SZ	5.51	2.74	
1135	2009-10-26	4.94	5.17	4.91	5.12	102865	3.07	002137	实 益 达	SZ	4.94	2.96	
1135	2009-10-26	6.96	7.27	6.96	7.12	69467	3.09	002138	顺络电子	SZ	6.96	3.02	
1132	2009-10-26	9.86	9.92	9.7	9.89	29576	7.15	002139	拓邦股份	SZ	9.84	7.12	
1139	2009-10-26	11.06	11.56	10.78	10.86	46548	3.37	002140	东华科技	SZ	10.76	3.34	
1099	2009-10-26	5.53	5.65	5.51	5.61	31918	3.49	002141	蓉胜超微	SZ	5.57	3.47	
1136	2009-10-26	13.86	14.04	13.61	13.75	126268	12.75	002142	宁波银行	SZ	13.97	12.95	
1129	2009-10-26	9.81	9.84	9.58	9.66	26087	7.34	002143	高金食品	SZ	9.85	7.48	
1045	2009-10-26	7.7	7.71	7.61	7.68	21592	7.68	002145	*ST钛白	SZ	7.7	7.7	
1131	2009-10-26	11.35	11.83	11.35	11.81	82882	6.31	002146	荣盛发展	SZ	11.34	6.06	
1137	2009-10-26	10.5	10.52	10.29	10.34	37506	9.88	002147	方圆支承	SZ	10.5	10.03	
1137	2009-10-26	10.83	10.86	10.44	10.49	28721	3.34	002148	北纬通信	SZ	10.79	3.44	
1135	2009-10-26	24.18	24.5	23.55	24.28	35702	23.96	002149	西部材料	SZ	24.18	23.86	
1140	2009-10-26	6.6	6.7	6.45	6.65	111465	2.59	002150	江苏通润	SZ	6.58	2.56	
1126	2009-10-26	17.72	17.72	17.11	17.33	15563	9.45	002151	北斗星通	SZ	17.66	9.63	
1141	2009-10-26	13.42	13.48	12.96	13.1	69017	5.62	002152	广电运通	SZ	13.33	5.73	
1139	2009-10-26	24.96	25.36	24.3	24.46	13557	17.27	002153	石基信息	SZ	25.17	17.77	
1128	2009-10-26	8.57	9	8.44	8.93	98711	4.2	002154	报 喜 鸟	SZ	8.53	4.01	
1137	2009-10-26	14.8	14.95	14.54	14.71	304271	7.84	002155	辰州矿业	SZ	15.03	8.02	
1136	2009-10-26	5.31	5.44	5.22	5.36	55108	3.29	002156	通富微电	SZ	5.32	3.27	
1138	2009-10-26	6.04	6.12	5.89	6.04	78179	3.71	002157	正邦科技	SZ	6.03	3.7	
1140	2009-10-26	8.88	8.95	8.72	8.77	24262	5.34	002158	汉钟精机	SZ	8.68	5.29	
1136	2009-10-26	8.86	9.29	8.82	9.02	89564	8.91	002159	三特索道	SZ	8.82	8.72	
1136	2009-10-26	9.13	9.43	8.99	9.35	400135	3.44	002161	远 望 谷	SZ	9	3.31	
1139	2009-10-26	9.4	10	9.24	9.56	183273	8.63	002162	斯 米 克	SZ	9.37	8.45	
1125	2009-10-26	4.37	4.37	4.22	4.26	91357	1.37	002163	中航三鑫	SZ	4.34	1.4	
1137	2009-10-26	8.2	8.38	8.18	8.35	36570	4.06	002164	东力传动	SZ	8.19	3.98	
1137	2009-10-26	7.7	7.77	7.53	7.75	33946	2.6	002165	红 宝 丽	SZ	7.65	2.56	
1131	2009-10-26	20.6	21.83	20.6	21.83	168021	10.91	002166	莱茵生物	SZ	19.84	9.92	
1133	2009-10-26	7.93	8.29	7.69	8.25	114125	2.05	002167	东方锆业	SZ	7.97	1.98	
1133	2009-10-26	4.28	4.31	4.19	4.23	67918	1.17	002168	深圳惠程	SZ	4.27	1.18	
1134	2009-10-26	9.77	10.19	9.65	10.13	67576	6.74	002169	智光电气	SZ	9.76	6.49	
1135	2009-10-26	3.9	3.97	3.84	3.93	133363	1.62	002170	芭田股份	SZ	3.9	1.6	
1138	2009-10-26	15.6	16	15.19	15.88	58228	15.72	002171	精诚铜业	SZ	15.54	15.39	
1134	2009-10-26	8.17	8.27	8	8.06	87201	5.37	002172	澳洋科技	SZ	8.12	5.41	
1139	2009-10-26	7.58	7.71	7.41	7.5	42378	3.73	002173	山 下 湖	SZ	7.63	3.79	
1137	2009-10-26	12.4	12.54	12.2	12.54	16994	12.49	002174	梅 花 伞	SZ	12.39	12.34	
1110	2009-10-26	12.23	12.5	12.08	12.26	18883	12.06	002175	广陆数测	SZ	12.23	12.03	
1123	2009-10-26	3.34	3.57	3.34	3.57	349328	0.98	002176	江特电机	SZ	3.24	0.89	
1131	2009-10-26	5.33	5.39	5.23	5.33	121172	1.84	002177	御银股份	SZ	5.37	1.85	
1139	2009-10-26	8.05	8.25	7.98	8.22	47614	4.83	002178	延华智能	SZ	8.02	4.71	
1140	2009-10-26	11.33	11.43	11.18	11.43	46132	7.51	002179	中航光电	SZ	11.24	7.38	
1138	2009-10-26	10.31	10.45	10.16	10.44	20656	6.81	002180	万 力 达	SZ	10.3	6.72	
1080	2009-10-26	10.19	10.3	9.98	10.23	58063	10.09	002181	粤 传 媒	SZ	10.22	10.08	
1135	2009-10-26	9.9	9.98	9.73	9.95	56072	6.53	002182	云海金属	SZ	9.88	6.48	
1120	2009-10-26	7.16	7.47	7.09	7.4	93794	3.15	002183	怡 亚 通	SZ	7.16	3.04	
1140	2009-10-26	10	10.08	9.86	10.03	15373	9.79	002184	海得控制	SZ	10.01	9.77	
1136	2009-10-26	3.83	3.98	3.8	3.98	327346	1.85	002185	华天科技	SZ	3.84	1.79	
1139	2009-10-26	15.86	15.86	15.51	15.62	22716	6.9	002186	全 聚 德	SZ	15.88	7.01	
1136	2009-10-26	15.86	16.03	15.72	15.75	12910	8.09	002187	广百股份	SZ	15.93	8.18	
1093	2009-10-26	8.14	8.16	7.87	8.02	30400	6.13	002188	新 嘉 联	SZ	8.15	6.23	
1139	2009-10-26	7.34	7.4	7.26	7.39	28312	7.36	002189	利达光电	SZ	7.3	7.27	
1119	2009-10-26	7.11	7.15	6.96	7.05	46905	3.34	002190	成飞集成	SZ	7.11	3.37	
1136	2009-10-26	15.19	15.38	14.76	15	82477	13.7	002191	劲嘉股份	SZ	15.3	13.98	
1135	2009-10-26	18.36	18.82	18.12	18.77	31843	18.73	002192	路翔股份	SZ	18.2	18.16	
1140	2009-10-26	9.93	10.07	9.85	10.05	19971	9.97	002193	山东如意	SZ	9.88	9.8	
1140	2009-10-26	18.48	18.75	18.16	18.5	47924	17.1	002194	武汉凡谷	SZ	18.44	17.05	
1140	2009-10-26	12.4	12.4	12.03	12.2	11251	7.91	002195	海隆软件	SZ	12.47	8.08	
1134	2009-10-26	13	13.48	13	13.13	24356	8.37	002196	方正电机	SZ	13.01	8.29	
1134	2009-10-26	11.78	12.21	11.76	12.12	47420	7.39	002197	证通电子	SZ	11.76	7.17	
1136	2009-10-26	3.65	3.88	3.6	3.76	217975	0.74	002198	嘉应制药	SZ	3.66	0.72	
1135	2009-10-26	8.33	9.12	8.12	9.07	63451	4.51	002199	东晶电子	SZ	8.33	4.14	
1110	2009-10-26	25.65	25.86	25.1	25.85	27137	25.85	002200	绿 大 地	SZ	25.6	25.6	
1099	2009-10-26	7.67	8.03	7.67	7.96	60438	4.66	002201	九鼎新材	SZ	7.67	4.49	
1135	2009-10-26	17.58	18.04	17.52	17.98	265217	10.59	002202	金风科技	SZ	17.55	10.34	
1138	2009-10-26	9.33	9.79	9.2	9.53	98580	6.03	002203	海亮股份	SZ	9.42	5.96	
1111	2009-10-26	11.07	11.1	10.86	10.97	19153	4.67	002204	华锐铸钢	SZ	11.06	4.71	
1134	2009-10-26	15.5	16.48	15.32	16.47	37901	16.26	002205	国统股份	SZ	15.58	15.38	
1132	2009-10-26	9.88	10.06	9.75	9.77	21936	2.82	002206	海 利 得	SZ	9.88	2.85	
1135	2009-10-26	21.58	21.67	20.75	20.96	22970	20.8	002207	准油股份	SZ	21.68	21.52	
1137	2009-10-26	8.57	8.57	8.35	8.49	35163	4.06	002208	合肥城建	SZ	8.45	4.04	
1137	2009-10-26	10.73	10.79	10.36	10.5	35844	6.84	002209	达 意 隆	SZ	10.72	6.99	
1138	2009-10-26	4.86	4.87	4.73	4.78	44607	2.38	002210	飞马国际	SZ	4.85	2.41	
1134	2009-10-26	7.13	7.46	7.13	7.41	117256	4.92	002211	宏达新材	SZ	7.07	4.7	
1139	2009-10-26	5.3	5.47	5.26	5.38	64493	2.65	002213	特 尔 佳	SZ	5.3	2.61	
1115	2009-10-26	11.01	11.14	10.81	10.85	22925	5.25	002214	大立科技	SZ	10.99	5.31	
1130	2009-10-26	9.53	9.77	9.43	9.72	52053	3.8	002215	诺 普 信	SZ	9.43	3.69	
1134	2009-10-26	9.77	9.77	9.55	9.6	34655	4.6	002216	三全食品	SZ	9.78	4.69	
1137	2009-10-26	7.59	8	7.43	7.65	391507	4.94	002217	联合化工	SZ	7.3	4.71	
1134	2009-10-26	16.93	17.6	16.73	17.6	62987	11.41	002218	拓日新能	SZ	16.99	11.01	
1136	2009-10-26	12.12	12.78	12.12	12.48	138189	6.16	002219	独 一 味	SZ	12.02	5.94	
1135	2009-10-26	4.49	4.57	4.45	4.56	41654	1.1	002220	天宝股份	SZ	4.46	1.08	
1132	2009-10-26	4.09	4.16	4.06	4.15	61846	2.04	002221	东华能源	SZ	4.09	2.01	
1140	2009-10-26	6.23	6.31	6.15	6.29	58345	3.92	002222	福晶科技	SZ	6.23	3.88	
1138	2009-10-26	9.1	9.27	8.91	9.16	160038	2.71	002223	鱼跃医疗	SZ	9.07	2.69	
1136	2009-10-26	7.74	7.77	7.6	7.69	106658	2.72	002224	三 力 士	SZ	7.84	2.77	
1128	2009-10-26	7.27	7.35	7.01	7.27	82919	5.45	002225	濮耐股份	SZ	7.25	5.43	
1109	2009-10-26	9.83	10.12	9.72	10.11	74081	3.14	002226	江南化工	SZ	9.83	3.06	
1139	2009-10-26	20.48	20.5	20	20.3	14069	20	002227	奥 特 迅	SZ	20.2	19.9	
1129	2009-10-26	8.48	8.89	8.32	8.74	67671	5.24	002228	合兴包装	SZ	8.48	5.08	
1134	2009-10-26	8.56	8.66	8.32	8.42	49075	4.15	002229	鸿博股份	SZ	8.54	4.21	
1134	2009-10-26	15.42	15.42	14.81	15.02	113375	3.76	002230	科大讯飞	SZ	15.5	3.88	
1139	2009-10-26	5.71	5.71	5.53	5.63	102813	1.74	002231	奥维通信	SZ	5.79	1.79	
1130	2009-10-26	11.39	11.43	11.08	11.21	42678	7.91	002232	启明信息	SZ	11.37	8.03	
1135	2009-10-26	7.6	7.8	7.46	7.57	70454	3.63	002233	塔牌集团	SZ	7.59	3.64	
1134	2009-10-26	7.55	7.74	7.51	7.62	84574	3.55	002234	民和股份	SZ	7.53	3.5	
1133	2009-10-26	9.96	10.04	9.85	9.96	17181	7.42	002235	安妮股份	SZ	9.93	7.4	
1136	2009-10-26	2.95	2.97	2.89	2.95	202580	0.17	002236	大华股份	SZ	3.02	0.18	
1133	2009-10-26	25.75	26.25	25.75	26.03	38550	12.83	002237	恒邦股份	SZ	26.23	12.93	
1136	2009-10-26	14.39	14.43	14.06	14.17	32382	11.6	002238	天威视讯	SZ	14.39	11.78	
1132	2009-10-26	8.99	9.08	8.88	9.04	24750	8.95	002239	金 飞 达	SZ	8.99	8.9	
1139	2009-10-26	5.81	5.83	5.71	5.77	42137	3.61	002240	威华股份	SZ	5.81	3.63	
1131	2009-10-26	3.6	3.68	3.6	3.64	56256	0.65	002241	歌尔声学	SZ	3.66	0.65	
1137	2009-10-26	19.33	19.53	19.07	19.25	96062	10	002242	九阳股份	SZ	19.13	9.94	
1132	2009-10-26	11.74	11.83	11.23	11.39	106088	11.11	002243	通产丽星	SZ	11.83	11.54	
1139	2009-10-26	16	16.1	15.7	15.95	46943	15.57	002244	滨江集团	SZ	15.81	15.44	
1135	2009-10-26	4.07	4.23	4.03	4.18	108984	1.36	002245	澳洋顺昌	SZ	4.06	1.32	
1092	2009-10-26	17.8	17.83	17	17.3	22403	16.77	002246	北化股份	SZ	17.61	17.07	
1140	2009-10-26	8.07	8.13	7.93	7.97	36824	2.43	002247	帝龙新材	SZ	8.06	2.46	
1129	2009-10-26	15.52	15.9	15.4	15.9	51257	7.87	002248	华东数控	SZ	15.52	7.68	
1133	2009-10-26	11.65	11.71	11.33	11.49	94611	4.14	002249	大洋电机	SZ	11.62	4.19	
1128	2009-10-26	7.62	7.72	7.48	7.58	71679	1.97	002250	联化科技	SZ	7.62	1.97	
1138	2009-10-26	14.28	14.31	14.02	14.07	28250	6.63	002251	步 步 高	SZ	14.29	6.74	
1137	2009-10-26	9.08	9.29	9.08	9.16	53315	2.88	002252	上海莱士	SZ	9.06	2.85	
1135	2009-10-26	18.49	18.64	17.71	17.73	34400	8.68	002253	川大智胜	SZ	18.57	9.09	
1140	2009-10-26	8.49	8.56	8.32	8.37	40707	2.37	002254	烟台氨纶	SZ	8.49	2.41	
1136	2009-10-26	17.5	18.02	17.06	17.5	29605	8.48	002255	海陆重工	SZ	17.69	8.57	
1031	2009-10-26	7.11	7.13	6.91	6.96	50707	3.82	002256	彩虹精化	SZ	7.08	3.89	
1116	2009-10-26	24	24.47	23.68	24.4	28173	23.96	002258	利尔化学	SZ	24.01	23.58	
1135	2009-10-26	3.15	3.24	3.12	3.21	184443	1.26	002259	升达林业	SZ	3.15	1.23	
1134	2009-10-26	9.8	10.1	9.6	10.01	51841	9.75	002260	伊 立 浦	SZ	9.72	9.47	
1132	2009-10-26	12.35	12.45	12.15	12.36	34702	4.8	002261	拓维信息	SZ	12.36	4.8	
1139	2009-10-26	9.62	9.84	9.54	9.78	65642	5.95	002262	恩华药业	SZ	9.53	5.8	
1135	2009-10-26	5.83	5.91	5.8	5.86	56847	4.7	002263	大 东 南	SZ	5.93	4.75	
1133	2009-10-26	6.44	6.55	6.42	6.51	61975	1.39	002264	新 华 都	SZ	6.42	1.37	
1136	2009-10-26	8.38	8.83	8.38	8.6	94322	8.58	002265	西仪股份	SZ	8.49	8.47	
1130	2009-10-26	3.42	3.43	3.36	3.39	66763	0.36	002266	浙富股份	SZ	3.42	0.36	
1139	2009-10-26	9.35	9.49	9.21	9.49	128234	4.32	002267	陕天然气	SZ	9.32	4.24	
1140	2009-10-26	13.61	13.61	13.06	13.31	27950	6.12	002268	卫 士 通	SZ	13.84	6.36	
1138	2009-10-26	23.07	23.08	22.51	22.8	26367	20.25	002269	美邦服饰	SZ	22.96	20.4	
1138	2009-10-26	12.08	12.32	12.07	12.19	30010	8.99	002270	法因数控	SZ	12.07	8.9	
1130	2009-10-26	8.72	8.88	8.5	8.66	122309	2.08	002271	东方雨虹	SZ	8.85	2.13	
1137	2009-10-26	6.66	7.19	6.65	6.99	114985	2.23	002272	川润股份	SZ	6.68	2.13	
1135	2009-10-26	6.07	6.68	6.03	6.68	295294	1.56	002273	水晶光电	SZ	6.07	1.42	
1135	2009-10-26	12.5	12.58	12.22	12.26	37281	9.37	002274	华昌化工	SZ	12.49	9.55	
1138	2009-10-26	21.73	21.96	21.61	21.8	39083	14.86	002275	桂林三金	SZ	21.73	14.81	
1118	2009-10-26	15.61	15.77	15.28	15.46	76422	8.36	002276	万马电缆	SZ	15.78	8.54	
1133	2009-10-26	11.11	11.13	10.84	10.91	109209	3.58	002277	友阿股份	SZ	11.14	3.66	
1139	2009-10-26	19.94	20.23	19.5	19.59	15314	9.13	002280	新世纪	SZ	19.94	9.29	
1126	2009-10-26	34.26	35.97	33.82	35.3	65727	34.25	002281	光迅科技	SZ	34.11	33.09	
1137	2009-10-26	12.05	12.08	11.78	11.86	38454	8.67	002282	博深工具	SZ	12.03	8.79	
1132	2009-10-26	9.91	10.1	9.8	9.98	103842	4.92	002283	天润曲轴	SZ	9.9	4.88	
1125	2009-10-26	11.6	11.76	11.34	11.43	61257	3.7	002284	亚太股份	SZ	11.61	3.76	
1138	2009-10-26	26.45	26.54	25.27	25.77	54452	12.65	002285	世联地产	SZ	26.35	12.93	
1138	2009-10-26	18.3	18.3	17.81	17.92	22324	10.41	002286	保龄宝	SZ	18.34	10.66	
1138	2009-10-26	25.77	27.1	25.42	26.55	58153	25.13	002287	奇正藏药	SZ	25.72	24.34	
1132	2009-10-26	6.46	6.47	6.2	6.24	67933	1.66	002288	超华科技	SZ	6.4	1.7	
1134	2009-10-26	29.6	29.77	28.67	28.91	17208	28.49	002289	宇顺电子	SZ	29.48	29.05	
1137	2009-10-26	16.53	17.26	16.3	16.67	71946	6.4	002290	禾盛新材	SZ	16.51	6.33	
1136	2009-10-26	17.88	17.88	17.43	17.62	38049	13.41	002291	星期六	SZ	17.91	13.62	
1139	2009-10-26	12.38	12.92	12.37	12.47	131378	3.13	002292	奥飞动漫	SZ	12.36	3.1	
1137	2009-10-26	16.82	17.75	16.6	17.57	108841	7.84	002293	罗莱家纺	SZ	16.89	7.54	
1140	2009-10-26	16.23	16.93	16.15	16.3	137853	2.56	002294	信立泰	SZ	16.25	2.55	
1132	2009-10-26	14.13	14.13	13.65	13.8	64888	9	002295	精艺股份	SZ	14.17	9.24	
1058	2009-10-26	14.24	14.46	14.01	14.02	38683	4.63	002296	辉煌科技	SZ	14.19	4.68	
1134	2009-10-26	20.54	21.47	20.24	20.69	68316	6.87	002297	博云新材	SZ	20.54	6.82	
1131	2009-10-26	9.04	9.06	8.73	8.76	64749	2.86	002298	鑫龙电器	SZ	9.02	2.95	
1126	2009-10-26	13.65	13.7	13.18	13.3	113844	6.38	002299	圣农发展	SZ	13.73	6.59	
1138	2009-10-26	25.97	26.01	24.73	24.88	89912	9.75	002300	太阳电缆	SZ	25.89	10.14	
