0	4/29/14	27.82	28.25	27.47	27.94	5485600	27.94	2236	大华股份	SZ
1	4/28/14	28.44	28.77	27.7	27.73	4198500	27.73	2236	大华股份	SZ
2	4/25/14	28.79	28.8	28.35	28.54	3687400	28.54	2236	大华股份	SZ
3	4/24/14	29.67	29.89	28.82	28.82	6476800	28.82	2236	大华股份	SZ
4	4/23/14	30.4	30.4	29.4	29.67	7291200	29.67	2236	大华股份	SZ
5	4/22/14	30.04	30.76	29.2	30.3	8964900	30.3	2236	大华股份	SZ
6	4/21/14	29.5	30.76	29.3	30.18	13722900	30.18	2236	大华股份	SZ
7	4/18/14	30	30.15	29.5	29.88	4637300	29.88	2236	大华股份	SZ
8	4/17/14	29.85	30.1	29.8	30	3776400	30	2236	大华股份	SZ
9	4/16/14	29.96	30.25	29.7	29.9	3429400	29.9	2236	大华股份	SZ
10	4/15/14	29.89	30.62	29.7	29.97	7916400	29.97	2236	大华股份	SZ
11	4/14/14	29.6	30.11	29.5	29.99	6739600	29.99	2236	大华股份	SZ
12	4/11/14	29.9	29.91	29.26	29.7	9448800	29.7	2236	大华股份	SZ
13	4/10/14	30.55	30.7	29.95	30.01	9030600	30.01	2236	大华股份	SZ
14	4/9/14	30.62	31.18	30.46	30.54	9863900	30.54	2236	大华股份	SZ
15	4/8/14	29.93	31.18	29.66	30.66	12696500	30.66	2236	大华股份	SZ
16	4/7/14	30.02	30.02	30.02	30.02	0	30.02	2236	大华股份	SZ
17	4/4/14	29.34	30.15	29	30.02	10457800	30.02	2236	大华股份	SZ
18	4/3/14	28.38	29.59	28.25	29.34	11951500	29.34	2236	大华股份	SZ
19	4/2/14	28.68	28.79	27.95	28.28	7683700	28.28	2236	大华股份	SZ
20	4/1/14	28.47	28.85	28.42	28.65	8125600	28.65	2236	大华股份	SZ
21	3/31/14	28.3	28.79	28.29	28.59	4372500	28.59	2236	大华股份	SZ
22	3/28/14	28.4	28.71	27.9	28.19	6209300	28.19	2236	大华股份	SZ
23	3/27/14	29.28	29.28	28.4	28.41	6254600	28.41	2236	大华股份	SZ
24	3/26/14	29.21	29.78	28.7	29.33	7075900	29.33	2236	大华股份	SZ
25	3/25/14	29.74	30.17	28.66	29.08	9047800	29.08	2236	大华股份	SZ
26	3/24/14	29.53	30.28	29.23	29.87	10901800	29.87	2236	大华股份	SZ
27	3/21/14	27.99	29.67	27.66	29.5	14899200	29.5	2236	大华股份	SZ
28	3/20/14	29.45	29.47	28.1	28.11	11075400	28.11	2236	大华股份	SZ
29	3/19/14	30.12	30.63	28.57	29.4	17291100	29.4	2236	大华股份	SZ
30	3/18/14	31	31.19	30.1	30.22	14505300	30.22	2236	大华股份	SZ
31	3/17/14	31.33	32.5	30.58	30.99	23820300	30.99	2236	大华股份	SZ
32	3/14/14	29.64	31.5	29.42	31.4	21698600	31.4	2236	大华股份	SZ
33	3/13/14	29.5	30.42	29.41	29.71	13357600	29.71	2236	大华股份	SZ
34	3/12/14	29.86	30.4	29.03	29.6	15704800	29.6	2236	大华股份	SZ
35	3/11/14	27.98	30.9	27.84	29.87	30271500	29.87	2236	大华股份	SZ
36	3/10/14	27.89	28.46	27.48	28.09	19232800	28.09	2236	大华股份	SZ
37	3/7/14	27.8	27.96	27.32	27.75	17570100	27.75	2236	大华股份	SZ
38	3/6/14	29.9	29.9	27.53	27.8	20870400	27.8	2236	大华股份	SZ
39	3/5/14	29.77	29.98	29.4	29.92	7703300	29.92	2236	大华股份	SZ
40	3/4/14	31.29	31.29	29.55	29.69	15230700	29.69	2236	大华股份	SZ
41	3/3/14	31.59	32.5	31	31.3	15063400	31.3	2236	大华股份	SZ
42	2/28/14	29.86	30.34	29.42	30.2	8937900	30.2	2236	大华股份	SZ
43	2/27/14	30.9	31.16	29.81	29.86	16092600	29.86	2236	大华股份	SZ
44	2/26/14	30.36	32.8	30.36	31.52	20477900	31.52	2236	大华股份	SZ
45	2/25/14	35.53	35.53	31.99	31.99	33626000	31.99	2236	大华股份	SZ
46	2/24/14	37	37	35.51	35.54	12106000	35.54	2236	大华股份	SZ
47	2/21/14	36.13	37.49	36.01	36.83	11707200	36.83	2236	大华股份	SZ
48	2/20/14	36.9	37.04	36.01	36.15	9829500	36.15	2236	大华股份	SZ
49	2/19/14	36.65	37.16	36.6	36.77	9721300	36.77	2236	大华股份	SZ
50	2/18/14	36.42	37	35.95	36.8	14030700	36.8	2236	大华股份	SZ
51	2/17/14	37.5	37.66	36.09	36.49	16710100	36.49	2236	大华股份	SZ
52	2/14/14	37.08	37.2	36	37.01	12566100	37.01	2236	大华股份	SZ
53	2/13/14	37.33	37.37	36.85	37.09	6564200	37.09	2236	大华股份	SZ
54	2/12/14	37.99	38.28	36.74	37.5	15782000	37.5	2236	大华股份	SZ
55	2/11/14	38.78	39.08	37.81	38.05	6495400	38.05	2236	大华股份	SZ
56	2/10/14	37.68	39.17	37.35	38.77	8425600	38.77	2236	大华股份	SZ
57	2/7/14	36.6	37.5	36.23	37.34	4750900	37.34	2236	大华股份	SZ
58	2/6/14	36.66	36.66	36.66	36.66	0	36.66	2236	大华股份	SZ
59	2/5/14	36.66	36.66	36.66	36.66	0	36.66	2236	大华股份	SZ
60	2/3/14	36.66	36.66	36.66	36.66	0	36.66	2236	大华股份	SZ
61	1/31/14	36.66	36.66	36.66	36.66	0	36.66	2236	大华股份	SZ
62	1/30/14	36.65	37.18	36.41	36.66	4318700	36.66	2236	大华股份	SZ
63	1/29/14	37.02	37.42	36.3	36.65	6486100	36.65	2236	大华股份	SZ
64	1/28/14	37.8	37.8	35.99	37.2	8525800	37.2	2236	大华股份	SZ
65	1/27/14	39.1	39.1	37.33	37.57	6242100	37.57	2236	大华股份	SZ
66	1/24/14	39.1	39.78	39.1	39.26	6463200	39.26	2236	大华股份	SZ
67	1/23/14	38.39	39.27	38.21	39.1	7218900	39.1	2236	大华股份	SZ
68	1/22/14	37.66	38.5	37	38.41	8099900	38.41	2236	大华股份	SZ
69	1/21/14	37.17	38.39	36.72	37.26	5918700	37.26	2236	大华股份	SZ
70	1/20/14	38	38.49	36.1	37.17	14154500	37.17	2236	大华股份	SZ
71	1/17/14	38.91	39.35	38	38	4158100	38	2236	大华股份	SZ
72	1/16/14	39.5	40.73	38.65	38.9	7103000	38.9	2236	大华股份	SZ
73	1/15/14	38.62	39.48	37.93	39.37	8054100	39.37	2236	大华股份	SZ
74	1/14/14	39.2	39.49	38.33	38.62	7168700	38.62	2236	大华股份	SZ
75	1/13/14	40	40.2	39.1	39.1	6320400	39.1	2236	大华股份	SZ
76	1/10/14	40.73	40.86	39.41	40	5451800	40	2236	大华股份	SZ
77	1/9/14	40.89	41.7	40.63	40.7	5715600	40.7	2236	大华股份	SZ
78	1/8/14	41.22	42.1	40.68	40.95	4878600	40.95	2236	大华股份	SZ
79	1/7/14	41.6	42.27	40.82	41.33	6035100	41.33	2236	大华股份	SZ
80	1/6/14	42.8	43.1	41.77	41.9	3988700	41.9	2236	大华股份	SZ
81	1/3/14	42.5	43.56	42.5	43.04	6286500	43.04	2236	大华股份	SZ
82	1/2/14	40.8	43.26	40.65	42.83	10519200	42.83	2236	大华股份	SZ
83	1/1/14	40.88	40.88	40.88	40.88	0	40.88	2236	大华股份	SZ
84	12/31/13	41.62	42.1	40.72	40.88	6480200	40.88	2236	大华股份	SZ
85	12/30/13	42.22	42.72	41.59	42	2914600	42	2236	大华股份	SZ
86	12/27/13	41.56	42.9	41.56	42.22	4099400	42.22	2236	大华股份	SZ
87	12/26/13	42.26	42.36	41.5	41.56	3736500	41.56	2236	大华股份	SZ
88	12/25/13	42.86	43.39	42.6	42.78	4577100	42.78	2236	大华股份	SZ
89	12/24/13	41.49	43.28	41.49	42.82	3991100	42.82	2236	大华股份	SZ
90	12/23/13	42.1	42.5	41	41.49	2779300	41.49	2236	大华股份	SZ
91	12/20/13	42.99	43	41.5	42.1	5234300	42.1	2236	大华股份	SZ
92	12/19/13	42.6	43.08	42.4	42.86	4685600	42.86	2236	大华股份	SZ
93	12/18/13	41.26	43.06	41.26	42.66	7366900	42.66	2236	大华股份	SZ
94	12/17/13	41.37	41.7	41.12	41.42	1939300	41.42	2236	大华股份	SZ
95	12/16/13	41.51	41.8	41	41.38	3852800	41.38	2236	大华股份	SZ
96	12/13/13	40.33	41.62	40.16	41.55	6227900	41.55	2236	大华股份	SZ
97	12/12/13	39.59	40.81	39.59	40.5	3716000	40.5	2236	大华股份	SZ
98	12/11/13	39.8	40.13	39.26	39.85	3157100	39.85	2236	大华股份	SZ
99	12/10/13	40.42	40.6	39.88	40.04	3556700	40.04	2236	大华股份	SZ
100	12/9/13	39.59	40.6	39.59	40.03	4501200	40.03	2236	大华股份	SZ
101	12/6/13	39.64	39.8	39.1	39.36	3301900	39.36	2236	大华股份	SZ
102	12/5/13	40.42	40.82	39.26	39.65	4822000	39.65	2236	大华股份	SZ
103	12/4/13	40.6	41.18	40.2	40.42	5127600	40.42	2236	大华股份	SZ
104	12/3/13	40.36	40.99	40.12	40.68	2422800	40.68	2236	大华股份	SZ
105	12/2/13	41.5	41.5	40.17	40.36	5342400	40.36	2236	大华股份	SZ
106	11/29/13	42.62	42.76	41.86	41.95	3084300	41.95	2236	大华股份	SZ
107	11/28/13	41.96	42.65	41.96	42.5	4666100	42.5	2236	大华股份	SZ
108	11/27/13	40.7	41.92	40.51	41.72	3871900	41.72	2236	大华股份	SZ
109	11/26/13	41	41.2	40.54	40.7	1955200	40.7	2236	大华股份	SZ
110	11/25/13	40.45	41.88	40.3	41	4058300	41	2236	大华股份	SZ
111	11/22/13	41.2	41.32	40.5	40.88	3354800	40.88	2236	大华股份	SZ
112	11/21/13	41.88	41.88	40.65	40.9	5111400	40.9	2236	大华股份	SZ
113	11/20/13	42.38	42.4	41.5	41.99	2731800	41.99	2236	大华股份	SZ
114	11/19/13	42.45	42.7	41.39	41.83	4511500	41.83	2236	大华股份	SZ
115	11/18/13	42.69	42.93	42.3	42.49	5226500	42.49	2236	大华股份	SZ
116	11/15/13	42.31	42.91	42.23	42.53	5185800	42.53	2236	大华股份	SZ
117	11/14/13	41.98	42.39	40.85	42.2	6004400	42.2	2236	大华股份	SZ
118	11/13/13	42.05	42.8	41.85	42.02	3515600	42.02	2236	大华股份	SZ
119	11/12/13	42.85	43.07	41.8	41.85	3011500	41.85	2236	大华股份	SZ
120	11/11/13	41.8	42.95	41.6	42.86	3247600	42.86	2236	大华股份	SZ
121	11/8/13	41.34	42	41	41.6	2058900	41.6	2236	大华股份	SZ
122	11/7/13	42.01	42.22	41.07	41.37	1752000	41.37	2236	大华股份	SZ
123	11/6/13	42.56	42.9	41.91	42.05	2435700	42.05	2236	大华股份	SZ
124	11/5/13	42.01	42.8	41.81	42.52	3186100	42.52	2236	大华股份	SZ
125	11/4/13	41.5	42.6	41.21	42.21	3807800	42.21	2236	大华股份	SZ
126	11/1/13	40.22	41.48	39.63	41.02	4136200	41.02	2236	大华股份	SZ
127	10/31/13	41.12	41.2	39.36	40.02	5375600	40.02	2236	大华股份	SZ
128	10/30/13	41.09	41.59	40.1	41.1	3213300	41.1	2236	大华股份	SZ
129	10/29/13	42.9	42.97	40.69	41.09	5453200	41.09	2236	大华股份	SZ
130	10/28/13	40.24	42.93	40.2	42.73	6571600	42.73	2236	大华股份	SZ
131	10/25/13	42.07	42.07	40	40.25	7800800	40.25	2236	大华股份	SZ
132	10/24/13	42.51	42.51	41.87	42.07	3088600	42.07	2236	大华股份	SZ
133	10/23/13	42.57	43.04	41.96	42.52	3834300	42.52	2236	大华股份	SZ
134	10/22/13	44.45	44.45	41.86	42.6	10632100	42.6	2236	大华股份	SZ
135	10/21/13	44.2	44.8	44.06	44.44	5942500	44.44	2236	大华股份	SZ
136	10/18/13	43.95	44.41	43.73	44.16	2138500	44.16	2236	大华股份	SZ
137	10/17/13	44.08	44.87	43.5	43.73	2994000	43.73	2236	大华股份	SZ
138	10/16/13	44.38	44.38	43.15	43.89	3855300	43.89	2236	大华股份	SZ
139	10/15/13	45.73	45.78	43.98	44.54	8247100	44.54	2236	大华股份	SZ
140	10/14/13	45.52	46.47	45.2	45.68	6012400	45.68	2236	大华股份	SZ
141	10/11/13	46.85	46.98	44.8	45.68	7167000	45.68	2236	大华股份	SZ
142	10/10/13	47.1	47.5	46.15	46.8	5739000	46.8	2236	大华股份	SZ
143	10/9/13	45.2	47.05	45.1	47.05	8476900	47.05	2236	大华股份	SZ
144	10/8/13	45.25	46.08	44.8	45.3	5601500	45.3	2236	大华股份	SZ
145	10/7/13	45.58	45.58	45.58	45.58	0	45.58	2236	大华股份	SZ
146	10/4/13	45.58	45.58	45.58	45.58	0	45.58	2236	大华股份	SZ
147	10/3/13	45.58	45.58	45.58	45.58	0	45.58	2236	大华股份	SZ
148	10/2/13	45.58	45.58	45.58	45.58	0	45.58	2236	大华股份	SZ
149	10/1/13	45.58	45.58	45.58	45.58	0	45.58	2236	大华股份	SZ
150	9/30/13	45.98	46.2	45	45.58	2806300	45.58	2236	大华股份	SZ
151	9/27/13	45.09	46.37	44.85	45.4	4753000	45.4	2236	大华股份	SZ
152	9/26/13	44.6	45.55	43.96	45.1	3446800	45.1	2236	大华股份	SZ
153	9/25/13	46.2	46.3	44.8	44.99	5579300	44.99	2236	大华股份	SZ
154	9/24/13	44.9	46.46	44.66	46.25	11216300	46.25	2236	大华股份	SZ
155	9/23/13	43.15	45.38	43.15	44.99	6810700	44.99	2236	大华股份	SZ
156	9/20/13	43.12	43.12	43.12	43.12	0	43.12	2236	大华股份	SZ
157	9/18/13	44.24	44.6	42.97	43.12	3808000	43.12	2236	大华股份	SZ
158	9/17/13	44	44.68	43.85	44.18	4187500	44.18	2236	大华股份	SZ
159	9/16/13	43.5	44.81	42.97	44.13	6329300	44.13	2236	大华股份	SZ
160	9/13/13	42.37	43.27	42.3	43.16	3880200	43.16	2236	大华股份	SZ
161	9/12/13	42.08	43.17	42	42.37	3242300	42.37	2236	大华股份	SZ
162	9/11/13	43.29	43.29	41.69	42.08	5751800	42.08	2236	大华股份	SZ
163	9/10/13	43.9	44.01	42.58	43.29	4683800	43.29	2236	大华股份	SZ
164	9/9/13	43.24	44.18	42.98	43.91	4090600	43.91	2236	大华股份	SZ
165	9/6/13	43	43.87	42.7	43.22	4261600	43.22	2236	大华股份	SZ
166	9/5/13	44.3	44.56	42.65	43.08	6099200	43.08	2236	大华股份	SZ
167	9/4/13	45.42	45.63	44.26	44.3	3532200	44.3	2236	大华股份	SZ
168	9/3/13	44.82	45.75	44.5	45.42	6859700	45.42	2236	大华股份	SZ
169	9/2/13	43.02	44.49	43.02	44.38	3679900	44.38	2236	大华股份	SZ
170	8/30/13	43.53	44.8	42.87	43.4	4887300	43.4	2236	大华股份	SZ
171	8/29/13	43.76	44.88	43.4	43.81	4502500	43.81	2236	大华股份	SZ
172	8/28/13	45.08	45.12	43.7	43.75	6427900	43.75	2236	大华股份	SZ
173	8/27/13	45.5	45.98	44.69	45.48	5995600	45.48	2236	大华股份	SZ
174	8/26/13	43.4	46.17	43.4	45.48	12486100	45.48	2236	大华股份	SZ
175	8/23/13	44.2	46.27	43.3	43.83	15616000	43.83	2236	大华股份	SZ
176	8/22/13	42.98	42.98	42.98	42.98	0	42.98	2236	大华股份	SZ
177	8/21/13	42.98	42.98	42.98	42.98	0	42.98	2236	大华股份	SZ
178	8/20/13	42.25	43.2	42.12	42.98	9047100	42.98	2236	大华股份	SZ
179	8/19/13	41.62	42.25	41.22	42.25	7498800	42.25	2236	大华股份	SZ
180	8/16/13	41	42.2	40.85	41.21	8346500	41.21	2236	大华股份	SZ
181	8/15/13	41.89	42.22	41.2	41.21	6412800	41.21	2236	大华股份	SZ
182	8/14/13	40.65	42.4	40.6	41.6	11848100	41.6	2236	大华股份	SZ
183	8/13/13	39.85	41	39.69	40.68	7351500	40.68	2236	大华股份	SZ
184	8/12/13	39.7	40.43	38.9	39.75	8360200	39.75	2236	大华股份	SZ
185	8/9/13	40.35	40.71	39.05	39.41	7014300	39.41	2236	大华股份	SZ
186	8/8/13	40.78	40.78	39.56	40.33	6064100	40.33	2236	大华股份	SZ
187	8/7/13	41.16	41.48	40.02	40.1	7179700	40.1	2236	大华股份	SZ
188	8/6/13	40.04	41.43	39.45	41.16	10618800	41.16	2236	大华股份	SZ
189	8/5/13	39.08	40.25	39.08	39.66	10637700	39.66	2236	大华股份	SZ
190	8/2/13	39.03	40.4	39.01	39.05	15448200	39.05	2236	大华股份	SZ
191	8/1/13	37.62	39.6	37.08	39.55	13786500	39.55	2236	大华股份	SZ
192	7/31/13	40.65	40.65	37.52	37.92	22153900	37.92	2236	大华股份	SZ
193	7/30/13	42.88	42.94	40.51	40.7	13817400	40.7	2236	大华股份	SZ
194	7/29/13	42.88	43.5	42.26	43.49	4698600	43.49	2236	大华股份	SZ
195	7/26/13	43.11	43.75	42	42.87	4915800	42.87	2236	大华股份	SZ
196	7/25/13	44.88	45.27	43	43.46	6814700	43.46	2236	大华股份	SZ
197	7/24/13	44.75	45.77	43.8	44.87	10098600	44.87	2236	大华股份	SZ
198	7/23/13	42.03	45.85	42.03	44.93	14243400	44.93	2236	大华股份	SZ
199	7/22/13	40.87	42.23	40.4	42.18	5379500	42.18	2236	大华股份	SZ
200	7/19/13	40.68	42.2	40.68	41.36	5562800	41.36	2236	大华股份	SZ
201	7/18/13	40.95	41.5	40.38	41	3510200	41	2236	大华股份	SZ
202	7/17/13	42.8	42.94	40.51	41.1	7811900	41.1	2236	大华股份	SZ
203	7/16/13	42.04	43.27	42.04	42.8	6194900	42.8	2236	大华股份	SZ
204	7/15/13	41.8	42.79	41.45	42.2	7738300	42.2	2236	大华股份	SZ
205	7/12/13	41.9	43.8	41.75	41.75	8396300	41.75	2236	大华股份	SZ
206	7/11/13	41.3	42.55	40.81	41.92	7196900	41.92	2236	大华股份	SZ
207	7/10/13	39.68	41.36	39.55	41.2	6321500	41.2	2236	大华股份	SZ
208	7/9/13	39.18	40.28	39.18	39.57	3523700	39.57	2236	大华股份	SZ
209	7/8/13	39.9	40.95	39	39.49	4313800	39.49	2236	大华股份	SZ
210	7/5/13	41.18	41.8	40.01	40.31	5181500	40.31	2236	大华股份	SZ
211	7/4/13	41.4	42.95	40.65	41.2	11867000	41.2	2236	大华股份	SZ
212	7/3/13	40.29	41.95	40	41.8	9587400	41.8	2236	大华股份	SZ
213	7/2/13	40.15	41.5	39.91	40.56	12689200	40.56	2236	大华股份	SZ
214	7/1/13	38	40.01	37.78	40	11236500	40	2236	大华股份	SZ
215	6/28/13	37.99	38.99	37.8	38.23	4706100	38.23	2236	大华股份	SZ
216	6/27/13	39.5	40.8	38.06	38.2	9532500	38.2	2236	大华股份	SZ
217	6/26/13	38.33	39.5	38.33	39.41	13931300	39.41	2236	大华股份	SZ
218	6/25/13	34.94	37.99	34.3	37.21	12874400	37.21	2236	大华股份	SZ
219	6/24/13	37.86	38.18	34.55	35.62	10431000	35.62	2236	大华股份	SZ
220	6/21/13	37.27	38.25	36.05	37.86	6808800	37.86	2236	大华股份	SZ
221	6/20/13	38.8	38.8	37.6	37.66	6805100	37.66	2236	大华股份	SZ
222	6/19/13	38.5	39.3	37.5	38.88	6403000	38.88	2236	大华股份	SZ
223	6/18/13	40.12	40.15	38.41	38.88	10539000	38.88	2236	大华股份	SZ
224	6/17/13	40.44	41.6	40.1	40.22	7063300	40.22	2236	大华股份	SZ
225	6/14/13	38.53	40.67	38.53	40.4	9079000	40.4	2236	大华股份	SZ
226	6/13/13	39.2	39.36	37	38.54	5847500	38.54	2236	大华股份	SZ
227	6/12/13	39.63	39.63	39.63	39.63	0	39.63	2236	大华股份	SZ
228	6/11/13	39.63	39.63	39.63	39.63	0	39.63	2236	大华股份	SZ
229	6/10/13	39.63	39.63	39.63	39.63	0	39.63	2236	大华股份	SZ
230	6/7/13	38.92	39.93	38.8	39.63	6857400	39.63	2236	大华股份	SZ
231	6/6/13	38.75	39.5	38.51	38.88	5700000	38.88	2236	大华股份	SZ
232	6/5/13	38.18	39.5	38.18	38.8	5309100	38.8	2236	大华股份	SZ
233	6/4/13	38.88	38.88	37.81	38.3	7827200	38.3	2236	大华股份	SZ
234	6/3/13	40.88	41	38.55	38.91	10741500	38.91	2236	大华股份	SZ
235	5/31/13	41.04	41.48	40.56	41.05	4621100	41.05	2236	大华股份	SZ
236	5/30/13	41.6	41.66	40.85	41.04	4754600	41.04	2236	大华股份	SZ
237	5/29/13	42.31	43.17	41	41.7	7086200	41.7	2236	大华股份	SZ
238	5/28/13	42.82	43	41.91	42.3	4605000	42.3	2236	大华股份	SZ
239	5/27/13	42.18	43.38	41.65	42.82	5743200	42.82	2236	大华股份	SZ
240	5/24/13	42.03	42.59	41.62	42.28	4550200	42.28	2236	大华股份	SZ
241	5/23/13	42	42.99	41.58	41.82	5968300	41.82	2236	大华股份	SZ
242	5/22/13	43.03	43.03	41.6	42.4	7711300	42.4	2236	大华股份	SZ
243	5/21/13	40.5	43.77	40.1	43.21	11368300	43.21	2236	大华股份	SZ
244	5/20/13	39.86	40.5	39.47	40.5	7667700	40.5	2236	大华股份	SZ
245	5/17/13	39.84	40.27	39.2	39.87	5798900	39.87	2236	大华股份	SZ
246	5/16/13	39.29	40.67	38.75	39.82	9951900	39.82	2236	大华股份	SZ
247	5/15/13	37.7	39.38	37.7	39.29	9920900	39.29	2236	大华股份	SZ
248	5/14/13	38.6	38.6	37.54	37.81	4108700	37.81	2236	大华股份	SZ
249	5/13/13	38.08	39.18	38.08	38.69	4880900	38.69	2236	大华股份	SZ
250	5/10/13	38.4	38.7	37.61	38.07	4636500	38.07	2236	大华股份	SZ
251	5/9/13	38.75	39.1	37.9	38.2	5136100	38.2	2236	大华股份	SZ
252	5/8/13	37.53	39.09	37.52	39.02	6902000	39.02	2236	大华股份	SZ
253	5/7/13	38.98	39.6	37.51	37.52	7920000	37.52	2236	大华股份	SZ
254	5/6/13	39.19	39.5	38.66	39.07	5997000	39.07	2236	大华股份	SZ
255	5/3/13	38.9	40.21	38.28	39.15	8333200	39.15	2236	大华股份	SZ
256	5/2/13	37	39.39	36.52	38.92	6670900	38.92	2236	大华股份	SZ
257	5/1/13	37.28	37.28	37.28	37.28	0	37.28	2236	大华股份	SZ
258	4/30/13	37.28	37.28	37.28	37.28	0	37.28	2236	大华股份	SZ
259	4/29/13	37.28	37.28	37.28	37.28	0	37.28	2236	大华股份	SZ
260	4/26/13	39.26	39.85	36	37.28	9239600	37.28	2236	大华股份	SZ
261	4/25/13	40.65	41.38	39.01	39.26	12138800	39.26	2236	大华股份	SZ
262	4/24/13	38.2	40.5	38.2	40.44	11676400	40.44	2236	大华股份	SZ
263	4/23/13	38.65	38.65	37.5	38.09	7817900	38.09	2236	大华股份	SZ
264	4/22/13	36.9	38.83	36.31	38.65	9187400	38.65	2236	大华股份	SZ
265	4/19/13	36.6	37.32	36.01	36.94	7670200	36.94	2236	大华股份	SZ
266	4/18/13	37.2	39.14	36.5	36.6	14706100	36.6	2236	大华股份	SZ
267	4/17/13	34.1	37.18	34.1	37.18	12237800	37.18	2236	大华股份	SZ
268	4/16/13	32.45	34.48	32.45	33.8	6880300	33.8	2236	大华股份	SZ
269	4/15/13	33.01	33.6	32.25	32.54	3552100	16.2	2236	大华股份	SZ
270	4/12/13	33.58	33.73	33.3	33.31	2425200	16.58	2236	大华股份	SZ
271	4/11/13	33.83	33.94	33.29	33.59	2801500	16.72	2236	大华股份	SZ
272	4/10/13	33.88	34.65	33.16	33.72	3979800	16.79	2236	大华股份	SZ
273	4/9/13	34.65	34.82	33.94	34.15	4222900	17	2236	大华股份	SZ
274	4/8/13	32.5	34.9	32.27	34.4	6458800	17.13	2236	大华股份	SZ
275	4/5/13	33.19	33.19	33.19	33.19	0	16.52	2236	大华股份	SZ
276	4/4/13	33.19	33.19	33.19	33.19	0	16.52	2236	大华股份	SZ
277	4/3/13	32.33	33.71	31.56	33.19	7464800	16.52	2236	大华股份	SZ
278	4/2/13	34.1	34.21	32.35	32.6	6673600	16.23	2236	大华股份	SZ
279	4/1/13	34.6	34.62	33.86	34.06	4831100	16.95	2236	大华股份	SZ
280	3/29/13	34.83	35	34.21	34.75	4338900	17.3	2236	大华股份	SZ
281	3/28/13	34.58	35.15	33.9	34.95	4922100	17.4	2236	大华股份	SZ
282	3/27/13	35.09	35.36	34.73	34.81	4449800	17.33	2236	大华股份	SZ
283	3/26/13	34.35	35.1	34.25	35	6066800	17.42	2236	大华股份	SZ
284	3/25/13	33.76	34.75	33.1	34.72	5429800	17.28	2236	大华股份	SZ
285	3/22/13	33.7	34.62	33	33.53	5846300	16.69	2236	大华股份	SZ
286	3/21/13	31.33	33.58	31.33	33.58	7776200	16.71	2236	大华股份	SZ
287	3/20/13	31.05	31.35	30.65	31.32	3653100	15.59	2236	大华股份	SZ
288	3/19/13	31.87	32.44	30.82	31	7354600	15.43	2236	大华股份	SZ
289	3/18/13	31.05	32.38	31.04	31.68	5803800	15.77	2236	大华股份	SZ
290	3/15/13	31	31.52	30.75	31	3902100	15.43	2236	大华股份	SZ
291	3/14/13	29.67	31.11	29.67	30.97	7063400	15.42	2236	大华股份	SZ
292	3/13/13	29.31	29.68	28.75	29.67	3664000	14.77	2236	大华股份	SZ
293	3/12/13	29.35	29.85	28.62	29.36	3333100	14.62	2236	大华股份	SZ
294	3/11/13	28.42	29.64	28.11	29.37	4411500	14.62	2236	大华股份	SZ
295	3/8/13	28.8	28.84	27.99	28.41	2778800	14.14	2236	大华股份	SZ
296	3/7/13	29.86	29.86	28.28	28.67	7782800	14.27	2236	大华股份	SZ
297	3/6/13	30	30.59	29.73	29.98	4481800	14.92	2236	大华股份	SZ
298	3/5/13	28.9	30	28.5	29.98	5295100	14.92	2236	大华股份	SZ
299	3/4/13	29	29.57	28.44	28.85	4213100	14.36	2236	大华股份	SZ
300	3/1/13	27.77	29.1	27.59	28.85	4621100	14.36	2236	大华股份	SZ
301	2/28/13	27.48	28	27.35	27.77	3624400	13.83	2236	大华股份	SZ
302	2/27/13	27.59	28.08	27	27.14	4000500	13.51	2236	大华股份	SZ
303	2/26/13	26.51	28.05	26.51	27.59	7581200	13.73	2236	大华股份	SZ
304	2/25/13	25.75	26.8	25.53	26.77	4167400	13.33	2236	大华股份	SZ
305	2/22/13	25.61	25.98	25.31	25.67	2589200	12.78	2236	大华股份	SZ
306	2/21/13	25.4	25.92	25.05	25.61	4300300	12.75	2236	大华股份	SZ
307	2/20/13	25	25.59	24.92	25.4	2658900	12.64	2236	大华股份	SZ
308	2/19/13	25.4	25.45	24.75	24.97	2837200	12.43	2236	大华股份	SZ
309	2/18/13	25.56	25.8	25	25.5	2951100	12.69	2236	大华股份	SZ
310	2/15/13	25.49	25.49	25.49	25.49	0	12.69	2236	大华股份	SZ
311	2/14/13	25.49	25.49	25.49	25.49	0	12.69	2236	大华股份	SZ
312	2/13/13	25.49	25.49	25.49	25.49	0	12.69	2236	大华股份	SZ
313	2/12/13	25.49	25.49	25.49	25.49	0	12.69	2236	大华股份	SZ
314	2/11/13	25.49	25.49	25.49	25.49	0	12.69	2236	大华股份	SZ
315	2/8/13	25.23	26.16	24.98	25.49	4561000	12.69	2236	大华股份	SZ
316	2/7/13	24.41	25.18	24.41	25	3950400	12.44	2236	大华股份	SZ
317	2/6/13	24.5	24.73	24.29	24.45	3529800	12.17	2236	大华股份	SZ
318	2/5/13	23.65	24.62	23.65	24.45	4297500	12.17	2236	大华股份	SZ
319	2/4/13	23.83	24.09	23.14	23.65	6616400	11.77	2236	大华股份	SZ
320	2/1/13	24.4	24.65	23.82	23.97	5869100	11.93	2236	大华股份	SZ
321	1/31/13	24.95	25.09	24.4	24.41	3193500	12.15	2236	大华股份	SZ
322	1/30/13	23.89	25.49	23.89	24.85	4573200	12.37	2236	大华股份	SZ
323	1/29/13	24.35	24.83	23.73	24.68	9377200	12.29	2236	大华股份	SZ
324	1/28/13	24.25	24.8	24	24.4	6550500	12.15	2236	大华股份	SZ
325	1/25/13	24.95	25.04	24.01	24.36	3924900	12.13	2236	大华股份	SZ
326	1/24/13	24.83	25.28	24.5	24.65	4007100	12.27	2236	大华股份	SZ
327	1/23/13	25	25.15	24.67	24.95	3463000	12.42	2236	大华股份	SZ
328	1/22/13	25.09	25.23	23.89	24.66	3735200	12.27	2236	大华股份	SZ
329	1/21/13	25.05	25.34	24.5	25.17	4408500	12.53	2236	大华股份	SZ
330	1/18/13	25.5	25.99	25	25.23	3569900	12.56	2236	大华股份	SZ
331	1/17/13	25.38	26.25	24.5	25.11	5018700	12.5	2236	大华股份	SZ
332	1/16/13	24.4	25.5	24.02	25.5	10020100	12.69	2236	大华股份	SZ
333	1/15/13	23.08	25.24	23.08	24.4	12036600	12.15	2236	大华股份	SZ
334	1/14/13	22.18	23.1	22.18	23.08	9078300	11.49	2236	大华股份	SZ
335	1/11/13	21.98	22.42	21.92	22.07	4756600	10.98	2236	大华股份	SZ
336	1/10/13	22.35	22.5	21.95	21.98	5528200	10.94	2236	大华股份	SZ
337	1/9/13	21.47	22.35	21.31	22.2	7487600	11.05	2236	大华股份	SZ
338	1/8/13	20.8	21.66	20.64	21.5	8999300	10.7	2236	大华股份	SZ
339	1/7/13	20.88	21.1	20	20.98	12537300	10.44	2236	大华股份	SZ
340	1/4/13	23	23	20.86	21.1	22895800	10.51	2236	大华股份	SZ
341	1/3/13	23.17	23.17	23.17	23.17	0	11.54	2236	大华股份	SZ
342	1/2/13	23.17	23.17	23.17	23.17	0	11.54	2236	大华股份	SZ
343	1/1/13	23.17	23.17	23.17	23.17	0	11.54	2236	大华股份	SZ
344	12/31/12	22.99	23.56	22.6	23.17	16234400	11.54	2236	大华股份	SZ
345	12/28/12	22.5	23.09	22.25	23.09	10272300	11.49	2236	大华股份	SZ
346	12/27/12	22.33	22.64	21.96	22.5	9951600	11.2	2236	大华股份	SZ
347	12/26/12	21.7	22.25	21.51	22.23	8661100	11.06	2236	大华股份	SZ
348	12/25/12	21.35	22	21.35	21.75	6322200	10.83	2236	大华股份	SZ
349	12/24/12	21.36	21.9	21.33	21.6	5278600	10.75	2236	大华股份	SZ
350	12/21/12	20.98	21.5	20.89	21.35	6276000	10.63	2236	大华股份	SZ
351	12/20/12	20.58	21.25	20.24	20.98	6698300	10.44	2236	大华股份	SZ
352	12/19/12	20.26	20.92	20.16	20.6	5195100	10.26	2236	大华股份	SZ
353	12/18/12	20.45	20.85	20.18	20.27	5261600	10.09	2236	大华股份	SZ
354	12/17/12	21.29	21.29	20.07	20.71	6880800	10.31	2236	大华股份	SZ
355	12/14/12	20.57	21.5	20.5	21.3	6439900	10.6	2236	大华股份	SZ
356	12/13/12	20.73	20.83	20.44	20.56	4746400	10.23	2236	大华股份	SZ
357	12/12/12	21	21.23	20.75	20.85	2691400	10.38	2236	大华股份	SZ
358	12/11/12	20.96	21.08	20.77	21.01	2072500	10.46	2236	大华股份	SZ
359	12/10/12	20.66	21	20.66	20.94	2607800	10.43	2236	大华股份	SZ
360	12/7/12	20.65	21.1	20.53	20.66	3885900	10.28	2236	大华股份	SZ
361	12/6/12	20.9	20.9	20.45	20.65	2888600	10.28	2236	大华股份	SZ
362	12/5/12	19.9	20.75	19.81	20.7	7384800	10.3	2236	大华股份	SZ
363	12/4/12	19.45	19.92	19.45	19.81	2817700	9.86	2236	大华股份	SZ
364	12/3/12	19.39	19.88	19.26	19.56	4306600	9.74	2236	大华股份	SZ
365	11/30/12	18.75	19.42	18.73	19.41	3300500	9.66	2236	大华股份	SZ
366	11/29/12	18.6	19	18.6	18.75	2872500	9.33	2236	大华股份	SZ
367	11/28/12	18.5	18.89	18.4	18.73	2554500	9.32	2236	大华股份	SZ
368	11/27/12	18.75	19.04	18.34	18.64	4580000	9.28	2236	大华股份	SZ
369	11/26/12	19.3	19.31	18.3	18.85	5780200	9.38	2236	大华股份	SZ
370	11/23/12	19.84	19.84	19.29	19.29	4233000	9.6	2236	大华股份	SZ
371	11/22/12	20.38	20.38	19.5	19.85	3429600	9.88	2236	大华股份	SZ
372	11/21/12	20.25	20.46	19.76	20.4	2384300	10.15	2236	大华股份	SZ
373	11/20/12	20	20.44	19.91	20.23	2693000	10.07	2236	大华股份	SZ
374	11/19/12	20.04	20.05	19.26	20.05	5944100	9.98	2236	大华股份	SZ
375	11/16/12	19.65	20.05	19.49	20.05	4040400	9.98	2236	大华股份	SZ
376	11/15/12	19.68	20.19	19.45	19.65	1872900	9.78	2236	大华股份	SZ
377	11/14/12	19.5	19.84	19.5	19.68	1932100	9.8	2236	大华股份	SZ
378	11/13/12	20.08	20.19	19.5	19.53	2979100	9.72	2236	大华股份	SZ
379	11/12/12	20	20.33	19.84	20.08	1635300	10	2236	大华股份	SZ
380	11/9/12	20.15	20.42	19.87	20.05	6548300	9.98	2236	大华股份	SZ
381	11/8/12	20.92	20.92	20.16	20.33	5519700	10.12	2236	大华股份	SZ
382	11/7/12	20.84	21.01	20.59	21	2332500	10.45	2236	大华股份	SZ
383	11/6/12	20.65	20.94	20.41	20.8	3249000	10.35	2236	大华股份	SZ
384	11/5/12	21.01	21.17	20.45	20.68	7388400	10.29	2236	大华股份	SZ
385	11/2/12	21.64	21.64	21.16	21.17	4741800	10.54	2236	大华股份	SZ
386	11/1/12	21.65	21.88	21.53	21.65	2639600	10.77	2236	大华股份	SZ
387	10/31/12	21.43	21.75	21.4	21.65	3294600	10.78	2236	大华股份	SZ
388	10/30/12	21.1	21.49	20.99	21.48	3703800	10.69	2236	大华股份	SZ
389	10/29/12	21.15	21.4	20.83	21.09	2671800	10.5	2236	大华股份	SZ
390	10/26/12	21.26	21.48	20.5	21.27	7215200	10.59	2236	大华股份	SZ
391	10/25/12	21.81	21.85	21.3	21.34	3089700	10.63	2236	大华股份	SZ
392	10/24/12	21.52	21.9	21.43	21.78	1602700	10.84	2236	大华股份	SZ
393	10/23/12	21.8	22.24	21.6	21.65	3782000	10.77	2236	大华股份	SZ
394	10/22/12	21.92	22.03	21.51	21.8	2918400	10.85	2236	大华股份	SZ
395	10/19/12	21.77	21.8	21.45	21.8	3056900	10.85	2236	大华股份	SZ
396	10/18/12	21.19	21.8	21.12	21.77	4700400	10.84	2236	大华股份	SZ
397	10/17/12	21.3	21.43	20.73	21.26	2759200	10.58	2236	大华股份	SZ
398	10/16/12	20.75	21.41	20.6	21.25	3092800	10.58	2236	大华股份	SZ
399	10/15/12	20.93	21	20.43	20.72	2105900	10.31	2236	大华股份	SZ
400	10/12/12	21.24	21.4	20.93	20.93	2257600	10.42	2236	大华股份	SZ
401	10/11/12	21.25	21.5	21.02	21.15	3233200	10.53	2236	大华股份	SZ
402	10/10/12	20.93	21.45	20.86	21.34	3786400	10.63	2236	大华股份	SZ
403	10/9/12	20.8	21.08	20.65	21.06	3420700	10.48	2236	大华股份	SZ
404	10/8/12	20.5	20.87	20.5	20.7	1894900	10.3	2236	大华股份	SZ
405	10/5/12	20.5	20.5	20.5	20.5	0	10.2	2236	大华股份	SZ
406	10/4/12	20.5	20.5	20.5	20.5	0	10.2	2236	大华股份	SZ
407	10/3/12	20.5	20.5	20.5	20.5	0	10.2	2236	大华股份	SZ
408	10/2/12	20.5	20.5	20.5	20.5	0	10.2	2236	大华股份	SZ
409	10/1/12	20.5	20.5	20.5	20.5	0	10.2	2236	大华股份	SZ
410	9/28/12	20.38	20.64	20.27	20.5	3182300	10.2	2236	大华股份	SZ
411	9/27/12	19.65	20.5	19.6	20.38	3862800	10.14	2236	大华股份	SZ
412	9/26/12	20.15	20.25	19.39	19.8	3889400	9.85	2236	大华股份	SZ
413	9/25/12	20.29	20.65	20.07	20.12	2961900	10.02	2236	大华股份	SZ
414	9/24/12	19.65	20.48	19.08	20.15	5314100	10.03	2236	大华股份	SZ
415	9/21/12	20.25	20.47	19.53	19.67	5482800	9.79	2236	大华股份	SZ
416	9/20/12	20.5	21.4	20.15	20.31	8444700	10.11	2236	大华股份	SZ
417	9/19/12	20.15	20.5	20.05	20.49	4015300	10.2	2236	大华股份	SZ
418	9/18/12	20.01	20.55	19.94	20	4609500	9.96	2236	大华股份	SZ
419	9/17/12	20.24	20.6	20.02	20.17	4521600	10.04	2236	大华股份	SZ
420	9/14/12	20.75	21.25	20.39	20.39	5495700	10.15	2236	大华股份	SZ
421	9/13/12	21.36	21.5	21.08	21.08	2231100	10.49	2236	大华股份	SZ
422	9/12/12	20.8	21.4	20.74	21.35	4463900	10.63	2236	大华股份	SZ
423	9/11/12	20.75	20.89	20.13	20.8	4169400	10.35	2236	大华股份	SZ
424	9/10/12	21.2	21.2	20.5	20.89	4931600	10.4	2236	大华股份	SZ
425	9/7/12	20.5	21.22	20.5	21.05	7433600	10.48	2236	大华股份	SZ
426	9/6/12	20.33	20.49	19.97	20.42	5144100	10.16	2236	大华股份	SZ
427	9/5/12	19.89	20.24	19.75	20.22	2736000	10.06	2236	大华股份	SZ
428	9/4/12	19.5	20.5	19.5	20.1	8903300	10.01	2236	大华股份	SZ
429	9/3/12	18.83	19.7	18.75	19.49	4992300	9.7	2236	大华股份	SZ
430	8/31/12	18.42	19	18.1	18.85	3459800	9.38	2236	大华股份	SZ
431	8/30/12	18.65	18.84	17.81	18.42	6829400	9.17	2236	大华股份	SZ
432	8/29/12	18.5	19.24	18.5	18.76	5547200	9.34	2236	大华股份	SZ
433	8/28/12	18.95	19.2	18.28	18.69	7251100	9.31	2236	大华股份	SZ
434	8/27/12	19.58	19.58	18.8	19.05	9187700	9.48	2236	大华股份	SZ
435	8/24/12	19.8	19.83	19.19	19.7	4650000	9.81	2236	大华股份	SZ
436	8/23/12	19.99	20.3	19.45	19.82	3912700	9.87	2236	大华股份	SZ
437	8/22/12	20.4	20.4	19.9	19.99	2803900	9.95	2236	大华股份	SZ
438	8/21/12	19.6	20.42	19.49	20.25	5931400	10.08	2236	大华股份	SZ
439	8/20/12	19.2	19.77	18.66	19.64	3327200	9.78	2236	大华股份	SZ
440	8/17/12	19.45	19.6	18.91	19.27	4949600	9.59	2236	大华股份	SZ
441	8/16/12	19.94	20.05	19.38	19.5	3935200	9.71	2236	大华股份	SZ
442	8/15/12	19.05	20.34	18.8	19.94	9891200	9.93	2236	大华股份	SZ
443	8/14/12	20.24	20.25	18.1	19	16672700	9.46	2236	大华股份	SZ
444	8/13/12	20.08	20.4	19.65	20.06	4185300	9.99	2236	大华股份	SZ
445	8/10/12	19.98	20.4	19.7	20.05	5058000	9.98	2236	大华股份	SZ
446	8/9/12	18.96	20.05	18.77	19.95	10445500	9.93	2236	大华股份	SZ
447	8/8/12	19	19.34	18.7	18.95	5669300	9.43	2236	大华股份	SZ
448	8/7/12	18.7	19.18	18.68	19.06	7452800	9.49	2236	大华股份	SZ
449	8/6/12	18.1	18.72	17.79	18.67	10520000	9.3	2236	大华股份	SZ
450	8/3/12	17.5	18.1	17.3	18.1	6195700	9.01	2236	大华股份	SZ
451	8/2/12	17.25	17.49	17.08	17.44	3443900	8.68	2236	大华股份	SZ
452	8/1/12	17.27	17.62	17.06	17.29	3535200	8.61	2236	大华股份	SZ
453	7/31/12	17.23	17.34	16.65	17.29	3528000	8.61	2236	大华股份	SZ
454	7/30/12	17.17	17.65	16.92	17.14	4198100	8.53	2236	大华股份	SZ
455	7/27/12	18	18.32	17.3	17.35	6132200	8.64	2236	大华股份	SZ
456	7/26/12	17.73	18.33	17.64	17.99	8042100	8.96	2236	大华股份	SZ
457	7/25/12	17.2	18.02	17.08	17.61	8906600	8.77	2236	大华股份	SZ
458	7/24/12	16.67	17.29	16.48	17.25	5028600	8.59	2236	大华股份	SZ
459	7/23/12	16.74	16.84	16.41	16.7	1837200	8.31	2236	大华股份	SZ
460	7/20/12	16.81	17.04	16.64	16.9	2003800	8.41	2236	大华股份	SZ
461	7/19/12	17	17.14	16.58	16.9	3518700	8.41	2236	大华股份	SZ
462	7/18/12	17.31	17.39	16.24	16.95	10027700	8.44	2236	大华股份	SZ
463	7/17/12	16.53	17.31	16.44	17.31	5288600	8.61	2236	大华股份	SZ
464	7/16/12	17.05	17.19	16.5	16.8	4641700	8.36	2236	大华股份	SZ
465	7/13/12	17.35	17.38	16.92	17.23	4625100	8.57	2236	大华股份	SZ
466	7/12/12	17	17.48	16.9	17.48	7526100	8.7	2236	大华股份	SZ
467	7/11/12	17.22	17.35	16.78	17.02	7393500	8.47	2236	大华股份	SZ
468	7/10/12	17.5	17.5	16.94	17.4	5322600	8.66	2236	大华股份	SZ
469	7/9/12	16.86	17.66	16.76	17.5	10027600	8.71	2236	大华股份	SZ
470	7/6/12	16.36	16.9	16.36	16.86	5508600	8.4	2236	大华股份	SZ
471	7/5/12	16.08	16.5	16	16.3	2942900	8.11	2236	大华股份	SZ
472	7/4/12	16.3	16.95	16.09	16.15	9472100	8.04	2236	大华股份	SZ
473	7/3/12	16.1	16.78	15.88	16.55	8139600	8.24	2236	大华股份	SZ
474	7/2/12	15.6	16.11	15.6	16.08	5448600	8.01	2236	大华股份	SZ
475	6/29/12	15.35	15.35	15.35	15.35	0	7.64	2236	大华股份	SZ
476	6/28/12	15.83	16.06	15.25	15.35	7314600	7.64	2236	大华股份	SZ
477	6/27/12	15.4	15.94	15.26	15.82	6756300	7.88	2236	大华股份	SZ
478	6/26/12	15.25	15.42	15.01	15.26	3673200	7.59	2236	大华股份	SZ
479	6/25/12	15.5	15.53	15.26	15.4	4384000	7.67	2236	大华股份	SZ
480	6/22/12	15.69	15.69	15.69	15.69	0	7.81	2236	大华股份	SZ
481	6/21/12	15.52	15.7	15.23	15.69	3942700	7.81	2236	大华股份	SZ
482	6/20/12	16.12	16.25	15.38	15.7	8966500	7.82	2236	大华股份	SZ
483	6/19/12	16.14	16.38	16.01	16.09	4015400	8.01	2236	大华股份	SZ
484	6/18/12	15.95	16.2	15.73	16.14	4246900	8.03	2236	大华股份	SZ
485	6/15/12	15.71	15.88	15.52	15.82	3596100	7.88	2236	大华股份	SZ
486	6/14/12	15.63	15.88	15.51	15.68	4671300	7.81	2236	大华股份	SZ
487	6/13/12	15.15	15.63	15.01	15.63	5618500	7.78	2236	大华股份	SZ
488	6/12/12	15.09	15.48	14.95	15.14	5111800	7.54	2236	大华股份	SZ
489	6/11/12	14.75	15.19	14.56	15.15	6242400	7.54	2236	大华股份	SZ
490	6/8/12	14.62	14.89	14.14	14.75	9811400	7.34	2236	大华股份	SZ
491	6/7/12	15.23	15.55	14.29	14.6	12989500	7.27	2236	大华股份	SZ
492	6/6/12	14.69	15.59	14.51	15.23	8704100	7.58	2236	大华股份	SZ
493	6/5/12	14.64	14.89	14.58	14.69	3418200	7.31	2236	大华股份	SZ
494	6/4/12	14.25	14.95	14.15	14.65	4921500	7.29	2236	大华股份	SZ
495	6/1/12	14.55	14.57	14.33	14.4	2140200	7.17	2236	大华股份	SZ
496	5/31/12	14.43	14.54	14.24	14.44	3313900	7.19	2236	大华股份	SZ
497	5/30/12	14.01	14.61	13.88	14.43	6109900	7.18	2236	大华股份	SZ
498	5/29/12	13.95	14.65	13.85	14.2	10783700	7.07	2236	大华股份	SZ
499	5/28/12	14.02	14.09	13.75	14.02	6414900	3.43	2236	大华股份	SZ
500	5/25/12	14.24	14.24	13.89	14.02	3343700	3.43	2236	大华股份	SZ
501	5/24/12	13.68	14.24	13.64	14.15	5879700	3.46	2236	大华股份	SZ
502	5/23/12	13.66	13.75	13.44	13.75	5307100	3.37	2236	大华股份	SZ
503	5/22/12	13.8	13.92	13.58	13.69	4150000	3.35	2236	大华股份	SZ
504	5/21/12	13.66	13.82	13.46	13.68	4094000	3.35	2236	大华股份	SZ
505	5/18/12	13.51	13.97	13.45	13.66	7739000	3.35	2236	大华股份	SZ
506	5/17/12	13.43	13.6	13.3	13.6	4523500	3.33	2236	大华股份	SZ
507	5/16/12	13.44	13.75	13.36	13.45	3621000	3.29	2236	大华股份	SZ
508	5/15/12	13.13	13.49	13.1	13.45	2287700	3.29	2236	大华股份	SZ
509	5/14/12	13.5	13.55	13.06	13.27	4699200	3.25	2236	大华股份	SZ
510	5/11/12	13.45	13.55	13.34	13.44	2812600	3.29	2236	大华股份	SZ
511	5/10/12	13.54	13.82	13.39	13.52	5180800	3.31	2236	大华股份	SZ
512	5/9/12	13.31	13.54	13.19	13.44	4224800	3.29	2236	大华股份	SZ
513	5/8/12	13.62	13.82	13.27	13.43	7366600	3.29	2236	大华股份	SZ
514	5/7/12	13.14	13.65	13.1	13.62	15710400	3.34	2236	大华股份	SZ
515	5/4/12	12.77	13.28	12.77	13.14	7259400	3.22	2236	大华股份	SZ
516	5/3/12	12.5	12.93	12.5	12.88	4367500	3.15	2236	大华股份	SZ
517	5/2/12	12.59	12.64	12.45	12.48	3025200	3.06	2236	大华股份	SZ
518	5/1/12	12.46	12.46	12.46	12.46	0	3.05	2236	大华股份	SZ
519	4/30/12	12.46	12.46	12.46	12.46	0	3.05	2236	大华股份	SZ
520	4/27/12	12.55	12.64	12.44	12.46	1306100	3.05	2236	大华股份	SZ
521	4/26/12	12.56	12.71	12.54	12.55	3566500	3.07	2236	大华股份	SZ
522	4/25/12	12.66	12.72	12.45	12.67	3652600	3.1	2236	大华股份	SZ
523	4/24/12	12.7	12.78	12.43	12.73	2886600	3.12	2236	大华股份	SZ
524	4/23/12	12.73	12.9	12.39	12.71	4712700	3.11	2236	大华股份	SZ
525	4/20/12	12.79	12.85	12.6	12.73	2729200	3.12	2236	大华股份	SZ
526	4/19/12	12.8	12.9	12.65	12.73	2081000	3.12	2236	大华股份	SZ
527	4/18/12	12.57	12.95	12.41	12.9	3618300	3.16	2236	大华股份	SZ
528	4/17/12	12.82	12.95	12.56	12.58	3842600	3.08	2236	大华股份	SZ
529	4/16/12	12.48	13.05	12.44	12.81	4523600	3.14	2236	大华股份	SZ
530	4/13/12	12.62	12.65	12.43	12.55	4408600	3.07	2236	大华股份	SZ
531	4/12/12	12.26	12.6	12.17	12.57	5561400	3.08	2236	大华股份	SZ
532	4/11/12	12.25	12.32	12.04	12.25	3012200	3	2236	大华股份	SZ
533	4/10/12	12.26	12.26	12.26	12.26	0	3	2236	大华股份	SZ
534	4/9/12	12.1	12.46	12.1	12.26	6689700	3	2236	大华股份	SZ
535	4/6/12	12.26	12.26	12.1	12.15	3564200	2.98	2236	大华股份	SZ
536	4/5/12	12.02	12.28	12	12.25	4974000	3	2236	大华股份	SZ
537	4/4/12	12.02	12.02	12.02	12.02	0	2.94	2236	大华股份	SZ
538	4/3/12	12.02	12.02	12.02	12.02	0	2.94	2236	大华股份	SZ
539	4/2/12	12.02	12.02	12.02	12.02	0	2.94	2236	大华股份	SZ
540	3/30/12	11.82	12.12	11.71	12.02	1917700	2.94	2236	大华股份	SZ
541	3/29/12	11.66	11.85	11.5	11.78	2508800	2.88	2236	大华股份	SZ
542	3/28/12	12.12	12.12	11.65	11.8	3035400	2.89	2236	大华股份	SZ
543	3/27/12	11.99	12.19	11.96	12.09	2885500	2.96	2236	大华股份	SZ
544	3/26/12	11.66	11.97	11.66	11.96	2019000	2.93	2236	大华股份	SZ
545	3/23/12	11.66	11.9	11.65	11.66	2891300	2.86	2236	大华股份	SZ
546	3/22/12	11.88	11.96	11.63	11.76	3020100	2.88	2236	大华股份	SZ
547	3/21/12	12.11	12.2	11.77	11.93	4637800	2.92	2236	大华股份	SZ
548	3/20/12	12.25	12.28	12.1	12.12	4313800	2.97	2236	大华股份	SZ
549	3/19/12	12.15	12.31	12	12.25	8461400	3	2236	大华股份	SZ
550	3/16/12	11.8	12	11.66	12	2998900	2.94	2236	大华股份	SZ
551	3/15/12	11.67	11.89	11.43	11.8	5813000	2.89	2236	大华股份	SZ
552	3/14/12	12.18	12.3	11.67	11.68	6148200	2.86	2236	大华股份	SZ
553	3/13/12	12.17	12.19	11.93	12.19	5621200	2.98	2236	大华股份	SZ
554	3/12/12	12.15	12.32	11.95	12.16	9099800	2.98	2236	大华股份	SZ
555	3/9/12	12.04	12.14	11.9	12.07	4452200	2.96	2236	大华股份	SZ
556	3/8/12	12	12.1	11.94	12.04	3401300	2.95	2236	大华股份	SZ
557	3/7/12	12.06	12.26	11.96	12.02	6377400	2.94	2236	大华股份	SZ
558	3/6/12	11.88	12.27	11.85	12.15	7501700	2.97	2236	大华股份	SZ
559	3/5/12	11.76	11.87	11.74	11.85	4386100	2.9	2236	大华股份	SZ
560	3/2/12	11.75	11.82	11.68	11.75	3259800	2.88	2236	大华股份	SZ
561	3/1/12	11.57	11.75	11.55	11.75	2297100	2.88	2236	大华股份	SZ
562	2/29/12	11.7	11.82	11.61	11.63	3066200	2.85	2236	大华股份	SZ
563	2/28/12	11.92	11.93	11.65	11.71	3632700	2.87	2236	大华股份	SZ
564	2/27/12	11.9	12.1	11.82	11.97	7744000	2.93	2236	大华股份	SZ
565	2/24/12	11.94	12.13	11.83	11.85	6805100	2.9	2236	大华股份	SZ
566	2/23/12	11.82	11.92	11.77	11.82	4111400	2.9	2236	大华股份	SZ
567	2/22/12	11.66	11.91	11.66	11.79	5976100	2.89	2236	大华股份	SZ
568	2/21/12	11.52	11.88	11.48	11.7	5439500	2.87	2236	大华股份	SZ
569	2/20/12	11.27	11.62	11.27	11.52	8680400	2.82	2236	大华股份	SZ
570	2/17/12	11.27	11.28	11.13	11.23	3539000	2.75	2236	大华股份	SZ
571	2/16/12	11.24	11.37	11.12	11.26	6349300	2.76	2236	大华股份	SZ
572	2/15/12	11.68	11.68	11.12	11.25	14957000	2.76	2236	大华股份	SZ
573	2/14/12	10.77	10.94	10.7	10.91	6634600	2.67	2236	大华股份	SZ
574	2/13/12	10.97	10.97	10.66	10.82	10140900	2.65	2236	大华股份	SZ
575	2/10/12	11.25	11.25	10.95	10.98	3133400	2.69	2236	大华股份	SZ
576	2/9/12	11.16	11.35	11.09	11.25	834600	2.76	2236	大华股份	SZ
577	2/8/12	11	11.21	10.93	11.15	1701300	2.73	2236	大华股份	SZ
578	2/7/12	11.17	11.17	10.91	11.05	2761500	2.71	2236	大华股份	SZ
579	2/6/12	10.9	11.2	10.88	11.15	5578900	2.73	2236	大华股份	SZ
580	2/3/12	10.72	10.95	10.65	10.9	2470600	2.67	2236	大华股份	SZ
581	2/2/12	10.74	10.82	10.65	10.73	1201100	2.63	2236	大华股份	SZ
582	2/1/12	10.49	10.98	10.49	10.7	2444700	2.62	2236	大华股份	SZ
583	1/31/12	10.45	10.55	10.45	10.55	928500	2.58	2236	大华股份	SZ
584	1/30/12	10.27	10.57	10.27	10.52	3522000	2.58	2236	大华股份	SZ
585	1/27/12	10.27	10.27	10.27	10.27	0	2.52	2236	大华股份	SZ
586	1/26/12	10.27	10.27	10.27	10.27	0	2.52	2236	大华股份	SZ
587	1/25/12	10.27	10.27	10.27	10.27	0	2.52	2236	大华股份	SZ
588	1/24/12	10.27	10.27	10.27	10.27	0	2.52	2236	大华股份	SZ
589	1/23/12	10.27	10.27	10.27	10.27	0	2.52	2236	大华股份	SZ
590	1/20/12	10.1	10.38	10.02	10.27	5051200	2.52	2236	大华股份	SZ
591	1/19/12	9.95	10.24	9.89	10	3797400	2.45	2236	大华股份	SZ
592	1/18/12	10.75	10.75	9.9	9.96	11481700	2.44	2236	大华股份	SZ
593	1/17/12	10.62	11	10.01	10.75	9207500	2.63	2236	大华股份	SZ
594	1/16/12	11.25	11.36	10.62	10.62	2558600	2.6	2236	大华股份	SZ
595	1/13/12	11.45	11.45	11.18	11.3	2144200	2.77	2236	大华股份	SZ
596	1/12/12	11.7	11.7	11.26	11.45	5715800	2.8	2236	大华股份	SZ
597	1/11/12	11.75	11.75	11.75	11.75	0	2.88	2236	大华股份	SZ
598	1/10/12	11.81	11.9	11.56	11.75	6672700	2.88	2236	大华股份	SZ
599	1/9/12	11.4	11.84	11.25	11.81	4247300	2.89	2236	大华股份	SZ
600	1/6/12	11.5	11.55	10.88	11.55	4491700	2.83	2236	大华股份	SZ
601	1/5/12	11.9	12.07	11	11.55	5308600	2.83	2236	大华股份	SZ
602	1/4/12	12.4	12.57	11.89	11.93	3435000	2.92	2236	大华股份	SZ
603	1/3/12	11.85	12.5	11.82	12.4	5203800	3.04	2236	大华股份	SZ
604	1/2/12	11.85	12.5	11.82	12.4	5203800	3.04	2236	大华股份	SZ
605	12/30/11	11.85	12.5	11.82	12.4	5203800	3.04	2236	大华股份	SZ
606	12/29/11	11.62	11.92	11.45	11.88	2805600	2.91	2236	大华股份	SZ
607	12/28/11	11.75	11.88	11.03	11.75	12654700	2.88	2236	大华股份	SZ
608	12/27/11	12.05	12.1	11.77	11.85	2443800	2.9	2236	大华股份	SZ
609	12/26/11	11.92	12.22	11.85	12.07	2036200	2.96	2236	大华股份	SZ
610	12/23/11	11.75	11.97	11.75	11.91	2970300	2.92	2236	大华股份	SZ
611	12/22/11	11.75	11.88	11.57	11.8	4501000	2.89	2236	大华股份	SZ
612	12/21/11	12.23	12.3	11.8	11.8	4316200	2.89	2236	大华股份	SZ
613	12/20/11	12.23	12.27	12.01	12.24	5430900	3	2236	大华股份	SZ
614	12/19/11	12	12.24	11.85	12.23	6536300	2.99	2236	大华股份	SZ
615	12/16/11	11.68	12.11	11.63	12.11	7412300	2.97	2236	大华股份	SZ
616	12/15/11	11.72	11.79	11.4	11.68	8619600	2.86	2236	大华股份	SZ
617	12/14/11	11.7	11.88	11.55	11.72	12372800	2.87	2236	大华股份	SZ
618	12/13/11	11.79	11.98	11.74	11.8	13494100	2.89	2236	大华股份	SZ
619	12/12/11	11.7	12.12	11.25	11.77	26478000	2.88	2236	大华股份	SZ
620	12/9/11	11.19	11.19	11.19	11.19	0	2.74	2236	大华股份	SZ
621	12/8/11	11.19	11.19	11.19	11.19	0	2.74	2236	大华股份	SZ
622	12/7/11	11.19	11.19	11.19	11.19	0	2.74	2236	大华股份	SZ
623	12/6/11	11.19	11.19	11.19	11.19	0	2.74	2236	大华股份	SZ
624	12/5/11	11.19	11.19	11.19	11.19	0	2.74	2236	大华股份	SZ
625	12/2/11	11.3	11.3	11	11.19	1858000	2.74	2236	大华股份	SZ
626	12/1/11	11.22	11.52	11.15	11.3	4078200	2.77	2236	大华股份	SZ
627	11/30/11	10.99	11.17	10.88	11.16	7985000	2.73	2236	大华股份	SZ
628	11/29/11	10.73	10.99	10.64	10.99	4447700	2.69	2236	大华股份	SZ
629	11/28/11	10.81	10.81	10.5	10.73	2867400	2.63	2236	大华股份	SZ
630	11/25/11	10.69	10.85	10.67	10.74	1226200	2.63	2236	大华股份	SZ
631	11/24/11	10.27	10.7	10.27	10.7	1905300	2.62	2236	大华股份	SZ
632	11/23/11	10.52	10.52	10.2	10.45	3806300	2.56	2236	大华股份	SZ
633	11/22/11	10.69	10.69	10.35	10.51	6553200	2.57	2236	大华股份	SZ
634	11/21/11	10.75	10.75	10.52	10.73	1347400	2.63	2236	大华股份	SZ
635	11/18/11	11	11	10.6	10.73	3556900	2.63	2236	大华股份	SZ
636	11/17/11	11.01	11.1	10.88	11.07	2100800	2.71	2236	大华股份	SZ
637	11/16/11	11.27	11.35	10.75	11.1	2640400	2.72	2236	大华股份	SZ
638	11/15/11	11.3	11.41	11.22	11.27	3129600	2.76	2236	大华股份	SZ
639	11/14/11	11.45	11.45	11.33	11.38	3219100	2.79	2236	大华股份	SZ
640	11/11/11	11.25	11.35	11.14	11.32	4542500	2.77	2236	大华股份	SZ
641	11/10/11	10.99	11.29	10.88	11.26	2716600	2.76	2236	大华股份	SZ
642	11/9/11	10.84	11.17	10.75	11.07	2809500	2.71	2236	大华股份	SZ
643	11/8/11	11.06	11.12	10.81	10.84	1549400	2.65	2236	大华股份	SZ
644	11/7/11	11.2	11.39	10.99	11.04	1857300	2.7	2236	大华股份	SZ
645	11/4/11	11.43	11.55	11.2	11.29	2908500	2.76	2236	大华股份	SZ
646	11/3/11	11.11	11.38	11.07	11.3	7562300	2.77	2236	大华股份	SZ
647	11/2/11	10.51	11	10.5	11	5400300	2.69	2236	大华股份	SZ
648	11/1/11	10.52	10.69	10.5	10.68	4925600	2.61	2236	大华股份	SZ
649	10/31/11	10.32	10.62	10.25	10.58	4665000	2.59	2236	大华股份	SZ
650	10/28/11	10.35	10.53	10.22	10.3	5704200	2.52	2236	大华股份	SZ
651	10/27/11	10.54	10.72	10.18	10.25	5960300	2.51	2236	大华股份	SZ
652	10/26/11	10.2	10.59	10.14	10.54	6158300	2.58	2236	大华股份	SZ
653	10/25/11	9.7	10.43	9.64	10.23	6938600	2.5	2236	大华股份	SZ
654	10/24/11	9.52	9.75	9.48	9.64	8891300	2.36	2236	大华股份	SZ
655	10/21/11	10.15	10.15	9.38	9.62	18906800	2.36	2236	大华股份	SZ
656	10/20/11	10.45	10.49	10	10.12	4245500	2.48	2236	大华股份	SZ
657	10/19/11	10.7	10.77	10.4	10.47	2165100	2.56	2236	大华股份	SZ
658	10/18/11	10.89	11	10.48	10.85	3480600	2.66	2236	大华股份	SZ
659	10/17/11	11	11.05	10.77	11.04	3570800	2.7	2236	大华股份	SZ
660	10/14/11	11	11.1	10.85	10.95	1026900	2.68	2236	大华股份	SZ
661	10/13/11	10.7	11.15	10.53	11.05	4953400	2.7	2236	大华股份	SZ
662	10/12/11	10.45	10.74	10.19	10.7	4767400	2.62	2236	大华股份	SZ
663	10/11/11	10.8	11.15	10.06	10.62	6020100	2.6	2236	大华股份	SZ
664	10/10/11	10.74	10.75	10.5	10.68	1755900	2.61	2236	大华股份	SZ
665	9/30/11	10.43	10.75	10.43	10.65	1375000	2.61	2236	大华股份	SZ
666	9/29/11	10.5	10.6	10.18	10.55	1647700	2.58	2236	大华股份	SZ
667	9/28/11	10.99	10.99	10.35	10.64	4453500	2.61	2236	大华股份	SZ
668	9/27/11	11.14	11.16	10.46	10.85	7372700	2.66	2236	大华股份	SZ
669	9/26/11	11.15	11.35	10.91	11.09	3003400	2.72	2236	大华股份	SZ
670	9/23/11	11.23	11.35	11.02	11.28	1241300	2.76	2236	大华股份	SZ
671	9/22/11	11.69	11.7	11.32	11.41	3079300	2.79	2236	大华股份	SZ
672	9/21/11	11.62	11.81	11.38	11.71	5164800	2.87	2236	大华股份	SZ
673	9/20/11	11.56	11.62	11.15	11.62	4390700	2.85	2236	大华股份	SZ
674	9/19/11	11.68	11.68	11.24	11.56	4745300	2.83	2236	大华股份	SZ
675	9/16/11	11.5	11.77	11.5	11.7	5911900	2.87	2236	大华股份	SZ
676	9/15/11	11.22	11.54	11.19	11.5	3951400	2.82	2236	大华股份	SZ
677	9/14/11	11.1	11.23	10.93	11.21	5939800	2.74	2236	大华股份	SZ
678	9/13/11	11.38	11.4	10.9	11.04	11219500	2.7	2236	大华股份	SZ
679	9/9/11	11.72	11.88	11.25	11.48	11499100	2.81	2236	大华股份	SZ
680	9/8/11	11.98	12.06	11.62	11.85	5099800	2.9	2236	大华股份	SZ
681	9/7/11	11.76	12.03	11.73	11.98	2901800	2.94	2236	大华股份	SZ
682	9/6/11	11.74	12.09	11.68	11.8	3405300	2.89	2236	大华股份	SZ
683	9/5/11	11.76	11.85	11.64	11.77	4220000	2.88	2236	大华股份	SZ
684	9/2/11	12.16	12.16	11.7	12	4858200	2.94	2236	大华股份	SZ
685	9/1/11	12.3	12.55	12.16	12.16	2464400	2.98	2236	大华股份	SZ
686	8/31/11	12.42	12.49	12	12.42	2948700	3.04	2236	大华股份	SZ
687	8/30/11	12.85	12.94	12.43	12.43	3485600	3.04	2236	大华股份	SZ
688	8/29/11	12.65	12.85	12.58	12.77	2517400	3.13	2236	大华股份	SZ
689	8/26/11	12.85	12.85	12.6	12.74	3396200	3.12	2236	大华股份	SZ
690	8/25/11	12.86	13.04	12.62	12.85	3364900	3.15	2236	大华股份	SZ
691	8/24/11	12.43	12.9	12.39	12.86	6039300	3.15	2236	大华股份	SZ
692	8/23/11	12.2	12.48	11.88	12.42	3031700	3.04	2236	大华股份	SZ
693	8/22/11	12.32	12.38	12.07	12.18	3240000	2.98	2236	大华股份	SZ
694	8/19/11	12.23	12.44	12.05	12.22	4832300	2.99	2236	大华股份	SZ
695	8/18/11	12.88	12.97	12.21	12.52	12777900	3.07	2236	大华股份	SZ
696	8/17/11	12.78	13.05	12.49	12.87	6956200	3.15	2236	大华股份	SZ
697	8/16/11	13.15	13.33	12.89	12.9	5309500	3.16	2236	大华股份	SZ
698	8/15/11	13.02	13.15	12.77	13.14	7578900	3.22	2236	大华股份	SZ
699	8/12/11	13.12	13.38	12.96	13.03	8604900	3.19	2236	大华股份	SZ
700	8/10/11	12.53	13.38	12.53	12.77	11928300	3.13	2236	大华股份	SZ
701	8/9/11	12.38	12.75	11.65	12.51	12278900	3.06	2236	大华股份	SZ
702	8/8/11	12.62	13.25	12.3	12.75	14929900	3.12	2236	大华股份	SZ
703	8/5/11	11.75	13	11.72	12.9	19681700	3.16	2236	大华股份	SZ
704	8/4/11	12.38	12.44	12.01	12.25	7659900	3	2236	大华股份	SZ
705	8/3/11	11.42	12.49	11.32	12.29	21171300	3.01	2236	大华股份	SZ
706	8/2/11	11.51	11.62	10.99	11.45	26668900	2.8	2236	大华股份	SZ
707	8/1/11	11.9	12.1	11.62	11.62	10875800	2.85	2236	大华股份	SZ
708	7/29/11	12.02	12.29	11.7	12.17	10930400	2.98	2236	大华股份	SZ
709	7/28/11	11.77	12.17	11.77	12.07	14474700	2.96	2236	大华股份	SZ
710	7/27/11	11.18	12.05	10.96	11.85	28723200	2.9	2236	大华股份	SZ
711	7/26/11	11.35	11.41	11.12	11.3	16285400	2.77	2236	大华股份	SZ
712	7/25/11	11.11	11.5	10.95	11.43	21124100	2.8	2236	大华股份	SZ
713	7/22/11	11.12	11.42	10.97	11.07	11185200	2.71	2236	大华股份	SZ
714	7/21/11	11.13	11.36	11.1	11.1	6336400	2.72	2236	大华股份	SZ
715	7/20/11	11.29	11.43	11.1	11.17	9209100	2.74	2236	大华股份	SZ
716	7/19/11	11.65	11.66	11.25	11.3	22667000	2.77	2236	大华股份	SZ
717	7/18/11	12.06	12.12	11.65	11.68	8665400	2.86	2236	大华股份	SZ
718	7/15/11	11.93	12.14	11.75	12.14	11694300	2.97	2236	大华股份	SZ
719	7/14/11	11.74	12.03	11.65	11.93	7856900	2.92	2236	大华股份	SZ
720	7/13/11	11.68	11.85	11.62	11.74	4548300	2.88	2236	大华股份	SZ
721	7/12/11	11.6	11.77	11.56	11.68	4633700	2.86	2236	大华股份	SZ
722	7/11/11	11.75	11.77	11.57	11.68	5761900	2.86	2236	大华股份	SZ
723	7/8/11	11.8	11.95	11.5	11.75	4872200	2.88	2236	大华股份	SZ
724	7/7/11	11.63	12.02	11.63	11.8	12303800	2.89	2236	大华股份	SZ
725	7/6/11	11.15	11.65	11.15	11.62	8294900	2.85	2236	大华股份	SZ
726	7/5/11	11.45	11.46	11.22	11.3	8246200	2.77	2236	大华股份	SZ
727	7/4/11	11.47	11.73	11.25	11.47	7457400	2.81	2236	大华股份	SZ
728	7/1/11	11.42	11.95	11.38	11.47	9741700	2.81	2236	大华股份	SZ
729	6/30/11	10.76	11.36	10.75	11.32	7081300	2.77	2236	大华股份	SZ
730	6/29/11	10.75	11.2	10.75	10.82	7390000	2.65	2236	大华股份	SZ
731	6/28/11	10.47	10.8	10.33	10.8	9459200	2.64	2236	大华股份	SZ
732	6/27/11	10.25	10.61	10.18	10.4	6887600	2.55	2236	大华股份	SZ
733	6/24/11	10.16	10.35	10.02	10.25	7792100	2.51	2236	大华股份	SZ
734	6/23/11	9.88	10.24	9.81	10.16	6290200	2.49	2236	大华股份	SZ
735	6/22/11	9.72	10	9.54	9.94	3742900	2.43	2236	大华股份	SZ
736	6/21/11	9.7	9.78	9.53	9.74	2481600	2.39	2236	大华股份	SZ
737	6/20/11	9.75	9.98	9.48	9.72	2460400	2.38	2236	大华股份	SZ
738	6/17/11	9.71	9.91	9.6	9.82	1074100	2.41	2236	大华股份	SZ
739	6/16/11	9.85	9.88	9.6	9.74	2491200	2.38	2236	大华股份	SZ
740	6/15/11	9.99	10.15	9.85	9.88	2182500	2.42	2236	大华股份	SZ
741	6/14/11	9.82	10.19	9.8	10	5406800	2.45	2236	大华股份	SZ
742	6/13/11	10.11	10.11	9.82	9.95	1710700	2.44	2236	大华股份	SZ
743	6/10/11	10.15	10.27	9.98	10.11	1324700	2.48	2236	大华股份	SZ
744	6/9/11	10.43	10.47	10.13	10.18	1779900	2.49	2236	大华股份	SZ
745	6/8/11	10.08	10.59	10	10.43	2515700	2.55	2236	大华股份	SZ
746	6/7/11	10.31	10.45	10.19	10.3	3174000	1.21	2236	大华股份	SZ
747	6/3/11	10.32	10.4	10.15	10.25	2653800	1.2	2236	大华股份	SZ
748	6/2/11	10.01	10.43	9.91	10.32	4739800	1.21	2236	大华股份	SZ
749	6/1/11	9.9	10.19	9.85	10.08	3438700	1.18	2236	大华股份	SZ
750	5/31/11	9.79	9.81	9.69	9.8	958800	1.15	2236	大华股份	SZ
751	5/30/11	9.51	9.85	9.51	9.79	1721200	1.15	2236	大华股份	SZ
752	5/27/11	9.7	9.79	9.54	9.79	2537400	1.15	2236	大华股份	SZ
753	5/26/11	9.82	9.87	9.49	9.79	1888900	1.15	2236	大华股份	SZ
754	5/25/11	9.71	9.85	9.69	9.82	2093300	1.15	2236	大华股份	SZ
755	5/24/11	9.5	9.85	9.5	9.77	1757400	1.14	2236	大华股份	SZ
756	5/23/11	9.55	9.75	9.48	9.69	3389200	1.13	2236	大华股份	SZ
757	5/20/11	9.94	9.94	9.73	9.76	4102600	1.14	2236	大华股份	SZ
758	5/19/11	10.32	10.34	9.91	9.94	5316000	1.16	2236	大华股份	SZ
759	5/18/11	10.53	10.57	10.26	10.32	4328700	1.21	2236	大华股份	SZ
760	5/16/11	10.52	10.59	10.44	10.51	1467900	1.23	2236	大华股份	SZ
761	5/13/11	10.25	10.57	10.12	10.55	4344400	1.24	2236	大华股份	SZ
762	5/12/11	10.44	10.48	10.27	10.36	2388700	1.21	2236	大华股份	SZ
763	5/11/11	10.66	10.68	10.44	10.55	2349900	1.24	2236	大华股份	SZ
764	5/10/11	10.66	10.73	10.54	10.66	2756000	1.25	2236	大华股份	SZ
765	5/9/11	10.49	10.69	10.49	10.66	3901300	1.25	2236	大华股份	SZ
766	5/6/11	10.16	10.48	10.09	10.48	4139400	1.23	2236	大华股份	SZ
767	5/5/11	10.37	10.37	10	10.3	6412600	1.21	2236	大华股份	SZ
768	5/4/11	10.35	10.54	10.27	10.36	3519900	1.21	2236	大华股份	SZ
769	5/3/11	10.51	10.62	10.34	10.6	4143800	1.24	2236	大华股份	SZ
770	4/29/11	10.19	10.56	9.97	10.5	4263600	1.23	2236	大华股份	SZ
771	4/28/11	10.5	10.61	10.07	10.25	6376700	1.2	2236	大华股份	SZ
772	4/27/11	10.69	10.75	10.35	10.5	7834200	1.23	2236	大华股份	SZ
773	4/26/11	10.4	10.82	10.37	10.69	13706300	1.25	2236	大华股份	SZ
774	4/25/11	10.25	10.6	10.18	10.36	13015500	1.21	2236	大华股份	SZ
775	4/22/11	10.13	10.23	9.75	10.12	13135200	1.19	2236	大华股份	SZ
776	4/21/11	10.37	10.39	10.13	10.21	6785400	1.2	2236	大华股份	SZ
777	4/20/11	10.09	10.44	9.93	10.21	11803400	1.2	2236	大华股份	SZ
778	4/19/11	9.87	10.06	9.77	10.05	11580600	1.18	2236	大华股份	SZ
779	4/18/11	9.53	9.96	9.5	9.88	17433900	1.16	2236	大华股份	SZ
780	4/15/11	9.34	9.55	9.29	9.55	9482500	1.12	2236	大华股份	SZ
781	4/14/11	9.13	9.39	9.06	9.37	10278300	1.1	2236	大华股份	SZ
782	4/13/11	9	9.19	8.99	9.18	2688700	1.07	2236	大华股份	SZ
783	4/12/11	9.03	9.22	9	9.11	6016200	1.07	2236	大华股份	SZ
784	4/11/11	9.31	9.36	9	9.11	5723800	1.07	2236	大华股份	SZ
785	4/8/11	8.8	9.36	8.73	9.31	13240500	1.09	2236	大华股份	SZ
786	4/7/11	8.77	8.86	8.56	8.8	3687500	1.03	2236	大华股份	SZ
787	4/6/11	8.75	8.79	8.59	8.77	3876100	1.03	2236	大华股份	SZ
788	4/1/11	8.94	8.96	8.73	8.84	3582100	1.03	2236	大华股份	SZ
789	3/31/11	8.63	9	8.6	8.94	6183300	1.05	2236	大华股份	SZ
790	3/30/11	8.51	8.64	8.48	8.63	5223300	1.01	2236	大华股份	SZ
791	3/29/11	8.5	8.6	8.48	8.5	6640300	1	2236	大华股份	SZ
792	3/28/11	8.94	8.94	8.49	8.5	15107200	1	2236	大华股份	SZ
793	3/25/11	8.89	8.95	8.8	8.88	6182900	1.04	2236	大华股份	SZ
794	3/24/11	9.11	9.12	8.85	8.86	5612800	1.04	2236	大华股份	SZ
795	3/23/11	9.04	9.12	8.94	9.06	2155900	1.06	2236	大华股份	SZ
796	3/22/11	9.24	9.24	8.89	8.98	3875900	1.05	2236	大华股份	SZ
797	3/21/11	9.38	9.38	9.16	9.16	2762700	1.07	2236	大华股份	SZ
798	3/18/11	9.5	9.56	9.27	9.28	3000800	1.09	2236	大华股份	SZ
799	3/17/11	9.54	9.62	9.39	9.45	3781000	1.11	2236	大华股份	SZ
800	3/16/11	9.45	9.67	9.45	9.61	5904600	1.13	2236	大华股份	SZ
801	3/15/11	9.64	9.64	9.25	9.38	4997200	1.1	2236	大华股份	SZ
802	3/14/11	9.78	9.79	9.44	9.71	5325900	1.14	2236	大华股份	SZ
803	3/11/11	9.56	9.85	9.52	9.78	4443200	1.15	2236	大华股份	SZ
804	3/10/11	9.5	9.65	9.5	9.6	4201600	1.12	2236	大华股份	SZ
805	3/9/11	9.79	9.81	9.59	9.6	3258500	1.12	2236	大华股份	SZ
806	3/8/11	9.81	9.84	9.61	9.75	5687900	1.14	2236	大华股份	SZ
807	3/7/11	9.86	10.07	9.79	9.85	5960800	1.15	2236	大华股份	SZ
808	3/4/11	9.89	10.01	9.8	9.85	4086400	1.15	2236	大华股份	SZ
809	3/3/11	9.6	10	9.45	9.91	15615500	1.16	2236	大华股份	SZ
810	3/2/11	9.75	9.75	9.35	9.6	6765900	1.12	2236	大华股份	SZ
811	3/1/11	9.11	9.68	9.11	9.67	11824900	1.13	2236	大华股份	SZ
812	2/28/11	9.01	9.36	9.01	9.1	7649900	1.07	2236	大华股份	SZ
813	2/25/11	9.02	9.31	9.02	9.02	4519100	1.06	2236	大华股份	SZ
814	2/24/11	9	9.16	8.96	9.06	4078600	1.06	2236	大华股份	SZ
815	2/23/11	9.1	9.1	8.9	8.96	3544300	1.05	2236	大华股份	SZ
816	2/22/11	9.38	9.6	9	9.04	7718400	1.06	2236	大华股份	SZ
817	2/21/11	9.25	9.49	9.13	9.43	5474600	1.1	2236	大华股份	SZ
818	2/18/11	9.61	9.69	9.02	9.31	10900500	1.09	2236	大华股份	SZ
819	2/17/11	9.58	9.8	9.45	9.65	7151800	1.13	2236	大华股份	SZ
820	2/16/11	9.49	9.66	9.31	9.55	3792300	1.12	2236	大华股份	SZ
821	2/15/11	9.43	9.72	9.36	9.49	6101300	1.11	2236	大华股份	SZ
822	2/14/11	8.92	9.48	8.92	9.43	6724400	1.1	2236	大华股份	SZ
823	2/11/11	8.87	8.93	8.75	8.92	5639400	1.04	2236	大华股份	SZ
824	2/10/11	8.57	8.9	8.51	8.82	3695500	1.03	2236	大华股份	SZ
825	2/9/11	8.68	8.89	8.53	8.54	2818100	1	2236	大华股份	SZ
826	2/1/11	8.51	8.68	8.51	8.68	2123400	1.02	2236	大华股份	SZ
827	1/31/11	8.32	8.6	8.26	8.58	2329100	1	2236	大华股份	SZ
828	1/28/11	8.36	8.45	8.23	8.32	4265000	0.97	2236	大华股份	SZ
829	1/27/11	8.09	8.62	8.08	8.37	3667700	0.98	2236	大华股份	SZ
830	1/26/11	8.23	8.45	8.12	8.26	4391000	0.97	2236	大华股份	SZ
831	1/25/11	8.5	8.5	8.02	8.15	6261800	0.95	2236	大华股份	SZ
832	1/24/11	8.9	9	8.26	8.44	6543500	0.99	2236	大华股份	SZ
833	1/21/11	8.88	9.12	8.79	8.94	5850600	1.05	2236	大华股份	SZ
834	1/20/11	9	9.19	8.65	8.95	6205800	1.05	2236	大华股份	SZ
835	1/19/11	8.77	9.17	8.66	9.16	3979100	1.07	2236	大华股份	SZ
836	1/18/11	8.76	8.9	8.62	8.81	4422700	1.03	2236	大华股份	SZ
837	1/17/11	8.76	8.91	8.66	8.79	4834000	1.03	2236	大华股份	SZ
838	1/14/11	9.14	9.31	8.75	8.88	6185600	1.04	2236	大华股份	SZ
839	1/13/11	8.96	9.36	8.88	9.14	7925200	1.07	2236	大华股份	SZ
840	1/12/11	8.96	9.04	8.73	8.88	5592800	1.04	2236	大华股份	SZ
841	1/11/11	9.1	9.23	8.85	8.88	7885700	1.04	2236	大华股份	SZ
842	1/10/11	9.54	9.71	9.19	9.19	5031200	1.08	2236	大华股份	SZ
843	1/7/11	9.74	9.74	9.36	9.56	15147700	1.12	2236	大华股份	SZ
844	1/6/11	9.94	9.96	9.61	9.75	7827700	1.14	2236	大华股份	SZ
845	1/5/11	10.38	10.38	9.85	9.99	6664000	1.17	2236	大华股份	SZ
846	1/4/11	10.49	10.62	10.22	10.41	3634300	1.22	2236	大华股份	SZ
847	12/31/10	10.15	10.5	10.12	10.48	7845400	1.23	2236	大华股份	SZ
848	12/30/10	9.92	10.27	9.6	10.19	8149700	1.19	2236	大华股份	SZ
849	12/29/10	9.93	9.98	9.74	9.93	8135100	1.16	2236	大华股份	SZ
850	12/28/10	9.99	9.99	9.63	9.81	5012700	1.15	2236	大华股份	SZ
851	12/27/10	10.41	10.57	9.94	10	4654700	1.17	2236	大华股份	SZ
852	12/24/10	10.49	10.56	10.11	10.41	3100000	1.22	2236	大华股份	SZ
853	12/23/10	10.71	10.71	10.38	10.49	4900700	1.23	2236	大华股份	SZ
854	12/22/10	10.83	10.95	10.6	10.72	2462100	1.25	2236	大华股份	SZ
855	12/21/10	10.88	10.96	10.69	10.83	2659900	1.27	2236	大华股份	SZ
856	12/20/10	11.33	11.33	10.76	10.93	4085400	1.28	2236	大华股份	SZ
857	12/17/10	11.25	11.38	11.1	11.25	2387900	1.32	2236	大华股份	SZ
858	12/16/10	11.19	11.45	11.11	11.25	6860200	1.32	2236	大华股份	SZ
859	12/15/10	11.31	11.31	11.04	11.3	4021200	1.32	2236	大华股份	SZ
860	12/14/10	11.18	11.49	11.15	11.31	7909300	1.32	2236	大华股份	SZ
861	12/13/10	10.85	11.23	10.8	11.17	6165800	1.31	2236	大华股份	SZ
862	12/10/10	10.75	10.86	10.51	10.72	3895500	1.26	2236	大华股份	SZ
863	12/9/10	10.88	10.94	10.65	10.75	5368800	1.26	2236	大华股份	SZ
864	12/8/10	10.83	11.04	10.74	10.9	4584200	1.28	2236	大华股份	SZ
865	12/7/10	10.63	11	10.57	10.92	2565700	1.28	2236	大华股份	SZ
866	12/6/10	11.16	11.38	10.51	10.8	5069100	1.26	2236	大华股份	SZ
867	12/3/10	11.19	11.19	10.95	11.19	1775400	1.31	2236	大华股份	SZ
868	12/2/10	11.23	11.44	11.13	11.25	3937700	1.32	2236	大华股份	SZ
869	12/1/10	11.23	11.31	10.91	11.14	2510700	1.3	2236	大华股份	SZ
870	11/30/10	10.75	11.34	10.69	11.24	10477100	1.32	2236	大华股份	SZ
871	11/29/10	11	11.39	10.61	10.88	13931400	1.27	2236	大华股份	SZ
872	11/26/10	11.05	11.19	10.81	11	8962700	1.29	2236	大华股份	SZ
873	11/25/10	11.37	11.46	11.08	11.22	4695600	1.31	2236	大华股份	SZ
874	11/24/10	11.21	11.4	10.91	11.37	9789200	1.33	2236	大华股份	SZ
875	11/23/10	11.36	11.5	11.01	11.28	4136300	1.32	2236	大华股份	SZ
876	11/22/10	11.88	12.08	11.24	11.36	18407500	1.33	2236	大华股份	SZ
877	11/19/10	11.5	11.89	11.29	11.88	8232400	1.39	2236	大华股份	SZ
878	11/18/10	11.14	11.5	11.01	11.39	4168900	1.33	2236	大华股份	SZ
879	11/17/10	11.38	11.86	10.52	11.1	10040600	1.3	2236	大华股份	SZ
880	11/16/10	11.84	12.24	11.4	11.56	17266300	1.35	2236	大华股份	SZ
881	11/15/10	11.09	11.95	11.09	11.9	9577400	1.39	2236	大华股份	SZ
882	11/12/10	11.02	11.68	10.88	11.09	10035000	1.3	2236	大华股份	SZ
883	11/11/10	10.91	11.62	10.88	11.05	9204800	1.29	2236	大华股份	SZ
884	11/10/10	10.16	11.25	10.02	11.01	12358900	1.29	2236	大华股份	SZ
885	11/8/10	10.41	10.5	10.06	10.3	9155900	1.21	2236	大华股份	SZ
886	11/5/10	10.25	10.62	10.11	10.4	9825600	1.22	2236	大华股份	SZ
887	11/4/10	10.12	10.35	10.04	10.27	4789500	1.2	2236	大华股份	SZ
888	11/3/10	10.13	10.35	9.94	10.04	6146800	1.18	2236	大华股份	SZ
889	11/2/10	10.2	10.4	10.16	10.19	5988400	1.19	2236	大华股份	SZ
890	11/1/10	10.41	10.5	10.13	10.37	11730600	1.21	2236	大华股份	SZ
891	10/29/10	9.33	10.75	9.32	10.39	29419400	1.22	2236	大华股份	SZ
892	10/28/10	9.33	9.99	9.32	9.89	23231900	1.16	2236	大华股份	SZ
893	10/27/10	9.24	9.5	9.03	9.33	6935300	1.09	2236	大华股份	SZ
894	10/26/10	9.52	9.56	9	9.24	5699800	1.08	2236	大华股份	SZ
895	10/25/10	9.08	9.48	9.07	9.48	13309500	1.11	2236	大华股份	SZ
896	10/22/10	8.75	9.12	8.75	9.07	6991000	1.06	2236	大华股份	SZ
897	10/21/10	8.92	9.06	8.79	8.87	9175100	1.04	2236	大华股份	SZ
898	10/20/10	8.57	8.99	8.53	8.91	12679600	1.04	2236	大华股份	SZ
899	10/19/10	8.73	8.83	8.53	8.74	19514600	1.02	2236	大华股份	SZ
900	10/18/10	8.12	8.52	7.89	8.5	15030700	1	2236	大华股份	SZ
901	10/15/10	7.9	8.32	7.56	8.31	15903700	0.97	2236	大华股份	SZ
902	10/14/10	8.36	8.39	7.85	8	18319400	0.94	2236	大华股份	SZ
903	10/13/10	8.36	8.73	8.36	8.73	8780900	1.02	2236	大华股份	SZ
904	10/12/10	8.89	8.89	8.35	8.45	12962600	0.99	2236	大华股份	SZ
905	10/11/10	9.57	9.66	8.61	8.91	26560200	1.04	2236	大华股份	SZ
906	10/8/10	9.66	9.75	9.48	9.57	6040900	1.12	2236	大华股份	SZ
907	9/30/10	9.57	9.69	9.31	9.67	5223700	1.13	2236	大华股份	SZ
908	9/29/10	9.71	9.88	9.31	9.59	6431900	1.12	2236	大华股份	SZ
909	9/28/10	9.38	9.69	9.28	9.65	4891100	1.13	2236	大华股份	SZ
910	9/27/10	9.32	9.43	9.02	9.38	3472000	1.1	2236	大华股份	SZ
911	9/21/10	9.3	9.31	9.01	9.2	3936000	1.08	2236	大华股份	SZ
912	9/20/10	9.55	9.55	9.1	9.31	5189200	1.09	2236	大华股份	SZ
913	9/17/10	9.44	9.68	9.29	9.52	5192400	1.11	2236	大华股份	SZ
914	9/16/10	9.86	9.94	9.4	9.5	6233300	1.11	2236	大华股份	SZ
915	9/15/10	10.01	10.12	9.75	9.87	6129000	1.16	2236	大华股份	SZ
916	9/14/10	9.88	10.12	9.87	9.97	6944000	1.17	2236	大华股份	SZ
917	9/13/10	9.4	9.94	9.38	9.88	8363100	1.16	2236	大华股份	SZ
918	9/10/10	9.38	9.41	9.13	9.4	5704700	1.1	2236	大华股份	SZ
919	9/9/10	9.36	9.5	9.35	9.38	4676300	1.1	2236	大华股份	SZ
920	9/8/10	9.44	9.54	9.2	9.36	7107200	1.1	2236	大华股份	SZ
921	9/6/10	9.62	9.62	9	9.36	9162200	1.1	2236	大华股份	SZ
922	9/3/10	9.51	9.66	9.37	9.62	7299300	1.13	2236	大华股份	SZ
923	9/2/10	9.62	9.74	9.45	9.62	11118700	1.13	2236	大华股份	SZ
924	9/1/10	9.88	10.1	9.38	9.59	12436700	1.12	2236	大华股份	SZ
925	8/31/10	9.88	9.95	9.56	9.87	6955900	1.16	2236	大华股份	SZ
926	8/30/10	9.5	9.95	9.4	9.89	9108700	1.16	2236	大华股份	SZ
927	8/27/10	9.62	9.73	9.34	9.5	10119900	1.11	2236	大华股份	SZ
928	8/26/10	8.91	9.72	8.89	9.58	12868100	1.12	2236	大华股份	SZ
929	8/25/10	8.61	9.1	8.56	8.93	12927400	1.05	2236	大华股份	SZ
930	8/24/10	8.31	8.78	8.19	8.62	10910700	1.01	2236	大华股份	SZ
931	8/23/10	8.26	8.43	8.04	8.31	6797800	0.97	2236	大华股份	SZ
932	8/20/10	8.66	8.73	8.23	8.35	10915900	0.98	2236	大华股份	SZ
933	8/19/10	8.15	8.62	8.15	8.61	15727500	1.01	2236	大华股份	SZ
934	8/18/10	8.61	8.61	8.19	8.2	22067600	0.96	2236	大华股份	SZ
935	8/17/10	8.75	8.94	8.62	8.66	10047400	1.01	2236	大华股份	SZ
936	8/16/10	8.8	8.85	8.63	8.75	10878900	1.02	2236	大华股份	SZ
937	8/13/10	8.71	8.81	8.54	8.79	5674400	1.03	2236	大华股份	SZ
938	8/12/10	8.5	8.85	8.48	8.72	10600800	1.02	2236	大华股份	SZ
939	8/11/10	8.1	8.61	8	8.6	9030600	1.01	2236	大华股份	SZ
940	8/10/10	8.09	8.25	7.96	8.12	6582100	0.95	2236	大华股份	SZ
941	8/9/10	7.96	8.12	7.94	8.09	7601400	0.95	2236	大华股份	SZ
942	8/6/10	7.67	8.03	7.64	8	9511200	0.94	2236	大华股份	SZ
943	8/5/10	7.69	7.81	7.56	7.67	5340400	0.9	2236	大华股份	SZ
944	8/4/10	7.49	7.68	7.44	7.67	8165600	0.9	2236	大华股份	SZ
945	8/3/10	7.66	7.66	7.5	7.51	5698200	0.88	2236	大华股份	SZ
946	8/2/10	7.65	7.7	7.41	7.66	10818800	0.9	2236	大华股份	SZ
947	7/30/10	7.16	7.72	7.16	7.56	14388100	0.88	2236	大华股份	SZ
948	7/29/10	7.1	7.19	7.03	7.14	6349200	0.84	2236	大华股份	SZ
949	7/28/10	7.07	7.11	6.91	7.1	8948400	0.83	2236	大华股份	SZ
950	7/27/10	7	7.06	6.89	7.04	7300600	0.82	2236	大华股份	SZ
951	7/26/10	6.99	7.03	6.84	6.99	6409600	0.82	2236	大华股份	SZ
952	7/23/10	6.97	7.03	6.88	6.97	6122100	0.82	2236	大华股份	SZ
953	7/22/10	6.94	7.12	6.7	6.97	14229800	0.82	2236	大华股份	SZ
954	7/21/10	7.09	7.49	6.89	7	18099700	0.82	2236	大华股份	SZ
955	7/20/10	6.92	7.19	6.81	7.03	9967900	0.82	2236	大华股份	SZ
956	7/19/10	6.7	7	6.7	6.91	11841000	0.81	2236	大华股份	SZ
957	7/16/10	6.72	6.93	6.57	6.81	16484100	0.8	2236	大华股份	SZ
958	7/15/10	6.66	6.72	6.56	6.64	5738200	0.78	2236	大华股份	SZ
959	7/14/10	6.79	6.85	6.61	6.66	9172700	0.78	2236	大华股份	SZ
960	7/13/10	6.45	6.81	6.41	6.8	20757900	0.8	2236	大华股份	SZ
961	7/12/10	7	7.05	6.48	6.56	27321000	0.77	2236	大华股份	SZ
962	7/9/10	6.75	6.93	6.66	6.84	15564900	0.8	2236	大华股份	SZ
963	7/8/10	6.34	6.96	6.25	6.82	19543900	0.8	2236	大华股份	SZ
964	7/7/10	6.38	6.4	6.17	6.34	10235100	0.74	2236	大华股份	SZ
965	7/6/10	6.02	6.34	5.97	6.34	21252700	0.74	2236	大华股份	SZ
966	7/5/10	5.72	6.09	5.66	6.08	25977000	0.71	2236	大华股份	SZ
967	7/2/10	5.67	5.79	5.51	5.78	17884200	0.68	2236	大华股份	SZ
968	7/1/10	5.63	5.9	5.56	5.74	9984600	0.67	2236	大华股份	SZ
969	6/30/10	5.34	5.67	5.26	5.64	8521900	0.66	2236	大华股份	SZ
970	6/29/10	5.67	5.67	5.22	5.49	11913700	0.64	2236	大华股份	SZ
971	6/28/10	5.69	5.79	5.55	5.59	9261800	0.65	2236	大华股份	SZ
972	6/25/10	5.74	5.82	5.59	5.74	9238000	0.67	2236	大华股份	SZ
973	6/24/10	5.5	5.79	5.45	5.76	16566700	0.67	2236	大华股份	SZ
974	6/23/10	5.22	5.59	5.22	5.46	19015400	0.64	2236	大华股份	SZ
975	6/22/10	5.12	5.41	5.12	5.26	7258800	0.62	2236	大华股份	SZ
976	6/21/10	5.22	5.31	5	5.22	14040700	0.61	2236	大华股份	SZ
977	6/17/10	5.7	5.75	5.44	5.44	8817100	0.64	2236	大华股份	SZ
978	6/11/10	5.76	5.86	5.64	5.69	9043800	0.67	2236	大华股份	SZ
979	6/9/10	5.53	5.77	5.53	5.74	17616000	0.67	2236	大华股份	SZ
980	6/8/10	5.6	5.71	5.46	5.54	13627900	0.65	2236	大华股份	SZ
981	6/7/10	5.61	5.79	5.44	5.6	21576300	0.66	2236	大华股份	SZ
982	6/4/10	5.56	5.85	5.51	5.71	15072500	0.67	2236	大华股份	SZ
983	6/3/10	5.5	5.79	5.4	5.61	22304500	0.66	2236	大华股份	SZ
984	6/2/10	5.5	5.75	5.39	5.55	23600200	0.65	2236	大华股份	SZ
985	6/1/10	5.18	5.54	5.13	5.45	27895000	0.64	2236	大华股份	SZ
986	5/31/10	5.27	5.36	5.1	5.27	16550000	0.62	2236	大华股份	SZ
987	5/28/10	5.39	5.43	5.21	5.28	18514000	0.62	2236	大华股份	SZ
988	5/27/10	5.42	5.43	5.31	5.39	20653500	0.63	2236	大华股份	SZ
989	5/26/10	5.17	5.41	5.14	5.41	18303400	0.63	2236	大华股份	SZ
990	5/25/10	5.25	5.25	5.06	5.16	9948900	0.6	2236	大华股份	SZ
991	5/24/10	5.15	5.32	5.08	5.24	30975200	0.61	2236	大华股份	SZ
992	5/21/10	4.69	5.18	4.65	5.15	21370200	0.6	2236	大华股份	SZ
993	5/20/10	4.64	4.85	4.64	4.79	11213400	0.56	2236	大华股份	SZ
994	5/19/10	4.59	4.79	4.56	4.75	10284200	0.56	2236	大华股份	SZ
995	5/18/10	4.59	4.66	4.34	4.59	11329800	0.54	2236	大华股份	SZ
996	5/17/10	4.72	4.8	4.59	4.61	8696600	0.54	2236	大华股份	SZ
997	5/14/10	4.72	4.99	4.61	4.8	25844200	0.56	2236	大华股份	SZ
998	5/13/10	4.35	4.78	4.3	4.78	25609100	0.56	2236	大华股份	SZ
999	5/12/10	4.28	4.4	4.16	4.35	9501400	0.51	2236	大华股份	SZ
1000	5/11/10	4.72	4.72	4.25	4.29	12430800	0.5	2236	大华股份	SZ
1001	5/10/10	4.89	4.99	4.53	4.61	8320300	0.54	2236	大华股份	SZ
1002	5/7/10	4.72	5.04	4.65	4.94	9067400	0.58	2236	大华股份	SZ
1003	5/6/10	5.19	5.25	4.94	4.95	18232200	0.29	2236	大华股份	SZ
1004	5/5/10	5.06	5.2	5	5.19	13154300	0.3	2236	大华股份	SZ
1005	5/4/10	4.84	5.21	4.76	5.08	8794300	0.3	2236	大华股份	SZ
1006	4/30/10	4.97	5	4.68	4.97	11373700	0.29	2236	大华股份	SZ
1007	4/29/10	5.22	5.25	4.97	4.97	9130700	0.29	2236	大华股份	SZ
1008	4/28/10	5.13	5.16	5	5.14	7829800	0.3	2236	大华股份	SZ
1009	4/27/10	5.25	5.25	5.02	5.16	10125300	0.3	2236	大华股份	SZ
1010	4/26/10	5.34	5.36	5.18	5.25	10073200	0.31	2236	大华股份	SZ
1011	4/23/10	5.53	5.69	5.37	5.38	16707700	0.31	2236	大华股份	SZ
1012	4/21/10	5.24	5.46	5.24	5.45	14980600	0.32	2236	大华股份	SZ
1013	4/20/10	5.21	5.3	4.97	5.28	10123900	0.31	2236	大华股份	SZ
1014	4/19/10	5.17	5.33	5.14	5.21	14150100	0.3	2236	大华股份	SZ
1015	4/16/10	5.11	5.27	5.08	5.21	13941100	0.3	2236	大华股份	SZ
1016	4/15/10	5.37	5.46	5.09	5.11	16818900	0.3	2236	大华股份	SZ
1017	4/14/10	5.34	5.52	5.34	5.41	10830700	0.32	2236	大华股份	SZ
1018	4/13/10	5.8	5.8	5.25	5.36	20123600	0.31	2236	大华股份	SZ
1019	4/12/10	5.73	5.85	5.67	5.79	16645600	0.34	2236	大华股份	SZ
1020	4/9/10	5.5	5.7	5.44	5.69	15284300	0.33	2236	大华股份	SZ
1021	4/8/10	5.54	5.74	5.54	5.54	14672400	0.32	2236	大华股份	SZ
1022	4/7/10	5.64	5.64	5.52	5.62	10449800	0.33	2236	大华股份	SZ
1023	4/6/10	5.43	5.66	5.39	5.61	12837300	0.33	2236	大华股份	SZ
1024	4/2/10	5.4	5.52	5.38	5.4	10543200	0.32	2236	大华股份	SZ
1025	4/1/10	5.34	5.67	5.34	5.46	23843300	0.32	2236	大华股份	SZ
1026	3/31/10	5.13	5.32	5.08	5.31	17845000	0.31	2236	大华股份	SZ
1027	3/30/10	5.09	5.22	5.09	5.15	8547600	0.3	2236	大华股份	SZ
1028	3/29/10	5.2	5.24	4.99	5.11	16952000	0.3	2236	大华股份	SZ
1029	3/26/10	5.19	5.25	5.07	5.2	11742000	0.3	2236	大华股份	SZ
1030	3/25/10	5.22	5.28	5.14	5.25	18655000	0.31	2236	大华股份	SZ
1031	3/24/10	4.99	5.28	4.99	5.2	26393200	0.3	2236	大华股份	SZ
1032	3/23/10	4.92	5.01	4.91	4.99	10976400	0.29	2236	大华股份	SZ
1033	3/22/10	4.84	4.92	4.81	4.91	8386800	0.29	2236	大华股份	SZ
1034	3/19/10	4.91	4.97	4.81	4.88	17456900	0.29	2236	大华股份	SZ
1035	3/18/10	5.13	5.13	4.92	4.92	32489400	0.29	2236	大华股份	SZ
1036	3/17/10	4.81	5.29	4.81	5.19	43486200	0.3	2236	大华股份	SZ
1037	3/16/10	4.85	4.96	4.74	4.8	17918300	0.28	2236	大华股份	SZ
1038	3/15/10	4.84	4.85	4.8	4.84	5005400	0.28	2236	大华股份	SZ
1039	3/12/10	4.79	4.9	4.74	4.84	7384700	0.28	2236	大华股份	SZ
1040	3/11/10	4.92	4.92	4.69	4.84	11402200	0.28	2236	大华股份	SZ
1041	3/10/10	4.87	4.96	4.86	4.91	15121200	0.29	2236	大华股份	SZ
1042	3/9/10	4.82	4.94	4.8	4.89	7442100	0.29	2236	大华股份	SZ
1043	3/8/10	4.87	4.87	4.79	4.82	8470300	0.28	2236	大华股份	SZ
1044	3/5/10	4.77	4.86	4.7	4.86	8707800	0.28	2236	大华股份	SZ
1045	3/4/10	4.84	4.86	4.7	4.72	8747600	0.28	2236	大华股份	SZ
1046	3/3/10	4.93	4.93	4.8	4.85	6764400	0.28	2236	大华股份	SZ
1047	3/2/10	4.86	4.94	4.78	4.89	9326700	0.29	2236	大华股份	SZ
1048	3/1/10	4.84	4.9	4.75	4.83	5464000	0.28	2236	大华股份	SZ
1049	2/26/10	4.81	4.93	4.77	4.84	10384300	0.28	2236	大华股份	SZ
1050	2/25/10	4.67	4.84	4.62	4.81	12322500	0.28	2236	大华股份	SZ
1051	2/24/10	4.37	4.71	4.37	4.6	7819500	0.27	2236	大华股份	SZ
1052	2/23/10	4.43	4.43	4.32	4.38	3674300	0.26	2236	大华股份	SZ
1053	2/22/10	4.39	4.5	4.39	4.45	2864900	0.26	2236	大华股份	SZ
1054	2/18/10	4.37	4.52	4.37	4.51	6096000	0.26	2236	大华股份	SZ
1055	2/17/10	4.37	4.52	4.37	4.51	6096000	0.26	2236	大华股份	SZ
1056	2/16/10	4.37	4.52	4.37	4.51	6096000	0.26	2236	大华股份	SZ
1057	2/15/10	4.37	4.52	4.37	4.51	6096000	0.26	2236	大华股份	SZ
1058	2/12/10	4.37	4.52	4.37	4.51	6096000	0.26	2236	大华股份	SZ
1059	2/11/10	4.4	4.4	4.3	4.36	2952500	0.26	2236	大华股份	SZ
1060	2/10/10	4.3	4.45	4.26	4.4	6033900	0.26	2236	大华股份	SZ
1061	2/9/10	4.17	4.28	4.17	4.24	2328300	0.25	2236	大华股份	SZ
1062	2/8/10	4.22	4.24	4.17	4.23	2193000	0.25	2236	大华股份	SZ
1063	2/5/10	4.14	4.29	4.14	4.22	6188400	0.25	2236	大华股份	SZ
1064	2/4/10	4.19	4.3	4.19	4.25	4670800	0.25	2236	大华股份	SZ
1065	2/3/10	4.22	4.25	4.1	4.21	6924800	0.25	2236	大华股份	SZ
1066	2/2/10	4.26	4.34	4.17	4.22	5652700	0.25	2236	大华股份	SZ
1067	2/1/10	4.31	4.31	4.19	4.25	4265400	0.25	2236	大华股份	SZ
1068	1/29/10	4.25	4.41	4.21	4.37	7060900	0.26	2236	大华股份	SZ
1069	1/28/10	4.25	4.29	4.18	4.27	5508100	0.25	2236	大华股份	SZ
1070	1/27/10	4.27	4.31	4.22	4.25	4775500	0.25	2236	大华股份	SZ
1071	1/26/10	4.32	4.36	4.14	4.28	8971800	0.25	2236	大华股份	SZ
1072	1/25/10	4.32	4.37	4.25	4.32	5917700	0.25	2236	大华股份	SZ
1073	1/22/10	4.46	4.46	4.27	4.42	8351200	0.26	2236	大华股份	SZ
1074	1/21/10	4.5	4.56	4.41	4.53	8147200	0.27	2236	大华股份	SZ
1075	1/20/10	4.72	4.73	4.31	4.5	20641300	0.26	2236	大华股份	SZ
1076	1/19/10	4.59	4.73	4.55	4.72	17100700	0.28	2236	大华股份	SZ
1077	1/18/10	4.6	4.6	4.51	4.58	14068200	0.27	2236	大华股份	SZ
1078	1/15/10	4.72	4.78	4.56	4.61	14214700	0.27	2236	大华股份	SZ
1079	1/14/10	4.73	4.76	4.64	4.72	9302100	0.28	2236	大华股份	SZ
1080	1/13/10	4.63	4.81	4.62	4.66	10111000	0.27	2236	大华股份	SZ
1081	1/12/10	4.62	4.88	4.61	4.75	20011400	0.28	2236	大华股份	SZ
1082	1/11/10	4.52	4.64	4.41	4.64	15278200	0.27	2236	大华股份	SZ
1083	1/8/10	4.49	4.55	4.45	4.54	6926200	0.27	2236	大华股份	SZ
1084	1/7/10	4.65	4.67	4.5	4.51	12223200	0.26	2236	大华股份	SZ
1085	1/6/10	4.63	4.7	4.56	4.66	13476800	0.27	2236	大华股份	SZ
1086	1/5/10	4.75	4.75	4.63	4.66	14892300	0.27	2236	大华股份	SZ
1087	1/4/10	4.53	4.81	4.5	4.8	25763500	0.28	2236	大华股份	SZ
1088	12/31/09	4.5	4.55	4.41	4.52	8282800	0.26	2236	大华股份	SZ
1089	12/30/09	4.58	4.61	4.44	4.47	6088800	0.26	2236	大华股份	SZ
1090	12/29/09	4.54	4.59	4.48	4.57	7544900	0.27	2236	大华股份	SZ
1091	12/28/09	4.49	4.62	4.44	4.56	11052100	0.27	2236	大华股份	SZ
1092	12/25/09	4.39	4.66	4.39	4.49	18439700	0.26	2236	大华股份	SZ
1093	12/24/09	4.16	4.53	4.11	4.48	21261200	0.26	2236	大华股份	SZ
1094	12/23/09	4.02	4.15	4	4.12	7147900	0.24	2236	大华股份	SZ
1095	12/22/09	3.98	4.16	3.97	4.03	10648800	0.24	2236	大华股份	SZ
1096	12/21/09	3.94	4.01	3.88	3.98	6259400	0.23	2236	大华股份	SZ
1097	12/18/09	4.12	4.12	3.89	3.95	13442500	0.23	2236	大华股份	SZ
1098	12/17/09	4.12	4.17	4.09	4.14	7367100	0.24	2236	大华股份	SZ
1099	12/16/09	4.18	4.26	4.09	4.17	10376500	0.24	2236	大华股份	SZ
1100	12/15/09	4.21	4.29	4.19	4.21	7857100	0.25	2236	大华股份	SZ
1101	12/14/09	4.28	4.3	4.17	4.24	15172000	0.25	2236	大华股份	SZ
1102	12/11/09	4.12	4.37	4.08	4.31	22006500	0.25	2236	大华股份	SZ
1103	12/10/09	4.07	4.18	4.05	4.11	9484400	0.24	2236	大华股份	SZ
1104	12/9/09	4.09	4.14	4.02	4.03	10173500	0.24	2236	大华股份	SZ
1105	12/8/09	4.19	4.21	4.05	4.16	13573200	0.24	2236	大华股份	SZ
1106	12/7/09	4.05	4.3	4.01	4.19	21560800	0.25	2236	大华股份	SZ
1107	12/4/09	4.23	4.27	3.94	4.04	23930500	0.24	2236	大华股份	SZ
1108	12/3/09	4.21	4.27	4.12	4.27	20698700	0.25	2236	大华股份	SZ
1109	12/2/09	4.19	4.37	4.15	4.25	30103600	0.25	2236	大华股份	SZ
1110	12/1/09	3.78	4.19	3.75	4.19	34530700	0.25	2236	大华股份	SZ
1111	11/30/09	3.75	3.88	3.71	3.81	18252800	0.22	2236	大华股份	SZ
1112	11/27/09	3.64	3.73	3.52	3.7	22142800	0.22	2236	大华股份	SZ
1113	11/26/09	3.94	3.97	3.62	3.65	30089300	0.21	2236	大华股份	SZ
1114	11/25/09	3.81	4.05	3.77	3.99	24900600	0.23	2236	大华股份	SZ
1115	11/24/09	4.02	4.03	3.75	3.76	29406000	0.22	2236	大华股份	SZ
1116	11/23/09	3.7	4.04	3.65	4.04	24092400	0.24	2236	大华股份	SZ
1117	11/20/09	3.58	3.75	3.57	3.67	18859600	0.22	2236	大华股份	SZ
1118	11/19/09	3.6	3.71	3.58	3.62	21950400	0.21	2236	大华股份	SZ
1119	11/18/09	3.49	3.74	3.47	3.62	40567800	0.21	2236	大华股份	SZ
1120	11/17/09	3.32	3.53	3.24	3.49	43551600	0.2	2236	大华股份	SZ
1121	11/16/09	3.01	3.27	3.01	3.21	37844500	0.19	2236	大华股份	SZ
1122	11/13/09	2.95	3.01	2.94	3.01	16885700	0.18	2236	大华股份	SZ
1123	11/12/09	2.91	2.97	2.91	2.95	10677800	0.17	2236	大华股份	SZ
1124	11/11/09	2.93	2.94	2.9	2.91	8118100	0.17	2236	大华股份	SZ
1125	11/10/09	2.97	2.99	2.94	2.94	9927100	0.17	2236	大华股份	SZ
1126	11/9/09	2.94	2.98	2.93	2.96	10615300	0.17	2236	大华股份	SZ
1127	11/6/09	2.98	2.98	2.93	2.93	12089900	0.17	2236	大华股份	SZ
1128	11/5/09	2.93	2.99	2.93	2.96	15344400	0.17	2236	大华股份	SZ
1129	11/4/09	2.92	2.96	2.91	2.92	10490200	0.17	2236	大华股份	SZ
1130	11/3/09	2.89	2.93	2.88	2.92	12767900	0.17	2236	大华股份	SZ
1131	11/2/09	2.8	2.9	2.78	2.89	13328700	0.17	2236	大华股份	SZ
1132	10/30/09	2.92	2.96	2.88	2.89	18978800	0.17	2236	大华股份	SZ
1133	10/29/09	2.86	2.92	2.85	2.89	9253100	0.17	2236	大华股份	SZ
1134	10/28/09	2.86	2.9	2.84	2.9	7483300	0.17	2236	大华股份	SZ
1135	10/27/09	2.92	2.93	2.87	2.87	8266600	0.17	2236	大华股份	SZ
1136	10/26/09	2.95	2.97	2.89	2.95	20258000	0.17	2236	大华股份	SZ
1137	10/23/09	2.95	3.07	2.95	3.02	14259700	0.18	2236	大华股份	SZ
1138	10/22/09	3	3	2.91	2.95	16941200	0.17	2236	大华股份	SZ
1139	10/21/09	3.01	3.04	3	3	9564900	0.18	2236	大华股份	SZ
1140	10/20/09	3.03	3.04	2.99	3.03	11403300	0.18	2236	大华股份	SZ
1141	10/19/09	3	3.05	2.97	3.03	10743400	0.18	2236	大华股份	SZ
1142	10/16/09	2.89	3.01	2.89	2.98	13224500	0.17	2236	大华股份	SZ
1143	10/15/09	2.89	2.93	2.88	2.89	5694800	0.17	2236	大华股份	SZ
1144	10/14/09	2.89	2.94	2.87	2.88	9833100	0.17	2236	大华股份	SZ
1145	10/13/09	2.84	2.89	2.84	2.89	7890300	0.17	2236	大华股份	SZ
1146	10/12/09	2.93	2.93	2.86	2.86	8657200	0.17	2236	大华股份	SZ
1147	10/9/09	2.81	2.94	2.79	2.92	10849100	0.17	2236	大华股份	SZ
1148	10/8/09	2.77	2.77	2.77	2.77	0	0.16	2236	大华股份	SZ
1149	10/7/09	2.77	2.77	2.77	2.77	0	0.16	2236	大华股份	SZ
1150	10/6/09	2.77	2.77	2.77	2.77	0	0.16	2236	大华股份	SZ
1151	10/5/09	2.77	2.77	2.77	2.77	0	0.16	2236	大华股份	SZ
1152	10/2/09	2.77	2.77	2.77	2.77	0	0.16	2236	大华股份	SZ
1153	10/1/09	2.77	2.77	2.77	2.77	0	0.16	2236	大华股份	SZ
1154	9/30/09	2.77	2.83	2.77	2.77	6141800	0.16	2236	大华股份	SZ
1155	9/29/09	2.72	2.77	2.69	2.77	8261800	0.16	2236	大华股份	SZ
1156	9/28/09	2.75	2.8	2.69	2.72	6902200	0.16	2236	大华股份	SZ
1157	9/25/09	2.72	2.8	2.71	2.74	9794900	0.16	2236	大华股份	SZ
1158	9/24/09	2.74	2.75	2.68	2.72	6502100	0.16	2236	大华股份	SZ
1159	9/23/09	2.8	2.81	2.73	2.74	9289000	0.16	2236	大华股份	SZ
1160	9/22/09	2.86	2.89	2.79	2.8	8038300	0.16	2236	大华股份	SZ
1161	9/21/09	2.82	2.87	2.75	2.87	9045100	0.17	2236	大华股份	SZ
1162	9/18/09	2.95	3	2.86	2.86	12943800	0.17	2236	大华股份	SZ
1163	9/17/09	2.92	3.02	2.91	2.97	17652300	0.17	2236	大华股份	SZ
1164	9/16/09	2.83	2.96	2.77	2.94	19576300	0.17	2236	大华股份	SZ
1165	9/15/09	2.8	2.85	2.78	2.83	11557400	0.17	2236	大华股份	SZ
1166	9/14/09	2.72	2.84	2.71	2.81	16113600	0.16	2236	大华股份	SZ
1167	9/11/09	2.66	2.73	2.66	2.72	8501200	0.16	2236	大华股份	SZ
1168	9/10/09	2.72	2.72	2.67	2.68	6723400	0.16	2236	大华股份	SZ
1169	9/9/09	2.68	2.73	2.67	2.72	8299200	0.16	2236	大华股份	SZ
1170	9/8/09	2.67	2.72	2.64	2.69	6052100	0.16	2236	大华股份	SZ
1171	9/7/09	2.75	2.75	2.64	2.67	9702200	0.16	2236	大华股份	SZ
1172	9/4/09	2.61	2.64	2.59	2.62	8482400	0.15	2236	大华股份	SZ
1173	9/3/09	2.53	2.62	2.52	2.62	9764800	0.15	2236	大华股份	SZ
1174	9/2/09	2.51	2.56	2.51	2.54	4947100	0.15	2236	大华股份	SZ
1175	9/1/09	2.53	2.57	2.52	2.54	4069100	0.15	2236	大华股份	SZ
1176	8/31/09	2.63	2.63	2.51	2.52	7557200	0.15	2236	大华股份	SZ
1177	8/28/09	2.73	2.73	2.64	2.65	7118800	0.16	2236	大华股份	SZ
1178	8/27/09	2.73	2.79	2.7	2.74	10778700	0.16	2236	大华股份	SZ
1179	8/26/09	2.61	2.75	2.59	2.74	14993200	0.16	2236	大华股份	SZ
1180	8/25/09	2.63	2.63	2.56	2.6	6780500	0.15	2236	大华股份	SZ
1181	8/24/09	2.64	2.65	2.6	2.64	6977100	0.15	2236	大华股份	SZ
1182	8/21/09	2.6	2.64	2.56	2.64	8107600	0.15	2236	大华股份	SZ
1183	8/20/09	2.53	2.61	2.53	2.6	7508400	0.15	2236	大华股份	SZ
1184	8/19/09	2.57	2.59	2.5	2.53	8440400	0.15	2236	大华股份	SZ
1185	8/18/09	2.56	2.59	2.53	2.59	7793000	0.15	2236	大华股份	SZ
1186	8/17/09	2.65	2.66	2.54	2.56	9634700	0.15	2236	大华股份	SZ
1187	8/14/09	2.74	2.78	2.66	2.67	11189000	0.16	2236	大华股份	SZ
1188	8/13/09	2.8	2.8	2.69	2.75	13612700	0.16	2236	大华股份	SZ
1189	8/12/09	2.89	2.89	2.89	2.89	0	0.17	2236	大华股份	SZ
1190	8/11/09	2.86	2.89	2.86	2.89	8122200	0.17	2236	大华股份	SZ
1191	8/10/09	2.86	2.9	2.83	2.86	8912400	0.17	2236	大华股份	SZ
1192	8/7/09	2.88	2.92	2.85	2.86	11601100	0.17	2236	大华股份	SZ
1193	8/6/09	2.92	2.92	2.86	2.88	13137400	0.17	2236	大华股份	SZ
1194	8/5/09	2.88	2.94	2.88	2.93	15984800	0.17	2236	大华股份	SZ
1195	8/4/09	2.91	2.92	2.84	2.88	17208000	0.17	2236	大华股份	SZ
1196	8/3/09	2.94	2.94	2.89	2.91	17935200	0.17	2236	大华股份	SZ
1197	7/31/09	2.91	2.94	2.85	2.94	20101000	0.17	2236	大华股份	SZ
1198	7/30/09	2.85	2.91	2.84	2.91	18786000	0.17	2236	大华股份	SZ
1199	7/29/09	3	3.01	2.78	2.83	27374500	0.17	2236	大华股份	SZ
1200	7/28/09	3.06	3.09	2.95	3	51447400	0.18	2236	大华股份	SZ
1201	7/27/09	3.29	3.36	3.17	3.19	22734300	0.19	2236	大华股份	SZ
1202	7/24/09	3.38	3.44	3.24	3.27	14012900	0.19	2236	大华股份	SZ
1203	7/23/09	3.39	3.43	3.29	3.37	11191900	0.2	2236	大华股份	SZ
1204	7/22/09	3.24	3.42	3.24	3.37	13245500	0.2	2236	大华股份	SZ
1205	7/21/09	3.34	3.36	3.23	3.25	11695100	0.19	2236	大华股份	SZ
1206	7/20/09	3.21	3.4	3.2	3.35	13882200	0.2	2236	大华股份	SZ
1207	7/17/09	3.2	3.28	3.16	3.18	14295600	0.19	2236	大华股份	SZ
1208	7/16/09	3.31	3.47	3.22	3.22	14280100	0.19	2236	大华股份	SZ
1209	7/15/09	3.16	3.34	3.11	3.3	19509500	0.19	2236	大华股份	SZ
1210	7/14/09	3.12	3.14	3.07	3.12	8321900	0.18	2236	大华股份	SZ
1211	7/13/09	3.06	3.19	3.06	3.09	15058200	0.18	2236	大华股份	SZ
1212	7/10/09	3.01	3.25	2.99	3.04	17041300	0.18	2236	大华股份	SZ
1213	7/9/09	2.81	3.09	2.8	3.04	17163100	0.18	2236	大华股份	SZ
1214	7/8/09	2.89	2.89	2.77	2.83	16904900	0.17	2236	大华股份	SZ
1215	7/7/09	2.65	2.9	2.63	2.9	35781100	0.17	2236	大华股份	SZ
1216	7/6/09	2.69	2.69	2.62	2.64	8354400	0.15	2236	大华股份	SZ
1217	7/3/09	2.61	2.71	2.61	2.67	11415900	0.16	2236	大华股份	SZ
1218	7/2/09	2.62	2.64	2.61	2.62	4331700	0.15	2236	大华股份	SZ
1219	7/1/09	2.62	2.65	2.59	2.61	4336400	0.15	2236	大华股份	SZ
1220	6/30/09	2.68	2.69	2.61	2.64	5653300	0.15	2236	大华股份	SZ
1221	6/29/09	2.68	2.7	2.66	2.68	3981100	0.16	2236	大华股份	SZ
1222	6/26/09	2.69	2.71	2.67	2.68	4224000	0.16	2236	大华股份	SZ
1223	6/25/09	2.67	2.69	2.63	2.69	8734900	0.16	2236	大华股份	SZ
1224	6/24/09	2.71	2.71	2.66	2.67	6999500	0.16	2236	大华股份	SZ
1225	6/23/09	2.62	2.71	2.6	2.67	10219900	0.16	2236	大华股份	SZ
1226	6/22/09	2.67	2.69	2.63	2.64	6871400	0.15	2236	大华股份	SZ
1227	6/19/09	2.65	2.66	2.61	2.64	6542100	0.15	2236	大华股份	SZ
1228	6/18/09	2.61	2.67	2.6	2.64	4900000	0.15	2236	大华股份	SZ
1229	6/17/09	2.58	2.61	2.56	2.61	2862400	0.15	2236	大华股份	SZ
1230	6/16/09	2.59	2.59	2.55	2.57	4075600	0.15	2236	大华股份	SZ
1231	6/15/09	2.58	2.6	2.57	2.59	3099800	0.15	2236	大华股份	SZ
1232	6/12/09	2.64	2.65	2.57	2.6	5167100	0.15	2236	大华股份	SZ
1233	6/11/09	2.63	2.67	2.62	2.64	4455600	0.15	2236	大华股份	SZ
1234	6/10/09	2.58	2.66	2.58	2.65	9264000	0.16	2236	大华股份	SZ
1235	6/9/09	2.56	2.6	2.55	2.59	2410700	0.15	2236	大华股份	SZ
1236	6/8/09	2.61	2.61	2.55	2.56	2806400	0.15	2236	大华股份	SZ
1237	6/5/09	2.58	2.61	2.56	2.58	4809000	0.15	2236	大华股份	SZ
1238	6/4/09	2.61	2.61	2.56	2.58	8575100	0.15	2236	大华股份	SZ
1239	6/3/09	2.61	2.62	2.59	2.61	6455700	0.15	2236	大华股份	SZ
1240	6/2/09	2.68	2.68	2.6	2.62	5656000	0.15	2236	大华股份	SZ
1241	6/1/09	2.67	2.67	2.63	2.66	3347500	0.16	2236	大华股份	SZ
1242	5/29/09	2.65	2.65	2.65	2.65	0	0.16	2236	大华股份	SZ
1243	5/28/09	2.65	2.65	2.65	2.65	0	0.16	2236	大华股份	SZ
1244	5/27/09	2.63	2.65	2.61	2.65	4222800	0.16	2236	大华股份	SZ
1245	5/26/09	2.61	2.65	2.59	2.63	6334000	0.15	2236	大华股份	SZ
1246	5/25/09	2.57	2.61	2.54	2.61	5409200	0.15	2236	大华股份	SZ
1247	5/22/09	2.62	2.64	2.59	2.61	6411000	0.15	2236	大华股份	SZ
1248	5/21/09	2.68	2.69	2.6	2.62	9883800	0.15	2236	大华股份	SZ
1249	5/20/09	2.71	2.76	2.68	2.69	8239400	0.16	2236	大华股份	SZ
1250	5/19/09	2.69	2.7	2.66	2.69	8523800	0.16	2236	大华股份	SZ
1251	5/18/09	2.66	2.69	2.63	2.68	7469200	0.16	2236	大华股份	SZ
1252	5/15/09	2.56	2.66	2.56	2.66	12575100	0.16	2236	大华股份	SZ
1253	5/14/09	2.58	2.58	2.54	2.56	4285500	0.15	2236	大华股份	SZ
1254	5/13/09	2.62	2.64	2.58	2.58	7201300	0.15	2236	大华股份	SZ
1255	5/12/09	2.59	2.66	2.59	2.62	7987200	0.14	2236	大华股份	SZ
1256	5/11/09	2.54	2.66	2.53	2.61	11195800	0.14	2236	大华股份	SZ
1257	5/8/09	2.55	2.55	2.52	2.53	6707100	0.14	2236	大华股份	SZ
1258	5/7/09	2.58	2.6	2.53	2.55	7969300	0.14	2236	大华股份	SZ
1259	5/6/09	2.59	2.59	2.55	2.58	6007100	0.14	2236	大华股份	SZ
1260	5/5/09	2.57	2.59	2.57	2.59	4948100	0.14	2236	大华股份	SZ
1261	5/4/09	2.52	2.57	2.51	2.57	5137600	0.14	2236	大华股份	SZ
1262	5/1/09	2.52	2.52	2.52	2.52	0	0.13	2236	大华股份	SZ
1263	4/30/09	2.52	2.54	2.51	2.52	5097800	0.13	2236	大华股份	SZ
1264	4/29/09	2.44	2.52	2.44	2.52	6793700	0.13	2236	大华股份	SZ
1265	4/28/09	2.47	2.49	2.44	2.45	5686600	0.13	2236	大华股份	SZ
1266	4/27/09	2.55	2.56	2.45	2.46	7230400	0.13	2236	大华股份	SZ
1267	4/24/09	2.55	2.59	2.53	2.55	5946300	0.14	2236	大华股份	SZ
1268	4/23/09	2.52	2.55	2.49	2.53	6526000	0.14	2236	大华股份	SZ
1269	4/22/09	2.61	2.65	2.51	2.52	10506600	0.13	2236	大华股份	SZ
1270	4/21/09	2.61	2.64	2.57	2.59	9507700	0.14	2236	大华股份	SZ
1271	4/20/09	2.59	2.66	2.57	2.64	13186100	0.14	2236	大华股份	SZ
1272	4/17/09	2.66	2.7	2.59	2.61	15888800	0.14	2236	大华股份	SZ
1273	4/16/09	2.86	2.95	2.68	2.7	37631200	0.14	2236	大华股份	SZ
1274	4/15/09	2.83	2.83	2.83	2.83	0	0.15	2236	大华股份	SZ
1275	4/14/09	2.74	2.88	2.74	2.83	21336800	0.15	2236	大华股份	SZ
1276	4/13/09	2.77	2.83	2.75	2.76	14678700	0.15	2236	大华股份	SZ
1277	4/10/09	2.74	2.75	2.69	2.75	12898300	0.15	2236	大华股份	SZ
1278	4/9/09	2.74	2.74	2.65	2.72	9390600	0.15	2236	大华股份	SZ
1279	4/8/09	2.72	2.76	2.72	2.74	19987600	0.15	2236	大华股份	SZ
1280	4/7/09	2.65	2.74	2.65	2.74	17551700	0.15	2236	大华股份	SZ
1281	4/6/09	2.65	2.65	2.65	2.65	0	0.14	2236	大华股份	SZ
1282	4/3/09	2.63	2.66	2.58	2.65	14374200	0.14	2236	大华股份	SZ
1283	4/2/09	2.65	2.66	2.61	2.62	13025100	0.14	2236	大华股份	SZ
1284	4/1/09	2.63	2.66	2.62	2.65	12867700	0.14	2236	大华股份	SZ
1285	3/31/09	2.56	2.62	2.53	2.62	8609000	0.14	2236	大华股份	SZ
1286	3/30/09	2.58	2.6	2.55	2.59	8703300	0.14	2236	大华股份	SZ
1287	3/27/09	2.62	2.62	2.56	2.58	14500700	0.14	2236	大华股份	SZ
1288	3/26/09	2.57	2.62	2.51	2.62	23146600	0.14	2236	大华股份	SZ
1289	3/25/09	2.57	2.71	2.56	2.62	46423000	0.14	2236	大华股份	SZ
1290	3/24/09	2.89	2.91	2.81	2.83	15041500	0.15	2236	大华股份	SZ
1291	3/23/09	2.82	2.9	2.82	2.89	12580900	0.15	2236	大华股份	SZ
1292	3/20/09	2.82	2.87	2.71	2.85	12338800	0.15	2236	大华股份	SZ
1293	3/19/09	2.81	2.83	2.75	2.82	8517700	0.15	2236	大华股份	SZ
1294	3/18/09	2.76	2.83	2.75	2.79	8249500	0.15	2236	大华股份	SZ
1295	3/17/09	2.73	2.79	2.69	2.76	11186000	0.15	2236	大华股份	SZ
1296	3/16/09	2.62	2.75	2.61	2.73	12948200	0.15	2236	大华股份	SZ
1297	3/13/09	2.63	2.66	2.61	2.62	4478900	0.14	2236	大华股份	SZ
1298	3/12/09	2.57	2.65	2.55	2.63	6855900	0.14	2236	大华股份	SZ
1299	3/11/09	2.6	2.67	2.56	2.56	8534600	0.14	2236	大华股份	SZ
1300	3/10/09	2.48	2.58	2.42	2.56	6818400	0.14	2236	大华股份	SZ
1301	3/9/09	2.63	2.71	2.5	2.51	12758100	0.13	2236	大华股份	SZ
1302	3/6/09	2.48	2.62	2.46	2.61	15839600	0.14	2236	大华股份	SZ
1303	3/5/09	2.56	2.58	2.46	2.5	12421000	0.13	2236	大华股份	SZ
1304	3/4/09	2.48	2.59	2.47	2.56	19813000	0.14	2236	大华股份	SZ
1305	3/3/09	2.38	2.46	2.31	2.46	12968400	0.13	2236	大华股份	SZ
1306	3/2/09	2.37	2.47	2.33	2.41	7710300	0.13	2236	大华股份	SZ
1307	2/27/09	2.38	2.42	2.25	2.38	10298800	0.13	2236	大华股份	SZ
1308	2/26/09	2.62	2.66	2.36	2.38	13565200	0.13	2236	大华股份	SZ
1309	2/25/09	2.6	2.65	2.53	2.62	12040600	0.14	2236	大华股份	SZ
1310	2/24/09	2.76	2.76	2.59	2.6	14902300	0.14	2236	大华股份	SZ
1311	2/23/09	2.78	2.83	2.75	2.79	12650400	0.15	2236	大华股份	SZ
1312	2/20/09	2.69	2.81	2.66	2.76	10250600	0.15	2236	大华股份	SZ
1313	2/19/09	2.69	2.71	2.61	2.7	7470800	0.14	2236	大华股份	SZ
1314	2/18/09	2.72	2.74	2.61	2.64	6266100	0.14	2236	大华股份	SZ
1315	2/17/09	2.83	2.86	2.75	2.76	12287800	0.15	2236	大华股份	SZ
1316	2/16/09	2.7	2.86	2.67	2.86	19010200	0.15	2236	大华股份	SZ
1317	2/12/09	2.59	2.64	2.51	2.63	9039600	0.14	2236	大华股份	SZ
1318	2/11/09	2.66	2.69	2.57	2.59	9396600	0.14	2236	大华股份	SZ
1319	2/10/09	2.64	2.75	2.6	2.69	7843500	0.14	2236	大华股份	SZ
1320	2/9/09	2.57	2.64	2.53	2.64	12441900	0.14	2236	大华股份	SZ
1321	2/6/09	2.5	2.56	2.48	2.55	7993200	0.14	2236	大华股份	SZ
1322	2/5/09	2.48	2.55	2.47	2.47	7000300	0.13	2236	大华股份	SZ
1323	2/4/09	2.5	2.53	2.47	2.48	6867300	0.13	2236	大华股份	SZ
1324	2/3/09	2.46	2.51	2.45	2.5	6797000	0.13	2236	大华股份	SZ
1325	2/2/09	2.44	2.48	2.42	2.46	3972200	0.13	2236	大华股份	SZ
1326	1/23/09	2.51	2.51	2.42	2.42	5951500	0.13	2236	大华股份	SZ
1327	1/22/09	2.42	2.5	2.41	2.5	6634400	0.13	2236	大华股份	SZ
1328	1/21/09	2.39	2.44	2.39	2.4	4515400	0.13	2236	大华股份	SZ
1329	1/20/09	2.4	2.43	2.38	2.43	5521500	0.13	2236	大华股份	SZ
1330	1/19/09	2.45	2.46	2.36	2.39	7669000	0.13	2236	大华股份	SZ
1331	1/16/09	2.49	2.56	2.39	2.45	10200200	0.13	2236	大华股份	SZ
1332	1/15/09	2.5	2.54	2.45	2.49	7512800	0.13	2236	大华股份	SZ
1333	1/14/09	2.41	2.53	2.36	2.53	10311900	0.14	2236	大华股份	SZ
1334	1/13/09	2.53	2.53	2.41	2.41	16567100	0.13	2236	大华股份	SZ
1335	1/12/09	2.59	2.62	2.53	2.56	12235000	0.14	2236	大华股份	SZ
1336	1/9/09	2.52	2.58	2.49	2.57	13363300	0.14	2236	大华股份	SZ
1337	1/8/09	2.41	2.52	2.39	2.51	14742400	0.13	2236	大华股份	SZ
1338	1/7/09	2.4	2.5	2.38	2.45	15199100	0.13	2236	大华股份	SZ
1339	1/6/09	2.38	2.42	2.34	2.41	21974600	0.13	2236	大华股份	SZ
1340	1/5/09	2.43	2.52	2.38	2.4	23125400	0.13	2236	大华股份	SZ
1341	1/2/09	2.38	2.38	2.38	2.38	0	0.13	2236	大华股份	SZ
1342	1/1/09	2.38	2.38	2.38	2.38	0	0.13	2236	大华股份	SZ
1343	12/31/08	2.27	2.45	2.25	2.38	21652000	0.13	2236	大华股份	SZ
1344	12/30/08	2.33	2.38	2.22	2.26	15378800	0.12	2236	大华股份	SZ
1345	12/29/08	2.29	2.33	2.18	2.31	12411800	0.12	2236	大华股份	SZ
1346	12/26/08	2.22	2.39	2.21	2.33	17208600	0.12	2236	大华股份	SZ
1347	12/25/08	2.12	2.23	2.08	2.21	9373500	0.12	2236	大华股份	SZ
1348	12/24/08	2.14	2.14	2.07	2.11	7065800	0.11	2236	大华股份	SZ
1349	12/23/08	2.27	2.34	2.15	2.17	18939800	0.12	2236	大华股份	SZ
1350	12/22/08	2.16	2.31	2.15	2.28	20067700	0.12	2236	大华股份	SZ
1351	12/19/08	2.11	2.19	2.1	2.16	8505700	0.12	2236	大华股份	SZ
1352	12/18/08	2.08	2.13	2.02	2.12	6522000	0.11	2236	大华股份	SZ
1353	12/17/08	2.06	2.15	2.06	2.08	6960300	0.11	2236	大华股份	SZ
1354	12/16/08	2.02	2.06	1.96	2.05	5696000	0.11	2236	大华股份	SZ
1355	12/15/08	2.05	2.07	2.01	2.03	6111600	0.11	2236	大华股份	SZ
1356	12/12/08	2.15	2.19	2	2.01	9216800	0.11	2236	大华股份	SZ
1357	12/11/08	2.19	2.28	2.17	2.18	17518300	0.12	2236	大华股份	SZ
1358	12/10/08	2.11	2.19	2.09	2.19	12426500	0.12	2236	大华股份	SZ
1359	12/9/08	2.19	2.2	2.09	2.1	9397300	0.11	2236	大华股份	SZ
1360	12/8/08	2.08	2.21	2.08	2.18	18168500	0.12	2236	大华股份	SZ
1361	12/5/08	1.97	2.07	1.97	2.06	9964500	0.11	2236	大华股份	SZ
1362	12/4/08	2.04	2.12	2	2.01	18683200	0.11	2236	大华股份	SZ
1363	12/3/08	1.94	2.03	1.92	2.03	21116300	0.11	2236	大华股份	SZ
1364	12/2/08	1.84	1.94	1.78	1.94	10654300	0.1	2236	大华股份	SZ
1365	12/1/08	1.84	1.9	1.84	1.87	9164000	0.1	2236	大华股份	SZ
1366	11/28/08	1.91	1.93	1.83	1.84	8518500	0.1	2236	大华股份	SZ
1367	11/27/08	2.06	2.06	1.91	1.94	13815700	0.1	2236	大华股份	SZ
1368	11/26/08	2	2.03	1.94	1.96	9838800	0.1	2236	大华股份	SZ
1369	11/25/08	2.06	2.09	2	2.01	6490100	0.11	2236	大华股份	SZ
1370	11/24/08	2.2	2.2	2.06	2.06	4647500	0.11	2236	大华股份	SZ
1371	11/21/08	2.23	2.28	2.16	2.21	4296900	0.12	2236	大华股份	SZ
1372	11/20/08	2.26	2.3	2.19	2.28	4568700	0.12	2236	大华股份	SZ
1373	11/19/08	2.19	2.32	2.14	2.3	4269500	0.12	2236	大华股份	SZ
1374	11/18/08	2.24	2.34	2.16	2.19	5610100	0.12	2236	大华股份	SZ
1375	11/17/08	2.25	2.25	2.19	2.24	4057700	0.12	2236	大华股份	SZ
1376	11/14/08	2.24	2.24	2.19	2.23	3463400	0.12	2236	大华股份	SZ
1377	11/13/08	2.12	2.24	2.12	2.22	3543800	0.12	2236	大华股份	SZ
1378	11/12/08	2.09	2.18	2.09	2.18	1762500	0.12	2236	大华股份	SZ
1379	11/11/08	2.14	2.18	2.12	2.12	3535500	0.11	2236	大华股份	SZ
1380	11/10/08	2.1	2.2	2.04	2.19	4091300	0.12	2236	大华股份	SZ
1381	11/7/08	1.99	2.11	1.99	2.08	2547400	0.11	2236	大华股份	SZ
1382	11/6/08	1.94	2.03	1.94	2.01	1581700	0.11	2236	大华股份	SZ
1383	11/5/08	1.94	2.02	1.94	2	2304800	0.11	2236	大华股份	SZ
1384	11/4/08	1.96	1.96	1.89	1.94	2000700	0.1	2236	大华股份	SZ
1385	11/3/08	1.9	1.99	1.88	1.96	1678500	0.1	2236	大华股份	SZ
1386	10/31/08	1.91	1.93	1.88	1.92	1226500	0.1	2236	大华股份	SZ
1387	10/30/08	1.93	1.93	1.86	1.92	2859500	0.1	2236	大华股份	SZ
1388	10/29/08	1.94	1.97	1.91	1.93	1822800	0.1	2236	大华股份	SZ
1389	10/28/08	1.91	1.97	1.88	1.94	1263600	0.1	2236	大华股份	SZ
1390	10/27/08	1.97	1.97	1.89	1.9	2370400	0.1	2236	大华股份	SZ
1391	10/24/08	2.01	2.02	1.97	1.99	1540300	0.11	2236	大华股份	SZ
1392	10/23/08	1.9	2.05	1.9	2.01	2310000	0.11	2236	大华股份	SZ
1393	10/22/08	1.92	1.97	1.89	1.91	1331900	0.1	2236	大华股份	SZ
1394	10/21/08	1.86	1.94	1.85	1.92	1428600	0.1	2236	大华股份	SZ
1395	10/20/08	1.83	1.86	1.81	1.86	894500	0.1	2236	大华股份	SZ
1396	10/17/08	1.81	1.86	1.79	1.82	1351500	0.1	2236	大华股份	SZ
1397	10/16/08	1.81	1.87	1.8	1.81	947900	0.1	2236	大华股份	SZ
1398	10/15/08	1.86	1.87	1.82	1.87	814500	0.1	2236	大华股份	SZ
1399	10/14/08	1.91	1.92	1.83	1.87	1087700	0.1	2236	大华股份	SZ
1400	10/13/08	1.85	1.87	1.79	1.87	1700800	0.1	2236	大华股份	SZ
1401	10/10/08	1.82	1.86	1.78	1.86	2246700	0.1	2236	大华股份	SZ
1402	10/9/08	1.86	1.88	1.84	1.86	755200	0.1	2236	大华股份	SZ
1403	10/8/08	1.82	1.87	1.82	1.86	2274200	0.1	2236	大华股份	SZ
1404	10/7/08	1.82	1.88	1.81	1.85	767000	0.1	2236	大华股份	SZ
1405	10/6/08	1.93	1.94	1.85	1.85	1059200	0.1	2236	大华股份	SZ
1406	10/3/08	1.94	1.94	1.94	1.94	0	0.1	2236	大华股份	SZ
1407	10/2/08	1.94	1.94	1.94	1.94	0	0.1	2236	大华股份	SZ
1408	10/1/08	1.94	1.94	1.94	1.94	0	0.1	2236	大华股份	SZ
1409	9/30/08	1.94	1.94	1.94	1.94	0	0.1	2236	大华股份	SZ
1410	9/29/08	1.94	1.94	1.94	1.94	0	0.1	2236	大华股份	SZ
1411	9/26/08	1.94	1.94	1.86	1.94	2705000	0.1	2236	大华股份	SZ
1412	9/25/08	1.94	2.03	1.91	1.93	2364400	0.1	2236	大华股份	SZ
1413	9/24/08	1.88	1.93	1.88	1.93	2664300	0.1	2236	大华股份	SZ
1414	9/23/08	1.97	2.01	1.91	1.92	4139000	0.1	2236	大华股份	SZ
1415	9/22/08	2.06	2.18	1.98	2.05	6645700	0.11	2236	大华股份	SZ
1416	9/19/08	2	2.05	1.96	2.05	4970000	0.11	2236	大华股份	SZ
1417	9/18/08	1.86	1.87	1.72	1.86	2599500	0.1	2236	大华股份	SZ
1418	9/17/08	1.87	1.9	1.86	1.88	1847500	0.1	2236	大华股份	SZ
1419	9/16/08	1.88	1.9	1.83	1.88	1531700	0.1	2236	大华股份	SZ
1420	9/15/08	1.88	1.88	1.88	1.88	0	0.1	2236	大华股份	SZ
1421	9/12/08	1.81	1.9	1.81	1.88	10105600	0.1	2236	大华股份	SZ
1422	9/11/08	1.87	1.87	1.87	1.87	0	0.1	2236	大华股份	SZ
1423	9/10/08	1.84	1.9	1.83	1.87	1249100	0.1	2236	大华股份	SZ
1424	9/9/08	1.81	1.88	1.81	1.85	1213200	0.1	2236	大华股份	SZ
1425	9/8/08	1.91	1.92	1.8	1.81	3466500	0.1	2236	大华股份	SZ
1426	9/5/08	1.94	1.94	1.9	1.94	1456900	0.1	2236	大华股份	SZ
1427	9/4/08	1.95	2.01	1.92	1.99	1875000	0.11	2236	大华股份	SZ
1428	9/3/08	2.02	2.03	1.95	1.96	3675400	0.1	2236	大华股份	SZ
1429	9/2/08	2.08	2.1	2.01	2.04	2751800	0.11	2236	大华股份	SZ
1430	9/1/08	2.17	2.18	2.06	2.12	2576300	0.11	2236	大华股份	SZ
1431	8/29/08	2.17	2.24	2.16	2.21	1702400	0.12	2236	大华股份	SZ
1432	8/28/08	2.17	2.18	2.08	2.17	2480900	0.12	2236	大华股份	SZ
1433	8/27/08	2.21	2.24	2.12	2.17	3185500	0.12	2236	大华股份	SZ
1434	8/26/08	2.14	2.23	2.14	2.21	7220000	0.12	2236	大华股份	SZ
1435	8/25/08	2.3	2.31	2.17	2.19	7201700	0.12	2236	大华股份	SZ
1436	8/22/08	2.35	2.39	2.25	2.29	5408900	0.12	2236	大华股份	SZ
1437	8/21/08	2.25	2.39	2.25	2.38	15798800	0.13	2236	大华股份	SZ
1438	8/20/08	2.06	2.37	2.06	2.36	38178100	0.13	2236	大华股份	SZ
1439	8/19/08	2.22	2.25	2.2	2.25	2614400	0.12	2236	大华股份	SZ
1440	8/18/08	2.33	2.38	2.25	2.25	1019800	0.12	2236	大华股份	SZ
1441	8/15/08	2.37	2.4	2.36	2.38	1999900	0.13	2236	大华股份	SZ
1442	8/14/08	2.36	2.39	2.29	2.38	1947600	0.13	2236	大华股份	SZ
1443	8/13/08	2.31	2.39	2.26	2.36	2423000	0.13	2236	大华股份	SZ
1444	8/12/08	2.25	2.33	2.19	2.33	4838800	0.12	2236	大华股份	SZ
1445	8/11/08	2.33	2.37	2.23	2.28	1952300	0.12	2236	大华股份	SZ
1446	8/8/08	2.44	2.45	2.31	2.31	1930000	0.12	2236	大华股份	SZ
1447	8/7/08	2.44	2.46	2.38	2.43	2050600	0.13	2236	大华股份	SZ
1448	8/6/08	2.44	2.48	2.37	2.45	2197900	0.13	2236	大华股份	SZ
1449	8/5/08	2.47	2.5	2.42	2.45	2081100	0.13	2236	大华股份	SZ
1450	8/4/08	2.5	2.54	2.47	2.47	1884500	0.13	2236	大华股份	SZ
1451	8/1/08	2.48	2.58	2.47	2.53	3020400	0.14	2236	大华股份	SZ
1452	7/31/08	2.56	2.61	2.48	2.5	2980000	0.13	2236	大华股份	SZ
1453	7/30/08	2.61	2.64	2.55	2.61	3954800	0.14	2236	大华股份	SZ
1454	7/29/08	2.52	2.61	2.46	2.61	6524900	0.14	2236	大华股份	SZ
1455	7/28/08	2.44	2.54	2.42	2.54	8533500	0.14	2236	大华股份	SZ
1456	7/25/08	2.38	2.45	2.38	2.44	2134600	0.13	2236	大华股份	SZ
1457	7/24/08	2.33	2.47	2.33	2.44	5040400	0.13	2236	大华股份	SZ
1458	7/23/08	2.35	2.4	2.33	2.33	1382800	0.12	2236	大华股份	SZ
1459	7/22/08	2.37	2.39	2.32	2.37	1931800	0.13	2236	大华股份	SZ
1460	7/21/08	2.26	2.41	2.24	2.38	3698600	0.13	2236	大华股份	SZ
1461	7/18/08	2.25	2.31	2.21	2.3	3963300	0.12	2236	大华股份	SZ
1462	7/17/08	2.31	2.34	2.22	2.27	4465400	0.12	2236	大华股份	SZ
1463	7/16/08	2.42	2.42	2.24	2.28	4505900	0.12	2236	大华股份	SZ
1464	7/15/08	2.49	2.5	2.38	2.44	2740700	0.13	2236	大华股份	SZ
1465	7/14/08	2.47	2.51	2.44	2.49	1080200	0.13	2236	大华股份	SZ
1466	7/11/08	2.49	2.5	2.44	2.47	2475100	0.13	2236	大华股份	SZ
1467	7/10/08	2.48	2.58	2.45	2.49	5140000	0.13	2236	大华股份	SZ
1468	7/9/08	2.51	2.56	2.46	2.53	3101400	0.14	2236	大华股份	SZ
1469	7/8/08	2.48	2.53	2.42	2.5	5644000	0.13	2236	大华股份	SZ
1470	7/7/08	2.41	2.49	2.36	2.46	3127400	0.13	2236	大华股份	SZ
1471	7/4/08	2.36	2.43	2.34	2.4	1508900	0.13	2236	大华股份	SZ
1472	7/3/08	2.26	2.47	2.19	2.4	3151700	0.13	2236	大华股份	SZ
1473	7/2/08	2.28	2.3	2.23	2.29	1766500	0.12	2236	大华股份	SZ
1474	7/1/08	2.25	2.3	2.2	2.26	1459700	0.12	2236	大华股份	SZ
1475	6/30/08	2.24	2.26	2.16	2.25	2458900	0.12	2236	大华股份	SZ
1476	6/27/08	2.31	2.39	2.23	2.27	5282900	0.12	2236	大华股份	SZ
1477	6/26/08	2.47	2.47	2.47	2.47	0	0.13	2236	大华股份	SZ
1478	6/25/08	2.38	2.5	2.38	2.47	4167900	0.13	2236	大华股份	SZ
1479	6/24/08	2.26	2.4	2.26	2.4	2750400	0.13	2236	大华股份	SZ
1480	6/23/08	2.25	2.38	2.22	2.31	2153500	0.12	2236	大华股份	SZ
1481	6/20/08	2.27	2.44	2.13	2.35	6259200	0.13	2236	大华股份	SZ
1482	6/19/08	2.48	2.52	2.27	2.27	10720500	0.12	2236	大华股份	SZ
1483	6/18/08	2.37	2.55	2.31	2.53	8827700	0.14	2236	大华股份	SZ
1484	6/17/08	2.45	2.53	2.31	2.37	8995700	0.13	2236	大华股份	SZ
1485	6/16/08	2.81	2.81	2.49	2.49	23476300	0.13	2236	大华股份	SZ
1486	6/13/08	2.84	2.94	2.73	2.77	6972400	0.15	2236	大华股份	SZ
1487	6/12/08	2.81	2.87	2.72	2.83	6351700	0.15	2236	大华股份	SZ
1488	6/11/08	2.94	3	2.79	2.84	15512100	0.15	2236	大华股份	SZ
1489	6/10/08	3.12	3.17	2.88	2.96	15258100	0.16	2236	大华股份	SZ
1490	6/6/08	3.1	3.2	3.1	3.2	7577800	0.17	2236	大华股份	SZ
1491	6/5/08	3.07	3.28	3.07	3.11	9268200	0.17	2236	大华股份	SZ
1492	6/4/08	3.14	3.18	3.04	3.12	9178800	0.17	2236	大华股份	SZ
1493	6/3/08	2.99	3.23	2.98	3.14	16348100	0.17	2236	大华股份	SZ
1494	6/2/08	2.91	3.01	2.88	2.99	8651000	0.16	2236	大华股份	SZ
1495	5/30/08	2.88	3.03	2.88	2.91	13660000	0.16	2236	大华股份	SZ
1496	5/29/08	2.72	2.98	2.72	2.88	20634800	0.15	2236	大华股份	SZ
1497	5/28/08	2.63	2.73	2.61	2.72	8809500	0.15	2236	大华股份	SZ
1498	5/27/08	2.62	2.71	2.59	2.66	10371300	0.14	2236	大华股份	SZ
1499	5/26/08	2.67	2.8	2.58	2.62	17333100	0.14	2236	大华股份	SZ
1500	5/23/08	2.88	2.95	2.75	2.75	32123900	0.15	2236	大华股份	SZ
1501	5/22/08	2.84	2.97	2.84	2.92	49517800	0.16	2236	大华股份	SZ
1502	5/21/08	2.75	2.89	2.72	2.89	62130100	0.15	2236	大华股份	SZ
1503	5/20/08	3.03	3.11	2.62	2.63	158689700	0.14	2236	大华股份	SZ
1504	5/8/08	1.51	1.51	1.51	1.51	0	0.08	2236	大华股份	SZ
