0	4/29/14	7.9	8.18	7.84	8.13	1754800	8.13	2247	帝龙新材	SZ
1	4/28/14	8.4	8.4	7.8	7.9	2481000	7.9	2247	帝龙新材	SZ
2	4/25/14	8.46	8.56	8.35	8.4	1455800	8.4	2247	帝龙新材	SZ
3	4/24/14	8.54	8.58	8.35	8.47	1237900	8.47	2247	帝龙新材	SZ
4	4/23/14	8.53	8.62	8.41	8.54	1454500	8.54	2247	帝龙新材	SZ
5	4/22/14	8.46	8.52	8.24	8.38	2744900	8.38	2247	帝龙新材	SZ
6	4/21/14	8.56	8.69	8.52	8.53	1930400	8.53	2247	帝龙新材	SZ
7	4/18/14	8.64	8.65	8.58	8.61	1573500	8.61	2247	帝龙新材	SZ
8	4/17/14	8.65	8.66	8.56	8.64	2229400	8.64	2247	帝龙新材	SZ
9	4/16/14	8.64	8.65	8.56	8.65	2168800	8.65	2247	帝龙新材	SZ
10	4/15/14	8.6	8.74	8.55	8.66	3463600	8.66	2247	帝龙新材	SZ
11	4/14/14	8.96	8.99	8.5	8.61	7196600	8.61	2247	帝龙新材	SZ
12	4/11/14	8.97	9.14	8.83	8.95	3564600	8.95	2247	帝龙新材	SZ
13	4/10/14	8.84	9.49	8.65	9.23	6162500	9.23	2247	帝龙新材	SZ
14	4/9/14	8.97	8.97	8.8	8.88	2561700	4.4	2247	帝龙新材	SZ
15	4/8/14	8.71	8.84	8.71	8.84	2222500	4.37	2247	帝龙新材	SZ
16	4/7/14	8.74	8.74	8.74	8.74	0	4.33	2247	帝龙新材	SZ
17	4/4/14	8.7	8.75	8.57	8.74	1466400	4.33	2247	帝龙新材	SZ
18	4/3/14	8.45	8.72	8.41	8.67	2848800	4.29	2247	帝龙新材	SZ
19	4/2/14	8.44	8.49	8.27	8.4	1408400	4.16	2247	帝龙新材	SZ
20	4/1/14	8.3	8.47	8.18	8.44	1563900	4.18	2247	帝龙新材	SZ
21	3/31/14	8.17	8.47	8.15	8.36	930300	4.14	2247	帝龙新材	SZ
22	3/28/14	8.66	8.66	8.16	8.18	2195100	4.05	2247	帝龙新材	SZ
23	3/27/14	8.95	8.98	8.65	8.68	1736400	4.29	2247	帝龙新材	SZ
24	3/26/14	8.94	9.03	8.91	8.98	1426800	4.44	2247	帝龙新材	SZ
25	3/25/14	8.85	9.05	8.75	8.94	999600	4.42	2247	帝龙新材	SZ
26	3/24/14	9.06	9.09	8.81	9.01	1905800	4.46	2247	帝龙新材	SZ
27	3/21/14	8.83	9.07	8.47	9.01	2294300	4.46	2247	帝龙新材	SZ
28	3/20/14	9.12	9.28	8.75	8.8	2157700	4.36	2247	帝龙新材	SZ
29	3/19/14	9.19	9.24	9.01	9.12	1771900	4.52	2247	帝龙新材	SZ
30	3/18/14	9.15	9.43	9.12	9.18	3062000	4.54	2247	帝龙新材	SZ
31	3/17/14	8.85	9.15	8.85	9.15	2731900	4.53	2247	帝龙新材	SZ
32	3/14/14	8.76	8.93	8.7	8.9	2203900	4.41	2247	帝龙新材	SZ
33	3/13/14	8.63	8.85	8.53	8.85	2516900	4.38	2247	帝龙新材	SZ
34	3/12/14	8.5	8.62	8.33	8.62	2000200	4.27	2247	帝龙新材	SZ
35	3/11/14	8.59	8.7	8.43	8.55	3179400	4.23	2247	帝龙新材	SZ
36	3/10/14	9.49	9.49	8.63	8.63	5429700	4.27	2247	帝龙新材	SZ
37	3/7/14	9.65	9.85	9.54	9.59	2539900	4.75	2247	帝龙新材	SZ
38	3/6/14	9.5	9.64	9.31	9.63	2491000	4.77	2247	帝龙新材	SZ
39	3/5/14	9.52	9.61	9.4	9.49	2030200	4.7	2247	帝龙新材	SZ
40	3/4/14	9.48	9.56	9.26	9.48	2893800	4.69	2247	帝龙新材	SZ
41	3/3/14	9.5	9.66	9.05	9.61	4568400	4.76	2247	帝龙新材	SZ
42	2/28/14	10.24	10.4	9.52	9.52	7498700	4.71	2247	帝龙新材	SZ
43	2/27/14	10.95	10.99	10.31	10.57	2570100	5.23	2247	帝龙新材	SZ
44	2/26/14	10.5	10.84	10.29	10.81	1871400	5.35	2247	帝龙新材	SZ
45	2/25/14	10.96	11.42	10.27	10.63	5176300	5.26	2247	帝龙新材	SZ
46	2/24/14	10.97	10.97	10.6	10.9	3061900	5.4	2247	帝龙新材	SZ
47	2/21/14	11.1	11.35	10.75	10.98	3037500	5.43	2247	帝龙新材	SZ
48	2/20/14	11.35	11.56	11.06	11.09	2698400	5.49	2247	帝龙新材	SZ
49	2/19/14	11.35	11.65	11	11.46	3351700	5.67	2247	帝龙新材	SZ
50	2/18/14	11.54	11.69	11.29	11.35	3674000	5.62	2247	帝龙新材	SZ
51	2/17/14	11.3	11.74	11.06	11.54	7832900	5.71	2247	帝龙新材	SZ
52	2/14/14	10.73	11.19	10.5	11.16	5894500	5.53	2247	帝龙新材	SZ
53	2/13/14	10.86	11.07	10.61	10.68	5275000	5.29	2247	帝龙新材	SZ
54	2/12/14	10.89	11.11	10.75	10.91	4973100	5.4	2247	帝龙新材	SZ
55	2/11/14	10.5	11.25	10.35	10.84	9772500	5.37	2247	帝龙新材	SZ
56	2/10/14	9.73	10.57	9.73	10.57	9339300	5.23	2247	帝龙新材	SZ
57	2/7/14	9.32	9.62	9.27	9.61	1607200	4.76	2247	帝龙新材	SZ
58	2/6/14	9.44	9.44	9.44	9.44	0	4.67	2247	帝龙新材	SZ
59	2/5/14	9.44	9.44	9.44	9.44	0	4.67	2247	帝龙新材	SZ
60	2/3/14	9.44	9.44	9.44	9.44	0	4.67	2247	帝龙新材	SZ
61	1/31/14	9.44	9.44	9.44	9.44	0	4.67	2247	帝龙新材	SZ
62	1/30/14	9.53	9.56	9.4	9.44	980200	4.67	2247	帝龙新材	SZ
63	1/29/14	9.5	9.56	9.35	9.53	1700400	4.72	2247	帝龙新材	SZ
64	1/28/14	9.74	9.75	9.43	9.5	1598300	4.7	2247	帝龙新材	SZ
65	1/27/14	9.7	9.77	9.52	9.69	2032900	4.8	2247	帝龙新材	SZ
66	1/24/14	9.5	9.83	9.43	9.78	2381400	4.84	2247	帝龙新材	SZ
67	1/23/14	9.85	9.85	9.4	9.53	2065600	4.72	2247	帝龙新材	SZ
68	1/22/14	9.35	9.64	9.25	9.62	2663300	4.76	2247	帝龙新材	SZ
69	1/21/14	9.4	9.55	9.15	9.35	1305700	4.63	2247	帝龙新材	SZ
70	1/20/14	9.44	9.55	9.1	9.41	1596100	4.66	2247	帝龙新材	SZ
71	1/17/14	9.63	9.98	9.43	9.51	1820700	4.71	2247	帝龙新材	SZ
72	1/16/14	9.26	9.73	9.18	9.66	3012100	4.78	2247	帝龙新材	SZ
73	1/15/14	9.28	9.29	9.13	9.25	1200300	4.58	2247	帝龙新材	SZ
74	1/14/14	9.27	9.32	9.11	9.31	1740900	4.61	2247	帝龙新材	SZ
75	1/13/14	9.02	9.41	9.01	9.16	1382900	4.54	2247	帝龙新材	SZ
76	1/10/14	9.15	9.15	8.85	9.07	2196800	4.49	2247	帝龙新材	SZ
77	1/9/14	9.36	9.52	9.18	9.2	2104000	4.55	2247	帝龙新材	SZ
78	1/8/14	9.7	9.75	9.31	9.36	2554100	4.63	2247	帝龙新材	SZ
79	1/7/14	9.26	9.64	9.23	9.6	2852600	4.75	2247	帝龙新材	SZ
80	1/6/14	10.15	10.33	9.23	9.4	5601500	4.65	2247	帝龙新材	SZ
81	1/3/14	10.05	10.38	10.02	10.26	3530400	5.08	2247	帝龙新材	SZ
82	1/2/14	10.15	10.44	10	10.18	3708300	5.04	2247	帝龙新材	SZ
83	1/1/14	9.95	9.95	9.95	9.95	0	4.92	2247	帝龙新材	SZ
84	12/31/13	9.7	10.25	9.7	9.95	4833800	4.92	2247	帝龙新材	SZ
85	12/30/13	9.6	9.89	9.55	9.8	3668700	4.85	2247	帝龙新材	SZ
86	12/27/13	9.35	9.72	9.35	9.52	3400900	4.71	2247	帝龙新材	SZ
87	12/26/13	9.89	9.89	9.35	9.38	5016200	4.64	2247	帝龙新材	SZ
88	12/25/13	9.44	9.95	9.31	9.89	5744400	4.89	2247	帝龙新材	SZ
89	12/24/13	8.8	9.6	8.76	9.31	5120000	4.61	2247	帝龙新材	SZ
90	12/23/13	8.75	8.85	8.5	8.77	3203000	4.34	2247	帝龙新材	SZ
91	12/20/13	9.1	9.15	8.85	8.86	2876600	4.39	2247	帝龙新材	SZ
92	12/19/13	9.48	9.65	9.04	9.09	4138600	4.5	2247	帝龙新材	SZ
93	12/18/13	9.65	9.84	9.48	9.52	3328300	4.71	2247	帝龙新材	SZ
94	12/17/13	10	10	9.51	9.63	4158000	4.77	2247	帝龙新材	SZ
95	12/16/13	10.3	10.48	9.75	9.93	10848600	4.91	2247	帝龙新材	SZ
96	12/13/13	9.57	10.48	9.43	10.48	15734900	5.19	2247	帝龙新材	SZ
97	12/12/13	9.41	9.59	9.38	9.53	1847200	4.72	2247	帝龙新材	SZ
98	12/11/13	9.41	9.65	9.3	9.41	1681900	4.66	2247	帝龙新材	SZ
99	12/10/13	9.65	9.75	9.4	9.49	3086000	4.7	2247	帝龙新材	SZ
100	12/9/13	9.27	9.69	9.27	9.65	3555900	4.78	2247	帝龙新材	SZ
101	12/6/13	9.43	9.56	9.1	9.23	3412100	4.57	2247	帝龙新材	SZ
102	12/5/13	9.38	9.77	9.29	9.48	4205100	4.69	2247	帝龙新材	SZ
103	12/4/13	9.61	9.94	9.38	9.45	5405500	4.68	2247	帝龙新材	SZ
104	12/3/13	8.8	9.79	8.75	9.65	5415600	4.78	2247	帝龙新材	SZ
105	12/2/13	9	9.4	8.61	8.9	6257200	4.4	2247	帝龙新材	SZ
106	11/29/13	9.51	9.85	9.44	9.52	7121300	4.71	2247	帝龙新材	SZ
107	11/28/13	8.99	9.68	8.95	9.51	7396400	4.7	2247	帝龙新材	SZ
108	11/27/13	8.94	8.99	8.82	8.98	2682200	4.44	2247	帝龙新材	SZ
109	11/26/13	8.87	9.18	8.76	8.94	4292300	4.42	2247	帝龙新材	SZ
110	11/25/13	8.65	8.87	8.5	8.87	3427600	4.39	2247	帝龙新材	SZ
111	11/22/13	8.69	8.85	8.61	8.65	2901000	4.28	2247	帝龙新材	SZ
112	11/21/13	8.98	8.98	8.6	8.65	6135300	4.28	2247	帝龙新材	SZ
113	11/20/13	9.1	9.2	8.89	9.07	6526700	4.49	2247	帝龙新材	SZ
114	11/19/13	8.65	9.44	8.64	9.23	9176900	4.57	2247	帝龙新材	SZ
115	11/18/13	8.81	8.85	8.56	8.69	8409000	4.3	2247	帝龙新材	SZ
116	11/15/13	8.43	8.97	8.32	8.81	10816300	4.36	2247	帝龙新材	SZ
117	11/14/13	7.83	8.49	7.72	8.45	8839600	4.18	2247	帝龙新材	SZ
118	11/13/13	7.63	7.97	7.55	7.83	4945200	3.88	2247	帝龙新材	SZ
119	11/12/13	7.62	7.78	7.55	7.7	3552300	3.81	2247	帝龙新材	SZ
120	11/11/13	7.25	7.63	7.2	7.63	3217200	3.78	2247	帝龙新材	SZ
121	11/8/13	7.3	7.35	7.16	7.22	1023400	3.57	2247	帝龙新材	SZ
122	11/7/13	7.34	7.46	7.23	7.3	1315700	3.61	2247	帝龙新材	SZ
123	11/6/13	7.39	7.59	7.34	7.34	2277900	3.63	2247	帝龙新材	SZ
124	11/5/13	7.26	7.4	7.19	7.4	1368600	3.66	2247	帝龙新材	SZ
125	11/4/13	7.15	7.34	7.09	7.28	1276800	3.61	2247	帝龙新材	SZ
126	11/1/13	7.36	7.36	7.13	7.15	1584000	3.54	2247	帝龙新材	SZ
127	10/31/13	7.3	7.49	7.2	7.29	2193600	3.61	2247	帝龙新材	SZ
128	10/30/13	7.05	7.28	7.05	7.28	1644400	3.6	2247	帝龙新材	SZ
129	10/29/13	7.51	7.59	6.95	7.09	3875300	3.51	2247	帝龙新材	SZ
130	10/28/13	7.4	7.88	7.31	7.55	3089100	3.74	2247	帝龙新材	SZ
131	10/25/13	7.43	7.54	7.25	7.3	1237200	3.61	2247	帝龙新材	SZ
132	10/24/13	7.35	7.49	7.28	7.38	1311300	3.65	2247	帝龙新材	SZ
133	10/23/13	7.72	7.74	7.3	7.35	2906000	3.64	2247	帝龙新材	SZ
134	10/22/13	7.84	7.95	7.68	7.72	3142900	3.82	2247	帝龙新材	SZ
135	10/21/13	7.9	7.9	7.7	7.84	2899800	3.88	2247	帝龙新材	SZ
136	10/18/13	7.6	7.97	7.52	7.82	4553100	3.87	2247	帝龙新材	SZ
137	10/17/13	7.45	7.74	7.38	7.62	4460700	3.77	2247	帝龙新材	SZ
138	10/16/13	7.47	7.47	7.29	7.36	2276700	3.65	2247	帝龙新材	SZ
139	10/15/13	7.35	7.57	7.35	7.51	3011600	3.71	2247	帝龙新材	SZ
140	10/14/13	7.11	7.68	7.11	7.35	4681400	3.64	2247	帝龙新材	SZ
141	10/11/13	7	7.18	7	7.14	1949200	3.54	2247	帝龙新材	SZ
142	10/10/13	7.08	7.2	7.01	7.02	1063800	3.47	2247	帝龙新材	SZ
143	10/9/13	7.08	7.2	7.05	7.13	1426100	3.53	2247	帝龙新材	SZ
144	10/8/13	6.91	7.09	6.86	7.09	1594100	3.51	2247	帝龙新材	SZ
145	10/7/13	6.89	6.89	6.89	6.89	0	3.41	2247	帝龙新材	SZ
146	10/4/13	6.89	6.89	6.89	6.89	0	3.41	2247	帝龙新材	SZ
147	10/3/13	6.89	6.89	6.89	6.89	0	3.41	2247	帝龙新材	SZ
148	10/2/13	6.89	6.89	6.89	6.89	0	3.41	2247	帝龙新材	SZ
149	10/1/13	6.89	6.89	6.89	6.89	0	3.41	2247	帝龙新材	SZ
150	9/30/13	6.9	6.98	6.82	6.89	1166300	3.41	2247	帝龙新材	SZ
151	9/27/13	6.89	6.97	6.86	6.88	772400	3.4	2247	帝龙新材	SZ
152	9/26/13	6.91	7.09	6.82	6.89	1676800	3.41	2247	帝龙新材	SZ
153	9/25/13	7.23	7.31	7.01	7.03	1983300	3.48	2247	帝龙新材	SZ
154	9/24/13	7.07	7.24	7.02	7.19	2278300	3.56	2247	帝龙新材	SZ
155	9/23/13	7.05	7.12	6.99	7.11	2172800	3.52	2247	帝龙新材	SZ
156	9/20/13	7.08	7.08	7.08	7.08	0	3.5	2247	帝龙新材	SZ
157	9/18/13	7.13	7.23	7.01	7.08	3586200	3.5	2247	帝龙新材	SZ
158	9/17/13	7.14	7.68	7.04	7.32	8040400	3.62	2247	帝龙新材	SZ
159	9/16/13	6.84	7.24	6.72	7.21	3703000	3.57	2247	帝龙新材	SZ
160	9/13/13	6.7	6.82	6.7	6.81	749900	3.37	2247	帝龙新材	SZ
161	9/12/13	6.83	6.92	6.7	6.72	1416400	3.33	2247	帝龙新材	SZ
162	9/11/13	7.03	7.07	6.82	6.89	1453700	3.41	2247	帝龙新材	SZ
163	9/10/13	7.03	7.11	6.95	7.03	1333400	3.48	2247	帝龙新材	SZ
164	9/9/13	6.89	7.07	6.88	7.07	1488700	3.5	2247	帝龙新材	SZ
165	9/6/13	6.88	7.1	6.8	6.95	1896000	3.44	2247	帝龙新材	SZ
166	9/5/13	7.01	7.09	6.83	6.89	2365300	3.41	2247	帝龙新材	SZ
167	9/4/13	7.09	7.09	7.01	7.05	907400	3.49	2247	帝龙新材	SZ
168	9/3/13	6.99	7.11	6.95	7.07	1470700	3.5	2247	帝龙新材	SZ
169	9/2/13	7.1	7.26	6.91	7.03	869600	3.48	2247	帝龙新材	SZ
170	8/30/13	7.03	7.1	6.95	6.97	1721000	3.45	2247	帝龙新材	SZ
171	8/29/13	6.95	7.14	6.88	7.04	1497500	3.48	2247	帝龙新材	SZ
172	8/28/13	7.12	7.25	6.91	6.95	3581600	3.44	2247	帝龙新材	SZ
173	8/27/13	7.18	7.4	7.18	7.28	2055700	3.6	2247	帝龙新材	SZ
174	8/26/13	7.14	7.3	7.07	7.24	1642200	3.58	2247	帝龙新材	SZ
175	8/23/13	7.25	7.3	7.03	7.1	2891800	3.51	2247	帝龙新材	SZ
176	8/22/13	7.3	7.46	7.2	7.26	2969400	3.59	2247	帝龙新材	SZ
177	8/21/13	7.22	7.34	7.18	7.32	2669400	3.63	2247	帝龙新材	SZ
178	8/20/13	6.9	7.48	6.75	7.26	7889600	3.59	2247	帝龙新材	SZ
179	8/19/13	6.65	6.91	6.57	6.91	3174600	3.42	2247	帝龙新材	SZ
180	8/16/13	6.74	6.89	6.67	6.76	5786800	3.35	2247	帝龙新材	SZ
181	8/15/13	6.41	6.83	6.41	6.57	3115800	3.25	2247	帝龙新材	SZ
182	8/14/13	6.44	6.48	6.31	6.41	1192600	3.17	2247	帝龙新材	SZ
183	8/13/13	6.41	6.51	6.38	6.4	821300	3.17	2247	帝龙新材	SZ
184	8/12/13	6.38	6.49	6.3	6.45	1553500	3.19	2247	帝龙新材	SZ
185	8/9/13	6.27	6.55	6.26	6.38	1090100	3.16	2247	帝龙新材	SZ
186	8/8/13	6.34	6.36	6.25	6.28	1146300	3.11	2247	帝龙新材	SZ
187	8/7/13	6.18	6.38	6.15	6.32	2499200	3.13	2247	帝龙新材	SZ
188	8/6/13	6.09	6.22	6.03	6.22	1572500	3.08	2247	帝龙新材	SZ
189	8/5/13	5.99	6.1	5.9	6.09	954000	3.01	2247	帝龙新材	SZ
190	8/2/13	5.98	6.15	5.97	6.02	915700	2.98	2247	帝龙新材	SZ
191	8/1/13	5.92	5.99	5.86	5.99	1057800	2.96	2247	帝龙新材	SZ
192	7/31/13	5.91	5.97	5.83	5.85	326400	2.9	2247	帝龙新材	SZ
193	7/30/13	5.89	5.93	5.78	5.84	846900	2.89	2247	帝龙新材	SZ
194	7/29/13	6.05	6.05	5.8	5.86	1171200	2.9	2247	帝龙新材	SZ
195	7/26/13	6.18	6.18	6.01	6.07	663000	3	2247	帝龙新材	SZ
196	7/25/13	6.1	6.24	5.97	6.18	1675600	3.06	2247	帝龙新材	SZ
197	7/24/13	6.2	6.24	6.03	6.14	1382600	3.04	2247	帝龙新材	SZ
198	7/23/13	6.14	6.2	6.07	6.2	882900	3.07	2247	帝龙新材	SZ
199	7/22/13	5.93	6.12	5.8	6.12	1079200	3.03	2247	帝龙新材	SZ
200	7/19/13	6.03	6.12	5.86	5.87	906100	2.91	2247	帝龙新材	SZ
201	7/18/13	6.08	6.13	6.01	6.03	873200	2.98	2247	帝龙新材	SZ
202	7/17/13	6.28	6.43	6.13	6.14	2567600	3.04	2247	帝龙新材	SZ
203	7/16/13	5.99	6.15	5.93	6.14	1335600	3.04	2247	帝龙新材	SZ
204	7/15/13	5.95	6.03	5.89	5.94	1023400	2.94	2247	帝龙新材	SZ
205	7/12/13	5.96	6.05	5.91	5.95	1022800	2.94	2247	帝龙新材	SZ
206	7/11/13	5.93	6.09	5.9	6.03	1021900	2.98	2247	帝龙新材	SZ
207	7/10/13	5.8	6.09	5.75	5.93	594600	2.93	2247	帝龙新材	SZ
208	7/9/13	5.61	5.8	5.61	5.74	505500	2.84	2247	帝龙新材	SZ
209	7/8/13	5.84	5.84	5.57	5.66	818800	2.8	2247	帝龙新材	SZ
210	7/5/13	5.74	6.24	5.71	5.91	1432000	2.92	2247	帝龙新材	SZ
211	7/4/13	5.55	5.75	5.53	5.75	935900	2.85	2247	帝龙新材	SZ
212	7/3/13	5.65	5.68	5.51	5.61	544200	2.77	2247	帝龙新材	SZ
213	7/2/13	5.62	5.69	5.59	5.66	591400	2.8	2247	帝龙新材	SZ
214	7/1/13	5.62	5.62	5.45	5.61	517500	2.78	2247	帝龙新材	SZ
215	6/28/13	5.3	5.75	5.3	5.53	574200	2.73	2247	帝龙新材	SZ
216	6/27/13	5.57	5.88	5.5	5.54	1072000	2.74	2247	帝龙新材	SZ
217	6/26/13	5.43	5.64	5.27	5.57	1092400	2.75	2247	帝龙新材	SZ
218	6/25/13	5.4	5.43	5.03	5.36	1382200	2.65	2247	帝龙新材	SZ
219	6/24/13	6	6.04	5.4	5.4	1047100	2.67	2247	帝龙新材	SZ
220	6/21/13	5.95	6.08	5.89	6	687200	2.97	2247	帝龙新材	SZ
221	6/20/13	6.26	6.34	6.12	6.14	319000	3.04	2247	帝龙新材	SZ
222	6/19/13	6.32	6.32	6.18	6.29	639100	3.11	2247	帝龙新材	SZ
223	6/18/13	6.36	6.39	6.26	6.3	523900	3.12	2247	帝龙新材	SZ
224	6/17/13	6.39	6.44	6.34	6.39	524900	3.16	2247	帝龙新材	SZ
225	6/14/13	6.28	6.44	6.28	6.39	766300	3.16	2247	帝龙新材	SZ
226	6/13/13	6.35	6.39	6.16	6.29	595100	3.11	2247	帝龙新材	SZ
227	6/12/13	6.41	6.41	6.41	6.41	0	3.17	2247	帝龙新材	SZ
228	6/11/13	6.41	6.41	6.41	6.41	0	3.17	2247	帝龙新材	SZ
229	6/10/13	6.41	6.41	6.41	6.41	0	3.17	2247	帝龙新材	SZ
230	6/7/13	6.48	6.57	6.39	6.41	699300	3.17	2247	帝龙新材	SZ
231	6/6/13	6.62	6.62	6.47	6.48	671300	3.21	2247	帝龙新材	SZ
232	6/5/13	6.57	6.64	6.52	6.62	650700	3.28	2247	帝龙新材	SZ
233	6/4/13	6.7	6.75	6.53	6.57	1127400	3.25	2247	帝龙新材	SZ
234	6/3/13	6.84	6.88	6.67	6.72	1731600	3.33	2247	帝龙新材	SZ
235	5/31/13	6.89	6.92	6.82	6.82	893500	3.38	2247	帝龙新材	SZ
236	5/30/13	6.93	6.99	6.83	6.86	1267700	3.39	2247	帝龙新材	SZ
237	5/29/13	6.92	7.05	6.91	6.95	1494500	3.44	2247	帝龙新材	SZ
238	5/28/13	7.09	7.09	6.89	6.99	1625500	3.42	2247	帝龙新材	SZ
239	5/27/13	6.9	7.07	6.86	7.05	2371200	3.44	2247	帝龙新材	SZ
240	5/24/13	6.87	6.91	6.78	6.89	2471900	3.37	2247	帝龙新材	SZ
241	5/23/13	6.98	7	6.84	6.86	2110200	3.35	2247	帝龙新材	SZ
242	5/22/13	7.03	7.22	7	7.01	2939800	3.42	2247	帝龙新材	SZ
243	5/21/13	6.99	7.03	6.95	7.01	1743200	3.43	2247	帝龙新材	SZ
244	5/20/13	6.98	7.03	6.83	6.99	2689600	3.42	2247	帝龙新材	SZ
245	5/17/13	6.89	7.04	6.82	6.98	2809600	3.41	2247	帝龙新材	SZ
246	5/16/13	6.82	6.84	6.71	6.84	1625900	3.34	2247	帝龙新材	SZ
247	5/15/13	6.74	6.84	6.72	6.79	1998900	3.32	2247	帝龙新材	SZ
248	5/14/13	6.68	6.76	6.61	6.71	1449100	3.28	2247	帝龙新材	SZ
249	5/13/13	6.59	6.7	6.47	6.68	1521400	3.27	2247	帝龙新材	SZ
250	5/10/13	6.51	6.57	6.45	6.53	573200	3.19	2247	帝龙新材	SZ
251	5/9/13	6.65	6.65	6.45	6.5	950500	3.18	2247	帝龙新材	SZ
252	5/8/13	6.68	6.68	6.61	6.65	747000	3.25	2247	帝龙新材	SZ
253	5/7/13	6.61	6.66	6.55	6.66	604200	3.25	2247	帝龙新材	SZ
254	5/6/13	6.63	6.64	6.54	6.61	626500	3.23	2247	帝龙新材	SZ
255	5/3/13	6.38	6.58	6.3	6.57	799900	3.21	2247	帝龙新材	SZ
256	5/2/13	6.47	6.49	6.14	6.42	386000	3.14	2247	帝龙新材	SZ
257	5/1/13	6.41	6.41	6.41	6.41	0	3.13	2247	帝龙新材	SZ
258	4/30/13	6.41	6.41	6.41	6.41	0	3.13	2247	帝龙新材	SZ
259	4/29/13	6.41	6.41	6.41	6.41	0	3.13	2247	帝龙新材	SZ
260	4/26/13	6.51	6.51	6.4	6.41	702500	3.13	2247	帝龙新材	SZ
261	4/25/13	6.64	6.66	6.5	6.5	436600	3.18	2247	帝龙新材	SZ
262	4/24/13	6.51	6.62	6.44	6.61	553900	3.23	2247	帝龙新材	SZ
263	4/23/13	6.7	6.7	6.51	6.51	1060800	3.18	2247	帝龙新材	SZ
264	4/22/13	6.78	6.78	6.57	6.7	2188000	3.27	2247	帝龙新材	SZ
265	4/19/13	6.83	6.93	6.78	6.93	2330500	3.38	2247	帝龙新材	SZ
266	4/18/13	6.63	6.86	6.63	6.82	1846500	3.33	2247	帝龙新材	SZ
267	4/17/13	6.59	6.63	6.55	6.63	357000	3.24	2247	帝龙新材	SZ
268	4/16/13	6.43	6.59	6.41	6.55	465500	3.2	2247	帝龙新材	SZ
269	4/15/13	6.59	6.59	6.5	6.53	226600	3.19	2247	帝龙新材	SZ
270	4/12/13	6.6	6.66	6.57	6.59	159800	3.22	2247	帝龙新材	SZ
271	4/11/13	6.65	6.68	6.56	6.62	493400	3.24	2247	帝龙新材	SZ
272	4/10/13	6.62	6.64	6.57	6.6	287700	3.22	2247	帝龙新材	SZ
273	4/9/13	6.7	6.7	6.61	6.62	346900	3.24	2247	帝龙新材	SZ
274	4/8/13	6.5	6.65	6.4	6.64	564200	3.24	2247	帝龙新材	SZ
275	4/5/13	6.59	6.59	6.59	6.59	0	3.22	2247	帝龙新材	SZ
276	4/4/13	6.59	6.59	6.59	6.59	0	3.22	2247	帝龙新材	SZ
277	4/3/13	6.6	6.74	6.56	6.59	400600	3.22	2247	帝龙新材	SZ
278	4/2/13	6.78	6.79	6.61	6.65	679200	3.25	2247	帝龙新材	SZ
279	4/1/13	6.67	6.76	6.61	6.75	502100	3.3	2247	帝龙新材	SZ
280	3/29/13	6.55	6.7	6.55	6.65	567200	3.25	2247	帝龙新材	SZ
281	3/28/13	6.7	6.7	6.5	6.53	931000	3.19	2247	帝龙新材	SZ
282	3/27/13	6.8	6.84	6.7	6.74	544800	3.29	2247	帝龙新材	SZ
283	3/26/13	6.85	6.85	6.66	6.8	686500	3.32	2247	帝龙新材	SZ
284	3/25/13	6.89	6.89	6.78	6.82	701100	3.33	2247	帝龙新材	SZ
285	3/22/13	6.84	6.89	6.79	6.86	760300	3.35	2247	帝龙新材	SZ
286	3/21/13	6.8	6.89	6.75	6.84	867100	3.34	2247	帝龙新材	SZ
287	3/20/13	6.64	6.81	6.64	6.8	707600	3.32	2247	帝龙新材	SZ
288	3/19/13	6.59	6.64	6.53	6.61	591900	3.23	2247	帝龙新材	SZ
289	3/18/13	6.76	6.76	6.55	6.6	915200	3.22	2247	帝龙新材	SZ
290	3/15/13	6.7	6.83	6.68	6.76	940300	3.3	2247	帝龙新材	SZ
291	3/14/13	6.7	6.86	6.7	6.74	602000	3.29	2247	帝龙新材	SZ
292	3/13/13	6.75	6.82	6.72	6.74	630800	3.29	2247	帝龙新材	SZ
293	3/12/13	7.04	7.09	6.72	6.8	1853800	3.32	2247	帝龙新材	SZ
294	3/11/13	7.07	7.07	7.01	7.04	776400	3.44	2247	帝龙新材	SZ
295	3/8/13	7.01	7.1	6.95	7.03	883400	3.43	2247	帝龙新材	SZ
296	3/7/13	7.07	7.18	6.99	7.01	1934400	3.43	2247	帝龙新材	SZ
297	3/6/13	7	7.17	6.95	7.07	3029900	3.46	2247	帝龙新材	SZ
298	3/5/13	6.91	7.18	6.91	7.03	2454400	3.44	2247	帝龙新材	SZ
299	3/4/13	7.03	7.03	6.83	6.91	2132600	3.38	2247	帝龙新材	SZ
300	3/1/13	6.95	7.15	6.91	7.14	2356100	3.49	2247	帝龙新材	SZ
301	2/28/13	6.88	7.01	6.86	7	2083600	3.42	2247	帝龙新材	SZ
302	2/27/13	7.01	7.06	6.78	6.85	3105300	3.35	2247	帝龙新材	SZ
303	2/26/13	7.1	7.16	6.91	7	3266700	3.42	2247	帝龙新材	SZ
304	2/25/13	7.3	7.36	7.12	7.16	6531600	3.5	2247	帝龙新材	SZ
305	2/22/13	7	7.66	6.64	7.57	9732400	3.7	2247	帝龙新材	SZ
306	2/21/13	7.33	7.4	7.05	7.09	2139200	3.46	2247	帝龙新材	SZ
307	2/20/13	7.28	7.49	7.28	7.36	2117400	3.59	2247	帝龙新材	SZ
308	2/19/13	7.41	7.52	7.24	7.3	2708600	3.57	2247	帝龙新材	SZ
309	2/18/13	7.08	7.72	7.08	7.45	6949900	3.64	2247	帝龙新材	SZ
310	2/15/13	7.07	7.07	7.07	7.07	0	3.46	2247	帝龙新材	SZ
311	2/14/13	7.07	7.07	7.07	7.07	0	3.46	2247	帝龙新材	SZ
312	2/13/13	7.07	7.07	7.07	7.07	0	3.46	2247	帝龙新材	SZ
313	2/12/13	7.07	7.07	7.07	7.07	0	3.46	2247	帝龙新材	SZ
314	2/11/13	7.07	7.07	7.07	7.07	0	3.46	2247	帝龙新材	SZ
315	2/8/13	6.76	7.1	6.76	7.07	2350100	3.46	2247	帝龙新材	SZ
316	2/7/13	6.89	6.89	6.72	6.8	1487500	3.32	2247	帝龙新材	SZ
317	2/6/13	6.95	6.95	6.8	6.85	1529300	3.35	2247	帝龙新材	SZ
318	2/5/13	6.77	6.93	6.72	6.87	1995600	3.36	2247	帝龙新材	SZ
319	2/4/13	6.8	6.8	6.65	6.7	1514200	3.27	2247	帝龙新材	SZ
320	2/1/13	6.71	6.84	6.62	6.72	2406000	3.29	2247	帝龙新材	SZ
321	1/31/13	6.8	6.89	6.69	6.77	1060700	3.31	2247	帝龙新材	SZ
322	1/30/13	6.88	6.97	6.76	6.81	1172100	3.33	2247	帝龙新材	SZ
323	1/29/13	6.83	7	6.82	6.88	1646000	3.36	2247	帝龙新材	SZ
324	1/28/13	6.6	6.83	6.58	6.83	1194300	3.34	2247	帝龙新材	SZ
325	1/25/13	6.6	6.7	6.55	6.62	1316600	3.24	2247	帝龙新材	SZ
326	1/24/13	6.93	7.07	6.53	6.55	2280000	3.2	2247	帝龙新材	SZ
327	1/23/13	6.91	6.99	6.85	6.95	1006900	3.39	2247	帝龙新材	SZ
328	1/22/13	7.06	7.24	6.9	6.97	2320300	3.4	2247	帝龙新材	SZ
329	1/21/13	6.97	7.12	6.94	7.1	1875800	3.47	2247	帝龙新材	SZ
330	1/18/13	6.95	7.03	6.83	7.02	1917400	3.43	2247	帝龙新材	SZ
331	1/17/13	7.1	7.2	6.93	6.99	2046300	3.42	2247	帝龙新材	SZ
332	1/16/13	7.16	7.18	7.03	7.18	3348800	3.51	2247	帝龙新材	SZ
333	1/15/13	7.16	7.34	7.09	7.21	6050400	3.52	2247	帝龙新材	SZ
334	1/14/13	6.99	7.3	6.82	7.23	5615400	3.53	2247	帝龙新材	SZ
335	1/11/13	7.16	7.36	6.97	7.04	4748300	3.44	2247	帝龙新材	SZ
336	1/10/13	7.24	7.39	7.01	7.18	3929300	3.51	2247	帝龙新材	SZ
337	1/9/13	7.07	7.6	6.99	7.28	8405700	3.56	2247	帝龙新材	SZ
338	1/8/13	6.57	7.18	6.47	7.18	8973600	3.51	2247	帝龙新材	SZ
339	1/7/13	6.53	6.56	6.1	6.53	2265800	3.19	2247	帝龙新材	SZ
340	1/4/13	6.68	6.69	6.36	6.58	5029000	3.21	2247	帝龙新材	SZ
341	1/3/13	6.75	6.75	6.75	6.75	0	3.3	2247	帝龙新材	SZ
342	1/2/13	6.75	6.75	6.75	6.75	0	3.3	2247	帝龙新材	SZ
343	1/1/13	6.75	6.75	6.75	6.75	0	3.3	2247	帝龙新材	SZ
344	12/31/12	6.34	6.76	6.22	6.75	4505600	3.3	2247	帝龙新材	SZ
345	12/28/12	6.18	6.25	6.08	6.25	1905700	3.05	2247	帝龙新材	SZ
346	12/27/12	6	6.34	6	6.22	5700100	3.04	2247	帝龙新材	SZ
347	12/26/12	5.78	6.04	5.78	5.9	1754300	2.88	2247	帝龙新材	SZ
348	12/25/12	5.6	5.89	5.6	5.79	2223200	2.83	2247	帝龙新材	SZ
349	12/24/12	5.61	5.7	5.58	5.66	867800	2.77	2247	帝龙新材	SZ
350	12/21/12	5.57	5.63	5.53	5.61	1078600	2.74	2247	帝龙新材	SZ
351	12/20/12	5.55	5.59	5.47	5.53	631800	2.7	2247	帝龙新材	SZ
352	12/19/12	5.49	5.57	5.47	5.56	608800	2.72	2247	帝龙新材	SZ
353	12/18/12	5.61	5.61	5.53	5.53	825700	2.7	2247	帝龙新材	SZ
354	12/17/12	5.64	5.64	5.54	5.59	874100	2.73	2247	帝龙新材	SZ
355	12/14/12	5.36	5.64	5.35	5.62	1580200	2.75	2247	帝龙新材	SZ
356	12/13/12	5.34	5.46	5.34	5.36	339600	2.62	2247	帝龙新材	SZ
357	12/12/12	5.43	5.45	5.34	5.41	423900	2.64	2247	帝龙新材	SZ
358	12/11/12	5.47	5.64	5.38	5.43	610000	2.66	2247	帝龙新材	SZ
359	12/10/12	5.36	5.48	5.36	5.45	686300	2.66	2247	帝龙新材	SZ
360	12/7/12	5.27	5.42	5.27	5.42	661800	2.65	2247	帝龙新材	SZ
361	12/6/12	5.32	5.45	5.26	5.26	469300	2.57	2247	帝龙新材	SZ
362	12/5/12	5.22	5.42	5.16	5.34	865400	2.61	2247	帝龙新材	SZ
363	12/4/12	5.13	5.28	5.01	5.21	498300	2.55	2247	帝龙新材	SZ
364	12/3/12	4.97	5.39	4.95	5.12	797200	2.5	2247	帝龙新材	SZ
365	11/30/12	4.95	5.06	4.95	5	235600	2.44	2247	帝龙新材	SZ
366	11/29/12	5.03	5.11	4.97	4.97	239200	2.43	2247	帝龙新材	SZ
367	11/28/12	5.11	5.16	5.05	5.05	401400	2.47	2247	帝龙新材	SZ
368	11/27/12	5.43	5.43	5.16	5.16	209100	2.52	2247	帝龙新材	SZ
369	11/26/12	5.47	5.49	5.36	5.43	160600	2.65	2247	帝龙新材	SZ
370	11/23/12	5.46	5.53	5.43	5.47	205700	2.67	2247	帝龙新材	SZ
371	11/22/12	5.55	5.55	5.45	5.49	109200	2.68	2247	帝龙新材	SZ
372	11/21/12	5.5	5.57	5.43	5.55	261600	2.71	2247	帝龙新材	SZ
373	11/20/12	5.55	5.59	5.51	5.54	221600	2.71	2247	帝龙新材	SZ
374	11/19/12	5.43	5.55	5.43	5.55	192500	2.71	2247	帝龙新材	SZ
375	11/16/12	5.5	5.53	5.43	5.49	256800	2.68	2247	帝龙新材	SZ
376	11/15/12	5.47	5.53	5.47	5.47	241300	2.67	2247	帝龙新材	SZ
377	11/14/12	5.49	5.49	5.42	5.47	262100	2.67	2247	帝龙新材	SZ
378	11/13/12	5.51	5.51	5.43	5.43	394000	2.65	2247	帝龙新材	SZ
379	11/12/12	5.57	5.59	5.5	5.53	490900	2.7	2247	帝龙新材	SZ
380	11/9/12	5.51	5.58	5.51	5.53	274800	2.7	2247	帝龙新材	SZ
381	11/8/12	5.64	5.68	5.55	5.55	501600	2.71	2247	帝龙新材	SZ
382	11/7/12	5.69	5.7	5.63	5.66	247600	2.76	2247	帝龙新材	SZ
383	11/6/12	5.76	5.76	5.56	5.68	534400	2.77	2247	帝龙新材	SZ
384	11/5/12	5.8	5.82	5.66	5.74	426900	2.81	2247	帝龙新材	SZ
385	11/2/12	5.8	5.82	5.74	5.79	516000	2.83	2247	帝龙新材	SZ
386	11/1/12	5.74	5.82	5.68	5.78	896700	2.82	2247	帝龙新材	SZ
387	10/31/12	5.76	5.76	5.62	5.7	233300	2.78	2247	帝龙新材	SZ
388	10/30/12	5.64	5.72	5.57	5.69	453700	2.78	2247	帝龙新材	SZ
389	10/29/12	5.64	5.66	5.57	5.63	271900	2.75	2247	帝龙新材	SZ
390	10/26/12	5.69	5.7	5.55	5.6	333700	2.74	2247	帝龙新材	SZ
391	10/25/12	5.68	5.7	5.63	5.66	337800	2.77	2247	帝龙新材	SZ
392	10/24/12	5.68	5.68	5.61	5.67	227900	2.77	2247	帝龙新材	SZ
393	10/23/12	5.76	5.76	5.62	5.63	375000	2.75	2247	帝龙新材	SZ
394	10/22/12	5.7	5.72	5.67	5.72	369900	2.79	2247	帝龙新材	SZ
395	10/19/12	5.79	5.87	5.7	5.71	480000	2.79	2247	帝龙新材	SZ
396	10/18/12	5.68	5.8	5.65	5.79	688400	2.83	2247	帝龙新材	SZ
397	10/17/12	5.72	5.72	5.62	5.68	241800	2.78	2247	帝龙新材	SZ
398	10/16/12	5.62	5.7	5.62	5.66	236600	2.77	2247	帝龙新材	SZ
399	10/15/12	5.66	5.7	5.53	5.66	394300	2.77	2247	帝龙新材	SZ
400	10/12/12	5.61	5.68	5.51	5.6	235000	2.74	2247	帝龙新材	SZ
401	10/11/12	5.7	5.7	5.61	5.62	287500	2.75	2247	帝龙新材	SZ
402	10/10/12	5.7	5.72	5.64	5.72	305900	2.79	2247	帝龙新材	SZ
403	10/9/12	5.6	5.7	5.56	5.67	316900	2.77	2247	帝龙新材	SZ
404	10/8/12	5.6	5.7	5.55	5.59	266100	2.73	2247	帝龙新材	SZ
405	10/5/12	5.7	5.7	5.7	5.7	0	2.78	2247	帝龙新材	SZ
406	10/4/12	5.7	5.7	5.7	5.7	0	2.78	2247	帝龙新材	SZ
407	10/3/12	5.7	5.7	5.7	5.7	0	2.78	2247	帝龙新材	SZ
408	10/2/12	5.7	5.7	5.7	5.7	0	2.78	2247	帝龙新材	SZ
409	10/1/12	5.7	5.7	5.7	5.7	0	2.78	2247	帝龙新材	SZ
410	9/28/12	5.41	5.72	5.34	5.7	629000	2.78	2247	帝龙新材	SZ
411	9/27/12	5.28	5.49	5.28	5.42	307300	2.65	2247	帝龙新材	SZ
412	9/26/12	5.43	5.43	5.26	5.28	236000	2.58	2247	帝龙新材	SZ
413	9/25/12	5.45	5.47	5.28	5.41	145300	2.64	2247	帝龙新材	SZ
414	9/24/12	5.44	5.49	5.31	5.45	158100	2.66	2247	帝龙新材	SZ
415	9/21/12	5.53	5.54	5.48	5.49	311300	2.68	2247	帝龙新材	SZ
416	9/20/12	5.61	5.65	5.47	5.49	436800	2.68	2247	帝龙新材	SZ
417	9/19/12	5.66	5.66	5.6	5.64	440500	2.76	2247	帝龙新材	SZ
418	9/18/12	5.65	5.69	5.6	5.62	342500	2.75	2247	帝龙新材	SZ
419	9/17/12	5.85	5.87	5.65	5.66	966600	2.76	2247	帝龙新材	SZ
420	9/14/12	5.93	5.97	5.89	5.93	682100	2.9	2247	帝龙新材	SZ
421	9/13/12	6	6	5.89	5.91	482500	2.89	2247	帝龙新材	SZ
422	9/12/12	5.91	6	5.9	5.99	607000	2.92	2247	帝龙新材	SZ
423	9/11/12	5.95	5.99	5.89	5.93	1246600	2.9	2247	帝龙新材	SZ
424	9/10/12	6.05	6.09	5.95	5.99	1319600	2.93	2247	帝龙新材	SZ
425	9/7/12	5.93	6.14	5.89	6.03	1929300	2.95	2247	帝龙新材	SZ
426	9/6/12	5.68	6.09	5.65	5.93	2260700	2.89	2247	帝龙新材	SZ
427	9/5/12	5.03	5.68	5.03	5.66	998100	2.76	2247	帝龙新材	SZ
428	9/4/12	5.62	5.66	5.56	5.58	839900	2.73	2247	帝龙新材	SZ
429	9/3/12	5.53	5.68	5.53	5.62	701500	2.75	2247	帝龙新材	SZ
430	8/31/12	5.53	5.61	5.53	5.57	626400	2.72	2247	帝龙新材	SZ
431	8/30/12	5.85	5.91	5.53	5.57	1915800	2.72	2247	帝龙新材	SZ
432	8/29/12	6.49	6.49	5.95	5.97	2295000	2.91	2247	帝龙新材	SZ
433	8/28/12	5.93	5.99	5.85	5.93	548000	2.9	2247	帝龙新材	SZ
434	8/27/12	5.94	5.95	5.89	5.94	334100	2.9	2247	帝龙新材	SZ
435	8/24/12	5.97	6.03	5.89	5.95	911800	2.91	2247	帝龙新材	SZ
436	8/23/12	5.95	6.07	5.95	6.05	804800	2.96	2247	帝龙新材	SZ
437	8/22/12	6.11	6.11	5.98	6.07	1029700	2.97	2247	帝龙新材	SZ
438	8/21/12	5.93	6.12	5.84	6.09	1817400	2.98	2247	帝龙新材	SZ
439	8/20/12	5.85	5.93	5.85	5.93	977800	2.9	2247	帝龙新材	SZ
440	8/17/12	5.72	5.9	5.72	5.85	301600	2.86	2247	帝龙新材	SZ
441	8/16/12	5.8	5.84	5.74	5.8	344300	2.83	2247	帝龙新材	SZ
442	8/15/12	5.75	5.8	5.7	5.79	240000	2.83	2247	帝龙新材	SZ
443	8/14/12	5.72	5.8	5.7	5.79	330700	2.83	2247	帝龙新材	SZ
444	8/13/12	5.9	5.92	5.76	5.76	569800	2.81	2247	帝龙新材	SZ
445	8/10/12	5.93	5.97	5.84	5.9	495800	2.88	2247	帝龙新材	SZ
446	8/9/12	5.86	5.96	5.83	5.96	701600	2.91	2247	帝龙新材	SZ
447	8/8/12	5.95	5.95	5.84	5.9	304700	2.88	2247	帝龙新材	SZ
448	8/7/12	5.93	5.95	5.85	5.95	617600	2.9	2247	帝龙新材	SZ
449	8/6/12	5.69	5.94	5.66	5.89	631800	2.88	2247	帝龙新材	SZ
450	8/3/12	5.63	5.72	5.57	5.7	379400	2.79	2247	帝龙新材	SZ
451	8/2/12	5.66	5.76	5.61	5.62	315300	2.75	2247	帝龙新材	SZ
452	8/1/12	5.61	5.79	5.61	5.72	242900	2.79	2247	帝龙新材	SZ
453	7/31/12	5.75	5.76	5.62	5.64	340200	2.76	2247	帝龙新材	SZ
454	7/30/12	5.84	5.86	5.72	5.76	457000	2.82	2247	帝龙新材	SZ
455	7/27/12	5.9	5.95	5.76	5.84	410200	2.85	2247	帝龙新材	SZ
456	7/26/12	6.07	6.07	5.85	5.85	544800	2.86	2247	帝龙新材	SZ
457	7/25/12	6	6.14	5.94	6.07	873500	2.97	2247	帝龙新材	SZ
458	7/24/12	5.8	6.08	5.55	6.01	969600	2.93	2247	帝龙新材	SZ
459	7/23/12	6.17	6.17	5.89	5.9	928700	2.88	2247	帝龙新材	SZ
460	7/20/12	5.95	6.14	5.91	6.05	1604900	2.96	2247	帝龙新材	SZ
461	7/19/12	5.87	5.98	5.8	5.95	943500	2.91	2247	帝龙新材	SZ
462	7/18/12	5.8	5.86	5.69	5.86	602300	2.87	2247	帝龙新材	SZ
463	7/17/12	5.9	5.95	5.66	5.88	577400	2.87	2247	帝龙新材	SZ
464	7/16/12	5.85	5.99	5.83	5.9	942000	2.88	2247	帝龙新材	SZ
465	7/13/12	5.95	5.99	5.86	5.87	614200	2.87	2247	帝龙新材	SZ
466	7/12/12	5.8	6.03	5.8	6.01	1120100	2.94	2247	帝龙新材	SZ
467	7/11/12	5.68	6.15	5.68	6	1908000	2.93	2247	帝龙新材	SZ
468	7/10/12	5.43	5.62	5.43	5.59	356800	2.73	2247	帝龙新材	SZ
469	7/9/12	5.59	5.64	5.51	5.53	261400	2.7	2247	帝龙新材	SZ
470	7/6/12	5.59	5.62	5.43	5.61	313400	2.74	2247	帝龙新材	SZ
471	7/5/12	5.66	5.66	5.5	5.56	404900	2.72	2247	帝龙新材	SZ
472	7/4/12	5.73	5.79	5.72	5.74	285300	2.8	2247	帝龙新材	SZ
473	7/3/12	5.76	5.76	5.76	5.76	0	2.81	2247	帝龙新材	SZ
474	7/2/12	5.76	5.76	5.71	5.76	327200	2.81	2247	帝龙新材	SZ
475	6/29/12	5.51	5.76	5.51	5.72	299500	2.8	2247	帝龙新材	SZ
476	6/28/12	5.76	5.76	5.63	5.68	473200	2.77	2247	帝龙新材	SZ
477	6/27/12	5.79	5.87	5.76	5.78	227500	2.82	2247	帝龙新材	SZ
478	6/26/12	5.89	5.89	5.75	5.79	322800	2.83	2247	帝龙新材	SZ
479	6/25/12	6	6.14	5.8	5.89	317100	2.88	2247	帝龙新材	SZ
480	6/22/12	6.09	6.09	6.09	6.09	0	2.98	2247	帝龙新材	SZ
481	6/21/12	6.22	6.22	6.06	6.09	278200	2.98	2247	帝龙新材	SZ
482	6/20/12	6.2	6.25	6.14	6.18	273800	3.02	2247	帝龙新材	SZ
483	6/19/12	6.24	6.28	6.14	6.16	315100	3.01	2247	帝龙新材	SZ
484	6/18/12	6.22	6.34	6.22	6.25	450700	3.05	2247	帝龙新材	SZ
485	6/15/12	6.21	6.25	6.18	6.24	292200	3.05	2247	帝龙新材	SZ
486	6/14/12	6.2	6.24	6.15	6.2	360200	3.03	2247	帝龙新材	SZ
487	6/13/12	6.1	6.28	6.1	6.18	404500	3.02	2247	帝龙新材	SZ
488	6/12/12	6.2	6.22	6.11	6.14	212400	3	2247	帝龙新材	SZ
489	6/11/12	6.11	6.26	6.11	6.22	232800	3.04	2247	帝龙新材	SZ
490	6/8/12	6.2	6.2	6.11	6.16	262000	3.01	2247	帝龙新材	SZ
491	6/7/12	6.25	6.25	6.15	6.15	271600	3	2247	帝龙新材	SZ
492	6/6/12	6.3	6.3	6.15	6.18	194100	3.02	2247	帝龙新材	SZ
493	6/5/12	6.24	6.31	6.18	6.2	323300	3.03	2247	帝龙新材	SZ
494	6/4/12	6.27	6.43	6.22	6.24	464300	3.05	2247	帝龙新材	SZ
495	6/1/12	6.5	6.52	6.45	6.49	258300	3.17	2247	帝龙新材	SZ
496	5/31/12	6.41	6.51	6.41	6.49	390100	3.17	2247	帝龙新材	SZ
497	5/30/12	6.57	6.57	6.45	6.47	411100	3.16	2247	帝龙新材	SZ
498	5/29/12	6.41	6.58	6.41	6.5	821200	3.18	2247	帝龙新材	SZ
499	5/28/12	6.25	6.39	6.15	6.39	327400	3.12	2247	帝龙新材	SZ
500	5/25/12	6.38	6.45	6.25	6.25	616200	3.05	2247	帝龙新材	SZ
501	5/24/12	6.57	6.57	6.39	6.4	335500	3.13	2247	帝龙新材	SZ
502	5/23/12	6.51	6.59	6.45	6.47	469400	3.12	2247	帝龙新材	SZ
503	5/22/12	6.55	6.59	6.49	6.57	285400	3.17	2247	帝龙新材	SZ
504	5/21/12	6.5	6.56	6.45	6.53	402000	3.14	2247	帝龙新材	SZ
505	5/18/12	6.53	6.57	6.41	6.45	452700	3.11	2247	帝龙新材	SZ
506	5/17/12	6.43	6.57	6.43	6.54	433100	3.15	2247	帝龙新材	SZ
507	5/16/12	6.8	6.82	6.45	6.45	1351600	3.11	2247	帝龙新材	SZ
508	5/15/12	6.55	6.89	6.36	6.8	2316400	3.28	2247	帝龙新材	SZ
509	5/14/12	6.83	6.84	6.57	6.58	1072600	3.17	2247	帝龙新材	SZ
510	5/11/12	6.75	6.79	6.7	6.76	577800	3.26	2247	帝龙新材	SZ
511	5/10/12	6.75	6.86	6.75	6.75	462600	3.25	2247	帝龙新材	SZ
512	5/9/12	7	7	6.78	6.8	721400	3.27	2247	帝龙新材	SZ
513	5/8/12	6.93	6.98	6.89	6.97	1055400	3.36	2247	帝龙新材	SZ
514	5/7/12	6.84	6.97	6.75	6.97	1218200	3.36	2247	帝龙新材	SZ
515	5/4/12	6.78	6.83	6.67	6.82	807100	3.28	2247	帝龙新材	SZ
516	5/3/12	6.66	6.77	6.62	6.76	725900	3.26	2247	帝龙新材	SZ
517	5/2/12	6.7	6.75	6.64	6.65	623400	3.2	2247	帝龙新材	SZ
518	5/1/12	6.56	6.56	6.56	6.56	0	3.16	2247	帝龙新材	SZ
519	4/30/12	6.56	6.56	6.56	6.56	0	3.16	2247	帝龙新材	SZ
520	4/27/12	6.7	6.71	6.54	6.56	926900	3.16	2247	帝龙新材	SZ
521	4/26/12	6.7	6.82	6.7	6.72	813000	3.24	2247	帝龙新材	SZ
522	4/25/12	6.65	6.82	6.65	6.76	890300	3.26	2247	帝龙新材	SZ
523	4/24/12	6.65	6.78	6.52	6.75	1316000	3.25	2247	帝龙新材	SZ
524	4/23/12	6.8	6.94	6.62	6.66	2184800	3.21	2247	帝龙新材	SZ
525	4/20/12	6.91	7.08	6.91	6.95	1499000	3.35	2247	帝龙新材	SZ
526	4/19/12	7.09	7.1	6.92	6.99	1271900	3.37	2247	帝龙新材	SZ
527	4/18/12	7.01	7.13	6.83	7.1	1964700	3.42	2247	帝龙新材	SZ
528	4/17/12	7.23	7.34	6.99	6.99	2424600	3.37	2247	帝龙新材	SZ
529	4/16/12	7.05	7.34	6.98	7.23	4083100	3.48	2247	帝龙新材	SZ
530	4/13/12	7	7.1	6.95	7.05	1676500	3.4	2247	帝龙新材	SZ
531	4/12/12	6.98	7.12	6.91	6.99	2090600	3.37	2247	帝龙新材	SZ
532	4/11/12	6.83	6.98	6.65	6.98	1941000	3.36	2247	帝龙新材	SZ
533	4/10/12	6.97	6.97	6.53	6.86	2354300	3.3	2247	帝龙新材	SZ
534	4/9/12	7.1	7.22	6.95	6.96	2171800	3.35	2247	帝龙新材	SZ
535	4/6/12	6.88	7.36	6.84	7.1	4531500	3.42	2247	帝龙新材	SZ
536	4/5/12	6.76	7.03	6.55	6.99	4461100	3.37	2247	帝龙新材	SZ
537	4/4/12	6.99	6.99	6.99	6.99	0	3.37	2247	帝龙新材	SZ
538	4/3/12	6.99	6.99	6.99	6.99	0	3.37	2247	帝龙新材	SZ
539	4/2/12	6.99	6.99	6.99	6.99	0	3.37	2247	帝龙新材	SZ
540	3/30/12	6.99	6.99	6.99	6.99	0	3.37	2247	帝龙新材	SZ
541	3/29/12	6.5	7.07	6.5	6.99	5180500	3.37	2247	帝龙新材	SZ
542	3/28/12	6.48	6.6	6.28	6.57	2115100	3.17	2247	帝龙新材	SZ
543	3/27/12	6.54	6.6	6.45	6.5	338900	3.13	2247	帝龙新材	SZ
544	3/26/12	6.53	6.63	6.45	6.47	494200	3.12	2247	帝龙新材	SZ
545	3/23/12	6.68	6.72	6.55	6.57	834900	3.16	2247	帝龙新材	SZ
546	3/22/12	6.65	6.79	6.6	6.72	682600	3.24	2247	帝龙新材	SZ
547	3/21/12	6.8	6.8	6.59	6.72	765700	3.24	2247	帝龙新材	SZ
548	3/20/12	6.95	7.03	6.71	6.74	1250700	3.24	2247	帝龙新材	SZ
549	3/19/12	6.82	7.01	6.8	6.95	1310400	3.35	2247	帝龙新材	SZ
550	3/16/12	6.51	6.82	6.51	6.82	1648500	3.29	2247	帝龙新材	SZ
551	3/15/12	6.51	6.64	6.4	6.54	1747200	3.15	2247	帝龙新材	SZ
552	3/14/12	7.01	7.02	6.51	6.57	2519100	3.17	2247	帝龙新材	SZ
553	3/13/12	6.76	6.98	6.76	6.97	2064300	3.36	2247	帝龙新材	SZ
554	3/12/12	6.66	6.79	6.66	6.78	1393800	3.26	2247	帝龙新材	SZ
555	3/9/12	6.63	6.74	6.63	6.72	1506600	3.24	2247	帝龙新材	SZ
556	3/8/12	6.45	6.68	6.45	6.63	1132700	3.19	2247	帝龙新材	SZ
557	3/7/12	6.4	6.57	6.4	6.46	1149500	3.11	2247	帝龙新材	SZ
558	3/6/12	6.64	6.64	6.47	6.57	1278900	3.16	2247	帝龙新材	SZ
559	3/5/12	6.65	6.72	6.64	6.65	1416800	3.2	2247	帝龙新材	SZ
560	3/2/12	6.51	6.68	6.51	6.64	1345000	3.2	2247	帝龙新材	SZ
561	3/1/12	6.6	6.7	6.16	6.57	1841000	3.17	2247	帝龙新材	SZ
562	2/29/12	6.68	6.82	6.66	6.76	1947000	3.26	2247	帝龙新材	SZ
563	2/28/12	6.68	6.73	6.5	6.65	1340300	3.2	2247	帝龙新材	SZ
564	2/27/12	6.6	6.84	6.6	6.68	2960300	3.22	2247	帝龙新材	SZ
565	2/24/12	6.59	6.68	6.47	6.59	1629700	3.18	2247	帝龙新材	SZ
566	2/23/12	6.51	6.78	6.51	6.59	2549200	3.17	2247	帝龙新材	SZ
567	2/22/12	6.42	6.55	6.38	6.51	1544100	3.13	2247	帝龙新材	SZ
568	2/21/12	6.25	6.43	6.25	6.41	1028500	3.09	2247	帝龙新材	SZ
569	2/20/12	6.37	6.47	6.32	6.32	1406100	3.04	2247	帝龙新材	SZ
570	2/17/12	6.34	6.41	6.2	6.32	865100	3.04	2247	帝龙新材	SZ
571	2/16/12	6.43	6.45	6.28	6.35	1272100	3.06	2247	帝龙新材	SZ
572	2/15/12	6.4	6.47	6.32	6.44	1427300	3.1	2247	帝龙新材	SZ
573	2/14/12	6.51	6.55	6.3	6.39	1809900	3.08	2247	帝龙新材	SZ
574	2/13/12	6.47	6.55	6.29	6.51	3180300	3.14	2247	帝龙新材	SZ
575	2/10/12	6.03	6.61	5.95	6.51	4070300	3.14	2247	帝龙新材	SZ
576	2/9/12	5.93	6.05	5.86	6.01	1032100	2.89	2247	帝龙新材	SZ
577	2/8/12	5.74	5.93	5.72	5.89	590400	2.84	2247	帝龙新材	SZ
578	2/7/12	5.86	5.86	5.71	5.72	749900	2.76	2247	帝龙新材	SZ
579	2/6/12	5.95	5.97	5.88	5.91	1049700	2.85	2247	帝龙新材	SZ
580	2/3/12	5.78	5.91	5.78	5.87	849600	2.83	2247	帝龙新材	SZ
581	2/2/12	5.66	5.79	5.66	5.78	763900	2.78	2247	帝龙新材	SZ
582	2/1/12	5.73	5.76	5.66	5.69	455300	2.74	2247	帝龙新材	SZ
583	1/31/12	5.62	5.74	5.6	5.73	435600	2.76	2247	帝龙新材	SZ
584	1/30/12	5.59	5.95	5.59	5.66	740400	2.73	2247	帝龙新材	SZ
585	1/27/12	5.65	5.65	5.65	5.65	0	2.72	2247	帝龙新材	SZ
586	1/26/12	5.65	5.65	5.65	5.65	0	2.72	2247	帝龙新材	SZ
587	1/25/12	5.65	5.65	5.65	5.65	0	2.72	2247	帝龙新材	SZ
588	1/24/12	5.65	5.65	5.65	5.65	0	2.72	2247	帝龙新材	SZ
589	1/23/12	5.65	5.65	5.65	5.65	0	2.72	2247	帝龙新材	SZ
590	1/20/12	5.63	5.74	5.6	5.65	507200	2.72	2247	帝龙新材	SZ
591	1/19/12	5.47	5.66	5.47	5.62	738000	2.71	2247	帝龙新材	SZ
592	1/18/12	5.68	5.78	5.53	5.58	1009200	2.69	2247	帝龙新材	SZ
593	1/17/12	5.31	5.62	5.31	5.6	1132600	2.7	2247	帝龙新材	SZ
594	1/16/12	5.5	5.5	5.3	5.3	369200	2.55	2247	帝龙新材	SZ
595	1/13/12	5.6	5.75	5.44	5.5	1119200	2.65	2247	帝龙新材	SZ
596	1/12/12	6.14	6.14	5.62	5.76	1235400	2.77	2247	帝龙新材	SZ
597	1/11/12	5.7	5.78	5.64	5.69	1102900	2.74	2247	帝龙新材	SZ
598	1/10/12	5.42	5.77	5.42	5.64	1104300	2.72	2247	帝龙新材	SZ
599	1/9/12	5.2	5.45	5.2	5.42	592100	2.61	2247	帝龙新材	SZ
600	1/6/12	5.1	5.22	5	5.2	517700	2.51	2247	帝龙新材	SZ
601	1/5/12	5.44	5.49	5.1	5.1	828300	2.46	2247	帝龙新材	SZ
602	1/4/12	5.7	5.71	5.44	5.44	1011900	2.62	2247	帝龙新材	SZ
603	1/3/12	5.49	5.78	5.41	5.65	1248000	2.72	2247	帝龙新材	SZ
604	1/2/12	5.49	5.78	5.41	5.65	1248000	2.72	2247	帝龙新材	SZ
605	12/30/11	5.49	5.78	5.41	5.65	1248000	2.72	2247	帝龙新材	SZ
606	12/29/11	5.22	5.49	5.22	5.41	770600	2.61	2247	帝龙新材	SZ
607	12/28/11	5.51	5.6	5.24	5.36	963700	2.58	2247	帝龙新材	SZ
608	12/27/11	5.75	5.77	5.51	5.51	446800	2.66	2247	帝龙新材	SZ
609	12/26/11	5.74	5.86	5.7	5.8	391500	2.79	2247	帝龙新材	SZ
610	12/23/11	5.69	5.89	5.62	5.79	912100	2.79	2247	帝龙新材	SZ
611	12/22/11	5.69	5.69	5.69	5.69	0	2.74	2247	帝龙新材	SZ
612	12/21/11	5.88	5.97	5.66	5.69	705700	2.74	2247	帝龙新材	SZ
613	12/20/11	5.8	6.09	5.8	5.88	1134200	2.83	2247	帝龙新材	SZ
614	12/19/11	5.79	5.82	5.66	5.8	690900	2.8	2247	帝龙新材	SZ
615	12/16/11	5.75	5.84	5.62	5.84	742900	2.81	2247	帝龙新材	SZ
616	12/15/11	5.8	5.82	5.62	5.68	786900	2.74	2247	帝龙新材	SZ
617	12/14/11	5.93	5.97	5.83	5.85	694200	2.82	2247	帝龙新材	SZ
618	12/13/11	6.19	6.2	5.7	5.91	2054800	2.84	2247	帝龙新材	SZ
619	12/12/11	6.72	6.74	6.16	6.27	2187900	3.02	2247	帝龙新材	SZ
620	12/9/11	6.8	6.8	6.7	6.7	389800	3.23	2247	帝龙新材	SZ
621	12/8/11	6.85	6.87	6.61	6.84	858700	3.3	2247	帝龙新材	SZ
622	12/7/11	6.82	7.24	6.8	6.86	1326600	3.31	2247	帝龙新材	SZ
623	12/6/11	7.12	7.12	7.12	7.12	0	3.43	2247	帝龙新材	SZ
624	12/5/11	7.12	7.12	7.12	7.12	0	3.43	2247	帝龙新材	SZ
625	12/2/11	7.12	7.12	7.12	7.12	0	3.43	2247	帝龙新材	SZ
626	12/1/11	7.19	7.25	7.1	7.12	1587400	3.43	2247	帝龙新材	SZ
627	11/30/11	7.4	7.42	6.94	7.01	2037400	3.38	2247	帝龙新材	SZ
628	11/29/11	7.35	7.45	7.31	7.44	1241200	3.58	2247	帝龙新材	SZ
629	11/28/11	7.5	7.55	7.25	7.28	1839000	3.51	2247	帝龙新材	SZ
630	11/25/11	7.8	7.87	7.45	7.45	2826800	3.59	2247	帝龙新材	SZ
631	11/24/11	8.02	8.14	7.76	7.84	2904000	3.77	2247	帝龙新材	SZ
632	11/23/11	8.19	8.34	8	8.12	5841300	3.91	2247	帝龙新材	SZ
633	11/22/11	8.15	8.35	7.97	8.31	6597200	4	2247	帝龙新材	SZ
634	11/21/11	7.78	8.32	7.57	8.3	5273400	4	2247	帝龙新材	SZ
635	11/18/11	7.66	7.7	7.44	7.7	1656200	3.71	2247	帝龙新材	SZ
636	11/17/11	7.75	7.78	7.61	7.7	811500	3.71	2247	帝龙新材	SZ
637	11/16/11	7.97	8.06	7.63	7.66	1567100	3.69	2247	帝龙新材	SZ
638	11/15/11	7.92	8.07	7.83	7.97	1834600	3.84	2247	帝龙新材	SZ
639	11/14/11	7.76	7.93	7.76	7.89	1806100	3.8	2247	帝龙新材	SZ
640	11/11/11	7.76	7.89	7.72	7.72	1545000	3.72	2247	帝龙新材	SZ
641	11/10/11	7.62	7.88	7.62	7.78	2140000	3.75	2247	帝龙新材	SZ
642	11/9/11	7.68	7.75	7.55	7.75	1435400	3.73	2247	帝龙新材	SZ
643	11/8/11	7.8	7.8	7.55	7.59	1331800	3.66	2247	帝龙新材	SZ
644	11/7/11	7.66	7.8	7.62	7.74	1719700	3.73	2247	帝龙新材	SZ
645	11/4/11	7.72	7.83	7.66	7.7	2574300	3.71	2247	帝龙新材	SZ
646	11/3/11	7.94	8.2	7.76	7.76	4673000	3.74	2247	帝龙新材	SZ
647	11/2/11	7.6	8.16	7.49	7.97	7521800	3.84	2247	帝龙新材	SZ
648	11/1/11	7.05	7.74	6.93	7.74	4748200	3.73	2247	帝龙新材	SZ
649	10/31/11	7.12	7.12	7	7.03	564200	3.39	2247	帝龙新材	SZ
650	10/28/11	6.97	7.04	6.9	7.04	910900	3.39	2247	帝龙新材	SZ
651	10/27/11	6.9	6.97	6.8	6.82	532400	3.28	2247	帝龙新材	SZ
652	10/26/11	6.76	6.98	6.76	6.86	690100	3.3	2247	帝龙新材	SZ
653	10/25/11	6.55	6.86	6.55	6.86	807700	3.3	2247	帝龙新材	SZ
654	10/24/11	6.59	6.7	6.49	6.69	391800	3.22	2247	帝龙新材	SZ
655	10/21/11	6.75	6.75	6.55	6.57	248300	3.17	2247	帝龙新材	SZ
656	10/20/11	6.78	6.89	6.52	6.61	480600	3.18	2247	帝龙新材	SZ
657	10/19/11	6.8	6.94	6.8	6.85	305900	3.3	2247	帝龙新材	SZ
658	10/18/11	7.09	7.09	6.85	6.86	589200	3.31	2247	帝龙新材	SZ
659	10/17/11	7.13	7.13	7.05	7.1	542200	3.42	2247	帝龙新材	SZ
660	10/14/11	7.01	7.14	7.01	7.05	492900	3.4	2247	帝龙新材	SZ
661	10/13/11	6.96	7.16	6.96	7.1	697100	3.42	2247	帝龙新材	SZ
662	10/12/11	6.72	7.01	6.7	7	659800	3.37	2247	帝龙新材	SZ
663	10/11/11	7.07	7.09	6.74	6.76	489500	3.25	2247	帝龙新材	SZ
664	10/10/11	7.09	7.09	6.82	6.84	254700	3.3	2247	帝龙新材	SZ
665	9/30/11	6.89	7.11	6.69	6.91	510400	3.33	2247	帝龙新材	SZ
666	9/29/11	7.38	7.38	6.89	6.89	1485200	3.32	2247	帝龙新材	SZ
667	9/28/11	7.45	7.73	7.38	7.45	1379500	3.59	2247	帝龙新材	SZ
668	9/27/11	7.39	7.49	7.3	7.39	373100	3.56	2247	帝龙新材	SZ
669	9/26/11	7.36	7.59	7.36	7.37	557400	3.55	2247	帝龙新材	SZ
670	9/23/11	7.25	7.45	7.2	7.41	371600	3.57	2247	帝龙新材	SZ
671	9/22/11	7.6	7.68	7.39	7.39	651500	3.56	2247	帝龙新材	SZ
672	9/21/11	7.51	7.71	7.45	7.68	732700	3.7	2247	帝龙新材	SZ
673	9/20/11	7.35	7.53	7.35	7.45	437500	3.59	2247	帝龙新材	SZ
674	9/19/11	7.5	7.5	7.33	7.35	547300	3.54	2247	帝龙新材	SZ
675	9/16/11	7.57	7.57	7.5	7.5	481500	3.61	2247	帝龙新材	SZ
676	9/15/11	7.55	7.6	7.51	7.51	513200	3.62	2247	帝龙新材	SZ
677	9/14/11	7.43	7.59	7.37	7.53	591000	3.63	2247	帝龙新材	SZ
678	9/13/11	7.57	7.57	7.32	7.43	572600	3.58	2247	帝龙新材	SZ
679	9/9/11	7.76	7.76	7.57	7.63	596700	3.68	2247	帝龙新材	SZ
680	9/8/11	7.76	7.88	7.66	7.66	763600	3.69	2247	帝龙新材	SZ
681	9/7/11	7.57	7.77	7.57	7.74	677200	3.73	2247	帝龙新材	SZ
682	9/6/11	7.6	7.69	7.47	7.55	554200	3.63	2247	帝龙新材	SZ
683	9/5/11	7.74	7.78	7.65	7.65	705500	3.69	2247	帝龙新材	SZ
684	9/2/11	7.95	7.99	7.8	7.9	1187100	3.81	2247	帝龙新材	SZ
685	9/1/11	7.91	8.07	7.86	7.9	960900	3.81	2247	帝龙新材	SZ
686	8/31/11	8.2	8.2	7.9	7.93	1503700	3.82	2247	帝龙新材	SZ
687	8/30/11	8.27	8.39	8.19	8.19	2818200	3.95	2247	帝龙新材	SZ
688	8/29/11	8.27	8.27	8.13	8.23	1293000	3.96	2247	帝龙新材	SZ
689	8/26/11	8.4	8.43	8.28	8.32	1264100	4.01	2247	帝龙新材	SZ
690	8/25/11	8.39	8.48	8.26	8.4	2182900	4.04	2247	帝龙新材	SZ
691	8/24/11	8.4	8.6	8.35	8.39	1154600	4.04	2247	帝龙新材	SZ
692	8/23/11	8.31	8.38	8.2	8.35	734300	4.02	2247	帝龙新材	SZ
693	8/22/11	8.01	8.41	8.01	8.19	771300	3.95	2247	帝龙新材	SZ
694	8/19/11	7.99	8.49	7.88	8.23	1125100	3.96	2247	帝龙新材	SZ
695	8/18/11	8.53	8.6	8.13	8.19	1287900	3.95	2247	帝龙新材	SZ
696	8/17/11	8.51	8.74	8.51	8.56	2070700	4.12	2247	帝龙新材	SZ
697	8/16/11	8.4	8.75	8.4	8.59	2744200	4.14	2247	帝龙新材	SZ
698	8/15/11	8.08	8.67	8.08	8.5	4213600	4.1	2247	帝龙新材	SZ
699	8/12/11	7.84	8.15	7.8	8.01	2191400	3.86	2247	帝龙新材	SZ
700	8/11/11	7.46	7.75	7.2	7.74	1588800	3.73	2247	帝龙新材	SZ
701	8/10/11	7.6	7.82	7.6	7.68	1569300	3.7	2247	帝龙新材	SZ
702	8/9/11	7.41	7.57	7	7.48	1937300	3.6	2247	帝龙新材	SZ
703	8/8/11	8.12	8.28	7.45	7.59	2230900	3.66	2247	帝龙新材	SZ
704	8/5/11	8.35	8.47	8.12	8.28	1464700	3.99	2247	帝龙新材	SZ
705	8/4/11	8.63	8.73	8.56	8.64	1214100	4.16	2247	帝龙新材	SZ
706	8/3/11	8.59	8.76	8.53	8.6	1200000	4.15	2247	帝龙新材	SZ
707	8/2/11	8.81	8.81	8.53	8.6	1800400	4.14	2247	帝龙新材	SZ
708	8/1/11	8.69	9.02	8.69	8.83	1396900	4.25	2247	帝龙新材	SZ
709	7/29/11	8.85	8.94	8.7	8.73	1527200	4.21	2247	帝龙新材	SZ
710	7/28/11	8.81	9.17	8.68	8.93	2437000	4.3	2247	帝龙新材	SZ
711	7/27/11	8.98	8.98	8.75	8.9	1682800	4.29	2247	帝龙新材	SZ
712	7/26/11	8.51	9.24	8.51	8.92	2798700	4.3	2247	帝龙新材	SZ
713	7/25/11	9.24	9.24	8.56	8.59	3788700	4.14	2247	帝龙新材	SZ
714	7/22/11	9.43	9.7	9.16	9.34	2759700	4.5	2247	帝龙新材	SZ
715	7/21/11	9.74	9.84	9.35	9.42	4358700	4.54	2247	帝龙新材	SZ
716	7/20/11	9.85	10.34	9.65	9.88	8115200	4.76	2247	帝龙新材	SZ
717	7/19/11	9.52	10.44	9.29	10.4	10635300	5.01	2247	帝龙新材	SZ
718	7/18/11	9.46	9.63	9.36	9.54	3296800	4.6	2247	帝龙新材	SZ
719	7/15/11	9.4	9.55	9.32	9.45	2812500	4.56	2247	帝龙新材	SZ
720	7/14/11	9.3	9.4	9.28	9.37	1971600	4.51	2247	帝龙新材	SZ
721	7/13/11	9.12	9.39	9.11	9.35	2275300	4.5	2247	帝龙新材	SZ
722	7/12/11	9.09	9.31	9.02	9.14	2452600	4.4	2247	帝龙新材	SZ
723	7/11/11	9.18	9.2	8.91	9.17	3308200	4.42	2247	帝龙新材	SZ
724	7/8/11	9.36	9.4	9.12	9.18	1880300	4.42	2247	帝龙新材	SZ
725	7/7/11	9.3	9.41	9.26	9.35	1747000	4.5	2247	帝龙新材	SZ
726	7/6/11	9.36	9.47	9.2	9.35	2916900	4.5	2247	帝龙新材	SZ
727	7/5/11	9.36	9.56	9.36	9.48	2727600	4.56	2247	帝龙新材	SZ
728	7/4/11	9.25	9.5	9.25	9.48	4148900	4.56	2247	帝龙新材	SZ
729	7/1/11	9.85	9.86	9.35	9.39	8736800	4.52	2247	帝龙新材	SZ
730	6/30/11	8.7	9.55	8.7	9.55	4968800	4.6	2247	帝龙新材	SZ
731	6/29/11	8.9	9.09	8.68	8.68	1478400	4.18	2247	帝龙新材	SZ
732	6/28/11	9.09	9.09	8.87	8.98	1685400	4.33	2247	帝龙新材	SZ
733	6/27/11	9.01	9.09	8.86	9.05	2318600	4.36	2247	帝龙新材	SZ
734	6/24/11	9.05	9.14	8.85	8.98	3391000	4.33	2247	帝龙新材	SZ
735	6/23/11	8.99	9.3	8.85	9.15	2688900	4.28	2247	帝龙新材	SZ
736	6/22/11	9.1	9.1	8.82	8.97	2599300	4.19	2247	帝龙新材	SZ
737	6/21/11	8.7	9.48	8.64	9.22	5952800	4.31	2247	帝龙新材	SZ
738	6/20/11	8.08	8.81	8.03	8.79	3492100	4.11	2247	帝龙新材	SZ
739	6/17/11	8.32	8.32	8.02	8.24	1271600	3.85	2247	帝龙新材	SZ
740	6/16/11	7.76	8.3	7.76	8.25	950600	3.86	2247	帝龙新材	SZ
741	6/15/11	8.02	8.1	8.01	8.06	790300	3.77	2247	帝龙新材	SZ
742	6/14/11	7.86	8.05	7.82	8.02	527900	3.75	2247	帝龙新材	SZ
743	6/13/11	7.95	7.95	7.67	7.83	540300	3.66	2247	帝龙新材	SZ
744	6/10/11	8.11	8.11	7.75	7.93	744500	3.71	2247	帝龙新材	SZ
745	6/9/11	8.35	8.5	8.05	8.11	877000	3.79	2247	帝龙新材	SZ
746	6/8/11	8.2	8.44	8.2	8.41	964800	3.93	2247	帝龙新材	SZ
747	6/7/11	8.19	8.33	8.09	8.31	658700	3.88	2247	帝龙新材	SZ
748	6/3/11	8.07	8.25	8.07	8.19	495500	3.83	2247	帝龙新材	SZ
749	6/2/11	8.25	8.25	7.97	8.06	732600	3.77	2247	帝龙新材	SZ
750	6/1/11	8.24	8.3	8.15	8.27	555200	3.87	2247	帝龙新材	SZ
751	5/31/11	7.99	8.19	7.99	8.16	676000	3.82	2247	帝龙新材	SZ
752	5/30/11	8.11	8.15	7.84	7.97	610100	3.72	2247	帝龙新材	SZ
753	5/27/11	8.31	8.38	8.02	8.09	712700	3.78	2247	帝龙新材	SZ
754	5/26/11	8.57	8.69	8.3	8.31	793600	3.89	2247	帝龙新材	SZ
755	5/25/11	8.72	8.72	8.51	8.54	662500	3.99	2247	帝龙新材	SZ
756	5/24/11	8.95	8.99	8.4	8.72	978800	4.07	2247	帝龙新材	SZ
757	5/23/11	9.48	9.48	8.9	8.92	1174000	4.17	2247	帝龙新材	SZ
758	5/20/11	9.5	9.65	9.4	9.48	850100	4.43	2247	帝龙新材	SZ
759	5/19/11	9.52	9.9	9.5	9.56	1614800	4.47	2247	帝龙新材	SZ
760	5/18/11	9.5	9.6	9.4	9.48	1100700	4.43	2247	帝龙新材	SZ
761	5/17/11	9.56	9.65	9.45	9.52	1888400	4.45	2247	帝龙新材	SZ
762	5/16/11	8.97	9.69	8.97	9.56	3588500	4.47	2247	帝龙新材	SZ
763	5/13/11	8.94	9.06	8.94	9.05	621900	4.23	2247	帝龙新材	SZ
764	5/12/11	9.14	9.14	8.9	8.94	1389800	4.18	2247	帝龙新材	SZ
765	5/11/11	9.21	9.24	9.1	9.18	719400	4.29	2247	帝龙新材	SZ
766	5/10/11	9.06	9.24	9.01	9.21	1148200	4.31	2247	帝龙新材	SZ
767	5/9/11	9.09	9.25	9.04	9.06	1200200	4.23	2247	帝龙新材	SZ
768	5/6/11	9	9.15	8.85	9.1	937500	4.25	2247	帝龙新材	SZ
769	5/5/11	8.91	8.99	8.84	8.99	909600	4.21	2247	帝龙新材	SZ
770	5/4/11	9.09	9.1	8.85	8.92	1599100	4.17	2247	帝龙新材	SZ
771	5/3/11	9.49	9.49	8.83	9.17	3629600	4.29	2247	帝龙新材	SZ
772	4/28/11	10.38	10.4	9.34	9.34	4532900	4.36	2247	帝龙新材	SZ
773	4/27/11	10.27	10.46	10.27	10.37	1000500	4.85	2247	帝龙新材	SZ
774	4/26/11	10.25	10.32	10.2	10.31	865800	4.82	2247	帝龙新材	SZ
775	4/25/11	10.45	10.53	10.25	10.25	1043700	4.79	2247	帝龙新材	SZ
776	4/22/11	10.66	10.66	10.35	10.45	1339600	4.89	2247	帝龙新材	SZ
777	4/21/11	10.68	10.72	10.55	10.61	1639900	4.96	2247	帝龙新材	SZ
778	4/20/11	10.45	10.69	10.31	10.65	1799700	4.98	2247	帝龙新材	SZ
779	4/19/11	10.28	10.5	10.06	10.45	1810600	4.89	2247	帝龙新材	SZ
780	4/18/11	10.5	10.6	10.23	10.3	2635200	4.82	2247	帝龙新材	SZ
781	4/15/11	10.77	10.77	10.48	10.52	2070000	4.92	2247	帝龙新材	SZ
782	4/14/11	10.81	10.84	10.65	10.77	1887900	5.04	2247	帝龙新材	SZ
783	4/13/11	10.84	10.85	10.59	10.78	1662000	5.04	2247	帝龙新材	SZ
784	4/12/11	10.9	10.99	10.74	10.84	1470800	5.07	2247	帝龙新材	SZ
785	4/11/11	11.34	11.34	10.84	10.85	3344800	5.07	2247	帝龙新材	SZ
786	4/8/11	10.65	11.27	10.65	11.25	3996200	5.26	2247	帝龙新材	SZ
787	4/7/11	10.69	10.83	10.63	10.74	2809400	5.02	2247	帝龙新材	SZ
788	4/6/11	10.9	10.9	10.53	10.63	2406200	4.97	2247	帝龙新材	SZ
789	4/1/11	10.79	10.99	10.73	10.9	4885600	5.1	2247	帝龙新材	SZ
790	3/31/11	11.2	11.4	10.7	10.77	3439100	5.04	2247	帝龙新材	SZ
791	3/30/11	11.72	11.85	11.03	11.15	3571600	5.21	2247	帝龙新材	SZ
792	3/29/11	12.48	12.48	11.55	11.66	4171500	5.45	2247	帝龙新材	SZ
793	3/28/11	12.8	12.9	12.38	12.48	3879300	5.84	2247	帝龙新材	SZ
794	3/25/11	12.7	13.22	12.44	12.83	5101700	6	2247	帝龙新材	SZ
795	3/24/11	12.8	12.9	12.59	12.7	2636200	5.94	2247	帝龙新材	SZ
796	3/23/11	12.65	12.85	12.3	12.81	3564100	5.99	2247	帝龙新材	SZ
797	3/22/11	13.15	13.15	12.6	12.65	4062900	5.91	2247	帝龙新材	SZ
798	3/21/11	13.4	13.5	12.68	13.19	8089900	6.17	2247	帝龙新材	SZ
799	3/18/11	12.89	13.91	12.89	13.58	10421600	6.35	2247	帝龙新材	SZ
800	3/17/11	13.08	13.23	12.82	12.85	3710100	6.01	2247	帝龙新材	SZ
801	3/16/11	12.99	13.4	12.71	13.25	8552000	6.2	2247	帝龙新材	SZ
802	3/15/11	13.04	13.5	12.85	13.03	9134900	6.09	2247	帝龙新材	SZ
803	3/14/11	12.65	13.25	12.6	13.03	7742000	6.09	2247	帝龙新材	SZ
804	3/11/11	12.05	12.95	12	12.73	7609600	5.95	2247	帝龙新材	SZ
805	3/10/11	11.83	12.2	11.73	12.05	3933300	5.63	2247	帝龙新材	SZ
806	3/9/11	11.6	11.85	11.55	11.82	3569800	5.53	2247	帝龙新材	SZ
807	3/8/11	11.74	11.85	11.4	11.59	2552800	5.42	2247	帝龙新材	SZ
808	3/7/11	11.34	12	11.34	11.75	3522200	5.49	2247	帝龙新材	SZ
809	3/4/11	11.2	11.38	11.1	11.34	878100	5.3	2247	帝龙新材	SZ
810	3/3/11	11.35	11.49	11.2	11.26	1113100	5.26	2247	帝龙新材	SZ
811	3/2/11	11.4	11.4	11.15	11.35	1024300	5.3	2247	帝龙新材	SZ
812	3/1/11	11.73	11.73	11.4	11.44	1549500	5.35	2247	帝龙新材	SZ
813	2/28/11	11.4	11.57	11.25	11.57	2037000	5.41	2247	帝龙新材	SZ
814	2/25/11	11.67	11.73	11.09	11.4	2994500	5.33	2247	帝龙新材	SZ
815	2/24/11	11.85	12.1	11.7	11.77	2215100	5.51	2247	帝龙新材	SZ
816	2/23/11	11.87	11.99	11.68	11.85	3524300	5.54	2247	帝龙新材	SZ
817	2/22/11	11.65	12.15	11.41	11.9	7322900	5.56	2247	帝龙新材	SZ
818	2/21/11	11.14	11.62	11.14	11.4	4336700	5.33	2247	帝龙新材	SZ
819	2/18/11	11.35	11.4	11.02	11.06	1832200	5.17	2247	帝龙新材	SZ
820	2/17/11	11.13	11.48	10.94	11.4	2864600	5.33	2247	帝龙新材	SZ
821	2/16/11	11	11.12	10.88	11.12	2088200	5.2	2247	帝龙新材	SZ
822	2/15/11	11.03	11.23	10.96	10.98	2148600	5.13	2247	帝龙新材	SZ
823	2/14/11	10.93	11.16	10.73	11.1	3182000	5.19	2247	帝龙新材	SZ
824	2/11/11	10.85	11.49	10.68	11.06	4986300	5.17	2247	帝龙新材	SZ
825	2/10/11	10.28	10.49	9.93	10.48	1333200	4.9	2247	帝龙新材	SZ
826	2/9/11	10.62	10.73	10.15	10.28	891100	4.81	2247	帝龙新材	SZ
827	2/1/11	10.59	10.89	10.52	10.62	830800	4.97	2247	帝龙新材	SZ
828	1/31/11	10.24	10.75	10.01	10.65	1380400	4.98	2247	帝龙新材	SZ
829	1/28/11	9.98	10.07	9.85	10.07	551700	4.71	2247	帝龙新材	SZ
830	1/27/11	9.79	9.94	9.56	9.86	654600	4.61	2247	帝龙新材	SZ
831	1/26/11	9.56	10.04	9.55	9.8	1351700	4.58	2247	帝龙新材	SZ
832	1/25/11	10.05	10.05	9.31	9.6	1254000	4.49	2247	帝龙新材	SZ
833	1/24/11	10.74	10.74	10.06	10.06	943700	4.7	2247	帝龙新材	SZ
834	1/21/11	10.75	10.99	10.58	10.58	950000	4.95	2247	帝龙新材	SZ
835	1/20/11	11.26	11.26	10.81	10.82	711900	5.06	2247	帝龙新材	SZ
836	1/19/11	11.21	11.3	10.8	11.25	803900	5.26	2247	帝龙新材	SZ
837	1/18/11	11.4	11.4	10.85	10.97	852200	5.13	2247	帝龙新材	SZ
838	1/17/11	12.09	12.09	11.04	11.07	1290800	5.18	2247	帝龙新材	SZ
839	1/14/11	12.25	12.25	12	12.11	1314600	5.66	2247	帝龙新材	SZ
840	1/13/11	11.8	12.27	11.75	12.23	1330000	5.72	2247	帝龙新材	SZ
841	1/12/11	11.75	11.98	11.52	11.75	711800	5.49	2247	帝龙新材	SZ
842	1/11/11	12.18	12.18	11.64	11.7	2468900	5.47	2247	帝龙新材	SZ
843	1/10/11	12.15	12.35	12.01	12.23	1733800	5.72	2247	帝龙新材	SZ
844	1/7/11	12.5	12.5	12.15	12.25	2294600	5.73	2247	帝龙新材	SZ
845	1/6/11	12.86	12.98	12.32	12.5	2265500	5.84	2247	帝龙新材	SZ
846	1/5/11	12.96	12.96	12.76	12.86	1388500	6.01	2247	帝龙新材	SZ
847	1/4/11	12.79	13.13	12.75	12.95	1930600	6.05	2247	帝龙新材	SZ
848	12/31/10	12.5	12.73	12.5	12.65	1622900	5.91	2247	帝龙新材	SZ
849	12/30/10	12.55	12.58	12.31	12.49	1112600	5.84	2247	帝龙新材	SZ
850	12/29/10	12.32	12.64	12.3	12.54	1013300	5.86	2247	帝龙新材	SZ
851	12/28/10	12.3	12.69	12.08	12.31	2302900	5.75	2247	帝龙新材	SZ
852	12/27/10	12.65	13.17	12.2	12.3	5193000	5.75	2247	帝龙新材	SZ
853	12/24/10	13	13.1	12.57	12.63	2162800	5.91	2247	帝龙新材	SZ
854	12/23/10	13.52	13.54	12.78	12.99	2645600	6.08	2247	帝龙新材	SZ
855	12/22/10	13.98	13.98	13.39	13.48	4547100	6.3	2247	帝龙新材	SZ
856	12/21/10	14.09	14.25	13.81	13.94	3915000	6.52	2247	帝龙新材	SZ
857	12/20/10	14.12	14.5	13.66	14.07	4489100	6.58	2247	帝龙新材	SZ
858	12/17/10	14.23	14.35	13.9	14.12	4098400	6.6	2247	帝龙新材	SZ
859	12/16/10	14.15	14.4	13.88	14.15	4863200	6.62	2247	帝龙新材	SZ
860	12/15/10	13.52	14.64	13.52	14.25	10677300	6.66	2247	帝龙新材	SZ
861	12/14/10	13.31	13.75	13.26	13.53	5421900	6.33	2247	帝龙新材	SZ
862	12/13/10	13.14	13.8	12.85	13.48	8009200	6.3	2247	帝龙新材	SZ
863	12/10/10	12.66	13.05	11.99	12.97	6724100	6.06	2247	帝龙新材	SZ
864	12/9/10	13.07	13.21	12.68	12.68	1658600	5.93	2247	帝龙新材	SZ
865	12/8/10	13.52	13.65	13.02	13.23	1897200	6.19	2247	帝龙新材	SZ
866	12/7/10	13.06	13.61	12.77	13.52	1811200	6.32	2247	帝龙新材	SZ
867	12/6/10	13.27	14.12	13.25	13.4	2418700	6.27	2247	帝龙新材	SZ
868	12/3/10	13.61	13.83	13.25	13.27	1574900	6.21	2247	帝龙新材	SZ
869	12/2/10	13.9	14.05	13.63	13.68	1592300	6.39	2247	帝龙新材	SZ
870	12/1/10	13.49	13.94	13.26	13.81	2260600	6.45	2247	帝龙新材	SZ
871	11/30/10	14.02	14.22	12.9	13.55	4350100	6.33	2247	帝龙新材	SZ
872	11/29/10	13.95	14.69	13.95	14.1	7751800	6.59	2247	帝龙新材	SZ
873	11/26/10	13.02	13.98	13.02	13.9	4762100	6.5	2247	帝龙新材	SZ
874	11/25/10	13.4	13.65	13.14	13.15	2494300	6.15	2247	帝龙新材	SZ
875	11/24/10	13	13.4	13	13.4	2486200	6.27	2247	帝龙新材	SZ
876	11/23/10	13	13.27	12.85	13.12	2359100	6.13	2247	帝龙新材	SZ
877	11/22/10	12.49	13.34	12.3	13.19	6285000	6.17	2247	帝龙新材	SZ
878	11/19/10	12.23	12.6	11.76	12.52	2553100	5.85	2247	帝龙新材	SZ
879	11/18/10	12.5	12.65	12.02	12.22	1756500	5.71	2247	帝龙新材	SZ
880	11/17/10	13.02	13.05	12.25	12.37	2929000	5.78	2247	帝龙新材	SZ
881	11/16/10	12.7	13.49	12.39	13.02	5695000	6.09	2247	帝龙新材	SZ
882	11/15/10	12.15	12.53	12.1	12.5	2425900	5.84	2247	帝龙新材	SZ
883	11/12/10	13.26	13.44	11.93	12.15	4759300	5.68	2247	帝龙新材	SZ
884	11/11/10	13.59	13.76	13.2	13.25	3555300	6.2	2247	帝龙新材	SZ
885	11/10/10	13.35	13.94	13.09	13.57	5231300	6.35	2247	帝龙新材	SZ
886	11/9/10	12.82	14	12.82	13.44	8109100	6.28	2247	帝龙新材	SZ
887	11/8/10	12.73	12.8	12.64	12.76	4454800	5.97	2247	帝龙新材	SZ
888	11/5/10	12.65	12.85	12.6	12.69	3962100	5.93	2247	帝龙新材	SZ
889	11/4/10	12.8	12.9	12.6	12.73	2925900	5.95	2247	帝龙新材	SZ
890	11/3/10	12.65	13	12.6	12.66	3863700	5.92	2247	帝龙新材	SZ
891	11/2/10	13.15	13.9	12.6	12.82	5367300	6	2247	帝龙新材	SZ
892	11/1/10	12.65	13.19	12.54	13.15	5957100	6.15	2247	帝龙新材	SZ
893	10/29/10	11.81	13.05	11.61	12.75	7188700	5.96	2247	帝龙新材	SZ
894	10/28/10	11.81	12.38	11.61	12.33	8051100	5.77	2247	帝龙新材	SZ
895	10/27/10	11.77	11.82	11.56	11.74	5392000	5.49	2247	帝龙新材	SZ
896	10/26/10	11.93	11.93	11.6	11.8	4316400	5.52	2247	帝龙新材	SZ
897	10/25/10	11.78	11.99	11.51	11.85	5498300	5.54	2247	帝龙新材	SZ
898	10/22/10	11.61	11.95	11.55	11.68	4306800	5.46	2247	帝龙新材	SZ
899	10/21/10	11.65	11.78	11.35	11.61	4580800	5.43	2247	帝龙新材	SZ
900	10/20/10	11.19	11.9	11.18	11.73	7861600	5.49	2247	帝龙新材	SZ
901	10/19/10	11.01	11.8	10.88	11.56	8713000	5.41	2247	帝龙新材	SZ
902	10/18/10	10.75	11.29	10.15	11.01	8348200	5.15	2247	帝龙新材	SZ
903	10/15/10	10.74	11.1	10.56	10.78	8419900	5.04	2247	帝龙新材	SZ
904	10/14/10	10.3	11.18	10.09	11.06	11069800	5.17	2247	帝龙新材	SZ
905	10/13/10	10.02	10.35	10.01	10.19	6287300	4.76	2247	帝龙新材	SZ
906	10/12/10	9.77	10.02	9.6	10.02	5070400	4.68	2247	帝龙新材	SZ
907	10/11/10	10.29	10.4	9.76	9.8	8473400	4.58	2247	帝龙新材	SZ
908	10/8/10	10.02	10.27	9.82	10.16	6803500	4.75	2247	帝龙新材	SZ
909	9/30/10	9.94	10.16	9.78	10	5865500	4.68	2247	帝龙新材	SZ
910	9/29/10	9.92	10.44	9.76	10.15	15036000	4.74	2247	帝龙新材	SZ
911	9/28/10	9.45	10.09	9.4	10	11274800	4.68	2247	帝龙新材	SZ
912	9/27/10	9.08	9.48	9.07	9.45	3412900	4.42	2247	帝龙新材	SZ
913	9/21/10	8.93	9.07	8.76	9.07	1705700	4.24	2247	帝龙新材	SZ
914	9/20/10	9.01	9.08	8.85	8.85	1836500	4.14	2247	帝龙新材	SZ
915	9/16/10	9.28	9.3	8.94	9.05	2741900	4.23	2247	帝龙新材	SZ
916	9/15/10	9.4	9.42	9.11	9.19	3385800	4.3	2247	帝龙新材	SZ
917	9/14/10	9.27	9.45	9.14	9.4	4205800	4.4	2247	帝龙新材	SZ
918	9/13/10	9.07	9.23	9.05	9.23	3073100	4.31	2247	帝龙新材	SZ
919	9/10/10	9.19	9.3	8.93	9.07	3651000	4.24	2247	帝龙新材	SZ
920	9/9/10	9.63	9.64	9.19	9.2	3928000	4.3	2247	帝龙新材	SZ
921	9/8/10	9.48	9.68	9.45	9.6	4226400	4.49	2247	帝龙新材	SZ
922	9/7/10	9.38	9.49	9.25	9.48	3597500	4.43	2247	帝龙新材	SZ
923	9/6/10	9.47	9.64	9.32	9.38	3201700	4.38	2247	帝龙新材	SZ
924	9/3/10	9.53	9.57	9.31	9.42	3872400	4.4	2247	帝龙新材	SZ
925	9/2/10	9.5	9.65	9.21	9.56	4994300	4.47	2247	帝龙新材	SZ
926	9/1/10	9.55	9.72	9.22	9.48	5132200	4.43	2247	帝龙新材	SZ
927	8/31/10	9.4	9.68	9.35	9.65	5272100	4.51	2247	帝龙新材	SZ
928	8/30/10	9.25	9.48	9.2	9.48	3767800	4.43	2247	帝龙新材	SZ
929	8/27/10	9.03	9.23	8.91	9.23	2626600	4.31	2247	帝龙新材	SZ
930	8/26/10	9	9.15	8.91	9.03	2069500	4.22	2247	帝龙新材	SZ
931	8/25/10	9.38	9.44	8.98	8.98	3574800	4.2	2247	帝龙新材	SZ
932	8/24/10	9.25	9.49	9.16	9.44	3198900	4.41	2247	帝龙新材	SZ
933	8/23/10	9.24	9.45	9.11	9.22	2894200	4.31	2247	帝龙新材	SZ
934	8/20/10	9.51	9.69	9.22	9.24	4476900	4.32	2247	帝龙新材	SZ
935	8/19/10	9.56	9.72	9.55	9.57	4275300	4.48	2247	帝龙新材	SZ
936	8/18/10	9.75	9.78	9.51	9.57	5816700	4.48	2247	帝龙新材	SZ
937	8/17/10	9.87	9.89	9.65	9.78	7542100	4.58	2247	帝龙新材	SZ
938	8/16/10	9.79	9.92	9.58	9.9	12263100	4.63	2247	帝龙新材	SZ
939	8/13/10	9.29	9.88	9.23	9.79	15631700	4.58	2247	帝龙新材	SZ
940	8/12/10	8.77	9.54	8.5	9.41	12157800	4.4	2247	帝龙新材	SZ
941	8/11/10	8.79	8.94	8.68	8.9	3212700	4.16	2247	帝龙新材	SZ
942	8/10/10	9.07	9.27	8.77	8.78	6188100	4.11	2247	帝龙新材	SZ
943	8/9/10	8.88	9.07	8.8	9.07	5577600	4.24	2247	帝龙新材	SZ
944	8/6/10	8.49	8.97	8.47	8.88	4752700	4.15	2247	帝龙新材	SZ
945	8/5/10	8.62	8.8	8.49	8.55	3192300	4	2247	帝龙新材	SZ
946	8/4/10	8.61	8.65	8.38	8.62	2976900	4.03	2247	帝龙新材	SZ
947	8/3/10	8.95	8.95	8.65	8.65	3618100	4.04	2247	帝龙新材	SZ
948	8/2/10	8.73	8.99	8.73	8.94	4821900	4.18	2247	帝龙新材	SZ
949	7/30/10	8.85	8.86	8.65	8.73	4212500	4.08	2247	帝龙新材	SZ
950	7/29/10	8.61	9.09	8.55	8.92	7082500	4.17	2247	帝龙新材	SZ
951	7/28/10	8.52	8.65	8.4	8.59	4210400	4.02	2247	帝龙新材	SZ
952	7/27/10	8.73	8.73	8.51	8.52	4194500	3.99	2247	帝龙新材	SZ
953	7/26/10	8.43	8.74	8.3	8.7	6226100	4.07	2247	帝龙新材	SZ
954	7/23/10	8.47	8.52	8.27	8.43	3338600	3.94	2247	帝龙新材	SZ
955	7/22/10	8.25	8.6	8.18	8.46	5831100	3.96	2247	帝龙新材	SZ
956	7/21/10	8.75	8.75	8.35	8.36	11056600	3.91	2247	帝龙新材	SZ
957	7/20/10	7.96	8.45	7.83	8.45	9675500	3.95	2247	帝龙新材	SZ
958	7/19/10	7.45	7.72	7.4	7.68	1799400	3.59	2247	帝龙新材	SZ
959	7/16/10	7.35	7.59	7.33	7.53	1017000	3.52	2247	帝龙新材	SZ
960	7/15/10	7.95	7.95	7.44	7.47	1493600	3.5	2247	帝龙新材	SZ
961	7/14/10	7.73	7.99	7.73	7.91	1661000	3.7	2247	帝龙新材	SZ
962	7/13/10	7.76	7.83	7.65	7.77	1405600	3.63	2247	帝龙新材	SZ
963	7/12/10	7.8	7.95	7.78	7.89	1934500	3.69	2247	帝龙新材	SZ
964	7/9/10	7.7	7.93	7.54	7.82	2657300	3.65	2247	帝龙新材	SZ
965	7/8/10	7.72	7.84	7.62	7.65	1133300	3.58	2247	帝龙新材	SZ
966	7/7/10	7.8	7.88	7.51	7.74	1661900	3.62	2247	帝龙新材	SZ
967	7/6/10	7.59	7.91	7.46	7.85	2776600	3.67	2247	帝龙新材	SZ
968	7/5/10	7.2	7.62	7.02	7.56	1404100	3.53	2247	帝龙新材	SZ
969	7/2/10	7.25	7.34	6.85	7.29	1313500	3.41	2247	帝龙新材	SZ
970	7/1/10	7.55	7.55	7.29	7.29	1413700	3.41	2247	帝龙新材	SZ
971	6/30/10	7.36	7.55	7.14	7.53	1836200	3.52	2247	帝龙新材	SZ
972	6/29/10	7.95	7.95	7.2	7.4	2446500	3.46	2247	帝龙新材	SZ
973	6/28/10	8.1	8.15	7.65	7.86	1384800	3.67	2247	帝龙新材	SZ
974	6/25/10	8.24	8.31	7.9	8.05	1841400	3.76	2247	帝龙新材	SZ
975	6/24/10	8.48	8.48	8.24	8.31	1146800	3.89	2247	帝龙新材	SZ
976	6/23/10	8.35	8.44	8.18	8.39	1915400	3.92	2247	帝龙新材	SZ
977	6/22/10	8.4	8.6	8.32	8.38	2425300	3.92	2247	帝龙新材	SZ
978	6/21/10	8.15	8.44	8.03	8.43	1972200	3.94	2247	帝龙新材	SZ
979	6/18/10	8.33	8.68	8.14	8.18	2940300	3.82	2247	帝龙新材	SZ
980	6/17/10	8.76	8.92	8.5	8.51	4095900	3.98	2247	帝龙新材	SZ
981	6/11/10	9.05	9.06	8.77	8.82	7229000	4.13	2247	帝龙新材	SZ
982	6/10/10	8.44	9.27	8.3	9.11	13098300	4.26	2247	帝龙新材	SZ
983	6/9/10	8.36	8.43	8.15	8.43	5454500	3.94	2247	帝龙新材	SZ
984	6/8/10	7.89	8.3	7.86	8.29	5428100	3.88	2247	帝龙新材	SZ
985	6/7/10	7.45	8.15	7.45	7.97	2583900	3.72	2247	帝龙新材	SZ
986	6/4/10	7.47	7.7	7.43	7.7	1290700	3.6	2247	帝龙新材	SZ
987	6/3/10	7.68	7.89	7.54	7.54	1956600	3.53	2247	帝龙新材	SZ
988	6/2/10	7.36	7.65	7.35	7.65	1095300	3.58	2247	帝龙新材	SZ
989	6/1/10	7.5	7.69	7.29	7.41	2088300	3.47	2247	帝龙新材	SZ
990	5/31/10	8	8.11	7.75	7.76	3280600	3.63	2247	帝龙新材	SZ
991	5/28/10	7.75	8.15	7.68	8.15	4481600	3.81	2247	帝龙新材	SZ
992	5/27/10	7.53	7.78	7.41	7.75	2582300	3.62	2247	帝龙新材	SZ
993	5/26/10	7.65	7.85	7.45	7.61	2833600	3.56	2247	帝龙新材	SZ
994	5/25/10	7.64	7.91	7.55	7.72	2393200	3.61	2247	帝龙新材	SZ
995	5/24/10	7.2	7.74	7.12	7.74	2528600	3.62	2247	帝龙新材	SZ
996	5/21/10	7.01	7.21	6.82	7.1	1911000	3.32	2247	帝龙新材	SZ
997	5/20/10	7.22	7.43	7.08	7.14	1632100	3.34	2247	帝龙新材	SZ
998	5/19/10	7.24	7.43	7.01	7.23	1180100	3.38	2247	帝龙新材	SZ
999	5/18/10	7.07	7.39	6.88	7.24	1341600	3.39	2247	帝龙新材	SZ
1000	5/17/10	8.04	8.04	7.24	7.24	1575500	3.38	2247	帝龙新材	SZ
1001	5/14/10	7.95	8.23	7.75	8.04	1320100	3.76	2247	帝龙新材	SZ
1002	5/13/10	7.88	8.17	7.67	8.15	2235400	2.48	2247	帝龙新材	SZ
1003	5/12/10	8.18	8.22	7.96	7.97	1149500	2.43	2247	帝龙新材	SZ
1004	5/11/10	8.52	8.63	8.17	8.23	1703800	2.51	2247	帝龙新材	SZ
1005	5/10/10	9.05	9.14	8.23	8.39	2905700	2.56	2247	帝龙新材	SZ
1006	5/7/10	9.01	9.3	8.93	8.96	1542100	2.73	2247	帝龙新材	SZ
1007	5/6/10	9.55	9.72	9.34	9.35	1462200	2.85	2247	帝龙新材	SZ
1008	5/5/10	9.43	9.64	9.28	9.54	2695000	2.91	2247	帝龙新材	SZ
1009	5/4/10	9.33	9.46	9.14	9.33	627500	2.84	2247	帝龙新材	SZ
1010	4/30/10	9.67	9.67	9.1	9.5	1502400	2.9	2247	帝龙新材	SZ
1011	4/28/10	10.12	10.12	9.6	10.07	2496800	3.07	2247	帝龙新材	SZ
1012	4/27/10	10.83	10.83	10.19	10.27	1566700	3.13	2247	帝龙新材	SZ
1013	4/26/10	10.81	10.95	10.69	10.85	1270700	3.31	2247	帝龙新材	SZ
1014	4/23/10	10.9	11.09	10.71	10.81	1834100	3.3	2247	帝龙新材	SZ
1015	4/22/10	10.55	11.05	10.41	10.86	2823600	3.31	2247	帝龙新材	SZ
1016	4/21/10	10.24	10.57	10.2	10.57	2374800	3.22	2247	帝龙新材	SZ
1017	4/20/10	10.43	10.65	10.12	10.24	1627500	3.12	2247	帝龙新材	SZ
1018	4/19/10	10.87	11	10.5	10.5	1479000	3.2	2247	帝龙新材	SZ
1019	4/16/10	10.83	11.07	10.83	10.98	890200	3.35	2247	帝龙新材	SZ
1020	4/15/10	11.33	11.33	10.92	10.94	2323600	3.33	2247	帝龙新材	SZ
1021	4/14/10	11.21	11.42	10.77	11.34	3303700	3.46	2247	帝龙新材	SZ
1022	4/13/10	11.5	11.66	10.34	11.27	5533100	3.43	2247	帝龙新材	SZ
1023	4/12/10	11.24	11.47	11.24	11.45	5266200	3.49	2247	帝龙新材	SZ
1024	4/9/10	11.2	11.3	11.05	11.23	4196700	3.42	2247	帝龙新材	SZ
1025	4/8/10	11.43	11.43	11.17	11.19	6032000	3.41	2247	帝龙新材	SZ
1026	4/7/10	11.18	11.46	10.85	11.46	12166000	3.49	2247	帝龙新材	SZ
1027	4/6/10	12.08	12.18	11.07	11.09	10146600	3.38	2247	帝龙新材	SZ
1028	4/2/10	11.65	11.95	11.65	11.94	5112100	3.64	2247	帝龙新材	SZ
1029	4/1/10	11.36	11.77	11.36	11.65	4714900	3.55	2247	帝龙新材	SZ
1030	3/31/10	11.13	11.33	10.97	11.33	2730300	3.45	2247	帝龙新材	SZ
1031	3/30/10	11.12	11.15	10.91	11.09	2361100	3.38	2247	帝龙新材	SZ
1032	3/29/10	11	11.33	11	11.05	1959400	3.37	2247	帝龙新材	SZ
1033	3/26/10	10.96	11.32	10.9	10.97	3409500	3.34	2247	帝龙新材	SZ
1034	3/25/10	10.93	11.25	10.83	11.12	3553700	3.39	2247	帝龙新材	SZ
1035	3/24/10	10.6	11.16	10.6	11	4365600	3.35	2247	帝龙新材	SZ
1036	3/23/10	10.56	10.75	10.48	10.64	3148100	3.24	2247	帝龙新材	SZ
1037	3/22/10	10.3	10.61	10.3	10.53	2466600	3.21	2247	帝龙新材	SZ
1038	3/19/10	10.4	10.44	10.24	10.3	1498300	3.14	2247	帝龙新材	SZ
1039	3/18/10	10.3	10.37	10.26	10.33	1895800	3.15	2247	帝龙新材	SZ
1040	3/17/10	10.17	10.44	10.16	10.36	2855200	3.16	2247	帝龙新材	SZ
1041	3/16/10	9.81	10.23	9.8	10.13	3878900	3.09	2247	帝龙新材	SZ
1042	3/15/10	9.67	9.77	9.5	9.76	1584000	2.98	2247	帝龙新材	SZ
1043	3/12/10	9.77	9.89	9.68	9.72	1289600	2.96	2247	帝龙新材	SZ
1044	3/11/10	9.94	10	9.64	9.73	2223700	2.96	2247	帝龙新材	SZ
1045	3/10/10	10.18	10.29	9.87	9.91	1540900	3.02	2247	帝龙新材	SZ
1046	3/9/10	10.25	10.3	10.1	10.2	1211700	3.11	2247	帝龙新材	SZ
1047	3/8/10	10.3	10.43	10.24	10.29	1111800	3.14	2247	帝龙新材	SZ
1048	3/5/10	10.27	10.43	10.02	10.28	1987600	3.13	2247	帝龙新材	SZ
1049	3/4/10	10.67	10.89	10.3	10.33	3203300	3.15	2247	帝龙新材	SZ
1050	3/3/10	10.42	10.86	10.33	10.72	3781100	3.27	2247	帝龙新材	SZ
1051	3/2/10	10.34	10.39	10.2	10.38	2146900	3.16	2247	帝龙新材	SZ
1052	3/1/10	10.22	10.37	10.22	10.37	2417000	3.16	2247	帝龙新材	SZ
1053	2/26/10	10.38	10.42	10.26	10.28	2523800	3.13	2247	帝龙新材	SZ
1054	2/25/10	10.26	10.53	10.18	10.46	3311700	3.19	2247	帝龙新材	SZ
1055	2/24/10	9.62	10.25	9.45	10.23	2932200	3.12	2247	帝龙新材	SZ
1056	2/23/10	9.87	9.96	9.41	9.67	1916700	2.95	2247	帝龙新材	SZ
1057	2/22/10	10.11	10.15	9.87	9.87	1424700	3.01	2247	帝龙新材	SZ
1058	2/18/10	9.94	10.15	9.94	10.1	1339700	3.08	2247	帝龙新材	SZ
1059	2/17/10	9.94	10.15	9.94	10.1	1339700	3.08	2247	帝龙新材	SZ
1060	2/16/10	9.94	10.15	9.94	10.1	1339700	3.08	2247	帝龙新材	SZ
1061	2/15/10	9.94	10.15	9.94	10.1	1339700	3.08	2247	帝龙新材	SZ
1062	2/12/10	9.94	10.15	9.94	10.1	1339700	3.08	2247	帝龙新材	SZ
1063	2/11/10	9.83	10.1	9.7	9.91	1659500	3.02	2247	帝龙新材	SZ
1064	2/10/10	9.77	9.85	9.63	9.82	1585400	2.99	2247	帝龙新材	SZ
1065	2/9/10	9.43	9.69	9.4	9.63	1314100	2.93	2247	帝龙新材	SZ
1066	2/8/10	9.37	9.55	9.37	9.44	945200	2.88	2247	帝龙新材	SZ
1067	2/5/10	9.71	9.77	9.34	9.42	2207200	2.87	2247	帝龙新材	SZ
1068	2/4/10	9.67	10	9.55	9.93	2331900	3.03	2247	帝龙新材	SZ
1069	2/3/10	9.78	9.95	9.17	9.79	3415600	2.99	2247	帝龙新材	SZ
1070	2/2/10	10.37	10.39	9.83	9.83	2162100	3	2247	帝龙新材	SZ
1071	2/1/10	10.37	10.57	10	10.23	3104700	3.12	2247	帝龙新材	SZ
1072	1/29/10	9.85	10.77	9.85	10.33	4815200	3.15	2247	帝龙新材	SZ
1073	1/28/10	9.77	10	9.77	9.85	3608500	3	2247	帝龙新材	SZ
1074	1/27/10	10.23	10.33	9.92	10	2693200	3.05	2247	帝龙新材	SZ
1075	1/26/10	11.07	11.33	10.2	10.23	3958700	3.12	2247	帝龙新材	SZ
1076	1/25/10	11.49	11.49	11.07	11.13	2428900	3.39	2247	帝龙新材	SZ
1077	1/22/10	11.8	11.84	11.29	11.52	4459500	3.51	2247	帝龙新材	SZ
1078	1/21/10	11.81	12.13	11.8	11.92	2365500	3.63	2247	帝龙新材	SZ
1079	1/20/10	12.63	12.7	11.67	11.81	5954000	3.6	2247	帝龙新材	SZ
1080	1/19/10	13	13.1	12.57	12.71	7398300	3.87	2247	帝龙新材	SZ
1081	1/18/10	12.5	13.29	12.5	13.2	9982300	4.02	2247	帝龙新材	SZ
1082	1/15/10	12.34	12.47	12.22	12.47	4882300	3.8	2247	帝龙新材	SZ
1083	1/14/10	11.93	12.45	11.91	12.33	5792600	3.76	2247	帝龙新材	SZ
1084	1/13/10	11.92	12.25	11.9	11.93	4195200	3.64	2247	帝龙新材	SZ
1085	1/12/10	11.9	12.37	11.71	12.27	7619700	3.74	2247	帝龙新材	SZ
1086	1/11/10	11.84	11.96	11.47	11.9	5709000	3.63	2247	帝龙新材	SZ
1087	1/8/10	12.18	12.19	11.83	11.96	4193000	3.65	2247	帝龙新材	SZ
1088	1/7/10	11.8	12.13	11.8	12.07	5411600	3.68	2247	帝龙新材	SZ
1089	1/6/10	11.87	12.08	11.85	11.88	3789700	3.62	2247	帝龙新材	SZ
1090	1/5/10	12.23	12.33	11.8	11.94	7287600	3.64	2247	帝龙新材	SZ
1091	1/4/10	12.43	12.67	12.09	12.23	6861500	3.73	2247	帝龙新材	SZ
1092	12/31/09	11.97	12.73	11.97	12.55	5687200	3.83	2247	帝龙新材	SZ
1093	12/30/09	12.3	12.33	11.96	12.03	4953400	3.67	2247	帝龙新材	SZ
1094	12/29/09	12.49	12.76	12.2	12.32	6081600	3.75	2247	帝龙新材	SZ
1095	12/28/09	12.41	12.53	12.26	12.45	6196000	3.8	2247	帝龙新材	SZ
1096	12/25/09	12.48	12.82	12.27	12.4	6832100	3.78	2247	帝龙新材	SZ
1097	12/24/09	11.97	13.08	11.81	12.57	11361100	3.83	2247	帝龙新材	SZ
1098	12/23/09	11.47	11.89	11.32	11.89	3188600	3.62	2247	帝龙新材	SZ
1099	12/22/09	11.67	12.04	11.29	11.33	4791600	3.45	2247	帝龙新材	SZ
1100	12/21/09	11.25	11.78	11.13	11.72	3808200	3.57	2247	帝龙新材	SZ
1101	12/18/09	11.07	11.83	11.07	11.23	4713000	3.42	2247	帝龙新材	SZ
1102	12/17/09	12.01	12.3	11.44	11.49	5210900	3.5	2247	帝龙新材	SZ
1103	12/16/09	12.62	12.79	12.03	12.17	4309700	3.71	2247	帝龙新材	SZ
1104	12/15/09	12.59	12.8	12.22	12.65	3381400	3.86	2247	帝龙新材	SZ
1105	12/14/09	12.3	12.88	12.3	12.5	4883300	3.81	2247	帝龙新材	SZ
1106	12/11/09	12.25	12.42	12.05	12.28	3649100	3.74	2247	帝龙新材	SZ
1107	12/10/09	11.52	12.42	11.52	12.3	5629800	3.75	2247	帝龙新材	SZ
1108	12/9/09	11.57	11.82	11.34	11.5	4249500	3.51	2247	帝龙新材	SZ
1109	12/8/09	11.62	12.16	11.59	11.67	7176600	3.56	2247	帝龙新材	SZ
1110	12/7/09	10.47	11.55	10.4	11.55	4884200	3.52	2247	帝龙新材	SZ
1111	12/4/09	10.97	11.16	10.33	10.5	5729200	3.2	2247	帝龙新材	SZ
1112	12/3/09	11.05	11.19	10.9	11.11	2993500	3.39	2247	帝龙新材	SZ
1113	12/2/09	10.66	11.2	10.47	11.05	4000000	3.37	2247	帝龙新材	SZ
1114	12/1/09	10.4	10.77	10.3	10.67	4169600	3.25	2247	帝龙新材	SZ
1115	11/30/09	9.62	10.43	9.62	10.4	5124600	3.17	2247	帝龙新材	SZ
1116	11/27/09	9.27	9.76	9.2	9.49	3832600	2.89	2247	帝龙新材	SZ
1117	11/26/09	9.86	10.16	9.27	9.41	5903700	2.87	2247	帝龙新材	SZ
1118	11/25/09	9.1	9.9	9.1	9.88	5523400	3.01	2247	帝龙新材	SZ
1119	11/24/09	9.67	9.76	9.03	9.2	4696000	2.8	2247	帝龙新材	SZ
1120	11/23/09	9.6	9.72	9.55	9.71	3095300	2.96	2247	帝龙新材	SZ
1121	11/20/09	9.67	9.75	9.54	9.63	2441600	2.94	2247	帝龙新材	SZ
1122	11/19/09	9.79	9.79	9.41	9.66	3705500	2.94	2247	帝龙新材	SZ
1123	11/18/09	9.39	9.73	9.3	9.66	2536800	2.94	2247	帝龙新材	SZ
1124	11/17/09	9.3	9.49	9.27	9.39	2808200	2.86	2247	帝龙新材	SZ
1125	11/16/09	8.84	9.45	8.84	9.31	5146600	2.84	2247	帝龙新材	SZ
1126	11/13/09	8.7	8.8	8.6	8.77	3716300	2.67	2247	帝龙新材	SZ
1127	11/12/09	8.61	8.89	8.61	8.7	2412400	2.65	2247	帝龙新材	SZ
1128	11/11/09	8.6	8.67	8.56	8.62	1456600	2.63	2247	帝龙新材	SZ
1129	11/10/09	8.73	8.8	8.54	8.63	2184000	2.63	2247	帝龙新材	SZ
1130	11/9/09	8.4	8.78	8.35	8.7	4489700	2.65	2247	帝龙新材	SZ
1131	11/6/09	8.3	8.43	8.3	8.4	3145100	2.56	2247	帝龙新材	SZ
1132	11/5/09	8.29	8.46	8.27	8.33	3100300	2.54	2247	帝龙新材	SZ
1133	11/4/09	8.31	8.4	8.24	8.29	3557300	2.53	2247	帝龙新材	SZ
1134	11/3/09	8.05	8.32	8.04	8.29	5522400	2.53	2247	帝龙新材	SZ
1135	11/2/09	7.69	8.08	7.69	8.06	4556800	2.46	2247	帝龙新材	SZ
1136	10/30/09	7.97	8.23	7.85	7.93	5786900	2.42	2247	帝龙新材	SZ
1137	10/29/09	7.88	7.93	7.73	7.84	3068600	2.39	2247	帝龙新材	SZ
1138	10/28/09	7.75	7.96	7.75	7.96	3688200	2.43	2247	帝龙新材	SZ
1139	10/27/09	7.92	8.07	7.7	7.73	4463000	2.36	2247	帝龙新材	SZ
1140	10/26/09	8.07	8.13	7.93	7.97	3682400	2.43	2247	帝龙新材	SZ
1141	10/23/09	8.03	8.17	7.9	8.06	6095700	2.46	2247	帝龙新材	SZ
1142	10/22/09	7.87	8.16	7.85	8	4785800	2.44	2247	帝龙新材	SZ
1143	10/21/09	8.03	8.25	7.87	7.87	6494400	2.4	2247	帝龙新材	SZ
1144	10/20/09	7.78	8.08	7.7	8.05	8096300	2.45	2247	帝龙新材	SZ
1145	10/19/09	7.7	7.93	7.67	7.74	8862600	2.36	2247	帝龙新材	SZ
1146	10/16/09	7.56	7.78	7.45	7.72	6592700	2.35	2247	帝龙新材	SZ
1147	10/15/09	7.51	7.62	7.4	7.52	5818800	2.29	2247	帝龙新材	SZ
1148	10/14/09	7.19	7.65	7.13	7.42	9289700	2.26	2247	帝龙新材	SZ
1149	10/13/09	6.89	7.15	6.89	7.09	3643900	2.16	2247	帝龙新材	SZ
1150	10/12/09	6.93	7.13	6.82	6.89	5395600	2.1	2247	帝龙新材	SZ
1151	10/8/09	6.58	6.58	6.58	6.58	0	2	2247	帝龙新材	SZ
1152	10/7/09	6.58	6.58	6.58	6.58	0	2	2247	帝龙新材	SZ
1153	10/6/09	6.58	6.58	6.58	6.58	0	2	2247	帝龙新材	SZ
1154	10/5/09	6.58	6.58	6.58	6.58	0	2	2247	帝龙新材	SZ
1155	10/2/09	6.58	6.58	6.58	6.58	0	2	2247	帝龙新材	SZ
1156	10/1/09	6.58	6.58	6.58	6.58	0	2	2247	帝龙新材	SZ
1157	9/30/09	6.55	6.72	6.53	6.58	2878300	2	2247	帝龙新材	SZ
1158	9/29/09	6.89	6.91	6.37	6.55	4454200	2	2247	帝龙新材	SZ
1159	9/28/09	7.1	7.2	6.9	6.91	4627500	2.11	2247	帝龙新材	SZ
1160	9/25/09	6.83	7.09	6.8	7.06	3942000	2.15	2247	帝龙新材	SZ
1161	9/24/09	6.83	6.91	6.67	6.86	3525800	2.09	2247	帝龙新材	SZ
1162	9/23/09	7.02	7.17	6.77	6.82	6090600	2.08	2247	帝龙新材	SZ
1163	9/22/09	7.09	7.33	7.03	7.07	7058600	2.16	2247	帝龙新材	SZ
1164	9/21/09	6.88	7.1	6.84	7.08	5549800	2.16	2247	帝龙新材	SZ
1165	9/18/09	7	7.22	6.86	6.89	6889700	2.1	2247	帝龙新材	SZ
1166	9/17/09	6.92	7.11	6.92	6.97	5789900	2.12	2247	帝龙新材	SZ
1167	9/16/09	6.87	6.99	6.82	6.9	4661500	2.1	2247	帝龙新材	SZ
1168	9/15/09	6.93	7.01	6.87	6.91	4258500	2.11	2247	帝龙新材	SZ
1169	9/14/09	6.83	7.17	6.79	6.89	6653600	2.1	2247	帝龙新材	SZ
1170	9/11/09	6.67	6.81	6.63	6.75	4323800	2.06	2247	帝龙新材	SZ
1171	9/10/09	6.68	6.83	6.57	6.71	4917300	2.04	2247	帝龙新材	SZ
1172	9/9/09	6.6	6.79	6.55	6.72	6593000	2.05	2247	帝龙新材	SZ
1173	9/8/09	6.66	6.93	6.6	6.66	11974800	2.03	2247	帝龙新材	SZ
1174	9/7/09	6.2	6.79	6.15	6.79	10717200	2.07	2247	帝龙新材	SZ
1175	9/4/09	6.11	6.22	6.04	6.17	2865900	1.88	2247	帝龙新材	SZ
1176	9/3/09	5.85	6.16	5.85	6.1	3113900	1.86	2247	帝龙新材	SZ
1177	9/2/09	5.87	5.96	5.74	5.88	2381000	1.79	2247	帝龙新材	SZ
1178	9/1/09	5.87	6.07	5.83	5.87	2285300	1.79	2247	帝龙新材	SZ
1179	8/31/09	6.27	6.33	5.89	5.89	3337900	1.8	2247	帝龙新材	SZ
1180	8/28/09	6.36	6.59	6.33	6.44	4724000	1.96	2247	帝龙新材	SZ
1181	8/27/09	6.29	6.46	6.26	6.41	4821900	1.95	2247	帝龙新材	SZ
1182	8/26/09	6.08	6.43	6.07	6.3	4500400	1.92	2247	帝龙新材	SZ
1183	8/25/09	6.23	6.27	5.97	6.15	4731000	1.87	2247	帝龙新材	SZ
1184	8/24/09	6.4	6.42	6.2	6.32	5065100	1.93	2247	帝龙新材	SZ
1185	8/21/09	6.01	6.49	6	6.36	7724700	1.94	2247	帝龙新材	SZ
1186	8/20/09	5.79	6.29	5.73	6.19	8763200	1.89	2247	帝龙新材	SZ
1187	8/19/09	6.73	6.73	6.03	6.07	6661800	1.85	2247	帝龙新材	SZ
1188	8/18/09	6.5	6.75	6.5	6.7	4094300	2.04	2247	帝龙新材	SZ
1189	8/17/09	7	7.1	6.54	6.54	7356200	1.99	2247	帝龙新材	SZ
1190	8/14/09	7.67	7.96	7.23	7.26	14540900	2.21	2247	帝龙新材	SZ
1191	8/13/09	7	7.65	7	7.65	9884900	2.33	2247	帝龙新材	SZ
1192	8/12/09	7.1	7.3	6.93	6.95	6809700	2.12	2247	帝龙新材	SZ
1193	8/11/09	6.9	7.13	6.87	7.06	5666000	2.15	2247	帝龙新材	SZ
1194	8/10/09	6.77	6.96	6.74	6.84	3427200	2.08	2247	帝龙新材	SZ
1195	8/7/09	6.93	6.98	6.68	6.72	3278600	2.05	2247	帝龙新材	SZ
1196	8/6/09	7.12	7.12	6.83	6.9	4194400	2.1	2247	帝龙新材	SZ
1197	8/5/09	6.88	7.22	6.84	7.12	5829300	2.17	2247	帝龙新材	SZ
1198	8/4/09	6.94	6.96	6.73	6.84	3093900	2.09	2247	帝龙新材	SZ
1199	8/3/09	6.88	6.98	6.85	6.94	2740200	2.12	2247	帝龙新材	SZ
1200	7/31/09	6.83	6.91	6.73	6.88	2809400	2.1	2247	帝龙新材	SZ
1201	7/30/09	6.66	6.77	6.5	6.73	3808000	2.05	2247	帝龙新材	SZ
1202	7/29/09	7.17	7.26	6.45	6.57	6378700	2	2247	帝龙新材	SZ
1203	7/28/09	7.17	7.35	7.16	7.17	5534800	2.19	2247	帝龙新材	SZ
1204	7/27/09	7.17	7.23	7.07	7.12	5691800	2.17	2247	帝龙新材	SZ
1205	7/24/09	6.86	7.43	6.83	7.16	8888800	2.18	2247	帝龙新材	SZ
1206	7/23/09	6.77	6.89	6.77	6.83	3093200	2.08	2247	帝龙新材	SZ
1207	7/22/09	6.72	6.85	6.72	6.77	3549100	2.06	2247	帝龙新材	SZ
1208	7/21/09	6.88	6.94	6.67	6.71	5529300	2.05	2247	帝龙新材	SZ
1209	7/20/09	7.04	7.08	6.9	6.9	7748500	2.1	2247	帝龙新材	SZ
1210	7/17/09	6.81	7.12	6.81	6.99	6980400	2.13	2247	帝龙新材	SZ
1211	7/16/09	6.91	6.99	6.77	6.79	7489100	2.07	2247	帝龙新材	SZ
1212	7/15/09	7.06	7.32	6.88	6.98	12869600	2.13	2247	帝龙新材	SZ
1213	7/14/09	6.58	6.81	6.58	6.81	2439500	2.07	2247	帝龙新材	SZ
1214	7/13/09	6.19	6.28	6.17	6.19	3329400	1.89	2247	帝龙新材	SZ
1215	7/10/09	6.3	6.43	6.22	6.25	4866000	1.91	2247	帝龙新材	SZ
1216	7/9/09	6.15	6.32	6.07	6.29	5007200	1.92	2247	帝龙新材	SZ
1217	7/8/09	6.12	6.25	6.03	6.12	4422100	1.87	2247	帝龙新材	SZ
1218	7/7/09	5.95	6.16	5.92	6.12	6084400	1.86	2247	帝龙新材	SZ
1219	7/6/09	5.84	6.06	5.81	5.95	4873300	1.81	2247	帝龙新材	SZ
1220	7/3/09	5.81	5.88	5.79	5.83	1872400	1.78	2247	帝龙新材	SZ
1221	7/2/09	5.81	5.93	5.81	5.87	2108600	1.79	2247	帝龙新材	SZ
1222	7/1/09	5.85	5.86	5.78	5.79	2127400	1.77	2247	帝龙新材	SZ
1223	6/30/09	5.9	5.99	5.83	5.85	1388800	1.78	2247	帝龙新材	SZ
1224	6/29/09	5.87	6.04	5.85	5.9	3431900	1.8	2247	帝龙新材	SZ
1225	6/26/09	5.89	5.89	5.8	5.84	1804700	1.78	2247	帝龙新材	SZ
1226	6/25/09	5.92	5.95	5.82	5.89	1696000	1.79	2247	帝龙新材	SZ
1227	6/24/09	5.86	5.92	5.84	5.9	1496500	1.8	2247	帝龙新材	SZ
1228	6/23/09	5.87	5.95	5.78	5.86	1856800	1.79	2247	帝龙新材	SZ
1229	6/22/09	6.17	6.17	5.88	5.89	3849700	1.8	2247	帝龙新材	SZ
1230	6/19/09	5.95	6.17	5.95	6.07	8057000	1.85	2247	帝龙新材	SZ
1231	6/18/09	5.8	6.11	5.78	6.05	5608500	1.84	2247	帝龙新材	SZ
1232	6/17/09	5.83	5.83	5.73	5.79	1645900	1.76	2247	帝龙新材	SZ
1233	6/16/09	5.78	5.84	5.75	5.82	1207300	1.77	2247	帝龙新材	SZ
1234	6/15/09	5.69	5.79	5.69	5.79	1692700	1.76	2247	帝龙新材	SZ
1235	6/12/09	5.86	5.9	5.72	5.73	2170200	1.75	2247	帝龙新材	SZ
1236	6/11/09	6.01	6.01	5.84	5.84	2289800	1.78	2247	帝龙新材	SZ
1237	6/10/09	6.05	6.13	5.98	6.01	2742200	1.83	2247	帝龙新材	SZ
1238	6/9/09	5.81	6.14	5.72	6.1	4105300	1.86	2247	帝龙新材	SZ
1239	6/8/09	5.83	5.87	5.75	5.81	1454500	1.77	2247	帝龙新材	SZ
1240	6/5/09	5.95	5.99	5.74	5.83	2460500	1.78	2247	帝龙新材	SZ
1241	6/4/09	6.01	6.06	5.91	5.94	2265600	1.81	2247	帝龙新材	SZ
1242	6/3/09	6.03	6.06	6	6.03	2032400	1.84	2247	帝龙新材	SZ
1243	6/2/09	6.09	6.09	6	6.01	1847900	1.83	2247	帝龙新材	SZ
1244	6/1/09	6.03	6.09	6	6.06	2250500	1.85	2247	帝龙新材	SZ
1245	5/29/09	6.01	6.01	6.01	6.01	0	1.83	2247	帝龙新材	SZ
1246	5/28/09	6.01	6.01	6.01	6.01	0	1.83	2247	帝龙新材	SZ
1247	5/27/09	5.98	6.03	5.87	6.01	2013300	1.83	2247	帝龙新材	SZ
1248	5/26/09	5.9	6.1	5.9	5.97	2169400	1.82	2247	帝龙新材	SZ
1249	5/25/09	5.86	6	5.79	5.95	2312000	1.81	2247	帝龙新材	SZ
1250	5/22/09	5.97	6.1	5.92	6.05	2539200	1.84	2247	帝龙新材	SZ
1251	5/21/09	6.06	6.12	5.93	5.97	2531300	1.79	2247	帝龙新材	SZ
1252	5/20/09	6.26	6.27	6.01	6.03	3327500	1.81	2247	帝龙新材	SZ
1253	5/19/09	6.32	6.34	6.18	6.19	4195300	1.86	2247	帝龙新材	SZ
1254	5/18/09	6.24	6.35	6.09	6.32	5676400	1.89	2247	帝龙新材	SZ
1255	5/15/09	6.15	6.33	6.12	6.27	6197800	1.88	2247	帝龙新材	SZ
1256	5/14/09	5.95	6.2	5.77	6.15	4214700	1.84	2247	帝龙新材	SZ
1257	5/13/09	5.98	6.05	5.91	5.97	2373100	1.79	2247	帝龙新材	SZ
1258	5/12/09	5.73	6.02	5.73	5.99	2568800	1.8	2247	帝龙新材	SZ
1259	5/11/09	6.37	6.37	5.87	5.87	6048800	1.76	2247	帝龙新材	SZ
1260	5/8/09	6.18	6.56	6.05	6.33	10409800	1.9	2247	帝龙新材	SZ
1261	5/7/09	5.95	6.3	5.75	6.22	9579400	1.86	2247	帝龙新材	SZ
1262	5/6/09	5.95	5.99	5.85	5.95	3224800	1.78	2247	帝龙新材	SZ
1263	5/5/09	5.84	5.94	5.79	5.93	3702200	1.78	2247	帝龙新材	SZ
1264	5/4/09	5.59	5.88	5.59	5.84	3175000	1.75	2247	帝龙新材	SZ
1265	5/1/09	5.63	5.63	5.63	5.63	0	1.69	2247	帝龙新材	SZ
1266	4/30/09	5.63	5.63	5.63	5.63	0	1.69	2247	帝龙新材	SZ
1267	4/29/09	5.54	5.7	5.52	5.63	2591300	1.69	2247	帝龙新材	SZ
1268	4/28/09	5.58	5.7	5.54	5.6	2833100	1.68	2247	帝龙新材	SZ
1269	4/27/09	5.66	5.66	5.4	5.63	3463900	1.69	2247	帝龙新材	SZ
1270	4/24/09	5.56	5.63	5.55	5.59	2743600	1.68	2247	帝龙新材	SZ
1271	4/23/09	5.5	5.65	5.38	5.53	3416400	1.66	2247	帝龙新材	SZ
1272	4/22/09	6.01	6.03	5.51	5.6	5068100	1.68	2247	帝龙新材	SZ
1273	4/21/09	5.87	6.06	5.82	6.02	4895900	1.8	2247	帝龙新材	SZ
1274	4/20/09	5.68	6.13	5.67	6.08	5283600	1.82	2247	帝龙新材	SZ
1275	4/17/09	5.9	5.9	5.62	5.66	4045800	1.7	2247	帝龙新材	SZ
1276	4/16/09	6.16	6.18	5.89	5.92	5435900	1.77	2247	帝龙新材	SZ
1277	4/15/09	5.87	6.2	5.75	6.12	8122900	1.83	2247	帝龙新材	SZ
1278	4/14/09	5.7	5.95	5.6	5.87	7983400	1.76	2247	帝龙新材	SZ
1279	4/13/09	5.44	5.83	5.44	5.7	9479100	1.71	2247	帝龙新材	SZ
1280	4/10/09	5.28	5.47	5.23	5.39	4201800	1.61	2247	帝龙新材	SZ
1281	4/9/09	5.17	5.29	5.08	5.26	3177200	1.58	2247	帝龙新材	SZ
1282	4/8/09	5.48	5.55	5.17	5.17	5545600	1.55	2247	帝龙新材	SZ
1283	4/7/09	5.4	5.56	5.31	5.54	7041500	1.66	2247	帝龙新材	SZ
1284	4/6/09	5.35	5.35	5.35	5.35	0	1.6	2247	帝龙新材	SZ
1285	4/3/09	5.46	5.46	5.27	5.35	7193200	1.6	2247	帝龙新材	SZ
1286	4/2/09	5.22	5.4	5.22	5.4	5980200	1.62	2247	帝龙新材	SZ
1287	4/1/09	5.18	5.3	5.13	5.25	5034200	1.57	2247	帝龙新材	SZ
1288	3/31/09	5	5.17	4.93	5.15	3118300	1.54	2247	帝龙新材	SZ
1289	3/30/09	5.03	5.16	5.03	5.1	3371700	1.53	2247	帝龙新材	SZ
1290	3/27/09	5.12	5.17	5.03	5.05	5529200	1.51	2247	帝龙新材	SZ
1291	3/26/09	4.99	5.18	4.93	5.17	8323100	1.55	2247	帝龙新材	SZ
1292	3/25/09	5.41	5.49	5.14	5.18	6253800	1.55	2247	帝龙新材	SZ
1293	3/24/09	5.6	5.61	5.4	5.41	6629200	1.62	2247	帝龙新材	SZ
1294	3/23/09	5.2	5.5	5.16	5.5	5189400	1.65	2247	帝龙新材	SZ
1295	3/20/09	5.22	5.27	5.08	5.19	3125100	1.56	2247	帝龙新材	SZ
1296	3/19/09	5.06	5.29	5.06	5.2	3447200	1.56	2247	帝龙新材	SZ
1297	3/18/09	5.07	5.17	5.04	5.05	3449700	1.51	2247	帝龙新材	SZ
1298	3/17/09	4.85	5.06	4.83	5.02	3128200	1.51	2247	帝龙新材	SZ
1299	3/16/09	4.87	4.89	4.7	4.85	1936800	1.45	2247	帝龙新材	SZ
1300	3/13/09	4.95	5.03	4.84	4.87	2270500	1.46	2247	帝龙新材	SZ
1301	3/12/09	4.89	5.06	4.82	4.97	2844700	1.49	2247	帝龙新材	SZ
1302	3/11/09	4.99	5.06	4.87	4.89	2930100	1.46	2247	帝龙新材	SZ
1303	3/10/09	4.71	4.94	4.68	4.91	2675300	1.47	2247	帝龙新材	SZ
1304	3/9/09	5.18	5.29	4.77	4.79	5133700	1.43	2247	帝龙新材	SZ
1305	3/6/09	5.27	5.36	5.1	5.17	4793700	1.55	2247	帝龙新材	SZ
1306	3/5/09	5.31	5.5	5.21	5.38	10106400	1.61	2247	帝龙新材	SZ
1307	3/4/09	5.05	5.37	5.01	5.29	11622200	1.59	2247	帝龙新材	SZ
1308	3/3/09	4.69	5.11	4.61	5.11	11489100	1.53	2247	帝龙新材	SZ
1309	3/2/09	4.66	4.83	4.63	4.69	4522400	1.41	2247	帝龙新材	SZ
1310	2/27/09	4.83	4.88	4.34	4.76	7200100	1.43	2247	帝龙新材	SZ
1311	2/26/09	5.07	5.22	4.54	4.83	6986700	1.45	2247	帝龙新材	SZ
1312	2/25/09	5.02	5.08	4.81	5.04	3958100	1.51	2247	帝龙新材	SZ
1313	2/24/09	5.22	5.22	4.94	4.97	5360600	1.49	2247	帝龙新材	SZ
1314	2/23/09	5.17	5.3	5.03	5.26	6146100	1.58	2247	帝龙新材	SZ
1315	2/20/09	5.2	5.22	5.02	5.17	6324500	1.55	2247	帝龙新材	SZ
1316	2/19/09	4.93	5.27	4.93	5.23	12096400	1.57	2247	帝龙新材	SZ
1317	2/18/09	4.8	5.04	4.78	4.98	7141900	1.49	2247	帝龙新材	SZ
1318	2/17/09	5.1	5.16	4.94	4.94	10789500	1.48	2247	帝龙新材	SZ
1319	2/16/09	4.82	5.09	4.72	5.09	9739100	1.53	2247	帝龙新材	SZ
1320	2/12/09	4.73	4.78	4.57	4.7	3275700	1.41	2247	帝龙新材	SZ
1321	2/11/09	4.77	4.89	4.61	4.73	5113200	1.42	2247	帝龙新材	SZ
1322	2/10/09	4.93	4.96	4.7	4.82	5487700	1.44	2247	帝龙新材	SZ
1323	2/9/09	4.58	4.89	4.52	4.86	6917600	1.46	2247	帝龙新材	SZ
1324	2/6/09	4.44	4.58	4.44	4.57	4066600	1.37	2247	帝龙新材	SZ
1325	2/5/09	4.56	4.6	4.44	4.46	3608600	1.34	2247	帝龙新材	SZ
1326	2/4/09	4.61	4.61	4.47	4.57	3282300	1.37	2247	帝龙新材	SZ
1327	2/3/09	4.48	4.61	4.47	4.57	2887900	1.37	2247	帝龙新材	SZ
1328	2/2/09	4.41	4.49	4.35	4.48	2136700	1.34	2247	帝龙新材	SZ
1329	1/23/09	4.41	4.43	4.34	4.36	1733000	1.31	2247	帝龙新材	SZ
1330	1/22/09	4.33	4.43	4.31	4.42	2997600	1.33	2247	帝龙新材	SZ
1331	1/21/09	4.35	4.45	4.28	4.33	3744500	1.3	2247	帝龙新材	SZ
1332	1/20/09	4.45	4.48	4.33	4.41	2370700	1.32	2247	帝龙新材	SZ
1333	1/19/09	4.53	4.59	4.34	4.45	3111600	1.33	2247	帝龙新材	SZ
1334	1/16/09	4.62	4.72	4.51	4.53	3046000	1.36	2247	帝龙新材	SZ
1335	1/15/09	4.53	4.66	4.47	4.6	3527100	1.38	2247	帝龙新材	SZ
1336	1/14/09	4.33	4.59	4.3	4.58	3539200	1.37	2247	帝龙新材	SZ
1337	1/13/09	4.45	4.55	4.34	4.35	4727700	1.3	2247	帝龙新材	SZ
1338	1/12/09	4.68	4.81	4.5	4.5	7495600	1.35	2247	帝龙新材	SZ
1339	1/9/09	4.43	4.72	4.43	4.62	7292000	1.38	2247	帝龙新材	SZ
1340	1/8/09	4.23	4.45	4.14	4.44	5472700	1.33	2247	帝龙新材	SZ
1341	1/7/09	4.27	4.36	4.25	4.28	3880300	1.28	2247	帝龙新材	SZ
1342	1/6/09	4.21	4.35	4.2	4.26	4127300	1.28	2247	帝龙新材	SZ
1343	1/5/09	4.08	4.3	4.08	4.28	4542400	1.28	2247	帝龙新材	SZ
1344	1/2/09	4.07	4.07	4.07	4.07	0	1.22	2247	帝龙新材	SZ
1345	1/1/09	4.07	4.07	4.07	4.07	0	1.22	2247	帝龙新材	SZ
1346	12/31/08	4.1	4.17	4	4.07	3583700	1.22	2247	帝龙新材	SZ
1347	12/30/08	3.93	4.13	3.93	4.06	3745800	1.22	2247	帝龙新材	SZ
1348	12/29/08	4.08	4.08	3.8	3.94	3177100	1.18	2247	帝龙新材	SZ
1349	12/26/08	3.98	4.18	3.95	4.07	4310600	1.22	2247	帝龙新材	SZ
1350	12/25/08	3.85	4.15	3.84	4	5048900	1.2	2247	帝龙新材	SZ
1351	12/24/08	3.9	3.96	3.77	3.85	4691500	1.15	2247	帝龙新材	SZ
1352	12/23/08	4.43	4.54	3.96	3.97	9093600	1.19	2247	帝龙新材	SZ
1353	12/22/08	4.03	4.36	4	4.36	9127800	1.31	2247	帝龙新材	SZ
1354	12/19/08	3.89	4.02	3.87	3.97	5345800	1.19	2247	帝龙新材	SZ
1355	12/18/08	3.75	3.92	3.68	3.9	4361400	1.17	2247	帝龙新材	SZ
1356	12/17/08	3.77	3.9	3.74	3.78	4074700	1.13	2247	帝龙新材	SZ
1357	12/16/08	3.7	3.82	3.5	3.8	3161100	1.14	2247	帝龙新材	SZ
1358	12/15/08	3.67	3.81	3.61	3.72	3215600	1.12	2247	帝龙新材	SZ
1359	12/12/08	3.8	3.93	3.54	3.63	4376400	1.09	2247	帝龙新材	SZ
1360	12/11/08	3.93	4.08	3.84	3.84	6599000	1.15	2247	帝龙新材	SZ
1361	12/10/08	3.57	3.89	3.57	3.89	4506000	1.16	2247	帝龙新材	SZ
1362	12/9/08	3.77	3.8	3.61	3.63	3801600	1.09	2247	帝龙新材	SZ
1363	12/8/08	3.73	3.94	3.69	3.81	6542000	1.14	2247	帝龙新材	SZ
1364	12/5/08	3.33	3.66	3.33	3.65	5974600	1.09	2247	帝龙新材	SZ
1365	12/4/08	3.38	3.63	3.35	3.36	5517500	1.01	2247	帝龙新材	SZ
1366	12/3/08	3.25	3.39	3.23	3.36	3927300	1.01	2247	帝龙新材	SZ
1367	12/2/08	3.08	3.3	3.01	3.2	4709100	0.96	2247	帝龙新材	SZ
1368	12/1/08	2.92	3.13	2.92	3.13	3625300	0.94	2247	帝龙新材	SZ
1369	11/28/08	2.88	2.95	2.87	2.92	1308500	0.87	2247	帝龙新材	SZ
1370	11/27/08	3.06	3.1	2.91	2.91	3274600	0.87	2247	帝龙新材	SZ
1371	11/26/08	2.91	2.91	2.84	2.87	1170500	0.86	2247	帝龙新材	SZ
1372	11/25/08	2.9	2.93	2.79	2.86	1509900	0.86	2247	帝龙新材	SZ
1373	11/24/08	2.97	3	2.83	2.83	1845200	0.85	2247	帝龙新材	SZ
1374	11/21/08	2.94	3.09	2.84	2.97	3963400	0.89	2247	帝龙新材	SZ
1375	11/20/08	3.03	3.19	3	3.08	3570800	0.92	2247	帝龙新材	SZ
1376	11/19/08	2.81	3.09	2.81	3.09	4694100	0.93	2247	帝龙新材	SZ
1377	11/18/08	3.07	3.15	2.8	2.81	4332000	0.84	2247	帝龙新材	SZ
1378	11/17/08	2.93	3.1	2.88	3.08	3180800	0.92	2247	帝龙新材	SZ
1379	11/14/08	2.88	2.99	2.84	2.95	3301000	0.88	2247	帝龙新材	SZ
1380	11/13/08	2.76	2.93	2.72	2.89	3664600	0.87	2247	帝龙新材	SZ
1381	11/12/08	2.64	2.79	2.57	2.79	1896000	0.84	2247	帝龙新材	SZ
1382	11/11/08	2.6	2.73	2.6	2.64	2533200	0.79	2247	帝龙新材	SZ
1383	11/10/08	2.48	2.65	2.47	2.64	2336900	0.79	2247	帝龙新材	SZ
1384	11/7/08	2.36	2.49	2.35	2.46	1242400	0.74	2247	帝龙新材	SZ
1385	11/6/08	2.37	2.4	2.33	2.39	519300	0.72	2247	帝龙新材	SZ
1386	11/5/08	2.27	2.43	2.27	2.41	1306900	0.72	2247	帝龙新材	SZ
1387	11/4/08	2.35	2.38	2.3	2.33	780900	0.7	2247	帝龙新材	SZ
1388	11/3/08	2.35	2.38	2.32	2.34	693900	0.7	2247	帝龙新材	SZ
1389	10/31/08	2.41	2.42	2.32	2.33	1318600	0.7	2247	帝龙新材	SZ
1390	10/30/08	2.47	2.48	2.33	2.42	2709800	0.73	2247	帝龙新材	SZ
1391	10/29/08	2.55	2.63	2.5	2.5	1272300	0.75	2247	帝龙新材	SZ
1392	10/28/08	2.43	2.57	2.4	2.53	759200	0.76	2247	帝龙新材	SZ
1393	10/27/08	2.57	2.6	2.44	2.47	1099600	0.74	2247	帝龙新材	SZ
1394	10/24/08	2.67	2.69	2.59	2.61	862600	0.78	2247	帝龙新材	SZ
1395	10/23/08	2.54	2.63	2.53	2.63	758600	0.79	2247	帝龙新材	SZ
1396	10/22/08	2.63	2.65	2.58	2.6	664600	0.78	2247	帝龙新材	SZ
1397	10/21/08	2.66	2.72	2.62	2.64	1498200	0.79	2247	帝龙新材	SZ
1398	10/20/08	2.51	2.66	2.51	2.62	869300	0.78	2247	帝龙新材	SZ
1399	10/17/08	2.5	2.55	2.5	2.55	991700	0.76	2247	帝龙新材	SZ
1400	10/16/08	2.6	2.6	2.47	2.48	1472000	0.74	2247	帝龙新材	SZ
1401	10/15/08	2.68	2.73	2.64	2.67	837400	0.8	2247	帝龙新材	SZ
1402	10/14/08	2.88	2.93	2.65	2.67	1056400	0.8	2247	帝龙新材	SZ
1403	10/13/08	2.82	2.85	2.62	2.8	1087900	0.84	2247	帝龙新材	SZ
1404	10/10/08	2.97	2.97	2.8	2.81	1166900	0.84	2247	帝龙新材	SZ
1405	10/9/08	3.11	3.17	3.04	3.07	712800	0.92	2247	帝龙新材	SZ
1406	10/8/08	3.1	3.16	3.05	3.07	825600	0.92	2247	帝龙新材	SZ
1407	10/7/08	3.1	3.19	3.07	3.14	787800	0.94	2247	帝龙新材	SZ
1408	10/6/08	3.26	3.26	3.15	3.15	1158500	0.94	2247	帝龙新材	SZ
1409	10/3/08	3.35	3.35	3.35	3.35	0	1	2247	帝龙新材	SZ
1410	10/2/08	3.35	3.35	3.35	3.35	0	1	2247	帝龙新材	SZ
1411	10/1/08	3.35	3.35	3.35	3.35	0	1	2247	帝龙新材	SZ
1412	9/30/08	3.35	3.35	3.35	3.35	0	1	2247	帝龙新材	SZ
1413	9/29/08	3.35	3.35	3.35	3.35	0	1	2247	帝龙新材	SZ
1414	9/26/08	3.38	3.47	3.3	3.35	1460200	1	2247	帝龙新材	SZ
1415	9/25/08	3.24	3.39	3.24	3.37	2152700	1.01	2247	帝龙新材	SZ
1416	9/24/08	3.16	3.27	3.12	3.26	1104500	0.98	2247	帝龙新材	SZ
1417	9/23/08	3.37	3.42	3.2	3.21	3102800	0.96	2247	帝龙新材	SZ
1418	9/22/08	3.66	3.73	3.43	3.51	6140500	1.05	2247	帝龙新材	SZ
1419	9/19/08	3.35	3.42	3.33	3.42	5133100	1.03	2247	帝龙新材	SZ
1420	9/18/08	3.13	3.21	2.96	3.11	2455700	0.93	2247	帝龙新材	SZ
1421	9/17/08	3.26	3.28	3.18	3.2	1612400	0.96	2247	帝龙新材	SZ
1422	9/16/08	3.27	3.32	3.15	3.28	3765900	0.98	2247	帝龙新材	SZ
1423	9/15/08	3.3	3.3	3.3	3.3	0	0.99	2247	帝龙新材	SZ
1424	9/12/08	3.23	3.4	3.2	3.3	7536000	0.99	2247	帝龙新材	SZ
1425	9/11/08	3.41	3.47	3.4	3.42	922400	1.03	2247	帝龙新材	SZ
1426	9/10/08	3.41	3.52	3.37	3.43	632700	1.03	2247	帝龙新材	SZ
1427	9/9/08	3.44	3.48	3.41	3.44	411600	1.03	2247	帝龙新材	SZ
1428	9/8/08	3.74	3.8	3.44	3.46	1156800	1.04	2247	帝龙新材	SZ
1429	9/5/08	3.8	3.85	3.74	3.76	618300	1.13	2247	帝龙新材	SZ
1430	9/4/08	3.8	3.92	3.79	3.88	516200	1.16	2247	帝龙新材	SZ
1431	9/3/08	3.79	3.85	3.76	3.81	634100	1.14	2247	帝龙新材	SZ
1432	9/2/08	3.8	3.83	3.74	3.8	313100	1.14	2247	帝龙新材	SZ
1433	9/1/08	3.87	3.89	3.78	3.82	561700	1.14	2247	帝龙新材	SZ
1434	8/29/08	3.79	3.92	3.79	3.9	869500	1.17	2247	帝龙新材	SZ
1435	8/28/08	3.8	3.86	3.75	3.79	343700	1.13	2247	帝龙新材	SZ
1436	8/27/08	3.84	3.9	3.73	3.8	629200	1.14	2247	帝龙新材	SZ
1437	8/26/08	4.07	4.07	3.78	3.86	956900	1.16	2247	帝龙新材	SZ
1438	8/25/08	4.07	4.14	4.03	4.09	670000	1.22	2247	帝龙新材	SZ
1439	8/22/08	4.07	4.13	4	4.07	719200	1.22	2247	帝龙新材	SZ
1440	8/21/08	4.3	4.36	4.1	4.13	1106900	1.24	2247	帝龙新材	SZ
1441	8/20/08	4.01	4.4	3.99	4.38	1824300	1.31	2247	帝龙新材	SZ
1442	8/19/08	3.99	4.1	3.99	4.09	658600	1.23	2247	帝龙新材	SZ
1443	8/18/08	4.33	4.33	3.98	3.99	1064500	1.2	2247	帝龙新材	SZ
1444	8/15/08	4.33	4.37	4.21	4.32	571300	1.29	2247	帝龙新材	SZ
1445	8/14/08	4.18	4.33	4.18	4.29	472000	1.29	2247	帝龙新材	SZ
1446	8/13/08	4.3	4.37	4.11	4.3	846400	1.29	2247	帝龙新材	SZ
1447	8/12/08	4.27	4.35	4.17	4.3	1011500	1.29	2247	帝龙新材	SZ
1448	8/11/08	4.77	4.83	4.31	4.31	1665700	1.29	2247	帝龙新材	SZ
1449	8/8/08	5.13	5.16	4.77	4.78	1405400	1.43	2247	帝龙新材	SZ
1450	8/7/08	5.04	5.13	5	5.13	733900	1.54	2247	帝龙新材	SZ
1451	8/6/08	5.13	5.16	5	5.05	877000	1.51	2247	帝龙新材	SZ
1452	8/5/08	5.16	5.23	5.07	5.08	992600	1.52	2247	帝龙新材	SZ
1453	8/4/08	5.22	5.32	5.17	5.17	1058300	1.55	2247	帝龙新材	SZ
1454	8/1/08	5.23	5.33	5.07	5.3	2304600	1.59	2247	帝龙新材	SZ
1455	7/31/08	5.42	5.42	5.42	5.42	0	1.62	2247	帝龙新材	SZ
1456	7/30/08	5.33	5.49	5.32	5.42	4422800	1.62	2247	帝龙新材	SZ
1457	7/29/08	5.24	5.32	5.22	5.28	1918700	1.58	2247	帝龙新材	SZ
1458	7/28/08	5.37	5.41	5.29	5.33	2124700	1.6	2247	帝龙新材	SZ
1459	7/25/08	5.25	5.35	5.2	5.33	2535000	1.6	2247	帝龙新材	SZ
1460	7/24/08	5.2	5.29	5.17	5.27	2234900	1.58	2247	帝龙新材	SZ
1461	7/23/08	5.18	5.25	5.16	5.17	2214200	1.55	2247	帝龙新材	SZ
1462	7/22/08	5.18	5.23	5.14	5.2	1745700	1.56	2247	帝龙新材	SZ
1463	7/21/08	5.06	5.2	5.01	5.18	1875400	1.55	2247	帝龙新材	SZ
1464	7/18/08	5.06	5.08	4.83	5.03	1807400	1.51	2247	帝龙新材	SZ
1465	7/17/08	4.96	5.08	4.93	4.95	1319200	1.48	2247	帝龙新材	SZ
1466	7/16/08	5.08	5.09	4.83	4.9	1965300	1.47	2247	帝龙新材	SZ
1467	7/15/08	5.32	5.33	5.07	5.08	2444300	1.52	2247	帝龙新材	SZ
1468	7/14/08	5.18	5.33	5.18	5.32	1478000	1.59	2247	帝龙新材	SZ
1469	7/11/08	5.27	5.32	5.15	5.21	2320700	1.56	2247	帝龙新材	SZ
1470	7/10/08	5.4	5.46	5.33	5.33	2917300	1.6	2247	帝龙新材	SZ
1471	7/9/08	5.42	5.46	5.37	5.44	3551200	1.63	2247	帝龙新材	SZ
1472	7/8/08	5.36	5.5	5.25	5.35	3903000	1.6	2247	帝龙新材	SZ
1473	7/7/08	5.09	5.39	5.09	5.33	3714400	1.6	2247	帝龙新材	SZ
1474	7/4/08	5.17	5.23	5.03	5.09	2323000	1.53	2247	帝龙新材	SZ
1475	7/3/08	4.86	5.3	4.86	5.18	3504900	1.55	2247	帝龙新材	SZ
1476	7/2/08	5.06	5.13	5	5.07	1514300	1.52	2247	帝龙新材	SZ
1477	7/1/08	4.92	5.15	4.92	5.03	3307800	1.51	2247	帝龙新材	SZ
1478	6/30/08	4.77	4.97	4.74	4.88	1535800	1.46	2247	帝龙新材	SZ
1479	6/27/08	5.1	5.11	4.8	4.83	3097500	1.45	2247	帝龙新材	SZ
1480	6/26/08	5.17	5.33	5.12	5.24	3208800	1.57	2247	帝龙新材	SZ
1481	6/25/08	4.93	5.25	4.9	5.18	3619900	1.55	2247	帝龙新材	SZ
1482	6/24/08	4.83	5.05	4.8	4.98	2472500	1.49	2247	帝龙新材	SZ
1483	6/23/08	4.99	5.08	4.84	4.86	2968400	1.46	2247	帝龙新材	SZ
1484	6/20/08	5.2	5.44	4.84	5.13	5281600	1.54	2247	帝龙新材	SZ
1485	6/19/08	5.67	5.71	5.18	5.19	7107800	1.55	2247	帝龙新材	SZ
1486	6/18/08	5.57	5.83	5.45	5.76	4808500	1.73	2247	帝龙新材	SZ
1487	6/17/08	5.79	5.99	5.57	5.61	4571300	1.68	2247	帝龙新材	SZ
1488	6/16/08	5.71	5.97	5.54	5.89	7510600	1.77	2247	帝龙新材	SZ
1489	6/13/08	6	6.17	5.66	5.78	14347400	1.73	2247	帝龙新材	SZ
1490	6/12/08	7	7.1	6.27	6.27	33473000	1.88	2247	帝龙新材	SZ
1491	5/28/08	5.35	5.35	5.35	5.35	0	1.6	2247	帝龙新材	SZ
