0	4/29/14	10.27	10.37	9.99	10.3	9831600	10.3	2313	日海通讯	SZ
1	4/28/14	10.99	11	10.13	10.25	9602300	10.25	2313	日海通讯	SZ
2	4/25/14	11.6	11.6	11.05	11.09	8594300	11.09	2313	日海通讯	SZ
3	4/24/14	11.88	11.98	11.57	11.73	6788500	11.73	2313	日海通讯	SZ
4	4/23/14	12.28	12.33	11.9	11.95	12117700	11.95	2313	日海通讯	SZ
5	4/22/14	11.99	12.8	11.95	12.41	21430200	12.41	2313	日海通讯	SZ
6	4/21/14	12.04	12.29	11.64	11.64	7078200	11.64	2313	日海通讯	SZ
7	4/18/14	12.26	12.34	12.04	12.04	4272100	12.04	2313	日海通讯	SZ
8	4/17/14	12.28	12.35	12.24	12.26	2851300	12.26	2313	日海通讯	SZ
9	4/16/14	12.18	12.33	12.14	12.28	3528700	12.28	2313	日海通讯	SZ
10	4/15/14	12.21	12.34	12.16	12.3	5480900	12.3	2313	日海通讯	SZ
11	4/14/14	12.16	12.27	12.12	12.26	2880600	12.26	2313	日海通讯	SZ
12	4/11/14	12.01	12.34	11.91	12.25	5455000	12.25	2313	日海通讯	SZ
13	4/10/14	12.14	12.22	12.02	12.13	4059900	12.13	2313	日海通讯	SZ
14	4/9/14	11.99	12.24	11.96	12.11	5504600	12.11	2313	日海通讯	SZ
15	4/8/14	11.72	12.03	11.7	11.98	5073700	11.98	2313	日海通讯	SZ
16	4/7/14	11.77	11.77	11.77	11.77	0	11.77	2313	日海通讯	SZ
17	4/4/14	11.71	11.77	11.6	11.77	3598400	11.77	2313	日海通讯	SZ
18	4/3/14	11.67	11.77	11.59	11.69	3184800	11.69	2313	日海通讯	SZ
19	4/2/14	11.73	11.75	11.56	11.61	3430600	11.61	2313	日海通讯	SZ
20	4/1/14	11.43	11.69	11.35	11.69	3459400	11.69	2313	日海通讯	SZ
21	3/31/14	12.46	12.48	11.42	11.49	11704700	11.49	2313	日海通讯	SZ
22	3/28/14	12.89	13.05	12.62	12.69	3914000	12.69	2313	日海通讯	SZ
23	3/27/14	13.32	13.35	12.84	12.88	5510600	12.88	2313	日海通讯	SZ
24	3/26/14	13.45	13.48	13.24	13.3	3447600	13.3	2313	日海通讯	SZ
25	3/25/14	13.3	13.46	13.21	13.44	4575300	13.44	2313	日海通讯	SZ
26	3/24/14	13.25	13.39	13.19	13.32	3721400	13.32	2313	日海通讯	SZ
27	3/21/14	12.81	13.28	12.73	13.22	4747800	13.22	2313	日海通讯	SZ
28	3/20/14	13.4	13.4	12.82	12.85	6683100	12.85	2313	日海通讯	SZ
29	3/19/14	13.26	13.65	13.21	13.49	7351300	13.49	2313	日海通讯	SZ
30	3/18/14	13.27	13.46	13.2	13.27	5871500	13.27	2313	日海通讯	SZ
31	3/17/14	12.9	13.25	12.76	13.24	5040300	13.24	2313	日海通讯	SZ
32	3/14/14	12.9	13.03	12.8	12.9	3162200	12.9	2313	日海通讯	SZ
33	3/13/14	12.81	13.15	12.8	13.03	5179200	13.03	2313	日海通讯	SZ
34	3/12/14	12.81	12.95	12.43	12.92	9602600	12.92	2313	日海通讯	SZ
35	3/11/14	12.82	13.05	12.71	12.85	3786900	12.85	2313	日海通讯	SZ
36	3/10/14	13.41	13.41	12.75	12.84	5940000	12.84	2313	日海通讯	SZ
37	3/7/14	13.68	13.79	13.5	13.52	5748200	13.52	2313	日海通讯	SZ
38	3/6/14	13.35	13.79	13.35	13.66	7630500	13.66	2313	日海通讯	SZ
39	3/5/14	13.5	13.69	13.29	13.33	9511000	13.33	2313	日海通讯	SZ
40	3/4/14	13.33	13.56	13.24	13.46	5942800	13.46	2313	日海通讯	SZ
41	3/3/14	13.18	13.43	13.03	13.43	6737900	13.43	2313	日海通讯	SZ
42	2/28/14	13	13.25	12.81	13.21	6565000	13.21	2313	日海通讯	SZ
43	2/27/14	13.64	13.74	13.12	13.12	7347900	13.12	2313	日海通讯	SZ
44	2/26/14	13.5	13.64	13.12	13.53	5933100	13.53	2313	日海通讯	SZ
45	2/25/14	14.33	14.5	13.45	13.59	7831900	13.59	2313	日海通讯	SZ
46	2/24/14	14.4	14.4	14.1	14.33	6068800	14.33	2313	日海通讯	SZ
47	2/21/14	14.43	14.7	14.35	14.49	6211600	14.49	2313	日海通讯	SZ
48	2/20/14	14.82	14.93	14.41	14.46	7790600	14.46	2313	日海通讯	SZ
49	2/19/14	14.97	15.12	14.71	14.83	8651500	14.83	2313	日海通讯	SZ
50	2/18/14	15.1	15.1	14.79	14.99	11905900	14.99	2313	日海通讯	SZ
51	2/17/14	14.47	15.05	14.45	15.01	13188900	15.01	2313	日海通讯	SZ
52	2/14/14	14.13	14.6	14.13	14.38	9810400	14.38	2313	日海通讯	SZ
53	2/13/14	14.64	14.76	14.23	14.24	8076200	14.24	2313	日海通讯	SZ
54	2/12/14	14.26	14.75	14.26	14.74	9130700	14.74	2313	日海通讯	SZ
55	2/11/14	14.38	14.75	14.1	14.35	11668400	14.35	2313	日海通讯	SZ
56	2/10/14	13.87	14.39	13.85	14.39	10582500	14.39	2313	日海通讯	SZ
57	2/7/14	13.1	13.89	13	13.8	8596700	13.8	2313	日海通讯	SZ
58	2/6/14	13.27	13.27	13.27	13.27	0	13.27	2313	日海通讯	SZ
59	2/5/14	13.27	13.27	13.27	13.27	0	13.27	2313	日海通讯	SZ
60	2/3/14	13.27	13.27	13.27	13.27	0	13.27	2313	日海通讯	SZ
61	1/31/14	13.27	13.27	13.27	13.27	0	13.27	2313	日海通讯	SZ
62	1/30/14	13.55	13.55	13	13.27	7537500	13.27	2313	日海通讯	SZ
63	1/29/14	13.63	13.73	13.53	13.59	7960100	13.59	2313	日海通讯	SZ
64	1/28/14	13.49	13.68	13.42	13.58	5130700	13.58	2313	日海通讯	SZ
65	1/27/14	13.52	13.74	13.31	13.48	7438300	13.48	2313	日海通讯	SZ
66	1/24/14	13.48	13.72	13.4	13.66	10609400	13.66	2313	日海通讯	SZ
67	1/23/14	13.21	13.7	13.12	13.54	11031200	13.54	2313	日海通讯	SZ
68	1/22/14	12.88	13.24	12.83	13.21	10045400	13.21	2313	日海通讯	SZ
69	1/21/14	12.75	12.98	12.72	12.88	8559100	12.88	2313	日海通讯	SZ
70	1/20/14	13.15	13.3	12.67	12.84	15278200	12.84	2313	日海通讯	SZ
71	1/17/14	13.81	14.07	13.75	13.75	11782400	13.75	2313	日海通讯	SZ
72	1/16/14	15.2	15.4	15.12	15.28	6048500	15.28	2313	日海通讯	SZ
73	1/15/14	15.83	15.86	14.94	15.21	12203700	15.21	2313	日海通讯	SZ
74	1/14/14	15.38	15.74	15.38	15.72	3865900	15.72	2313	日海通讯	SZ
75	1/13/14	15.48	15.74	15.23	15.35	3636400	15.35	2313	日海通讯	SZ
76	1/10/14	16.24	16.25	15.41	15.49	8289400	15.49	2313	日海通讯	SZ
77	1/9/14	16.55	16.9	16.31	16.33	10620200	16.33	2313	日海通讯	SZ
78	1/8/14	16.2	16.6	16.12	16.6	8343200	16.6	2313	日海通讯	SZ
79	1/7/14	16.03	16.2	15.86	16.13	4279600	16.13	2313	日海通讯	SZ
80	1/6/14	16.58	16.6	16.01	16.07	7356600	16.07	2313	日海通讯	SZ
81	1/3/14	16.26	16.9	16.21	16.72	12137200	16.72	2313	日海通讯	SZ
82	1/2/14	16.04	16.33	15.89	16.31	5128900	16.31	2313	日海通讯	SZ
83	1/1/14	16.03	16.03	16.03	16.03	0	16.03	2313	日海通讯	SZ
84	12/31/13	16.19	16.21	15.86	16.03	3672300	16.03	2313	日海通讯	SZ
85	12/30/13	16.39	16.48	16.22	16.27	4953200	16.27	2313	日海通讯	SZ
86	12/27/13	16	16.48	16	16.36	6844100	16.36	2313	日海通讯	SZ
87	12/26/13	16.21	16.3	15.78	16.15	7546500	16.15	2313	日海通讯	SZ
88	12/25/13	15.75	16.18	15.72	16.18	4897100	16.18	2313	日海通讯	SZ
89	12/24/13	15.54	15.9	15.54	15.74	3499200	15.74	2313	日海通讯	SZ
90	12/23/13	15.76	15.83	15.31	15.52	3140800	15.52	2313	日海通讯	SZ
91	12/20/13	15.88	16.03	15.72	15.72	3752400	15.72	2313	日海通讯	SZ
92	12/19/13	16.05	16.17	15.89	15.9	3702600	15.9	2313	日海通讯	SZ
93	12/18/13	15.9	16.12	15.85	15.9	2894700	15.9	2313	日海通讯	SZ
94	12/17/13	16.17	16.17	15.81	15.9	3510700	15.9	2313	日海通讯	SZ
95	12/16/13	16.11	16.3	16.01	16.09	3746600	16.09	2313	日海通讯	SZ
96	12/13/13	16.15	16.31	16.02	16.19	3777200	16.19	2313	日海通讯	SZ
97	12/12/13	16.08	16.44	16.01	16.28	5955700	16.28	2313	日海通讯	SZ
98	12/11/13	16.28	16.31	16	16.06	6301200	16.06	2313	日海通讯	SZ
99	12/10/13	16.66	16.78	16.23	16.33	7864900	16.33	2313	日海通讯	SZ
100	12/9/13	16.62	16.76	16.56	16.65	5130800	16.65	2313	日海通讯	SZ
101	12/6/13	17.05	17.07	16.51	16.62	11258500	16.62	2313	日海通讯	SZ
102	12/5/13	17.94	18.08	17.1	17.12	25756900	17.12	2313	日海通讯	SZ
103	12/4/13	17.17	17.85	17.15	17.65	23459100	17.65	2313	日海通讯	SZ
104	12/3/13	15.91	17.52	15.6	17.01	14367800	17.01	2313	日海通讯	SZ
105	12/2/13	16.73	16.97	15.88	15.94	11195600	15.94	2313	日海通讯	SZ
106	11/29/13	17.18	17.42	16.96	17.38	12256600	17.38	2313	日海通讯	SZ
107	11/28/13	17.99	18.11	17.11	17.16	16039800	17.16	2313	日海通讯	SZ
108	11/27/13	16.87	17.55	16.76	17.45	10978500	17.45	2313	日海通讯	SZ
109	11/26/13	16.63	16.95	16.57	16.85	5727000	16.85	2313	日海通讯	SZ
110	11/25/13	16.99	17.06	16.62	16.66	7361300	16.66	2313	日海通讯	SZ
111	11/22/13	17.51	17.55	17.01	17.04	8980600	17.04	2313	日海通讯	SZ
112	11/21/13	16.85	17.63	16.71	17.41	21634500	17.41	2313	日海通讯	SZ
113	11/20/13	16.4	16.88	16.32	16.85	11334900	16.85	2313	日海通讯	SZ
114	11/19/13	16.35	16.46	16.19	16.38	7892300	16.38	2313	日海通讯	SZ
115	11/18/13	16.18	16.56	15.87	16.43	13252000	16.43	2313	日海通讯	SZ
116	11/15/13	15.52	16.07	15.46	15.94	9309900	15.94	2313	日海通讯	SZ
117	11/14/13	15.22	15.64	15.2	15.55	5065900	15.55	2313	日海通讯	SZ
118	11/13/13	15.8	15.8	15.27	15.29	5157300	15.29	2313	日海通讯	SZ
119	11/12/13	15.7	15.97	15.65	15.9	5049400	15.9	2313	日海通讯	SZ
120	11/11/13	15.44	15.74	15.3	15.69	3722300	15.69	2313	日海通讯	SZ
121	11/8/13	15.26	15.8	15.2	15.44	4066800	15.44	2313	日海通讯	SZ
122	11/7/13	15.66	15.67	15.35	15.36	2943100	15.36	2313	日海通讯	SZ
123	11/6/13	15.85	16.09	15.65	15.66	5410700	15.66	2313	日海通讯	SZ
124	11/5/13	15.64	15.95	15.39	15.89	5861200	15.89	2313	日海通讯	SZ
125	11/4/13	15.23	15.72	15.23	15.6	6581600	15.6	2313	日海通讯	SZ
126	11/1/13	15.29	15.34	14.87	15.23	3955200	15.23	2313	日海通讯	SZ
127	10/31/13	15.65	15.65	15.28	15.3	4247000	15.3	2313	日海通讯	SZ
128	10/30/13	15.5	15.75	15.39	15.69	5052600	15.69	2313	日海通讯	SZ
129	10/29/13	16.35	16.47	15	15.49	12605100	15.49	2313	日海通讯	SZ
130	10/28/13	16.67	16.8	16.52	16.6	3293700	16.6	2313	日海通讯	SZ
131	10/25/13	16.8	17.03	16.55	16.65	5836700	16.65	2313	日海通讯	SZ
132	10/24/13	16.81	17.07	16.67	16.83	5351500	16.83	2313	日海通讯	SZ
133	10/23/13	17.69	17.8	16.75	16.89	11931200	16.89	2313	日海通讯	SZ
134	10/22/13	18.03	18.15	17.6	17.7	9877800	17.7	2313	日海通讯	SZ
135	10/21/13	17.78	18.15	17.78	18.03	11137900	18.03	2313	日海通讯	SZ
136	10/18/13	17.35	17.9	17.35	17.6	9254100	17.6	2313	日海通讯	SZ
137	10/17/13	17.7	17.84	17.19	17.29	10587600	17.29	2313	日海通讯	SZ
138	10/16/13	18.24	18.3	17.42	17.6	14021500	17.6	2313	日海通讯	SZ
139	10/15/13	18.14	18.59	17.81	18.44	17104800	18.44	2313	日海通讯	SZ
140	10/14/13	19.08	19.08	18.01	18.32	25884100	18.32	2313	日海通讯	SZ
141	10/11/13	20.14	20.48	19.61	19.96	13503700	19.96	2313	日海通讯	SZ
142	10/10/13	20.4	20.45	19.91	19.99	12232000	19.99	2313	日海通讯	SZ
143	10/9/13	20.25	20.6	19.87	20.33	19182400	20.33	2313	日海通讯	SZ
144	10/8/13	19	20.15	18.89	20.12	20007100	20.12	2313	日海通讯	SZ
145	10/7/13	19.04	19.04	19.04	19.04	0	19.04	2313	日海通讯	SZ
146	10/4/13	19.04	19.04	19.04	19.04	0	19.04	2313	日海通讯	SZ
147	10/3/13	19.04	19.04	19.04	19.04	0	19.04	2313	日海通讯	SZ
148	10/2/13	19.04	19.04	19.04	19.04	0	19.04	2313	日海通讯	SZ
149	10/1/13	19.04	19.04	19.04	19.04	0	19.04	2313	日海通讯	SZ
150	9/30/13	18.66	19.17	18.63	19.04	7976500	19.04	2313	日海通讯	SZ
151	9/27/13	19.02	19.38	18.59	18.63	10252300	18.63	2313	日海通讯	SZ
152	9/26/13	18.89	19.53	18.8	19.1	15525800	19.1	2313	日海通讯	SZ
153	9/25/13	18.88	19.43	18.69	19.05	18548700	19.05	2313	日海通讯	SZ
154	9/24/13	18.49	18.95	18.33	18.78	16075300	18.78	2313	日海通讯	SZ
155	9/23/13	18.1	18.8	18.05	18.69	16555600	18.69	2313	日海通讯	SZ
156	9/20/13	17.94	17.94	17.94	17.94	0	17.94	2313	日海通讯	SZ
157	9/18/13	17.6	17.94	17.31	17.94	9001300	17.94	2313	日海通讯	SZ
158	9/17/13	18.47	18.59	17.59	17.66	19364700	17.66	2313	日海通讯	SZ
159	9/16/13	18.11	18.86	18	18.75	11945400	18.75	2313	日海通讯	SZ
160	9/13/13	17.72	18.05	17.36	18.02	10431600	18.02	2313	日海通讯	SZ
161	9/12/13	17.5	18.1	17.49	17.65	12264400	17.65	2313	日海通讯	SZ
162	9/11/13	19.01	19.03	17.14	17.4	23951200	17.4	2313	日海通讯	SZ
163	9/10/13	19.44	19.5	18.95	19.04	9593200	19.04	2313	日海通讯	SZ
164	9/9/13	19.44	19.48	19.2	19.43	9213400	19.43	2313	日海通讯	SZ
165	9/6/13	19.19	19.27	18.75	19.27	10355600	19.27	2313	日海通讯	SZ
166	9/5/13	19.01	19.4	18.9	19.18	9708500	19.18	2313	日海通讯	SZ
167	9/4/13	19.61	19.62	18.9	19	12480000	19	2313	日海通讯	SZ
168	9/3/13	19.25	19.77	19	19.55	12550100	19.55	2313	日海通讯	SZ
169	9/2/13	19.18	19.58	18.68	19.3	11436200	19.3	2313	日海通讯	SZ
170	8/30/13	20.92	21	18.82	19.24	32928500	19.24	2313	日海通讯	SZ
171	8/29/13	20.99	21.38	20.82	20.91	9260600	20.91	2313	日海通讯	SZ
172	8/28/13	21.44	21.81	20.88	20.92	13141300	20.92	2313	日海通讯	SZ
173	8/27/13	22.1	22.39	21.48	21.8	15016600	21.8	2313	日海通讯	SZ
174	8/26/13	22.2	22.61	22.08	22.23	17907600	22.23	2313	日海通讯	SZ
175	8/23/13	21.68	22.55	21.3	22.51	17127000	22.51	2313	日海通讯	SZ
176	8/22/13	21.53	22.26	21.46	21.55	13363100	21.55	2313	日海通讯	SZ
177	8/21/13	21.42	21.65	21.18	21.47	8980900	21.47	2313	日海通讯	SZ
178	8/20/13	21.15	22.1	20.8	21.65	20481000	21.65	2313	日海通讯	SZ
179	8/19/13	19.77	21.2	19.6	21.04	16478700	21.04	2313	日海通讯	SZ
180	8/16/13	19.65	20.25	19.25	19.31	7736700	19.31	2313	日海通讯	SZ
181	8/15/13	20.56	20.86	19.9	19.91	11100600	19.91	2313	日海通讯	SZ
182	8/14/13	20.09	20.65	20.09	20.36	10963600	20.36	2313	日海通讯	SZ
183	8/13/13	20.23	20.5	19.86	19.99	8629000	19.99	2313	日海通讯	SZ
184	8/12/13	21.14	21.16	20.04	20.26	12037700	20.26	2313	日海通讯	SZ
185	8/9/13	20.75	21.5	20.6	21.15	9180600	21.15	2313	日海通讯	SZ
186	8/8/13	20.58	21.38	20.35	20.89	9600700	20.89	2313	日海通讯	SZ
187	8/7/13	22.03	22.25	20.72	20.78	14404900	20.78	2313	日海通讯	SZ
188	8/6/13	21.25	22.29	20.88	21.92	14856000	21.92	2313	日海通讯	SZ
189	8/5/13	20.55	21.41	20.51	21.09	9348900	21.09	2313	日海通讯	SZ
190	8/2/13	20.78	21.2	20.5	20.68	11861100	20.68	2313	日海通讯	SZ
191	8/1/13	19.81	20.8	19.81	20.66	10638400	20.66	2313	日海通讯	SZ
192	7/31/13	19.42	20.46	19.21	19.77	11500600	19.77	2313	日海通讯	SZ
193	7/30/13	19.86	20.1	18.76	19.2	10273300	19.2	2313	日海通讯	SZ
194	7/29/13	19.7	20.68	19.53	19.8	10826000	19.8	2313	日海通讯	SZ
195	7/26/13	20.14	20.56	19.31	20.07	13562000	20.07	2313	日海通讯	SZ
196	7/25/13	21.68	21.68	20.05	20.14	16772800	20.14	2313	日海通讯	SZ
197	7/24/13	21.6	22	20.83	21.69	18203100	21.69	2313	日海通讯	SZ
198	7/23/13	21.58	22.17	21.15	21.6	22233200	21.6	2313	日海通讯	SZ
199	7/22/13	20.62	21.65	20.58	21.4	17110400	21.4	2313	日海通讯	SZ
200	7/19/13	20.3	22	20.08	20.7	39349900	20.7	2313	日海通讯	SZ
201	7/18/13	18.3	20.53	17.92	20.53	45293400	20.53	2313	日海通讯	SZ
202	7/17/13	18.01	19.24	17.6	18.66	31221200	18.66	2313	日海通讯	SZ
203	7/16/13	18.38	18.6	17.74	18.32	31834000	18.32	2313	日海通讯	SZ
204	7/15/13	17.32	18.17	17.31	18.17	19082400	18.17	2313	日海通讯	SZ
205	7/12/13	16.43	17.12	16.39	16.52	7909300	16.52	2313	日海通讯	SZ
206	7/11/13	16.19	16.74	16.01	16.42	10864100	16.42	2313	日海通讯	SZ
207	7/10/13	15.65	16.68	15.65	16.55	14028400	16.55	2313	日海通讯	SZ
208	7/9/13	17.35	17.35	15.44	15.44	17203900	15.44	2313	日海通讯	SZ
209	7/8/13	17.31	17.33	16.7	17.16	6641000	17.16	2313	日海通讯	SZ
210	7/5/13	17.9	17.96	17.32	17.79	9349900	17.79	2313	日海通讯	SZ
211	7/4/13	18.2	18.75	17.7	18.22	19003500	18.22	2313	日海通讯	SZ
212	7/3/13	17.74	18.84	17.42	18.78	10724000	18.78	2313	日海通讯	SZ
213	7/2/13	17.25	18.05	17.19	17.8	9155900	17.8	2313	日海通讯	SZ
214	7/1/13	16.5	17.18	16.2	17.11	6315700	17.11	2313	日海通讯	SZ
215	6/28/13	16.24	16.83	16	16.49	4984200	16.49	2313	日海通讯	SZ
216	6/27/13	17.32	17.5	16.35	16.47	7345300	16.47	2313	日海通讯	SZ
217	6/26/13	16.33	17.31	15.87	17.25	9745800	17.25	2313	日海通讯	SZ
218	6/25/13	14.73	16.33	14.05	16.24	8192400	16.24	2313	日海通讯	SZ
219	6/24/13	15.46	15.84	14.74	14.86	4957800	14.86	2313	日海通讯	SZ
220	6/21/13	16.03	16.16	15.33	15.33	6337700	15.33	2313	日海通讯	SZ
221	6/20/13	16.73	17.02	16.1	16.21	2913300	16.21	2313	日海通讯	SZ
222	6/19/13	17.2	17.27	16.63	16.76	4334700	16.76	2313	日海通讯	SZ
223	6/18/13	17.98	17.98	17.15	17.51	4333400	17.51	2313	日海通讯	SZ
224	6/17/13	17.89	18.47	17.8	18.01	3952300	18.01	2313	日海通讯	SZ
225	6/14/13	17.2	17.98	17.2	17.86	3292600	17.86	2313	日海通讯	SZ
226	6/13/13	17.4	17.4	16.3	17.09	2894300	17.09	2313	日海通讯	SZ
227	6/12/13	17.5	17.5	17.5	17.5	0	17.5	2313	日海通讯	SZ
228	6/11/13	17.5	17.5	17.5	17.5	0	17.5	2313	日海通讯	SZ
229	6/10/13	17.5	17.5	17.5	17.5	0	17.5	2313	日海通讯	SZ
230	6/7/13	17.2	17.52	16.72	17.5	2729900	17.5	2313	日海通讯	SZ
231	6/6/13	17.41	17.58	17.16	17.23	1691100	17.23	2313	日海通讯	SZ
232	6/5/13	17.35	17.56	17.15	17.4	2809300	17.4	2313	日海通讯	SZ
233	6/4/13	18.35	18.36	17	17	5261000	17	2313	日海通讯	SZ
234	6/3/13	18.5	18.77	18.34	18.36	2571000	18.36	2313	日海通讯	SZ
235	5/31/13	18.99	19.01	18.41	18.5	6105000	18.5	2313	日海通讯	SZ
236	5/30/13	18.98	19.34	18.75	19	3304000	19	2313	日海通讯	SZ
237	5/29/13	18.93	19.16	18.85	18.98	2778100	18.98	2313	日海通讯	SZ
238	5/28/13	19.73	19.73	18.7	18.93	6682600	18.93	2313	日海通讯	SZ
239	5/27/13	20.23	20.29	19.6	19.75	7223700	19.75	2313	日海通讯	SZ
240	5/24/13	20.05	20.47	19.81	20.1	4107500	20.1	2313	日海通讯	SZ
241	5/23/13	20.48	20.97	20.04	20.14	3982000	20.14	2313	日海通讯	SZ
242	5/22/13	21	21.2	20.37	20.48	4478000	20.48	2313	日海通讯	SZ
243	5/21/13	19.97	21.05	19.73	21.04	7033000	21.04	2313	日海通讯	SZ
244	5/20/13	20	20.19	19.67	19.96	7044000	19.96	2313	日海通讯	SZ
245	5/17/13	19.32	20	18.9	19.99	8538200	19.99	2313	日海通讯	SZ
246	5/16/13	18.99	19.89	18.98	19.41	5752700	19.41	2313	日海通讯	SZ
247	5/15/13	18.52	19.1	18.52	18.65	4084800	18.65	2313	日海通讯	SZ
248	5/14/13	19.58	19.58	18.25	18.42	7419000	18.42	2313	日海通讯	SZ
249	5/13/13	19.45	20.17	19.25	19.67	3611700	19.67	2313	日海通讯	SZ
250	5/10/13	19.9	20.29	19	19.36	4430300	19.36	2313	日海通讯	SZ
251	5/9/13	19.73	20.68	19.7	19.91	4776100	15.11	2313	日海通讯	SZ
252	5/8/13	19.77	20.02	19.46	19.92	3217200	15.11	2313	日海通讯	SZ
253	5/7/13	20.09	20.11	19.52	19.81	3839200	15.03	2313	日海通讯	SZ
254	5/6/13	19.12	20.29	18.71	20.23	6697300	15.35	2313	日海通讯	SZ
255	5/3/13	18.42	18.91	18.32	18.78	4352400	14.25	2313	日海通讯	SZ
256	5/2/13	18.05	18.62	17.47	18.42	3460500	13.98	2313	日海通讯	SZ
257	5/1/13	18.15	18.15	18.15	18.15	0	13.77	2313	日海通讯	SZ
258	4/30/13	18.15	18.15	18.15	18.15	0	13.77	2313	日海通讯	SZ
259	4/29/13	18.15	18.15	18.15	18.15	0	13.77	2313	日海通讯	SZ
260	4/26/13	17.88	18.33	17.48	18.15	5374400	13.77	2313	日海通讯	SZ
261	4/25/13	18.12	18.84	17.62	17.64	6713300	13.38	2313	日海通讯	SZ
262	4/24/13	17.27	18.34	17.16	18.23	8027200	13.83	2313	日海通讯	SZ
263	4/23/13	17.09	17.73	16.98	17.06	7600100	12.95	2313	日海通讯	SZ
264	4/22/13	16.28	16.73	16.27	16.48	2654900	12.5	2313	日海通讯	SZ
265	4/19/13	16.03	16.45	16	16.27	1887100	12.35	2313	日海通讯	SZ
266	4/18/13	15.89	16.27	15.82	16.08	2298600	12.2	2313	日海通讯	SZ
267	4/17/13	15.49	15.81	15.48	15.77	1222700	11.97	2313	日海通讯	SZ
268	4/16/13	15.15	15.64	14.85	15.48	1532600	11.75	2313	日海通讯	SZ
269	4/15/13	16.04	16.04	15.12	15.28	2062400	11.6	2313	日海通讯	SZ
270	4/12/13	16.58	16.72	15.88	15.92	1947000	12.08	2313	日海通讯	SZ
271	4/11/13	16.81	16.92	16.65	16.68	989100	12.66	2313	日海通讯	SZ
272	4/10/13	16.62	17.05	16.62	16.71	1773500	12.68	2313	日海通讯	SZ
273	4/9/13	16.62	16.85	16.55	16.68	1445400	12.65	2313	日海通讯	SZ
274	4/8/13	15.95	16.66	15.65	16.62	1392400	12.61	2313	日海通讯	SZ
275	4/5/13	16.22	16.22	16.22	16.22	0	12.3	2313	日海通讯	SZ
276	4/4/13	16.22	16.22	16.22	16.22	0	12.3	2313	日海通讯	SZ
277	4/3/13	16.31	16.38	15.68	16.22	1987500	12.3	2313	日海通讯	SZ
278	4/2/13	16.85	17.15	16.15	16.19	2412500	12.29	2313	日海通讯	SZ
279	4/1/13	16.81	17.08	16.16	16.85	1394600	12.79	2313	日海通讯	SZ
280	3/29/13	16.92	17.07	16.54	16.6	1978400	12.6	2313	日海通讯	SZ
281	3/28/13	17.38	17.38	16.69	16.79	2150100	12.74	2313	日海通讯	SZ
282	3/27/13	17.85	17.85	17.27	17.46	2095300	13.25	2313	日海通讯	SZ
283	3/26/13	17.27	17.92	17.1	17.85	3320600	13.55	2313	日海通讯	SZ
284	3/25/13	17.68	17.85	16.99	17.32	4256700	13.14	2313	日海通讯	SZ
285	3/22/13	18.22	18.38	17.46	17.89	4184800	13.58	2313	日海通讯	SZ
286	3/21/13	17.88	18.43	17.69	18.32	4118100	13.9	2313	日海通讯	SZ
287	3/20/13	17.84	18.03	17.39	17.88	3582600	13.57	2313	日海通讯	SZ
288	3/19/13	17.46	17.92	17.23	17.82	3326800	13.52	2313	日海通讯	SZ
289	3/18/13	17.31	17.82	17.15	17.5	3951100	13.28	2313	日海通讯	SZ
290	3/15/13	17	17.85	16.88	17.4	5240600	13.2	2313	日海通讯	SZ
291	3/14/13	16.15	16.97	16.13	16.87	3287800	12.8	2313	日海通讯	SZ
292	3/13/13	16.27	16.63	15.62	16.36	3807100	12.42	2313	日海通讯	SZ
293	3/12/13	17.69	17.88	16.12	16.27	6995200	12.35	2313	日海通讯	SZ
294	3/11/13	17.37	18.12	17.22	17.72	3143500	13.44	2313	日海通讯	SZ
295	3/8/13	17.4	18.23	17.4	17.55	5952600	13.32	2313	日海通讯	SZ
296	3/7/13	17.28	18.35	17.07	17.52	9521000	13.3	2313	日海通讯	SZ
297	3/6/13	15.92	17.46	15.62	17.25	9412200	13.09	2313	日海通讯	SZ
298	3/5/13	15.66	16.2	15.42	16.1	3883900	12.22	2313	日海通讯	SZ
299	3/4/13	16.42	16.45	15.29	15.76	6572200	11.96	2313	日海通讯	SZ
300	3/1/13	16.06	16.65	15.78	16.6	6514100	12.6	2313	日海通讯	SZ
301	2/28/13	16.15	16.54	15.71	16	6365400	12.14	2313	日海通讯	SZ
302	2/27/13	15.74	16.15	15.48	15.89	5897000	12.06	2313	日海通讯	SZ
303	2/26/13	15.69	16.13	15.51	15.53	9667700	11.78	2313	日海通讯	SZ
304	2/25/13	14.73	16.05	14.42	15.92	12894300	12.08	2313	日海通讯	SZ
305	2/22/13	14.58	15.51	14.5	14.58	9677700	11.07	2313	日海通讯	SZ
306	2/21/13	13.87	14.36	13.61	14.24	6872200	10.8	2313	日海通讯	SZ
307	2/20/13	13.49	13.92	13.32	13.87	2051200	10.52	2313	日海通讯	SZ
308	2/19/13	13.87	14.01	13.45	13.47	2071300	10.22	2313	日海通讯	SZ
309	2/18/13	13.92	14.12	13.75	13.9	2578300	10.55	2313	日海通讯	SZ
310	2/15/13	13.85	13.85	13.85	13.85	0	10.51	2313	日海通讯	SZ
311	2/14/13	13.85	13.85	13.85	13.85	0	10.51	2313	日海通讯	SZ
312	2/13/13	13.85	13.85	13.85	13.85	0	10.51	2313	日海通讯	SZ
313	2/12/13	13.85	13.85	13.85	13.85	0	10.51	2313	日海通讯	SZ
314	2/11/13	13.85	13.85	13.85	13.85	0	10.51	2313	日海通讯	SZ
315	2/8/13	13.62	13.98	13.55	13.85	3348100	10.51	2313	日海通讯	SZ
316	2/7/13	13.45	13.58	13.24	13.58	2457700	10.3	2313	日海通讯	SZ
317	2/6/13	13.07	13.53	13.05	13.45	3930100	10.2	2313	日海通讯	SZ
318	2/5/13	12.82	13.06	12.56	12.91	3442500	9.79	2313	日海通讯	SZ
319	2/4/13	13.31	13.4	12.77	12.83	3203000	9.74	2313	日海通讯	SZ
320	2/1/13	13.31	13.39	13.13	13.3	1716700	10.09	2313	日海通讯	SZ
321	1/31/13	13.73	13.88	13.31	13.38	2278100	10.15	2313	日海通讯	SZ
322	1/30/13	14.04	14.12	13.62	13.72	1857600	10.41	2313	日海通讯	SZ
323	1/29/13	13.81	14.06	13.74	13.98	2077200	10.61	2313	日海通讯	SZ
324	1/28/13	13.31	13.85	13.31	13.81	1830800	10.48	2313	日海通讯	SZ
325	1/25/13	13.27	13.45	13.15	13.31	1079500	10.1	2313	日海通讯	SZ
326	1/24/13	13.68	14.04	13.04	13.25	2509700	10.05	2313	日海通讯	SZ
327	1/23/13	13.7	13.96	13.29	13.56	1696800	10.29	2313	日海通讯	SZ
328	1/22/13	14.27	14.35	13.69	13.76	2207100	10.44	2313	日海通讯	SZ
329	1/21/13	13.96	14.26	13.83	14.26	2538100	10.82	2313	日海通讯	SZ
330	1/18/13	13.92	13.99	13.6	13.84	2252500	10.5	2313	日海通讯	SZ
331	1/17/13	14.37	14.38	13.71	13.79	2577800	10.47	2313	日海通讯	SZ
332	1/16/13	14.62	14.62	14.08	14.24	2623200	10.8	2313	日海通讯	SZ
333	1/15/13	14.33	14.85	14.31	14.5	3575300	11	2313	日海通讯	SZ
334	1/14/13	13.72	14.36	13.66	14.25	3256500	10.81	2313	日海通讯	SZ
335	1/11/13	14.46	14.55	13.77	13.84	4250000	10.5	2313	日海通讯	SZ
336	1/10/13	13.84	14.58	13.78	14.57	4582200	11.06	2313	日海通讯	SZ
337	1/9/13	13.62	14.11	13.62	13.85	3224200	10.51	2313	日海通讯	SZ
338	1/8/13	13.65	14.06	13.62	13.62	3176100	10.34	2313	日海通讯	SZ
339	1/7/13	13.77	13.78	13.47	13.61	1833800	10.33	2313	日海通讯	SZ
340	1/4/13	14.16	14.22	13.53	13.78	2785800	10.45	2313	日海通讯	SZ
341	1/3/13	13.94	13.94	13.94	13.94	0	10.58	2313	日海通讯	SZ
342	1/2/13	13.94	13.94	13.94	13.94	0	10.58	2313	日海通讯	SZ
343	1/1/13	13.94	13.94	13.94	13.94	0	10.58	2313	日海通讯	SZ
344	12/31/12	13.55	14.15	13.44	13.94	4796700	10.58	2313	日海通讯	SZ
345	12/28/12	12.77	13.68	12.74	13.55	5117200	10.28	2313	日海通讯	SZ
346	12/27/12	13.23	13.38	12.77	12.78	4554300	9.7	2313	日海通讯	SZ
347	12/26/12	12.42	13.27	12.31	13.2	4894800	10.02	2313	日海通讯	SZ
348	12/25/12	11.94	12.49	11.92	12.35	3084100	9.37	2313	日海通讯	SZ
349	12/24/12	11.93	12.09	11.85	12.02	2067200	9.12	2313	日海通讯	SZ
350	12/21/12	12.22	12.31	11.98	12.05	2698400	9.15	2313	日海通讯	SZ
351	12/20/12	12.04	12.28	11.86	12.27	2657900	9.31	2313	日海通讯	SZ
352	12/19/12	11.69	12.1	11.63	12.04	2527500	9.13	2313	日海通讯	SZ
353	12/18/12	11.66	11.92	11.55	11.72	2281900	8.89	2313	日海通讯	SZ
354	12/17/12	11.65	12.15	11.57	11.66	2547800	8.85	2313	日海通讯	SZ
355	12/14/12	10.94	11.78	10.94	11.58	2551500	8.79	2313	日海通讯	SZ
356	12/13/12	11.05	11.14	10.93	10.95	660000	8.31	2313	日海通讯	SZ
357	12/12/12	11.24	11.25	10.94	11.05	1279700	8.39	2313	日海通讯	SZ
358	12/11/12	11.46	11.46	11.15	11.24	1551600	8.53	2313	日海通讯	SZ
359	12/10/12	11.42	11.55	11.29	11.46	1819600	8.7	2313	日海通讯	SZ
360	12/7/12	11.02	11.38	10.96	11.32	2092600	8.59	2313	日海通讯	SZ
361	12/6/12	11.07	11.13	10.9	11.02	816500	8.36	2313	日海通讯	SZ
362	12/5/12	10.58	11.18	10.58	11.07	1624900	8.4	2313	日海通讯	SZ
363	12/4/12	10.18	10.83	10.14	10.62	977100	8.05	2313	日海通讯	SZ
364	12/3/12	10.77	10.82	10.23	10.24	1133600	7.77	2313	日海通讯	SZ
365	11/30/12	10.62	10.75	10.42	10.69	984600	8.11	2313	日海通讯	SZ
366	11/29/12	10.56	10.92	10.55	10.57	1196200	8.02	2313	日海通讯	SZ
367	11/28/12	10.71	10.75	10.47	10.56	1569600	8.01	2313	日海通讯	SZ
368	11/27/12	11.34	11.34	10.74	10.78	1380700	8.18	2313	日海通讯	SZ
369	11/26/12	11.6	11.61	11.36	11.38	914300	8.63	2313	日海通讯	SZ
370	11/23/12	11.55	11.68	11.48	11.57	1124000	8.78	2313	日海通讯	SZ
371	11/22/12	11.76	11.78	11.52	11.55	815500	8.77	2313	日海通讯	SZ
372	11/21/12	11.84	11.92	11.49	11.88	1267400	9.01	2313	日海通讯	SZ
373	11/20/12	12.08	12.08	11.82	11.84	1312700	8.98	2313	日海通讯	SZ
374	11/19/12	12.23	12.27	11.8	12.01	789200	9.11	2313	日海通讯	SZ
375	11/16/12	12.6	12.61	12.09	12.12	1270700	9.2	2313	日海通讯	SZ
376	11/15/12	12.9	13.13	12.6	12.62	928300	9.57	2313	日海通讯	SZ
377	11/14/12	12.83	13.04	12.75	12.99	866800	9.86	2313	日海通讯	SZ
378	11/13/12	12.85	12.92	12.76	12.82	966400	9.73	2313	日海通讯	SZ
379	11/12/12	12.69	12.86	12.69	12.8	676500	9.71	2313	日海通讯	SZ
380	11/9/12	13.02	13.02	12.68	12.69	1515800	9.63	2313	日海通讯	SZ
381	11/8/12	13.95	13.95	13.05	13.06	1960800	9.91	2313	日海通讯	SZ
382	11/7/12	14.07	14.19	14.04	14.09	635800	10.69	2313	日海通讯	SZ
383	11/6/12	14.28	14.28	13.92	14.08	666400	10.68	2313	日海通讯	SZ
384	11/5/12	14.25	14.25	14.05	14.15	821000	10.74	2313	日海通讯	SZ
385	11/2/12	14.41	14.42	13.96	14.19	1795100	10.77	2313	日海通讯	SZ
386	11/1/12	14.11	14.45	14.1	14.39	1587800	10.92	2313	日海通讯	SZ
387	10/31/12	14.24	14.26	13.92	14.03	1305000	10.65	2313	日海通讯	SZ
388	10/30/12	14.4	14.45	14.24	14.27	864000	10.83	2313	日海通讯	SZ
389	10/29/12	14.31	14.58	14.08	14.35	880500	10.89	2313	日海通讯	SZ
390	10/26/12	14.82	14.82	14.35	14.4	1200200	10.93	2313	日海通讯	SZ
391	10/25/12	15.15	15.15	14.68	14.8	2203800	11.23	2313	日海通讯	SZ
392	10/24/12	15.38	15.73	15.02	15.08	3436200	11.44	2313	日海通讯	SZ
393	10/23/12	16.23	16.23	15.91	15.92	898900	12.08	2313	日海通讯	SZ
394	10/22/12	15.93	16.22	15.91	16.18	794300	12.28	2313	日海通讯	SZ
395	10/19/12	16.3	16.38	16.09	16.14	843900	12.25	2313	日海通讯	SZ
396	10/18/12	15.96	16.3	15.96	16.3	1060300	12.37	2313	日海通讯	SZ
397	10/17/12	16.12	16.15	15.7	16	1134500	12.14	2313	日海通讯	SZ
398	10/16/12	16.22	16.37	16.01	16.04	1127200	12.17	2313	日海通讯	SZ
399	10/15/12	16.92	16.92	15.95	16.13	1996300	12.24	2313	日海通讯	SZ
400	10/12/12	17.15	17.4	16.95	17.15	788100	13.01	2313	日海通讯	SZ
401	10/11/12	17.18	17.29	16.95	16.99	690000	12.89	2313	日海通讯	SZ
402	10/10/12	17.27	17.3	17.06	17.18	984600	13.04	2313	日海通讯	SZ
403	10/9/12	16.52	17.21	16.52	17.12	1088200	12.99	2313	日海通讯	SZ
404	10/8/12	16.69	16.85	16.38	16.51	696200	12.53	2313	日海通讯	SZ
405	10/5/12	16.65	16.65	16.65	16.65	0	12.64	2313	日海通讯	SZ
406	10/4/12	16.65	16.65	16.65	16.65	0	12.64	2313	日海通讯	SZ
407	10/3/12	16.65	16.65	16.65	16.65	0	12.64	2313	日海通讯	SZ
408	10/2/12	16.65	16.65	16.65	16.65	0	12.64	2313	日海通讯	SZ
409	10/1/12	16.65	16.65	16.65	16.65	0	12.64	2313	日海通讯	SZ
410	9/28/12	16.37	16.77	16.19	16.65	629300	12.64	2313	日海通讯	SZ
411	9/27/12	15.87	16.65	15.87	16.44	1177900	12.47	2313	日海通讯	SZ
412	9/26/12	16.31	16.51	15.83	15.87	923300	12.04	2313	日海通讯	SZ
413	9/25/12	17.08	17.22	16.29	16.32	1232900	12.38	2313	日海通讯	SZ
414	9/24/12	16.92	17.28	16.77	17.02	1137200	12.92	2313	日海通讯	SZ
415	9/21/12	17.79	17.97	16.76	17.12	2512400	12.99	2313	日海通讯	SZ
416	9/20/12	18.12	18.25	17.79	17.99	2135800	13.65	2313	日海通讯	SZ
417	9/19/12	18.34	18.44	17.91	18.01	3411000	13.66	2313	日海通讯	SZ
418	9/18/12	17.66	18.85	17.48	18.15	4864900	13.78	2313	日海通讯	SZ
419	9/17/12	17.33	18.08	17.23	17.63	2930900	13.38	2313	日海通讯	SZ
420	9/14/12	17.39	17.66	17.23	17.32	842500	13.14	2313	日海通讯	SZ
421	9/13/12	17.38	17.52	17.25	17.25	798500	13.09	2313	日海通讯	SZ
422	9/12/12	17.69	17.86	17.14	17.46	1465700	13.25	2313	日海通讯	SZ
423	9/11/12	17.92	17.92	17.49	17.58	1509500	13.34	2313	日海通讯	SZ
424	9/10/12	17.12	18.11	17.12	17.95	3105500	13.62	2313	日海通讯	SZ
425	9/7/12	16.88	17.42	16.76	17.16	2216700	13.02	2313	日海通讯	SZ
426	9/6/12	16.28	16.73	16.28	16.69	1048500	12.67	2313	日海通讯	SZ
427	9/5/12	15.78	16.52	15.51	16.28	1061500	12.35	2313	日海通讯	SZ
428	9/4/12	16.05	16.33	15.77	15.86	681500	12.04	2313	日海通讯	SZ
429	9/3/12	15.66	16.14	15.62	16.05	823100	12.18	2313	日海通讯	SZ
430	8/31/12	15.69	15.92	15.61	15.72	736000	11.92	2313	日海通讯	SZ
431	8/30/12	16.38	16.58	15.48	15.85	1278700	12.02	2313	日海通讯	SZ
432	8/29/12	16.46	16.59	16.29	16.38	581900	12.43	2313	日海通讯	SZ
433	8/28/12	16.24	16.68	16.24	16.46	863100	12.49	2313	日海通讯	SZ
434	8/27/12	17.15	17.23	16.25	16.3	1663900	12.37	2313	日海通讯	SZ
435	8/24/12	17.58	17.58	17.15	17.15	1053100	13.02	2313	日海通讯	SZ
436	8/23/12	17.35	17.67	17.25	17.6	1109900	13.35	2313	日海通讯	SZ
437	8/22/12	17.77	17.98	17.22	17.35	1669800	13.16	2313	日海通讯	SZ
438	8/21/12	17.4	17.81	17.33	17.71	1516400	13.44	2313	日海通讯	SZ
439	8/20/12	17.28	17.43	16.97	17.4	838500	13.2	2313	日海通讯	SZ
440	8/17/12	17.36	17.36	17.12	17.28	820800	13.12	2313	日海通讯	SZ
441	8/16/12	17.04	17.38	17.04	17.25	1306000	13.09	2313	日海通讯	SZ
442	8/15/12	17.32	17.43	17.06	17.11	1392000	12.98	2313	日海通讯	SZ
443	8/14/12	17.69	17.81	16.92	17.39	3275500	13.2	2313	日海通讯	SZ
444	8/13/12	18.28	18.31	17.66	17.69	2070900	13.42	2313	日海通讯	SZ
445	8/10/12	19	19.24	18.27	18.32	2396700	13.9	2313	日海通讯	SZ
446	8/9/12	18.48	18.99	18.24	18.85	1167100	14.3	2313	日海通讯	SZ
447	8/8/12	18.63	18.64	18.35	18.5	637800	14.04	2313	日海通讯	SZ
448	8/7/12	18.46	18.68	18.35	18.58	870800	14.1	2313	日海通讯	SZ
449	8/6/12	17.93	18.55	17.78	18.46	1002900	14.01	2313	日海通讯	SZ
450	8/3/12	17.76	17.98	17.54	17.98	475000	13.65	2313	日海通讯	SZ
451	8/2/12	17.55	17.79	17.46	17.58	406900	13.34	2313	日海通讯	SZ
452	8/1/12	17.38	17.82	17.21	17.68	432300	13.41	2313	日海通讯	SZ
453	7/31/12	17.37	17.49	17.09	17.35	384300	13.17	2313	日海通讯	SZ
454	7/30/12	17.52	17.77	17.27	17.32	723900	13.14	2313	日海通讯	SZ
455	7/27/12	18.09	18.25	17.47	17.52	1023500	13.3	2313	日海通讯	SZ
456	7/26/12	18.3	18.32	17.97	18.04	488100	13.69	2313	日海通讯	SZ
457	7/25/12	18.18	18.36	17.96	18.1	337700	13.73	2313	日海通讯	SZ
458	7/24/12	18.24	18.35	17.88	18.18	636000	13.8	2313	日海通讯	SZ
459	7/23/12	18.25	18.55	18.08	18.18	666400	13.8	2313	日海通讯	SZ
460	7/20/12	18.56	18.65	18.23	18.31	769800	13.89	2313	日海通讯	SZ
461	7/19/12	18.29	18.82	18.2	18.65	1126800	14.15	2313	日海通讯	SZ
462	7/18/12	17.73	18.45	17.45	18.38	1331700	13.95	2313	日海通讯	SZ
463	7/17/12	18.04	18.05	17.45	17.62	2079900	13.37	2313	日海通讯	SZ
464	7/16/12	19.38	19.45	18.08	18.12	2034300	13.75	2313	日海通讯	SZ
465	7/13/12	19.23	19.62	19.06	19.22	1782000	14.58	2313	日海通讯	SZ
466	7/12/12	18.29	19.94	17.79	19.42	2868800	14.74	2313	日海通讯	SZ
467	7/11/12	18	18.3	17.79	18.28	849200	13.87	2313	日海通讯	SZ
468	7/10/12	18.82	18.83	18.21	18.21	1310700	13.82	2313	日海通讯	SZ
469	7/9/12	19.03	19.37	18.74	18.88	1996100	14.33	2313	日海通讯	SZ
470	7/6/12	18.45	19.06	18.2	19.04	1946800	14.45	2313	日海通讯	SZ
471	7/5/12	18.55	18.55	18.16	18.32	894700	13.9	2313	日海通讯	SZ
472	7/4/12	18.29	18.75	18.29	18.6	1919700	14.11	2313	日海通讯	SZ
473	7/3/12	17.92	18.75	17.72	18.29	1540500	13.88	2313	日海通讯	SZ
474	7/2/12	17.54	17.92	17.54	17.92	1033100	13.6	2313	日海通讯	SZ
475	6/29/12	17.03	17.65	16.96	17.54	952500	13.31	2313	日海通讯	SZ
476	6/28/12	17.35	17.6	17.1	17.11	680200	12.98	2313	日海通讯	SZ
477	6/27/12	17.38	17.45	17.08	17.35	1355400	13.17	2313	日海通讯	SZ
478	6/26/12	17.45	17.67	17.15	17.36	1110400	13.17	2313	日海通讯	SZ
479	6/25/12	18.2	18.23	17.46	17.47	1035700	13.26	2313	日海通讯	SZ
480	6/22/12	18.25	18.25	18.25	18.25	0	13.85	2313	日海通讯	SZ
481	6/21/12	18.85	18.85	18.24	18.25	1381200	13.85	2313	日海通讯	SZ
482	6/20/12	18.92	19.03	18.72	18.88	1468300	14.33	2313	日海通讯	SZ
483	6/19/12	18.4	18.92	18.4	18.81	2008100	14.27	2313	日海通讯	SZ
484	6/18/12	18.35	18.61	18.3	18.49	1210400	14.03	2313	日海通讯	SZ
485	6/15/12	18.55	18.74	18.08	18.29	1381800	13.88	2313	日海通讯	SZ
486	6/14/12	18.71	18.88	18.46	18.62	1019300	14.13	2313	日海通讯	SZ
487	6/13/12	18.38	18.85	18.38	18.71	1467900	14.2	2313	日海通讯	SZ
488	6/12/12	18.69	18.76	18.35	18.41	719800	13.97	2313	日海通讯	SZ
489	6/11/12	18.53	18.81	18.25	18.78	990900	14.25	2313	日海通讯	SZ
490	6/8/12	18.92	19.14	18.46	18.54	1339100	14.07	2313	日海通讯	SZ
491	6/7/12	19.14	19.35	18.46	18.82	1237000	14.28	2313	日海通讯	SZ
492	6/6/12	18.63	19.23	18.54	18.88	1876400	14.33	2313	日海通讯	SZ
493	6/5/12	19	19.27	18.38	18.61	1553600	14.12	2313	日海通讯	SZ
494	6/4/12	18.85	19.65	18.62	19.04	2157000	14.45	2313	日海通讯	SZ
495	6/1/12	18.58	20.29	18.58	19.19	2882100	14.56	2313	日海通讯	SZ
496	5/31/12	17.92	18.59	17.88	18.53	1846700	14.06	2313	日海通讯	SZ
497	5/30/12	17.78	18.18	17.52	18.05	1020700	13.69	2313	日海通讯	SZ
498	5/29/12	17.69	17.91	17.58	17.82	819600	13.52	2313	日海通讯	SZ
499	5/28/12	17.22	17.68	16.96	17.67	568400	13.41	2313	日海通讯	SZ
500	5/25/12	17.61	17.68	17.06	17.08	576800	12.96	2313	日海通讯	SZ
501	5/24/12	17.59	17.78	17.5	17.52	498500	13.3	2313	日海通讯	SZ
502	5/23/12	17.93	18.12	17.4	17.52	699200	13.3	2313	日海通讯	SZ
503	5/22/12	17.68	17.98	17.55	17.92	1048100	13.6	2313	日海通讯	SZ
504	5/21/12	17.25	17.58	17.12	17.48	469200	13.27	2313	日海通讯	SZ
505	5/18/12	17.48	17.54	17.23	17.25	635700	13.09	2313	日海通讯	SZ
506	5/17/12	17.39	17.63	17.32	17.61	443200	13.36	2313	日海通讯	SZ
507	5/16/12	17.75	17.75	17.32	17.39	573600	13.2	2313	日海通讯	SZ
508	5/15/12	17.46	17.83	17.28	17.72	538600	13.45	2313	日海通讯	SZ
509	5/14/12	17.76	17.79	17.55	17.58	893600	13.34	2313	日海通讯	SZ
510	5/11/12	18.29	18.29	17.62	17.62	1764600	13.37	2313	日海通讯	SZ
511	5/10/12	18.58	18.71	18.31	18.37	972400	13.94	2313	日海通讯	SZ
512	5/9/12	18.68	18.68	18.19	18.28	995800	13.87	2313	日海通讯	SZ
513	5/8/12	18.6	18.89	18.58	18.8	1587600	14.27	2313	日海通讯	SZ
514	5/7/12	18.27	18.62	18.15	18.6	1442000	14.11	2313	日海通讯	SZ
515	5/4/12	18.42	18.42	17.79	18.19	1683500	13.8	2313	日海通讯	SZ
516	5/3/12	18.37	18.65	18.18	18.49	1203700	14.03	2313	日海通讯	SZ
517	5/2/12	18.6	18.69	18.12	18.27	1385000	13.86	2313	日海通讯	SZ
518	5/1/12	18.29	18.29	18.29	18.29	0	13.88	2313	日海通讯	SZ
519	4/30/12	18.29	18.29	18.29	18.29	0	13.88	2313	日海通讯	SZ
520	4/27/12	17.91	18.47	17.88	18.29	1401000	13.88	2313	日海通讯	SZ
521	4/26/12	17.94	18.45	17.88	17.88	1107100	13.57	2313	日海通讯	SZ
522	4/25/12	18.17	18.25	17.85	17.92	996600	13.6	2313	日海通讯	SZ
523	4/24/12	17.55	18.14	17.38	18	1780200	13.66	2313	日海通讯	SZ
524	4/23/12	18.59	18.66	17.31	17.55	2501900	13.32	2313	日海通讯	SZ
525	4/20/12	18.24	18.66	18.12	18.58	2468700	14.1	2313	日海通讯	SZ
526	4/19/12	17.63	18.42	17.4	18.14	2763500	13.76	2313	日海通讯	SZ
527	4/18/12	17.3	17.77	17.1	17.63	1146400	13.38	2313	日海通讯	SZ
528	4/17/12	17.92	17.92	16.92	17.27	1296900	13.1	2313	日海通讯	SZ
529	4/16/12	18	18.04	17.75	17.9	1591800	6.69	2313	日海通讯	SZ
530	4/13/12	18.06	18.18	17.7	17.88	1736500	6.68	2313	日海通讯	SZ
531	4/12/12	17.69	17.78	17.33	17.7	1202100	6.61	2313	日海通讯	SZ
532	4/11/12	17.65	17.92	17.43	17.62	948400	6.58	2313	日海通讯	SZ
533	4/10/12	17.31	17.73	17.19	17.72	1352900	6.62	2313	日海通讯	SZ
534	4/9/12	17.19	17.62	17.08	17.42	996700	6.51	2313	日海通讯	SZ
535	4/6/12	17.19	17.19	17.19	17.19	0	6.42	2313	日海通讯	SZ
536	4/5/12	16.52	17.34	16.5	17.19	1843700	6.42	2313	日海通讯	SZ
537	4/4/12	16.43	16.43	16.43	16.43	0	6.14	2313	日海通讯	SZ
538	4/3/12	16.43	16.43	16.43	16.43	0	6.14	2313	日海通讯	SZ
539	4/2/12	16.43	16.43	16.43	16.43	0	6.14	2313	日海通讯	SZ
540	3/30/12	16.39	16.64	16.22	16.43	659400	6.14	2313	日海通讯	SZ
541	3/29/12	16.04	16.6	16.04	16.35	1116600	6.11	2313	日海通讯	SZ
542	3/28/12	17.2	17.31	16.37	16.37	1645700	6.12	2313	日海通讯	SZ
543	3/27/12	17.37	17.72	17.19	17.19	1080100	6.42	2313	日海通讯	SZ
544	3/26/12	17.26	17.31	17.06	17.27	1025400	6.45	2313	日海通讯	SZ
545	3/23/12	17.33	17.71	17.12	17.27	1567500	6.45	2313	日海通讯	SZ
546	3/22/12	17.45	17.52	17.03	17.33	1200400	6.47	2313	日海通讯	SZ
547	3/21/12	17.6	17.77	17.12	17.36	1925500	6.49	2313	日海通讯	SZ
548	3/20/12	18.24	18.3	17.5	17.56	2601500	6.56	2313	日海通讯	SZ
549	3/19/12	17.77	18.38	17.77	18.21	4066700	6.81	2313	日海通讯	SZ
550	3/16/12	17.73	17.92	17.32	17.77	3354600	6.64	2313	日海通讯	SZ
551	3/15/12	18.29	18.46	17.28	17.51	5582200	6.54	2313	日海通讯	SZ
552	3/14/12	17.58	18.52	17.5	18.19	5651200	6.8	2313	日海通讯	SZ
553	3/13/12	17.31	18.02	17.31	17.69	3674500	6.61	2313	日海通讯	SZ
554	3/12/12	16.69	16.69	16.69	16.69	0	6.24	2313	日海通讯	SZ
555	3/9/12	16.42	16.78	16.42	16.69	1365300	6.24	2313	日海通讯	SZ
556	3/8/12	16.15	16.38	16.11	16.38	1069900	6.12	2313	日海通讯	SZ
557	3/7/12	15.77	16.49	15.75	16.13	908300	6.03	2313	日海通讯	SZ
558	3/6/12	16.12	16.12	15.8	15.95	834300	5.96	2313	日海通讯	SZ
559	3/5/12	16.47	16.59	16.15	16.19	1768500	6.05	2313	日海通讯	SZ
560	3/2/12	16.35	16.52	16.15	16.47	1364600	6.15	2313	日海通讯	SZ
561	3/1/12	16.06	16.4	15.88	16.25	869200	6.07	2313	日海通讯	SZ
562	2/29/12	15.97	16.15	15.95	16.06	757500	6	2313	日海通讯	SZ
563	2/28/12	16.15	16.3	15.83	15.97	1751200	5.97	2313	日海通讯	SZ
564	2/27/12	16.55	16.67	16.16	16.27	2848400	6.08	2313	日海通讯	SZ
565	2/24/12	16.72	16.8	16.39	16.58	840200	6.2	2313	日海通讯	SZ
566	2/23/12	16.75	16.88	16.38	16.6	902300	6.2	2313	日海通讯	SZ
567	2/22/12	16.28	16.84	16.17	16.81	1801500	6.28	2313	日海通讯	SZ
568	2/21/12	15.96	16.32	15.89	16.27	1061500	6.08	2313	日海通讯	SZ
569	2/20/12	15.77	16.23	15.56	16.03	2292300	5.99	2313	日海通讯	SZ
570	2/17/12	15.69	15.84	15.42	15.61	390400	5.83	2313	日海通讯	SZ
571	2/16/12	15.75	15.99	15.41	15.57	465700	5.82	2313	日海通讯	SZ
572	2/15/12	15.42	15.77	15.38	15.75	432300	5.89	2313	日海通讯	SZ
573	2/14/12	15.62	15.62	15.32	15.5	266300	5.79	2313	日海通讯	SZ
574	2/13/12	15.4	15.72	15.27	15.62	382400	5.84	2313	日海通讯	SZ
575	2/10/12	15.36	15.57	15.31	15.38	239100	5.75	2313	日海通讯	SZ
576	2/9/12	15.38	15.58	15.25	15.52	516200	5.8	2313	日海通讯	SZ
577	2/8/12	14.85	15.58	14.85	15.49	506800	5.79	2313	日海通讯	SZ
578	2/7/12	15.06	15.08	14.78	14.99	330300	5.6	2313	日海通讯	SZ
579	2/6/12	15.26	15.54	14.92	15.22	625500	5.69	2313	日海通讯	SZ
580	2/3/12	14.81	15.19	14.81	15.1	344000	5.64	2313	日海通讯	SZ
581	2/2/12	14.76	14.95	14.67	14.94	280100	5.58	2313	日海通讯	SZ
582	2/1/12	14.54	14.82	14.54	14.76	335100	5.51	2313	日海通讯	SZ
583	1/31/12	14.62	14.69	14.35	14.58	171200	5.45	2313	日海通讯	SZ
584	1/30/12	14.48	14.85	14.42	14.68	457500	5.49	2313	日海通讯	SZ
585	1/27/12	14.54	14.54	14.54	14.54	0	5.43	2313	日海通讯	SZ
586	1/26/12	14.54	14.54	14.54	14.54	0	5.43	2313	日海通讯	SZ
587	1/25/12	14.54	14.54	14.54	14.54	0	5.43	2313	日海通讯	SZ
588	1/24/12	14.54	14.54	14.54	14.54	0	5.43	2313	日海通讯	SZ
589	1/23/12	14.54	14.54	14.54	14.54	0	5.43	2313	日海通讯	SZ
590	1/20/12	14.16	14.6	14.09	14.54	415500	5.43	2313	日海通讯	SZ
591	1/19/12	13.93	14.5	13.86	14.16	621800	5.29	2313	日海通讯	SZ
592	1/18/12	14.71	15.31	13.89	14.15	530800	5.29	2313	日海通讯	SZ
593	1/17/12	14.42	15.08	14.23	14.93	425600	5.58	2313	日海通讯	SZ
594	1/16/12	14.66	14.83	14.23	14.23	264200	5.32	2313	日海通讯	SZ
595	1/13/12	15.86	15.92	14.73	14.92	519500	5.58	2313	日海通讯	SZ
596	1/12/12	15.89	16.1	15.72	15.79	203800	5.9	2313	日海通讯	SZ
597	1/11/12	16.08	16.09	15.82	16.04	339100	5.99	2313	日海通讯	SZ
598	1/10/12	15.45	16.14	15.32	16	629900	5.98	2313	日海通讯	SZ
599	1/9/12	14.46	15.32	14.46	15.32	551400	5.73	2313	日海通讯	SZ
600	1/6/12	14.46	14.61	14.16	14.61	330900	5.46	2313	日海通讯	SZ
601	1/5/12	15.3	15.3	14.46	14.5	320300	5.42	2313	日海通讯	SZ
602	1/4/12	15.66	15.86	15.25	15.25	203300	5.7	2313	日海通讯	SZ
603	1/3/12	15.47	15.77	15.45	15.58	222700	5.82	2313	日海通讯	SZ
604	1/2/12	15.47	15.77	15.45	15.58	222700	5.82	2313	日海通讯	SZ
605	12/30/11	15.47	15.77	15.45	15.58	222700	5.82	2313	日海通讯	SZ
606	12/29/11	15.19	15.54	15.04	15.43	304400	5.77	2313	日海通讯	SZ
607	12/28/11	15.19	15.45	15.08	15.19	247500	5.68	2313	日海通讯	SZ
608	12/27/11	15.72	15.94	15.38	15.38	295800	5.75	2313	日海通讯	SZ
609	12/26/11	16.15	16.33	15.92	15.92	203900	5.95	2313	日海通讯	SZ
610	12/23/11	15.96	16.31	15.95	16.04	99300	5.99	2313	日海通讯	SZ
611	12/22/11	16.16	16.33	15.5	15.99	318200	5.98	2313	日海通讯	SZ
612	12/21/11	16.43	16.54	16.08	16.35	445800	6.11	2313	日海通讯	SZ
613	12/20/11	16.23	16.71	16.15	16.27	297500	6.08	2313	日海通讯	SZ
614	12/19/11	16.44	16.6	15.96	16.5	308100	6.17	2313	日海通讯	SZ
615	12/16/11	16.15	16.48	16	16.47	824800	6.16	2313	日海通讯	SZ
616	12/15/11	16.15	16.46	15.8	16.13	1082400	6.03	2313	日海通讯	SZ
617	12/14/11	16.49	16.54	16.15	16.17	208200	6.04	2313	日海通讯	SZ
618	12/13/11	16.92	17.07	16.38	16.58	260900	6.19	2313	日海通讯	SZ
619	12/12/11	17.08	17.21	16.92	16.92	261400	6.32	2313	日海通讯	SZ
620	12/9/11	16.77	17.21	16.77	17.06	87500	6.37	2313	日海通讯	SZ
621	12/8/11	16.87	17.29	16.7	17.08	183800	6.38	2313	日海通讯	SZ
622	12/7/11	16.72	16.92	16.72	16.87	140300	6.3	2313	日海通讯	SZ
623	12/6/11	16.38	16.92	16.38	16.81	291000	6.28	2313	日海通讯	SZ
624	12/5/11	16.62	16.88	16.47	16.54	470000	6.18	2313	日海通讯	SZ
625	12/2/11	16.96	17.13	16.58	16.67	297000	6.23	2313	日海通讯	SZ
626	12/1/11	17.37	17.5	17.13	17.13	841400	6.4	2313	日海通讯	SZ
627	11/30/11	17.68	17.75	16.73	16.88	1021600	6.31	2313	日海通讯	SZ
628	11/29/11	17.69	17.84	17.5	17.69	730500	6.61	2313	日海通讯	SZ
629	11/28/11	17.95	17.99	17.45	17.64	803000	6.59	2313	日海通讯	SZ
630	11/25/11	18	18.15	17.83	17.92	336700	6.69	2313	日海通讯	SZ
631	11/24/11	18	18.15	17.73	17.97	453000	6.72	2313	日海通讯	SZ
632	11/23/11	18.03	18.23	17.86	18.08	473600	6.76	2313	日海通讯	SZ
633	11/22/11	17.9	18	17.65	17.9	494100	6.69	2313	日海通讯	SZ
634	11/21/11	18.19	18.22	17.69	18.08	555000	6.75	2313	日海通讯	SZ
635	11/18/11	18.27	18.62	18.16	18.2	688000	6.8	2313	日海通讯	SZ
636	11/17/11	18.26	18.83	18.08	18.5	1059100	6.91	2313	日海通讯	SZ
637	11/16/11	18.65	18.78	18	18.08	876000	6.75	2313	日海通讯	SZ
638	11/15/11	18.65	18.76	18.47	18.67	449600	6.97	2313	日海通讯	SZ
639	11/14/11	18.1	18.6	18.1	18.6	691700	6.95	2313	日海通讯	SZ
640	11/11/11	18.48	18.54	17.95	18.03	425000	6.74	2313	日海通讯	SZ
641	11/10/11	18.26	18.58	18.08	18.49	791500	6.91	2313	日海通讯	SZ
642	11/9/11	18.25	18.38	17.94	18.35	576900	6.86	2313	日海通讯	SZ
643	11/8/11	18.28	18.44	18.12	18.12	389800	6.77	2313	日海通讯	SZ
644	11/7/11	18.42	18.78	18.37	18.42	281100	6.88	2313	日海通讯	SZ
645	11/4/11	18.62	18.77	18.23	18.47	1027000	6.9	2313	日海通讯	SZ
646	11/3/11	18.08	18.96	18.08	18.54	3087100	6.93	2313	日海通讯	SZ
647	11/2/11	17.38	18.1	17.31	18.08	837000	6.75	2313	日海通讯	SZ
648	11/1/11	17.29	17.87	17.17	17.69	825400	6.61	2313	日海通讯	SZ
649	10/31/11	17.11	17.42	17.1	17.35	499600	6.48	2313	日海通讯	SZ
650	10/28/11	16.97	17.28	16.85	17.11	418400	6.39	2313	日海通讯	SZ
651	10/27/11	16.96	17.12	16.79	16.87	438100	6.3	2313	日海通讯	SZ
652	10/26/11	16.23	17.11	16.03	16.96	619000	6.34	2313	日海通讯	SZ
653	10/25/11	15.99	16.46	15.6	16.38	547700	6.12	2313	日海通讯	SZ
654	10/24/11	16.41	16.44	15.15	15.93	1230500	5.95	2313	日海通讯	SZ
655	10/21/11	16.46	16.67	16.27	16.38	357500	6.12	2313	日海通讯	SZ
656	10/20/11	16.73	16.77	16.32	16.38	605500	6.12	2313	日海通讯	SZ
657	10/19/11	17.06	17.08	16.7	16.85	253300	6.29	2313	日海通讯	SZ
658	10/18/11	17.12	17.35	16.83	16.84	453500	6.29	2313	日海通讯	SZ
659	10/17/11	17.15	17.41	17.15	17.32	385600	6.47	2313	日海通讯	SZ
660	10/14/11	17.05	17.37	17	17.15	370600	6.41	2313	日海通讯	SZ
661	10/13/11	16.79	17.22	16.79	17.12	548000	6.4	2313	日海通讯	SZ
662	10/12/11	16.26	16.9	16	16.9	663700	6.32	2313	日海通讯	SZ
663	10/11/11	16.61	17.11	16.38	16.4	269800	6.13	2313	日海通讯	SZ
664	10/10/11	16.29	16.5	16.11	16.29	82900	6.09	2313	日海通讯	SZ
665	9/30/11	16.54	16.54	16.12	16.3	162700	6.09	2313	日海通讯	SZ
666	9/29/11	16.63	16.73	16.35	16.37	332800	6.12	2313	日海通讯	SZ
667	9/28/11	17.02	17.11	16.73	16.73	285700	6.25	2313	日海通讯	SZ
668	9/27/11	16.64	16.98	16.64	16.98	362300	6.35	2313	日海通讯	SZ
669	9/26/11	16.55	16.93	16.55	16.6	413100	6.2	2313	日海通讯	SZ
670	9/23/11	16.65	16.88	16.38	16.82	448600	6.28	2313	日海通讯	SZ
671	9/22/11	16.96	17.25	16.67	16.88	764300	6.31	2313	日海通讯	SZ
672	9/21/11	16.57	17.15	16.45	17	1100600	6.35	2313	日海通讯	SZ
673	9/20/11	16.55	16.85	16.54	16.57	179600	6.19	2313	日海通讯	SZ
674	9/19/11	16.73	16.73	16.54	16.55	224200	6.18	2313	日海通讯	SZ
675	9/16/11	17.19	17.19	16.73	16.88	781500	6.31	2313	日海通讯	SZ
676	9/15/11	16.93	17.25	16.92	16.99	871600	6.35	2313	日海通讯	SZ
677	9/14/11	17.3	17.3	16.54	16.99	373000	6.35	2313	日海通讯	SZ
678	9/13/11	17.19	17.35	17.05	17.05	260500	6.37	2313	日海通讯	SZ
679	9/9/11	17.62	17.75	17.32	17.37	208500	6.49	2313	日海通讯	SZ
680	9/7/11	17.49	17.83	17.05	17.81	391500	6.66	2313	日海通讯	SZ
681	9/6/11	17.18	17.48	17.05	17.38	231700	6.5	2313	日海通讯	SZ
682	9/5/11	17.54	17.54	17.16	17.31	212800	6.47	2313	日海通讯	SZ
683	9/2/11	17.69	18	17.5	17.62	662900	6.58	2313	日海通讯	SZ
684	9/1/11	18.03	18.42	17.96	18.07	985800	6.75	2313	日海通讯	SZ
685	8/31/11	18.68	18.68	17.84	18	630600	6.73	2313	日海通讯	SZ
686	8/30/11	18.92	18.96	18.47	18.47	415700	6.9	2313	日海通讯	SZ
687	8/29/11	18.92	18.94	18.73	18.8	281300	7.03	2313	日海通讯	SZ
688	8/26/11	19	19.04	18.81	18.82	603400	7.03	2313	日海通讯	SZ
689	8/25/11	18.72	18.96	18.65	18.92	1006500	7.07	2313	日海通讯	SZ
690	8/24/11	18.52	19.02	18.51	18.77	734000	7.01	2313	日海通讯	SZ
691	8/23/11	18.31	18.47	18.23	18.47	478800	6.9	2313	日海通讯	SZ
692	8/22/11	18.03	18.46	17.96	18.27	791300	6.83	2313	日海通讯	SZ
693	8/19/11	17.9	18.17	17.88	18.07	552000	6.75	2313	日海通讯	SZ
694	8/18/11	18.42	18.47	18.18	18.2	453600	6.8	2313	日海通讯	SZ
695	8/17/11	18.46	18.61	18.32	18.42	578400	6.88	2313	日海通讯	SZ
696	8/16/11	18.92	19.04	18.32	18.42	1106600	6.88	2313	日海通讯	SZ
697	8/15/11	18.84	19.16	18.82	18.92	757000	7.07	2313	日海通讯	SZ
698	8/12/11	18.78	19.06	18.63	18.82	1304300	7.03	2313	日海通讯	SZ
699	8/11/11	18.09	18.62	18.09	18.56	1124600	6.93	2313	日海通讯	SZ
700	8/10/11	18.64	18.92	18.08	18.48	1367000	6.91	2313	日海通讯	SZ
701	8/9/11	17.71	18.46	17.31	18.27	1512800	6.83	2313	日海通讯	SZ
702	8/8/11	17.75	18.25	17.35	18.06	1320600	6.75	2313	日海通讯	SZ
703	8/5/11	17.69	18.29	17.69	17.99	808900	6.72	2313	日海通讯	SZ
704	8/4/11	18.77	18.84	18.5	18.51	829000	6.92	2313	日海通讯	SZ
705	8/3/11	18.32	18.77	18.12	18.77	1243400	7.01	2313	日海通讯	SZ
706	8/1/11	18.85	19.04	18.52	18.69	1752700	6.98	2313	日海通讯	SZ
707	7/29/11	19.54	19.81	18.85	19.03	3819700	7.11	2313	日海通讯	SZ
708	7/28/11	19	20.35	18.92	20.31	3217000	7.59	2313	日海通讯	SZ
709	7/27/11	18.69	19.1	18.48	19.08	1336800	7.13	2313	日海通讯	SZ
710	7/26/11	18.03	18.85	17.83	18.7	1134500	6.99	2313	日海通讯	SZ
711	7/25/11	18.77	18.77	17.82	18.03	1059100	6.74	2313	日海通讯	SZ
712	7/22/11	18.35	18.82	18.12	18.8	886300	7.03	2313	日海通讯	SZ
713	7/21/11	18.49	18.73	18.19	18.19	619400	6.8	2313	日海通讯	SZ
714	7/20/11	18.77	19.12	18.49	18.62	982500	6.96	2313	日海通讯	SZ
715	7/19/11	18.65	19.38	18.52	18.76	2373500	7.01	2313	日海通讯	SZ
716	7/18/11	18.46	18.95	18.46	18.85	2726200	7.04	2313	日海通讯	SZ
717	7/15/11	17.81	18.46	17.7	18.42	1445900	6.88	2313	日海通讯	SZ
718	7/14/11	17.83	18.15	17.82	17.88	1436300	6.68	2313	日海通讯	SZ
719	7/13/11	17.45	17.5	17.16	17.42	1097200	6.51	2313	日海通讯	SZ
720	7/12/11	17.19	17.47	16.77	17.26	893100	6.45	2313	日海通讯	SZ
721	7/11/11	17.42	17.6	17.15	17.31	570200	6.47	2313	日海通讯	SZ
722	7/8/11	17.53	17.55	17.31	17.5	527600	6.54	2313	日海通讯	SZ
723	7/7/11	17.19	17.76	17.12	17.54	921400	6.56	2313	日海通讯	SZ
724	7/6/11	16.93	17.3	16.77	17.18	577600	6.42	2313	日海通讯	SZ
725	7/5/11	17.03	17.12	16.81	17.03	465900	6.37	2313	日海通讯	SZ
726	7/4/11	16.54	17.04	16.54	17.03	680000	6.37	2313	日海通讯	SZ
727	7/1/11	17.12	17.12	16.58	16.58	305700	6.2	2313	日海通讯	SZ
728	6/30/11	16.77	17.03	16.37	16.72	590700	6.25	2313	日海通讯	SZ
729	6/29/11	16.32	17.18	16.18	16.77	1188000	6.27	2313	日海通讯	SZ
730	6/28/11	16.38	16.68	16.29	16.35	616400	6.11	2313	日海通讯	SZ
731	6/27/11	15.8	16.45	15.8	16.38	952800	6.12	2313	日海通讯	SZ
732	6/24/11	15.25	15.84	15.21	15.77	602500	5.89	2313	日海通讯	SZ
733	6/23/11	14.68	15.38	14.65	15.25	503100	5.7	2313	日海通讯	SZ
734	6/22/11	14.62	14.92	14.62	14.67	252400	5.48	2313	日海通讯	SZ
735	6/21/11	14.91	15	14.38	14.77	1135300	5.52	2313	日海通讯	SZ
736	6/20/11	15.38	15.38	14.85	14.88	419300	5.56	2313	日海通讯	SZ
737	6/17/11	15.61	15.65	15.38	15.38	220700	5.75	2313	日海通讯	SZ
738	6/16/11	15.76	15.77	15.42	15.47	298600	5.78	2313	日海通讯	SZ
739	6/15/11	15.76	15.92	15.7	15.73	386200	5.88	2313	日海通讯	SZ
740	6/14/11	15.39	15.92	15.39	15.86	374500	5.93	2313	日海通讯	SZ
741	6/13/11	15.58	15.77	15.31	15.66	542600	5.85	2313	日海通讯	SZ
742	6/10/11	15.77	15.92	15.63	15.87	184600	5.93	2313	日海通讯	SZ
743	6/9/11	16.24	16.34	15.77	15.77	426600	5.89	2313	日海通讯	SZ
744	6/8/11	16.08	16.25	16.04	16.24	209600	6.07	2313	日海通讯	SZ
745	6/7/11	16.33	16.33	16.01	16.2	441900	6.05	2313	日海通讯	SZ
746	6/3/11	15.54	16.22	15.48	16.13	718900	6.03	2313	日海通讯	SZ
747	6/2/11	15.91	15.92	15.38	15.46	678100	5.78	2313	日海通讯	SZ
748	6/1/11	15.87	16.05	15.87	15.95	345500	5.96	2313	日海通讯	SZ
749	5/31/11	15.75	15.96	15.62	15.95	289000	5.96	2313	日海通讯	SZ
750	5/30/11	15.64	15.84	15.58	15.65	248300	5.85	2313	日海通讯	SZ
751	5/27/11	15.97	16.12	15.58	15.74	229600	5.88	2313	日海通讯	SZ
752	5/26/11	16.15	16.32	15.95	15.97	218000	5.97	2313	日海通讯	SZ
753	5/25/11	16.46	16.46	15.9	16.15	316000	6.04	2313	日海通讯	SZ
754	5/24/11	15.87	16.35	15.85	16.35	412400	6.11	2313	日海通讯	SZ
755	5/23/11	16.92	16.92	16.04	16.27	761600	6.08	2313	日海通讯	SZ
756	5/20/11	16.85	17.15	16.85	16.92	367700	6.32	2313	日海通讯	SZ
757	5/19/11	16.87	17.16	16.85	16.94	754800	6.33	2313	日海通讯	SZ
758	5/18/11	17	17	16.73	16.84	387500	6.29	2313	日海通讯	SZ
759	5/17/11	16.82	17.06	16.54	17.03	434000	6.37	2313	日海通讯	SZ
760	5/16/11	16.72	17.04	16.64	16.79	245800	6.27	2313	日海通讯	SZ
761	5/13/11	16.63	16.88	16.35	16.8	419800	6.28	2313	日海通讯	SZ
762	5/12/11	17.46	17.46	16.8	16.8	297400	6.28	2313	日海通讯	SZ
763	5/11/11	17.23	17.48	17.08	17.35	213600	6.38	2313	日海通讯	SZ
764	5/10/11	17.58	17.58	17.2	17.23	418400	6.34	2313	日海通讯	SZ
765	5/9/11	17.65	18.03	17.34	17.39	606800	6.4	2313	日海通讯	SZ
766	5/6/11	16.92	17.68	16.79	17.65	849000	6.49	2313	日海通讯	SZ
767	5/5/11	16.54	17.16	16.47	17.07	494400	6.28	2313	日海通讯	SZ
768	5/4/11	16.92	16.92	16.5	16.73	494800	6.15	2313	日海通讯	SZ
769	5/3/11	16.15	17.13	16.15	16.88	881200	6.21	2313	日海通讯	SZ
770	4/29/11	15.84	16.15	15.83	16.08	678300	5.91	2313	日海通讯	SZ
771	4/28/11	16.83	17.15	15.38	15.6	1111800	5.74	2313	日海通讯	SZ
772	4/27/11	17.31	17.69	16.78	16.83	625800	6.19	2313	日海通讯	SZ
773	4/26/11	17.7	17.91	17.38	17.45	535000	6.42	2313	日海通讯	SZ
774	4/25/11	18.4	18.5	17.83	17.85	662700	6.56	2313	日海通讯	SZ
775	4/22/11	18.07	18.59	18	18.4	994500	6.77	2313	日海通讯	SZ
776	4/21/11	17.82	18.17	17.82	18.15	905300	6.68	2313	日海通讯	SZ
777	4/19/11	17.42	17.65	17.35	17.64	455300	6.49	2313	日海通讯	SZ
778	4/18/11	17.93	18.08	17.46	17.57	1123000	6.46	2313	日海通讯	SZ
779	4/15/11	18.31	18.42	17.77	18.07	1019000	6.65	2313	日海通讯	SZ
780	4/14/11	18.42	18.42	18.16	18.35	499300	6.75	2313	日海通讯	SZ
781	4/13/11	18.08	18.38	18.08	18.3	644500	6.73	2313	日海通讯	SZ
782	4/12/11	18.07	18.35	18.01	18.06	785900	6.64	2313	日海通讯	SZ
783	4/11/11	18.58	18.58	18.01	18.12	1309100	6.66	2313	日海通讯	SZ
784	4/8/11	18.08	18.69	18.08	18.6	991900	6.84	2313	日海通讯	SZ
785	4/7/11	18.13	18.27	17.69	18.08	933600	6.65	2313	日海通讯	SZ
786	4/6/11	18.47	18.74	17.88	18.12	674700	6.66	2313	日海通讯	SZ
787	4/1/11	18.69	18.8	18.31	18.47	515200	6.8	2313	日海通讯	SZ
788	3/31/11	18.21	19.18	18.21	18.58	926800	6.84	2313	日海通讯	SZ
789	3/30/11	18.13	18.65	18.12	18.46	1419700	6.79	2313	日海通讯	SZ
790	3/29/11	19.71	19.73	19	19.04	950400	7	2313	日海通讯	SZ
791	3/28/11	19.82	20.23	19.62	19.71	723600	7.25	2313	日海通讯	SZ
792	3/25/11	20.02	20.29	19.69	20.08	1073600	7.39	2313	日海通讯	SZ
793	3/24/11	20.35	20.38	19.88	20.02	1045400	7.36	2313	日海通讯	SZ
794	3/23/11	19.36	20.27	19.36	20.27	990900	7.46	2313	日海通讯	SZ
795	3/22/11	19.58	19.78	19.3	19.49	897600	7.17	2313	日海通讯	SZ
796	3/21/11	20	20.01	19.43	19.5	1107400	7.17	2313	日海通讯	SZ
797	3/18/11	20.07	20.34	19.94	19.98	823000	7.35	2313	日海通讯	SZ
798	3/17/11	20.69	20.69	20	20	1006500	7.36	2313	日海通讯	SZ
799	3/16/11	20.71	20.96	20.5	20.89	1381500	7.68	2313	日海通讯	SZ
800	3/15/11	21.26	21.38	20.39	20.75	1636900	7.63	2313	日海通讯	SZ
801	3/14/11	20.89	21.27	20.89	21.26	996800	7.82	2313	日海通讯	SZ
802	3/11/11	20.81	21.33	20.77	21.02	1044100	7.73	2313	日海通讯	SZ
803	3/10/11	20.77	21.15	20.7	20.91	1019600	7.69	2313	日海通讯	SZ
804	3/9/11	20.76	20.8	20.39	20.68	852800	7.61	2313	日海通讯	SZ
805	3/8/11	20.3	20.65	20.22	20.65	945900	7.59	2313	日海通讯	SZ
806	3/7/11	20.69	20.88	20.15	20.41	1795700	7.51	2313	日海通讯	SZ
807	3/4/11	20.38	20.72	20.08	20.34	1203500	7.48	2313	日海通讯	SZ
808	3/3/11	21.42	21.42	20.5	20.58	1126400	7.57	2313	日海通讯	SZ
809	3/2/11	21.42	21.42	20.83	21.42	1124400	7.88	2313	日海通讯	SZ
810	3/1/11	21.54	21.68	20.96	21.48	1167300	7.9	2313	日海通讯	SZ
811	2/28/11	21.54	21.59	20.82	21.45	1167700	7.89	2313	日海通讯	SZ
812	2/25/11	22.12	22.31	21.05	21.44	4651800	7.89	2313	日海通讯	SZ
813	2/24/11	22.78	22.88	21.88	22.2	1116000	8.17	2313	日海通讯	SZ
814	2/23/11	22.55	22.85	22.31	22.78	1554800	8.38	2313	日海通讯	SZ
815	2/22/11	22.82	23.19	22.23	22.77	3882700	8.38	2313	日海通讯	SZ
816	2/21/11	21.54	23.15	21.42	23	2524500	8.46	2313	日海通讯	SZ
817	2/18/11	22.03	22.33	21.44	21.62	2384700	7.95	2313	日海通讯	SZ
818	2/17/11	22.5	23.68	21.92	22.04	4464400	8.11	2313	日海通讯	SZ
819	2/16/11	20.82	21.79	20.82	21.53	904400	7.92	2313	日海通讯	SZ
820	2/15/11	21.29	21.61	20.92	21.08	963800	7.75	2313	日海通讯	SZ
821	2/14/11	20.93	21.62	20.54	21.42	1675400	7.88	2313	日海通讯	SZ
822	2/11/11	19.88	20.96	19.69	20.64	1974500	7.59	2313	日海通讯	SZ
823	2/10/11	19.45	19.85	19.36	19.85	994800	7.3	2313	日海通讯	SZ
824	2/9/11	18.88	19.92	18.74	19.61	1666800	7.21	2313	日海通讯	SZ
825	2/1/11	19.03	19.11	18.84	18.96	469400	6.98	2313	日海通讯	SZ
826	1/31/11	18.96	19.1	18.65	19.03	786400	7	2313	日海通讯	SZ
827	1/28/11	18.46	19.06	18.21	18.92	2132700	6.96	2313	日海通讯	SZ
828	1/27/11	17.81	18.52	17.65	18.46	2279800	6.79	2313	日海通讯	SZ
829	1/26/11	17.69	18.27	17.69	17.92	1452000	6.59	2313	日海通讯	SZ
830	1/25/11	17.46	17.64	17.05	17.49	1761700	6.43	2313	日海通讯	SZ
831	1/24/11	18.73	18.8	17.64	17.67	1631900	6.5	2313	日海通讯	SZ
832	1/21/11	18.99	19.22	18.39	18.44	2415100	6.78	2313	日海通讯	SZ
833	1/20/11	20.13	20.13	18.9	18.98	937900	6.98	2313	日海通讯	SZ
834	1/19/11	19.81	20.13	19.46	20.13	1590000	7.41	2313	日海通讯	SZ
835	1/18/11	19.77	19.92	18.99	19.81	403800	7.29	2313	日海通讯	SZ
836	1/17/11	21.06	21.06	19.36	19.89	1579200	7.32	2313	日海通讯	SZ
837	1/14/11	21.49	21.49	20.72	21.05	1318600	7.74	2313	日海通讯	SZ
838	1/13/11	21.45	21.98	21.35	21.58	702200	7.94	2313	日海通讯	SZ
839	1/12/11	21.34	21.63	21	21.32	953500	7.84	2313	日海通讯	SZ
840	1/11/11	21.57	21.57	20.95	21.27	1389200	7.82	2313	日海通讯	SZ
841	1/10/11	21.54	21.75	20.96	21.44	1273400	7.89	2313	日海通讯	SZ
842	1/7/11	22.3	22.35	21.58	21.71	1564300	7.99	2313	日海通讯	SZ
843	1/6/11	22.31	22.65	21.94	22.35	1254900	8.22	2313	日海通讯	SZ
844	1/5/11	21.92	22.5	21.73	22.31	1526300	8.21	2313	日海通讯	SZ
845	1/4/11	22.19	22.35	21.38	22.23	2205300	8.18	2313	日海通讯	SZ
846	12/31/10	21.87	22.31	21.77	22.19	724100	8.16	2313	日海通讯	SZ
847	12/30/10	21.61	21.92	21.23	21.88	1671000	8.05	2313	日海通讯	SZ
848	12/29/10	20.53	21.69	20.37	21.69	2992200	7.98	2313	日海通讯	SZ
849	12/28/10	21.38	21.65	19.92	20.5	4646600	7.54	2313	日海通讯	SZ
850	12/27/10	22.73	23.19	20.62	21.62	2603200	7.95	2313	日海通讯	SZ
851	12/24/10	23	23.07	22.31	22.88	1185000	8.42	2313	日海通讯	SZ
852	12/23/10	23.46	23.46	22.88	23.08	1133500	8.49	2313	日海通讯	SZ
853	12/22/10	23.84	23.85	23.01	23.42	2368200	8.62	2313	日海通讯	SZ
854	12/21/10	24.37	24.62	23.7	23.84	1682800	8.77	2313	日海通讯	SZ
855	12/20/10	24.23	24.81	23	24.45	2298500	8.99	2313	日海通讯	SZ
856	12/17/10	24.13	24.38	23.86	24.21	920000	8.91	2313	日海通讯	SZ
857	12/16/10	23.45	24.87	23.45	24.1	1583900	8.87	2313	日海通讯	SZ
858	12/15/10	24.06	24.42	23.35	23.55	2286300	8.66	2313	日海通讯	SZ
859	12/14/10	24.04	24.35	23.81	24.28	2816700	8.93	2313	日海通讯	SZ
860	12/13/10	22.15	24.11	22.15	24.11	4369300	8.87	2313	日海通讯	SZ
861	12/10/10	21.45	22.1	21.31	22.08	3868100	8.12	2313	日海通讯	SZ
862	12/9/10	22.54	22.57	21.49	21.62	4291300	7.95	2313	日海通讯	SZ
863	12/8/10	23.08	23.57	22.7	22.72	3109900	8.36	2313	日海通讯	SZ
864	12/7/10	21.65	23.67	20.85	23.08	4554300	8.49	2313	日海通讯	SZ
865	12/6/10	21.88	22.32	21.08	21.63	3593800	7.96	2313	日海通讯	SZ
866	12/3/10	21.35	22.07	21.27	21.92	1741000	8.06	2313	日海通讯	SZ
867	12/2/10	22	22.68	21.73	21.8	2587900	8.02	2313	日海通讯	SZ
868	12/1/10	20.96	22.08	20.78	21.67	1871600	7.97	2313	日海通讯	SZ
869	11/30/10	21.95	22.34	20.19	21.35	4177000	7.85	2313	日海通讯	SZ
870	11/29/10	21.57	22.26	21.5	22.21	1784200	8.17	2313	日海通讯	SZ
871	11/26/10	21.38	22.08	21.18	21.66	1984700	7.97	2313	日海通讯	SZ
872	11/25/10	22.47	23.07	21.35	21.4	4650600	7.87	2313	日海通讯	SZ
873	11/24/10	22.3	22.46	21.78	22.18	3664200	8.16	2313	日海通讯	SZ
874	11/23/10	22.11	22.5	21.59	22.46	4681800	8.26	2313	日海通讯	SZ
875	11/22/10	20.35	22.38	20.27	22.38	7173400	8.23	2313	日海通讯	SZ
876	11/19/10	18.82	20.35	18.66	20.35	4917700	7.49	2313	日海通讯	SZ
877	11/18/10	18.47	18.84	18.1	18.5	1289900	6.81	2313	日海通讯	SZ
878	11/17/10	18.77	19.03	18.22	18.36	1862600	6.75	2313	日海通讯	SZ
879	11/16/10	19.4	20.32	18.85	19	3567200	6.99	2313	日海通讯	SZ
880	11/15/10	18.8	19.54	18.03	19.53	4109800	7.19	2313	日海通讯	SZ
881	11/12/10	18.67	19.57	18.47	18.73	9691700	6.89	2313	日海通讯	SZ
882	11/11/10	19.35	19.42	18.62	18.62	2459100	6.85	2313	日海通讯	SZ
883	11/10/10	18.48	19.68	18.46	19.35	3645700	7.12	2313	日海通讯	SZ
884	11/9/10	18.76	18.96	18.33	18.48	2896300	6.8	2313	日海通讯	SZ
885	11/8/10	18.77	19	18.54	18.71	2620800	6.88	2313	日海通讯	SZ
886	11/5/10	18.92	19.06	18.47	18.94	3837400	6.97	2313	日海通讯	SZ
887	11/4/10	18.75	18.92	18.49	18.92	3910600	6.96	2313	日海通讯	SZ
888	11/3/10	18.15	18.98	17.73	18.77	7096000	6.9	2313	日海通讯	SZ
889	11/2/10	17.63	18.71	17.45	18.23	6491900	6.71	2313	日海通讯	SZ
890	11/1/10	17.65	17.82	17.23	17.63	5497300	6.49	2313	日海通讯	SZ
891	10/29/10	16.76	17.55	16.54	17.44	4146900	6.42	2313	日海通讯	SZ
892	10/28/10	16.76	17.55	16.54	17.13	4992200	6.3	2313	日海通讯	SZ
893	10/27/10	16.67	17.12	16.65	16.77	4774300	6.17	2313	日海通讯	SZ
894	10/26/10	16.35	16.97	16.2	16.75	6572700	6.16	2313	日海通讯	SZ
895	10/25/10	15.83	16.41	15.68	16.15	3333300	5.94	2313	日海通讯	SZ
896	10/22/10	15.33	15.72	15.27	15.64	2090200	5.75	2313	日海通讯	SZ
897	10/21/10	15.19	15.38	15.04	15.31	873100	5.63	2313	日海通讯	SZ
898	10/20/10	15.26	15.58	15	15.17	1990400	5.58	2313	日海通讯	SZ
899	10/19/10	14.8	15.5	14.75	15.38	2559600	5.66	2313	日海通讯	SZ
900	10/18/10	14.56	14.93	14.17	14.75	2380900	5.43	2313	日海通讯	SZ
901	10/15/10	14.99	15.25	14.57	14.6	2790800	5.37	2313	日海通讯	SZ
902	10/14/10	15.5	15.6	14.98	14.99	3194000	5.51	2313	日海通讯	SZ
903	10/13/10	15.69	15.8	15.38	15.53	2279800	5.71	2313	日海通讯	SZ
904	10/12/10	15.58	15.88	15.58	15.69	1527100	5.77	2313	日海通讯	SZ
905	10/11/10	15.73	15.77	15.5	15.57	2522600	5.73	2313	日海通讯	SZ
906	10/8/10	15.77	16.06	15.63	15.73	2360700	5.79	2313	日海通讯	SZ
907	9/30/10	15.38	15.58	15.3	15.57	1025800	5.73	2313	日海通讯	SZ
908	9/29/10	16.06	16.15	15.27	15.35	2570200	5.65	2313	日海通讯	SZ
909	9/28/10	15.98	16.35	15.91	16.05	1293300	5.91	2313	日海通讯	SZ
910	9/27/10	16.15	16.15	15.83	16.08	1856700	5.91	2313	日海通讯	SZ
911	9/21/10	16.08	16.23	15.66	15.91	2736500	5.85	2313	日海通讯	SZ
912	9/20/10	16.75	16.78	16.08	16.08	1856100	5.92	2313	日海通讯	SZ
913	9/17/10	16.88	16.99	16.56	16.67	1956600	6.13	2313	日海通讯	SZ
914	9/16/10	16.54	16.91	16.16	16.88	3516300	6.21	2313	日海通讯	SZ
915	9/15/10	16.64	16.97	16.43	16.54	6119700	6.09	2313	日海通讯	SZ
916	9/14/10	16.04	16.71	15.82	16.58	5248800	6.1	2313	日海通讯	SZ
917	9/13/10	15.8	16.11	15.7	16.04	1904900	5.9	2313	日海通讯	SZ
918	9/10/10	15.69	15.82	15.36	15.8	2208900	5.81	2313	日海通讯	SZ
919	9/9/10	16.13	16.15	15.54	15.58	2440200	5.73	2313	日海通讯	SZ
920	9/8/10	15.99	16.13	15.83	16.08	1693800	5.91	2313	日海通讯	SZ
921	9/7/10	15.89	16.06	15.69	16	1550200	5.88	2313	日海通讯	SZ
922	9/6/10	16.69	16.75	15.86	15.88	3192200	5.84	2313	日海通讯	SZ
923	9/3/10	16.74	16.8	16.35	16.52	3799700	6.08	2313	日海通讯	SZ
924	9/2/10	15.99	16.81	15.88	16.74	5284000	6.16	2313	日海通讯	SZ
925	9/1/10	16.23	16.42	15.64	15.8	4905000	5.81	2313	日海通讯	SZ
926	8/31/10	15.46	16.37	15.43	16.22	6200700	5.97	2313	日海通讯	SZ
927	8/30/10	15.19	15.6	15.19	15.53	2396900	5.71	2313	日海通讯	SZ
928	8/27/10	14.65	15.14	14.63	15.12	1921300	5.56	2313	日海通讯	SZ
929	8/26/10	14.58	14.88	14.57	14.67	1401000	5.4	2313	日海通讯	SZ
930	8/25/10	14.95	15.06	14.57	14.59	2310700	5.37	2313	日海通讯	SZ
931	8/24/10	14.96	15.26	14.88	15.06	1578600	5.54	2313	日海通讯	SZ
932	8/23/10	14.96	15.21	14.85	14.96	1825400	5.5	2313	日海通讯	SZ
933	8/20/10	15.58	15.67	15	15.13	2546300	5.57	2313	日海通讯	SZ
934	8/19/10	15.54	15.82	15.38	15.67	3015800	5.77	2313	日海通讯	SZ
935	8/18/10	15.5	15.84	15.44	15.52	2300500	5.71	2313	日海通讯	SZ
936	8/17/10	15.58	15.63	15.38	15.5	1887700	5.7	2313	日海通讯	SZ
937	8/16/10	15.1	15.6	15.05	15.55	2717100	5.72	2313	日海通讯	SZ
938	8/13/10	14.85	15.15	14.78	15.15	1970400	5.57	2313	日海通讯	SZ
939	8/12/10	15.07	15.29	14.84	14.87	3145400	5.47	2313	日海通讯	SZ
940	8/11/10	14.98	15.3	14.98	15.29	2536500	5.62	2313	日海通讯	SZ
941	8/10/10	16.15	16.15	15.1	15.11	4565100	5.56	2313	日海通讯	SZ
942	8/9/10	15.58	16.03	15.58	15.82	4835600	5.82	2313	日海通讯	SZ
943	8/6/10	15.21	15.42	15.08	15.42	3998200	5.67	2313	日海通讯	SZ
944	8/5/10	15.16	15.52	15.15	15.22	3618500	5.6	2313	日海通讯	SZ
945	8/4/10	14.94	15.15	14.81	15.15	2611100	5.57	2313	日海通讯	SZ
946	8/3/10	14.95	15.37	14.84	15.07	6147700	5.54	2313	日海通讯	SZ
947	8/2/10	14.46	14.88	14.37	14.82	3728600	5.45	2313	日海通讯	SZ
948	7/30/10	14.55	14.55	14.2	14.34	3210800	5.27	2313	日海通讯	SZ
949	7/29/10	14.65	14.65	14.4	14.54	2452300	5.35	2313	日海通讯	SZ
950	7/28/10	14	14.69	13.98	14.66	3227200	5.39	2313	日海通讯	SZ
951	7/27/10	14.27	14.29	13.96	14.03	2634700	5.16	2313	日海通讯	SZ
952	7/26/10	14.27	14.57	14.2	14.32	2124400	5.27	2313	日海通讯	SZ
953	7/23/10	14.07	14.29	13.93	14.25	2061300	5.24	2313	日海通讯	SZ
954	7/22/10	13.88	14.03	13.8	14.03	1401100	5.16	2313	日海通讯	SZ
955	7/21/10	13.89	14.08	13.8	13.88	1746500	5.11	2313	日海通讯	SZ
956	7/20/10	13.43	13.94	13.42	13.83	1913900	5.09	2313	日海通讯	SZ
957	7/19/10	13	13.42	12.97	13.42	1058900	4.94	2313	日海通讯	SZ
958	7/16/10	13.27	13.27	12.96	13.12	1316100	4.82	2313	日海通讯	SZ
959	7/15/10	13.45	13.7	13.08	13.23	1108700	4.87	2313	日海通讯	SZ
960	7/14/10	13.52	13.81	13.45	13.59	1733700	5	2313	日海通讯	SZ
961	7/13/10	13.73	13.73	13.39	13.45	2004700	4.95	2313	日海通讯	SZ
962	7/12/10	13.69	13.85	13.69	13.8	1385300	5.08	2313	日海通讯	SZ
963	7/9/10	13.35	13.84	13.35	13.77	1603300	5.07	2313	日海通讯	SZ
964	7/8/10	13.72	13.76	13.29	13.42	1317000	4.94	2313	日海通讯	SZ
965	7/7/10	13.56	13.77	13.47	13.69	1108100	5.04	2313	日海通讯	SZ
966	7/6/10	13.4	13.7	13.28	13.65	1517200	5.02	2313	日海通讯	SZ
967	7/5/10	13	13.46	13	13.42	1323800	4.94	2313	日海通讯	SZ
968	7/2/10	13.27	13.41	12.51	13.16	2380800	4.84	2313	日海通讯	SZ
969	7/1/10	13.17	13.54	13.17	13.27	1146100	4.88	2313	日海通讯	SZ
970	6/30/10	13.08	13.36	13.03	13.22	1353800	4.86	2313	日海通讯	SZ
971	6/29/10	14.33	14.33	13.37	13.37	2520700	4.92	2313	日海通讯	SZ
972	6/28/10	14.5	14.54	14.08	14.15	1182400	5.21	2313	日海通讯	SZ
973	6/25/10	14.7	14.92	14.42	14.5	2155900	5.34	2313	日海通讯	SZ
974	6/24/10	14.69	14.93	14.65	14.75	1882700	5.43	2313	日海通讯	SZ
975	6/23/10	14.38	14.77	14.25	14.65	1261100	5.39	2313	日海通讯	SZ
976	6/22/10	14.27	14.42	14.15	14.38	1418000	5.29	2313	日海通讯	SZ
977	6/21/10	13.83	14.38	13.59	14.27	2320800	5.25	2313	日海通讯	SZ
978	6/18/10	14.28	14.42	13.69	13.71	2497700	5.04	2313	日海通讯	SZ
979	6/17/10	14.98	15.1	14.3	14.31	1997100	5.26	2313	日海通讯	SZ
980	6/11/10	15.11	15.12	14.76	14.89	3185200	5.48	2313	日海通讯	SZ
981	6/10/10	15.08	15.13	14.93	15.03	2531400	5.53	2313	日海通讯	SZ
982	6/9/10	14.75	15.18	14.75	15.03	3775200	5.53	2313	日海通讯	SZ
983	6/8/10	14.79	15.08	14.5	14.77	4258700	5.43	2313	日海通讯	SZ
984	6/7/10	13.95	14.8	13.89	14.61	3125600	5.38	2313	日海通讯	SZ
985	6/4/10	13.63	14.31	13.63	14.23	1964500	5.24	2313	日海通讯	SZ
986	6/3/10	13.89	14.15	13.65	13.75	1697000	5.06	2313	日海通讯	SZ
987	6/2/10	13.42	13.88	13.42	13.87	1437900	5.1	2313	日海通讯	SZ
988	6/1/10	13.94	13.94	13.23	13.46	2247800	4.95	2313	日海通讯	SZ
989	5/31/10	14.53	14.53	13.96	13.98	2007000	5.14	2313	日海通讯	SZ
990	5/28/10	14.76	14.95	14.53	14.58	2258500	5.36	2313	日海通讯	SZ
991	5/27/10	14.38	14.63	14.12	14.56	2000100	5.36	2313	日海通讯	SZ
992	5/26/10	14.42	14.54	14.18	14.38	1931500	5.29	2313	日海通讯	SZ
993	5/25/10	14.19	14.6	14.16	14.43	3575100	5.31	2313	日海通讯	SZ
994	5/24/10	13.69	14.49	13.68	14.31	4217000	5.26	2313	日海通讯	SZ
995	5/21/10	12.88	13.65	12.83	13.65	2532900	5.02	2313	日海通讯	SZ
996	5/20/10	13.65	13.84	13.28	13.35	2322500	4.91	2313	日海通讯	SZ
997	5/19/10	13.42	13.96	13.08	13.74	3156500	5.05	2313	日海通讯	SZ
998	5/18/10	13.53	13.67	13.04	13.55	4148800	4.98	2313	日海通讯	SZ
999	5/17/10	13.8	14.15	13.62	13.69	3141800	5.04	2313	日海通讯	SZ
1000	5/14/10	13.9	14.07	13.55	13.92	1708600	5.12	2313	日海通讯	SZ
1001	5/13/10	13.55	13.94	13.42	13.9	2048100	5.11	2313	日海通讯	SZ
1002	5/12/10	13.5	13.79	13.4	13.54	3212000	4.98	2313	日海通讯	SZ
1003	5/10/10	14.99	15.11	13.97	14.19	3169300	5.22	2313	日海通讯	SZ
1004	5/7/10	14.88	15.17	14.62	14.95	2990400	5.5	2313	日海通讯	SZ
1005	5/6/10	15.56	15.69	15.1	15.1	3008400	5.55	2313	日海通讯	SZ
1006	5/5/10	14.92	15.58	14.92	15.57	2546600	5.73	2313	日海通讯	SZ
1007	5/4/10	15	15.45	14.88	15.06	1726200	5.54	2313	日海通讯	SZ
1008	4/30/10	15.7	15.72	14.85	15.35	2979400	5.65	2313	日海通讯	SZ
1009	4/29/10	15.72	15.96	15.5	15.67	2531900	5.73	2313	日海通讯	SZ
1010	4/28/10	15.53	16.11	15.35	15.7	3762200	5.74	2313	日海通讯	SZ
1011	4/27/10	16.96	17.12	15.54	15.88	5710400	5.81	2313	日海通讯	SZ
1012	4/26/10	17.57	17.62	17.08	17.14	3352200	6.27	2313	日海通讯	SZ
1013	4/23/10	18.23	18.46	17.62	17.65	5069200	6.46	2313	日海通讯	SZ
1014	4/22/10	17.73	18.54	17.31	18.28	7458800	6.69	2313	日海通讯	SZ
1015	4/21/10	17.3	17.93	17.12	17.83	4353800	6.52	2313	日海通讯	SZ
1016	4/19/10	17.38	17.86	16.77	16.88	4208300	6.17	2313	日海通讯	SZ
1017	4/16/10	17.77	18.09	17.52	17.86	3326200	6.53	2313	日海通讯	SZ
1018	4/15/10	17.89	18.11	17.31	17.83	5933600	6.52	2313	日海通讯	SZ
1019	4/14/10	18.01	18.11	17.42	17.71	5893700	6.48	2313	日海通讯	SZ
1020	4/13/10	19.23	19.31	17.32	17.98	10254200	6.58	2313	日海通讯	SZ
1021	4/12/10	18.27	19.57	18.2	19.17	9937800	7.01	2313	日海通讯	SZ
1022	4/9/10	17.95	18.58	17.95	18.29	7978000	6.69	2313	日海通讯	SZ
1023	4/8/10	18	18.96	17.99	18.01	11639500	6.59	2313	日海通讯	SZ
1024	4/7/10	17.62	18.15	17.4	18	7306800	6.58	2313	日海通讯	SZ
1025	4/6/10	17.28	17.67	17.22	17.62	5506000	6.44	2313	日海通讯	SZ
1026	4/2/10	17.1	17.37	17.02	17.21	5366600	6.3	2313	日海通讯	SZ
1027	4/1/10	17.23	17.57	17.08	17.26	7475800	6.31	2313	日海通讯	SZ
1028	3/31/10	16.85	17.35	16.7	17.06	7149600	6.24	2313	日海通讯	SZ
1029	3/30/10	16.53	16.99	16.47	16.85	6794700	6.16	2313	日海通讯	SZ
1030	3/29/10	16.46	16.73	16.18	16.6	11551700	6.07	2313	日海通讯	SZ
1031	3/26/10	17.15	17.3	16.74	17	4641700	6.22	2313	日海通讯	SZ
1032	3/25/10	17.31	18	17.19	17.27	8278800	6.32	2313	日海通讯	SZ
1033	3/24/10	16.77	17.45	16.62	17.27	7085800	6.32	2313	日海通讯	SZ
1034	3/23/10	17	17.09	16.57	16.75	4055300	6.13	2313	日海通讯	SZ
1035	3/22/10	16.78	17.17	16.74	17.09	4218300	6.25	2313	日海通讯	SZ
1036	3/19/10	16.73	16.9	16.61	16.75	2847600	6.12	2313	日海通讯	SZ
1037	3/18/10	16.88	17.06	16.66	16.73	4283300	6.12	2313	日海通讯	SZ
1038	3/17/10	16.47	16.92	16.41	16.88	6029800	6.18	2313	日海通讯	SZ
1039	3/16/10	16.54	16.65	16.24	16.53	3696400	6.04	2313	日海通讯	SZ
1040	3/15/10	16.15	16.63	16.1	16.53	5342000	6.05	2313	日海通讯	SZ
1041	3/12/10	15.87	16.68	15.87	16.23	7356100	5.94	2313	日海通讯	SZ
1042	3/11/10	15.85	16.03	15.64	15.98	4445500	5.84	2313	日海通讯	SZ
1043	3/10/10	16.08	16.22	15.62	16	4763300	5.85	2313	日海通讯	SZ
1044	3/9/10	16.29	16.52	16.19	16.19	3433700	5.92	2313	日海通讯	SZ
1045	3/8/10	16.28	16.49	16.08	16.34	3756700	5.98	2313	日海通讯	SZ
1046	3/5/10	16.1	16.65	16.1	16.29	5388800	5.96	2313	日海通讯	SZ
1047	3/4/10	16.58	16.99	15.93	16.1	7997600	5.89	2313	日海通讯	SZ
1048	3/3/10	16.27	17.15	16.16	16.78	14210500	6.14	2313	日海通讯	SZ
1049	3/2/10	16.13	16.47	15.99	16.36	3866500	5.98	2313	日海通讯	SZ
1050	3/1/10	15.83	16.33	15.83	16.11	4181800	5.89	2313	日海通讯	SZ
1051	2/26/10	15.96	16.14	15.77	15.92	4680800	5.82	2313	日海通讯	SZ
1052	2/25/10	16.65	16.65	16.18	16.27	8018300	5.95	2313	日海通讯	SZ
1053	2/24/10	15	16.2	15	16.2	5874300	5.93	2313	日海通讯	SZ
1054	2/23/10	14.81	14.81	14.42	14.73	1593600	5.39	2313	日海通讯	SZ
1055	2/22/10	15.23	15.23	14.78	14.81	1777200	5.42	2313	日海通讯	SZ
1056	2/18/10	15.12	15.31	14.87	15.23	1897000	5.57	2313	日海通讯	SZ
1057	2/17/10	15.12	15.31	14.87	15.23	1897000	5.57	2313	日海通讯	SZ
1058	2/16/10	15.12	15.31	14.87	15.23	1897000	5.57	2313	日海通讯	SZ
1059	2/15/10	15.12	15.31	14.87	15.23	1897000	5.57	2313	日海通讯	SZ
1060	2/12/10	15.12	15.31	14.87	15.23	1897000	5.57	2313	日海通讯	SZ
1061	2/11/10	14.96	15.19	14.85	15	2031300	5.49	2313	日海通讯	SZ
1062	2/10/10	14.6	14.95	14.45	14.95	1944900	5.47	2313	日海通讯	SZ
1063	2/9/10	14.35	14.5	14.29	14.49	895400	5.3	2313	日海通讯	SZ
1064	2/8/10	14.23	14.54	14.17	14.41	1302900	5.27	2313	日海通讯	SZ
1065	2/5/10	14.31	14.54	14.15	14.32	2767800	5.24	2313	日海通讯	SZ
1066	2/4/10	14.83	15	14.64	14.79	2327200	5.41	2313	日海通讯	SZ
1067	2/3/10	14.55	14.92	14.15	14.88	2649900	5.44	2313	日海通讯	SZ
1068	2/2/10	14.54	15.04	14.5	14.53	2173600	5.32	2313	日海通讯	SZ
1069	2/1/10	15.15	15.35	14.47	14.63	3479600	5.35	2313	日海通讯	SZ
1070	1/29/10	15.52	16.06	15	15.46	4099400	5.66	2313	日海通讯	SZ
1071	1/27/10	15.31	16.3	15.27	15.55	5392500	5.69	2313	日海通讯	SZ
1072	1/26/10	15.08	15.33	14.77	14.92	2382200	5.46	2313	日海通讯	SZ
1073	1/25/10	15.04	15.38	15	15.06	1856500	5.51	2313	日海通讯	SZ
1074	1/22/10	15.61	15.75	14.79	15.25	3589600	5.58	2313	日海通讯	SZ
1075	1/21/10	15.43	16.18	15.43	15.87	3739100	5.81	2313	日海通讯	SZ
1076	1/20/10	17.07	17.17	15.38	15.6	7691000	5.71	2313	日海通讯	SZ
1077	1/19/10	17.67	17.75	16.88	17.07	4673600	6.24	2313	日海通讯	SZ
1078	1/18/10	17.44	17.83	17.4	17.63	4193400	6.45	2313	日海通讯	SZ
1079	1/15/10	17.65	18.31	17.42	17.65	6455000	6.46	2313	日海通讯	SZ
1080	1/14/10	17.48	18.36	17.15	17.83	11074000	6.52	2313	日海通讯	SZ
1081	1/13/10	17.19	17.85	16.93	17.42	16832800	6.37	2313	日海通讯	SZ
1082	1/12/10	15.62	16.85	15.62	16.85	6012100	6.16	2313	日海通讯	SZ
1083	1/8/10	15.21	15.37	15.07	15.32	2479700	5.6	2313	日海通讯	SZ
1084	1/7/10	15.6	15.72	15.12	15.28	3606400	5.59	2313	日海通讯	SZ
1085	1/6/10	15.53	15.93	15.52	15.66	3242700	5.73	2313	日海通讯	SZ
1086	1/5/10	15.85	15.88	15.31	15.67	3601900	5.73	2313	日海通讯	SZ
1087	1/4/10	15.73	16.08	15.7	15.85	3359700	5.8	2313	日海通讯	SZ
1088	12/31/09	15.6	15.95	15.54	15.7	2857100	5.74	2313	日海通讯	SZ
1089	12/30/09	16.23	16.27	15.56	15.57	6251700	5.69	2313	日海通讯	SZ
1090	12/29/09	16.62	16.68	15.92	16.32	5266100	5.97	2313	日海通讯	SZ
1091	12/28/09	16.37	16.67	16.3	16.56	5294600	6.06	2313	日海通讯	SZ
1092	12/25/09	16.22	16.69	15.9	16.5	6794100	6.03	2313	日海通讯	SZ
1093	12/24/09	16	16.88	15.67	16.35	11277700	5.98	2313	日海通讯	SZ
1094	12/23/09	14.31	15.65	14.12	15.65	7507300	5.73	2313	日海通讯	SZ
1095	12/22/09	15.15	15.19	14.2	14.23	3932700	5.2	2313	日海通讯	SZ
1096	12/21/09	14.85	15.23	14.72	15.15	3193300	5.54	2313	日海通讯	SZ
1097	12/18/09	16.15	16.15	14.73	15.01	5005400	5.49	2313	日海通讯	SZ
1098	12/17/09	16.12	16.53	15.94	16.3	4959800	5.96	2313	日海通讯	SZ
1099	12/16/09	17.11	17.11	16.12	16.13	7286800	5.9	2313	日海通讯	SZ
1100	12/15/09	17.31	17.4	16.88	17.26	5534000	6.31	2313	日海通讯	SZ
1101	12/14/09	18.08	18.31	16.92	17.42	6422100	6.37	2313	日海通讯	SZ
1102	12/11/09	18.65	18.69	17.96	18.14	8736600	6.64	2313	日海通讯	SZ
1103	12/10/09	18.31	19.07	18.31	18.72	8320500	6.85	2313	日海通讯	SZ
1104	12/9/09	18.43	19.07	18.12	18.41	7818400	6.73	2313	日海通讯	SZ
1105	12/8/09	19.17	19.17	18.12	18.62	10659200	6.81	2313	日海通讯	SZ
1106	12/7/09	18.06	19.65	17.92	19.18	15715400	7.02	2313	日海通讯	SZ
1107	12/4/09	19.19	20.49	18.45	18.45	26427400	6.75	2313	日海通讯	SZ
1108	12/3/09	17.69	21.15	17.5	20.5	43169800	7.5	2313	日海通讯	SZ
