0	4/29/14	23	23.8	22.8	23.6	775400	23.6	2338	奥普光电	SZ
1	4/28/14	23.7	23.94	22.93	23	631300	23	2338	奥普光电	SZ
2	4/25/14	25.13	25.13	23.51	23.63	1404100	23.63	2338	奥普光电	SZ
3	4/24/14	25.56	25.69	25.07	25.13	561700	25.13	2338	奥普光电	SZ
4	4/23/14	26	26.5	24.89	25.55	1895200	25.55	2338	奥普光电	SZ
5	4/22/14	26.9	26.9	25.9	25.9	1054500	25.9	2338	奥普光电	SZ
6	4/21/14	27.23	27.23	26.63	26.95	1176600	26.95	2338	奥普光电	SZ
7	4/18/14	26.99	27.27	26.78	27.05	562000	27.05	2338	奥普光电	SZ
8	4/17/14	27.2	27.25	26.78	26.99	718900	26.99	2338	奥普光电	SZ
9	4/16/14	27.38	27.38	26.78	27.15	698400	27.15	2338	奥普光电	SZ
10	4/15/14	27.51	27.98	27.01	27.11	895600	27.11	2338	奥普光电	SZ
11	4/14/14	26.92	27.79	26.72	27.6	967300	27.6	2338	奥普光电	SZ
12	4/11/14	27.5	27.77	26.7	26.93	1538400	26.93	2338	奥普光电	SZ
13	4/10/14	27.9	28.45	27.75	27.9	1710400	27.9	2338	奥普光电	SZ
14	4/9/14	27.6	28.28	27.48	27.8	1458400	27.8	2338	奥普光电	SZ
15	4/8/14	27.5	27.88	27.23	27.6	960500	27.6	2338	奥普光电	SZ
16	4/7/14	27.57	27.57	27.57	27.57	0	27.57	2338	奥普光电	SZ
17	4/4/14	27.23	27.73	27.03	27.57	814700	27.57	2338	奥普光电	SZ
18	4/3/14	27.05	27.34	26.66	27.23	1384300	27.23	2338	奥普光电	SZ
19	4/2/14	27.11	27.42	26.58	27.05	1427500	27.05	2338	奥普光电	SZ
20	4/1/14	26.87	27.87	26.82	27.3	1324800	27.3	2338	奥普光电	SZ
21	3/31/14	27	27.09	26.32	26.87	1049000	26.87	2338	奥普光电	SZ
22	3/28/14	27.75	28	26.25	26.8	2929900	26.8	2338	奥普光电	SZ
23	3/27/14	28.59	29.25	27.6	27.75	2131700	27.75	2338	奥普光电	SZ
24	3/26/14	28.32	29.38	28.06	28.72	3946000	28.72	2338	奥普光电	SZ
25	3/25/14	28.41	28.86	27.59	28.3	1779200	28.3	2338	奥普光电	SZ
26	3/24/14	27.8	28.89	27.38	28.5	2883700	28.5	2338	奥普光电	SZ
27	3/21/14	26.99	27.87	26.5	27.65	2371200	27.65	2338	奥普光电	SZ
28	3/20/14	28.02	29.18	27	27	3482100	27	2338	奥普光电	SZ
29	3/19/14	27.82	28.79	27.7	28.22	2101600	28.22	2338	奥普光电	SZ
30	3/18/14	28	28.49	27.67	28.2	1706900	28.2	2338	奥普光电	SZ
31	3/17/14	26.1	28.3	26.03	28.07	2094900	28.07	2338	奥普光电	SZ
32	3/14/14	26.6	26.9	25.82	25.99	823500	25.99	2338	奥普光电	SZ
33	3/13/14	26.16	26.89	26	26.76	802100	26.76	2338	奥普光电	SZ
34	3/12/14	26.2	26.37	25.29	26.09	1005600	26.09	2338	奥普光电	SZ
35	3/11/14	26.49	27.2	25.81	26.1	1244900	26.1	2338	奥普光电	SZ
36	3/10/14	27.39	27.45	26.58	26.81	1137500	26.81	2338	奥普光电	SZ
37	3/7/14	27.09	29	27.01	27.48	1809700	27.48	2338	奥普光电	SZ
38	3/6/14	27.62	27.66	26.15	27.09	1933600	27.09	2338	奥普光电	SZ
39	3/5/14	27.6	28.38	27.41	27.6	3812000	27.6	2338	奥普光电	SZ
40	3/4/14	26.51	27.6	26.51	27.6	1537700	27.6	2338	奥普光电	SZ
41	3/3/14	26.35	27.12	26.35	27	1528000	27	2338	奥普光电	SZ
42	2/28/14	25.6	26.45	24.5	26.35	1118000	26.35	2338	奥普光电	SZ
43	2/27/14	26.1	26.48	25.5	25.8	1502000	25.8	2338	奥普光电	SZ
44	2/26/14	25.32	26.5	24.55	26.08	2276700	26.08	2338	奥普光电	SZ
45	2/25/14	27.52	27.78	24.89	25.73	1908900	25.73	2338	奥普光电	SZ
46	2/24/14	26.8	27.88	26.26	27.65	1323100	27.65	2338	奥普光电	SZ
47	2/21/14	27.8	27.92	26.62	26.73	1592500	26.73	2338	奥普光电	SZ
48	2/20/14	28.56	29.08	27.8	27.8	2063500	27.8	2338	奥普光电	SZ
49	2/19/14	27.55	28.8	27.11	28.56	1932200	28.56	2338	奥普光电	SZ
50	2/18/14	28.35	28.57	27.4	27.49	2087100	27.49	2338	奥普光电	SZ
51	2/17/14	27.12	28.49	27.12	28.33	2045000	28.33	2338	奥普光电	SZ
52	2/14/14	26.05	27.1	26.05	27.09	1220800	27.09	2338	奥普光电	SZ
53	2/13/14	27.1	27.65	26	26.1	1396600	26.1	2338	奥普光电	SZ
54	2/12/14	26.82	27.43	26.39	27.43	1535600	27.43	2338	奥普光电	SZ
55	2/11/14	27	27.23	26.21	26.9	1921100	26.9	2338	奥普光电	SZ
56	2/10/14	26.96	27.4	26.81	27.24	2423000	27.24	2338	奥普光电	SZ
57	2/7/14	25.92	27.34	25.6	26.96	1810700	26.96	2338	奥普光电	SZ
58	2/6/14	25.82	25.82	25.82	25.82	0	25.82	2338	奥普光电	SZ
59	2/5/14	25.82	25.82	25.82	25.82	0	25.82	2338	奥普光电	SZ
60	2/3/14	25.82	25.82	25.82	25.82	0	25.82	2338	奥普光电	SZ
61	1/31/14	25.82	25.82	25.82	25.82	0	25.82	2338	奥普光电	SZ
62	1/30/14	25.55	26.18	25.21	25.82	1353200	25.82	2338	奥普光电	SZ
63	1/29/14	24.4	25.7	24.36	25.55	1730600	25.55	2338	奥普光电	SZ
64	1/28/14	24	24.66	24	24.5	986600	24.5	2338	奥普光电	SZ
65	1/27/14	24.5	24.99	24.17	24.2	2560400	24.2	2338	奥普光电	SZ
66	1/24/14	24.29	24.98	24	24.68	1341700	24.68	2338	奥普光电	SZ
67	1/23/14	23.86	24.57	23.72	24.46	1332100	24.46	2338	奥普光电	SZ
68	1/22/14	23.31	23.97	22.71	23.85	1038900	23.85	2338	奥普光电	SZ
69	1/21/14	23.68	23.69	23.2	23.31	534000	23.31	2338	奥普光电	SZ
70	1/20/14	23.5	23.89	23.23	23.43	765800	23.43	2338	奥普光电	SZ
71	1/17/14	23.02	23.72	22.57	23.5	998900	23.5	2338	奥普光电	SZ
72	1/16/14	23.65	23.65	22	23.2	1575900	23.2	2338	奥普光电	SZ
73	1/15/14	23.04	23.92	22.91	23.4	1619400	23.4	2338	奥普光电	SZ
74	1/14/14	22.02	23.14	22.02	23.14	1423400	23.14	2338	奥普光电	SZ
75	1/13/14	23.98	24.18	21.91	22	2500600	22	2338	奥普光电	SZ
76	1/10/14	25.56	25.56	23.8	23.99	1492400	23.99	2338	奥普光电	SZ
77	1/9/14	25.4	26.18	25.4	25.58	1550600	25.58	2338	奥普光电	SZ
78	1/8/14	24.96	26.16	24.96	25.65	1698400	25.65	2338	奥普光电	SZ
79	1/7/14	25.4	25.5	24.7	24.92	1242300	24.92	2338	奥普光电	SZ
80	1/6/14	25.72	26.66	25.3	25.48	1998100	25.48	2338	奥普光电	SZ
81	1/3/14	24.55	26.19	24.55	25.9	2106400	25.9	2338	奥普光电	SZ
82	1/2/14	24	24.8	23.91	24.75	1213800	24.75	2338	奥普光电	SZ
83	1/1/14	24.13	24.13	24.13	24.13	0	24.13	2338	奥普光电	SZ
84	12/31/13	24.22	24.25	23.88	24.13	727400	24.13	2338	奥普光电	SZ
85	12/30/13	24.5	24.67	24.2	24.3	765200	24.3	2338	奥普光电	SZ
86	12/27/13	23.8	24.79	23.8	24.48	745000	24.48	2338	奥普光电	SZ
87	12/26/13	24.9	24.97	23.66	23.8	859200	23.8	2338	奥普光电	SZ
88	12/25/13	24.5	25.06	24.46	25	815800	25	2338	奥普光电	SZ
89	12/24/13	24.21	25.07	24.12	24.48	1049200	24.48	2338	奥普光电	SZ
90	12/23/13	23.5	24.46	23.42	24.2	1238500	24.2	2338	奥普光电	SZ
91	12/20/13	23.75	23.82	23.18	23.59	716400	23.59	2338	奥普光电	SZ
92	12/19/13	23.66	24.27	23.24	23.75	1051500	23.75	2338	奥普光电	SZ
93	12/18/13	24.75	24.8	23.58	23.67	849000	23.67	2338	奥普光电	SZ
94	12/17/13	24.52	24.9	24.18	24.55	1157800	24.55	2338	奥普光电	SZ
95	12/16/13	25.91	25.99	24.6	24.6	1297100	24.6	2338	奥普光电	SZ
96	12/13/13	25.16	26	25	25.74	1300100	25.74	2338	奥普光电	SZ
97	12/12/13	25.26	25.65	24.88	25.37	881500	25.37	2338	奥普光电	SZ
98	12/11/13	25.77	25.78	25	25.19	1012000	25.19	2338	奥普光电	SZ
99	12/10/13	25.68	26.28	25.59	25.81	1503900	25.81	2338	奥普光电	SZ
100	12/9/13	25.53	26.07	25.41	25.79	1333100	25.79	2338	奥普光电	SZ
101	12/6/13	25.83	26.12	25.3	25.51	1596400	25.51	2338	奥普光电	SZ
102	12/5/13	26.59	27.16	25.6	25.93	3349700	25.93	2338	奥普光电	SZ
103	12/4/13	27.24	27.98	26.5	26.93	3934700	26.93	2338	奥普光电	SZ
104	12/3/13	28.29	28.29	25.59	27.3	4317300	27.3	2338	奥普光电	SZ
105	12/2/13	31.6	31.6	28.25	28.4	7365400	28.4	2338	奥普光电	SZ
106	11/29/13	27.83	29.18	27.81	29.18	2879400	29.18	2338	奥普光电	SZ
107	11/28/13	26.25	26.68	25.75	26.53	1924000	26.53	2338	奥普光电	SZ
108	11/27/13	25.45	27.58	25.45	26.25	4916800	26.25	2338	奥普光电	SZ
109	11/26/13	24.23	25.51	24.23	25.19	2494400	25.19	2338	奥普光电	SZ
110	11/25/13	23.69	25.19	23.5	24.5	2476300	24.5	2338	奥普光电	SZ
111	11/22/13	23.63	23.78	23.11	23.11	925600	23.11	2338	奥普光电	SZ
112	11/21/13	23.93	24.51	23.5	23.63	1117000	23.63	2338	奥普光电	SZ
113	11/20/13	23.64	24.33	23.61	24	1555200	24	2338	奥普光电	SZ
114	11/19/13	24.02	24.5	23.54	23.65	2345900	23.65	2338	奥普光电	SZ
115	11/18/13	22.23	24.48	22.23	24.38	3820900	24.38	2338	奥普光电	SZ
116	11/15/13	22	23.32	21.98	22.25	1672700	22.25	2338	奥普光电	SZ
117	11/14/13	20.35	22	20.1	22	955500	22	2338	奥普光电	SZ
118	11/13/13	20.94	21.19	20.37	20.5	349000	20.5	2338	奥普光电	SZ
119	11/12/13	20.64	20.97	20.37	20.97	183100	20.97	2338	奥普光电	SZ
120	11/11/13	19.87	20.57	19.87	20.5	163200	20.5	2338	奥普光电	SZ
121	11/8/13	20.22	20.8	20.22	20.52	105500	20.52	2338	奥普光电	SZ
122	11/7/13	21	21.19	20	21	183300	21	2338	奥普光电	SZ
123	11/6/13	20.79	21.21	20.67	21.16	240900	21.16	2338	奥普光电	SZ
124	11/5/13	20.52	20.88	20.34	20.85	192100	20.85	2338	奥普光电	SZ
125	11/4/13	20.51	20.66	20.37	20.52	127300	20.52	2338	奥普光电	SZ
126	11/1/13	20.79	20.79	20.3	20.49	152400	20.49	2338	奥普光电	SZ
127	10/31/13	20.48	20.85	20.35	20.74	203000	20.74	2338	奥普光电	SZ
128	10/30/13	20.11	20.68	20.03	20.46	258700	20.46	2338	奥普光电	SZ
129	10/29/13	21.8	21.8	19.88	20.45	418600	20.45	2338	奥普光电	SZ
130	10/28/13	21.13	21.42	21.01	21.2	228400	21.2	2338	奥普光电	SZ
131	10/25/13	21.52	21.85	21.05	21.13	224700	21.13	2338	奥普光电	SZ
132	10/24/13	21.99	22.19	21.61	21.75	302100	21.75	2338	奥普光电	SZ
133	10/23/13	21.52	23	20.8	22.2	673000	22.2	2338	奥普光电	SZ
134	10/22/13	22.12	22.42	21.74	21.87	495100	21.87	2338	奥普光电	SZ
135	10/21/13	21.72	22.46	21.72	22.2	461000	22.2	2338	奥普光电	SZ
136	10/18/13	21.85	21.85	21.51	21.72	150100	21.72	2338	奥普光电	SZ
137	10/17/13	21.61	21.9	21.37	21.66	408200	21.66	2338	奥普光电	SZ
138	10/16/13	22.6	22.6	21.55	21.61	676200	21.61	2338	奥普光电	SZ
139	10/15/13	22.18	22.94	21.7	22.6	1082400	22.6	2338	奥普光电	SZ
140	10/14/13	22.3	22.44	22.03	22.24	533500	22.24	2338	奥普光电	SZ
141	10/11/13	21.9	22.48	21.71	22.1	958900	22.1	2338	奥普光电	SZ
142	10/10/13	21.79	21.88	21.46	21.65	432200	21.65	2338	奥普光电	SZ
143	10/9/13	21.71	21.96	21.42	21.7	544200	21.7	2338	奥普光电	SZ
144	10/8/13	21.15	21.9	21.09	21.71	537100	21.71	2338	奥普光电	SZ
145	10/7/13	21.28	21.28	21.28	21.28	0	21.28	2338	奥普光电	SZ
146	10/4/13	21.28	21.28	21.28	21.28	0	21.28	2338	奥普光电	SZ
147	10/3/13	21.28	21.28	21.28	21.28	0	21.28	2338	奥普光电	SZ
148	10/2/13	21.28	21.28	21.28	21.28	0	21.28	2338	奥普光电	SZ
149	10/1/13	21.28	21.28	21.28	21.28	0	21.28	2338	奥普光电	SZ
150	9/30/13	20.44	21.38	20.3	21.28	750800	21.28	2338	奥普光电	SZ
151	9/27/13	20.01	22.07	19.96	20.45	437800	20.45	2338	奥普光电	SZ
152	9/26/13	20.75	20.75	20.02	20.06	450500	20.06	2338	奥普光电	SZ
153	9/25/13	21.33	21.33	20.78	20.79	531400	20.79	2338	奥普光电	SZ
154	9/24/13	21.32	21.55	21.11	21.23	393200	21.23	2338	奥普光电	SZ
155	9/23/13	21.11	21.4	21.11	21.3	482700	21.3	2338	奥普光电	SZ
156	9/20/13	21.1	21.1	21.1	21.1	0	21.1	2338	奥普光电	SZ
157	9/18/13	20.95	21.11	20.78	21.1	279500	21.1	2338	奥普光电	SZ
158	9/17/13	21.2	21.32	20.9	20.95	182800	20.95	2338	奥普光电	SZ
159	9/16/13	21.15	21.48	21	21.21	408400	21.21	2338	奥普光电	SZ
160	9/13/13	20.66	21.33	20.62	21.29	421000	21.29	2338	奥普光电	SZ
161	9/12/13	21	21.12	20.58	20.65	370000	20.65	2338	奥普光电	SZ
162	9/11/13	21.64	21.64	20.63	21	827500	21	2338	奥普光电	SZ
163	9/10/13	21.61	21.62	20.9	21.45	712900	21.45	2338	奥普光电	SZ
164	9/9/13	21.68	21.98	21.3	21.53	600200	21.53	2338	奥普光电	SZ
165	9/6/13	21.8	21.95	21.48	21.75	798900	21.75	2338	奥普光电	SZ
166	9/5/13	21.65	22.5	21.4	21.68	1209900	21.68	2338	奥普光电	SZ
167	9/4/13	20.92	21.85	20.8	21.7	1056800	21.7	2338	奥普光电	SZ
168	9/3/13	21.11	21.23	20.76	21.04	632600	21.04	2338	奥普光电	SZ
169	9/2/13	20.86	21.2	20.55	21.2	583000	21.2	2338	奥普光电	SZ
170	8/30/13	20.58	21.3	20.36	20.89	1129400	20.89	2338	奥普光电	SZ
171	8/29/13	20.75	20.95	20.5	20.58	568100	20.58	2338	奥普光电	SZ
172	8/28/13	21.1	21.75	20.67	20.69	1191800	20.69	2338	奥普光电	SZ
173	8/27/13	21.06	21.51	20.89	21.39	1106900	21.39	2338	奥普光电	SZ
174	8/26/13	20.79	21.33	20.56	21.18	1191500	21.18	2338	奥普光电	SZ
175	8/23/13	20.6	21.29	20.18	20.9	1209400	20.9	2338	奥普光电	SZ
176	8/22/13	20.74	21.08	20.5	20.58	1062200	20.58	2338	奥普光电	SZ
177	8/21/13	19.74	20.9	19.61	20.76	1447700	20.76	2338	奥普光电	SZ
178	8/20/13	19.8	20.29	19.63	19.75	765900	19.75	2338	奥普光电	SZ
179	8/19/13	19.1	19.94	19	19.93	925300	19.93	2338	奥普光电	SZ
180	8/16/13	20.5	21.5	19.2	19.31	2220600	19.31	2338	奥普光电	SZ
181	8/15/13	19.2	19.76	19.01	19.66	1678400	19.66	2338	奥普光电	SZ
182	8/14/13	19.11	19.34	19.09	19.21	930200	19.21	2338	奥普光电	SZ
183	8/13/13	19.32	19.39	19.12	19.19	689300	19.19	2338	奥普光电	SZ
184	8/12/13	18.93	19.65	18.82	19.35	1429400	19.35	2338	奥普光电	SZ
185	8/9/13	18.95	19.21	18.61	18.9	971400	18.9	2338	奥普光电	SZ
186	8/8/13	18.47	19.23	18.45	18.79	1258200	18.79	2338	奥普光电	SZ
187	8/7/13	18.83	18.84	18.36	18.42	547100	18.42	2338	奥普光电	SZ
188	8/6/13	18.71	19.03	18.6	18.84	661700	18.84	2338	奥普光电	SZ
189	8/5/13	18.99	19.03	18.48	18.84	620100	18.84	2338	奥普光电	SZ
190	8/2/13	18.56	19.06	18.22	18.79	816300	18.79	2338	奥普光电	SZ
191	8/1/13	17.49	18.48	17.49	18.43	611000	18.43	2338	奥普光电	SZ
192	7/31/13	17.6	17.84	17.53	17.65	301300	17.65	2338	奥普光电	SZ
193	7/30/13	17.86	17.93	17.01	17.44	413800	17.44	2338	奥普光电	SZ
194	7/29/13	18.19	18.46	17.69	17.77	512200	17.77	2338	奥普光电	SZ
195	7/26/13	18.11	18.57	18.05	18.49	378800	18.49	2338	奥普光电	SZ
196	7/25/13	19.28	19.28	18	18.5	885600	18.5	2338	奥普光电	SZ
197	7/24/13	18.7	19.35	18.6	19.31	1419300	19.31	2338	奥普光电	SZ
198	7/23/13	18.39	18.85	18.2	18.7	1006400	18.7	2338	奥普光电	SZ
199	7/22/13	18.1	18.23	17.62	18.11	474100	18.11	2338	奥普光电	SZ
200	7/19/13	18.56	18.7	18.06	18.13	635200	18.13	2338	奥普光电	SZ
201	7/18/13	18.18	18.9	17.82	18.7	736700	18.7	2338	奥普光电	SZ
202	7/17/13	18.66	18.98	18.18	18.37	1042300	18.37	2338	奥普光电	SZ
203	7/16/13	18.07	18.72	17.96	18.65	1193100	18.65	2338	奥普光电	SZ
204	7/15/13	17.75	18.07	17.6	18.04	731000	18.04	2338	奥普光电	SZ
205	7/12/13	17.81	17.93	17.45	17.6	583100	17.6	2338	奥普光电	SZ
206	7/11/13	17.21	17.85	17.21	17.75	1187900	17.75	2338	奥普光电	SZ
207	7/10/13	16.9	17.39	16.9	17.37	376800	17.37	2338	奥普光电	SZ
208	7/9/13	16.9	16.98	16.53	16.92	250300	16.92	2338	奥普光电	SZ
209	7/8/13	17.5	17.5	16.85	16.9	382700	16.9	2338	奥普光电	SZ
210	7/5/13	17.8	17.99	17.61	17.73	285100	17.73	2338	奥普光电	SZ
211	7/4/13	17.57	17.92	17.25	17.79	451200	17.79	2338	奥普光电	SZ
212	7/3/13	17.62	17.7	17.31	17.57	416300	17.57	2338	奥普光电	SZ
213	7/2/13	17.37	17.87	17.2	17.66	350300	17.66	2338	奥普光电	SZ
214	7/1/13	17.07	17.39	16.88	17.38	266500	17.38	2338	奥普光电	SZ
215	6/28/13	17.05	17.45	16.7	16.92	252000	16.92	2338	奥普光电	SZ
216	6/27/13	17.4	17.91	17.04	17.09	537700	17.09	2338	奥普光电	SZ
217	6/26/13	17.35	17.5	16.61	17.5	329900	17.5	2338	奥普光电	SZ
218	6/25/13	16.89	17.48	15.78	17.01	461600	17.01	2338	奥普光电	SZ
219	6/24/13	17.6	17.94	16.78	16.89	408300	16.89	2338	奥普光电	SZ
220	6/21/13	18.18	18.18	17.32	17.82	432500	17.82	2338	奥普光电	SZ
221	6/20/13	18.55	18.95	18.23	18.3	378700	18.3	2338	奥普光电	SZ
222	6/19/13	18.76	18.79	18.38	18.65	653100	18.65	2338	奥普光电	SZ
223	6/18/13	18.8	18.95	18	18.82	664800	18.82	2338	奥普光电	SZ
224	6/17/13	18.77	19.2	18.73	18.78	441600	18.78	2338	奥普光电	SZ
225	6/14/13	18.42	18.99	18.42	18.91	403900	18.91	2338	奥普光电	SZ
226	6/13/13	19.2	19.29	18.43	18.67	441600	18.67	2338	奥普光电	SZ
227	6/12/13	19.43	19.43	19.43	19.43	0	19.43	2338	奥普光电	SZ
228	6/11/13	19.43	19.43	19.43	19.43	0	19.43	2338	奥普光电	SZ
229	6/10/13	19.43	19.43	19.43	19.43	0	19.43	2338	奥普光电	SZ
230	6/7/13	20.3	20.3	19.26	19.43	447400	19.43	2338	奥普光电	SZ
231	6/6/13	20.17	20.55	20.1	20.16	329700	20.16	2338	奥普光电	SZ
232	6/5/13	20.72	20.94	20.22	20.42	189500	20.42	2338	奥普光电	SZ
233	6/4/13	21.8	21.88	20.8	20.96	532400	20.69	2338	奥普光电	SZ
234	6/3/13	21.61	22.1	21.3	21.8	609100	21.52	2338	奥普光电	SZ
235	5/31/13	21.98	22.2	21.68	21.71	614100	21.43	2338	奥普光电	SZ
236	5/30/13	21.22	22.1	21.02	22.01	1042900	21.73	2338	奥普光电	SZ
237	5/29/13	21	21.43	21	21.19	534800	20.92	2338	奥普光电	SZ
238	5/28/13	21.8	21.84	20.9	21.2	648600	20.93	2338	奥普光电	SZ
239	5/27/13	21.83	22.17	21.57	21.8	590300	21.52	2338	奥普光电	SZ
240	5/24/13	21.25	21.92	21.25	21.82	488700	21.54	2338	奥普光电	SZ
241	5/23/13	21.36	21.93	21.01	21.21	580100	20.94	2338	奥普光电	SZ
242	5/22/13	22.16	22.28	21.5	21.55	838500	21.27	2338	奥普光电	SZ
243	5/21/13	21.3	22.1	20.99	22.08	998200	21.8	2338	奥普光电	SZ
244	5/20/13	21	21.3	20.88	21.3	873800	21.03	2338	奥普光电	SZ
245	5/17/13	20.4	21.72	20.4	21.08	1133100	20.81	2338	奥普光电	SZ
246	5/16/13	20.4	20.84	20.26	20.6	1077400	20.33	2338	奥普光电	SZ
247	5/15/13	19.89	20.53	19.63	20.48	548300	20.22	2338	奥普光电	SZ
248	5/14/13	20.35	20.35	19.63	19.88	417600	19.62	2338	奥普光电	SZ
249	5/13/13	19.78	20.55	19.52	20.32	744000	20.06	2338	奥普光电	SZ
250	5/10/13	19.58	19.79	19.5	19.71	392400	19.46	2338	奥普光电	SZ
251	5/9/13	19.6	19.8	19.4	19.68	315900	19.43	2338	奥普光电	SZ
252	5/8/13	19.51	19.73	19.5	19.63	228600	19.38	2338	奥普光电	SZ
253	5/7/13	19.9	19.9	19.37	19.5	336300	19.25	2338	奥普光电	SZ
254	5/6/13	19.58	19.98	19.4	19.73	488800	19.48	2338	奥普光电	SZ
255	5/3/13	19	19.58	19	19.4	250900	19.15	2338	奥普光电	SZ
256	5/2/13	18.7	19.08	18.51	19.05	190700	18.8	2338	奥普光电	SZ
257	5/1/13	18.62	18.62	18.62	18.62	0	18.38	2338	奥普光电	SZ
258	4/30/13	18.62	18.62	18.62	18.62	0	18.38	2338	奥普光电	SZ
259	4/29/13	18.62	18.62	18.62	18.62	0	18.38	2338	奥普光电	SZ
260	4/26/13	19.15	19.18	18.52	18.62	268300	18.38	2338	奥普光电	SZ
261	4/25/13	18.94	19.37	18.72	19.23	320600	18.98	2338	奥普光电	SZ
262	4/24/13	18.31	18.98	18.2	18.93	344400	18.69	2338	奥普光电	SZ
263	4/23/13	18.56	18.73	18.2	18.35	155800	18.11	2338	奥普光电	SZ
264	4/22/13	18.64	18.79	18.4	18.75	226100	18.51	2338	奥普光电	SZ
265	4/19/13	18.16	18.88	18.15	18.65	222200	18.41	2338	奥普光电	SZ
266	4/18/13	18.25	18.32	18.1	18.21	132300	17.98	2338	奥普光电	SZ
267	4/17/13	18.15	18.32	18.01	18.21	103500	17.98	2338	奥普光电	SZ
268	4/16/13	17.9	18.2	17.67	18.09	99600	17.86	2338	奥普光电	SZ
269	4/15/13	18.68	18.68	17.95	18.01	182800	17.78	2338	奥普光电	SZ
270	4/12/13	19.09	19.09	18.65	18.68	117600	18.44	2338	奥普光电	SZ
271	4/11/13	18.93	19.28	18.86	18.87	158900	18.63	2338	奥普光电	SZ
272	4/10/13	18.84	18.99	18.7	18.93	235000	18.69	2338	奥普光电	SZ
273	4/9/13	18.63	19.09	18.63	18.84	243000	18.6	2338	奥普光电	SZ
274	4/8/13	18.6	19.06	18.2	18.8	162200	18.56	2338	奥普光电	SZ
275	4/5/13	18.73	18.73	18.73	18.73	0	18.49	2338	奥普光电	SZ
276	4/4/13	18.73	18.73	18.73	18.73	0	18.49	2338	奥普光电	SZ
277	4/3/13	18.55	18.8	18.11	18.73	172800	18.49	2338	奥普光电	SZ
278	4/2/13	19.14	19.29	18.5	18.52	177500	18.28	2338	奥普光电	SZ
279	4/1/13	18.95	19.45	18.72	19.14	131700	18.89	2338	奥普光电	SZ
280	3/29/13	18.78	19.24	18.78	18.95	135300	18.71	2338	奥普光电	SZ
281	3/28/13	19.63	19.63	18.63	18.9	307600	18.66	2338	奥普光电	SZ
282	3/27/13	19	19.64	19	19.63	358900	19.38	2338	奥普光电	SZ
283	3/26/13	19.3	19.44	18.81	19	374400	18.76	2338	奥普光电	SZ
284	3/25/13	20.15	20.15	19.4	19.4	561300	19.15	2338	奥普光电	SZ
285	3/22/13	20.46	20.72	19.9	19.96	378100	19.7	2338	奥普光电	SZ
286	3/21/13	20.11	20.61	20.05	20.61	279100	20.34	2338	奥普光电	SZ
287	3/20/13	19.65	20.2	19.57	20.11	252000	19.85	2338	奥普光电	SZ
288	3/19/13	19.9	20	19.41	19.56	206300	19.31	2338	奥普光电	SZ
289	3/18/13	20.2	20.39	19.61	20	196500	19.74	2338	奥普光电	SZ
290	3/15/13	19.55	20.3	19.55	19.9	327200	19.64	2338	奥普光电	SZ
291	3/14/13	19.6	19.85	19.32	19.7	185800	19.45	2338	奥普光电	SZ
292	3/13/13	19.63	20.06	19.21	19.62	264700	19.37	2338	奥普光电	SZ
293	3/12/13	21.44	21.44	19.7	20.07	418300	19.81	2338	奥普光电	SZ
294	3/11/13	21.01	21.46	20.9	21.46	161100	21.18	2338	奥普光电	SZ
295	3/8/13	21.77	21.96	21.01	21.14	355600	20.87	2338	奥普光电	SZ
296	3/7/13	22.71	22.72	21.61	21.7	678500	21.42	2338	奥普光电	SZ
297	3/6/13	22.13	23.25	22.11	22.8	714100	22.51	2338	奥普光电	SZ
298	3/5/13	22.28	22.58	21.95	22.33	481200	22.04	2338	奥普光电	SZ
299	3/4/13	22.68	22.68	22.01	22.29	816800	22	2338	奥普光电	SZ
300	3/1/13	21.18	23.32	21	22.69	1247500	22.4	2338	奥普光电	SZ
301	2/28/13	20.71	21.24	20.71	21.2	319300	20.93	2338	奥普光电	SZ
302	2/27/13	20.85	21.41	20.7	20.84	401100	20.57	2338	奥普光电	SZ
303	2/26/13	21.49	21.55	20.8	20.89	445800	20.62	2338	奥普光电	SZ
304	2/25/13	20.65	21.66	20.65	21.55	839100	21.27	2338	奥普光电	SZ
305	2/22/13	20.67	21.08	20.64	20.83	402600	20.56	2338	奥普光电	SZ
306	2/21/13	21.1	21.14	20.6	20.8	477900	20.53	2338	奥普光电	SZ
307	2/20/13	20.76	21.11	20.65	21.09	485000	20.82	2338	奥普光电	SZ
308	2/19/13	20.7	21.11	20.6	20.76	372400	20.49	2338	奥普光电	SZ
309	2/18/13	20.87	20.97	20.6	20.92	384800	20.65	2338	奥普光电	SZ
310	2/15/13	20.85	20.85	20.85	20.85	0	20.58	2338	奥普光电	SZ
311	2/14/13	20.85	20.85	20.85	20.85	0	20.58	2338	奥普光电	SZ
312	2/13/13	20.85	20.85	20.85	20.85	0	20.58	2338	奥普光电	SZ
313	2/12/13	20.85	20.85	20.85	20.85	0	20.58	2338	奥普光电	SZ
314	2/11/13	20.85	20.85	20.85	20.85	0	20.58	2338	奥普光电	SZ
315	2/8/13	20.59	21.1	20.56	20.85	422000	20.58	2338	奥普光电	SZ
316	2/7/13	20.71	20.83	20.36	20.62	367900	20.35	2338	奥普光电	SZ
317	2/6/13	21.3	21.3	20.76	20.81	402700	20.54	2338	奥普光电	SZ
318	2/5/13	20.68	21.16	20.57	21.12	533500	20.85	2338	奥普光电	SZ
319	2/4/13	21	21.3	20.6	20.68	415300	20.41	2338	奥普光电	SZ
320	2/1/13	20.74	21.06	20.61	21	495800	20.73	2338	奥普光电	SZ
321	1/31/13	21.15	21.38	20.6	20.78	964400	20.51	2338	奥普光电	SZ
322	1/30/13	21.21	21.79	21	21.25	1725800	20.98	2338	奥普光电	SZ
323	1/29/13	21.33	22.13	20.82	21.58	2452800	21.3	2338	奥普光电	SZ
324	1/28/13	19.53	21.37	19.53	21.37	3325100	21.09	2338	奥普光电	SZ
325	1/25/13	20.5	20.5	19.01	19.43	1487300	19.18	2338	奥普光电	SZ
326	1/24/13	19.02	19.5	18.3	18.9	803500	18.66	2338	奥普光电	SZ
327	1/23/13	18.29	18.94	18.27	18.83	464000	18.59	2338	奥普光电	SZ
328	1/22/13	18.8	18.81	18.24	18.33	506100	18.09	2338	奥普光电	SZ
329	1/21/13	18.61	19.15	18.6	18.91	857200	18.67	2338	奥普光电	SZ
330	1/18/13	18.38	18.61	18.1	18.42	523200	18.18	2338	奥普光电	SZ
331	1/17/13	19.05	19.33	18.2	18.38	736300	18.14	2338	奥普光电	SZ
332	1/16/13	19.15	19.25	18.55	19.19	1180600	18.94	2338	奥普光电	SZ
333	1/15/13	18.5	19.27	18.5	19.02	1649900	18.77	2338	奥普光电	SZ
334	1/14/13	17.4	18.53	17.2	18.45	1713300	18.21	2338	奥普光电	SZ
335	1/11/13	17.58	18.2	17.31	17.46	1236000	17.24	2338	奥普光电	SZ
336	1/10/13	17.31	17.46	17.22	17.45	571700	17.23	2338	奥普光电	SZ
337	1/9/13	17.67	17.68	17.05	17.3	585500	17.08	2338	奥普光电	SZ
338	1/8/13	17.45	17.63	17.28	17.53	738700	17.3	2338	奥普光电	SZ
339	1/7/13	17.36	17.36	17.02	17.25	414700	17.03	2338	奥普光电	SZ
340	1/4/13	17.4	17.62	16.99	17.1	443300	16.88	2338	奥普光电	SZ
341	1/3/13	17.37	17.37	17.37	17.37	0	17.15	2338	奥普光电	SZ
342	1/2/13	17.37	17.37	17.37	17.37	0	17.15	2338	奥普光电	SZ
343	1/1/13	17.37	17.37	17.37	17.37	0	17.15	2338	奥普光电	SZ
344	12/31/12	17.53	17.65	17.21	17.37	409000	17.15	2338	奥普光电	SZ
345	12/28/12	17.53	17.67	17.05	17.39	801700	17.17	2338	奥普光电	SZ
346	12/27/12	16.88	18	16.87	17.67	1426800	17.44	2338	奥普光电	SZ
347	12/26/12	16.7	16.97	16.64	16.81	512900	16.59	2338	奥普光电	SZ
348	12/25/12	16.12	17.14	16.1	16.86	873700	16.64	2338	奥普光电	SZ
349	12/24/12	15.97	16.28	15.81	16.16	359500	15.95	2338	奥普光电	SZ
350	12/21/12	15.84	16.17	15.66	15.97	267100	15.76	2338	奥普光电	SZ
351	12/20/12	16.09	16.09	15.66	15.9	256600	15.7	2338	奥普光电	SZ
352	12/19/12	15.98	16.15	15.8	16.04	200300	15.83	2338	奥普光电	SZ
353	12/18/12	16.1	16.18	15.81	16	335300	15.79	2338	奥普光电	SZ
354	12/17/12	15.9	16.17	15.51	16.12	402100	15.91	2338	奥普光电	SZ
355	12/14/12	15.39	15.96	15.25	15.88	467000	15.68	2338	奥普光电	SZ
356	12/13/12	15.52	15.71	15.23	15.37	152500	15.17	2338	奥普光电	SZ
357	12/12/12	15.97	16.09	15.6	15.79	234800	15.59	2338	奥普光电	SZ
358	12/11/12	16.3	16.3	15.81	15.97	343400	15.76	2338	奥普光电	SZ
359	12/10/12	15.75	16.94	15.46	16.3	375700	16.09	2338	奥普光电	SZ
360	12/7/12	15.15	15.45	15.14	15.44	223900	15.24	2338	奥普光电	SZ
361	12/6/12	15.26	15.39	15.01	15.17	143000	14.97	2338	奥普光电	SZ
362	12/5/12	14.77	15.45	14.64	15.21	210300	15.01	2338	奥普光电	SZ
363	12/4/12	14.69	14.97	14.36	14.77	103300	14.58	2338	奥普光电	SZ
364	12/3/12	15.17	15.38	14.69	14.7	165900	14.51	2338	奥普光电	SZ
365	11/30/12	15.03	15.29	14.9	15.19	160900	14.99	2338	奥普光电	SZ
366	11/29/12	15.71	15.81	15.06	15.39	135500	15.19	2338	奥普光电	SZ
367	11/28/12	16.2	16.2	14.83	15.9	371400	15.7	2338	奥普光电	SZ
368	11/27/12	17.32	17.32	16.11	16.12	220400	15.91	2338	奥普光电	SZ
369	11/26/12	17.3	17.48	17.08	17.23	71000	17.01	2338	奥普光电	SZ
370	11/23/12	17.29	17.44	17.13	17.3	127900	17.08	2338	奥普光电	SZ
371	11/22/12	17.26	17.49	17.1	17.3	150800	17.08	2338	奥普光电	SZ
372	11/21/12	17.52	17.73	17.05	17.4	198400	17.18	2338	奥普光电	SZ
373	11/20/12	17.94	17.95	17.58	17.6	86400	17.37	2338	奥普光电	SZ
374	11/19/12	17.55	17.85	17.45	17.65	82900	17.42	2338	奥普光电	SZ
375	11/16/12	17.52	17.82	17.52	17.66	60500	17.43	2338	奥普光电	SZ
376	11/15/12	18.01	18.08	17.51	17.67	205400	17.44	2338	奥普光电	SZ
377	11/14/12	17.41	19.29	17.41	18.2	303800	17.97	2338	奥普光电	SZ
378	11/13/12	17.55	17.75	17.5	17.6	109100	17.37	2338	奥普光电	SZ
379	11/12/12	17.5	17.84	17.5	17.73	87300	17.5	2338	奥普光电	SZ
380	11/9/12	17.72	17.83	17.61	17.67	217200	17.44	2338	奥普光电	SZ
381	11/8/12	18.18	18.18	17.7	17.76	228300	17.53	2338	奥普光电	SZ
382	11/7/12	18.38	18.55	18.17	18.21	235300	17.98	2338	奥普光电	SZ
383	11/6/12	18.1	18.44	17.77	18.44	289000	18.2	2338	奥普光电	SZ
384	11/5/12	18.26	18.26	17.86	17.95	210300	17.72	2338	奥普光电	SZ
385	11/2/12	17.95	18.2	17.9	18.08	151900	17.85	2338	奥普光电	SZ
386	11/1/12	17.69	17.98	17.66	17.95	191600	17.72	2338	奥普光电	SZ
387	10/31/12	17.64	17.73	17.53	17.69	173000	17.46	2338	奥普光电	SZ
388	10/30/12	17.75	17.86	17.6	17.62	130800	17.39	2338	奥普光电	SZ
389	10/29/12	17.8	18.04	17.7	17.77	143000	17.54	2338	奥普光电	SZ
390	10/26/12	19.05	19.05	17.68	17.98	817400	17.75	2338	奥普光电	SZ
391	10/25/12	19.12	19.25	19.02	19.1	285800	18.85	2338	奥普光电	SZ
392	10/24/12	19.1	19.39	19.1	19.15	327400	18.9	2338	奥普光电	SZ
393	10/23/12	19.91	19.91	19.25	19.25	531600	19	2338	奥普光电	SZ
394	10/22/12	19.85	19.96	19.75	19.91	178800	19.65	2338	奥普光电	SZ
395	10/19/12	19.98	19.99	19.72	19.86	351400	19.6	2338	奥普光电	SZ
396	10/18/12	19.75	20.18	19.75	19.98	276200	19.72	2338	奥普光电	SZ
397	10/17/12	19.88	19.88	19.71	19.73	256600	19.48	2338	奥普光电	SZ
398	10/16/12	19.76	19.97	19.68	19.77	382300	19.52	2338	奥普光电	SZ
399	10/15/12	19.88	19.93	19.71	19.76	199200	19.51	2338	奥普光电	SZ
400	10/12/12	19.96	20.16	19.5	19.81	350200	19.55	2338	奥普光电	SZ
401	10/11/12	20.42	20.47	19.71	19.9	507400	19.64	2338	奥普光电	SZ
402	10/10/12	20.33	20.62	20.2	20.5	448300	20.24	2338	奥普光电	SZ
403	10/9/12	19.9	20.28	19.74	20.25	595300	19.99	2338	奥普光电	SZ
404	10/8/12	20.07	20.28	19.66	19.9	257800	19.64	2338	奥普光电	SZ
405	10/5/12	20	20	20	20	0	19.74	2338	奥普光电	SZ
406	10/4/12	20	20	20	20	0	19.74	2338	奥普光电	SZ
407	10/3/12	20	20	20	20	0	19.74	2338	奥普光电	SZ
408	10/2/12	20	20	20	20	0	19.74	2338	奥普光电	SZ
409	10/1/12	20	20	20	20	0	19.74	2338	奥普光电	SZ
410	9/28/12	19.81	20.07	19.81	20	386300	19.74	2338	奥普光电	SZ
411	9/27/12	19.5	20	19.4	19.95	339500	19.69	2338	奥普光电	SZ
412	9/26/12	19.69	20.24	19.21	19.21	290900	18.96	2338	奥普光电	SZ
413	9/25/12	19.54	20.15	19.54	19.91	256500	19.65	2338	奥普光电	SZ
414	9/24/12	19.97	20.07	19.62	19.84	287800	19.58	2338	奥普光电	SZ
415	9/21/12	19.75	20.38	19.22	19.92	694400	19.66	2338	奥普光电	SZ
416	9/20/12	20.8	20.97	20	20	952800	19.74	2338	奥普光电	SZ
417	9/19/12	20.82	21.17	20.52	20.98	1486800	20.71	2338	奥普光电	SZ
418	9/18/12	22.4	23.81	21.5	21.55	2878500	21.27	2338	奥普光电	SZ
419	9/17/12	22	22.56	21.7	22.56	1946300	22.27	2338	奥普光电	SZ
420	9/14/12	21.2	21.3	20.41	20.51	455800	20.25	2338	奥普光电	SZ
421	9/13/12	20.2	21.68	20.2	21.3	919700	21.03	2338	奥普光电	SZ
422	9/12/12	20.91	21.08	20.61	20.95	523600	20.68	2338	奥普光电	SZ
423	9/11/12	20.35	21	20.35	20.85	730400	20.58	2338	奥普光电	SZ
424	9/10/12	20.64	20.64	20.18	20.35	444700	20.09	2338	奥普光电	SZ
425	9/7/12	20.17	20.61	20.03	20.44	774800	20.18	2338	奥普光电	SZ
426	9/6/12	19.8	20	19.62	20	215600	19.74	2338	奥普光电	SZ
427	9/5/12	19.24	19.89	19.05	19.8	342600	19.54	2338	奥普光电	SZ
428	9/4/12	19.5	19.5	19	19.22	261500	18.97	2338	奥普光电	SZ
429	9/3/12	18.78	19.3	18.75	19.25	224200	19	2338	奥普光电	SZ
430	8/31/12	19.16	19.35	18.6	19	384300	18.76	2338	奥普光电	SZ
431	8/30/12	20.2	20.7	18.37	19.36	506400	19.11	2338	奥普光电	SZ
432	8/29/12	19.83	20.98	19.83	20.38	611000	20.12	2338	奥普光电	SZ
433	8/28/12	19.63	20.09	19.63	19.93	324600	19.67	2338	奥普光电	SZ
434	8/27/12	19.7	19.91	19.39	19.77	279100	19.52	2338	奥普光电	SZ
435	8/24/12	20.4	20.4	19.6	19.7	642800	19.45	2338	奥普光电	SZ
436	8/23/12	20.63	20.67	19.99	20.44	586000	20.18	2338	奥普光电	SZ
437	8/22/12	20.94	21	20.18	20.61	757500	20.34	2338	奥普光电	SZ
438	8/21/12	20.68	21.49	20.42	20.99	1064900	20.72	2338	奥普光电	SZ
439	8/20/12	21.01	21.01	20.18	20.84	886900	20.57	2338	奥普光电	SZ
440	8/17/12	19.65	21.56	19.33	20.98	1684000	20.71	2338	奥普光电	SZ
441	8/16/12	20.33	20.33	19.51	19.6	937600	19.35	2338	奥普光电	SZ
442	8/15/12	18.66	20.39	18.33	20.39	1806800	20.13	2338	奥普光电	SZ
443	8/14/12	18.43	18.58	17.8	18.54	140300	18.3	2338	奥普光电	SZ
444	8/13/12	18.73	18.76	18.03	18.21	161200	17.98	2338	奥普光电	SZ
445	8/10/12	18.68	18.85	18.56	18.6	163600	18.36	2338	奥普光电	SZ
446	8/9/12	18.5	18.84	18.49	18.72	168600	18.48	2338	奥普光电	SZ
447	8/8/12	18.51	18.58	18.33	18.51	161500	18.27	2338	奥普光电	SZ
448	8/7/12	18.54	18.56	18.4	18.5	257400	18.26	2338	奥普光电	SZ
449	8/6/12	18.02	18.52	17.93	18.48	292100	18.24	2338	奥普光电	SZ
450	8/3/12	17.73	18.2	17.73	18.17	192800	17.94	2338	奥普光电	SZ
451	8/2/12	17.81	17.95	17.5	17.73	83600	17.5	2338	奥普光电	SZ
452	8/1/12	17.8	18.12	17.8	17.99	62200	17.76	2338	奥普光电	SZ
453	7/31/12	17.81	17.87	17.5	17.67	132200	17.44	2338	奥普光电	SZ
454	7/30/12	18.3	18.39	17.5	17.8	90200	17.57	2338	奥普光电	SZ
455	7/27/12	18.07	18.88	18.07	18.35	75400	18.11	2338	奥普光电	SZ
456	7/26/12	18.39	18.43	18.04	18.19	43000	17.96	2338	奥普光电	SZ
457	7/25/12	18.5	18.68	18	18.39	64300	18.15	2338	奥普光电	SZ
458	7/24/12	18.05	18.5	18.05	18.5	82100	18.26	2338	奥普光电	SZ
459	7/23/12	18.38	18.38	18.11	18.25	58100	18.01	2338	奥普光电	SZ
460	7/20/12	18.54	18.54	18.22	18.38	73800	18.14	2338	奥普光电	SZ
461	7/19/12	18.45	18.6	18.24	18.41	125000	18.17	2338	奥普光电	SZ
462	7/18/12	17.86	18.54	17.61	18.46	151400	18.22	2338	奥普光电	SZ
463	7/17/12	17.78	17.93	17.51	17.78	107300	17.55	2338	奥普光电	SZ
464	7/16/12	18.6	18.6	17.81	17.81	131700	17.58	2338	奥普光电	SZ
465	7/13/12	18.55	18.76	18.5	18.62	156200	18.38	2338	奥普光电	SZ
466	7/12/12	18.96	18.96	18.29	18.74	275400	18.5	2338	奥普光电	SZ
467	7/11/12	18.8	19.13	18.69	18.98	124700	18.74	2338	奥普光电	SZ
468	7/10/12	19.75	19.75	19.03	19.09	182800	18.84	2338	奥普光电	SZ
469	7/9/12	19.95	20.32	19.5	19.69	141200	19.44	2338	奥普光电	SZ
470	7/6/12	19.69	20	19.4	19.94	165000	19.68	2338	奥普光电	SZ
471	7/5/12	20.3	20.38	19.66	19.7	151200	19.45	2338	奥普光电	SZ
472	7/4/12	20.35	20.4	20.15	20.35	95100	20.09	2338	奥普光电	SZ
473	7/3/12	20.24	20.66	20	20.45	196500	20.19	2338	奥普光电	SZ
474	7/2/12	20	20.34	19.95	20.24	162400	19.98	2338	奥普光电	SZ
475	6/29/12	19.8	19.8	19.8	19.8	0	19.54	2338	奥普光电	SZ
476	6/28/12	19.9	20.05	19.52	19.8	147800	19.54	2338	奥普光电	SZ
477	6/27/12	20.13	20.18	19.83	19.91	181000	19.65	2338	奥普光电	SZ
478	6/26/12	20.02	20.13	19.78	20.13	111000	19.87	2338	奥普光电	SZ
479	6/25/12	21.29	21.38	19.98	20.02	267400	19.76	2338	奥普光电	SZ
480	6/22/12	21.25	21.25	21.25	21.25	0	20.98	2338	奥普光电	SZ
481	6/21/12	21.8	21.8	21.2	21.25	124600	20.98	2338	奥普光电	SZ
482	6/20/12	22.25	22.35	21.59	21.7	166600	21.42	2338	奥普光电	SZ
483	6/19/12	21.97	22.78	21.85	22.14	260000	21.85	2338	奥普光电	SZ
484	6/18/12	21.75	21.95	21.67	21.87	196200	21.59	2338	奥普光电	SZ
485	6/15/12	21.66	21.73	21.4	21.73	120800	21.45	2338	奥普光电	SZ
486	6/14/12	21.53	21.8	21.53	21.65	114500	21.37	2338	奥普光电	SZ
487	6/13/12	21.43	21.94	21.43	21.65	250200	21.37	2338	奥普光电	SZ
488	6/12/12	21.25	21.75	21.23	21.27	127100	21	2338	奥普光电	SZ
489	6/11/12	21.29	21.66	21.01	21.31	108900	21.04	2338	奥普光电	SZ
490	6/8/12	21.65	21.98	21.02	21.29	159400	21.02	2338	奥普光电	SZ
491	6/7/12	22.26	22.55	21.5	21.6	179100	21.32	2338	奥普光电	SZ
492	6/6/12	22.69	22.69	22.06	22.2	122500	21.91	2338	奥普光电	SZ
493	6/5/12	22	23.51	21.7	22.69	464800	22.4	2338	奥普光电	SZ
494	6/4/12	22.47	22.6	22	22.07	222100	21.79	2338	奥普光电	SZ
495	6/1/12	22.89	22.95	22.5	22.75	73500	22.46	2338	奥普光电	SZ
496	5/31/12	22.76	22.86	22.5	22.71	116800	22.42	2338	奥普光电	SZ
497	5/30/12	22.61	22.87	22.5	22.76	248400	22.47	2338	奥普光电	SZ
498	5/29/12	22.77	23.65	22.45	22.85	405000	22.56	2338	奥普光电	SZ
499	5/28/12	22.36	22.65	21.69	22.65	223700	22.36	2338	奥普光电	SZ
500	5/25/12	23.7	23.7	22.12	22.96	159400	22.66	2338	奥普光电	SZ
501	5/24/12	23.96	23.99	23.52	23.58	118200	23.28	2338	奥普光电	SZ
502	5/23/12	23.88	23.98	23.7	23.85	170800	23.54	2338	奥普光电	SZ
503	5/22/12	23.74	24.21	23.74	24.05	151700	23.74	2338	奥普光电	SZ
504	5/21/12	23.77	23.92	23.66	23.79	133900	23.48	2338	奥普光电	SZ
505	5/18/12	24	24	23.6	23.77	286700	23.46	2338	奥普光电	SZ
506	5/17/12	24.33	24.33	23.55	24.08	316100	23.77	2338	奥普光电	SZ
507	5/16/12	23.83	24.58	23.81	24.33	301400	24.02	2338	奥普光电	SZ
508	5/15/12	24.01	24.18	23.4	24.17	327700	23.86	2338	奥普光电	SZ
509	5/14/12	24.16	24.38	23.15	24.01	475000	23.7	2338	奥普光电	SZ
510	5/11/12	24.57	24.64	24.27	24.53	293700	15.81	2338	奥普光电	SZ
511	5/10/12	24.77	24.77	24.33	24.63	412100	15.88	2338	奥普光电	SZ
512	5/9/12	24.67	24.8	24.43	24.66	474400	15.9	2338	奥普光电	SZ
513	5/8/12	24.98	24.98	24.55	24.79	310600	15.98	2338	奥普光电	SZ
514	5/7/12	24.14	25	23.99	24.63	451200	15.88	2338	奥普光电	SZ
515	5/4/12	23.81	24	23.8	23.91	108900	15.41	2338	奥普光电	SZ
516	5/3/12	23.11	24.47	23.07	23.99	239700	15.47	2338	奥普光电	SZ
517	5/2/12	23.73	23.73	23.07	23.4	228300	15.09	2338	奥普光电	SZ
518	5/1/12	23.49	23.49	23.49	23.49	0	15.15	2338	奥普光电	SZ
519	4/30/12	23.49	23.49	23.49	23.49	0	15.15	2338	奥普光电	SZ
520	4/27/12	23.99	23.99	23.33	23.49	165100	15.15	2338	奥普光电	SZ
521	4/26/12	23.71	23.71	23.71	23.71	0	15.29	2338	奥普光电	SZ
522	4/25/12	24.03	24.16	23.59	23.71	138000	15.29	2338	奥普光电	SZ
523	4/24/12	24.01	24.33	23.4	24.05	187000	15.51	2338	奥普光电	SZ
524	4/23/12	24.23	24.67	24.08	24.27	227800	15.65	2338	奥普光电	SZ
525	4/20/12	23.96	24.23	23.93	24.23	141600	15.62	2338	奥普光电	SZ
526	4/19/12	24.17	24.17	23.87	24.05	137700	15.51	2338	奥普光电	SZ
527	4/18/12	23.6	24.33	23.6	24.18	257600	15.59	2338	奥普光电	SZ
528	4/17/12	23.23	24.33	23.08	23.91	555500	15.42	2338	奥普光电	SZ
529	4/16/12	23.55	23.55	23.03	23.21	182800	14.97	2338	奥普光电	SZ
530	4/13/12	23.65	23.9	23.39	23.55	119900	15.19	2338	奥普光电	SZ
531	4/12/12	23.31	24.03	22.95	23.62	263400	15.23	2338	奥普光电	SZ
532	4/11/12	22.83	23.33	22.37	23.33	273300	15.04	2338	奥普光电	SZ
533	4/10/12	23.35	23.51	22.67	23.13	263500	14.92	2338	奥普光电	SZ
534	4/9/12	23.85	23.85	23.35	23.35	78500	15.05	2338	奥普光电	SZ
535	4/6/12	23.55	24	23.34	23.73	234400	15.3	2338	奥普光电	SZ
536	4/5/12	23.05	24	22.67	23.8	291100	15.35	2338	奥普光电	SZ
537	4/4/12	23.38	23.38	23.38	23.38	0	15.08	2338	奥普光电	SZ
538	4/3/12	23.38	23.38	23.38	23.38	0	15.08	2338	奥普光电	SZ
539	4/2/12	23.38	23.38	23.38	23.38	0	15.08	2338	奥普光电	SZ
540	3/30/12	23.43	23.63	23.03	23.38	56800	15.08	2338	奥普光电	SZ
541	3/29/12	23.35	24.49	22.6	23.43	210800	15.11	2338	奥普光电	SZ
542	3/28/12	24.05	24.05	22.93	23.71	326800	15.29	2338	奥普光电	SZ
543	3/27/12	24.75	24.8	24.07	24.21	95300	15.61	2338	奥普光电	SZ
544	3/26/12	24.42	24.98	24.4	24.4	239300	15.73	2338	奥普光电	SZ
545	3/23/12	24.32	24.81	23.87	24.44	196500	15.76	2338	奥普光电	SZ
546	3/22/12	25.44	25.44	24.51	24.53	213700	15.81	2338	奥普光电	SZ
547	3/21/12	25	26.13	25	25.25	491300	16.28	2338	奥普光电	SZ
548	3/20/12	24.99	24.99	24.45	24.85	268100	16.02	2338	奥普光电	SZ
549	3/19/12	24.59	25.03	24.25	24.79	326800	15.98	2338	奥普光电	SZ
550	3/16/12	23.99	24.75	23.74	24.47	280600	15.78	2338	奥普光电	SZ
551	3/15/12	23.33	23.83	23.27	23.71	296700	15.29	2338	奥普光电	SZ
552	3/14/12	24.45	24.67	23.07	23.33	365400	15.04	2338	奥普光电	SZ
553	3/13/12	24.09	25.2	23.67	24.44	393700	15.76	2338	奥普光电	SZ
554	3/12/12	24.33	24.39	24	24.09	197300	15.53	2338	奥普光电	SZ
555	3/9/12	23.77	24.23	23.67	24.15	164600	15.57	2338	奥普光电	SZ
556	3/8/12	23.93	23.93	23.4	23.77	138700	15.32	2338	奥普光电	SZ
557	3/7/12	23.73	23.99	23.54	23.55	218200	15.18	2338	奥普光电	SZ
558	3/6/12	23.72	24.32	22.67	24.03	461400	15.5	2338	奥普光电	SZ
559	3/5/12	24.4	24.4	23.72	23.72	529700	15.29	2338	奥普光电	SZ
560	3/2/12	23.99	24.02	23.04	23.93	752900	15.43	2338	奥普光电	SZ
561	3/1/12	22.33	23.33	22.2	23.33	348400	15.04	2338	奥普光电	SZ
562	2/29/12	22.45	22.67	22.07	22.39	146200	14.43	2338	奥普光电	SZ
563	2/28/12	22.77	22.93	22.43	22.53	221500	14.53	2338	奥普光电	SZ
564	2/27/12	23	23.26	22.87	22.93	442800	14.79	2338	奥普光电	SZ
565	2/24/12	22.97	23.1	22.75	22.96	333100	14.8	2338	奥普光电	SZ
566	2/23/12	22.56	23.07	22.42	23.07	503100	14.87	2338	奥普光电	SZ
567	2/22/12	22.21	22.53	22.21	22.49	470900	14.5	2338	奥普光电	SZ
568	2/21/12	22.18	22.67	22.07	22.33	218900	14.4	2338	奥普光电	SZ
569	2/20/12	22.87	22.91	22	22.13	243200	14.27	2338	奥普光电	SZ
570	2/17/12	22.55	22.63	22.13	22.33	141900	14.4	2338	奥普光电	SZ
571	2/16/12	22.75	22.92	22.23	22.51	161800	14.52	2338	奥普光电	SZ
572	2/15/12	22.03	23	22.03	22.87	312700	14.74	2338	奥普光电	SZ
573	2/14/12	22.03	22.47	21.8	22.07	219800	14.23	2338	奥普光电	SZ
574	2/13/12	22.17	22.17	21.6	22.05	273000	14.22	2338	奥普光电	SZ
575	2/10/12	22	22.73	21.89	22.15	460300	14.28	2338	奥普光电	SZ
576	2/9/12	21.3	21.8	21.22	21.67	391200	13.97	2338	奥普光电	SZ
577	2/8/12	21.13	21.56	21.01	21.39	218900	13.79	2338	奥普光电	SZ
578	2/7/12	21.03	21.43	20.67	21.06	253700	13.58	2338	奥普光电	SZ
579	2/6/12	20.98	21.47	20.79	21.19	290800	13.67	2338	奥普光电	SZ
580	2/3/12	20.72	21	20.62	20.83	196300	13.43	2338	奥普光电	SZ
581	2/2/12	20.15	20.8	20.06	20.8	160800	13.41	2338	奥普光电	SZ
582	2/1/12	20.34	20.47	20.27	20.3	64300	13.09	2338	奥普光电	SZ
583	1/31/12	20.25	20.41	20.13	20.33	36800	13.11	2338	奥普光电	SZ
584	1/30/12	20.57	20.57	20	20.33	59500	13.11	2338	奥普光电	SZ
585	1/27/12	20.53	20.53	20.53	20.53	0	13.24	2338	奥普光电	SZ
586	1/26/12	20.53	20.53	20.53	20.53	0	13.24	2338	奥普光电	SZ
587	1/25/12	20.53	20.53	20.53	20.53	0	13.24	2338	奥普光电	SZ
588	1/24/12	20.53	20.53	20.53	20.53	0	13.24	2338	奥普光电	SZ
589	1/23/12	20.53	20.53	20.53	20.53	0	13.24	2338	奥普光电	SZ
590	1/20/12	20.33	20.72	20.01	20.53	153600	13.24	2338	奥普光电	SZ
591	1/19/12	20	20.23	19.47	19.93	136600	12.85	2338	奥普光电	SZ
592	1/18/12	20.8	21	19.87	20.19	181900	13.02	2338	奥普光电	SZ
593	1/17/12	20.31	20.98	20	20.79	142500	13.41	2338	奥普光电	SZ
594	1/16/12	19.79	20.58	19.79	19.99	70000	12.89	2338	奥普光电	SZ
595	1/13/12	21.6	21.6	20.07	20.32	276200	13.1	2338	奥普光电	SZ
596	1/12/12	22.16	22.16	21.49	21.66	177900	13.97	2338	奥普光电	SZ
597	1/11/12	22.13	22.59	21.87	22.04	238400	14.21	2338	奥普光电	SZ
598	1/10/12	21.07	22.26	20.81	22.25	267900	14.34	2338	奥普光电	SZ
599	1/9/12	20.64	21.25	20.41	21.06	215500	13.58	2338	奥普光电	SZ
600	1/6/12	20.73	21.26	20.07	20.73	307800	13.37	2338	奥普光电	SZ
601	1/5/12	22.32	22.32	21.27	21.27	1170600	13.71	2338	奥普光电	SZ
602	1/4/12	24.54	25.33	22.46	22.74	2100800	14.66	2338	奥普光电	SZ
603	1/3/12	24.8	25	23.33	24.67	1213000	15.91	2338	奥普光电	SZ
604	1/2/12	24.8	25	23.33	24.67	1213000	15.91	2338	奥普光电	SZ
605	12/30/11	24.8	25	23.33	24.67	1213000	15.91	2338	奥普光电	SZ
606	12/29/11	22.87	24.8	22.69	24.47	270900	15.78	2338	奥普光电	SZ
607	12/28/11	23.28	23.33	22	23.2	773200	14.96	2338	奥普光电	SZ
608	12/27/11	23.05	23.58	22.55	23.46	297100	15.13	2338	奥普光电	SZ
609	12/26/11	23.47	23.74	22.67	23.05	66000	14.86	2338	奥普光电	SZ
610	12/23/11	23.27	23.53	22.77	23.47	46700	15.13	2338	奥普光电	SZ
611	12/22/11	23.33	23.33	22.8	23.27	55700	15	2338	奥普光电	SZ
612	12/21/11	23.8	24.67	23.6	23.6	210700	15.22	2338	奥普光电	SZ
613	12/20/11	23.25	23.85	23.25	23.6	130600	15.22	2338	奥普光电	SZ
614	12/19/11	22.79	23.87	22.79	23.43	114000	15.11	2338	奥普光电	SZ
615	12/16/11	23.07	23.11	22.6	23.02	127900	14.84	2338	奥普光电	SZ
616	12/15/11	23.09	23.43	22.59	22.81	163600	14.71	2338	奥普光电	SZ
617	12/14/11	23.56	24.23	23.1	23.1	105200	14.89	2338	奥普光电	SZ
618	12/13/11	24.89	24.89	24.01	24.02	91000	15.49	2338	奥普光电	SZ
619	12/12/11	25.39	25.41	24.7	24.98	89100	16.11	2338	奥普光电	SZ
620	12/9/11	25.27	25.48	24.33	25.42	112200	16.39	2338	奥普光电	SZ
621	12/8/11	25.25	25.51	25.21	25.22	57600	16.26	2338	奥普光电	SZ
622	12/7/11	25.74	25.75	25.33	25.41	105600	16.39	2338	奥普光电	SZ
623	12/6/11	25.67	25.73	25.4	25.62	63100	16.52	2338	奥普光电	SZ
624	12/5/11	25.33	27.33	25.33	25.67	211900	16.55	2338	奥普光电	SZ
625	12/2/11	25.84	27.59	24.93	25.6	131000	16.51	2338	奥普光电	SZ
626	12/1/11	26.01	26.6	26	26.53	234000	17.11	2338	奥普光电	SZ
627	11/30/11	26.74	26.8	25.13	26.01	199600	16.77	2338	奥普光电	SZ
628	11/29/11	26.65	26.87	26.57	26.79	111800	17.28	2338	奥普光电	SZ
629	11/28/11	26.67	27.07	26.18	26.66	346500	17.19	2338	奥普光电	SZ
630	11/25/11	27.03	27.19	26.62	26.99	110300	17.41	2338	奥普光电	SZ
631	11/24/11	27.07	27.08	26.6	27.03	139400	17.43	2338	奥普光电	SZ
632	11/23/11	27.27	27.27	26.88	27.08	52400	17.46	2338	奥普光电	SZ
633	11/22/11	27.55	27.55	26.74	27.23	52600	17.56	2338	奥普光电	SZ
634	11/21/11	27.13	27.25	26.73	27.18	115700	17.53	2338	奥普光电	SZ
635	11/18/11	27.43	27.43	26.8	27.09	161600	17.47	2338	奥普光电	SZ
636	11/17/11	27.64	27.99	27.34	27.43	249900	17.69	2338	奥普光电	SZ
637	11/16/11	28.65	28.65	27.53	27.53	467500	17.75	2338	奥普光电	SZ
638	11/15/11	28.67	28.97	28.45	28.61	322200	18.45	2338	奥普光电	SZ
639	11/14/11	29	29	28.54	28.83	478100	18.59	2338	奥普光电	SZ
640	11/11/11	28.77	28.97	28.55	28.83	132300	18.59	2338	奥普光电	SZ
641	11/10/11	28.03	28.8	28.03	28.8	290400	18.57	2338	奥普光电	SZ
642	11/9/11	28.73	28.73	27.93	28.59	194900	18.43	2338	奥普光电	SZ
643	11/8/11	28.9	28.91	28.33	28.64	67000	18.47	2338	奥普光电	SZ
644	11/7/11	28.63	28.91	27.69	28.65	44800	18.48	2338	奥普光电	SZ
645	11/4/11	29	29	28.53	28.75	134000	18.54	2338	奥普光电	SZ
646	11/3/11	28.21	29.06	28.21	28.75	153700	18.54	2338	奥普光电	SZ
647	11/2/11	27.48	28.57	27.48	28.56	121900	18.42	2338	奥普光电	SZ
648	11/1/11	28.47	28.47	27.8	28.19	126400	18.18	2338	奥普光电	SZ
649	10/31/11	28.25	28.51	28.25	28.4	92300	18.31	2338	奥普光电	SZ
650	10/28/11	27.85	28.23	27.57	28.23	163400	18.2	2338	奥普光电	SZ
651	10/27/11	27.6	28.05	27.4	27.73	93900	17.88	2338	奥普光电	SZ
652	10/26/11	27.73	27.89	27.34	27.86	115300	17.96	2338	奥普光电	SZ
653	10/25/11	27.72	27.85	27.25	27.73	116700	17.88	2338	奥普光电	SZ
654	10/24/11	27.39	27.71	27.02	27.37	70200	17.65	2338	奥普光电	SZ
655	10/21/11	27.23	27.34	26.82	27.17	44300	17.52	2338	奥普光电	SZ
656	10/20/11	27.14	27.87	26.49	27.37	132800	17.65	2338	奥普光电	SZ
657	10/19/11	28.08	28.08	27.18	27.67	121500	17.84	2338	奥普光电	SZ
658	10/18/11	28.47	28.47	27.8	28.18	53900	18.17	2338	奥普光电	SZ
659	10/17/11	28.76	28.84	28.27	28.4	64400	18.31	2338	奥普光电	SZ
660	10/14/11	28.85	28.85	28.47	28.74	48300	18.53	2338	奥普光电	SZ
661	10/13/11	28.4	29.1	28.22	28.79	102100	18.56	2338	奥普光电	SZ
662	10/12/11	27.2	28.66	27.2	28.36	83100	18.29	2338	奥普光电	SZ
663	10/11/11	28.62	28.63	27.4	27.43	61300	17.69	2338	奥普光电	SZ
664	10/10/11	28.14	28.19	27.93	27.95	38200	18.02	2338	奥普光电	SZ
665	9/30/11	27.85	28.25	27.57	28	53100	18.05	2338	奥普光电	SZ
666	9/29/11	27.63	28.31	27.25	28.09	121900	18.11	2338	奥普光电	SZ
667	9/28/11	28.93	28.93	27.53	28.27	218600	18.23	2338	奥普光电	SZ
668	9/27/11	28.83	29.13	28.13	28.57	189700	18.42	2338	奥普光电	SZ
669	9/26/11	29.34	29.43	28.67	28.87	177600	18.61	2338	奥普光电	SZ
670	9/23/11	29.85	29.85	29.27	29.34	219600	18.92	2338	奥普光电	SZ
671	9/22/11	30.67	30.92	29.81	29.86	134600	19.25	2338	奥普光电	SZ
672	9/21/11	30.53	31.05	30.12	30.93	145700	19.95	2338	奥普光电	SZ
673	9/20/11	29.99	30.71	29.8	30.53	108400	19.69	2338	奥普光电	SZ
674	9/19/11	30.73	30.73	30	30.07	101500	19.39	2338	奥普光电	SZ
675	9/16/11	31	31	30.55	30.57	150400	19.71	2338	奥普光电	SZ
676	9/15/11	31.24	31.47	30.53	30.87	261700	19.9	2338	奥普光电	SZ
677	9/14/11	30.78	31.33	30.74	31.2	255600	20.12	2338	奥普光电	SZ
678	9/13/11	30.23	31.53	29.48	30.77	241200	19.84	2338	奥普光电	SZ
679	9/9/11	30.39	30.99	30.27	30.65	177800	19.76	2338	奥普光电	SZ
680	9/8/11	30.29	30.57	30.14	30.49	115700	19.66	2338	奥普光电	SZ
681	9/7/11	29.93	30.23	29.45	30.19	111400	19.47	2338	奥普光电	SZ
682	9/6/11	29.33	29.63	29.23	29.43	130200	18.98	2338	奥普光电	SZ
683	9/5/11	30	30.39	29.67	29.67	176400	19.13	2338	奥普光电	SZ
684	9/2/11	30.19	30.58	30.08	30.4	194600	19.6	2338	奥普光电	SZ
685	9/1/11	30.5	30.8	30.34	30.46	343100	19.64	2338	奥普光电	SZ
686	8/31/11	30.73	31.6	30.47	30.54	295300	19.69	2338	奥普光电	SZ
687	8/30/11	30.87	31	30.62	30.83	187700	19.88	2338	奥普光电	SZ
688	8/29/11	30.7	30.9	30.57	30.63	220900	19.75	2338	奥普光电	SZ
689	8/26/11	31.17	31.17	30.63	30.87	372000	19.9	2338	奥普光电	SZ
690	8/25/11	30.85	31.33	30.85	31.14	383100	20.08	2338	奥普光电	SZ
691	8/24/11	31.99	32.52	31.07	31.12	577800	20.07	2338	奥普光电	SZ
692	8/23/11	31.87	32.53	31.43	31.75	537700	20.47	2338	奥普光电	SZ
693	8/22/11	30.99	31.99	30.83	31.6	699500	20.38	2338	奥普光电	SZ
694	8/19/11	30.64	31	30.13	30.97	425200	19.97	2338	奥普光电	SZ
695	8/18/11	31.11	31.44	30.58	30.77	527100	19.84	2338	奥普光电	SZ
696	8/17/11	30.19	31.13	30.11	31.11	1185200	20.06	2338	奥普光电	SZ
697	8/16/11	30.31	30.43	29.82	30.27	505400	19.52	2338	奥普光电	SZ
698	8/15/11	30.53	30.53	29.8	30.03	435400	19.37	2338	奥普光电	SZ
699	8/12/11	29.63	31.12	29.6	30.14	913300	19.43	2338	奥普光电	SZ
700	8/11/11	29	29.54	28.47	29.43	249900	18.97	2338	奥普光电	SZ
701	8/10/11	29.21	30.27	28.8	29.31	377500	18.9	2338	奥普光电	SZ
702	8/9/11	29.27	29.27	28.3	29.21	269900	18.83	2338	奥普光电	SZ
703	8/8/11	29.03	29.91	28.14	29.81	627600	19.22	2338	奥普光电	SZ
704	8/5/11	29.33	29.33	28	29.03	330400	18.72	2338	奥普光电	SZ
705	8/4/11	29.59	30.17	29.43	29.89	151600	19.27	2338	奥普光电	SZ
706	8/3/11	29.21	29.97	29.21	29.59	204500	19.08	2338	奥普光电	SZ
707	8/2/11	29.67	29.73	29.04	29.57	230400	19.07	2338	奥普光电	SZ
708	8/1/11	29.93	30.2	29.33	29.73	306100	19.17	2338	奥普光电	SZ
709	7/29/11	29.59	30.13	29.35	29.93	470600	19.3	2338	奥普光电	SZ
710	7/28/11	27.9	30.69	27.9	30.16	1189400	19.45	2338	奥普光电	SZ
711	7/27/11	27.93	28.15	27.37	27.9	145500	17.99	2338	奥普光电	SZ
712	7/26/11	27.94	28.21	27.67	27.91	134600	18	2338	奥普光电	SZ
713	7/25/11	29	29	28	28.01	448600	18.06	2338	奥普光电	SZ
714	7/21/11	29.56	29.59	28.97	29	331200	18.7	2338	奥普光电	SZ
715	7/20/11	28.97	29.62	28.87	29.34	301300	18.92	2338	奥普光电	SZ
716	7/19/11	29.27	29.27	28.79	28.97	290000	18.68	2338	奥普光电	SZ
717	7/18/11	29.53	29.87	29.09	29.27	594800	18.87	2338	奥普光电	SZ
718	7/15/11	29.14	29.72	29.14	29.53	605700	19.04	2338	奥普光电	SZ
719	7/14/11	29.55	29.56	29.03	29.21	334300	18.83	2338	奥普光电	SZ
720	7/13/11	28.99	29.47	28.81	29.43	404100	18.97	2338	奥普光电	SZ
721	7/12/11	29.26	29.26	28.82	28.87	220600	18.62	2338	奥普光电	SZ
722	7/11/11	29.07	29.27	28.72	29.11	180900	18.77	2338	奥普光电	SZ
723	7/8/11	29.4	29.59	29	29.07	281700	18.74	2338	奥普光电	SZ
724	7/7/11	29.8	30.17	29.34	29.53	470200	19.04	2338	奥普光电	SZ
725	7/6/11	29.49	29.93	29.2	29.77	404800	19.19	2338	奥普光电	SZ
726	7/5/11	29.2	29.86	28.88	29.73	992100	19.17	2338	奥普光电	SZ
727	7/4/11	28.4	29.33	28.03	29.15	719300	18.8	2338	奥普光电	SZ
728	7/1/11	29.05	29.05	28.33	28.33	558000	18.27	2338	奥普光电	SZ
729	6/30/11	28.67	29.47	28.32	28.67	459500	18.48	2338	奥普光电	SZ
730	6/29/11	29.26	29.4	28.69	28.73	318800	18.52	2338	奥普光电	SZ
731	6/28/11	28.84	29.26	28.35	29.26	309500	18.87	2338	奥普光电	SZ
732	6/27/11	28.6	29.17	28.5	28.75	442500	18.54	2338	奥普光电	SZ
733	6/24/11	27.68	28.77	27.53	28.75	627700	18.54	2338	奥普光电	SZ
734	6/23/11	28.25	28.66	26.8	27.77	798000	17.9	2338	奥普光电	SZ
735	6/22/11	28.72	28.72	27.93	28.27	338000	18.23	2338	奥普光电	SZ
736	6/21/11	28.67	29.26	28.03	28.65	179000	18.48	2338	奥普光电	SZ
737	6/20/11	29.07	29.07	28	28.92	245200	18.65	2338	奥普光电	SZ
738	6/17/11	29.09	29.39	28.77	29.17	162900	18.81	2338	奥普光电	SZ
739	6/16/11	28.87	29.18	28.55	29.18	224600	18.82	2338	奥普光电	SZ
740	6/15/11	29.4	29.75	29.01	29.15	548300	18.8	2338	奥普光电	SZ
741	6/14/11	29.53	30.03	29.28	29.67	958600	19.13	2338	奥普光电	SZ
742	6/13/11	29.33	30	28.41	29.92	931800	19.29	2338	奥普光电	SZ
743	6/10/11	30.67	31.52	28.03	30	2432800	19.34	2338	奥普光电	SZ
744	6/9/11	32.67	33	30.87	31.14	1045200	20.08	2338	奥普光电	SZ
745	6/8/11	32.27	33.2	32.27	32.67	450100	21.06	2338	奥普光电	SZ
746	6/7/11	32.21	33.67	31.87	32.93	730800	21.24	2338	奥普光电	SZ
747	6/3/11	33.01	33.25	32.21	32.71	677700	21.09	2338	奥普光电	SZ
748	6/2/11	33.33	33.52	32	33.01	718200	21.29	2338	奥普光电	SZ
749	6/1/11	34.32	35.2	33.2	33.39	1233900	21.53	2338	奥普光电	SZ
750	5/31/11	34	35.13	34	34.3	716300	22.12	2338	奥普光电	SZ
751	5/30/11	33.55	34.79	31.33	34.11	1720000	21.99	2338	奥普光电	SZ
752	5/27/11	34.52	35.21	33.4	33.88	443100	21.85	2338	奥普光电	SZ
753	5/26/11	35.54	36.33	34.33	35.17	432000	22.68	2338	奥普光电	SZ
754	5/25/11	34.23	35.6	34.23	35.6	747900	22.95	2338	奥普光电	SZ
755	5/24/11	34.07	35.56	33.69	34.56	557200	22.28	2338	奥普光电	SZ
756	5/23/11	33.87	34.39	33.46	34.24	574100	22.08	2338	奥普光电	SZ
757	5/20/11	34.2	34.2	33.05	33.87	553300	21.84	2338	奥普光电	SZ
758	5/19/11	34.25	34.59	33.47	34.2	480600	22.05	2338	奥普光电	SZ
759	5/18/11	35.49	35.49	33.73	34.59	1786500	22.31	2338	奥普光电	SZ
760	5/17/11	33.02	35.72	32.79	35.47	1648300	22.87	2338	奥普光电	SZ
761	5/16/11	32.67	34.13	32.67	33	1032700	21.28	2338	奥普光电	SZ
762	5/13/11	34.06	34.06	32.74	33.82	887500	21.81	2338	奥普光电	SZ
763	5/12/11	33.8	34.4	33.4	34.19	1056900	22.04	2338	奥普光电	SZ
764	5/11/11	33.92	34.16	33.74	33.83	392000	21.82	2338	奥普光电	SZ
765	5/10/11	32.87	34	32.79	34	783400	21.92	2338	奥普光电	SZ
766	5/9/11	33.05	33.86	32.67	33.24	1142000	21.43	2338	奥普光电	SZ
767	5/6/11	31.45	33	31.26	32.99	1339400	21.27	2338	奥普光电	SZ
768	5/5/11	30.33	31.53	29.67	31.45	970800	20.28	2338	奥普光电	SZ
769	5/4/11	31	31.3	30.14	30.67	826800	19.49	2338	奥普光电	SZ
770	5/3/11	30.8	31.53	30.79	31.15	786600	19.79	2338	奥普光电	SZ
771	4/29/11	30.47	31.46	30.43	30.69	800700	19.5	2338	奥普光电	SZ
772	4/28/11	30.53	31.53	29.75	30.63	963200	19.46	2338	奥普光电	SZ
773	4/27/11	29.93	32.2	29.33	30.9	2021600	19.63	2338	奥普光电	SZ
774	4/26/11	27.4	30.83	27.4	30	2285700	19.06	2338	奥普光电	SZ
775	4/22/11	28.4	28.4	27.74	28.1	1118200	17.85	2338	奥普光电	SZ
776	4/21/11	28.85	28.85	28.4	28.4	812300	18.04	2338	奥普光电	SZ
777	4/20/11	28.65	28.73	28.53	28.67	834000	18.21	2338	奥普光电	SZ
778	4/19/11	28.47	28.92	28.25	28.67	859800	18.21	2338	奥普光电	SZ
779	4/18/11	28.2	28.52	28.19	28.43	611200	18.06	2338	奥普光电	SZ
780	4/15/11	28.16	28.24	28	28.23	848100	17.94	2338	奥普光电	SZ
781	4/14/11	27.33	28.43	27.33	28.16	1771100	17.89	2338	奥普光电	SZ
782	4/13/11	26.93	27.47	26.93	27.24	467900	17.31	2338	奥普光电	SZ
783	4/12/11	27.23	27.52	26.89	27.12	832900	17.23	2338	奥普光电	SZ
784	4/11/11	27.08	27.23	26.79	27.2	970700	17.28	2338	奥普光电	SZ
785	4/8/11	25.99	27.1	25.87	27.05	1801300	17.19	2338	奥普光电	SZ
786	4/7/11	25.84	26.24	25.84	26.24	954300	16.67	2338	奥普光电	SZ
787	4/6/11	25.53	25.99	25.01	25.96	1177800	16.49	2338	奥普光电	SZ
788	4/1/11	25.04	25.53	24.67	25.52	584500	16.21	2338	奥普光电	SZ
789	3/31/11	25.32	25.32	24.74	25.18	527700	16	2338	奥普光电	SZ
790	3/30/11	24.99	25.31	24.81	25.25	491100	16.04	2338	奥普光电	SZ
791	3/29/11	25.29	25.3	24.67	25.02	664600	15.9	2338	奥普光电	SZ
792	3/28/11	25.78	25.78	25	25.29	1061600	16.07	2338	奥普光电	SZ
793	3/25/11	25.47	26.19	25.33	26.19	1518100	16.64	2338	奥普光电	SZ
794	3/24/11	26.65	26.65	25.99	26.33	749900	16.73	2338	奥普光电	SZ
795	3/23/11	26.54	26.7	26.29	26.63	523000	16.92	2338	奥普光电	SZ
796	3/22/11	26.73	27.09	26.4	26.6	411700	16.9	2338	奥普光电	SZ
797	3/21/11	27.26	27.32	26.47	27.13	549700	17.23	2338	奥普光电	SZ
798	3/18/11	27.08	27.43	27.07	27.13	315500	17.24	2338	奥普光电	SZ
799	3/17/11	27.2	27.31	26.67	27.08	382900	17.2	2338	奥普光电	SZ
800	3/16/11	27.17	27.67	27.01	27.39	602200	17.4	2338	奥普光电	SZ
801	3/15/11	26.73	27.6	26.67	27.43	1146500	17.43	2338	奥普光电	SZ
802	3/14/11	26.23	26.81	25.93	26.77	570300	17.01	2338	奥普光电	SZ
803	3/11/11	26.39	26.53	25.93	26.23	426500	16.66	2338	奥普光电	SZ
804	3/10/11	26.61	26.61	26.25	26.39	291100	16.76	2338	奥普光电	SZ
805	3/9/11	26.67	26.73	26.43	26.6	285600	16.9	2338	奥普光电	SZ
806	3/8/11	26.1	26.63	26.1	26.63	280400	16.92	2338	奥普光电	SZ
807	3/7/11	26.07	26.4	26	26.15	339700	16.61	2338	奥普光电	SZ
808	3/4/11	25.54	26.27	25.54	26.11	404100	16.59	2338	奥普光电	SZ
809	3/3/11	26.32	26.32	25.72	25.79	296200	16.39	2338	奥普光电	SZ
810	3/2/11	26.01	26.53	25.93	26.19	373400	16.64	2338	奥普光电	SZ
811	3/1/11	26.91	27	26.2	26.61	454800	16.91	2338	奥普光电	SZ
812	2/28/11	26.74	27.3	26.71	26.86	455100	17.07	2338	奥普光电	SZ
813	2/25/11	26.93	27.04	26.47	27	646700	17.15	2338	奥普光电	SZ
814	2/24/11	26.01	27	25.73	26.89	1044200	17.08	2338	奥普光电	SZ
815	2/23/11	25.69	26.26	25.6	26.23	348500	16.67	2338	奥普光电	SZ
816	2/22/11	25.87	26.33	25.69	25.83	804900	16.41	2338	奥普光电	SZ
817	2/21/11	25.45	25.84	25.44	25.69	523900	16.32	2338	奥普光电	SZ
818	2/18/11	25.73	26.09	25.6	25.67	326700	16.31	2338	奥普光电	SZ
819	2/17/11	25.67	25.99	25.57	25.87	445900	16.43	2338	奥普光电	SZ
820	2/16/11	25.66	25.81	25.33	25.79	238100	16.39	2338	奥普光电	SZ
821	2/15/11	25.58	25.73	25.34	25.5	344300	16.2	2338	奥普光电	SZ
822	2/14/11	25.47	25.52	25.21	25.44	458700	16.16	2338	奥普光电	SZ
823	2/11/11	24.97	25.52	24.69	25.28	524300	16.06	2338	奥普光电	SZ
824	2/10/11	24.4	24.8	24	24.79	523700	15.75	2338	奥普光电	SZ
825	2/9/11	24.47	24.87	24.34	24.35	145800	15.47	2338	奥普光电	SZ
826	2/1/11	24.89	24.9	24.53	24.77	148300	15.74	2338	奥普光电	SZ
827	1/31/11	24.5	24.77	24.1	24.77	285600	15.74	2338	奥普光电	SZ
828	1/28/11	24.07	24.56	24.05	24.5	261500	15.57	2338	奥普光电	SZ
829	1/27/11	23.87	24.31	23.67	24.29	230700	15.43	2338	奥普光电	SZ
830	1/26/11	24.09	24.3	23.87	24	274800	15.25	2338	奥普光电	SZ
831	1/25/11	24.79	24.8	23.33	24.06	338300	15.29	2338	奥普光电	SZ
832	1/24/11	25.04	25.04	24.4	24.79	412700	15.75	2338	奥普光电	SZ
833	1/21/11	25.57	25.57	24.37	24.69	456500	15.69	2338	奥普光电	SZ
834	1/20/11	24.23	24.44	23.75	24.24	231200	15.4	2338	奥普光电	SZ
835	1/19/11	24.04	24.32	23.9	24.32	186900	15.45	2338	奥普光电	SZ
836	1/18/11	23.87	24.33	23.75	23.99	121400	15.24	2338	奥普光电	SZ
837	1/17/11	24.4	24.66	23.73	23.92	398900	15.2	2338	奥普光电	SZ
838	1/14/11	24.47	24.76	24.27	24.47	477900	15.54	2338	奥普光电	SZ
839	1/13/11	25.2	25.2	24.53	24.76	277400	15.73	2338	奥普光电	SZ
840	1/12/11	24.64	25.03	24.64	25.03	300000	15.9	2338	奥普光电	SZ
841	1/11/11	25.2	25.27	24.47	24.64	422000	15.65	2338	奥普光电	SZ
842	1/10/11	26.43	26.45	25.23	25.37	555000	16.12	2338	奥普光电	SZ
843	1/7/11	26.23	26.47	25.9	26.37	370800	16.75	2338	奥普光电	SZ
844	1/6/11	26.93	26.93	26.1	26.25	484000	16.68	2338	奥普光电	SZ
845	1/5/11	26.91	27.51	26.74	26.93	603300	17.11	2338	奥普光电	SZ
846	1/4/11	26.8	26.97	26.53	26.9	344700	17.09	2338	奥普光电	SZ
847	12/31/10	26.37	26.97	26.12	26.8	471900	17.03	2338	奥普光电	SZ
848	12/30/10	26	26.47	25.47	26.12	542900	16.6	2338	奥普光电	SZ
849	12/29/10	25.59	26	25.59	25.97	247000	16.5	2338	奥普光电	SZ
850	12/28/10	26	26.21	25.4	25.6	458800	16.26	2338	奥普光电	SZ
851	12/27/10	26.9	27.27	26.12	26.21	600900	16.65	2338	奥普光电	SZ
852	12/24/10	27.77	27.77	26.55	26.9	589300	17.09	2338	奥普光电	SZ
853	12/23/10	28.01	28.13	27	27.13	667100	17.24	2338	奥普光电	SZ
854	12/22/10	28.67	28.87	28	28.05	749100	17.82	2338	奥普光电	SZ
855	12/21/10	28.67	29	28.53	28.79	875600	18.29	2338	奥普光电	SZ
856	12/20/10	28.59	29.27	27.73	28.81	1709600	18.31	2338	奥普光电	SZ
857	12/17/10	28.47	28.47	27.79	28.32	556500	17.99	2338	奥普光电	SZ
858	12/16/10	28.29	28.6	27.84	28.47	857700	18.09	2338	奥普光电	SZ
859	12/15/10	28.13	28.5	27.8	27.83	748900	17.68	2338	奥普光电	SZ
860	12/14/10	27.79	28.45	27.51	28.3	1196900	17.98	2338	奥普光电	SZ
861	12/13/10	26.84	27.6	26.83	27.53	744300	17.49	2338	奥普光电	SZ
862	12/10/10	26.23	26.85	26.01	26.8	467800	17.03	2338	奥普光电	SZ
863	12/9/10	26.73	27.01	26.17	26.25	774300	16.68	2338	奥普光电	SZ
864	12/8/10	27.32	27.77	26.99	27	881200	17.15	2338	奥普光电	SZ
865	12/7/10	26.81	27.31	26.66	27.17	727100	17.26	2338	奥普光电	SZ
866	12/6/10	27.03	27.65	26.43	26.99	776100	17.15	2338	奥普光电	SZ
867	12/3/10	27.99	28.13	26.73	27.4	873300	17.41	2338	奥普光电	SZ
868	12/2/10	28.03	28.57	27.67	28.09	1302400	17.85	2338	奥普光电	SZ
869	12/1/10	28.25	28.7	27.59	27.81	834400	17.67	2338	奥普光电	SZ
870	11/30/10	29.5	29.67	28	28.27	1697100	17.96	2338	奥普光电	SZ
871	11/29/10	28.4	29.53	28.4	29.32	1216800	18.63	2338	奥普光电	SZ
872	11/26/10	28.92	29.47	28.34	28.67	1107800	18.21	2338	奥普光电	SZ
873	11/25/10	29.6	29.62	28.35	28.61	1794100	18.18	2338	奥普光电	SZ
874	11/24/10	28.33	29.79	28.13	29.41	2962500	18.69	2338	奥普光电	SZ
875	11/23/10	28.39	28.8	27.57	28.53	2375600	18.13	2338	奥普光电	SZ
876	11/22/10	26.83	28.89	26.6	28.23	2605300	17.94	2338	奥普光电	SZ
877	11/19/10	26	26.91	25.79	26.84	917300	17.05	2338	奥普光电	SZ
878	11/18/10	25.4	26.13	25.4	25.79	425000	16.39	2338	奥普光电	SZ
879	11/17/10	26.57	26.8	25.27	25.36	669900	16.11	2338	奥普光电	SZ
880	11/16/10	27.25	27.79	26.01	26.67	1366000	16.94	2338	奥普光电	SZ
881	11/15/10	26.09	27.18	26	27.04	1236200	17.18	2338	奥普光电	SZ
882	11/12/10	27.66	27.66	26.09	26.09	2625200	16.57	2338	奥普光电	SZ
883	11/11/10	28.33	28.58	27.4	27.59	1733800	17.53	2338	奥普光电	SZ
884	11/10/10	27.73	28.51	27.47	28.48	2033400	18.09	2338	奥普光电	SZ
885	11/9/10	27.73	28.33	27.33	27.77	1713200	17.65	2338	奥普光电	SZ
886	11/8/10	26.98	27.75	26.76	27.65	1656100	17.57	2338	奥普光电	SZ
887	11/5/10	26.79	27.04	26.4	26.93	1431200	17.11	2338	奥普光电	SZ
888	11/4/10	26.11	26.92	26.11	26.67	777300	16.94	2338	奥普光电	SZ
889	11/3/10	26.38	26.86	26.07	26.1	905000	16.58	2338	奥普光电	SZ
890	11/2/10	27.5	27.72	26.51	26.56	1871800	16.87	2338	奥普光电	SZ
891	11/1/10	27.23	27.76	27	27.47	1634400	17.45	2338	奥普光电	SZ
892	10/29/10	25.35	27.67	25.35	27.22	2320900	17.29	2338	奥普光电	SZ
893	10/28/10	25.35	26.6	25.35	26.46	1645700	16.81	2338	奥普光电	SZ
894	10/27/10	25.34	25.9	25.27	25.59	718600	16.26	2338	奥普光电	SZ
895	10/26/10	26	26.03	25.33	25.47	822200	16.18	2338	奥普光电	SZ
896	10/25/10	25.41	26.05	25.4	25.81	874800	16.4	2338	奥普光电	SZ
897	10/22/10	25.33	25.53	25.05	25.41	586800	16.15	2338	奥普光电	SZ
898	10/21/10	25.41	25.71	24.88	25.21	539500	16.01	2338	奥普光电	SZ
899	10/20/10	24.67	25.92	24.6	25.57	954900	16.24	2338	奥普光电	SZ
900	10/19/10	23.85	25.12	23.48	25.08	1025500	15.93	2338	奥普光电	SZ
901	10/18/10	24.07	24.23	22.73	23.65	956500	15.03	2338	奥普光电	SZ
902	10/15/10	24.37	24.53	23.84	23.99	1336600	15.24	2338	奥普光电	SZ
903	10/14/10	25.03	25.21	24.33	24.37	1818800	15.48	2338	奥普光电	SZ
904	10/13/10	26.31	26.33	25.33	25.57	1190500	16.24	2338	奥普光电	SZ
905	10/12/10	26.24	26.59	26.24	26.3	834500	16.71	2338	奥普光电	SZ
906	10/11/10	26.53	27.18	26.27	26.32	1212400	16.72	2338	奥普光电	SZ
907	10/8/10	26.39	26.67	26.05	26.55	946600	16.87	2338	奥普光电	SZ
908	9/30/10	25.7	26.13	25.63	26.07	423600	16.57	2338	奥普光电	SZ
909	9/29/10	26.25	26.27	25.59	25.89	506100	16.45	2338	奥普光电	SZ
910	9/28/10	26.13	26.45	25.57	25.91	681200	16.46	2338	奥普光电	SZ
911	9/27/10	25.67	26.67	25.07	26.64	1143200	16.93	2338	奥普光电	SZ
912	9/21/10	25.33	25.77	24.99	25.46	498100	16.18	2338	奥普光电	SZ
913	9/20/10	26.59	26.73	25.33	25.33	1261800	16.09	2338	奥普光电	SZ
914	9/17/10	26.97	27.2	26.55	26.59	836900	16.9	2338	奥普光电	SZ
915	9/16/10	27.18	27.66	26.39	26.92	1142800	17.1	2338	奥普光电	SZ
916	9/15/10	28.49	28.49	27.05	27.2	1183400	17.28	2338	奥普光电	SZ
917	9/14/10	28.21	29.01	28.01	28.5	1323800	18.11	2338	奥普光电	SZ
918	9/13/10	27.11	29.13	27.07	28.2	1738400	17.92	2338	奥普光电	SZ
919	9/10/10	26.45	27.31	26.4	27.07	971400	17.2	2338	奥普光电	SZ
920	9/9/10	26.41	27.35	26	26.54	1191600	16.86	2338	奥普光电	SZ
921	9/8/10	25.88	27.13	25.88	26.79	747300	17.02	2338	奥普光电	SZ
922	9/7/10	26.33	26.75	26.07	26.54	660300	16.86	2338	奥普光电	SZ
923	9/6/10	27.27	27.33	26.33	26.56	1164700	16.87	2338	奥普光电	SZ
924	9/3/10	25.99	27.13	25.87	27.08	2455100	17.2	2338	奥普光电	SZ
925	9/2/10	25.33	26.19	25.07	25.94	1901800	16.48	2338	奥普光电	SZ
926	9/1/10	25.77	25.91	24.74	24.88	1175200	15.81	2338	奥普光电	SZ
927	8/31/10	25.33	25.92	25.2	25.77	951800	16.37	2338	奥普光电	SZ
928	8/30/10	25.07	25.7	24.81	25.53	1210400	16.22	2338	奥普光电	SZ
929	8/27/10	24.35	24.83	24.13	24.8	583100	15.76	2338	奥普光电	SZ
930	8/26/10	24.12	24.67	24.12	24.5	577900	15.57	2338	奥普光电	SZ
931	8/25/10	24.89	25.05	23.98	24.13	888400	15.33	2338	奥普光电	SZ
932	8/24/10	24.68	25.3	24.68	25.11	729200	15.95	2338	奥普光电	SZ
933	8/23/10	24.65	25.26	24.65	24.99	611700	15.87	2338	奥普光电	SZ
934	8/20/10	25.6	25.62	24.73	24.75	1411200	15.73	2338	奥普光电	SZ
935	8/19/10	25.99	26.07	25.52	25.95	890800	16.49	2338	奥普光电	SZ
936	8/18/10	26.15	26.33	25.61	25.99	1245600	16.51	2338	奥普光电	SZ
937	8/17/10	26.04	27.17	25.91	26.36	2114700	16.75	2338	奥普光电	SZ
938	8/16/10	24.97	26.13	24.93	26.04	2662100	16.54	2338	奥普光电	SZ
939	8/13/10	24.53	25.06	24.28	25	912300	15.88	2338	奥普光电	SZ
940	8/12/10	24.49	24.87	24.07	24.43	945900	15.52	2338	奥普光电	SZ
941	8/11/10	24.65	25.16	24.42	24.53	1339400	15.59	2338	奥普光电	SZ
942	8/10/10	25.79	25.79	24.47	24.73	2023500	15.71	2338	奥普光电	SZ
943	8/9/10	25.84	26.31	25.65	26.07	2458700	16.33	2338	奥普光电	SZ
944	8/6/10	24.9	25.58	24.77	25.58	2591600	16.03	2338	奥普光电	SZ
945	8/5/10	24.4	24.93	24.13	24.67	1951000	15.46	2338	奥普光电	SZ
946	8/4/10	23.87	24.44	23.73	24.41	2139100	15.3	2338	奥普光电	SZ
947	8/3/10	23.59	24.53	23.59	24	2669100	15.04	2338	奥普光电	SZ
948	8/2/10	22.72	23.53	22.68	23.47	1406900	14.71	2338	奥普光电	SZ
949	7/30/10	22.94	22.94	22.53	22.72	575400	14.24	2338	奥普光电	SZ
950	7/29/10	23.32	23.32	22.7	22.94	977700	14.37	2338	奥普光电	SZ
951	7/28/10	22.4	22.95	22.36	22.89	940000	14.34	2338	奥普光电	SZ
952	7/27/10	22.87	22.87	22.52	22.56	651400	14.14	2338	奥普光电	SZ
953	7/26/10	22.51	23.04	22.51	22.93	953400	14.37	2338	奥普光电	SZ
954	7/22/10	22.01	22.59	22.01	22.54	779000	14.12	2338	奥普光电	SZ
955	7/21/10	22.25	22.53	21.95	22.21	758000	13.92	2338	奥普光电	SZ
956	7/20/10	21.57	22.29	21.57	22.25	923000	13.94	2338	奥普光电	SZ
957	7/19/10	20.69	21.71	20.4	21.67	549700	13.58	2338	奥普光电	SZ
958	7/16/10	20.67	21.25	20.37	21.12	329500	13.23	2338	奥普光电	SZ
959	7/15/10	21.13	21.65	21	21	406300	13.16	2338	奥普光电	SZ
960	7/14/10	21.13	21.71	21.13	21.39	422500	13.4	2338	奥普光电	SZ
961	7/13/10	21.68	21.72	21	21.27	649100	13.33	2338	奥普光电	SZ
962	7/12/10	21.93	22.06	21.73	21.85	929600	13.69	2338	奥普光电	SZ
963	7/9/10	21.7	22.25	21.33	22	928100	13.78	2338	奥普光电	SZ
964	7/8/10	21.75	22.12	21.26	21.53	673400	13.49	2338	奥普光电	SZ
965	7/7/10	21.05	22.07	20.93	21.8	978500	13.66	2338	奥普光电	SZ
966	7/6/10	20.5	21.07	20.34	21.05	559100	13.19	2338	奥普光电	SZ
967	7/5/10	20.1	20.59	19.69	20.48	429200	12.83	2338	奥普光电	SZ
968	7/2/10	20.19	20.24	19.08	20.24	636400	12.68	2338	奥普光电	SZ
969	7/1/10	20.4	20.66	19.92	19.99	635400	12.52	2338	奥普光电	SZ
970	6/30/10	20.67	20.9	20.01	20.52	538300	12.86	2338	奥普光电	SZ
971	6/29/10	22.15	22.3	20.8	20.9	922000	13.1	2338	奥普光电	SZ
972	6/28/10	22.45	22.65	22	22.08	619700	13.83	2338	奥普光电	SZ
973	6/25/10	22.9	23.06	22	22.47	614000	14.08	2338	奥普光电	SZ
974	6/24/10	23	23.3	22.87	23.1	461800	14.47	2338	奥普光电	SZ
975	6/23/10	22.89	23.1	22.53	23	616400	14.41	2338	奥普光电	SZ
976	6/22/10	22.67	23.15	22.52	22.91	644600	14.36	2338	奥普光电	SZ
977	6/21/10	21.92	22.73	21.92	22.7	941100	14.22	2338	奥普光电	SZ
978	6/18/10	23.87	24.14	21.95	22.14	1795900	13.87	2338	奥普光电	SZ
979	6/17/10	25.79	26	23.88	24	2157300	15.04	2338	奥普光电	SZ
980	6/16/10	25.71	25.71	25.71	25.71	0	16.11	2338	奥普光电	SZ
981	6/15/10	25.71	25.71	25.71	25.71	0	16.11	2338	奥普光电	SZ
982	6/14/10	25.71	25.71	25.71	25.71	0	16.11	2338	奥普光电	SZ
983	6/11/10	25.51	25.95	25.51	25.71	964600	16.11	2338	奥普光电	SZ
984	6/10/10	25.39	25.71	25.1	25.61	878600	16.04	2338	奥普光电	SZ
985	6/9/10	25.4	25.73	24.94	25.35	1054700	15.89	2338	奥普光电	SZ
986	6/8/10	24.65	25.33	24.34	25.32	1517200	15.86	2338	奥普光电	SZ
987	6/7/10	23.05	24.79	22.8	24.71	1470900	15.48	2338	奥普光电	SZ
988	6/4/10	23.18	23.59	22.69	23.55	494500	14.75	2338	奥普光电	SZ
989	6/3/10	23.71	23.77	23.2	23.21	525500	14.54	2338	奥普光电	SZ
990	6/2/10	22.67	23.43	22.37	23.41	584800	14.67	2338	奥普光电	SZ
991	6/1/10	23.59	23.65	22.4	22.73	744400	14.24	2338	奥普光电	SZ
992	5/31/10	24.23	24.69	23.73	23.73	685600	14.87	2338	奥普光电	SZ
993	5/28/10	24.74	24.8	24.21	24.4	824100	15.29	2338	奥普光电	SZ
994	5/27/10	23.67	24.56	23.45	24.51	986800	15.36	2338	奥普光电	SZ
995	5/26/10	24.33	24.61	23.83	23.95	770900	15.01	2338	奥普光电	SZ
996	5/25/10	23.35	24.65	23.35	24.33	2015700	15.24	2338	奥普光电	SZ
997	5/24/10	22.67	23.87	22.67	23.64	1249900	14.81	2338	奥普光电	SZ
998	5/21/10	21	23.07	20.93	22.67	796200	14.2	2338	奥普光电	SZ
999	5/20/10	22.8	23.4	22.31	22.33	710600	13.99	2338	奥普光电	SZ
1000	5/19/10	22.67	23.4	22.3	23.13	913600	14.49	2338	奥普光电	SZ
1001	5/18/10	22.45	23.17	21.85	23.01	821800	14.42	2338	奥普光电	SZ
1002	5/17/10	24	24	22.53	22.6	878200	14.16	2338	奥普光电	SZ
1003	5/14/10	24.6	24.65	23.9	24.42	757400	15.3	2338	奥普光电	SZ
1004	5/13/10	24.27	24.67	23.59	24.6	1422800	15.41	2338	奥普光电	SZ
1005	5/12/10	27.45	27.45	24.71	24.71	2175500	15.48	2338	奥普光电	SZ
1006	5/11/10	28.59	28.89	27.16	27.45	957500	17.2	2338	奥普光电	SZ
1007	5/10/10	29.2	29.53	27.33	28.13	1332000	17.62	2338	奥普光电	SZ
1008	5/7/10	28.34	29.87	27.92	29.39	1454600	18.42	2338	奥普光电	SZ
1009	5/6/10	29	29.47	28.87	29.3	2716600	18.36	2338	奥普光电	SZ
1010	5/5/10	27.8	29.38	27.42	29.21	1692900	18.3	2338	奥普光电	SZ
1011	5/4/10	27.2	28.07	26.67	27.93	821100	17.5	2338	奥普光电	SZ
1012	5/3/10	27.81	27.81	27.81	27.81	0	17.43	2338	奥普光电	SZ
1013	4/30/10	28.21	28.5	27.34	27.81	926400	17.43	2338	奥普光电	SZ
1014	4/29/10	27.64	28.66	27.61	28.49	1936600	17.85	2338	奥普光电	SZ
1015	4/28/10	27.67	27.67	26.67	27.6	988100	17.29	2338	奥普光电	SZ
1016	4/27/10	29.04	29.16	27.34	27.75	1410900	17.39	2338	奥普光电	SZ
1017	4/26/10	28.68	29.47	28.67	29.11	1384700	18.24	2338	奥普光电	SZ
1018	4/23/10	29.6	29.95	28.66	28.73	1369600	18	2338	奥普光电	SZ
1019	4/22/10	29.45	29.73	29.15	29.57	1750900	18.53	2338	奥普光电	SZ
1020	4/21/10	28.57	29.79	28.47	29.45	1628500	18.45	2338	奥普光电	SZ
1021	4/20/10	28.05	28.64	27.41	28.61	1291000	17.92	2338	奥普光电	SZ
1022	4/19/10	28.2	29.13	28.2	28.26	1473200	17.71	2338	奥普光电	SZ
1023	4/16/10	28.46	29.29	28.17	28.87	1998500	18.09	2338	奥普光电	SZ
1024	4/15/10	30.67	30.67	28.13	28.33	4457000	17.75	2338	奥普光电	SZ
1025	4/14/10	30.53	31.23	30.2	30.7	1355800	19.24	2338	奥普光电	SZ
1026	4/13/10	34	34.14	30.4	30.67	3215500	19.21	2338	奥普光电	SZ
1027	4/12/10	32.67	33.8	32.67	33.65	2252000	21.08	2338	奥普光电	SZ
1028	4/9/10	32.45	33.07	32.4	32.89	1205400	20.61	2338	奥普光电	SZ
1029	4/8/10	32.73	33.59	32.54	32.54	1831500	20.39	2338	奥普光电	SZ
1030	4/7/10	32.93	33.19	32.4	32.77	1655800	20.53	2338	奥普光电	SZ
1031	4/6/10	32.17	32.87	31.93	32.87	1647400	20.59	2338	奥普光电	SZ
1032	4/5/10	32.17	32.17	32.17	32.17	0	20.16	2338	奥普光电	SZ
1033	4/2/10	33.05	33.4	32.13	32.17	2215500	20.16	2338	奥普光电	SZ
1034	4/1/10	32.73	33.83	32.73	33.07	2356100	20.72	2338	奥普光电	SZ
1035	3/31/10	32.97	33.59	32.4	32.92	2296900	20.63	2338	奥普光电	SZ
1036	3/30/10	31.43	33.33	31.2	32.97	4477300	20.66	2338	奥普光电	SZ
1037	3/29/10	30.53	31.53	30.52	31.41	2436600	19.68	2338	奥普光电	SZ
1038	3/26/10	30.77	31.09	30.24	30.65	1727400	19.21	2338	奥普光电	SZ
1039	3/25/10	30.9	31.8	30.67	31.11	2490900	19.49	2338	奥普光电	SZ
1040	3/24/10	30.19	32.33	29.77	30.98	3648000	19.41	2338	奥普光电	SZ
1041	3/23/10	29.33	30.33	29.2	30.21	2752300	18.93	2338	奥普光电	SZ
1042	3/22/10	29.1	29.42	28.79	29.33	1326000	18.38	2338	奥普光电	SZ
1043	3/19/10	29.01	29.25	28.72	29.1	1150500	18.23	2338	奥普光电	SZ
1044	3/18/10	29.55	29.59	28.6	29.1	1952900	18.23	2338	奥普光电	SZ
1045	3/17/10	28.67	29.95	28.67	29.86	3423900	18.71	2338	奥普光电	SZ
1046	3/16/10	30.79	30.8	29.53	29.95	1807600	18.77	2338	奥普光电	SZ
1047	3/15/10	29.37	30.67	29.33	30.66	2652000	19.21	2338	奥普光电	SZ
1048	3/12/10	28.94	30.33	28.93	29.59	2831800	18.54	2338	奥普光电	SZ
1049	3/11/10	28.53	29.12	28.09	29.1	1191500	18.23	2338	奥普光电	SZ
1050	3/10/10	28.5	29.03	28.22	28.47	807100	17.84	2338	奥普光电	SZ
1051	3/9/10	28.37	28.59	27.93	28.5	619600	17.86	2338	奥普光电	SZ
1052	3/8/10	28.2	28.72	28.07	28.49	838900	17.85	2338	奥普光电	SZ
1053	3/5/10	28.25	28.32	27.87	28.15	949300	17.64	2338	奥普光电	SZ
1054	3/4/10	29.72	29.72	27.97	28.05	1865700	17.57	2338	奥普光电	SZ
1055	3/3/10	30.4	30.4	29.47	29.7	1730900	18.61	2338	奥普光电	SZ
1056	3/2/10	29.26	29.53	28.78	29.4	1788700	18.42	2338	奥普光电	SZ
1057	3/1/10	29.17	29.53	28.69	29.16	1496800	18.27	2338	奥普光电	SZ
1058	2/26/10	28.67	29.85	28.47	29.03	2068100	18.19	2338	奥普光电	SZ
1059	2/25/10	28.04	29.32	28.01	29.02	2211000	18.18	2338	奥普光电	SZ
1060	2/24/10	27	28.5	26.8	28.21	1913800	17.67	2338	奥普光电	SZ
1061	2/23/10	27.9	27.93	26.2	27.15	1463700	17.01	2338	奥普光电	SZ
1062	2/22/10	28.08	28.52	27.87	27.92	946100	17.49	2338	奥普光电	SZ
1063	2/19/10	28	28	28	28	0	17.54	2338	奥普光电	SZ
1064	2/18/10	28	28	28	28	0	17.54	2338	奥普光电	SZ
1065	2/17/10	28	28	28	28	0	17.54	2338	奥普光电	SZ
1066	2/16/10	28	28	28	28	0	17.54	2338	奥普光电	SZ
1067	2/15/10	28	28	28	28	0	17.54	2338	奥普光电	SZ
1068	2/12/10	27.47	28.59	27.47	28	1434000	17.54	2338	奥普光电	SZ
1069	2/11/10	27.33	27.81	27.33	27.4	787200	17.17	2338	奥普光电	SZ
1070	2/10/10	27.06	27.84	26.87	27.67	1226700	17.33	2338	奥普光电	SZ
1071	2/9/10	27.11	27.38	26.67	26.99	859300	16.91	2338	奥普光电	SZ
1072	2/8/10	26.97	27.46	26.59	27.25	1373200	17.07	2338	奥普光电	SZ
1073	2/5/10	28	28	26.67	26.99	2278200	16.91	2338	奥普光电	SZ
1074	2/4/10	28.53	29.33	28.07	28.61	2842800	17.92	2338	奥普光电	SZ
1075	2/3/10	26.67	29.17	26.53	29.17	3527000	18.27	2338	奥普光电	SZ
1076	2/2/10	26.74	27.25	26.47	26.51	1643100	16.61	2338	奥普光电	SZ
1077	2/1/10	27.22	27.45	26.35	26.48	2218000	16.59	2338	奥普光电	SZ
1078	1/29/10	27.83	28.8	27.27	27.93	2453500	17.5	2338	奥普光电	SZ
1079	1/28/10	28.55	28.85	26.92	27.85	2501600	17.45	2338	奥普光电	SZ
1080	1/27/10	28.67	29.92	28.2	28.89	2311300	18.1	2338	奥普光电	SZ
1081	1/26/10	30.4	30.93	28.08	28.79	2946000	18.04	2338	奥普光电	SZ
1082	1/25/10	31	32.3	30.4	30.6	2563100	19.17	2338	奥普光电	SZ
1083	1/22/10	34.73	35.51	32.13	32.13	5796100	20.13	2338	奥普光电	SZ
1084	1/21/10	38	38	38	38	0	23.81	2338	奥普光电	SZ
1085	1/20/10	35.73	39.96	35.73	38	10211400	23.81	2338	奥普光电	SZ
1086	1/19/10	33.54	37.13	32.45	36.7	9558800	22.99	2338	奥普光电	SZ
1087	1/18/10	35.12	35.67	32.87	33.85	9413600	21.21	2338	奥普光电	SZ
1088	1/15/10	34.33	39.2	33.51	34.67	19856200	21.72	2338	奥普光电	SZ
