0	4/29/14	14.96	15.24	14.8	15.02	1982300	15.02	2349	精华制药	SZ
1	4/28/14	15.62	15.62	14.81	14.96	2281700	14.96	2349	精华制药	SZ
2	4/25/14	16.63	16.64	15.65	15.65	2116600	15.65	2349	精华制药	SZ
3	4/24/14	16.26	16.67	16.2	16.67	1234300	16.67	2349	精华制药	SZ
4	4/23/14	16.35	16.75	16.18	16.26	1557300	16.26	2349	精华制药	SZ
5	4/22/14	17.6	17.72	16.26	16.44	3706900	16.44	2349	精华制药	SZ
6	4/21/14	18.38	18.44	17.61	17.75	2483600	17.75	2349	精华制药	SZ
7	4/18/14	18.3	18.51	18.01	18.49	1909000	18.49	2349	精华制药	SZ
8	4/17/14	17.9	18.5	17.9	18.36	2929900	18.36	2349	精华制药	SZ
9	4/16/14	17.9	18	17.52	18	2563400	18	2349	精华制药	SZ
10	4/15/14	17.27	18.26	17.27	17.9	5372000	17.9	2349	精华制药	SZ
11	4/14/14	16.9	17.76	16.88	17.15	2751300	17.15	2349	精华制药	SZ
12	4/11/14	16.97	17.09	16.88	16.91	1003300	16.91	2349	精华制药	SZ
13	4/10/14	17.09	17.35	16.96	17.13	1298000	17.13	2349	精华制药	SZ
14	4/9/14	16.72	17.16	16.5	17.11	2159500	17.11	2349	精华制药	SZ
15	4/8/14	16.43	17.2	16.43	16.73	1455300	16.73	2349	精华制药	SZ
16	4/7/14	16.7	16.7	16.7	16.7	0	16.7	2349	精华制药	SZ
17	4/4/14	16.69	16.83	16.41	16.7	696600	16.7	2349	精华制药	SZ
18	4/3/14	16.5	16.83	16.5	16.7	510100	16.7	2349	精华制药	SZ
19	4/2/14	17	17.05	16.5	16.63	539300	16.63	2349	精华制药	SZ
20	4/1/14	16.94	17.14	16.92	17.01	546400	17.01	2349	精华制药	SZ
21	3/31/14	16.98	17.14	16.48	16.93	456700	16.93	2349	精华制药	SZ
22	3/28/14	17.01	17.46	16.86	16.98	1660900	16.98	2349	精华制药	SZ
23	3/27/14	17.34	17.37	16.85	17.02	1816000	17.02	2349	精华制药	SZ
24	3/26/14	16.98	17.34	16.98	17.33	1048700	17.33	2349	精华制药	SZ
25	3/25/14	16.81	17.4	16.66	17.11	1222400	17.11	2349	精华制药	SZ
26	3/24/14	16.57	16.86	16.31	16.81	928100	16.81	2349	精华制药	SZ
27	3/21/14	16.53	16.8	16	16.65	3319500	16.65	2349	精华制药	SZ
28	3/20/14	17.58	17.58	16.81	16.82	2295600	16.82	2349	精华制药	SZ
29	3/19/14	18.42	18.42	17.25	17.54	3047100	17.54	2349	精华制药	SZ
30	3/18/14	17.7	18.5	17.4	18.4	2071100	18.4	2349	精华制药	SZ
31	3/17/14	17.65	17.86	17.26	17.74	1690900	17.74	2349	精华制药	SZ
32	3/14/14	18.22	18.25	17.33	17.64	2482000	17.64	2349	精华制药	SZ
33	3/13/14	18.19	18.19	17.83	18.1	778300	18.1	2349	精华制药	SZ
34	3/12/14	18.26	18.35	17.88	18.1	1448400	18.1	2349	精华制药	SZ
35	3/11/14	18.01	18.25	17.6	18.14	1281600	18.14	2349	精华制药	SZ
36	3/10/14	17.8	18.43	17.3	17.94	3169500	17.94	2349	精华制药	SZ
37	3/7/14	19.3	20.35	17.88	18.33	4110300	18.33	2349	精华制药	SZ
38	3/6/14	18.51	19.47	18.14	19.21	2135500	19.21	2349	精华制药	SZ
39	3/5/14	18.53	18.9	18.21	18.68	1932600	18.68	2349	精华制药	SZ
40	3/4/14	18.92	19.02	17.6	18.5	2353400	18.5	2349	精华制药	SZ
41	3/3/14	18.58	19.3	18.38	19.13	1729100	19.13	2349	精华制药	SZ
42	2/28/14	18.1	18.57	17.6	18.57	2489000	18.57	2349	精华制药	SZ
43	2/27/14	19.84	20	18.1	18.28	3290900	18.28	2349	精华制药	SZ
44	2/26/14	18.8	19.2	17.95	19.18	2951600	19.18	2349	精华制药	SZ
45	2/25/14	19.7	19.97	18.75	18.92	3237800	18.92	2349	精华制药	SZ
46	2/24/14	20.2	20.5	18.8	19.82	5962500	19.82	2349	精华制药	SZ
47	2/21/14	20.3	21.1	19.72	20.68	6864800	20.68	2349	精华制药	SZ
48	2/20/14	19.1	21.12	18.93	20.94	8017000	20.94	2349	精华制药	SZ
49	2/19/14	19.2	19.59	18.61	19.2	4427500	19.2	2349	精华制药	SZ
50	2/18/14	18.2	19.9	18.11	19.4	7159800	19.4	2349	精华制药	SZ
51	2/17/14	18.35	18.98	17.83	18.5	7718600	18.5	2349	精华制药	SZ
52	2/14/14	18	18.7	17.48	18.32	9766500	18.32	2349	精华制药	SZ
53	2/13/14	17.03	18.17	17.03	17.95	22366000	17.95	2349	精华制药	SZ
54	2/12/14	16.5	16.52	15.62	16.52	9674900	16.52	2349	精华制药	SZ
55	2/11/14	15.02	15.02	15.02	15.02	497900	15.02	2349	精华制药	SZ
56	2/10/14	13.65	13.65	13.65	13.65	0	13.65	2349	精华制药	SZ
57	2/7/14	13.65	13.65	13.65	13.65	0	13.65	2349	精华制药	SZ
58	2/6/14	13.65	13.65	13.65	13.65	0	13.65	2349	精华制药	SZ
59	2/5/14	13.65	13.65	13.65	13.65	0	13.65	2349	精华制药	SZ
60	2/3/14	13.65	13.65	13.65	13.65	0	13.65	2349	精华制药	SZ
61	1/31/14	13.65	13.65	13.65	13.65	0	13.65	2349	精华制药	SZ
62	1/30/14	13.65	13.65	13.65	13.65	0	13.65	2349	精华制药	SZ
63	1/29/14	13.65	13.65	13.65	13.65	0	13.65	2349	精华制药	SZ
64	1/28/14	13.65	13.65	13.65	13.65	0	13.65	2349	精华制药	SZ
65	1/27/14	13.65	13.65	13.65	13.65	0	13.65	2349	精华制药	SZ
66	1/24/14	13.65	13.65	13.65	13.65	0	13.65	2349	精华制药	SZ
67	1/23/14	13.14	13.79	13.05	13.65	5258400	13.65	2349	精华制药	SZ
68	1/22/14	13.01	13.15	12.86	13.14	1903900	13.14	2349	精华制药	SZ
69	1/21/14	13	13.15	12.95	13.01	1243100	13.01	2349	精华制药	SZ
70	1/20/14	13.28	13.5	12.92	13.04	2158000	13.04	2349	精华制药	SZ
71	1/17/14	13	13.34	12.85	13.25	2203200	13.25	2349	精华制药	SZ
72	1/16/14	13.1	13.25	12.89	13.07	1428600	13.07	2349	精华制药	SZ
73	1/15/14	12.67	13.2	12.66	13.12	2577500	13.12	2349	精华制药	SZ
74	1/14/14	12.08	12.79	12.03	12.75	2165000	12.75	2349	精华制药	SZ
75	1/13/14	12.41	12.66	12	12.2	1385700	12.2	2349	精华制药	SZ
76	1/10/14	12.89	12.89	12.51	12.54	1295000	12.54	2349	精华制药	SZ
77	1/9/14	13.09	13.4	12.67	12.91	2726400	12.91	2349	精华制药	SZ
78	1/8/14	12.84	13.25	12.68	13.09	2807900	13.09	2349	精华制药	SZ
79	1/7/14	12.49	12.88	12.48	12.79	1547200	12.79	2349	精华制药	SZ
80	1/6/14	13.01	13.37	12.65	12.75	4197600	12.75	2349	精华制药	SZ
81	1/3/14	12.53	13	12.33	13	5401200	13	2349	精华制药	SZ
82	1/2/14	12.54	12.68	12.45	12.56	1416400	12.56	2349	精华制药	SZ
83	1/1/14	12.57	12.57	12.57	12.57	0	12.57	2349	精华制药	SZ
84	12/31/13	12.51	12.6	12.4	12.57	1890400	12.57	2349	精华制药	SZ
85	12/30/13	12.29	12.57	12.25	12.52	2553500	12.52	2349	精华制药	SZ
86	12/27/13	12.15	12.37	12.03	12.32	2209800	12.32	2349	精华制药	SZ
87	12/26/13	12.15	12.16	12	12.02	851200	12.02	2349	精华制药	SZ
88	12/25/13	11.84	12.17	11.73	12.17	1653800	12.17	2349	精华制药	SZ
89	12/24/13	12.03	12.1	11.83	11.88	1201900	11.88	2349	精华制药	SZ
90	12/23/13	11.73	12.28	11.55	12.1	1831100	12.1	2349	精华制药	SZ
91	12/20/13	11.66	11.8	11.61	11.77	522000	11.77	2349	精华制药	SZ
92	12/19/13	11.84	11.89	11.7	11.73	638200	11.73	2349	精华制药	SZ
93	12/18/13	11.92	11.98	11.65	11.74	944900	11.74	2349	精华制药	SZ
94	12/17/13	11.89	12	11.76	11.92	493100	11.92	2349	精华制药	SZ
95	12/16/13	11.99	12.04	11.8	11.85	720500	11.85	2349	精华制药	SZ
96	12/13/13	11.69	12.06	11.61	12.01	800700	12.01	2349	精华制药	SZ
97	12/12/13	11.73	11.95	11.68	11.81	834200	11.81	2349	精华制药	SZ
98	12/11/13	12	12.06	11.75	11.77	1228600	11.77	2349	精华制药	SZ
99	12/10/13	12.26	12.26	11.88	12.12	1482000	12.12	2349	精华制药	SZ
100	12/9/13	12.27	12.3	12.14	12.26	852500	12.26	2349	精华制药	SZ
101	12/6/13	12.23	12.39	12.18	12.27	1074400	12.27	2349	精华制药	SZ
102	12/5/13	12.17	12.35	12.05	12.22	1702200	12.22	2349	精华制药	SZ
103	12/4/13	12.09	12.28	11.9	12.17	1610100	12.17	2349	精华制药	SZ
104	12/3/13	11.9	12.1	11.78	12.08	903200	12.08	2349	精华制药	SZ
105	12/2/13	12.01	12.18	11.82	11.98	2414900	11.98	2349	精华制药	SZ
106	11/29/13	12.25	12.49	12.25	12.33	2034300	12.33	2349	精华制药	SZ
107	11/28/13	12.26	12.4	12.2	12.3	1528400	12.3	2349	精华制药	SZ
108	11/27/13	12.18	12.37	12.16	12.26	1280700	12.26	2349	精华制药	SZ
109	11/26/13	12.27	12.58	12.21	12.27	1641500	12.27	2349	精华制药	SZ
110	11/25/13	11.76	12.35	11.76	12.27	2986200	12.27	2349	精华制药	SZ
111	11/22/13	11.89	11.96	11.75	11.77	893000	11.77	2349	精华制药	SZ
112	11/21/13	11.98	11.98	11.7	11.89	1198800	11.89	2349	精华制药	SZ
113	11/20/13	12.01	12.01	11.77	11.98	1687600	11.98	2349	精华制药	SZ
114	11/19/13	11.94	12.14	11.85	12	1919800	12	2349	精华制药	SZ
115	11/18/13	11.8	12.04	11.69	11.94	2137700	11.94	2349	精华制药	SZ
116	11/15/13	11.53	12.02	11.48	11.8	2131900	11.8	2349	精华制药	SZ
117	11/14/13	11.43	11.6	11.2	11.46	1096900	11.46	2349	精华制药	SZ
118	11/13/13	11.45	11.56	11.3	11.43	1005200	11.43	2349	精华制药	SZ
119	11/12/13	11.49	11.53	11.26	11.5	1466100	11.5	2349	精华制药	SZ
120	11/11/13	11.37	11.61	11	11.57	1377400	11.57	2349	精华制药	SZ
121	11/8/13	11.7	11.7	11.28	11.37	1268900	11.37	2349	精华制药	SZ
122	11/7/13	12.18	12.22	11.7	11.71	1562900	11.71	2349	精华制药	SZ
123	11/6/13	12.49	12.49	12.18	12.18	1383600	12.18	2349	精华制药	SZ
124	11/5/13	12.46	12.52	12.2	12.41	1465600	12.41	2349	精华制药	SZ
125	11/4/13	12.39	12.67	12.39	12.56	456100	12.56	2349	精华制药	SZ
126	11/1/13	12.41	12.55	12.38	12.45	846600	12.45	2349	精华制药	SZ
127	10/31/13	12.71	12.78	12.46	12.47	928200	12.47	2349	精华制药	SZ
128	10/30/13	12.44	12.75	12.35	12.7	1733800	12.7	2349	精华制药	SZ
129	10/29/13	12.8	12.85	12.12	12.4	1655300	12.4	2349	精华制药	SZ
130	10/28/13	12.73	13.08	12.7	12.8	1993300	12.8	2349	精华制药	SZ
131	10/25/13	13.14	13.32	12.61	12.78	3241200	12.78	2349	精华制药	SZ
132	10/24/13	13.38	13.5	13.03	13.14	1729300	13.14	2349	精华制药	SZ
133	10/23/13	13.86	14	13.3	13.39	3681600	13.39	2349	精华制药	SZ
134	10/22/13	13.65	14.16	13.5	14.01	8499400	14.01	2349	精华制药	SZ
135	10/21/13	13.42	14.16	13.42	13.85	16753000	13.85	2349	精华制药	SZ
136	10/18/13	14.3	14.92	14.1	14.66	5711300	14.66	2349	精华制药	SZ
137	10/17/13	13.79	14.32	13.4	14.3	7759100	14.3	2349	精华制药	SZ
138	10/16/13	13.94	13.96	13.54	13.7	2514300	13.7	2349	精华制药	SZ
139	10/15/13	13.59	14.18	13.45	13.99	3927600	13.99	2349	精华制药	SZ
140	10/14/13	13.23	13.63	13.23	13.57	1743200	13.57	2349	精华制药	SZ
141	10/11/13	13.12	13.41	13	13.23	1882100	13.23	2349	精华制药	SZ
142	10/10/13	13.3	13.83	13.16	13.16	2175100	13.16	2349	精华制药	SZ
143	10/9/13	13.15	13.45	13.02	13.3	2505600	13.3	2349	精华制药	SZ
144	10/8/13	13.31	13.31	12.97	13.28	2586600	13.28	2349	精华制药	SZ
145	10/7/13	13.45	13.45	13.45	13.45	0	13.45	2349	精华制药	SZ
146	10/4/13	13.45	13.45	13.45	13.45	0	13.45	2349	精华制药	SZ
147	10/3/13	13.45	13.45	13.45	13.45	0	13.45	2349	精华制药	SZ
148	10/2/13	13.45	13.45	13.45	13.45	0	13.45	2349	精华制药	SZ
149	10/1/13	13.45	13.45	13.45	13.45	0	13.45	2349	精华制药	SZ
150	9/30/13	13.53	13.6	13.17	13.45	2635400	13.45	2349	精华制药	SZ
151	9/27/13	12.81	13.58	12.81	13.55	6227300	13.55	2349	精华制药	SZ
152	9/26/13	12.4	13.04	12.21	12.86	5268200	12.86	2349	精华制药	SZ
153	9/25/13	12.38	12.5	12.17	12.47	1964300	12.47	2349	精华制药	SZ
154	9/24/13	12.35	12.61	12.27	12.47	2813200	12.47	2349	精华制药	SZ
155	9/23/13	12.11	12.38	12.08	12.36	2028500	12.36	2349	精华制药	SZ
156	9/20/13	12.08	12.08	12.08	12.08	0	12.08	2349	精华制药	SZ
157	9/18/13	11.9	12.13	11.9	12.08	708300	12.08	2349	精华制药	SZ
158	9/17/13	12.11	12.11	11.91	11.97	1299700	11.97	2349	精华制药	SZ
159	9/16/13	11.86	12.08	11.81	12.03	1300100	12.03	2349	精华制药	SZ
160	9/13/13	11.96	12.04	11.78	11.86	929400	11.86	2349	精华制药	SZ
161	9/12/13	12.2	12.2	11.88	11.96	1057800	11.96	2349	精华制药	SZ
162	9/11/13	12.15	12.34	12	12.19	2905200	12.19	2349	精华制药	SZ
163	9/10/13	12.1	12.51	11.96	12.34	3996200	12.34	2349	精华制药	SZ
164	9/9/13	11.8	12.53	11.55	12.28	3341500	12.28	2349	精华制药	SZ
165	9/6/13	11.89	11.97	11.79	11.85	1152600	11.85	2349	精华制药	SZ
166	9/5/13	11.59	11.92	11.58	11.89	1388800	11.89	2349	精华制药	SZ
167	9/4/13	11.72	11.73	11.59	11.66	865200	11.66	2349	精华制药	SZ
168	9/3/13	11.33	11.74	11.31	11.64	1188600	11.64	2349	精华制药	SZ
169	9/2/13	11.18	11.38	11.15	11.37	916500	11.37	2349	精华制药	SZ
170	8/30/13	11.7	11.7	11.18	11.26	1437300	11.26	2349	精华制药	SZ
171	8/29/13	11.67	11.79	11.55	11.71	767300	11.71	2349	精华制药	SZ
172	8/28/13	11.86	11.91	11.61	11.65	1554600	11.65	2349	精华制药	SZ
173	8/27/13	12.1	12.1	11.81	11.99	1173700	11.99	2349	精华制药	SZ
174	8/26/13	11.89	12.09	11.77	12.07	1049300	12.07	2349	精华制药	SZ
175	8/23/13	11.98	11.99	11.73	11.84	1337300	11.84	2349	精华制药	SZ
176	8/22/13	11.91	12.05	11.78	11.92	1267900	11.92	2349	精华制药	SZ
177	8/21/13	12.08	12.08	11.8	11.93	1288800	11.93	2349	精华制药	SZ
178	8/20/13	12.2	12.27	11.93	11.98	1390900	11.98	2349	精华制药	SZ
179	8/19/13	12.02	12.33	11.95	12.29	1410200	12.29	2349	精华制药	SZ
180	8/16/13	12.36	12.49	11.85	12.15	2377600	12.15	2349	精华制药	SZ
181	8/15/13	12.63	12.89	12.42	12.46	1357700	12.46	2349	精华制药	SZ
182	8/14/13	12.76	12.83	12.62	12.64	1630900	12.64	2349	精华制药	SZ
183	8/13/13	12.63	12.75	12.57	12.72	1307300	12.72	2349	精华制药	SZ
184	8/12/13	12.58	12.76	12.5	12.63	1649100	12.63	2349	精华制药	SZ
185	8/9/13	12.46	12.7	12.35	12.7	1486900	12.7	2349	精华制药	SZ
186	8/8/13	12.51	12.67	12.34	12.49	1811000	12.49	2349	精华制药	SZ
187	8/7/13	12.76	12.89	12.48	12.48	1814300	12.48	2349	精华制药	SZ
188	8/6/13	12.71	12.89	12.6	12.76	2354000	12.76	2349	精华制药	SZ
189	8/5/13	12.75	12.96	12.55	12.72	3478700	12.72	2349	精华制药	SZ
190	8/2/13	12.43	13.05	12.25	12.92	4778700	12.92	2349	精华制药	SZ
191	8/1/13	12.3	12.45	12.19	12.45	1913400	12.45	2349	精华制药	SZ
192	7/31/13	12.35	12.69	12.18	12.37	1512200	12.37	2349	精华制药	SZ
193	7/30/13	12.5	12.69	12.18	12.34	2075000	12.34	2349	精华制药	SZ
194	7/29/13	12.29	12.79	12.19	12.75	3652100	12.75	2349	精华制药	SZ
195	7/26/13	11.7	12.4	11.65	12.29	3059300	12.29	2349	精华制药	SZ
196	7/25/13	11.9	11.95	11.4	11.7	2300600	11.7	2349	精华制药	SZ
197	7/24/13	11.55	11.95	11.48	11.85	2137800	11.85	2349	精华制药	SZ
198	7/23/13	11.34	11.6	11.28	11.52	1892700	11.52	2349	精华制药	SZ
199	7/22/13	11.1	11.35	11.01	11.34	885800	11.34	2349	精华制药	SZ
200	7/19/13	11.7	11.7	11.15	11.15	1881200	11.15	2349	精华制药	SZ
201	7/18/13	11.71	11.83	11.51	11.7	1122000	11.7	2349	精华制药	SZ
202	7/17/13	11.8	12.08	11.65	11.66	2305500	11.66	2349	精华制药	SZ
203	7/16/13	11.67	11.93	11.53	11.79	1626800	11.79	2349	精华制药	SZ
204	7/15/13	11.4	11.78	11.4	11.65	1423100	11.65	2349	精华制药	SZ
205	7/12/13	11.32	11.63	11.29	11.4	1787900	11.4	2349	精华制药	SZ
206	7/11/13	11.03	11.5	11.03	11.39	1471800	11.39	2349	精华制药	SZ
207	7/10/13	10.66	11.18	10.66	11.15	878900	11.15	2349	精华制药	SZ
208	7/9/13	10.63	10.81	10.63	10.71	675300	10.71	2349	精华制药	SZ
209	7/8/13	11.2	11.2	10.7	10.7	1402700	10.7	2349	精华制药	SZ
210	7/5/13	11.39	11.58	11.25	11.33	866600	11.33	2349	精华制药	SZ
211	7/4/13	11.38	11.6	11.22	11.35	1492100	11.35	2349	精华制药	SZ
212	7/3/13	11.38	11.65	11.07	11.49	2051700	11.49	2349	精华制药	SZ
213	7/2/13	10.95	11.47	10.9	11.39	1481800	11.39	2349	精华制药	SZ
214	7/1/13	10.68	10.98	10.6	10.97	1363100	10.97	2349	精华制药	SZ
215	6/28/13	11	11.27	10.52	10.68	1264400	10.68	2349	精华制药	SZ
216	6/27/13	11.45	11.68	11.08	11.08	1504500	11.03	2349	精华制药	SZ
217	6/26/13	11.07	11.49	11.01	11.44	1337500	11.39	2349	精华制药	SZ
218	6/25/13	11	11.27	10.1	11.09	1745900	11.04	2349	精华制药	SZ
219	6/24/13	12.02	12.07	10.83	11.07	1678500	11.03	2349	精华制药	SZ
220	6/21/13	11.9	12.1	11.6	11.94	1467800	11.89	2349	精华制药	SZ
221	6/20/13	12.42	12.57	11.91	11.99	1887400	11.94	2349	精华制药	SZ
222	6/19/13	12.3	12.57	12.16	12.53	1495100	12.48	2349	精华制药	SZ
223	6/18/13	12.74	12.85	12.19	12.34	4589200	12.29	2349	精华制药	SZ
224	6/17/13	13.19	13.21	12.71	12.75	3040100	12.7	2349	精华制药	SZ
225	6/14/13	12.88	13.26	12.75	13.18	1459500	13.13	2349	精华制药	SZ
226	6/13/13	13.38	13.38	12.61	12.89	2915200	12.84	2349	精华制药	SZ
227	6/12/13	13.49	13.49	13.49	13.49	0	13.44	2349	精华制药	SZ
228	6/11/13	13.49	13.49	13.49	13.49	0	13.44	2349	精华制药	SZ
229	6/10/13	13.49	13.49	13.49	13.49	0	13.44	2349	精华制药	SZ
230	6/7/13	13.88	13.88	13.31	13.49	2412500	13.44	2349	精华制药	SZ
231	6/6/13	13.68	14.1	13.61	13.88	3461800	13.82	2349	精华制药	SZ
232	6/5/13	13.15	13.9	12.89	13.85	2872100	13.79	2349	精华制药	SZ
233	6/4/13	13.68	13.98	13.1	13.2	3313100	13.15	2349	精华制药	SZ
234	6/3/13	13.5	14.12	13.47	13.65	4332200	13.59	2349	精华制药	SZ
235	5/31/13	13.31	13.96	13.23	13.57	4655500	13.51	2349	精华制药	SZ
236	5/30/13	13.27	13.52	13.05	13.31	1933200	13.26	2349	精华制药	SZ
237	5/29/13	13.16	13.34	13.15	13.29	2585800	13.24	2349	精华制药	SZ
238	5/28/13	12.9	13.55	12.81	13.22	5623100	13.17	2349	精华制药	SZ
239	5/27/13	12.56	13	12.53	12.9	3134700	12.85	2349	精华制药	SZ
240	5/24/13	12.34	12.69	12.34	12.6	1779500	12.55	2349	精华制药	SZ
241	5/23/13	12.7	12.76	12.43	12.43	1861200	12.38	2349	精华制药	SZ
242	5/22/13	12.69	12.83	12.33	12.78	2905700	12.73	2349	精华制药	SZ
243	5/21/13	12.68	12.78	12.52	12.71	3100200	12.66	2349	精华制药	SZ
244	5/20/13	13	13.11	12.5	12.8	4217700	12.75	2349	精华制药	SZ
245	5/17/13	12.65	13.14	12.53	12.99	3425000	12.94	2349	精华制药	SZ
246	5/16/13	12.5	12.94	12.38	12.69	3610800	12.64	2349	精华制药	SZ
247	5/15/13	12.74	12.79	12.47	12.72	2448500	12.67	2349	精华制药	SZ
248	5/14/13	12.64	12.99	12.43	12.69	3491600	12.64	2349	精华制药	SZ
249	5/13/13	12.25	12.8	12.21	12.7	4158700	12.65	2349	精华制药	SZ
250	5/10/13	12.5	12.53	12.16	12.3	3013900	12.25	2349	精华制药	SZ
251	5/9/13	11.83	12.5	11.8	12.49	5220300	12.44	2349	精华制药	SZ
252	5/8/13	11.84	11.93	11.64	11.79	2080500	11.74	2349	精华制药	SZ
253	5/7/13	11.73	11.79	11.51	11.79	2204100	11.74	2349	精华制药	SZ
254	5/6/13	11.81	11.93	11.57	11.79	2613800	11.74	2349	精华制药	SZ
255	5/3/13	11.48	11.83	11.48	11.73	2196700	11.68	2349	精华制药	SZ
256	5/2/13	11.4	11.62	11.15	11.49	2056300	11.44	2349	精华制药	SZ
257	5/1/13	11.48	11.48	11.48	11.48	0	11.43	2349	精华制药	SZ
258	4/30/13	11.48	11.48	11.48	11.48	0	11.43	2349	精华制药	SZ
259	4/29/13	11.48	11.48	11.48	11.48	0	11.43	2349	精华制药	SZ
260	4/26/13	11.85	12.07	11.45	11.48	3524800	11.43	2349	精华制药	SZ
261	4/25/13	12.44	12.75	11.85	11.85	7907400	11.8	2349	精华制药	SZ
262	4/24/13	12.21	12.88	11.92	12.5	11057800	12.45	2349	精华制药	SZ
263	4/23/13	11.62	12.99	11.56	12.45	14369500	12.4	2349	精华制药	SZ
264	4/22/13	12.01	12.01	11.22	11.81	10380300	11.76	2349	精华制药	SZ
265	4/19/13	10.92	10.92	10.92	10.92	0	10.88	2349	精华制药	SZ
266	4/18/13	10.92	10.92	10.92	10.92	0	10.88	2349	精华制药	SZ
267	4/17/13	10.92	10.92	10.92	10.92	0	10.88	2349	精华制药	SZ
268	4/16/13	10.92	10.92	10.92	10.92	0	10.88	2349	精华制药	SZ
269	4/15/13	10.92	10.92	10.92	10.92	0	10.88	2349	精华制药	SZ
270	4/12/13	10.92	10.92	10.92	10.92	0	10.88	2349	精华制药	SZ
271	4/11/13	10.92	10.92	10.92	10.92	0	10.88	2349	精华制药	SZ
272	4/10/13	10.92	10.92	10.92	10.92	0	10.88	2349	精华制药	SZ
273	4/9/13	10.92	10.92	10.92	10.92	0	10.88	2349	精华制药	SZ
274	4/8/13	10.92	10.92	10.92	10.92	0	10.88	2349	精华制药	SZ
275	4/5/13	10.92	10.92	10.92	10.92	0	10.88	2349	精华制药	SZ
276	4/4/13	10.92	10.92	10.92	10.92	0	10.88	2349	精华制药	SZ
277	4/3/13	10.76	11.2	10.75	10.92	1934100	10.88	2349	精华制药	SZ
278	4/2/13	11.25	11.38	10.8	10.83	2150200	10.79	2349	精华制药	SZ
279	4/1/13	11.02	11.38	11.02	11.27	2384400	11.22	2349	精华制药	SZ
280	3/29/13	10.91	11.1	10.77	10.91	1391000	10.87	2349	精华制药	SZ
281	3/28/13	11.04	11.16	10.74	10.94	1543300	10.9	2349	精华制药	SZ
282	3/27/13	10.91	11.15	10.9	11.15	1784300	11.1	2349	精华制药	SZ
283	3/26/13	11.27	11.27	10.85	10.9	1879500	10.86	2349	精华制药	SZ
284	3/25/13	11.38	11.5	11.25	11.27	1173400	11.22	2349	精华制药	SZ
285	3/22/13	11.3	11.5	11.28	11.36	1777300	11.31	2349	精华制药	SZ
286	3/21/13	11.01	11.34	11	11.3	1742400	11.25	2349	精华制药	SZ
287	3/20/13	10.8	11.14	10.71	11.09	1801300	11.04	2349	精华制药	SZ
288	3/19/13	10.8	10.95	10.56	10.78	1169200	10.74	2349	精华制药	SZ
289	3/18/13	11	11.18	10.82	10.85	1795600	10.81	2349	精华制药	SZ
290	3/15/13	10.88	11.21	10.41	10.83	1862400	10.79	2349	精华制药	SZ
291	3/14/13	10.66	10.9	10.6	10.85	1097000	10.81	2349	精华制药	SZ
292	3/13/13	10.61	10.91	10.49	10.68	1256700	10.64	2349	精华制药	SZ
293	3/12/13	11.4	11.4	10.59	10.78	2655100	10.74	2349	精华制药	SZ
294	3/11/13	11.52	11.54	11.16	11.24	2217900	11.19	2349	精华制药	SZ
295	3/8/13	11.7	11.96	11.5	11.52	2016800	11.47	2349	精华制药	SZ
296	3/7/13	11.82	12.15	11.5	11.72	4105400	11.67	2349	精华制药	SZ
297	3/6/13	11.6	11.96	11.55	11.8	4428900	11.75	2349	精华制药	SZ
298	3/5/13	11.24	11.65	11.11	11.55	3259800	11.5	2349	精华制药	SZ
299	3/4/13	11.5	11.96	11.16	11.25	4654100	11.2	2349	精华制药	SZ
300	3/1/13	11.41	11.85	11.22	11.66	4153800	11.61	2349	精华制药	SZ
301	2/28/13	11.36	11.48	11.15	11.45	3686600	11.4	2349	精华制药	SZ
302	2/27/13	11.53	11.69	11.1	11.36	3909800	11.31	2349	精华制药	SZ
303	2/26/13	12.18	12.18	11.45	11.51	6991100	11.46	2349	精华制药	SZ
304	2/25/13	10.83	11.87	10.78	11.87	5925600	11.82	2349	精华制药	SZ
305	2/22/13	11.09	11.09	10.68	10.79	3149800	10.75	2349	精华制药	SZ
306	2/21/13	11.45	11.55	10.8	11.04	4850300	11	2349	精华制药	SZ
307	2/20/13	11.1	11.58	11.03	11.49	5818900	11.44	2349	精华制药	SZ
308	2/19/13	10.6	11.59	10.55	11.23	7124200	11.18	2349	精华制药	SZ
309	2/18/13	10.6	10.9	10.56	10.61	3217900	10.57	2349	精华制药	SZ
310	2/15/13	10.53	10.53	10.53	10.53	0	10.49	2349	精华制药	SZ
311	2/14/13	10.53	10.53	10.53	10.53	0	10.49	2349	精华制药	SZ
312	2/13/13	10.53	10.53	10.53	10.53	0	10.49	2349	精华制药	SZ
313	2/12/13	10.53	10.53	10.53	10.53	0	10.49	2349	精华制药	SZ
314	2/11/13	10.53	10.53	10.53	10.53	0	10.49	2349	精华制药	SZ
315	2/8/13	10.34	10.6	10.24	10.53	2516200	10.49	2349	精华制药	SZ
316	2/7/13	10.25	10.41	10.18	10.28	1578800	10.24	2349	精华制药	SZ
317	2/6/13	9.94	10.34	9.94	10.27	2672400	10.23	2349	精华制药	SZ
318	2/5/13	10.07	10.07	9.87	10.04	954300	10	2349	精华制药	SZ
319	2/4/13	9.96	10.16	9.96	10.09	1590700	10.05	2349	精华制药	SZ
320	2/1/13	9.87	10.08	9.87	9.94	1102600	9.9	2349	精华制药	SZ
321	1/31/13	9.98	9.99	9.79	9.95	1028800	9.91	2349	精华制药	SZ
322	1/30/13	10.12	10.2	9.93	10.01	1820700	9.97	2349	精华制药	SZ
323	1/29/13	10.18	10.27	10.1	10.18	1363700	10.14	2349	精华制药	SZ
324	1/28/13	9.89	10.18	9.81	10.16	1528100	10.12	2349	精华制药	SZ
325	1/25/13	9.75	9.95	9.71	9.8	840100	9.76	2349	精华制药	SZ
326	1/24/13	10.1	10.23	9.76	9.84	1903200	9.8	2349	精华制药	SZ
327	1/23/13	10.05	10.22	9.98	10.16	1348300	10.12	2349	精华制药	SZ
328	1/22/13	10.43	10.43	10.05	10.07	2317500	10.03	2349	精华制药	SZ
329	1/21/13	10.5	10.51	10.33	10.42	1775100	10.38	2349	精华制药	SZ
330	1/18/13	10.4	10.46	10.25	10.41	2265800	10.37	2349	精华制药	SZ
331	1/17/13	10.22	10.43	10.07	10.41	3966600	10.37	2349	精华制药	SZ
332	1/16/13	10.25	10.35	9.9	10.19	2897600	10.15	2349	精华制药	SZ
333	1/15/13	10.15	10.38	10.07	10.3	3425400	10.26	2349	精华制药	SZ
334	1/14/13	9.71	10.15	9.7	10.09	3370900	10.05	2349	精华制药	SZ
335	1/11/13	10.09	10.11	9.71	9.74	2528900	9.7	2349	精华制药	SZ
336	1/10/13	10.06	10.12	9.96	10.08	1613400	10.04	2349	精华制药	SZ
337	1/9/13	10.28	10.28	9.96	10.06	2968300	10.02	2349	精华制药	SZ
338	1/8/13	9.82	10.34	9.75	10.3	5649000	10.26	2349	精华制药	SZ
339	1/7/13	9.42	9.84	9.42	9.8	3396100	9.76	2349	精华制药	SZ
340	1/4/13	9.5	9.54	9.29	9.36	1309400	9.32	2349	精华制药	SZ
341	1/3/13	9.51	9.51	9.51	9.51	0	9.47	2349	精华制药	SZ
342	1/2/13	9.51	9.51	9.51	9.51	0	9.47	2349	精华制药	SZ
343	1/1/13	9.51	9.51	9.51	9.51	0	9.47	2349	精华制药	SZ
344	12/31/12	9.45	9.55	9.37	9.51	1493100	9.47	2349	精华制药	SZ
345	12/28/12	9.4	9.54	9.36	9.49	1501100	9.45	2349	精华制药	SZ
346	12/27/12	9.64	9.76	9.44	9.46	2211400	9.42	2349	精华制药	SZ
347	12/26/12	9.5	9.63	9.35	9.62	2445600	9.58	2349	精华制药	SZ
348	12/25/12	9.42	9.63	9.36	9.53	2824800	9.49	2349	精华制药	SZ
349	12/24/12	9.15	9.55	9.05	9.44	3157400	9.4	2349	精华制药	SZ
350	12/21/12	9.01	9.24	8.93	9.15	2115300	9.11	2349	精华制药	SZ
351	12/20/12	9.15	9.15	8.9	9.01	1746800	8.97	2349	精华制药	SZ
352	12/19/12	9.12	9.23	9.02	9.15	1372400	9.11	2349	精华制药	SZ
353	12/18/12	9.01	9.34	9.01	9.12	2096300	9.08	2349	精华制药	SZ
354	12/17/12	8.88	9.13	8.82	9.08	1836600	9.04	2349	精华制药	SZ
355	12/14/12	8.53	8.95	8.45	8.88	1865500	8.84	2349	精华制药	SZ
356	12/13/12	8.7	9.02	8.57	8.58	1181100	8.55	2349	精华制药	SZ
357	12/12/12	8.78	8.87	8.6	8.78	882400	8.74	2349	精华制药	SZ
358	12/11/12	8.98	8.98	8.73	8.81	1206500	8.77	2349	精华制药	SZ
359	12/10/12	8.74	9.08	8.6	8.97	1758500	8.93	2349	精华制药	SZ
360	12/7/12	8.41	8.69	8.31	8.68	1852900	8.64	2349	精华制药	SZ
361	12/6/12	8.53	8.57	8.36	8.41	1278700	8.38	2349	精华制药	SZ
362	12/5/12	8.2	8.57	8.2	8.53	2719400	8.5	2349	精华制药	SZ
363	12/4/12	8.24	8.3	7.9	8.25	1414700	8.22	2349	精华制药	SZ
364	12/3/12	8.7	8.74	8.25	8.29	729000	8.26	2349	精华制药	SZ
365	11/30/12	8.56	8.79	8.5	8.7	512300	8.66	2349	精华制药	SZ
366	11/29/12	8.69	8.75	8.5	8.6	592500	8.57	2349	精华制药	SZ
367	11/28/12	9.19	9.19	8.56	8.69	1259700	8.65	2349	精华制药	SZ
368	11/27/12	9.7	9.7	9.12	9.24	1499400	9.2	2349	精华制药	SZ
369	11/26/12	9.88	9.88	9.69	9.78	377900	9.74	2349	精华制药	SZ
370	11/23/12	9.82	9.89	9.72	9.8	533000	9.76	2349	精华制药	SZ
371	11/22/12	9.98	10	9.74	9.83	530700	9.79	2349	精华制药	SZ
372	11/21/12	9.9	10.06	9.79	10.04	606700	10	2349	精华制药	SZ
373	11/20/12	9.98	10.18	9.9	9.9	759100	9.86	2349	精华制药	SZ
374	11/19/12	9.98	9.99	9.75	9.9	480800	9.86	2349	精华制药	SZ
375	11/16/12	10.03	10.03	9.82	9.99	540000	9.95	2349	精华制药	SZ
376	11/15/12	10.18	10.19	9.94	10.05	830900	10.01	2349	精华制药	SZ
377	11/14/12	10.12	10.23	10.11	10.22	396400	10.18	2349	精华制药	SZ
378	11/13/12	10.27	10.35	10.12	10.13	634800	10.09	2349	精华制药	SZ
379	11/12/12	10.3	10.36	10.18	10.27	565900	10.23	2349	精华制药	SZ
380	11/9/12	10.3	10.34	10.14	10.2	732700	10.16	2349	精华制药	SZ
381	11/8/12	10.45	10.45	10.22	10.23	1652200	10.19	2349	精华制药	SZ
382	11/7/12	10.75	10.78	10.5	10.57	1761800	10.53	2349	精华制药	SZ
383	11/6/12	10.95	10.95	10.59	10.78	1041200	10.74	2349	精华制药	SZ
384	11/5/12	11.1	11.1	10.79	10.9	971900	10.86	2349	精华制药	SZ
385	11/2/12	10.99	11.16	10.94	11.01	1492900	10.97	2349	精华制药	SZ
386	11/1/12	10.75	10.93	10.73	10.9	1528500	10.86	2349	精华制药	SZ
387	10/31/12	10.76	10.76	10.6	10.76	514400	10.72	2349	精华制药	SZ
388	10/30/12	10.81	10.81	10.6	10.76	562300	10.72	2349	精华制药	SZ
389	10/29/12	10.71	10.78	10.62	10.78	457600	10.74	2349	精华制药	SZ
390	10/26/12	10.89	10.89	10.5	10.75	954700	10.71	2349	精华制药	SZ
391	10/25/12	11	11.05	10.74	10.86	905700	10.82	2349	精华制药	SZ
392	10/24/12	11.15	11.15	10.89	10.94	1418000	10.9	2349	精华制药	SZ
393	10/23/12	11.37	11.37	11.01	11.15	1550300	11.1	2349	精华制药	SZ
394	10/22/12	11.3	11.34	11.14	11.32	790300	11.27	2349	精华制药	SZ
395	10/19/12	11.42	11.45	11.2	11.3	1369700	11.25	2349	精华制药	SZ
396	10/18/12	11.22	11.42	11.1	11.38	1700800	11.33	2349	精华制药	SZ
397	10/17/12	11.29	11.35	11.03	11.2	1198100	11.15	2349	精华制药	SZ
398	10/16/12	11.14	11.53	11	11.3	3336800	11.25	2349	精华制药	SZ
399	10/15/12	10.86	11.14	10.8	11.14	1141100	11.09	2349	精华制药	SZ
400	10/12/12	10.99	11.13	10.68	10.86	1069900	10.82	2349	精华制药	SZ
401	10/11/12	11.15	11.39	10.88	10.92	1672700	10.88	2349	精华制药	SZ
402	10/10/12	11	11.23	10.96	11.13	1260200	11.08	2349	精华制药	SZ
403	10/9/12	10.64	11.18	10.64	11.12	1757700	11.07	2349	精华制药	SZ
404	10/8/12	10.72	10.75	10.55	10.62	973700	10.58	2349	精华制药	SZ
405	10/5/12	10.63	10.63	10.63	10.63	0	10.59	2349	精华制药	SZ
406	10/4/12	10.63	10.63	10.63	10.63	0	10.59	2349	精华制药	SZ
407	10/3/12	10.63	10.63	10.63	10.63	0	10.59	2349	精华制药	SZ
408	10/2/12	10.63	10.63	10.63	10.63	0	10.59	2349	精华制药	SZ
409	10/1/12	10.63	10.63	10.63	10.63	0	10.59	2349	精华制药	SZ
410	9/28/12	10.45	10.66	10.34	10.63	1118000	10.59	2349	精华制药	SZ
411	9/27/12	10.21	10.52	10.1	10.45	1239500	10.41	2349	精华制药	SZ
412	9/26/12	10.72	10.85	10.18	10.22	1064200	10.18	2349	精华制药	SZ
413	9/25/12	10.67	10.81	10.55	10.8	1173800	10.76	2349	精华制药	SZ
414	9/24/12	10.5	10.76	10.45	10.66	958000	10.62	2349	精华制药	SZ
415	9/21/12	10.75	10.95	10.56	10.63	1053800	10.59	2349	精华制药	SZ
416	9/20/12	11.16	11.23	10.7	10.76	1421100	10.72	2349	精华制药	SZ
417	9/19/12	11.3	11.31	11.1	11.22	1152300	11.17	2349	精华制药	SZ
418	9/18/12	11.36	11.36	11.07	11.3	2361200	11.25	2349	精华制药	SZ
419	9/17/12	12.05	12.09	11.35	11.4	2062500	11.35	2349	精华制药	SZ
420	9/14/12	11.98	12.15	11.95	12.02	2214500	11.97	2349	精华制药	SZ
421	9/13/12	12.14	12.19	11.95	11.95	1650500	11.9	2349	精华制药	SZ
422	9/12/12	12.1	12.43	11.98	12.14	2192600	12.09	2349	精华制药	SZ
423	9/11/12	11.96	12.25	11.95	12.01	2207200	11.96	2349	精华制药	SZ
424	9/10/12	12.09	12.19	11.92	12.07	2393600	12.02	2349	精华制药	SZ
425	9/7/12	11.65	12.2	11.58	12.07	3862200	12.02	2349	精华制药	SZ
426	9/6/12	11.32	11.64	11.27	11.5	2005300	11.45	2349	精华制药	SZ
427	9/5/12	11.21	11.34	11.01	11.25	1234500	11.2	2349	精华制药	SZ
428	9/4/12	11.3	11.58	11.25	11.36	1598500	11.31	2349	精华制药	SZ
429	9/3/12	11.01	11.27	11	11.24	1307100	11.19	2349	精华制药	SZ
430	8/31/12	11.22	11.3	10.9	11.13	1018800	11.08	2349	精华制药	SZ
431	8/30/12	11.74	11.83	10.6	11.25	2219900	11.2	2349	精华制药	SZ
432	8/29/12	11.81	12.07	11.7	11.71	896200	11.66	2349	精华制药	SZ
433	8/28/12	11.63	12.02	11.63	11.86	1245100	11.81	2349	精华制药	SZ
434	8/27/12	11.76	11.84	11.58	11.68	1792500	11.63	2349	精华制药	SZ
435	8/24/12	12.2	12.29	11.89	11.89	1792400	11.84	2349	精华制药	SZ
436	8/23/12	12.28	12.38	12.09	12.21	1610300	12.16	2349	精华制药	SZ
437	8/22/12	12.55	12.6	12.24	12.3	2948400	12.25	2349	精华制药	SZ
438	8/21/12	12.29	12.61	12.18	12.56	4629500	12.51	2349	精华制药	SZ
439	8/20/12	11.9	12.36	11.5	12.32	2611400	12.27	2349	精华制药	SZ
440	8/17/12	11.85	11.98	11.79	11.97	1541100	11.92	2349	精华制药	SZ
441	8/16/12	12.09	12.19	11.86	11.91	2152600	11.86	2349	精华制药	SZ
442	8/15/12	12.5	12.54	12.1	12.14	2155500	12.09	2349	精华制药	SZ
443	8/14/12	12.6	12.67	12.01	12.54	3041500	12.49	2349	精华制药	SZ
444	8/13/12	12.79	13.1	12.46	12.61	4783100	12.56	2349	精华制药	SZ
445	8/10/12	12.71	12.87	12.42	12.71	6250900	12.66	2349	精华制药	SZ
446	8/9/12	11.85	12.76	11.78	12.7	6188900	12.65	2349	精华制药	SZ
447	8/8/12	12.23	12.23	11.8	11.85	3637700	11.8	2349	精华制药	SZ
448	8/7/12	12.5	12.52	11.97	12.23	5402400	12.18	2349	精华制药	SZ
449	8/6/12	12.22	12.58	12.06	12.56	3421100	12.51	2349	精华制药	SZ
450	8/3/12	12.03	12.29	11.87	12.25	3385000	12.2	2349	精华制药	SZ
451	8/2/12	11.75	12.39	11.71	12.1	5689300	12.05	2349	精华制药	SZ
452	8/1/12	11.5	11.83	11.45	11.73	2731600	11.68	2349	精华制药	SZ
453	7/31/12	11.39	11.66	11.03	11.5	3101900	11.45	2349	精华制药	SZ
454	7/30/12	12.15	12.35	11.4	11.46	4622600	11.41	2349	精华制药	SZ
455	7/27/12	12.68	12.99	12.25	12.33	3746200	12.28	2349	精华制药	SZ
456	7/26/12	12.98	12.98	12.59	12.59	3233200	12.54	2349	精华制药	SZ
457	7/25/12	13.19	13.27	12.86	12.89	3038500	12.84	2349	精华制药	SZ
458	7/24/12	12.81	13.59	12.61	13.27	3884800	13.22	2349	精华制药	SZ
459	7/23/12	13.38	13.48	12.92	12.98	4044500	12.93	2349	精华制药	SZ
460	7/20/12	13.65	14.05	13.5	13.68	4836700	13.62	2349	精华制药	SZ
461	7/19/12	13.85	14.11	13.5	13.79	5246900	13.73	2349	精华制药	SZ
462	7/18/12	13.95	14.1	13.29	14.01	7092800	13.95	2349	精华制药	SZ
463	7/17/12	14.28	14.55	13.23	14.04	8706600	13.98	2349	精华制药	SZ
464	7/16/12	13.53	14.87	13.25	14.7	14272400	14.64	2349	精华制药	SZ
465	7/13/12	13.52	13.99	13.37	13.54	4940200	13.49	2349	精华制药	SZ
466	7/12/12	13.3	13.89	12.94	13.68	7529800	13.62	2349	精华制药	SZ
467	7/11/12	12.8	13.44	12.74	13.3	5047000	13.25	2349	精华制药	SZ
468	7/10/12	13.4	13.4	12.8	12.95	5586600	12.9	2349	精华制药	SZ
469	7/9/12	14.3	14.59	13.52	13.58	8243800	13.52	2349	精华制药	SZ
470	7/6/12	14.15	14.7	13.5	14.6	10334300	14.54	2349	精华制药	SZ
471	7/5/12	14.64	14.64	14.05	14.06	7404200	14	2349	精华制药	SZ
472	7/4/12	14.48	14.84	14.32	14.71	8990600	14.65	2349	精华制药	SZ
473	7/3/12	14.9	15.2	14.53	14.62	14804400	14.56	2349	精华制药	SZ
474	7/2/12	15.39	15.79	14.71	15.21	19585800	15.15	2349	精华制药	SZ
475	6/29/12	13.6	14.99	13.51	14.99	21114500	14.93	2349	精华制药	SZ
476	6/28/12	12.98	13.8	12.88	13.63	12372100	13.57	2349	精华制药	SZ
477	6/27/12	13.15	14.5	12.38	13.3	16272600	13.25	2349	精华制药	SZ
478	6/26/12	12.78	13.4	12.3	13.27	10067100	13.22	2349	精华制药	SZ
479	6/25/12	12.99	13.68	12.56	13.15	13448300	13.1	2349	精华制药	SZ
480	6/22/12	13.12	13.12	13.12	13.12	0	13.07	2349	精华制药	SZ
481	6/21/12	13.3	13.37	12.95	13.12	9161500	13.07	2349	精华制药	SZ
482	6/20/12	13.81	13.82	13.14	13.43	16067900	13.38	2349	精华制药	SZ
483	6/19/12	12.9	13.82	12.76	13.82	22563200	13.76	2349	精华制药	SZ
484	6/18/12	11.7	12.56	11.63	12.56	13959000	12.51	2349	精华制药	SZ
485	6/15/12	10.54	11.42	10.48	11.42	5755400	11.37	2349	精华制药	SZ
486	6/14/12	10.42	10.65	10.34	10.38	2158500	10.34	2349	精华制药	SZ
487	6/13/12	10.17	10.49	10.12	10.48	3278100	10.44	2349	精华制药	SZ
488	6/12/12	10.02	10.32	9.83	10.12	1208800	10.08	2349	精华制药	SZ
489	6/11/12	10	10.14	9.44	10.08	1241800	10.04	2349	精华制药	SZ
490	6/8/12	10	10	10	10	0	9.96	2349	精华制药	SZ
491	6/7/12	10.29	10.34	9.99	10	1218100	9.96	2349	精华制药	SZ
492	6/6/12	10.3	10.34	10.06	10.11	1062200	10.07	2349	精华制药	SZ
493	6/5/12	10.21	10.42	10.15	10.3	1640400	10.26	2349	精华制药	SZ
494	6/4/12	10.2	10.36	10.03	10.35	1348600	10.31	2349	精华制药	SZ
495	6/1/12	10.37	10.53	10.31	10.39	1191500	10.35	2349	精华制药	SZ
496	5/31/12	10.39	10.47	10.26	10.37	1251600	10.33	2349	精华制药	SZ
497	5/30/12	10.24	10.46	10.18	10.39	1210200	10.35	2349	精华制药	SZ
498	5/29/12	10.1	10.27	10.08	10.16	1738900	10.12	2349	精华制药	SZ
499	5/28/12	10.06	10.14	9.96	10.1	1399300	10.06	2349	精华制药	SZ
500	5/25/12	10.5	10.55	10.07	10.14	1410000	10.1	2349	精华制药	SZ
501	5/24/12	10.55	10.7	10.49	10.52	568900	10.48	2349	精华制药	SZ
502	5/23/12	10.66	10.72	10.51	10.68	703900	10.64	2349	精华制药	SZ
503	5/22/12	10.45	10.73	10.45	10.69	1009700	10.65	2349	精华制药	SZ
504	5/21/12	10.44	10.6	10.06	10.44	1129900	10.4	2349	精华制药	SZ
505	5/18/12	10.77	10.98	10	10.46	1446000	10.42	2349	精华制药	SZ
506	5/17/12	10.92	11.17	10.9	10.94	1274800	10.9	2349	精华制药	SZ
507	5/16/12	11.08	11.2	10.92	10.93	1713000	10.89	2349	精华制药	SZ
508	5/15/12	11.18	11.27	10.88	11.11	1949900	11.06	2349	精华制药	SZ
509	5/14/12	11.11	11.51	10.87	11.28	3833500	11.23	2349	精华制药	SZ
510	5/11/12	10.7	11.21	10.67	11.06	2948600	11.02	2349	精华制药	SZ
511	5/10/12	10.51	10.78	10.47	10.7	1332700	10.66	2349	精华制药	SZ
512	5/9/12	10.8	10.8	10.53	10.56	1649000	10.52	2349	精华制药	SZ
513	5/8/12	11.06	11.28	10.85	10.86	1999800	10.82	2349	精华制药	SZ
514	5/7/12	10.6	11.11	10.6	11.08	2431800	11.03	2349	精华制药	SZ
515	5/4/12	10.6	10.81	10.5	10.7	1567800	10.66	2349	精华制药	SZ
516	5/3/12	10.21	10.57	10.2	10.56	1636500	10.52	2349	精华制药	SZ
517	5/2/12	10.49	10.49	10.16	10.25	934300	10.21	2349	精华制药	SZ
518	5/1/12	10.31	10.31	10.31	10.31	0	5.09	2349	精华制药	SZ
519	4/30/12	10.31	10.31	10.31	10.31	0	5.09	2349	精华制药	SZ
520	4/27/12	10.48	10.57	10.26	10.31	852900	5.09	2349	精华制药	SZ
521	4/26/12	10.46	10.59	10.35	10.44	861000	5.15	2349	精华制药	SZ
522	4/25/12	10.53	10.56	10.35	10.51	935200	5.19	2349	精华制药	SZ
523	4/24/12	10.3	10.65	10.25	10.54	1505900	5.2	2349	精华制药	SZ
524	4/23/12	10.5	10.6	10.26	10.3	689000	5.08	2349	精华制药	SZ
525	4/20/12	10.59	10.68	10.35	10.49	752200	5.18	2349	精华制药	SZ
526	4/19/12	10.23	10.69	10.16	10.61	1939400	5.24	2349	精华制药	SZ
527	4/18/12	10.03	10.23	9.94	10.22	1053400	5.04	2349	精华制药	SZ
528	4/17/12	10.03	10.03	9.89	9.97	401900	4.92	2349	精华制药	SZ
529	4/16/12	10.14	10.14	9.95	9.97	572900	4.92	2349	精华制药	SZ
530	4/13/12	10.28	10.28	10.08	10.15	488400	5.01	2349	精华制药	SZ
531	4/12/12	10	10.21	9.96	10.2	810600	5.03	2349	精华制药	SZ
532	4/11/12	9.99	10.07	9.81	10.05	384000	4.96	2349	精华制药	SZ
533	4/10/12	9.94	10.05	9.69	10.05	402100	4.96	2349	精华制药	SZ
534	4/9/12	10.1	10.15	9.91	9.94	377000	4.91	2349	精华制药	SZ
535	4/6/12	9.73	10.19	9.73	10.1	857900	4.99	2349	精华制药	SZ
536	4/5/12	9.53	9.84	9.53	9.76	532700	4.82	2349	精华制药	SZ
537	4/4/12	9.53	9.53	9.53	9.53	0	4.7	2349	精华制药	SZ
538	4/3/12	9.53	9.53	9.53	9.53	0	4.7	2349	精华制药	SZ
539	4/2/12	9.53	9.53	9.53	9.53	0	4.7	2349	精华制药	SZ
540	3/30/12	9.62	9.82	9.38	9.53	511100	4.7	2349	精华制药	SZ
541	3/29/12	9.75	9.85	9.52	9.65	1022500	4.76	2349	精华制药	SZ
542	3/28/12	10.33	10.33	10.33	10.33	0	5.1	2349	精华制药	SZ
543	3/27/12	10.48	10.48	10.28	10.33	643000	5.1	2349	精华制药	SZ
544	3/26/12	10.41	10.41	10.14	10.34	761000	5.1	2349	精华制药	SZ
545	3/23/12	10.69	10.76	10.26	10.36	1367900	5.12	2349	精华制药	SZ
546	3/22/12	10.85	10.9	10.7	10.75	702200	5.31	2349	精华制药	SZ
547	3/21/12	10.68	10.94	10.64	10.93	1430000	5.39	2349	精华制药	SZ
548	3/20/12	11.06	11.1	10.6	10.63	1610000	5.25	2349	精华制药	SZ
549	3/19/12	11.1	11.4	11.05	11.12	2887300	5.49	2349	精华制药	SZ
550	3/16/12	10.54	11.1	10.52	11.09	2766900	5.47	2349	精华制药	SZ
551	3/15/12	10.27	10.68	10.04	10.55	2033800	5.21	2349	精华制药	SZ
552	3/14/12	10.76	10.94	10.27	10.27	3475200	5.07	2349	精华制药	SZ
553	3/13/12	10.82	10.82	10.62	10.7	1481800	5.28	2349	精华制药	SZ
554	3/12/12	10.68	10.81	10.53	10.81	2673700	5.34	2349	精华制药	SZ
555	3/9/12	10.35	10.74	10.35	10.65	3428600	5.25	2349	精华制药	SZ
556	3/8/12	10.32	10.38	10.25	10.33	1199200	5.1	2349	精华制药	SZ
557	3/7/12	10.13	10.38	10.06	10.24	1171000	5.05	2349	精华制药	SZ
558	3/6/12	10.34	10.34	10.07	10.23	1091500	5.05	2349	精华制药	SZ
559	3/5/12	10.4	10.45	10.31	10.35	1737200	5.11	2349	精华制药	SZ
560	3/2/12	10.2	10.42	10.18	10.35	1641600	5.11	2349	精华制药	SZ
561	3/1/12	10.1	10.27	10.1	10.18	1265600	5.02	2349	精华制药	SZ
562	2/29/12	10.35	10.48	10.18	10.19	1866500	5.03	2349	精华制药	SZ
563	2/28/12	10.68	10.75	10.3	10.43	3787400	5.15	2349	精华制药	SZ
564	2/27/12	11.14	11.19	10.76	10.81	7468100	5.33	2349	精华制药	SZ
565	2/24/12	10.66	10.75	10.66	10.71	1056500	5.29	2349	精华制药	SZ
566	2/23/12	10.55	10.73	10.55	10.7	1108300	5.28	2349	精华制药	SZ
567	2/22/12	10.3	10.65	10.3	10.6	1201800	5.23	2349	精华制药	SZ
568	2/21/12	9.97	10.4	9.89	10.35	1824000	5.11	2349	精华制药	SZ
569	2/20/12	9.98	10.03	9.78	9.97	1356300	4.92	2349	精华制药	SZ
570	2/17/12	9.89	9.89	9.63	9.78	1671100	4.83	2349	精华制药	SZ
571	2/16/12	10	10	9.76	9.9	934900	4.88	2349	精华制药	SZ
572	2/15/12	9.84	9.98	9.63	9.95	1489900	4.91	2349	精华制药	SZ
573	2/14/12	9.8	9.81	9.66	9.77	768500	4.83	2349	精华制药	SZ
574	2/13/12	9.69	9.94	9.46	9.82	1984500	4.85	2349	精华制药	SZ
575	2/10/12	9.48	9.75	9.44	9.74	3196300	4.81	2349	精华制药	SZ
576	2/9/12	9.15	9.55	9.09	9.48	2204100	4.68	2349	精华制药	SZ
577	2/8/12	8.63	9.25	8.63	9.25	1888200	4.57	2349	精华制药	SZ
578	2/7/12	8.8	8.8	8.64	8.72	783200	4.3	2349	精华制药	SZ
579	2/6/12	8.69	8.94	8.65	8.85	1338000	4.37	2349	精华制药	SZ
580	2/3/12	8.44	8.76	8.33	8.72	1474600	4.3	2349	精华制药	SZ
581	2/2/12	8.3	8.45	8.27	8.44	961200	4.17	2349	精华制药	SZ
582	2/1/12	8.2	8.39	8.16	8.27	1017800	4.08	2349	精华制药	SZ
583	1/31/12	8.28	8.31	8.16	8.24	399000	4.07	2349	精华制药	SZ
584	1/30/12	8.43	8.44	8.15	8.27	596100	4.08	2349	精华制药	SZ
585	1/27/12	8.44	8.44	8.44	8.44	0	4.16	2349	精华制药	SZ
586	1/26/12	8.44	8.44	8.44	8.44	0	4.16	2349	精华制药	SZ
587	1/25/12	8.44	8.44	8.44	8.44	0	4.16	2349	精华制药	SZ
588	1/24/12	8.44	8.44	8.44	8.44	0	4.16	2349	精华制药	SZ
589	1/23/12	8.44	8.44	8.44	8.44	0	4.16	2349	精华制药	SZ
590	1/20/12	8.13	8.44	8.01	8.44	1371500	4.16	2349	精华制药	SZ
591	1/19/12	7.88	8.14	7.75	8.1	869300	4	2349	精华制药	SZ
592	1/18/12	8.26	8.4	7.84	7.85	1664200	3.87	2349	精华制药	SZ
593	1/17/12	8.06	8.43	7.7	8.35	1869000	4.12	2349	精华制药	SZ
594	1/16/12	8.5	8.69	8.04	8.04	1105100	3.97	2349	精华制药	SZ
595	1/13/12	9.38	9.43	8.58	8.65	1298400	4.27	2349	精华制药	SZ
596	1/12/12	9.56	9.73	9.38	9.47	547400	4.67	2349	精华制药	SZ
597	1/11/12	9.65	9.94	9.52	9.65	470900	4.77	2349	精华制药	SZ
598	1/10/12	9.2	9.66	9.19	9.63	625600	4.75	2349	精华制药	SZ
599	1/9/12	9	9.32	8.77	9.2	555100	4.54	2349	精华制药	SZ
600	1/6/12	9.38	9.38	8.76	8.93	592800	4.41	2349	精华制药	SZ
601	1/5/12	10.2	10.32	9.35	9.39	651000	4.63	2349	精华制药	SZ
602	1/4/12	10.77	10.9	10.13	10.38	232400	5.12	2349	精华制药	SZ
603	1/3/12	10.6	10.84	10.6	10.82	389800	5.34	2349	精华制药	SZ
604	1/2/12	10.6	10.84	10.6	10.82	389800	5.34	2349	精华制药	SZ
605	12/30/11	10.6	10.84	10.6	10.82	389800	5.34	2349	精华制药	SZ
606	12/29/11	10.79	11.18	10.56	10.7	92000	5.28	2349	精华制药	SZ
607	12/28/11	10.94	11.24	10.55	10.61	377100	5.24	2349	精华制药	SZ
608	12/27/11	11.39	11.39	10.79	10.88	285200	5.37	2349	精华制药	SZ
609	12/26/11	11.02	11.39	11.01	11.26	155700	5.56	2349	精华制药	SZ
610	12/23/11	10.94	11.29	10.94	11.27	347000	5.57	2349	精华制药	SZ
611	12/22/11	11.48	11.5	10.9	11.18	353400	5.52	2349	精华制药	SZ
612	12/21/11	11.79	11.86	11.51	11.52	219900	5.68	2349	精华制药	SZ
613	12/20/11	11.62	11.9	11.62	11.81	223900	5.83	2349	精华制药	SZ
614	12/19/11	11.59	11.88	11.36	11.84	370400	5.84	2349	精华制药	SZ
615	12/16/11	11.57	11.69	11.31	11.69	660000	5.77	2349	精华制药	SZ
616	12/15/11	11.62	11.69	11.35	11.6	460400	5.73	2349	精华制药	SZ
617	12/14/11	11.79	11.83	11.54	11.69	264900	5.77	2349	精华制药	SZ
618	12/13/11	12.01	12.01	11.45	11.83	502300	5.84	2349	精华制药	SZ
619	12/12/11	12.16	12.19	11.96	12.04	109600	5.94	2349	精华制药	SZ
620	12/9/11	11.93	12.2	11.93	12.08	222400	5.96	2349	精华制药	SZ
621	12/8/11	11.93	12.31	11.93	12.09	180800	5.97	2349	精华制药	SZ
622	12/7/11	12.39	12.39	12.1	12.18	252200	6.01	2349	精华制药	SZ
623	12/6/11	12.28	12.35	12.2	12.32	134600	6.08	2349	精华制药	SZ
624	12/5/11	12.44	12.44	12.29	12.33	324800	6.09	2349	精华制药	SZ
625	12/2/11	12.65	12.74	12.52	12.55	327900	6.19	2349	精华制药	SZ
626	12/1/11	12.75	12.9	12.62	12.73	724900	6.28	2349	精华制药	SZ
627	11/30/11	13.23	13.23	12.16	12.51	1586300	6.17	2349	精华制药	SZ
628	11/29/11	12.93	13.23	12.93	13.23	895500	6.53	2349	精华制药	SZ
629	11/28/11	12.7	12.99	12.7	12.85	378400	6.34	2349	精华制药	SZ
630	11/25/11	12.9	13.01	12.75	12.87	454400	6.35	2349	精华制药	SZ
631	11/24/11	12.78	13.11	12.78	12.9	613200	6.37	2349	精华制药	SZ
632	11/23/11	13.12	13.13	12.88	12.9	257300	6.37	2349	精华制药	SZ
633	11/22/11	12.64	13.05	12.64	13.01	648000	6.42	2349	精华制药	SZ
634	11/21/11	12.92	12.98	12.65	12.85	905300	6.34	2349	精华制药	SZ
635	11/18/11	13.15	13.15	12.95	12.97	595500	6.4	2349	精华制药	SZ
636	11/17/11	13.29	13.29	13.05	13.16	560300	6.5	2349	精华制药	SZ
637	11/16/11	13.44	13.46	12.94	13.3	897500	6.57	2349	精华制药	SZ
638	11/15/11	13.36	13.44	13.3	13.39	1116300	6.61	2349	精华制药	SZ
639	11/14/11	13.12	13.43	13.11	13.42	2643800	6.62	2349	精华制药	SZ
640	11/11/11	12.91	13.3	12.87	13.1	1514200	6.47	2349	精华制药	SZ
641	11/10/11	13.24	13.24	12.9	12.91	869900	6.38	2349	精华制药	SZ
642	11/9/11	13	13.24	12.85	13.2	1167200	6.52	2349	精华制药	SZ
643	11/8/11	13.07	13.15	12.8	13.08	1250100	6.46	2349	精华制药	SZ
644	11/7/11	12.75	13.29	12.75	13.05	2624900	6.44	2349	精华制药	SZ
645	11/4/11	12.72	12.85	12.51	12.74	1399100	6.29	2349	精华制药	SZ
646	11/3/11	12.76	12.94	12.57	12.62	2126400	6.23	2349	精华制药	SZ
647	11/2/11	12.39	12.69	12.35	12.69	1498700	6.27	2349	精华制药	SZ
648	11/1/11	12.46	12.65	12.45	12.51	984700	6.18	2349	精华制药	SZ
649	10/31/11	12.6	12.79	12.52	12.6	836900	6.22	2349	精华制药	SZ
650	10/28/11	12.65	12.85	12.55	12.67	693100	6.25	2349	精华制药	SZ
651	10/27/11	12.6	12.7	12.48	12.65	884500	6.24	2349	精华制药	SZ
652	10/26/11	12.43	12.74	12.27	12.59	885500	6.21	2349	精华制药	SZ
653	10/25/11	11.9	12.45	11.88	12.42	1643100	6.13	2349	精华制药	SZ
654	10/24/11	11.68	12.15	11.68	12.01	391200	5.93	2349	精华制药	SZ
655	10/21/11	12.06	12.1	11.85	11.99	247300	5.92	2349	精华制药	SZ
656	10/20/11	12.09	12.19	11.79	12.1	668600	5.98	2349	精华制药	SZ
657	10/19/11	11.9	12.19	11.9	12.15	590200	6	2349	精华制药	SZ
658	10/18/11	12.22	12.22	12.01	12.02	598300	5.94	2349	精华制药	SZ
659	10/17/11	12.31	12.43	12.01	12.3	815500	6.07	2349	精华制药	SZ
660	10/14/11	11.9	12.28	11.86	12.22	1067700	6.03	2349	精华制药	SZ
661	10/13/11	12.23	12.36	12.05	12.23	763700	6.04	2349	精华制药	SZ
662	10/12/11	11.6	12.23	11.55	12.18	928800	6.01	2349	精华制药	SZ
663	10/11/11	11.65	11.75	11.56	11.69	585000	5.77	2349	精华制药	SZ
664	10/10/11	11.52	11.74	11.48	11.5	167300	5.68	2349	精华制药	SZ
665	9/30/11	11.32	11.59	11.27	11.59	427300	5.72	2349	精华制药	SZ
666	9/29/11	11.75	11.77	11.26	11.32	861500	5.59	2349	精华制药	SZ
667	9/28/11	11.98	12.11	11.76	11.89	459200	5.87	2349	精华制药	SZ
668	9/27/11	11.86	11.98	11.71	11.84	371100	5.84	2349	精华制药	SZ
669	9/26/11	12.12	12.24	11.81	11.81	678300	5.83	2349	精华制药	SZ
670	9/23/11	12.11	12.2	12	12.16	700600	6	2349	精华制药	SZ
671	9/22/11	12.45	12.45	11.9	12.2	1791300	6.02	2349	精华制药	SZ
672	9/21/11	12.28	12.62	12.15	12.57	1297600	6.2	2349	精华制药	SZ
673	9/20/11	12.65	12.65	12.32	12.34	460400	6.09	2349	精华制药	SZ
674	9/19/11	12.65	12.68	12.44	12.44	427400	6.14	2349	精华制药	SZ
675	9/16/11	12.98	12.98	12.68	12.74	467400	6.29	2349	精华制药	SZ
676	9/15/11	12.6	12.9	12.47	12.9	1098700	6.37	2349	精华制药	SZ
677	9/14/11	12.65	12.69	12.36	12.6	662000	6.22	2349	精华制药	SZ
678	9/13/11	12.73	12.73	12.53	12.6	443700	6.22	2349	精华制药	SZ
679	9/9/11	13.04	13.12	12.75	12.76	736400	6.3	2349	精华制药	SZ
680	9/8/11	13.25	13.29	12.8	13.04	1805400	6.44	2349	精华制药	SZ
681	9/7/11	13.2	13.48	13.16	13.25	3026300	6.54	2349	精华制药	SZ
682	9/6/11	13.1	13.24	12.8	13.23	2010800	6.53	2349	精华制药	SZ
683	9/5/11	12.99	12.99	12.59	12.93	912200	6.38	2349	精华制药	SZ
684	9/2/11	12.99	13.16	12.73	13.1	1029300	6.47	2349	精华制药	SZ
685	8/31/11	12.77	13.15	12.65	13.11	1533700	6.47	2349	精华制药	SZ
686	8/30/11	13.05	13.1	12.7	12.77	1441900	6.3	2349	精华制药	SZ
687	8/29/11	12.7	13.1	12.68	13.05	2350900	6.44	2349	精华制药	SZ
688	8/26/11	12.49	12.9	12.44	12.8	2407700	6.32	2349	精华制药	SZ
689	8/25/11	12.08	12.53	12.08	12.52	1424200	6.18	2349	精华制药	SZ
690	8/24/11	12.06	12.3	12.06	12.18	1351500	6.01	2349	精华制药	SZ
691	8/23/11	11.7	11.94	11.7	11.94	535400	5.89	2349	精华制药	SZ
692	8/22/11	11.84	11.96	11.64	11.7	522800	5.78	2349	精华制药	SZ
693	8/19/11	11.95	11.99	11.68	11.85	944600	5.85	2349	精华制药	SZ
694	8/18/11	12.29	12.46	12.06	12.1	879300	5.97	2349	精华制药	SZ
695	8/17/11	12.35	12.5	12.27	12.38	711500	6.11	2349	精华制药	SZ
696	8/16/11	12.7	12.75	12.42	12.44	1609100	6.14	2349	精华制药	SZ
697	8/15/11	12.48	12.8	12.43	12.79	1351800	6.31	2349	精华制药	SZ
698	8/12/11	12.45	12.68	12.35	12.43	1086200	6.14	2349	精华制药	SZ
699	8/11/11	11.66	12.23	11.65	12.2	1117500	6.02	2349	精华制药	SZ
700	8/10/11	12.05	12.25	11.9	11.94	1545400	5.89	2349	精华制药	SZ
701	8/9/11	11.5	11.99	11.01	11.88	2446900	5.86	2349	精华制药	SZ
702	8/8/11	12.83	13.05	12	12.08	2279300	5.96	2349	精华制药	SZ
703	8/5/11	12.62	12.94	12.43	12.93	1467300	6.38	2349	精华制药	SZ
704	8/4/11	12.74	13.03	12.74	12.89	583100	6.36	2349	精华制药	SZ
705	8/3/11	12.54	12.99	12.51	12.81	772300	6.32	2349	精华制药	SZ
706	8/2/11	12.85	12.85	12.5	12.68	885700	6.26	2349	精华制药	SZ
707	8/1/11	12.7	12.94	12.56	12.89	686200	6.36	2349	精华制药	SZ
708	7/29/11	12.91	13	12.7	12.76	826200	6.3	2349	精华制药	SZ
709	7/28/11	12.95	12.99	12.69	12.94	1210600	6.39	2349	精华制药	SZ
710	7/27/11	12.61	13.1	12.52	13.05	1247300	6.44	2349	精华制药	SZ
711	7/26/11	12.84	12.84	12.48	12.61	1394600	6.22	2349	精华制药	SZ
712	7/25/11	13.1	13.44	12.65	12.75	2713500	6.29	2349	精华制药	SZ
713	7/22/11	13	13.3	12.94	13.09	1236400	6.46	2349	精华制药	SZ
714	7/21/11	13.1	13.23	12.95	12.95	1436400	6.39	2349	精华制药	SZ
715	7/20/11	13.4	13.49	12.94	13.19	1779200	6.51	2349	精华制药	SZ
716	7/19/11	13.44	13.44	13.11	13.26	1624000	6.54	2349	精华制药	SZ
717	7/18/11	13.73	13.75	13.38	13.48	4074900	6.65	2349	精华制药	SZ
718	7/15/11	12.78	13.89	12.78	13.68	5253400	6.75	2349	精华制药	SZ
719	7/14/11	12.3	12.84	12.26	12.72	2675000	6.28	2349	精华制药	SZ
720	7/13/11	12.05	12.32	12.05	12.3	869300	6.07	2349	精华制药	SZ
721	7/12/11	12.18	12.18	12.05	12.05	959100	5.95	2349	精华制药	SZ
722	7/11/11	12.2	12.39	12.04	12.31	690000	6.08	2349	精华制药	SZ
723	7/8/11	12.41	12.43	12.1	12.24	949100	6.04	2349	精华制药	SZ
724	7/7/11	12.27	12.59	12.18	12.41	1857500	6.13	2349	精华制药	SZ
725	7/6/11	12.22	12.28	12.07	12.27	1030600	6.06	2349	精华制药	SZ
726	7/5/11	11.98	12.34	11.95	12.21	1656100	6.03	2349	精华制药	SZ
727	7/4/11	11.8	11.98	11.76	11.97	1082800	5.91	2349	精华制药	SZ
728	7/1/11	11.77	11.83	11.69	11.73	1143600	5.79	2349	精华制药	SZ
729	6/30/11	11.48	11.73	11.47	11.71	860100	5.78	2349	精华制药	SZ
730	6/29/11	11.65	11.88	11.47	11.5	839400	5.68	2349	精华制药	SZ
731	6/28/11	11.74	11.74	11.48	11.65	679600	5.75	2349	精华制药	SZ
732	6/27/11	11.5	11.8	11.45	11.65	1060900	5.75	2349	精华制药	SZ
733	6/24/11	11.1	11.65	11.02	11.51	1233900	5.68	2349	精华制药	SZ
734	6/23/11	10.95	11.16	10.81	11.14	915100	5.5	2349	精华制药	SZ
735	6/22/11	10.93	11.02	10.84	10.89	308600	5.38	2349	精华制药	SZ
736	6/21/11	10.77	11	10.77	10.93	608500	5.4	2349	精华制药	SZ
737	6/20/11	11.34	11.34	10.77	10.82	956400	5.34	2349	精华制药	SZ
738	6/17/11	11.72	11.72	11.2	11.27	672600	5.57	2349	精华制药	SZ
739	6/16/11	11.78	11.85	11.62	11.64	369500	5.75	2349	精华制药	SZ
740	6/15/11	11.87	11.93	11.77	11.83	390400	5.84	2349	精华制药	SZ
741	6/14/11	11.68	11.94	11.56	11.88	601300	5.86	2349	精华制药	SZ
742	6/13/11	11.72	11.72	11.53	11.61	520100	5.73	2349	精华制药	SZ
743	6/10/11	11.85	11.85	11.55	11.68	949000	5.76	2349	精华制药	SZ
744	6/8/11	12.06	12.17	11.88	12.05	531100	5.95	2349	精华制药	SZ
745	6/7/11	12	12.23	11.94	12.13	522200	5.99	2349	精华制药	SZ
746	6/3/11	11.73	12.04	11.73	12.03	758000	5.94	2349	精华制药	SZ
747	6/2/11	12	12	11.65	11.7	1078300	5.78	2349	精华制药	SZ
748	6/1/11	12.05	12.18	11.94	12.18	1083600	6.01	2349	精华制药	SZ
749	5/31/11	12.06	12.1	11.76	12	799200	5.92	2349	精华制药	SZ
750	5/30/11	12.15	12.19	11.9	11.95	465800	5.9	2349	精华制药	SZ
751	5/27/11	12.41	12.61	12.18	12.18	773800	6.01	2349	精华制药	SZ
752	5/26/11	12.6	12.8	12.5	12.51	456800	6.17	2349	精华制药	SZ
753	5/25/11	12.85	12.9	12.51	12.61	613400	6.22	2349	精华制药	SZ
754	5/24/11	12.91	12.94	12.35	12.82	1076300	6.33	2349	精华制药	SZ
755	5/23/11	13.15	13.35	12.85	12.91	1164700	6.37	2349	精华制药	SZ
756	5/20/11	13.24	13.44	13.21	13.35	537400	6.59	2349	精华制药	SZ
757	5/19/11	13.57	13.69	13.28	13.36	1099000	6.59	2349	精华制药	SZ
758	5/18/11	13.55	13.63	13.5	13.57	859200	6.7	2349	精华制药	SZ
759	5/17/11	14	14.05	13.45	13.57	1877900	6.7	2349	精华制药	SZ
760	5/16/11	13.96	14.07	13.86	13.98	1506600	6.9	2349	精华制药	SZ
761	5/13/11	13.87	14.05	13.74	13.95	1433300	6.89	2349	精华制药	SZ
762	5/12/11	13.66	14.1	13.58	13.85	3193100	6.84	2349	精华制药	SZ
763	5/11/11	13.73	13.82	13.6	13.8	1208800	6.81	2349	精华制药	SZ
764	5/10/11	13.82	13.83	13.57	13.7	1250200	6.76	2349	精华制药	SZ
765	5/9/11	13.86	14.09	13.78	13.82	1903700	6.82	2349	精华制药	SZ
766	5/6/11	13.48	13.85	13.3	13.78	2021300	6.8	2349	精华制药	SZ
767	5/5/11	13.1	13.52	13.1	13.44	976400	6.63	2349	精华制药	SZ
768	5/4/11	13.3	13.44	13.04	13.1	606200	6.46	2349	精华制药	SZ
769	5/3/11	13.19	13.4	13.06	13.39	476800	6.61	2349	精华制药	SZ
770	4/29/11	13.02	13.28	13.02	13.23	473900	6.53	2349	精华制药	SZ
771	4/28/11	13.61	13.7	13	13.02	1296500	6.42	2349	精华制药	SZ
772	4/27/11	13.78	13.95	13.41	13.49	1480300	6.66	2349	精华制药	SZ
773	4/26/11	13.84	13.95	13.6	13.75	1557200	6.79	2349	精华制药	SZ
774	4/25/11	14	14.18	13.63	13.84	2757500	6.83	2349	精华制药	SZ
775	4/22/11	13.65	14.1	13.65	13.94	3434200	6.88	2349	精华制药	SZ
776	4/21/11	13.38	13.67	13.35	13.65	1604000	6.74	2349	精华制药	SZ
777	4/20/11	13.11	13.4	13.1	13.37	1538700	6.6	2349	精华制药	SZ
778	4/19/11	13.38	13.4	13.01	13.1	1590000	6.47	2349	精华制药	SZ
779	4/18/11	13.62	13.74	13.38	13.44	1380300	6.64	2349	精华制药	SZ
780	4/15/11	13.72	13.74	13.56	13.6	885900	6.72	2349	精华制药	SZ
781	4/14/11	13.81	13.9	13.5	13.61	1037700	6.72	2349	精华制药	SZ
782	4/13/11	13.62	13.82	13.56	13.81	869100	6.82	2349	精华制药	SZ
783	4/12/11	13.59	13.75	13.57	13.61	825600	6.72	2349	精华制药	SZ
784	4/11/11	13.6	13.84	13.6	13.64	1003000	6.73	2349	精华制药	SZ
785	4/8/11	13.35	13.67	13.3	13.62	1014100	6.72	2349	精华制药	SZ
786	4/7/11	13.4	13.4	13.25	13.38	979800	6.6	2349	精华制药	SZ
787	4/6/11	13.4	13.64	13.38	13.4	761800	6.61	2349	精华制药	SZ
788	4/1/11	13.38	13.61	13.38	13.52	676900	6.67	2349	精华制药	SZ
789	3/31/11	13.32	13.48	13.26	13.35	689800	6.59	2349	精华制药	SZ
790	3/30/11	13.52	13.64	13.25	13.32	913400	6.58	2349	精华制药	SZ
791	3/29/11	13.76	13.86	13.5	13.52	1652900	6.67	2349	精华制药	SZ
792	3/28/11	13.96	14.07	13.75	13.76	1520100	6.79	2349	精华制药	SZ
793	3/25/11	14.01	14.09	13.85	13.96	1247800	6.89	2349	精华制药	SZ
794	3/24/11	13.81	14.09	13.8	14.01	1874200	6.91	2349	精华制药	SZ
795	3/22/11	13.8	13.85	13.5	13.7	1167700	6.77	2349	精华制药	SZ
796	3/21/11	13.9	14.09	13.64	13.78	1518800	6.8	2349	精华制药	SZ
797	3/18/11	14.02	14.18	13.88	13.93	1673900	6.88	2349	精华制药	SZ
798	3/17/11	14.34	14.34	14	14.02	1712900	6.92	2349	精华制药	SZ
799	3/16/11	14.4	14.44	14.25	14.35	1538300	7.08	2349	精华制药	SZ
800	3/15/11	14.69	14.7	14.02	14.4	2996000	7.11	2349	精华制药	SZ
801	3/14/11	14.44	14.74	14.2	14.69	3695200	7.25	2349	精华制药	SZ
802	3/11/11	14.4	14.7	14.38	14.46	2789100	7.14	2349	精华制药	SZ
803	3/10/11	14.81	14.81	14.2	14.53	3352200	7.17	2349	精华制药	SZ
804	3/9/11	14.01	15	14.01	14.81	6929500	7.31	2349	精华制药	SZ
805	3/8/11	13.7	14	13.55	14	3006500	6.91	2349	精华制药	SZ
806	3/7/11	13.88	14	13.5	13.7	3009800	6.77	2349	精华制药	SZ
807	3/4/11	13.81	13.98	13.7	13.88	1151100	6.85	2349	精华制药	SZ
808	3/3/11	14.34	14.38	13.8	13.83	2810100	6.83	2349	精华制药	SZ
809	3/2/11	13.99	14.52	13.87	14.34	3673200	7.08	2349	精华制药	SZ
810	3/1/11	13.8	13.94	13.64	13.93	2164500	6.87	2349	精华制药	SZ
811	2/28/11	13.91	14.12	13.71	13.84	2152500	5.43	2349	精华制药	SZ
812	2/25/11	13.88	14	13.73	13.91	2254400	5.46	2349	精华制药	SZ
813	2/24/11	13.39	13.91	13.29	13.9	3547100	5.45	2349	精华制药	SZ
814	2/23/11	13.24	13.5	13.24	13.39	2097600	5.25	2349	精华制药	SZ
815	2/22/11	13.88	13.98	13.04	13.19	2876900	5.18	2349	精华制药	SZ
816	2/21/11	13.6	13.94	13.28	13.82	2704600	5.42	2349	精华制药	SZ
817	2/17/11	13.33	13.98	13.32	13.7	2968700	5.37	2349	精华制药	SZ
818	2/16/11	13.2	13.43	13.16	13.33	1836800	5.23	2349	精华制药	SZ
819	2/15/11	13.35	13.46	13.24	13.25	2657600	5.2	2349	精华制药	SZ
820	2/14/11	13.36	13.48	13.2	13.38	3506500	5.25	2349	精华制药	SZ
821	2/11/11	13.18	13.28	13.05	13.24	3706300	5.19	2349	精华制药	SZ
822	2/10/11	12.85	13.28	12.6	13.2	4346200	5.18	2349	精华制药	SZ
823	2/9/11	11.96	12.92	11.92	12.92	5080400	5.07	2349	精华制药	SZ
824	2/1/11	12.31	12.31	11.92	12.12	2529400	4.76	2349	精华制药	SZ
825	1/31/11	12.22	12.36	12.08	12.28	2259200	4.82	2349	精华制药	SZ
826	1/28/11	12.29	12.39	12.12	12.25	2405500	4.81	2349	精华制药	SZ
827	1/27/11	12.04	12.3	11.84	12.24	2035900	4.8	2349	精华制药	SZ
828	1/26/11	11.88	12.2	11.84	12.04	2286300	4.72	2349	精华制药	SZ
829	1/25/11	12.01	12.07	11.62	11.83	2319000	4.64	2349	精华制药	SZ
830	1/24/11	12.74	12.88	11.96	12.05	2993100	4.73	2349	精华制药	SZ
831	1/21/11	12.72	12.86	12.48	12.74	3714700	5	2349	精华制药	SZ
832	1/20/11	13.76	13.76	12.8	12.83	6023200	5.03	2349	精华制药	SZ
833	1/19/11	13.45	13.99	13.44	13.9	7602100	5.45	2349	精华制药	SZ
834	1/18/11	14	14.34	13.8	14.28	2987200	5.6	2349	精华制药	SZ
835	1/17/11	15.19	15.24	13.9	14.16	5367100	5.56	2349	精华制药	SZ
836	1/14/11	14.94	15.64	14.88	15.38	7241900	6.03	2349	精华制药	SZ
837	1/13/11	15.24	15.26	14.76	14.92	4018000	5.86	2349	精华制药	SZ
838	1/12/11	15.1	15.43	15.08	15.24	4217300	5.98	2349	精华制药	SZ
839	1/11/11	15.32	15.39	14.84	15.16	4998900	5.95	2349	精华制药	SZ
840	1/10/11	15.7	15.85	15.14	15.48	12427500	6.07	2349	精华制药	SZ
841	1/7/11	17.16	17.48	16.52	16.52	11356300	6.48	2349	精华制药	SZ
842	1/6/11	17.66	18.56	17.64	18.36	13327300	7.2	2349	精华制药	SZ
843	1/5/11	17.55	18.3	17.2	18.3	24649400	7.18	2349	精华制药	SZ
844	1/4/11	16.63	16.63	16.63	16.63	5134400	6.53	2349	精华制药	SZ
845	12/31/10	15	15.15	14.84	15.12	585700	5.93	2349	精华制药	SZ
846	12/30/10	14.92	15.02	14.68	14.98	692600	5.88	2349	精华制药	SZ
847	12/29/10	14.74	14.92	14.49	14.92	1048900	5.85	2349	精华制药	SZ
848	12/28/10	14.2	14.8	14.12	14.55	1570300	5.71	2349	精华制药	SZ
849	12/27/10	14.31	14.58	14.08	14.11	1680100	5.54	2349	精华制药	SZ
850	12/24/10	14.84	14.84	14.2	14.31	1460300	5.62	2349	精华制药	SZ
851	12/23/10	15.46	15.58	14.92	14.94	1412600	5.86	2349	精华制药	SZ
852	12/22/10	15.68	15.73	15.35	15.51	1307600	6.08	2349	精华制药	SZ
853	12/21/10	15.67	15.78	15.67	15.72	767900	6.17	2349	精华制药	SZ
854	12/20/10	16	16.14	15.2	15.72	2252000	6.17	2349	精华制药	SZ
855	12/17/10	16.04	16.42	15.9	16.07	3009800	6.31	2349	精华制药	SZ
856	12/16/10	15.78	16.21	15.59	15.89	2181400	6.23	2349	精华制药	SZ
857	12/15/10	15.97	16.03	15.68	15.78	2289400	6.19	2349	精华制药	SZ
858	12/14/10	16.08	16.22	15.84	15.98	2670600	6.27	2349	精华制药	SZ
859	12/13/10	15.76	16.23	15.65	16.17	2493300	6.34	2349	精华制药	SZ
860	12/10/10	15.52	15.76	15.29	15.75	1439100	6.18	2349	精华制药	SZ
861	12/9/10	15.69	15.88	15.48	15.5	1189800	6.08	2349	精华制药	SZ
862	12/8/10	15.72	15.89	15.56	15.63	1296000	6.13	2349	精华制药	SZ
863	12/7/10	15.16	15.71	15.04	15.66	1989300	6.14	2349	精华制药	SZ
864	12/6/10	15.69	16.2	15.13	15.31	2746600	6.01	2349	精华制药	SZ
865	12/3/10	16.08	16.36	15.2	15.67	2533700	6.15	2349	精华制药	SZ
866	12/2/10	16.52	16.75	16.2	16.2	2169800	6.36	2349	精华制药	SZ
867	12/1/10	16.08	17.07	15.84	16.52	3689600	6.48	2349	精华制药	SZ
868	11/30/10	16.39	16.75	15.39	16.13	5221400	6.33	2349	精华制药	SZ
869	11/29/10	16.4	16.79	16.2	16.35	5421900	6.42	2349	精华制药	SZ
870	11/26/10	17.2	18.4	16.58	16.8	11257700	6.59	2349	精华制药	SZ
871	11/25/10	15.9	16.86	15.9	16.86	2582000	6.62	2349	精华制药	SZ
872	11/24/10	14.8	15.45	14.78	15.33	2830600	6.02	2349	精华制药	SZ
873	11/23/10	14.8	15.4	14.63	15.03	3680600	5.9	2349	精华制药	SZ
874	11/22/10	14.17	15.08	14.17	14.79	4451100	5.8	2349	精华制药	SZ
875	11/19/10	13.26	14.32	13.26	14.16	3472100	5.56	2349	精华制药	SZ
876	11/18/10	13.12	13.32	13.02	13.23	1225000	5.19	2349	精华制药	SZ
877	11/17/10	13.43	13.78	12.64	12.98	3938700	5.09	2349	精华制药	SZ
878	11/16/10	14.03	14.79	13.4	13.68	7861700	5.37	2349	精华制药	SZ
879	11/15/10	13.6	14.06	13.4	14.03	7841800	5.51	2349	精华制药	SZ
880	11/12/10	13.56	14	13.29	13.36	6847800	5.24	2349	精华制药	SZ
881	11/11/10	13.33	14	13.29	13.65	5026800	5.35	2349	精华制药	SZ
882	11/10/10	13.07	13.64	12.99	13.44	3881500	5.27	2349	精华制药	SZ
883	11/9/10	13.08	13.18	12.89	13.09	2290200	5.13	2349	精华制药	SZ
884	11/8/10	12.82	13.1	12.76	13.08	2351700	5.13	2349	精华制药	SZ
885	11/5/10	12.74	12.94	12.62	12.86	1953700	5.04	2349	精华制药	SZ
886	11/4/10	12.72	12.88	12.58	12.74	1886000	5	2349	精华制药	SZ
887	11/3/10	13.02	13.12	12.68	12.72	2391000	4.99	2349	精华制药	SZ
888	11/2/10	13.17	13.3	12.82	13.02	4030100	5.11	2349	精华制药	SZ
889	11/1/10	12.6	13.16	12.6	13.16	4829800	5.16	2349	精华制药	SZ
890	10/29/10	12.08	12.58	12.04	12.5	2853500	4.91	2349	精华制药	SZ
891	10/28/10	12.08	12.45	12.04	12.25	2837200	4.81	2349	精华制药	SZ
892	10/27/10	12.07	12.51	12.05	12.12	3682600	4.76	2349	精华制药	SZ
893	10/26/10	12.12	12.16	11.82	12.04	2960500	4.72	2349	精华制药	SZ
894	10/25/10	11.96	12.2	11.96	12.11	2576800	4.75	2349	精华制药	SZ
895	10/22/10	12.08	12.08	11.82	11.94	2431300	4.68	2349	精华制药	SZ
896	10/21/10	11.8	12.24	11.75	12.14	5364900	4.76	2349	精华制药	SZ
897	10/20/10	11.39	11.88	11.36	11.8	2787500	4.63	2349	精华制药	SZ
898	10/19/10	11.15	11.67	11.14	11.62	1976300	4.56	2349	精华制药	SZ
899	10/18/10	11.23	11.26	10.82	11.16	2467200	4.38	2349	精华制药	SZ
900	10/15/10	11.82	11.82	11.24	11.26	3144800	4.42	2349	精华制药	SZ
901	10/14/10	12.04	12.04	11.82	11.82	2541500	4.64	2349	精华制药	SZ
902	10/13/10	11.96	12.14	11.92	12.14	1738000	4.76	2349	精华制药	SZ
903	10/12/10	12.14	12.14	11.96	11.99	1920200	4.7	2349	精华制药	SZ
904	10/11/10	12.28	12.28	12.04	12.17	2774500	4.77	2349	精华制药	SZ
905	10/8/10	12.04	12.29	11.96	12.19	1919300	4.78	2349	精华制药	SZ
906	9/30/10	11.84	12.04	11.81	11.93	985300	4.68	2349	精华制药	SZ
907	9/29/10	12	12.05	11.88	11.93	1145800	4.68	2349	精华制药	SZ
908	9/28/10	12.15	12.22	11.9	12	1955100	4.71	2349	精华制药	SZ
909	9/21/10	11.92	12	11.83	11.9	1035700	4.67	2349	精华制药	SZ
910	9/20/10	12.2	12.3	11.88	11.89	1880300	4.67	2349	精华制药	SZ
911	9/17/10	12.04	12.33	11.98	12.2	1568100	4.78	2349	精华制药	SZ
912	9/16/10	12.5	12.54	11.87	12.17	2702900	4.77	2349	精华制药	SZ
913	9/15/10	12.83	13.1	12.32	12.38	3846100	4.86	2349	精华制药	SZ
914	9/14/10	13.12	13.27	12.82	12.86	5371500	5.05	2349	精华制药	SZ
915	9/13/10	13.6	13.6	13.12	13.28	10010400	5.21	2349	精华制药	SZ
916	9/10/10	12.46	12.7	12.28	12.64	2875200	4.96	2349	精华制药	SZ
917	9/9/10	12.88	12.99	12.4	12.46	3558300	4.89	2349	精华制药	SZ
918	9/8/10	12.58	12.96	12.49	12.83	3605400	5.03	2349	精华制药	SZ
919	9/7/10	12.49	12.64	12.44	12.62	1882500	4.95	2349	精华制药	SZ
920	9/6/10	12.69	12.79	12.37	12.48	2976900	4.9	2349	精华制药	SZ
921	9/3/10	12.53	12.83	12.52	12.68	3932500	4.98	2349	精华制药	SZ
922	9/2/10	12.32	12.54	12.24	12.41	2957200	4.87	2349	精华制药	SZ
923	9/1/10	12.4	12.59	12.08	12.19	3690600	4.78	2349	精华制药	SZ
924	8/31/10	12.49	12.59	12.31	12.41	4600900	4.87	2349	精华制药	SZ
925	8/30/10	12.53	12.74	12.32	12.62	5339500	4.95	2349	精华制药	SZ
926	8/27/10	12.9	12.9	12.53	12.6	6284700	4.94	2349	精华制药	SZ
927	8/26/10	12.02	13.25	11.92	13.16	13265800	5.16	2349	精华制药	SZ
928	8/25/10	12.19	12.33	12.06	12.08	2050000	4.74	2349	精华制药	SZ
929	8/24/10	12.32	12.35	12.12	12.23	1994400	4.8	2349	精华制药	SZ
930	8/23/10	12.26	12.45	12.2	12.35	2210600	4.84	2349	精华制药	SZ
931	8/20/10	12.35	12.4	12.12	12.25	3137000	4.81	2349	精华制药	SZ
932	8/19/10	12.42	12.51	12.24	12.35	4378700	4.84	2349	精华制药	SZ
933	8/18/10	12.18	12.67	12.1	12.56	8807300	4.93	2349	精华制药	SZ
934	8/17/10	11.8	12.27	11.64	12.24	6041700	4.8	2349	精华制药	SZ
935	8/16/10	11.53	11.99	11.53	11.8	3586900	4.63	2349	精华制药	SZ
936	8/13/10	11.39	11.61	11.31	11.57	1790900	4.54	2349	精华制药	SZ
937	8/12/10	11.24	11.66	11.24	11.41	2760800	4.48	2349	精华制药	SZ
938	8/11/10	11.2	11.46	11.1	11.45	1916700	4.49	2349	精华制药	SZ
939	8/10/10	11.72	11.8	11.18	11.18	3005400	4.39	2349	精华制药	SZ
940	8/9/10	11.74	11.78	11.6	11.74	3844200	4.6	2349	精华制药	SZ
941	8/6/10	11.3	11.92	11.21	11.75	4712000	4.61	2349	精华制药	SZ
942	8/5/10	11	11.52	11	11.27	5401100	4.42	2349	精华制药	SZ
943	8/4/10	10.99	11.08	10.79	11.01	2378300	4.32	2349	精华制药	SZ
944	8/3/10	10.96	11.26	10.86	11.06	3944800	4.34	2349	精华制药	SZ
945	8/2/10	10.75	11	10.72	10.96	2893400	4.3	2349	精华制药	SZ
946	7/30/10	11.2	11.2	10.73	10.8	3069800	4.24	2349	精华制药	SZ
947	7/29/10	11.04	11.2	10.96	11.12	2713600	4.36	2349	精华制药	SZ
948	7/28/10	10.87	11.09	10.8	11.04	1977400	4.33	2349	精华制药	SZ
949	7/27/10	10.96	10.96	10.84	10.87	1564300	4.26	2349	精华制药	SZ
950	7/26/10	10.78	11.04	10.72	10.96	3485300	4.3	2349	精华制药	SZ
951	7/23/10	10.83	10.86	10.6	10.76	4744800	4.22	2349	精华制药	SZ
952	7/22/10	10.74	10.84	10.69	10.82	1424600	4.24	2349	精华制药	SZ
953	7/21/10	10.84	10.88	10.66	10.73	2001900	4.21	2349	精华制药	SZ
954	7/20/10	10.62	10.84	10.56	10.82	3005400	4.25	2349	精华制药	SZ
955	7/19/10	10.31	10.64	10.24	10.56	1161400	4.14	2349	精华制药	SZ
956	7/16/10	10.2	10.39	10.05	10.39	797000	4.08	2349	精华制药	SZ
957	7/15/10	10.45	10.63	10.24	10.24	1043800	4.02	2349	精华制药	SZ
958	7/14/10	10.46	10.77	10.41	10.46	1442100	4.1	2349	精华制药	SZ
959	7/13/10	10.6	10.6	10.25	10.4	1175000	4.08	2349	精华制药	SZ
960	7/12/10	10.6	10.8	10.52	10.61	1516100	4.16	2349	精华制药	SZ
961	7/9/10	10.11	10.63	10.1	10.6	1735200	4.16	2349	精华制药	SZ
962	7/8/10	10.25	10.38	10.06	10.18	1051200	3.99	2349	精华制药	SZ
963	7/7/10	10.02	10.3	10.02	10.26	1247300	4.03	2349	精华制药	SZ
964	7/6/10	9.86	10.22	9.72	10.18	1652700	3.99	2349	精华制药	SZ
965	7/5/10	9.75	9.96	9.52	9.87	1243300	3.87	2349	精华制药	SZ
966	7/2/10	10.12	10.15	9.39	9.81	2119900	3.85	2349	精华制药	SZ
967	7/1/10	10.44	10.5	10.08	10.12	1055800	3.97	2349	精华制药	SZ
968	6/30/10	10.28	10.5	10	10.44	1692500	4.1	2349	精华制药	SZ
969	6/29/10	11.26	11.31	10.4	10.4	3451200	4.08	2349	精华制药	SZ
970	6/28/10	11.55	11.7	11.23	11.26	1224100	4.42	2349	精华制药	SZ
971	6/25/10	11.79	11.9	11.47	11.55	1299000	4.53	2349	精华制药	SZ
972	6/24/10	11.8	12	11.8	11.84	1017000	4.65	2349	精华制药	SZ
973	6/23/10	11.62	11.92	11.6	11.8	1083800	4.63	2349	精华制药	SZ
974	6/22/10	11.6	11.88	11.58	11.76	1459600	4.61	2349	精华制药	SZ
975	6/21/10	11.4	11.86	11.2	11.74	2240600	4.61	2349	精华制药	SZ
976	6/18/10	12.13	12.32	11.22	11.52	5003700	4.52	2349	精华制药	SZ
977	6/17/10	13.28	13.43	12.43	12.47	3818500	4.89	2349	精华制药	SZ
978	6/11/10	13.44	13.56	13.14	13.22	3481000	5.19	2349	精华制药	SZ
979	6/10/10	13.03	13.56	13	13.32	4470200	5.23	2349	精华制药	SZ
980	6/9/10	12.96	13.32	12.84	13.12	4712600	5.15	2349	精华制药	SZ
981	6/8/10	12.74	13.03	12.74	12.96	5259300	5.08	2349	精华制药	SZ
982	6/7/10	12.2	12.8	12.11	12.8	4048000	5.02	2349	精华制药	SZ
983	6/4/10	12.52	12.52	12.08	12.51	2528000	4.91	2349	精华制药	SZ
984	6/3/10	12.64	12.84	12.48	12.48	3913000	4.9	2349	精华制药	SZ
985	6/2/10	12.48	12.6	12.16	12.56	2763100	4.93	2349	精华制药	SZ
986	6/1/10	12.8	13.08	12.32	12.6	5001900	4.94	2349	精华制药	SZ
987	5/31/10	13.44	13.95	12.88	12.92	6627900	5.03	2349	精华制药	SZ
988	5/27/10	13	13.44	12.72	13.44	4156400	5.23	2349	精华制药	SZ
989	5/26/10	13.2	13.36	12.87	13.04	3802200	5.08	2349	精华制药	SZ
990	5/25/10	12.72	13.26	12.68	13.23	5829600	5.16	2349	精华制药	SZ
991	5/24/10	12.33	13	12.33	12.84	4705200	5	2349	精华制药	SZ
992	5/21/10	11.65	12.39	11.6	12.36	2916300	4.82	2349	精华制药	SZ
993	5/20/10	12.24	12.47	11.89	12.08	3827900	4.71	2349	精华制药	SZ
994	5/19/10	11.84	12.48	11.62	12.24	4247900	4.77	2349	精华制药	SZ
995	5/18/10	11.68	12.32	11.12	11.96	3491700	4.66	2349	精华制药	SZ
996	5/17/10	12.02	12.44	11.87	11.87	3856300	4.63	2349	精华制药	SZ
997	5/14/10	11.88	12.53	11.61	12.2	3593700	4.75	2349	精华制药	SZ
998	5/13/10	11.82	12.17	10.91	12.16	4311400	4.74	2349	精华制药	SZ
999	5/12/10	12.72	12.88	11.56	11.96	5054500	4.66	2349	精华制药	SZ
1000	5/11/10	12.36	12.92	12.29	12.83	6836500	5	2349	精华制药	SZ
1001	5/10/10	12.35	12.36	11.6	12.28	4408900	4.79	2349	精华制药	SZ
1002	5/7/10	11.55	12.48	11.44	12.3	5033800	4.79	2349	精华制药	SZ
1003	5/6/10	12.12	12.52	11.91	11.93	4474200	4.65	2349	精华制药	SZ
1004	5/5/10	11.48	12.27	11.4	12.18	4881200	4.75	2349	精华制药	SZ
1005	5/4/10	11.6	11.94	11.32	11.7	6472900	4.56	2349	精华制药	SZ
1006	4/30/10	12.6	12.66	11.51	11.97	3704300	4.66	2349	精华制药	SZ
1007	4/29/10	13.12	13.44	12.72	12.79	2254400	4.98	2349	精华制药	SZ
1008	4/28/10	13.08	13.56	12.64	13.05	2278400	5.09	2349	精华制药	SZ
1009	4/27/10	14	14.18	12.88	13.32	4372800	5.19	2349	精华制药	SZ
1010	4/26/10	14.04	14.44	13.6	14.31	5266200	5.57	2349	精华制药	SZ
1011	4/23/10	12.96	14.24	12.81	14.2	7077000	5.53	2349	精华制药	SZ
1012	4/22/10	12.99	13.31	12.8	12.96	3557200	5.05	2349	精华制药	SZ
1013	4/21/10	12.5	13.08	12.28	12.99	3751500	5.06	2349	精华制药	SZ
1014	4/20/10	11.68	12.72	11.49	12.4	2916500	4.83	2349	精华制药	SZ
1015	4/19/10	12.04	12.24	11.6	11.66	2342200	4.54	2349	精华制药	SZ
1016	4/16/10	11.88	12.23	11.88	12.12	1369500	4.72	2349	精华制药	SZ
1017	4/15/10	12.92	12.96	12.04	12.09	3551000	4.71	2349	精华制药	SZ
1018	4/14/10	12.78	12.95	12.48	12.91	2375700	5.03	2349	精华制药	SZ
1019	4/13/10	13.24	13.88	12	12.79	5566000	4.98	2349	精华制药	SZ
1020	4/12/10	12.84	13.41	12.79	13.31	4911500	5.18	2349	精华制药	SZ
1021	4/9/10	12.75	12.96	12.64	12.84	3137500	5	2349	精华制药	SZ
1022	4/8/10	12.8	13.52	12.8	12.92	6692500	5.03	2349	精华制药	SZ
1023	4/6/10	12.96	12.99	12.54	12.74	4363500	4.96	2349	精华制药	SZ
1024	4/2/10	12.9	13.11	12.64	13	4811200	5.06	2349	精华制药	SZ
1025	4/1/10	13.4	13.52	12.78	13.06	11258200	5.09	2349	精华制药	SZ
1026	3/31/10	12	13.04	11.96	13.04	6538500	5.08	2349	精华制药	SZ
1027	3/30/10	11.4	11.99	11.33	11.86	5450500	4.62	2349	精华制药	SZ
1028	3/29/10	11.34	11.54	11.24	11.36	2364700	4.43	2349	精华制药	SZ
1029	3/26/10	11.36	11.56	11.2	11.48	2298200	4.47	2349	精华制药	SZ
1030	3/25/10	11.28	11.71	11.25	11.5	4490500	4.48	2349	精华制药	SZ
1031	3/24/10	11.17	11.44	11.04	11.36	3285500	4.43	2349	精华制药	SZ
1032	3/23/10	11.16	11.33	11.12	11.16	2247500	4.35	2349	精华制药	SZ
1033	3/22/10	11.15	11.24	11.03	11.16	1800700	4.35	2349	精华制药	SZ
1034	3/19/10	10.93	11.26	10.82	11.19	2718200	4.36	2349	精华制药	SZ
1035	3/18/10	11.08	11.08	10.84	10.92	2312000	4.25	2349	精华制药	SZ
1036	3/17/10	10.86	11.04	10.78	11.04	2626700	4.3	2349	精华制药	SZ
1037	3/16/10	10.92	11.06	10.72	10.88	4800000	4.24	2349	精华制药	SZ
1038	3/15/10	11.22	11.32	10.99	11.18	1994700	4.36	2349	精华制药	SZ
1039	3/12/10	11.12	11.45	11.07	11.28	4251200	4.39	2349	精华制药	SZ
1040	3/11/10	11.27	11.35	10.83	11.18	3568700	4.35	2349	精华制药	SZ
1041	3/10/10	11.16	11.54	11.16	11.32	3349500	4.41	2349	精华制药	SZ
1042	3/9/10	11.38	11.4	11.07	11.17	3481500	4.35	2349	精华制药	SZ
1043	3/8/10	11.35	11.46	11.22	11.45	2974000	4.46	2349	精华制药	SZ
1044	3/5/10	11.32	11.58	11.17	11.36	3563000	4.43	2349	精华制药	SZ
1045	3/4/10	11.96	12.04	11.13	11.31	6307200	4.41	2349	精华制药	SZ
1046	3/3/10	12.03	12.22	11.92	11.99	3244000	4.67	2349	精华制药	SZ
1047	3/2/10	12.07	12.34	11.92	12.21	4054700	4.76	2349	精华制药	SZ
1048	3/1/10	11.75	12.2	11.66	12.07	4792500	4.7	2349	精华制药	SZ
1049	2/26/10	11.56	12.08	11.56	11.72	5768200	4.57	2349	精华制药	SZ
1050	2/25/10	11.72	11.99	11.56	11.66	6422700	4.54	2349	精华制药	SZ
1051	2/24/10	11.05	11.79	11.02	11.72	8285500	4.57	2349	精华制药	SZ
1052	2/23/10	10.6	11.27	10.56	11.2	6450000	4.37	2349	精华制药	SZ
1053	2/22/10	10.95	10.99	10.6	10.68	5347500	4.16	2349	精华制药	SZ
1054	2/12/10	10.94	11.23	10.73	11.04	5561200	4.3	2349	精华制药	SZ
1055	2/11/10	10.86	11.44	10.78	11.04	9121200	4.3	2349	精华制药	SZ
1056	2/10/10	10.32	11.13	10.16	11.01	8480700	4.29	2349	精华制药	SZ
1057	2/9/10	10.69	10.8	10.09	10.27	7950000	4	2349	精华制药	SZ
1058	2/8/10	10.75	11	10.43	10.88	10746200	4.24	2349	精华制药	SZ
1059	2/5/10	9.96	11.02	9.96	10.75	17749000	4.19	2349	精华制药	SZ
1060	2/4/10	9.52	10.51	9.26	10.12	18934000	3.94	2349	精华制药	SZ
1061	2/3/10	9.4	11.2	9.07	10.06	30837200	3.92	2349	精华制药	SZ
