0	4/29/14	14.95	15.24	14.93	15.2	856000	15.2	2372	伟星新材	SZ	15	15	
1	4/28/14	15.39	15.4	14.88	15	1410800	15	2372	伟星新材	SZ	15.45	15.45	
2	4/25/14	15.68	15.78	15.39	15.45	973900	15.45	2372	伟星新材	SZ	15.68	15.68	
3	4/24/14	15.83	15.83	15.61	15.68	602600	15.68	2372	伟星新材	SZ	15.76	15.76	
4	4/23/14	15.81	15.87	15.67	15.76	683900	15.76	2372	伟星新材	SZ	15.88	15.88	
5	4/22/14	15.89	15.93	15.6	15.88	1150400	15.88	2372	伟星新材	SZ	15.86	15.86	
6	4/21/14	15.78	16.23	15.71	15.86	1617700	15.86	2372	伟星新材	SZ	15.87	15.87	
7	4/18/14	16	16	15.74	15.87	1352400	15.87	2372	伟星新材	SZ	16.05	16.05	
8	4/17/14	16.31	16.37	16.05	16.05	1776700	16.05	2372	伟星新材	SZ	16.24	16.24	
9	4/16/14	16.3	16.4	15.96	16.24	3478600	16.24	2372	伟星新材	SZ	15.98	15.98	
10	4/15/14	15.81	16.19	15.77	15.98	2106300	15.98	2372	伟星新材	SZ	15.97	15.97	
11	4/14/14	16	16.19	15.73	15.97	2277200	15.97	2372	伟星新材	SZ	15.98	15.98	
12	4/11/14	15.36	15.98	15.3	15.98	3189300	15.98	2372	伟星新材	SZ	15.38	15.38	
13	4/10/14	15.67	15.69	15.3	15.38	1603600	15.38	2372	伟星新材	SZ	15.64	15.64	
14	4/9/14	15.7	15.78	15.52	15.64	1243600	15.64	2372	伟星新材	SZ	15.69	15.69	
15	4/8/14	15.35	15.76	15.23	15.69	2052000	15.69	2372	伟星新材	SZ	15.41	15.41	
16	4/7/14	15.41	15.41	15.41	15.41	0	15.41	2372	伟星新材	SZ	15.41	15.41	
17	4/4/14	15.34	15.42	15.16	15.41	1187300	15.41	2372	伟星新材	SZ	15.31	15.31	
18	4/3/14	15.15	15.45	15.05	15.31	1419900	15.31	2372	伟星新材	SZ	15.15	15.15	
19	4/2/14	15.06	15.16	14.8	15.15	1263800	15.15	2372	伟星新材	SZ	14.95	14.95	
20	4/1/14	14.86	15.05	14.74	14.95	1044300	14.95	2372	伟星新材	SZ	14.86	14.86	
21	3/31/14	14.66	15.03	14.66	14.86	1041600	14.86	2372	伟星新材	SZ	14.68	14.68	
22	3/28/14	15.1	15.16	14.68	14.68	1586500	14.68	2372	伟星新材	SZ	15.14	15.14	
23	3/27/14	15.15	15.2	14.92	15.14	1278800	15.14	2372	伟星新材	SZ	15.26	15.26	
24	3/26/14	15.4	15.48	15.16	15.26	1264600	15.26	2372	伟星新材	SZ	15.37	15.37	
25	3/25/14	15.38	15.55	15.14	15.37	1490500	15.37	2372	伟星新材	SZ	15.4	15.4	
26	3/24/14	15.08	15.5	15.06	15.4	2408500	15.4	2372	伟星新材	SZ	15.05	15.05	
27	3/21/14	14.73	15.11	14.5	15.05	1347400	15.05	2372	伟星新材	SZ	14.73	14.73	
28	3/20/14	15.1	15.23	14.7	14.73	1223800	14.73	2372	伟星新材	SZ	15.21	15.21	
29	3/19/14	15.2	15.28	15.01	15.21	1210800	15.21	2372	伟星新材	SZ	15.29	15.29	
30	3/18/14	15.3	15.49	15.12	15.29	1251600	15.29	2372	伟星新材	SZ	15.32	15.32	
31	3/17/14	14.93	15.33	14.93	15.32	2004700	15.32	2372	伟星新材	SZ	14.79	14.79	
32	3/14/14	14.8	14.98	14.6	14.79	1028100	14.79	2372	伟星新材	SZ	14.85	14.85	
33	3/13/14	14.36	14.85	14.35	14.85	1367500	14.85	2372	伟星新材	SZ	14.31	14.31	
34	3/12/14	14.42	14.6	14.2	14.31	972200	14.31	2372	伟星新材	SZ	14.46	14.46	
35	3/11/14	14.39	14.57	14.37	14.46	889000	14.46	2372	伟星新材	SZ	14.39	14.39	
36	3/10/14	14.72	14.95	14.31	14.39	1690700	14.39	2372	伟星新材	SZ	14.82	14.82	
37	3/7/14	15.01	15.2	14.78	14.82	1265100	14.82	2372	伟星新材	SZ	15.02	15.02	
38	3/6/14	15.07	15.07	14.65	15.02	1698700	15.02	2372	伟星新材	SZ	15.08	15.08	
39	3/5/14	14.95	15.26	14.82	15.08	1853300	15.08	2372	伟星新材	SZ	14.89	14.89	
40	3/4/14	14.9	15.16	14.76	14.89	1816400	14.89	2372	伟星新材	SZ	14.98	14.98	
41	3/3/14	14.67	15	14.6	14.98	1451000	14.98	2372	伟星新材	SZ	14.58	14.58	
42	2/28/14	14.35	14.76	14.31	14.58	1460300	14.58	2372	伟星新材	SZ	14.35	14.35	
43	2/27/14	14.51	14.8	14.35	14.35	2264900	14.35	2372	伟星新材	SZ	14.39	14.39	
44	2/26/14	14	14.42	14	14.39	2328400	14.39	2372	伟星新材	SZ	14	14	
45	2/25/14	15.22	15.3	14	14	5770200	14	2372	伟星新材	SZ	15.21	15.21	
46	2/24/14	15.75	15.82	15.01	15.21	3828700	15.21	2372	伟星新材	SZ	15.82	15.82	
47	2/21/14	16.16	16.35	15.62	15.82	2184600	15.82	2372	伟星新材	SZ	16.2	16.2	
48	2/20/14	16.1	16.45	15.9	16.2	3455100	16.2	2372	伟星新材	SZ	16.1	16.1	
49	2/19/14	16.39	16.4	16.02	16.1	2537400	16.1	2372	伟星新材	SZ	16.3	16.3	
50	2/18/14	16.42	16.42	16.13	16.3	2601300	16.3	2372	伟星新材	SZ	16.42	16.42	
51	2/17/14	16.25	16.48	16.17	16.42	2660100	16.42	2372	伟星新材	SZ	16.22	16.22	
52	2/14/14	15.82	16.24	15.81	16.22	2462400	16.22	2372	伟星新材	SZ	15.8	15.8	
53	2/13/14	16.29	16.49	15.8	15.8	2839400	15.8	2372	伟星新材	SZ	16.38	16.38	
54	2/12/14	16.25	16.6	16.23	16.38	2890600	16.38	2372	伟星新材	SZ	16.34	16.34	
55	2/11/14	16.5	16.7	16.27	16.34	3342700	16.34	2372	伟星新材	SZ	16.6	16.6	
56	2/10/14	16.62	16.99	16.48	16.6	5028300	16.6	2372	伟星新材	SZ	16.62	16.62	
57	2/7/14	15.9	16.76	15.7	16.62	4803700	16.62	2372	伟星新材	SZ	15.99	15.99	
58	2/6/14	15.99	15.99	15.99	15.99	0	15.99	2372	伟星新材	SZ	15.99	15.99	
59	2/5/14	15.99	15.99	15.99	15.99	0	15.99	2372	伟星新材	SZ	15.99	15.99	
60	2/3/14	15.99	15.99	15.99	15.99	0	15.99	2372	伟星新材	SZ	15.99	15.99	
61	1/31/14	15.99	15.99	15.99	15.99	0	15.99	2372	伟星新材	SZ	15.99	15.99	
62	1/30/14	15.49	16.19	15.36	15.99	4044400	15.99	2372	伟星新材	SZ	15.48	15.48	
63	1/29/14	15.35	15.58	15.11	15.48	3965700	15.48	2372	伟星新材	SZ	14.74	14.74	
64	1/28/14	14.64	14.89	14.55	14.74	1214000	14.74	2372	伟星新材	SZ	14.63	14.63	
65	1/27/14	14.51	14.88	14.5	14.63	1275400	14.63	2372	伟星新材	SZ	14.62	14.62	
66	1/24/14	14.43	14.73	14.37	14.62	1513000	14.62	2372	伟星新材	SZ	14.44	14.44	
67	1/23/14	14.45	14.54	14.35	14.44	1282900	14.44	2372	伟星新材	SZ	14.44	14.44	
68	1/22/14	14.25	14.47	14.23	14.44	1822100	14.44	2372	伟星新材	SZ	14.21	14.21	
69	1/21/14	14.15	14.35	14.08	14.21	1113100	14.21	2372	伟星新材	SZ	14.22	14.22	
70	1/20/14	13.88	14.26	13.88	14.22	1407600	14.22	2372	伟星新材	SZ	13.87	13.87	
71	1/17/14	14.09	14.1	13.84	13.87	836400	13.87	2372	伟星新材	SZ	14.14	14.14	
72	1/16/14	13.88	14.25	13.88	14.14	1640800	14.14	2372	伟星新材	SZ	13.88	13.88	
73	1/15/14	13.82	13.95	13.74	13.88	762800	13.88	2372	伟星新材	SZ	13.82	13.82	
74	1/14/14	13.5	13.82	13.41	13.82	673400	13.82	2372	伟星新材	SZ	13.46	13.46	
75	1/13/14	13.55	13.69	13.42	13.46	707400	13.46	2372	伟星新材	SZ	13.55	13.55	
76	1/10/14	13.73	13.97	13.5	13.55	1191200	13.55	2372	伟星新材	SZ	13.9	13.9	
77	1/9/14	13.94	14.19	13.78	13.9	1594500	13.9	2372	伟星新材	SZ	13.87	13.87	
78	1/8/14	14.01	14.18	13.77	13.87	1363900	13.87	2372	伟星新材	SZ	14.01	14.01	
79	1/7/14	13.7	14.1	13.6	14.01	1182500	14.01	2372	伟星新材	SZ	13.73	13.73	
80	1/6/14	14.42	14.48	13.71	13.73	1793500	13.73	2372	伟星新材	SZ	14.43	14.43	
81	1/3/14	14.9	14.95	14.35	14.43	2110500	14.43	2372	伟星新材	SZ	14.9	14.9	
82	1/2/14	14.78	15.05	14.72	14.9	1180900	14.9	2372	伟星新材	SZ	14.82	14.82	
83	1/1/14	14.82	14.82	14.82	14.82	0	14.82	2372	伟星新材	SZ	14.82	14.82	
84	12/31/13	15.01	15.05	14.7	14.82	1253100	14.82	2372	伟星新材	SZ	15.02	15.02	
85	12/30/13	15.05	15.28	14.94	15.02	1506100	15.02	2372	伟星新材	SZ	14.99	14.99	
86	12/27/13	14.71	15.1	14.62	14.99	1470700	14.99	2372	伟星新材	SZ	14.7	14.7	
87	12/26/13	15.03	15.08	14.7	14.7	1090400	14.7	2372	伟星新材	SZ	15.08	15.08	
88	12/25/13	14.53	15.1	14.53	15.08	2238200	15.08	2372	伟星新材	SZ	14.5	14.5	
89	12/24/13	14.48	14.9	14.35	14.5	1323300	14.5	2372	伟星新材	SZ	14.51	14.51	
90	12/23/13	14.66	14.72	13.61	14.51	1803900	14.51	2372	伟星新材	SZ	14.66	14.66	
91	12/20/13	14.68	14.8	14.61	14.66	977200	14.66	2372	伟星新材	SZ	14.73	14.73	
92	12/19/13	14.84	14.91	14.64	14.73	947000	14.73	2372	伟星新材	SZ	14.7	14.7	
93	12/18/13	14.98	15.15	14.6	14.7	1483500	14.7	2372	伟星新材	SZ	15	15	
94	12/17/13	15.16	15.57	14.98	15	2955000	15	2372	伟星新材	SZ	15.16	15.16	
95	12/16/13	15.37	15.5	14.85	15.16	2910200	15.16	2372	伟星新材	SZ	15.19	15.19	
96	12/13/13	14.79	15.25	14.68	15.19	2238300	15.19	2372	伟星新材	SZ	14.8	14.8	
97	12/12/13	14.7	14.92	14.68	14.8	1123400	14.8	2372	伟星新材	SZ	14.73	14.73	
98	12/11/13	14.99	14.99	14.59	14.73	2502400	14.73	2372	伟星新材	SZ	15.09	15.09	
99	12/10/13	15.25	15.36	14.92	15.09	2092200	15.09	2372	伟星新材	SZ	15.29	15.29	
100	12/9/13	15.02	15.57	15.02	15.29	3178600	15.29	2372	伟星新材	SZ	14.98	14.98	
101	12/6/13	14.9	15.02	14.78	14.98	1592100	14.98	2372	伟星新材	SZ	14.92	14.92	
102	12/5/13	14.85	15.1	14.65	14.92	2165400	14.92	2372	伟星新材	SZ	14.82	14.82	
103	12/4/13	14.15	15.2	14	14.82	4429000	14.82	2372	伟星新材	SZ	14.15	14.15	
104	12/3/13	13.3	14.16	13.3	14.15	1691100	14.15	2372	伟星新材	SZ	13.4	13.4	
105	12/2/13	14.12	14.28	13.35	13.4	2238200	13.4	2372	伟星新材	SZ	14.33	14.33	
106	11/29/13	13.95	14.43	13.95	14.33	2049600	14.33	2372	伟星新材	SZ	14.03	14.03	
107	11/28/13	13.96	14.23	13.8	14.03	2311500	14.03	2372	伟星新材	SZ	13.93	13.93	
108	11/27/13	13.62	13.95	13.56	13.93	1694600	13.93	2372	伟星新材	SZ	13.62	13.62	
109	11/26/13	13.58	13.7	13.53	13.62	1229600	13.62	2372	伟星新材	SZ	13.6	13.6	
110	11/25/13	13.69	13.77	13.48	13.6	1308700	13.6	2372	伟星新材	SZ	13.65	13.65	
111	11/22/13	13.83	13.88	13.51	13.65	1471600	13.65	2372	伟星新材	SZ	13.76	13.76	
112	11/21/13	13.88	13.91	13.69	13.76	2175300	13.76	2372	伟星新材	SZ	13.94	13.94	
113	11/20/13	13.76	13.96	13.7	13.94	1226400	13.94	2372	伟星新材	SZ	13.75	13.75	
114	11/19/13	13.94	14.08	13.67	13.75	1994200	13.75	2372	伟星新材	SZ	13.92	13.92	
115	11/18/13	13.6	13.97	13.45	13.92	2164500	13.92	2372	伟星新材	SZ	13.42	13.42	
116	11/15/13	13.1	13.56	13.02	13.42	2194300	13.42	2372	伟星新材	SZ	13.09	13.09	
117	11/14/13	12.8	13.11	12.8	13.09	1133200	13.09	2372	伟星新材	SZ	12.87	12.87	
118	11/13/13	13.09	13.09	12.86	12.87	1044300	12.87	2372	伟星新材	SZ	13.1	13.1	
119	11/12/13	12.99	13.16	12.87	13.1	1911000	13.1	2372	伟星新材	SZ	13.04	13.04	
120	11/11/13	13.03	13.09	12.75	13.04	1845500	13.04	2372	伟星新材	SZ	13.03	13.03	
121	11/8/13	13.73	13.73	12.89	13.03	3265200	13.03	2372	伟星新材	SZ	13.74	13.74	
122	11/7/13	14.3	14.3	13.68	13.74	1260600	13.74	2372	伟星新材	SZ	14.3	14.3	
123	11/6/13	14.39	14.51	14.11	14.3	945000	14.3	2372	伟星新材	SZ	14.39	14.39	
124	11/5/13	14.44	14.44	14.05	14.39	831200	14.39	2372	伟星新材	SZ	14.44	14.44	
125	11/4/13	14.41	14.52	14.35	14.44	883400	14.44	2372	伟星新材	SZ	14.41	14.41	
126	11/1/13	14.33	14.62	14.2	14.41	1026100	14.41	2372	伟星新材	SZ	14.5	14.5	
127	10/31/13	14.38	14.78	14.38	14.5	1840900	14.5	2372	伟星新材	SZ	14.38	14.38	
128	10/30/13	14.17	14.4	14.14	14.38	1023700	14.38	2372	伟星新材	SZ	14.18	14.18	
129	10/29/13	14.47	14.49	13.9	14.18	1368500	14.18	2372	伟星新材	SZ	14.45	14.45	
130	10/28/13	14.1	14.52	14.06	14.45	1781200	14.45	2372	伟星新材	SZ	13.9	13.9	
131	10/25/13	14.1	14.16	13.76	13.9	1014800	13.9	2372	伟星新材	SZ	14.05	14.05	
132	10/24/13	14.04	14.12	13.81	14.05	1367900	14.05	2372	伟星新材	SZ	14.04	14.04	
133	10/23/13	14.71	14.71	13.85	14.04	2648300	14.04	2372	伟星新材	SZ	14.71	14.71	
134	10/22/13	15.05	15.19	14.64	14.71	1945600	14.71	2372	伟星新材	SZ	15.07	15.07	
135	10/21/13	14.69	15.13	14.69	15.07	1413800	15.07	2372	伟星新材	SZ	14.69	14.69	
136	10/18/13	14.81	14.95	14.51	14.69	1582500	14.69	2372	伟星新材	SZ	14.83	14.83	
137	10/17/13	15	15.35	14.7	14.83	2924600	14.83	2372	伟星新材	SZ	14.83	14.83	
138	10/16/13	15.22	15.3	14.71	14.83	2251300	14.83	2372	伟星新材	SZ	15.3	15.3	
139	10/15/13	15.92	15.92	15.05	15.3	3209000	15.3	2372	伟星新材	SZ	15.8	15.8	
140	10/14/13	15.95	16.08	15.72	15.8	1638200	15.8	2372	伟星新材	SZ	15.91	15.91	
141	10/11/13	15.71	16	15.66	15.91	2015200	15.91	2372	伟星新材	SZ	15.6	15.6	
142	10/10/13	15.7	16.08	15.57	15.6	2004200	15.6	2372	伟星新材	SZ	15.61	15.61	
143	10/9/13	15.42	15.61	15.26	15.61	1417400	15.61	2372	伟星新材	SZ	15.42	15.42	
144	10/8/13	15.41	15.52	15.13	15.42	1870900	15.42	2372	伟星新材	SZ	15.49	15.49	
145	10/7/13	15.49	15.49	15.49	15.49	0	15.49	2372	伟星新材	SZ	15.49	15.49	
146	10/4/13	15.49	15.49	15.49	15.49	0	15.49	2372	伟星新材	SZ	15.49	15.49	
147	10/3/13	15.49	15.49	15.49	15.49	0	15.49	2372	伟星新材	SZ	15.49	15.49	
148	10/2/13	15.49	15.49	15.49	15.49	0	15.49	2372	伟星新材	SZ	15.49	15.49	
149	10/1/13	15.49	15.49	15.49	15.49	0	15.49	2372	伟星新材	SZ	15.49	15.49	
150	9/30/13	14.83	15.58	14.83	15.49	1072000	15.49	2372	伟星新材	SZ	14.95	14.95	
151	9/27/13	14.92	15.15	14.71	14.95	1263200	14.95	2372	伟星新材	SZ	14.92	14.92	
152	9/26/13	15.56	15.56	14.92	14.92	1890700	14.92	2372	伟星新材	SZ	15.58	15.58	
153	9/25/13	15.43	15.68	15.19	15.58	2095900	15.58	2372	伟星新材	SZ	15.43	15.43	
154	9/24/13	15.59	15.75	15.28	15.43	2314700	15.43	2372	伟星新材	SZ	15.5	15.5	
155	9/23/13	15.01	15.59	14.83	15.5	3225000	15.5	2372	伟星新材	SZ	14.91	14.91	
156	9/20/13	14.91	14.91	14.91	14.91	0	14.91	2372	伟星新材	SZ	14.91	14.91	
157	9/18/13	14.71	15.2	14.6	14.91	1672700	14.91	2372	伟星新材	SZ	14.81	14.81	
158	9/17/13	14.48	15.18	14.46	14.81	5061500	14.81	2372	伟星新材	SZ	14.23	14.23	
159	9/16/13	14.46	14.58	14.15	14.23	1807900	14.23	2372	伟星新材	SZ	14.46	14.46	
160	9/13/13	14.35	14.49	14.11	14.46	1459600	14.46	2372	伟星新材	SZ	14.45	14.45	
161	9/12/13	14.65	14.79	14.43	14.45	1882900	14.45	2372	伟星新材	SZ	14.71	14.71	
162	9/11/13	14.7	14.98	14.21	14.71	3227500	14.71	2372	伟星新材	SZ	14.69	14.69	
163	9/10/13	14.05	14.75	14.05	14.69	3795400	14.69	2372	伟星新材	SZ	14.05	14.05	
164	9/9/13	14.19	14.51	14.03	14.05	3452000	14.05	2372	伟星新材	SZ	14.04	14.04	
165	9/6/13	13.48	14.24	13.42	14.04	3318600	14.04	2372	伟星新材	SZ	13.6	13.6	
166	9/5/13	13.78	13.9	13.49	13.6	3082900	13.6	2372	伟星新材	SZ	13.65	13.65	
167	9/4/13	13.2	13.68	13.19	13.65	4113100	13.65	2372	伟星新材	SZ	13.2	13.2	
168	9/3/13	13.05	13.25	12.92	13.2	1625400	13.2	2372	伟星新材	SZ	13.04	13.04	
169	9/2/13	12.7	13.12	12.66	13.04	1840400	13.04	2372	伟星新材	SZ	12.67	12.67	
170	8/30/13	13.15	13.22	12.63	12.67	2714100	12.67	2372	伟星新材	SZ	13.22	13.22	
171	8/29/13	13.06	13.33	13.06	13.22	2195500	13.22	2372	伟星新材	SZ	13.01	13.01	
172	8/28/13	13.18	13.36	13	13.01	2101900	13.01	2372	伟星新材	SZ	13.26	13.26	
173	8/27/13	13.2	13.28	13.02	13.26	2061200	13.26	2372	伟星新材	SZ	13.19	13.19	
174	8/26/13	12.7	13.2	12.69	13.19	3242100	13.19	2372	伟星新材	SZ	12.62	12.62	
175	8/23/13	12.82	12.9	12.38	12.62	1298000	12.62	2372	伟星新材	SZ	12.83	12.83	
176	8/22/13	12.7	12.98	12.7	12.83	1172800	12.83	2372	伟星新材	SZ	12.8	12.8	
177	8/21/13	12.86	12.88	12.68	12.8	1260700	12.8	2372	伟星新材	SZ	12.88	12.88	
178	8/20/13	12.98	13.22	12.8	12.88	1381500	12.88	2372	伟星新材	SZ	12.99	12.99	
179	8/19/13	12.7	13.06	12.57	12.99	1145900	12.99	2372	伟星新材	SZ	12.78	12.78	
180	8/16/13	12.85	13.84	12.71	12.78	2721500	12.78	2372	伟星新材	SZ	12.94	12.94	
181	8/15/13	12.96	13.06	12.71	12.94	1718700	12.94	2372	伟星新材	SZ	12.9	12.9	
182	8/14/13	13.23	13.25	12.88	12.9	2038600	12.9	2372	伟星新材	SZ	13.25	13.25	
183	8/13/13	12.99	13.36	12.99	13.25	3716800	13.25	2372	伟星新材	SZ	13.05	13.05	
184	8/12/13	12.49	13.15	12.4	13.05	4066900	13.05	2372	伟星新材	SZ	12.53	12.53	
185	8/9/13	12.65	12.97	12.33	12.53	3114900	12.53	2372	伟星新材	SZ	12.6	12.6	
186	8/8/13	12.73	12.86	12.51	12.6	2053000	12.6	2372	伟星新材	SZ	12.77	12.77	
187	8/7/13	12.91	13.03	12.71	12.77	1788600	12.77	2372	伟星新材	SZ	12.97	12.97	
188	8/6/13	12.88	13.05	12.67	12.97	2340900	12.97	2372	伟星新材	SZ	12.9	12.9	
189	8/5/13	12.75	13.13	12.75	12.9	2657600	12.9	2372	伟星新材	SZ	12.88	12.88	
190	8/2/13	13.15	13.27	12.86	12.88	4566400	12.88	2372	伟星新材	SZ	13.17	13.17	
191	8/1/13	12.85	13.21	12.59	13.17	9609900	13.17	2372	伟星新材	SZ	12.22	12.22	
192	7/31/13	12.12	12.28	12	12.22	2617600	12.22	2372	伟星新材	SZ	12	12	
193	7/30/13	11.78	12.23	11.4	12	3210200	12	2372	伟星新材	SZ	11.55	11.55	
194	7/29/13	11.63	11.7	11.41	11.55	1379000	11.55	2372	伟星新材	SZ	11.76	11.76	
195	7/26/13	11.79	11.83	11.48	11.76	1155300	11.76	2372	伟星新材	SZ	11.83	11.83	
196	7/25/13	11.85	11.97	11.62	11.83	915500	11.83	2372	伟星新材	SZ	11.8	11.8	
197	7/24/13	11.68	11.95	11.5	11.8	1730300	11.8	2372	伟星新材	SZ	11.75	11.75	
198	7/23/13	11.44	11.78	11.38	11.75	1465500	11.75	2372	伟星新材	SZ	11.43	11.43	
199	7/22/13	11.21	11.49	11.03	11.43	1002200	11.43	2372	伟星新材	SZ	11.2	11.2	
200	7/19/13	11.46	11.72	11.19	11.2	1286900	11.2	2372	伟星新材	SZ	11.46	11.46	
201	7/18/13	11.84	11.84	11.41	11.46	1772700	11.46	2372	伟星新材	SZ	11.88	11.88	
202	7/17/13	12.21	12.21	11.81	11.88	2014700	11.88	2372	伟星新材	SZ	12.26	12.26	
203	7/16/13	12.19	12.3	12.06	12.26	2264800	12.26	2372	伟星新材	SZ	12.19	12.19	
204	7/15/13	12.38	12.38	11.97	12.19	3415000	12.19	2372	伟星新材	SZ	12.37	12.37	
205	7/12/13	11.98	12.49	11.8	12.37	4486300	12.37	2372	伟星新材	SZ	12.08	12.08	
206	7/11/13	11.51	12.1	11.34	12.08	3531200	12.08	2372	伟星新材	SZ	11.58	11.58	
207	7/10/13	11.42	11.7	11.21	11.58	2784500	11.58	2372	伟星新材	SZ	11.39	11.39	
208	7/9/13	10.82	11.9	10.82	11.39	2906400	11.39	2372	伟星新材	SZ	10.82	10.82	
209	7/8/13	11.12	11.12	10.8	10.82	1206700	10.82	2372	伟星新材	SZ	11.31	11.31	
210	7/5/13	11.53	11.53	11.1	11.31	1609200	11.31	2372	伟星新材	SZ	11.46	11.46	
211	7/4/13	10.91	11.62	10.82	11.46	2335100	11.46	2372	伟星新材	SZ	11.01	11.01	
212	7/3/13	10.8	11.08	10.58	11.01	3004300	11.01	2372	伟星新材	SZ	10.9	10.9	
213	7/2/13	10.34	10.9	10.2	10.9	2069300	10.9	2372	伟星新材	SZ	10.34	10.34	
214	7/1/13	10.15	10.36	10.01	10.34	1428700	10.34	2372	伟星新材	SZ	10.25	10.25	
215	6/28/13	10.25	10.55	10.1	10.25	1214100	10.25	2372	伟星新材	SZ	10.26	10.26	
216	6/27/13	10.58	10.89	10.26	10.26	1683600	10.26	2372	伟星新材	SZ	10.47	10.47	
217	6/26/13	10.44	10.52	10.2	10.47	1616000	10.47	2372	伟星新材	SZ	10.48	10.48	
218	6/25/13	10.41	10.57	9.78	10.48	2982400	10.48	2372	伟星新材	SZ	10.55	10.55	
219	6/24/13	11.36	11.37	10.46	10.55	1268300	10.55	2372	伟星新材	SZ	11.36	11.36	
220	6/21/13	11.01	11.48	11.01	11.36	1271100	11.36	2372	伟星新材	SZ	11.42	11.42	
221	6/20/13	11.95	11.96	11.36	11.42	2501500	11.42	2372	伟星新材	SZ	12.03	12.03	
222	6/19/13	12.51	12.52	11.93	12.03	2494400	12.03	2372	伟星新材	SZ	13.42	9.77	
223	6/18/13	13.4	13.73	13.39	13.42	1864100	9.77	2372	伟星新材	SZ	13.41	9.76	
224	6/17/13	13.54	13.62	13.4	13.41	1385900	9.76	2372	伟星新材	SZ	13.57	9.88	
225	6/14/13	13.55	13.69	13.38	13.57	1161300	9.88	2372	伟星新材	SZ	13.58	9.89	
226	6/13/13	13.74	13.74	13.03	13.58	1312100	9.89	2372	伟星新材	SZ	13.64	9.93	
227	6/12/13	13.64	13.64	13.64	13.64	0	9.93	2372	伟星新材	SZ	13.64	9.93	
228	6/11/13	13.64	13.64	13.64	13.64	0	9.93	2372	伟星新材	SZ	13.64	9.93	
229	6/10/13	13.64	13.64	13.64	13.64	0	9.93	2372	伟星新材	SZ	13.64	9.93	
230	6/7/13	13.72	13.85	13.32	13.64	1348700	9.93	2372	伟星新材	SZ	13.72	9.98	
231	6/6/13	13.73	13.8	13.55	13.72	924900	9.98	2372	伟星新材	SZ	13.76	10.02	
232	6/5/13	13.48	13.82	13.4	13.76	1149700	10.02	2372	伟星新材	SZ	13.48	9.81	
233	6/4/13	13.68	13.72	13.31	13.48	2387400	9.81	2372	伟星新材	SZ	13.65	9.93	
234	6/3/13	13.77	13.89	13.63	13.65	1656700	9.93	2372	伟星新材	SZ	13.8	10.05	
235	5/31/13	14.02	14.18	13.78	13.8	1522400	10.05	2372	伟星新材	SZ	14.02	10.2	
236	5/30/13	14.07	14.11	13.94	14.02	1052900	10.2	2372	伟星新材	SZ	14.06	10.24	
237	5/29/13	13.87	14.12	13.87	14.06	1451700	10.24	2372	伟星新材	SZ	13.87	10.1	
238	5/28/13	14.08	14.14	13.81	13.87	1687500	10.1	2372	伟星新材	SZ	14.14	10.29	
239	5/27/13	14.08	14.17	14	14.14	1368100	10.29	2372	伟星新材	SZ	14.07	10.24	
240	5/24/13	13.75	14.08	13.75	14.07	1731000	10.24	2372	伟星新材	SZ	13.84	10.07	
241	5/23/13	13.75	14.05	13.74	13.84	2344600	10.07	2372	伟星新材	SZ	13.74	10	
242	5/22/13	13.96	14.14	13.7	13.74	2396000	10	2372	伟星新材	SZ	13.98	10.18	
243	5/21/13	13.92	14.24	13.87	13.98	3259600	10.18	2372	伟星新材	SZ	13.83	10.07	
244	5/20/13	13.45	13.93	13.43	13.83	3141900	10.07	2372	伟星新材	SZ	13.3	9.68	
245	5/17/13	13.08	13.38	13.08	13.3	1728700	9.68	2372	伟星新材	SZ	13.14	9.56	
246	5/16/13	13.17	13.43	13.08	13.14	2332700	9.56	2372	伟星新材	SZ	13.17	9.59	
247	5/15/13	12.91	13.18	12.84	13.17	1655300	9.59	2372	伟星新材	SZ	12.88	9.38	
248	5/14/13	12.95	13.06	12.77	12.88	1269600	9.38	2372	伟星新材	SZ	12.95	9.43	
249	5/13/13	12.93	12.98	12.82	12.95	1264100	9.43	2372	伟星新材	SZ	12.93	9.41	
250	5/10/13	12.98	13.05	12.82	12.93	1485200	9.41	2372	伟星新材	SZ	12.98	9.45	
251	5/9/13	12.97	13.07	12.82	12.98	1557800	9.45	2372	伟星新材	SZ	12.97	9.44	
252	5/8/13	12.77	13	12.6	12.97	2188400	9.44	2372	伟星新材	SZ	12.71	9.25	
253	5/7/13	12.69	12.79	12.58	12.71	1426000	9.25	2372	伟星新材	SZ	12.78	9.31	
254	5/6/13	12.73	12.81	12.68	12.78	1870300	9.31	2372	伟星新材	SZ	12.78	9.3	
255	5/3/13	12.63	12.93	12.63	12.78	1291700	9.3	2372	伟星新材	SZ	12.63	9.19	
256	5/2/13	12.55	12.65	12.47	12.63	761600	9.19	2372	伟星新材	SZ	12.55	9.13	
257	5/1/13	12.55	12.55	12.55	12.55	0	9.13	2372	伟星新材	SZ	12.55	9.13	
258	4/30/13	12.55	12.55	12.55	12.55	0	9.13	2372	伟星新材	SZ	12.55	9.13	
259	4/29/13	12.55	12.55	12.55	12.55	0	9.13	2372	伟星新材	SZ	12.55	9.13	
260	4/26/13	12.68	12.75	12.53	12.55	1506500	9.13	2372	伟星新材	SZ	12.69	9.24	
261	4/25/13	12.67	12.81	12.53	12.69	1943400	9.24	2372	伟星新材	SZ	12.66	9.22	
262	4/24/13	12.17	12.73	12.15	12.66	3503400	9.22	2372	伟星新材	SZ	12.08	8.79	
263	4/23/13	12.46	12.46	12.01	12.08	2088700	8.79	2372	伟星新材	SZ	12.45	9.06	
264	4/22/13	12.41	12.54	12.37	12.45	1667600	9.06	2372	伟星新材	SZ	12.37	9	
265	4/19/13	12.15	12.42	12.15	12.37	1941200	9	2372	伟星新材	SZ	12.2	8.88	
266	4/18/13	12.08	12.34	12	12.2	3083100	8.88	2372	伟星新材	SZ	12.08	8.8	
267	4/17/13	11.91	12.1	11.91	12.08	1414600	8.8	2372	伟星新材	SZ	11.89	8.66	
268	4/16/13	11.69	11.92	11.56	11.89	1016500	8.66	2372	伟星新材	SZ	11.77	8.57	
269	4/15/13	11.92	11.92	11.7	11.77	616300	8.57	2372	伟星新材	SZ	11.83	8.61	
270	4/12/13	11.85	11.99	11.65	11.83	957600	8.61	2372	伟星新材	SZ	11.93	8.69	
271	4/11/13	12.02	12.08	11.86	11.93	1371900	8.69	2372	伟星新材	SZ	12.08	8.79	
272	4/10/13	12.14	12.15	11.88	12.08	1011500	8.79	2372	伟星新材	SZ	12.07	8.79	
273	4/9/13	11.88	12.07	11.72	12.07	1732900	8.79	2372	伟星新材	SZ	11.83	8.61	
274	4/8/13	11.69	11.85	11.55	11.83	1115200	8.61	2372	伟星新材	SZ	11.91	8.67	
275	4/5/13	11.91	11.91	11.91	11.91	0	8.67	2372	伟星新材	SZ	11.91	8.67	
276	4/4/13	11.91	11.91	11.91	11.91	0	8.67	2372	伟星新材	SZ	11.91	8.67	
277	4/3/13	11.85	11.94	11.67	11.91	915200	8.67	2372	伟星新材	SZ	11.91	8.67	
278	4/2/13	11.84	12.12	11.83	11.91	2274000	8.67	2372	伟星新材	SZ	11.78	8.58	
279	4/1/13	11.55	11.83	11.55	11.78	908200	8.58	2372	伟星新材	SZ	11.54	8.4	
280	3/29/13	11.48	11.69	11.43	11.54	955300	8.4	2372	伟星新材	SZ	11.6	8.44	
281	3/28/13	11.77	11.77	11.46	11.6	1504100	8.44	2372	伟星新材	SZ	11.89	8.66	
282	3/27/13	11.88	12.01	11.78	11.89	764700	8.66	2372	伟星新材	SZ	11.85	8.62	
283	3/26/13	12.05	12.05	11.69	11.85	1347500	8.62	2372	伟星新材	SZ	12.03	8.76	
284	3/25/13	12.07	12.12	11.95	12.03	1204900	8.76	2372	伟星新材	SZ	12.05	8.77	
285	3/22/13	12.05	12.11	11.95	12.05	1206500	8.77	2372	伟星新材	SZ	12.05	8.77	
286	3/21/13	12	12.12	11.95	12.05	1946300	8.77	2372	伟星新材	SZ	12	8.74	
287	3/20/13	11.73	12.01	11.62	12	2056600	8.74	2372	伟星新材	SZ	11.72	8.53	
288	3/19/13	11.52	11.72	11.44	11.72	1233000	8.53	2372	伟星新材	SZ	11.52	8.39	
289	3/18/13	11.54	11.67	11.43	11.52	1545600	8.39	2372	伟星新材	SZ	11.52	8.38	
290	3/15/13	11.85	11.92	11.43	11.52	2950700	8.38	2372	伟星新材	SZ	11.88	8.65	
291	3/14/13	11.84	11.97	11.78	11.88	1125400	8.65	2372	伟星新材	SZ	11.92	8.67	
292	3/13/13	12.15	12.44	11.65	11.92	2576300	8.67	2372	伟星新材	SZ	12.17	8.86	
293	3/12/13	12.48	12.71	12	12.17	2108900	8.86	2372	伟星新材	SZ	12.53	9.12	
294	3/11/13	12.62	12.62	12.41	12.53	935900	9.12	2372	伟星新材	SZ	12.62	9.19	
295	3/8/13	12.64	12.92	12.61	12.62	1415700	9.19	2372	伟星新材	SZ	12.75	9.28	
296	3/7/13	12.83	13.06	12.69	12.75	2846800	9.28	2372	伟星新材	SZ	12.83	9.34	
297	3/6/13	12.73	12.92	12.65	12.83	2104500	9.34	2372	伟星新材	SZ	12.69	9.24	
298	3/5/13	12.48	12.74	12.4	12.69	1727800	9.24	2372	伟星新材	SZ	12.59	9.17	
299	3/4/13	13	13	12.38	12.59	3329600	9.17	2372	伟星新材	SZ	13.1	9.54	
300	3/1/13	12.85	13.15	12.82	13.1	2325800	9.54	2372	伟星新材	SZ	12.87	9.37	
301	2/28/13	12.68	12.95	12.55	12.87	2102600	9.37	2372	伟星新材	SZ	12.64	9.2	
302	2/27/13	12.6	12.85	12.43	12.64	1738200	9.2	2372	伟星新材	SZ	12.44	9.05	
303	2/26/13	12.64	12.75	12.42	12.44	1561400	9.05	2372	伟星新材	SZ	12.65	9.21	
304	2/25/13	12.65	12.73	12.46	12.65	1234400	9.21	2372	伟星新材	SZ	12.73	9.27	
305	2/22/13	12.88	12.88	12.38	12.73	2242100	9.27	2372	伟星新材	SZ	12.84	9.35	
306	2/21/13	13.05	13.08	12.7	12.84	2170400	9.35	2372	伟星新材	SZ	13.13	9.56	
307	2/20/13	12.75	13.2	12.75	13.13	1504200	9.56	2372	伟星新材	SZ	12.82	9.33	
308	2/19/13	13.22	13.26	12.81	12.82	1922700	9.33	2372	伟星新材	SZ	13.22	9.62	
309	2/18/13	13.08	13.37	13.08	13.22	2471000	9.62	2372	伟星新材	SZ	13.08	9.52	
310	2/15/13	13.08	13.08	13.08	13.08	0	9.52	2372	伟星新材	SZ	13.08	9.52	
311	2/14/13	13.08	13.08	13.08	13.08	0	9.52	2372	伟星新材	SZ	13.08	9.52	
312	2/13/13	13.08	13.08	13.08	13.08	0	9.52	2372	伟星新材	SZ	13.08	9.52	
313	2/12/13	13.08	13.08	13.08	13.08	0	9.52	2372	伟星新材	SZ	13.08	9.52	
314	2/11/13	13.08	13.08	13.08	13.08	0	9.52	2372	伟星新材	SZ	13.08	9.52	
315	2/8/13	12.81	13.15	12.78	13.08	2393600	9.52	2372	伟星新材	SZ	12.85	9.35	
316	2/7/13	12.78	12.96	12.71	12.85	1329000	9.35	2372	伟星新材	SZ	12.85	9.35	
317	2/6/13	12.63	12.97	12.6	12.85	2550500	9.35	2372	伟星新材	SZ	12.63	9.19	
318	2/5/13	12.35	12.68	12.28	12.63	1321900	9.19	2372	伟星新材	SZ	12.38	9.01	
319	2/4/13	12.53	12.75	12.35	12.38	2024600	9.01	2372	伟星新材	SZ	12.59	9.17	
320	2/1/13	12.47	12.69	12.39	12.59	1733100	9.17	2372	伟星新材	SZ	12.48	9.09	
321	1/31/13	12.38	12.51	12.32	12.48	1254200	9.09	2372	伟星新材	SZ	12.43	9.05	
322	1/30/13	12.62	12.64	12.24	12.43	2203900	9.05	2372	伟星新材	SZ	12.57	9.15	
323	1/29/13	12.56	12.8	12.43	12.57	2051200	9.15	2372	伟星新材	SZ	12.55	9.13	
324	1/28/13	12.22	12.58	12	12.55	2353500	9.13	2372	伟星新材	SZ	12.18	8.86	
325	1/25/13	12.05	12.28	11.98	12.18	1579600	8.86	2372	伟星新材	SZ	12.12	8.82	
326	1/24/13	12.54	12.64	11.98	12.12	2954900	8.82	2372	伟星新材	SZ	12.5	9.1	
327	1/23/13	12.69	12.75	12.3	12.5	2423600	9.1	2372	伟星新材	SZ	12.78	9.3	
328	1/22/13	13.12	13.12	12.65	12.78	2170200	9.3	2372	伟星新材	SZ	13.17	9.59	
329	1/21/13	12.94	13.21	12.85	13.17	3141000	9.59	2372	伟星新材	SZ	12.98	9.45	
330	1/18/13	12.98	13.05	12.71	12.98	3431900	9.45	2372	伟星新材	SZ	12.98	9.45	
331	1/17/13	12.86	13.05	12.67	12.98	2940200	9.45	2372	伟星新材	SZ	12.86	9.36	
332	1/16/13	12.96	13.18	12.67	12.86	3787500	9.36	2372	伟星新材	SZ	12.95	9.43	
333	1/15/13	12.98	13.14	12.77	12.95	4246600	9.43	2372	伟星新材	SZ	12.96	9.44	
334	1/14/13	12.62	13.03	12.58	12.96	4924900	9.44	2372	伟星新材	SZ	12.68	9.23	
335	1/11/13	13.2	13.22	12.62	12.68	4005200	9.23	2372	伟星新材	SZ	13.18	9.6	
336	1/10/13	13.08	13.38	13	13.18	3659200	9.6	2372	伟星新材	SZ	13.23	9.63	
337	1/9/13	13.28	13.28	12.88	13.23	3379100	9.63	2372	伟星新材	SZ	13.42	9.77	
338	1/8/13	12.99	13.43	12.78	13.42	6272600	9.77	2372	伟星新材	SZ	13.06	9.51	
339	1/7/13	12.85	13.23	12.67	13.06	4592400	9.51	2372	伟星新材	SZ	12.82	9.33	
340	1/4/13	12.92	13.05	12.65	12.82	4324900	9.33	2372	伟星新材	SZ	12.86	9.36	
341	1/3/13	12.86	12.86	12.86	12.86	0	9.36	2372	伟星新材	SZ	12.86	9.36	
342	1/2/13	12.86	12.86	12.86	12.86	0	9.36	2372	伟星新材	SZ	12.86	9.36	
343	1/1/13	12.86	12.86	12.86	12.86	0	9.36	2372	伟星新材	SZ	12.86	9.36	
344	12/31/12	13.06	13.08	12.67	12.86	4331800	9.36	2372	伟星新材	SZ	12.99	9.46	
345	12/28/12	12.15	13.3	12.12	12.99	7670100	9.46	2372	伟星新材	SZ	12.21	8.89	
346	12/27/12	12.54	12.55	12.19	12.21	4132200	8.89	2372	伟星新材	SZ	12.54	9.13	
347	12/26/12	12.5	12.91	12.35	12.54	5325900	9.13	2372	伟星新材	SZ	12.43	9.05	
348	12/25/12	12.13	12.65	12.1	12.43	6135600	9.05	2372	伟星新材	SZ	12.25	8.91	
349	12/24/12	11.44	12.46	11.44	12.25	7249800	8.91	2372	伟星新材	SZ	11.45	8.34	
350	12/21/12	11.38	11.62	11.31	11.45	2916900	8.34	2372	伟星新材	SZ	11.46	8.34	
351	12/20/12	11.27	11.74	11.26	11.46	4684600	8.34	2372	伟星新材	SZ	11.33	8.25	
352	12/19/12	11.25	11.42	11.24	11.33	1864700	8.25	2372	伟星新材	SZ	11.25	8.19	
353	12/18/12	11.32	11.49	11.19	11.25	2514900	8.19	2372	伟星新材	SZ	11.32	8.24	
354	12/17/12	11.32	11.5	11.19	11.32	2548900	8.24	2372	伟星新材	SZ	11.32	8.24	
355	12/14/12	10.84	11.35	10.82	11.32	3886000	8.24	2372	伟星新材	SZ	10.81	7.87	
356	12/13/12	10.96	10.99	10.74	10.81	1045900	7.87	2372	伟星新材	SZ	10.94	7.96	
357	12/12/12	10.85	11.21	10.85	10.94	2000800	7.96	2372	伟星新材	SZ	10.81	7.87	
358	12/11/12	10.97	10.97	10.79	10.81	1345000	7.87	2372	伟星新材	SZ	10.98	8	
359	12/10/12	10.97	11.04	10.78	10.98	2137800	8	2372	伟星新材	SZ	10.84	7.89	
360	12/7/12	10.54	10.96	10.48	10.84	2275800	7.89	2372	伟星新材	SZ	10.58	7.7	
361	12/6/12	10.61	10.68	10.47	10.58	987500	7.7	2372	伟星新材	SZ	10.52	7.66	
362	12/5/12	10.08	10.7	10.05	10.52	1528700	7.66	2372	伟星新材	SZ	10.07	7.33	
363	12/4/12	9.92	10.08	9.81	10.07	871700	7.33	2372	伟星新材	SZ	9.93	7.23	
364	12/3/12	10.05	10.12	9.91	9.93	729800	7.23	2372	伟星新材	SZ	10.04	7.31	
365	11/30/12	9.9	10.07	9.88	10.04	455700	7.31	2372	伟星新材	SZ	9.96	7.25	
366	11/29/12	10.04	10.12	9.88	9.96	657800	7.25	2372	伟星新材	SZ	10.11	7.36	
367	11/28/12	10.08	10.2	9.98	10.11	859400	7.36	2372	伟星新材	SZ	10.12	7.36	
368	11/27/12	10.38	10.4	10.07	10.12	873900	7.36	2372	伟星新材	SZ	10.52	7.66	
369	11/26/12	10.5	10.61	10.43	10.52	357700	7.66	2372	伟星新材	SZ	10.6	7.72	
370	11/23/12	10.46	10.65	10.46	10.6	459500	7.72	2372	伟星新材	SZ	10.62	7.73	
371	11/22/12	10.65	10.7	10.08	10.62	650900	7.73	2372	伟星新材	SZ	10.72	7.8	
372	11/21/12	10.62	10.83	10.54	10.72	899000	7.8	2372	伟星新材	SZ	10.64	7.74	
373	11/20/12	10.55	10.68	10.45	10.64	573900	7.74	2372	伟星新材	SZ	10.49	7.64	
374	11/19/12	10.35	10.51	10.31	10.49	266900	7.64	2372	伟星新材	SZ	10.38	7.56	
375	11/16/12	10.32	10.43	10.31	10.38	350500	7.56	2372	伟星新材	SZ	10.38	7.55	
376	11/15/12	10.74	10.74	10.35	10.38	341900	7.55	2372	伟星新材	SZ	10.72	7.81	
377	11/14/12	10.69	10.75	10.59	10.72	293700	7.81	2372	伟星新材	SZ	10.75	7.82	
378	11/13/12	10.79	10.81	10.56	10.75	720100	7.82	2372	伟星新材	SZ	10.82	7.87	
379	11/12/12	10.69	10.82	10.61	10.82	781600	7.87	2372	伟星新材	SZ	10.69	7.78	
380	11/9/12	10.5	10.73	10.5	10.69	542000	7.78	2372	伟星新材	SZ	10.69	7.78	
381	11/8/12	11	11.1	10.58	10.69	1326600	7.78	2372	伟星新材	SZ	11.11	8.09	
382	11/7/12	11.03	11.23	11	11.11	576400	8.09	2372	伟星新材	SZ	11.14	8.11	
383	11/6/12	11.29	11.32	10.96	11.14	850500	8.11	2372	伟星新材	SZ	11.29	8.22	
384	11/5/12	11.25	11.37	11.15	11.29	1198000	8.22	2372	伟星新材	SZ	11.21	8.16	
385	11/2/12	11.28	11.28	11.08	11.21	1142600	8.16	2372	伟星新材	SZ	11.23	8.18	
386	11/1/12	11.12	11.35	11.06	11.23	1403600	8.18	2372	伟星新材	SZ	11.09	8.07	
387	10/31/12	10.95	11.17	10.95	11.09	815700	8.07	2372	伟星新材	SZ	10.95	7.97	
388	10/30/12	10.89	11.08	10.88	10.95	522200	7.97	2372	伟星新材	SZ	10.93	7.96	
389	10/29/12	11.04	11.08	10.8	10.93	992300	7.96	2372	伟星新材	SZ	11.12	8.1	
390	10/26/12	11.05	11.22	10.88	11.12	1226800	8.1	2372	伟星新材	SZ	11.11	8.09	
391	10/25/12	11.1	11.24	11.09	11.11	717500	8.09	2372	伟星新材	SZ	11.2	8.15	
392	10/24/12	11.38	11.41	11.07	11.2	2536100	8.15	2372	伟星新材	SZ	11.35	8.27	
393	10/23/12	11.68	12.09	11.29	11.35	3769600	8.27	2372	伟星新材	SZ	11.35	8.26	
394	10/22/12	11.16	11.53	11.15	11.35	1973400	8.26	2372	伟星新材	SZ	11.45	8.33	
395	10/19/12	10.91	12	10.82	11.45	5725900	8.33	2372	伟星新材	SZ	10.91	7.94	
396	10/18/12	10.71	10.96	10.71	10.91	1069400	7.94	2372	伟星新材	SZ	10.73	7.81	
397	10/17/12	10.75	10.81	10.65	10.73	414300	7.81	2372	伟星新材	SZ	10.75	7.83	
398	10/16/12	10.78	10.83	10.67	10.75	625000	7.83	2372	伟星新材	SZ	10.75	7.83	
399	10/15/12	10.63	10.85	10.62	10.75	899900	7.83	2372	伟星新材	SZ	10.67	7.77	
400	10/12/12	10.71	10.72	10.48	10.67	608100	7.77	2372	伟星新材	SZ	10.58	7.71	
401	10/11/12	10.85	10.85	10.58	10.58	991300	7.71	2372	伟星新材	SZ	10.85	7.9	
402	10/10/12	10.68	10.92	10.65	10.85	825500	7.9	2372	伟星新材	SZ	10.7	7.79	
403	10/9/12	10.4	10.77	10.4	10.7	767700	7.79	2372	伟星新材	SZ	10.37	7.55	
404	10/8/12	10.46	10.48	10.35	10.37	385800	7.55	2372	伟星新材	SZ	10.41	7.58	
405	10/5/12	10.41	10.41	10.41	10.41	0	7.58	2372	伟星新材	SZ	10.41	7.58	
406	10/4/12	10.41	10.41	10.41	10.41	0	7.58	2372	伟星新材	SZ	10.41	7.58	
407	10/3/12	10.41	10.41	10.41	10.41	0	7.58	2372	伟星新材	SZ	10.41	7.58	
408	10/2/12	10.41	10.41	10.41	10.41	0	7.58	2372	伟星新材	SZ	10.41	7.58	
409	10/1/12	10.41	10.41	10.41	10.41	0	7.58	2372	伟星新材	SZ	10.41	7.58	
410	9/28/12	10.09	10.52	10.09	10.41	1003100	7.58	2372	伟星新材	SZ	10.12	7.37	
411	9/27/12	9.96	10.25	9.96	10.12	857300	7.37	2372	伟星新材	SZ	10.02	7.3	
412	9/26/12	10.28	10.32	9.96	10.02	475400	7.3	2372	伟星新材	SZ	10.28	7.49	
413	9/25/12	10.43	10.45	10.22	10.28	404500	7.49	2372	伟星新材	SZ	10.46	7.62	
414	9/24/12	10.29	10.52	10.22	10.46	472800	7.62	2372	伟星新材	SZ	10.37	7.55	
415	9/21/12	10.25	10.47	10.25	10.37	442800	7.55	2372	伟星新材	SZ	10.36	7.54	
416	9/20/12	10.74	10.75	10.36	10.36	688300	7.54	2372	伟星新材	SZ	10.75	7.83	
417	9/19/12	10.81	10.82	10.67	10.75	377100	7.83	2372	伟星新材	SZ	10.68	7.77	
418	9/18/12	10.77	10.77	10.65	10.68	541800	7.77	2372	伟星新材	SZ	10.78	7.85	
419	9/17/12	11.09	11.09	10.69	10.78	866500	7.85	2372	伟星新材	SZ	11.11	8.09	
420	9/14/12	11.07	11.23	10.96	11.11	1125700	8.09	2372	伟星新材	SZ	10.96	7.98	
421	9/13/12	11.22	11.22	10.95	10.96	984400	7.98	2372	伟星新材	SZ	11.22	8.16	
422	9/12/12	11.23	11.27	11.12	11.22	1744600	8.16	2372	伟星新材	SZ	11.18	8.14	
423	9/11/12	11.24	11.24	11.07	11.18	1710800	8.14	2372	伟星新材	SZ	11.23	8.18	
424	9/10/12	11.18	11.43	11.15	11.23	2694600	8.18	2372	伟星新材	SZ	11.15	8.12	
425	9/7/12	11.04	11.48	10.93	11.15	4179400	8.12	2372	伟星新材	SZ	10.92	7.95	
426	9/6/12	10.65	10.96	10.65	10.92	1130800	7.95	2372	伟星新材	SZ	10.71	7.79	
427	9/5/12	10.65	10.73	10.54	10.71	716500	7.79	2372	伟星新材	SZ	10.62	7.73	
428	9/4/12	10.65	10.76	10.55	10.62	541000	7.73	2372	伟星新材	SZ	10.67	7.77	
429	9/3/12	10.51	10.72	10.51	10.67	703400	7.77	2372	伟星新材	SZ	10.48	7.63	
430	8/31/12	10.35	10.57	10.35	10.48	350600	7.63	2372	伟星新材	SZ	10.47	7.62	
431	8/30/12	10.65	10.75	10.25	10.47	1228300	7.62	2372	伟星新材	SZ	10.72	7.8	
432	8/29/12	10.76	10.83	10.62	10.72	476800	7.8	2372	伟星新材	SZ	10.75	7.82	
433	8/28/12	10.62	10.85	10.62	10.75	792400	7.82	2372	伟星新材	SZ	10.64	7.74	
434	8/27/12	10.73	10.77	10.62	10.64	833300	7.74	2372	伟星新材	SZ	10.76	7.83	
435	8/24/12	11.08	11.08	10.74	10.76	898900	7.83	2372	伟星新材	SZ	11.08	8.06	
436	8/23/12	11.04	11.14	10.85	11.08	946100	8.06	2372	伟星新材	SZ	11.12	8.09	
437	8/22/12	11.09	11.23	10.92	11.12	1711800	8.09	2372	伟星新材	SZ	11.12	8.09	
438	8/21/12	10.87	11.29	10.78	11.12	2057900	8.09	2372	伟星新材	SZ	10.88	7.92	
439	8/20/12	10.65	10.9	10.58	10.88	799300	7.92	2372	伟星新材	SZ	10.68	7.77	
440	8/17/12	10.54	10.74	10.52	10.68	544300	7.77	2372	伟星新材	SZ	10.6	7.72	
441	8/16/12	10.67	10.8	10.59	10.6	731300	7.72	2372	伟星新材	SZ	10.75	7.82	
442	8/15/12	10.83	10.87	10.7	10.75	913600	7.82	2372	伟星新材	SZ	10.83	7.88	
443	8/14/12	10.55	10.85	10.51	10.83	1102600	7.88	2372	伟星新材	SZ	10.56	7.69	
444	8/13/12	10.78	10.78	10.54	10.56	869100	7.69	2372	伟星新材	SZ	10.78	7.85	
445	8/10/12	10.85	10.91	10.77	10.78	1227100	7.85	2372	伟星新材	SZ	10.85	7.9	
446	8/9/12	10.85	10.99	10.65	10.85	2451700	7.9	2372	伟星新材	SZ	10.61	7.72	
447	8/8/12	10.73	10.76	10.52	10.61	1066400	7.72	2372	伟星新材	SZ	10.75	7.83	
448	8/7/12	10.58	10.76	10.52	10.75	1884100	7.83	2372	伟星新材	SZ	10.59	7.71	
449	8/6/12	10.22	10.64	10.19	10.59	1951900	7.71	2372	伟星新材	SZ	10.28	7.48	
450	8/3/12	10.12	10.3	9.98	10.28	842000	7.48	2372	伟星新材	SZ	10.03	7.3	
451	8/2/12	10.18	10.27	9.96	10.03	730900	7.3	2372	伟星新材	SZ	10.22	7.44	
452	8/1/12	10.04	10.37	10.04	10.22	871900	7.44	2372	伟星新材	SZ	10.08	7.34	
453	7/31/12	10.02	10.15	9.77	10.08	1130800	7.34	2372	伟星新材	SZ	10.05	7.31	
454	7/30/12	10.27	10.37	10.01	10.05	652500	7.31	2372	伟星新材	SZ	10.26	7.47	
455	7/27/12	10.42	10.42	10.23	10.26	808300	7.47	2372	伟星新材	SZ	10.38	7.55	
456	7/26/12	10.47	10.54	10.31	10.38	1717600	7.55	2372	伟星新材	SZ	10.56	7.69	
457	7/25/12	10.14	10.74	10.1	10.56	3533400	7.69	2372	伟星新材	SZ	10.3	7.5	
458	7/24/12	9.98	10.37	9.89	10.3	1489800	7.5	2372	伟星新材	SZ	10.23	7.45	
459	7/23/12	10.48	10.77	10.15	10.23	3196200	7.45	2372	伟星新材	SZ	10.14	7.38	
460	7/20/12	10.23	10.29	10.12	10.14	755400	7.38	2372	伟星新材	SZ	10.23	7.45	
461	7/19/12	10.14	10.33	10.08	10.23	1409100	7.45	2372	伟星新材	SZ	10.11	7.36	
462	7/18/12	10.01	10.12	9.78	10.11	1211900	7.36	2372	伟星新材	SZ	10.02	7.29	
463	7/17/12	10	10.08	9.94	10.02	874600	7.29	2372	伟星新材	SZ	10.01	7.29	
464	7/16/12	10.33	10.38	10	10.01	1233300	7.29	2372	伟星新材	SZ	10.34	7.53	
465	7/13/12	10.31	10.36	10.25	10.34	1013800	7.53	2372	伟星新材	SZ	10.3	7.5	
466	7/12/12	10.33	10.39	10.09	10.3	1292300	7.5	2372	伟星新材	SZ	10.31	7.5	
467	7/11/12	10.25	10.43	10.24	10.31	638700	7.5	2372	伟星新材	SZ	10.25	7.46	
468	7/10/12	10.52	10.55	10.22	10.25	1129700	7.46	2372	伟星新材	SZ	10.55	7.68	
469	7/9/12	10.85	10.88	10.54	10.55	825100	7.68	2372	伟星新材	SZ	10.92	7.95	
470	7/6/12	10.81	10.92	10.62	10.92	558500	7.95	2372	伟星新材	SZ	10.68	7.78	
471	7/5/12	10.95	10.95	10.65	10.68	660000	7.78	2372	伟星新材	SZ	10.95	7.97	
472	7/4/12	10.9	10.96	10.86	10.95	792000	7.97	2372	伟星新材	SZ	10.9	7.93	
473	7/3/12	10.89	11.03	10.84	10.9	973900	7.93	2372	伟星新材	SZ	10.89	7.93	
474	7/2/12	10.97	10.97	10.82	10.89	806000	7.93	2372	伟星新材	SZ	10.86	7.91	
475	6/29/12	10.67	10.88	10.62	10.86	504700	7.91	2372	伟星新材	SZ	10.69	7.78	
476	6/28/12	10.81	10.88	10.67	10.69	758400	7.78	2372	伟星新材	SZ	10.78	7.85	
477	6/27/12	10.97	11.02	10.77	10.78	973300	7.85	2372	伟星新材	SZ	10.89	7.93	
478	6/26/12	10.88	11	10.79	10.89	977800	7.93	2372	伟星新材	SZ	10.88	7.92	
479	6/25/12	11.32	11.5	10.88	10.88	930600	7.92	2372	伟星新材	SZ	11.32	8.24	
480	6/22/12	11.32	11.32	11.32	11.32	0	8.24	2372	伟星新材	SZ	11.32	8.24	
481	6/21/12	11.63	11.63	11.3	11.32	1185200	8.24	2372	伟星新材	SZ	11.63	8.47	
482	6/20/12	11.88	11.9	11.63	11.63	620300	8.47	2372	伟星新材	SZ	11.75	8.56	
483	6/19/12	11.88	11.93	11.75	11.75	666800	8.56	2372	伟星新材	SZ	11.88	8.65	
484	6/18/12	11.75	12.07	11.75	11.88	1008600	8.65	2372	伟星新材	SZ	11.72	8.53	
485	6/15/12	11.69	11.8	11.66	11.72	902300	8.53	2372	伟星新材	SZ	11.66	8.49	
486	6/14/12	11.71	11.82	11.66	11.66	1229200	8.49	2372	伟星新材	SZ	11.69	8.51	
487	6/13/12	11.65	11.8	11.52	11.69	1245400	8.51	2372	伟星新材	SZ	11.64	8.47	
488	6/12/12	11.54	11.73	11.43	11.64	1269100	8.47	2372	伟星新材	SZ	11.61	8.45	
489	6/11/12	11.66	11.78	11.33	11.61	2668000	8.45	2372	伟星新材	SZ	11.76	8.56	
490	6/8/12	12.23	12.28	11.69	11.76	1597900	8.56	2372	伟星新材	SZ	12.16	8.85	
491	6/7/12	12.5	12.5	12.15	12.16	3696300	8.85	2372	伟星新材	SZ	12.54	9.13	
492	6/6/12	12.62	12.74	12.15	12.54	3401300	9.13	2372	伟星新材	SZ	12.74	9.27	
493	6/5/12	11.68	12.77	11.66	12.74	2891700	9.27	2372	伟星新材	SZ	11.69	8.51	
494	6/4/12	11.77	11.77	11.58	11.69	1013500	8.51	2372	伟星新材	SZ	11.88	8.65	
495	6/1/12	11.94	12.02	11.85	11.88	449600	8.65	2372	伟星新材	SZ	11.94	8.69	
496	5/31/12	11.85	12.02	11.82	11.94	659700	8.69	2372	伟星新材	SZ	11.91	8.67	
497	5/30/12	11.93	11.99	11.85	11.91	885900	8.67	2372	伟星新材	SZ	11.92	8.68	
498	5/29/12	11.8	12.12	11.79	11.92	1509300	8.68	2372	伟星新材	SZ	11.81	8.6	
499	5/28/12	11.5	11.82	11.38	11.81	462600	8.6	2372	伟星新材	SZ	11.55	8.41	
500	5/25/12	11.81	11.84	11.53	11.55	415600	8.41	2372	伟星新材	SZ	11.81	8.6	
501	5/24/12	11.81	11.88	11.78	11.81	334600	8.6	2372	伟星新材	SZ	11.84	8.62	
502	5/23/12	11.88	11.95	11.73	11.84	861500	8.62	2372	伟星新材	SZ	11.87	8.64	
503	5/22/12	11.73	11.88	11.71	11.87	539100	8.64	2372	伟星新材	SZ	11.71	8.52	
504	5/21/12	11.68	11.78	11.66	11.71	435200	8.52	2372	伟星新材	SZ	11.68	8.5	
505	5/18/12	11.84	11.84	11.65	11.68	566700	8.5	2372	伟星新材	SZ	11.88	8.65	
506	5/17/12	11.78	11.92	11.73	11.88	541600	8.65	2372	伟星新材	SZ	11.75	8.56	
507	5/16/12	11.92	12.03	11.75	11.75	814700	8.56	2372	伟星新材	SZ	12.02	8.75	
508	5/15/12	12.31	12.31	11.85	12.02	1074100	8.75	2372	伟星新材	SZ	12.35	8.99	
509	5/14/12	12.52	12.52	12.31	12.35	521000	8.99	2372	伟星新材	SZ	12.4	9.03	
510	5/11/12	12.37	12.5	12.36	12.4	276700	9.03	2372	伟星新材	SZ	12.45	9.06	
511	5/10/12	12.38	12.45	12.33	12.45	320200	9.06	2372	伟星新材	SZ	12.37	9	
512	5/9/12	12.55	12.63	12.32	12.37	546500	9	2372	伟星新材	SZ	12.63	9.19	
513	5/8/12	12.71	12.71	12.54	12.63	651900	9.19	2372	伟星新材	SZ	12.72	9.26	
514	5/7/12	12.72	12.75	12.55	12.72	705600	9.26	2372	伟星新材	SZ	12.76	9.29	
515	5/4/12	12.47	12.84	12.47	12.76	1189500	9.29	2372	伟星新材	SZ	12.52	9.12	
516	5/3/12	12.5	12.57	12.45	12.52	598900	9.12	2372	伟星新材	SZ	12.5	9.1	
517	5/2/12	12.53	12.59	12.39	12.5	808900	9.1	2372	伟星新材	SZ	12.35	8.99	
518	5/1/12	12.35	12.35	12.35	12.35	0	8.99	2372	伟星新材	SZ	12.35	8.99	
519	4/30/12	12.35	12.35	12.35	12.35	0	8.99	2372	伟星新材	SZ	12.35	8.99	
520	4/27/12	12.38	12.4	12.27	12.35	373400	8.99	2372	伟星新材	SZ	12.33	8.98	
521	4/26/12	12.4	12.46	12.3	12.33	699600	8.98	2372	伟星新材	SZ	12.41	9.03	
522	4/25/12	12.37	12.54	12.31	12.41	889200	9.03	2372	伟星新材	SZ	12.42	9.04	
523	4/24/12	12.25	12.45	12.12	12.42	849500	9.04	2372	伟星新材	SZ	12.25	8.92	
524	4/23/12	12.72	12.72	12.16	12.25	2423300	8.92	2372	伟星新材	SZ	12.78	9.31	
525	4/20/12	12.89	12.92	12.65	12.78	2439500	9.31	2372	伟星新材	SZ	13.87	9.57	
526	4/19/12	13.69	13.94	13.62	13.87	3134600	9.57	2372	伟星新材	SZ	13.59	9.38	
527	4/18/12	13.31	13.59	13.23	13.59	1489300	9.38	2372	伟星新材	SZ	13.31	9.18	
528	4/17/12	13.32	13.43	13.12	13.31	1302200	9.18	2372	伟星新材	SZ	13.31	9.18	
529	4/16/12	13.18	13.4	13.02	13.31	1084800	9.18	2372	伟星新材	SZ	13.18	9.09	
530	4/13/12	13.06	13.31	13.02	13.18	1129000	9.09	2372	伟星新材	SZ	12.88	8.89	
531	4/12/12	12.65	12.92	12.64	12.88	660200	8.89	2372	伟星新材	SZ	12.68	8.75	
532	4/11/12	12.6	12.69	12.45	12.68	584400	8.75	2372	伟星新材	SZ	12.66	8.74	
533	4/10/12	12.39	12.66	12.22	12.66	771800	8.74	2372	伟星新材	SZ	12.45	8.59	
534	4/9/12	12.67	12.67	12.45	12.45	450400	8.59	2372	伟星新材	SZ	12.62	8.71	
535	4/6/12	12.62	12.62	12.62	12.62	0	8.71	2372	伟星新材	SZ	12.62	8.71	
536	4/5/12	12.31	12.65	12.28	12.62	772700	8.71	2372	伟星新材	SZ	12.27	8.47	
537	4/4/12	12.27	12.27	12.27	12.27	0	8.47	2372	伟星新材	SZ	12.27	8.47	
538	4/3/12	12.27	12.27	12.27	12.27	0	8.47	2372	伟星新材	SZ	12.27	8.47	
539	4/2/12	12.27	12.27	12.27	12.27	0	8.47	2372	伟星新材	SZ	12.27	8.47	
540	3/30/12	12.3	12.46	12.17	12.27	685200	8.47	2372	伟星新材	SZ	12.29	8.48	
541	3/29/12	12.46	12.52	12.16	12.29	926300	8.48	2372	伟星新材	SZ	12.46	8.6	
542	3/28/12	12.85	12.85	12.45	12.46	1080200	8.6	2372	伟星新材	SZ	12.95	8.94	
543	3/27/12	13.27	13.32	12.93	12.95	806700	8.94	2372	伟星新材	SZ	13.22	9.13	
544	3/26/12	13.15	13.24	12.98	13.22	728600	9.13	2372	伟星新材	SZ	13.16	9.08	
545	3/23/12	13.42	13.42	13.12	13.16	1019900	9.08	2372	伟星新材	SZ	13.41	9.25	
546	3/22/12	13.73	13.75	13.31	13.41	2216600	9.25	2372	伟星新材	SZ	13.85	9.56	
547	3/21/12	13.22	13.88	13.08	13.85	2458600	9.56	2372	伟星新材	SZ	13.17	9.09	
548	3/20/12	13.5	13.52	13.12	13.17	1398500	9.09	2372	伟星新材	SZ	13.58	9.37	
549	3/19/12	13.54	13.68	13.27	13.58	1691500	9.37	2372	伟星新材	SZ	13.63	9.41	
550	3/16/12	13.26	13.65	13.06	13.63	3561400	9.41	2372	伟星新材	SZ	13.48	9.31	
551	3/15/12	13.12	13.52	13.12	13.48	2473400	9.31	2372	伟星新材	SZ	13.03	8.99	
552	3/14/12	13.84	14.02	12.9	13.03	3464800	8.99	2372	伟星新材	SZ	13.81	9.53	
553	3/13/12	13.43	13.81	13.43	13.81	1659600	9.53	2372	伟星新材	SZ	13.5	9.32	
554	3/12/12	13.58	13.67	13.39	13.5	1053500	9.32	2372	伟星新材	SZ	13.51	9.32	
555	3/9/12	13.23	13.54	13.23	13.51	1550200	9.32	2372	伟星新材	SZ	13.22	9.13	
556	3/8/12	13.06	13.35	13.05	13.22	1184200	9.13	2372	伟星新材	SZ	13.06	9.01	
557	3/7/12	12.92	13.24	12.87	13.06	814400	9.01	2372	伟星新材	SZ	13.05	9.01	
558	3/6/12	13	13.07	12.85	13.05	1218700	9.01	2372	伟星新材	SZ	13.04	9	
559	3/5/12	12.96	13.24	12.96	13.04	1489600	9	2372	伟星新材	SZ	12.94	8.93	
560	3/2/12	12.58	13	12.58	12.94	1282900	8.93	2372	伟星新材	SZ	12.52	8.64	
561	3/1/12	12.48	12.62	12.45	12.52	693000	8.64	2372	伟星新材	SZ	12.48	8.61	
562	2/29/12	12.71	12.8	12.45	12.48	1557800	8.61	2372	伟星新材	SZ	12.74	8.79	
563	2/28/12	12.73	12.92	12.6	12.74	1388500	8.79	2372	伟星新材	SZ	12.82	8.85	
564	2/27/12	12.92	13.05	12.81	12.82	1404600	8.85	2372	伟星新材	SZ	12.85	8.87	
565	2/24/12	12.62	12.88	12.62	12.85	1050500	8.87	2372	伟星新材	SZ	12.68	8.75	
566	2/23/12	12.75	12.82	12.52	12.68	1269900	8.75	2372	伟星新材	SZ	12.78	8.82	
567	2/22/12	12.52	12.79	12.42	12.78	1367400	8.82	2372	伟星新材	SZ	12.48	8.62	
568	2/21/12	12.25	12.49	12.23	12.48	836300	8.62	2372	伟星新材	SZ	12.25	8.46	
569	2/20/12	12.52	12.59	12.23	12.25	888400	8.46	2372	伟星新材	SZ	12.38	8.54	
570	2/17/12	12.45	12.53	12.31	12.38	1041000	8.54	2372	伟星新材	SZ	12.48	8.61	
571	2/16/12	12.22	12.52	12.22	12.48	1926300	8.61	2372	伟星新材	SZ	12.25	8.46	
572	2/15/12	12.13	12.34	12.08	12.25	1269200	8.46	2372	伟星新材	SZ	12.13	8.37	
573	2/14/12	12.22	12.22	12.06	12.13	733800	8.37	2372	伟星新材	SZ	12.22	8.44	
574	2/13/12	12.08	12.31	11.88	12.22	1242600	8.44	2372	伟星新材	SZ	12.12	8.36	
575	2/10/12	12.08	12.23	12.02	12.12	1333900	8.36	2372	伟星新材	SZ	12.08	8.34	
576	2/9/12	11.95	12.19	11.95	12.08	1130300	8.34	2372	伟星新材	SZ	11.98	8.27	
577	2/8/12	11.73	11.98	11.59	11.98	1002200	8.27	2372	伟星新材	SZ	11.73	8.1	
578	2/7/12	11.96	11.96	11.68	11.73	736700	8.1	2372	伟星新材	SZ	12.05	8.31	
579	2/6/12	11.88	12.05	11.85	12.05	1512000	8.31	2372	伟星新材	SZ	11.88	8.2	
580	2/3/12	11.77	11.92	11.67	11.88	1230700	8.2	2372	伟星新材	SZ	11.76	8.12	
581	2/2/12	11.65	11.76	11.58	11.76	721500	8.12	2372	伟星新材	SZ	11.61	8.01	
582	2/1/12	11.56	11.72	11.48	11.61	521100	8.01	2372	伟星新材	SZ	11.58	8	
583	1/31/12	11.63	11.63	11.53	11.58	511700	8	2372	伟星新材	SZ	11.62	8.02	
584	1/30/12	11.66	11.74	11.56	11.62	599000	8.02	2372	伟星新材	SZ	11.65	8.04	
585	1/27/12	11.65	11.65	11.65	11.65	0	8.04	2372	伟星新材	SZ	11.65	8.04	
586	1/26/12	11.65	11.65	11.65	11.65	0	8.04	2372	伟星新材	SZ	11.65	8.04	
587	1/25/12	11.65	11.65	11.65	11.65	0	8.04	2372	伟星新材	SZ	11.65	8.04	
588	1/24/12	11.65	11.65	11.65	11.65	0	8.04	2372	伟星新材	SZ	11.65	8.04	
589	1/23/12	11.65	11.65	11.65	11.65	0	8.04	2372	伟星新材	SZ	11.65	8.04	
590	1/20/12	11.5	11.75	11.45	11.65	914700	8.04	2372	伟星新材	SZ	11.48	7.92	
591	1/19/12	11.31	11.52	11.31	11.48	433700	7.92	2372	伟星新材	SZ	11.31	7.8	
592	1/18/12	11.73	11.77	11.29	11.31	925600	7.8	2372	伟星新材	SZ	11.68	8.06	
593	1/17/12	11.08	11.76	11.04	11.68	952600	8.06	2372	伟星新材	SZ	11.08	7.65	
594	1/16/12	11.54	11.55	11.08	11.08	712400	7.65	2372	伟星新材	SZ	11.54	7.96	
595	1/13/12	12.15	12.2	11.52	11.54	1446300	7.96	2372	伟星新材	SZ	12.17	8.4	
596	1/12/12	12.27	12.42	12.11	12.17	862200	8.4	2372	伟星新材	SZ	12.39	8.55	
597	1/11/12	12.38	12.57	12.22	12.39	797800	8.55	2372	伟星新材	SZ	12.46	8.6	
598	1/10/12	12	12.56	11.98	12.46	1468000	8.6	2372	伟星新材	SZ	12.08	8.34	
599	1/9/12	11.77	12.11	11.58	12.08	891300	8.34	2372	伟星新材	SZ	11.73	8.1	
600	1/6/12	11.46	11.77	11.39	11.73	339600	8.1	2372	伟星新材	SZ	11.46	7.91	
601	1/5/12	11.58	11.69	11.43	11.46	580400	7.91	2372	伟星新材	SZ	11.62	8.02	
602	1/4/12	12.04	12.07	11.62	11.62	708800	8.02	2372	伟星新材	SZ	11.96	8.26	
603	1/3/12	11.92	11.99	11.9	11.96	617300	8.26	2372	伟星新材	SZ	11.96	8.26	
604	1/2/12	11.92	11.99	11.9	11.96	617300	8.26	2372	伟星新材	SZ	11.96	8.26	
605	12/30/11	11.92	11.99	11.9	11.96	617300	8.26	2372	伟星新材	SZ	11.81	8.15	
606	12/29/11	11.72	11.98	11.72	11.81	418300	8.15	2372	伟星新材	SZ	11.91	8.22	
607	12/28/11	12.23	12.32	11.55	11.91	677700	8.22	2372	伟星新材	SZ	12.37	8.54	
608	12/27/11	12.75	12.75	12.33	12.37	390300	8.54	2372	伟星新材	SZ	12.72	8.78	
609	12/26/11	12.75	12.88	12.62	12.72	477300	8.78	2372	伟星新材	SZ	12.75	8.8	
610	12/23/11	12.45	12.82	12.34	12.75	678500	8.8	2372	伟星新材	SZ	12.33	8.51	
611	12/22/11	12.46	12.46	11.97	12.33	560300	8.51	2372	伟星新材	SZ	12.46	8.6	
612	12/21/11	12.71	12.84	12.46	12.46	410400	8.6	2372	伟星新材	SZ	12.71	8.77	
613	12/20/11	12.62	12.76	12.62	12.71	628000	8.77	2372	伟星新材	SZ	12.62	8.71	
614	12/19/11	12.5	12.75	12.48	12.62	562600	8.71	2372	伟星新材	SZ	12.73	8.79	
615	12/16/11	12.33	12.79	12.33	12.73	423400	8.79	2372	伟星新材	SZ	12.33	8.51	
616	12/15/11	12.42	12.5	12.16	12.33	563200	8.51	2372	伟星新材	SZ	12.41	8.56	
617	12/14/11	12.52	12.58	12.37	12.41	170900	8.56	2372	伟星新材	SZ	12.46	8.6	
618	12/13/11	12.82	12.82	12.35	12.46	596300	8.6	2372	伟星新材	SZ	12.78	8.82	
619	12/12/11	12.96	13.02	12.75	12.78	279200	8.82	2372	伟星新材	SZ	12.95	8.94	
620	12/9/11	12.85	13.05	12.82	12.95	381100	8.94	2372	伟星新材	SZ	12.88	8.89	
621	12/8/11	12.94	13.09	12.75	12.88	691600	8.89	2372	伟星新材	SZ	12.98	8.96	
622	12/7/11	12.94	13.15	12.92	12.98	361500	8.96	2372	伟星新材	SZ	13	8.97	
623	12/6/11	13.16	13.26	12.31	13	639200	8.97	2372	伟星新材	SZ	13.47	9.3	
624	12/5/11	13.47	13.47	13.47	13.47	0	9.3	2372	伟星新材	SZ	13.47	9.3	
625	12/2/11	13.66	13.8	13.47	13.47	480700	9.3	2372	伟星新材	SZ	13.69	9.45	
626	12/1/11	13.81	14.03	13.66	13.69	766100	9.45	2372	伟星新材	SZ	13.47	9.3	
627	11/30/11	14.27	14.28	13.37	13.47	769500	9.3	2372	伟星新材	SZ	14.22	9.81	
628	11/29/11	14.24	14.26	14.08	14.22	531800	9.81	2372	伟星新材	SZ	14.06	9.7	
629	11/28/11	13.87	14.12	13.77	14.06	397700	9.7	2372	伟星新材	SZ	13.82	9.54	
630	11/25/11	13.86	13.94	13.8	13.82	261300	9.54	2372	伟星新材	SZ	13.88	9.58	
631	11/24/11	13.91	13.91	13.65	13.88	390000	9.58	2372	伟星新材	SZ	13.95	9.63	
632	11/23/11	14.02	14.08	13.91	13.95	376200	9.63	2372	伟星新材	SZ	13.97	9.64	
633	11/22/11	13.96	14.08	13.85	13.97	451200	9.64	2372	伟星新材	SZ	13.99	9.66	
634	11/21/11	13.98	14.09	13.86	13.99	406700	9.66	2372	伟星新材	SZ	13.96	9.64	
635	11/18/11	14.29	14.4	13.86	13.96	769300	9.64	2372	伟星新材	SZ	14.41	9.94	
636	11/17/11	14.35	14.65	14.34	14.41	546800	9.94	2372	伟星新材	SZ	14.38	9.93	
637	11/16/11	14.78	14.8	14.24	14.38	780300	9.93	2372	伟星新材	SZ	14.78	10.2	
638	11/15/11	14.92	15	14.73	14.78	870800	10.2	2372	伟星新材	SZ	14.88	10.27	
639	11/14/11	14.75	14.92	14.61	14.88	968300	10.27	2372	伟星新材	SZ	14.58	10.06	
640	11/11/11	14.66	14.77	14.45	14.58	588100	10.06	2372	伟星新材	SZ	14.66	10.12	
641	11/10/11	14.55	14.82	14.39	14.66	1077000	10.12	2372	伟星新材	SZ	14.68	10.13	
642	11/9/11	14.35	14.71	14.35	14.68	696500	10.13	2372	伟星新材	SZ	14.37	9.92	
643	11/8/11	14.59	14.59	14.32	14.37	668500	9.92	2372	伟星新材	SZ	14.58	10.07	
644	11/7/11	14.73	14.81	14.49	14.58	787000	10.07	2372	伟星新材	SZ	14.73	10.17	
645	11/4/11	14.38	14.75	14.38	14.73	1457800	10.17	2372	伟星新材	SZ	14.38	9.92	
646	11/3/11	14.46	14.67	14.36	14.38	1378100	9.92	2372	伟星新材	SZ	14.36	9.91	
647	11/2/11	13.94	14.4	13.87	14.36	916000	9.91	2372	伟星新材	SZ	14.13	9.75	
648	11/1/11	14.08	14.23	13.93	14.13	671200	9.75	2372	伟星新材	SZ	14.15	9.77	
649	10/31/11	14.14	14.28	14.06	14.15	805600	9.77	2372	伟星新材	SZ	14.18	9.78	
650	10/28/11	13.92	14.21	13.92	14.18	1287400	9.78	2372	伟星新材	SZ	13.84	9.55	
651	10/27/11	13.89	13.98	13.72	13.84	505900	9.55	2372	伟星新材	SZ	13.89	9.59	
652	10/26/11	13.58	13.92	13.58	13.89	892800	9.59	2372	伟星新材	SZ	13.75	9.49	
653	10/25/11	13.34	13.81	13.28	13.75	916600	9.49	2372	伟星新材	SZ	13.35	9.21	
654	10/24/11	13.06	13.38	12.92	13.35	474200	9.21	2372	伟星新材	SZ	13.05	9	
655	10/21/11	13.16	13.35	13.04	13.05	434100	9	2372	伟星新材	SZ	13.24	9.14	
656	10/20/11	13.57	13.65	13.06	13.24	877600	9.14	2372	伟星新材	SZ	13.69	9.45	
657	10/19/11	13.78	13.84	13.58	13.69	559200	9.45	2372	伟星新材	SZ	13.71	9.46	
658	10/18/11	14.31	14.38	13.62	13.71	868000	9.46	2372	伟星新材	SZ	14.42	9.95	
659	10/17/11	14.31	14.51	14.18	14.42	682800	9.95	2372	伟星新材	SZ	14.38	9.92	
660	10/14/11	14.38	14.52	14.27	14.38	423100	9.92	2372	伟星新材	SZ	14.5	10.01	
661	10/13/11	14.41	14.73	14.38	14.5	1141100	10.01	2372	伟星新材	SZ	14.52	10.02	
662	10/12/11	14.08	14.57	13.92	14.52	1179100	10.02	2372	伟星新材	SZ	14.05	9.7	
663	10/11/11	14.23	14.38	13.86	14.05	658400	9.7	2372	伟星新材	SZ	13.96	9.64	
664	10/10/11	13.96	14.1	13.75	13.96	452800	9.64	2372	伟星新材	SZ	13.73	9.48	
665	9/30/11	13.63	13.81	13.55	13.73	257900	9.48	2372	伟星新材	SZ	13.63	9.41	
666	9/29/11	13.8	13.88	13.46	13.63	555500	9.41	2372	伟星新材	SZ	13.83	9.55	
667	9/28/11	14.05	14.15	13.79	13.83	466100	9.55	2372	伟星新材	SZ	13.85	9.56	
668	9/27/11	14.35	14.38	13.68	13.85	1245200	9.56	2372	伟星新材	SZ	14.12	9.75	
669	9/26/11	14.45	14.53	14	14.12	765200	9.75	2372	伟星新材	SZ	14.51	10.01	
670	9/23/11	14.45	14.58	14.19	14.51	1248000	10.01	2372	伟星新材	SZ	14.69	10.14	
671	9/22/11	15.04	15.2	14.68	14.69	1364900	10.14	2372	伟星新材	SZ	15.13	10.44	
672	9/21/11	14.75	15.23	14.68	15.13	1367200	10.44	2372	伟星新材	SZ	14.73	10.17	
673	9/20/11	14.69	14.96	14.52	14.73	1324900	10.17	2372	伟星新材	SZ	14.63	10.1	
674	9/19/11	15.14	15.19	14.62	14.63	1212800	10.1	2372	伟星新材	SZ	15.27	10.54	
675	9/16/11	15.46	15.54	15.11	15.27	1470300	10.54	2372	伟星新材	SZ	15.35	10.59	
676	9/15/11	15.57	15.68	15.35	15.35	2082500	10.59	2372	伟星新材	SZ	15.58	10.75	
677	9/14/11	15.19	15.62	15.07	15.58	3842000	10.75	2372	伟星新材	SZ	15.09	10.42	
678	9/13/11	15.36	15.36	14.97	15.09	1558200	10.42	2372	伟星新材	SZ	15.46	10.67	
679	9/9/11	15.48	15.78	15.32	15.46	2123400	10.67	2372	伟星新材	SZ	15.48	10.68	
680	9/8/11	15.69	15.78	15.43	15.48	2608400	10.68	2372	伟星新材	SZ	15.67	10.81	
681	9/7/11	14.77	15.68	14.65	15.67	4034900	10.81	2372	伟星新材	SZ	14.72	10.16	
682	9/6/11	14.85	15.15	14.23	14.72	1375500	10.16	2372	伟星新材	SZ	15.08	10.41	
683	9/5/11	14.92	15.28	14.71	15.08	1762700	10.41	2372	伟星新材	SZ	14.92	10.3	
684	9/2/11	14.77	14.95	14.64	14.92	749400	10.3	2372	伟星新材	SZ	14.75	10.18	
685	9/1/11	15	15.09	14.69	14.75	880600	10.18	2372	伟星新材	SZ	14.92	10.3	
686	8/31/11	15.15	15.23	14.79	14.92	1008200	10.3	2372	伟星新材	SZ	15.15	10.46	
687	8/30/11	15.35	15.52	15.1	15.15	1444500	10.46	2372	伟星新材	SZ	15.24	10.52	
688	8/29/11	15.05	15.46	15.05	15.24	2186700	10.52	2372	伟星新材	SZ	15.15	10.46	
689	8/26/11	15	15.35	15	15.15	1644400	10.46	2372	伟星新材	SZ	15.06	10.4	
690	8/25/11	14.92	15.08	14.85	15.06	1070700	10.4	2372	伟星新材	SZ	14.88	10.27	
691	8/24/11	15.08	15.09	14.82	14.88	1336700	10.27	2372	伟星新材	SZ	15	10.35	
692	8/23/11	14.51	15.03	14.38	15	2079300	10.35	2372	伟星新材	SZ	14.42	9.95	
693	8/22/11	14.34	14.59	14.33	14.42	587200	9.95	2372	伟星新材	SZ	14.36	9.91	
694	8/19/11	13.92	14.36	13.85	14.36	562100	9.91	2372	伟星新材	SZ	14.16	9.77	
695	8/18/11	14.58	14.8	14.14	14.16	639500	9.77	2372	伟星新材	SZ	14.56	10.05	
696	8/17/11	14.69	14.75	14.55	14.56	557500	10.05	2372	伟星新材	SZ	14.68	10.13	
697	8/16/11	14.74	14.9	14.65	14.68	591500	10.13	2372	伟星新材	SZ	14.8	10.21	
698	8/15/11	14.62	14.92	14.53	14.8	1077000	10.21	2372	伟星新材	SZ	14.54	10.03	
699	8/12/11	14.46	14.65	14.36	14.54	1111500	10.03	2372	伟星新材	SZ	14.35	9.91	
700	8/11/11	14.11	14.36	13.85	14.35	952300	9.91	2372	伟星新材	SZ	14.12	9.74	
701	8/10/11	14.08	14.4	14.08	14.12	1073200	9.74	2372	伟星新材	SZ	13.92	9.61	
702	8/9/11	13.27	14.17	13.27	13.92	1202300	9.61	2372	伟星新材	SZ	13.73	9.48	
703	8/8/11	14.28	14.37	13.46	13.73	1571700	9.48	2372	伟星新材	SZ	14.46	9.98	
704	8/5/11	14.42	14.69	14.09	14.46	1319100	9.98	2372	伟星新材	SZ	14.81	10.22	
705	8/4/11	14.83	15.01	14.62	14.81	1080200	10.22	2372	伟星新材	SZ	14.81	10.22	
706	8/3/11	14.78	14.99	14.72	14.81	832700	10.22	2372	伟星新材	SZ	14.97	10.33	
707	8/2/11	15	15.07	14.7	14.97	1151500	10.33	2372	伟星新材	SZ	15.04	10.38	
708	8/1/11	14.91	15.09	14.72	15.04	1440800	10.38	2372	伟星新材	SZ	14.85	10.25	
709	7/29/11	15.23	15.35	14.84	14.85	1512800	10.25	2372	伟星新材	SZ	15.06	10.4	
710	7/28/11	15.06	15.15	14.85	15.06	1857400	10.4	2372	伟星新材	SZ	15.24	10.52	
711	7/27/11	14.54	15.3	14.51	15.24	4288300	10.52	2372	伟星新材	SZ	14.68	10.13	
712	7/26/11	14.26	14.68	14.06	14.68	1517800	10.13	2372	伟星新材	SZ	14.19	9.8	
713	7/25/11	14.51	14.51	14.02	14.19	1586400	9.8	2372	伟星新材	SZ	14.47	9.99	
714	7/22/11	14.28	14.54	14.23	14.47	1360600	9.99	2372	伟星新材	SZ	14.19	9.8	
715	7/21/11	14.42	14.48	14.19	14.19	766400	9.8	2372	伟星新材	SZ	14.45	9.97	
716	7/20/11	14.46	14.58	14.15	14.45	1216600	9.97	2372	伟星新材	SZ	14.37	9.92	
717	7/19/11	14.44	14.5	14.29	14.37	1432200	9.92	2372	伟星新材	SZ	14.5	10.01	
718	7/18/11	14.77	14.92	14.46	14.5	1871000	10.01	2372	伟星新材	SZ	14.83	10.24	
719	7/15/11	14.83	15.12	14.72	14.83	2320100	10.24	2372	伟星新材	SZ	14.75	10.18	
720	7/14/11	14.73	14.83	14.62	14.75	2046400	10.18	2372	伟星新材	SZ	14.75	10.18	
721	7/13/11	14.54	14.86	14.51	14.75	3276700	10.18	2372	伟星新材	SZ	14.66	10.12	
722	7/12/11	14.17	14.9	14.09	14.66	7329900	10.12	2372	伟星新材	SZ	14.13	9.75	
723	7/11/11	13.82	14.25	13.81	14.13	2634200	9.75	2372	伟星新材	SZ	13.69	9.45	
724	7/8/11	13.9	13.9	13.6	13.69	1078000	9.45	2372	伟星新材	SZ	13.81	9.53	
725	7/7/11	14	14.06	13.8	13.81	2506100	9.53	2372	伟星新材	SZ	14.04	9.69	
726	7/6/11	13.85	14.05	13.72	14.04	1741800	9.69	2372	伟星新材	SZ	13.8	9.52	
727	7/5/11	14.54	14.6	13.72	13.8	4184400	9.52	2372	伟星新材	SZ	13.38	9.23	
728	6/27/11	13.26	13.52	13.25	13.38	1552200	9.23	2372	伟星新材	SZ	13.38	9.24	
729	6/24/11	13.08	13.55	12.96	13.38	2954100	9.24	2372	伟星新材	SZ	13.06	9.01	
730	6/23/11	12.44	13.37	12.31	13.06	2055000	9.01	2372	伟星新材	SZ	12.52	8.64	
731	6/22/11	12.48	12.6	12.42	12.52	576900	8.64	2372	伟星新材	SZ	12.48	8.61	
732	6/21/11	12.29	12.52	12.27	12.48	822100	8.61	2372	伟星新材	SZ	12.2	8.42	
733	6/20/11	12.32	12.38	12.15	12.2	641500	8.42	2372	伟星新材	SZ	12.4	8.56	
734	6/17/11	12.6	12.6	12.4	12.4	597500	8.56	2372	伟星新材	SZ	12.48	8.62	
735	6/16/11	12.72	12.72	12.45	12.48	789000	8.62	2372	伟星新材	SZ	12.81	8.84	
736	6/15/11	13	13.07	12.78	12.81	566800	8.84	2372	伟星新材	SZ	13	8.97	
737	6/14/11	12.82	13.08	12.82	13	801000	8.97	2372	伟星新材	SZ	12.82	8.85	
738	6/13/11	12.77	12.85	12.58	12.82	576900	8.85	2372	伟星新材	SZ	12.88	8.89	
739	6/10/11	12.81	12.92	12.64	12.88	1174100	8.89	2372	伟星新材	SZ	12.76	8.81	
740	6/9/11	13.23	13.23	12.75	12.76	1050000	8.81	2372	伟星新材	SZ	13.22	9.13	
741	6/8/11	13.22	13.32	12.99	13.22	1164100	9.13	2372	伟星新材	SZ	13.18	9.09	
742	6/7/11	13.31	13.33	13.08	13.18	1317900	9.09	2372	伟星新材	SZ	13.35	9.21	
743	6/3/11	13.55	13.63	13.31	13.35	3959700	9.21	2372	伟星新材	SZ	13.69	9.45	
744	6/2/11	13.73	13.77	13.16	13.69	3720900	9.45	2372	伟星新材	SZ	13.87	9.57	
745	6/1/11	13.23	13.88	13.13	13.87	2880500	9.57	2372	伟星新材	SZ	13.27	9.16	
746	5/31/11	12.97	13.45	12.75	13.27	1564300	9.16	2372	伟星新材	SZ	13.15	9.07	
747	5/30/11	12.61	13.36	12.4	13.15	1619300	9.07	2372	伟星新材	SZ	12.62	8.71	
748	5/27/11	13.12	13.12	12.52	12.62	1168800	8.71	2372	伟星新材	SZ	13.04	9	
749	5/26/11	13.22	13.28	13.03	13.04	549600	9	2372	伟星新材	SZ	13.15	9.08	
750	5/25/11	13.23	13.29	12.88	13.15	837800	9.08	2372	伟星新材	SZ	13.28	9.16	
751	5/24/11	13.09	13.35	12.98	13.28	803800	9.16	2372	伟星新材	SZ	13.22	9.13	
752	5/23/11	13.85	13.92	13.22	13.22	1269800	9.13	2372	伟星新材	SZ	13.93	9.61	
753	5/20/11	14	14.09	13.9	13.93	728400	9.61	2372	伟星新材	SZ	14.05	9.69	
754	5/19/11	14.14	14.24	14.03	14.05	585200	9.69	2372	伟星新材	SZ	14.14	9.76	
755	5/18/11	14.12	14.17	13.97	14.14	542000	9.76	2372	伟星新材	SZ	14.12	9.75	
756	5/17/11	14.08	14.25	13.99	14.12	592100	9.75	2372	伟星新材	SZ	14.11	9.74	
757	5/16/11	14.2	14.23	14.08	14.11	458100	9.74	2372	伟星新材	SZ	14.15	9.77	
758	5/13/11	14.24	14.36	13.95	14.15	818900	9.77	2372	伟星新材	SZ	14.38	9.74	
759	5/12/11	14.59	14.6	14.35	14.38	788800	9.74	2372	伟星新材	SZ	14.62	9.9	
760	5/11/11	14.39	14.69	14.39	14.62	842700	9.9	2372	伟星新材	SZ	14.54	9.85	
761	5/10/11	14.65	14.65	14.5	14.54	691600	9.85	2372	伟星新材	SZ	14.49	9.81	
762	5/6/11	14.3	14.52	14.27	14.49	662000	9.81	2372	伟星新材	SZ	14.35	9.72	
763	5/5/11	14.27	14.41	14.17	14.35	475400	9.72	2372	伟星新材	SZ	14.27	9.66	
764	5/4/11	14.61	14.61	14.23	14.27	840700	9.66	2372	伟星新材	SZ	14.65	9.92	
765	5/3/11	14.43	14.66	14.36	14.65	1011800	9.92	2372	伟星新材	SZ	14.4	9.75	
766	4/29/11	14.15	14.41	14.15	14.4	594200	9.75	2372	伟星新材	SZ	14.15	9.59	
767	4/28/11	14.49	14.58	14.15	14.15	1081800	9.59	2372	伟星新材	SZ	14.49	9.81	
768	4/27/11	14.7	14.71	14.35	14.49	993600	9.81	2372	伟星新材	SZ	14.65	9.92	
769	4/26/11	14.76	14.85	14.47	14.65	1417000	9.92	2372	伟星新材	SZ	14.76	10	
770	4/25/11	15.15	15.15	14.75	14.76	1581800	10	2372	伟星新材	SZ	15.19	10.29	
771	4/22/11	15.5	15.5	15.15	15.19	2299200	10.29	2372	伟星新材	SZ	15.64	10.59	
772	4/21/11	15.54	15.75	15.43	15.64	1482200	10.59	2372	伟星新材	SZ	15.57	10.54	
773	4/20/11	15.28	15.62	15.28	15.57	1555400	10.54	2372	伟星新材	SZ	15.28	10.35	
774	4/19/11	15.31	15.33	15.12	15.28	1451500	10.35	2372	伟星新材	SZ	15.38	10.42	
775	4/18/11	15.4	15.45	15.09	15.38	1532800	10.42	2372	伟星新材	SZ	15.41	10.43	
776	4/15/11	15.6	15.68	15.27	15.41	2258100	10.43	2372	伟星新材	SZ	15.6	10.56	
777	4/14/11	15.85	15.85	15.58	15.6	1342000	10.56	2372	伟星新材	SZ	15.85	10.73	
778	4/13/11	15.33	15.88	15.33	15.85	2045300	10.73	2372	伟星新材	SZ	15.56	10.54	
779	4/11/11	16.15	16.15	15.55	15.56	2929200	10.54	2372	伟星新材	SZ	16.12	10.92	
780	4/8/11	15.91	16.18	15.77	16.12	2609200	10.92	2372	伟星新材	SZ	15.92	10.78	
781	4/7/11	15.92	15.92	15.75	15.92	1873700	10.78	2372	伟星新材	SZ	15.95	10.8	
782	4/6/11	15.73	16.04	15.55	15.95	2093500	10.8	2372	伟星新材	SZ	15.82	10.72	
783	4/1/11	15.82	15.88	15.45	15.82	1779600	10.72	2372	伟星新材	SZ	15.83	10.72	
784	3/31/11	15.68	15.92	15.62	15.83	2532900	10.72	2372	伟星新材	SZ	15.71	10.64	
785	3/30/11	16.12	16.21	15.68	15.71	3794200	10.64	2372	伟星新材	SZ	16.18	10.96	
786	3/29/11	16.36	16.46	16.13	16.18	3299200	10.96	2372	伟星新材	SZ	16.52	11.18	
787	3/28/11	16.88	16.88	16.51	16.52	3792600	11.18	2372	伟星新材	SZ	16.78	11.37	
788	3/25/11	16.69	16.88	16.47	16.78	4065100	11.37	2372	伟星新材	SZ	16.75	11.34	
789	3/24/11	16.77	17.23	16.75	16.75	6635300	11.34	2372	伟星新材	SZ	16.74	11.34	
790	3/23/11	16.31	16.75	16.12	16.74	5566200	11.34	2372	伟星新材	SZ	16.44	11.13	
791	3/22/11	16.45	16.53	15.98	16.44	2839500	11.13	2372	伟星新材	SZ	16.38	11.1	
792	3/21/11	16.55	16.68	16.25	16.38	2389000	11.1	2372	伟星新材	SZ	16.59	11.24	
793	3/18/11	16.55	16.75	16.5	16.59	2114600	11.24	2372	伟星新材	SZ	16.44	11.13	
794	3/17/11	16.71	16.84	16.35	16.44	3458600	11.13	2372	伟星新材	SZ	16.85	11.41	
795	3/16/11	16.88	16.91	16.65	16.85	3686600	11.41	2372	伟星新材	SZ	16.88	11.43	
796	3/15/11	16.68	16.88	16.19	16.88	5250000	11.43	2372	伟星新材	SZ	16.77	11.36	
797	3/14/11	16.28	16.88	16.28	16.77	6305100	11.36	2372	伟星新材	SZ	16.25	11.01	
798	3/11/11	15.92	16.43	15.88	16.25	5212400	11.01	2372	伟星新材	SZ	15.98	10.82	
799	3/10/11	16.08	16.15	15.93	15.98	2401300	10.82	2372	伟星新材	SZ	16.15	10.94	
800	3/9/11	16.23	16.29	16.03	16.15	2451600	10.94	2372	伟星新材	SZ	16.21	10.98	
801	3/8/11	16.15	16.23	15.98	16.21	3271300	10.98	2372	伟星新材	SZ	16.15	10.94	
802	3/7/11	15.98	16.3	15.98	16.15	4730600	10.94	2372	伟星新材	SZ	15.88	10.76	
803	3/4/11	15.78	15.92	15.58	15.88	2646200	10.76	2372	伟星新材	SZ	15.78	10.68	
804	3/3/11	16.04	16.27	15.77	15.78	2611400	10.68	2372	伟星新材	SZ	16.08	10.89	
805	3/2/11	16.1	16.15	15.85	16.08	2490400	10.89	2372	伟星新材	SZ	16.18	10.96	
806	3/1/11	16.08	16.24	15.98	16.18	3665800	10.96	2372	伟星新材	SZ	16.04	10.86	
807	2/28/11	15.73	16.15	15.72	16.04	3686000	10.86	2372	伟星新材	SZ	15.55	10.53	
808	2/25/11	15.54	15.56	15.28	15.55	2387500	10.53	2372	伟星新材	SZ	15.52	10.51	
809	2/24/11	15.48	15.64	15.37	15.52	2776200	10.51	2372	伟星新材	SZ	15.58	10.55	
810	2/23/11	15.42	15.65	15.31	15.58	2871800	10.55	2372	伟星新材	SZ	15.61	10.57	
811	2/22/11	16.24	16.38	15.58	15.61	3554300	10.57	2372	伟星新材	SZ	15.88	10.76	
812	2/18/11	16.43	16.44	15.87	15.88	3290500	10.76	2372	伟星新材	SZ	16.39	11.1	
813	2/17/11	16	16.39	15.77	16.39	4895800	11.1	2372	伟星新材	SZ	15.98	10.82	
814	2/16/11	15.58	16	15.56	15.98	2493500	10.82	2372	伟星新材	SZ	15.65	10.6	
815	2/15/11	15.88	16.08	15.65	15.65	3210600	10.6	2372	伟星新材	SZ	15.88	10.75	
816	2/14/11	15.85	16	15.72	15.88	3229500	10.75	2372	伟星新材	SZ	15.85	10.73	
817	2/11/11	15.64	15.95	15.53	15.85	1893700	10.73	2372	伟星新材	SZ	15.63	10.59	
818	2/10/11	15.08	15.65	15.02	15.63	1284800	10.59	2372	伟星新材	SZ	15.05	10.19	
819	2/9/11	15.39	15.45	15.01	15.05	1068600	10.19	2372	伟星新材	SZ	15.5	10.5	
820	2/1/11	15.62	15.65	15.42	15.5	895900	10.5	2372	伟星新材	SZ	15.68	10.62	
821	1/31/11	15.13	15.76	15.11	15.68	2620500	10.62	2372	伟星新材	SZ	15.01	10.16	
822	1/28/11	14.92	15.12	14.9	15.01	1149500	10.16	2372	伟星新材	SZ	14.9	10.09	
823	1/27/11	14.65	14.92	14.48	14.9	1268400	10.09	2372	伟星新材	SZ	14.7	9.96	
824	1/26/11	14.48	14.81	14.38	14.7	1021500	9.96	2372	伟星新材	SZ	14.48	9.8	
825	1/25/11	14.35	14.58	14.29	14.48	1046700	9.8	2372	伟星新材	SZ	14.31	9.69	
826	1/24/11	14.78	14.86	14.31	14.31	1702000	9.69	2372	伟星新材	SZ	14.65	9.92	
827	1/21/11	14.73	15.04	14.63	14.65	2670300	9.92	2372	伟星新材	SZ	14.7	9.96	
828	1/20/11	15.68	15.7	14.7	14.7	2435800	9.96	2372	伟星新材	SZ	15.74	10.66	
829	1/19/11	15.51	15.78	15.38	15.74	1103500	10.66	2372	伟星新材	SZ	15.5	10.5	
830	1/18/11	15.02	15.5	15.02	15.5	941900	10.5	2372	伟星新材	SZ	15.25	10.33	
831	1/17/11	16.05	16.12	15.18	15.25	1899100	10.33	2372	伟星新材	SZ	16.23	10.99	
832	1/14/11	16.85	16.85	16.23	16.23	1330400	10.99	2372	伟星新材	SZ	16.85	11.41	
833	1/13/11	16.92	16.99	16.73	16.85	859500	11.41	2372	伟星新材	SZ	16.83	11.4	
834	1/12/11	16.64	16.83	16.46	16.83	1219300	11.4	2372	伟星新材	SZ	16.64	11.27	
835	1/11/11	16.95	17	16.33	16.64	2057200	11.27	2372	伟星新材	SZ	17.01	11.52	
836	1/10/11	17.19	17.6	16.92	17.01	2472500	11.52	2372	伟星新材	SZ	17.14	11.61	
837	1/7/11	17.32	17.72	17.08	17.14	1898400	11.61	2372	伟星新材	SZ	17.4	11.78	
838	1/6/11	17.78	17.85	17.29	17.4	2193400	11.78	2372	伟星新材	SZ	17.76	12.03	
839	1/5/11	17.69	18.14	17.62	17.76	2164500	12.03	2372	伟星新材	SZ	17.84	12.08	
840	1/4/11	17.62	17.91	17.45	17.84	2418500	12.08	2372	伟星新材	SZ	17.58	11.91	
841	12/31/10	17.15	17.66	17.1	17.58	2269900	11.91	2372	伟星新材	SZ	17.04	11.54	
842	12/30/10	17.23	17.31	16.82	17.04	1949300	11.54	2372	伟星新材	SZ	17.22	11.66	
843	12/29/10	16.96	17.3	16.92	17.22	1593900	11.66	2372	伟星新材	SZ	16.92	11.46	
844	12/28/10	16.84	17.12	16.7	16.92	2140400	11.46	2372	伟星新材	SZ	16.85	11.41	
845	12/27/10	17.54	18.04	16.78	16.85	3199400	11.41	2372	伟星新材	SZ	17.53	11.87	
846	12/24/10	17.8	18	17.46	17.53	2286200	11.87	2372	伟星新材	SZ	18.01	12.2	
847	12/23/10	18.54	18.62	17.91	18.01	4070600	12.2	2372	伟星新材	SZ	18.64	12.62	
848	12/22/10	19.19	19.34	18.62	18.64	4669200	12.62	2372	伟星新材	SZ	19.12	12.95	
849	12/21/10	18.73	19.21	18.4	19.12	5418300	12.95	2372	伟星新材	SZ	18.78	12.72	
850	12/20/10	18.65	19.08	17.92	18.78	7390400	12.72	2372	伟星新材	SZ	18.49	12.52	
851	12/17/10	18.48	18.76	18.32	18.49	3813300	12.52	2372	伟星新材	SZ	18.35	12.42	
852	12/16/10	18.46	18.56	18.08	18.35	4360800	12.42	2372	伟星新材	SZ	18.57	12.58	
853	12/15/10	18.54	18.8	18.35	18.57	6174800	12.58	2372	伟星新材	SZ	18.58	12.58	
854	12/14/10	18.38	18.82	18.27	18.58	7390700	12.58	2372	伟星新材	SZ	18.45	12.5	
855	12/13/10	17.81	18.64	17.58	18.45	10769500	12.5	2372	伟星新材	SZ	17.45	11.82	
856	12/9/10	17.69	17.95	17.35	17.45	6295800	11.82	2372	伟星新材	SZ	17.91	12.13	
857	12/8/10	17	18.31	16.9	17.91	12378700	12.13	2372	伟星新材	SZ	17.03	11.53	
858	12/7/10	16.92	17.08	16.35	17.03	2672100	11.53	2372	伟星新材	SZ	17.05	11.55	
859	12/6/10	17.02	17.36	16.62	17.05	4068700	11.55	2372	伟星新材	SZ	16.94	11.47	
860	12/3/10	17.12	17.12	16.73	16.94	3249300	11.47	2372	伟星新材	SZ	17.13	11.6	
861	12/2/10	16.65	17.24	16.59	17.13	5318100	11.6	2372	伟星新材	SZ	16.48	11.16	
862	12/1/10	16.32	16.59	16.31	16.48	1812000	11.16	2372	伟星新材	SZ	16.45	11.14	
863	11/30/10	17.23	17.29	16	16.45	4335800	11.14	2372	伟星新材	SZ	17.24	11.67	
864	11/29/10	16.9	17.33	16.78	17.24	3960400	11.67	2372	伟星新材	SZ	16.86	11.42	
865	11/26/10	17.05	17.15	16.69	16.86	2675900	11.42	2372	伟星新材	SZ	17.07	11.56	
866	11/25/10	17.42	17.53	17.01	17.07	4079600	11.56	2372	伟星新材	SZ	17.29	11.71	
867	11/24/10	17.06	17.29	16.98	17.29	4054000	11.71	2372	伟星新材	SZ	17.18	11.64	
868	11/23/10	16.75	17.22	16.66	17.18	5077800	11.64	2372	伟星新材	SZ	16.77	11.36	
869	11/22/10	16.68	17.31	16.62	16.77	5649200	11.36	2372	伟星新材	SZ	16.78	11.37	
870	11/19/10	16.42	16.8	16.15	16.78	3228000	11.37	2372	伟星新材	SZ	16.33	11.06	
871	11/18/10	16.03	16.42	16.02	16.33	2403300	11.06	2372	伟星新材	SZ	16.02	10.85	
872	11/17/10	15.47	16.45	15.47	16.02	4046700	10.85	2372	伟星新材	SZ	15.78	10.68	
873	11/16/10	16.23	16.51	15.68	15.78	3067600	10.68	2372	伟星新材	SZ	16.25	11	
874	11/15/10	15.78	16.27	15.62	16.25	2707600	11	2372	伟星新材	SZ	15.72	10.65	
875	11/12/10	16.73	16.95	15.72	15.72	5860000	10.65	2372	伟星新材	SZ	16.85	11.41	
876	11/11/10	17.31	17.75	16.62	16.85	6846300	11.41	2372	伟星新材	SZ	17.45	11.81	
877	11/10/10	17.38	17.82	17.23	17.45	5594100	11.81	2372	伟星新材	SZ	17.43	11.8	
878	11/9/10	17.15	17.58	17.02	17.43	5747500	11.8	2372	伟星新材	SZ	17.17	11.63	
879	11/8/10	16.98	17.17	16.76	17.17	5203100	11.63	2372	伟星新材	SZ	16.92	11.46	
880	11/5/10	17.12	17.17	16.62	16.92	4937000	11.46	2372	伟星新材	SZ	16.82	11.39	
881	11/4/10	16.28	16.82	16.26	16.82	5058700	11.39	2372	伟星新材	SZ	16.25	11.01	
882	11/3/10	16.88	16.88	16.23	16.25	4509500	11.01	2372	伟星新材	SZ	16.96	11.49	
883	11/2/10	17.45	17.88	16.96	16.96	8098600	11.49	2372	伟星新材	SZ	17.61	11.92	
884	11/1/10	17.05	18.07	16.85	17.61	10132300	11.92	2372	伟星新材	SZ	16.85	11.41	
885	10/29/10	15.85	17.03	15.85	16.85	7609700	11.41	2372	伟星新材	SZ	16.45	11.14	
886	10/28/10	15.85	16.61	15.85	16.45	6767400	11.14	2372	伟星新材	SZ	15.82	10.71	
887	10/27/10	16.13	16.38	15.63	15.82	3957300	10.71	2372	伟星新材	SZ	15.96	10.81	
888	10/26/10	16.08	16.44	15.85	15.96	5370200	10.81	2372	伟星新材	SZ	15.85	10.74	
889	10/25/10	15.37	15.88	15.35	15.85	3425700	10.74	2372	伟星新材	SZ	15.35	10.4	
890	10/22/10	15.16	15.36	15.08	15.35	3242400	10.4	2372	伟星新材	SZ	15.16	10.27	
891	10/21/10	15.25	15.37	15.01	15.16	2937300	10.27	2372	伟星新材	SZ	15.25	10.33	
892	10/20/10	15.06	15.38	14.96	15.25	2672000	10.33	2372	伟星新材	SZ	15.38	10.42	
893	10/19/10	14.77	15.38	14.75	15.38	2962400	10.42	2372	伟星新材	SZ	14.82	10.03	
894	10/18/10	15.22	15.57	14.55	14.82	3523700	10.03	2372	伟星新材	SZ	15.32	10.38	
895	10/15/10	15.85	15.91	15.24	15.32	4498000	10.38	2372	伟星新材	SZ	16.02	10.85	
896	10/14/10	16.36	16.42	15.93	16.02	6469800	10.85	2372	伟星新材	SZ	16.48	11.16	
897	10/13/10	15.2	16.58	15.17	16.48	9480800	11.16	2372	伟星新材	SZ	15.12	10.24	
898	10/12/10	15.12	15.17	14.96	15.12	2920600	10.24	2372	伟星新材	SZ	15.11	10.23	
899	10/11/10	15.04	15.18	14.85	15.11	3109100	10.23	2372	伟星新材	SZ	15.01	10.16	
900	10/8/10	14.66	15.12	14.66	15.01	2098900	10.16	2372	伟星新材	SZ	14.61	9.89	
901	9/30/10	14.28	14.7	14.22	14.61	1400600	9.89	2372	伟星新材	SZ	14.31	9.69	
902	9/29/10	14.8	14.84	14.31	14.31	2253600	9.69	2372	伟星新材	SZ	14.8	10.02	
903	9/28/10	15.12	15.18	14.75	14.8	1761200	10.02	2372	伟星新材	SZ	15.09	10.22	
904	9/27/10	14.69	15.1	14.69	15.09	1734400	10.22	2372	伟星新材	SZ	14.68	9.94	
905	9/21/10	14.87	14.97	14.63	14.68	1618700	9.94	2372	伟星新材	SZ	14.82	10.04	
906	9/20/10	15.15	15.28	14.81	14.82	2331900	10.04	2372	伟星新材	SZ	15.22	10.31	
907	9/17/10	15.28	15.48	15.16	15.22	2277100	10.31	2372	伟星新材	SZ	15.29	10.36	
908	9/16/10	15.69	15.92	15.12	15.29	4730700	10.36	2372	伟星新材	SZ	15.76	10.67	
909	9/15/10	16.85	16.87	15.75	15.76	5006500	10.67	2372	伟星新材	SZ	16.77	11.36	
910	9/14/10	17.07	17.15	16.7	16.77	3862700	11.36	2372	伟星新材	SZ	16.92	11.46	
911	9/13/10	16.77	17.13	16.77	16.92	5240700	11.46	2372	伟星新材	SZ	16.75	11.35	
912	9/10/10	16.54	16.76	16.24	16.75	3637200	11.35	2372	伟星新材	SZ	16.65	11.27	
913	9/9/10	17.08	17.31	16.58	16.65	5824600	11.27	2372	伟星新材	SZ	17.08	11.56	
914	9/8/10	16.54	17.14	16.38	17.08	5942300	11.56	2372	伟星新材	SZ	16.58	11.23	
915	9/7/10	16.45	16.61	16.24	16.58	3037800	11.23	2372	伟星新材	SZ	16.32	11.05	
916	9/6/10	16.85	16.92	16.27	16.32	4008400	11.05	2372	伟星新材	SZ	16.65	11.28	
917	9/3/10	16.68	16.99	16.45	16.65	5021600	11.28	2372	伟星新材	SZ	16.68	11.3	
918	9/2/10	16.45	16.91	16.38	16.68	3872100	11.3	2372	伟星新材	SZ	16.39	11.1	
919	9/1/10	16.92	17.06	16.15	16.39	6228300	11.1	2372	伟星新材	SZ	17.07	11.56	
920	8/31/10	17.05	17.35	16.75	17.07	6324600	11.56	2372	伟星新材	SZ	17.22	11.66	
921	8/30/10	16.88	17.4	16.73	17.22	5284800	11.66	2372	伟星新材	SZ	16.71	11.31	
922	8/27/10	16.38	16.75	16.24	16.71	3375000	11.31	2372	伟星新材	SZ	16.38	11.1	
923	8/26/10	16.57	16.7	16.23	16.38	3243900	11.1	2372	伟星新材	SZ	16.52	11.19	
924	8/25/10	17	17	16.47	16.52	3794900	11.19	2372	伟星新材	SZ	17.12	11.59	
925	8/24/10	16.82	17.26	16.47	17.12	5695300	11.59	2372	伟星新材	SZ	16.82	11.39	
926	8/23/10	16.35	17.09	16.31	16.82	5872400	11.39	2372	伟星新材	SZ	16.38	11.1	
927	8/20/10	17.1	17.25	16.36	16.38	6750500	11.1	2372	伟星新材	SZ	17.12	11.59	
928	8/19/10	17.31	17.76	16.93	17.12	8241500	11.59	2372	伟星新材	SZ	17.45	11.82	
929	8/18/10	16.92	17.84	16.77	17.45	14892500	11.82	2372	伟星新材	SZ	17.08	11.56	
930	8/17/10	15.73	17.12	15.73	17.08	16690300	11.56	2372	伟星新材	SZ	15.58	10.55	
931	8/16/10	15.23	15.75	15.23	15.58	4929300	10.55	2372	伟星新材	SZ	15.27	10.34	
932	8/13/10	14.97	15.28	14.77	15.27	3091500	10.34	2372	伟星新材	SZ	14.93	10.11	
933	8/12/10	14.91	15.29	14.85	14.93	2608400	10.11	2372	伟星新材	SZ	15.06	10.2	
934	8/11/10	14.93	15.19	14.78	15.06	3566800	10.2	2372	伟星新材	SZ	15	10.16	
935	8/10/10	15.75	15.87	15	15	6013000	10.16	2372	伟星新材	SZ	15.74	10.66	
936	8/9/10	15.49	15.94	15.35	15.74	5615600	10.66	2372	伟星新材	SZ	15.49	10.49	
937	8/6/10	14.95	15.52	14.71	15.49	4919500	10.49	2372	伟星新材	SZ	14.93	10.11	
938	8/4/10	14.7	15	14.63	14.93	4499200	10.11	2372	伟星新材	SZ	14.96	10.13	
939	8/3/10	15.48	15.58	14.96	14.96	4682900	10.13	2372	伟星新材	SZ	15.48	10.49	
940	8/2/10	15.35	15.61	15.23	15.48	3973800	10.49	2372	伟星新材	SZ	15.35	10.4	
941	7/30/10	15.28	15.44	15.12	15.35	3886000	10.4	2372	伟星新材	SZ	15.28	10.35	
942	7/29/10	15.62	15.62	15.05	15.28	5311300	10.35	2372	伟星新材	SZ	15.38	10.42	
943	7/28/10	14.85	15.48	14.81	15.38	6504500	10.42	2372	伟星新材	SZ	14.85	10.05	
944	7/27/10	15	15.11	14.79	14.85	4877600	10.05	2372	伟星新材	SZ	15.15	10.26	
945	7/26/10	14.23	15.5	14.08	15.15	8981100	10.26	2372	伟星新材	SZ	14.15	9.58	
946	7/23/10	14.25	14.34	13.92	14.15	4689100	9.58	2372	伟星新材	SZ	14.23	9.64	
947	7/22/10	14.12	14.28	13.97	14.23	3497400	9.64	2372	伟星新材	SZ	14.09	9.54	
948	7/21/10	14.23	14.44	14.03	14.09	6173900	9.54	2372	伟星新材	SZ	14.29	9.68	
949	7/20/10	13.35	14.46	13.35	14.29	8460800	9.68	2372	伟星新材	SZ	13.34	9.03	
950	7/19/10	12.73	13.45	12.73	13.34	2937700	9.03	2372	伟星新材	SZ	12.92	8.75	
951	7/16/10	12.72	13.03	12.55	12.92	1848200	8.75	2372	伟星新材	SZ	12.81	8.67	
952	7/15/10	13.27	13.31	12.77	12.81	2470000	8.67	2372	伟星新材	SZ	13.27	8.99	
953	7/14/10	13.19	13.42	13.16	13.27	2440700	8.99	2372	伟星新材	SZ	13.17	8.92	
954	7/13/10	13.46	13.61	13.08	13.17	2928600	8.92	2372	伟星新材	SZ	13.59	9.21	
955	7/12/10	13.55	13.74	13.41	13.59	3278800	9.21	2372	伟星新材	SZ	13.55	9.17	
956	7/9/10	13.14	13.83	13.14	13.55	5195200	9.17	2372	伟星新材	SZ	13.16	8.91	
957	7/8/10	13.4	13.46	13.08	13.16	2530200	8.91	2372	伟星新材	SZ	13.35	9.04	
958	7/7/10	13.54	13.55	13.01	13.35	4747900	9.04	2372	伟星新材	SZ	13.45	9.11	
959	7/6/10	12.98	13.53	12.85	13.45	5474800	9.11	2372	伟星新材	SZ	12.85	8.7	
960	7/5/10	12.45	12.92	12.19	12.85	2988500	8.7	2372	伟星新材	SZ	12.7	8.6	
961	7/2/10	12.63	12.77	12.02	12.7	3123200	8.6	2372	伟星新材	SZ	12.44	8.42	
962	7/1/10	12.69	12.73	12.41	12.44	1653300	8.42	2372	伟星新材	SZ	12.56	8.51	
963	6/30/10	12.75	12.75	12.31	12.56	2342700	8.51	2372	伟星新材	SZ	12.81	8.67	
964	6/29/10	13.83	13.92	12.77	12.81	4140200	8.67	2372	伟星新材	SZ	13.84	9.37	
965	6/28/10	13.78	14.06	13.7	13.84	2183800	9.37	2372	伟星新材	SZ	13.88	9.4	
966	6/25/10	14.12	14.23	13.7	13.88	2540500	9.4	2372	伟星新材	SZ	14.22	9.63	
967	6/24/10	14.08	14.24	14	14.22	2230900	9.63	2372	伟星新材	SZ	14.06	9.52	
968	6/23/10	14.04	14.26	13.85	14.06	2472100	9.52	2372	伟星新材	SZ	14.16	9.59	
969	6/22/10	13.92	14.4	13.88	14.16	4226700	9.59	2372	伟星新材	SZ	14	9.48	
970	6/21/10	13.69	14.08	13.46	14	5561100	9.48	2372	伟星新材	SZ	13.75	9.31	
971	6/18/10	15.04	15.04	13.61	13.75	10962300	9.31	2372	伟星新材	SZ	15.12	10.24	
972	6/17/10	15.74	15.77	15.12	15.12	1719400	10.24	2372	伟星新材	SZ	15.61	10.57	
973	6/11/10	15.8	15.92	15.5	15.61	2617500	10.57	2372	伟星新材	SZ	15.74	10.66	
974	6/10/10	15.7	15.98	15.62	15.74	2982500	10.66	2372	伟星新材	SZ	15.69	10.63	
975	6/9/10	15.52	15.96	15.52	15.69	3342000	10.63	2372	伟星新材	SZ	15.47	10.48	
976	6/8/10	15.14	15.62	15.08	15.47	3248100	10.48	2372	伟星新材	SZ	15.22	10.31	
977	6/7/10	14.4	15.28	14.3	15.22	2481600	10.31	2372	伟星新材	SZ	14.74	9.98	
978	6/4/10	14.54	14.77	14.31	14.74	1291100	9.98	2372	伟星新材	SZ	14.7	9.96	
979	6/3/10	14.9	15.08	14.69	14.7	2453700	9.96	2372	伟星新材	SZ	14.88	10.08	
980	6/2/10	14.46	14.9	14.35	14.88	2008000	10.08	2372	伟星新材	SZ	14.58	9.87	
981	6/1/10	15.01	15.01	14.23	14.58	3418300	9.87	2372	伟星新材	SZ	15.28	10.35	
982	5/31/10	16.05	16.09	15.28	15.28	3235200	10.35	2372	伟星新材	SZ	16.15	10.94	
983	5/28/10	16.06	16.27	15.85	16.15	5406800	10.94	2372	伟星新材	SZ	16.05	10.87	
984	5/27/10	15.27	16.19	15.27	16.05	6658900	10.87	2372	伟星新材	SZ	14.98	10.15	
985	5/26/10	15.19	15.31	14.85	14.98	2676500	10.15	2372	伟星新材	SZ	15.23	10.31	
986	5/25/10	15.15	15.52	14.96	15.23	3339400	10.31	2372	伟星新材	SZ	15.26	10.34	
987	5/24/10	14.71	15.52	14.71	15.26	4511000	10.34	2372	伟星新材	SZ	14.7	9.96	
988	5/21/10	13.35	14.76	13.35	14.7	4545500	9.96	2372	伟星新材	SZ	14.07	9.53	
989	5/20/10	13.77	14.32	13.77	14.07	3731700	9.53	2372	伟星新材	SZ	14.01	9.49	
990	5/19/10	13.85	14.29	13.58	14.01	2780400	9.49	2372	伟星新材	SZ	14.02	9.49	
991	5/18/10	13.54	14.15	13.33	14.02	3080400	9.49	2372	伟星新材	SZ	13.85	9.38	
992	5/17/10	14.94	15.04	13.82	13.85	2822100	9.38	2372	伟星新材	SZ	15.22	10.3	
993	5/14/10	15.08	15.31	14.92	15.22	2629200	10.3	2372	伟星新材	SZ	15.18	10.28	
994	5/13/10	14.78	15.22	14.38	15.18	2479100	10.28	2372	伟星新材	SZ	14.69	9.95	
995	5/12/10	14.63	15.15	14.46	14.69	2131800	9.95	2372	伟星新材	SZ	14.91	10.1	
996	5/11/10	15.62	15.77	14.83	14.91	2768900	10.1	2372	伟星新材	SZ	15.33	10.38	
997	5/10/10	15.42	15.77	14.62	15.33	2623200	10.38	2372	伟星新材	SZ	15.38	10.42	
998	5/7/10	15.38	15.82	15.28	15.38	2606700	10.42	2372	伟星新材	SZ	15.83	10.72	
999	5/6/10	16.32	16.69	15.77	15.83	3090800	10.72	2372	伟星新材	SZ	16.46	11.15	
1000	5/5/10	15.63	16.65	15.63	16.46	4184100	11.15	2372	伟星新材	SZ	16	10.84	
1001	5/4/10	15.92	16.39	15.77	16	2254500	10.84	2372	伟星新材	SZ	16.31	11.04	
1002	4/30/10	17.12	17.29	15.69	16.31	2867800	11.04	2372	伟星新材	SZ	17.05	11.54	
1003	4/29/10	17.73	17.84	17.01	17.05	2663700	11.54	2372	伟星新材	SZ	17.63	11.94	
1004	4/28/10	17.69	17.98	17.23	17.63	3492900	11.94	2372	伟星新材	SZ	18.01	12.2	
1005	4/27/10	19.15	19.15	17.7	18.01	4596300	12.2	2372	伟星新材	SZ	19.25	13.04	
1006	4/26/10	19.52	19.73	19.24	19.25	2985600	13.04	2372	伟星新材	SZ	19.63	13.29	
1007	4/23/10	19.92	20.19	19.52	19.63	3602800	13.29	2372	伟星新材	SZ	20.08	13.6	
1008	4/22/10	20.12	20.45	19.89	20.08	4784700	13.6	2372	伟星新材	SZ	20.24	13.71	
1009	4/21/10	19.45	20.45	19.34	20.24	6115700	13.71	2372	伟星新材	SZ	19.49	13.2	
1010	4/20/10	19.54	19.74	18.82	19.49	3937700	13.2	2372	伟星新材	SZ	19.67	13.32	
1011	4/19/10	19.38	20	19.29	19.67	6530900	13.32	2372	伟星新材	SZ	19.55	13.24	
1012	4/16/10	19.35	19.87	19.24	19.55	3431700	13.24	2372	伟星新材	SZ	19.35	13.1	
1013	4/15/10	20.01	20.25	19.12	19.35	6114800	13.1	2372	伟星新材	SZ	19.99	13.54	
1014	4/14/10	19.82	20.29	19.62	19.99	4698400	13.54	2372	伟星新材	SZ	20.08	13.6	
1015	4/13/10	21.37	21.73	19.35	20.08	12681300	13.6	2372	伟星新材	SZ	21.5	14.56	
1016	4/12/10	21.84	21.84	21.25	21.5	8791700	14.56	2372	伟星新材	SZ	21.89	14.83	
1017	4/9/10	21.6	21.92	21.24	21.89	7637100	14.83	2372	伟星新材	SZ	21.63	14.65	
1018	4/8/10	22.88	22.88	21.62	21.63	15349700	14.65	2372	伟星新材	SZ	22.96	15.55	
1019	4/7/10	22.92	23.31	22.52	22.96	12156000	15.55	2372	伟星新材	SZ	22.96	15.55	
1020	4/6/10	22.22	23.05	22.08	22.96	11871300	15.55	2372	伟星新材	SZ	22.14	14.99	
1021	4/2/10	21.52	22.46	21.35	22.14	12256100	14.99	2372	伟星新材	SZ	21.82	14.77	
1022	4/1/10	21.31	23.06	21.15	21.82	18262700	14.77	2372	伟星新材	SZ	21.45	14.53	
1023	3/31/10	21.05	21.73	20.92	21.45	12002200	14.53	2372	伟星新材	SZ	21.18	14.35	
1024	3/30/10	20.58	21.32	20.38	21.18	11674600	14.35	2372	伟星新材	SZ	20.63	13.97	
1025	3/29/10	20.45	20.97	20.06	20.63	9038700	13.97	2372	伟星新材	SZ	20.46	13.86	
1026	3/26/10	20.77	20.92	20.02	20.46	11920800	13.86	2372	伟星新材	SZ	21.31	14.43	
1027	3/25/10	20.85	21.85	20.56	21.31	18041100	14.43	2372	伟星新材	SZ	21.14	14.32	
1028	3/24/10	20.72	21.9	20.58	21.14	22151000	14.32	2372	伟星新材	SZ	20.5	13.88	
1029	3/23/10	20.38	20.82	20.28	20.5	17221700	13.88	2372	伟星新材	SZ	20.73	14.04	
1030	3/22/10	20.62	21.35	20.03	20.73	31273800	14.04	2372	伟星新材	SZ	19.43	13.16	
1031	3/19/10	18.46	19.86	18.32	19.43	37161800	13.16	2372	伟星新材	SZ	19.12	12.95	
1032	3/18/10	17.85	19.14	17.85	19.12	52169300	12.95	2372	伟星新材	SZ	-1	-1	
