0	4/29/14	6.9	7.1	6.9	7.05	1201400	7.05	2374	丽鹏股份	SZ	6.92	6.92	
1	4/28/14	7.14	7.15	6.89	6.92	2156500	6.92	2374	丽鹏股份	SZ	7.15	7.15	
2	4/25/14	7.37	7.43	7.15	7.15	2239900	7.15	2374	丽鹏股份	SZ	7.43	7.43	
3	4/24/14	7.49	7.5	7.33	7.43	2605600	7.43	2374	丽鹏股份	SZ	7.54	7.54	
4	4/23/14	7.56	7.68	7.48	7.54	3490600	7.54	2374	丽鹏股份	SZ	7.57	7.57	
5	4/22/14	7.31	7.58	7.31	7.57	4199900	7.57	2374	丽鹏股份	SZ	7.3	7.3	
6	4/21/14	7.5	7.52	7.29	7.3	3909800	7.3	2374	丽鹏股份	SZ	7.54	7.54	
7	4/18/14	7.73	7.73	7.5	7.54	6416800	7.54	2374	丽鹏股份	SZ	7.8	7.8	
8	4/17/14	7.61	7.85	7.58	7.8	9362500	7.8	2374	丽鹏股份	SZ	7.6	7.6	
9	4/16/14	7.53	7.63	7.48	7.6	3117800	7.6	2374	丽鹏股份	SZ	7.54	7.54	
10	4/15/14	7.51	7.66	7.48	7.54	4726300	7.54	2374	丽鹏股份	SZ	7.53	7.53	
11	4/14/14	7.4	7.54	7.38	7.53	2181500	7.53	2374	丽鹏股份	SZ	7.42	7.42	
12	4/11/14	7.44	7.49	7.35	7.42	3327800	7.42	2374	丽鹏股份	SZ	7.46	7.46	
13	4/10/14	7.6	7.63	7.45	7.46	4751900	7.46	2374	丽鹏股份	SZ	7.6	7.6	
14	4/9/14	7.49	7.63	7.47	7.6	4036400	7.6	2374	丽鹏股份	SZ	7.5	7.5	
15	4/8/14	7.5	7.56	7.4	7.5	3579500	7.5	2374	丽鹏股份	SZ	7.53	7.53	
16	4/7/14	7.53	7.53	7.53	7.53	0	7.53	2374	丽鹏股份	SZ	7.53	7.53	
17	4/4/14	7.57	7.58	7.45	7.53	2985900	7.53	2374	丽鹏股份	SZ	7.62	7.57	
18	4/3/14	7.48	7.64	7.44	7.62	4122500	7.57	2374	丽鹏股份	SZ	7.48	7.44	
19	4/2/14	7.58	7.65	7.47	7.48	3816100	7.44	2374	丽鹏股份	SZ	7.65	7.6	
20	4/1/14	7.48	7.71	7.34	7.65	5141100	7.6	2374	丽鹏股份	SZ	7.58	7.54	
21	3/31/14	7.61	7.68	7.4	7.58	7398000	7.54	2374	丽鹏股份	SZ	7.58	7.54	
22	3/28/14	7.27	7.59	7.23	7.58	7507500	7.54	2374	丽鹏股份	SZ	7.22	7.18	
23	3/27/14	7.45	7.45	7.21	7.22	2838400	7.18	2374	丽鹏股份	SZ	7.45	7.41	
24	3/26/14	7.38	7.46	7.34	7.45	2910200	7.41	2374	丽鹏股份	SZ	7.35	7.31	
25	3/25/14	7.3	7.41	7.28	7.35	2342500	7.31	2374	丽鹏股份	SZ	7.38	7.34	
26	3/24/14	7.18	7.4	7.15	7.38	4049600	7.34	2374	丽鹏股份	SZ	7.18	7.14	
27	3/21/14	7.05	7.19	6.95	7.18	3092000	7.14	2374	丽鹏股份	SZ	7.04	7	
28	3/20/14	7.26	7.28	7.04	7.04	3430600	7	2374	丽鹏股份	SZ	7.25	7.21	
29	3/19/14	7.21	7.32	7.21	7.25	3748400	7.21	2374	丽鹏股份	SZ	7.22	7.18	
30	3/18/14	7.22	7.28	7.18	7.22	1964000	7.18	2374	丽鹏股份	SZ	7.22	7.18	
31	3/17/14	7.08	7.24	7.08	7.22	2043100	7.18	2374	丽鹏股份	SZ	7.1	7.06	
32	3/14/14	7.06	7.13	7.04	7.1	1487300	7.06	2374	丽鹏股份	SZ	7.1	7.06	
33	3/13/14	7.06	7.16	7.04	7.1	2207900	7.06	2374	丽鹏股份	SZ	7.06	7.02	
34	3/12/14	7.05	7.12	6.98	7.06	1307900	7.02	2374	丽鹏股份	SZ	7.06	7.02	
35	3/11/14	6.94	7.09	6.92	7.06	1317800	7.02	2374	丽鹏股份	SZ	6.99	6.95	
36	3/10/14	7.35	7.35	6.93	6.99	3004500	6.95	2374	丽鹏股份	SZ	7.35	7.31	
37	3/7/14	7.53	7.54	7.33	7.35	2059200	7.31	2374	丽鹏股份	SZ	7.49	7.45	
38	3/6/14	7.46	7.52	7.33	7.49	2241700	7.45	2374	丽鹏股份	SZ	7.52	7.48	
39	3/5/14	7.49	7.63	7.44	7.52	2825000	7.48	2374	丽鹏股份	SZ	7.46	7.42	
40	3/4/14	7.45	7.48	7.34	7.46	1841600	7.42	2374	丽鹏股份	SZ	7.49	7.45	
41	3/3/14	7.33	7.52	7.29	7.49	2713400	7.45	2374	丽鹏股份	SZ	7.33	7.29	
42	2/28/14	7.08	7.35	7.02	7.33	2784100	7.29	2374	丽鹏股份	SZ	7.12	7.08	
43	2/27/14	7.29	7.35	7.12	7.12	2449200	7.08	2374	丽鹏股份	SZ	7.25	7.21	
44	2/26/14	7.33	7.35	7.07	7.25	4249300	7.21	2374	丽鹏股份	SZ	7.4	7.36	
45	2/25/14	7.52	7.69	7.34	7.4	3982100	7.36	2374	丽鹏股份	SZ	7.55	7.51	
46	2/24/14	7.35	7.55	7.33	7.55	2687300	7.51	2374	丽鹏股份	SZ	7.39	7.35	
47	2/21/14	7.45	7.57	7.32	7.39	3177700	7.35	2374	丽鹏股份	SZ	7.48	7.44	
48	2/20/14	7.79	7.85	7.48	7.48	5475200	7.44	2374	丽鹏股份	SZ	7.77	7.72	
49	2/19/14	7.64	7.79	7.6	7.77	6009700	7.72	2374	丽鹏股份	SZ	7.64	7.59	
50	2/18/14	7.59	7.75	7.52	7.64	5063300	7.59	2374	丽鹏股份	SZ	7.62	7.57	
51	2/17/14	7.49	7.63	7.46	7.62	5237500	7.57	2374	丽鹏股份	SZ	7.48	7.44	
52	2/14/14	7.36	7.51	7.33	7.48	3774100	7.44	2374	丽鹏股份	SZ	7.35	7.31	
53	2/13/14	7.48	7.53	7.31	7.35	4048100	7.31	2374	丽鹏股份	SZ	7.51	7.47	
54	2/12/14	7.32	7.51	7.29	7.51	4985200	7.47	2374	丽鹏股份	SZ	7.32	7.28	
55	2/11/14	7.4	7.45	7.26	7.32	4212000	7.28	2374	丽鹏股份	SZ	7.4	7.36	
56	2/10/14	7.27	7.42	7.25	7.4	4636200	7.36	2374	丽鹏股份	SZ	7.27	7.23	
57	2/7/14	7	7.28	7	7.27	3350900	7.23	2374	丽鹏股份	SZ	7.07	7.03	
58	2/6/14	7.07	7.07	7.07	7.07	0	7.03	2374	丽鹏股份	SZ	7.07	7.03	
59	2/5/14	7.07	7.07	7.07	7.07	0	7.03	2374	丽鹏股份	SZ	7.07	7.03	
60	2/3/14	7.07	7.07	7.07	7.07	0	7.03	2374	丽鹏股份	SZ	7.07	7.03	
61	1/31/14	7.07	7.07	7.07	7.07	0	7.03	2374	丽鹏股份	SZ	7.07	7.03	
62	1/30/14	7.1	7.12	7.02	7.07	2006400	7.03	2374	丽鹏股份	SZ	7.11	7.07	
63	1/29/14	7.06	7.13	7.03	7.11	2234900	7.07	2374	丽鹏股份	SZ	7.07	7.03	
64	1/28/14	7.05	7.15	7	7.07	2130700	7.03	2374	丽鹏股份	SZ	7.08	7.04	
65	1/27/14	7.11	7.17	7.03	7.08	2860400	7.04	2374	丽鹏股份	SZ	7.07	7.03	
66	1/24/14	7.02	7.14	7.02	7.07	2930500	7.03	2374	丽鹏股份	SZ	7.06	7.02	
67	1/23/14	7	7.15	6.95	7.06	2773700	7.02	2374	丽鹏股份	SZ	6.99	6.95	
68	1/22/14	6.83	7	6.76	6.99	2554600	6.95	2374	丽鹏股份	SZ	6.83	6.79	
69	1/21/14	6.72	6.83	6.7	6.83	1853200	6.79	2374	丽鹏股份	SZ	6.74	6.7	
70	1/20/14	6.67	6.79	6.65	6.74	2374100	6.7	2374	丽鹏股份	SZ	6.67	6.63	
71	1/17/14	6.83	6.87	6.66	6.67	2537500	6.63	2374	丽鹏股份	SZ	6.83	6.79	
72	1/16/14	6.86	6.91	6.81	6.83	2279100	6.79	2374	丽鹏股份	SZ	6.88	6.84	
73	1/15/14	6.81	6.93	6.78	6.88	2423500	6.84	2374	丽鹏股份	SZ	6.81	6.77	
74	1/14/14	6.7	6.82	6.63	6.81	2561100	6.77	2374	丽鹏股份	SZ	6.7	6.66	
75	1/13/14	6.64	6.75	6.61	6.7	2402700	6.66	2374	丽鹏股份	SZ	6.68	6.64	
76	1/10/14	7.03	7.03	6.68	6.68	4461500	6.64	2374	丽鹏股份	SZ	7.03	6.99	
77	1/9/14	7.25	7.28	7.01	7.03	4698500	6.99	2374	丽鹏股份	SZ	7.3	7.26	
78	1/8/14	7.31	7.5	7.21	7.3	6869100	7.26	2374	丽鹏股份	SZ	7.34	7.3	
79	1/7/14	7.22	7.34	7	7.34	6949900	7.3	2374	丽鹏股份	SZ	7.33	7.29	
80	1/6/14	7.18	7.45	7.11	7.33	13097900	7.29	2374	丽鹏股份	SZ	7.12	7.08	
81	1/3/14	6.92	7.19	6.92	7.12	8283500	7.08	2374	丽鹏股份	SZ	6.92	6.88	
82	1/2/14	6.91	6.94	6.86	6.92	3057700	6.88	2374	丽鹏股份	SZ	6.9	6.86	
83	1/1/14	6.9	6.9	6.9	6.9	0	6.86	2374	丽鹏股份	SZ	6.9	6.86	
84	12/31/13	7	7.03	6.87	6.9	4341300	6.86	2374	丽鹏股份	SZ	7.02	6.98	
85	12/30/13	6.96	7.05	6.92	7.02	2871300	6.98	2374	丽鹏股份	SZ	6.92	6.88	
86	12/27/13	6.8	6.96	6.76	6.92	3420400	6.88	2374	丽鹏股份	SZ	6.86	6.82	
87	12/26/13	7.01	7.17	6.85	6.86	6418200	6.82	2374	丽鹏股份	SZ	6.88	6.84	
88	12/25/13	6.85	6.89	6.81	6.88	2388400	6.84	2374	丽鹏股份	SZ	6.85	6.81	
89	12/24/13	6.63	6.91	6.63	6.85	3079200	6.81	2374	丽鹏股份	SZ	6.66	6.62	
90	12/23/13	6.66	6.71	6.56	6.66	1306600	6.62	2374	丽鹏股份	SZ	6.64	6.6	
91	12/20/13	6.76	6.76	6.6	6.64	1530400	6.6	2374	丽鹏股份	SZ	6.73	6.69	
92	12/19/13	6.74	6.82	6.72	6.73	1561900	6.69	2374	丽鹏股份	SZ	6.71	6.67	
93	12/18/13	6.7	6.78	6.66	6.71	1572000	6.67	2374	丽鹏股份	SZ	6.7	6.66	
94	12/17/13	6.83	6.83	6.68	6.7	2606900	6.66	2374	丽鹏股份	SZ	6.8	6.76	
95	12/16/13	6.91	6.93	6.79	6.8	3197400	6.76	2374	丽鹏股份	SZ	6.94	6.9	
96	12/13/13	6.9	7.08	6.85	6.94	8035700	6.9	2374	丽鹏股份	SZ	6.93	6.89	
97	12/12/13	6.76	6.94	6.74	6.93	3098200	6.89	2374	丽鹏股份	SZ	6.77	6.73	
98	12/11/13	6.91	6.91	6.7	6.77	3738700	6.73	2374	丽鹏股份	SZ	6.92	6.88	
99	12/10/13	6.95	6.95	6.84	6.92	2214600	6.88	2374	丽鹏股份	SZ	6.92	6.88	
100	12/9/13	6.86	6.96	6.82	6.92	2245600	6.88	2374	丽鹏股份	SZ	6.82	6.78	
101	12/6/13	6.83	6.92	6.79	6.82	2043100	6.78	2374	丽鹏股份	SZ	6.81	6.77	
102	12/5/13	6.71	6.84	6.7	6.81	2368000	6.77	2374	丽鹏股份	SZ	6.71	6.67	
103	12/4/13	6.59	6.76	6.56	6.71	3028900	6.67	2374	丽鹏股份	SZ	6.6	6.56	
104	12/3/13	6.42	6.65	6.42	6.6	2055500	6.56	2374	丽鹏股份	SZ	6.48	6.44	
105	12/2/13	6.81	6.81	6.37	6.48	5276300	6.44	2374	丽鹏股份	SZ	6.97	6.93	
106	11/29/13	6.91	6.98	6.86	6.97	4114900	6.93	2374	丽鹏股份	SZ	6.92	6.88	
107	11/28/13	6.88	6.99	6.84	6.92	4309600	6.88	2374	丽鹏股份	SZ	6.87	6.83	
108	11/27/13	6.81	6.89	6.79	6.87	4530300	6.83	2374	丽鹏股份	SZ	6.8	6.76	
109	11/26/13	6.75	6.8	6.72	6.8	2347600	6.76	2374	丽鹏股份	SZ	6.73	6.69	
110	11/25/13	6.73	6.83	6.69	6.73	2601900	6.69	2374	丽鹏股份	SZ	6.73	6.69	
111	11/22/13	6.79	6.85	6.71	6.73	3549800	6.69	2374	丽鹏股份	SZ	6.79	6.75	
112	11/21/13	6.87	6.87	6.69	6.79	4064000	6.75	2374	丽鹏股份	SZ	6.87	6.83	
113	11/20/13	6.86	6.9	6.74	6.87	5283000	6.83	2374	丽鹏股份	SZ	6.83	6.79	
114	11/19/13	6.66	6.86	6.61	6.83	6768400	6.79	2374	丽鹏股份	SZ	6.66	6.62	
115	11/18/13	6.46	6.68	6.46	6.66	5118400	6.62	2374	丽鹏股份	SZ	6.44	6.4	
116	11/15/13	6.35	6.56	6.31	6.44	5300300	6.4	2374	丽鹏股份	SZ	6.42	6.38	
117	11/14/13	6.56	6.59	6.27	6.42	3507200	6.38	2374	丽鹏股份	SZ	6.49	6.45	
118	11/13/13	6.45	6.58	6.25	6.49	3858700	6.45	2374	丽鹏股份	SZ	6.46	6.42	
119	11/12/13	6.54	6.6	6.45	6.46	2794100	6.42	2374	丽鹏股份	SZ	6.5	6.46	
120	11/11/13	6.55	6.56	6.41	6.5	1681200	6.46	2374	丽鹏股份	SZ	6.49	6.45	
121	11/8/13	6.98	7.02	6.47	6.49	3581600	6.45	2374	丽鹏股份	SZ	7.15	7.11	
122	11/7/13	7.45	7.5	7.08	7.15	1304100	7.11	2374	丽鹏股份	SZ	7.37	7.33	
123	11/6/13	7.02	7.56	7	7.37	2430500	7.33	2374	丽鹏股份	SZ	7	6.96	
124	11/5/13	6.99	7.05	6.88	7	592600	6.96	2374	丽鹏股份	SZ	7	6.96	
125	11/4/13	6.97	7	6.89	7	685600	6.96	2374	丽鹏股份	SZ	6.97	6.93	
126	11/1/13	6.97	7	6.81	6.97	722300	6.93	2374	丽鹏股份	SZ	6.97	6.93	
127	10/31/13	6.98	7	6.71	6.97	957800	6.93	2374	丽鹏股份	SZ	6.97	6.93	
128	10/30/13	7.02	7.08	6.92	6.97	843700	6.93	2374	丽鹏股份	SZ	7.02	6.98	
129	10/29/13	7.62	7.64	6.9	7.02	1687900	6.98	2374	丽鹏股份	SZ	7.6	7.56	
130	10/28/13	7.45	7.62	7.38	7.6	766700	7.56	2374	丽鹏股份	SZ	7.41	7.37	
131	10/25/13	7.52	7.57	7.36	7.41	774900	7.37	2374	丽鹏股份	SZ	7.52	7.48	
132	10/24/13	7.75	7.75	7.46	7.52	1799600	7.48	2374	丽鹏股份	SZ	7.76	7.71	
133	10/23/13	7.97	8.01	7.75	7.76	1806000	7.71	2374	丽鹏股份	SZ	7.92	7.87	
134	10/22/13	8	8	7.86	7.92	1783300	7.87	2374	丽鹏股份	SZ	7.98	7.93	
135	10/21/13	7.98	7.99	7.8	7.98	2295000	7.93	2374	丽鹏股份	SZ	7.96	7.91	
136	10/18/13	7.91	8.18	7.75	7.96	2878700	7.91	2374	丽鹏股份	SZ	8.03	7.98	
137	10/17/13	8.25	8.3	8	8.03	4260700	7.98	2374	丽鹏股份	SZ	8.28	8.23	
138	10/16/13	8.2	8.37	8	8.28	5910000	8.23	2374	丽鹏股份	SZ	8.27	8.22	
139	10/15/13	8.06	8.34	8.06	8.27	5936100	8.22	2374	丽鹏股份	SZ	8.14	8.09	
140	10/14/13	8.03	8.22	7.96	8.14	2898700	8.09	2374	丽鹏股份	SZ	8.02	7.97	
141	10/11/13	7.83	8.13	7.8	8.02	4047100	7.97	2374	丽鹏股份	SZ	7.85	7.8	
142	10/10/13	7.9	7.98	7.72	7.85	2318000	7.8	2374	丽鹏股份	SZ	7.95	7.9	
143	10/9/13	7.62	8.04	7.61	7.95	5027500	7.9	2374	丽鹏股份	SZ	7.67	7.62	
144	10/8/13	7.52	7.67	7.51	7.67	1682100	7.62	2374	丽鹏股份	SZ	7.54	7.5	
145	10/7/13	7.54	7.54	7.54	7.54	0	7.5	2374	丽鹏股份	SZ	7.54	7.5	
146	10/4/13	7.54	7.54	7.54	7.54	0	7.5	2374	丽鹏股份	SZ	7.54	7.5	
147	10/3/13	7.54	7.54	7.54	7.54	0	7.5	2374	丽鹏股份	SZ	7.54	7.5	
148	10/2/13	7.54	7.54	7.54	7.54	0	7.5	2374	丽鹏股份	SZ	7.54	7.5	
149	10/1/13	7.54	7.54	7.54	7.54	0	7.5	2374	丽鹏股份	SZ	7.54	7.5	
150	9/30/13	7.44	7.69	7.4	7.54	1303400	7.5	2374	丽鹏股份	SZ	7.44	7.4	
151	9/27/13	7.33	7.45	7.33	7.44	856300	7.4	2374	丽鹏股份	SZ	7.33	7.29	
152	9/26/13	7.55	7.55	7.31	7.33	1907300	7.29	2374	丽鹏股份	SZ	7.53	7.49	
153	9/25/13	7.74	7.8	7.5	7.53	2070000	7.49	2374	丽鹏股份	SZ	7.73	7.68	
154	9/24/13	7.91	7.93	7.63	7.73	2652000	7.68	2374	丽鹏股份	SZ	7.91	7.86	
155	9/23/13	7.78	7.91	7.71	7.91	3093700	7.86	2374	丽鹏股份	SZ	7.81	7.76	
156	9/20/13	7.81	7.81	7.81	7.81	0	7.76	2374	丽鹏股份	SZ	7.81	7.76	
157	9/18/13	7.72	7.82	7.6	7.81	2463400	7.76	2374	丽鹏股份	SZ	7.7	7.65	
158	9/17/13	7.56	7.84	7.51	7.7	4368900	7.65	2374	丽鹏股份	SZ	7.55	7.51	
159	9/16/13	7.48	7.56	7.42	7.55	1550800	7.51	2374	丽鹏股份	SZ	7.48	7.44	
160	9/13/13	7.45	7.49	7.4	7.48	965100	7.44	2374	丽鹏股份	SZ	7.42	7.38	
161	9/12/13	7.43	7.5	7.38	7.42	1014500	7.38	2374	丽鹏股份	SZ	7.46	7.42	
162	9/11/13	7.55	7.57	7.4	7.46	1662400	7.42	2374	丽鹏股份	SZ	7.54	7.5	
163	9/10/13	7.66	7.66	7.4	7.54	2091700	7.5	2374	丽鹏股份	SZ	7.69	7.64	
164	9/9/13	7.61	7.78	7.5	7.69	1866100	7.64	2374	丽鹏股份	SZ	7.57	7.53	
165	9/6/13	7.46	7.6	7.4	7.57	1146300	7.53	2374	丽鹏股份	SZ	7.45	7.41	
166	9/5/13	7.53	7.66	7.45	7.45	1437200	7.41	2374	丽鹏股份	SZ	7.53	7.49	
167	9/4/13	7.63	7.65	7.5	7.53	1263200	7.49	2374	丽鹏股份	SZ	7.63	7.58	
168	9/3/13	7.5	7.65	7.4	7.63	1574500	7.58	2374	丽鹏股份	SZ	7.48	7.44	
169	9/2/13	7.41	7.48	7.3	7.48	1513100	7.44	2374	丽鹏股份	SZ	7.4	7.36	
170	8/30/13	7.59	7.72	7.35	7.4	2038000	7.36	2374	丽鹏股份	SZ	7.63	7.58	
171	8/29/13	7.71	7.74	7.58	7.63	2284400	7.58	2374	丽鹏股份	SZ	7.71	7.66	
172	8/28/13	7.89	7.89	7.7	7.71	2133700	7.66	2374	丽鹏股份	SZ	7.89	7.84	
173	8/27/13	7.85	7.94	7.74	7.89	2180900	7.84	2374	丽鹏股份	SZ	7.93	7.88	
174	8/26/13	7.85	7.97	7.77	7.93	2222200	7.88	2374	丽鹏股份	SZ	7.84	7.79	
175	8/23/13	7.81	7.86	7.59	7.84	2399100	7.79	2374	丽鹏股份	SZ	7.76	7.71	
176	8/22/13	7.98	8.01	7.73	7.76	3503200	7.71	2374	丽鹏股份	SZ	7.97	7.92	
177	8/21/13	7.9	8.15	7.8	7.97	2822400	7.92	2374	丽鹏股份	SZ	7.97	7.92	
178	8/20/13	8.08	8.19	7.83	7.97	3838200	7.92	2374	丽鹏股份	SZ	8.2	8.15	
179	8/19/13	7.95	8.24	7.72	8.2	5073500	8.15	2374	丽鹏股份	SZ	8.07	8.02	
180	8/16/13	8.18	8.6	7.97	8.07	7024200	8.02	2374	丽鹏股份	SZ	8.42	8.37	
181	8/15/13	8.1	8.7	8	8.42	14308400	8.37	2374	丽鹏股份	SZ	7.91	7.86	
182	8/14/13	7.21	7.91	7.2	7.91	6645400	7.86	2374	丽鹏股份	SZ	7.19	7.15	
183	8/13/13	7.18	7.23	7.1	7.19	1478900	7.15	2374	丽鹏股份	SZ	7.2	7.16	
184	8/12/13	7.14	7.29	7.07	7.2	2276800	7.16	2374	丽鹏股份	SZ	7.18	7.14	
185	8/9/13	6.9	7.22	6.86	7.18	2478200	7.14	2374	丽鹏股份	SZ	6.89	6.85	
186	8/8/13	6.83	6.95	6.82	6.89	609400	6.85	2374	丽鹏股份	SZ	6.88	6.84	
187	8/7/13	6.94	7.01	6.88	6.88	1356600	6.84	2374	丽鹏股份	SZ	6.95	6.91	
188	8/6/13	7.05	7.06	6.9	6.95	1314900	6.91	2374	丽鹏股份	SZ	7.04	7	
189	8/5/13	6.87	7.04	6.84	7.04	1655000	7	2374	丽鹏股份	SZ	6.89	6.85	
190	8/2/13	6.69	6.89	6.64	6.89	1341700	6.85	2374	丽鹏股份	SZ	6.69	6.65	
191	8/1/13	6.5	6.69	6.49	6.69	981700	6.65	2374	丽鹏股份	SZ	6.45	6.41	
192	7/31/13	6.54	6.62	6.44	6.45	705300	6.41	2374	丽鹏股份	SZ	6.54	6.5	
193	7/30/13	6.38	6.66	6.36	6.54	718800	6.5	2374	丽鹏股份	SZ	6.38	6.34	
194	7/29/13	6.51	6.52	6.33	6.38	1023200	6.34	2374	丽鹏股份	SZ	6.54	6.5	
195	7/26/13	6.61	6.67	6.48	6.54	700100	6.5	2374	丽鹏股份	SZ	6.64	6.6	
196	7/25/13	6.73	6.79	6.61	6.64	835100	6.6	2374	丽鹏股份	SZ	6.76	6.72	
197	7/24/13	6.88	6.88	6.67	6.76	1002700	6.72	2374	丽鹏股份	SZ	6.84	6.8	
198	7/23/13	6.66	6.9	6.55	6.84	1076000	6.8	2374	丽鹏股份	SZ	6.65	6.61	
199	7/22/13	6.6	6.68	6.5	6.65	835000	6.61	2374	丽鹏股份	SZ	6.62	6.58	
200	7/19/13	6.72	6.84	6.51	6.62	1128500	6.58	2374	丽鹏股份	SZ	6.72	6.68	
201	7/18/13	6.94	7.01	6.71	6.72	1021500	6.68	2374	丽鹏股份	SZ	6.92	6.88	
202	7/17/13	7.14	7.24	6.92	6.92	1180100	6.88	2374	丽鹏股份	SZ	7.12	7.08	
203	7/16/13	7.22	7.23	7.03	7.12	1310400	7.08	2374	丽鹏股份	SZ	7.23	7.19	
204	7/15/13	7.25	7.39	7.13	7.23	2522200	7.19	2374	丽鹏股份	SZ	7.25	7.21	
205	7/12/13	7.1	7.3	7.03	7.25	3924900	7.21	2374	丽鹏股份	SZ	7.19	7.15	
206	7/11/13	6.78	7.4	6.66	7.19	4465100	7.15	2374	丽鹏股份	SZ	6.78	6.74	
207	7/10/13	6.37	6.85	6.33	6.78	1451300	6.74	2374	丽鹏股份	SZ	6.4	6.36	
208	7/9/13	6.31	6.43	6.18	6.4	790100	6.36	2374	丽鹏股份	SZ	6.31	6.27	
209	7/8/13	6.31	6.52	6.31	6.31	1937600	6.27	2374	丽鹏股份	SZ	6.53	6.49	
210	7/5/13	6.56	6.58	6.47	6.53	1577300	6.49	2374	丽鹏股份	SZ	6.5	6.46	
211	7/4/13	6.29	6.54	6.23	6.5	1290600	6.46	2374	丽鹏股份	SZ	6.35	6.31	
212	7/3/13	6.36	6.36	6.16	6.35	612900	6.31	2374	丽鹏股份	SZ	6.36	6.32	
213	7/2/13	6.3	6.36	6.23	6.36	622200	6.32	2374	丽鹏股份	SZ	6.3	6.26	
214	7/1/13	6.2	6.3	6.03	6.3	469000	6.26	2374	丽鹏股份	SZ	6.15	6.11	
215	6/28/13	6.24	6.4	6.09	6.15	661800	6.11	2374	丽鹏股份	SZ	6.31	6.27	
216	6/27/13	6.5	6.58	6.3	6.31	1152200	6.27	2374	丽鹏股份	SZ	6.49	6.45	
217	6/26/13	6.32	6.49	6.3	6.49	846900	6.45	2374	丽鹏股份	SZ	6.4	6.36	
218	6/25/13	6.48	6.54	5.89	6.4	1646800	6.36	2374	丽鹏股份	SZ	6.54	6.5	
219	6/24/13	7.2	7.33	6.48	6.54	1473100	6.5	2374	丽鹏股份	SZ	7.2	7.16	
220	6/21/13	7.11	7.25	7.04	7.2	582200	7.16	2374	丽鹏股份	SZ	7.31	7.27	
221	6/20/13	7.42	7.6	7.31	7.31	933300	7.27	2374	丽鹏股份	SZ	7.52	7.48	
222	6/19/13	7.52	7.62	7.28	7.52	760200	7.48	2374	丽鹏股份	SZ	7.51	7.47	
223	6/18/13	7.5	7.65	7.41	7.51	779900	7.47	2374	丽鹏股份	SZ	7.5	7.46	
224	6/17/13	7.45	7.58	7.4	7.5	959400	7.46	2374	丽鹏股份	SZ	7.45	7.41	
225	6/14/13	7.35	7.58	7.35	7.45	782500	7.41	2374	丽鹏股份	SZ	7.36	7.32	
226	6/13/13	7.68	7.68	7.3	7.36	946200	7.32	2374	丽鹏股份	SZ	7.76	7.71	
227	6/12/13	7.76	7.76	7.76	7.76	0	7.71	2374	丽鹏股份	SZ	7.76	7.71	
228	6/11/13	7.76	7.76	7.76	7.76	0	7.71	2374	丽鹏股份	SZ	7.76	7.71	
229	6/10/13	7.76	7.76	7.76	7.76	0	7.71	2374	丽鹏股份	SZ	7.76	7.71	
230	6/7/13	7.89	7.97	7.74	7.76	906700	7.71	2374	丽鹏股份	SZ	7.88	7.83	
231	6/6/13	7.89	8.04	7.82	7.88	948800	7.83	2374	丽鹏股份	SZ	7.94	7.89	
232	6/5/13	7.9	7.95	7.79	7.94	1339500	7.89	2374	丽鹏股份	SZ	7.99	7.94	
233	6/4/13	8.18	8.18	7.85	7.99	2366400	7.94	2374	丽鹏股份	SZ	8.18	8.13	
234	6/3/13	8.56	8.56	8.18	8.18	2347700	8.13	2374	丽鹏股份	SZ	8.56	8.51	
235	5/31/13	8.72	8.72	8.53	8.56	1604400	8.51	2374	丽鹏股份	SZ	8.71	8.66	
236	5/30/13	8.6	8.71	8.5	8.71	1908700	8.66	2374	丽鹏股份	SZ	8.63	8.58	
237	5/29/13	8.7	8.8	8.41	8.63	2474100	8.58	2374	丽鹏股份	SZ	8.9	4.77	
238	5/28/13	9.17	9.17	8.87	8.9	3690400	4.77	2374	丽鹏股份	SZ	9.17	4.91	
239	5/27/13	9.13	9.23	9.07	9.17	2846700	4.91	2374	丽鹏股份	SZ	9.04	4.84	
240	5/24/13	9	9.08	8.83	9.04	2372600	4.84	2374	丽鹏股份	SZ	9.02	4.83	
241	5/23/13	9.01	9.2	8.94	9.02	2975200	4.83	2374	丽鹏股份	SZ	9.04	4.84	
242	5/22/13	8.97	9.21	8.96	9.04	2959100	4.84	2374	丽鹏股份	SZ	9.11	4.88	
243	5/21/13	8.81	9.23	8.81	9.11	5733800	4.88	2374	丽鹏股份	SZ	8.67	4.64	
244	5/20/13	8.61	8.82	8.61	8.67	4193200	4.64	2374	丽鹏股份	SZ	8.61	4.61	
245	5/17/13	8.73	8.75	8.56	8.61	3702800	4.61	2374	丽鹏股份	SZ	8.8	4.71	
246	5/16/13	8.95	9.27	8.56	8.8	4995800	4.71	2374	丽鹏股份	SZ	8.43	4.52	
247	5/15/13	8.3	8.43	8.24	8.43	1976600	4.52	2374	丽鹏股份	SZ	8.28	4.44	
248	5/14/13	8.3	8.36	8.16	8.28	1107800	4.44	2374	丽鹏股份	SZ	8.3	4.44	
249	5/13/13	8.34	8.39	8.25	8.3	1322900	4.44	2374	丽鹏股份	SZ	8.34	4.47	
250	5/10/13	8.34	8.46	8.26	8.34	1638800	4.47	2374	丽鹏股份	SZ	8.34	4.47	
251	5/9/13	8.33	8.39	8.18	8.34	1492200	4.47	2374	丽鹏股份	SZ	8.31	4.45	
252	5/8/13	8.33	8.33	8.18	8.31	1264900	4.45	2374	丽鹏股份	SZ	8.23	4.41	
253	5/7/13	8.22	8.32	8.17	8.23	1249100	4.41	2374	丽鹏股份	SZ	8.21	4.4	
254	5/6/13	8.03	8.27	7.92	8.21	1318200	4.4	2374	丽鹏股份	SZ	7.97	4.27	
255	5/3/13	7.83	8.03	7.83	7.97	1176700	4.27	2374	丽鹏股份	SZ	7.88	4.22	
256	5/2/13	7.79	7.89	7.63	7.88	853500	4.22	2374	丽鹏股份	SZ	7.81	4.18	
257	5/1/13	7.81	7.81	7.81	7.81	0	4.18	2374	丽鹏股份	SZ	7.81	4.18	
258	4/30/13	7.81	7.81	7.81	7.81	0	4.18	2374	丽鹏股份	SZ	7.81	4.18	
259	4/29/13	7.81	7.81	7.81	7.81	0	4.18	2374	丽鹏股份	SZ	7.81	4.18	
260	4/26/13	8.19	8.22	7.79	7.81	2134600	4.18	2374	丽鹏股份	SZ	8.14	4.36	
261	4/25/13	8.39	8.41	8.14	8.14	1620600	4.36	2374	丽鹏股份	SZ	8.33	4.46	
262	4/24/13	8.18	8.38	8.18	8.33	2067800	4.46	2374	丽鹏股份	SZ	8.26	4.42	
263	4/23/13	8.33	8.52	8.26	8.26	2642000	4.42	2374	丽鹏股份	SZ	8.41	4.5	
264	4/22/13	8.2	8.41	8.08	8.41	3046400	4.5	2374	丽鹏股份	SZ	8.22	4.4	
265	4/19/13	8.14	8.27	8.06	8.22	2795200	4.4	2374	丽鹏股份	SZ	8.21	4.39	
266	4/18/13	8	8.4	8	8.21	4336900	4.39	2374	丽鹏股份	SZ	7.69	4.12	
267	4/17/13	7.62	7.7	7.56	7.69	822100	4.12	2374	丽鹏股份	SZ	7.62	4.08	
268	4/16/13	7.48	7.62	7.46	7.62	584400	4.08	2374	丽鹏股份	SZ	7.53	4.03	
269	4/15/13	7.52	7.62	7.5	7.53	729400	4.03	2374	丽鹏股份	SZ	7.5	4.02	
270	4/12/13	7.54	7.61	7.47	7.5	591400	4.02	2374	丽鹏股份	SZ	7.54	4.04	
271	4/11/13	7.51	7.71	7.41	7.54	1751600	4.04	2374	丽鹏股份	SZ	7.44	3.98	
272	4/10/13	7.38	7.54	7.35	7.44	942400	3.98	2374	丽鹏股份	SZ	7.37	3.95	
273	4/9/13	7.16	7.39	7.16	7.37	637600	3.95	2374	丽鹏股份	SZ	7.17	3.84	
274	4/8/13	7.29	7.29	7.08	7.17	635000	3.84	2374	丽鹏股份	SZ	7.29	3.9	
275	4/5/13	7.29	7.29	7.29	7.29	0	3.9	2374	丽鹏股份	SZ	7.29	3.9	
276	4/4/13	7.29	7.29	7.29	7.29	0	3.9	2374	丽鹏股份	SZ	7.29	3.9	
277	4/3/13	7.48	7.56	7.27	7.29	668200	3.9	2374	丽鹏股份	SZ	7.47	4	
278	4/2/13	7.38	7.52	7.38	7.47	785100	4	2374	丽鹏股份	SZ	7.44	3.99	
279	4/1/13	7.26	7.52	7.22	7.44	775500	3.99	2374	丽鹏股份	SZ	7.25	3.88	
280	3/29/13	7.22	7.32	7.22	7.25	505300	3.88	2374	丽鹏股份	SZ	7.25	3.88	
281	3/28/13	7.53	7.53	7.25	7.25	1153100	3.88	2374	丽鹏股份	SZ	7.56	4.05	
282	3/27/13	7.64	7.66	7.51	7.56	712300	4.05	2374	丽鹏股份	SZ	7.57	4.06	
283	3/26/13	7.7	7.78	7.52	7.57	1206400	4.06	2374	丽鹏股份	SZ	7.79	4.17	
284	3/25/13	7.83	7.88	7.72	7.79	617200	4.17	2374	丽鹏股份	SZ	7.86	4.21	
285	3/22/13	7.8	7.89	7.8	7.86	663300	4.21	2374	丽鹏股份	SZ	7.81	4.18	
286	3/21/13	7.83	7.88	7.73	7.81	867800	4.18	2374	丽鹏股份	SZ	7.82	4.19	
287	3/20/13	7.67	7.83	7.62	7.82	777500	4.19	2374	丽鹏股份	SZ	7.62	4.08	
288	3/19/13	7.62	7.7	7.52	7.62	744900	4.08	2374	丽鹏股份	SZ	7.61	4.07	
289	3/18/13	7.69	7.83	7.58	7.61	738400	4.07	2374	丽鹏股份	SZ	7.69	4.12	
290	3/15/13	7.77	7.89	7.62	7.69	831900	4.12	2374	丽鹏股份	SZ	7.75	4.15	
291	3/14/13	7.77	7.91	7.73	7.75	731500	4.15	2374	丽鹏股份	SZ	7.84	4.2	
292	3/13/13	7.94	8.02	7.72	7.84	1103100	4.2	2374	丽鹏股份	SZ	7.98	4.28	
293	3/12/13	8.28	8.37	7.89	7.98	1637300	4.28	2374	丽鹏股份	SZ	8.32	4.46	
294	3/11/13	8.26	8.37	8.25	8.32	945200	4.46	2374	丽鹏股份	SZ	8.31	4.45	
295	3/8/13	8.55	8.55	8.28	8.31	1395700	4.45	2374	丽鹏股份	SZ	8.44	4.52	
296	3/7/13	8.61	8.62	8.37	8.44	2373600	4.52	2374	丽鹏股份	SZ	8.61	4.61	
297	3/6/13	8.46	8.63	8.38	8.61	3442200	4.61	2374	丽鹏股份	SZ	8.46	4.53	
298	3/5/13	8.27	8.47	8.27	8.46	2522700	4.53	2374	丽鹏股份	SZ	8.26	4.42	
299	3/4/13	8.28	8.5	8.18	8.26	3676300	4.42	2374	丽鹏股份	SZ	8.27	4.43	
300	3/1/13	8.11	8.28	8.07	8.27	1775500	4.43	2374	丽鹏股份	SZ	8.11	4.34	
301	2/28/13	7.96	8.14	7.96	8.11	1093700	4.34	2374	丽鹏股份	SZ	7.98	4.27	
302	2/27/13	8.04	8.15	7.96	7.98	982500	4.27	2374	丽鹏股份	SZ	7.97	4.27	
303	2/26/13	8.12	8.12	7.94	7.97	1129700	4.27	2374	丽鹏股份	SZ	8.13	4.36	
304	2/25/13	8.08	8.18	8.04	8.13	606100	4.36	2374	丽鹏股份	SZ	8.08	4.33	
305	2/22/13	8.05	8.16	8.05	8.08	1005100	4.33	2374	丽鹏股份	SZ	8.04	4.3	
306	2/21/13	8.33	8.37	8.03	8.04	1958900	4.3	2374	丽鹏股份	SZ	8.37	4.48	
307	2/20/13	8.24	8.38	8.24	8.37	1563200	4.48	2374	丽鹏股份	SZ	8.23	4.41	
308	2/19/13	8.45	8.47	8.23	8.23	1727500	4.41	2374	丽鹏股份	SZ	8.45	4.53	
309	2/18/13	8.32	8.48	8.26	8.45	2388900	4.53	2374	丽鹏股份	SZ	8.29	4.44	
310	2/15/13	8.29	8.29	8.29	8.29	0	4.44	2374	丽鹏股份	SZ	8.29	4.44	
311	2/14/13	8.29	8.29	8.29	8.29	0	4.44	2374	丽鹏股份	SZ	8.29	4.44	
312	2/13/13	8.29	8.29	8.29	8.29	0	4.44	2374	丽鹏股份	SZ	8.29	4.44	
313	2/12/13	8.29	8.29	8.29	8.29	0	4.44	2374	丽鹏股份	SZ	8.29	4.44	
314	2/11/13	8.29	8.29	8.29	8.29	0	4.44	2374	丽鹏股份	SZ	8.29	4.44	
315	2/8/13	8.11	8.31	8.11	8.29	1339400	4.44	2374	丽鹏股份	SZ	8.17	4.37	
316	2/7/13	8.22	8.27	8.11	8.17	1043100	4.37	2374	丽鹏股份	SZ	8.18	4.38	
317	2/6/13	8.12	8.22	8.12	8.18	812400	4.38	2374	丽鹏股份	SZ	8.16	4.37	
318	2/5/13	8.14	8.21	8	8.16	1210700	4.37	2374	丽鹏股份	SZ	8.19	4.39	
319	2/4/13	8.26	8.39	8.09	8.19	1354800	4.39	2374	丽鹏股份	SZ	8.27	4.43	
320	2/1/13	8.27	8.32	8.18	8.27	1305600	4.43	2374	丽鹏股份	SZ	8.29	4.44	
321	1/31/13	8.09	8.48	8.08	8.29	3111900	4.44	2374	丽鹏股份	SZ	8.11	4.34	
322	1/30/13	8.13	8.18	8.01	8.11	1578800	4.34	2374	丽鹏股份	SZ	8.17	4.37	
323	1/29/13	8.11	8.24	8.03	8.17	1830100	4.37	2374	丽鹏股份	SZ	8.11	4.34	
324	1/28/13	7.94	8.11	7.89	8.11	1127600	4.34	2374	丽鹏股份	SZ	7.86	4.21	
325	1/25/13	7.92	7.99	7.83	7.86	1330200	4.21	2374	丽鹏股份	SZ	7.88	4.22	
326	1/24/13	8.25	8.35	7.84	7.88	2583400	4.22	2374	丽鹏股份	SZ	8.22	4.4	
327	1/23/13	8.28	8.31	8.11	8.22	1946600	4.4	2374	丽鹏股份	SZ	8.31	4.45	
328	1/22/13	8.51	8.52	8.28	8.31	1718900	4.45	2374	丽鹏股份	SZ	8.53	4.57	
329	1/21/13	8.58	8.61	8.45	8.53	1799600	4.57	2374	丽鹏股份	SZ	8.54	4.58	
330	1/18/13	8.46	8.57	8.44	8.54	1798400	4.58	2374	丽鹏股份	SZ	8.43	4.52	
331	1/17/13	8.63	8.63	8.39	8.43	2265900	4.52	2374	丽鹏股份	SZ	8.64	4.63	
332	1/16/13	8.59	8.76	8.42	8.64	5061500	4.63	2374	丽鹏股份	SZ	8.53	4.57	
333	1/15/13	8.28	8.53	8.22	8.53	4278400	4.57	2374	丽鹏股份	SZ	8.22	4.4	
334	1/14/13	8.01	8.3	7.99	8.22	2729900	4.4	2374	丽鹏股份	SZ	8.01	4.29	
335	1/11/13	8.36	8.42	8	8.01	3015400	4.29	2374	丽鹏股份	SZ	8.34	4.47	
336	1/10/13	8.17	8.37	8.17	8.34	3366300	4.47	2374	丽鹏股份	SZ	8.17	4.37	
337	1/9/13	8.16	8.31	8.12	8.17	2797300	4.37	2374	丽鹏股份	SZ	8.26	4.42	
338	1/8/13	8.27	8.55	8.18	8.26	3677300	4.42	2374	丽鹏股份	SZ	8.29	4.44	
339	1/7/13	8.08	8.37	8.03	8.29	4833000	4.44	2374	丽鹏股份	SZ	7.99	4.28	
340	1/4/13	8.1	8.1	7.91	7.99	2414400	4.28	2374	丽鹏股份	SZ	8.02	4.3	
341	1/3/13	8.02	8.02	8.02	8.02	0	4.3	2374	丽鹏股份	SZ	8.02	4.3	
342	1/2/13	8.02	8.02	8.02	8.02	0	4.3	2374	丽鹏股份	SZ	8.02	4.3	
343	1/1/13	8.02	8.02	8.02	8.02	0	4.3	2374	丽鹏股份	SZ	8.02	4.3	
344	12/31/12	8.01	8.09	7.9	8.02	2154000	4.3	2374	丽鹏股份	SZ	8.02	4.3	
345	12/28/12	8.11	8.11	7.93	8.02	2531900	4.3	2374	丽鹏股份	SZ	7.98	4.27	
346	12/27/12	8.18	8.19	7.98	7.98	2562300	4.27	2374	丽鹏股份	SZ	8.17	4.38	
347	12/26/12	8.15	8.24	8.04	8.17	3084000	4.38	2374	丽鹏股份	SZ	8.14	4.36	
348	12/25/12	7.89	8.33	7.79	8.14	4841400	4.36	2374	丽鹏股份	SZ	7.91	4.23	
349	12/24/12	7.66	7.92	7.59	7.91	3744200	4.23	2374	丽鹏股份	SZ	7.67	4.11	
350	12/21/12	7.57	7.78	7.52	7.67	3839100	4.11	2374	丽鹏股份	SZ	7.57	4.05	
351	12/20/12	7.53	7.61	7.34	7.57	2450900	4.05	2374	丽鹏股份	SZ	7.55	4.04	
352	12/19/12	7.46	7.63	7.45	7.55	1520100	4.04	2374	丽鹏股份	SZ	7.56	4.05	
353	12/18/12	7.53	7.68	7.42	7.56	2491400	4.05	2374	丽鹏股份	SZ	7.58	4.06	
354	12/17/12	7.57	7.72	7.51	7.58	2966600	4.06	2374	丽鹏股份	SZ	7.64	4.09	
355	12/14/12	7.11	7.66	7.07	7.64	4040300	4.09	2374	丽鹏股份	SZ	7.08	3.79	
356	12/13/12	7.26	7.31	7.06	7.08	1588000	3.79	2374	丽鹏股份	SZ	7.32	3.92	
357	12/12/12	7.29	7.43	7.18	7.32	1472600	3.92	2374	丽鹏股份	SZ	7.37	3.95	
358	12/11/12	7.49	7.5	7.28	7.37	2771400	3.95	2374	丽鹏股份	SZ	7.52	4.03	
359	12/10/12	7.18	7.55	7.13	7.52	2922200	4.03	2374	丽鹏股份	SZ	7.18	3.84	
360	12/7/12	6.91	7.22	6.89	7.18	2589600	3.84	2374	丽鹏股份	SZ	6.99	3.74	
361	12/6/12	7.05	7.22	6.97	6.99	1797000	3.74	2374	丽鹏股份	SZ	7.13	3.82	
362	12/5/12	6.81	7.28	6.81	7.13	1947700	3.82	2374	丽鹏股份	SZ	6.88	3.69	
363	12/4/12	6.69	6.95	6.4	6.88	2014500	3.69	2374	丽鹏股份	SZ	6.69	3.58	
364	12/3/12	7.06	7.28	6.68	6.69	1375100	3.58	2374	丽鹏股份	SZ	7.13	3.82	
365	11/30/12	6.94	7.18	6.94	7.13	1324000	3.82	2374	丽鹏股份	SZ	6.98	3.74	
366	11/29/12	7.2	7.38	6.96	6.98	1411200	3.74	2374	丽鹏股份	SZ	7.21	3.86	
367	11/28/12	7.76	7.76	7.14	7.21	2557000	3.86	2374	丽鹏股份	SZ	7.79	4.17	
368	11/27/12	8.31	8.32	7.78	7.79	2970900	4.17	2374	丽鹏股份	SZ	8.43	4.51	
369	11/26/12	8.5	8.74	8.39	8.43	3902400	4.51	2374	丽鹏股份	SZ	8.39	4.49	
370	11/23/12	8.49	8.55	8.28	8.39	3698000	4.49	2374	丽鹏股份	SZ	8.46	4.53	
371	11/22/12	7.92	8.6	7.91	8.46	4742600	4.53	2374	丽鹏股份	SZ	8.03	4.3	
372	11/21/12	7.78	8.04	7.78	8.03	1947200	4.3	2374	丽鹏股份	SZ	7.89	4.22	
373	11/20/12	8.01	8.27	7.83	7.89	2465600	4.22	2374	丽鹏股份	SZ	8	4.28	
374	11/19/12	7.89	8.01	7.78	8	1610200	4.28	2374	丽鹏股份	SZ	7.89	4.23	
375	11/16/12	7.69	7.89	7.62	7.89	1826900	4.23	2374	丽鹏股份	SZ	7.77	4.16	
376	11/15/12	8.14	8.14	7.75	7.77	2166300	4.16	2374	丽鹏股份	SZ	8.17	4.37	
377	11/14/12	8.49	8.5	8.01	8.17	2323300	4.37	2374	丽鹏股份	SZ	8.33	4.46	
378	11/13/12	8.65	8.65	8.33	8.33	1515300	4.46	2374	丽鹏股份	SZ	8.61	4.61	
379	11/12/12	8.49	8.64	8.47	8.61	1720500	4.61	2374	丽鹏股份	SZ	8.49	4.55	
380	11/9/12	8.61	8.68	8.4	8.49	2610000	4.55	2374	丽鹏股份	SZ	8.66	4.64	
381	11/8/12	9.14	9.14	8.66	8.66	4311100	4.64	2374	丽鹏股份	SZ	9.27	4.97	
382	11/7/12	9.37	9.5	9.26	9.27	3408600	4.97	2374	丽鹏股份	SZ	9.36	5.01	
383	11/6/12	9.07	9.36	9.07	9.36	2537700	5.01	2374	丽鹏股份	SZ	9.12	4.89	
384	11/5/12	9.33	9.33	9	9.12	3048900	4.89	2374	丽鹏股份	SZ	9.44	5.05	
385	11/2/12	9.55	9.58	9.39	9.44	2701300	5.05	2374	丽鹏股份	SZ	9.55	5.11	
386	11/1/12	9.56	9.69	9.41	9.55	4101000	5.11	2374	丽鹏股份	SZ	9.56	5.12	
387	10/31/12	9.49	9.57	9.23	9.56	3244100	5.12	2374	丽鹏股份	SZ	9.41	5.04	
388	10/30/12	9.18	9.49	9.1	9.41	3712600	5.04	2374	丽鹏股份	SZ	9.14	4.89	
389	10/29/12	9.29	9.42	8.99	9.14	3196000	4.89	2374	丽鹏股份	SZ	9.29	4.97	
390	10/26/12	9.19	9.47	9.13	9.29	3671300	4.97	2374	丽鹏股份	SZ	9.19	4.92	
391	10/25/12	9.52	9.62	9.17	9.19	5478300	4.92	2374	丽鹏股份	SZ	9.72	5.21	
392	10/24/12	9.99	9.99	9.65	9.72	4508500	5.21	2374	丽鹏股份	SZ	10.14	5.43	
393	10/23/12	10.49	10.57	10	10.14	8107200	5.43	2374	丽鹏股份	SZ	10.62	5.69	
394	10/22/12	9.86	10.63	9.86	10.62	8077000	5.69	2374	丽鹏股份	SZ	9.94	5.33	
395	10/19/12	10.19	10.28	9.81	9.94	6224600	5.33	2374	丽鹏股份	SZ	10.28	5.5	
396	10/18/12	10.21	10.51	10.17	10.28	7080600	5.5	2374	丽鹏股份	SZ	10.27	5.5	
397	10/17/12	10.09	10.27	9.88	10.27	5874500	5.5	2374	丽鹏股份	SZ	10.11	5.41	
398	10/16/12	10.22	10.66	9.95	10.11	10071700	5.41	2374	丽鹏股份	SZ	10.27	5.5	
399	10/15/12	9.63	10.52	9.39	10.27	11323000	5.5	2374	丽鹏股份	SZ	9.61	5.14	
400	10/12/12	9	9.97	9	9.61	8313100	5.14	2374	丽鹏股份	SZ	9.08	4.86	
401	10/11/12	9.42	9.42	8.98	9.08	4111300	4.86	2374	丽鹏股份	SZ	9.49	5.08	
402	10/10/12	9.16	9.52	8.98	9.49	5708600	5.08	2374	丽鹏股份	SZ	9.12	4.88	
403	10/9/12	9	9.19	9	9.12	2952500	4.88	2374	丽鹏股份	SZ	8.97	4.8	
404	10/8/12	8.95	9.26	8.93	8.97	2339300	4.8	2374	丽鹏股份	SZ	8.94	4.79	
405	10/5/12	8.94	8.94	8.94	8.94	0	4.79	2374	丽鹏股份	SZ	8.94	4.79	
406	10/4/12	8.94	8.94	8.94	8.94	0	4.79	2374	丽鹏股份	SZ	8.94	4.79	
407	10/3/12	8.94	8.94	8.94	8.94	0	4.79	2374	丽鹏股份	SZ	8.94	4.79	
408	10/2/12	8.94	8.94	8.94	8.94	0	4.79	2374	丽鹏股份	SZ	8.94	4.79	
409	10/1/12	8.94	8.94	8.94	8.94	0	4.79	2374	丽鹏股份	SZ	8.94	4.79	
410	9/28/12	8.87	8.97	8.72	8.94	3205100	4.79	2374	丽鹏股份	SZ	8.87	4.75	
411	9/27/12	8.67	9.16	8.67	8.87	4799500	4.75	2374	丽鹏股份	SZ	8.61	4.61	
412	9/26/12	8.39	8.83	8.33	8.61	4065300	4.61	2374	丽鹏股份	SZ	8.4	4.5	
413	9/25/12	8.79	8.84	8.39	8.4	3691000	4.5	2374	丽鹏股份	SZ	8.89	4.76	
414	9/24/12	8.99	9.04	8.73	8.89	2375300	4.76	2374	丽鹏股份	SZ	9.1	4.87	
415	9/21/12	8.95	9.17	8.78	9.1	3547300	4.87	2374	丽鹏股份	SZ	9.11	4.88	
416	9/20/12	9.33	9.33	8.93	9.11	5096300	4.88	2374	丽鹏股份	SZ	9.42	5.04	
417	9/19/12	9.22	9.56	9.07	9.42	6761100	5.04	2374	丽鹏股份	SZ	9.37	5.02	
418	9/18/12	8.83	9.71	8.72	9.37	10111600	5.02	2374	丽鹏股份	SZ	8.83	4.73	
419	9/17/12	8.61	9	8.56	8.83	6344300	4.73	2374	丽鹏股份	SZ	8.57	4.59	
420	9/14/12	8.67	8.77	8.52	8.57	2073800	4.59	2374	丽鹏股份	SZ	8.54	4.57	
421	9/13/12	8.68	8.82	8.54	8.54	2418600	4.57	2374	丽鹏股份	SZ	8.69	4.66	
422	9/12/12	8.73	8.89	8.67	8.69	3243800	4.66	2374	丽鹏股份	SZ	8.62	4.62	
423	9/11/12	8.83	8.83	8.56	8.62	3137600	4.62	2374	丽鹏股份	SZ	8.83	4.73	
424	9/10/12	8.72	8.91	8.57	8.83	4465000	4.73	2374	丽鹏股份	SZ	8.75	4.69	
425	9/7/12	8.67	9.08	8.47	8.75	7392300	4.69	2374	丽鹏股份	SZ	8.61	4.61	
426	9/6/12	8.54	8.63	8.41	8.61	3550900	4.61	2374	丽鹏股份	SZ	8.54	4.58	
427	9/5/12	8.38	8.59	8.29	8.54	4013200	4.58	2374	丽鹏股份	SZ	8.38	4.49	
428	9/4/12	8.47	8.5	8.27	8.38	4415300	4.49	2374	丽鹏股份	SZ	8.55	4.58	
429	9/3/12	8.06	8.74	8.06	8.55	5984300	4.58	2374	丽鹏股份	SZ	7.99	4.28	
430	8/31/12	7.97	8.07	7.79	7.99	1189900	4.28	2374	丽鹏股份	SZ	7.98	4.27	
431	8/30/12	8.1	8.25	7.78	7.98	2175400	4.27	2374	丽鹏股份	SZ	8.17	4.37	
432	8/29/12	8.29	8.48	8.13	8.17	2930500	4.37	2374	丽鹏股份	SZ	8.31	4.45	
433	8/28/12	7.84	8.42	7.84	8.31	2638100	4.45	2374	丽鹏股份	SZ	7.91	4.24	
434	8/27/12	8.11	8.16	7.89	7.91	2309500	4.24	2374	丽鹏股份	SZ	8.24	4.42	
435	8/24/12	8.39	8.53	8.19	8.24	3290400	4.42	2374	丽鹏股份	SZ	8.51	4.55	
436	8/23/12	8	8.66	7.91	8.51	5972900	4.55	2374	丽鹏股份	SZ	8.03	4.3	
437	8/22/12	8.09	8.14	7.87	8.03	2528900	4.3	2374	丽鹏股份	SZ	8.09	4.33	
438	8/21/12	7.83	8.15	7.83	8.09	2747600	4.33	2374	丽鹏股份	SZ	7.93	4.25	
439	8/20/12	7.81	7.98	7.74	7.93	2293400	4.25	2374	丽鹏股份	SZ	7.89	4.22	
440	8/17/12	7.84	7.92	7.67	7.89	3040600	4.22	2374	丽鹏股份	SZ	7.98	4.27	
441	8/16/12	8.29	8.52	7.92	7.98	4219100	4.27	2374	丽鹏股份	SZ	8.43	4.52	
442	8/15/12	8.56	8.56	8.33	8.43	5128200	4.52	2374	丽鹏股份	SZ	8.74	4.68	
443	8/14/12	8.89	9.35	8.54	8.74	11001700	4.68	2374	丽鹏股份	SZ	8.78	4.7	
444	8/13/12	8.33	8.78	8.32	8.78	6335800	4.7	2374	丽鹏股份	SZ	7.98	4.28	
445	8/10/12	8.11	8.27	7.84	7.98	3219100	4.28	2374	丽鹏股份	SZ	8.11	4.34	
446	8/9/12	7.89	8.17	7.86	8.11	3193500	4.34	2374	丽鹏股份	SZ	7.98	4.28	
447	8/8/12	8.19	8.21	7.95	7.98	3312800	4.28	2374	丽鹏股份	SZ	8.21	4.39	
448	8/7/12	7.87	8.21	7.79	8.21	5295400	4.39	2374	丽鹏股份	SZ	7.89	4.23	
449	8/6/12	7.64	7.93	7.58	7.89	3823500	4.23	2374	丽鹏股份	SZ	7.7	4.12	
450	8/3/12	7.44	7.71	7.39	7.7	3221600	4.12	2374	丽鹏股份	SZ	7.44	3.98	
451	8/2/12	7.57	7.57	7.28	7.44	2614900	3.98	2374	丽鹏股份	SZ	7.59	4.06	
452	8/1/12	7.47	7.7	7.33	7.59	2254300	4.06	2374	丽鹏股份	SZ	7.51	4.02	
453	7/31/12	7.47	7.61	7.24	7.51	2256100	4.02	2374	丽鹏股份	SZ	7.47	4	
454	7/30/12	7.86	7.94	7.35	7.47	4065800	4	2374	丽鹏股份	SZ	7.9	4.23	
455	7/27/12	7.98	8.12	7.82	7.9	4888200	4.23	2374	丽鹏股份	SZ	8.18	4.38	
456	7/26/12	8.92	8.94	8.09	8.18	7875100	4.38	2374	丽鹏股份	SZ	8.99	4.81	
457	7/25/12	8.9	9.07	8.82	8.99	5278700	4.81	2374	丽鹏股份	SZ	8.96	4.8	
458	7/24/12	9.03	9.16	8.74	8.96	5311000	4.8	2374	丽鹏股份	SZ	9.09	4.87	
459	7/23/12	9.04	9.18	8.83	9.09	5466800	4.87	2374	丽鹏股份	SZ	9.13	4.89	
460	7/20/12	9.2	9.5	9.02	9.13	10682100	4.89	2374	丽鹏股份	SZ	9.56	5.12	
461	7/19/12	8.84	9.56	8.72	9.56	14363400	5.12	2374	丽鹏股份	SZ	8.69	4.65	
462	7/18/12	7.88	8.69	7.72	8.69	10504600	4.65	2374	丽鹏股份	SZ	7.9	4.23	
463	7/17/12	8.06	8.16	7.67	7.9	2890300	4.23	2374	丽鹏股份	SZ	8.09	4.33	
464	7/16/12	8.04	8.24	7.93	8.09	4015500	4.33	2374	丽鹏股份	SZ	8.05	4.31	
465	7/13/12	7.88	8.13	7.85	8.05	3530700	4.31	2374	丽鹏股份	SZ	8.04	4.31	
466	7/12/12	7.57	8.22	7.57	8.04	6277600	4.31	2374	丽鹏股份	SZ	7.53	4.03	
467	7/11/12	7.56	7.58	7.44	7.53	1140600	4.03	2374	丽鹏股份	SZ	7.5	4.02	
468	7/10/12	7.58	7.72	7.41	7.5	1340200	4.02	2374	丽鹏股份	SZ	7.63	4.09	
469	7/9/12	7.82	7.89	7.58	7.63	1940500	4.09	2374	丽鹏股份	SZ	7.91	4.23	
470	7/6/12	7.83	7.93	7.62	7.91	2624100	4.23	2374	丽鹏股份	SZ	7.89	4.22	
471	7/5/12	7.76	7.99	7.72	7.89	3793500	4.22	2374	丽鹏股份	SZ	7.73	4.14	
472	7/4/12	7.69	7.79	7.64	7.73	1518600	4.14	2374	丽鹏股份	SZ	7.74	4.14	
473	7/3/12	7.42	7.94	7.42	7.74	2844500	4.14	2374	丽鹏股份	SZ	7.42	3.97	
474	7/2/12	7.42	7.54	7.31	7.42	944400	3.97	2374	丽鹏股份	SZ	7.31	3.91	
475	6/29/12	7.11	7.36	7.04	7.31	655900	3.91	2374	丽鹏股份	SZ	7.19	3.85	
476	6/28/12	7.37	7.37	7.16	7.19	619200	3.85	2374	丽鹏股份	SZ	7.24	3.88	
477	6/27/12	7.39	7.49	7.23	7.24	764400	3.88	2374	丽鹏股份	SZ	7.39	3.96	
478	6/26/12	7.16	7.42	7.07	7.39	886400	3.96	2374	丽鹏股份	SZ	7.24	3.88	
479	6/25/12	7.31	7.49	7.23	7.24	899000	3.88	2374	丽鹏股份	SZ	7.43	3.98	
480	6/22/12	7.43	7.43	7.43	7.43	0	3.98	2374	丽鹏股份	SZ	7.43	3.98	
481	6/21/12	7.74	7.74	7.42	7.43	1399800	3.98	2374	丽鹏股份	SZ	7.72	4.14	
482	6/20/12	7.82	7.83	7.63	7.72	1034800	4.14	2374	丽鹏股份	SZ	7.71	4.13	
483	6/19/12	7.68	7.91	7.61	7.71	1615700	4.13	2374	丽鹏股份	SZ	7.78	4.17	
484	6/18/12	7.79	8.27	7.75	7.78	3124100	4.17	2374	丽鹏股份	SZ	7.67	4.11	
485	6/15/12	7.67	7.67	7.67	7.67	0	4.11	2374	丽鹏股份	SZ	7.67	4.11	
486	6/14/12	7.82	7.82	7.64	7.67	1532100	4.11	2374	丽鹏股份	SZ	7.83	4.19	
487	6/13/12	7.69	7.86	7.62	7.83	2604400	4.19	2374	丽鹏股份	SZ	7.74	4.14	
488	6/12/12	7.44	7.91	7.37	7.74	3826600	4.14	2374	丽鹏股份	SZ	7.39	3.96	
489	6/11/12	7.33	7.47	7.23	7.39	1094100	3.96	2374	丽鹏股份	SZ	7.28	3.9	
490	6/8/12	7.28	7.44	7.24	7.28	782700	3.9	2374	丽鹏股份	SZ	7.23	3.87	
491	6/7/12	7.44	7.49	7.19	7.23	884200	3.87	2374	丽鹏股份	SZ	7.29	3.91	
492	6/6/12	7.14	7.29	7.14	7.29	814100	3.91	2374	丽鹏股份	SZ	7.18	3.84	
493	6/5/12	7.07	7.31	7.07	7.18	821600	3.84	2374	丽鹏股份	SZ	7.1	3.8	
494	6/4/12	7.17	7.3	7.08	7.1	1089200	3.8	2374	丽鹏股份	SZ	7.35	3.94	
495	6/1/12	7.44	7.57	7.33	7.35	1001700	3.94	2374	丽鹏股份	SZ	7.46	4	
496	5/31/12	7.49	7.62	7.41	7.46	1093700	4	2374	丽鹏股份	SZ	7.57	4.06	
497	5/30/12	7.52	7.69	7.41	7.57	1296800	4.06	2374	丽鹏股份	SZ	7.51	4.02	
498	5/29/12	7.29	7.64	7.22	7.51	1645200	4.02	2374	丽鹏股份	SZ	7.31	3.91	
499	5/28/12	7.29	7.42	7	7.31	1715000	3.91	2374	丽鹏股份	SZ	7.44	3.98	
500	5/25/12	7.81	7.81	7.43	7.44	2293600	3.98	2374	丽鹏股份	SZ	7.77	4.16	
501	5/24/12	7.48	7.97	7.42	7.77	3984400	4.16	2374	丽鹏股份	SZ	7.48	4.01	
502	5/23/12	7.47	7.51	7.34	7.48	882900	4.01	2374	丽鹏股份	SZ	7.51	4.02	
503	5/22/12	7.5	7.58	7.39	7.51	1166000	4.02	2374	丽鹏股份	SZ	7.5	4.02	
504	5/21/12	7.44	7.67	7.18	7.5	1533800	4.02	2374	丽鹏股份	SZ	7.44	3.99	
505	5/18/12	7.56	7.69	7.43	7.44	1421100	3.99	2374	丽鹏股份	SZ	7.69	4.12	
506	5/17/12	7.5	7.69	7.22	7.69	2285800	4.12	2374	丽鹏股份	SZ	7.52	4.03	
507	5/16/12	7.49	7.65	7.45	7.52	2285800	4.03	2374	丽鹏股份	SZ	7.47	4	
508	5/15/12	7.52	7.6	7.39	7.47	1807100	4	2374	丽鹏股份	SZ	7.67	4.11	
509	5/14/12	7.87	7.91	7.56	7.67	2918400	4.11	2374	丽鹏股份	SZ	7.83	4.19	
510	5/11/12	7.89	8.22	7.79	7.83	3531300	4.19	2374	丽鹏股份	SZ	7.92	4.24	
511	5/10/12	7.88	7.99	7.77	7.92	2152900	4.24	2374	丽鹏股份	SZ	7.89	4.22	
512	5/9/12	7.79	8.05	7.79	7.89	3277100	4.22	2374	丽鹏股份	SZ	7.97	4.27	
513	5/8/12	7.98	8.08	7.77	7.97	3594100	4.27	2374	丽鹏股份	SZ	8.03	4.3	
514	5/7/12	7.99	8.12	7.93	8.03	4451600	4.3	2374	丽鹏股份	SZ	8.12	4.35	
515	5/4/12	8.02	8.21	7.94	8.12	8343900	4.35	2374	丽鹏股份	SZ	8.27	4.43	
516	5/3/12	7.86	8.33	7.77	8.27	13142300	4.43	2374	丽鹏股份	SZ	7.57	4.06	
517	5/2/12	6.94	7.57	6.84	7.57	3708400	4.06	2374	丽鹏股份	SZ	6.88	3.69	
518	5/1/12	6.88	6.88	6.88	6.88	0	3.69	2374	丽鹏股份	SZ	6.88	3.69	
519	4/30/12	6.88	6.88	6.88	6.88	0	3.69	2374	丽鹏股份	SZ	6.88	3.69	
520	4/27/12	7.18	7.21	6.87	6.88	1699700	3.69	2374	丽鹏股份	SZ	7.23	3.87	
521	4/26/12	7.06	7.43	6.89	7.23	2823500	3.87	2374	丽鹏股份	SZ	7.09	3.8	
522	4/25/12	6.89	7.17	6.79	7.09	2931900	3.8	2374	丽鹏股份	SZ	6.88	3.68	
523	4/24/12	7.02	7.02	6.66	6.88	2420600	3.68	2374	丽鹏股份	SZ	6.96	3.73	
524	4/23/12	7.15	7.15	6.96	6.96	3280300	3.73	2374	丽鹏股份	SZ	7.12	3.81	
525	4/20/12	6.41	7.12	6.41	7.12	4197900	3.81	2374	丽鹏股份	SZ	6.47	3.47	
526	4/19/12	6.41	6.59	6.38	6.47	1372400	3.47	2374	丽鹏股份	SZ	6.41	3.43	
527	4/18/12	6.23	6.42	6.23	6.41	1029300	3.43	2374	丽鹏股份	SZ	6.27	3.36	
528	4/17/12	6.34	6.41	6.24	6.27	711600	3.36	2374	丽鹏股份	SZ	6.39	3.42	
529	4/16/12	6.45	6.45	6.34	6.39	736500	3.42	2374	丽鹏股份	SZ	6.44	3.45	
530	4/13/12	6.39	6.44	6.36	6.44	1148800	3.45	2374	丽鹏股份	SZ	6.36	3.4	
531	4/12/12	6.23	6.39	6.23	6.36	1346400	3.4	2374	丽鹏股份	SZ	6.28	3.36	
532	4/11/12	6.18	6.28	6.07	6.28	599800	3.36	2374	丽鹏股份	SZ	6.22	3.33	
533	4/10/12	6.22	6.25	6.04	6.22	778600	3.33	2374	丽鹏股份	SZ	6.22	3.33	
534	4/9/12	6.22	6.32	6.22	6.22	495400	3.33	2374	丽鹏股份	SZ	6.27	3.36	
535	4/6/12	6.23	6.36	6.14	6.27	562000	3.36	2374	丽鹏股份	SZ	6.27	3.36	
536	4/5/12	6.07	6.27	5.84	6.27	834900	3.36	2374	丽鹏股份	SZ	6.08	3.26	
537	4/4/12	6.08	6.08	6.08	6.08	0	3.26	2374	丽鹏股份	SZ	6.08	3.26	
538	4/3/12	6.08	6.08	6.08	6.08	0	3.26	2374	丽鹏股份	SZ	6.08	3.26	
539	4/2/12	6.08	6.08	6.08	6.08	0	3.26	2374	丽鹏股份	SZ	6.08	3.26	
540	3/30/12	6.28	6.33	6.01	6.08	1025900	3.26	2374	丽鹏股份	SZ	6.3	3.33	
541	3/29/12	6.74	6.74	6.14	6.3	1829200	3.33	2374	丽鹏股份	SZ	6.77	3.57	
542	3/28/12	7.09	7.15	6.57	6.77	1806500	3.57	2374	丽鹏股份	SZ	7.19	3.79	
543	3/27/12	7.32	7.42	7.06	7.19	2674500	3.79	2374	丽鹏股份	SZ	7.31	3.86	
544	3/26/12	7.13	7.47	6.96	7.31	4127500	3.86	2374	丽鹏股份	SZ	7.12	3.76	
545	3/23/12	6.82	7.13	6.74	7.12	3675000	3.76	2374	丽鹏股份	SZ	6.82	3.6	
546	3/22/12	6.77	6.87	6.69	6.82	897500	3.6	2374	丽鹏股份	SZ	6.67	3.52	
547	3/21/12	6.67	6.67	6.67	6.67	0	3.52	2374	丽鹏股份	SZ	6.67	3.52	
548	3/20/12	6.79	6.88	6.67	6.67	907400	3.52	2374	丽鹏股份	SZ	6.89	3.64	
549	3/19/12	6.57	6.92	6.56	6.89	1371800	3.64	2374	丽鹏股份	SZ	6.62	3.5	
550	3/16/12	6.54	6.66	6.48	6.62	628500	3.5	2374	丽鹏股份	SZ	6.54	3.45	
551	3/15/12	6.55	7.01	6.47	6.54	1101000	3.45	2374	丽鹏股份	SZ	6.56	3.46	
552	3/14/12	6.89	7.01	6.51	6.56	1658600	3.46	2374	丽鹏股份	SZ	6.89	3.64	
553	3/13/12	6.78	6.89	6.75	6.89	974600	3.64	2374	丽鹏股份	SZ	6.79	3.59	
554	3/12/12	6.77	6.87	6.72	6.79	726900	3.59	2374	丽鹏股份	SZ	6.77	3.57	
555	3/9/12	6.59	6.77	6.59	6.77	854400	3.57	2374	丽鹏股份	SZ	6.59	3.48	
556	3/8/12	6.55	6.67	6.53	6.59	738900	3.48	2374	丽鹏股份	SZ	6.53	3.45	
557	3/7/12	6.57	6.74	6.53	6.53	1009400	3.45	2374	丽鹏股份	SZ	6.71	3.54	
558	3/6/12	6.92	6.92	6.71	6.71	683900	3.54	2374	丽鹏股份	SZ	6.92	3.65	
559	3/5/12	6.92	7.08	6.89	6.92	1054400	3.65	2374	丽鹏股份	SZ	6.94	3.67	
560	3/2/12	6.94	7.04	6.86	6.94	1164100	3.67	2374	丽鹏股份	SZ	6.99	3.69	
561	3/1/12	6.67	7.11	6.61	6.99	2192900	3.69	2374	丽鹏股份	SZ	6.82	3.6	
562	2/29/12	6.82	6.82	6.82	6.82	0	3.6	2374	丽鹏股份	SZ	6.82	3.6	
563	2/28/12	6.82	6.82	6.82	6.82	0	3.6	2374	丽鹏股份	SZ	6.82	3.6	
564	2/27/12	6.82	6.82	6.82	6.82	0	3.6	2374	丽鹏股份	SZ	6.82	3.6	
565	2/24/12	6.83	6.84	6.73	6.82	1148800	3.6	2374	丽鹏股份	SZ	6.77	3.57	
566	2/23/12	6.87	6.91	6.67	6.77	1750100	3.57	2374	丽鹏股份	SZ	6.88	3.63	
567	2/22/12	6.73	6.89	6.68	6.88	1807500	3.63	2374	丽鹏股份	SZ	6.87	3.63	
568	2/21/12	6.89	6.89	6.68	6.87	1616100	3.63	2374	丽鹏股份	SZ	6.93	3.66	
569	2/20/12	6.78	7.22	6.6	6.93	4692300	3.66	2374	丽鹏股份	SZ	6.72	3.55	
570	2/17/12	6.45	6.91	6.42	6.72	3156900	3.55	2374	丽鹏股份	SZ	6.53	3.45	
571	2/16/12	6.32	6.53	6.29	6.53	2317100	3.45	2374	丽鹏股份	SZ	6.36	3.35	
572	2/15/12	6.27	6.38	6.21	6.36	1042200	3.35	2374	丽鹏股份	SZ	6.29	3.32	
573	2/14/12	6.27	6.39	6.22	6.29	1427100	3.32	2374	丽鹏股份	SZ	6.25	3.3	
574	2/13/12	6.3	6.42	6.25	6.25	2221500	3.3	2374	丽鹏股份	SZ	6.43	3.4	
575	2/10/12	6.14	6.55	6.07	6.43	2839200	3.4	2374	丽鹏股份	SZ	6.11	3.23	
576	2/9/12	6.16	6.2	6.06	6.11	806700	3.23	2374	丽鹏股份	SZ	6.11	3.23	
577	2/8/12	5.89	6.11	5.85	6.11	890300	3.23	2374	丽鹏股份	SZ	5.86	3.09	
578	2/7/12	6.01	6.02	5.84	5.86	539500	3.09	2374	丽鹏股份	SZ	6.06	3.2	
579	2/6/12	6.11	6.24	6.06	6.06	633000	3.2	2374	丽鹏股份	SZ	6.14	3.24	
580	2/3/12	6.26	6.36	6.07	6.14	896600	3.24	2374	丽鹏股份	SZ	6.02	3.18	
581	2/2/12	5.84	6.06	5.82	6.02	501700	3.18	2374	丽鹏股份	SZ	5.87	3.1	
582	2/1/12	5.9	5.97	5.84	5.87	320500	3.1	2374	丽鹏股份	SZ	5.94	3.14	
583	1/31/12	5.93	5.96	5.81	5.94	531800	3.14	2374	丽鹏股份	SZ	5.88	3.1	
584	1/30/12	5.84	5.94	5.8	5.88	499000	3.1	2374	丽鹏股份	SZ	5.88	3.1	
585	1/27/12	5.88	5.88	5.88	5.88	0	3.1	2374	丽鹏股份	SZ	5.88	3.1	
586	1/26/12	5.88	5.88	5.88	5.88	0	3.1	2374	丽鹏股份	SZ	5.88	3.1	
587	1/25/12	5.88	5.88	5.88	5.88	0	3.1	2374	丽鹏股份	SZ	5.88	3.1	
588	1/24/12	5.88	5.88	5.88	5.88	0	3.1	2374	丽鹏股份	SZ	5.88	3.1	
589	1/23/12	5.88	5.88	5.88	5.88	0	3.1	2374	丽鹏股份	SZ	5.88	3.1	
590	1/20/12	5.82	5.89	5.75	5.88	482900	3.1	2374	丽鹏股份	SZ	5.79	3.06	
591	1/19/12	5.76	5.89	5.67	5.79	651000	3.06	2374	丽鹏股份	SZ	5.87	3.1	
592	1/18/12	6.09	6.25	5.85	5.87	1550600	3.1	2374	丽鹏股份	SZ	6	3.17	
593	1/17/12	5.76	6.16	5.63	6	1568500	3.17	2374	丽鹏股份	SZ	5.67	2.99	
594	1/16/12	5.64	5.72	5.57	5.67	272100	2.99	2374	丽鹏股份	SZ	5.78	3.05	
595	1/13/12	5.82	5.93	5.61	5.78	1113500	3.05	2374	丽鹏股份	SZ	5.82	3.07	
596	1/12/12	5.91	5.99	5.73	5.82	1080200	3.07	2374	丽鹏股份	SZ	5.96	3.15	
597	1/11/12	5.67	6.04	5.61	5.96	1691500	3.15	2374	丽鹏股份	SZ	5.69	3	
598	1/10/12	5.37	5.69	5.37	5.69	986200	3	2374	丽鹏股份	SZ	5.37	2.84	
599	1/9/12	5.16	5.37	5.09	5.37	593200	2.84	2374	丽鹏股份	SZ	5.16	2.72	
600	1/6/12	5.13	5.18	5.04	5.16	541100	2.72	2374	丽鹏股份	SZ	5.16	2.72	
601	1/5/12	5.44	5.46	5.14	5.16	553300	2.72	2374	丽鹏股份	SZ	5.46	2.88	
602	1/4/12	5.69	5.71	5.44	5.46	440000	2.88	2374	丽鹏股份	SZ	5.61	2.96	
603	1/3/12	5.61	5.68	5.57	5.61	1030200	2.96	2374	丽鹏股份	SZ	5.61	2.96	
604	1/2/12	5.61	5.68	5.57	5.61	1030200	2.96	2374	丽鹏股份	SZ	5.61	2.96	
605	12/30/11	5.61	5.68	5.57	5.61	1030200	2.96	2374	丽鹏股份	SZ	5.57	2.94	
606	12/29/11	5.58	5.68	5.56	5.57	422600	2.94	2374	丽鹏股份	SZ	5.61	2.96	
607	12/28/11	5.73	5.73	5.48	5.61	449700	2.96	2374	丽鹏股份	SZ	5.72	3.02	
608	12/27/11	6.25	6.25	5.7	5.72	530700	3.02	2374	丽鹏股份	SZ	6.14	3.24	
609	12/26/11	6.25	6.32	6.14	6.14	312000	3.24	2374	丽鹏股份	SZ	6.31	3.33	
610	12/23/11	6.42	6.48	6.28	6.31	235800	3.33	2374	丽鹏股份	SZ	6.41	3.38	
611	12/22/11	6.5	6.5	6.15	6.41	472000	3.38	2374	丽鹏股份	SZ	6.49	3.43	
612	12/21/11	6.69	6.74	6.4	6.49	378800	3.43	2374	丽鹏股份	SZ	6.62	3.49	
613	12/20/11	6.57	6.81	6.57	6.62	494800	3.49	2374	丽鹏股份	SZ	6.7	3.54	
614	12/19/11	6.67	6.77	6.44	6.7	425400	3.54	2374	丽鹏股份	SZ	6.83	3.61	
615	12/16/11	6.78	7.03	6.31	6.83	1286700	3.61	2374	丽鹏股份	SZ	6.9	3.64	
616	12/15/11	7.47	7.51	6.74	6.9	855700	3.64	2374	丽鹏股份	SZ	7.44	3.93	
617	12/14/11	7.36	7.56	7.25	7.44	1476100	3.93	2374	丽鹏股份	SZ	7.37	3.89	
618	12/13/11	7.42	7.44	7.25	7.37	631200	3.89	2374	丽鹏股份	SZ	7.43	3.92	
619	12/12/11	7.46	7.49	7.32	7.43	403400	3.92	2374	丽鹏股份	SZ	7.32	3.87	
620	12/9/11	7.33	7.43	7.31	7.32	173700	3.87	2374	丽鹏股份	SZ	7.38	3.89	
621	12/8/11	7.29	7.39	7.19	7.38	296000	3.89	2374	丽鹏股份	SZ	7.32	3.87	
622	12/7/11	7.43	7.44	7.27	7.32	159900	3.87	2374	丽鹏股份	SZ	7.36	3.89	
623	12/6/11	7.27	7.39	7.23	7.36	289400	3.89	2374	丽鹏股份	SZ	7.36	3.88	
624	12/5/11	7.6	7.6	7.26	7.36	448800	3.88	2374	丽鹏股份	SZ	7.5	3.96	
625	12/2/11	7.41	7.56	7.18	7.5	901000	3.96	2374	丽鹏股份	SZ	7.46	3.94	
626	12/1/11	7.59	7.68	7.41	7.46	1029500	3.94	2374	丽鹏股份	SZ	7.41	3.91	
627	11/30/11	7.53	7.6	7.26	7.41	1075600	3.91	2374	丽鹏股份	SZ	7.6	4.01	
628	11/29/11	7.54	7.61	7.48	7.6	413100	4.01	2374	丽鹏股份	SZ	7.47	3.94	
629	11/28/11	7.56	7.67	7.43	7.47	513300	3.94	2374	丽鹏股份	SZ	7.56	3.99	
630	11/25/11	7.64	7.78	7.54	7.56	595000	3.99	2374	丽鹏股份	SZ	7.75	4.09	
631	11/24/11	7.64	7.88	7.49	7.75	949000	4.09	2374	丽鹏股份	SZ	7.59	4.01	
632	11/23/11	7.53	7.63	7.48	7.59	440900	4.01	2374	丽鹏股份	SZ	7.55	3.99	
633	11/22/11	7.57	7.57	7.42	7.55	514000	3.99	2374	丽鹏股份	SZ	7.59	4.01	
634	11/21/11	7.85	7.87	7.51	7.59	684100	4.01	2374	丽鹏股份	SZ	7.87	4.16	
635	11/18/11	7.85	7.98	7.82	7.87	1182600	4.16	2374	丽鹏股份	SZ	7.85	4.14	
636	11/17/11	7.93	7.98	7.83	7.85	670300	4.14	2374	丽鹏股份	SZ	7.87	4.16	
637	11/16/11	8.23	8.27	7.84	7.87	1538400	4.16	2374	丽鹏股份	SZ	8.26	4.36	
638	11/15/11	8.21	8.29	8.17	8.26	1766900	4.36	2374	丽鹏股份	SZ	8.34	4.4	
639	11/14/11	8.22	8.4	8.17	8.34	4284700	4.4	2374	丽鹏股份	SZ	8.29	4.38	
640	11/11/11	7.82	8.54	7.81	8.29	4448800	4.38	2374	丽鹏股份	SZ	7.86	4.15	
641	11/10/11	7.92	7.95	7.79	7.86	1008300	4.15	2374	丽鹏股份	SZ	7.94	4.19	
642	11/9/11	7.9	7.99	7.79	7.94	812400	4.19	2374	丽鹏股份	SZ	7.91	4.17	
643	11/8/11	7.73	7.98	7.73	7.91	1339900	4.17	2374	丽鹏股份	SZ	7.79	4.11	
644	11/7/11	7.89	7.92	7.76	7.79	873800	4.11	2374	丽鹏股份	SZ	7.88	4.16	
645	11/4/11	7.78	7.93	7.78	7.88	1307700	4.16	2374	丽鹏股份	SZ	7.87	4.16	
646	11/3/11	8	8.06	7.81	7.87	2708200	4.16	2374	丽鹏股份	SZ	7.83	4.13	
647	11/2/11	7.65	7.88	7.59	7.83	1742600	4.13	2374	丽鹏股份	SZ	7.75	4.09	
648	11/1/11	7.62	7.75	7.52	7.75	1238100	4.09	2374	丽鹏股份	SZ	7.7	4.06	
649	10/31/11	7.61	7.75	7.57	7.7	1550200	4.06	2374	丽鹏股份	SZ	7.61	4.02	
650	10/28/11	7.5	7.69	7.46	7.61	1144100	4.02	2374	丽鹏股份	SZ	7.44	3.93	
651	10/27/11	7.53	7.53	7.42	7.44	646300	3.93	2374	丽鹏股份	SZ	7.5	3.96	
652	10/26/11	7.56	7.66	7.46	7.5	1046400	3.96	2374	丽鹏股份	SZ	7.63	4.03	
653	10/25/11	7.51	7.69	7.31	7.63	1845200	4.03	2374	丽鹏股份	SZ	7.52	3.97	
654	10/24/11	7.39	7.54	7.27	7.52	1674300	3.97	2374	丽鹏股份	SZ	7.39	3.9	
655	10/21/11	7.06	7.39	6.84	7.39	1048400	3.9	2374	丽鹏股份	SZ	7.06	3.72	
656	10/20/11	7.23	7.28	7.06	7.06	469000	3.72	2374	丽鹏股份	SZ	7.29	3.85	
657	10/19/11	7.34	7.38	7.24	7.29	404900	3.85	2374	丽鹏股份	SZ	7.33	3.87	
658	10/18/11	7.44	7.5	7.33	7.33	624200	3.87	2374	丽鹏股份	SZ	7.5	3.96	
659	10/17/11	7.33	7.51	7.31	7.5	743700	3.96	2374	丽鹏股份	SZ	7.44	3.93	
660	10/14/11	7.42	7.48	7.36	7.44	451100	3.93	2374	丽鹏股份	SZ	7.49	3.96	
661	10/13/11	7.34	7.52	7.29	7.49	986000	3.96	2374	丽鹏股份	SZ	7.34	3.88	
662	10/12/11	7.09	7.36	7.09	7.34	1012300	3.88	2374	丽鹏股份	SZ	7.13	3.76	
663	10/11/11	7.23	7.32	7.11	7.13	657800	3.76	2374	丽鹏股份	SZ	7.11	3.75	
664	10/10/11	7.21	7.22	7.06	7.11	263500	3.75	2374	丽鹏股份	SZ	7.11	3.75	
665	9/30/11	7.19	7.22	7.06	7.11	514200	3.75	2374	丽鹏股份	SZ	7.19	3.8	
666	9/29/11	7.49	7.49	7.13	7.19	826300	3.8	2374	丽鹏股份	SZ	7.5	3.96	
667	9/28/11	7.78	7.79	7.5	7.5	900600	3.96	2374	丽鹏股份	SZ	7.73	4.08	
668	9/27/11	7.91	7.95	7.64	7.73	1172400	4.08	2374	丽鹏股份	SZ	7.89	4.16	
669	9/26/11	8.08	8.14	7.88	7.89	396000	4.16	2374	丽鹏股份	SZ	8.04	4.25	
670	9/23/11	8.18	8.18	7.96	8.04	526800	4.25	2374	丽鹏股份	SZ	8.24	4.35	
671	9/22/11	8.41	8.47	8.24	8.24	470600	4.35	2374	丽鹏股份	SZ	8.46	4.46	
672	9/21/11	8.35	8.52	8.28	8.46	952100	4.46	2374	丽鹏股份	SZ	8.35	4.41	
673	9/20/11	8.34	8.47	8.26	8.35	437600	4.41	2374	丽鹏股份	SZ	8.35	4.41	
674	9/19/11	8.39	8.43	8.24	8.35	480700	4.41	2374	丽鹏股份	SZ	8.39	4.43	
675	9/16/11	8.37	8.58	8.29	8.39	896000	4.43	2374	丽鹏股份	SZ	8.28	4.37	
676	9/15/11	8.18	8.4	8.18	8.28	645900	4.37	2374	丽鹏股份	SZ	8.22	4.34	
677	9/14/11	8.11	8.22	8.01	8.22	528100	4.34	2374	丽鹏股份	SZ	8.07	4.26	
678	9/13/11	8.11	8.11	7.95	8.07	507800	4.26	2374	丽鹏股份	SZ	8.22	4.34	
679	9/9/11	8.28	8.37	8.22	8.22	342300	4.34	2374	丽鹏股份	SZ	8.28	4.37	
680	9/8/11	8.39	8.42	8.28	8.28	571800	4.37	2374	丽鹏股份	SZ	8.34	4.4	
681	9/7/11	8.22	8.37	8.18	8.34	797300	4.4	2374	丽鹏股份	SZ	8.17	4.31	
682	9/6/11	8.11	8.22	8.08	8.17	562300	4.31	2374	丽鹏股份	SZ	8.27	4.36	
683	9/5/11	8.35	8.43	8.25	8.27	784400	4.36	2374	丽鹏股份	SZ	8.47	4.47	
684	9/2/11	8.67	8.7	8.38	8.47	1014900	4.47	2374	丽鹏股份	SZ	8.68	4.58	
685	9/1/11	8.66	8.75	8.64	8.68	735500	4.58	2374	丽鹏股份	SZ	8.66	4.57	
686	8/31/11	8.71	8.77	8.56	8.66	946300	4.57	2374	丽鹏股份	SZ	8.7	4.59	
687	8/30/11	8.82	8.93	8.69	8.7	2221000	4.59	2374	丽鹏股份	SZ	8.78	4.63	
688	8/29/11	9.38	9.38	8.72	8.78	5621100	4.63	2374	丽鹏股份	SZ	9.55	5.04	
689	8/26/11	9.56	9.78	9.52	9.55	1993500	5.04	2374	丽鹏股份	SZ	9.59	5.06	
690	8/25/11	9.36	9.61	9.29	9.59	1970000	5.06	2374	丽鹏股份	SZ	9.38	4.95	
691	8/24/11	9.58	9.61	9.36	9.38	1770700	4.95	2374	丽鹏股份	SZ	9.58	5.06	
692	8/23/11	9.56	9.59	9.37	9.58	1631100	5.06	2374	丽鹏股份	SZ	9.48	5.01	
693	8/22/11	9.46	9.65	9.26	9.48	2032400	5.01	2374	丽鹏股份	SZ	9.51	5.02	
694	8/18/11	9.53	9.87	9.51	9.51	2458900	5.02	2374	丽鹏股份	SZ	9.76	5.15	
695	8/17/11	9.91	9.91	9.53	9.76	3702900	5.15	2374	丽鹏股份	SZ	9.89	5.22	
696	8/16/11	9.44	10.06	9.34	9.89	7568700	5.22	2374	丽鹏股份	SZ	9.46	4.99	
697	8/15/11	8.84	9.53	8.78	9.46	3563000	4.99	2374	丽鹏股份	SZ	8.78	4.64	
698	8/12/11	8.72	8.91	8.64	8.78	1989300	4.64	2374	丽鹏股份	SZ	8.7	4.59	
699	8/11/11	8.38	8.83	8.38	8.7	1821000	4.59	2374	丽鹏股份	SZ	8.72	4.6	
700	8/10/11	8.89	9.06	8.64	8.72	2422800	4.6	2374	丽鹏股份	SZ	8.84	4.67	
701	8/9/11	8.47	9.03	8.18	8.84	4311500	4.67	2374	丽鹏股份	SZ	8.69	4.59	
702	8/8/11	8.84	9.03	8.16	8.69	1548500	4.59	2374	丽鹏股份	SZ	9.05	4.78	
703	8/5/11	8.81	9.13	8.81	9.05	1518700	4.78	2374	丽鹏股份	SZ	9.29	4.91	
704	8/4/11	9.41	9.5	9.26	9.29	1103600	4.91	2374	丽鹏股份	SZ	9.41	4.96	
705	8/3/11	9.33	9.53	9.25	9.41	3882600	4.96	2374	丽鹏股份	SZ	9.4	4.96	
706	8/2/11	9.44	9.44	9.11	9.4	1376300	4.96	2374	丽鹏股份	SZ	9.39	4.96	
707	8/1/11	8.91	9.59	8.91	9.39	2743100	4.96	2374	丽鹏股份	SZ	9.13	4.82	
708	7/29/11	9.24	9.24	9.08	9.13	993100	4.82	2374	丽鹏股份	SZ	9.24	4.88	
709	7/28/11	9.06	9.25	9.06	9.24	1052500	4.88	2374	丽鹏股份	SZ	9.16	4.84	
710	7/27/11	9.06	9.17	8.79	9.16	1195700	4.84	2374	丽鹏股份	SZ	8.99	4.74	
711	7/26/11	8.67	9.01	8.67	8.99	969300	4.74	2374	丽鹏股份	SZ	8.78	4.63	
712	7/25/11	9.01	9.01	8.61	8.78	1880900	4.63	2374	丽鹏股份	SZ	9.11	4.81	
713	7/22/11	9.4	9.4	9.06	9.11	1816100	4.81	2374	丽鹏股份	SZ	9.29	4.91	
714	7/21/11	9.24	9.41	9.17	9.29	2475300	4.91	2374	丽鹏股份	SZ	9.24	4.88	
715	7/20/11	9.17	9.26	9.07	9.24	1184300	4.88	2374	丽鹏股份	SZ	9.15	4.83	
716	7/19/11	9.23	9.23	9.09	9.15	919700	4.83	2374	丽鹏股份	SZ	9.23	4.87	
717	7/18/11	9.38	9.41	9.17	9.23	2645500	4.87	2374	丽鹏股份	SZ	9.41	4.96	
718	7/15/11	9.16	9.72	9.01	9.41	3582000	4.96	2374	丽鹏股份	SZ	9.44	4.99	
719	7/14/11	9.08	9.67	9.08	9.44	2957600	4.99	2374	丽鹏股份	SZ	9.07	4.79	
720	7/13/11	8.93	9.1	8.92	9.07	1153400	4.79	2374	丽鹏股份	SZ	8.94	4.72	
721	7/12/11	9.06	9.16	8.9	8.94	1040300	4.72	2374	丽鹏股份	SZ	9.18	4.84	
722	7/11/11	9.06	9.26	9.02	9.18	878500	4.84	2374	丽鹏股份	SZ	9.16	4.84	
723	7/8/11	9.31	9.33	9.07	9.16	1319200	4.84	2374	丽鹏股份	SZ	9.29	4.91	
724	7/7/11	9.2	9.44	9.2	9.29	2447200	4.91	2374	丽鹏股份	SZ	9.26	4.89	
725	7/6/11	9.07	9.35	8.97	9.26	2204100	4.89	2374	丽鹏股份	SZ	9.08	4.79	
726	7/5/11	8.95	9.09	8.91	9.08	2008400	4.79	2374	丽鹏股份	SZ	8.95	4.72	
727	7/4/11	8.75	8.99	8.74	8.95	2357500	4.72	2374	丽鹏股份	SZ	8.77	4.63	
728	7/1/11	8.86	8.86	8.74	8.77	1200400	4.63	2374	丽鹏股份	SZ	8.72	4.6	
729	6/30/11	8.56	8.78	8.56	8.72	980500	4.6	2374	丽鹏股份	SZ	8.69	4.59	
730	6/29/11	8.86	8.91	8.69	8.69	1207500	4.59	2374	丽鹏股份	SZ	8.82	4.65	
731	6/28/11	8.74	8.85	8.68	8.82	1799400	4.65	2374	丽鹏股份	SZ	8.73	4.61	
732	6/27/11	8.56	8.86	8.56	8.73	2528500	4.61	2374	丽鹏股份	SZ	8.72	4.6	
733	6/24/11	8.25	9.02	8.24	8.72	4892300	4.6	2374	丽鹏股份	SZ	8.3	4.38	
734	6/23/11	8.22	8.33	8.06	8.3	1196200	4.38	2374	丽鹏股份	SZ	8.2	4.33	
735	6/22/11	8.59	8.59	8.17	8.2	1043500	4.33	2374	丽鹏股份	SZ	8.31	4.39	
736	6/21/11	8.25	8.36	8.11	8.31	1079700	4.39	2374	丽鹏股份	SZ	8.43	4.45	
737	6/20/11	8.51	8.78	8.15	8.43	2132100	4.45	2374	丽鹏股份	SZ	9.06	4.78	
738	6/10/11	9.01	9.09	8.82	9.06	430100	4.78	2374	丽鹏股份	SZ	9	4.75	
739	6/9/11	9.09	9.18	8.99	9	729400	4.75	2374	丽鹏股份	SZ	9.1	4.8	
740	6/8/11	9.06	9.11	8.98	9.1	627600	4.8	2374	丽鹏股份	SZ	9.05	4.78	
741	6/7/11	9.11	9.11	8.99	9.05	604300	4.78	2374	丽鹏股份	SZ	9.11	4.81	
742	6/3/11	8.95	9.16	8.89	9.11	471900	4.81	2374	丽鹏股份	SZ	9.09	4.8	
743	6/2/11	9.26	9.26	8.88	9.09	1246100	4.8	2374	丽鹏股份	SZ	9.33	4.92	
744	6/1/11	9.36	9.36	9.25	9.33	409800	4.92	2374	丽鹏股份	SZ	9.37	4.94	
745	5/31/11	9.29	9.41	9.12	9.37	435000	4.94	2374	丽鹏股份	SZ	9.29	4.9	
746	5/30/11	9.56	9.56	9.29	9.29	292100	4.9	2374	丽鹏股份	SZ	9.44	4.99	
747	5/27/11	9.72	9.72	9.15	9.44	604200	4.99	2374	丽鹏股份	SZ	9.66	5.1	
748	5/26/11	9.78	9.79	9.59	9.66	207600	5.1	2374	丽鹏股份	SZ	9.79	5.17	
749	5/25/11	9.83	9.88	9.56	9.79	533500	5.17	2374	丽鹏股份	SZ	9.87	5.21	
750	5/24/11	9.5	9.96	9.5	9.87	495200	5.21	2374	丽鹏股份	SZ	9.57	5.05	
751	5/23/11	9.97	9.97	9.46	9.57	460300	5.05	2374	丽鹏股份	SZ	9.91	5.23	
752	5/20/11	9.92	9.99	9.78	9.91	314800	5.23	2374	丽鹏股份	SZ	9.91	5.23	
753	5/19/11	10.28	10.28	9.89	9.91	792300	5.23	2374	丽鹏股份	SZ	10.21	5.39	
754	5/18/11	10.34	10.48	10.11	10.21	430400	5.39	2374	丽鹏股份	SZ	10.45	5.52	
755	5/17/11	10.42	10.54	10.36	10.45	261400	5.52	2374	丽鹏股份	SZ	10.45	5.52	
756	5/16/11	10.64	10.64	10.44	10.45	408200	5.52	2374	丽鹏股份	SZ	10.67	5.63	
757	5/13/11	10.66	10.67	10.48	10.67	478800	5.63	2374	丽鹏股份	SZ	10.67	5.63	
758	5/12/11	10.86	10.86	10.67	10.67	260900	5.63	2374	丽鹏股份	SZ	10.98	5.79	
759	5/11/11	11.03	11.04	10.61	10.98	629200	5.79	2374	丽鹏股份	SZ	10.79	5.7	
760	5/10/11	11.02	11.02	10.72	10.79	319400	5.7	2374	丽鹏股份	SZ	11.06	3.62	
761	5/9/11	11.21	11.46	11.05	11.06	1572400	3.62	2374	丽鹏股份	SZ	11.06	3.62	
762	5/6/11	10.83	11.2	10.76	11.06	639500	3.62	2374	丽鹏股份	SZ	10.97	3.59	
763	5/5/11	10.53	11.04	10.52	10.97	565400	3.59	2374	丽鹏股份	SZ	10.53	3.45	
764	5/4/11	10.83	10.83	10.5	10.53	474600	3.45	2374	丽鹏股份	SZ	10.76	3.52	
765	5/3/11	10.68	10.76	10.66	10.76	450600	3.52	2374	丽鹏股份	SZ	10.66	3.49	
766	4/29/11	10.49	10.66	10.42	10.66	307000	3.49	2374	丽鹏股份	SZ	10.49	3.43	
767	4/28/11	11.16	11.16	10.42	10.49	602500	3.43	2374	丽鹏股份	SZ	11.16	3.65	
768	4/26/11	11.19	11.34	11.04	11.16	659300	3.65	2374	丽鹏股份	SZ	11.36	3.72	
769	4/25/11	11.55	11.55	11.11	11.36	506600	3.72	2374	丽鹏股份	SZ	11.55	3.78	
770	4/22/11	11.58	11.58	11.47	11.55	574400	3.78	2374	丽鹏股份	SZ	11.53	3.77	
771	4/21/11	11.45	11.6	11.43	11.53	911900	3.77	2374	丽鹏股份	SZ	11.46	3.75	
772	4/20/11	11.39	11.51	11.39	11.46	666100	3.75	2374	丽鹏股份	SZ	11.39	3.73	
773	4/19/11	11.87	11.87	11.39	11.39	1287300	3.73	2374	丽鹏股份	SZ	11.91	3.9	
774	4/18/11	11.96	11.96	11.81	11.91	334300	3.9	2374	丽鹏股份	SZ	12.03	3.94	
775	4/15/11	11.86	12.15	11.72	12.03	1280500	3.94	2374	丽鹏股份	SZ	11.86	3.88	
776	4/14/11	12.08	12.25	11.86	11.86	1179700	3.88	2374	丽鹏股份	SZ	12.12	3.97	
777	4/13/11	12.16	12.27	11.98	12.12	1237200	3.97	2374	丽鹏股份	SZ	12.18	3.99	
778	4/12/11	11.93	12.18	11.81	12.18	1744900	3.99	2374	丽鹏股份	SZ	11.94	3.91	
779	4/11/11	11.97	12.05	11.76	11.94	1319300	3.91	2374	丽鹏股份	SZ	11.97	3.92	
780	4/8/11	11.63	11.98	11.53	11.97	1499100	3.92	2374	丽鹏股份	SZ	11.49	3.76	
781	4/7/11	11.7	11.71	11.34	11.49	2310000	3.76	2374	丽鹏股份	SZ	11.85	3.88	
782	4/6/11	12.15	12.15	11.8	11.85	2145300	3.88	2374	丽鹏股份	SZ	12.21	3.99	
783	4/1/11	11.5	12.26	11.4	12.21	2587900	3.99	2374	丽鹏股份	SZ	11.5	3.76	
784	3/31/11	11.32	11.53	11.25	11.5	753600	3.76	2374	丽鹏股份	SZ	11.37	3.72	
785	3/30/11	11.48	11.51	11.18	11.37	1009200	3.72	2374	丽鹏股份	SZ	11.51	3.77	
786	3/29/11	12.05	12.05	11.12	11.51	1374100	3.77	2374	丽鹏股份	SZ	12.05	3.94	
787	3/28/11	12.19	12.23	11.86	12.05	2066500	3.94	2374	丽鹏股份	SZ	12.19	3.99	
788	3/25/11	12.05	12.28	11.94	12.19	2532800	3.99	2374	丽鹏股份	SZ	12.18	3.99	
789	3/24/11	11.42	12.33	11.34	12.18	4989400	3.99	2374	丽鹏股份	SZ	11.44	3.74	
790	3/23/11	11.38	11.46	11.24	11.44	686300	3.74	2374	丽鹏股份	SZ	11.38	3.72	
791	3/22/11	11.2	11.42	11.16	11.38	644600	3.72	2374	丽鹏股份	SZ	11.19	3.66	
792	3/21/11	11.15	11.22	11.14	11.19	539500	3.66	2374	丽鹏股份	SZ	11.14	3.65	
793	3/18/11	11.17	11.28	11.08	11.14	638900	3.65	2374	丽鹏股份	SZ	11.09	3.63	
794	3/17/11	11.32	11.32	11.08	11.09	1001600	3.63	2374	丽鹏股份	SZ	11.39	3.73	
795	3/16/11	11.22	11.42	11.17	11.39	946000	3.73	2374	丽鹏股份	SZ	11.24	3.68	
796	3/15/11	11.47	11.49	11.03	11.24	1391900	3.68	2374	丽鹏股份	SZ	11.49	3.76	
797	3/14/11	11.67	11.67	11.44	11.49	1230300	3.76	2374	丽鹏股份	SZ	11.67	3.82	
798	3/11/11	11.61	11.77	11.53	11.67	1185600	3.82	2374	丽鹏股份	SZ	11.66	3.82	
799	3/10/11	11.74	11.75	11.63	11.66	797800	3.82	2374	丽鹏股份	SZ	11.75	3.84	
800	3/9/11	11.88	11.91	11.66	11.75	992500	3.84	2374	丽鹏股份	SZ	11.88	3.89	
801	3/8/11	11.77	11.92	11.76	11.88	962400	3.89	2374	丽鹏股份	SZ	11.75	3.84	
802	3/7/11	11.68	11.8	11.64	11.75	1086700	3.84	2374	丽鹏股份	SZ	11.7	3.83	
803	3/4/11	11.72	11.86	11.6	11.7	911200	3.83	2374	丽鹏股份	SZ	11.76	3.85	
804	3/3/11	12.01	12.12	11.74	11.76	1281700	3.85	2374	丽鹏股份	SZ	12.1	3.96	
805	3/2/11	12.07	12.26	11.96	12.1	2654100	3.96	2374	丽鹏股份	SZ	12.07	3.95	
806	3/1/11	11.91	12.13	11.85	12.07	1493100	3.95	2374	丽鹏股份	SZ	11.89	3.89	
807	2/28/11	11.8	11.98	11.73	11.89	1084400	3.89	2374	丽鹏股份	SZ	11.78	3.86	
808	2/25/11	11.88	11.88	11.7	11.78	467400	3.86	2374	丽鹏股份	SZ	11.84	3.87	
809	2/24/11	11.81	11.87	11.65	11.84	971800	3.87	2374	丽鹏股份	SZ	11.81	3.86	
810	2/23/11	11.84	11.91	11.77	11.81	789600	3.86	2374	丽鹏股份	SZ	11.79	3.86	
811	2/22/11	12.15	12.3	11.77	11.79	1357600	3.86	2374	丽鹏股份	SZ	12.33	4.03	
812	2/21/11	12.27	12.36	12.05	12.33	2469000	4.03	2374	丽鹏股份	SZ	12.5	4.09	
813	2/18/11	12.33	12.61	11.96	12.5	2281600	4.09	2374	丽鹏股份	SZ	12.36	4.04	
814	2/17/11	11.74	12.84	11.72	12.36	2581800	4.04	2374	丽鹏股份	SZ	11.81	3.87	
815	2/16/11	11.68	11.86	11.49	11.81	1204000	3.87	2374	丽鹏股份	SZ	11.63	3.81	
816	2/15/11	11.53	11.92	11.43	11.63	1465700	3.81	2374	丽鹏股份	SZ	11.61	3.8	
817	2/14/11	11.46	11.68	11.18	11.61	1281200	3.8	2374	丽鹏股份	SZ	11.47	3.75	
818	2/11/11	11.01	11.49	10.95	11.47	1372300	3.75	2374	丽鹏股份	SZ	11.04	3.61	
819	2/10/11	10.77	11.05	10.69	11.04	636400	3.61	2374	丽鹏股份	SZ	10.79	3.53	
820	2/9/11	11.04	11.1	10.76	10.79	532800	3.53	2374	丽鹏股份	SZ	11.11	3.64	
821	2/1/11	11.42	11.42	11.06	11.11	872900	3.64	2374	丽鹏股份	SZ	11.33	3.71	
822	1/31/11	10.99	11.35	10.99	11.33	814200	3.71	2374	丽鹏股份	SZ	10.99	3.6	
823	1/28/11	10.82	11.04	10.82	10.99	297300	3.6	2374	丽鹏股份	SZ	10.94	3.58	
824	1/27/11	10.66	11.04	10.66	10.94	559100	3.58	2374	丽鹏股份	SZ	10.85	3.55	
825	1/26/11	10.73	10.88	10.68	10.85	319500	3.55	2374	丽鹏股份	SZ	10.69	3.5	
826	1/25/11	11.18	11.43	10.65	10.69	619500	3.5	2374	丽鹏股份	SZ	11.12	3.64	
827	1/24/11	11.34	11.41	11.12	11.12	499700	3.64	2374	丽鹏股份	SZ	11.34	3.71	
828	1/21/11	11.21	11.46	11.17	11.34	596600	3.71	2374	丽鹏股份	SZ	11.25	3.68	
829	1/20/11	11.4	11.55	11.18	11.25	646600	3.68	2374	丽鹏股份	SZ	11.54	3.78	
830	1/19/11	11.39	11.56	11.11	11.54	528700	3.78	2374	丽鹏股份	SZ	11.37	3.72	
831	1/18/11	11.28	11.38	11.15	11.37	456300	3.72	2374	丽鹏股份	SZ	11.25	3.68	
832	1/17/11	11.46	11.64	11.18	11.25	1011200	3.68	2374	丽鹏股份	SZ	11.56	3.78	
833	1/14/11	11.98	12.07	11.5	11.56	687300	3.78	2374	丽鹏股份	SZ	12.09	3.96	
834	1/13/11	11.99	12.17	11.94	12.09	493500	3.96	2374	丽鹏股份	SZ	12	3.93	
835	1/12/11	11.76	12.01	11.76	12	581600	3.93	2374	丽鹏股份	SZ	11.83	3.87	
836	1/11/11	12.05	12.08	11.66	11.83	893400	3.87	2374	丽鹏股份	SZ	12.06	3.95	
837	1/10/11	12.46	12.59	11.81	12.06	1374800	3.95	2374	丽鹏股份	SZ	12.5	4.09	
838	1/7/11	12.61	12.76	12.42	12.5	791500	4.09	2374	丽鹏股份	SZ	12.64	4.14	
839	1/6/11	12.97	13.08	12.64	12.64	1365200	4.14	2374	丽鹏股份	SZ	12.98	4.25	
840	1/5/11	13.3	13.3	12.97	12.98	1409200	4.25	2374	丽鹏股份	SZ	13.31	4.36	
841	1/4/11	12.81	13.36	12.75	13.31	2011600	4.36	2374	丽鹏股份	SZ	12.83	4.2	
842	12/31/10	12.5	12.84	12.43	12.83	1323000	4.2	2374	丽鹏股份	SZ	12.45	4.08	
843	12/30/10	12.57	12.7	12.41	12.45	1169500	4.08	2374	丽鹏股份	SZ	12.67	4.15	
844	12/29/10	12.82	12.82	12.42	12.67	964800	4.15	2374	丽鹏股份	SZ	12.59	4.12	
845	12/28/10	12.36	12.72	12.09	12.59	1536700	4.12	2374	丽鹏股份	SZ	12.5	4.09	
846	12/27/10	12.49	12.78	12.31	12.5	1494200	4.09	2374	丽鹏股份	SZ	12.55	4.11	
847	12/24/10	13.12	13.16	12.51	12.55	1973100	4.11	2374	丽鹏股份	SZ	13.19	4.32	
848	12/23/10	13.46	13.47	13.14	13.19	1261700	4.32	2374	丽鹏股份	SZ	13.47	4.41	
849	12/22/10	13.4	13.5	13.3	13.47	1588100	4.41	2374	丽鹏股份	SZ	13.35	4.37	
850	12/21/10	13.45	13.53	13.14	13.35	2245000	4.37	2374	丽鹏股份	SZ	13.45	4.4	
851	12/20/10	13.84	14.01	13.12	13.45	2980200	4.4	2374	丽鹏股份	SZ	13.84	4.53	
852	12/17/10	13.55	13.85	13.55	13.84	1723000	4.53	2374	丽鹏股份	SZ	13.64	4.46	
853	12/16/10	13.61	13.86	13.6	13.64	1907700	4.46	2374	丽鹏股份	SZ	13.6	4.45	
854	12/15/10	13.85	13.85	13.49	13.6	2462700	4.45	2374	丽鹏股份	SZ	13.82	4.52	
855	12/14/10	13.82	14.06	13.64	13.82	3683600	4.52	2374	丽鹏股份	SZ	13.93	4.56	
856	12/13/10	13.89	14.23	13.61	13.93	5789100	4.56	2374	丽鹏股份	SZ	13.68	4.48	
857	12/10/10	14.28	14.28	13.58	13.68	6083400	4.48	2374	丽鹏股份	SZ	13.95	4.57	
858	12/9/10	13.02	14.17	12.83	13.95	9033300	4.57	2374	丽鹏股份	SZ	12.88	4.21	
859	12/8/10	12.6	13.02	12.57	12.88	2556500	4.21	2374	丽鹏股份	SZ	12.74	4.17	
860	12/7/10	12.36	12.76	12.15	12.74	2146900	4.17	2374	丽鹏股份	SZ	12.36	4.04	
861	12/6/10	12.5	12.6	12.01	12.36	1821000	4.04	2374	丽鹏股份	SZ	12.5	4.09	
862	12/3/10	12.55	12.64	12.31	12.5	1340900	4.09	2374	丽鹏股份	SZ	12.56	4.11	
863	12/2/10	12.49	12.66	12.28	12.56	1746800	4.11	2374	丽鹏股份	SZ	12.28	4.02	
864	12/1/10	12.17	12.35	12.17	12.28	1134200	4.02	2374	丽鹏股份	SZ	12.27	4.02	
865	11/30/10	12.77	12.77	12.01	12.27	3399200	4.02	2374	丽鹏股份	SZ	12.77	4.18	
866	11/29/10	12.49	12.78	12.38	12.77	2397300	4.18	2374	丽鹏股份	SZ	12.49	4.09	
867	11/26/10	12.69	12.71	12.39	12.49	2548000	4.09	2374	丽鹏股份	SZ	12.7	4.16	
868	11/25/10	12.85	13.06	12.51	12.7	4518700	4.16	2374	丽鹏股份	SZ	12.96	4.24	
869	11/24/10	12.81	13.17	12.68	12.96	4611500	4.24	2374	丽鹏股份	SZ	12.97	4.24	
870	11/23/10	12.06	13.08	12.06	12.97	8295900	4.24	2374	丽鹏股份	SZ	12.19	3.99	
871	11/22/10	12.26	12.57	12.11	12.19	6941000	3.99	2374	丽鹏股份	SZ	12.22	4	
872	11/19/10	11.63	12.33	11.53	12.22	10219100	4	2374	丽鹏股份	SZ	11.66	3.81	
873	11/18/10	11.18	11.67	11.18	11.66	1986500	3.81	2374	丽鹏股份	SZ	11.16	3.65	
874	11/17/10	11.27	11.38	11.11	11.16	2047200	3.65	2374	丽鹏股份	SZ	11.39	3.73	
875	11/16/10	11.62	11.73	11.14	11.39	3615300	3.73	2374	丽鹏股份	SZ	11.11	3.64	
876	11/12/10	11.81	11.81	10.98	11.11	2672900	3.64	2374	丽鹏股份	SZ	11.88	3.89	
877	11/11/10	11.95	12.15	11.88	11.88	3017600	3.89	2374	丽鹏股份	SZ	11.95	3.91	
878	11/10/10	11.88	11.98	11.74	11.95	2466500	3.91	2374	丽鹏股份	SZ	11.84	3.87	
879	11/9/10	11.81	12.07	11.77	11.84	1631000	3.87	2374	丽鹏股份	SZ	11.8	3.86	
880	11/8/10	11.69	11.93	11.6	11.8	2348100	3.86	2374	丽鹏股份	SZ	11.69	3.83	
881	11/5/10	11.78	11.78	11.52	11.69	1416500	3.83	2374	丽鹏股份	SZ	11.63	3.81	
882	11/4/10	11.55	11.72	11.47	11.63	1213500	3.81	2374	丽鹏股份	SZ	11.5	3.76	
883	11/3/10	11.94	12.04	11.48	11.5	2133300	3.76	2374	丽鹏股份	SZ	11.91	3.9	
884	11/2/10	11.77	12.27	11.52	11.91	4682000	3.9	2374	丽鹏股份	SZ	11.7	3.83	
885	11/1/10	11.46	11.78	11.39	11.7	2423400	3.83	2374	丽鹏股份	SZ	11.46	3.75	
886	10/29/10	11.28	11.46	11.14	11.46	1728000	3.75	2374	丽鹏股份	SZ	11.25	3.68	
887	10/28/10	11.28	11.43	11.14	11.25	1223800	3.68	2374	丽鹏股份	SZ	11.28	3.69	
888	10/27/10	11.22	11.7	11.22	11.28	2261100	3.69	2374	丽鹏股份	SZ	11.43	3.74	
889	10/26/10	11.52	11.59	11.11	11.43	2218600	3.74	2374	丽鹏股份	SZ	11.47	3.75	
890	10/25/10	11.18	11.49	11.13	11.47	2794100	3.75	2374	丽鹏股份	SZ	11.17	3.66	
891	10/22/10	10.83	11.28	10.74	11.17	2351000	3.66	2374	丽鹏股份	SZ	10.84	3.55	
892	10/21/10	10.77	10.95	10.7	10.84	1160600	3.55	2374	丽鹏股份	SZ	10.79	3.53	
893	10/20/10	10.76	11.04	10.5	10.79	1593900	3.53	2374	丽鹏股份	SZ	10.91	3.57	
894	10/19/10	10.68	11.04	10.66	10.91	1190200	3.57	2374	丽鹏股份	SZ	10.66	3.49	
895	10/18/10	10.76	10.94	10.38	10.66	1684400	3.49	2374	丽鹏股份	SZ	10.88	3.56	
896	10/15/10	10.85	11.07	10.66	10.88	1623000	3.56	2374	丽鹏股份	SZ	10.89	3.56	
897	10/14/10	11.22	11.22	10.86	10.89	2397300	3.56	2374	丽鹏股份	SZ	11.3	3.7	
898	10/13/10	11.5	11.53	11.23	11.3	1935400	3.7	2374	丽鹏股份	SZ	11.6	3.8	
899	10/12/10	11.39	11.76	11.2	11.6	3113900	3.8	2374	丽鹏股份	SZ	11.39	3.73	
900	10/11/10	11.18	11.81	11.18	11.39	4712000	3.73	2374	丽鹏股份	SZ	11.14	3.64	
901	10/8/10	10.62	11.41	10.62	11.14	3994800	3.64	2374	丽鹏股份	SZ	10.59	3.47	
902	9/30/10	10.3	10.75	10.3	10.59	1570200	3.47	2374	丽鹏股份	SZ	10.49	3.43	
903	9/29/10	10.35	10.49	10.35	10.49	1337500	3.43	2374	丽鹏股份	SZ	10.41	3.41	
904	9/28/10	10.59	10.61	10.34	10.41	1509100	3.41	2374	丽鹏股份	SZ	10.61	3.47	
905	9/27/10	10.39	10.72	10.35	10.61	2103800	3.47	2374	丽鹏股份	SZ	10.35	3.39	
906	9/21/10	10.21	10.38	10.21	10.35	887400	3.39	2374	丽鹏股份	SZ	10.21	3.34	
907	9/20/10	10.44	10.51	10.18	10.21	745900	3.34	2374	丽鹏股份	SZ	10.44	3.42	
908	9/17/10	10.42	10.51	10.34	10.44	976800	3.42	2374	丽鹏股份	SZ	10.35	3.39	
909	9/16/10	10.72	10.83	10.3	10.35	1595400	3.39	2374	丽鹏股份	SZ	10.76	3.52	
910	9/15/10	11.11	11.17	10.7	10.76	1609700	3.52	2374	丽鹏股份	SZ	11.11	3.64	
911	9/14/10	11.28	11.35	11.08	11.11	1614500	3.64	2374	丽鹏股份	SZ	11.14	3.65	
912	9/10/10	11.27	11.31	10.9	11.14	2094500	3.65	2374	丽鹏股份	SZ	11.24	3.68	
913	9/9/10	11.51	11.59	11.22	11.24	2307000	3.68	2374	丽鹏股份	SZ	11.43	3.74	
914	9/8/10	11.42	11.56	11.31	11.43	2287500	3.74	2374	丽鹏股份	SZ	11.47	3.75	
915	9/7/10	11.28	11.56	11.13	11.47	2580600	3.75	2374	丽鹏股份	SZ	11.32	3.7	
916	9/6/10	11.51	11.52	11.07	11.32	2204900	3.7	2374	丽鹏股份	SZ	11.45	3.75	
917	9/3/10	11.17	11.58	11.09	11.45	3662100	3.75	2374	丽鹏股份	SZ	11.14	3.65	
918	9/2/10	11.01	11.28	10.99	11.14	2169100	3.65	2374	丽鹏股份	SZ	10.98	3.59	
919	9/1/10	11.01	11.28	10.78	10.98	2398900	3.59	2374	丽鹏股份	SZ	10.97	3.59	
920	8/31/10	11.07	11.07	10.86	10.97	1745000	3.59	2374	丽鹏股份	SZ	11.09	3.63	
921	8/30/10	10.81	11.1	10.74	11.09	2515400	3.63	2374	丽鹏股份	SZ	10.89	3.56	
922	8/27/10	10.76	10.89	10.7	10.89	677100	3.56	2374	丽鹏股份	SZ	10.85	3.55	
923	8/26/10	10.79	10.87	10.67	10.85	720700	3.55	2374	丽鹏股份	SZ	10.84	3.55	
924	8/25/10	11.13	11.14	10.63	10.84	1612400	3.55	2374	丽鹏股份	SZ	11.06	3.62	
925	8/24/10	10.77	11.07	10.77	11.06	785700	3.62	2374	丽鹏股份	SZ	11	3.6	
926	8/23/10	11.11	11.27	10.94	11	1051900	3.6	2374	丽鹏股份	SZ	11.14	3.65	
927	8/20/10	11.21	11.31	11.11	11.14	1186200	3.65	2374	丽鹏股份	SZ	11.25	3.68	
928	8/19/10	11.08	11.26	11.08	11.25	1297200	3.68	2374	丽鹏股份	SZ	11.15	3.65	
929	8/18/10	11.18	11.24	11.04	11.15	1020300	3.65	2374	丽鹏股份	SZ	11.23	3.68	
930	8/17/10	11.21	11.32	11.12	11.23	1482900	3.68	2374	丽鹏股份	SZ	11.12	3.64	
931	8/16/10	11.01	11.19	10.96	11.12	1360300	3.64	2374	丽鹏股份	SZ	10.97	3.59	
932	8/13/10	10.76	11	10.73	10.97	975500	3.59	2374	丽鹏股份	SZ	10.75	3.52	
933	8/12/10	10.87	11.03	10.73	10.75	1123400	3.52	2374	丽鹏股份	SZ	11.01	3.6	
934	8/11/10	10.94	11.14	10.86	11.01	1227600	3.6	2374	丽鹏股份	SZ	10.94	3.58	
935	8/10/10	11.32	11.32	10.92	10.94	2129700	3.58	2374	丽鹏股份	SZ	11.36	3.72	
936	8/9/10	10.9	11.36	10.86	11.36	2737100	3.72	2374	丽鹏股份	SZ	10.85	3.55	
937	8/6/10	10.64	10.86	10.62	10.85	1336500	3.55	2374	丽鹏股份	SZ	10.64	3.48	
938	8/5/10	10.57	10.75	10.57	10.64	1089400	3.48	2374	丽鹏股份	SZ	10.63	3.48	
939	8/4/10	10.74	10.74	10.35	10.63	1197100	3.48	2374	丽鹏股份	SZ	10.59	3.47	
940	8/3/10	10.79	10.83	10.58	10.59	1248500	3.47	2374	丽鹏股份	SZ	10.78	3.53	
941	8/2/10	10.62	10.82	10.56	10.78	1419500	3.53	2374	丽鹏股份	SZ	10.65	3.48	
942	7/30/10	10.57	10.66	10.46	10.65	1081600	3.48	2374	丽鹏股份	SZ	10.62	3.48	
943	7/29/10	10.54	10.66	10.48	10.62	1456300	3.48	2374	丽鹏股份	SZ	10.54	3.45	
944	7/28/10	10.25	10.54	10.25	10.54	1428000	3.45	2374	丽鹏股份	SZ	10.34	3.38	
945	7/27/10	10.47	10.48	10.33	10.34	742100	3.38	2374	丽鹏股份	SZ	10.48	3.43	
946	7/26/10	10.37	10.49	10.32	10.48	1073000	3.43	2374	丽鹏股份	SZ	10.38	3.4	
947	7/23/10	10.41	10.45	10.22	10.38	1125100	3.4	2374	丽鹏股份	SZ	10.42	3.41	
948	7/22/10	10.26	10.47	10.25	10.42	1215300	3.41	2374	丽鹏股份	SZ	10.29	3.37	
949	7/21/10	10.38	10.48	10.28	10.29	1806500	3.37	2374	丽鹏股份	SZ	10.41	3.41	
950	7/20/10	10.32	10.42	10.24	10.41	2069400	3.41	2374	丽鹏股份	SZ	10.32	3.38	
951	7/19/10	10.08	10.35	10.02	10.32	1808300	3.38	2374	丽鹏股份	SZ	10.15	3.32	
952	7/16/10	9.86	10.17	9.7	10.15	1551400	3.32	2374	丽鹏股份	SZ	9.88	3.23	
953	7/15/10	9.93	9.97	9.76	9.88	964800	3.23	2374	丽鹏股份	SZ	9.91	3.24	
954	7/14/10	9.89	10.03	9.85	9.91	1104200	3.24	2374	丽鹏股份	SZ	9.85	3.22	
955	7/13/10	10	10	9.76	9.85	1393500	3.22	2374	丽鹏股份	SZ	10.1	3.3	
956	7/12/10	10.05	10.17	9.97	10.1	1633200	3.3	2374	丽鹏股份	SZ	10.1	3.31	
957	7/9/10	9.76	10.28	9.73	10.1	2384600	3.31	2374	丽鹏股份	SZ	9.83	3.22	
958	7/8/10	9.83	9.89	9.64	9.83	1357500	3.22	2374	丽鹏股份	SZ	9.76	3.19	
959	7/7/10	9.64	9.79	9.6	9.76	1373900	3.19	2374	丽鹏股份	SZ	9.68	3.17	
960	7/6/10	9.51	9.74	9.46	9.68	1540700	3.17	2374	丽鹏股份	SZ	9.53	3.12	
961	7/5/10	9.14	9.62	8.96	9.53	1881700	3.12	2374	丽鹏股份	SZ	9.27	3.03	
962	7/2/10	9.2	9.32	8.76	9.27	1371700	3.03	2374	丽鹏股份	SZ	9.26	3.03	
963	7/1/10	9.15	9.35	9.15	9.26	1620100	3.03	2374	丽鹏股份	SZ	9.21	3.01	
964	6/30/10	9.37	9.38	9.03	9.21	1464900	3.01	2374	丽鹏股份	SZ	9.43	3.08	
965	6/29/10	9.86	9.91	9.38	9.43	1765600	3.08	2374	丽鹏股份	SZ	9.82	3.21	
966	6/28/10	9.95	10.06	9.74	9.82	1010900	3.21	2374	丽鹏股份	SZ	9.98	3.27	
967	6/25/10	10.16	10.16	9.8	9.98	1623100	3.27	2374	丽鹏股份	SZ	10.14	3.32	
968	6/24/10	10.18	10.24	10.07	10.14	1039000	3.32	2374	丽鹏股份	SZ	10.1	3.31	
969	6/23/10	10.14	10.27	9.98	10.1	1305800	3.31	2374	丽鹏股份	SZ	10.13	3.31	
970	6/22/10	10.07	10.23	10.01	10.13	1581900	3.31	2374	丽鹏股份	SZ	10.1	3.31	
971	6/21/10	9.79	10.12	9.62	10.1	2862400	3.31	2374	丽鹏股份	SZ	9.85	3.22	
972	6/18/10	9.9	10.4	9.72	9.85	5530500	3.22	2374	丽鹏股份	SZ	10.66	3.49	
973	6/17/10	11	11.13	10.66	10.66	1187800	3.49	2374	丽鹏股份	SZ	11	3.6	
974	6/11/10	11.08	11.11	10.83	11	1526900	3.6	2374	丽鹏股份	SZ	11.02	3.61	
975	6/10/10	10.94	11.14	10.85	11.02	1478900	3.61	2374	丽鹏股份	SZ	10.95	3.58	
976	6/9/10	10.92	10.99	10.8	10.95	1828600	3.58	2374	丽鹏股份	SZ	10.86	3.55	
977	6/8/10	10.76	10.95	10.76	10.86	1384400	3.55	2374	丽鹏股份	SZ	10.75	3.52	
978	6/7/10	10.36	10.81	10.25	10.75	1663800	3.52	2374	丽鹏股份	SZ	10.52	3.44	
979	6/4/10	10.4	10.54	10.24	10.52	779500	3.44	2374	丽鹏股份	SZ	10.43	3.41	
980	6/3/10	10.33	10.52	10.19	10.43	1189000	3.41	2374	丽鹏股份	SZ	10.33	3.38	
981	6/2/10	10.02	10.34	9.95	10.33	760300	3.38	2374	丽鹏股份	SZ	10.03	3.28	
982	6/1/10	10.35	10.5	9.93	10.03	1052300	3.28	2374	丽鹏股份	SZ	10.37	3.39	
983	5/31/10	10.67	10.96	10.37	10.37	969900	3.39	2374	丽鹏股份	SZ	10.73	3.51	
984	5/28/10	10.93	11	10.66	10.73	1358100	3.51	2374	丽鹏股份	SZ	10.87	3.56	
985	5/27/10	10.61	11.02	10.44	10.87	1547600	3.56	2374	丽鹏股份	SZ	10.6	3.47	
986	5/26/10	10.63	10.75	10.55	10.6	744500	3.47	2374	丽鹏股份	SZ	10.63	3.48	
987	5/25/10	10.69	10.79	10.49	10.63	1617900	3.48	2374	丽鹏股份	SZ	10.8	3.53	
988	5/24/10	10.32	10.94	10.32	10.8	2284000	3.53	2374	丽鹏股份	SZ	10.38	3.4	
989	5/21/10	9.77	10.46	9.7	10.38	1983600	3.4	2374	丽鹏股份	SZ	9.99	3.27	
990	5/20/10	9.96	10.14	9.9	9.99	1070200	3.27	2374	丽鹏股份	SZ	10.02	3.28	
991	5/19/10	9.73	10.18	9.7	10.02	1360800	3.28	2374	丽鹏股份	SZ	9.86	3.23	
992	5/18/10	9.72	9.92	9.45	9.86	1250600	3.23	2374	丽鹏股份	SZ	9.73	3.18	
993	5/17/10	9.98	10.2	9.72	9.73	1199200	3.18	2374	丽鹏股份	SZ	10.23	3.35	
994	5/14/10	10.07	10.31	9.9	10.23	931700	3.35	2374	丽鹏股份	SZ	10.16	3.32	
995	5/13/10	10	10.24	9.58	10.16	1565600	3.32	2374	丽鹏股份	SZ	10.02	3.28	
996	5/12/10	10.41	10.41	9.76	10.02	1678600	3.28	2374	丽鹏股份	SZ	10.51	3.44	
997	5/11/10	10.89	10.92	10.44	10.51	1188300	3.44	2374	丽鹏股份	SZ	10.64	3.48	
998	5/10/10	11.06	11.21	10.44	10.64	1301100	3.48	2374	丽鹏股份	SZ	11.05	3.62	
999	5/7/10	11.04	11.23	10.92	11.05	1042300	3.62	2374	丽鹏股份	SZ	11.23	3.68	
1000	5/6/10	11.49	11.68	11.19	11.23	1227600	3.68	2374	丽鹏股份	SZ	11.65	3.81	
1001	5/5/10	11.51	11.66	11.22	11.65	1515400	3.81	2374	丽鹏股份	SZ	11.35	3.72	
1002	5/4/10	11.28	11.51	11.2	11.35	1296600	3.72	2374	丽鹏股份	SZ	11.46	3.75	
1003	4/30/10	12.05	12.22	11.18	11.46	2453100	3.75	2374	丽鹏股份	SZ	12.17	3.98	
1004	4/29/10	12.43	12.52	12.17	12.17	1130200	3.98	2374	丽鹏股份	SZ	12.38	4.05	
1005	4/28/10	12.18	12.53	12.16	12.38	994800	4.05	2374	丽鹏股份	SZ	12.43	4.07	
1006	4/27/10	12.92	13.04	12.15	12.43	2422400	4.07	2374	丽鹏股份	SZ	13.02	4.26	
1007	4/26/10	12.78	13.12	12.75	13.02	2625800	4.26	2374	丽鹏股份	SZ	12.77	4.18	
1008	4/23/10	12.85	13	12.67	12.77	1839900	4.18	2374	丽鹏股份	SZ	12.86	4.21	
1009	4/22/10	12.83	13.09	12.7	12.86	2324100	4.21	2374	丽鹏股份	SZ	12.83	4.2	
1010	4/21/10	12.59	12.87	12.57	12.83	2053400	4.2	2374	丽鹏股份	SZ	12.54	4.1	
1011	4/20/10	12.39	12.56	12.2	12.54	1313500	4.1	2374	丽鹏股份	SZ	12.36	4.04	
1012	4/19/10	12.57	12.81	12.34	12.36	2247300	4.04	2374	丽鹏股份	SZ	12.63	4.13	
1013	4/16/10	12.67	12.78	12.34	12.63	2540400	4.13	2374	丽鹏股份	SZ	13.06	4.27	
1014	4/14/10	12.69	13.12	12.69	13.06	2863900	4.27	2374	丽鹏股份	SZ	12.91	4.23	
1015	4/13/10	13.69	13.8	12.54	12.91	5143900	4.23	2374	丽鹏股份	SZ	13.7	4.48	
1016	4/12/10	13.53	13.72	13.4	13.7	3420600	4.48	2374	丽鹏股份	SZ	13.46	4.41	
1017	4/9/10	13.42	13.58	13.26	13.46	3129600	4.41	2374	丽鹏股份	SZ	13.4	4.38	
1018	4/8/10	13.75	13.86	13.37	13.4	4989300	4.38	2374	丽鹏股份	SZ	13.9	4.55	
1019	4/7/10	13.37	14.09	13.37	13.9	6971400	4.55	2374	丽鹏股份	SZ	13.44	4.4	
1020	4/6/10	13.11	13.5	12.95	13.44	4761000	4.4	2374	丽鹏股份	SZ	13.05	4.27	
1021	4/2/10	13.14	13.35	12.99	13.05	4195500	4.27	2374	丽鹏股份	SZ	13.26	4.34	
1022	4/1/10	13.26	13.6	13.14	13.26	6959800	4.34	2374	丽鹏股份	SZ	13.26	4.34	
1023	3/31/10	13.14	13.43	12.98	13.26	5649400	4.34	2374	丽鹏股份	SZ	13.15	4.3	
1024	3/30/10	12.81	13.32	12.72	13.15	7158800	4.3	2374	丽鹏股份	SZ	12.86	4.21	
1025	3/29/10	12.66	12.97	12.43	12.86	4428000	4.21	2374	丽鹏股份	SZ	12.65	4.14	
1026	3/26/10	12.81	12.92	12.38	12.65	4757100	4.14	2374	丽鹏股份	SZ	13	4.26	
1027	3/25/10	12.5	13.12	12.45	13	10144200	4.26	2374	丽鹏股份	SZ	12.57	4.11	
1028	3/24/10	12.22	12.69	12.19	12.57	8255500	4.11	2374	丽鹏股份	SZ	12.22	4	
1029	3/23/10	12.32	12.37	12.16	12.22	5630100	4	2374	丽鹏股份	SZ	12.51	4.09	
1030	3/22/10	12.45	12.6	11.91	12.51	11003000	4.09	2374	丽鹏股份	SZ	12.84	4.2	
1031	3/19/10	12.43	13.61	12.43	12.84	18614500	4.2	2374	丽鹏股份	SZ	12.41	4.06	
1032	3/18/10	12.88	13.19	12.27	12.41	23283000	4.06	2374	丽鹏股份	SZ	-1	-1	
