0	4/29/14	10.74	10.89	10.43	10.73	9941700	10.73	2385	大北农	SZ
1	4/28/14	11.47	11.47	10.56	10.74	19080400	10.74	2385	大北农	SZ
2	4/25/14	12.34	12.34	11.6	11.73	9744900	11.73	2385	大北农	SZ
3	4/24/14	12.05	12.4	11.99	12.22	7453700	12.22	2385	大北农	SZ
4	4/23/14	12	12.11	11.98	11.99	4336100	11.99	2385	大北农	SZ
5	4/22/14	12.18	12.3	11.86	11.98	9988100	11.98	2385	大北农	SZ
6	4/21/14	12.43	12.54	12.1	12.16	9558000	12.16	2385	大北农	SZ
7	4/18/14	12.7	12.72	12.32	12.48	9609500	12.48	2385	大北农	SZ
8	4/17/14	12.7	12.88	12.66	12.66	8960900	12.66	2385	大北农	SZ
9	4/16/14	12.47	12.85	12.46	12.63	12141500	12.63	2385	大北农	SZ
10	4/15/14	12.62	12.89	12.44	12.49	16345000	12.49	2385	大北农	SZ
11	4/14/14	12.21	13.25	12.18	12.7	28881400	12.7	2385	大北农	SZ
12	4/11/14	12.07	12.2	12.02	12.19	12478200	12.19	2385	大北农	SZ
13	4/10/14	12.02	12.14	12.01	12.08	10399200	12.08	2385	大北农	SZ
14	4/9/14	11.91	12.03	11.85	12.02	11535200	12.02	2385	大北农	SZ
15	4/8/14	12.28	12.32	11.83	11.9	26096400	11.9	2385	大北农	SZ
16	4/7/14	12.28	12.28	12.28	12.28	0	12.28	2385	大北农	SZ
17	4/4/14	12.07	12.34	12.07	12.28	3530000	12.28	2385	大北农	SZ
18	4/3/14	12.39	12.44	12.1	12.22	4503200	12.22	2385	大北农	SZ
19	4/2/14	12.23	12.32	12.07	12.32	4018600	12.32	2385	大北农	SZ
20	4/1/14	12.09	12.3	11.95	12.18	4206600	12.18	2385	大北农	SZ
21	3/31/14	12.28	12.39	12.09	12.16	4496700	12.16	2385	大北农	SZ
22	3/28/14	12.4	12.46	12.25	12.28	4924100	12.28	2385	大北农	SZ
23	3/27/14	12.42	12.49	12.3	12.45	6744400	12.45	2385	大北农	SZ
24	3/26/14	12.3	12.46	12.22	12.44	6491400	12.44	2385	大北农	SZ
25	3/25/14	12.24	12.32	12.11	12.3	5926100	12.3	2385	大北农	SZ
26	3/24/14	12.3	12.32	12.07	12.25	8816500	12.25	2385	大北农	SZ
27	3/21/14	12.1	12.52	12.02	12.32	8170200	12.32	2385	大北农	SZ
28	3/20/14	12.96	13.16	12	12.12	15272700	12.12	2385	大北农	SZ
29	3/19/14	13.28	13.3	12.85	12.96	7056100	12.96	2385	大北农	SZ
30	3/18/14	12.91	13.43	12.87	13.35	11254800	13.35	2385	大北农	SZ
31	3/17/14	12.96	12.99	12.7	12.85	10244800	12.85	2385	大北农	SZ
32	3/14/14	12.99	13.05	12.88	13	3902900	13	2385	大北农	SZ
33	3/13/14	13.04	13.19	12.85	13.08	8486500	13.08	2385	大北农	SZ
34	3/12/14	13.06	13.27	12.83	13.04	7577000	13.04	2385	大北农	SZ
35	3/11/14	13.15	13.3	13.01	13.16	9614600	13.16	2385	大北农	SZ
36	3/10/14	13.6	13.6	13.13	13.19	8149200	13.19	2385	大北农	SZ
37	3/7/14	13.87	13.87	13.61	13.69	5848200	13.69	2385	大北农	SZ
38	3/6/14	13.93	14.02	13.7	13.79	6894100	13.79	2385	大北农	SZ
39	3/5/14	14.05	14.15	13.91	13.93	6578000	13.93	2385	大北农	SZ
40	3/4/14	13.86	14.24	13.72	14.05	12732000	14.05	2385	大北农	SZ
41	3/3/14	13.85	14.08	13.67	14	15498800	14	2385	大北农	SZ
42	2/28/14	12.8	14.05	12.76	13.74	24812700	13.74	2385	大北农	SZ
43	2/27/14	13.41	13.42	12.77	12.82	13220500	12.82	2385	大北农	SZ
44	2/26/14	13	13.24	12.55	13.2	13440300	13.2	2385	大北农	SZ
45	2/25/14	13.6	13.6	12.85	13.06	17841300	13.06	2385	大北农	SZ
46	2/24/14	13.75	13.76	12.9	13.57	21081700	13.57	2385	大北农	SZ
47	2/21/14	14.02	14.07	13.67	13.8	12323300	13.8	2385	大北农	SZ
48	2/20/14	14.21	14.23	13.88	14.02	9545800	14.02	2385	大北农	SZ
49	2/19/14	14	14.19	13.9	14.12	12096600	14.12	2385	大北农	SZ
50	2/18/14	14.55	14.55	13.76	14.08	34282900	14.08	2385	大北农	SZ
51	2/17/14	14.8	14.91	14.3	14.62	18504700	14.62	2385	大北农	SZ
52	2/14/14	14.6	14.96	14.59	14.7	10913100	14.7	2385	大北农	SZ
53	2/13/14	14.7	15.18	14.61	14.67	12766900	14.67	2385	大北农	SZ
54	2/12/14	14.61	14.8	14.4	14.78	11169100	14.78	2385	大北农	SZ
55	2/11/14	14.45	14.87	14.39	14.61	11761900	14.61	2385	大北农	SZ
56	2/10/14	14.09	14.56	13.97	14.44	12759600	14.44	2385	大北农	SZ
57	2/7/14	13.78	14.15	13.56	13.95	11703100	13.95	2385	大北农	SZ
58	2/6/14	13.82	13.82	13.82	13.82	0	13.82	2385	大北农	SZ
59	2/5/14	13.82	13.82	13.82	13.82	0	13.82	2385	大北农	SZ
60	2/3/14	13.82	13.82	13.82	13.82	0	13.82	2385	大北农	SZ
61	1/31/14	13.82	13.82	13.82	13.82	0	13.82	2385	大北农	SZ
62	1/30/14	14.37	14.45	13.6	13.82	10009400	13.82	2385	大北农	SZ
63	1/29/14	14.59	14.64	14.21	14.38	7007200	14.38	2385	大北农	SZ
64	1/28/14	14.47	14.62	14.32	14.55	6827400	14.55	2385	大北农	SZ
65	1/27/14	14.73	14.84	14.15	14.47	14773800	14.47	2385	大北农	SZ
66	1/24/14	14.6	14.85	14.25	14.73	12726600	14.73	2385	大北农	SZ
67	1/23/14	14.53	14.92	14.45	14.59	8682600	14.59	2385	大北农	SZ
68	1/22/14	13.99	14.75	13.83	14.52	13617100	14.52	2385	大北农	SZ
69	1/21/14	13.67	14.15	13.67	13.95	14846300	13.95	2385	大北农	SZ
70	1/20/14	14.62	14.89	13.5	13.6	28333800	13.6	2385	大北农	SZ
71	1/17/14	15.89	15.89	14.34	14.58	25375500	14.58	2385	大北农	SZ
72	1/16/14	15.95	16.3	15.75	15.93	8465000	15.93	2385	大北农	SZ
73	1/15/14	15.78	16.19	15.6	16.02	7515100	16.02	2385	大北农	SZ
74	1/14/14	15.59	15.82	15.45	15.72	4839100	15.72	2385	大北农	SZ
75	1/13/14	15.46	15.8	15.35	15.59	7417000	15.59	2385	大北农	SZ
76	1/10/14	15.9	15.98	15.46	15.46	12365100	15.46	2385	大北农	SZ
77	1/9/14	16.5	16.51	15.92	16	11853700	16	2385	大北农	SZ
78	1/8/14	16.31	16.56	16.09	16.5	9124600	16.5	2385	大北农	SZ
79	1/7/14	16.32	16.63	15.75	16.29	18689800	16.29	2385	大北农	SZ
80	1/6/14	17.1	17.17	16.14	16.22	16479800	16.22	2385	大北农	SZ
81	1/3/14	16.99	17.45	16.97	17.11	16499100	17.11	2385	大北农	SZ
82	1/2/14	16.37	17.35	16.34	17.18	25350500	17.18	2385	大北农	SZ
83	1/1/14	16.35	16.35	16.35	16.35	0	16.35	2385	大北农	SZ
84	12/31/13	16.28	16.48	16.08	16.35	8188200	16.35	2385	大北农	SZ
85	12/30/13	16.11	16.5	16.11	16.43	13340200	16.43	2385	大北农	SZ
86	12/27/13	15.93	16.18	15.53	16.11	13408200	16.11	2385	大北农	SZ
87	12/26/13	15.99	16.3	15.69	15.93	11726000	15.93	2385	大北农	SZ
88	12/25/13	15.45	15.85	15.33	15.78	9717200	15.78	2385	大北农	SZ
89	12/24/13	15	15.42	14.92	15.3	8509000	15.3	2385	大北农	SZ
90	12/23/13	15.28	15.36	14.71	15	12616300	15	2385	大北农	SZ
91	12/20/13	15.45	15.47	15	15.28	6161100	15.28	2385	大北农	SZ
92	12/19/13	15.41	15.51	15.25	15.32	3734400	15.32	2385	大北农	SZ
93	12/18/13	15.24	15.52	15.21	15.4	4665100	15.4	2385	大北农	SZ
94	12/17/13	15.15	15.64	14.86	15.32	12080300	15.32	2385	大北农	SZ
95	12/16/13	15.95	15.95	15.2	15.25	27660500	15.25	2385	大北农	SZ
96	12/13/13	16.15	16.52	16.14	16.2	8528400	16.2	2385	大北农	SZ
97	12/12/13	16.38	16.56	16.14	16.37	9222200	16.37	2385	大北农	SZ
98	12/11/13	16.12	16.66	15.88	16.38	14539800	16.38	2385	大北农	SZ
99	12/10/13	16.45	16.59	16.21	16.24	9160400	16.24	2385	大北农	SZ
100	12/9/13	16.17	16.75	15.86	16.46	19069800	16.46	2385	大北农	SZ
101	12/6/13	16.09	16.29	15.86	15.99	9895200	15.99	2385	大北农	SZ
102	12/5/13	16.3	16.35	15.82	16.17	21088700	16.17	2385	大北农	SZ
103	12/4/13	15.38	16.38	15.3	16.26	39677800	16.26	2385	大北农	SZ
104	12/3/13	14.56	15.37	14.5	15.33	15110200	15.33	2385	大北农	SZ
105	12/2/13	14.81	15.15	14.44	14.65	12288300	14.65	2385	大北农	SZ
106	11/29/13	15.25	15.47	14.9	15.18	15347200	15.18	2385	大北农	SZ
107	11/28/13	14.68	15.17	14.61	15.1	18055800	15.1	2385	大北农	SZ
108	11/27/13	14.5	14.66	14.35	14.53	7845800	14.53	2385	大北农	SZ
109	11/26/13	14.87	15.07	14.35	14.59	10435000	14.59	2385	大北农	SZ
110	11/25/13	14.91	15.25	14.82	14.84	10387000	14.84	2385	大北农	SZ
111	11/22/13	14.55	15.3	14.54	14.86	21735400	14.86	2385	大北农	SZ
112	11/21/13	14.22	14.6	14.18	14.53	14673800	14.53	2385	大北农	SZ
113	11/20/13	14.29	14.49	14.12	14.2	10763200	14.2	2385	大北农	SZ
114	11/19/13	14.43	14.43	14.11	14.15	9377300	14.15	2385	大北农	SZ
115	11/18/13	14.25	14.6	14.06	14.44	18898000	14.44	2385	大北农	SZ
116	11/15/13	13.65	14.26	13.63	14.14	13001400	14.14	2385	大北农	SZ
117	11/14/13	13.63	13.88	13.4	13.65	10522900	13.65	2385	大北农	SZ
118	11/13/13	14.3	14.34	13.5	13.59	18315900	13.59	2385	大北农	SZ
119	11/12/13	14.5	14.62	14.11	14.2	12310100	14.2	2385	大北农	SZ
120	11/11/13	14.66	14.85	14.4	14.55	8010700	14.55	2385	大北农	SZ
121	11/8/13	15.39	15.39	14.44	14.85	23297900	14.85	2385	大北农	SZ
122	11/7/13	15.2	15.79	15.08	15.35	16696800	15.35	2385	大北农	SZ
123	11/6/13	15.8	15.8	15.11	15.28	18360500	15.28	2385	大北农	SZ
124	11/5/13	14.61	15.65	14.3	15.65	22682700	15.65	2385	大北农	SZ
125	11/4/13	14.8	15.58	14.7	14.78	11523500	14.78	2385	大北农	SZ
126	11/1/13	15.02	15.17	14.41	14.77	12826500	14.77	2385	大北农	SZ
127	10/31/13	15.62	16.05	14.9	15.17	25731400	15.17	2385	大北农	SZ
128	10/30/13	14.8	16	14.72	15.81	30149400	15.81	2385	大北农	SZ
129	10/29/13	14.24	15.15	14.2	14.86	20593400	14.86	2385	大北农	SZ
130	10/28/13	14.5	15.17	14.5	15.15	16292200	15.15	2385	大北农	SZ
131	10/25/13	14.6	14.78	14.16	14.4	9625200	14.4	2385	大北农	SZ
132	10/24/13	14.48	14.88	14.21	14.49	10593600	14.49	2385	大北农	SZ
133	10/23/13	15.51	15.57	14.35	14.49	18823200	14.49	2385	大北农	SZ
134	10/22/13	15.43	15.96	15.07	15.51	19566900	15.51	2385	大北农	SZ
135	10/21/13	14.72	15.6	14.5	15.43	20913700	15.43	2385	大北农	SZ
136	10/18/13	14.27	15.05	14.18	14.73	16054100	14.73	2385	大北农	SZ
137	10/17/13	14.74	15.08	14.06	14.3	19938000	14.3	2385	大北农	SZ
138	10/16/13	15.44	15.44	14.3	14.8	25925100	14.8	2385	大北农	SZ
139	10/15/13	15.44	15.59	15.08	15.51	16868500	15.51	2385	大北农	SZ
140	10/14/13	14.94	16.11	14.76	15.46	34060800	15.46	2385	大北农	SZ
141	10/11/13	14.33	15.16	14.33	14.95	24904400	14.95	2385	大北农	SZ
142	10/10/13	14.26	14.8	14.15	14.3	23574800	14.3	2385	大北农	SZ
143	10/9/13	14.04	14.61	13.69	14.4	29945400	14.4	2385	大北农	SZ
144	10/8/13	12.9	14.14	12.9	14.13	36490600	14.13	2385	大北农	SZ
145	10/7/13	12.85	12.85	12.85	12.85	0	12.85	2385	大北农	SZ
146	10/4/13	12.85	12.85	12.85	12.85	0	12.85	2385	大北农	SZ
147	10/3/13	12.85	12.85	12.85	12.85	0	12.85	2385	大北农	SZ
148	10/2/13	12.85	12.85	12.85	12.85	0	12.85	2385	大北农	SZ
149	10/1/13	12.85	12.85	12.85	12.85	0	12.85	2385	大北农	SZ
150	9/30/13	12.35	12.93	12.35	12.85	16948000	12.85	2385	大北农	SZ
151	9/27/13	12.34	12.58	12.2	12.21	8336000	12.21	2385	大北农	SZ
152	9/26/13	12.3	12.58	12.18	12.38	10345800	12.38	2385	大北农	SZ
153	9/25/13	12.32	12.65	12.1	12.39	11913300	12.39	2385	大北农	SZ
154	9/24/13	12.12	12.3	12.05	12.27	5611800	12.27	2385	大北农	SZ
155	9/23/13	12.02	12.3	11.88	12.23	7759700	12.23	2385	大北农	SZ
156	9/20/13	12.01	12.01	12.01	12.01	0	12.01	2385	大北农	SZ
157	9/18/13	11.99	12.12	11.7	12.01	5244300	12.01	2385	大北农	SZ
158	9/17/13	12.31	12.36	11.96	11.98	6421800	11.98	2385	大北农	SZ
159	9/16/13	12.49	12.54	12.28	12.38	6424600	12.38	2385	大北农	SZ
160	9/13/13	12.44	12.5	12.25	12.41	6091100	12.41	2385	大北农	SZ
161	9/12/13	12.66	12.69	12.35	12.38	10098900	12.38	2385	大北农	SZ
162	9/11/13	12.43	12.85	12.25	12.68	18196800	12.68	2385	大北农	SZ
163	9/10/13	12.41	12.56	12.13	12.43	8785100	12.43	2385	大北农	SZ
164	9/9/13	12.06	12.5	12.06	12.35	13721400	12.35	2385	大北农	SZ
165	9/6/13	12	12.27	11.88	12.03	5685200	12.03	2385	大北农	SZ
166	9/5/13	12.31	12.31	11.95	12.07	7005800	12.07	2385	大北农	SZ
167	9/4/13	12.31	12.45	12.13	12.32	10026400	12.32	2385	大北农	SZ
168	9/3/13	12.14	12.52	12.04	12.45	24847200	12.45	2385	大北农	SZ
169	9/2/13	11.56	12.36	11.5	12	20039600	12	2385	大北农	SZ
170	8/30/13	11.95	11.95	11.31	11.5	9145400	11.5	2385	大北农	SZ
171	8/29/13	11.95	12.07	11.72	12.01	7570400	12.01	2385	大北农	SZ
172	8/28/13	11.8	12.1	11.7	11.9	12018100	11.9	2385	大北农	SZ
173	8/27/13	11.63	11.87	11.6	11.86	10471200	11.86	2385	大北农	SZ
174	8/26/13	11.6	11.86	11.46	11.63	10843200	11.63	2385	大北农	SZ
175	8/23/13	11.7	11.86	11.26	11.54	11495800	11.54	2385	大北农	SZ
176	8/22/13	11.92	11.99	11.63	11.67	9348800	11.67	2385	大北农	SZ
177	8/21/13	11.61	11.89	11.55	11.88	6348800	11.88	2385	大北农	SZ
178	8/20/13	11.84	12.03	11.67	11.7	10722900	11.7	2385	大北农	SZ
179	8/19/13	11.8	11.9	11.57	11.87	10245200	11.87	2385	大北农	SZ
180	8/16/13	12.26	12.48	11.66	11.77	18560300	11.77	2385	大北农	SZ
181	8/15/13	12.68	12.73	12.33	12.34	9632200	12.34	2385	大北农	SZ
182	8/14/13	12.68	13.02	12.63	12.76	16702000	12.76	2385	大北农	SZ
183	8/13/13	12.63	12.79	12.55	12.66	11618700	12.66	2385	大北农	SZ
184	8/12/13	12.42	12.77	12.28	12.6	15241700	12.6	2385	大北农	SZ
185	8/9/13	12.55	13.11	12.43	12.54	28517400	12.54	2385	大北农	SZ
186	8/8/13	12.41	12.6	12.21	12.54	16122600	12.54	2385	大北农	SZ
187	8/7/13	12.36	12.55	12.25	12.5	19873100	12.5	2385	大北农	SZ
188	8/6/13	12.17	12.65	12.1	12.5	42627500	12.5	2385	大北农	SZ
189	8/5/13	10.92	11.95	10.81	11.95	26341700	11.95	2385	大北农	SZ
190	8/2/13	10.82	11.03	10.77	10.86	9671600	10.86	2385	大北农	SZ
191	8/1/13	10.67	10.84	10.6	10.75	5375000	10.75	2385	大北农	SZ
192	7/31/13	10.66	10.82	10.55	10.65	2410100	10.65	2385	大北农	SZ
193	7/30/13	10.9	10.94	10.5	10.62	5557000	10.62	2385	大北农	SZ
194	7/29/13	11.02	11.06	10.8	10.82	6668200	10.82	2385	大北农	SZ
195	7/26/13	11.03	11.16	10.75	11.14	9268200	11.14	2385	大北农	SZ
196	7/25/13	10.8	11.14	10.76	11.07	10392000	11.07	2385	大北农	SZ
197	7/24/13	10.68	10.89	10.66	10.76	5511300	10.76	2385	大北农	SZ
198	7/23/13	10.79	10.95	10.71	10.75	7430700	10.75	2385	大北农	SZ
199	7/22/13	10.49	10.82	10.41	10.7	5589000	10.7	2385	大北农	SZ
200	7/19/13	10.72	10.84	10.62	10.62	6411800	10.62	2385	大北农	SZ
201	7/18/13	11.03	11.03	10.51	10.78	12274500	10.78	2385	大北农	SZ
202	7/17/13	10.9	11.37	10.85	11.07	12493700	11.07	2385	大北农	SZ
203	7/16/13	10.79	11.11	10.65	10.94	13894900	10.94	2385	大北农	SZ
204	7/15/13	11.37	11.37	10.4	10.99	26279500	10.99	2385	大北农	SZ
205	7/12/13	11.19	11.79	11.15	11.46	10627300	11.46	2385	大北农	SZ
206	7/11/13	11.05	11.49	11	11.25	10754900	11.25	2385	大北农	SZ
207	7/10/13	10.85	11.05	10.75	11.04	8041200	11.04	2385	大北农	SZ
208	7/9/13	11.03	11.03	10.66	10.92	5122000	10.92	2385	大北农	SZ
209	7/8/13	10.37	11.04	10.29	10.83	12645900	10.83	2385	大北农	SZ
210	7/5/13	10.89	10.96	10.6	10.6	9379800	10.6	2385	大北农	SZ
211	7/4/13	10.9	11.08	10.73	10.93	10183200	10.93	2385	大北农	SZ
212	7/3/13	10.47	11.08	10.35	10.99	14688000	10.99	2385	大北农	SZ
213	7/2/13	10.26	10.56	10.12	10.53	11285100	10.53	2385	大北农	SZ
214	7/1/13	10.21	10.49	10	10.35	7510200	10.35	2385	大北农	SZ
215	6/28/13	10.4	10.7	10.28	10.32	5205600	10.32	2385	大北农	SZ
216	6/27/13	10.65	10.68	10.46	10.47	7543800	10.47	2385	大北农	SZ
217	6/26/13	9.93	10.6	9.93	10.55	14309500	10.55	2385	大北农	SZ
218	6/25/13	9.5	10.1	9.22	10	13421900	10	2385	大北农	SZ
219	6/24/13	10.22	10.33	9.4	9.74	12690300	9.74	2385	大北农	SZ
220	6/21/13	10.19	10.38	10	10.27	9544800	10.27	2385	大北农	SZ
221	6/20/13	10.83	10.83	10.16	10.16	12882300	10.16	2385	大北农	SZ
222	6/19/13	11	11.09	10.83	10.9	7797600	10.9	2385	大北农	SZ
223	6/18/13	11	11.12	10.85	11.07	8558700	11.07	2385	大北农	SZ
224	6/17/13	11.37	11.39	10.91	11.15	15208600	11.15	2385	大北农	SZ
225	6/14/13	11.29	11.41	11.18	11.34	10003200	11.34	2385	大北农	SZ
226	6/13/13	11.45	11.45	11.11	11.35	6761300	11.35	2385	大北农	SZ
227	6/12/13	11.7	11.7	11.7	11.7	0	11.7	2385	大北农	SZ
228	6/11/13	11.7	11.7	11.7	11.7	0	11.7	2385	大北农	SZ
229	6/10/13	11.7	11.7	11.7	11.7	0	11.7	2385	大北农	SZ
230	6/7/13	11.59	11.76	11.48	11.7	10826600	11.7	2385	大北农	SZ
231	6/6/13	11.47	11.78	11.46	11.59	10642700	11.59	2385	大北农	SZ
232	6/5/13	11.38	11.51	11.34	11.47	3451500	11.47	2385	大北农	SZ
233	6/4/13	11.68	11.68	11.18	11.45	8569100	11.45	2385	大北农	SZ
234	6/3/13	11.81	11.81	11.6	11.65	7643600	11.65	2385	大北农	SZ
235	5/31/13	11.8	11.97	11.74	11.85	7961800	11.85	2385	大北农	SZ
236	5/30/13	12.1	12.16	11.68	11.8	16419800	11.8	2385	大北农	SZ
237	5/29/13	12.34	12.4	11.98	12.14	14836400	12.14	2385	大北农	SZ
238	5/28/13	12.5	12.8	12.19	12.32	12109600	12.32	2385	大北农	SZ
239	5/27/13	12.11	12.63	12.02	12.54	13267800	6.19	2385	大北农	SZ
240	5/24/13	12.34	12.41	12.04	12.17	7382100	6.01	2385	大北农	SZ
241	5/23/13	12.01	12.4	11.98	12.21	7742500	6.03	2385	大北农	SZ
242	5/22/13	12.47	12.6	11.92	12.01	12051800	5.93	2385	大北农	SZ
243	5/21/13	12.51	12.61	12.35	12.48	7213700	6.16	2385	大北农	SZ
244	5/20/13	12.15	12.66	12.15	12.45	9954800	6.15	2385	大北农	SZ
245	5/17/13	12.06	12.26	12.02	12.21	7629300	6.03	2385	大北农	SZ
246	5/16/13	11.73	12.33	11.73	12.14	13828600	6	2385	大北农	SZ
247	5/15/13	11.43	11.76	11.4	11.72	8201500	5.79	2385	大北农	SZ
248	5/14/13	11.47	11.63	11.41	11.42	6398800	5.64	2385	大北农	SZ
249	5/13/13	11.41	11.54	11.31	11.54	6821200	5.7	2385	大北农	SZ
250	5/10/13	11.46	11.56	11.14	11.43	8120300	5.64	2385	大北农	SZ
251	5/9/13	11.61	11.76	11.43	11.57	8104100	5.71	2385	大北农	SZ
252	5/8/13	11.8	11.9	11.56	11.67	4881600	5.76	2385	大北农	SZ
253	5/7/13	11.48	11.66	11.41	11.66	7136800	5.76	2385	大北农	SZ
254	5/6/13	11.36	11.64	11.33	11.59	7350000	5.72	2385	大北农	SZ
255	5/3/13	11.31	11.5	11.3	11.38	4859900	5.62	2385	大北农	SZ
256	5/2/13	11.03	11.33	10.96	11.3	6163100	5.58	2385	大北农	SZ
257	5/1/13	11.28	11.28	11.28	11.28	0	5.57	2385	大北农	SZ
258	4/30/13	11.28	11.28	11.28	11.28	0	5.57	2385	大北农	SZ
259	4/29/13	11.28	11.28	11.28	11.28	0	5.57	2385	大北农	SZ
260	4/26/13	11.54	11.55	11.26	11.28	8976200	5.57	2385	大北农	SZ
261	4/25/13	11.3	11.65	11.21	11.45	10719000	5.65	2385	大北农	SZ
262	4/24/13	10.93	11.43	10.86	11.3	7884500	5.58	2385	大北农	SZ
263	4/23/13	11.27	11.27	10.87	10.98	11043200	5.42	2385	大北农	SZ
264	4/22/13	11.21	11.41	10.96	11.26	12303700	5.56	2385	大北农	SZ
265	4/19/13	10.66	11.16	10.66	11.15	16420900	5.51	2385	大北农	SZ
266	4/18/13	10.31	10.66	10.28	10.66	8517600	5.26	2385	大北农	SZ
267	4/17/13	10.37	10.42	10.05	10.36	11783500	5.11	2385	大北农	SZ
268	4/16/13	10.6	10.6	10.01	10.37	17874000	5.12	2385	大北农	SZ
269	4/15/13	10.5	10.71	10.23	10.66	10735700	5.26	2385	大北农	SZ
270	4/12/13	10.63	10.7	10.55	10.56	3370200	5.21	2385	大北农	SZ
271	4/11/13	10.68	10.75	10.54	10.59	7911400	5.23	2385	大北农	SZ
272	4/10/13	10.51	10.74	10.46	10.58	8426900	5.22	2385	大北农	SZ
273	4/9/13	10.31	10.62	10.31	10.55	21655500	5.21	2385	大北农	SZ
274	4/8/13	9.95	10.25	9.58	10.04	20422700	4.96	2385	大北农	SZ
275	4/5/13	10.36	10.36	10.36	10.36	0	5.11	2385	大北农	SZ
276	4/4/13	10.36	10.36	10.36	10.36	0	5.11	2385	大北农	SZ
277	4/3/13	10.57	10.68	9.86	10.36	19513400	5.11	2385	大北农	SZ
278	4/2/13	11.06	11.08	10.41	10.56	15753200	5.21	2385	大北农	SZ
279	4/1/13	10.41	11.19	10.36	11.12	13949500	5.49	2385	大北农	SZ
280	3/29/13	11.04	11.04	10.51	10.56	13073000	5.21	2385	大北农	SZ
281	3/28/13	11.26	11.26	10.91	10.91	11115200	5.39	2385	大北农	SZ
282	3/27/13	11.15	11.43	11.08	11.38	8452000	5.62	2385	大北农	SZ
283	3/26/13	11.51	11.51	10.96	11.21	16787600	5.53	2385	大北农	SZ
284	3/25/13	11.93	12.03	11.44	11.5	24695500	5.68	2385	大北农	SZ
285	3/22/13	12.08	12.15	11.73	11.92	7539500	5.88	2385	大北农	SZ
286	3/21/13	12.03	12.29	11.99	12.11	9173600	5.98	2385	大北农	SZ
287	3/20/13	11.65	11.96	11.58	11.96	7602200	5.9	2385	大北农	SZ
288	3/19/13	11.82	11.86	11.52	11.65	5473900	5.75	2385	大北农	SZ
289	3/18/13	11.82	11.93	11.61	11.71	5618700	5.78	2385	大北农	SZ
290	3/15/13	11.81	12.09	11.69	11.81	7047600	5.83	2385	大北农	SZ
291	3/14/13	11.59	12.01	11.52	11.76	7044200	5.81	2385	大北农	SZ
292	3/13/13	12.01	12.01	11.62	11.74	13232200	5.8	2385	大北农	SZ
293	3/12/13	12.28	12.49	12	12.01	10111800	5.93	2385	大北农	SZ
294	3/11/13	12.21	12.61	11.86	12.46	9245700	6.15	2385	大北农	SZ
295	3/8/13	12.51	12.55	12.13	12.22	7763200	6.03	2385	大北农	SZ
296	3/7/13	12.66	12.74	12.46	12.52	8520200	6.18	2385	大北农	SZ
297	3/6/13	12.83	12.95	12.5	12.86	10397100	6.35	2385	大北农	SZ
298	3/5/13	12.73	12.9	12.46	12.86	10357200	6.35	2385	大北农	SZ
299	3/4/13	12.66	13.11	12.56	12.72	15440700	6.28	2385	大北农	SZ
300	3/1/13	12.56	12.84	12.36	12.67	14546700	6.26	2385	大北农	SZ
301	2/28/13	12.91	12.91	12.06	12.76	25704800	6.3	2385	大北农	SZ
302	2/27/13	12.96	13.19	12.76	13.03	9325100	6.44	2385	大北农	SZ
303	2/26/13	13	13.47	12.76	12.96	18437600	6.4	2385	大北农	SZ
304	2/25/13	12.25	13.05	12.25	13.01	16234200	6.42	2385	大北农	SZ
305	2/22/13	11.91	12.41	11.91	12.25	9969300	6.05	2385	大北农	SZ
306	2/21/13	12.03	12.31	11.91	11.96	10675800	5.91	2385	大北农	SZ
307	2/20/13	11.85	12.18	11.71	12.17	8603000	6.01	2385	大北农	SZ
308	2/19/13	12.01	12.13	11.75	11.81	6696000	5.83	2385	大北农	SZ
309	2/18/13	11.96	12.11	11.95	11.97	7674700	5.91	2385	大北农	SZ
310	2/15/13	11.95	11.95	11.95	11.95	0	5.9	2385	大北农	SZ
311	2/14/13	11.95	11.95	11.95	11.95	0	5.9	2385	大北农	SZ
312	2/13/13	11.95	11.95	11.95	11.95	0	5.9	2385	大北农	SZ
313	2/12/13	11.95	11.95	11.95	11.95	0	5.9	2385	大北农	SZ
314	2/11/13	11.95	11.95	11.95	11.95	0	5.9	2385	大北农	SZ
315	2/8/13	11.79	12.24	11.79	11.95	10875400	5.9	2385	大北农	SZ
316	2/7/13	11.52	11.85	11.51	11.83	8345300	5.84	2385	大北农	SZ
317	2/6/13	11.25	11.68	11.19	11.56	10437400	5.71	2385	大北农	SZ
318	2/5/13	11.07	11.31	10.84	11.31	14961900	5.58	2385	大北农	SZ
319	2/4/13	11.54	11.56	11.01	11.11	18114900	5.48	2385	大北农	SZ
320	2/1/13	11.49	11.7	11.41	11.51	14293100	5.68	2385	大北农	SZ
321	1/31/13	11.75	11.76	11.3	11.43	17412500	5.64	2385	大北农	SZ
322	1/30/13	11.8	11.88	11.67	11.76	4653100	5.81	2385	大北农	SZ
323	1/29/13	11.88	12.2	11.76	11.8	8612400	5.82	2385	大北农	SZ
324	1/28/13	11.42	11.9	11.31	11.87	9788700	5.86	2385	大北农	SZ
325	1/25/13	11.43	11.76	11.43	11.46	7403500	5.66	2385	大北农	SZ
326	1/24/13	11.9	12.14	11.11	11.42	12414200	5.64	2385	大北农	SZ
327	1/23/13	11.83	11.83	11.51	11.71	10220400	5.78	2385	大北农	SZ
328	1/22/13	12.16	12.16	11.65	11.91	15252000	5.88	2385	大北农	SZ
329	1/21/13	12.51	12.53	12.01	12.14	6645900	6	2385	大北农	SZ
330	1/18/13	12.18	12.51	12.04	12.43	11231200	6.14	2385	大北农	SZ
331	1/17/13	12.09	12.51	11.91	12.1	8760700	5.98	2385	大北农	SZ
332	1/16/13	12.26	12.35	11.89	12.12	12496700	5.99	2385	大北农	SZ
333	1/15/13	11.73	12.28	11.73	12.24	17346700	6.04	2385	大北农	SZ
334	1/14/13	11.19	11.7	11.16	11.66	12236500	5.76	2385	大北农	SZ
335	1/11/13	11.36	11.4	11.15	11.28	7426400	5.57	2385	大北农	SZ
336	1/10/13	11.26	11.49	11.11	11.38	10716900	5.62	2385	大北农	SZ
337	1/9/13	10.96	11.41	10.86	11.28	14661300	5.57	2385	大北农	SZ
338	1/8/13	10.36	10.91	10.36	10.91	10134900	5.39	2385	大北农	SZ
339	1/7/13	10.6	10.6	10.06	10.5	4986800	5.19	2385	大北农	SZ
340	1/4/13	10.81	10.86	10.43	10.52	6169900	5.19	2385	大北农	SZ
341	1/3/13	10.81	10.81	10.81	10.81	0	5.34	2385	大北农	SZ
342	1/2/13	10.81	10.81	10.81	10.81	0	5.34	2385	大北农	SZ
343	1/1/13	10.81	10.81	10.81	10.81	0	5.34	2385	大北农	SZ
344	12/31/12	10.76	11	10.71	10.81	8628500	5.34	2385	大北农	SZ
345	12/28/12	10.81	10.91	10.63	10.76	4508600	5.31	2385	大北农	SZ
346	12/27/12	10.93	10.97	10.6	10.85	13218700	5.36	2385	大北农	SZ
347	12/26/12	10.86	11.04	10.71	10.97	9536700	5.41	2385	大北农	SZ
348	12/25/12	10.51	10.86	10.43	10.86	11135100	5.36	2385	大北农	SZ
349	12/24/12	10.29	10.61	10.17	10.49	11032200	5.18	2385	大北农	SZ
350	12/21/12	10.12	10.31	10.03	10.21	10692100	5.04	2385	大北农	SZ
351	12/20/12	10.28	10.3	10.04	10.12	6926400	5	2385	大北农	SZ
352	12/19/12	10.51	10.56	10.2	10.27	5716600	5.07	2385	大北农	SZ
353	12/18/12	10.31	10.7	10.31	10.49	7238600	5.18	2385	大北农	SZ
354	12/17/12	10.66	10.85	10.31	10.41	7938000	5.14	2385	大北农	SZ
355	12/14/12	10.26	10.7	10.26	10.62	11002500	5.24	2385	大北农	SZ
356	12/13/12	10.45	10.45	10.26	10.26	3249500	5.06	2385	大北农	SZ
357	12/12/12	10.43	10.5	10.31	10.45	4707100	5.16	2385	大北农	SZ
358	12/11/12	10.08	10.56	10.08	10.49	6938900	5.18	2385	大北农	SZ
359	12/10/12	10.31	10.58	10.25	10.35	15716800	5.11	2385	大北农	SZ
360	12/7/12	9.88	10.34	9.82	10.22	15649200	5.05	2385	大北农	SZ
361	12/6/12	9.7	9.97	9.59	9.94	5762300	4.91	2385	大北农	SZ
362	12/5/12	9.33	9.81	9.25	9.7	11940100	4.79	2385	大北农	SZ
363	12/4/12	9.34	9.43	9.01	9.33	10245700	4.61	2385	大北农	SZ
364	12/3/12	9.35	9.55	9.33	9.34	5092200	4.61	2385	大北农	SZ
365	11/30/12	9.6	9.66	9.33	9.58	5976400	4.73	2385	大北农	SZ
366	11/29/12	9.53	9.73	9.53	9.65	3387700	4.77	2385	大北农	SZ
367	11/28/12	9.41	9.65	9.26	9.53	5651700	4.71	2385	大北农	SZ
368	11/27/12	9.93	9.93	9.55	9.6	8511200	4.74	2385	大北农	SZ
369	11/26/12	10.14	10.19	9.98	9.98	2224800	4.93	2385	大北农	SZ
370	11/23/12	10.05	10.16	10.04	10.13	2461600	5	2385	大北农	SZ
371	11/22/12	9.91	10.1	9.86	10.05	3256500	4.96	2385	大北农	SZ
372	11/21/12	9.97	10.11	9.8	9.95	4177100	4.91	2385	大北农	SZ
373	11/20/12	9.79	10.01	9.76	9.98	5282800	4.93	2385	大北农	SZ
374	11/19/12	9.77	9.9	9.55	9.76	5875300	4.82	2385	大北农	SZ
375	11/16/12	9.77	9.91	9.55	9.76	5133100	4.82	2385	大北农	SZ
376	11/15/12	9.77	9.91	9.76	9.82	3155800	4.85	2385	大北农	SZ
377	11/14/12	9.9	9.9	9.76	9.81	3300700	4.84	2385	大北农	SZ
378	11/13/12	9.92	9.96	9.76	9.81	2971000	4.84	2385	大北农	SZ
379	11/12/12	9.93	10.11	9.9	9.95	2655500	4.91	2385	大北农	SZ
380	11/9/12	9.96	10.06	9.89	9.93	2712300	4.9	2385	大北农	SZ
381	11/8/12	10.05	10.08	9.91	9.96	3638600	4.92	2385	大北农	SZ
382	11/7/12	10.12	10.16	10	10.05	5441200	4.96	2385	大北农	SZ
383	11/6/12	10.11	10.11	9.99	10.08	4929900	4.98	2385	大北农	SZ
384	11/5/12	10.41	10.48	10.02	10.16	7778000	5.01	2385	大北农	SZ
385	11/2/12	10.46	10.5	10.36	10.41	3455000	5.14	2385	大北农	SZ
386	11/1/12	10.45	10.51	10.31	10.5	7886500	5.19	2385	大北农	SZ
387	10/31/12	10.38	10.4	10.21	10.36	3137600	5.11	2385	大北农	SZ
388	10/30/12	10.35	10.51	10.26	10.31	3882200	5.09	2385	大北农	SZ
389	10/29/12	10.26	10.44	10.11	10.36	3118500	5.12	2385	大北农	SZ
390	10/26/12	10.73	10.73	10.37	10.45	4047800	5.16	2385	大北农	SZ
391	10/25/12	10.76	10.81	10.61	10.71	2682400	5.29	2385	大北农	SZ
392	10/24/12	10.9	10.9	10.65	10.76	2983700	5.31	2385	大北农	SZ
393	10/23/12	10.94	10.94	10.76	10.83	3108600	5.35	2385	大北农	SZ
394	10/22/12	10.97	11.05	10.79	10.95	3815000	5.41	2385	大北农	SZ
395	10/19/12	10.78	11	10.64	10.97	4635300	5.42	2385	大北农	SZ
396	10/18/12	10.73	10.79	10.64	10.74	3763400	5.3	2385	大北农	SZ
397	10/17/12	10.66	10.77	10.52	10.65	3570900	5.26	2385	大北农	SZ
398	10/16/12	10.46	10.77	10.26	10.7	5575100	5.28	2385	大北农	SZ
399	10/15/12	10.86	10.91	10.43	10.46	9767000	5.16	2385	大北农	SZ
400	10/12/12	10.95	11.12	10.81	10.96	5443200	5.41	2385	大北农	SZ
401	10/11/12	11.01	11.36	10.81	10.91	9385200	5.39	2385	大北农	SZ
402	10/10/12	10.91	11.17	10.82	11.13	8518300	5.5	2385	大北农	SZ
403	10/9/12	10.58	10.91	10.57	10.88	10957700	5.37	2385	大北农	SZ
404	10/8/12	10.68	10.81	10.42	10.59	4066300	5.23	2385	大北农	SZ
405	10/5/12	10.68	10.68	10.68	10.68	0	5.27	2385	大北农	SZ
406	10/4/12	10.68	10.68	10.68	10.68	0	5.27	2385	大北农	SZ
407	10/3/12	10.68	10.68	10.68	10.68	0	5.27	2385	大北农	SZ
408	10/2/12	10.68	10.68	10.68	10.68	0	5.27	2385	大北农	SZ
409	10/1/12	10.68	10.68	10.68	10.68	0	5.27	2385	大北农	SZ
410	9/28/12	10.4	10.68	10.31	10.68	6817000	5.27	2385	大北农	SZ
411	9/27/12	10.31	10.63	10.12	10.48	7145100	5.17	2385	大北农	SZ
412	9/26/12	10.6	10.6	10.31	10.33	5541300	5.1	2385	大北农	SZ
413	9/25/12	10.4	10.66	10.35	10.6	8474100	5.23	2385	大北农	SZ
414	9/24/12	10.15	10.35	10.09	10.31	5664100	5.09	2385	大北农	SZ
415	9/21/12	10	10.19	9.91	10.19	3201700	5.03	2385	大北农	SZ
416	9/20/12	10.1	10.35	9.96	10.01	6108200	4.94	2385	大北农	SZ
417	9/19/12	10.01	10.23	9.96	10.23	3642800	5.05	2385	大北农	SZ
418	9/18/12	10.01	10.15	9.82	10.13	5282000	5	2385	大北农	SZ
419	9/17/12	10.31	10.51	9.87	10.14	7458500	5.01	2385	大北农	SZ
420	9/14/12	10.33	10.54	10.08	10.35	6985600	5.11	2385	大北农	SZ
421	9/13/12	10.41	10.58	10.31	10.33	7028800	5.1	2385	大北农	SZ
422	9/12/12	10.45	10.61	10.24	10.51	8369900	5.19	2385	大北农	SZ
423	9/11/12	10.48	10.48	10.26	10.41	5027300	5.14	2385	大北农	SZ
424	9/10/12	10.18	10.56	10.06	10.48	10886100	5.17	2385	大北农	SZ
425	9/7/12	9.93	10.18	9.75	10.14	15502900	5	2385	大北农	SZ
426	9/6/12	9.55	9.86	9.47	9.85	8327100	4.86	2385	大北农	SZ
427	9/5/12	8.7	9.56	8.7	9.56	14323300	4.72	2385	大北农	SZ
428	9/4/12	9.11	9.11	9.11	9.11	0	4.5	2385	大北农	SZ
429	9/3/12	9.11	9.11	9.11	9.11	0	4.5	2385	大北农	SZ
430	8/31/12	9.11	9.11	9.11	9.11	0	4.5	2385	大北农	SZ
431	8/30/12	9.15	9.23	9	9.11	6442000	4.5	2385	大北农	SZ
432	8/29/12	9.33	9.39	9.11	9.14	5833500	4.52	2385	大北农	SZ
433	8/28/12	9.25	9.52	9.25	9.33	5839200	4.61	2385	大北农	SZ
434	8/27/12	9.39	9.58	9.28	9.31	5319700	4.6	2385	大北农	SZ
435	8/24/12	9.96	10	9.08	9.5	19501500	4.69	2385	大北农	SZ
436	8/23/12	9.91	10.04	9.63	9.95	7571100	4.91	2385	大北农	SZ
437	8/22/12	10.1	10.1	9.94	10.01	6814000	4.94	2385	大北农	SZ
438	8/21/12	9.88	10.11	9.72	10.06	7651500	4.97	2385	大北农	SZ
439	8/20/12	9.61	10.01	9.43	9.9	6751700	4.89	2385	大北农	SZ
440	8/17/12	9.62	9.81	9.62	9.73	11663500	4.8	2385	大北农	SZ
441	8/16/12	9.89	9.99	9.5	9.6	11232600	4.74	2385	大北农	SZ
442	8/15/12	9.84	10.01	9.77	9.92	11511300	4.9	2385	大北农	SZ
443	8/14/12	10.83	10.86	9.81	9.93	31208700	4.9	2385	大北农	SZ
444	8/13/12	10.91	11.18	10.8	10.9	10269200	5.38	2385	大北农	SZ
445	8/10/12	11.01	11.08	10.89	10.97	7470200	5.41	2385	大北农	SZ
446	8/9/12	10.83	11.12	10.76	11.04	12779700	5.45	2385	大北农	SZ
447	8/8/12	10.95	10.96	10.7	10.88	9920100	5.37	2385	大北农	SZ
448	8/7/12	10.84	11	10.71	10.96	15011600	5.41	2385	大北农	SZ
449	8/6/12	10.4	10.88	10.29	10.84	15424300	5.35	2385	大北农	SZ
450	8/3/12	10.17	10.34	10.07	10.34	10961900	5.11	2385	大北农	SZ
451	8/2/12	10.29	10.44	10.02	10.1	12154000	4.99	2385	大北农	SZ
452	8/1/12	10.15	10.43	10.15	10.26	10734400	5.06	2385	大北农	SZ
453	7/31/12	10.07	10.23	9.89	10.14	9171800	5.01	2385	大北农	SZ
454	7/30/12	10.25	10.41	10.08	10.11	9039700	4.99	2385	大北农	SZ
455	7/27/12	10.2	10.31	9.96	10.28	17180900	5.08	2385	大北农	SZ
456	7/26/12	10.67	10.76	10.2	10.21	25632900	5.04	2385	大北农	SZ
457	7/25/12	10.76	10.95	10.66	10.71	8702300	5.29	2385	大北农	SZ
458	7/24/12	10.79	10.92	10.56	10.84	13341800	5.35	2385	大北农	SZ
459	7/23/12	10.78	11.11	10.69	10.93	13943500	5.4	2385	大北农	SZ
460	7/20/12	11.21	11.23	10.74	10.91	20731300	5.39	2385	大北农	SZ
461	7/19/12	11.46	11.67	11.18	11.22	14684000	5.54	2385	大北农	SZ
462	7/18/12	11.28	11.46	11.05	11.46	18243500	5.66	2385	大北农	SZ
463	7/17/12	11.72	11.72	11.08	11.36	22099800	5.61	2385	大北农	SZ
464	7/16/12	11.37	11.76	11.36	11.56	22669400	5.71	2385	大北农	SZ
465	7/13/12	11.25	11.56	11.16	11.36	14771200	5.61	2385	大北农	SZ
466	7/12/12	10.82	11.76	10.76	11.26	34066500	5.56	2385	大北农	SZ
467	7/11/12	10.51	10.95	10.51	10.91	23196300	5.39	2385	大北农	SZ
468	7/10/12	11.04	11.3	10.53	10.65	26473000	5.26	2385	大北农	SZ
469	7/9/12	10.67	11.38	10.67	11.14	28097900	5.5	2385	大北农	SZ
470	7/6/12	10.56	11.16	10.53	10.76	38546900	5.31	2385	大北农	SZ
471	7/5/12	10.26	10.56	10.26	10.41	15813600	5.14	2385	大北农	SZ
472	7/4/12	10.51	10.56	10.28	10.46	23356200	5.16	2385	大北农	SZ
473	7/3/12	10.26	10.59	10.22	10.49	36028200	5.18	2385	大北农	SZ
474	7/2/12	9.7	10.34	9.68	10.31	49711800	5.09	2385	大北农	SZ
475	6/29/12	9.36	9.73	9.36	9.7	41068500	4.79	2385	大北农	SZ
476	6/28/12	9.17	9.5	9.17	9.35	12921100	4.62	2385	大北农	SZ
477	6/27/12	9.22	9.32	9.1	9.16	5087200	4.52	2385	大北农	SZ
478	6/26/12	9.23	9.25	9.05	9.2	4174900	4.55	2385	大北农	SZ
479	6/25/12	9.22	9.34	9.07	9.26	5447600	4.57	2385	大北农	SZ
480	6/22/12	9.28	9.28	9.28	9.28	0	4.58	2385	大北农	SZ
481	6/21/12	9.35	9.4	9.08	9.28	5302900	4.58	2385	大北农	SZ
482	6/20/12	9.48	9.48	9.28	9.4	3692000	4.64	2385	大北农	SZ
483	6/19/12	9.4	9.5	9.34	9.39	8165600	4.64	2385	大北农	SZ
484	6/18/12	9.36	9.48	9.35	9.4	7255000	4.64	2385	大北农	SZ
485	6/15/12	9.38	9.38	9.23	9.35	6098600	4.62	2385	大北农	SZ
486	6/14/12	9.4	9.49	9.32	9.36	9567400	4.62	2385	大北农	SZ
487	6/13/12	9.25	9.43	9.21	9.39	24118700	4.64	2385	大北农	SZ
488	6/12/12	8.95	9.26	8.95	9.25	22999000	4.57	2385	大北农	SZ
489	6/11/12	8.84	9.04	8.75	9.03	6510300	4.46	2385	大北农	SZ
490	6/8/12	8.8	8.81	8.62	8.8	9019900	4.35	2385	大北农	SZ
491	6/7/12	8.59	8.74	8.59	8.73	6224900	4.31	2385	大北农	SZ
492	6/6/12	8.55	8.62	8.32	8.55	6188200	4.22	2385	大北农	SZ
493	6/5/12	8.5	8.63	8.49	8.6	6888200	4.25	2385	大北农	SZ
494	6/4/12	8.72	8.72	8.72	8.72	0	4.31	2385	大北农	SZ
495	6/1/12	8.9	8.93	8.7	8.72	6440100	4.31	2385	大北农	SZ
496	5/31/12	8.84	8.93	8.8	8.9	5755400	4.4	2385	大北农	SZ
497	5/30/12	9.1	9.12	8.8	8.88	10078100	4.38	2385	大北农	SZ
498	5/29/12	9	9.13	8.88	9.1	5233600	4.5	2385	大北农	SZ
499	5/28/12	8.88	9	8.79	8.98	3886600	4.43	2385	大北农	SZ
500	5/25/12	9	9.08	8.85	8.9	2808400	4.4	2385	大北农	SZ
501	5/24/12	9.13	9.18	8.92	9	6183100	4.45	2385	大北农	SZ
502	5/23/12	9.18	9.2	9.06	9.14	6257500	4.52	2385	大北农	SZ
503	5/22/12	9.05	9.15	8.99	9.13	6282700	4.51	2385	大北农	SZ
504	5/21/12	8.95	9.07	8.89	9	3962900	4.44	2385	大北农	SZ
505	5/18/12	9.08	9.08	8.84	8.98	3427700	4.43	2385	大北农	SZ
506	5/17/12	8.96	9.12	8.83	9.09	4551200	4.49	2385	大北农	SZ
507	5/16/12	9.05	9.18	8.95	8.96	6238400	4.42	2385	大北农	SZ
508	5/15/12	9	9.19	8.98	9.11	6656600	4.5	2385	大北农	SZ
509	5/14/12	9.25	9.25	8.99	9.08	4879900	4.48	2385	大北农	SZ
510	5/11/12	9.12	9.25	9.06	9.18	4146500	4.54	2385	大北农	SZ
511	5/10/12	9.18	9.24	9.01	9.18	9008400	4.53	2385	大北农	SZ
512	5/9/12	9.4	9.4	9.14	9.18	9495200	4.53	2385	大北农	SZ
513	5/8/12	9.58	9.6	9.35	9.44	11080300	4.66	2385	大北农	SZ
514	5/7/12	9.33	9.66	9.26	9.57	17243500	4.73	2385	大北农	SZ
515	5/4/12	9	9.39	9	9.33	9482000	4.61	2385	大北农	SZ
516	5/3/12	9.15	9.42	9.13	9.2	17419000	2.21	2385	大北农	SZ
517	5/2/12	8.98	9.19	8.9	9.15	13260000	2.19	2385	大北农	SZ
518	5/1/12	8.87	8.87	8.87	8.87	0	2.13	2385	大北农	SZ
519	4/30/12	8.87	8.87	8.87	8.87	0	2.13	2385	大北农	SZ
520	4/27/12	8.77	8.92	8.72	8.87	4801700	2.13	2385	大北农	SZ
521	4/26/12	8.77	8.89	8.75	8.77	3009600	2.1	2385	大北农	SZ
522	4/25/12	8.77	8.87	8.72	8.84	3680800	2.12	2385	大北农	SZ
523	4/24/12	8.64	8.77	8.44	8.75	7604900	2.1	2385	大北农	SZ
524	4/23/12	8.85	8.9	8.5	8.64	10171800	2.07	2385	大北农	SZ
525	4/20/12	8.81	8.81	8.81	8.81	0	2.11	2385	大北农	SZ
526	4/19/12	8.9	8.9	8.73	8.81	6495600	2.11	2385	大北农	SZ
527	4/18/12	8.93	8.95	8.73	8.9	6355800	2.13	2385	大北农	SZ
528	4/17/12	8.75	8.94	8.75	8.86	5539600	2.12	2385	大北农	SZ
529	4/16/12	8.7	8.84	8.58	8.78	6963800	2.1	2385	大北农	SZ
530	4/13/12	8.58	8.74	8.47	8.73	5404100	2.09	2385	大北农	SZ
531	4/12/12	8.41	8.55	8.39	8.5	6320400	2.04	2385	大北农	SZ
532	4/11/12	8.47	8.5	8.27	8.46	7040500	2.03	2385	大北农	SZ
533	4/10/12	8.48	8.62	8.19	8.62	10825100	2.07	2385	大北农	SZ
534	4/9/12	8.78	8.78	8.43	8.5	11313900	2.04	2385	大北农	SZ
535	4/6/12	8.89	8.89	8.71	8.78	9489800	2.1	2385	大北农	SZ
536	4/5/12	8.72	8.96	8.72	8.89	13253300	2.13	2385	大北农	SZ
537	4/4/12	8.72	8.72	8.72	8.72	0	2.09	2385	大北农	SZ
538	4/3/12	8.72	8.72	8.72	8.72	0	2.09	2385	大北农	SZ
539	4/2/12	8.72	8.72	8.72	8.72	0	2.09	2385	大北农	SZ
540	3/30/12	8.68	8.8	8.66	8.72	6156000	2.09	2385	大北农	SZ
541	3/29/12	8.65	8.75	8.6	8.69	4040700	2.08	2385	大北农	SZ
542	3/28/12	8.82	8.93	8.45	8.68	7949300	2.08	2385	大北农	SZ
543	3/27/12	8.8	9.23	8.8	8.93	12132900	2.14	2385	大北农	SZ
544	3/26/12	8.63	8.67	8.53	8.62	2487400	2.07	2385	大北农	SZ
545	3/23/12	8.72	8.75	8.5	8.63	4899900	2.07	2385	大北农	SZ
546	3/22/12	8.73	8.95	8.71	8.73	10654100	2.09	2385	大北农	SZ
547	3/21/12	8.83	8.85	8.53	8.75	4847900	2.1	2385	大北农	SZ
548	3/20/12	8.84	8.98	8.68	8.69	3903700	2.08	2385	大北农	SZ
549	3/19/12	8.86	9.05	8.75	8.92	12423300	2.14	2385	大北农	SZ
550	3/16/12	8.63	8.87	8.61	8.86	6793100	2.12	2385	大北农	SZ
551	3/15/12	8.58	8.72	8.5	8.65	11454800	2.07	2385	大北农	SZ
552	3/14/12	8.75	8.95	8.43	8.57	13331800	2.05	2385	大北农	SZ
553	3/13/12	8.56	8.76	8.56	8.74	5653400	2.09	2385	大北农	SZ
554	3/12/12	8.55	8.69	8.51	8.59	5576800	2.06	2385	大北农	SZ
555	3/9/12	8.62	8.77	8.5	8.59	8621100	2.06	2385	大北农	SZ
556	3/8/12	8.58	8.65	8.51	8.57	4059100	2.05	2385	大北农	SZ
557	3/7/12	8.44	8.67	8.42	8.55	8214100	2.05	2385	大北农	SZ
558	3/6/12	8.54	8.54	8.38	8.45	5579300	2.03	2385	大北农	SZ
559	3/5/12	8.61	8.86	8.54	8.54	8367600	2.05	2385	大北农	SZ
560	3/2/12	8.6	8.67	8.52	8.6	6255900	2.06	2385	大北农	SZ
561	3/1/12	8.43	8.57	8.38	8.52	11739900	2.04	2385	大北农	SZ
562	2/29/12	8.43	8.55	8.34	8.45	7662300	2.03	2385	大北农	SZ
563	2/28/12	8.3	8.53	8.18	8.45	13731200	2.03	2385	大北农	SZ
564	2/27/12	8.11	8.39	8.11	8.3	9591600	1.99	2385	大北农	SZ
565	2/24/12	8.13	8.15	7.98	8.11	6631100	1.94	2385	大北农	SZ
566	2/23/12	8.12	8.2	8.09	8.11	3142600	1.94	2385	大北农	SZ
567	2/22/12	8.01	8.15	7.98	8.12	4554800	1.95	2385	大北农	SZ
568	2/21/12	8.1	8.1	7.91	8.03	4917000	1.93	2385	大北农	SZ
569	2/20/12	8.17	8.17	8	8.05	6466100	1.93	2385	大北农	SZ
570	2/17/12	8.01	8.1	7.93	7.99	2939600	1.92	2385	大北农	SZ
571	2/16/12	8	8.01	7.88	8	6194100	1.92	2385	大北农	SZ
572	2/15/12	8	8.11	7.87	8.01	5825400	1.92	2385	大北农	SZ
573	2/14/12	7.8	8.03	7.8	8	6045800	1.92	2385	大北农	SZ
574	2/13/12	7.5	7.86	7.47	7.8	6093500	1.87	2385	大北农	SZ
575	2/10/12	7.47	7.65	7.46	7.58	4153300	1.82	2385	大北农	SZ
576	2/9/12	7.57	7.65	7.51	7.53	4197800	1.8	2385	大北农	SZ
577	2/8/12	7.45	7.6	7.41	7.57	5234400	1.81	2385	大北农	SZ
578	2/7/12	7.39	7.51	7.18	7.45	7194900	1.79	2385	大北农	SZ
579	2/6/12	7.36	7.47	7.33	7.47	4780400	1.79	2385	大北农	SZ
580	2/3/12	7.35	7.4	7.22	7.36	5297800	1.76	2385	大北农	SZ
581	2/2/12	7.39	7.5	7.27	7.37	10621100	1.77	2385	大北农	SZ
582	2/1/12	7.16	7.35	7.14	7.3	8022400	1.75	2385	大北农	SZ
583	1/31/12	7.14	7.24	7.13	7.22	2814300	1.73	2385	大北农	SZ
584	1/30/12	7.35	7.4	7.12	7.13	4703200	1.71	2385	大北农	SZ
585	1/27/12	7.28	7.28	7.28	7.28	0	1.74	2385	大北农	SZ
586	1/26/12	7.28	7.28	7.28	7.28	0	1.74	2385	大北农	SZ
587	1/25/12	7.28	7.28	7.28	7.28	0	1.74	2385	大北农	SZ
588	1/24/12	7.28	7.28	7.28	7.28	0	1.74	2385	大北农	SZ
589	1/23/12	7.28	7.28	7.28	7.28	0	1.74	2385	大北农	SZ
590	1/20/12	6.95	7.3	6.95	7.28	6580300	1.74	2385	大北农	SZ
591	1/19/12	6.76	7	6.72	6.93	4813600	1.66	2385	大北农	SZ
592	1/18/12	7.38	7.4	6.63	6.74	10578800	1.62	2385	大北农	SZ
593	1/17/12	7.16	7.39	7.08	7.35	11942900	1.76	2385	大北农	SZ
594	1/16/12	7.2	7.45	7.01	7.16	3333700	1.72	2385	大北农	SZ
595	1/13/12	7.42	7.45	7	7.23	7011000	1.73	2385	大北农	SZ
596	1/12/12	7.37	7.57	7.29	7.34	7656600	1.76	2385	大北农	SZ
597	1/11/12	7.47	7.47	7.47	7.47	0	1.79	2385	大北农	SZ
598	1/10/12	7.03	7.51	7.03	7.47	10991200	1.79	2385	大北农	SZ
599	1/9/12	6.77	7	6.68	6.99	7181400	1.68	2385	大北农	SZ
600	1/6/12	7.17	7.29	6.48	6.77	15148900	1.62	2385	大北农	SZ
601	1/5/12	7.88	7.98	7.15	7.16	7932900	1.72	2385	大北农	SZ
602	1/4/12	8.08	8.18	7.91	7.91	5049900	1.9	2385	大北农	SZ
603	1/3/12	7.78	8.13	7.78	8.13	5933900	1.95	2385	大北农	SZ
604	1/2/12	7.78	8.13	7.78	8.13	5933900	1.95	2385	大北农	SZ
605	12/30/11	7.78	8.13	7.78	8.13	5933900	1.95	2385	大北农	SZ
606	12/29/11	7.7	7.98	7.68	7.83	3239100	1.88	2385	大北农	SZ
607	12/28/11	7.77	8	7.48	7.78	6707600	1.86	2385	大北农	SZ
608	12/27/11	8.12	8.13	7.88	7.91	5654700	1.9	2385	大北农	SZ
609	12/26/11	8	8.22	7.92	8.09	5277000	1.94	2385	大北农	SZ
610	12/23/11	8	8.17	7.88	8.01	4056000	1.92	2385	大北农	SZ
611	12/22/11	8.24	8.24	7.91	8	5689900	1.92	2385	大北农	SZ
612	12/21/11	8.96	9	8.23	8.24	12719400	1.97	2385	大北农	SZ
613	12/20/11	8.93	8.97	8.82	8.9	3970400	2.13	2385	大北农	SZ
614	12/19/11	8.85	8.98	8.7	8.88	8031100	2.13	2385	大北农	SZ
615	12/16/11	8.68	8.99	8.65	8.99	3989200	2.15	2385	大北农	SZ
616	12/15/11	8.68	8.83	8.5	8.69	3426900	2.08	2385	大北农	SZ
617	12/14/11	8.65	9	8.65	8.7	2846900	2.08	2385	大北农	SZ
618	12/13/11	9.06	9.12	8.7	8.78	5092600	2.1	2385	大北农	SZ
619	12/12/11	9.43	9.43	9.05	9.14	1865600	2.19	2385	大北农	SZ
620	12/9/11	9.49	9.49	9.21	9.42	4612700	2.26	2385	大北农	SZ
621	12/8/11	9.34	9.5	9.12	9.5	4418800	2.28	2385	大北农	SZ
622	12/7/11	9.2	9.34	9.09	9.34	3341300	2.24	2385	大北农	SZ
623	12/6/11	8.98	9.22	8.95	9.22	3463500	2.21	2385	大北农	SZ
624	12/5/11	9.25	9.29	8.97	9.07	7517600	2.17	2385	大北农	SZ
625	12/2/11	9.63	9.64	9.19	9.3	11604700	2.23	2385	大北农	SZ
626	12/1/11	9.65	9.74	9.55	9.65	8176400	2.31	2385	大北农	SZ
627	11/30/11	9.73	9.75	9.4	9.47	7985600	2.27	2385	大北农	SZ
628	11/29/11	9.65	9.81	9.63	9.76	14637900	2.34	2385	大北农	SZ
629	11/28/11	9.55	9.74	9.55	9.62	11734500	2.31	2385	大北农	SZ
630	11/25/11	9.5	9.57	9.44	9.55	11318700	2.29	2385	大北农	SZ
631	11/24/11	9.45	9.5	9.36	9.5	10069600	2.28	2385	大北农	SZ
632	11/23/11	9.38	9.6	9.32	9.47	9562800	2.27	2385	大北农	SZ
633	11/22/11	9.18	9.18	9.18	9.18	0	2.2	2385	大北农	SZ
634	11/21/11	9.18	9.18	9.18	9.18	0	2.2	2385	大北农	SZ
635	11/18/11	9.26	9.3	9.13	9.18	4230400	2.2	2385	大北农	SZ
636	11/17/11	9.29	9.36	9.24	9.32	5082500	2.23	2385	大北农	SZ
637	11/16/11	9.46	9.46	9.18	9.35	7708900	2.24	2385	大北农	SZ
638	11/15/11	9.54	9.57	9.44	9.47	2664200	2.27	2385	大北农	SZ
639	11/14/11	9.52	9.63	9.45	9.54	5473800	2.29	2385	大北农	SZ
640	11/11/11	9.43	9.54	9.4	9.45	5961100	2.27	2385	大北农	SZ
641	11/10/11	9.32	9.51	9.25	9.48	11541000	2.27	2385	大北农	SZ
642	11/9/11	9.29	9.45	9.22	9.37	6836400	2.24	2385	大北农	SZ
643	11/8/11	9.49	9.51	9.29	9.29	8107500	2.23	2385	大北农	SZ
644	11/7/11	9.43	9.64	9.4	9.49	8832700	2.27	2385	大北农	SZ
645	11/4/11	9.18	9.58	9.18	9.46	12499100	2.27	2385	大北农	SZ
646	11/3/11	9.33	9.6	9.16	9.18	16971800	2.2	2385	大北农	SZ
647	11/2/11	9.11	9.38	8.99	9.32	10860800	2.23	2385	大北农	SZ
648	11/1/11	9.08	9.39	8.93	9.16	12636500	2.2	2385	大北农	SZ
649	10/31/11	9	9.3	8.92	9.13	11711000	2.19	2385	大北农	SZ
650	10/28/11	8.92	9.02	8.79	9	5845400	2.16	2385	大北农	SZ
651	10/27/11	9.04	9.04	8.88	8.9	4366000	2.13	2385	大北农	SZ
652	10/26/11	8.88	9.08	8.87	9.05	5753900	2.17	2385	大北农	SZ
653	10/25/11	8.82	9.05	8.75	9	8028700	2.16	2385	大北农	SZ
654	10/24/11	8.56	8.82	8.53	8.82	5411300	2.11	2385	大北农	SZ
655	10/21/11	8.56	8.58	8.38	8.54	4633300	2.05	2385	大北农	SZ
656	10/20/11	8.48	8.63	8.31	8.55	4659900	2.05	2385	大北农	SZ
657	10/19/11	8.47	8.5	8.38	8.5	2455900	2.04	2385	大北农	SZ
658	10/18/11	8.55	8.55	8.35	8.45	3997400	2.02	2385	大北农	SZ
659	10/17/11	8.52	8.68	8.47	8.56	5394300	2.05	2385	大北农	SZ
660	10/13/11	8.3	8.55	8.3	8.5	8278500	2.04	2385	大北农	SZ
661	10/12/11	8.13	8.35	8.12	8.3	9656100	1.99	2385	大北农	SZ
662	10/11/11	8.54	8.63	8.08	8.25	5773700	1.98	2385	大北农	SZ
663	10/10/11	8.58	8.58	8.38	8.47	2721900	2.03	2385	大北农	SZ
664	9/30/11	8.5	8.58	8.42	8.58	8093100	2.06	2385	大北农	SZ
665	9/29/11	8.68	8.68	8.26	8.6	3645700	2.06	2385	大北农	SZ
666	9/28/11	8.62	8.75	8.58	8.69	10079200	2.08	2385	大北农	SZ
667	9/27/11	8.56	8.61	8.4	8.58	5554200	2.06	2385	大北农	SZ
668	9/26/11	8.54	8.58	8.45	8.5	1947600	2.04	2385	大北农	SZ
669	9/23/11	8.43	8.58	8.27	8.58	2807100	2.06	2385	大北农	SZ
670	9/22/11	8.5	8.63	8.41	8.58	3759400	2.06	2385	大北农	SZ
671	9/21/11	8.37	8.63	8.28	8.63	3600800	2.07	2385	大北农	SZ
672	9/20/11	8.54	8.57	8.34	8.37	4674600	2.01	2385	大北农	SZ
673	9/19/11	8.52	8.61	8.45	8.54	5680300	2.05	2385	大北农	SZ
674	9/16/11	8.73	8.77	8.53	8.55	2645600	2.05	2385	大北农	SZ
675	9/15/11	8.66	8.75	8.61	8.72	1808000	2.09	2385	大北农	SZ
676	9/14/11	8.78	8.9	8.45	8.66	4895400	2.08	2385	大北农	SZ
677	9/13/11	9	9	8.78	8.79	2410700	2.11	2385	大北农	SZ
678	9/9/11	9.2	9.22	8.95	9.07	4130800	2.17	2385	大北农	SZ
679	9/8/11	9.1	9.19	9.04	9.15	3895600	2.19	2385	大北农	SZ
680	9/7/11	8.92	9.13	8.89	9.09	3144100	2.18	2385	大北农	SZ
681	9/6/11	8.81	8.93	8.73	8.93	6083900	2.14	2385	大北农	SZ
682	9/5/11	8.85	8.92	8.7	8.85	4171400	2.12	2385	大北农	SZ
683	9/2/11	8.87	8.97	8.85	8.87	4495400	2.13	2385	大北农	SZ
684	9/1/11	9.24	9.24	8.86	8.87	9530200	2.13	2385	大北农	SZ
685	8/31/11	9.37	9.49	9.07	9.18	7155300	2.2	2385	大北农	SZ
686	8/30/11	9.48	9.6	9.38	9.43	8620600	2.26	2385	大北农	SZ
687	8/29/11	9.25	9.53	9.21	9.48	11866300	2.27	2385	大北农	SZ
688	8/26/11	9.17	9.35	9.15	9.28	9161600	2.22	2385	大北农	SZ
689	8/25/11	9.22	9.23	9.04	9.17	7315400	2.2	2385	大北农	SZ
690	8/24/11	9.29	9.42	9.08	9.09	9494500	2.18	2385	大北农	SZ
691	8/23/11	9.18	9.33	9.14	9.24	4368900	2.21	2385	大北农	SZ
692	8/22/11	9.22	9.38	9.13	9.19	5955000	2.2	2385	大北农	SZ
693	8/19/11	9.26	9.32	9.06	9.22	6879100	2.21	2385	大北农	SZ
694	8/18/11	9.47	9.55	9.33	9.38	6296100	2.25	2385	大北农	SZ
695	8/17/11	9.43	9.63	9.33	9.47	8083600	2.27	2385	大北农	SZ
696	8/16/11	9.73	9.76	9.43	9.51	14877700	2.28	2385	大北农	SZ
697	8/15/11	9.81	9.99	9.72	9.78	13041200	2.34	2385	大北农	SZ
698	8/12/11	9.54	9.88	9.54	9.87	24796300	2.37	2385	大北农	SZ
699	8/11/11	9.28	9.57	9.27	9.54	12952300	2.29	2385	大北农	SZ
700	8/10/11	9.55	9.73	9.43	9.48	20144300	2.27	2385	大北农	SZ
701	8/9/11	8.98	9.5	8.83	9.5	18989200	2.28	2385	大北农	SZ
702	8/8/11	9.31	9.4	8.98	9.17	11961100	2.2	2385	大北农	SZ
703	8/5/11	9.14	9.51	9.03	9.4	10786600	2.25	2385	大北农	SZ
704	8/4/11	9.46	9.5	9.25	9.4	4675800	2.25	2385	大北农	SZ
705	8/3/11	9.2	9.59	9.1	9.45	16353100	2.26	2385	大北农	SZ
706	8/2/11	9.11	9.33	9.01	9.25	7067000	2.22	2385	大北农	SZ
707	8/1/11	8.91	9.24	8.9	9.19	9264400	2.2	2385	大北农	SZ
708	7/29/11	9.15	9.19	8.86	8.91	5748100	2.14	2385	大北农	SZ
709	7/28/11	9.01	9.19	8.93	9.15	9539700	2.19	2385	大北农	SZ
710	7/27/11	8.67	9.15	8.65	9.09	11649500	2.18	2385	大北农	SZ
711	7/26/11	8.53	8.75	8.5	8.73	6041900	2.09	2385	大北农	SZ
712	7/25/11	8.85	8.91	8.51	8.53	6424300	2.04	2385	大北农	SZ
713	7/22/11	8.95	9.13	8.79	8.85	7692900	2.12	2385	大北农	SZ
714	7/21/11	8.9	9.11	8.76	8.95	10132100	2.14	2385	大北农	SZ
715	7/20/11	9.17	9.25	8.83	8.88	12340900	2.13	2385	大北农	SZ
716	7/19/11	9.15	9.32	9.1	9.17	11456800	2.2	2385	大北农	SZ
717	7/18/11	9.03	9.28	9	9.2	11818200	2.21	2385	大北农	SZ
718	7/15/11	9	9.04	8.95	8.99	9675900	2.15	2385	大北农	SZ
719	7/14/11	8.92	9.18	8.9	8.95	13963600	2.15	2385	大北农	SZ
720	7/13/11	8.63	8.92	8.55	8.89	20605500	2.13	2385	大北农	SZ
721	7/12/11	8.68	8.78	8.52	8.65	20397400	2.07	2385	大北农	SZ
722	7/11/11	8.5	8.74	8.47	8.71	11745300	2.09	2385	大北农	SZ
723	7/8/11	8.53	8.62	8.41	8.54	5969300	2.05	2385	大北农	SZ
724	7/7/11	8.53	8.67	8.53	8.61	14816200	2.06	2385	大北农	SZ
725	7/6/11	8.4	8.63	8.28	8.55	8757900	2.05	2385	大北农	SZ
726	7/5/11	8.48	8.65	8.38	8.4	8272300	2.01	2385	大北农	SZ
727	7/4/11	8.18	8.45	8.18	8.45	9855800	2.03	2385	大北农	SZ
728	7/1/11	8.09	8.23	8.09	8.15	6101400	1.95	2385	大北农	SZ
729	6/30/11	8.1	8.22	8.07	8.1	9312300	1.94	2385	大北农	SZ
730	6/29/11	8.13	8.23	8.05	8.14	12402800	1.95	2385	大北农	SZ
731	6/28/11	7.97	8.17	7.9	8.09	13434800	1.94	2385	大北农	SZ
732	6/27/11	7.8	7.96	7.72	7.95	9722700	1.9	2385	大北农	SZ
733	6/24/11	7.53	7.81	7.5	7.76	9359300	1.86	2385	大北农	SZ
734	6/23/11	7.57	7.63	7.25	7.57	6839900	1.82	2385	大北农	SZ
735	6/22/11	7.7	7.72	7.54	7.54	3359500	1.81	2385	大北农	SZ
736	6/21/11	7.63	7.74	7.45	7.7	6396100	1.85	2385	大北农	SZ
737	6/20/11	7.98	8.01	7.66	7.66	6201700	1.84	2385	大北农	SZ
738	6/17/11	8.22	8.34	7.93	8	9434300	1.92	2385	大北农	SZ
739	6/16/11	8.15	8.28	8.13	8.25	8697500	1.98	2385	大北农	SZ
740	6/15/11	8.12	8.25	8.12	8.18	4641700	1.96	2385	大北农	SZ
741	6/14/11	8.07	8.17	8	8.13	3380200	1.95	2385	大北农	SZ
742	6/13/11	8.09	8.1	8	8.07	2064900	1.94	2385	大北农	SZ
743	6/10/11	8.01	8.15	7.97	8.1	3227700	1.94	2385	大北农	SZ
744	6/9/11	8.23	8.28	8.01	8.01	3987200	1.92	2385	大北农	SZ
745	6/8/11	8.24	8.34	8.19	8.25	3918200	1.98	2385	大北农	SZ
746	6/7/11	8.2	8.35	8.18	8.24	4521100	1.97	2385	大北农	SZ
747	6/3/11	8.1	8.28	8.1	8.25	5354300	1.98	2385	大北农	SZ
748	6/2/11	8.1	8.15	8.04	8.1	6422200	1.94	2385	大北农	SZ
749	6/1/11	8.14	8.32	8.08	8.25	7610900	1.98	2385	大北农	SZ
750	5/31/11	8.08	8.17	8	8.14	4075800	1.95	2385	大北农	SZ
751	5/30/11	7.99	8.15	7.96	8.08	3355700	1.94	2385	大北农	SZ
752	5/27/11	8.1	8.16	7.95	8	4103600	1.92	2385	大北农	SZ
753	5/26/11	8	8.29	8	8.1	6430100	1.94	2385	大北农	SZ
754	5/25/11	8.12	8.25	7.92	7.94	4191800	1.9	2385	大北农	SZ
755	5/24/11	8.22	8.28	7.93	8.12	5710700	1.89	2385	大北农	SZ
756	5/23/11	8.55	8.63	8.16	8.23	7170700	1.92	2385	大北农	SZ
757	5/20/11	8.54	8.63	8.53	8.59	3645300	2	2385	大北农	SZ
758	5/19/11	8.73	8.74	8.54	8.55	5568700	1.99	2385	大北农	SZ
759	5/18/11	8.7	8.75	8.61	8.73	5598000	2.03	2385	大北农	SZ
760	5/17/11	8.57	8.77	8.53	8.75	16648100	2.04	2385	大北农	SZ
761	5/16/11	8.43	8.59	8.43	8.57	8238100	2	2385	大北农	SZ
762	5/12/11	8.5	8.5	8.35	8.38	3210100	1.95	2385	大北农	SZ
763	5/11/11	8.57	8.65	8.51	8.51	5917300	1.98	2385	大北农	SZ
764	5/10/11	8.24	8.55	8.24	8.48	6278500	1.98	2385	大北农	SZ
765	5/9/11	8.25	8.33	8.21	8.26	4310000	1.92	2385	大北农	SZ
766	5/6/11	8.18	8.29	8.1	8.26	2963500	1.93	2385	大北农	SZ
767	5/5/11	8.34	8.4	8.15	8.25	4501800	1.92	2385	大北农	SZ
768	5/4/11	8.68	8.79	8.25	8.46	8014900	1.97	2385	大北农	SZ
769	5/3/11	8.55	8.7	8.53	8.62	5320400	2.01	2385	大北农	SZ
770	4/29/11	8.37	8.68	8.33	8.62	8645600	2.01	2385	大北农	SZ
771	4/28/11	8.2	8.38	7.99	8.38	7573700	1.95	2385	大北农	SZ
772	4/27/11	8.12	8.22	8.12	8.16	3453500	1.9	2385	大北农	SZ
773	4/26/11	8.42	8.42	8.13	8.13	7726700	1.89	2385	大北农	SZ
774	4/25/11	8.54	8.6	8.42	8.42	5051900	1.96	2385	大北农	SZ
775	4/22/11	8.75	8.8	8.5	8.53	5665100	1.99	2385	大北农	SZ
776	4/21/11	8.71	8.9	8.71	8.75	5425100	2.04	2385	大北农	SZ
777	4/20/11	8.99	8.99	8.77	8.8	6689100	2.05	2385	大北农	SZ
778	4/19/11	8.83	9.1	8.82	8.92	11979900	2.08	2385	大北农	SZ
779	4/18/11	8.78	8.88	8.69	8.82	8006300	2.06	2385	大北农	SZ
780	4/15/11	8.81	8.84	8.65	8.78	6756800	2.05	2385	大北农	SZ
781	4/14/11	8.49	8.88	8.49	8.8	13357100	2.05	2385	大北农	SZ
782	4/13/11	8.38	8.55	8.38	8.5	5926200	1.98	2385	大北农	SZ
783	4/12/11	8.4	8.5	8.38	8.4	7045400	1.96	2385	大北农	SZ
784	4/11/11	8.26	8.63	8.23	8.61	16174500	2.01	2385	大北农	SZ
785	4/8/11	8.64	8.78	8.61	8.73	3500100	2.03	2385	大北农	SZ
786	4/7/11	8.57	8.7	8.5	8.64	3562200	2.01	2385	大北农	SZ
787	4/6/11	8.88	8.91	8.49	8.6	6684500	2	2385	大北农	SZ
788	4/1/11	8.85	8.95	8.85	8.9	1842300	2.07	2385	大北农	SZ
789	3/31/11	8.81	8.88	8.8	8.84	1622400	2.06	2385	大北农	SZ
790	3/30/11	9	9.01	8.82	8.83	2787400	2.06	2385	大北农	SZ
791	3/29/11	9.19	9.27	9	9.02	3208500	2.1	2385	大北农	SZ
792	3/28/11	9.44	9.47	9.09	9.2	5060400	2.14	2385	大北农	SZ
793	3/25/11	9.39	9.63	9.33	9.4	5638400	2.19	2385	大北农	SZ
794	3/24/11	9.12	9.45	9.03	9.4	8291700	2.19	2385	大北农	SZ
795	3/23/11	9.05	9.1	9.02	9.1	4123300	2.12	2385	大北农	SZ
796	3/22/11	9.2	9.24	8.97	9.05	4033100	2.11	2385	大北农	SZ
797	3/21/11	9.41	9.45	9.17	9.17	3953400	2.14	2385	大北农	SZ
798	3/18/11	9.5	9.55	9.42	9.42	2555500	2.19	2385	大北农	SZ
799	3/17/11	9.57	9.57	9.41	9.43	4106600	2.2	2385	大北农	SZ
800	3/16/11	9.6	9.74	9.53	9.6	5612000	2.24	2385	大北农	SZ
801	3/15/11	9.48	9.66	9.31	9.59	7109900	2.23	2385	大北农	SZ
802	3/14/11	9.6	9.67	9.46	9.49	4097300	2.21	2385	大北农	SZ
803	3/11/11	9.73	9.76	9.56	9.59	4806700	2.23	2385	大北农	SZ
804	3/10/11	9.68	9.78	9.65	9.7	5021400	2.26	2385	大北农	SZ
805	3/9/11	9.63	9.74	9.6	9.68	7261500	2.26	2385	大北农	SZ
806	3/8/11	9.68	9.72	9.51	9.63	8554000	2.24	2385	大北农	SZ
807	3/7/11	9.92	10	9.68	9.72	12906900	2.26	2385	大北农	SZ
808	3/4/11	10.07	10.07	9.79	9.96	4635500	2.32	2385	大北农	SZ
809	3/3/11	10.34	10.39	9.96	10.01	5441000	2.33	2385	大北农	SZ
810	3/2/11	10.24	10.38	10.13	10.3	5635600	2.4	2385	大北农	SZ
811	3/1/11	9.98	10.26	9.96	10.25	6491700	2.39	2385	大北农	SZ
812	2/28/11	9.88	10	9.83	9.96	4515400	2.32	2385	大北农	SZ
813	2/25/11	10.03	10.13	9.73	9.87	5085300	2.3	2385	大北农	SZ
814	2/24/11	10.01	10.12	9.85	10.03	3934200	2.34	2385	大北农	SZ
815	2/23/11	10.38	10.55	10.01	10.11	10116600	2.35	2385	大北农	SZ
816	2/22/11	10.13	10.51	10.01	10.3	13029500	2.4	2385	大北农	SZ
817	2/21/11	9.89	10.32	9.83	10.13	9874100	2.36	2385	大北农	SZ
818	2/18/11	10.14	10.17	9.91	9.91	4520500	2.31	2385	大北农	SZ
819	2/17/11	10.31	10.31	10.07	10.14	5156600	2.36	2385	大北农	SZ
820	2/16/11	10.23	10.37	10.19	10.31	4470500	2.4	2385	大北农	SZ
821	2/15/11	10.34	10.47	10.24	10.3	5673400	2.4	2385	大北农	SZ
822	2/14/11	10.31	10.58	10.11	10.29	6383600	2.4	2385	大北农	SZ
823	2/11/11	10.41	10.66	10.05	10.41	8250200	2.42	2385	大北农	SZ
824	2/10/11	9.63	10.47	9.63	10.41	16022700	2.43	2385	大北农	SZ
825	2/9/11	9.25	9.84	9.12	9.52	5259400	2.22	2385	大北农	SZ
826	2/1/11	9.15	9.33	9.12	9.29	2800000	2.16	2385	大北农	SZ
827	1/31/11	8.88	9.27	8.81	9.2	2877300	2.14	2385	大北农	SZ
828	1/28/11	8.88	8.93	8.8	8.9	2053400	2.07	2385	大北农	SZ
829	1/27/11	8.6	8.81	8.55	8.8	2091300	2.05	2385	大北农	SZ
830	1/26/11	8.53	8.75	8.53	8.68	1820800	2.02	2385	大北农	SZ
831	1/25/11	8.63	8.63	8.35	8.46	2598200	1.97	2385	大北农	SZ
832	1/24/11	9.05	9.12	8.58	8.58	3089000	2	2385	大北农	SZ
833	1/21/11	9.15	9.25	8.96	9.05	2794000	2.11	2385	大北农	SZ
834	1/20/11	9.36	9.52	9.15	9.21	5534800	2.15	2385	大北农	SZ
835	1/19/11	9.35	9.35	9.21	9.34	4783700	2.18	2385	大北农	SZ
836	1/18/11	9.43	9.5	9.2	9.26	3002100	2.16	2385	大北农	SZ
837	1/17/11	9.27	9.76	9.18	9.25	5047200	2.16	2385	大北农	SZ
838	1/14/11	9.84	9.92	9.45	9.46	2416600	2.2	2385	大北农	SZ
839	1/13/11	9.96	10.01	9.78	9.92	2291900	2.31	2385	大北农	SZ
840	1/12/11	9.89	9.97	9.73	9.92	1888900	2.31	2385	大北农	SZ
841	1/11/11	9.89	10.01	9.77	9.89	1964600	2.3	2385	大北农	SZ
842	1/10/11	10.22	10.25	9.88	9.89	1867900	2.3	2385	大北农	SZ
843	1/7/11	10.26	10.28	10.06	10.22	2705400	2.38	2385	大北农	SZ
844	1/6/11	10.21	10.52	10.21	10.24	5078100	2.39	2385	大北农	SZ
845	1/5/11	10.26	10.45	10.06	10.21	4677700	2.38	2385	大北农	SZ
846	1/4/11	10.11	10.31	10.11	10.26	3517500	2.39	2385	大北农	SZ
847	12/31/10	9.91	10.11	9.91	10.11	5517100	2.36	2385	大北农	SZ
848	12/30/10	9.96	10.01	9.78	9.88	2736000	2.3	2385	大北农	SZ
849	12/29/10	9.82	9.98	9.73	9.97	3959600	2.32	2385	大北农	SZ
850	12/28/10	9.91	10.03	9.63	9.78	4074000	2.28	2385	大北农	SZ
851	12/27/10	10.49	10.73	9.98	10.02	4810500	2.33	2385	大北农	SZ
852	12/24/10	10.78	10.78	10.37	10.48	4246100	2.44	2385	大北农	SZ
853	12/23/10	11.04	11.12	10.78	10.81	4181300	2.52	2385	大北农	SZ
854	12/22/10	11.13	11.13	10.93	11.04	4979500	2.57	2385	大北农	SZ
855	12/21/10	11.33	11.47	10.91	11.18	10867700	2.61	2385	大北农	SZ
856	12/20/10	11.23	11.56	11.01	11.29	11487200	2.63	2385	大北农	SZ
857	12/17/10	11.06	11.1	10.96	11.03	2580800	2.57	2385	大北农	SZ
858	12/16/10	11.26	11.28	11.02	11.05	4351700	2.57	2385	大北农	SZ
859	12/15/10	11.19	11.46	11.15	11.28	11409900	2.63	2385	大北农	SZ
860	12/14/10	10.84	11.2	10.81	11.17	9229100	2.6	2385	大北农	SZ
861	12/13/10	10.62	10.88	10.61	10.84	4725300	2.53	2385	大北农	SZ
862	12/10/10	10.37	10.63	10.26	10.57	2898700	2.46	2385	大北农	SZ
863	12/9/10	10.46	10.63	10.36	10.41	3208800	2.42	2385	大北农	SZ
864	12/8/10	10.4	10.63	10.39	10.48	3040800	2.44	2385	大北农	SZ
865	12/7/10	10.41	10.5	10.04	10.41	5224900	2.43	2385	大北农	SZ
866	12/3/10	10.81	10.88	10.51	10.53	6236300	2.45	2385	大北农	SZ
867	12/2/10	11.26	11.38	10.88	10.9	11957600	2.54	2385	大北农	SZ
868	12/1/10	10.78	11.21	10.66	11.09	9916500	2.58	2385	大北农	SZ
869	11/30/10	11.18	11.23	10.27	10.98	8029800	2.56	2385	大北农	SZ
870	11/29/10	11.41	11.48	11.04	11.25	7527800	2.62	2385	大北农	SZ
871	11/26/10	11.48	11.63	11.33	11.41	4667800	2.66	2385	大北农	SZ
872	11/25/10	11.28	11.51	11.28	11.48	5297000	2.67	2385	大北农	SZ
873	11/24/10	11	11.26	10.91	11.24	4659800	2.62	2385	大北农	SZ
874	11/23/10	11.32	11.34	10.76	11.03	5954400	2.57	2385	大北农	SZ
875	11/22/10	11.26	11.48	11.18	11.26	7444200	2.62	2385	大北农	SZ
876	11/19/10	11.19	11.28	10.96	11.26	6382600	2.62	2385	大北农	SZ
877	11/18/10	11.05	11.27	10.86	11.16	4805200	2.6	2385	大北农	SZ
878	11/17/10	11.07	11.34	10.53	11	7355100	2.56	2385	大北农	SZ
879	11/16/10	11.63	11.95	11.11	11.13	11377000	2.59	2385	大北农	SZ
880	11/15/10	11.51	11.74	11.01	11.63	10414400	2.71	2385	大北农	SZ
881	11/12/10	12.26	12.26	11.31	11.42	16523600	2.66	2385	大北农	SZ
882	11/11/10	12.88	12.96	12.37	12.38	15882300	2.88	2385	大北农	SZ
883	11/10/10	12.91	13.23	12.73	12.96	8327700	3.02	2385	大北农	SZ
884	11/9/10	12.68	13.13	12.68	12.91	10147300	3.01	2385	大北农	SZ
885	11/8/10	12.77	13.22	12.63	12.67	13602700	2.95	2385	大北农	SZ
886	11/5/10	12.33	12.81	12.13	12.72	15918300	2.96	2385	大北农	SZ
887	11/4/10	12.18	12.36	11.88	12.24	10432200	2.85	2385	大北农	SZ
888	11/3/10	11.93	12.5	11.91	12.16	14541100	2.83	2385	大北农	SZ
889	11/2/10	11.83	12.02	11.72	11.93	10220600	2.78	2385	大北农	SZ
890	11/1/10	11.58	11.98	11.5	11.83	8741900	2.76	2385	大北农	SZ
891	10/29/10	11.76	11.98	11.41	11.63	6794200	2.71	2385	大北农	SZ
892	10/28/10	11.76	11.98	11.58	11.69	4894600	2.72	2385	大北农	SZ
893	10/27/10	11.76	12.06	11.51	11.76	7164400	2.74	2385	大北农	SZ
894	10/26/10	12.21	12.33	11.71	11.78	8422100	2.75	2385	大北农	SZ
895	10/25/10	11.76	12.21	11.71	12.08	10888300	2.82	2385	大北农	SZ
896	10/22/10	11.63	11.88	11.53	11.76	7855000	2.74	2385	大北农	SZ
897	10/21/10	11.66	11.89	11.31	11.59	10186000	2.7	2385	大北农	SZ
898	10/20/10	11.12	11.76	11.02	11.59	10265900	2.7	2385	大北农	SZ
899	10/19/10	10.75	11.4	10.62	11.35	9635100	2.64	2385	大北农	SZ
900	10/18/10	11.36	11.76	10.76	10.77	18277600	2.51	2385	大北农	SZ
901	10/15/10	11.39	11.66	11.27	11.43	10350900	2.66	2385	大北农	SZ
902	10/14/10	11.98	12.21	11.73	11.73	13073600	2.73	2385	大北农	SZ
903	10/13/10	11.68	12.5	11.54	12.3	18232400	2.87	2385	大北农	SZ
904	10/12/10	11.38	11.88	11.31	11.62	13701300	2.71	2385	大北农	SZ
905	10/11/10	11.24	11.94	11.24	11.56	18504400	2.69	2385	大北农	SZ
906	10/8/10	10.63	11.03	10.63	10.94	7570000	2.55	2385	大北农	SZ
907	9/30/10	10.33	10.65	10.26	10.61	4406100	2.47	2385	大北农	SZ
908	9/29/10	10.65	10.75	10.38	10.39	6915300	2.42	2385	大北农	SZ
909	9/28/10	11.01	11.01	10.63	10.65	8621400	2.48	2385	大北农	SZ
910	9/27/10	10.87	11.18	10.84	11.06	8109000	2.58	2385	大北农	SZ
911	9/21/10	11.76	11.78	10.84	10.87	21032000	2.53	2385	大北农	SZ
912	9/20/10	10.99	11.61	10.81	11.61	11051300	2.71	2385	大北农	SZ
913	9/16/10	10.82	11.01	10.32	10.56	11208300	2.46	2385	大北农	SZ
914	9/15/10	11.23	11.44	10.79	10.84	10301500	2.53	2385	大北农	SZ
915	9/14/10	11.67	11.78	11.19	11.45	11419600	2.67	2385	大北农	SZ
916	9/13/10	11.42	11.88	11.41	11.57	11534000	2.7	2385	大北农	SZ
917	9/10/10	11.41	11.58	11.01	11.43	14024500	2.66	2385	大北农	SZ
918	9/9/10	11.85	11.85	11.29	11.44	15418700	2.67	2385	大北农	SZ
919	9/8/10	11.61	11.95	11.28	11.71	16324900	2.73	2385	大北农	SZ
920	9/7/10	10.67	11.76	10.66	11.61	24378500	2.7	2385	大北农	SZ
921	9/6/10	10.9	11.38	10.68	10.71	27276600	2.49	2385	大北农	SZ
922	9/3/10	10.7	11.08	10.58	10.84	23929500	2.52	2385	大北农	SZ
923	9/2/10	10.07	10.88	10	10.64	27533700	2.48	2385	大北农	SZ
924	9/1/10	10.28	10.5	9.83	10.01	23631300	2.33	2385	大北农	SZ
925	8/31/10	10.31	10.55	10.03	10.26	35347600	2.39	2385	大北农	SZ
926	8/30/10	9.35	10.15	9.27	10.15	17549500	2.36	2385	大北农	SZ
927	8/27/10	8.99	9.25	8.99	9.22	8242500	2.15	2385	大北农	SZ
928	8/25/10	9.31	9.38	8.96	8.96	8662300	2.09	2385	大北农	SZ
929	8/24/10	9.25	9.49	9.25	9.36	7119700	2.18	2385	大北农	SZ
930	8/23/10	9.3	9.41	9.19	9.25	8101000	2.16	2385	大北农	SZ
931	8/20/10	9.75	9.75	9.28	9.33	13965200	2.17	2385	大北农	SZ
932	8/19/10	9.88	9.97	9.66	9.75	12005500	2.27	2385	大北农	SZ
933	8/18/10	9.88	10.13	9.84	9.9	9913400	2.31	2385	大北农	SZ
934	8/17/10	10	10.13	9.86	9.93	11731600	2.31	2385	大北农	SZ
935	8/16/10	9.91	10.08	9.76	10.04	10310100	2.34	2385	大北农	SZ
936	8/13/10	9.84	10	9.62	9.88	8914200	2.3	2385	大北农	SZ
937	8/12/10	9.7	10.08	9.62	9.88	13765300	2.3	2385	大北农	SZ
938	8/11/10	9.65	9.92	9.54	9.87	14067100	2.3	2385	大北农	SZ
939	8/10/10	10.29	10.31	9.7	9.76	19448300	2.27	2385	大北农	SZ
940	8/9/10	10.34	10.56	10.19	10.28	28672400	2.35	2385	大北农	SZ
941	8/6/10	9.86	10.27	9.76	10.19	31921000	2.33	2385	大北农	SZ
942	8/5/10	9.68	9.93	9.63	9.76	21528500	2.23	2385	大北农	SZ
943	8/4/10	9.36	9.63	9.24	9.63	18647800	2.2	2385	大北农	SZ
944	8/3/10	9.56	9.94	9.41	9.41	28371500	2.15	2385	大北农	SZ
945	8/2/10	9.27	9.55	9.27	9.49	21786300	2.17	2385	大北农	SZ
946	7/30/10	9.24	9.41	9.17	9.3	15214500	2.13	2385	大北农	SZ
947	7/29/10	9.33	9.38	9.11	9.26	15778900	2.12	2385	大北农	SZ
948	7/28/10	9.1	9.39	9.1	9.34	16240000	2.14	2385	大北农	SZ
949	7/27/10	9.33	9.37	9.18	9.18	14224600	2.1	2385	大北农	SZ
950	7/26/10	9.4	9.54	9.14	9.39	20955600	2.15	2385	大北农	SZ
951	7/23/10	8.98	9.47	8.93	9.33	32408100	2.14	2385	大北农	SZ
952	7/22/10	8.83	9.04	8.64	9.03	22901400	2.07	2385	大北农	SZ
953	7/21/10	8.85	8.98	8.77	8.82	16532600	2.02	2385	大北农	SZ
954	7/20/10	8.6	8.9	8.55	8.85	18754300	2.03	2385	大北农	SZ
955	7/19/10	8.21	8.61	8.21	8.6	16983200	1.97	2385	大北农	SZ
956	7/16/10	8.5	8.54	8.2	8.43	13802800	1.93	2385	大北农	SZ
957	7/15/10	8.92	9.1	8.58	8.58	14856300	1.96	2385	大北农	SZ
958	7/14/10	9.01	9.32	8.91	8.99	21461700	2.06	2385	大北农	SZ
959	7/13/10	8.75	9.2	8.66	9.01	29148500	2.06	2385	大北农	SZ
960	7/12/10	8.83	9.07	8.72	8.92	35465300	2.04	2385	大北农	SZ
961	7/9/10	8	9.02	7.77	9.02	38116700	2.06	2385	大北农	SZ
962	7/8/10	8.5	8.5	8.14	8.2	6372700	1.88	2385	大北农	SZ
963	7/7/10	8.31	8.4	8.1	8.4	6989900	1.92	2385	大北农	SZ
964	7/6/10	8.09	8.3	7.94	8.28	7434100	1.89	2385	大北农	SZ
965	7/5/10	8.15	8.25	7.88	8.12	5051300	1.86	2385	大北农	SZ
966	7/2/10	8.15	8.45	7.76	8.28	10228700	1.89	2385	大北农	SZ
967	7/1/10	8.05	8.25	8	8.16	5485500	1.87	2385	大北农	SZ
968	6/30/10	8.35	8.35	7.86	8.08	7089100	1.85	2385	大北农	SZ
969	6/29/10	9.3	9.35	8.43	8.43	15277300	1.93	2385	大北农	SZ
970	6/28/10	9.55	9.72	9.3	9.36	8184100	2.14	2385	大北农	SZ
971	6/25/10	9.38	9.55	9.28	9.5	6922800	2.18	2385	大北农	SZ
972	6/24/10	9.55	9.6	9.34	9.45	5936500	2.16	2385	大北农	SZ
973	6/23/10	9.54	9.68	9.32	9.45	7527300	2.16	2385	大北农	SZ
974	6/21/10	9.27	9.68	9.27	9.57	8656700	2.19	2385	大北农	SZ
975	6/18/10	9.88	9.88	9.22	9.28	7523300	2.13	2385	大北农	SZ
976	6/17/10	10.51	10.58	9.91	9.93	6535400	2.27	2385	大北农	SZ
977	6/11/10	10.62	10.68	10.34	10.44	7426100	2.39	2385	大北农	SZ
978	6/10/10	10.36	10.7	10.3	10.54	11469600	2.41	2385	大北农	SZ
979	6/9/10	10.51	10.63	10.29	10.36	15432000	2.37	2385	大北农	SZ
980	6/8/10	10	10.41	9.91	10.38	16479500	2.38	2385	大北农	SZ
981	6/7/10	9.46	10.03	9.38	10.03	11948200	2.3	2385	大北农	SZ
982	6/4/10	9.53	9.72	9.38	9.68	7110700	2.22	2385	大北农	SZ
983	6/3/10	9.65	10	9.56	9.67	13062800	2.21	2385	大北农	SZ
984	6/2/10	9.35	9.55	9	9.52	6958400	2.18	2385	大北农	SZ
985	6/1/10	9.52	9.58	9.02	9.28	8796600	2.13	2385	大北农	SZ
986	5/31/10	10.01	10.24	9.63	9.63	11191800	2.21	2385	大北农	SZ
987	5/28/10	10.21	10.35	10.03	10.13	15291700	2.32	2385	大北农	SZ
988	5/27/10	9.58	10.13	9.25	10.09	18737500	2.31	2385	大北农	SZ
989	5/26/10	9.95	10.05	9.55	9.59	10867200	2.2	2385	大北农	SZ
990	5/25/10	9.86	10.14	9.84	9.89	9891300	2.26	2385	大北农	SZ
991	5/24/10	9.58	10.08	9.52	10.04	14882700	2.3	2385	大北农	SZ
992	5/21/10	8.8	9.58	8.8	9.54	11572000	2.18	2385	大北农	SZ
993	5/20/10	9.5	9.8	9.21	9.25	9153200	2.12	2385	大北农	SZ
994	5/19/10	9.5	9.95	9.45	9.65	10789200	2.21	2385	大北农	SZ
995	5/17/10	10.26	10.28	9.36	9.36	10437000	2.14	2385	大北农	SZ
996	5/14/10	10.03	10.55	10.03	10.4	10877900	2.38	2385	大北农	SZ
997	5/13/10	10.24	10.4	9.58	10.35	12472300	2.37	2385	大北农	SZ
998	5/12/10	10.25	10.56	9.88	10.2	8361200	2.34	2385	大北农	SZ
999	5/11/10	11.6	11.63	10.33	10.4	15911400	2.38	2385	大北农	SZ
1000	5/10/10	12.27	12.58	11.28	11.28	14731200	2.58	2385	大北农	SZ
1001	5/7/10	12.18	12.88	12.11	12.52	11197000	2.87	2385	大北农	SZ
1002	5/6/10	12.51	12.86	12.38	12.43	14042700	2.85	2385	大北农	SZ
1003	5/5/10	11.77	12.75	11.77	12.68	16206800	2.9	2385	大北农	SZ
1004	5/4/10	11.67	12.23	11.58	11.91	9453500	2.73	2385	大北农	SZ
1005	4/30/10	12.16	12.33	11.26	11.76	16265200	2.69	2385	大北农	SZ
1006	4/29/10	12.7	12.95	12.23	12.26	15394400	2.81	2385	大北农	SZ
1007	4/28/10	13.51	13.51	12.54	12.55	20892400	2.87	2385	大北农	SZ
1008	4/27/10	15.21	15.38	13.82	13.93	27745700	3.19	2385	大北农	SZ
1009	4/26/10	14.85	15.72	14.6	15.36	24873500	3.52	2385	大北农	SZ
1010	4/23/10	14.68	15.13	14.51	14.73	16460300	3.37	2385	大北农	SZ
1011	4/22/10	14.76	15.46	14.64	14.78	23815700	3.38	2385	大北农	SZ
1012	4/21/10	14.51	15.05	14.13	14.88	24820400	3.41	2385	大北农	SZ
1013	4/20/10	14.38	14.88	14.06	14.66	20781200	3.36	2385	大北农	SZ
1014	4/19/10	14.31	14.81	14.08	14.55	24702400	3.33	2385	大北农	SZ
1015	4/16/10	14.73	14.9	14.04	14.4	27384600	3.3	2385	大北农	SZ
1016	4/15/10	16.38	16.75	14.69	15.13	49351300	3.46	2385	大北农	SZ
1017	4/14/10	16.6	16.93	16.01	16.3	43561100	3.73	2385	大北农	SZ
1018	4/13/10	17.26	17.5	16.23	17.08	92753800	3.91	2385	大北农	SZ
1019	4/12/10	15.79	16.58	15.73	16.58	107344600	3.8	2385	大北农	SZ
1020	4/9/10	15.01	15.25	14.03	15.08	140439200	3.45	2385	大北农	SZ
