0	4/29/14	6.68	6.86	6.57	6.81	11816000	6.81	2411	九九久	SZ
1	4/28/14	7.45	7.46	6.8	6.8	12672000	6.8	2411	九九久	SZ
2	4/25/14	7.81	7.87	7.53	7.56	4070000	7.56	2411	九九久	SZ
3	4/24/14	7.87	8.05	7.77	7.8	7394900	7.8	2411	九九久	SZ
4	4/23/14	8.6	8.6	7.74	8	14934300	8	2411	九九久	SZ
5	4/22/14	8.6	8.6	8.6	8.6	0	8.6	2411	九九久	SZ
6	4/21/14	8.6	8.6	8.6	8.6	0	8.6	2411	九九久	SZ
7	4/18/14	8.6	8.6	8.6	8.6	0	8.6	2411	九九久	SZ
8	4/17/14	8.6	8.6	8.6	8.6	0	8.6	2411	九九久	SZ
9	4/16/14	8.6	8.6	8.6	8.6	0	8.6	2411	九九久	SZ
10	4/15/14	8.6	8.6	8.6	8.6	0	8.6	2411	九九久	SZ
11	4/14/14	8.6	8.6	8.6	8.6	0	8.6	2411	九九久	SZ
12	4/11/14	8.6	8.6	8.6	8.6	0	8.6	2411	九九久	SZ
13	4/10/14	8.6	8.6	8.6	8.6	0	8.6	2411	九九久	SZ
14	4/9/14	8.6	8.6	8.6	8.6	0	8.6	2411	九九久	SZ
15	4/8/14	8.44	8.69	8.43	8.6	3857200	8.6	2411	九九久	SZ
16	4/7/14	8.48	8.48	8.48	8.48	0	8.48	2411	九九久	SZ
17	4/4/14	8.34	8.5	8.34	8.48	1679800	8.48	2411	九九久	SZ
18	4/3/14	8.33	8.5	8.29	8.39	3239400	8.39	2411	九九久	SZ
19	4/2/14	8.51	8.64	8.29	8.33	3778600	8.33	2411	九九久	SZ
20	4/1/14	8.38	8.6	8.36	8.5	3012600	8.5	2411	九九久	SZ
21	3/31/14	8.32	8.41	8.28	8.35	2067300	8.35	2411	九九久	SZ
22	3/28/14	8.71	8.85	8.2	8.37	6703300	8.37	2411	九九久	SZ
23	3/27/14	9.25	9.28	8.71	8.71	7543000	8.71	2411	九九久	SZ
24	3/26/14	9.3	9.43	9.22	9.41	2303000	9.41	2411	九九久	SZ
25	3/25/14	9.15	9.41	9.15	9.3	2014200	9.3	2411	九九久	SZ
26	3/24/14	9.37	9.55	9.04	9.3	4412900	9.3	2411	九九久	SZ
27	3/21/14	9.21	9.41	9.03	9.38	3979900	9.38	2411	九九久	SZ
28	3/20/14	9.65	9.79	9.2	9.23	4583400	9.23	2411	九九久	SZ
29	3/19/14	9.87	9.87	9.61	9.71	2701400	9.71	2411	九九久	SZ
30	3/18/14	9.81	9.92	9.71	9.89	3979400	9.89	2411	九九久	SZ
31	3/17/14	9.36	9.92	9.29	9.81	4869700	9.81	2411	九九久	SZ
32	3/14/14	9.54	9.55	9.24	9.31	2719400	9.31	2411	九九久	SZ
33	3/13/14	9.45	9.58	9.25	9.58	3404400	9.58	2411	九九久	SZ
34	3/12/14	9.62	9.62	9.19	9.47	5548100	9.47	2411	九九久	SZ
35	3/11/14	10.09	10.13	9.63	9.65	4878900	9.65	2411	九九久	SZ
36	3/10/14	10.18	10.31	9.98	10.05	3254600	10.05	2411	九九久	SZ
37	3/7/14	10.4	10.58	10.16	10.21	4462700	10.21	2411	九九久	SZ
38	3/6/14	10.62	10.69	10.3	10.48	4847300	10.48	2411	九九久	SZ
39	3/5/14	10.8	10.96	10.6	10.7	5847400	10.7	2411	九九久	SZ
40	3/4/14	10.72	11	10.43	10.88	8719900	10.88	2411	九九久	SZ
41	3/3/14	10.68	11.02	10.52	10.65	7725000	10.65	2411	九九久	SZ
42	2/28/14	10.4	10.67	10.07	10.58	4941200	10.58	2411	九九久	SZ
43	2/27/14	10.7	11.19	10.37	10.4	11426000	10.4	2411	九九久	SZ
44	2/26/14	10	10.44	9.96	10.42	6830300	10.42	2411	九九久	SZ
45	2/25/14	10.51	10.65	9.68	10	6895400	10	2411	九九久	SZ
46	2/24/14	10.35	10.58	10.16	10.51	6989800	10.51	2411	九九久	SZ
47	2/21/14	10.64	10.87	10.26	10.35	8255600	10.35	2411	九九久	SZ
48	2/20/14	10.9	11.01	10.56	10.71	8090200	10.71	2411	九九久	SZ
49	2/19/14	11.18	11.45	10.88	11.03	8454200	11.03	2411	九九久	SZ
50	2/18/14	11.23	11.38	11.1	11.21	6379100	11.21	2411	九九久	SZ
51	2/17/14	11	11.45	10.83	11.37	11275900	11.37	2411	九九久	SZ
52	2/14/14	10.91	11.19	10.61	11	8289900	11	2411	九九久	SZ
53	2/13/14	11.45	11.55	10.75	10.91	11576700	10.91	2411	九九久	SZ
54	2/12/14	11.02	11.49	10.9	11.34	13284900	11.34	2411	九九久	SZ
55	2/11/14	11.16	11.18	10.78	10.94	10394800	10.94	2411	九九久	SZ
56	2/10/14	10.68	11.15	10.68	11.12	13040300	11.12	2411	九九久	SZ
57	2/7/14	10.19	10.7	10.12	10.68	6509000	10.68	2411	九九久	SZ
58	2/6/14	10.3	10.3	10.3	10.3	0	10.3	2411	九九久	SZ
59	2/5/14	10.3	10.3	10.3	10.3	0	10.3	2411	九九久	SZ
60	2/3/14	10.3	10.3	10.3	10.3	0	10.3	2411	九九久	SZ
61	1/31/14	10.3	10.3	10.3	10.3	0	10.3	2411	九九久	SZ
62	1/30/14	10.54	10.68	10.27	10.3	3976700	10.3	2411	九九久	SZ
63	1/29/14	10.2	10.58	10.17	10.54	6389700	10.54	2411	九九久	SZ
64	1/28/14	10.46	10.66	10.16	10.21	7075600	10.21	2411	九九久	SZ
65	1/27/14	10.36	10.76	10.27	10.51	11361500	10.51	2411	九九久	SZ
66	1/24/14	10.12	10.94	10.11	10.43	25988900	10.43	2411	九九久	SZ
67	1/23/14	9.87	10.2	9.8	10.04	10939600	10.04	2411	九九久	SZ
68	1/22/14	9.44	9.85	9.41	9.83	6791300	9.83	2411	九九久	SZ
69	1/21/14	9.33	9.55	9.24	9.46	5698400	9.46	2411	九九久	SZ
70	1/20/14	9.73	9.84	9.3	9.31	6000400	9.31	2411	九九久	SZ
71	1/17/14	9.7	9.96	9.63	9.74	5485900	9.74	2411	九九久	SZ
72	1/16/14	9.88	10.1	9.75	9.75	7384100	9.75	2411	九九久	SZ
73	1/15/14	9.54	9.94	9.44	9.88	7980600	9.88	2411	九九久	SZ
74	1/14/14	9.59	9.59	9.32	9.55	4470400	9.55	2411	九九久	SZ
75	1/13/14	9.53	9.66	9.4	9.55	4926400	9.55	2411	九九久	SZ
76	1/10/14	9.43	9.55	9.13	9.53	5658400	9.53	2411	九九久	SZ
77	1/9/14	9.38	9.7	9.32	9.43	8401200	9.43	2411	九九久	SZ
78	1/8/14	8.97	9.44	8.87	9.4	8587400	9.4	2411	九九久	SZ
79	1/7/14	9.09	9.13	8.85	8.97	8397100	8.97	2411	九九久	SZ
80	1/6/14	9.3	9.41	8.95	9.1	4493100	9.1	2411	九九久	SZ
81	1/3/14	9.13	9.4	9.13	9.35	6581700	9.35	2411	九九久	SZ
82	1/2/14	8.99	9.18	8.85	9.12	4238500	9.12	2411	九九久	SZ
83	1/1/14	8.99	8.99	8.99	8.99	0	8.99	2411	九九久	SZ
84	12/31/13	9.17	9.31	8.92	8.99	5871000	8.99	2411	九九久	SZ
85	12/30/13	9.54	9.54	9.12	9.16	5589500	9.16	2411	九九久	SZ
86	12/27/13	9.45	9.55	9.33	9.49	4105100	9.49	2411	九九久	SZ
87	12/26/13	9.42	9.55	9.28	9.38	5049100	9.38	2411	九九久	SZ
88	12/25/13	9.11	9.35	8.91	9.35	5407700	9.35	2411	九九久	SZ
89	12/24/13	9.1	9.19	8.81	9.03	4391100	9.03	2411	九九久	SZ
90	12/23/13	9.46	9.46	8.7	8.98	5995500	8.98	2411	九九久	SZ
91	12/20/13	9.27	9.5	9.25	9.32	2672300	9.32	2411	九九久	SZ
92	12/19/13	9.36	9.58	9.27	9.3	5105900	9.3	2411	九九久	SZ
93	12/18/13	9.31	9.44	9.14	9.18	3960100	9.18	2411	九九久	SZ
94	12/17/13	9.55	9.55	9.28	9.29	3001300	9.29	2411	九九久	SZ
95	12/16/13	9.75	9.85	9.39	9.51	6568600	9.51	2411	九九久	SZ
96	12/13/13	9.73	9.89	9.72	9.8	3209300	9.8	2411	九九久	SZ
97	12/12/13	9.73	9.94	9.7	9.81	4709400	9.81	2411	九九久	SZ
98	12/11/13	9.9	9.9	9.66	9.75	6582400	9.75	2411	九九久	SZ
99	12/10/13	10.15	10.19	9.79	9.95	8860400	9.95	2411	九九久	SZ
100	12/9/13	10.16	10.33	10.06	10.18	6216000	10.18	2411	九九久	SZ
101	12/6/13	9.97	10.24	9.75	10.15	11216500	10.15	2411	九九久	SZ
102	12/5/13	10.07	10.24	9.74	9.98	9270600	9.98	2411	九九久	SZ
103	12/4/13	9.46	10.07	9.38	10.03	15875300	10.03	2411	九九久	SZ
104	12/3/13	8.78	9.55	8.78	9.52	11408900	9.52	2411	九九久	SZ
105	12/2/13	9.28	9.56	8.75	8.78	18654500	8.78	2411	九九久	SZ
106	11/29/13	9.3	9.69	9.21	9.56	10552100	9.56	2411	九九久	SZ
107	11/28/13	9.23	9.53	9.23	9.35	9782900	9.35	2411	九九久	SZ
108	11/27/13	9.2	9.35	9.16	9.22	7249500	9.22	2411	九九久	SZ
109	11/26/13	8.65	9.28	8.65	9.25	12685100	9.25	2411	九九久	SZ
110	11/25/13	9.01	9.09	8.68	8.75	11892300	8.75	2411	九九久	SZ
111	11/22/13	9.13	9.3	8.88	9.09	10223000	9.09	2411	九九久	SZ
112	11/21/13	8.87	9.21	8.85	9.19	11632000	9.19	2411	九九久	SZ
113	11/20/13	8.7	9.09	8.6	8.9	11952300	8.9	2411	九九久	SZ
114	11/19/13	8.86	8.88	8.61	8.68	7241300	8.68	2411	九九久	SZ
115	11/18/13	8.86	8.95	8.7	8.87	12387100	8.87	2411	九九久	SZ
116	11/15/13	8.52	8.89	8.52	8.85	18216100	8.85	2411	九九久	SZ
117	11/14/13	8.12	8.69	8.12	8.54	15589600	8.54	2411	九九久	SZ
118	11/13/13	8.23	8.32	8.06	8.19	6122500	8.19	2411	九九久	SZ
119	11/12/13	8.41	8.48	8.26	8.34	7402500	8.34	2411	九九久	SZ
120	11/11/13	8.06	8.4	7.99	8.38	10871700	8.38	2411	九九久	SZ
121	11/8/13	8.06	8.56	8.06	8.1	15069800	8.1	2411	九九久	SZ
122	11/7/13	8.2	8.48	8.06	8.13	12987600	8.13	2411	九九久	SZ
123	11/6/13	8.05	8.21	7.9	7.95	11481700	7.95	2411	九九久	SZ
124	11/5/13	7.6	8.09	7.5	8.04	15638700	8.04	2411	九九久	SZ
125	11/4/13	7.18	7.7	7.14	7.54	12419500	7.54	2411	九九久	SZ
126	11/1/13	7.17	7.37	7.12	7.19	4579800	7.19	2411	九九久	SZ
127	10/31/13	7.35	7.48	7.15	7.16	7963500	7.16	2411	九九久	SZ
128	10/30/13	7.2	7.78	7.13	7.54	11789500	7.54	2411	九九久	SZ
129	10/29/13	7.64	7.68	6.98	7.25	14391200	7.25	2411	九九久	SZ
130	10/28/13	7.67	7.81	7.54	7.76	4773300	7.76	2411	九九久	SZ
131	10/25/13	7.77	7.91	7.68	7.74	4210300	7.74	2411	九九久	SZ
132	10/24/13	7.79	7.93	7.65	7.74	4603100	7.74	2411	九九久	SZ
133	10/23/13	8.09	8.18	7.72	7.79	8187300	7.79	2411	九九久	SZ
134	10/22/13	8.25	8.34	8.06	8.11	8180000	8.11	2411	九九久	SZ
135	10/21/13	8.07	8.39	8.02	8.26	9091300	8.26	2411	九九久	SZ
136	10/18/13	8.12	8.18	7.95	8.09	4293300	8.09	2411	九九久	SZ
137	10/17/13	8.05	8.27	8.05	8.12	8474000	8.12	2411	九九久	SZ
138	10/16/13	8.36	8.39	7.89	7.99	10827300	7.99	2411	九九久	SZ
139	10/15/13	8.39	8.53	8.28	8.39	8539100	8.39	2411	九九久	SZ
140	10/14/13	8.39	8.66	8.25	8.44	13399500	8.44	2411	九九久	SZ
141	10/11/13	8.16	8.55	8.03	8.4	14446600	8.4	2411	九九久	SZ
142	10/10/13	8.18	8.26	8	8.1	11331600	8.1	2411	九九久	SZ
143	10/9/13	7.84	8.29	7.73	8.22	20654500	8.22	2411	九九久	SZ
144	10/8/13	7.8	7.9	7.6	7.9	9125200	7.9	2411	九九久	SZ
145	10/7/13	7.85	7.85	7.85	7.85	0	7.85	2411	九九久	SZ
146	10/4/13	7.85	7.85	7.85	7.85	0	7.85	2411	九九久	SZ
147	10/3/13	7.85	7.85	7.85	7.85	0	7.85	2411	九九久	SZ
148	10/2/13	7.85	7.85	7.85	7.85	0	7.85	2411	九九久	SZ
149	10/1/13	7.85	7.85	7.85	7.85	0	7.85	2411	九九久	SZ
150	9/30/13	7.81	8.04	7.77	7.85	7904800	7.85	2411	九九久	SZ
151	9/27/13	7.74	7.95	7.6	7.9	11885400	7.9	2411	九九久	SZ
152	9/26/13	7.6	8.08	7.52	7.74	18496600	7.74	2411	九九久	SZ
153	9/25/13	7.77	7.77	7.53	7.58	14300700	7.58	2411	九九久	SZ
154	9/24/13	7.85	8.05	7.63	7.8	30542100	7.8	2411	九九久	SZ
155	9/23/13	7.19	7.79	7.16	7.79	21057600	7.79	2411	九九久	SZ
156	9/20/13	7.08	7.08	7.08	7.08	0	7.08	2411	九九久	SZ
157	9/18/13	7	7.12	6.99	7.08	3872500	7.08	2411	九九久	SZ
158	9/17/13	7.2	7.26	7.02	7.04	3550000	7.04	2411	九九久	SZ
159	9/16/13	7.25	7.33	7.15	7.2	5240700	7.2	2411	九九久	SZ
160	9/13/13	7.2	7.35	7.14	7.25	6635800	7.25	2411	九九久	SZ
161	9/12/13	7.19	7.3	7.09	7.12	4120400	7.12	2411	九九久	SZ
162	9/11/13	7.34	7.38	7.07	7.23	6925600	7.23	2411	九九久	SZ
163	9/10/13	7.34	7.35	7.23	7.29	6070900	7.29	2411	九九久	SZ
164	9/9/13	7.28	7.38	7.2	7.34	7227300	7.34	2411	九九久	SZ
165	9/6/13	7.1	7.38	7	7.32	11683100	7.32	2411	九九久	SZ
166	9/5/13	6.91	7.12	6.91	7.1	6761300	7.1	2411	九九久	SZ
167	9/4/13	7.11	7.12	6.88	6.96	5246800	6.96	2411	九九久	SZ
168	9/3/13	7	7.11	6.94	7.1	4643600	7.1	2411	九九久	SZ
169	9/2/13	6.8	7.09	6.77	7.02	4793100	7.02	2411	九九久	SZ
170	8/30/13	7.38	7.38	6.88	6.88	11478500	6.88	2411	九九久	SZ
171	8/29/13	7.62	7.67	7.35	7.35	8707000	7.35	2411	九九久	SZ
172	8/28/13	7.58	7.74	7.52	7.59	11636700	7.59	2411	九九久	SZ
173	8/27/13	7.69	7.69	7.46	7.57	8172900	7.57	2411	九九久	SZ
174	8/26/13	7.6	7.74	7.52	7.6	10989300	7.6	2411	九九久	SZ
175	8/23/13	7.69	7.81	7.4	7.62	8353500	7.62	2411	九九久	SZ
176	8/22/13	7.43	7.68	7.42	7.68	8770700	7.68	2411	九九久	SZ
177	8/21/13	7.58	7.6	7.4	7.45	7676200	7.45	2411	九九久	SZ
178	8/20/13	7.58	7.74	7.49	7.58	6725900	7.58	2411	九九久	SZ
179	8/19/13	7.41	7.59	7.39	7.58	5384300	7.58	2411	九九久	SZ
180	8/16/13	7.66	7.81	7.35	7.37	9616800	7.37	2411	九九久	SZ
181	8/15/13	7.9	7.92	7.66	7.7	10037900	7.7	2411	九九久	SZ
182	8/14/13	8	8.07	7.78	7.89	14372300	7.89	2411	九九久	SZ
183	8/13/13	7.75	8.08	7.67	8.01	20701800	8.01	2411	九九久	SZ
184	8/12/13	7.8	7.87	7.54	7.8	16602500	7.8	2411	九九久	SZ
185	8/9/13	7.66	7.8	7.48	7.72	14412600	7.72	2411	九九久	SZ
186	8/8/13	7.25	7.88	7.18	7.63	21504400	7.63	2411	九九久	SZ
187	8/7/13	7.31	7.4	7.14	7.17	10712300	7.17	2411	九九久	SZ
188	8/6/13	7.46	7.67	7.34	7.35	15464600	7.35	2411	九九久	SZ
189	8/5/13	7.35	7.44	7.28	7.37	7803300	7.37	2411	九九久	SZ
190	8/2/13	7.21	7.56	7.21	7.33	14706100	7.33	2411	九九久	SZ
191	8/1/13	6.87	7.25	6.76	7.21	9711800	7.21	2411	九九久	SZ
192	7/31/13	6.8	7.02	6.75	6.81	5173900	6.81	2411	九九久	SZ
193	7/30/13	7.02	7.13	6.63	6.88	8765100	6.88	2411	九九久	SZ
194	7/29/13	7.15	7.37	6.91	7.02	13183800	7.02	2411	九九久	SZ
195	7/26/13	7.38	7.53	7.25	7.45	13035800	7.45	2411	九九久	SZ
196	7/25/13	7.4	7.73	7.3	7.32	19910000	7.32	2411	九九久	SZ
197	7/24/13	7.17	7.58	7.1	7.47	19250400	7.47	2411	九九久	SZ
198	7/23/13	6.96	7.38	6.96	7.24	21711400	7.24	2411	九九久	SZ
199	7/22/13	6.6	6.98	6.52	6.96	11819600	6.96	2411	九九久	SZ
200	7/19/13	6.8	7.13	6.7	6.7	26034800	6.7	2411	九九久	SZ
201	7/18/13	6.48	7.15	6.46	7.14	33804200	7.14	2411	九九久	SZ
202	7/17/13	6.8	6.86	6.48	6.5	12872500	6.5	2411	九九久	SZ
203	7/16/13	6.88	7.02	6.8	6.92	9118200	6.92	2411	九九久	SZ
204	7/15/13	6.67	7.02	6.56	6.96	13716100	6.96	2411	九九久	SZ
205	7/12/13	6.7	7	6.64	6.67	12716500	6.67	2411	九九久	SZ
206	7/11/13	6.52	6.88	6.52	6.81	15982900	6.81	2411	九九久	SZ
207	7/10/13	6.57	6.87	6.45	6.77	18051600	6.77	2411	九九久	SZ
208	7/9/13	6.53	6.8	6.25	6.62	15630300	6.62	2411	九九久	SZ
209	7/8/13	6.89	6.92	6.53	6.75	22009600	6.75	2411	九九久	SZ
210	7/5/13	7.04	7.04	6.75	7.04	36184700	7.04	2411	九九久	SZ
211	7/4/13	5.88	6.4	5.83	6.4	10840700	6.4	2411	九九久	SZ
212	7/3/13	5.8	5.93	5.68	5.82	5067200	5.82	2411	九九久	SZ
213	7/2/13	5.75	5.92	5.66	5.83	6664400	5.83	2411	九九久	SZ
214	7/1/13	5.54	5.68	5.43	5.67	4195400	5.67	2411	九九久	SZ
215	6/28/13	5.51	5.7	5.44	5.51	3300300	5.51	2411	九九久	SZ
216	6/27/13	5.83	6.05	5.53	5.55	4793700	5.55	2411	九九久	SZ
217	6/26/13	5.7	5.88	5.6	5.86	6242300	5.86	2411	九九久	SZ
218	6/25/13	5.88	6.07	5.36	5.7	5892200	5.7	2411	九九久	SZ
219	6/24/13	6.48	6.49	5.85	5.95	4189900	5.95	2411	九九久	SZ
220	6/21/13	6.77	6.77	6.34	6.5	4624600	6.5	2411	九九久	SZ
221	6/20/13	7.29	7.31	6.78	6.88	4048600	6.88	2411	九九久	SZ
222	6/19/13	7.22	7.43	7.1	7.39	5420200	7.39	2411	九九久	SZ
223	6/18/13	7.45	7.47	7.13	7.21	3710600	4.78	2411	九九久	SZ
224	6/17/13	7.23	7.43	7.19	7.4	4044900	4.9	2411	九九久	SZ
225	6/14/13	6.94	7.25	6.93	7.21	3862200	4.78	2411	九九久	SZ
226	6/13/13	7.17	7.17	6.81	6.95	3367900	4.61	2411	九九久	SZ
227	6/12/13	7.21	7.21	7.21	7.21	0	4.77	2411	九九久	SZ
228	6/11/13	7.21	7.21	7.21	7.21	0	4.77	2411	九九久	SZ
229	6/10/13	7.21	7.21	7.21	7.21	0	4.77	2411	九九久	SZ
230	6/7/13	7.23	7.4	7.13	7.21	4753600	4.77	2411	九九久	SZ
231	6/6/13	7.16	7.21	7.07	7.13	2140400	4.73	2411	九九久	SZ
232	6/5/13	7.18	7.27	7.13	7.25	3437800	4.8	2411	九九久	SZ
233	6/4/13	7.45	7.5	7.07	7.17	6061400	4.75	2411	九九久	SZ
234	6/3/13	7.72	7.79	7.4	7.43	10087100	4.92	2411	九九久	SZ
235	5/31/13	7.7	7.87	7.67	7.78	9955100	5.15	2411	九九久	SZ
236	5/30/13	7.6	7.8	7.55	7.68	11251100	5.09	2411	九九久	SZ
237	5/29/13	7.58	7.75	7.54	7.71	14003800	5.11	2411	九九久	SZ
238	5/28/13	7.29	7.8	7.24	7.69	20229700	5.09	2411	九九久	SZ
239	5/27/13	7.26	7.3	7.16	7.26	5259400	4.81	2411	九九久	SZ
240	5/24/13	7.18	7.29	7.15	7.21	4301200	4.77	2411	九九久	SZ
241	5/23/13	7.17	7.37	7.1	7.2	6917800	4.77	2411	九九久	SZ
242	5/22/13	7.33	7.37	7.12	7.19	6812600	4.76	2411	九九久	SZ
243	5/21/13	7.43	7.5	7.29	7.41	8481400	4.91	2411	九九久	SZ
244	5/20/13	7.13	7.49	7.11	7.47	12107100	4.95	2411	九九久	SZ
245	5/17/13	7.19	7.23	6.98	7.15	9836300	4.74	2411	九九久	SZ
246	5/16/13	7.26	7.45	7.14	7.23	7897700	4.79	2411	九九久	SZ
247	5/15/13	7.29	7.35	7.2	7.26	4783100	4.81	2411	九九久	SZ
248	5/14/13	7.11	7.32	7.02	7.29	6508300	4.83	2411	九九久	SZ
249	5/13/13	7.19	7.25	6.97	7.15	5786100	4.74	2411	九九久	SZ
250	5/10/13	7.26	7.4	7.01	7.13	6504100	4.73	2411	九九久	SZ
251	5/9/13	7.24	7.42	7.1	7.33	9445900	4.85	2411	九九久	SZ
252	5/8/13	7.17	7.32	7.07	7.24	5810700	4.8	2411	九九久	SZ
253	5/7/13	7.14	7.19	7.01	7.11	6031900	4.71	2411	九九久	SZ
254	5/6/13	6.87	7.41	6.87	7.09	14901300	4.7	2411	九九久	SZ
255	5/3/13	6.4	6.83	6.4	6.76	7633900	4.48	2411	九九久	SZ
256	5/2/13	6.24	6.43	6.19	6.41	1758600	4.24	2411	九九久	SZ
257	5/1/13	6.3	6.3	6.3	6.3	0	4.17	2411	九九久	SZ
258	4/30/13	6.3	6.3	6.3	6.3	0	4.17	2411	九九久	SZ
259	4/29/13	6.3	6.3	6.3	6.3	0	4.17	2411	九九久	SZ
260	4/26/13	6.51	6.53	6.3	6.3	2695100	4.17	2411	九九久	SZ
261	4/25/13	6.59	6.73	6.53	6.54	3810000	4.33	2411	九九久	SZ
262	4/24/13	6.46	6.67	6.45	6.63	3719400	4.39	2411	九九久	SZ
263	4/23/13	6.63	6.75	6.44	6.53	5143600	4.33	2411	九九久	SZ
264	4/22/13	6.53	6.56	6.47	6.53	3553400	4.33	2411	九九久	SZ
265	4/19/13	6.39	6.62	6.39	6.59	4745100	4.36	2411	九九久	SZ
266	4/18/13	6.41	6.49	6.37	6.44	2637000	4.27	2411	九九久	SZ
267	4/17/13	6.4	6.49	6.35	6.45	3003700	4.27	2411	九九久	SZ
268	4/16/13	6.17	6.57	6.17	6.46	6421400	4.28	2411	九九久	SZ
269	4/15/13	6.22	6.25	6.13	6.13	1390200	4.06	2411	九九久	SZ
270	4/12/13	6.25	6.29	6.17	6.25	1624900	4.14	2411	九九久	SZ
271	4/11/13	6.31	6.37	6.25	6.27	1593000	4.15	2411	九九久	SZ
272	4/10/13	6.37	6.37	6.25	6.28	1924200	4.16	2411	九九久	SZ
273	4/9/13	6.34	6.41	6.32	6.37	2387900	4.22	2411	九九久	SZ
274	4/8/13	6.17	6.36	6.14	6.34	2304900	4.2	2411	九九久	SZ
275	4/5/13	6.26	6.26	6.26	6.26	0	4.15	2411	九九久	SZ
276	4/4/13	6.26	6.26	6.26	6.26	0	4.15	2411	九九久	SZ
277	4/3/13	6.22	6.32	6.21	6.26	2229000	4.15	2411	九九久	SZ
278	4/2/13	6.24	6.33	6.12	6.17	2583400	4.09	2411	九九久	SZ
279	4/1/13	6.23	6.29	6.22	6.23	2193900	4.13	2411	九九久	SZ
280	3/29/13	6.27	6.33	6.21	6.22	2945700	4.12	2411	九九久	SZ
281	3/28/13	6.6	6.63	6.27	6.3	7667700	4.17	2411	九九久	SZ
282	3/27/13	6.79	6.95	6.78	6.85	3154700	4.54	2411	九九久	SZ
283	3/26/13	6.89	6.92	6.74	6.79	2730000	4.5	2411	九九久	SZ
284	3/25/13	6.93	6.97	6.77	6.92	3821700	4.58	2411	九九久	SZ
285	3/22/13	6.9	6.93	6.83	6.9	2879800	4.57	2411	九九久	SZ
286	3/21/13	6.91	6.96	6.85	6.91	3267800	4.58	2411	九九久	SZ
287	3/20/13	6.77	6.91	6.67	6.91	3452100	4.58	2411	九九久	SZ
288	3/19/13	6.67	6.76	6.59	6.76	2060300	4.48	2411	九九久	SZ
289	3/18/13	6.83	6.85	6.69	6.69	2621200	4.43	2411	九九久	SZ
290	3/15/13	6.94	7	6.81	6.85	3432500	4.54	2411	九九久	SZ
291	3/14/13	6.77	7	6.75	6.94	4401100	4.6	2411	九九久	SZ
292	3/13/13	6.85	6.87	6.67	6.77	3105400	4.49	2411	九九久	SZ
293	3/12/13	7.17	7.27	6.74	6.85	4853900	4.54	2411	九九久	SZ
294	3/11/13	7.23	7.31	7.13	7.21	3011200	4.78	2411	九九久	SZ
295	3/8/13	7.42	7.48	7.27	7.27	3959100	4.82	2411	九九久	SZ
296	3/7/13	7.63	7.63	7.33	7.4	7157600	4.9	2411	九九久	SZ
297	3/6/13	7.58	7.66	7.47	7.66	10343100	5.07	2411	九九久	SZ
298	3/5/13	7.38	7.63	7.38	7.57	9339500	5.02	2411	九九久	SZ
299	3/4/13	7.43	7.62	7.35	7.42	14507800	4.92	2411	九九久	SZ
300	3/1/13	7.21	7.37	7.18	7.33	5106500	4.86	2411	九九久	SZ
301	2/28/13	7.11	7.27	7.04	7.25	4373400	4.8	2411	九九久	SZ
302	2/27/13	7.13	7.22	7.08	7.09	3021200	4.7	2411	九九久	SZ
303	2/26/13	7.16	7.23	7.1	7.14	4028900	4.73	2411	九九久	SZ
304	2/25/13	7.13	7.25	7.1	7.19	3869400	4.77	2411	九九久	SZ
305	2/22/13	7.34	7.38	7.13	7.15	5828000	4.74	2411	九九久	SZ
306	2/21/13	7.47	7.47	7.27	7.34	5739200	4.86	2411	九九久	SZ
307	2/20/13	7.33	7.57	7.29	7.55	7650000	5	2411	九九久	SZ
308	2/19/13	7.47	7.5	7.23	7.28	5296100	4.82	2411	九九久	SZ
309	2/18/13	7.48	7.51	7.43	7.47	4781400	4.95	2411	九九久	SZ
310	2/15/13	7.45	7.45	7.45	7.45	0	4.93	2411	九九久	SZ
311	2/14/13	7.45	7.45	7.45	7.45	0	4.93	2411	九九久	SZ
312	2/13/13	7.45	7.45	7.45	7.45	0	4.93	2411	九九久	SZ
313	2/12/13	7.45	7.45	7.45	7.45	0	4.93	2411	九九久	SZ
314	2/11/13	7.45	7.45	7.45	7.45	0	4.93	2411	九九久	SZ
315	2/8/13	7.35	7.45	7.31	7.45	5112400	4.93	2411	九九久	SZ
316	2/7/13	7.35	7.43	7.28	7.33	5932200	4.86	2411	九九久	SZ
317	2/6/13	7.27	7.55	7.27	7.4	12206800	4.9	2411	九九久	SZ
318	2/5/13	8.15	8.15	7.4	7.58	21520800	5.02	2411	九九久	SZ
319	2/4/13	8	8.26	7.87	8.1	20196000	5.37	2411	九九久	SZ
320	2/1/13	7.8	8.05	7.74	7.95	16608900	5.26	2411	九九久	SZ
321	1/31/13	8	8.2	7.86	7.91	19912400	5.24	2411	九九久	SZ
322	1/30/13	7.99	8.31	7.82	8.06	28356600	5.34	2411	九九久	SZ
323	1/29/13	7.74	8.12	7.63	7.99	25527800	5.29	2411	九九久	SZ
324	1/28/13	7.58	7.91	7.45	7.74	21052300	5.13	2411	九九久	SZ
325	1/25/13	7.36	7.61	7.35	7.58	17382200	5.02	2411	九九久	SZ
326	1/24/13	7.56	7.57	7.32	7.47	17421200	4.95	2411	九九久	SZ
327	1/23/13	7.62	7.62	7.39	7.59	16006600	5.03	2411	九九久	SZ
328	1/22/13	7.35	7.71	7.33	7.55	20422700	5	2411	九九久	SZ
329	1/21/13	7.28	7.4	7.16	7.38	5156400	4.89	2411	九九久	SZ
330	1/18/13	7.2	7.3	7.15	7.27	4550500	4.82	2411	九九久	SZ
331	1/17/13	7.23	7.36	7.19	7.21	7642900	4.78	2411	九九久	SZ
332	1/16/13	6.98	7.33	6.94	7.29	15968700	4.83	2411	九九久	SZ
333	1/15/13	6.79	7.06	6.77	7.03	9817800	4.66	2411	九九久	SZ
334	1/14/13	6.57	6.83	6.5	6.77	5176400	4.49	2411	九九久	SZ
335	1/11/13	6.8	6.85	6.57	6.57	5505100	4.35	2411	九九久	SZ
336	1/10/13	6.8	6.91	6.79	6.84	4034200	4.53	2411	九九久	SZ
337	1/9/13	6.88	6.93	6.79	6.82	5377100	4.52	2411	九九久	SZ
338	1/8/13	6.83	6.93	6.7	6.88	6869200	4.56	2411	九九久	SZ
339	1/7/13	6.64	6.83	6.33	6.83	5880000	4.53	2411	九九久	SZ
340	1/4/13	6.75	6.8	6.61	6.64	2910900	4.4	2411	九九久	SZ
341	1/3/13	6.71	6.71	6.71	6.71	0	4.44	2411	九九久	SZ
342	1/2/13	6.71	6.71	6.71	6.71	0	4.44	2411	九九久	SZ
343	1/1/13	6.71	6.71	6.71	6.71	0	4.44	2411	九九久	SZ
344	12/31/12	6.7	6.79	6.63	6.71	2780600	4.44	2411	九九久	SZ
345	12/28/12	6.64	6.69	6.57	6.67	3327900	4.42	2411	九九久	SZ
346	12/27/12	6.8	6.82	6.64	6.64	4284100	4.4	2411	九九久	SZ
347	12/26/12	6.72	6.81	6.68	6.79	4889100	4.5	2411	九九久	SZ
348	12/25/12	6.56	6.76	6.56	6.72	6078200	4.45	2411	九九久	SZ
349	12/24/12	6.57	6.64	6.51	6.53	3173000	4.32	2411	九九久	SZ
350	12/21/12	6.54	6.72	6.47	6.59	6881400	4.36	2411	九九久	SZ
351	12/20/12	6.41	6.57	6.39	6.55	5251900	4.34	2411	九九久	SZ
352	12/19/12	6.4	6.47	6.32	6.43	3071300	4.26	2411	九九久	SZ
353	12/18/12	6.37	6.53	6.33	6.4	5169600	4.24	2411	九九久	SZ
354	12/17/12	6.39	6.5	6.33	6.41	4809200	4.25	2411	九九久	SZ
355	12/14/12	6.13	6.39	6.01	6.36	6094100	4.21	2411	九九久	SZ
356	12/13/12	6.26	6.37	6.13	6.13	5696300	4.06	2411	九九久	SZ
357	12/12/12	6.8	6.82	6.33	6.42	11690000	4.25	2411	九九久	SZ
358	12/11/12	6.31	6.31	6.19	6.2	3348900	4.11	2411	九九久	SZ
359	12/10/12	6.23	6.34	6.17	6.33	3437100	4.2	2411	九九久	SZ
360	12/7/12	6.03	6.31	5.99	6.27	4240700	4.16	2411	九九久	SZ
361	12/6/12	6.12	6.12	6.02	6.03	1746200	4	2411	九九久	SZ
362	12/5/12	5.95	6.18	5.92	6.09	3255600	4.04	2411	九九久	SZ
363	12/4/12	5.72	5.92	5.71	5.9	1408300	3.91	2411	九九久	SZ
364	12/3/12	5.95	5.98	5.75	5.76	1109300	3.82	2411	九九久	SZ
365	11/30/12	5.9	5.97	5.83	5.97	1172600	3.95	2411	九九久	SZ
366	11/29/12	5.94	6.03	5.83	5.89	1469300	3.9	2411	九九久	SZ
367	11/28/12	6.07	6.11	5.9	5.94	1595800	3.94	2411	九九久	SZ
368	11/27/12	6.51	6.51	6.15	6.16	2592100	4.08	2411	九九久	SZ
369	11/26/12	6.64	6.65	6.52	6.52	1176100	4.32	2411	九九久	SZ
370	11/23/12	6.55	6.61	6.52	6.59	1162300	4.36	2411	九九久	SZ
371	11/22/12	6.67	6.67	6.55	6.55	1449800	4.34	2411	九九久	SZ
372	11/21/12	6.59	6.68	6.47	6.68	2527900	4.43	2411	九九久	SZ
373	11/20/12	6.68	6.86	6.63	6.63	3343500	4.39	2411	九九久	SZ
374	11/19/12	6.56	6.66	6.53	6.64	2518600	4.4	2411	九九久	SZ
375	11/16/12	6.69	6.69	6.45	6.55	3873900	4.34	2411	九九久	SZ
376	11/15/12	7.11	7.11	6.73	6.79	8996600	4.5	2411	九九久	SZ
377	11/14/12	7.05	7.05	7.05	7.05	4800200	4.67	2411	九九久	SZ
378	11/13/12	6.56	6.56	6.41	6.41	1379100	4.25	2411	九九久	SZ
379	11/12/12	6.49	6.58	6.41	6.57	2211800	4.35	2411	九九久	SZ
380	11/9/12	6.59	6.66	6.4	6.47	3523900	4.29	2411	九九久	SZ
381	11/8/12	6.87	6.92	6.6	6.6	2742700	4.37	2411	九九久	SZ
382	11/7/12	6.94	7.04	6.87	6.93	1456300	4.59	2411	九九久	SZ
383	11/6/12	7.11	7.13	6.73	6.99	2033900	4.63	2411	九九久	SZ
384	11/5/12	7.2	7.24	7.09	7.1	1953100	4.7	2411	九九久	SZ
385	11/2/12	7.25	7.28	7.17	7.24	2086300	4.8	2411	九九久	SZ
386	11/1/12	7.13	7.29	7.13	7.25	3029700	4.81	2411	九九久	SZ
387	10/31/12	7.09	7.18	7.09	7.13	1153000	4.73	2411	九九久	SZ
388	10/30/12	7.18	7.19	7.1	7.11	839100	4.71	2411	九九久	SZ
389	10/29/12	7.15	7.19	7.09	7.11	1686500	4.71	2411	九九久	SZ
390	10/26/12	7.31	7.4	7.07	7.15	2524700	4.74	2411	九九久	SZ
391	10/25/12	7.29	7.36	7.25	7.3	1842700	4.84	2411	九九久	SZ
392	10/24/12	7.32	7.39	7.27	7.29	2127600	4.83	2411	九九久	SZ
393	10/23/12	7.48	7.53	7.3	7.33	4821800	4.85	2411	九九久	SZ
394	10/22/12	7.57	7.59	7.43	7.53	2867000	4.99	2411	九九久	SZ
395	10/19/12	7.67	7.67	7.58	7.6	2367800	5.04	2411	九九久	SZ
396	10/18/12	7.67	7.73	7.63	7.67	4118300	5.08	2411	九九久	SZ
397	10/17/12	7.48	7.73	7.47	7.67	5344100	5.08	2411	九九久	SZ
398	10/16/12	7.45	7.57	7.43	7.48	2121200	4.96	2411	九九久	SZ
399	10/15/12	7.47	7.51	7.39	7.45	2177900	4.94	2411	九九久	SZ
400	10/12/12	7.6	7.65	7.39	7.45	3193800	4.93	2411	九九久	SZ
401	10/11/12	7.7	7.78	7.57	7.57	4285100	5.02	2411	九九久	SZ
402	10/10/12	7.56	7.73	7.53	7.73	5100000	5.12	2411	九九久	SZ
403	10/9/12	7.45	7.7	7.45	7.67	3392200	5.08	2411	九九久	SZ
404	10/8/12	7.55	7.63	7.43	7.45	1904500	4.94	2411	九九久	SZ
405	10/5/12	7.53	7.53	7.53	7.53	0	4.99	2411	九九久	SZ
406	10/4/12	7.53	7.53	7.53	7.53	0	4.99	2411	九九久	SZ
407	10/3/12	7.53	7.53	7.53	7.53	0	4.99	2411	九九久	SZ
408	10/2/12	7.53	7.53	7.53	7.53	0	4.99	2411	九九久	SZ
409	10/1/12	7.53	7.53	7.53	7.53	0	4.99	2411	九九久	SZ
410	9/28/12	7.47	7.55	7.43	7.53	2556800	4.99	2411	九九久	SZ
411	9/27/12	7.32	7.53	7.25	7.46	3745800	4.94	2411	九九久	SZ
412	9/26/12	7.73	7.77	7.26	7.36	3411600	4.88	2411	九九久	SZ
413	9/25/12	7.65	7.81	7.65	7.75	2298700	5.14	2411	九九久	SZ
414	9/24/12	7.6	7.71	7.51	7.69	2507800	5.09	2411	九九久	SZ
415	9/21/12	7.67	7.77	7.59	7.68	2602500	5.09	2411	九九久	SZ
416	9/20/12	8	8.13	7.63	7.67	3265200	5.08	2411	九九久	SZ
417	9/19/12	7.87	8	7.87	7.97	2049800	5.28	2411	九九久	SZ
418	9/18/12	7.9	8	7.8	7.88	3031600	5.22	2411	九九久	SZ
419	9/17/12	8.19	8.19	7.89	7.9	3370500	5.23	2411	九九久	SZ
420	9/14/12	8.22	8.28	8.01	8.13	3989700	5.38	2411	九九久	SZ
421	9/13/12	8.53	8.55	8.17	8.17	5407800	5.41	2411	九九久	SZ
422	9/12/12	8.43	8.51	8.34	8.49	6334400	5.62	2411	九九久	SZ
423	9/11/12	8.42	8.45	8.28	8.41	4780600	5.57	2411	九九久	SZ
424	9/10/12	8.33	8.51	8.31	8.42	7458200	5.58	2411	九九久	SZ
425	9/7/12	8.21	8.44	8.16	8.35	9955600	5.53	2411	九九久	SZ
426	9/6/12	7.95	8.21	7.95	8.11	4535300	5.37	2411	九九久	SZ
427	9/5/12	8.1	8.12	7.88	7.99	5630600	5.3	2411	九九久	SZ
428	9/4/12	8.3	8.38	8.12	8.12	6937500	5.38	2411	九九久	SZ
429	9/3/12	8.3	8.39	8.18	8.36	9591100	5.54	2411	九九久	SZ
430	8/31/12	8.43	8.5	8.15	8.23	12292600	5.45	2411	九九久	SZ
431	8/30/12	7.77	8.53	7.77	8.48	20173200	5.62	2411	九九久	SZ
432	8/29/12	7.67	7.87	7.61	7.76	3692000	5.14	2411	九九久	SZ
433	8/28/12	7.56	7.78	7.56	7.69	3462800	5.1	2411	九九久	SZ
434	8/27/12	7.81	7.81	7.58	7.58	5041300	5.02	2411	九九久	SZ
435	8/24/12	8.21	8.25	7.88	7.88	6393000	5.22	2411	九九久	SZ
436	8/23/12	8.23	8.31	8.09	8.27	4646300	5.48	2411	九九久	SZ
437	8/22/12	8.49	8.52	8.19	8.23	6122700	5.45	2411	九九久	SZ
438	8/21/12	8.37	8.55	8.34	8.48	6459600	5.62	2411	九九久	SZ
439	8/20/12	8.2	8.39	8.14	8.39	4235500	5.56	2411	九九久	SZ
440	8/17/12	8.09	8.31	8.03	8.25	4105100	5.47	2411	九九久	SZ
441	8/16/12	8.34	8.38	8.13	8.16	7625000	5.41	2411	九九久	SZ
442	8/15/12	8.64	8.66	8.43	8.45	6035500	5.6	2411	九九久	SZ
443	8/14/12	8.55	8.69	8.42	8.68	9984200	5.75	2411	九九久	SZ
444	8/13/12	8.79	8.83	8.43	8.47	12885200	5.61	2411	九九久	SZ
445	8/10/12	9.15	9.26	8.69	8.79	28695400	5.83	2411	九九久	SZ
446	8/9/12	9.05	9.38	8.67	9.19	40323700	6.09	2411	九九久	SZ
447	8/8/12	8.88	9.33	8.88	9.05	38026300	6	2411	九九久	SZ
448	8/7/12	9	9	8.49	8.59	25641100	5.69	2411	九九久	SZ
449	8/6/12	7.88	8.67	7.8	8.58	21117800	5.68	2411	九九久	SZ
450	8/3/12	7.79	7.93	7.67	7.89	6368300	5.23	2411	九九久	SZ
451	8/2/12	7.92	7.93	7.62	7.8	5585000	5.17	2411	九九久	SZ
452	8/1/12	7.97	8.15	7.61	7.98	13581400	5.29	2411	九九久	SZ
453	7/31/12	8.05	8.1	7.43	7.93	15112300	5.25	2411	九九久	SZ
454	7/30/12	8.55	8.73	8.1	8.13	16078600	5.39	2411	九九久	SZ
455	7/27/12	8.45	8.63	8.34	8.54	16094200	5.66	2411	九九久	SZ
456	7/26/12	8.47	8.65	8.25	8.47	18806900	5.61	2411	九九久	SZ
457	7/25/12	8.8	9.07	8.47	8.51	23030300	5.64	2411	九九久	SZ
458	7/24/12	8.47	8.99	8.42	8.85	27796400	5.86	2411	九九久	SZ
459	7/23/12	8.23	8.6	8.15	8.51	18281400	5.64	2411	九九久	SZ
460	7/20/12	8.24	8.59	8.17	8.35	16742100	5.53	2411	九九久	SZ
461	7/19/12	8.16	8.41	8.07	8.29	14373200	5.49	2411	九九久	SZ
462	7/18/12	8.15	8.22	7.95	8.16	13168100	5.41	2411	九九久	SZ
463	7/17/12	8.15	8.33	8.07	8.17	11861000	5.41	2411	九九久	SZ
464	7/16/12	8.57	8.66	8.24	8.24	15221900	5.46	2411	九九久	SZ
465	7/13/12	8.57	8.73	8.45	8.53	16517600	5.65	2411	九九久	SZ
466	7/12/12	8.45	8.78	8.31	8.61	21037100	5.71	2411	九九久	SZ
467	7/11/12	8.13	8.51	8.01	8.5	17772800	5.63	2411	九九久	SZ
468	7/10/12	8.3	8.45	7.98	8.24	15402400	5.46	2411	九九久	SZ
469	7/9/12	8.31	8.52	8.17	8.3	16211300	5.5	2411	九九久	SZ
470	7/6/12	8.24	8.43	8.14	8.36	16700300	5.54	2411	九九久	SZ
471	7/5/12	8.1	8.31	7.83	8.23	14870100	5.45	2411	九九久	SZ
472	7/4/12	8.36	8.4	8.14	8.19	9726400	5.43	2411	九九久	SZ
473	7/3/12	8.36	8.5	8.27	8.37	14632500	5.54	2411	九九久	SZ
474	7/2/12	8.17	8.43	8.1	8.41	18092700	5.57	2411	九九久	SZ
475	6/29/12	8.01	8.16	7.97	8.13	12092300	5.39	2411	九九久	SZ
476	6/28/12	8.16	8.45	7.92	8.13	19304500	5.39	2411	九九久	SZ
477	6/27/12	8.2	8.5	8.1	8.27	21652300	5.48	2411	九九久	SZ
478	6/26/12	7.85	8.52	7.77	8.24	21350300	5.46	2411	九九久	SZ
479	6/25/12	7.99	8.11	7.73	7.93	12153600	5.25	2411	九九久	SZ
480	6/22/12	7.99	7.99	7.99	7.99	0	5.3	2411	九九久	SZ
481	6/21/12	7.93	8.16	7.77	7.99	15412700	5.3	2411	九九久	SZ
482	6/20/12	8.05	8.1	7.91	7.97	5511600	5.28	2411	九九久	SZ
483	6/19/12	8.05	8.06	7.89	8.04	7518300	5.33	2411	九九久	SZ
484	6/18/12	8.13	8.15	7.94	8.07	7921900	5.34	2411	九九久	SZ
485	6/15/12	7.94	8.24	7.87	8.1	15207200	5.37	2411	九九久	SZ
486	6/14/12	7.87	8.13	7.78	7.99	13428500	5.3	2411	九九久	SZ
487	6/13/12	7.59	7.95	7.59	7.91	7916100	5.24	2411	九九久	SZ
488	6/12/12	7.67	7.68	7.54	7.63	4076600	5.05	2411	九九久	SZ
489	6/11/12	7.63	7.73	7.54	7.72	6962000	5.11	2411	九九久	SZ
490	6/8/12	7.4	7.7	7.32	7.67	8998200	5.08	2411	九九久	SZ
491	6/7/12	7.29	7.5	7.26	7.33	4837000	4.86	2411	九九久	SZ
492	6/6/12	7.14	7.37	7.11	7.2	2344400	4.77	2411	九九久	SZ
493	6/5/12	7.22	7.29	7.1	7.13	2567700	4.72	2411	九九久	SZ
494	6/4/12	7.2	7.55	7.11	7.23	6268800	4.79	2411	九九久	SZ
495	6/1/12	7.31	7.43	7.27	7.36	2497900	4.88	2411	九九久	SZ
496	5/31/12	7.09	7.43	7.07	7.33	4452400	4.85	2411	九九久	SZ
497	5/30/12	7.17	7.19	7.07	7.15	2354700	4.73	2411	九九久	SZ
498	5/29/12	6.99	7.22	6.95	7.15	2397100	4.73	2411	九九久	SZ
499	5/28/12	6.97	7.02	6.71	7	2223600	4.61	2411	九九久	SZ
500	5/25/12	7.23	7.25	6.97	6.99	2709200	4.6	2411	九九久	SZ
501	5/24/12	7.25	7.35	7.17	7.26	2276400	4.78	2411	九九久	SZ
502	5/23/12	7.44	7.44	7.15	7.25	2634700	4.77	2411	九九久	SZ
503	5/22/12	7.25	7.4	7.25	7.4	2522600	4.87	2411	九九久	SZ
504	5/21/12	7.15	7.37	7.13	7.27	2718800	4.78	2411	九九久	SZ
505	5/18/12	7.31	7.51	7.24	7.26	3411100	4.78	2411	九九久	SZ
506	5/17/12	7.21	7.4	7.21	7.35	2179600	4.84	2411	九九久	SZ
507	5/16/12	7.37	7.44	7.24	7.24	2169200	4.77	2411	九九久	SZ
508	5/15/12	7.43	7.45	7.27	7.41	3402000	4.88	2411	九九久	SZ
509	5/14/12	7.8	7.8	7.52	7.55	3663200	4.97	2411	九九久	SZ
510	5/11/12	7.85	7.87	7.7	7.71	2817500	5.08	2411	九九久	SZ
511	5/10/12	7.76	7.92	7.72	7.87	3354000	5.18	2411	九九久	SZ
512	5/9/12	7.99	7.99	7.75	7.76	4110000	5.11	2411	九九久	SZ
513	5/8/12	8.1	8.15	7.9	8.02	5095000	5.28	2411	九九久	SZ
514	5/7/12	8.09	8.09	8.09	8.09	0	5.33	2411	九九久	SZ
515	5/4/12	7.77	8.1	7.75	8.09	5936000	5.33	2411	九九久	SZ
516	5/3/12	7.67	7.83	7.63	7.77	2952000	5.12	2411	九九久	SZ
517	5/2/12	7.66	7.74	7.55	7.69	3800700	5.06	2411	九九久	SZ
518	5/1/12	7.57	7.57	7.57	7.57	0	4.99	2411	九九久	SZ
519	4/30/12	7.57	7.57	7.57	7.57	0	4.99	2411	九九久	SZ
520	4/27/12	7.77	7.85	7.57	7.57	4008800	4.99	2411	九九久	SZ
521	4/26/12	7.89	7.93	7.77	7.78	4195400	5.12	2411	九九久	SZ
522	4/25/12	7.98	7.99	7.72	7.86	4668000	5.17	2411	九九久	SZ
523	4/24/12	7.92	8.07	7.47	7.99	6410600	5.26	2411	九九久	SZ
524	4/23/12	7.89	8.13	7.86	7.92	4413800	5.21	2411	九九久	SZ
525	4/20/12	7.93	8	7.79	7.91	4477500	5.21	2411	九九久	SZ
526	4/19/12	8.19	8.32	7.95	7.98	8180900	5.25	2411	九九久	SZ
527	4/18/12	7.59	7.95	7.57	7.93	4677000	5.22	2411	九九久	SZ
528	4/17/12	7.73	7.77	7.55	7.56	2626500	4.98	2411	九九久	SZ
529	4/16/12	7.63	7.8	7.59	7.71	3608100	5.07	2411	九九久	SZ
530	4/13/12	7.59	7.87	7.52	7.77	6218800	5.11	2411	九九久	SZ
531	4/12/12	7.42	7.56	7.36	7.55	4880000	4.97	2411	九九久	SZ
532	4/11/12	7.2	7.48	7.15	7.43	5442000	4.89	2411	九九久	SZ
533	4/10/12	7.2	7.2	7.2	7.2	0	4.74	2411	九九久	SZ
534	4/9/12	7.4	7.41	7.19	7.2	3758600	4.74	2411	九九久	SZ
535	4/6/12	7.27	7.45	7.21	7.45	5024700	4.9	2411	九九久	SZ
536	4/5/12	7.13	7.32	6.95	7.29	5583000	4.8	2411	九九久	SZ
537	4/4/12	7.06	7.06	7.06	7.06	0	4.65	2411	九九久	SZ
538	4/3/12	7.06	7.06	7.06	7.06	0	4.65	2411	九九久	SZ
539	4/2/12	7.06	7.06	7.06	7.06	0	4.65	2411	九九久	SZ
540	3/30/12	7.47	7.55	6.87	7.06	6383200	4.65	2411	九九久	SZ
541	3/29/12	7.6	7.67	7.33	7.46	5487100	4.91	2411	九九久	SZ
542	3/28/12	8.26	8.26	7.7	7.73	8712600	5.09	2411	九九久	SZ
543	3/27/12	8.25	8.66	8.25	8.38	10301500	5.52	2411	九九久	SZ
544	3/26/12	8.27	8.65	8.23	8.29	11628100	5.45	2411	九九久	SZ
545	3/23/12	8.21	8.24	7.99	8	5170800	5.27	2411	九九久	SZ
546	3/22/12	8.4	8.42	8.15	8.27	6194800	5.44	2411	九九久	SZ
547	3/21/12	8.1	8.47	8.01	8.4	9645500	5.53	2411	九九久	SZ
548	3/20/12	8.23	8.31	8	8.03	6801800	5.29	2411	九九久	SZ
549	3/19/12	8.12	8.39	8	8.33	9813100	5.49	2411	九九久	SZ
550	3/16/12	7.79	8.14	7.65	8.11	10424600	5.34	2411	九九久	SZ
551	3/15/12	8.15	8.25	7.67	7.79	10363500	5.13	2411	九九久	SZ
552	3/14/12	8.93	9.03	8.07	8.13	12695300	5.35	2411	九九久	SZ
553	3/13/12	8.95	8.95	8.79	8.92	6961500	5.87	2411	九九久	SZ
554	3/12/12	9.03	9.07	8.79	8.96	10309700	5.9	2411	九九久	SZ
555	3/9/12	8.55	9.04	8.53	8.99	15806000	5.92	2411	九九久	SZ
556	3/8/12	8.55	8.73	8.43	8.53	11707500	5.62	2411	九九久	SZ
557	3/7/12	8.19	8.7	8.15	8.53	14093500	5.62	2411	九九久	SZ
558	3/6/12	8.45	8.57	8.23	8.32	7072600	5.48	2411	九九久	SZ
559	3/5/12	8.39	8.57	8.31	8.5	9394600	5.6	2411	九九久	SZ
560	3/2/12	8.24	8.4	8.21	8.39	8022800	5.52	2411	九九久	SZ
561	3/1/12	8.19	8.35	8.15	8.25	7925200	5.43	2411	九九久	SZ
562	2/29/12	8.2	8.37	8.08	8.22	7392900	5.41	2411	九九久	SZ
563	2/28/12	8.27	8.38	8.07	8.22	11829900	5.41	2411	九九久	SZ
564	2/27/12	8.6	8.9	8.4	8.4	17890800	5.53	2411	九九久	SZ
565	2/24/12	8.31	8.57	8.13	8.57	14418200	5.64	2411	九九久	SZ
566	2/23/12	8.35	8.57	8.27	8.35	10826300	5.49	2411	九九久	SZ
567	2/22/12	8.23	8.45	8.19	8.41	15513800	5.54	2411	九九久	SZ
568	2/21/12	8.33	8.35	8.05	8.32	14975800	5.48	2411	九九久	SZ
569	2/20/12	8.35	8.54	8.11	8.39	30477500	5.52	2411	九九久	SZ
570	2/17/12	7.73	7.99	7.73	7.99	18915300	5.26	2411	九九久	SZ
571	2/16/12	7.06	7.31	7.01	7.27	9361800	4.78	2411	九九久	SZ
572	2/15/12	7.09	7.12	6.97	7.06	6150000	4.65	2411	九九久	SZ
573	2/14/12	6.94	7.13	6.93	6.97	4208300	4.59	2411	九九久	SZ
574	2/13/12	6.81	7.03	6.73	6.93	4106000	4.56	2411	九九久	SZ
575	2/10/12	6.8	6.95	6.77	6.85	3800100	4.51	2411	九九久	SZ
576	2/9/12	6.95	7.15	6.87	6.87	5282900	4.52	2411	九九久	SZ
577	2/8/12	6.68	6.95	6.61	6.91	4953600	4.55	2411	九九久	SZ
578	2/7/12	6.79	6.79	6.79	6.79	0	4.47	2411	九九久	SZ
579	2/6/12	6.7	6.94	6.7	6.79	4367600	4.47	2411	九九久	SZ
580	2/3/12	6.62	6.77	6.55	6.74	4320700	4.44	2411	九九久	SZ
581	2/2/12	6.46	6.65	6.44	6.61	2335400	4.35	2411	九九久	SZ
582	2/1/12	6.68	6.82	6.33	6.47	4262300	4.26	2411	九九久	SZ
583	1/31/12	6.6	6.83	6.5	6.77	4998200	4.45	2411	九九久	SZ
584	1/30/12	6.62	6.62	6.44	6.45	1872700	4.25	2411	九九久	SZ
585	1/27/12	6.57	6.57	6.57	6.57	0	4.32	2411	九九久	SZ
586	1/26/12	6.57	6.57	6.57	6.57	0	4.32	2411	九九久	SZ
587	1/25/12	6.57	6.57	6.57	6.57	0	4.32	2411	九九久	SZ
588	1/24/12	6.57	6.57	6.57	6.57	0	4.32	2411	九九久	SZ
589	1/23/12	6.57	6.57	6.57	6.57	0	4.32	2411	九九久	SZ
590	1/20/12	6.43	6.57	6.4	6.57	2312400	4.32	2411	九九久	SZ
591	1/19/12	6.39	6.49	6.28	6.43	2039000	4.23	2411	九九久	SZ
592	1/18/12	6.34	6.57	6.27	6.37	4150000	4.19	2411	九九久	SZ
593	1/17/12	6	6.32	5.91	6.29	2844400	4.14	2411	九九久	SZ
594	1/16/12	6.17	6.22	5.91	5.91	1861700	3.89	2411	九九久	SZ
595	1/13/12	6.57	6.57	6.15	6.23	3752800	4.1	2411	九九久	SZ
596	1/12/12	6.41	6.6	6.33	6.55	4488000	4.31	2411	九九久	SZ
597	1/11/12	6.33	6.6	6.29	6.48	5993600	4.27	2411	九九久	SZ
598	1/10/12	6.17	6.4	6.17	6.37	4173800	4.19	2411	九九久	SZ
599	1/9/12	5.87	6.15	5.74	6.15	3280500	4.05	2411	九九久	SZ
600	1/6/12	5.67	5.89	5.57	5.87	1685300	3.87	2411	九九久	SZ
601	1/5/12	5.91	6.01	5.73	5.73	1732400	3.77	2411	九九久	SZ
602	1/4/12	6.27	6.3	6	6	2261600	3.95	2411	九九久	SZ
603	1/3/12	6.13	6.21	6.09	6.19	1777100	4.07	2411	九九久	SZ
604	1/2/12	6.13	6.21	6.09	6.19	1777100	4.07	2411	九九久	SZ
605	12/30/11	6.13	6.21	6.09	6.19	1777100	4.07	2411	九九久	SZ
606	12/29/11	5.9	6.14	5.9	6.07	1675200	4	2411	九九久	SZ
607	12/28/11	6.19	6.2	5.9	6.07	2514400	3.99	2411	九九久	SZ
608	12/27/11	6.32	6.32	6	6	3088400	3.95	2411	九九久	SZ
609	12/26/11	6.42	6.5	6.27	6.31	1429900	4.15	2411	九九久	SZ
610	12/23/11	6.43	6.52	6.39	6.44	1887500	4.24	2411	九九久	SZ
611	12/22/11	6.67	6.68	6.21	6.43	3007600	4.23	2411	九九久	SZ
612	12/21/11	7.13	7.17	6.71	6.72	1683600	4.42	2411	九九久	SZ
613	12/20/11	7.07	7.21	6.99	7.01	1702200	4.61	2411	九九久	SZ
614	12/19/11	6.97	7.1	6.9	7.07	2325700	4.65	2411	九九久	SZ
615	12/16/11	6.87	7	6.66	7	2939800	4.61	2411	九九久	SZ
616	12/15/11	7.12	7.12	6.81	6.85	2890800	4.51	2411	九九久	SZ
617	12/14/11	7.23	7.4	7.13	7.15	1579700	4.71	2411	九九久	SZ
618	12/13/11	7.5	7.56	7.2	7.27	2762000	4.78	2411	九九久	SZ
619	12/12/11	7.7	7.9	7.33	7.63	1743200	5.02	2411	九九久	SZ
620	12/9/11	7.8	7.86	7.67	7.71	1626900	5.07	2411	九九久	SZ
621	12/8/11	7.93	7.99	7.61	7.89	3389500	5.19	2411	九九久	SZ
622	12/7/11	8.01	8.06	7.91	7.93	1612300	5.22	2411	九九久	SZ
623	12/6/11	8	8.06	7.82	8	2305900	5.27	2411	九九久	SZ
624	12/5/11	8.29	8.3	7.97	7.98	2657500	5.25	2411	九九久	SZ
625	12/2/11	8.6	8.7	8.28	8.29	2638800	5.46	2411	九九久	SZ
626	12/1/11	8.85	8.89	8.63	8.68	3477000	5.71	2411	九九久	SZ
627	11/30/11	8.97	9.01	8.34	8.55	4141500	5.63	2411	九九久	SZ
628	11/29/11	8.95	9.19	8.85	9.04	4992100	5.95	2411	九九久	SZ
629	11/28/11	8.63	8.63	8.63	8.63	0	5.68	2411	九九久	SZ
630	11/25/11	8.8	8.87	8.61	8.63	2597500	5.68	2411	九九久	SZ
631	11/24/11	8.53	8.89	8.53	8.8	3217700	5.79	2411	九九久	SZ
632	11/23/11	8.73	8.87	8.7	8.73	2261100	5.75	2411	九九久	SZ
633	11/22/11	8.63	8.75	8.55	8.73	2311200	5.75	2411	九九久	SZ
634	11/21/11	8.78	8.97	8.67	8.68	3938800	5.71	2411	九九久	SZ
635	11/18/11	9.21	9.21	8.86	8.88	4603900	5.85	2411	九九久	SZ
636	11/17/11	9.37	9.43	9.13	9.29	3918000	6.12	2411	九九久	SZ
637	11/16/11	9.51	9.71	9.12	9.25	6564600	6.09	2411	九九久	SZ
638	11/15/11	9.74	9.95	9.46	9.5	9402800	6.25	2411	九九久	SZ
639	11/14/11	9.34	9.84	9.34	9.66	11777700	6.36	2411	九九久	SZ
640	11/11/11	9.15	9.4	9.15	9.23	6178400	6.07	2411	九九久	SZ
641	11/10/11	9.09	9.39	8.97	9.21	7063100	6.06	2411	九九久	SZ
642	11/9/11	9	9.19	8.93	9.17	4002700	6.03	2411	九九久	SZ
643	11/8/11	9.15	9.15	8.93	8.99	4091000	5.92	2411	九九久	SZ
644	11/7/11	9.16	9.31	9.02	9.11	3893800	5.99	2411	九九久	SZ
645	11/4/11	9.22	9.28	9.03	9.13	4933700	6.01	2411	九九久	SZ
646	11/3/11	9.34	9.44	9.09	9.16	9381700	6.03	2411	九九久	SZ
647	11/2/11	8.82	9.31	8.75	9.29	9352500	6.12	2411	九九久	SZ
648	11/1/11	8.7	9.07	8.62	9.01	8153300	5.93	2411	九九久	SZ
649	10/31/11	8.67	8.96	8.65	8.75	5770100	5.76	2411	九九久	SZ
650	10/28/11	8.6	8.72	8.47	8.65	4119600	5.69	2411	九九久	SZ
651	10/27/11	8.57	8.66	8.47	8.51	3005600	5.6	2411	九九久	SZ
652	10/26/11	8.45	8.7	8.42	8.57	4179800	5.64	2411	九九久	SZ
653	10/25/11	8.37	8.57	8.22	8.52	4007800	5.61	2411	九九久	SZ
654	10/24/11	8.15	8.43	8.02	8.4	2234400	5.53	2411	九九久	SZ
655	10/21/11	8.22	8.32	8.07	8.1	2010200	5.33	2411	九九久	SZ
656	10/20/11	8.4	8.42	8.15	8.21	2535200	5.4	2411	九九久	SZ
657	10/19/11	8.49	8.62	8.27	8.46	2582200	5.57	2411	九九久	SZ
658	10/18/11	8.8	8.8	8.46	8.47	4594600	5.57	2411	九九久	SZ
659	10/17/11	8.97	9.09	8.84	8.88	3819100	5.85	2411	九九久	SZ
660	10/14/11	8.88	8.97	8.77	8.96	3372000	5.9	2411	九九久	SZ
661	10/13/11	8.67	8.97	8.67	8.93	4803600	5.88	2411	九九久	SZ
662	10/12/11	8.2	8.81	8.2	8.75	4180300	5.76	2411	九九久	SZ
663	10/11/11	8.59	8.64	8.22	8.37	3476000	5.51	2411	九九久	SZ
664	10/10/11	8.17	8.35	8.17	8.23	1791400	5.42	2411	九九久	SZ
665	9/30/11	8.25	8.49	8.07	8.17	3100700	5.38	2411	九九久	SZ
666	9/29/11	8.65	8.67	8.3	8.33	3075000	5.49	2411	九九久	SZ
667	9/28/11	9.04	9.04	8.65	8.71	3826700	5.74	2411	九九久	SZ
668	9/27/11	8.73	8.93	8.62	8.93	4310800	5.88	2411	九九久	SZ
669	9/26/11	8.68	8.97	8.6	8.63	4110200	5.68	2411	九九久	SZ
670	9/23/11	8.37	8.79	8.3	8.74	2861100	5.75	2411	九九久	SZ
671	9/22/11	8.67	8.9	8.57	8.59	4314000	5.65	2411	九九久	SZ
672	9/21/11	8.54	8.85	8.4	8.79	4443800	5.79	2411	九九久	SZ
673	9/20/11	8.28	8.64	8.19	8.52	4124000	5.61	2411	九九久	SZ
674	9/19/11	8.41	8.53	8.27	8.29	1905400	5.45	2411	九九久	SZ
675	9/16/11	8.66	8.68	8.53	8.54	1852500	5.62	2411	九九久	SZ
676	9/15/11	8.59	8.71	8.53	8.53	2928300	5.62	2411	九九久	SZ
677	9/14/11	8.57	8.67	8.27	8.55	3725500	5.63	2411	九九久	SZ
678	9/13/11	8.63	8.71	8.45	8.5	3836200	5.6	2411	九九久	SZ
679	9/9/11	8.87	9	8.73	8.8	2168000	5.79	2411	九九久	SZ
680	9/8/11	9.11	9.16	8.87	8.87	2644100	5.84	2411	九九久	SZ
681	9/7/11	8.83	9.15	8.77	9.11	3242000	5.99	2411	九九久	SZ
682	9/6/11	8.74	8.83	8.64	8.72	2176200	5.74	2411	九九久	SZ
683	9/5/11	8.97	9	8.77	8.78	3296300	5.78	2411	九九久	SZ
684	9/2/11	9.2	9.36	9.07	9.19	1973100	6.05	2411	九九久	SZ
685	9/1/11	9.25	9.35	9.17	9.23	1929500	6.07	2411	九九久	SZ
686	8/31/11	9.4	9.47	9.11	9.22	3222600	6.07	2411	九九久	SZ
687	8/30/11	9.67	9.77	9.41	9.42	3915300	6.2	2411	九九久	SZ
688	8/29/11	9.73	9.81	9.57	9.59	4665400	6.31	2411	九九久	SZ
689	8/26/11	9.63	9.91	9.57	9.82	4890100	6.46	2411	九九久	SZ
690	8/25/11	9.51	9.7	9.43	9.68	4236900	6.37	2411	九九久	SZ
691	8/24/11	9.51	9.72	9.41	9.47	3956400	6.24	2411	九九久	SZ
692	8/23/11	9.21	9.43	9.14	9.42	3229100	6.2	2411	九九久	SZ
693	8/22/11	9.22	9.38	9.12	9.19	2611000	6.05	2411	九九久	SZ
694	8/19/11	9.32	9.33	9.08	9.23	3804000	6.08	2411	九九久	SZ
695	8/18/11	9.91	9.91	9.52	9.53	3462000	6.27	2411	九九久	SZ
696	8/17/11	9.72	9.96	9.7	9.82	3230200	6.46	2411	九九久	SZ
697	8/16/11	9.98	10	9.67	9.75	5774900	6.42	2411	九九久	SZ
698	8/15/11	9.72	10.24	9.7	9.95	8203800	6.55	2411	九九久	SZ
699	8/12/11	9.6	9.87	9.6	9.63	4522200	6.34	2411	九九久	SZ
700	8/11/11	8.99	9.56	8.85	9.55	5721000	6.28	2411	九九久	SZ
701	8/10/11	9.47	9.56	9.26	9.3	5030500	6.12	2411	九九久	SZ
702	8/9/11	8.93	9.43	8.45	9.24	8378200	6.08	2411	九九久	SZ
703	8/8/11	10.27	10.28	9.36	9.36	7471700	6.16	2411	九九久	SZ
704	8/5/11	10.59	10.59	9.89	10.4	5336900	6.85	2411	九九久	SZ
705	8/4/11	10.83	11.31	10.83	10.99	8213100	7.23	2411	九九久	SZ
706	8/2/11	10.71	10.81	10.41	10.67	4887400	7.02	2411	九九久	SZ
707	8/1/11	10.64	11.11	10.54	10.84	7243600	7.14	2411	九九久	SZ
708	7/29/11	10.43	11	10.23	10.8	9811700	7.11	2411	九九久	SZ
709	7/28/11	10.34	10.45	10.14	10.39	4678300	6.84	2411	九九久	SZ
710	7/27/11	10.31	10.56	10.17	10.51	5101600	6.92	2411	九九久	SZ
711	7/26/11	10.23	10.36	10.07	10.32	4944700	6.79	2411	九九久	SZ
712	7/25/11	10.87	11.09	10.32	10.38	7859800	6.83	2411	九九久	SZ
713	7/22/11	10.93	11.02	10.83	10.86	4903500	7.15	2411	九九久	SZ
714	7/21/11	11.23	11.32	10.9	10.93	9382400	7.19	2411	九九久	SZ
715	7/20/11	11.85	11.87	11.2	11.31	13458100	7.45	2411	九九久	SZ
716	7/19/11	12.16	12.16	11.39	11.53	26026700	7.59	2411	九九久	SZ
717	7/18/11	10.68	11.12	10.67	11.1	13444800	7.31	2411	九九久	SZ
718	7/15/11	10.69	10.72	10.48	10.69	6838300	7.04	2411	九九久	SZ
719	7/14/11	10.75	10.83	10.59	10.69	7832100	7.03	2411	九九久	SZ
720	7/13/11	10.55	10.83	10.48	10.82	7068800	7.12	2411	九九久	SZ
721	7/12/11	10.72	10.87	10.53	10.67	7796700	7.02	2411	九九久	SZ
722	7/11/11	10.84	10.91	10.62	10.83	6130600	7.13	2411	九九久	SZ
723	7/8/11	10.69	10.91	10.68	10.83	6131900	7.13	2411	九九久	SZ
724	7/7/11	11	11.13	10.75	10.75	15585700	7.07	2411	九九久	SZ
725	7/6/11	11.13	11.13	10.91	11.06	16545000	7.28	2411	九九久	SZ
726	7/5/11	11.19	11.91	11.1	11.2	40462200	7.37	2411	九九久	SZ
727	7/4/11	10.13	10.91	10.09	10.91	18960300	7.18	2411	九九久	SZ
728	7/1/11	9.79	10.16	9.79	9.92	11699400	6.53	2411	九九久	SZ
729	6/30/11	9.7	9.9	9.67	9.79	8617700	6.44	2411	九九久	SZ
730	6/29/11	9.53	9.94	9.47	9.75	10442300	6.42	2411	九九久	SZ
731	6/28/11	10	10.39	9.67	9.68	13148200	6.37	2411	九九久	SZ
732	6/27/11	9.42	9.69	9.35	9.6	4631700	6.32	2411	九九久	SZ
733	6/24/11	9.14	9.47	9	9.43	4223600	6.21	2411	九九久	SZ
734	6/23/11	8.74	9.32	8.54	9.21	2645900	6.06	2411	九九久	SZ
735	6/22/11	9.03	9.07	8.73	8.87	954600	5.84	2411	九九久	SZ
736	6/21/11	9	9.07	8.77	9.06	1559500	3.29	2411	九九久	SZ
737	6/20/11	9.04	9.08	8.52	8.93	1663900	3.24	2411	九九久	SZ
738	6/17/11	9.4	9.43	9	9.01	1705000	3.27	2411	九九久	SZ
739	6/16/11	9.31	9.41	9.25	9.33	1921600	3.39	2411	九九久	SZ
740	6/15/11	9.32	9.56	9.32	9.47	4117700	3.44	2411	九九久	SZ
741	6/14/11	8.93	9.43	8.89	9.31	3711600	3.38	2411	九九久	SZ
742	6/13/11	8.95	8.98	8.71	8.91	1518300	3.23	2411	九九久	SZ
743	6/10/11	9.15	9.3	8.7	8.99	4542400	3.26	2411	九九久	SZ
744	6/9/11	9.53	9.56	9.26	9.26	3333700	3.36	2411	九九久	SZ
745	6/8/11	9.69	9.69	9.43	9.55	3614900	3.47	2411	九九久	SZ
746	6/7/11	9.77	9.82	9.6	9.64	5586000	3.5	2411	九九久	SZ
747	6/3/11	9.71	9.98	9.38	9.87	5582100	3.58	2411	九九久	SZ
748	6/2/11	9.98	9.98	9.51	9.68	5103700	3.51	2411	九九久	SZ
749	6/1/11	9.62	10.28	9.53	10.26	8132100	3.72	2411	九九久	SZ
750	5/31/11	9.26	9.7	9.26	9.63	4019800	3.49	2411	九九久	SZ
751	5/30/11	10.28	10.28	9.17	9.44	5441000	3.42	2411	九九久	SZ
752	5/27/11	11.31	11.31	10.17	10.19	4305400	3.7	2411	九九久	SZ
753	5/26/11	11.67	11.7	10.93	11.2	4439500	4.06	2411	九九久	SZ
754	5/25/11	10.57	11.55	10.57	11.55	3322400	4.19	2411	九九久	SZ
755	5/24/11	10.95	11.11	10.5	10.5	986100	3.81	2411	九九久	SZ
756	5/23/11	11.63	11.63	10.95	10.95	1011500	3.97	2411	九九久	SZ
757	5/20/11	12.03	12.03	11.56	11.63	548100	4.22	2411	九九久	SZ
758	5/19/11	12.08	12.14	11.93	12.03	472300	4.36	2411	九九久	SZ
759	5/18/11	12.44	12.44	12.03	12.17	1119700	4.42	2411	九九久	SZ
760	5/17/11	12.56	12.96	12.21	12.37	1242900	4.49	2411	九九久	SZ
761	5/13/11	12.48	12.88	12.36	12.57	1871100	4.56	2411	九九久	SZ
762	5/12/11	12.63	12.81	12.33	12.37	1146600	4.49	2411	九九久	SZ
763	5/11/11	12.52	12.73	12.45	12.71	1488600	4.61	2411	九九久	SZ
764	5/10/11	12.6	12.6	12.39	12.53	600900	4.55	2411	九九久	SZ
765	5/9/11	12.7	13.11	12.42	12.62	2031300	4.58	2411	九九久	SZ
766	5/6/11	12.81	12.81	12.47	12.7	397000	4.61	2411	九九久	SZ
767	5/5/11	12.89	13.01	12.41	12.73	462800	4.62	2411	九九久	SZ
768	5/4/11	13.55	13.55	12.78	12.94	992000	4.7	2411	九九久	SZ
769	5/3/11	13.67	13.67	13.38	13.55	413700	4.92	2411	九九久	SZ
770	4/29/11	13.31	13.61	13.16	13.61	633500	4.94	2411	九九久	SZ
771	4/28/11	13.47	13.52	13.13	13.31	816500	4.83	2411	九九久	SZ
772	4/27/11	13.63	13.81	13.15	13.33	948500	4.83	2411	九九久	SZ
773	4/26/11	13.73	14.04	13.51	13.64	895700	4.95	2411	九九久	SZ
774	4/25/11	14	14.06	13.63	13.79	756500	5	2411	九九久	SZ
775	4/22/11	13.63	14.17	13.59	14.01	2396900	5.08	2411	九九久	SZ
776	4/21/11	13.29	13.63	13.29	13.51	1186600	4.9	2411	九九久	SZ
777	4/20/11	13.44	13.66	13.04	13.33	1092900	4.84	2411	九九久	SZ
778	4/19/11	13.3	13.65	13.16	13.44	824800	4.88	2411	九九久	SZ
779	4/18/11	13.21	13.65	13.17	13.53	1523000	4.91	2411	九九久	SZ
780	4/15/11	13.02	13.33	12.96	13.24	1040800	4.8	2411	九九久	SZ
781	4/14/11	12.93	13.04	12.82	13.02	910300	4.72	2411	九九久	SZ
782	4/13/11	12.44	12.87	12.39	12.81	735300	4.65	2411	九九久	SZ
783	4/12/11	12.67	12.67	12.3	12.55	1080400	4.55	2411	九九久	SZ
784	4/11/11	12.78	12.88	12.55	12.67	735400	4.6	2411	九九久	SZ
785	4/8/11	12.86	13.11	12.73	12.77	962700	4.63	2411	九九久	SZ
786	4/7/11	12.75	12.9	12.7	12.86	384500	4.66	2411	九九久	SZ
787	4/6/11	12.96	12.96	12.74	12.85	600800	4.66	2411	九九久	SZ
788	4/1/11	12.55	12.96	12.41	12.93	1144100	4.69	2411	九九久	SZ
789	3/31/11	13.26	13.31	12.33	12.33	994500	4.47	2411	九九久	SZ
790	3/30/11	13.73	13.77	13.01	13.37	935500	4.85	2411	九九久	SZ
791	3/29/11	13.69	13.89	13.6	13.67	1329000	4.96	2411	九九久	SZ
792	3/25/11	13.52	13.64	13.44	13.6	348100	4.93	2411	九九久	SZ
793	3/24/11	13.7	13.7	13.55	13.56	595500	4.92	2411	九九久	SZ
794	3/23/11	13.58	14	13.58	13.66	493200	4.96	2411	九九久	SZ
795	3/22/11	13.63	13.65	13.37	13.64	602700	4.95	2411	九九久	SZ
796	3/21/11	13.8	13.94	13.11	13.77	1831200	5	2411	九九久	SZ
797	3/18/11	13.77	13.96	13.76	13.8	370600	5.01	2411	九九久	SZ
798	3/17/11	14.01	14.01	13.67	13.76	762500	4.99	2411	九九久	SZ
799	3/16/11	14.05	14.14	13.93	14	543400	5.08	2411	九九久	SZ
800	3/15/11	14.25	14.29	13.7	14.01	1010400	5.08	2411	九九久	SZ
801	3/14/11	14.29	14.63	14.09	14.31	1584900	5.19	2411	九九久	SZ
802	3/11/11	14	14.44	13.94	14.04	1858300	5.09	2411	九九久	SZ
803	3/10/11	14.25	14.25	13.66	13.94	2128800	5.06	2411	九九久	SZ
804	3/9/11	14.6	14.73	13.91	14.31	2261100	5.19	2411	九九久	SZ
805	3/8/11	14.91	15.35	14.53	14.66	1869700	5.32	2411	九九久	SZ
806	3/7/11	14.44	14.83	14.44	14.76	2389900	5.35	2411	九九久	SZ
807	3/4/11	14.5	14.8	14.37	14.44	893300	5.24	2411	九九久	SZ
808	3/3/11	14.43	14.59	14.3	14.5	979400	5.26	2411	九九久	SZ
809	3/2/11	14.61	14.81	14.28	14.42	1629400	5.23	2411	九九久	SZ
810	3/1/11	13.84	15	13.84	14.66	3404500	5.32	2411	九九久	SZ
811	2/25/11	14	14.03	13.75	13.9	845500	5.04	2411	九九久	SZ
812	2/24/11	13.93	14.13	13.86	14.02	669400	5.09	2411	九九久	SZ
813	2/23/11	13.89	14.23	13.89	14.02	2087700	5.09	2411	九九久	SZ
814	2/22/11	14.16	14.33	13.7	13.96	2312200	5.07	2411	九九久	SZ
815	2/21/11	13.7	14.21	13.54	14.15	3198800	5.13	2411	九九久	SZ
816	2/18/11	13.59	13.89	13.56	13.77	1079600	5	2411	九九久	SZ
817	2/17/11	13.52	13.7	13.41	13.67	1509900	4.96	2411	九九久	SZ
818	2/16/11	13.34	13.81	13.34	13.56	1211200	4.92	2411	九九久	SZ
819	2/15/11	13.25	13.68	13.04	13.67	2685200	4.96	2411	九九久	SZ
820	2/14/11	12.67	13.15	12.67	13.15	1336000	4.77	2411	九九久	SZ
821	2/11/11	12.36	12.72	12.36	12.69	540500	4.6	2411	九九久	SZ
822	2/10/11	12.26	12.52	12.19	12.48	395600	4.53	2411	九九久	SZ
823	2/9/11	12.33	12.56	12.24	12.39	345100	4.5	2411	九九久	SZ
824	2/1/11	12.26	12.54	12.24	12.36	475700	4.48	2411	九九久	SZ
825	1/31/11	12.41	12.59	12.04	12.44	433300	4.51	2411	九九久	SZ
826	1/28/11	12.59	12.59	12.11	12.47	709000	4.52	2411	九九久	SZ
827	1/27/11	12.06	12.59	11.97	12.46	1067700	4.52	2411	九九久	SZ
828	1/26/11	11.78	12.07	11.56	12.06	871500	4.37	2411	九九久	SZ
829	1/25/11	11.73	11.96	11.41	11.72	383300	4.25	2411	九九久	SZ
830	1/24/11	12.07	12.4	11.76	11.92	465200	4.33	2411	九九久	SZ
831	1/21/11	11.98	12.14	11.98	12.07	310900	4.38	2411	九九久	SZ
832	1/20/11	12.13	12.14	11.85	12.03	372700	4.37	2411	九九久	SZ
833	1/19/11	11.82	12.18	11.82	12.13	341800	4.4	2411	九九久	SZ
834	1/18/11	12	12.2	11.74	12.01	518200	4.36	2411	九九久	SZ
835	1/17/11	12.23	12.44	11.96	12.19	648700	4.42	2411	九九久	SZ
836	1/14/11	12.53	12.68	12.24	12.48	830300	4.53	2411	九九久	SZ
837	1/13/11	12.66	12.77	12.52	12.64	531900	4.58	2411	九九久	SZ
838	1/12/11	12.66	12.88	12.59	12.64	307500	4.59	2411	九九久	SZ
839	1/11/11	12.59	12.9	12.59	12.73	441300	4.62	2411	九九久	SZ
840	1/10/11	13.21	13.33	12.63	12.92	582000	4.69	2411	九九久	SZ
841	1/7/11	13.18	13.26	13.01	13.15	368000	4.77	2411	九九久	SZ
842	1/6/11	12.98	13.33	12.97	13.19	607400	4.78	2411	九九久	SZ
843	1/5/11	12.59	13.22	12.59	13.19	2068200	4.78	2411	九九久	SZ
844	1/4/11	12.59	12.78	12.41	12.69	1450700	4.6	2411	九九久	SZ
845	12/31/10	12.62	12.8	12.47	12.59	1693600	4.57	2411	九九久	SZ
846	12/30/10	12.26	12.63	12.22	12.62	1556600	4.58	2411	九九久	SZ
847	12/29/10	12.59	12.77	12.22	12.5	1160500	4.53	2411	九九久	SZ
848	12/28/10	12.78	12.9	12.37	12.59	1666300	4.57	2411	九九久	SZ
849	12/24/10	13.19	13.36	12.92	13.04	1250000	4.73	2411	九九久	SZ
850	12/23/10	13.7	13.7	13.29	13.33	1006400	4.84	2411	九九久	SZ
851	12/22/10	13.67	13.85	13.56	13.57	612600	4.92	2411	九九久	SZ
852	12/21/10	13.52	13.79	13.52	13.71	875000	4.97	2411	九九久	SZ
853	12/20/10	13.59	13.92	13.36	13.59	1374300	4.93	2411	九九久	SZ
854	12/17/10	13.7	13.81	13.52	13.59	1338700	4.93	2411	九九久	SZ
855	12/16/10	13.79	13.94	13.54	13.81	1696400	5.01	2411	九九久	SZ
856	12/15/10	13.67	13.92	13.66	13.78	2015800	5	2411	九九久	SZ
857	12/14/10	13.74	13.89	13.53	13.75	1498100	4.99	2411	九九久	SZ
858	12/13/10	13.37	13.69	13.37	13.63	1473600	4.94	2411	九九久	SZ
859	12/10/10	13.33	13.66	13.16	13.47	898200	4.89	2411	九九久	SZ
860	12/9/10	13.63	13.65	13.26	13.33	1400200	4.84	2411	九九久	SZ
861	12/8/10	13.79	13.84	13.56	13.72	1433600	4.98	2411	九九久	SZ
862	12/7/10	13.93	13.93	13.6	13.79	2228500	5	2411	九九久	SZ
863	12/6/10	14.51	14.51	13.89	14.02	2959700	5.09	2411	九九久	SZ
864	12/3/10	14.26	14.59	13.81	14.43	4119400	5.23	2411	九九久	SZ
865	12/2/10	13.99	14.44	13.59	14.26	3120500	5.17	2411	九九久	SZ
866	12/1/10	13.93	14	13.52	13.85	1202800	5.03	2411	九九久	SZ
867	11/30/10	13.6	14.41	13.59	13.95	2811000	5.06	2411	九九久	SZ
868	11/29/10	14.26	14.43	14.15	14.27	1418600	5.18	2411	九九久	SZ
869	11/26/10	14.26	14.44	14.17	14.26	1141000	5.17	2411	九九久	SZ
870	11/25/10	14.63	15	14.27	14.4	4959300	5.23	2411	九九久	SZ
871	11/24/10	14.23	14.51	14.12	14.51	2309000	5.26	2411	九九久	SZ
872	11/23/10	14.44	14.67	13.96	14.36	2219300	5.21	2411	九九久	SZ
873	11/22/10	14.03	14.78	13.7	14.47	4347200	5.25	2411	九九久	SZ
874	11/19/10	13.59	14.15	13.29	14.14	3627700	5.13	2411	九九久	SZ
875	11/18/10	13.34	13.77	13.22	13.7	1766400	4.97	2411	九九久	SZ
876	11/17/10	13.89	13.89	13.07	13.3	2611500	4.82	2411	九九久	SZ
877	11/16/10	13.77	13.94	13.19	13.33	3512400	4.84	2411	九九久	SZ
878	11/15/10	13.36	13.88	13.22	13.85	4874700	5.03	2411	九九久	SZ
879	11/12/10	14.54	14.86	13.33	13.36	8046100	4.85	2411	九九久	SZ
880	11/11/10	14.2	14.96	14.07	14.54	7465600	5.28	2411	九九久	SZ
881	11/10/10	14.14	14.48	14.08	14.22	2971400	5.16	2411	九九久	SZ
882	11/9/10	14.08	14.44	14.04	14.21	7042100	5.16	2411	九九久	SZ
883	11/8/10	13.31	14.26	13.1	14.11	7374600	5.12	2411	九九久	SZ
884	11/5/10	13.15	13.32	12.97	13.22	2735800	4.8	2411	九九久	SZ
885	11/4/10	12.79	13.14	12.72	13.14	3621700	4.77	2411	九九久	SZ
886	11/3/10	13.17	13.54	12.77	12.78	4895800	4.64	2411	九九久	SZ
887	11/2/10	13.36	13.51	13	13.13	6522400	4.76	2411	九九久	SZ
888	11/1/10	12.95	13.39	12.6	13.33	5976500	4.83	2411	九九久	SZ
889	10/29/10	13	13.39	12.81	12.93	3756500	4.69	2411	九九久	SZ
890	10/28/10	13	13.39	12.81	12.87	7096800	4.67	2411	九九久	SZ
891	10/27/10	12.83	13.12	12.74	13.03	8180400	4.73	2411	九九久	SZ
892	10/26/10	12.33	12.9	12.15	12.83	10398800	4.65	2411	九九久	SZ
893	10/25/10	11.55	12.26	11.47	12.22	7837900	4.43	2411	九九久	SZ
894	10/22/10	11.58	11.66	11.2	11.47	6041200	4.16	2411	九九久	SZ
895	10/21/10	11.48	11.7	11.34	11.57	3629300	4.2	2411	九九久	SZ
896	10/20/10	11.41	11.67	11.17	11.34	4459600	4.11	2411	九九久	SZ
897	10/19/10	11.19	11.66	11.19	11.44	3366200	4.15	2411	九九久	SZ
898	10/18/10	11.69	11.8	11.02	11.19	5032200	4.06	2411	九九久	SZ
899	10/15/10	11.93	12.18	11.48	11.7	6782500	4.24	2411	九九久	SZ
900	10/14/10	11.48	12.1	11.39	11.93	10900000	4.33	2411	九九久	SZ
901	10/13/10	10.89	11.65	10.89	11.47	9025200	4.16	2411	九九久	SZ
902	10/12/10	11.01	11.01	10.74	10.89	4805200	3.95	2411	九九久	SZ
903	10/11/10	11.11	11.11	10.74	11	4920300	3.99	2411	九九久	SZ
904	10/8/10	10.74	11.11	10.59	10.92	4752500	3.96	2411	九九久	SZ
905	9/30/10	10.74	10.74	10.41	10.7	3576500	3.88	2411	九九久	SZ
906	9/29/10	10.93	11.3	10.73	10.81	3925600	3.92	2411	九九久	SZ
907	9/28/10	11.27	11.43	10.82	10.83	5837700	2.62	2411	九九久	SZ
908	9/27/10	11.08	11.3	11.05	11.27	4174200	2.73	2411	九九久	SZ
909	9/21/10	11.08	11.2	10.95	11.05	2156400	2.67	2411	九九久	SZ
910	9/20/10	11.17	11.24	10.78	10.97	3694900	2.65	2411	九九久	SZ
911	9/17/10	11.33	11.34	11.04	11.18	3938400	2.7	2411	九九久	SZ
912	9/16/10	11.6	11.67	11.02	11.14	5309600	2.69	2411	九九久	SZ
913	9/15/10	11.85	12.1	11.48	11.56	5463700	2.79	2411	九九久	SZ
914	9/14/10	12.34	12.34	11.65	11.93	8328400	2.88	2411	九九久	SZ
