0	4/29/14	22.1	22.7	22.01	22.6	551800	22.6	2484	江海股份	SZ	22.12	22.12	
1	4/28/14	23.07	23.09	21.73	22.12	977000	22.12	2484	江海股份	SZ	23.07	23.07	
2	4/25/14	23.58	23.99	23.02	23.07	696400	23.07	2484	江海股份	SZ	23.85	23.85	
3	4/24/14	24.98	24.98	23.5	23.85	1355500	23.85	2484	江海股份	SZ	25.03	25.03	
4	4/23/14	25.16	25.73	24.78	25.03	564600	25.03	2484	江海股份	SZ	25.3	25.3	
5	4/22/14	25.32	25.48	24.2	25.3	987200	25.3	2484	江海股份	SZ	25.08	25.08	
6	4/21/14	25	25.69	24.9	25.08	1100900	25.08	2484	江海股份	SZ	25.18	25.18	
7	4/18/14	25.49	25.69	25.1	25.18	1306300	25.18	2484	江海股份	SZ	25.49	25.49	
8	4/17/14	24.89	25.71	24.65	25.49	1676600	25.49	2484	江海股份	SZ	24.65	24.65	
9	4/16/14	24.4	25.36	24.4	24.65	1360200	24.65	2484	江海股份	SZ	24.51	24.51	
10	4/15/14	25.6	25.7	24.23	24.51	1494800	24.51	2484	江海股份	SZ	25.44	25.44	
11	4/14/14	24.79	25.5	24.79	25.44	1093600	25.44	2484	江海股份	SZ	24.97	24.97	
12	4/11/14	24.12	25.11	24.1	24.97	1346300	24.97	2484	江海股份	SZ	24.62	24.62	
13	4/10/14	23.88	24.8	23.88	24.62	1546400	24.62	2484	江海股份	SZ	23.88	23.88	
14	4/9/14	23.02	24.17	23.02	23.88	1442600	23.88	2484	江海股份	SZ	23.12	23.12	
15	4/8/14	23.46	23.5	22.8	23.12	1103500	23.12	2484	江海股份	SZ	23.45	23.45	
16	4/7/14	23.45	23.45	23.45	23.45	0	23.45	2484	江海股份	SZ	23.45	23.45	
17	4/4/14	23.3	23.64	23.03	23.45	607500	23.45	2484	江海股份	SZ	23.22	23.22	
18	4/3/14	23.06	23.55	23.01	23.22	556500	23.22	2484	江海股份	SZ	23.18	23.18	
19	4/2/14	23.6	23.66	22.9	23.18	1090600	23.18	2484	江海股份	SZ	23.15	23.15	
20	4/1/14	22.25	23.15	21.88	23.15	1522600	23.15	2484	江海股份	SZ	22.13	22.13	
21	3/31/14	23	23.6	21.5	22.13	2758100	22.13	2484	江海股份	SZ	23.25	23.25	
22	3/28/14	25.1	25.35	22.68	23.25	1903700	23.25	2484	江海股份	SZ	25.2	25.2	
23	3/27/14	26.47	26.47	25.1	25.2	1689100	25.2	2484	江海股份	SZ	26.21	26.21	
24	3/26/14	25.64	26.8	25.64	26.21	2111900	26.21	2484	江海股份	SZ	25.82	25.82	
25	3/25/14	26	26	25.3	25.82	1526000	25.82	2484	江海股份	SZ	26.05	26.05	
26	3/24/14	26.78	26.78	25.4	26.05	1630200	26.05	2484	江海股份	SZ	26.73	26.73	
27	3/21/14	26.36	27.16	25.77	26.73	1756900	26.73	2484	江海股份	SZ	26.31	26.31	
28	3/20/14	27.65	28.18	26.31	26.31	1783500	26.31	2484	江海股份	SZ	27.9	27.9	
29	3/19/14	27.84	29.08	27.61	27.9	2899900	27.9	2484	江海股份	SZ	27.7	27.7	
30	3/18/14	28.6	28.96	27.67	27.7	2295100	27.7	2484	江海股份	SZ	28.39	28.39	
31	3/17/14	26.3	28.48	26.18	28.39	2536400	28.39	2484	江海股份	SZ	26.17	26.17	
32	3/14/14	25.35	26.3	25.35	26.17	933000	26.17	2484	江海股份	SZ	25.85	25.85	
33	3/13/14	25.31	26.5	25.3	25.85	1956400	25.85	2484	江海股份	SZ	25.42	25.42	
34	3/12/14	27.08	27.55	25.41	25.42	3379000	25.42	2484	江海股份	SZ	27.62	27.62	
35	3/11/14	26.98	28.27	25.81	27.62	2846400	27.62	2484	江海股份	SZ	27.13	27.13	
36	3/10/14	27.5	28.74	26.53	27.13	3197100	27.13	2484	江海股份	SZ	28.6	28.6	
37	3/7/14	30.1	31.31	28.58	28.6	4256900	28.6	2484	江海股份	SZ	29.15	29.15	
38	3/6/14	28.7	29.15	27.51	29.15	3307400	29.15	2484	江海股份	SZ	28.65	28.65	
39	3/5/14	28.1	29.33	28.01	28.65	4470700	28.65	2484	江海股份	SZ	28.32	28.32	
40	3/4/14	26.8	28.8	26.02	28.32	3705500	28.32	2484	江海股份	SZ	27.24	27.24	
41	3/3/14	26.98	27.6	26.51	27.24	2687700	27.24	2484	江海股份	SZ	27.15	27.15	
42	2/28/14	25.7	27.6	24.51	27.15	3640600	27.15	2484	江海股份	SZ	26.25	26.25	
43	2/27/14	26.43	27.67	26.2	26.25	3988500	26.25	2484	江海股份	SZ	25.86	25.86	
44	2/26/14	25.19	26.17	25	25.86	3450300	25.86	2484	江海股份	SZ	25.11	25.11	
45	2/25/14	27.66	28.56	24.9	25.11	4032000	25.11	2484	江海股份	SZ	27.67	27.67	
46	2/24/14	27.23	27.99	26.72	27.67	2415600	27.67	2484	江海股份	SZ	27.19	27.19	
47	2/21/14	27.22	27.33	26.45	27.19	3590000	27.19	2484	江海股份	SZ	27.36	27.36	
48	2/20/14	28.05	28.56	26.05	27.36	3013700	27.36	2484	江海股份	SZ	28.28	28.28	
49	2/19/14	29.35	29.38	28.2	28.28	5635200	28.28	2484	江海股份	SZ	29.41	29.41	
50	2/18/14	30.1	30.14	28.88	29.41	4035300	29.41	2484	江海股份	SZ	30.3	30.3	
51	2/17/14	28.5	30.99	28.18	30.3	5753100	30.3	2484	江海股份	SZ	28.78	28.78	
52	2/14/14	26.47	29.22	26.35	28.78	4015400	28.78	2484	江海股份	SZ	26.95	26.95	
53	2/13/14	29	29.5	26.68	26.95	6674800	26.95	2484	江海股份	SZ	27.73	27.73	
54	2/12/14	26.38	27.95	26	27.73	3993100	27.73	2484	江海股份	SZ	26.41	26.41	
55	2/11/14	26.6	27.28	25.88	26.41	3994700	26.41	2484	江海股份	SZ	27	27	
56	2/10/14	27.73	28.8	26.93	27	5367600	27	2484	江海股份	SZ	27.1	27.1	
57	2/7/14	26.25	27.49	25.8	27.1	3722600	27.1	2484	江海股份	SZ	26.58	26.58	
58	2/6/14	26.58	26.58	26.58	26.58	0	26.58	2484	江海股份	SZ	26.58	26.58	
59	2/5/14	26.58	26.58	26.58	26.58	0	26.58	2484	江海股份	SZ	26.58	26.58	
60	2/3/14	26.58	26.58	26.58	26.58	0	26.58	2484	江海股份	SZ	26.58	26.58	
61	1/31/14	26.58	26.58	26.58	26.58	0	26.58	2484	江海股份	SZ	26.58	26.58	
62	1/30/14	26.2	26.9	25.55	26.58	2838800	26.58	2484	江海股份	SZ	26	26	
63	1/29/14	24.7	26.94	24.6	26	5857600	26	2484	江海股份	SZ	24.95	24.95	
64	1/28/14	24.7	25.2	24	24.95	4443000	24.95	2484	江海股份	SZ	25.11	25.11	
65	1/27/14	26.01	26.44	24.65	25.11	10698300	25.11	2484	江海股份	SZ	24.44	24.44	
66	1/24/14	22.55	24.44	22.55	24.44	4834200	24.44	2484	江海股份	SZ	22.22	22.22	
67	1/23/14	21.42	22.51	21.42	22.22	3443300	22.22	2484	江海股份	SZ	21.83	21.83	
68	1/22/14	20.99	21.9	20.8	21.83	3322900	21.83	2484	江海股份	SZ	20.98	20.98	
69	1/21/14	20.73	21.38	20.7	20.98	1183100	20.98	2484	江海股份	SZ	20.7	20.7	
70	1/20/14	21.26	21.55	20.5	20.7	1573100	20.7	2484	江海股份	SZ	21.43	21.43	
71	1/17/14	21.05	21.72	20.88	21.43	2300400	21.43	2484	江海股份	SZ	21	21	
72	1/16/14	20.99	21.53	20.66	21	1897600	21	2484	江海股份	SZ	20.96	20.96	
73	1/15/14	20.62	21.1	20.3	20.96	2195300	20.96	2484	江海股份	SZ	20.62	20.62	
74	1/14/14	19.46	20.64	19.4	20.62	1937400	20.62	2484	江海股份	SZ	19.46	19.46	
75	1/13/14	19	19.68	19	19.46	947300	19.46	2484	江海股份	SZ	19.12	19.12	
76	1/10/14	19.68	19.96	18.8	19.12	1838700	19.12	2484	江海股份	SZ	19.99	19.99	
77	1/9/14	20.46	21.4	19.99	19.99	2312900	19.99	2484	江海股份	SZ	20.71	20.71	
78	1/8/14	20.25	20.88	20	20.71	1817000	20.71	2484	江海股份	SZ	20.05	20.05	
79	1/7/14	19.69	20.32	19.69	20.05	1994500	20.05	2484	江海股份	SZ	19.78	19.78	
80	1/6/14	20.39	20.7	19.66	19.78	2200900	19.78	2484	江海股份	SZ	20.7	20.7	
81	1/3/14	20.81	21.08	20.45	20.7	1701600	20.7	2484	江海股份	SZ	20.88	20.88	
82	1/2/14	19.95	21.05	19.95	20.88	2133900	20.88	2484	江海股份	SZ	20.21	20.21	
83	1/1/14	20.21	20.21	20.21	20.21	0	20.21	2484	江海股份	SZ	20.21	20.21	
84	12/31/13	20.6	20.61	19.65	20.21	3041500	20.21	2484	江海股份	SZ	20.65	20.65	
85	12/30/13	20.84	20.93	20.4	20.65	1898600	20.65	2484	江海股份	SZ	20.85	20.85	
86	12/27/13	20.06	21.14	20.06	20.85	2822500	20.85	2484	江海股份	SZ	20.15	20.15	
87	12/26/13	20.3	20.68	20.06	20.15	2799700	20.15	2484	江海股份	SZ	20.54	20.54	
88	12/25/13	19.35	20.64	19.2	20.54	5270400	20.54	2484	江海股份	SZ	19.3	19.3	
89	12/24/13	19.01	19.75	19	19.3	3025500	19.3	2484	江海股份	SZ	18.99	18.99	
90	12/23/13	18.98	19.3	18.66	18.99	1105700	18.99	2484	江海股份	SZ	18.99	18.99	
91	12/20/13	18.65	19.02	18.3	18.99	1996200	18.99	2484	江海股份	SZ	18.6	18.6	
92	12/19/13	18.82	18.98	18.6	18.6	484200	18.6	2484	江海股份	SZ	18.77	18.77	
93	12/18/13	18.72	19.14	18.65	18.77	893700	18.77	2484	江海股份	SZ	18.95	18.95	
94	12/17/13	18.65	19.36	18.63	18.95	1985600	18.95	2484	江海股份	SZ	19	19	
95	12/16/13	19.1	19.3	18.52	19	1875400	19	2484	江海股份	SZ	19.16	19.16	
96	12/13/13	18.98	19.23	18.75	19.16	2701400	19.16	2484	江海股份	SZ	18.9	18.9	
97	12/12/13	18.34	18.9	18.21	18.9	2568300	18.9	2484	江海股份	SZ	18.4	18.4	
98	12/11/13	18.8	18.81	18.1	18.4	3498100	18.4	2484	江海股份	SZ	18.99	18.99	
99	12/10/13	19.11	19.45	18.85	18.99	2170200	18.99	2484	江海股份	SZ	19.2	19.2	
100	12/9/13	19.36	19.39	18.86	19.2	1728300	19.2	2484	江海股份	SZ	19.4	19.4	
101	12/6/13	19.16	19.42	18.75	19.4	2841200	19.4	2484	江海股份	SZ	19.19	19.19	
102	12/5/13	19.55	19.75	18.8	19.19	2943200	19.19	2484	江海股份	SZ	19.55	19.55	
103	12/4/13	18.82	19.7	18.75	19.55	4168100	19.55	2484	江海股份	SZ	18.94	18.94	
104	12/3/13	17.92	19.15	17.8	18.94	3176900	18.94	2484	江海股份	SZ	18.08	18.08	
105	12/2/13	18.5	19.18	17.79	18.08	4032500	18.08	2484	江海股份	SZ	18.96	18.96	
106	11/29/13	18.41	19.21	18.22	18.96	4370600	18.96	2484	江海股份	SZ	18.39	18.39	
107	11/28/13	18.55	18.65	18.15	18.39	3873600	18.39	2484	江海股份	SZ	18.45	18.45	
108	11/27/13	17.93	18.68	17.87	18.45	3572900	18.45	2484	江海股份	SZ	17.94	17.94	
109	11/26/13	17.3	18.26	17.14	17.94	2999600	17.94	2484	江海股份	SZ	17.3	17.3	
110	11/25/13	17.04	17.59	17	17.3	1545900	17.3	2484	江海股份	SZ	17.18	17.18	
111	11/22/13	17.12	17.29	16.98	17.18	759900	17.18	2484	江海股份	SZ	17.36	17.36	
112	11/21/13	17.34	17.5	17.05	17.36	787600	17.36	2484	江海股份	SZ	17.35	17.35	
113	11/20/13	17.28	17.42	17.11	17.35	1088300	17.35	2484	江海股份	SZ	17.29	17.29	
114	11/19/13	17.48	17.6	17.19	17.29	1811500	17.29	2484	江海股份	SZ	17.45	17.45	
115	11/18/13	17.2	17.65	17.1	17.45	1464700	17.45	2484	江海股份	SZ	17.04	17.04	
116	11/15/13	16.8	17.38	16.61	17.04	1705600	17.04	2484	江海股份	SZ	16.72	16.72	
117	11/14/13	16.3	16.85	16.25	16.72	786100	16.72	2484	江海股份	SZ	16.4	16.4	
118	11/13/13	16.6	16.78	16.35	16.4	979200	16.4	2484	江海股份	SZ	16.34	16.34	
119	11/12/13	16.4	16.59	16.22	16.34	585100	16.34	2484	江海股份	SZ	16.26	16.26	
120	11/11/13	16.24	16.35	15.95	16.26	424900	16.26	2484	江海股份	SZ	15.92	15.92	
121	11/8/13	16.46	16.46	15.91	15.92	534100	15.92	2484	江海股份	SZ	16.36	16.36	
122	11/7/13	16.15	16.4	16.05	16.36	740700	16.36	2484	江海股份	SZ	16.32	16.32	
123	11/6/13	16.36	16.6	16.15	16.32	608800	16.32	2484	江海股份	SZ	16.55	16.55	
124	11/5/13	16.36	16.59	15.95	16.55	606400	16.55	2484	江海股份	SZ	16.39	16.39	
125	11/4/13	15.9	16.66	15.83	16.39	1286100	16.39	2484	江海股份	SZ	16	16	
126	11/1/13	16.36	16.43	15.4	16	1702400	16	2484	江海股份	SZ	16.41	16.41	
127	10/31/13	16.24	16.45	16.2	16.41	1585300	16.41	2484	江海股份	SZ	16.29	16.29	
128	10/30/13	16.1	16.45	15.82	16.29	1346200	16.29	2484	江海股份	SZ	16.2	16.2	
129	10/29/13	17.71	17.75	16.16	16.2	4619500	16.2	2484	江海股份	SZ	17.96	17.96	
130	10/28/13	17.04	18	17.04	17.96	1688900	17.96	2484	江海股份	SZ	17.03	17.03	
131	10/25/13	17.1	17.2	16.82	17.03	1228800	17.03	2484	江海股份	SZ	16.93	16.93	
132	10/24/13	16.81	17.04	16.71	16.93	599600	16.93	2484	江海股份	SZ	16.86	16.82	
133	10/23/13	17.29	17.51	16.7	16.86	1154400	16.82	2484	江海股份	SZ	17.33	17.28	
134	10/22/13	17.51	17.83	17.3	17.33	1089700	17.28	2484	江海股份	SZ	17.51	17.46	
135	10/21/13	17.08	17.6	17	17.51	1067900	17.46	2484	江海股份	SZ	17.02	16.97	
136	10/18/13	17.16	17.24	16.81	17.02	643200	16.97	2484	江海股份	SZ	17.16	17.11	
137	10/17/13	17.04	17.5	17.01	17.16	1045300	17.11	2484	江海股份	SZ	17.02	16.97	
138	10/16/13	17.76	17.9	16.83	17.02	1558200	16.97	2484	江海股份	SZ	17.87	17.82	
139	10/15/13	18.07	18.14	17.71	17.87	1066700	17.82	2484	江海股份	SZ	18.08	18.03	
140	10/14/13	18.23	18.31	17.93	18.08	1229900	18.03	2484	江海股份	SZ	18.21	18.16	
141	10/11/13	17.68	18.29	17.68	18.21	2008200	18.16	2484	江海股份	SZ	17.68	17.63	
142	10/10/13	17.9	18.26	17.5	17.68	1680100	17.63	2484	江海股份	SZ	17.96	17.91	
143	10/9/13	17.74	18	17.51	17.96	1622000	17.91	2484	江海股份	SZ	17.74	17.69	
144	10/8/13	17.6	17.76	17.22	17.74	1069300	17.69	2484	江海股份	SZ	17.46	17.41	
145	10/7/13	17.46	17.46	17.46	17.46	0	17.41	2484	江海股份	SZ	17.46	17.41	
146	10/4/13	17.46	17.46	17.46	17.46	0	17.41	2484	江海股份	SZ	17.46	17.41	
147	10/3/13	17.46	17.46	17.46	17.46	0	17.41	2484	江海股份	SZ	17.46	17.41	
148	10/2/13	17.46	17.46	17.46	17.46	0	17.41	2484	江海股份	SZ	17.46	17.41	
149	10/1/13	17.46	17.46	17.46	17.46	0	17.41	2484	江海股份	SZ	17.46	17.41	
150	9/30/13	16.8	17.59	16.66	17.46	1229200	17.41	2484	江海股份	SZ	16.71	16.67	
151	9/27/13	16.74	16.9	16.5	16.71	1280500	16.67	2484	江海股份	SZ	16.73	16.69	
152	9/26/13	17.52	17.7	16.6	16.73	1908700	16.69	2484	江海股份	SZ	17.48	17.43	
153	9/25/13	17.87	18.08	17.48	17.48	1606500	17.43	2484	江海股份	SZ	17.87	17.82	
154	9/24/13	17.54	17.99	17.35	17.87	2085800	17.82	2484	江海股份	SZ	17.55	17.5	
155	9/23/13	17.03	17.55	16.98	17.55	1814100	17.5	2484	江海股份	SZ	17.05	17	
156	9/20/13	17.05	17.05	17.05	17.05	0	17	2484	江海股份	SZ	17.05	17	
157	9/18/13	16.89	17.4	16.83	17.05	1218200	17	2484	江海股份	SZ	16.9	16.85	
158	9/17/13	17.14	17.2	16.83	16.9	956800	16.85	2484	江海股份	SZ	16.98	16.93	
159	9/16/13	16.35	17.31	16.34	16.98	2070100	16.93	2484	江海股份	SZ	16.65	16.61	
160	9/13/13	16.46	16.75	16.38	16.65	1309000	16.61	2484	江海股份	SZ	16.5	16.46	
161	9/12/13	16.43	16.67	16.12	16.5	1733200	16.46	2484	江海股份	SZ	16.5	16.46	
162	9/11/13	17.87	17.98	16.19	16.5	3839600	16.46	2484	江海股份	SZ	17.99	17.94	
163	9/10/13	17.75	18.29	17.75	17.99	1664400	17.94	2484	江海股份	SZ	17.75	17.7	
164	9/9/13	17.84	18.04	17.71	17.75	1415600	17.7	2484	江海股份	SZ	17.84	17.79	
165	9/6/13	17.65	17.89	17.29	17.84	1747600	17.79	2484	江海股份	SZ	17.62	17.57	
166	9/5/13	18.17	18.31	17.48	17.62	2291900	17.57	2484	江海股份	SZ	18.17	18.12	
167	9/4/13	18	18.23	17.86	18.17	1626900	18.12	2484	江海股份	SZ	18.01	17.96	
168	9/3/13	17.86	18.6	17.71	18.01	2312700	17.96	2484	江海股份	SZ	17.62	17.57	
169	9/2/13	17.77	18	17.53	17.62	1480200	17.57	2484	江海股份	SZ	17.7	17.65	
170	8/30/13	18.02	18.64	17.6	17.7	1972800	17.65	2484	江海股份	SZ	18.36	18.31	
171	8/29/13	18.63	18.96	18.12	18.36	2039000	18.31	2484	江海股份	SZ	18.77	18.72	
172	8/28/13	19.4	19.49	18.77	18.77	3076700	18.72	2484	江海股份	SZ	19.77	19.72	
173	8/27/13	19.2	19.86	19	19.77	2736200	19.72	2484	江海股份	SZ	19.45	19.4	
174	8/26/13	18.83	19.45	18.65	19.45	2269000	19.4	2484	江海股份	SZ	18.83	18.78	
175	8/23/13	19.43	19.5	18.12	18.83	2524600	18.78	2484	江海股份	SZ	19.33	19.28	
176	8/22/13	19.08	19.38	18.82	19.33	2034600	19.28	2484	江海股份	SZ	19.21	19.16	
177	8/21/13	19.58	19.58	19	19.21	2216300	19.16	2484	江海股份	SZ	19.52	19.47	
178	8/20/13	18.25	19.63	18.03	19.52	3585300	19.47	2484	江海股份	SZ	18.3	18.25	
179	8/19/13	17.4	18.41	17.2	18.3	2026800	18.25	2484	江海股份	SZ	17.7	17.65	
180	8/16/13	19.1	19.26	17.67	17.7	4861500	17.65	2484	江海股份	SZ	19.31	19.26	
181	8/15/13	19.8	20.18	19.31	19.31	4018400	19.26	2484	江海股份	SZ	19.66	19.61	
182	8/14/13	19.75	19.88	19.48	19.66	3553900	19.61	2484	江海股份	SZ	20	19.95	
183	8/13/13	18.64	20	18.5	20	5999600	19.95	2484	江海股份	SZ	18.7	18.65	
184	8/12/13	19	19.03	18.27	18.7	3888000	18.65	2484	江海股份	SZ	18.71	18.66	
185	8/9/13	18.9	19.58	18.46	18.71	6822900	18.66	2484	江海股份	SZ	18.49	18.44	
186	8/8/13	18.4	18.85	18.24	18.49	3582400	18.44	2484	江海股份	SZ	18.3	18.25	
187	8/7/13	18.71	19.05	18.2	18.3	4073200	18.25	2484	江海股份	SZ	18.81	18.76	
188	8/6/13	18.61	19.09	18.55	18.81	3683300	18.76	2484	江海股份	SZ	19	18.95	
189	8/5/13	18.78	19.69	18.41	19	7721100	18.95	2484	江海股份	SZ	18.97	18.92	
190	8/2/13	18.28	19.93	17.81	18.97	13351000	18.92	2484	江海股份	SZ	18.12	18.07	
191	8/1/13	16.41	18.12	16.31	18.12	7759300	18.07	2484	江海股份	SZ	16.47	16.43	
192	7/31/13	16.78	17.15	16.45	16.47	4529100	16.43	2484	江海股份	SZ	16.81	16.77	
193	7/30/13	16.4	16.85	15.71	16.81	6099200	16.77	2484	江海股份	SZ	16.44	16.4	
194	7/29/13	15.7	16.44	15.55	16.44	4130900	16.4	2484	江海股份	SZ	15.88	15.84	
195	7/26/13	15.4	15.88	15.33	15.88	1589600	15.84	2484	江海股份	SZ	15.57	15.53	
196	7/25/13	16.08	16.3	15.53	15.57	2871700	15.53	2484	江海股份	SZ	16.17	16.13	
197	7/24/13	16.29	16.29	15.85	16.17	3242000	16.13	2484	江海股份	SZ	16.3	16.26	
198	7/23/13	15.9	16.32	15.8	16.3	4040500	16.26	2484	江海股份	SZ	15.81	15.77	
199	7/22/13	15.24	15.95	15.05	15.81	3002400	15.77	2484	江海股份	SZ	15.29	15.25	
200	7/19/13	16.15	16.15	15.2	15.29	4171200	15.25	2484	江海股份	SZ	16	15.96	
201	7/18/13	15.58	16.05	15.58	16	3260000	15.96	2484	江海股份	SZ	15.8	15.76	
202	7/17/13	16.05	16.26	15.45	15.8	6178000	15.76	2484	江海股份	SZ	16.26	16.22	
203	7/16/13	17.3	17.51	16.01	16.26	7767800	16.22	2484	江海股份	SZ	15.93	15.89	
204	7/15/13	15.5	15.96	15.2	15.93	4181600	15.89	2484	江海股份	SZ	15.32	15.28	
205	7/12/13	15.31	15.85	15.23	15.32	2746200	15.28	2484	江海股份	SZ	15.44	15.4	
206	7/11/13	15.27	15.63	15.13	15.44	3581500	15.4	2484	江海股份	SZ	15.37	15.33	
207	7/10/13	15.63	15.85	15.24	15.37	4822400	15.33	2484	江海股份	SZ	15.1	15.06	
208	7/9/13	15.1	15.29	14.69	15.1	2512500	15.06	2484	江海股份	SZ	15.11	15.07	
209	7/8/13	14.3	15.15	13.99	15.11	3754700	15.07	2484	江海股份	SZ	14.65	14.61	
210	7/5/13	14.77	15.25	14.62	14.65	2891300	14.61	2484	江海股份	SZ	14.7	14.66	
211	7/4/13	14.6	15.34	14.45	14.7	4312600	14.66	2484	江海股份	SZ	14.8	14.76	
212	7/3/13	13.9	15.18	13.8	14.8	5687300	14.76	2484	江海股份	SZ	13.92	13.88	
213	7/2/13	13.56	13.96	13.51	13.92	2485200	13.88	2484	江海股份	SZ	13.49	13.45	
214	7/1/13	13.08	13.55	13	13.49	1268700	13.45	2484	江海股份	SZ	13.08	13.05	
215	6/28/13	13.04	13.36	12.5	13.08	1510600	13.05	2484	江海股份	SZ	13.23	13.19	
216	6/27/13	13.9	14.13	13.12	13.23	2305200	13.19	2484	江海股份	SZ	13.87	13.83	
217	6/26/13	13.54	13.88	13.3	13.87	2476800	13.83	2484	江海股份	SZ	13.51	13.47	
218	6/25/13	13.26	13.57	12.01	13.51	2617300	13.47	2484	江海股份	SZ	13.28	13.24	
219	6/24/13	14.27	14.45	13.26	13.28	2190500	13.24	2484	江海股份	SZ	14.27	14.23	
220	6/21/13	13.8	14.4	13.6	14.27	1335900	14.23	2484	江海股份	SZ	14.25	14.21	
221	6/20/13	15	15.2	14.2	14.25	2335600	14.21	2484	江海股份	SZ	15.18	15.14	
222	6/19/13	14.71	15.32	14.52	15.18	2927500	15.14	2484	江海股份	SZ	14.7	14.66	
223	6/18/13	14.65	14.86	14.4	14.7	1662800	14.66	2484	江海股份	SZ	14.58	14.54	
224	6/17/13	14.59	14.9	14.35	14.58	2289200	14.54	2484	江海股份	SZ	14.57	14.53	
225	6/14/13	14.05	14.57	14.05	14.57	1815800	14.53	2484	江海股份	SZ	14	13.96	
226	6/13/13	14.28	14.28	13.6	14	1838800	13.96	2484	江海股份	SZ	14.51	14.47	
227	6/12/13	14.51	14.51	14.51	14.51	0	14.47	2484	江海股份	SZ	14.51	14.47	
228	6/11/13	14.51	14.51	14.51	14.51	0	14.47	2484	江海股份	SZ	14.51	14.47	
229	6/10/13	14.51	14.51	14.51	14.51	0	14.47	2484	江海股份	SZ	14.51	14.47	
230	6/7/13	14.69	15.08	14.38	14.51	1816900	14.47	2484	江海股份	SZ	14.7	14.66	
231	6/6/13	15	15.2	14.65	14.7	1845200	14.66	2484	江海股份	SZ	15.13	15.09	
232	6/5/13	14.99	15.35	14.96	15.13	1593800	15.09	2484	江海股份	SZ	15.08	15.04	
233	6/4/13	15.81	15.82	14.87	15.08	3795800	15.04	2484	江海股份	SZ	15.88	15.84	
234	6/3/13	16.02	16.27	15.8	15.88	2721400	15.84	2484	江海股份	SZ	16	15.96	
235	5/31/13	16.7	16.8	15.96	16	3982500	15.96	2484	江海股份	SZ	16.73	16.69	
236	5/30/13	16.22	16.88	15.96	16.73	5886900	16.69	2484	江海股份	SZ	16.45	16.41	
237	5/29/13	16.05	16.58	15.77	16.45	4766100	16.41	2484	江海股份	SZ	15.9	15.86	
238	5/28/13	16.69	16.69	15.76	15.9	4421000	15.86	2484	江海股份	SZ	16.68	16.64	
239	5/27/13	16.7	16.83	16.4	16.68	4216400	16.64	2484	江海股份	SZ	16.86	16.82	
240	5/24/13	16.18	16.99	16	16.86	5825500	16.82	2484	江海股份	SZ	16.16	16.12	
241	5/23/13	16.25	16.72	15.85	16.16	6424500	16.12	2484	江海股份	SZ	16.74	16.7	
242	5/22/13	17.17	17.88	16.5	16.74	13988300	16.7	2484	江海股份	SZ	17.13	17.08	
243	5/21/13	16.14	17.13	16.12	17.13	5169300	17.08	2484	江海股份	SZ	15.57	15.53	
244	5/20/13	15.05	15.7	15.03	15.57	5733800	15.53	2484	江海股份	SZ	15.03	14.99	
245	5/17/13	14.8	15.27	14.49	15.03	3818100	14.99	2484	江海股份	SZ	14.89	14.85	
246	5/16/13	15.21	15.45	14.8	14.89	5011900	14.85	2484	江海股份	SZ	15.25	15.21	
247	5/15/13	15.22	15.55	15.12	15.25	3259800	15.21	2484	江海股份	SZ	15.2	15.16	
248	5/14/13	15.74	15.83	15	15.2	5691000	15.16	2484	江海股份	SZ	15.99	15.9	
249	5/13/13	15.16	16.34	14.91	15.99	10085100	15.9	2484	江海股份	SZ	15.59	15.5	
250	5/10/13	16.61	16.99	15.25	15.59	11405200	15.5	2484	江海股份	SZ	15.53	15.44	
251	5/9/13	14.73	15.85	14.58	15.53	11048400	15.44	2484	江海股份	SZ	14.58	14.5	
252	5/8/13	14.09	14.66	14.09	14.58	5505600	14.5	2484	江海股份	SZ	14.08	14	
253	5/7/13	14.33	14.48	13.96	14.08	4148400	14	2484	江海股份	SZ	14.33	14.25	
254	5/6/13	13.9	14.49	13.86	14.33	7221900	14.25	2484	江海股份	SZ	14.03	13.95	
255	5/3/13	14	14.56	13.72	14.03	7120600	13.95	2484	江海股份	SZ	13.42	13.35	
256	5/2/13	12.63	13.47	12.5	13.42	2554200	13.35	2484	江海股份	SZ	12.63	12.56	
257	5/1/13	12.63	12.63	12.63	12.63	0	12.56	2484	江海股份	SZ	12.63	12.56	
258	4/30/13	12.63	12.63	12.63	12.63	0	12.56	2484	江海股份	SZ	12.63	12.56	
259	4/29/13	12.63	12.63	12.63	12.63	0	12.56	2484	江海股份	SZ	12.63	12.56	
260	4/26/13	13.07	13.36	12.53	12.63	1864800	12.56	2484	江海股份	SZ	13.07	13	
261	4/25/13	13.4	13.46	13.05	13.07	2641300	13	2484	江海股份	SZ	13.49	13.42	
262	4/24/13	12.88	13.55	12.88	13.49	3651500	13.42	2484	江海股份	SZ	12.98	12.91	
263	4/23/13	13.75	13.75	12.91	12.98	3778000	12.91	2484	江海股份	SZ	13.78	13.7	
264	4/22/13	13.4	13.86	13.28	13.78	4135500	13.7	2484	江海股份	SZ	13.55	13.48	
265	4/19/13	13.28	13.8	13.21	13.55	5990600	13.48	2484	江海股份	SZ	13.63	13.56	
266	4/18/13	12.47	13.84	12.4	13.63	7756200	13.56	2484	江海股份	SZ	12.58	12.51	
267	4/17/13	12.3	12.66	12.3	12.58	2607600	12.51	2484	江海股份	SZ	12.29	12.22	
268	4/16/13	11.91	12.29	11.74	12.29	1189300	12.22	2484	江海股份	SZ	11.99	11.92	
269	4/15/13	11.95	12.16	11.95	11.99	731600	11.92	2484	江海股份	SZ	12.17	12.1	
270	4/12/13	12.19	12.37	12.07	12.17	933200	12.1	2484	江海股份	SZ	12.19	12.12	
271	4/11/13	12.48	12.5	12.18	12.19	1225000	12.12	2484	江海股份	SZ	12.44	12.37	
272	4/10/13	12.52	12.66	12.27	12.44	1290100	12.37	2484	江海股份	SZ	12.61	12.54	
273	4/9/13	12.45	12.66	12.4	12.61	2004100	12.54	2484	江海股份	SZ	12.5	12.43	
274	4/8/13	11.9	12.53	11.81	12.5	1876700	12.43	2484	江海股份	SZ	12.14	12.07	
275	4/5/13	12.14	12.14	12.14	12.14	0	12.07	2484	江海股份	SZ	12.14	12.07	
276	4/4/13	12.14	12.14	12.14	12.14	0	12.07	2484	江海股份	SZ	12.14	12.07	
277	4/3/13	12.25	12.38	12.06	12.14	1584900	12.07	2484	江海股份	SZ	12.32	12.25	
278	4/2/13	12.64	12.76	12.17	12.32	2210200	12.25	2484	江海股份	SZ	12.62	12.55	
279	4/1/13	12.53	12.75	12.41	12.62	1377000	12.55	2484	江海股份	SZ	12.48	12.41	
280	3/29/13	12.5	12.65	12.31	12.48	2148600	12.41	2484	江海股份	SZ	12.42	12.35	
281	3/28/13	13.12	13.13	12.4	12.42	3145900	12.35	2484	江海股份	SZ	13.23	13.16	
282	3/27/13	13.43	13.59	13.13	13.23	2718200	13.16	2484	江海股份	SZ	13.33	13.26	
283	3/26/13	13.65	13.77	13.23	13.33	3106100	13.26	2484	江海股份	SZ	13.82	13.74	
284	3/25/13	14.01	14.14	13.8	13.82	2926400	13.74	2484	江海股份	SZ	14.15	14.07	
285	3/22/13	13.85	14.34	13.8	14.15	6095300	14.07	2484	江海股份	SZ	14.03	13.95	
286	3/21/13	13.65	14.35	13.52	14.03	7626600	13.95	2484	江海股份	SZ	13.72	13.64	
287	3/20/13	13.55	13.77	13.24	13.72	4728900	13.64	2484	江海股份	SZ	13.55	13.48	
288	3/19/13	13.15	13.57	13.15	13.55	2698700	13.48	2484	江海股份	SZ	13.23	13.16	
289	3/18/13	13.63	13.65	13.14	13.23	2921300	13.16	2484	江海股份	SZ	13.75	13.67	
290	3/15/13	13.22	14.12	13.02	13.75	6183000	13.67	2484	江海股份	SZ	13.3	13.23	
291	3/14/13	13.6	13.68	13.29	13.3	3486600	13.23	2484	江海股份	SZ	13.62	13.55	
292	3/13/13	13.48	13.77	13.32	13.62	4817600	13.55	2484	江海股份	SZ	13.43	13.36	
293	3/12/13	14.15	14.27	13.26	13.43	6799800	13.36	2484	江海股份	SZ	14.28	14.2	
294	3/11/13	14.19	14.45	13.96	14.28	4964600	14.2	2484	江海股份	SZ	14.21	14.13	
295	3/8/13	15	15.08	14.16	14.21	9995000	14.13	2484	江海股份	SZ	15.38	15.3	
296	3/7/13	17.2	17.2	15.27	15.38	19600100	15.3	2484	江海股份	SZ	15.94	15.85	
297	3/6/13	15.94	15.94	15.94	15.94	1112200	15.85	2484	江海股份	SZ	14.49	14.41	
298	3/5/13	13.55	14.49	13.5	14.49	4282100	14.41	2484	江海股份	SZ	13.17	13.1	
299	3/4/13	12.85	13.84	12.83	13.17	6822900	13.1	2484	江海股份	SZ	13.03	12.96	
300	3/1/13	12.73	13.04	12.55	13.03	2752200	12.96	2484	江海股份	SZ	12.77	12.7	
301	2/28/13	12.45	12.84	12.44	12.77	1801300	12.7	2484	江海股份	SZ	12.42	12.35	
302	2/27/13	12.7	12.81	12.23	12.42	1868100	12.35	2484	江海股份	SZ	12.55	12.48	
303	2/26/13	12.56	12.95	12.51	12.55	2454300	12.48	2484	江海股份	SZ	12.56	12.49	
304	2/25/13	12.58	12.8	12.5	12.56	2063700	12.49	2484	江海股份	SZ	12.66	12.59	
305	2/22/13	12.82	12.94	12.62	12.66	3017200	12.59	2484	江海股份	SZ	12.95	12.88	
306	2/21/13	12.28	13.48	12.14	12.95	5623300	12.88	2484	江海股份	SZ	12.3	12.23	
307	2/20/13	12.04	12.36	12.04	12.3	1314000	12.23	2484	江海股份	SZ	12.08	12.01	
308	2/19/13	12.41	12.46	12.07	12.08	1306300	12.01	2484	江海股份	SZ	12.41	12.34	
309	2/18/13	12.59	12.6	12.3	12.41	1344200	12.34	2484	江海股份	SZ	12.5	12.43	
310	2/15/13	12.5	12.5	12.5	12.5	0	12.43	2484	江海股份	SZ	12.5	12.43	
311	2/14/13	12.5	12.5	12.5	12.5	0	12.43	2484	江海股份	SZ	12.5	12.43	
312	2/13/13	12.5	12.5	12.5	12.5	0	12.43	2484	江海股份	SZ	12.5	12.43	
313	2/12/13	12.5	12.5	12.5	12.5	0	12.43	2484	江海股份	SZ	12.5	12.43	
314	2/11/13	12.5	12.5	12.5	12.5	0	12.43	2484	江海股份	SZ	12.5	12.43	
315	2/8/13	12.55	12.73	12.44	12.5	1784000	12.43	2484	江海股份	SZ	12.56	12.49	
316	2/7/13	12.35	12.65	12.27	12.56	1717700	12.49	2484	江海股份	SZ	12.44	12.37	
317	2/6/13	12.48	12.51	12.35	12.44	1785400	12.37	2484	江海股份	SZ	12.48	12.41	
318	2/5/13	12.03	12.6	11.99	12.48	3873200	12.41	2484	江海股份	SZ	12.15	12.08	
319	2/4/13	11.82	12.17	11.68	12.15	2430300	12.08	2484	江海股份	SZ	11.84	11.78	
320	2/1/13	11.65	11.87	11.59	11.84	1155700	11.78	2484	江海股份	SZ	11.69	11.63	
321	1/31/13	11.93	11.95	11.53	11.69	1523300	11.63	2484	江海股份	SZ	11.94	11.87	
322	1/30/13	11.85	11.98	11.66	11.94	1739900	11.87	2484	江海股份	SZ	11.89	11.82	
323	1/29/13	11.88	12.04	11.83	11.89	1666700	11.82	2484	江海股份	SZ	11.86	11.8	
324	1/28/13	11.55	11.94	11.51	11.86	1568900	11.8	2484	江海股份	SZ	11.52	11.46	
325	1/25/13	11.79	11.84	11.45	11.52	1978800	11.46	2484	江海股份	SZ	11.83	11.77	
326	1/24/13	12.2	12.54	11.76	11.83	2977100	11.77	2484	江海股份	SZ	12.22	12.15	
327	1/23/13	12.03	12.3	11.83	12.22	2663700	12.15	2484	江海股份	SZ	12.09	12.02	
328	1/22/13	12.45	12.45	12.02	12.09	2543900	12.02	2484	江海股份	SZ	12.45	12.38	
329	1/21/13	12.4	12.51	12.24	12.45	2030800	12.38	2484	江海股份	SZ	12.34	12.27	
330	1/18/13	12.3	12.45	12.15	12.34	2570900	12.27	2484	江海股份	SZ	12.29	12.22	
331	1/17/13	12.82	12.82	12.25	12.29	3373000	12.22	2484	江海股份	SZ	12.82	12.75	
332	1/16/13	12.71	13.09	12.39	12.82	5203000	12.75	2484	江海股份	SZ	12.74	12.67	
333	1/15/13	12.6	13	12.52	12.74	5428000	12.67	2484	江海股份	SZ	12.65	12.58	
334	1/14/13	11.99	12.72	11.99	12.65	5374100	12.58	2484	江海股份	SZ	12.03	11.96	
335	1/11/13	12.31	12.7	11.96	12.03	5014000	11.96	2484	江海股份	SZ	12.27	12.2	
336	1/10/13	12.3	12.51	12.22	12.27	3571100	12.2	2484	江海股份	SZ	12.48	12.41	
337	1/9/13	12.29	12.89	12.22	12.48	5970600	12.41	2484	江海股份	SZ	12.43	12.36	
338	1/8/13	12.38	12.9	12.2	12.43	6703200	12.36	2484	江海股份	SZ	12.58	12.51	
339	1/7/13	12.47	12.96	11.91	12.58	10772400	12.51	2484	江海股份	SZ	12.27	12.2	
340	1/4/13	11.25	12.27	11.13	12.27	8554000	12.2	2484	江海股份	SZ	11.15	11.09	
341	1/3/13	11.15	11.15	11.15	11.15	0	11.09	2484	江海股份	SZ	11.15	11.09	
342	1/2/13	11.15	11.15	11.15	11.15	0	11.09	2484	江海股份	SZ	11.15	11.09	
343	1/1/13	11.15	11.15	11.15	11.15	0	11.09	2484	江海股份	SZ	11.15	11.09	
344	12/31/12	11.66	11.67	11.07	11.15	4177600	11.09	2484	江海股份	SZ	11.38	11.32	
345	12/28/12	11.28	11.44	11.13	11.38	2601000	11.32	2484	江海股份	SZ	11.3	11.24	
346	12/27/12	11.58	11.7	11.26	11.3	4264500	11.24	2484	江海股份	SZ	11.64	11.58	
347	12/26/12	11.5	11.73	11.24	11.64	5453900	11.58	2484	江海股份	SZ	11.4	11.34	
348	12/25/12	11.02	11.5	10.93	11.4	4848800	11.34	2484	江海股份	SZ	11.04	10.98	
349	12/24/12	10.95	11.13	10.85	11.04	2275000	10.98	2484	江海股份	SZ	10.96	10.9	
350	12/21/12	11.24	11.35	10.86	10.96	4414700	10.9	2484	江海股份	SZ	11.24	11.18	
351	12/20/12	11.2	11.36	11.04	11.24	3441000	11.18	2484	江海股份	SZ	11.36	11.3	
352	12/19/12	10.98	11.58	10.87	11.36	5681000	11.3	2484	江海股份	SZ	10.98	10.92	
353	12/18/12	11.1	11.21	10.85	10.98	3415000	10.92	2484	江海股份	SZ	11.15	11.09	
354	12/17/12	11.06	11.33	10.81	11.15	4511300	11.09	2484	江海股份	SZ	11.06	11	
355	12/14/12	10.55	11.19	10.55	11.06	4238000	11	2484	江海股份	SZ	10.7	10.64	
356	12/13/12	11.15	11.16	10.62	10.7	3376900	10.64	2484	江海股份	SZ	11.24	11.18	
357	12/12/12	10.83	11.3	10.54	11.24	5122500	11.18	2484	江海股份	SZ	10.88	10.82	
358	12/11/12	11.15	11.2	10.88	10.88	4878400	10.82	2484	江海股份	SZ	11.29	11.23	
359	12/10/12	10.51	11.54	10.43	11.29	7298100	11.23	2484	江海股份	SZ	10.59	10.53	
360	12/7/12	10.07	10.97	9.86	10.59	6327400	10.53	2484	江海股份	SZ	10.07	10.01	
361	12/6/12	9.9	10.29	9.84	10.07	4986900	10.01	2484	江海股份	SZ	9.86	9.81	
362	12/5/12	9.31	10.06	9.28	9.86	4522900	9.81	2484	江海股份	SZ	9.47	9.42	
363	12/4/12	9.77	9.82	8.93	9.47	4730800	9.42	2484	江海股份	SZ	9.9	9.85	
364	12/3/12	9.84	10.17	9.72	9.9	3296900	9.85	2484	江海股份	SZ	9.91	9.86	
365	11/30/12	9.96	10.08	9.62	9.91	2776700	9.86	2484	江海股份	SZ	9.98	9.93	
366	11/29/12	9.85	10.2	9.84	9.98	3791000	9.93	2484	江海股份	SZ	9.97	9.92	
367	11/28/12	9.71	10.09	9.58	9.97	3593800	9.92	2484	江海股份	SZ	9.87	9.82	
368	11/27/12	10.7	10.73	9.85	9.87	5668800	9.82	2484	江海股份	SZ	10.94	10.88	
369	11/26/12	11.7	11.7	10.88	10.94	7060000	10.88	2484	江海股份	SZ	11.87	11.81	
370	11/23/12	11.69	12.36	11.59	11.87	8980800	11.81	2484	江海股份	SZ	11.62	11.56	
371	11/22/12	11.83	11.92	11.45	11.62	5964800	11.56	2484	江海股份	SZ	12.02	11.95	
372	11/21/12	11.6	12.02	10.88	12.02	8543400	11.95	2484	江海股份	SZ	11.73	11.67	
373	11/20/12	11.57	12.38	11.48	11.73	11958900	11.67	2484	江海股份	SZ	11.68	11.62	
374	11/19/12	11.36	11.72	11.12	11.68	7501800	11.62	2484	江海股份	SZ	11.45	11.39	
375	11/16/12	11.7	11.9	11.31	11.45	7456800	11.39	2484	江海股份	SZ	11.7	11.64	
376	11/15/12	12.4	12.49	11.63	11.7	11160000	11.64	2484	江海股份	SZ	12.84	12.77	
377	11/14/12	11.95	12.92	11.85	12.84	13810000	12.77	2484	江海股份	SZ	12.48	12.41	
378	11/13/12	12.97	13.84	12.07	12.48	18055800	12.41	2484	江海股份	SZ	12.75	12.68	
379	11/12/12	11.95	12.75	11.91	12.75	11585000	12.68	2484	江海股份	SZ	11.59	11.53	
380	11/9/12	10.47	11.59	10.38	11.59	12982400	11.53	2484	江海股份	SZ	10.54	10.48	
381	11/8/12	9.7	10.54	9.65	10.54	6324900	10.48	2484	江海股份	SZ	9.58	9.53	
382	11/7/12	9.64	9.68	9.51	9.58	248100	9.53	2484	江海股份	SZ	9.64	9.59	
383	11/6/12	9.84	9.84	9.54	9.64	366500	9.59	2484	江海股份	SZ	9.85	9.8	
384	11/5/12	9.9	9.98	9.84	9.85	137200	9.8	2484	江海股份	SZ	9.9	9.85	
385	11/2/12	9.9	9.98	9.82	9.9	197900	9.85	2484	江海股份	SZ	9.91	9.86	
386	11/1/12	9.73	10	9.73	9.91	369400	9.86	2484	江海股份	SZ	9.84	9.79	
387	10/31/12	9.65	9.84	9.65	9.84	239600	9.79	2484	江海股份	SZ	9.68	9.63	
388	10/30/12	9.67	9.77	9.62	9.68	145000	9.63	2484	江海股份	SZ	9.65	9.6	
389	10/29/12	9.68	9.71	9.56	9.65	293600	9.6	2484	江海股份	SZ	9.8	9.75	
390	10/26/12	9.93	9.97	9.4	9.8	833200	9.75	2484	江海股份	SZ	9.94	9.89	
391	10/25/12	9.99	10.08	9.92	9.94	394200	9.89	2484	江海股份	SZ	10	9.95	
392	10/24/12	10.3	10.3	9.96	10	983800	9.95	2484	江海股份	SZ	10.4	10.34	
393	10/23/12	10.63	10.63	10.32	10.4	470500	10.34	2484	江海股份	SZ	10.6	10.54	
394	10/22/12	10.36	10.6	10.3	10.6	441500	10.54	2484	江海股份	SZ	10.37	10.31	
395	10/19/12	10.53	10.53	10.35	10.37	343200	10.31	2484	江海股份	SZ	10.5	10.44	
396	10/18/12	10.26	10.6	10.25	10.5	613800	10.44	2484	江海股份	SZ	10.23	10.17	
397	10/17/12	10.36	10.48	10.18	10.23	397000	10.17	2484	江海股份	SZ	10.41	10.31	
398	10/16/12	10.39	10.57	10.39	10.41	388600	10.31	2484	江海股份	SZ	10.32	10.22	
399	10/15/12	10.45	10.49	10.25	10.32	331800	10.22	2484	江海股份	SZ	10.4	10.3	
400	10/12/12	10.53	10.63	10.36	10.4	352400	10.3	2484	江海股份	SZ	10.5	10.4	
401	10/11/12	10.77	10.77	10.43	10.5	552300	10.4	2484	江海股份	SZ	10.78	10.67	
402	10/10/12	10.7	10.79	10.6	10.78	464600	10.67	2484	江海股份	SZ	10.67	10.57	
403	10/9/12	10.31	10.72	10.31	10.67	701200	10.57	2484	江海股份	SZ	10.34	10.24	
404	10/8/12	10.34	10.48	10.28	10.34	309500	10.24	2484	江海股份	SZ	10.34	10.24	
405	10/5/12	10.34	10.34	10.34	10.34	0	10.24	2484	江海股份	SZ	10.34	10.24	
406	10/4/12	10.34	10.34	10.34	10.34	0	10.24	2484	江海股份	SZ	10.34	10.24	
407	10/3/12	10.34	10.34	10.34	10.34	0	10.24	2484	江海股份	SZ	10.34	10.24	
408	10/2/12	10.34	10.34	10.34	10.34	0	10.24	2484	江海股份	SZ	10.34	10.24	
409	10/1/12	10.34	10.34	10.34	10.34	0	10.24	2484	江海股份	SZ	10.34	10.24	
410	9/28/12	10.2	10.36	10.11	10.34	346200	10.24	2484	江海股份	SZ	10.25	10.15	
411	9/27/12	9.95	10.35	9.8	10.25	761900	10.15	2484	江海股份	SZ	9.9	9.8	
412	9/26/12	10.26	10.47	9.8	9.9	486700	9.8	2484	江海股份	SZ	10.45	10.35	
413	9/25/12	10.24	10.5	10.2	10.45	493700	10.35	2484	江海股份	SZ	10.34	10.24	
414	9/24/12	10.17	10.38	10.11	10.34	473600	10.24	2484	江海股份	SZ	10.32	10.22	
415	9/21/12	10.2	10.37	10.12	10.32	687800	10.22	2484	江海股份	SZ	10.24	10.14	
416	9/20/12	10.69	10.69	10.24	10.24	848800	10.14	2484	江海股份	SZ	10.68	10.58	
417	9/19/12	10.59	10.77	10.41	10.68	751300	10.58	2484	江海股份	SZ	10.5	10.4	
418	9/18/12	10.69	10.87	10.45	10.5	1152400	10.4	2484	江海股份	SZ	10.82	10.71	
419	9/17/12	11.26	11.26	10.66	10.82	1278600	10.71	2484	江海股份	SZ	11.26	11.15	
420	9/14/12	11.5	11.52	10.94	11.26	2055100	11.15	2484	江海股份	SZ	11.36	11.25	
421	9/13/12	11.4	11.56	11.26	11.36	1520100	11.25	2484	江海股份	SZ	11.36	11.25	
422	9/12/12	11.49	11.55	11.18	11.36	1566700	11.25	2484	江海股份	SZ	11.45	11.34	
423	9/11/12	11.47	11.55	11.34	11.45	1461300	11.34	2484	江海股份	SZ	11.57	11.46	
424	9/10/12	11.29	11.69	11.21	11.57	3209500	11.46	2484	江海股份	SZ	11.35	11.24	
425	9/7/12	10.96	11.37	10.9	11.35	3289700	11.24	2484	江海股份	SZ	10.95	10.84	
426	9/6/12	11.02	11.15	10.68	10.95	1539500	10.84	2484	江海股份	SZ	10.86	10.75	
427	9/5/12	10.41	10.86	10.41	10.86	1651000	10.75	2484	江海股份	SZ	10.52	10.42	
428	9/4/12	10.76	10.86	10.51	10.52	1614000	10.42	2484	江海股份	SZ	10.9	10.79	
429	9/3/12	10.72	10.99	10.4	10.9	1483300	10.79	2484	江海股份	SZ	10.85	10.74	
430	8/31/12	10.82	11.11	10.68	10.85	2421400	10.74	2484	江海股份	SZ	10.89	10.78	
431	8/30/12	10.53	11.2	10.4	10.89	3448200	10.78	2484	江海股份	SZ	10.53	10.43	
432	8/29/12	10.63	10.74	10.4	10.53	1762100	10.43	2484	江海股份	SZ	10.65	10.55	
433	8/28/12	10.07	10.75	10.07	10.65	2603800	10.55	2484	江海股份	SZ	10.24	10.14	
434	8/27/12	10.17	10.6	10	10.24	1977400	10.14	2484	江海股份	SZ	10.05	9.95	
435	8/24/12	10.25	10.47	10.02	10.05	1113000	9.95	2484	江海股份	SZ	10.31	10.21	
436	8/23/12	10.13	10.4	9.97	10.31	1143900	10.21	2484	江海股份	SZ	10.08	9.98	
437	8/22/12	10.15	10.2	10	10.08	610500	9.98	2484	江海股份	SZ	10.13	10.03	
438	8/21/12	9.8	10.23	9.8	10.13	1375300	10.03	2484	江海股份	SZ	9.75	9.65	
439	8/20/12	9.72	9.81	9.61	9.75	296200	9.65	2484	江海股份	SZ	9.8	9.7	
440	8/17/12	9.74	9.83	9.63	9.8	240800	9.7	2484	江海股份	SZ	9.7	9.61	
441	8/16/12	9.74	9.87	9.67	9.7	160400	9.61	2484	江海股份	SZ	9.73	9.63	
442	8/15/12	9.8	9.88	9.7	9.73	311000	9.63	2484	江海股份	SZ	9.85	9.75	
443	8/14/12	9.89	9.91	9.61	9.85	599200	9.75	2484	江海股份	SZ	9.9	9.8	
444	8/13/12	10.26	10.26	9.9	9.9	593300	9.8	2484	江海股份	SZ	10.28	10.18	
445	8/10/12	10.09	10.3	10.08	10.28	989000	10.18	2484	江海股份	SZ	10.13	10.03	
446	8/9/12	10.05	10.14	9.91	10.13	646100	10.03	2484	江海股份	SZ	10.03	9.93	
447	8/8/12	10.19	10.24	9.96	10.03	792200	9.93	2484	江海股份	SZ	10.17	10.07	
448	8/7/12	10.17	10.22	10.08	10.17	596300	10.07	2484	江海股份	SZ	10.16	10.06	
449	8/6/12	10.04	10.18	9.9	10.16	838200	10.06	2484	江海股份	SZ	10.04	9.94	
450	8/3/12	9.6	10.55	9.41	10.04	1112700	9.94	2484	江海股份	SZ	9.6	9.51	
451	8/2/12	9.4	9.64	9.3	9.6	779600	9.51	2484	江海股份	SZ	9.5	9.41	
452	8/1/12	9.25	9.8	9.2	9.5	650800	9.41	2484	江海股份	SZ	9.3	9.21	
453	7/31/12	9.7	9.74	9.03	9.3	757900	9.21	2484	江海股份	SZ	9.73	9.63	
454	7/30/12	9.88	10.01	9.7	9.73	681000	9.63	2484	江海股份	SZ	9.69	9.6	
455	7/27/12	9.82	9.89	9.68	9.69	324200	9.6	2484	江海股份	SZ	9.81	9.71	
456	7/26/12	9.94	10.01	9.8	9.81	436400	9.71	2484	江海股份	SZ	9.83	9.73	
457	7/25/12	9.82	10.1	9.81	9.83	475000	9.73	2484	江海股份	SZ	9.93	9.83	
458	7/24/12	9.81	9.97	9.8	9.93	472300	9.83	2484	江海股份	SZ	9.82	9.72	
459	7/23/12	9.8	9.85	9.65	9.82	307000	9.72	2484	江海股份	SZ	9.8	9.7	
460	7/20/12	9.9	9.99	9.77	9.8	583600	9.7	2484	江海股份	SZ	9.97	9.87	
461	7/19/12	9.73	10.01	9.63	9.97	706400	9.87	2484	江海股份	SZ	9.76	9.66	
462	7/18/12	9.61	9.78	9.53	9.76	388200	9.66	2484	江海股份	SZ	9.66	9.57	
463	7/17/12	9.67	9.78	9.52	9.66	426600	9.57	2484	江海股份	SZ	9.67	9.58	
464	7/16/12	10.15	10.23	9.66	9.67	834000	9.58	2484	江海股份	SZ	10.16	10.06	
465	7/13/12	10.45	10.66	10.04	10.16	1274100	10.06	2484	江海股份	SZ	10.54	10.44	
466	7/12/12	10.48	10.67	10.37	10.54	800700	10.44	2484	江海股份	SZ	10.51	10.41	
467	7/11/12	10.53	10.65	10.35	10.51	1300600	10.41	2484	江海股份	SZ	10.78	10.67	
468	7/10/12	10.13	10.99	10.11	10.78	3554400	10.67	2484	江海股份	SZ	10.26	10.16	
469	7/9/12	10.35	10.37	9.97	10.26	1373000	10.16	2484	江海股份	SZ	10.41	10.31	
470	7/6/12	10.76	10.8	10.16	10.41	2172800	10.31	2484	江海股份	SZ	10.7	10.6	
471	7/5/12	10.84	11.01	10.61	10.7	478700	10.6	2484	江海股份	SZ	11.03	10.92	
472	7/4/12	11.2	11.26	10.88	11.03	757300	10.92	2484	江海股份	SZ	11.21	11.1	
473	7/3/12	10.91	11.4	10.88	11.21	1286000	11.1	2484	江海股份	SZ	10.9	10.79	
474	7/2/12	10.98	11.01	10.85	10.9	685400	10.79	2484	江海股份	SZ	10.89	10.78	
475	6/29/12	11.41	11.41	10.7	10.89	2089500	10.78	2484	江海股份	SZ	11.42	11.31	
476	6/28/12	11.42	11.42	11.42	11.42	0	11.31	2484	江海股份	SZ	11.42	11.31	
477	6/27/12	11.54	11.66	11.4	11.42	302500	11.31	2484	江海股份	SZ	11.54	11.43	
478	6/26/12	11.44	11.66	11.35	11.54	418300	11.43	2484	江海股份	SZ	11.42	11.31	
479	6/25/12	11.77	11.79	11.42	11.42	354600	11.31	2484	江海股份	SZ	11.82	11.7	
480	6/22/12	11.82	11.82	11.82	11.82	0	11.7	2484	江海股份	SZ	11.82	11.7	
481	6/21/12	12.22	12.22	11.81	11.82	509600	11.7	2484	江海股份	SZ	12.23	12.11	
482	6/20/12	12.42	12.43	12.21	12.23	204500	12.11	2484	江海股份	SZ	12.21	12.09	
483	6/19/12	12.32	12.39	12.16	12.21	323900	12.09	2484	江海股份	SZ	12.4	12.28	
484	6/18/12	12.2	12.42	12.08	12.4	484600	12.28	2484	江海股份	SZ	12.12	12	
485	6/15/12	12.21	12.34	12.08	12.12	449700	12	2484	江海股份	SZ	12.2	12.08	
486	6/14/12	12.1	12.49	12.06	12.2	606800	12.08	2484	江海股份	SZ	12.15	12.03	
487	6/13/12	12.05	12.15	11.95	12.15	442800	12.03	2484	江海股份	SZ	12.03	11.91	
488	6/12/12	12.14	12.14	11.95	12.03	182900	11.91	2484	江海股份	SZ	12.12	12	
489	6/11/12	11.86	12.18	11.86	12.12	669700	12	2484	江海股份	SZ	11.89	11.77	
490	6/8/12	11.98	12.1	11.87	11.89	226800	11.77	2484	江海股份	SZ	11.92	11.8	
491	6/7/12	12.1	12.18	11.86	11.92	233800	11.8	2484	江海股份	SZ	11.99	11.87	
492	6/6/12	11.81	12.15	11.81	11.99	315600	11.87	2484	江海股份	SZ	11.93	11.81	
493	6/5/12	12.11	12.25	11.86	11.93	410900	11.81	2484	江海股份	SZ	12.12	12	
494	6/4/12	12.28	12.29	12	12.12	465800	12	2484	江海股份	SZ	12.46	12.34	
495	6/1/12	12.58	12.69	12.44	12.46	356700	12.34	2484	江海股份	SZ	12.51	12.39	
496	5/31/12	12.25	12.62	12.18	12.51	571500	12.39	2484	江海股份	SZ	12.38	12.26	
497	5/30/12	12.28	12.46	12.22	12.38	403200	12.26	2484	江海股份	SZ	12.27	12.15	
498	5/29/12	11.9	12.39	11.9	12.27	594200	12.15	2484	江海股份	SZ	11.97	11.85	
499	5/28/12	12.06	12.06	11.68	11.97	1073100	11.85	2484	江海股份	SZ	12.1	11.98	
500	5/25/12	12.44	12.46	11.85	12.1	466300	11.98	2484	江海股份	SZ	12.4	12.28	
501	5/24/12	12.45	12.54	12.3	12.4	532900	12.28	2484	江海股份	SZ	12.46	12.34	
502	5/23/12	12.9	13.18	12.39	12.46	1236400	12.34	2484	江海股份	SZ	13.15	10.02	
503	5/22/12	13.3	13.3	12.95	13.15	1052900	10.02	2484	江海股份	SZ	13.22	10.07	
504	5/21/12	13.08	13.35	13.01	13.22	563500	10.07	2484	江海股份	SZ	13.12	9.99	
505	5/18/12	13.43	13.53	13.06	13.12	1181800	9.99	2484	江海股份	SZ	13.54	10.31	
506	5/17/12	13.03	13.62	13.03	13.54	2574100	10.31	2484	江海股份	SZ	13.04	9.93	
507	5/16/12	12.93	13.27	12.82	13.04	644100	9.93	2484	江海股份	SZ	12.93	9.85	
508	5/15/12	12.9	12.94	12.69	12.93	581900	9.85	2484	江海股份	SZ	12.95	9.87	
509	5/14/12	13.08	13.15	12.86	12.95	506000	9.87	2484	江海股份	SZ	12.95	9.86	
510	5/11/12	12.94	13.04	12.78	12.95	529600	9.86	2484	江海股份	SZ	12.94	9.86	
511	5/10/12	12.92	13.06	12.87	12.94	574100	9.86	2484	江海股份	SZ	12.94	9.86	
512	5/9/12	13.18	13.19	12.91	12.94	1349900	9.86	2484	江海股份	SZ	13.25	10.09	
513	5/8/12	13.03	13.29	12.9	13.25	1630600	10.09	2484	江海股份	SZ	13.03	9.93	
514	5/7/12	12.64	13.03	12.54	13.03	1538900	9.93	2484	江海股份	SZ	12.63	9.62	
515	5/4/12	12.38	12.65	12.35	12.63	1304700	9.62	2484	江海股份	SZ	12.38	9.43	
516	5/3/12	12.37	12.47	12.34	12.38	957800	9.43	2484	江海股份	SZ	12.5	9.52	
517	5/2/12	12.49	12.6	12.32	12.5	1326600	9.52	2484	江海股份	SZ	12.38	9.43	
518	5/1/12	12.38	12.38	12.38	12.38	0	9.43	2484	江海股份	SZ	12.38	9.43	
519	4/30/12	12.38	12.38	12.38	12.38	0	9.43	2484	江海股份	SZ	12.38	9.43	
520	4/27/12	12.28	12.69	12.05	12.38	2561200	9.43	2484	江海股份	SZ	12.3	9.37	
521	4/26/12	12.73	12.74	12.04	12.3	2498800	9.37	2484	江海股份	SZ	12.81	9.76	
522	4/25/12	12.98	12.98	12.7	12.81	1028100	9.76	2484	江海股份	SZ	13.11	9.98	
523	4/24/12	13.11	13.11	13.11	13.11	0	9.98	2484	江海股份	SZ	13.11	9.98	
524	4/23/12	13.57	13.61	13.01	13.11	1043000	9.98	2484	江海股份	SZ	13.58	10.34	
525	4/20/12	13.46	13.58	13.32	13.58	829800	10.34	2484	江海股份	SZ	13.46	10.25	
526	4/19/12	13.39	13.64	13.39	13.46	1157700	10.25	2484	江海股份	SZ	13.38	10.2	
527	4/18/12	13.14	13.46	13.11	13.38	766800	10.2	2484	江海股份	SZ	13.11	9.98	
528	4/17/12	13.28	13.35	13.08	13.11	627400	9.98	2484	江海股份	SZ	13.31	10.14	
529	4/16/12	13.38	13.38	13.21	13.31	675800	10.14	2484	江海股份	SZ	13.38	10.2	
530	4/13/12	13.35	13.48	13.22	13.38	1347900	10.2	2484	江海股份	SZ	13.35	10.17	
531	4/12/12	12.85	13.45	12.85	13.35	1581500	10.17	2484	江海股份	SZ	12.88	9.81	
532	4/11/12	12.69	12.91	12.45	12.88	667400	9.81	2484	江海股份	SZ	12.77	9.73	
533	4/10/12	12.61	12.82	12.3	12.77	829100	9.73	2484	江海股份	SZ	12.7	9.67	
534	4/9/12	13.08	13.17	12.7	12.7	514600	9.67	2484	江海股份	SZ	13.19	10.05	
535	4/6/12	13.27	13.42	13.08	13.19	1124400	10.05	2484	江海股份	SZ	13.23	10.08	
536	4/5/12	12.75	13.34	12.46	13.23	1265500	10.08	2484	江海股份	SZ	12.73	9.7	
537	4/4/12	12.73	12.73	12.73	12.73	0	9.7	2484	江海股份	SZ	12.73	9.7	
538	4/3/12	12.73	12.73	12.73	12.73	0	9.7	2484	江海股份	SZ	12.73	9.7	
539	4/2/12	12.73	12.73	12.73	12.73	0	9.7	2484	江海股份	SZ	12.73	9.7	
540	3/30/12	12.69	12.87	12.15	12.73	1078500	9.7	2484	江海股份	SZ	12.69	9.67	
541	3/29/12	13.15	13.34	12.65	12.69	1544500	9.67	2484	江海股份	SZ	13.37	10.18	
542	3/28/12	13.92	14.18	13.33	13.37	1334600	10.18	2484	江海股份	SZ	14.23	10.84	
543	3/27/12	14.22	14.52	14.17	14.23	1313500	10.84	2484	江海股份	SZ	14.12	10.75	
544	3/26/12	14.08	14.3	13.89	14.12	1278000	10.75	2484	江海股份	SZ	14.12	10.75	
545	3/23/12	14.62	14.68	14.01	14.12	4619800	10.75	2484	江海股份	SZ	15.13	11.53	
546	3/22/12	15.71	15.88	15.01	15.13	3555800	11.53	2484	江海股份	SZ	15.82	12.05	
547	3/21/12	15	16	14.55	15.82	4037500	12.05	2484	江海股份	SZ	14.86	11.32	
548	3/20/12	15.27	15.52	14.86	14.86	2381800	11.32	2484	江海股份	SZ	15.37	11.71	
549	3/19/12	15.02	15.58	14.94	15.37	4142800	11.71	2484	江海股份	SZ	15.13	11.53	
550	3/16/12	13.84	15.13	13.75	15.13	3233100	11.53	2484	江海股份	SZ	13.75	10.48	
551	3/15/12	13.76	13.98	13.42	13.75	1618400	10.48	2484	江海股份	SZ	13.79	10.51	
552	3/14/12	14.55	14.75	13.77	13.79	2773400	10.51	2484	江海股份	SZ	14.55	11.08	
553	3/13/12	14.48	14.56	14.35	14.55	1544800	11.08	2484	江海股份	SZ	14.52	11.06	
554	3/12/12	14.35	14.6	14.21	14.52	2531800	11.06	2484	江海股份	SZ	14.35	10.93	
555	3/9/12	14.13	14.38	14.12	14.35	2063100	10.93	2484	江海股份	SZ	14.16	10.79	
556	3/8/12	13.62	14.19	13.62	14.16	2633300	10.79	2484	江海股份	SZ	13.55	10.32	
557	3/7/12	13.48	13.8	13.38	13.55	1370600	10.32	2484	江海股份	SZ	13.55	10.32	
558	3/6/12	13.78	13.78	13.46	13.55	1608500	10.32	2484	江海股份	SZ	13.81	10.52	
559	3/5/12	13.78	14.02	13.77	13.81	1788900	10.52	2484	江海股份	SZ	13.78	10.5	
560	3/2/12	13.58	13.8	13.58	13.78	1466800	10.5	2484	江海股份	SZ	13.58	10.34	
561	3/1/12	13.47	13.68	13.47	13.58	1254500	10.34	2484	江海股份	SZ	13.52	10.3	
562	2/29/12	13.92	13.92	13.46	13.52	3633700	10.3	2484	江海股份	SZ	14.05	10.71	
563	2/28/12	14.23	14.3	13.75	14.05	3839900	10.71	2484	江海股份	SZ	14.46	11.02	
564	2/27/12	14.47	14.91	14.39	14.46	2198900	11.02	2484	江海股份	SZ	14.5	11.04	
565	2/24/12	14.28	14.5	14.26	14.5	1487400	11.04	2484	江海股份	SZ	14.37	10.95	
566	2/23/12	14.42	14.47	14.19	14.37	1565600	10.95	2484	江海股份	SZ	14.4	10.97	
567	2/22/12	13.89	14.4	13.89	14.4	2572600	10.97	2484	江海股份	SZ	13.89	10.58	
568	2/21/12	13.62	13.92	13.39	13.89	1437900	10.58	2484	江海股份	SZ	13.68	10.42	
569	2/20/12	13.85	13.88	13.68	13.68	1421400	10.42	2484	江海股份	SZ	13.63	10.38	
570	2/17/12	13.72	13.87	13.46	13.63	936000	10.38	2484	江海股份	SZ	13.78	10.5	
571	2/16/12	13.85	14.06	13.6	13.78	1453400	10.5	2484	江海股份	SZ	13.89	10.58	
572	2/15/12	13.51	13.96	13.45	13.89	1499800	10.58	2484	江海股份	SZ	13.55	10.32	
573	2/14/12	13.68	13.81	13.43	13.55	1090900	10.32	2484	江海股份	SZ	13.76	10.48	
574	2/13/12	13.38	13.89	13.16	13.76	2006400	10.48	2484	江海股份	SZ	13.43	10.23	
575	2/10/12	13.48	13.59	13.25	13.43	1121700	10.23	2484	江海股份	SZ	13.52	10.29	
576	2/9/12	13.61	13.68	13.46	13.52	1302100	10.29	2484	江海股份	SZ	13.61	10.37	
577	2/8/12	13.12	13.62	13.12	13.61	1393100	10.37	2484	江海股份	SZ	13.25	10.09	
578	2/7/12	13.48	13.62	13.16	13.25	1444000	10.09	2484	江海股份	SZ	13.53	10.31	
579	2/6/12	13.19	13.66	13	13.53	2701700	10.31	2484	江海股份	SZ	13.18	10.04	
580	2/3/12	12.56	13.25	12.56	13.18	1942000	10.04	2484	江海股份	SZ	12.65	9.63	
581	2/2/12	12.42	12.65	12.42	12.65	923900	9.63	2484	江海股份	SZ	12.43	9.47	
582	2/1/12	12.45	12.61	12.35	12.43	685000	9.47	2484	江海股份	SZ	12.45	9.48	
583	1/31/12	12.22	12.45	12.06	12.45	705200	9.48	2484	江海股份	SZ	12.22	9.31	
584	1/30/12	12.35	12.58	12.22	12.22	998900	9.31	2484	江海股份	SZ	12.25	9.33	
585	1/27/12	12.25	12.25	12.25	12.25	0	9.33	2484	江海股份	SZ	12.25	9.33	
586	1/26/12	12.25	12.25	12.25	12.25	0	9.33	2484	江海股份	SZ	12.25	9.33	
587	1/25/12	12.25	12.25	12.25	12.25	0	9.33	2484	江海股份	SZ	12.25	9.33	
588	1/24/12	12.25	12.25	12.25	12.25	0	9.33	2484	江海股份	SZ	12.25	9.33	
589	1/23/12	12.25	12.25	12.25	12.25	0	9.33	2484	江海股份	SZ	12.25	9.33	
590	1/20/12	12	12.29	11.96	12.25	710500	9.33	2484	江海股份	SZ	11.96	9.11	
591	1/19/12	11.69	12.08	11.58	11.96	451700	9.11	2484	江海股份	SZ	11.73	8.94	
592	1/18/12	12.28	12.47	11.71	11.73	1109700	8.94	2484	江海股份	SZ	12.28	9.35	
593	1/17/12	11.55	12.28	11.39	12.28	879100	9.35	2484	江海股份	SZ	11.55	8.8	
594	1/16/12	11.89	12.04	11.5	11.55	984100	8.8	2484	江海股份	SZ	12.22	9.3	
595	1/13/12	12.79	13.15	12.08	12.22	1583300	9.3	2484	江海股份	SZ	12.89	9.82	
596	1/12/12	12.71	13.05	12.71	12.89	869600	9.82	2484	江海股份	SZ	12.89	9.82	
597	1/11/12	12.75	13.03	12.75	12.89	830600	9.82	2484	江海股份	SZ	12.84	9.78	
598	1/10/12	12.42	12.9	12.25	12.84	1388400	9.78	2484	江海股份	SZ	12.37	9.42	
599	1/9/12	11.89	12.38	11.66	12.37	864400	9.42	2484	江海股份	SZ	11.89	9.06	
600	1/6/12	12.08	12.08	11.2	11.89	977300	9.06	2484	江海股份	SZ	11.89	9.06	
601	1/5/12	12.53	12.54	11.86	11.89	757500	9.06	2484	江海股份	SZ	12.55	9.56	
602	1/4/12	12.94	13.29	12.54	12.55	532800	9.56	2484	江海股份	SZ	12.98	9.89	
603	1/3/12	12.81	13.03	12.81	12.98	449800	9.89	2484	江海股份	SZ	12.98	9.89	
604	1/2/12	12.81	13.03	12.81	12.98	449800	9.89	2484	江海股份	SZ	12.98	9.89	
605	12/30/11	12.81	13.03	12.81	12.98	449800	9.89	2484	江海股份	SZ	12.77	9.73	
606	12/29/11	12.45	12.88	12.45	12.77	375000	9.73	2484	江海股份	SZ	12.68	9.66	
607	12/28/11	12.58	12.76	12.28	12.68	506300	9.66	2484	江海股份	SZ	12.77	9.73	
608	12/27/11	12.94	12.97	12.62	12.77	689600	9.73	2484	江海股份	SZ	12.95	9.87	
609	12/26/11	12.92	13.23	12.85	12.95	628900	9.87	2484	江海股份	SZ	12.95	9.87	
610	12/23/11	12.85	13.12	12.58	12.95	556600	9.87	2484	江海股份	SZ	12.86	9.8	
611	12/22/11	13.24	13.24	12.58	12.86	1263300	9.8	2484	江海股份	SZ	13.35	10.17	
612	12/21/11	13.85	13.92	13.35	13.35	711800	10.17	2484	江海股份	SZ	13.68	10.42	
613	12/20/11	13.83	14	13.68	13.68	1110100	10.42	2484	江海股份	SZ	13.85	10.55	
614	12/19/11	13.62	13.94	13.31	13.85	1001100	10.55	2484	江海股份	SZ	13.66	10.41	
615	12/16/11	13.41	13.72	13.32	13.66	923800	10.41	2484	江海股份	SZ	13.38	10.2	
616	12/15/11	13.42	13.68	13.31	13.38	720300	10.2	2484	江海股份	SZ	13.48	10.27	
617	12/14/11	13.93	14.04	13.46	13.48	826500	10.27	2484	江海股份	SZ	13.93	10.61	
618	12/13/11	13.98	14.05	13.54	13.93	989800	10.61	2484	江海股份	SZ	14.15	10.78	
619	12/12/11	14.12	14.19	13.87	14.15	756900	10.78	2484	江海股份	SZ	14.05	10.7	
620	12/9/11	14.27	14.52	13.98	14.05	888900	10.7	2484	江海股份	SZ	14.42	10.99	
621	12/8/11	14.45	14.54	13.98	14.42	1370500	10.99	2484	江海股份	SZ	14.42	10.99	
622	12/7/11	14.53	14.65	14.33	14.42	951700	10.99	2484	江海股份	SZ	14.54	11.07	
623	12/6/11	14.46	14.66	14.32	14.54	988300	11.07	2484	江海股份	SZ	14.45	11	
624	12/5/11	15.23	15.25	14.38	14.45	1652900	11	2484	江海股份	SZ	15.39	11.72	
625	12/2/11	16.22	16.22	15.15	15.39	1476200	11.72	2484	江海股份	SZ	16.22	12.35	
626	12/1/11	16.2	16.58	16.02	16.22	2036700	12.35	2484	江海股份	SZ	15.69	11.95	
627	11/30/11	16.54	16.54	15.38	15.69	1724500	11.95	2484	江海股份	SZ	16.64	12.67	
628	11/29/11	16.18	16.68	16.12	16.64	1666400	12.67	2484	江海股份	SZ	16.09	12.26	
629	11/28/11	15.83	16.15	15.83	16.09	669900	12.26	2484	江海股份	SZ	15.83	12.06	
630	11/25/11	15.83	16.15	15.77	15.83	824900	12.06	2484	江海股份	SZ	15.82	12.05	
631	11/24/11	15.62	16.05	15.62	15.82	518400	12.05	2484	江海股份	SZ	15.91	12.12	
632	11/23/11	15.81	16.01	15.79	15.91	633300	12.12	2484	江海股份	SZ	15.84	12.06	
633	11/22/11	15.66	15.85	15.48	15.84	475700	12.06	2484	江海股份	SZ	15.78	12.02	
634	11/21/11	15.91	16	15.47	15.78	627400	12.02	2484	江海股份	SZ	15.77	12.01	
635	11/18/11	16.37	16.54	15.77	15.77	1339600	12.01	2484	江海股份	SZ	16.39	12.49	
636	11/17/11	16.32	16.7	16.23	16.39	1089800	12.49	2484	江海股份	SZ	16.31	12.42	
637	11/16/11	17.02	17.02	16.25	16.31	2463300	12.42	2484	江海股份	SZ	17.02	12.96	
638	11/15/11	17.15	17.27	16.81	17.02	1970200	12.96	2484	江海股份	SZ	17.08	13.01	
639	11/14/11	16.96	17.43	16.93	17.08	1888000	13.01	2484	江海股份	SZ	16.84	12.83	
640	11/11/11	16.56	16.98	16.55	16.84	1652800	12.83	2484	江海股份	SZ	16.65	12.69	
641	11/10/11	16.42	16.85	16.29	16.65	2295500	12.69	2484	江海股份	SZ	16.55	12.6	
642	11/9/11	16.37	16.58	16.08	16.55	1325000	12.6	2484	江海股份	SZ	16.22	12.36	
643	11/8/11	16.5	16.58	16.22	16.22	1204400	12.36	2484	江海股份	SZ	16.5	12.57	
644	11/7/11	16.68	16.88	16.45	16.5	1550700	12.57	2484	江海股份	SZ	16.67	12.7	
645	11/4/11	16.86	16.87	16.47	16.67	2141500	12.7	2484	江海股份	SZ	16.64	12.67	
646	11/3/11	16.64	17.06	16.62	16.64	3742700	12.67	2484	江海股份	SZ	16.48	12.55	
647	11/2/11	15.92	16.58	15.85	16.48	3009100	12.55	2484	江海股份	SZ	16.23	12.36	
648	11/1/11	15.77	16.23	15.72	16.23	3469800	12.36	2484	江海股份	SZ	16.05	12.22	
649	10/31/11	15.65	16.12	15.23	16.05	4484300	12.22	2484	江海股份	SZ	15.5	11.81	
650	10/28/11	15.14	15.54	15.12	15.5	2932500	11.81	2484	江海股份	SZ	14.92	11.36	
651	10/27/11	15.23	15.28	14.78	14.92	2934400	11.36	2484	江海股份	SZ	15.27	11.63	
652	10/26/11	14.69	15.45	14.64	15.27	3598300	11.63	2484	江海股份	SZ	14.81	11.28	
653	10/25/11	14.58	14.82	14.23	14.81	3281000	11.28	2484	江海股份	SZ	14.58	11.1	
654	10/24/11	15.77	16.15	14.2	14.58	4672600	11.1	2484	江海股份	SZ	15.78	12.02	
655	10/21/11	16.55	16.92	15.39	15.78	1564800	12.02	2484	江海股份	SZ	16.92	12.88	
656	10/20/11	16.85	17.08	16.08	16.92	2066000	12.88	2484	江海股份	SZ	17.31	13.18	
657	10/19/11	16.85	17.31	16.01	17.31	2376900	13.18	2484	江海股份	SZ	16.88	12.86	
658	10/18/11	17.88	17.88	16.75	16.88	1181300	12.86	2484	江海股份	SZ	17.88	13.62	
659	10/17/11	17.87	18.13	17.73	17.88	499000	13.62	2484	江海股份	SZ	17.87	13.61	
660	10/14/11	17.97	18.02	17.61	17.87	451800	13.61	2484	江海股份	SZ	18.13	13.81	
661	10/13/11	17.9	18.43	17.69	18.13	1165500	13.81	2484	江海股份	SZ	17.98	13.7	
662	10/12/11	17.42	18.06	17.42	17.98	1669600	13.7	2484	江海股份	SZ	17.68	13.46	
663	10/11/11	18.12	18.12	17.28	17.68	493600	13.46	2484	江海股份	SZ	17.52	13.34	
664	10/10/11	17.38	17.54	17.18	17.52	533100	13.34	2484	江海股份	SZ	17.37	13.23	
665	9/30/11	17.68	17.83	17.22	17.37	326500	13.23	2484	江海股份	SZ	17.19	13.1	
666	9/29/11	17.3	17.5	17.18	17.19	408600	13.1	2484	江海股份	SZ	17.33	13.2	
667	9/28/11	18.08	18.31	17.31	17.33	692700	13.2	2484	江海股份	SZ	17.82	13.58	
668	9/27/11	17.97	18.08	17.69	17.82	425900	13.58	2484	江海股份	SZ	17.73	13.51	
669	9/26/11	18.05	18.31	17.7	17.73	183500	13.51	2484	江海股份	SZ	18.15	13.83	
670	9/23/11	18.16	18.52	17.95	18.15	314500	13.83	2484	江海股份	SZ	18.47	14.07	
671	9/22/11	19.18	19.19	18.47	18.47	427900	14.07	2484	江海股份	SZ	19.31	14.71	
672	9/21/11	18.62	19.38	18.55	19.31	355800	14.71	2484	江海股份	SZ	18.67	14.22	
673	9/20/11	18.85	18.87	18.54	18.67	96600	14.22	2484	江海股份	SZ	18.58	14.15	
674	9/19/11	18.65	18.91	18.48	18.58	119800	14.15	2484	江海股份	SZ	18.76	14.29	
675	9/16/11	19	19.06	18.69	18.76	151700	14.29	2484	江海股份	SZ	18.92	14.41	
676	9/15/11	18.76	19.23	18.76	18.92	400700	14.41	2484	江海股份	SZ	18.77	14.3	
677	9/14/11	18.76	18.77	18.23	18.77	462700	14.3	2484	江海股份	SZ	18.76	14.29	
678	9/9/11	19.09	19.52	18.46	18.76	538200	14.29	2484	江海股份	SZ	19.39	14.77	
679	9/8/11	19.45	19.76	19.31	19.39	523400	14.77	2484	江海股份	SZ	19.43	14.8	
680	9/7/11	19.23	19.54	19.09	19.43	282300	14.8	2484	江海股份	SZ	19.12	14.56	
681	9/6/11	19.46	19.46	18.95	19.12	1575700	14.56	2484	江海股份	SZ	19.52	14.87	
682	9/5/11	19.55	19.88	19.46	19.52	699200	14.87	2484	江海股份	SZ	19.55	14.89	
683	9/2/11	20	20	19.35	19.55	561300	14.89	2484	江海股份	SZ	20	15.23	
684	9/1/11	20.46	20.71	19.86	20	1511800	15.23	2484	江海股份	SZ	20.31	15.47	
685	8/31/11	20.62	20.88	20.15	20.31	954900	15.47	2484	江海股份	SZ	20.87	15.9	
686	8/30/11	20.75	20.92	20.69	20.87	656700	15.9	2484	江海股份	SZ	20.7	15.77	
687	8/29/11	20.85	21.22	20.64	20.7	1356300	15.77	2484	江海股份	SZ	21.02	16.01	
688	8/26/11	20.99	21.12	20.63	21.02	643500	16.01	2484	江海股份	SZ	20.86	15.89	
689	8/25/11	20.86	20.98	20.42	20.86	745000	15.89	2484	江海股份	SZ	20.86	15.89	
690	8/24/11	21.38	21.6	20.73	20.86	2297700	15.89	2484	江海股份	SZ	21.19	16.14	
691	8/23/11	20.62	21.26	20.15	21.19	1358500	16.14	2484	江海股份	SZ	20.68	15.76	
692	8/22/11	21.75	22.15	20.62	20.68	1237400	15.76	2484	江海股份	SZ	21.67	16.51	
693	8/19/11	21.14	21.77	20.88	21.67	1008700	16.51	2484	江海股份	SZ	21.38	16.29	
694	8/18/11	21.54	21.6	20.94	21.38	1000700	16.29	2484	江海股份	SZ	21.6	16.45	
695	8/17/11	21.9	22.03	21.55	21.6	938100	16.45	2484	江海股份	SZ	21.9	16.68	
696	8/16/11	21.28	21.93	21.28	21.9	1846400	16.68	2484	江海股份	SZ	21.46	16.35	
697	8/15/11	21.31	21.63	21.08	21.46	1289600	16.35	2484	江海股份	SZ	21.07	16.05	
698	8/12/11	21.44	21.92	20.97	21.07	2407700	16.05	2484	江海股份	SZ	21.34	16.25	
699	8/11/11	20.31	21.52	20.31	21.34	1576500	16.25	2484	江海股份	SZ	20.77	15.82	
700	8/10/11	21.08	21.2	20.48	20.77	973600	15.82	2484	江海股份	SZ	20.32	15.48	
701	8/9/11	19.46	20.85	19.08	20.32	920500	15.48	2484	江海股份	SZ	19.85	15.12	
702	8/8/11	21.08	21.27	19.73	19.85	1424500	15.12	2484	江海股份	SZ	21.31	16.23	
703	8/5/11	21.15	21.62	20.85	21.31	1281500	16.23	2484	江海股份	SZ	21.65	16.49	
704	8/4/11	21.22	21.81	20.92	21.65	2060500	16.49	2484	江海股份	SZ	21.12	16.08	
705	8/3/11	20.62	21.42	20.46	21.12	1628500	16.08	2484	江海股份	SZ	20.88	15.9	
706	8/2/11	20.63	20.9	20.52	20.88	552700	15.9	2484	江海股份	SZ	20.83	15.87	
707	8/1/11	20.62	21.13	20.62	20.83	441300	15.87	2484	江海股份	SZ	20.92	15.94	
708	7/29/11	20.81	21.03	20.38	20.92	1754900	15.94	2484	江海股份	SZ	20.99	15.99	
709	7/27/11	19.69	21.38	19.69	20.99	2871800	15.99	2484	江海股份	SZ	19.92	15.17	
710	7/26/11	19.41	20.01	19.08	19.92	887300	15.17	2484	江海股份	SZ	19.56	14.9	
711	7/25/11	20.08	20.34	19.48	19.56	1294100	14.9	2484	江海股份	SZ	20.42	15.56	
712	7/22/11	20.78	20.92	20	20.42	2293300	15.56	2484	江海股份	SZ	20.77	15.82	
713	7/21/11	21.18	21.18	20.72	20.77	1423800	15.82	2484	江海股份	SZ	21.37	16.28	
714	7/20/11	21.21	21.4	20.75	21.37	2141500	16.28	2484	江海股份	SZ	21.2	16.15	
715	7/19/11	21.38	21.5	20.98	21.2	2002700	16.15	2484	江海股份	SZ	21.43	16.32	
716	7/18/11	20.67	21.73	20.66	21.43	3801300	16.32	2484	江海股份	SZ	20.61	15.7	
717	7/15/11	20.77	21.2	20.58	20.61	2829000	15.7	2484	江海股份	SZ	20.87	15.9	
718	7/14/11	20.6	20.98	20.35	20.87	2503300	15.9	2484	江海股份	SZ	20.58	15.68	
719	7/13/11	19.92	20.63	19.64	20.58	2681300	15.68	2484	江海股份	SZ	19.92	15.18	
720	7/12/11	19.62	20.27	19.46	19.92	2527100	15.18	2484	江海股份	SZ	19.77	15.06	
721	7/11/11	19.39	19.91	19.39	19.77	1230700	15.06	2484	江海股份	SZ	19.38	14.77	
722	7/8/11	19.78	19.91	19.34	19.38	857300	14.77	2484	江海股份	SZ	19.77	15.06	
723	7/7/11	19.88	20.2	19.65	19.77	1442600	15.06	2484	江海股份	SZ	19.88	15.14	
724	7/6/11	19.29	20.12	19.23	19.88	1821300	15.14	2484	江海股份	SZ	19.42	14.79	
725	7/5/11	19.37	19.85	19.23	19.42	2150000	14.79	2484	江海股份	SZ	19.35	14.74	
726	7/4/11	18.46	19.51	18.46	19.35	2727600	14.74	2484	江海股份	SZ	18.4	14.02	
727	7/1/11	18.35	18.64	18.28	18.4	737200	14.02	2484	江海股份	SZ	18.32	13.95	
728	6/30/11	18.15	18.48	18	18.32	910100	13.95	2484	江海股份	SZ	18.14	13.82	
729	6/29/11	18.22	18.62	18.14	18.14	889600	13.82	2484	江海股份	SZ	18.42	14.03	
730	6/28/11	18.34	18.45	18.14	18.42	926900	14.03	2484	江海股份	SZ	18.34	13.97	
731	6/27/11	18.08	18.48	17.96	18.34	1537800	13.97	2484	江海股份	SZ	18.21	13.87	
732	6/24/11	17.42	18.46	17.42	18.21	2861600	13.87	2484	江海股份	SZ	17.65	13.44	
733	6/23/11	17.15	17.88	16.71	17.65	1837200	13.44	2484	江海股份	SZ	17.15	13.06	
734	6/22/11	17.36	17.52	17.14	17.15	313800	13.06	2484	江海股份	SZ	17.35	13.22	
735	6/21/11	17.09	17.35	16.98	17.35	840200	13.22	2484	江海股份	SZ	17.08	13.01	
736	6/20/11	17.88	17.92	17.05	17.08	776600	13.01	2484	江海股份	SZ	17.95	13.68	
737	6/17/11	18.12	18.25	17.7	17.95	308100	13.68	2484	江海股份	SZ	18.19	13.86	
738	6/16/11	18.16	18.38	18.09	18.19	368300	13.86	2484	江海股份	SZ	18.35	13.97	
739	6/15/11	18.68	18.85	18.35	18.35	523800	13.97	2484	江海股份	SZ	18.72	14.26	
740	6/14/11	18.18	18.89	18.18	18.72	545400	14.26	2484	江海股份	SZ	18.41	14.02	
741	6/13/11	18.09	18.46	18.09	18.41	385500	14.02	2484	江海股份	SZ	18.45	14.06	
742	6/10/11	18.62	18.62	17.92	18.45	1149400	14.06	2484	江海股份	SZ	18.61	14.17	
743	6/9/11	19.09	19.35	18.55	18.61	565900	14.17	2484	江海股份	SZ	19.12	14.56	
744	6/8/11	18.94	19.2	18.88	19.12	748600	14.56	2484	江海股份	SZ	19.03	14.5	
745	6/7/11	18.94	19.29	18.48	19.03	999100	14.5	2484	江海股份	SZ	19.02	14.48	
746	6/3/11	18.38	19.04	18.31	19.02	1476100	14.48	2484	江海股份	SZ	18.27	13.92	
747	6/2/11	18.53	18.72	18.15	18.27	927100	13.92	2484	江海股份	SZ	18.82	14.34	
748	6/1/11	18.82	18.82	18.46	18.82	1050700	14.34	2484	江海股份	SZ	18.82	14.08	
749	5/31/11	18.35	18.85	18.35	18.82	1065500	14.08	2484	江海股份	SZ	18.31	13.7	
750	5/30/11	18.65	19.02	18.29	18.31	945300	13.7	2484	江海股份	SZ	18.58	13.9	
751	5/27/11	19.52	19.65	18.51	18.58	1372100	13.9	2484	江海股份	SZ	19.55	14.62	
752	5/26/11	19.77	20.28	19.55	19.55	2316100	14.62	2484	江海股份	SZ	19.68	14.73	
753	5/25/11	19.32	19.76	19.25	19.68	1667800	14.73	2484	江海股份	SZ	19.4	14.51	
754	5/24/11	18.85	19.58	18.73	19.4	1300500	14.51	2484	江海股份	SZ	18.85	14.1	
755	5/23/11	19.04	19.22	18.73	18.85	913500	14.1	2484	江海股份	SZ	19.13	14.31	
756	5/20/11	19.09	19.16	18.78	19.13	373400	14.31	2484	江海股份	SZ	19.06	14.26	
757	5/19/11	19.31	19.48	19.01	19.06	641400	14.26	2484	江海股份	SZ	19.38	14.5	
758	5/18/11	18.77	19.42	18.56	19.38	1178800	14.5	2484	江海股份	SZ	18.92	14.16	
759	5/17/11	19.15	19.15	18.73	18.92	672500	14.16	2484	江海股份	SZ	18.92	14.15	
760	5/16/11	18.22	18.93	18.15	18.92	1266300	14.15	2484	江海股份	SZ	18.22	13.63	
761	5/13/11	18.21	18.54	18.02	18.22	1549700	13.63	2484	江海股份	SZ	18.38	13.75	
762	5/12/11	19.12	19.22	18.38	18.38	1208200	13.75	2484	江海股份	SZ	19.12	14.31	
763	5/11/11	19.61	19.62	19.08	19.12	886200	14.31	2484	江海股份	SZ	19.62	14.67	
764	5/10/11	19.5	19.65	19.35	19.62	457800	14.67	2484	江海股份	SZ	19.59	14.66	
765	5/9/11	19.54	19.78	19.42	19.59	528600	14.66	2484	江海股份	SZ	19.54	14.62	
766	5/6/11	19.43	19.72	19.31	19.54	700100	14.62	2484	江海股份	SZ	19.43	14.54	
767	5/5/11	19.84	19.84	19.25	19.43	580500	14.54	2484	江海股份	SZ	19.37	14.49	
768	5/4/11	19.38	19.87	19.23	19.37	969200	14.49	2484	江海股份	SZ	19.55	14.62	
769	5/3/11	19.35	19.62	18.87	19.55	1492900	14.62	2484	江海股份	SZ	19.28	14.42	
770	4/29/11	19	19.3	19	19.28	481000	14.42	2484	江海股份	SZ	19.02	14.22	
771	4/28/11	19.19	19.49	18.98	19.02	1521000	14.22	2484	江海股份	SZ	19.13	14.31	
772	4/27/11	19.3	19.52	18.92	19.13	1088400	14.31	2484	江海股份	SZ	19.15	14.33	
773	4/26/11	19.87	20.15	19.04	19.15	2083800	14.33	2484	江海股份	SZ	19.9	14.89	
774	4/25/11	21.37	21.37	19.89	19.9	2184100	14.89	2484	江海股份	SZ	21.45	16.05	
775	4/22/11	21.54	21.73	21.39	21.45	1432400	16.05	2484	江海股份	SZ	21.74	16.26	
776	4/21/11	21.8	21.88	21.55	21.74	1290400	16.26	2484	江海股份	SZ	21.75	16.27	
777	4/20/11	21.23	21.76	21.23	21.75	1464200	16.27	2484	江海股份	SZ	21.15	15.82	
778	4/19/11	21.42	21.59	21.04	21.15	1092100	15.82	2484	江海股份	SZ	21.4	16.01	
779	4/18/11	21.15	21.67	21.15	21.4	1769300	16.01	2484	江海股份	SZ	21.06	15.76	
780	4/15/11	21.38	21.38	20.91	21.06	1448500	15.76	2484	江海股份	SZ	21.4	16.01	
781	4/13/11	21.17	21.46	21	21.4	926600	16.01	2484	江海股份	SZ	21.16	15.83	
782	4/12/11	21.09	21.4	21.04	21.16	1068600	15.83	2484	江海股份	SZ	21.07	15.76	
783	4/11/11	21.68	21.68	21.02	21.07	1469900	15.76	2484	江海股份	SZ	21.58	16.14	
784	4/8/11	21.23	21.63	21.1	21.58	1471700	16.14	2484	江海股份	SZ	21.25	15.89	
785	4/7/11	21.45	21.45	21.08	21.25	996900	15.89	2484	江海股份	SZ	21.4	16.01	
786	4/6/11	21.15	21.42	21.06	21.4	1878000	16.01	2484	江海股份	SZ	21.24	15.89	
787	4/1/11	21.15	21.27	20.78	21.24	1323200	15.89	2484	江海股份	SZ	21.08	15.77	
788	3/31/11	21.58	21.59	21.04	21.08	2517900	15.77	2484	江海股份	SZ	21.65	16.2	
789	3/30/11	22.15	22.15	21	21.65	3690900	16.2	2484	江海股份	SZ	22.07	16.51	
790	3/29/11	22.53	22.53	21.94	22.07	3104400	16.51	2484	江海股份	SZ	22.43	16.78	
791	3/28/11	22.45	22.61	21.92	22.43	7023700	16.78	2484	江海股份	SZ	22.62	16.92	
792	3/25/11	22.17	22.65	21.71	22.62	5232000	16.92	2484	江海股份	SZ	22.17	16.58	
793	3/24/11	23.23	23.38	21.98	22.17	5162800	16.58	2484	江海股份	SZ	23.21	17.36	
794	3/23/11	23.08	23.23	22.85	23.21	1480500	17.36	2484	江海股份	SZ	23.14	17.31	
795	3/22/11	23.12	23.22	22.66	23.14	2496600	17.31	2484	江海股份	SZ	23	17.21	
796	3/21/11	23.65	23.68	22.96	23	2436400	17.21	2484	江海股份	SZ	23.85	17.84	
797	3/18/11	24.27	24.45	23.55	23.85	4045200	17.84	2484	江海股份	SZ	25.12	18.79	
798	3/17/11	24.85	25.88	24.62	25.12	3533500	18.79	2484	江海股份	SZ	25.08	18.76	
799	3/16/11	24.92	25.19	24.65	25.08	3610500	18.76	2484	江海股份	SZ	24.93	18.65	
800	3/15/11	24.62	24.99	23.85	24.93	3924200	18.65	2484	江海股份	SZ	24.97	18.68	
801	3/14/11	25.14	25.92	23.92	24.97	8583700	18.68	2484	江海股份	SZ	23.56	17.63	
802	3/11/11	23	23.85	23	23.56	2970400	17.63	2484	江海股份	SZ	22.98	17.19	
803	3/10/11	23.26	23.43	22.85	22.98	1144800	17.19	2484	江海股份	SZ	23.29	17.42	
804	3/9/11	23.15	23.48	23.02	23.29	1613100	17.42	2484	江海股份	SZ	23.19	17.35	
805	3/8/11	22.77	23.45	22.69	23.19	1862600	17.35	2484	江海股份	SZ	22.77	17.03	
806	3/7/11	23.42	23.58	22.44	22.77	3025600	17.03	2484	江海股份	SZ	23.32	17.44	
807	3/4/11	23.33	23.62	23.17	23.32	2095700	17.44	2484	江海股份	SZ	23.3	17.43	
808	3/3/11	23.46	23.69	23.03	23.3	1973100	17.43	2484	江海股份	SZ	23.6	17.65	
809	3/2/11	22.77	23.65	22.69	23.6	4687500	17.65	2484	江海股份	SZ	22.53	16.85	
810	3/1/11	22.76	23.04	22.38	22.53	1895500	16.85	2484	江海股份	SZ	22.76	17.03	
811	2/28/11	23.03	23.05	22.53	22.76	1264400	17.03	2484	江海股份	SZ	22.8	17.06	
812	2/25/11	22.85	23	22.32	22.8	1030400	17.06	2484	江海股份	SZ	22.68	16.96	
813	2/24/11	22.53	23.21	22.53	22.68	994000	16.96	2484	江海股份	SZ	22.46	16.8	
814	2/23/11	22.25	22.69	22.25	22.46	961100	16.8	2484	江海股份	SZ	22.27	16.66	
815	2/22/11	23.32	23.54	22.25	22.27	1347600	16.66	2484	江海股份	SZ	23.45	17.54	
816	2/21/11	22.77	23.62	22.77	23.45	846000	17.54	2484	江海股份	SZ	23.04	17.23	
817	2/18/11	23.08	23.72	22.96	23.04	1303600	17.23	2484	江海股份	SZ	23.46	17.55	
818	2/17/11	22.65	23.65	22.29	23.46	2070000	17.55	2484	江海股份	SZ	22.88	17.11	
819	2/16/11	22.31	23.19	22.11	22.88	2243300	17.11	2484	江海股份	SZ	22.34	16.71	
820	2/15/11	21.77	22.92	21.77	22.34	2089800	16.71	2484	江海股份	SZ	21.77	16.28	
821	2/14/11	21.62	22	21.47	21.77	1068700	16.28	2484	江海股份	SZ	21.51	16.09	
822	2/11/11	21.46	21.75	21.39	21.51	1410500	16.09	2484	江海股份	SZ	21.46	16.05	
823	2/10/11	20.6	21.46	20.6	21.46	1142900	16.05	2484	江海股份	SZ	20.67	15.46	
824	2/9/11	20.62	21.38	19.85	20.67	1198200	15.46	2484	江海股份	SZ	20.92	15.65	
825	2/1/11	21.28	21.38	20.45	20.92	727400	15.65	2484	江海股份	SZ	21.35	15.97	
826	1/31/11	20.82	21.53	20.69	21.35	812100	15.97	2484	江海股份	SZ	20.95	15.67	
827	1/28/11	21	21	20.42	20.95	1008400	15.67	2484	江海股份	SZ	21.02	15.72	
828	1/27/11	20.74	21.18	20.48	21.02	1000300	15.72	2484	江海股份	SZ	20.78	15.54	
829	1/26/11	20	21.02	20	20.78	1490800	15.54	2484	江海股份	SZ	19.85	14.85	
830	1/25/11	19.92	20.51	19.62	19.85	1249200	14.85	2484	江海股份	SZ	19.92	14.9	
831	1/24/11	21.42	21.42	19.55	19.92	2195300	14.9	2484	江海股份	SZ	21.42	16.02	
832	1/21/11	21.15	21.81	21	21.42	1030600	16.02	2484	江海股份	SZ	21.2	15.86	
833	1/20/11	22.38	22.38	21.08	21.2	1513900	15.86	2484	江海股份	SZ	22.38	16.74	
834	1/19/11	21.43	22.49	21.15	22.38	2118300	16.74	2484	江海股份	SZ	21.18	15.84	
835	1/18/11	21.01	21.56	20.78	21.18	816200	15.84	2484	江海股份	SZ	21.08	15.77	
836	1/17/11	21.28	22.15	20.97	21.08	1371300	15.77	2484	江海股份	SZ	21.69	16.23	
837	1/14/11	22.16	22.22	21.22	21.69	1247900	16.23	2484	江海股份	SZ	22.16	16.58	
838	1/13/11	21.83	22.36	21.83	22.16	786700	16.58	2484	江海股份	SZ	21.82	16.32	
839	1/12/11	21.42	21.83	21.08	21.82	1297000	16.32	2484	江海股份	SZ	21.38	15.99	
840	1/11/11	21.98	22.21	21.08	21.38	2531900	15.99	2484	江海股份	SZ	22.02	16.47	
841	1/10/11	23.69	23.69	21.85	22.02	1765900	16.47	2484	江海股份	SZ	23.28	17.42	
842	1/7/11	24.37	24.46	23.28	23.28	2083500	17.42	2484	江海股份	SZ	24.43	18.28	
843	1/6/11	23.78	24.5	23.75	24.43	2748500	18.28	2484	江海股份	SZ	23.96	17.92	
844	1/5/11	24.1	24.1	23.62	23.96	1999700	17.92	2484	江海股份	SZ	24.19	18.1	
845	1/4/11	23.56	24.19	23.29	24.19	3081200	18.1	2484	江海股份	SZ	23.62	17.67	
846	12/31/10	23.14	23.87	22.88	23.62	3907900	17.67	2484	江海股份	SZ	23.16	17.33	
847	12/30/10	22	23.62	22	23.16	4825000	17.33	2484	江海股份	SZ	22.2	16.61	
848	12/29/10	21.08	22.22	20.6	22.2	7413800	16.61	2484	江海股份	SZ	21.63	16.18	
849	12/28/10	21.99	22.55	21.5	21.63	1961100	16.18	2484	江海股份	SZ	21.85	16.35	
850	12/27/10	23.85	24.23	21.73	21.85	1964300	16.35	2484	江海股份	SZ	24.02	17.97	
851	12/24/10	23.88	24.29	23.19	24.02	1324800	17.97	2484	江海股份	SZ	24.04	17.98	
852	12/23/10	24.22	24.42	24.02	24.04	1486600	17.98	2484	江海股份	SZ	24.22	18.12	
853	12/22/10	25.19	25.36	23.86	24.22	3881400	18.12	2484	江海股份	SZ	25.15	18.82	
854	12/21/10	25.6	25.74	24.75	25.15	1769100	18.82	2484	江海股份	SZ	25.5	19.08	
855	12/20/10	25.69	26.62	24.47	25.5	3267100	19.08	2484	江海股份	SZ	25.88	19.36	
856	12/17/10	25.88	26.12	25.52	25.88	1871000	19.36	2484	江海股份	SZ	25.93	19.4	
857	12/16/10	24.62	26.75	24.32	25.93	4139700	19.4	2484	江海股份	SZ	24.73	18.5	
858	12/15/10	24.88	25.37	24.69	24.73	2272100	18.5	2484	江海股份	SZ	24.68	18.46	
859	12/14/10	24.63	24.95	24.45	24.68	2084300	18.46	2484	江海股份	SZ	24.75	18.52	
860	12/13/10	24.22	24.8	23.94	24.75	3034900	18.52	2484	江海股份	SZ	24.06	18	
861	12/10/10	23.04	24.23	22.85	24.06	2286000	18	2484	江海股份	SZ	23.32	17.45	
862	12/9/10	23.02	23.61	22.77	23.32	2086700	17.45	2484	江海股份	SZ	23.23	17.38	
863	12/8/10	23.69	23.83	23.16	23.23	2084800	17.38	2484	江海股份	SZ	23.88	17.86	
864	12/7/10	24.12	24.44	22.71	23.88	3769500	17.86	2484	江海股份	SZ	24.37	18.23	
865	12/6/10	23.83	24.83	23.83	24.37	2938900	18.23	2484	江海股份	SZ	23.77	17.78	
866	12/3/10	23.86	24.76	23.77	23.77	2972700	17.78	2484	江海股份	SZ	23.87	17.86	
867	12/2/10	24.46	24.6	23.77	23.87	2314300	17.86	2484	江海股份	SZ	24.22	18.11	
868	12/1/10	23.52	24.37	23.37	24.22	2734200	18.11	2484	江海股份	SZ	23.69	17.72	
869	11/30/10	24.91	25.08	23.08	23.69	4450500	17.72	2484	江海股份	SZ	24.93	18.65	
870	11/29/10	25.08	25.68	24.65	24.93	3018600	18.65	2484	江海股份	SZ	25.35	18.96	
871	11/26/10	24.62	25.54	24.38	25.35	3219500	18.96	2484	江海股份	SZ	24.69	18.47	
872	11/25/10	25.96	26.15	24.54	24.69	5064300	18.47	2484	江海股份	SZ	26.08	19.51	
873	11/24/10	25.99	26.45	25.67	26.08	3514400	19.51	2484	江海股份	SZ	26.3	19.67	
874	11/23/10	25	26.82	24.3	26.3	5430500	19.67	2484	江海股份	SZ	25.25	18.89	
875	11/22/10	24.61	25.61	24.35	25.25	6584000	18.89	2484	江海股份	SZ	24.97	18.68	
876	11/19/10	23.75	25.22	22.77	24.97	8208300	18.68	2484	江海股份	SZ	23.32	17.44	
877	11/18/10	23.16	24.61	22.77	23.32	10617100	17.44	2484	江海股份	SZ	22.69	16.98	
878	11/17/10	21.19	22.77	21.18	22.69	8727500	16.98	2484	江海股份	SZ	21.69	16.23	
879	11/16/10	21.83	22.6	21.17	21.69	7920800	16.23	2484	江海股份	SZ	21.69	16.23	
880	11/15/10	20.62	21.92	20.59	21.69	6510300	16.23	2484	江海股份	SZ	20.24	15.14	
881	11/12/10	21.38	21.98	20.04	20.24	7189900	15.14	2484	江海股份	SZ	21.27	15.91	
882	11/11/10	20.62	22.31	20.62	21.27	10313000	15.91	2484	江海股份	SZ	20.66	15.46	
883	11/10/10	20.31	20.96	20.02	20.66	4588400	15.46	2484	江海股份	SZ	20.49	15.33	
884	11/9/10	20.38	20.74	20.26	20.49	5045700	15.33	2484	江海股份	SZ	20.42	15.28	
885	11/8/10	20.01	20.51	19.85	20.42	4344100	15.28	2484	江海股份	SZ	19.91	14.89	
886	11/4/10	19.56	19.91	19.38	19.91	3804500	14.89	2484	江海股份	SZ	19.57	14.64	
887	11/3/10	19.92	20.08	19.52	19.57	4048200	14.64	2484	江海股份	SZ	20.12	15.05	
888	11/2/10	20.77	21	20.01	20.12	8005200	15.05	2484	江海股份	SZ	20.77	15.54	
889	11/1/10	20.66	21.14	20.55	20.77	6863300	15.54	2484	江海股份	SZ	20.72	15.5	
890	10/29/10	19.85	20.91	19.77	20.72	5742900	15.5	2484	江海股份	SZ	20.65	15.45	
891	10/28/10	19.85	21.12	19.77	20.65	10284700	15.45	2484	江海股份	SZ	19.92	14.9	
892	10/27/10	19.27	20.6	19.09	19.92	10156200	14.9	2484	江海股份	SZ	19.32	14.45	
893	10/26/10	19.37	19.48	18.87	19.32	5037900	14.45	2484	江海股份	SZ	19.54	14.62	
894	10/25/10	19.07	19.85	19.06	19.54	6003000	14.62	2484	江海股份	SZ	19.13	14.31	
895	10/22/10	19.02	19.45	18.78	19.13	5200200	14.31	2484	江海股份	SZ	18.92	14.15	
896	10/21/10	19.16	19.37	18.54	18.92	6545000	14.15	2484	江海股份	SZ	19.32	14.45	
897	10/20/10	19.23	20.14	19.08	19.32	10688300	14.45	2484	江海股份	SZ	19.84	14.84	
898	10/19/10	20.04	20.62	19.08	19.84	15664300	14.84	2484	江海股份	SZ	19.75	14.77	
899	10/18/10	18.37	19.75	18.15	19.75	17164300	14.77	2484	江海股份	SZ	17.95	13.43	
900	10/15/10	18.58	18.72	17.82	17.95	11447500	13.43	2484	江海股份	SZ	19.11	14.29	
901	10/14/10	17.89	19.98	17.85	19.11	17772700	14.29	2484	江海股份	SZ	18.17	13.59	
902	10/13/10	17.93	18.35	17.33	18.17	9765500	13.59	2484	江海股份	SZ	18.4	13.76	
903	10/12/10	19.14	19.41	18.29	18.4	9395400	13.76	2484	江海股份	SZ	19.12	14.3	
904	10/11/10	18.17	19.12	17.7	19.12	12565300	14.3	2484	江海股份	SZ	18.38	13.75	
905	10/8/10	17.85	18.85	17.02	18.38	12572500	13.75	2484	江海股份	SZ	17.68	13.22	
906	9/30/10	17.58	18.29	16.98	17.68	14751000	13.22	2484	江海股份	SZ	18.45	13.8	
907	9/29/10	17.69	20	17.08	18.45	31690400	13.8	2484	江海股份	SZ	-1	-1	
