0	4/29/14	34.3	34.3	34.3	34.3	0	34.3	2555	顺荣股份	SZ	34.3	34.3	
1	4/28/14	34.3	34.3	34.3	34.3	0	34.3	2555	顺荣股份	SZ	34.3	34.3	
2	4/25/14	34.3	34.3	34.3	34.3	0	34.3	2555	顺荣股份	SZ	34.3	34.3	
3	4/24/14	35.27	35.27	33.98	34.3	959400	34.3	2555	顺荣股份	SZ	35.05	35.05	
4	4/23/14	34.9	35.29	34.56	35.05	1181500	35.05	2555	顺荣股份	SZ	34.95	34.95	
5	4/22/14	34	36.89	33.71	34.95	2786300	34.95	2555	顺荣股份	SZ	33.9	33.9	
6	4/21/14	34.96	35	33.51	33.9	1746600	33.9	2555	顺荣股份	SZ	34.96	34.96	
7	4/18/14	34.31	35.39	34.1	34.96	1096500	34.96	2555	顺荣股份	SZ	34.81	34.63	
8	4/17/14	35.11	35.53	33	34.81	1484300	34.63	2555	顺荣股份	SZ	35.13	34.95	
9	4/16/14	35.51	36.35	34.88	35.13	1504400	34.95	2555	顺荣股份	SZ	35.93	35.74	
10	4/15/14	35.45	36.8	34.61	35.93	2592400	35.74	2555	顺荣股份	SZ	35.5	35.32	
11	4/14/14	34	36.19	33.8	35.5	3291300	35.32	2555	顺荣股份	SZ	34.24	34.06	
12	4/11/14	34.31	34.89	33.35	34.24	3467300	34.06	2555	顺荣股份	SZ	35.29	35.11	
13	4/10/14	32.11	35.33	31.87	35.29	5933700	35.11	2555	顺荣股份	SZ	32.12	31.95	
14	4/9/14	30.57	32.26	30.5	32.12	4559100	31.95	2555	顺荣股份	SZ	30.78	30.62	
15	4/8/14	31.2	31.25	29.22	30.78	5395900	30.62	2555	顺荣股份	SZ	31.57	31.41	
16	4/7/14	31.57	31.57	31.57	31.57	0	31.41	2555	顺荣股份	SZ	31.57	31.41	
17	4/4/14	31.06	31.89	30.98	31.57	4370700	31.41	2555	顺荣股份	SZ	31.53	31.37	
18	4/3/14	31.52	32.44	30.72	31.53	9548000	31.37	2555	顺荣股份	SZ	32.71	32.54	
19	4/2/14	32.8	34.34	32.71	32.71	9787000	32.54	2555	顺荣股份	SZ	36.34	36.15	
20	4/1/14	36.34	36.34	36.34	36.34	85100	36.15	2555	顺荣股份	SZ	40.38	40.17	
21	3/31/14	40.38	40.38	40.38	40.38	0	40.17	2555	顺荣股份	SZ	40.38	40.17	
22	3/28/14	40.38	40.38	40.38	40.38	36600	40.17	2555	顺荣股份	SZ	44.87	44.64	
23	3/27/14	44.87	44.87	44.87	44.87	0	44.64	2555	顺荣股份	SZ	44.87	44.64	
24	3/26/14	44.87	44.87	44.87	44.87	0	44.64	2555	顺荣股份	SZ	44.87	44.64	
25	3/25/14	44.87	44.87	44.87	44.87	0	44.64	2555	顺荣股份	SZ	44.87	44.64	
26	3/24/14	44.87	44.87	44.87	44.87	0	44.64	2555	顺荣股份	SZ	44.87	44.64	
27	3/21/14	44.87	44.87	44.87	44.87	0	44.64	2555	顺荣股份	SZ	44.87	44.64	
28	3/20/14	44.87	44.87	44.87	44.87	0	44.64	2555	顺荣股份	SZ	44.87	44.64	
29	3/19/14	45.89	46.08	44.3	44.87	1793500	44.64	2555	顺荣股份	SZ	45.98	45.74	
30	3/18/14	44	46.86	43.71	45.98	4482300	45.74	2555	顺荣股份	SZ	44.6	44.37	
31	3/17/14	42.99	45.5	42.01	44.6	3870200	44.37	2555	顺荣股份	SZ	43.4	43.18	
32	3/14/14	41.69	44.77	41.51	43.4	3920500	43.18	2555	顺荣股份	SZ	42.48	42.26	
33	3/13/14	39.02	42.97	38.5	42.48	3432700	42.26	2555	顺荣股份	SZ	39.06	38.86	
34	3/12/14	39.11	40.35	36.98	39.06	2446700	38.86	2555	顺荣股份	SZ	39.03	38.83	
35	3/11/14	42.28	43.11	38	39.03	3111800	38.83	2555	顺荣股份	SZ	41.52	41.31	
36	3/10/14	43.4	43.81	41.01	41.52	4539200	41.31	2555	顺荣股份	SZ	43.81	43.58	
37	3/7/14	39.9	43.81	39.9	43.81	5497300	43.58	2555	顺荣股份	SZ	39.83	39.62	
38	3/6/14	41.1	41.2	39.3	39.83	3001900	39.62	2555	顺荣股份	SZ	41.2	40.99	
39	3/5/14	40.58	41.98	40.5	41.2	2207700	40.99	2555	顺荣股份	SZ	41.09	40.88	
40	3/4/14	42.99	43.78	39.9	41.09	4538500	40.88	2555	顺荣股份	SZ	43.4	43.18	
41	3/3/14	45	46.17	42.77	43.4	2546800	43.18	2555	顺荣股份	SZ	45.3	45.07	
42	2/28/14	44.62	46.7	42.5	45.3	2045100	45.07	2555	顺荣股份	SZ	44.6	44.37	
43	2/27/14	49	49.95	44.53	44.6	2292800	44.37	2555	顺荣股份	SZ	48.8	48.55	
44	2/26/14	47.73	50.9	42.81	48.8	2992000	48.55	2555	顺荣股份	SZ	47.4	47.15	
45	2/25/14	50.79	52.5	45.89	47.4	3059900	47.15	2555	顺荣股份	SZ	50.66	50.4	
46	2/24/14	47.18	51.8	46.34	50.66	2930100	50.4	2555	顺荣股份	SZ	48.34	48.09	
47	2/21/14	46.5	49.48	46.3	48.34	2624500	48.09	2555	顺荣股份	SZ	47.2	46.96	
48	2/20/14	44.85	48.5	43.3	47.2	2334300	46.96	2555	顺荣股份	SZ	45.15	44.92	
49	2/19/14	45.88	46.38	43.29	45.15	1595300	44.92	2555	顺荣股份	SZ	47	46.76	
50	2/18/14	46.89	48.6	46.4	47	1594300	46.76	2555	顺荣股份	SZ	47.72	47.47	
51	2/17/14	45	48.33	43.4	47.72	2363700	47.47	2555	顺荣股份	SZ	45.4	45.17	
52	2/14/14	42.96	45.95	42.21	45.4	2666500	45.17	2555	顺荣股份	SZ	43.26	43.04	
53	2/13/14	47.5	49	43.2	43.26	3304900	43.04	2555	顺荣股份	SZ	48	47.75	
54	2/12/14	49.9	50	46.6	48	2647000	47.75	2555	顺荣股份	SZ	50.28	50.02	
55	2/11/14	47.3	50.58	46.79	50.28	4454100	50.02	2555	顺荣股份	SZ	47.74	47.49	
56	2/10/14	42.95	47.74	41.79	47.74	4135700	47.49	2555	顺荣股份	SZ	43.4	43.18	
57	2/7/14	42.4	44	41.5	43.4	2308600	43.18	2555	顺荣股份	SZ	43.49	43.27	
58	2/6/14	43.49	43.49	43.49	43.49	0	43.27	2555	顺荣股份	SZ	43.49	43.27	
59	2/5/14	43.49	43.49	43.49	43.49	0	43.27	2555	顺荣股份	SZ	43.49	43.27	
60	2/3/14	43.49	43.49	43.49	43.49	0	43.27	2555	顺荣股份	SZ	43.49	43.27	
61	1/31/14	43.49	43.49	43.49	43.49	0	43.27	2555	顺荣股份	SZ	43.49	43.27	
62	1/30/14	41.8	46	41.52	43.49	3644800	43.27	2555	顺荣股份	SZ	42.25	42.03	
63	1/29/14	39.6	42.3	38.66	42.25	3667500	42.03	2555	顺荣股份	SZ	38.95	38.75	
64	1/28/14	39	40.36	37.96	38.95	4581900	38.75	2555	顺荣股份	SZ	40.47	40.26	
65	1/27/14	40.43	42.7	40.05	40.47	4802300	40.26	2555	顺荣股份	SZ	40.87	40.66	
66	1/24/14	42.15	43.5	40.42	40.87	7421700	40.66	2555	顺荣股份	SZ	40.63	40.42	
67	1/23/14	37.3	40.63	37.3	40.63	7736600	40.42	2555	顺荣股份	SZ	36.94	36.75	
68	1/22/14	33.5	36.94	33	36.94	8583200	36.75	2555	顺荣股份	SZ	33.58	33.41	
69	1/21/14	31.2	33.84	31.2	33.58	4013000	33.41	2555	顺荣股份	SZ	31.75	31.59	
70	1/20/14	32.64	32.78	30.95	31.75	3184300	31.59	2555	顺荣股份	SZ	33.02	32.85	
71	1/17/14	32.89	34.5	32.5	33.02	3392700	32.85	2555	顺荣股份	SZ	33.1	32.93	
72	1/16/14	33	33.58	31.67	33.1	3654800	32.93	2555	顺荣股份	SZ	33.34	33.17	
73	1/15/14	34	35.5	32.95	33.34	4052000	33.17	2555	顺荣股份	SZ	34	33.82	
74	1/14/14	32.1	34.6	31.56	34	4770500	33.82	2555	顺荣股份	SZ	32.15	31.98	
75	1/13/14	32.89	33.75	31.81	32.15	4885700	31.98	2555	顺荣股份	SZ	33.1	32.93	
76	1/10/14	32.44	35.46	31.62	33.1	7174200	32.93	2555	顺荣股份	SZ	32.24	32.07	
77	1/9/14	30.31	33.56	30.18	32.24	8515200	32.07	2555	顺荣股份	SZ	30.58	30.42	
78	1/8/14	29.8	31.24	29	30.58	6052800	30.42	2555	顺荣股份	SZ	29.24	29.09	
79	1/7/14	26.47	29.24	26.02	29.24	4983600	29.09	2555	顺荣股份	SZ	26.58	26.44	
80	1/6/14	27.45	27.6	26.3	26.58	2608300	26.44	2555	顺荣股份	SZ	27.4	27.26	
81	1/3/14	27.37	28.45	27.17	27.4	3989600	27.26	2555	顺荣股份	SZ	27.76	27.62	
82	1/2/14	27.25	27.86	26.6	27.76	3320400	27.62	2555	顺荣股份	SZ	27.36	27.22	
83	1/1/14	27.36	27.36	27.36	27.36	0	27.22	2555	顺荣股份	SZ	27.36	27.22	
84	12/31/13	26.15	27.98	25.8	27.36	4321800	27.22	2555	顺荣股份	SZ	25.99	25.86	
85	12/30/13	26.75	26.96	25.67	25.99	2430000	25.86	2555	顺荣股份	SZ	26.64	26.5	
86	12/27/13	26.2	27.31	25.78	26.64	3109500	26.5	2555	顺荣股份	SZ	26.26	26.12	
87	12/26/13	25.65	26.95	25.02	26.26	3350900	26.12	2555	顺荣股份	SZ	25.65	25.52	
88	12/25/13	25.05	25.88	24.74	25.65	1551500	25.52	2555	顺荣股份	SZ	25.23	25.1	
89	12/24/13	24.65	25.32	24.28	25.23	1585500	25.1	2555	顺荣股份	SZ	24.45	24.32	
90	12/23/13	24.1	25.2	23.8	24.45	1306900	24.32	2555	顺荣股份	SZ	24.34	24.21	
91	12/20/13	24.8	25.3	24.02	24.34	1809300	24.21	2555	顺荣股份	SZ	24.35	24.22	
92	12/19/13	25.08	26.2	24.2	24.35	1607700	24.22	2555	顺荣股份	SZ	25.54	25.41	
93	12/18/13	26.01	26.28	25.28	25.54	916200	25.41	2555	顺荣股份	SZ	26.26	26.12	
94	12/17/13	26.39	26.85	25.41	26.26	2204200	26.12	2555	顺荣股份	SZ	26.48	26.34	
95	12/16/13	25.45	27.25	25.41	26.48	2616400	26.34	2555	顺荣股份	SZ	25.95	25.82	
96	12/13/13	26.6	26.87	25.7	25.95	2534500	25.82	2555	顺荣股份	SZ	26.56	26.42	
97	12/12/13	24.72	27.48	24.72	26.56	4232800	26.42	2555	顺荣股份	SZ	25.45	25.32	
98	12/11/13	25.2	26.3	24.88	25.45	3934600	25.32	2555	顺荣股份	SZ	24.95	24.82	
99	12/10/13	24.99	25.54	24.6	24.95	2441500	24.82	2555	顺荣股份	SZ	25.08	24.95	
100	12/9/13	24.6	25.6	24.43	25.08	2786500	24.95	2555	顺荣股份	SZ	24.73	24.6	
101	12/6/13	24.93	25.75	23.89	24.73	2483100	24.6	2555	顺荣股份	SZ	24.88	24.75	
102	12/5/13	25.15	26.85	24.85	24.88	4585100	24.75	2555	顺荣股份	SZ	26.09	25.96	
103	12/4/13	26.3	27.28	25.7	26.09	5564200	25.96	2555	顺荣股份	SZ	24.8	24.67	
104	12/3/13	23.7	25.55	23.7	24.8	4428500	24.67	2555	顺荣股份	SZ	26.16	26.02	
105	12/2/13	27	27.3	26.16	26.16	4045200	26.02	2555	顺荣股份	SZ	29.07	28.92	
106	11/29/13	26.82	29.28	26.63	29.07	4950400	28.92	2555	顺荣股份	SZ	26.8	26.66	
107	11/28/13	26.6	27.38	26.45	26.8	2749100	26.66	2555	顺荣股份	SZ	26.87	26.73	
108	11/27/13	27.09	27.28	26	26.87	4886900	26.73	2555	顺荣股份	SZ	27.78	27.64	
109	11/26/13	27.45	28.52	27.3	27.78	4313700	27.64	2555	顺荣股份	SZ	27.3	27.16	
110	11/25/13	27.2	28.25	26.91	27.3	4321600	27.16	2555	顺荣股份	SZ	28.56	28.41	
111	11/22/13	27.7	28.87	26.87	28.56	4657300	28.41	2555	顺荣股份	SZ	28.05	27.9	
112	11/21/13	28.9	30.3	28.01	28.05	6609900	27.9	2555	顺荣股份	SZ	29.7	29.55	
113	11/20/13	28.6	30.27	28.03	29.7	7831200	29.55	2555	顺荣股份	SZ	29.39	29.24	
114	11/19/13	26.49	29.4	26.24	29.39	9001600	29.24	2555	顺荣股份	SZ	26.73	26.59	
115	11/18/13	23.97	26.73	23.31	26.73	10972500	26.59	2555	顺荣股份	SZ	24.3	24.17	
116	11/15/13	22.9	25.3	22.9	24.3	8626100	24.17	2555	顺荣股份	SZ	23	22.88	
117	11/14/13	22.52	23.49	22.52	23	4944900	22.88	2555	顺荣股份	SZ	22.9	22.78	
118	11/13/13	24.38	25	22.9	22.9	6395400	22.78	2555	顺荣股份	SZ	25	24.87	
119	11/12/13	25.3	25.49	24.3	25	6475300	24.87	2555	顺荣股份	SZ	25.76	25.63	
120	11/11/13	24.69	25.9	24.03	25.76	7252500	25.63	2555	顺荣股份	SZ	24.5	24.37	
121	11/8/13	24.35	25.37	23	24.5	8542900	24.37	2555	顺荣股份	SZ	24.04	23.92	
122	11/7/13	24.99	25.99	23.61	24.04	10761700	23.92	2555	顺荣股份	SZ	25.97	25.84	
123	11/6/13	22.64	25.97	22.51	25.97	15425500	25.84	2555	顺荣股份	SZ	23.61	23.49	
124	11/5/13	22.9	24.18	22.9	23.61	10880300	23.49	2555	顺荣股份	SZ	23.18	23.06	
125	11/4/13	24.1	24.35	22.49	23.18	11469600	23.06	2555	顺荣股份	SZ	24.99	24.86	
126	11/1/13	24.05	24.99	23.6	24.99	20713100	24.86	2555	顺荣股份	SZ	22.72	22.6	
127	10/31/13	22.72	22.72	22.72	22.72	0	22.6	2555	顺荣股份	SZ	22.72	22.6	
128	10/30/13	22.72	22.72	22.72	22.72	0	22.6	2555	顺荣股份	SZ	22.72	22.6	
129	10/29/13	22.72	22.72	22.72	22.72	0	22.6	2555	顺荣股份	SZ	22.72	22.6	
130	10/28/13	22.72	22.72	22.72	22.72	0	22.6	2555	顺荣股份	SZ	22.72	22.6	
131	10/25/13	22.72	22.72	22.72	22.72	0	22.6	2555	顺荣股份	SZ	22.72	22.6	
132	10/24/13	22.72	22.72	22.72	22.72	0	22.6	2555	顺荣股份	SZ	22.72	22.6	
133	10/23/13	22.72	22.72	22.72	22.72	0	22.6	2555	顺荣股份	SZ	22.72	22.6	
134	10/22/13	22.72	22.72	22.72	22.72	0	22.6	2555	顺荣股份	SZ	22.72	22.6	
135	10/21/13	22.72	22.72	22.72	22.72	602900	22.6	2555	顺荣股份	SZ	20.65	20.54	
136	10/18/13	20.65	20.65	20.65	20.65	1368400	20.54	2555	顺荣股份	SZ	18.77	18.67	
137	10/17/13	18.77	18.77	18.77	18.77	435600	18.67	2555	顺荣股份	SZ	17.06	16.97	
138	10/16/13	17.06	17.06	17.06	17.06	381100	16.97	2555	顺荣股份	SZ	15.51	15.43	
139	10/15/13	15.51	15.51	15.51	15.51	206900	15.43	2555	顺荣股份	SZ	14.1	14.03	
140	10/14/13	14.1	14.1	14.1	14.1	274300	14.03	2555	顺荣股份	SZ	12.82	12.75	
141	10/11/13	12.82	12.82	12.82	12.82	85900	12.75	2555	顺荣股份	SZ	11.65	11.59	
142	10/10/13	11.65	11.65	11.65	11.65	76000	11.59	2555	顺荣股份	SZ	10.59	10.54	
143	10/9/13	10.59	10.59	10.59	10.59	0	10.54	2555	顺荣股份	SZ	10.59	10.54	
144	10/8/13	10.59	10.59	10.59	10.59	0	10.54	2555	顺荣股份	SZ	10.59	10.54	
145	10/7/13	10.59	10.59	10.59	10.59	0	10.54	2555	顺荣股份	SZ	10.59	10.54	
146	10/4/13	10.59	10.59	10.59	10.59	0	10.54	2555	顺荣股份	SZ	10.59	10.54	
147	10/3/13	10.59	10.59	10.59	10.59	0	10.54	2555	顺荣股份	SZ	10.59	10.54	
148	10/2/13	10.59	10.59	10.59	10.59	0	10.54	2555	顺荣股份	SZ	10.59	10.54	
149	10/1/13	10.59	10.59	10.59	10.59	0	10.54	2555	顺荣股份	SZ	10.59	10.54	
150	9/30/13	10.59	10.59	10.59	10.59	0	10.54	2555	顺荣股份	SZ	10.59	10.54	
151	9/27/13	10.59	10.59	10.59	10.59	0	10.54	2555	顺荣股份	SZ	10.59	10.54	
152	9/26/13	10.59	10.59	10.59	10.59	0	10.54	2555	顺荣股份	SZ	10.59	10.54	
153	9/25/13	10.59	10.59	10.59	10.59	0	10.54	2555	顺荣股份	SZ	10.59	10.54	
154	9/24/13	10.59	10.59	10.59	10.59	0	10.54	2555	顺荣股份	SZ	10.59	10.54	
155	9/23/13	10.59	10.59	10.59	10.59	0	10.54	2555	顺荣股份	SZ	10.59	10.54	
156	9/20/13	10.59	10.59	10.59	10.59	0	10.54	2555	顺荣股份	SZ	10.59	10.54	
157	9/18/13	10.59	10.59	10.59	10.59	0	10.54	2555	顺荣股份	SZ	10.59	10.54	
158	9/17/13	10.59	10.59	10.59	10.59	0	10.54	2555	顺荣股份	SZ	10.59	10.54	
159	9/16/13	10.59	10.59	10.59	10.59	0	10.54	2555	顺荣股份	SZ	10.59	10.54	
160	9/13/13	10.59	10.59	10.59	10.59	0	10.54	2555	顺荣股份	SZ	10.59	10.54	
161	9/12/13	10.59	10.59	10.59	10.59	0	10.54	2555	顺荣股份	SZ	10.59	10.54	
162	9/11/13	10.59	10.59	10.59	10.59	0	10.54	2555	顺荣股份	SZ	10.59	10.54	
163	9/10/13	10.59	10.59	10.59	10.59	0	10.54	2555	顺荣股份	SZ	10.59	10.54	
164	9/9/13	10.59	10.59	10.59	10.59	0	10.54	2555	顺荣股份	SZ	10.59	10.54	
165	9/6/13	10.59	10.59	10.59	10.59	0	10.54	2555	顺荣股份	SZ	10.59	10.54	
166	9/5/13	10.59	10.59	10.59	10.59	0	10.54	2555	顺荣股份	SZ	10.59	10.54	
167	9/4/13	10.59	10.59	10.59	10.59	0	10.54	2555	顺荣股份	SZ	10.59	10.54	
168	9/3/13	10.59	10.59	10.59	10.59	0	10.54	2555	顺荣股份	SZ	10.59	10.54	
169	9/2/13	10.59	10.59	10.59	10.59	0	10.54	2555	顺荣股份	SZ	10.59	10.54	
170	8/30/13	10.59	10.59	10.59	10.59	0	10.54	2555	顺荣股份	SZ	10.59	10.54	
171	8/29/13	10.59	10.59	10.59	10.59	0	10.54	2555	顺荣股份	SZ	10.59	10.54	
172	8/28/13	10.59	10.59	10.59	10.59	0	10.54	2555	顺荣股份	SZ	10.59	10.54	
173	8/27/13	10.59	10.59	10.59	10.59	0	10.54	2555	顺荣股份	SZ	10.59	10.54	
174	8/26/13	10.59	10.59	10.59	10.59	0	10.54	2555	顺荣股份	SZ	10.59	10.54	
175	8/23/13	10.59	10.59	10.59	10.59	0	10.54	2555	顺荣股份	SZ	10.59	10.54	
176	8/22/13	10.59	10.59	10.59	10.59	0	10.54	2555	顺荣股份	SZ	10.59	10.54	
177	8/21/13	10.59	10.59	10.59	10.59	0	10.54	2555	顺荣股份	SZ	10.59	10.54	
178	8/20/13	10.59	10.59	10.59	10.59	0	10.54	2555	顺荣股份	SZ	10.59	10.54	
179	8/19/13	10.59	10.59	10.59	10.59	0	10.54	2555	顺荣股份	SZ	10.59	10.54	
180	8/16/13	10.59	10.59	10.59	10.59	0	10.54	2555	顺荣股份	SZ	10.59	10.54	
181	8/15/13	10.59	10.59	10.59	10.59	0	10.54	2555	顺荣股份	SZ	10.59	10.54	
182	8/14/13	10.59	10.59	10.59	10.59	0	10.54	2555	顺荣股份	SZ	10.59	10.54	
183	8/13/13	10.59	10.59	10.59	10.59	0	10.54	2555	顺荣股份	SZ	10.59	10.54	
184	8/12/13	10.59	10.59	10.59	10.59	0	10.54	2555	顺荣股份	SZ	10.59	10.54	
185	8/9/13	10.59	10.59	10.59	10.59	0	10.54	2555	顺荣股份	SZ	10.59	10.54	
186	8/8/13	10.59	10.59	10.59	10.59	0	10.54	2555	顺荣股份	SZ	10.59	10.54	
187	8/7/13	10.59	10.59	10.59	10.59	0	10.54	2555	顺荣股份	SZ	10.59	10.54	
188	8/6/13	10.59	10.59	10.59	10.59	0	10.54	2555	顺荣股份	SZ	10.59	10.54	
189	8/5/13	10.59	10.59	10.59	10.59	0	10.54	2555	顺荣股份	SZ	10.59	10.54	
190	8/2/13	10.59	10.59	10.59	10.59	0	10.54	2555	顺荣股份	SZ	10.59	10.54	
191	8/1/13	10.59	10.59	10.59	10.59	0	10.54	2555	顺荣股份	SZ	10.59	10.54	
192	7/31/13	10.59	10.59	10.59	10.59	0	10.54	2555	顺荣股份	SZ	10.59	10.54	
193	7/30/13	10.59	10.59	10.59	10.59	0	10.54	2555	顺荣股份	SZ	10.59	10.54	
194	7/29/13	10.59	10.59	10.59	10.59	0	10.54	2555	顺荣股份	SZ	10.59	10.54	
195	7/26/13	10.26	10.74	10.26	10.59	893400	10.54	2555	顺荣股份	SZ	10.38	10.33	
196	7/25/13	10.5	10.54	10.32	10.38	285800	10.33	2555	顺荣股份	SZ	10.5	10.45	
197	7/24/13	10.56	10.59	10.39	10.5	351700	10.45	2555	顺荣股份	SZ	10.5	10.45	
198	7/23/13	10.31	10.65	10.29	10.5	476100	10.45	2555	顺荣股份	SZ	10.41	10.36	
199	7/22/13	10.17	10.47	10.17	10.41	556900	10.36	2555	顺荣股份	SZ	10.27	10.22	
200	7/19/13	10.5	10.5	10.22	10.27	215000	10.22	2555	顺荣股份	SZ	10.37	10.32	
201	7/18/13	10.22	10.45	10.22	10.37	356600	10.32	2555	顺荣股份	SZ	10.4	10.35	
202	7/17/13	10.35	10.48	10.34	10.4	606700	10.35	2555	顺荣股份	SZ	10.35	10.3	
203	7/16/13	10.15	10.36	10.15	10.35	701700	10.3	2555	顺荣股份	SZ	10.21	10.16	
204	7/15/13	10.75	10.75	10.05	10.21	449000	10.16	2555	顺荣股份	SZ	10.08	10.03	
205	7/12/13	10.23	10.23	10.06	10.08	295400	10.03	2555	顺荣股份	SZ	10.18	10.13	
206	7/11/13	10.07	10.29	10	10.18	591500	10.13	2555	顺荣股份	SZ	10.05	10	
207	7/10/13	9.83	10.07	9.76	10.05	861000	10	2555	顺荣股份	SZ	9.82	9.77	
208	7/9/13	9.71	9.88	9.69	9.82	185700	9.77	2555	顺荣股份	SZ	9.73	9.68	
209	7/8/13	10	10.01	9.72	9.73	282500	9.68	2555	顺荣股份	SZ	10.08	10.03	
210	7/5/13	10.24	10.28	10.08	10.08	347600	10.03	2555	顺荣股份	SZ	10.24	10.19	
211	7/4/13	9.95	10.39	9.94	10.24	1325800	10.19	2555	顺荣股份	SZ	10.08	10.03	
212	7/3/13	10.12	10.22	9.91	10.08	252200	10.03	2555	顺荣股份	SZ	10.12	10.07	
213	7/2/13	10.19	10.19	10.05	10.12	291000	10.07	2555	顺荣股份	SZ	10.11	10.06	
214	7/1/13	10.15	10.15	9.9	10.11	287700	10.06	2555	顺荣股份	SZ	10.19	10.14	
215	6/28/13	9.71	10.22	9.71	10.19	722300	10.14	2555	顺荣股份	SZ	9.89	9.84	
216	6/27/13	9.81	10.07	9.7	9.89	927000	9.84	2555	顺荣股份	SZ	9.8	9.75	
217	6/26/13	9.7	10.1	9.6	9.8	436500	9.75	2555	顺荣股份	SZ	9.7	9.65	
218	6/25/13	9.61	9.95	9.31	9.7	482300	9.65	2555	顺荣股份	SZ	9.86	9.81	
219	6/24/13	10.28	10.41	9.62	9.86	477400	9.81	2555	顺荣股份	SZ	10.37	10.32	
220	6/21/13	10.1	10.38	9.87	10.37	336400	10.32	2555	顺荣股份	SZ	10.21	10.16	
221	6/20/13	10.15	10.31	10.11	10.21	474800	10.16	2555	顺荣股份	SZ	10.15	10.1	
222	6/19/13	10.19	10.19	10	10.15	364600	10.1	2555	顺荣股份	SZ	10.22	10.17	
223	6/18/13	10.1	10.26	10.05	10.22	499200	10.17	2555	顺荣股份	SZ	10.1	10.05	
224	6/17/13	10.15	10.18	9.98	10.1	242300	10.05	2555	顺荣股份	SZ	10.11	10.06	
225	6/14/13	10.02	10.15	10	10.11	317700	10.06	2555	顺荣股份	SZ	10.02	9.97	
226	6/13/13	10.39	10.39	9.86	10.02	665800	9.97	2555	顺荣股份	SZ	10.51	10.46	
227	6/12/13	10.51	10.51	10.51	10.51	0	10.46	2555	顺荣股份	SZ	10.51	10.46	
228	6/11/13	10.51	10.51	10.51	10.51	0	10.46	2555	顺荣股份	SZ	10.51	10.46	
229	6/10/13	10.51	10.51	10.51	10.51	0	10.46	2555	顺荣股份	SZ	10.51	10.46	
230	6/7/13	10.62	10.69	10.45	10.51	493000	10.46	2555	顺荣股份	SZ	10.62	10.57	
231	6/6/13	10.95	10.95	10.6	10.62	1137600	10.57	2555	顺荣股份	SZ	11.16	10.83	
232	6/5/13	10.75	11.22	10.73	11.16	1102300	10.83	2555	顺荣股份	SZ	10.83	10.51	
233	6/4/13	10.95	11	10.72	10.83	661200	10.51	2555	顺荣股份	SZ	11	10.68	
234	6/3/13	11.22	11.29	10.93	11	1432100	10.68	2555	顺荣股份	SZ	11.2	10.87	
235	5/31/13	11.3	11.43	11.18	11.2	1284300	10.87	2555	顺荣股份	SZ	11.33	11	
236	5/30/13	10.91	11.4	10.78	11.33	2043500	11	2555	顺荣股份	SZ	10.98	10.66	
237	5/29/13	11.04	11.08	10.9	10.98	742000	10.66	2555	顺荣股份	SZ	11.03	10.71	
238	5/28/13	10.86	11.1	10.79	11.03	1540000	10.71	2555	顺荣股份	SZ	10.87	10.55	
239	5/27/13	10.73	10.92	10.65	10.87	909800	10.55	2555	顺荣股份	SZ	10.73	10.42	
240	5/24/13	10.51	10.77	10.51	10.73	606800	10.42	2555	顺荣股份	SZ	10.6	10.29	
241	5/23/13	10.72	10.85	10.52	10.6	681000	10.29	2555	顺荣股份	SZ	10.72	10.41	
242	5/22/13	10.72	10.97	10.65	10.72	897700	10.41	2555	顺荣股份	SZ	10.74	10.43	
243	5/21/13	10.6	10.74	10.55	10.74	932900	10.43	2555	顺荣股份	SZ	10.59	10.28	
244	5/20/13	10.47	10.88	10.46	10.59	1683300	10.28	2555	顺荣股份	SZ	10.44	10.13	
245	5/17/13	10.42	10.48	10.32	10.44	727400	10.13	2555	顺荣股份	SZ	10.39	10.09	
246	5/16/13	10.37	10.52	10.3	10.39	589300	10.09	2555	顺荣股份	SZ	10.37	10.07	
247	5/15/13	10.3	10.54	10.3	10.37	520300	10.07	2555	顺荣股份	SZ	10.3	10	
248	5/14/13	10.45	10.45	10.25	10.3	507100	10	2555	顺荣股份	SZ	10.48	10.17	
249	5/13/13	10.32	10.59	10.28	10.48	505100	10.17	2555	顺荣股份	SZ	10.45	10.14	
250	5/10/13	10.3	10.64	10.29	10.45	1031500	10.14	2555	顺荣股份	SZ	10.29	9.99	
251	5/9/13	10.31	10.37	10.2	10.29	336100	9.99	2555	顺荣股份	SZ	10.31	10.01	
252	5/8/13	10.24	10.32	10.24	10.31	259100	10.01	2555	顺荣股份	SZ	10.23	9.93	
253	5/7/13	10.3	10.33	10.21	10.23	173500	9.93	2555	顺荣股份	SZ	10.31	10.01	
254	5/6/13	10.21	10.36	10.2	10.31	185200	10.01	2555	顺荣股份	SZ	10.2	9.9	
255	5/3/13	10.05	10.31	10.03	10.2	410500	9.9	2555	顺荣股份	SZ	10.03	9.74	
256	5/2/13	10.12	10.36	9.61	10.03	361500	9.74	2555	顺荣股份	SZ	10.16	9.86	
257	5/1/13	10.16	10.16	10.16	10.16	0	9.86	2555	顺荣股份	SZ	10.16	9.86	
258	4/30/13	10.16	10.16	10.16	10.16	0	9.86	2555	顺荣股份	SZ	10.16	9.86	
259	4/29/13	10.16	10.16	10.16	10.16	0	9.86	2555	顺荣股份	SZ	10.16	9.86	
260	4/26/13	10.27	10.39	10.16	10.16	272200	9.86	2555	顺荣股份	SZ	10.22	9.92	
261	4/25/13	10.41	10.42	10.22	10.22	357800	9.92	2555	顺荣股份	SZ	10.4	10.1	
262	4/24/13	10.12	10.74	10.12	10.4	586000	10.1	2555	顺荣股份	SZ	10.18	9.88	
263	4/23/13	10.39	10.39	10.11	10.18	549800	9.88	2555	顺荣股份	SZ	10.39	10.09	
264	4/22/13	10.44	10.49	10.3	10.39	454500	10.09	2555	顺荣股份	SZ	10.53	10.22	
265	4/19/13	10.49	10.57	10.42	10.53	410600	10.22	2555	顺荣股份	SZ	10.49	10.18	
266	4/18/13	10.26	10.6	10.18	10.49	718600	10.18	2555	顺荣股份	SZ	10.26	9.96	
267	4/17/13	10.38	10.4	10.19	10.26	416900	9.96	2555	顺荣股份	SZ	10.37	10.07	
268	4/16/13	10.31	10.42	10.31	10.37	294000	10.07	2555	顺荣股份	SZ	10.36	10.06	
269	4/15/13	10.53	10.58	10.35	10.36	339200	10.06	2555	顺荣股份	SZ	10.51	10.2	
270	4/12/13	10.51	10.57	10.48	10.51	330600	10.2	2555	顺荣股份	SZ	10.56	10.25	
271	4/11/13	10.53	10.6	10.42	10.56	428300	10.25	2555	顺荣股份	SZ	10.52	10.21	
272	4/10/13	10.5	10.55	10.46	10.52	326300	10.21	2555	顺荣股份	SZ	10.46	10.15	
273	4/9/13	10.45	10.53	10.42	10.46	534000	10.15	2555	顺荣股份	SZ	10.44	10.13	
274	4/8/13	10.62	10.62	10.34	10.44	587000	10.13	2555	顺荣股份	SZ	10.64	10.33	
275	4/5/13	10.64	10.64	10.64	10.64	0	10.33	2555	顺荣股份	SZ	10.64	10.33	
276	4/4/13	10.64	10.64	10.64	10.64	0	10.33	2555	顺荣股份	SZ	10.64	10.33	
277	4/3/13	10.6	10.7	10.59	10.64	320600	10.33	2555	顺荣股份	SZ	10.65	10.34	
278	4/2/13	10.84	10.84	10.57	10.65	657200	10.34	2555	顺荣股份	SZ	10.78	10.46	
279	4/1/13	10.82	10.86	10.71	10.78	408900	10.46	2555	顺荣股份	SZ	10.82	10.5	
280	3/29/13	10.78	10.88	10.77	10.82	405700	10.5	2555	顺荣股份	SZ	10.78	10.46	
281	3/28/13	11.09	11.09	10.62	10.78	968000	10.46	2555	顺荣股份	SZ	11.11	10.79	
282	3/27/13	11.07	11.17	11.04	11.11	805200	10.79	2555	顺荣股份	SZ	11.07	10.75	
283	3/26/13	11.11	11.14	10.88	11.07	877400	10.75	2555	顺荣股份	SZ	11.12	10.79	
284	3/25/13	10.87	11.18	10.87	11.12	1254700	10.79	2555	顺荣股份	SZ	10.98	10.66	
285	3/22/13	11.03	11.05	10.88	10.98	607700	10.66	2555	顺荣股份	SZ	10.97	10.65	
286	3/21/13	10.84	11.07	10.84	10.97	873800	10.65	2555	顺荣股份	SZ	10.93	10.61	
287	3/20/13	10.79	10.97	10.72	10.93	737600	10.61	2555	顺荣股份	SZ	10.8	10.48	
288	3/19/13	10.68	10.84	10.55	10.8	581700	10.48	2555	顺荣股份	SZ	10.68	10.37	
289	3/18/13	10.82	10.89	10.61	10.68	1058800	10.37	2555	顺荣股份	SZ	11.03	10.71	
290	3/15/13	11	11.25	10.9	11.03	1664200	10.71	2555	顺荣股份	SZ	11.03	10.71	
291	3/14/13	10.7	11.16	10.62	11.03	1256000	10.71	2555	顺荣股份	SZ	10.78	10.46	
292	3/13/13	10.78	10.84	10.47	10.78	988800	10.46	2555	顺荣股份	SZ	10.82	10.5	
293	3/12/13	11.1	11.18	10.67	10.82	885200	10.5	2555	顺荣股份	SZ	11.11	10.79	
294	3/11/13	10.82	11.35	10.81	11.11	1350300	10.79	2555	顺荣股份	SZ	10.91	10.59	
295	3/8/13	10.95	11.06	10.87	10.91	647900	10.59	2555	顺荣股份	SZ	10.91	10.59	
296	3/7/13	11.01	11.07	10.9	10.91	732400	10.59	2555	顺荣股份	SZ	11.01	10.69	
297	3/6/13	10.9	11.05	10.9	11.01	750100	10.69	2555	顺荣股份	SZ	10.95	10.63	
298	3/5/13	10.82	10.97	10.73	10.95	644700	10.63	2555	顺荣股份	SZ	10.82	10.5	
299	3/4/13	11.12	11.12	10.71	10.82	1118900	10.5	2555	顺荣股份	SZ	11.11	10.79	
300	3/1/13	11.16	11.18	11.02	11.11	807200	10.79	2555	顺荣股份	SZ	11.1	10.78	
301	2/28/13	11.07	11.14	10.96	11.1	982400	10.78	2555	顺荣股份	SZ	11.07	10.75	
302	2/27/13	11.1	11.29	10.99	11.07	1309700	10.75	2555	顺荣股份	SZ	11.18	10.85	
303	2/26/13	10.68	11.67	10.64	11.18	3692200	10.85	2555	顺荣股份	SZ	10.68	10.37	
304	2/25/13	10.64	10.72	10.63	10.68	459600	10.37	2555	顺荣股份	SZ	10.64	10.33	
305	2/22/13	10.69	10.76	10.61	10.64	476500	10.33	2555	顺荣股份	SZ	10.72	10.41	
306	2/21/13	10.85	10.98	10.61	10.72	1020600	10.41	2555	顺荣股份	SZ	10.91	10.59	
307	2/20/13	10.9	10.93	10.81	10.91	849900	10.59	2555	顺荣股份	SZ	10.86	10.54	
308	2/19/13	10.89	10.94	10.78	10.86	830300	10.54	2555	顺荣股份	SZ	10.94	10.62	
309	2/18/13	10.88	10.95	10.81	10.94	1410900	10.62	2555	顺荣股份	SZ	10.8	10.48	
310	2/15/13	10.8	10.8	10.8	10.8	0	10.48	2555	顺荣股份	SZ	10.8	10.48	
311	2/14/13	10.8	10.8	10.8	10.8	0	10.48	2555	顺荣股份	SZ	10.8	10.48	
312	2/13/13	10.8	10.8	10.8	10.8	0	10.48	2555	顺荣股份	SZ	10.8	10.48	
313	2/12/13	10.8	10.8	10.8	10.8	0	10.48	2555	顺荣股份	SZ	10.8	10.48	
314	2/11/13	10.8	10.8	10.8	10.8	0	10.48	2555	顺荣股份	SZ	10.8	10.48	
315	2/8/13	10.79	10.84	10.73	10.8	816700	10.48	2555	顺荣股份	SZ	10.75	10.44	
316	2/7/13	10.65	10.77	10.65	10.75	672500	10.44	2555	顺荣股份	SZ	10.68	10.37	
317	2/6/13	10.65	10.83	10.64	10.68	596200	10.37	2555	顺荣股份	SZ	10.63	10.32	
318	2/5/13	10.62	10.69	10.6	10.63	531500	10.32	2555	顺荣股份	SZ	10.62	10.31	
319	2/4/13	10.63	10.69	10.57	10.62	480400	10.31	2555	顺荣股份	SZ	10.62	10.31	
320	2/1/13	10.64	10.7	10.57	10.62	551300	10.31	2555	顺荣股份	SZ	10.64	10.33	
321	1/31/13	10.68	10.75	10.54	10.64	681600	10.33	2555	顺荣股份	SZ	10.7	10.39	
322	1/30/13	10.66	10.85	10.6	10.7	1062300	10.39	2555	顺荣股份	SZ	10.71	10.4	
323	1/29/13	10.62	10.88	10.55	10.71	1571400	10.4	2555	顺荣股份	SZ	10.62	10.31	
324	1/28/13	10.49	10.64	10.47	10.62	709200	10.31	2555	顺荣股份	SZ	10.5	10.19	
325	1/25/13	10.47	10.54	10.42	10.5	443800	10.19	2555	顺荣股份	SZ	10.5	10.19	
326	1/24/13	10.67	10.75	10.45	10.5	1285900	10.19	2555	顺荣股份	SZ	10.68	10.37	
327	1/23/13	10.8	10.85	10.6	10.68	1541000	10.37	2555	顺荣股份	SZ	10.87	10.55	
328	1/22/13	11.09	11.1	10.76	10.87	1514200	10.55	2555	顺荣股份	SZ	11.09	10.77	
329	1/21/13	10.97	11.1	10.9	11.09	1830500	10.77	2555	顺荣股份	SZ	10.96	10.64	
330	1/18/13	11	11.06	10.89	10.96	1397200	10.64	2555	顺荣股份	SZ	10.99	10.67	
331	1/17/13	10.94	11.05	10.8	10.99	1269100	10.67	2555	顺荣股份	SZ	10.9	10.58	
332	1/16/13	11.04	11.04	10.8	10.9	1404500	10.58	2555	顺荣股份	SZ	11.03	10.71	
333	1/15/13	11.07	11.18	10.94	11.03	2032200	10.71	2555	顺荣股份	SZ	10.97	10.65	
334	1/14/13	10.65	10.98	10.6	10.97	2166800	10.65	2555	顺荣股份	SZ	10.66	10.35	
335	1/11/13	10.85	10.87	10.62	10.66	1159500	10.35	2555	顺荣股份	SZ	10.77	10.46	
336	1/10/13	10.8	10.91	10.74	10.77	1245700	10.46	2555	顺荣股份	SZ	10.78	10.46	
337	1/9/13	10.77	10.96	10.72	10.78	1800400	10.46	2555	顺荣股份	SZ	10.83	10.51	
338	1/8/13	10.56	10.97	10.49	10.83	2020500	10.51	2555	顺荣股份	SZ	10.52	10.21	
339	1/7/13	10.63	10.63	10.46	10.52	1308900	10.21	2555	顺荣股份	SZ	10.66	10.35	
340	1/4/13	10.64	10.77	10.63	10.66	903600	10.35	2555	顺荣股份	SZ	10.64	10.33	
341	1/3/13	10.64	10.64	10.64	10.64	0	10.33	2555	顺荣股份	SZ	10.64	10.33	
342	1/2/13	10.64	10.64	10.64	10.64	0	10.33	2555	顺荣股份	SZ	10.64	10.33	
343	1/1/13	10.64	10.64	10.64	10.64	0	10.33	2555	顺荣股份	SZ	10.64	10.33	
344	12/31/12	10.6	10.69	10.53	10.64	969200	10.33	2555	顺荣股份	SZ	10.6	10.29	
345	12/28/12	10.54	10.76	10.47	10.6	1930000	10.29	2555	顺荣股份	SZ	10.58	10.27	
346	12/27/12	11.06	11.06	10.56	10.58	2840200	10.27	2555	顺荣股份	SZ	11.04	10.72	
347	12/26/12	10.64	11.16	10.64	11.04	4354400	10.72	2555	顺荣股份	SZ	10.63	10.32	
348	12/25/12	10.48	10.68	10.45	10.63	1890900	10.32	2555	顺荣股份	SZ	10.48	10.17	
349	12/24/12	10.32	10.48	10.24	10.48	1387300	10.17	2555	顺荣股份	SZ	10.29	9.99	
350	12/21/12	10.32	10.39	10.22	10.29	1022000	9.99	2555	顺荣股份	SZ	10.29	9.99	
351	12/20/12	10.49	10.57	10.2	10.29	1639500	9.99	2555	顺荣股份	SZ	10.54	10.23	
352	12/19/12	10.49	10.6	10.45	10.54	756900	10.23	2555	顺荣股份	SZ	10.5	10.19	
353	12/18/12	10.59	10.71	10.48	10.5	1235600	10.19	2555	顺荣股份	SZ	10.63	10.32	
354	12/17/12	10.8	10.88	10.57	10.63	2440700	10.32	2555	顺荣股份	SZ	10.88	10.56	
355	12/14/12	10.68	10.97	10.56	10.88	4199600	10.56	2555	顺荣股份	SZ	10.68	10.37	
356	12/13/12	10.5	10.75	10.5	10.68	3287700	10.37	2555	顺荣股份	SZ	10.5	10.19	
357	12/12/12	10.5	10.62	10.37	10.5	2413800	10.19	2555	顺荣股份	SZ	10.65	10.34	
358	12/11/12	10.84	11.27	10.51	10.65	5450600	10.34	2555	顺荣股份	SZ	10.92	10.6	
359	12/10/12	11.15	11.15	10.91	10.92	2346800	10.6	2555	顺荣股份	SZ	11.15	10.82	
360	12/7/12	11.14	11.46	11.07	11.15	4451400	10.82	2555	顺荣股份	SZ	11.14	10.81	
361	12/6/12	11.11	11.19	10.91	11.14	2113900	10.81	2555	顺荣股份	SZ	11.12	10.79	
362	12/5/12	11.08	11.46	10.7	11.12	2406100	10.79	2555	顺荣股份	SZ	11.1	10.78	
363	12/4/12	11.09	11.14	10.38	11.1	910100	10.78	2555	顺荣股份	SZ	11.07	10.75	
364	12/3/12	11.03	11.2	10.95	11.07	719300	10.75	2555	顺荣股份	SZ	11.06	10.74	
365	11/30/12	11.04	11.15	10.83	11.06	461100	10.74	2555	顺荣股份	SZ	11.03	10.71	
366	11/29/12	10.8	11.17	10.8	11.03	732300	10.71	2555	顺荣股份	SZ	10.9	10.58	
367	11/28/12	10.72	10.99	10.7	10.9	746500	10.58	2555	顺荣股份	SZ	10.86	10.54	
368	11/27/12	10.82	10.88	10.65	10.86	387800	10.54	2555	顺荣股份	SZ	10.93	10.61	
369	11/26/12	10.81	10.94	10.81	10.93	100400	10.61	2555	顺荣股份	SZ	10.95	10.63	
370	11/23/12	10.76	10.95	10.75	10.95	187800	10.63	2555	顺荣股份	SZ	10.82	10.5	
371	11/22/12	10.92	10.92	10.82	10.82	122700	10.5	2555	顺荣股份	SZ	10.92	10.6	
372	11/21/12	10.81	11.08	10.79	10.92	252300	10.6	2555	顺荣股份	SZ	10.89	10.57	
373	11/20/12	10.91	10.95	10.81	10.89	100400	10.57	2555	顺荣股份	SZ	10.86	10.54	
374	11/19/12	10.79	10.88	10.71	10.86	268700	10.54	2555	顺荣股份	SZ	10.81	10.49	
375	11/16/12	10.74	10.83	10.56	10.81	245300	10.49	2555	顺荣股份	SZ	10.83	10.51	
376	11/15/12	10.83	10.88	10.61	10.83	334300	10.51	2555	顺荣股份	SZ	10.83	10.51	
377	11/14/12	10.99	11.05	10.7	10.83	431900	10.51	2555	顺荣股份	SZ	10.94	10.62	
378	11/13/12	10.86	10.95	10.75	10.94	323600	10.62	2555	顺荣股份	SZ	10.95	10.63	
379	11/12/12	10.84	11.08	10.65	10.95	469800	10.63	2555	顺荣股份	SZ	10.88	10.56	
380	11/9/12	10.7	11.09	10.27	10.88	458400	10.56	2555	顺荣股份	SZ	10.77	10.46	
381	11/8/12	11.08	11.08	10.75	10.77	777400	10.46	2555	顺荣股份	SZ	11.18	10.85	
382	11/7/12	10.96	11.38	10.83	11.18	2996100	10.85	2555	顺荣股份	SZ	10.93	10.61	
383	11/6/12	10.8	10.98	10.74	10.93	305400	10.61	2555	顺荣股份	SZ	10.88	10.56	
384	11/5/12	11.03	11.07	10.75	10.88	419600	10.56	2555	顺荣股份	SZ	11.03	10.71	
385	11/2/12	10.84	11.16	10.84	11.03	1440400	10.71	2555	顺荣股份	SZ	10.92	10.6	
386	11/1/12	10.75	11.2	10.74	10.92	1988500	10.6	2555	顺荣股份	SZ	10.83	10.51	
387	10/31/12	10.68	10.9	10.62	10.83	850000	10.51	2555	顺荣股份	SZ	10.79	10.47	
388	10/30/12	10.57	11.27	10.57	10.79	1456600	10.47	2555	顺荣股份	SZ	10.57	10.26	
389	10/29/12	10.38	10.59	10.38	10.57	149700	10.26	2555	顺荣股份	SZ	10.52	10.21	
390	10/26/12	10.35	10.54	10.33	10.52	281400	10.21	2555	顺荣股份	SZ	10.45	10.14	
391	10/25/12	10.32	10.48	10.32	10.45	244000	10.14	2555	顺荣股份	SZ	10.33	10.03	
392	10/24/12	10.36	10.46	10.31	10.33	121900	10.03	2555	顺荣股份	SZ	10.43	10.13	
393	10/23/12	10.59	10.6	10.43	10.43	300800	10.13	2555	顺荣股份	SZ	10.59	10.28	
394	10/22/12	10.55	10.64	10.55	10.59	81400	10.28	2555	顺荣股份	SZ	10.66	10.35	
395	10/19/12	10.65	10.7	10.55	10.66	292900	10.35	2555	顺荣股份	SZ	10.65	10.34	
396	10/18/12	10.53	10.7	10.49	10.65	525100	10.34	2555	顺荣股份	SZ	10.53	10.22	
397	10/17/12	10.53	10.57	10.31	10.53	314500	10.22	2555	顺荣股份	SZ	10.46	10.15	
398	10/16/12	10.46	10.74	10.36	10.46	433500	10.15	2555	顺荣股份	SZ	10.48	10.17	
399	10/15/12	10.42	10.5	10.27	10.48	341000	10.17	2555	顺荣股份	SZ	10.5	10.19	
400	10/12/12	10.37	10.51	10.37	10.5	273600	10.19	2555	顺荣股份	SZ	10.48	10.17	
401	10/11/12	10.49	10.52	10.36	10.48	487000	10.17	2555	顺荣股份	SZ	10.49	10.18	
402	10/10/12	10.49	10.5	10.38	10.49	333000	10.18	2555	顺荣股份	SZ	10.54	10.23	
403	10/9/12	10.3	10.55	10.21	10.54	680100	10.23	2555	顺荣股份	SZ	10.3	10	
404	10/8/12	10.3	10.31	10.19	10.3	228600	10	2555	顺荣股份	SZ	10.34	10.04	
405	10/5/12	10.34	10.34	10.34	10.34	0	10.04	2555	顺荣股份	SZ	10.34	10.04	
406	10/4/12	10.34	10.34	10.34	10.34	0	10.04	2555	顺荣股份	SZ	10.34	10.04	
407	10/3/12	10.34	10.34	10.34	10.34	0	10.04	2555	顺荣股份	SZ	10.34	10.04	
408	10/2/12	10.34	10.34	10.34	10.34	0	10.04	2555	顺荣股份	SZ	10.34	10.04	
409	10/1/12	10.34	10.34	10.34	10.34	0	10.04	2555	顺荣股份	SZ	10.34	10.04	
410	9/28/12	10.12	10.34	10.03	10.34	511000	10.04	2555	顺荣股份	SZ	10.19	9.89	
411	9/27/12	9.88	10.38	9.82	10.19	618200	9.89	2555	顺荣股份	SZ	9.81	9.52	
412	9/26/12	9.81	9.88	9.74	9.81	287100	9.52	2555	顺荣股份	SZ	9.85	9.56	
413	9/25/12	9.79	9.89	9.79	9.85	307100	9.56	2555	顺荣股份	SZ	9.83	9.54	
414	9/24/12	9.85	9.95	9.76	9.83	240300	9.54	2555	顺荣股份	SZ	9.87	9.58	
415	9/21/12	9.99	10.24	9.86	9.87	266900	9.58	2555	顺荣股份	SZ	9.9	9.61	
416	9/20/12	10.05	10.05	9.83	9.9	380300	9.61	2555	顺荣股份	SZ	10.09	9.79	
417	9/19/12	10.06	10.1	9.95	10.09	179800	9.79	2555	顺荣股份	SZ	10.01	9.72	
418	9/18/12	10.01	10.13	9.95	10.01	316100	9.72	2555	顺荣股份	SZ	10.05	9.76	
419	9/17/12	10.26	10.32	10.05	10.05	289900	9.76	2555	顺荣股份	SZ	10.26	9.96	
420	9/14/12	10.2	10.34	10.11	10.26	438700	9.96	2555	顺荣股份	SZ	10.17	9.87	
421	9/13/12	10.3	10.35	10.17	10.17	521800	9.87	2555	顺荣股份	SZ	10.3	10	
422	9/12/12	10.38	10.47	10.07	10.3	831400	10	2555	顺荣股份	SZ	10.33	10.03	
423	9/11/12	10.28	10.39	10.24	10.33	944900	10.03	2555	顺荣股份	SZ	10.28	9.98	
424	9/10/12	10.54	10.57	10.24	10.28	2095100	9.98	2555	顺荣股份	SZ	10.6	10.29	
425	9/7/12	9.98	10.8	9.98	10.6	2630100	10.29	2555	顺荣股份	SZ	9.98	9.69	
426	9/6/12	9.96	10.02	9.92	9.98	127100	9.69	2555	顺荣股份	SZ	9.96	9.67	
427	9/5/12	9.82	10	9.81	9.96	132900	9.67	2555	顺荣股份	SZ	9.94	9.65	
428	9/4/12	9.9	9.96	9.83	9.94	187500	9.65	2555	顺荣股份	SZ	9.9	9.61	
429	9/3/12	9.77	9.93	9.77	9.9	226000	9.61	2555	顺荣股份	SZ	9.73	9.45	
430	8/31/12	9.65	9.78	9.65	9.73	64800	9.45	2555	顺荣股份	SZ	9.74	9.46	
431	8/30/12	9.72	9.8	9.63	9.74	141700	9.46	2555	顺荣股份	SZ	9.83	9.54	
432	8/29/12	9.85	9.88	9.77	9.83	127300	9.54	2555	顺荣股份	SZ	9.87	9.58	
433	8/28/12	9.71	9.96	9.71	9.87	195400	9.58	2555	顺荣股份	SZ	9.86	9.57	
434	8/27/12	9.86	9.95	9.51	9.86	444700	9.57	2555	顺荣股份	SZ	10	9.71	
435	8/24/12	10.14	10.34	10	10	430500	9.71	2555	顺荣股份	SZ	10.1	9.8	
436	8/23/12	10.05	10.16	9.98	10.1	251800	9.8	2555	顺荣股份	SZ	9.98	9.69	
437	8/22/12	10.12	10.12	9.9	9.98	132700	9.69	2555	顺荣股份	SZ	10.11	9.81	
438	8/21/12	9.96	10.24	9.95	10.11	215900	9.81	2555	顺荣股份	SZ	10.03	9.74	
439	8/20/12	9.84	10.16	9.84	10.03	258100	9.74	2555	顺荣股份	SZ	9.9	9.61	
440	8/17/12	9.92	10.05	9.87	9.9	61800	9.61	2555	顺荣股份	SZ	9.99	9.7	
441	8/16/12	9.95	10.09	9.95	9.99	48200	9.7	2555	顺荣股份	SZ	10.08	9.79	
442	8/15/12	10.18	10.27	9.81	10.08	195000	9.79	2555	顺荣股份	SZ	10.15	9.85	
443	8/14/12	10.05	10.23	10.05	10.15	122800	9.85	2555	顺荣股份	SZ	10.14	9.84	
444	8/13/12	10.4	10.4	9.7	10.14	358000	9.84	2555	顺荣股份	SZ	10.4	10.1	
445	8/10/12	10.16	10.48	10.13	10.4	594800	10.1	2555	顺荣股份	SZ	10.24	9.94	
446	8/9/12	10.15	10.24	10.08	10.24	141000	9.94	2555	顺荣股份	SZ	10.18	9.88	
447	8/8/12	10.19	10.2	10.13	10.18	164100	9.88	2555	顺荣股份	SZ	10.16	9.86	
448	8/7/12	10.08	10.34	10.08	10.16	164000	9.86	2555	顺荣股份	SZ	10.19	9.89	
449	8/6/12	9.95	10.36	9.87	10.19	379100	9.89	2555	顺荣股份	SZ	10	9.71	
450	8/3/12	9.82	10	9.45	10	231500	9.71	2555	顺荣股份	SZ	9.9	9.61	
451	8/2/12	9.87	10.17	9.87	9.9	146000	9.61	2555	顺荣股份	SZ	9.94	9.65	
452	8/1/12	9.82	10.2	9.75	9.94	120600	9.65	2555	顺荣股份	SZ	9.85	9.56	
453	7/31/12	9.91	10.15	9.55	9.85	241400	9.56	2555	顺荣股份	SZ	10.03	9.74	
454	7/30/12	10.2	10.69	9.42	10.03	515800	9.74	2555	顺荣股份	SZ	10.13	9.83	
455	7/27/12	10.12	10.22	10.06	10.13	105400	9.83	2555	顺荣股份	SZ	10.15	9.85	
456	7/26/12	10.27	10.28	10.09	10.15	67600	9.85	2555	顺荣股份	SZ	10.16	9.86	
457	7/25/12	10.08	10.38	10.08	10.16	256200	9.86	2555	顺荣股份	SZ	10.19	9.89	
458	7/24/12	10.02	10.34	10.02	10.19	118800	9.89	2555	顺荣股份	SZ	10.05	9.76	
459	7/23/12	10.04	10.1	10.04	10.05	60900	9.76	2555	顺荣股份	SZ	10.15	9.85	
460	7/20/12	10.15	10.27	10.07	10.15	98400	9.85	2555	顺荣股份	SZ	10.15	9.85	
461	7/19/12	10.14	10.38	9.85	10.15	294600	9.85	2555	顺荣股份	SZ	10.04	9.75	
462	7/18/12	10	10.05	9.98	10.04	110800	9.75	2555	顺荣股份	SZ	10.02	9.73	
463	7/17/12	9.99	10.22	9.76	10.02	315200	9.73	2555	顺荣股份	SZ	10	9.71	
464	7/16/12	10.25	10.48	9.58	10	559600	9.71	2555	顺荣股份	SZ	10.37	10.07	
465	7/13/12	10.36	10.45	10.35	10.37	96300	10.07	2555	顺荣股份	SZ	10.44	10.13	
466	7/12/12	10.33	10.5	10.25	10.44	174800	10.13	2555	顺荣股份	SZ	10.33	10.03	
467	7/11/12	10.13	10.86	10.08	10.33	256300	10.03	2555	顺荣股份	SZ	10.19	9.89	
468	7/10/12	10.44	10.55	10	10.19	349700	9.89	2555	顺荣股份	SZ	10.38	10.08	
469	7/9/12	10.5	10.6	10.3	10.38	244100	10.08	2555	顺荣股份	SZ	10.6	10.29	
470	7/6/12	10.42	10.65	10.35	10.6	456200	10.29	2555	顺荣股份	SZ	10.46	10.15	
471	7/5/12	10.44	10.67	10.28	10.46	358500	10.15	2555	顺荣股份	SZ	10.44	10.13	
472	7/4/12	10.36	10.58	10.27	10.44	291500	10.13	2555	顺荣股份	SZ	10.44	10.13	
473	7/3/12	10.37	10.57	10.29	10.44	411900	10.13	2555	顺荣股份	SZ	10.31	10.01	
474	7/2/12	10.43	10.43	10.26	10.31	168700	10.01	2555	顺荣股份	SZ	10.32	10.02	
475	6/29/12	10.27	10.36	10.16	10.32	145200	10.02	2555	顺荣股份	SZ	10.17	9.87	
476	6/28/12	10.32	10.35	10.11	10.17	232000	9.87	2555	顺荣股份	SZ	10.33	10.03	
477	6/27/12	10.4	10.46	10.27	10.33	142300	10.03	2555	顺荣股份	SZ	10.4	10.1	
478	6/26/12	10.2	10.4	10.2	10.4	102200	10.1	2555	顺荣股份	SZ	10.32	10.02	
479	6/25/12	10.58	10.58	10.31	10.32	214600	10.02	2555	顺荣股份	SZ	10.54	10.23	
480	6/22/12	10.54	10.54	10.54	10.54	0	10.23	2555	顺荣股份	SZ	10.54	10.23	
481	6/21/12	10.58	10.68	10.5	10.54	214500	10.23	2555	顺荣股份	SZ	10.62	10.31	
482	6/20/12	10.74	10.74	10.57	10.62	198300	10.31	2555	顺荣股份	SZ	10.62	10.31	
483	6/19/12	10.68	10.94	10.58	10.62	524200	10.31	2555	顺荣股份	SZ	10.68	10.37	
484	6/18/12	10.5	10.8	10.5	10.68	437200	10.37	2555	顺荣股份	SZ	10.53	10.22	
485	6/15/12	10.5	10.62	10.48	10.53	158500	10.22	2555	顺荣股份	SZ	10.5	10.19	
486	6/14/12	10.58	10.69	10.49	10.5	327900	10.19	2555	顺荣股份	SZ	10.63	10.32	
487	6/13/12	10.44	10.84	10.44	10.63	421200	10.32	2555	顺荣股份	SZ	10.46	10.15	
488	6/12/12	10.5	10.5	10.38	10.46	140200	10.15	2555	顺荣股份	SZ	10.5	10.19	
489	6/11/12	10.47	10.61	10.38	10.5	400700	10.19	2555	顺荣股份	SZ	10.46	10.15	
490	6/8/12	10.25	10.67	10.25	10.46	1040300	10.15	2555	顺荣股份	SZ	10.22	9.92	
491	6/7/12	10.42	10.42	10.2	10.22	137300	9.92	2555	顺荣股份	SZ	10.26	9.96	
492	6/6/12	10.29	10.4	10.22	10.26	237700	9.96	2555	顺荣股份	SZ	10.3	10	
493	6/5/12	10.28	10.48	10.27	10.3	188700	10	2555	顺荣股份	SZ	10.29	9.99	
494	6/4/12	10.47	10.59	10.24	10.29	380900	9.99	2555	顺荣股份	SZ	10.59	10.28	
495	6/1/12	10.7	10.72	10.59	10.59	202400	10.28	2555	顺荣股份	SZ	10.68	10.37	
496	5/31/12	10.67	10.89	10.56	10.68	377600	10.37	2555	顺荣股份	SZ	10.69	10.38	
497	5/30/12	10.5	10.96	10.47	10.69	715400	10.38	2555	顺荣股份	SZ	10.53	10.22	
498	5/29/12	10.36	10.75	10.25	10.53	411600	10.22	2555	顺荣股份	SZ	10.36	10.06	
499	5/28/12	10.18	10.39	10.02	10.36	217900	10.06	2555	顺荣股份	SZ	10.3	10	
500	5/25/12	10.47	10.52	10.01	10.3	294100	10	2555	顺荣股份	SZ	10.48	10.17	
501	5/24/12	10.53	10.57	10.48	10.48	175400	10.17	2555	顺荣股份	SZ	10.6	10.29	
502	5/23/12	10.61	10.64	10.32	10.6	246700	10.29	2555	顺荣股份	SZ	10.62	10.31	
503	5/22/12	10.61	10.65	10.55	10.62	235900	10.31	2555	顺荣股份	SZ	10.53	10.22	
504	5/21/12	10.73	10.73	10.51	10.53	196500	10.22	2555	顺荣股份	SZ	10.68	10.37	
505	5/18/12	10.79	10.83	10.68	10.68	270500	10.37	2555	顺荣股份	SZ	10.81	10.49	
506	5/17/12	10.65	10.85	10.61	10.81	454800	10.49	2555	顺荣股份	SZ	10.6	10.29	
507	5/16/12	10.82	10.9	10.6	10.6	326300	10.29	2555	顺荣股份	SZ	10.85	10.51	
508	5/15/12	11.06	11.06	10.72	10.85	487400	10.51	2555	顺荣股份	SZ	11.08	10.73	
509	5/14/12	11.02	11.17	11.02	11.08	506800	10.73	2555	顺荣股份	SZ	11.08	10.73	
510	5/11/12	11.03	11.18	11.01	11.08	742100	10.73	2555	顺荣股份	SZ	11.13	10.78	
511	5/10/12	10.78	11.28	10.78	11.13	1084000	10.78	2555	顺荣股份	SZ	10.98	10.63	
512	5/9/12	10.91	11.09	10.72	10.98	644900	10.63	2555	顺荣股份	SZ	11	10.65	
513	5/8/12	10.88	11.16	10.8	11	961600	10.65	2555	顺荣股份	SZ	10.85	10.51	
514	5/7/12	10.85	10.9	10.72	10.85	347800	10.51	2555	顺荣股份	SZ	10.89	10.55	
515	5/4/12	10.83	11.07	10.63	10.89	796700	10.55	2555	顺荣股份	SZ	10.83	10.49	
516	5/3/12	10.8	11.01	10.75	10.83	587400	10.49	2555	顺荣股份	SZ	10.9	10.55	
517	5/2/12	10.61	11.05	10.52	10.9	1413300	10.55	2555	顺荣股份	SZ	10.55	10.22	
518	5/1/12	10.55	10.55	10.55	10.55	0	10.22	2555	顺荣股份	SZ	10.55	10.22	
519	4/30/12	10.55	10.55	10.55	10.55	0	10.22	2555	顺荣股份	SZ	10.55	10.22	
520	4/27/12	10.51	10.6	10.47	10.55	303500	10.22	2555	顺荣股份	SZ	10.51	10.18	
521	4/26/12	10.65	10.71	10.5	10.51	475600	10.18	2555	顺荣股份	SZ	10.62	10.28	
522	4/25/12	10.45	10.78	10.32	10.62	468300	10.28	2555	顺荣股份	SZ	10.44	10.11	
523	4/24/12	10.73	10.74	10.26	10.44	568300	10.11	2555	顺荣股份	SZ	10.72	10.38	
524	4/23/12	10.76	10.88	10.56	10.72	539600	10.38	2555	顺荣股份	SZ	10.81	10.47	
525	4/20/12	10.88	10.99	10.56	10.81	861600	10.47	2555	顺荣股份	SZ	11.02	10.67	
526	4/19/12	11.02	11.02	11.02	11.02	0	10.67	2555	顺荣股份	SZ	11.02	10.67	
527	4/18/12	10.89	11.14	10.89	11.02	511300	10.67	2555	顺荣股份	SZ	10.89	10.55	
528	4/17/12	11.1	11.2	10.83	10.89	481000	10.55	2555	顺荣股份	SZ	11.1	10.75	
529	4/16/12	11.09	11.32	11	11.1	638900	10.75	2555	顺荣股份	SZ	11.26	10.9	
530	4/13/12	11.37	11.45	10.93	11.26	2768400	10.9	2555	顺荣股份	SZ	11.44	11.08	
531	4/12/12	10.56	11.47	10.55	11.44	2644800	11.08	2555	顺荣股份	SZ	10.59	10.25	
532	4/11/12	10.4	10.8	10.33	10.59	543400	10.25	2555	顺荣股份	SZ	10.5	10.17	
533	4/10/12	10.38	10.5	10.22	10.5	358400	10.17	2555	顺荣股份	SZ	10.41	10.08	
534	4/9/12	10.61	10.71	10.41	10.41	452100	10.08	2555	顺荣股份	SZ	10.71	10.37	
535	4/6/12	10.54	10.98	10.49	10.71	1049300	10.37	2555	顺荣股份	SZ	10.58	10.25	
536	4/5/12	10.45	10.73	10.3	10.58	590900	10.25	2555	顺荣股份	SZ	10.35	10.02	
537	4/4/12	10.35	10.35	10.35	10.35	0	10.02	2555	顺荣股份	SZ	10.35	10.02	
538	4/3/12	10.35	10.35	10.35	10.35	0	10.02	2555	顺荣股份	SZ	10.35	10.02	
539	4/2/12	10.35	10.35	10.35	10.35	0	10.02	2555	顺荣股份	SZ	10.35	10.02	
540	3/30/12	10.21	10.68	10.21	10.35	567200	10.02	2555	顺荣股份	SZ	10.5	10.17	
541	3/29/12	11.18	11.18	10.45	10.5	814800	10.17	2555	顺荣股份	SZ	11.58	11.21	
542	3/28/12	11.58	11.58	11.58	11.58	0	11.21	2555	顺荣股份	SZ	11.58	11.21	
543	3/27/12	11.57	12.05	11.55	11.58	573000	11.21	2555	顺荣股份	SZ	11.56	11.19	
544	3/26/12	11.63	11.64	11.46	11.56	266600	11.19	2555	顺荣股份	SZ	11.55	11.18	
545	3/23/12	11.8	11.83	11.51	11.55	469000	11.18	2555	顺荣股份	SZ	11.74	11.37	
546	3/22/12	11.8	11.91	11.73	11.74	476200	11.37	2555	顺荣股份	SZ	11.89	11.51	
547	3/21/12	11.82	11.92	11.65	11.89	495200	11.51	2555	顺荣股份	SZ	11.8	11.43	
548	3/20/12	12.1	12.1	11.73	11.8	579200	11.43	2555	顺荣股份	SZ	12.09	11.71	
549	3/19/12	12.05	12.16	11.93	12.09	744600	11.71	2555	顺荣股份	SZ	12.13	11.75	
550	3/16/12	12.05	12.25	11.9	12.13	1042200	11.75	2555	顺荣股份	SZ	11.92	11.54	
551	3/15/12	11.9	12.38	11.68	11.92	1233300	11.54	2555	顺荣股份	SZ	11.9	11.52	
552	3/14/12	12.61	13.05	11.41	11.9	2819700	11.52	2555	顺荣股份	SZ	12.68	12.28	
553	3/13/12	12.28	12.94	12.25	12.68	2892200	12.28	2555	顺荣股份	SZ	12.29	11.9	
554	3/12/12	12.45	12.46	12.17	12.29	659200	11.9	2555	顺荣股份	SZ	12.31	11.92	
555	3/9/12	12.2	12.37	12.2	12.31	909500	11.92	2555	顺荣股份	SZ	12.26	11.87	
556	3/8/12	12.31	12.55	12.16	12.26	795200	11.87	2555	顺荣股份	SZ	12.17	11.78	
557	3/7/12	12.1	12.45	12.05	12.17	913100	11.78	2555	顺荣股份	SZ	12.24	11.85	
558	3/6/12	12.28	12.37	12.05	12.24	1099900	11.85	2555	顺荣股份	SZ	12.34	11.95	
559	3/5/12	12.4	12.48	12.31	12.34	1442300	11.95	2555	顺荣股份	SZ	12.43	12.04	
560	3/2/12	12.71	12.75	12.3	12.43	2658100	12.04	2555	顺荣股份	SZ	12.52	12.12	
561	3/1/12	11.77	12.58	11.61	12.52	2645500	12.12	2555	顺荣股份	SZ	11.64	11.27	
562	2/29/12	11.8	11.93	11.62	11.64	646100	11.27	2555	顺荣股份	SZ	11.8	11.43	
563	2/28/12	12.04	12.23	11.61	11.8	1412200	11.43	2555	顺荣股份	SZ	12.17	11.78	
564	2/27/12	12.07	12.38	12.07	12.17	2200000	11.78	2555	顺荣股份	SZ	12	11.62	
565	2/24/12	11.85	12.04	11.83	12	1030600	11.62	2555	顺荣股份	SZ	11.95	11.57	
566	2/23/12	12.1	12.15	11.8	11.95	1131500	11.57	2555	顺荣股份	SZ	12.09	11.71	
567	2/22/12	11.97	12.15	11.84	12.09	1178800	11.71	2555	顺荣股份	SZ	11.93	11.55	
568	2/21/12	11.8	11.97	11.66	11.93	1023100	11.55	2555	顺荣股份	SZ	11.96	11.58	
569	2/20/12	12.12	12.26	11.87	11.96	1476000	11.58	2555	顺荣股份	SZ	12.12	11.74	
570	2/17/12	12.08	12.69	11.74	12.12	2923800	11.74	2555	顺荣股份	SZ	12.1	11.72	
571	2/16/12	11.6	12.86	11.48	12.1	3647900	11.72	2555	顺荣股份	SZ	11.69	11.32	
572	2/15/12	11.23	11.72	11.11	11.69	1583200	11.32	2555	顺荣股份	SZ	11.23	10.87	
573	2/14/12	11.25	11.3	11.17	11.23	418900	10.87	2555	顺荣股份	SZ	11.24	10.88	
574	2/13/12	11.16	11.39	11.13	11.24	693600	10.88	2555	顺荣股份	SZ	11.22	10.86	
575	2/10/12	11.19	11.29	11.12	11.22	797500	10.86	2555	顺荣股份	SZ	11.28	10.92	
576	2/9/12	11.4	11.45	11.15	11.28	1474500	10.92	2555	顺荣股份	SZ	11.3	10.94	
577	2/8/12	11.3	11.3	11.3	11.3	0	10.94	2555	顺荣股份	SZ	11.3	10.94	
578	2/7/12	10.95	11.68	10.89	11.3	2287100	10.94	2555	顺荣股份	SZ	10.95	10.6	
579	2/6/12	10.85	10.97	10.79	10.95	646900	10.6	2555	顺荣股份	SZ	10.85	10.51	
580	2/3/12	10.62	10.94	10.57	10.85	427800	10.51	2555	顺荣股份	SZ	10.68	10.34	
581	2/2/12	10.58	10.77	10.52	10.68	235300	10.34	2555	顺荣股份	SZ	10.56	10.23	
582	2/1/12	10.5	10.72	10.48	10.56	151800	10.23	2555	顺荣股份	SZ	10.67	10.33	
583	1/31/12	10.81	10.93	10.51	10.67	293800	10.33	2555	顺荣股份	SZ	10.86	10.52	
584	1/30/12	10.94	11.07	10.79	10.86	216400	10.52	2555	顺荣股份	SZ	10.89	10.55	
585	1/27/12	10.89	10.89	10.89	10.89	0	10.55	2555	顺荣股份	SZ	10.89	10.55	
586	1/26/12	10.89	10.89	10.89	10.89	0	10.55	2555	顺荣股份	SZ	10.89	10.55	
587	1/25/12	10.89	10.89	10.89	10.89	0	10.55	2555	顺荣股份	SZ	10.89	10.55	
588	1/24/12	10.89	10.89	10.89	10.89	0	10.55	2555	顺荣股份	SZ	10.89	10.55	
589	1/23/12	10.89	10.89	10.89	10.89	0	10.55	2555	顺荣股份	SZ	10.89	10.55	
590	1/20/12	10.81	11.16	10.66	10.89	319300	10.55	2555	顺荣股份	SZ	10.7	10.36	
591	1/19/12	10.32	10.83	10.32	10.7	148700	10.36	2555	顺荣股份	SZ	10.59	10.25	
592	1/18/12	10.8	10.97	10.4	10.59	223600	10.25	2555	顺荣股份	SZ	10.79	10.45	
593	1/17/12	10.21	10.87	10.19	10.79	386600	10.45	2555	顺荣股份	SZ	10.42	10.09	
594	1/16/12	10.12	11	10.12	10.42	251500	10.09	2555	顺荣股份	SZ	10.39	10.06	
595	1/13/12	10.83	10.83	10.32	10.39	316900	10.06	2555	顺荣股份	SZ	10.81	10.47	
596	1/12/12	10.84	11.02	10.77	10.81	336800	10.47	2555	顺荣股份	SZ	10.95	10.6	
597	1/11/12	10.88	11.25	10.76	10.95	447500	10.6	2555	顺荣股份	SZ	10.96	10.61	
598	1/10/12	10.69	11.14	10.6	10.96	520000	10.61	2555	顺荣股份	SZ	10.66	10.32	
599	1/9/12	10.3	10.92	10.08	10.66	312800	10.32	2555	顺荣股份	SZ	10.22	9.9	
600	1/6/12	10.38	10.4	9.96	10.22	247900	9.9	2555	顺荣股份	SZ	10.21	9.89	
601	1/5/12	11.09	11.27	10.2	10.21	332100	9.89	2555	顺荣股份	SZ	11.09	10.74	
602	1/4/12	11.39	11.39	11.01	11.09	114100	10.74	2555	顺荣股份	SZ	11.16	10.81	
603	1/3/12	11.2	11.4	10.9	11.16	197300	10.81	2555	顺荣股份	SZ	11.16	10.81	
604	1/2/12	11.2	11.4	10.9	11.16	197300	10.81	2555	顺荣股份	SZ	11.16	10.81	
605	12/30/11	11.2	11.4	10.9	11.16	197300	10.81	2555	顺荣股份	SZ	10.9	10.55	
606	12/29/11	10.85	11.5	10.85	10.9	196300	10.55	2555	顺荣股份	SZ	10.93	10.58	
607	12/28/11	11.29	11.5	10.81	10.93	266500	10.58	2555	顺荣股份	SZ	11.19	10.84	
608	12/27/11	11.79	11.79	11.11	11.19	270200	10.84	2555	顺荣股份	SZ	11.61	11.24	
609	12/26/11	11.98	12.18	11.6	11.61	175000	11.24	2555	顺荣股份	SZ	11.97	11.59	
610	12/23/11	11.7	12.03	11.5	11.97	446100	11.59	2555	顺荣股份	SZ	11.67	11.3	
611	12/22/11	11.65	11.77	10.71	11.67	535400	11.3	2555	顺荣股份	SZ	11.67	11.3	
612	12/21/11	12.05	12.27	11.61	11.67	250300	11.3	2555	顺荣股份	SZ	12.05	11.67	
613	12/20/11	11.78	12.18	11.6	12.05	653700	11.67	2555	顺荣股份	SZ	11.78	11.41	
614	12/19/11	11.63	11.97	11.55	11.78	279700	11.41	2555	顺荣股份	SZ	11.78	11.41	
615	12/16/11	11.49	11.98	11.45	11.78	284500	11.41	2555	顺荣股份	SZ	11.5	11.14	
616	12/15/11	11.25	11.77	11.18	11.5	638300	11.14	2555	顺荣股份	SZ	11.42	11.06	
617	12/14/11	11.53	11.99	11.21	11.42	243200	11.06	2555	顺荣股份	SZ	11.47	11.11	
618	12/13/11	12.11	12.2	11.45	11.47	429200	11.11	2555	顺荣股份	SZ	12.1	11.72	
619	12/12/11	12.42	12.67	12.08	12.1	224700	11.72	2555	顺荣股份	SZ	12.42	12.03	
620	12/9/11	12.65	12.65	12.42	12.42	178300	12.03	2555	顺荣股份	SZ	12.63	12.23	
621	12/8/11	12.69	12.82	12.43	12.63	367900	12.23	2555	顺荣股份	SZ	12.7	12.3	
622	12/7/11	12.78	12.85	12.52	12.7	396000	12.3	2555	顺荣股份	SZ	12.79	12.39	
623	12/6/11	12.78	13.08	12.28	12.79	512000	12.39	2555	顺荣股份	SZ	12.9	12.49	
624	12/5/11	13.56	13.56	12.71	12.9	1064800	12.49	2555	顺荣股份	SZ	13.6	13.17	
625	12/2/11	14.1	14.23	13.58	13.6	1530100	13.17	2555	顺荣股份	SZ	14.24	13.79	
626	12/1/11	13.95	14.5	13.81	14.24	3045100	13.79	2555	顺荣股份	SZ	13.88	13.44	
627	11/30/11	13.88	13.88	13.88	13.88	0	13.44	2555	顺荣股份	SZ	13.88	13.44	
628	11/29/11	13.76	14.22	13.69	13.88	836500	13.44	2555	顺荣股份	SZ	13.64	13.21	
629	11/28/11	13.74	13.83	13.63	13.64	267100	13.21	2555	顺荣股份	SZ	13.7	13.27	
630	11/25/11	13.71	13.81	13.63	13.7	329100	13.27	2555	顺荣股份	SZ	13.78	13.34	
631	11/24/11	13.74	13.95	13.53	13.78	447000	13.34	2555	顺荣股份	SZ	13.79	13.35	
632	11/23/11	13.82	13.91	13.68	13.79	374800	13.35	2555	顺荣股份	SZ	13.73	13.3	
633	11/22/11	13.7	13.87	13.57	13.73	429500	13.3	2555	顺荣股份	SZ	13.76	13.32	
634	11/21/11	13.74	13.93	13.65	13.76	275800	13.32	2555	顺荣股份	SZ	13.72	13.29	
635	11/18/11	13.99	13.99	13.66	13.72	616000	13.29	2555	顺荣股份	SZ	14.1	13.65	
636	11/17/11	13.76	14.35	13.76	14.1	1038900	13.65	2555	顺荣股份	SZ	13.9	13.46	
637	11/16/11	14.2	14.4	13.52	13.9	833600	13.46	2555	顺荣股份	SZ	14.22	13.77	
638	11/15/11	14.37	14.49	14.16	14.22	1126500	13.77	2555	顺荣股份	SZ	14.41	13.95	
639	11/14/11	13.96	14.75	13.86	14.41	2359800	13.95	2555	顺荣股份	SZ	13.8	13.36	
640	11/11/11	13.88	13.95	13.73	13.8	606300	13.36	2555	顺荣股份	SZ	13.76	13.32	
641	11/10/11	13.82	13.88	13.7	13.76	646900	13.32	2555	顺荣股份	SZ	13.88	13.44	
642	11/9/11	13.98	13.98	13.72	13.88	516400	13.44	2555	顺荣股份	SZ	13.87	13.43	
643	11/8/11	14.14	14.14	13.65	13.87	919600	13.43	2555	顺荣股份	SZ	13.96	13.52	
644	11/7/11	13.8	14.37	13.8	13.96	696700	13.52	2555	顺荣股份	SZ	13.87	13.43	
645	11/4/11	13.89	13.98	13.65	13.87	677400	13.43	2555	顺荣股份	SZ	13.97	13.53	
646	11/3/11	13.67	14.08	13.65	13.97	1312800	13.53	2555	顺荣股份	SZ	13.67	13.24	
647	11/2/11	13.3	13.87	13.07	13.67	872400	13.24	2555	顺荣股份	SZ	13.47	13.04	
648	11/1/11	13.43	13.58	13.4	13.47	512300	13.04	2555	顺荣股份	SZ	13.56	13.13	
649	10/31/11	13.57	13.75	13.32	13.56	773300	13.13	2555	顺荣股份	SZ	13.43	13	
650	10/28/11	13.28	13.62	13.2	13.43	839100	13	2555	顺荣股份	SZ	13.11	12.7	
651	10/27/11	13.26	13.46	13.1	13.11	630800	12.7	2555	顺荣股份	SZ	13.35	12.93	
652	10/26/11	13.22	13.49	13.07	13.35	750300	12.93	2555	顺荣股份	SZ	13.22	12.8	
653	10/25/11	13.08	13.26	12.87	13.22	619500	12.8	2555	顺荣股份	SZ	13.08	12.67	
654	10/24/11	13	13.33	12.7	13.08	820000	12.67	2555	顺荣股份	SZ	13.15	12.73	
655	10/20/11	13.57	13.69	13.06	13.15	650300	12.73	2555	顺荣股份	SZ	13.57	13.14	
656	10/19/11	13.66	13.78	13.52	13.57	332400	13.14	2555	顺荣股份	SZ	13.66	13.23	
657	10/18/11	13.89	14.1	13.66	13.66	633200	13.23	2555	顺荣股份	SZ	14	13.56	
658	10/17/11	14.11	14.28	13.85	14	997900	13.56	2555	顺荣股份	SZ	14.11	13.66	
659	10/14/11	14.66	14.68	13.9	14.11	2320000	13.66	2555	顺荣股份	SZ	14.5	14.04	
660	10/13/11	14.1	14.64	14	14.5	3244100	14.04	2555	顺荣股份	SZ	14.1	13.65	
661	10/12/11	13.82	14.15	13.62	14.1	538000	13.65	2555	顺荣股份	SZ	13.75	13.31	
662	10/11/11	13.61	14.27	13.61	13.75	426500	13.31	2555	顺荣股份	SZ	13.74	13.31	
663	10/10/11	13.78	13.95	13.05	13.74	579900	13.31	2555	顺荣股份	SZ	13.75	13.31	
664	9/30/11	13.75	13.95	13.58	13.75	195200	13.31	2555	顺荣股份	SZ	13.71	13.28	
665	9/29/11	13.96	14.05	13.7	13.71	459700	13.28	2555	顺荣股份	SZ	13.97	13.53	
666	9/28/11	14.16	14.29	13.95	13.97	417700	13.53	2555	顺荣股份	SZ	14.11	13.66	
667	9/27/11	14.09	14.49	14.01	14.11	431500	13.66	2555	顺荣股份	SZ	13.99	13.55	
668	9/26/11	13.82	14.1	13.82	13.99	398000	13.55	2555	顺荣股份	SZ	13.82	13.38	
669	9/23/11	13.88	14.12	13.61	13.82	659900	13.38	2555	顺荣股份	SZ	14.06	13.61	
670	9/22/11	14.5	14.56	14.03	14.06	768500	13.61	2555	顺荣股份	SZ	14.65	14.19	
671	9/21/11	14.43	14.7	14.22	14.65	1646100	14.19	2555	顺荣股份	SZ	14.35	13.9	
672	9/20/11	14.22	14.5	14.14	14.35	329100	13.9	2555	顺荣股份	SZ	14.16	13.71	
673	9/19/11	14.34	14.43	14.05	14.16	611800	13.71	2555	顺荣股份	SZ	14.34	13.89	
674	9/16/11	14.6	14.66	14.23	14.34	693400	13.89	2555	顺荣股份	SZ	14.55	14.09	
675	9/15/11	14.54	14.89	14.41	14.55	1401700	14.09	2555	顺荣股份	SZ	14.5	14.04	
676	9/14/11	14.28	14.55	14.22	14.5	688600	14.04	2555	顺荣股份	SZ	14.29	13.84	
677	9/13/11	13.94	14.65	13.91	14.29	324200	13.84	2555	顺荣股份	SZ	14.2	13.75	
678	9/9/11	14.08	14.53	14.08	14.2	583800	13.75	2555	顺荣股份	SZ	14.35	13.9	
679	9/8/11	14.74	14.77	14.35	14.35	1068000	13.9	2555	顺荣股份	SZ	14.64	14.18	
680	9/7/11	14.3	14.75	14.3	14.64	1273400	14.18	2555	顺荣股份	SZ	14.33	13.88	
681	9/6/11	14.02	14.69	13.88	14.33	710400	13.88	2555	顺荣股份	SZ	14.15	13.7	
682	9/5/11	14.08	14.21	13.7	14.15	416300	13.7	2555	顺荣股份	SZ	14.18	13.73	
683	9/2/11	14.39	14.4	14.05	14.18	503800	13.73	2555	顺荣股份	SZ	14.32	13.87	
684	9/1/11	14.48	14.57	14.22	14.32	556400	13.87	2555	顺荣股份	SZ	14.2	13.75	
685	8/31/11	14.29	14.34	14.06	14.2	579500	13.75	2555	顺荣股份	SZ	14.29	13.84	
686	8/30/11	14.36	14.49	14.27	14.29	643700	13.84	2555	顺荣股份	SZ	14.27	13.82	
687	8/29/11	14.45	14.45	14.25	14.27	677400	13.82	2555	顺荣股份	SZ	14.43	13.97	
688	8/26/11	14.4	14.49	14.31	14.43	869300	13.97	2555	顺荣股份	SZ	14.4	13.94	
689	8/25/11	14.32	14.45	14.09	14.4	1218800	13.94	2555	顺荣股份	SZ	14.3	13.85	
690	8/24/11	14.25	14.49	14.16	14.3	1904400	13.85	2555	顺荣股份	SZ	14.2	13.75	
691	8/23/11	14	14.35	13.8	14.2	2736900	13.75	2555	顺荣股份	SZ	14.05	13.61	
692	8/22/11	14.08	14.26	13.98	14.05	515400	13.61	2555	顺荣股份	SZ	14.12	13.67	
693	8/19/11	14.2	14.2	13.9	14.12	602300	13.67	2555	顺荣股份	SZ	14.28	13.83	
694	8/18/11	14.28	14.49	14.17	14.28	679200	13.83	2555	顺荣股份	SZ	14.26	13.81	
695	8/17/11	14.12	14.33	14.01	14.26	530600	13.81	2555	顺荣股份	SZ	14.12	13.67	
696	8/16/11	14.49	14.49	14	14.12	612000	13.67	2555	顺荣股份	SZ	14.32	13.87	
697	8/15/11	14.07	14.38	14.07	14.32	725900	13.87	2555	顺荣股份	SZ	14	13.56	
698	8/11/11	13.51	14.05	13.41	14	517500	13.56	2555	顺荣股份	SZ	13.92	13.48	
699	8/10/11	14.29	14.3	13.92	13.92	594700	13.48	2555	顺荣股份	SZ	13.8	13.36	
700	8/9/11	13.6	14.09	13.14	13.8	638700	13.36	2555	顺荣股份	SZ	13.97	13.53	
701	8/8/11	14.75	14.94	13.47	13.97	1003400	13.53	2555	顺荣股份	SZ	14.95	14.48	
702	8/5/11	15	15.1	14.66	14.95	871600	14.48	2555	顺荣股份	SZ	15.45	14.96	
703	8/4/11	15.64	15.75	15.41	15.45	714300	14.96	2555	顺荣股份	SZ	15.66	15.16	
704	8/3/11	15.5	15.66	15.35	15.66	1643200	15.16	2555	顺荣股份	SZ	15.74	15.24	
705	8/2/11	15.5	15.74	15.21	15.74	1094100	15.24	2555	顺荣股份	SZ	15.55	15.06	
706	8/1/11	15.1	15.55	14.9	15.55	1319100	15.06	2555	顺荣股份	SZ	15.18	14.7	
707	7/29/11	15.81	15.85	15.09	15.18	2016700	14.7	2555	顺荣股份	SZ	15.88	15.38	
708	7/28/11	15.5	16.39	15.37	15.88	3724800	15.38	2555	顺荣股份	SZ	15.59	15.1	
709	7/27/11	15.07	15.62	14.82	15.59	1337700	15.1	2555	顺荣股份	SZ	14.98	14.51	
710	7/26/11	14.8	15.1	14.51	14.98	481400	14.51	2555	顺荣股份	SZ	14.75	14.28	
711	7/25/11	15.45	15.45	14.75	14.75	1027600	14.28	2555	顺荣股份	SZ	15.38	14.89	
712	7/22/11	15.25	15.46	15.1	15.38	925400	14.89	2555	顺荣股份	SZ	15.08	14.6	
713	7/21/11	15.36	15.37	15.08	15.08	572200	14.6	2555	顺荣股份	SZ	15.28	14.8	
714	7/20/11	15.16	15.45	15.08	15.28	631600	14.8	2555	顺荣股份	SZ	15.13	14.65	
715	7/19/11	15.3	15.48	15.01	15.13	738300	14.65	2555	顺荣股份	SZ	15.49	15	
716	7/18/11	15.7	15.99	15.43	15.49	1857800	15	2555	顺荣股份	SZ	15.51	15.02	
717	7/15/11	14.86	15.65	14.86	15.51	1895600	15.02	2555	顺荣股份	SZ	14.95	14.48	
718	7/14/11	14.7	14.95	14.6	14.95	1045000	14.48	2555	顺荣股份	SZ	14.59	14.13	
719	7/13/11	14.28	14.64	14.28	14.59	510800	14.13	2555	顺荣股份	SZ	14.29	13.84	
720	7/12/11	14.61	14.66	14.28	14.29	934700	13.84	2555	顺荣股份	SZ	14.8	14.33	
721	7/11/11	14.59	14.99	14.53	14.8	600800	14.33	2555	顺荣股份	SZ	14.58	14.12	
722	7/8/11	14.88	14.88	14.55	14.58	888200	14.12	2555	顺荣股份	SZ	14.89	14.42	
723	7/7/11	15.1	15.21	14.72	14.89	1669400	14.42	2555	顺荣股份	SZ	15.07	14.59	
724	7/6/11	14.4	15.07	14.39	15.07	1734300	14.59	2555	顺荣股份	SZ	14.39	13.93	
725	7/5/11	14.22	14.42	14.22	14.39	939800	13.93	2555	顺荣股份	SZ	14.22	13.77	
726	7/4/11	14.18	14.25	13.98	14.22	875500	13.77	2555	顺荣股份	SZ	13.99	13.55	
727	7/1/11	14.1	14.32	13.91	13.99	547700	13.55	2555	顺荣股份	SZ	13.98	13.54	
728	6/30/11	13.88	14.1	13.88	13.98	691900	13.54	2555	顺荣股份	SZ	14.05	13.61	
729	6/29/11	13.86	14.43	13.82	14.05	1048500	13.61	2555	顺荣股份	SZ	13.86	13.42	
730	6/28/11	13.89	13.94	13.67	13.86	665000	13.42	2555	顺荣股份	SZ	13.9	13.46	
731	6/27/11	13.68	14.1	13.55	13.9	1215800	13.46	2555	顺荣股份	SZ	13.68	13.25	
732	6/24/11	13.14	13.76	13.14	13.68	1102300	13.25	2555	顺荣股份	SZ	13.3	12.88	
733	6/23/11	12.62	13.34	12.6	13.3	723700	12.88	2555	顺荣股份	SZ	12.75	12.35	
734	6/22/11	12.78	12.83	12.63	12.75	305600	12.35	2555	顺荣股份	SZ	12.7	12.3	
735	6/21/11	12.52	12.74	12.52	12.7	374600	12.3	2555	顺荣股份	SZ	12.55	12.15	
736	6/20/11	12.89	13.18	12.41	12.55	476400	12.15	2555	顺荣股份	SZ	13.05	12.64	
737	6/17/11	13.5	13.62	13.01	13.05	505500	12.64	2555	顺荣股份	SZ	13.76	6.57	
738	6/16/11	13.98	13.99	13.7	13.76	694800	6.57	2555	顺荣股份	SZ	13.98	6.68	
739	6/15/11	13.9	14.05	13.9	13.98	566500	6.68	2555	顺荣股份	SZ	14	6.69	
740	6/14/11	13.99	14.09	13.88	14	730600	6.69	2555	顺荣股份	SZ	13.99	6.69	
741	6/13/11	13.94	14.07	13.88	13.99	956800	6.69	2555	顺荣股份	SZ	13.79	6.59	
742	6/10/11	13.76	13.91	13.6	13.79	520400	6.59	2555	顺荣股份	SZ	13.77	6.58	
743	6/9/11	14.22	14.22	13.74	13.77	898300	6.58	2555	顺荣股份	SZ	14.23	6.8	
744	6/8/11	14.52	14.52	14.11	14.23	752900	6.8	2555	顺荣股份	SZ	14.54	6.95	
745	6/7/11	14.57	14.57	14.47	14.54	351600	6.95	2555	顺荣股份	SZ	14.5	6.93	
746	6/3/11	14.48	14.65	14.44	14.5	1241500	6.93	2555	顺荣股份	SZ	14.49	6.93	
747	6/2/11	14.95	14.95	14.41	14.49	568800	6.93	2555	顺荣股份	SZ	14.97	7.15	
748	6/1/11	14.72	14.99	14.72	14.97	158300	7.15	2555	顺荣股份	SZ	14.85	7.09	
749	5/31/11	14.65	14.89	14.59	14.85	206700	7.09	2555	顺荣股份	SZ	14.62	6.99	
750	5/30/11	14.56	14.73	14.56	14.62	188600	6.99	2555	顺荣股份	SZ	14.65	7	
751	5/27/11	15.29	15.29	14.65	14.65	405200	7	2555	顺荣股份	SZ	15.22	7.27	
752	5/26/11	15.36	15.47	15.18	15.22	159600	7.27	2555	顺荣股份	SZ	15.37	7.34	
753	5/25/11	15.62	15.64	15.32	15.37	167800	7.34	2555	顺荣股份	SZ	15.6	7.45	
754	5/24/11	15.81	15.81	15.31	15.6	228200	7.45	2555	顺荣股份	SZ	15.81	7.55	
755	5/23/11	16.4	16.4	15.75	15.81	332700	7.55	2555	顺荣股份	SZ	16.2	7.74	
756	5/19/11	16.26	16.35	16.2	16.2	188300	7.74	2555	顺荣股份	SZ	16.23	7.76	
757	5/18/11	16.25	16.38	16.18	16.23	204300	7.76	2555	顺荣股份	SZ	16.29	7.78	
758	5/17/11	16.16	16.38	16.08	16.29	237300	7.78	2555	顺荣股份	SZ	16.09	7.69	
759	5/16/11	16.06	16.17	16.06	16.09	225400	7.69	2555	顺荣股份	SZ	16.12	7.71	
760	5/13/11	16	16.21	16	16.12	181800	7.71	2555	顺荣股份	SZ	16.08	7.68	
761	5/12/11	16.2	16.33	16.06	16.08	271800	7.68	2555	顺荣股份	SZ	16.33	7.8	
762	5/11/11	16.42	16.42	16.2	16.33	255000	7.8	2555	顺荣股份	SZ	16.38	7.82	
763	5/10/11	16.27	16.39	16.16	16.38	185600	7.82	2555	顺荣股份	SZ	16.28	7.78	
764	5/9/11	16.23	16.34	16.23	16.28	177600	7.78	2555	顺荣股份	SZ	16.23	7.76	
765	5/6/11	16.13	16.25	16.01	16.23	207400	7.76	2555	顺荣股份	SZ	16.19	7.74	
766	5/5/11	16.02	16.19	16.02	16.19	187700	7.74	2555	顺荣股份	SZ	16.06	7.67	
767	5/4/11	16.08	16.17	16.02	16.06	319900	7.67	2555	顺荣股份	SZ	16.15	7.72	
768	5/3/11	16.2	16.25	16.01	16.15	264600	7.72	2555	顺荣股份	SZ	16.19	7.74	
769	4/29/11	16.01	16.33	16.01	16.19	247800	7.74	2555	顺荣股份	SZ	15.98	7.64	
770	4/28/11	16.59	16.65	15.93	15.98	668600	7.64	2555	顺荣股份	SZ	16.58	7.92	
771	4/27/11	16.83	16.85	16.53	16.58	374400	7.92	2555	顺荣股份	SZ	16.7	7.98	
772	4/26/11	16.97	17.06	16.62	16.7	536800	7.98	2555	顺荣股份	SZ	16.97	8.11	
773	4/25/11	17.29	17.38	16.95	16.97	600200	8.11	2555	顺荣股份	SZ	17.35	8.29	
774	4/22/11	17.25	17.5	17.2	17.35	623800	8.29	2555	顺荣股份	SZ	17.27	8.25	
775	4/21/11	17.16	17.32	17.15	17.27	793900	8.25	2555	顺荣股份	SZ	17.17	8.2	
776	4/20/11	17.17	17.19	17.05	17.17	545500	8.2	2555	顺荣股份	SZ	17.1	8.17	
777	4/19/11	17.12	17.27	17.06	17.1	655800	8.17	2555	顺荣股份	SZ	17.1	8.17	
778	4/18/11	17.41	17.48	17.06	17.1	999000	8.17	2555	顺荣股份	SZ	17.44	8.33	
779	4/15/11	17.38	17.48	17.21	17.44	683400	8.33	2555	顺荣股份	SZ	17.29	8.26	
780	4/14/11	17.4	17.45	17.25	17.29	646000	8.26	2555	顺荣股份	SZ	17.4	8.31	
781	4/13/11	17.25	17.43	17.19	17.4	562600	8.31	2555	顺荣股份	SZ	17.25	8.24	
782	4/12/11	17.39	17.39	17.18	17.25	544200	8.24	2555	顺荣股份	SZ	17.31	8.27	
783	4/11/11	17.49	17.63	17.3	17.31	1016100	8.27	2555	顺荣股份	SZ	17.4	8.31	
784	4/8/11	17.18	17.45	17.18	17.4	1069800	8.31	2555	顺荣股份	SZ	17.43	8.33	
785	4/7/11	17.03	17.72	17.03	17.43	2435200	8.33	2555	顺荣股份	SZ	16.67	7.96	
786	4/6/11	17.05	17.05	16.52	16.67	1134500	7.96	2555	顺荣股份	SZ	17.05	8.15	
787	4/1/11	17	17.09	16.95	17.05	517300	8.15	2555	顺荣股份	SZ	16.95	8.1	
788	3/31/11	16.93	17.06	16.93	16.95	599500	8.1	2555	顺荣股份	SZ	16.93	8.09	
789	3/30/11	17.1	17.22	16.92	16.93	955600	8.09	2555	顺荣股份	SZ	17.11	8.18	
790	3/29/11	17.28	17.44	17.1	17.11	1105600	8.18	2555	顺荣股份	SZ	17.33	8.28	
791	3/28/11	17.51	17.6	17.25	17.33	1560200	8.28	2555	顺荣股份	SZ	17.6	8.41	
792	3/25/11	17.61	17.7	17.51	17.6	1434200	8.41	2555	顺荣股份	SZ	17.65	8.43	
793	3/24/11	17.71	17.87	17.55	17.65	1443600	8.43	2555	顺荣股份	SZ	17.73	8.47	
794	3/23/11	17.9	17.9	17.62	17.73	2040500	8.47	2555	顺荣股份	SZ	17.99	8.59	
795	3/22/11	17.5	18.46	17.25	17.99	4947500	8.59	2555	顺荣股份	SZ	17.5	8.36	
796	3/21/11	17.25	17.54	17.25	17.5	1720100	8.36	2555	顺荣股份	SZ	17.26	8.25	
797	3/18/11	17.17	17.31	17.17	17.26	948100	8.25	2555	顺荣股份	SZ	17.18	8.21	
798	3/17/11	17.44	17.45	17.11	17.18	1600500	8.21	2555	顺荣股份	SZ	17.52	8.37	
799	3/16/11	17.42	17.58	17.36	17.52	1577400	8.37	2555	顺荣股份	SZ	17.4	8.31	
800	3/15/11	17.49	17.58	17.25	17.4	1550600	8.31	2555	顺荣股份	SZ	17.53	8.38	
801	3/14/11	17.3	17.59	17.29	17.53	1538600	8.38	2555	顺荣股份	SZ	17.33	8.28	
802	3/11/11	17.26	17.42	17.25	17.33	1554600	8.28	2555	顺荣股份	SZ	17.37	8.3	
803	3/10/11	17.5	17.52	17.3	17.37	1712100	8.3	2555	顺荣股份	SZ	17.5	8.36	
804	3/9/11	17.31	17.53	17.25	17.5	2023000	8.36	2555	顺荣股份	SZ	-1	-1	
