0	4/29/14	6.9	7.08	6.9	7.08	1064900	7.08	300018	中元华电	SZ	6.91	6.91	
1	4/28/14	7.25	7.27	6.89	6.91	2439200	6.91	300018	中元华电	SZ	7.27	7.27	
2	4/25/14	7.58	7.65	7.27	7.27	1846900	7.27	300018	中元华电	SZ	7.61	7.61	
3	4/24/14	7.91	7.91	7.6	7.61	1914600	7.61	300018	中元华电	SZ	7.89	7.89	
4	4/23/14	7.93	7.99	7.85	7.89	609100	7.89	300018	中元华电	SZ	7.97	7.97	
5	4/22/14	7.99	8.08	7.8	7.97	1516300	7.97	300018	中元华电	SZ	8.01	8.01	
6	4/21/14	7.9	8.17	7.88	8.01	2333600	8.01	300018	中元华电	SZ	7.96	7.96	
7	4/18/14	7.95	7.97	7.84	7.96	982400	7.96	300018	中元华电	SZ	7.92	7.92	
8	4/17/14	7.87	7.97	7.87	7.92	1243100	7.92	300018	中元华电	SZ	7.86	7.86	
9	4/16/14	7.9	7.96	7.82	7.86	1328000	7.86	300018	中元华电	SZ	7.96	7.96	
10	4/15/14	7.98	8.04	7.93	7.96	1124000	7.96	300018	中元华电	SZ	7.97	7.97	
11	4/14/14	7.84	7.98	7.84	7.97	1725200	7.97	300018	中元华电	SZ	7.87	7.87	
12	4/11/14	8.1	8.1	7.78	7.87	3507300	7.87	300018	中元华电	SZ	8.15	8.15	
13	4/10/14	8.18	8.22	8.09	8.15	2263400	8.15	300018	中元华电	SZ	8.17	8.17	
14	4/9/14	8.13	8.24	8.12	8.17	1648600	8.17	300018	中元华电	SZ	8.12	8.12	
15	4/8/14	8.15	8.15	8	8.12	1144200	8.12	300018	中元华电	SZ	8.08	8.08	
16	4/7/14	8.08	8.08	8.08	8.08	0	8.08	300018	中元华电	SZ	8.08	8.08	
17	4/4/14	7.98	8.1	7.96	8.08	872100	8.08	300018	中元华电	SZ	8.04	8.04	
18	4/3/14	7.98	8.14	7.91	8.04	1184900	8.04	300018	中元华电	SZ	7.98	7.98	
19	4/2/14	8.14	8.22	7.89	7.98	1818700	7.98	300018	中元华电	SZ	8.13	8.13	
20	4/1/14	8.01	8.17	8	8.13	1111300	8.13	300018	中元华电	SZ	8	8	
21	3/31/14	7.92	8.19	7.88	8	2043900	8	300018	中元华电	SZ	8.05	8.05	
22	3/28/14	8.37	8.48	7.91	8.05	5237600	8.05	300018	中元华电	SZ	8.53	8.53	
23	3/27/14	8.91	9	8.5	8.53	3864000	8.53	300018	中元华电	SZ	8.96	8.96	
24	3/26/14	8.62	8.98	8.56	8.96	4537500	8.96	300018	中元华电	SZ	8.62	8.62	
25	3/25/14	8.66	8.75	8.48	8.62	2394800	8.62	300018	中元华电	SZ	8.7	8.7	
26	3/24/14	8.84	8.84	8.64	8.7	2640200	8.7	300018	中元华电	SZ	8.85	8.85	
27	3/21/14	8.5	8.88	8.46	8.85	4155300	8.85	300018	中元华电	SZ	8.74	8.74	
28	3/20/14	8.81	9.22	8.71	8.74	5381500	8.74	300018	中元华电	SZ	9.05	9.05	
29	3/19/14	9.2	9.48	9	9.05	8954400	9.05	300018	中元华电	SZ	8.85	8.85	
30	3/18/14	8.61	8.97	8.58	8.85	4556900	8.85	300018	中元华电	SZ	8.6	8.6	
31	3/17/14	8.28	8.62	8.25	8.6	2191900	8.6	300018	中元华电	SZ	8.31	8.31	
32	3/14/14	8.4	8.52	8.25	8.31	2203500	8.31	300018	中元华电	SZ	8.48	8.48	
33	3/13/14	8.4	8.64	8.39	8.48	2410200	8.48	300018	中元华电	SZ	8.5	8.5	
34	3/12/14	8.39	8.77	8.36	8.5	2937700	8.5	300018	中元华电	SZ	8.5	8.5	
35	3/11/14	8.7	8.84	8.33	8.5	4214500	8.5	300018	中元华电	SZ	8.86	8.86	
36	3/10/14	8.52	9.13	8.51	8.86	7362900	8.86	300018	中元华电	SZ	8.53	8.53	
37	3/7/14	8.38	8.63	8.35	8.53	2584900	8.53	300018	中元华电	SZ	8.46	8.46	
38	3/6/14	8.57	8.65	8.34	8.46	2636900	8.46	300018	中元华电	SZ	8.6	8.6	
39	3/5/14	8.78	8.89	8.55	8.6	3007100	8.6	300018	中元华电	SZ	8.81	8.81	
40	3/4/14	8.5	8.92	8.4	8.81	5594200	8.81	300018	中元华电	SZ	8.23	8.23	
41	3/3/14	8.23	8.23	8.23	8.23	0	8.23	300018	中元华电	SZ	8.23	8.23	
42	2/28/14	8.12	8.3	7.96	8.23	2327500	8.23	300018	中元华电	SZ	8.16	8.16	
43	2/27/14	8.29	8.45	8.16	8.16	3983000	8.16	300018	中元华电	SZ	8.1	8.1	
44	2/26/14	8.17	8.18	7.71	8.1	4075600	8.1	300018	中元华电	SZ	8.17	8.17	
45	2/25/14	8.89	9.05	8.05	8.17	7496300	8.17	300018	中元华电	SZ	8.92	8.92	
46	2/24/14	8.85	8.94	8.6	8.92	3753000	8.92	300018	中元华电	SZ	8.92	8.92	
47	2/21/14	8.8	8.98	8.66	8.92	3412600	8.92	300018	中元华电	SZ	8.82	8.82	
48	2/20/14	9.19	9.24	8.7	8.82	5357800	8.82	300018	中元华电	SZ	9.16	9.16	
49	2/19/14	9.42	9.65	9.1	9.16	6908400	9.16	300018	中元华电	SZ	9.34	9.34	
50	2/18/14	9.1	9.37	9.01	9.34	6641500	9.34	300018	中元华电	SZ	9.12	9.12	
51	2/17/14	8.81	9.18	8.81	9.12	6912800	9.12	300018	中元华电	SZ	8.78	8.78	
52	2/14/14	8.8	8.84	8.63	8.78	4358600	8.78	300018	中元华电	SZ	8.68	8.68	
53	2/13/14	9.19	9.19	8.68	8.68	6304700	8.68	300018	中元华电	SZ	9.19	9.19	
54	2/12/14	9.03	9.19	8.88	9.19	3748500	9.19	300018	中元华电	SZ	9.08	9.08	
55	2/11/14	9.2	9.27	8.98	9.08	4598100	9.08	300018	中元华电	SZ	9.2	9.2	
56	2/10/14	8.99	9.33	8.97	9.2	5875900	9.2	300018	中元华电	SZ	8.95	8.95	
57	2/7/14	8.52	8.98	8.46	8.95	4076500	8.95	300018	中元华电	SZ	8.63	8.63	
58	2/6/14	8.63	8.63	8.63	8.63	0	8.63	300018	中元华电	SZ	8.63	8.63	
59	2/5/14	8.63	8.63	8.63	8.63	0	8.63	300018	中元华电	SZ	8.63	8.63	
60	2/3/14	8.63	8.63	8.63	8.63	0	8.63	300018	中元华电	SZ	8.63	8.63	
61	1/31/14	8.63	8.63	8.63	8.63	0	8.63	300018	中元华电	SZ	8.63	8.63	
62	1/30/14	8.72	8.87	8.63	8.63	3019800	8.63	300018	中元华电	SZ	8.86	8.86	
63	1/29/14	8.55	8.89	8.38	8.86	5795000	8.86	300018	中元华电	SZ	8.53	8.53	
64	1/28/14	9	9.08	8.44	8.53	7080100	8.53	300018	中元华电	SZ	9.02	9.02	
65	1/27/14	8.98	9.2	8.81	9.02	4953300	9.02	300018	中元华电	SZ	8.98	8.98	
66	1/24/14	9	9.15	8.81	8.98	5671600	8.98	300018	中元华电	SZ	9.03	9.03	
67	1/23/14	8.75	9.29	8.75	9.03	6552100	9.03	300018	中元华电	SZ	8.86	8.86	
68	1/22/14	8.7	9.07	8.61	8.86	6550900	8.86	300018	中元华电	SZ	8.74	8.74	
69	1/21/14	8.38	8.75	8.35	8.74	5349100	8.74	300018	中元华电	SZ	8.42	8.42	
70	1/20/14	8.31	8.58	8.23	8.42	4531100	8.42	300018	中元华电	SZ	8.4	8.4	
71	1/17/14	8.52	8.75	8.38	8.4	6903500	8.4	300018	中元华电	SZ	8.62	8.62	
72	1/16/14	8.25	8.88	8.17	8.62	12890000	8.62	300018	中元华电	SZ	8.24	8.24	
73	1/15/14	8.2	8.25	8.03	8.24	6904500	8.24	300018	中元华电	SZ	8.2	8.2	
74	1/14/14	8.12	8.24	8	8.2	7076900	8.2	300018	中元华电	SZ	8.11	8.11	
75	1/13/14	7.82	8.15	7.71	8.11	6623800	8.11	300018	中元华电	SZ	7.85	7.85	
76	1/10/14	7.72	7.97	7.6	7.85	5027300	7.85	300018	中元华电	SZ	7.78	7.78	
77	1/9/14	8.05	8.23	7.72	7.78	7362400	7.78	300018	中元华电	SZ	8.14	8.14	
78	1/8/14	8.23	8.45	8.02	8.14	10393400	8.14	300018	中元华电	SZ	8.19	8.19	
79	1/7/14	7.62	8.23	7.51	8.19	10062800	8.19	300018	中元华电	SZ	7.72	7.72	
80	1/6/14	7.79	8.15	7.61	7.72	9000700	7.72	300018	中元华电	SZ	7.88	7.88	
81	1/3/14	7.56	7.93	7.51	7.88	8271300	7.88	300018	中元华电	SZ	7.6	7.6	
82	1/2/14	7.39	7.62	7.3	7.6	4810500	7.6	300018	中元华电	SZ	7.35	7.35	
83	1/1/14	7.35	7.35	7.35	7.35	0	7.35	300018	中元华电	SZ	7.35	7.35	
84	12/31/13	7.7	7.75	7.31	7.35	7801600	7.35	300018	中元华电	SZ	7.77	7.77	
85	12/30/13	8	8	7.72	7.77	7049300	7.77	300018	中元华电	SZ	7.89	7.89	
86	12/27/13	7.55	7.99	7.41	7.89	9061100	7.89	300018	中元华电	SZ	7.62	7.62	
87	12/26/13	7.76	7.97	7.5	7.62	10110700	7.62	300018	中元华电	SZ	7.82	7.82	
88	12/25/13	7.65	8.08	7.55	7.82	12731100	7.82	300018	中元华电	SZ	7.68	7.68	
89	12/24/13	7.4	7.68	7.3	7.68	9232100	7.68	300018	中元华电	SZ	7.52	7.52	
90	12/23/13	7.09	7.77	7	7.52	14023800	7.52	300018	中元华电	SZ	7.11	7.11	
91	12/20/13	6.88	7.11	6.88	7.11	4924700	7.11	300018	中元华电	SZ	6.94	6.94	
92	12/19/13	7.22	7.29	6.86	6.94	5390900	6.94	300018	中元华电	SZ	7.2	7.2	
93	12/18/13	7.24	7.29	7.03	7.2	7125600	7.2	300018	中元华电	SZ	7.3	7.3	
94	12/17/13	7	7.36	6.95	7.3	13379200	7.3	300018	中元华电	SZ	7.15	7.15	
95	12/16/13	6.69	7.36	6.69	7.15	16564000	7.15	300018	中元华电	SZ	6.69	6.69	
96	12/13/13	6.46	6.75	6.44	6.69	3537500	6.69	300018	中元华电	SZ	6.48	6.48	
97	12/12/13	6.38	6.55	6.34	6.48	1592200	6.48	300018	中元华电	SZ	6.38	6.38	
98	12/11/13	6.52	6.59	6.36	6.38	2172700	6.38	300018	中元华电	SZ	6.56	6.56	
99	12/10/13	6.57	6.62	6.52	6.56	1449600	6.56	300018	中元华电	SZ	6.57	6.57	
100	12/9/13	6.46	6.59	6.46	6.57	1709800	6.57	300018	中元华电	SZ	6.46	6.46	
101	12/6/13	6.46	6.51	6.4	6.46	1842500	6.46	300018	中元华电	SZ	6.47	6.47	
102	12/5/13	6.36	6.51	6.33	6.47	3121800	6.47	300018	中元华电	SZ	6.39	6.39	
103	12/4/13	6.32	6.51	6.28	6.39	3190000	6.39	300018	中元华电	SZ	6.36	6.36	
104	12/3/13	6.3	6.39	6.1	6.36	3489100	6.36	300018	中元华电	SZ	6.35	6.35	
105	12/2/13	6.69	6.78	6.35	6.35	5938400	6.35	300018	中元华电	SZ	7.05	7.05	
106	11/29/13	6.95	7.11	6.92	7.05	4114200	7.05	300018	中元华电	SZ	6.97	6.97	
107	11/28/13	7.04	7.07	6.96	6.97	2790000	6.97	300018	中元华电	SZ	7.06	7.06	
108	11/27/13	6.93	7.08	6.88	7.06	3252700	7.06	300018	中元华电	SZ	6.93	6.93	
109	11/26/13	6.96	6.99	6.81	6.93	2869300	6.93	300018	中元华电	SZ	6.94	6.94	
110	11/25/13	6.68	7.04	6.66	6.94	3569300	6.94	300018	中元华电	SZ	6.68	6.68	
111	11/22/13	6.82	6.82	6.65	6.68	1897500	6.68	300018	中元华电	SZ	6.82	6.82	
112	11/21/13	6.89	6.92	6.76	6.82	2834100	6.82	300018	中元华电	SZ	6.86	6.86	
113	11/20/13	6.63	6.86	6.62	6.86	3182000	6.86	300018	中元华电	SZ	6.65	6.65	
114	11/19/13	6.67	6.72	6.61	6.65	2549500	6.65	300018	中元华电	SZ	6.62	6.62	
115	11/18/13	6.51	6.7	6.49	6.62	3373100	6.62	300018	中元华电	SZ	6.53	6.53	
116	11/15/13	6.31	6.64	6.28	6.53	3908600	6.53	300018	中元华电	SZ	6.31	6.31	
117	11/14/13	6.13	6.32	6.12	6.31	2649000	6.31	300018	中元华电	SZ	6.14	6.14	
118	11/13/13	6.28	6.37	6.12	6.14	1691300	6.14	300018	中元华电	SZ	6.28	6.28	
119	11/12/13	6.17	6.31	6.17	6.28	2019100	6.28	300018	中元华电	SZ	6.22	6.22	
120	11/11/13	6.1	6.26	6.06	6.22	1533200	6.22	300018	中元华电	SZ	6.1	6.1	
121	11/8/13	6.37	6.43	6.06	6.1	3874200	6.1	300018	中元华电	SZ	6.39	6.39	
122	11/7/13	6.67	6.67	6.39	6.39	2087900	6.39	300018	中元华电	SZ	6.66	6.66	
123	11/6/13	6.78	6.86	6.65	6.66	1781600	6.66	300018	中元华电	SZ	6.8	6.8	
124	11/5/13	6.72	6.88	6.43	6.8	2167700	6.8	300018	中元华电	SZ	6.72	6.72	
125	11/4/13	6.53	6.73	6.5	6.72	1700300	6.72	300018	中元华电	SZ	6.53	6.53	
126	11/1/13	6.62	6.64	6.38	6.53	1430900	6.53	300018	中元华电	SZ	6.62	6.62	
127	10/31/13	6.73	6.73	6.53	6.62	1727100	6.62	300018	中元华电	SZ	6.72	6.72	
128	10/30/13	6.57	6.75	6.51	6.72	2220700	6.72	300018	中元华电	SZ	6.55	6.55	
129	10/29/13	6.77	6.89	6.27	6.55	3634000	6.55	300018	中元华电	SZ	6.84	6.84	
130	10/28/13	7	7.01	6.65	6.84	2529700	6.84	300018	中元华电	SZ	6.9	6.9	
131	10/25/13	7.11	7.18	6.8	6.9	4658300	6.9	300018	中元华电	SZ	7.14	7.14	
132	10/24/13	7.09	7.29	7.01	7.14	3167800	7.14	300018	中元华电	SZ	7.15	7.15	
133	10/23/13	7.47	7.52	7.09	7.15	5467100	7.15	300018	中元华电	SZ	7.51	7.51	
134	10/22/13	7.44	7.51	7.25	7.51	5806400	7.51	300018	中元华电	SZ	7.45	7.45	
135	10/21/13	7.39	7.68	7.23	7.45	9854900	7.45	300018	中元华电	SZ	7.38	7.38	
136	10/18/13	7.09	7.38	7	7.38	8018300	7.38	300018	中元华电	SZ	7.1	7.1	
137	10/17/13	6.75	7.26	6.71	7.1	8136500	7.1	300018	中元华电	SZ	6.73	6.73	
138	10/16/13	6.94	6.94	6.64	6.73	4532200	6.73	300018	中元华电	SZ	6.91	6.91	
139	10/15/13	6.97	7.13	6.85	6.91	6708800	6.91	300018	中元华电	SZ	7.05	7.05	
140	10/14/13	6.88	7.05	6.74	7.05	7888000	7.05	300018	中元华电	SZ	6.83	6.83	
141	10/11/13	6.74	6.96	6.73	6.83	8122500	6.83	300018	中元华电	SZ	6.72	6.72	
142	10/10/13	6.54	6.84	6.51	6.72	9497200	6.72	300018	中元华电	SZ	6.54	6.54	
143	10/9/13	6.4	6.59	6.34	6.54	4912500	6.54	300018	中元华电	SZ	6.4	6.4	
144	10/8/13	6.32	6.43	6.26	6.4	4231300	6.4	300018	中元华电	SZ	6.28	6.28	
145	10/7/13	6.28	6.28	6.28	6.28	0	6.28	300018	中元华电	SZ	6.28	6.28	
146	10/4/13	6.28	6.28	6.28	6.28	0	6.28	300018	中元华电	SZ	6.28	6.28	
147	10/3/13	6.28	6.28	6.28	6.28	0	6.28	300018	中元华电	SZ	6.28	6.28	
148	10/2/13	6.28	6.28	6.28	6.28	0	6.28	300018	中元华电	SZ	6.28	6.28	
149	10/1/13	6.28	6.28	6.28	6.28	0	6.28	300018	中元华电	SZ	6.28	6.28	
150	9/30/13	6.23	6.34	6.21	6.28	2927800	6.28	300018	中元华电	SZ	6.23	6.23	
151	9/27/13	6.36	6.44	6.21	6.23	4912700	6.23	300018	中元华电	SZ	6.44	6.44	
152	9/26/13	6.3	6.63	6.25	6.44	10957200	6.44	300018	中元华电	SZ	6.33	6.33	
153	9/25/13	6.25	6.4	6.19	6.33	7256400	6.33	300018	中元华电	SZ	6.28	6.28	
154	9/24/13	6.26	6.32	6.13	6.28	4751400	6.28	300018	中元华电	SZ	6.26	6.26	
155	9/23/13	6	6.37	5.99	6.26	6467300	6.26	300018	中元华电	SZ	6	6	
156	9/20/13	6	6	6	6	0	6	300018	中元华电	SZ	6	6	
157	9/18/13	5.97	6.01	5.91	6	1122800	6	300018	中元华电	SZ	5.94	5.94	
158	9/17/13	6.08	6.08	5.88	5.94	1930000	5.94	300018	中元华电	SZ	6.05	6.05	
159	9/16/13	6.05	6.1	6.01	6.05	1605100	6.05	300018	中元华电	SZ	6.02	6.02	
160	9/13/13	6.01	6.03	5.95	6.02	1642500	6.02	300018	中元华电	SZ	6	6	
161	9/12/13	5.93	6.03	5.93	6	1852800	6	300018	中元华电	SZ	5.95	5.95	
162	9/11/13	6.09	6.1	5.93	5.95	3441000	5.95	300018	中元华电	SZ	6.1	6.1	
163	9/10/13	6.08	6.14	6.05	6.1	2800000	6.1	300018	中元华电	SZ	6.08	6.08	
164	9/9/13	6.1	6.11	6.04	6.08	2832200	6.08	300018	中元华电	SZ	6.07	6.07	
165	9/6/13	6.07	6.11	6.04	6.07	1915800	6.07	300018	中元华电	SZ	6.07	6.07	
166	9/5/13	6.08	6.12	6.04	6.07	2087200	6.07	300018	中元华电	SZ	6.08	6.08	
167	9/4/13	6.09	6.13	6.03	6.08	1479900	6.08	300018	中元华电	SZ	6.08	6.08	
168	9/3/13	5.96	6.09	5.92	6.08	1525800	6.08	300018	中元华电	SZ	5.96	5.96	
169	9/2/13	5.85	5.99	5.83	5.96	1726100	5.96	300018	中元华电	SZ	5.85	5.85	
170	8/30/13	6.18	6.21	5.84	5.85	3659100	5.85	300018	中元华电	SZ	6.15	6.15	
171	8/29/13	6.19	6.22	6.1	6.15	1881200	6.15	300018	中元华电	SZ	6.19	6.19	
172	8/28/13	6.3	6.33	6.17	6.19	3134900	6.19	300018	中元华电	SZ	6.36	6.36	
173	8/27/13	6.33	6.37	6.24	6.36	2851400	6.36	300018	中元华电	SZ	6.35	6.35	
174	8/26/13	6.2	6.42	6.14	6.35	4736500	6.35	300018	中元华电	SZ	6.14	6.14	
175	8/23/13	6.25	6.32	6.02	6.14	4000700	6.14	300018	中元华电	SZ	6.24	6.24	
176	8/22/13	6.39	6.4	6.18	6.24	4787900	6.24	300018	中元华电	SZ	6.27	6.27	
177	8/21/13	6.05	6.28	6.02	6.27	5034400	6.27	300018	中元华电	SZ	6.06	6.06	
178	8/20/13	6.02	6.11	5.98	6.06	3034400	6.06	300018	中元华电	SZ	6.01	6.01	
179	8/19/13	5.8	6.02	5.8	6.01	2417300	6.01	300018	中元华电	SZ	5.84	5.84	
180	8/16/13	6.01	6.14	5.84	5.84	3779700	5.84	300018	中元华电	SZ	6.07	6.07	
181	8/15/13	6.18	6.26	6.06	6.07	4521200	6.07	300018	中元华电	SZ	6.23	6.23	
182	8/14/13	6.15	6.3	6.06	6.23	6575200	6.23	300018	中元华电	SZ	6.12	6.12	
183	8/13/13	6.11	6.17	6.07	6.12	2878900	6.12	300018	中元华电	SZ	6.12	6.12	
184	8/12/13	6.14	6.18	6.01	6.12	3541000	6.12	300018	中元华电	SZ	6.11	6.11	
185	8/9/13	6.08	6.17	5.92	6.11	4796500	6.11	300018	中元华电	SZ	6.06	6.06	
186	8/8/13	5.84	6.13	5.83	6.06	4601800	6.06	300018	中元华电	SZ	5.86	5.86	
187	8/7/13	6.07	6.07	5.84	5.86	3349600	5.86	300018	中元华电	SZ	6.06	6.06	
188	8/6/13	6.07	6.09	5.96	6.06	3098400	6.06	300018	中元华电	SZ	6.08	6.08	
189	8/5/13	5.96	6.15	5.93	6.08	3935800	6.08	300018	中元华电	SZ	5.93	5.93	
190	8/2/13	5.88	6.1	5.85	5.93	6517000	5.93	300018	中元华电	SZ	5.83	5.83	
191	8/1/13	5.62	5.85	5.62	5.83	3763600	5.83	300018	中元华电	SZ	5.59	5.59	
192	7/31/13	5.5	5.63	5.5	5.59	1648000	5.59	300018	中元华电	SZ	5.49	5.49	
193	7/30/13	5.58	5.63	5.38	5.49	2107400	5.49	300018	中元华电	SZ	5.59	5.59	
194	7/29/13	5.64	5.8	5.55	5.59	2280600	5.59	300018	中元华电	SZ	5.65	5.65	
195	7/26/13	5.68	5.73	5.51	5.65	2870800	5.65	300018	中元华电	SZ	5.69	5.69	
196	7/25/13	5.85	5.89	5.67	5.69	4270100	5.69	300018	中元华电	SZ	5.89	5.89	
197	7/24/13	5.7	5.97	5.63	5.89	6258600	5.89	300018	中元华电	SZ	5.76	5.76	
198	7/23/13	5.46	5.91	5.45	5.76	6892900	5.76	300018	中元华电	SZ	5.47	5.47	
199	7/22/13	5.28	5.48	5.22	5.47	2905600	5.47	300018	中元华电	SZ	5.37	5.37	
200	7/19/13	5.43	5.67	5.37	5.37	4992900	5.37	300018	中元华电	SZ	5.42	5.42	
201	7/18/13	5.35	5.5	5.27	5.42	2994600	5.42	300018	中元华电	SZ	5.38	5.38	
202	7/17/13	5.5	5.59	5.38	5.38	2716400	5.38	300018	中元华电	SZ	5.5	5.5	
203	7/16/13	5.44	5.5	5.39	5.5	2830900	5.5	300018	中元华电	SZ	5.44	5.44	
204	7/15/13	5.37	5.48	5.27	5.44	3119100	5.44	300018	中元华电	SZ	5.36	5.36	
205	7/12/13	5.35	5.53	5.33	5.36	3542400	5.36	300018	中元华电	SZ	5.34	5.34	
206	7/11/13	5.21	5.38	5.19	5.34	2114200	5.34	300018	中元华电	SZ	5.23	5.23	
207	7/10/13	5.01	5.25	5.01	5.23	2000000	5.23	300018	中元华电	SZ	5.05	5.05	
208	7/9/13	4.96	5.06	4.95	5.05	952700	5.05	300018	中元华电	SZ	4.97	4.97	
209	7/8/13	5.22	5.22	4.97	4.97	2173700	4.97	300018	中元华电	SZ	5.25	5.25	
210	7/5/13	5.4	5.45	5.21	5.25	1926000	5.25	300018	中元华电	SZ	5.35	5.35	
211	7/4/13	5.24	5.42	5.2	5.35	2433100	5.35	300018	中元华电	SZ	5.26	5.26	
212	7/3/13	5.3	5.32	5.13	5.26	2395500	5.26	300018	中元华电	SZ	5.32	5.32	
213	7/2/13	5.18	5.33	5.17	5.32	2275000	5.32	300018	中元华电	SZ	5.2	5.2	
214	7/1/13	5.1	5.22	5.04	5.2	1577300	5.2	300018	中元华电	SZ	5.08	5.08	
215	6/28/13	5.06	5.22	5.02	5.08	1653900	5.08	300018	中元华电	SZ	5.1	5.1	
216	6/27/13	5.31	5.37	5.1	5.1	1985300	5.1	300018	中元华电	SZ	5.31	5.31	
217	6/26/13	5.19	5.31	5.1	5.31	1881600	5.31	300018	中元华电	SZ	5.17	5.17	
218	6/25/13	5.06	5.25	4.83	5.17	2792200	5.17	300018	中元华电	SZ	5.17	5.17	
219	6/24/13	5.58	5.73	5.15	5.17	2291400	5.17	300018	中元华电	SZ	5.63	5.63	
220	6/21/13	5.76	5.77	5.5	5.63	2233200	5.63	300018	中元华电	SZ	5.91	3.85	
221	6/20/13	6.13	6.19	5.91	5.91	2579200	3.85	300018	中元华电	SZ	6.19	4.03	
222	6/19/13	6.08	6.22	6	6.19	2385700	4.03	300018	中元华电	SZ	6.07	3.96	
223	6/18/13	6.16	6.16	5.97	6.07	2252100	3.96	300018	中元华电	SZ	6.11	3.98	
224	6/17/13	6.27	6.27	6.08	6.11	3270600	3.98	300018	中元华电	SZ	6.21	4.04	
225	6/14/13	6.09	6.23	6.06	6.21	2404800	4.04	300018	中元华电	SZ	6.07	3.96	
226	6/13/13	5.99	6.08	5.88	6.07	2296900	3.96	300018	中元华电	SZ	6.06	3.95	
227	6/12/13	6.06	6.06	6.06	6.06	0	3.95	300018	中元华电	SZ	6.06	3.95	
228	6/11/13	6.06	6.06	6.06	6.06	0	3.95	300018	中元华电	SZ	6.06	3.95	
229	6/10/13	6.06	6.06	6.06	6.06	0	3.95	300018	中元华电	SZ	6.06	3.95	
230	6/7/13	6.13	6.17	6.01	6.06	2133900	3.95	300018	中元华电	SZ	6.09	3.97	
231	6/6/13	6.2	6.23	6.08	6.09	1914000	3.97	300018	中元华电	SZ	6.23	4.06	
232	6/5/13	6.17	6.27	6.17	6.23	1679000	4.06	300018	中元华电	SZ	6.19	4.03	
233	6/4/13	6.35	6.38	6.14	6.19	3324700	4.03	300018	中元华电	SZ	6.33	4.13	
234	6/3/13	6.45	6.49	6.31	6.33	4125400	4.13	300018	中元华电	SZ	6.45	4.2	
235	5/31/13	6.55	6.59	6.45	6.45	2811400	4.2	300018	中元华电	SZ	6.55	4.26	
236	5/30/13	6.57	6.59	6.47	6.55	3258800	4.26	300018	中元华电	SZ	6.59	4.3	
237	5/29/13	6.58	6.62	6.51	6.59	3298000	4.3	300018	中元华电	SZ	6.57	4.28	
238	5/28/13	6.71	6.77	6.52	6.57	5276000	4.28	300018	中元华电	SZ	6.74	4.39	
239	5/27/13	6.59	6.83	6.5	6.74	6305200	4.39	300018	中元华电	SZ	6.59	4.29	
240	5/24/13	6.43	6.61	6.43	6.59	4967400	4.29	300018	中元华电	SZ	6.45	4.2	
241	5/23/13	6.41	6.65	6.32	6.45	7281100	4.2	300018	中元华电	SZ	6.41	4.17	
242	5/22/13	6.69	6.69	6.38	6.41	7176100	4.17	300018	中元华电	SZ	6.61	4.31	
243	5/21/13	6.39	6.72	6.37	6.61	8597900	4.31	300018	中元华电	SZ	6.36	4.14	
244	5/20/13	6.2	6.37	6.2	6.36	4434500	4.14	300018	中元华电	SZ	6.19	4.03	
245	5/17/13	6.1	6.25	6.05	6.19	4492300	4.03	300018	中元华电	SZ	6.08	3.96	
246	5/16/13	6.13	6.2	6.04	6.08	5292600	3.96	300018	中元华电	SZ	6.13	3.99	
247	5/15/13	5.93	6.15	5.89	6.13	4778700	3.99	300018	中元华电	SZ	5.89	3.83	
248	5/14/13	6.07	6.07	5.85	5.89	2465400	3.83	300018	中元华电	SZ	6.05	3.94	
249	5/13/13	6.07	6.09	5.97	6.05	2436200	3.94	300018	中元华电	SZ	6.07	3.96	
250	5/10/13	6.09	6.09	5.97	6.07	3035600	3.96	300018	中元华电	SZ	6.06	3.95	
251	5/9/13	6.05	6.1	5.94	6.06	3677500	3.95	300018	中元华电	SZ	6.03	3.93	
252	5/8/13	5.97	6.05	5.9	6.03	3420800	3.93	300018	中元华电	SZ	5.91	3.85	
253	5/7/13	5.95	5.99	5.87	5.91	1900200	3.85	300018	中元华电	SZ	5.94	3.87	
254	5/6/13	5.93	6.02	5.91	5.94	3673600	3.87	300018	中元华电	SZ	5.9	3.84	
255	5/3/13	5.79	5.92	5.74	5.9	2391700	3.84	300018	中元华电	SZ	5.75	3.75	
256	5/2/13	5.7	5.8	5.64	5.75	1429700	3.75	300018	中元华电	SZ	5.67	3.7	
257	5/1/13	5.67	5.67	5.67	5.67	0	3.7	300018	中元华电	SZ	5.67	3.7	
258	4/30/13	5.67	5.67	5.67	5.67	0	3.7	300018	中元华电	SZ	5.67	3.7	
259	4/29/13	5.67	5.67	5.67	5.67	0	3.7	300018	中元华电	SZ	5.67	3.7	
260	4/26/13	5.83	5.85	5.64	5.67	2651000	3.7	300018	中元华电	SZ	5.83	3.8	
261	4/25/13	5.79	5.97	5.74	5.83	4838900	3.8	300018	中元华电	SZ	5.81	3.78	
262	4/24/13	5.61	5.81	5.54	5.81	3536500	3.78	300018	中元华电	SZ	5.57	3.63	
263	4/23/13	5.75	5.75	5.55	5.57	2289600	3.63	300018	中元华电	SZ	5.73	3.73	
264	4/22/13	5.64	5.75	5.61	5.73	2291700	3.73	300018	中元华电	SZ	5.65	3.68	
265	4/19/13	5.52	5.69	5.52	5.65	2277200	3.68	300018	中元华电	SZ	5.54	3.61	
266	4/18/13	5.51	5.58	5.49	5.54	971500	3.61	300018	中元华电	SZ	5.55	3.62	
267	4/17/13	5.47	5.56	5.45	5.55	1793900	3.62	300018	中元华电	SZ	5.47	3.56	
268	4/16/13	5.42	5.47	5.37	5.47	796800	3.56	300018	中元华电	SZ	5.41	3.53	
269	4/15/13	5.47	5.47	5.41	5.41	628700	3.53	300018	中元华电	SZ	5.47	3.56	
270	4/12/13	5.48	5.54	5.45	5.47	675200	3.56	300018	中元华电	SZ	5.52	3.6	
271	4/11/13	5.56	5.59	5.47	5.52	1202200	3.6	300018	中元华电	SZ	5.53	3.6	
272	4/10/13	5.63	5.63	5.5	5.53	1515700	3.6	300018	中元华电	SZ	5.61	3.66	
273	4/9/13	5.59	5.64	5.56	5.61	1692500	3.66	300018	中元华电	SZ	5.57	3.63	
274	4/8/13	5.49	5.59	5.4	5.57	1697000	3.63	300018	中元华电	SZ	5.51	3.59	
275	4/5/13	5.51	5.51	5.51	5.51	0	3.59	300018	中元华电	SZ	5.51	3.59	
276	4/4/13	5.51	5.51	5.51	5.51	0	3.59	300018	中元华电	SZ	5.51	3.59	
277	4/3/13	5.47	5.56	5.44	5.51	1031100	3.59	300018	中元华电	SZ	5.46	3.56	
278	4/2/13	5.51	5.57	5.44	5.46	1650500	3.56	300018	中元华电	SZ	5.51	3.59	
279	4/1/13	5.53	5.61	5.48	5.51	2706400	3.59	300018	中元华电	SZ	5.33	3.47	
280	3/29/13	5.37	5.38	5.32	5.33	1073600	3.47	300018	中元华电	SZ	5.31	3.46	
281	3/28/13	5.51	5.51	5.31	5.31	1832000	3.46	300018	中元华电	SZ	5.51	3.59	
282	3/27/13	5.48	5.57	5.47	5.51	1324500	3.59	300018	中元华电	SZ	5.51	3.59	
283	3/26/13	5.6	5.6	5.42	5.51	1903700	3.59	300018	中元华电	SZ	5.59	3.64	
284	3/25/13	5.65	5.66	5.55	5.59	994200	3.64	300018	中元华电	SZ	5.61	3.65	
285	3/22/13	5.59	5.62	5.55	5.61	1250100	3.65	300018	中元华电	SZ	5.59	3.64	
286	3/21/13	5.54	5.64	5.51	5.59	1893200	3.64	300018	中元华电	SZ	5.55	3.61	
287	3/20/13	5.39	5.55	5.39	5.55	2246300	3.61	300018	中元华电	SZ	5.38	3.5	
288	3/19/13	5.38	5.4	5.27	5.38	1210800	3.5	300018	中元华电	SZ	5.35	3.48	
289	3/18/13	5.53	5.55	5.33	5.35	2095000	3.48	300018	中元华电	SZ	5.57	3.63	
290	3/15/13	5.59	5.64	5.47	5.57	2561300	3.63	300018	中元华电	SZ	5.56	3.62	
291	3/14/13	5.57	5.61	5.52	5.56	1278200	3.62	300018	中元华电	SZ	5.57	3.63	
292	3/13/13	5.66	5.66	5.5	5.57	1965100	3.63	300018	中元华电	SZ	5.69	3.7	
293	3/12/13	5.95	5.99	5.61	5.69	2945000	3.7	300018	中元华电	SZ	5.95	3.87	
294	3/11/13	5.92	5.98	5.85	5.95	1786100	3.87	300018	中元华电	SZ	5.88	3.83	
295	3/8/13	5.92	6.04	5.87	5.88	2414400	3.83	300018	中元华电	SZ	5.93	3.87	
296	3/7/13	6.03	6.07	5.86	5.93	3322600	3.87	300018	中元华电	SZ	6.03	3.93	
297	3/6/13	5.92	6.06	5.91	6.03	4714000	3.93	300018	中元华电	SZ	5.92	3.86	
298	3/5/13	5.73	5.92	5.73	5.92	2799100	3.86	300018	中元华电	SZ	5.77	3.76	
299	3/4/13	6	6	5.71	5.77	3874600	3.76	300018	中元华电	SZ	6	3.91	
300	3/1/13	5.86	6.03	5.84	6	5439200	3.91	300018	中元华电	SZ	5.9	3.84	
301	2/28/13	5.76	5.92	5.65	5.9	4105800	3.84	300018	中元华电	SZ	5.76	3.75	
302	2/27/13	5.77	5.9	5.69	5.76	2156300	3.75	300018	中元华电	SZ	5.79	3.77	
303	2/26/13	5.86	5.95	5.78	5.79	3111100	3.77	300018	中元华电	SZ	5.87	3.83	
304	2/25/13	5.7	5.89	5.7	5.87	3180700	3.83	300018	中元华电	SZ	5.67	3.7	
305	2/22/13	5.69	5.82	5.63	5.67	2624700	3.7	300018	中元华电	SZ	5.68	3.7	
306	2/21/13	5.75	5.78	5.63	5.68	2938900	3.7	300018	中元华电	SZ	5.77	3.76	
307	2/20/13	5.63	5.77	5.59	5.77	4156700	3.76	300018	中元华电	SZ	5.63	3.67	
308	2/19/13	5.87	5.93	5.59	5.63	3742400	3.67	300018	中元华电	SZ	5.86	3.82	
309	2/18/13	5.9	5.9	5.83	5.86	1803900	3.82	300018	中元华电	SZ	5.83	3.8	
310	2/15/13	5.83	5.83	5.83	5.83	0	3.8	300018	中元华电	SZ	5.83	3.8	
311	2/14/13	5.83	5.83	5.83	5.83	0	3.8	300018	中元华电	SZ	5.83	3.8	
312	2/13/13	5.83	5.83	5.83	5.83	0	3.8	300018	中元华电	SZ	5.83	3.8	
313	2/12/13	5.83	5.83	5.83	5.83	0	3.8	300018	中元华电	SZ	5.83	3.8	
314	2/11/13	5.83	5.83	5.83	5.83	0	3.8	300018	中元华电	SZ	5.83	3.8	
315	2/8/13	5.8	5.89	5.77	5.83	1260000	3.8	300018	中元华电	SZ	5.79	3.77	
316	2/7/13	5.74	5.79	5.72	5.79	1256800	3.77	300018	中元华电	SZ	5.77	3.76	
317	2/6/13	5.75	5.82	5.75	5.77	1311600	3.76	300018	中元华电	SZ	5.77	3.76	
318	2/5/13	5.6	5.79	5.6	5.77	1984000	3.76	300018	中元华电	SZ	5.65	3.68	
319	2/4/13	5.66	5.71	5.59	5.65	1547500	3.68	300018	中元华电	SZ	5.65	3.68	
320	2/1/13	5.55	5.67	5.49	5.65	2132700	3.68	300018	中元华电	SZ	5.57	3.63	
321	1/31/13	5.6	5.72	5.53	5.57	3971800	3.63	300018	中元华电	SZ	5.73	3.73	
322	1/30/13	5.72	5.93	5.64	5.73	2819200	3.73	300018	中元华电	SZ	5.73	3.73	
323	1/29/13	5.69	5.74	5.65	5.73	1546200	3.73	300018	中元华电	SZ	5.68	3.7	
324	1/28/13	5.57	5.69	5.55	5.68	2180400	3.7	300018	中元华电	SZ	5.57	3.63	
325	1/25/13	5.85	5.85	5.52	5.57	5396600	3.63	300018	中元华电	SZ	5.85	3.81	
326	1/24/13	5.91	5.98	5.75	5.85	4798600	3.81	300018	中元华电	SZ	5.89	3.83	
327	1/23/13	5.93	5.93	5.8	5.89	1448200	3.83	300018	中元华电	SZ	5.94	3.87	
328	1/22/13	6.08	6.09	5.87	5.94	4700200	3.87	300018	中元华电	SZ	6.05	3.94	
329	1/21/13	6.11	6.11	6	6.05	1493100	3.94	300018	中元华电	SZ	6.12	3.99	
330	1/18/13	6.11	6.17	6.05	6.12	1320500	3.99	300018	中元华电	SZ	6.11	3.98	
331	1/17/13	6.21	6.26	5.97	6.11	3468500	3.98	300018	中元华电	SZ	6.13	4	
332	1/16/13	6.31	6.31	6.1	6.13	2363900	4	300018	中元华电	SZ	6.31	4.11	
333	1/15/13	6.16	6.33	6.09	6.31	5276100	4.11	300018	中元华电	SZ	6.11	3.98	
334	1/14/13	5.99	6.17	5.89	6.11	3014800	3.98	300018	中元华电	SZ	6	3.91	
335	1/11/13	6.12	6.17	5.94	6	5767500	3.91	300018	中元华电	SZ	6.15	4	
336	1/10/13	6.07	6.33	6.01	6.15	7859500	4	300018	中元华电	SZ	6.18	4.03	
337	1/9/13	5.94	6.27	5.92	6.18	10116800	4.03	300018	中元华电	SZ	6	3.91	
338	1/8/13	5.93	6.23	5.87	6	4126900	3.91	300018	中元华电	SZ	5.93	3.86	
339	1/7/13	5.92	6.05	5.82	5.93	4517200	3.86	300018	中元华电	SZ	6	3.91	
340	1/4/13	6.08	6.12	5.8	6	6125600	3.91	300018	中元华电	SZ	6.09	3.97	
341	1/3/13	6.09	6.09	6.09	6.09	0	3.97	300018	中元华电	SZ	6.09	3.97	
342	1/2/13	6.09	6.09	6.09	6.09	0	3.97	300018	中元华电	SZ	6.09	3.97	
343	1/1/13	6.09	6.09	6.09	6.09	0	3.97	300018	中元华电	SZ	6.09	3.97	
344	12/31/12	5.9	6.2	5.83	6.09	7883400	3.97	300018	中元华电	SZ	5.87	3.82	
345	12/28/12	5.64	5.87	5.59	5.87	5066100	3.82	300018	中元华电	SZ	5.69	3.7	
346	12/27/12	5.68	5.72	5.55	5.69	3710400	3.7	300018	中元华电	SZ	5.67	3.7	
347	12/26/12	5.47	5.69	5.43	5.67	4814900	3.7	300018	中元华电	SZ	5.5	3.58	
348	12/25/12	5.29	5.61	5.26	5.5	5039400	3.58	300018	中元华电	SZ	5.33	3.47	
349	12/24/12	5.13	5.42	5.13	5.33	6253400	3.47	300018	中元华电	SZ	5.15	3.36	
350	12/21/12	5.13	5.16	5.03	5.15	1570100	3.36	300018	中元华电	SZ	5.1	3.32	
351	12/20/12	5.05	5.16	5.03	5.1	1128900	3.32	300018	中元华电	SZ	5.09	3.31	
352	12/19/12	5.05	5.12	5.05	5.09	778300	3.31	300018	中元华电	SZ	5.05	3.29	
353	12/18/12	5.05	5.12	5.04	5.05	1198500	3.29	300018	中元华电	SZ	5.09	3.32	
354	12/17/12	5.07	5.1	5.05	5.09	1249700	3.32	300018	中元华电	SZ	5.07	3.3	
355	12/14/12	4.89	5.09	4.87	5.07	1836800	3.3	300018	中元华电	SZ	4.87	3.17	
356	12/13/12	4.95	5	4.87	4.87	694300	3.17	300018	中元华电	SZ	4.95	3.22	
357	12/12/12	4.96	4.99	4.89	4.95	902000	3.22	300018	中元华电	SZ	4.94	3.22	
358	12/11/12	5.01	5.06	4.94	4.94	1712000	3.22	300018	中元华电	SZ	5.03	3.28	
359	12/10/12	4.94	5.07	4.88	5.03	1539600	3.28	300018	中元华电	SZ	4.93	3.21	
360	12/7/12	4.82	4.95	4.79	4.93	1030700	3.21	300018	中元华电	SZ	4.82	3.14	
361	12/6/12	4.81	4.91	4.81	4.82	496300	3.14	300018	中元华电	SZ	4.85	3.16	
362	12/5/12	4.67	4.97	4.63	4.85	1480100	3.16	300018	中元华电	SZ	4.67	3.04	
363	12/4/12	4.58	4.67	4.52	4.67	782500	3.04	300018	中元华电	SZ	4.57	2.98	
364	12/3/12	4.7	4.73	4.57	4.57	763900	2.98	300018	中元华电	SZ	4.72	3.07	
365	11/30/12	4.67	4.75	4.67	4.72	476400	3.07	300018	中元华电	SZ	4.69	3.05	
366	11/29/12	4.75	4.77	4.66	4.69	798900	3.05	300018	中元华电	SZ	4.73	3.08	
367	11/28/12	4.83	4.86	4.72	4.73	1130900	3.08	300018	中元华电	SZ	4.86	3.17	
368	11/27/12	5.09	5.09	4.82	4.86	1070000	3.17	300018	中元华电	SZ	5.09	3.32	
369	11/26/12	5.17	5.17	5.09	5.09	375900	3.32	300018	中元华电	SZ	5.16	3.36	
370	11/23/12	5.19	5.21	5.13	5.16	784100	3.36	300018	中元华电	SZ	5.17	3.37	
371	11/22/12	5.31	5.43	5.11	5.17	2361200	3.37	300018	中元华电	SZ	5.35	3.49	
372	11/21/12	5.19	5.38	5.13	5.35	1535400	3.49	300018	中元华电	SZ	5.14	3.35	
373	11/20/12	5.15	5.22	5.12	5.14	471700	3.35	300018	中元华电	SZ	5.13	3.34	
374	11/19/12	5.07	5.18	5.05	5.13	507100	3.34	300018	中元华电	SZ	5.1	3.32	
375	11/16/12	5.25	5.25	5.04	5.1	1172500	3.32	300018	中元华电	SZ	5.29	3.44	
376	11/15/12	5.17	5.3	5.17	5.29	761700	3.44	300018	中元华电	SZ	5.26	3.43	
377	11/14/12	5.17	5.29	5.16	5.26	581300	3.43	300018	中元华电	SZ	5.21	3.39	
378	11/13/12	5.34	5.34	5.19	5.21	319200	3.39	300018	中元华电	SZ	5.29	3.45	
379	11/12/12	5.27	5.33	5.24	5.29	764200	3.45	300018	中元华电	SZ	5.25	3.42	
380	11/9/12	5.31	5.31	5.21	5.25	711700	3.42	300018	中元华电	SZ	5.28	3.44	
381	11/8/12	5.38	5.4	5.27	5.28	830400	3.44	300018	中元华电	SZ	5.43	3.54	
382	11/7/12	5.41	5.45	5.37	5.43	522200	3.54	300018	中元华电	SZ	5.42	3.53	
383	11/6/12	5.47	5.47	5.33	5.42	705400	3.53	300018	中元华电	SZ	5.45	3.55	
384	11/5/12	5.43	5.49	5.4	5.45	627300	3.55	300018	中元华电	SZ	5.45	3.55	
385	11/2/12	5.41	5.45	5.39	5.45	608200	3.55	300018	中元华电	SZ	5.43	3.54	
386	11/1/12	5.3	5.45	5.3	5.43	909800	3.54	300018	中元华电	SZ	5.35	3.48	
387	10/31/12	5.32	5.35	5.27	5.35	591800	3.48	300018	中元华电	SZ	5.31	3.46	
388	10/30/12	5.36	5.41	5.27	5.31	1096000	3.46	300018	中元华电	SZ	5.37	3.5	
389	10/29/12	5.36	5.41	5.35	5.37	803800	3.5	300018	中元华电	SZ	5.35	3.49	
390	10/26/12	5.52	5.54	5.33	5.35	1395700	3.49	300018	中元华电	SZ	5.53	3.6	
391	10/25/12	5.61	5.63	5.53	5.53	1080700	3.6	300018	中元华电	SZ	5.58	3.64	
392	10/24/12	5.58	5.65	5.55	5.58	702800	3.64	300018	中元华电	SZ	5.61	3.66	
393	10/23/12	5.67	5.69	5.61	5.61	1021800	3.66	300018	中元华电	SZ	5.67	3.7	
394	10/22/12	5.64	5.68	5.57	5.67	1264300	3.7	300018	中元华电	SZ	5.65	3.68	
395	10/19/12	5.67	5.68	5.63	5.65	850600	3.68	300018	中元华电	SZ	5.67	3.69	
396	10/18/12	5.56	5.7	5.54	5.67	2031700	3.69	300018	中元华电	SZ	5.56	3.62	
397	10/17/12	5.51	5.56	5.48	5.56	1168400	3.62	300018	中元华电	SZ	5.51	3.59	
398	10/16/12	5.5	5.56	5.47	5.51	1066100	3.59	300018	中元华电	SZ	5.48	3.57	
399	10/15/12	5.6	5.61	5.44	5.48	1139200	3.57	300018	中元华电	SZ	5.61	3.65	
400	10/12/12	5.62	5.68	5.54	5.61	1461200	3.65	300018	中元华电	SZ	5.61	3.66	
401	10/11/12	5.7	5.74	5.61	5.61	1050000	3.66	300018	中元华电	SZ	5.75	3.74	
402	10/10/12	5.68	5.77	5.67	5.75	996000	3.74	300018	中元华电	SZ	5.72	3.73	
403	10/9/12	5.6	5.72	5.6	5.72	1446800	3.73	300018	中元华电	SZ	5.59	3.64	
404	10/8/12	5.55	5.63	5.55	5.59	474000	3.64	300018	中元华电	SZ	5.61	3.66	
405	10/5/12	5.61	5.61	5.61	5.61	0	3.66	300018	中元华电	SZ	5.61	3.66	
406	10/4/12	5.61	5.61	5.61	5.61	0	3.66	300018	中元华电	SZ	5.61	3.66	
407	10/3/12	5.61	5.61	5.61	5.61	0	3.66	300018	中元华电	SZ	5.61	3.66	
408	10/2/12	5.61	5.61	5.61	5.61	0	3.66	300018	中元华电	SZ	5.61	3.66	
409	10/1/12	5.61	5.61	5.61	5.61	0	3.66	300018	中元华电	SZ	5.61	3.66	
410	9/28/12	5.49	5.61	5.44	5.61	704400	3.66	300018	中元华电	SZ	5.54	3.61	
411	9/27/12	5.41	5.58	5.41	5.54	796700	3.61	300018	中元华电	SZ	5.41	3.53	
412	9/26/12	5.63	5.63	5.41	5.41	845300	3.53	300018	中元华电	SZ	5.59	3.64	
413	9/25/12	5.67	5.69	5.55	5.59	775400	3.64	300018	中元华电	SZ	5.71	3.72	
414	9/24/12	5.61	5.75	5.58	5.71	733100	3.72	300018	中元华电	SZ	5.69	3.7	
415	9/21/12	5.77	5.79	5.64	5.69	703000	3.7	300018	中元华电	SZ	5.74	3.74	
416	9/20/12	5.93	5.95	5.72	5.74	1078300	3.74	300018	中元华电	SZ	5.93	3.86	
417	9/19/12	5.87	5.95	5.87	5.93	566900	3.86	300018	中元华电	SZ	5.89	3.84	
418	9/18/12	5.87	5.97	5.86	5.89	711300	3.84	300018	中元华电	SZ	5.87	3.82	
419	9/17/12	6.19	6.19	5.87	5.87	1361300	3.82	300018	中元华电	SZ	6.13	4	
420	9/14/12	6.26	6.31	6.09	6.13	1782400	4	300018	中元华电	SZ	6.23	4.06	
421	9/13/12	6.23	6.35	6.19	6.23	3026900	4.06	300018	中元华电	SZ	6.23	4.06	
422	9/12/12	6.23	6.27	6.12	6.23	2223100	4.06	300018	中元华电	SZ	6.24	4.07	
423	9/11/12	6.21	6.31	6.19	6.24	1479800	4.07	300018	中元华电	SZ	6.24	4.07	
424	9/10/12	6.25	6.29	6.17	6.24	2009000	4.07	300018	中元华电	SZ	6.25	4.07	
425	9/7/12	6.13	6.31	6.09	6.25	3197600	4.07	300018	中元华电	SZ	6.09	3.97	
426	9/6/12	6.03	6.15	6.03	6.09	1603200	3.97	300018	中元华电	SZ	6.03	3.93	
427	9/5/12	5.81	6.04	5.81	6.03	1427100	3.93	300018	中元华电	SZ	5.84	3.8	
428	9/4/12	5.87	5.97	5.83	5.84	758100	3.8	300018	中元华电	SZ	5.86	3.82	
429	9/3/12	5.75	5.93	5.7	5.86	623800	3.82	300018	中元华电	SZ	5.79	3.77	
430	8/31/12	5.67	5.87	5.67	5.79	1005300	3.77	300018	中元华电	SZ	5.76	3.75	
431	8/30/12	5.96	6.03	5.67	5.76	1129400	3.75	300018	中元华电	SZ	5.96	3.88	
432	8/29/12	5.9	6.06	5.9	5.96	731100	3.88	300018	中元华电	SZ	5.96	3.88	
433	8/28/12	5.91	5.99	5.83	5.96	765100	3.88	300018	中元华电	SZ	5.91	3.85	
434	8/27/12	6.01	6.09	5.88	5.91	1795400	3.85	300018	中元华电	SZ	6.05	3.94	
435	8/24/12	6.2	6.27	6.05	6.05	1303300	3.94	300018	中元华电	SZ	6.2	4.04	
436	8/23/12	6.07	6.21	6.05	6.2	1315200	4.04	300018	中元华电	SZ	6.11	3.98	
437	8/22/12	6.14	6.26	6.01	6.11	1883100	3.98	300018	中元华电	SZ	6.13	4	
438	8/21/12	6.08	6.24	6.04	6.13	1323200	4	300018	中元华电	SZ	6.08	3.96	
439	8/20/12	5.99	6.11	5.95	6.08	1145300	3.96	300018	中元华电	SZ	6.01	3.91	
440	8/17/12	5.9	6.08	5.89	6.01	785000	3.91	300018	中元华电	SZ	5.93	3.87	
441	8/16/12	5.91	6.07	5.85	5.93	974100	3.87	300018	中元华电	SZ	5.85	3.81	
442	8/15/12	5.95	5.97	5.85	5.85	490700	3.81	300018	中元华电	SZ	5.94	3.87	
443	8/14/12	5.91	5.97	5.75	5.94	1068100	3.87	300018	中元华电	SZ	5.91	3.85	
444	8/13/12	6.12	6.12	5.9	5.91	1028000	3.85	300018	中元华电	SZ	6.11	3.98	
445	8/10/12	6.08	6.18	6.04	6.11	1094800	3.98	300018	中元华电	SZ	6.08	3.96	
446	8/9/12	6.01	6.08	5.95	6.08	1157000	3.96	300018	中元华电	SZ	6.01	3.91	
447	8/8/12	6.06	6.13	5.91	6.01	1318100	3.91	300018	中元华电	SZ	6.11	3.98	
448	8/7/12	5.85	6.43	5.84	6.11	3546700	3.98	300018	中元华电	SZ	5.87	3.82	
449	8/6/12	5.73	5.9	5.71	5.87	1084500	3.82	300018	中元华电	SZ	5.75	3.74	
450	8/3/12	5.67	5.75	5.62	5.75	639000	3.74	300018	中元华电	SZ	5.64	3.67	
451	8/2/12	5.76	5.78	5.61	5.64	965700	3.67	300018	中元华电	SZ	5.79	3.77	
452	8/1/12	5.66	5.85	5.63	5.79	1479700	3.77	300018	中元华电	SZ	5.71	3.72	
453	7/31/12	5.68	5.79	5.53	5.71	2009300	3.72	300018	中元华电	SZ	5.8	3.78	
454	7/30/12	5.89	6.04	5.75	5.8	2569000	3.78	300018	中元华电	SZ	5.73	3.73	
455	7/27/12	5.7	5.77	5.69	5.73	451200	3.73	300018	中元华电	SZ	5.69	3.71	
456	7/26/12	5.72	5.81	5.67	5.69	522300	3.71	300018	中元华电	SZ	5.72	3.73	
457	7/25/12	5.71	5.81	5.68	5.72	652000	3.73	300018	中元华电	SZ	5.75	3.75	
458	7/24/12	5.63	5.81	5.63	5.75	870500	3.75	300018	中元华电	SZ	5.68	3.7	
459	7/23/12	5.78	5.78	5.65	5.68	759900	3.7	300018	中元华电	SZ	5.83	3.8	
460	7/20/12	5.81	5.89	5.8	5.83	732500	3.8	300018	中元华电	SZ	5.85	3.81	
461	7/19/12	5.71	5.96	5.71	5.85	1130500	3.81	300018	中元华电	SZ	5.77	3.76	
462	7/18/12	5.75	5.77	5.61	5.77	848600	3.76	300018	中元华电	SZ	5.75	3.75	
463	7/17/12	5.75	5.78	5.66	5.75	973600	3.75	300018	中元华电	SZ	5.75	3.75	
464	7/16/12	6.17	6.19	5.74	5.75	1585000	3.75	300018	中元华电	SZ	6.2	4.04	
465	7/13/12	6.22	6.31	6.15	6.2	1142500	4.04	300018	中元华电	SZ	6.29	4.1	
466	7/12/12	6.2	6.32	6.11	6.29	1344800	4.1	300018	中元华电	SZ	6.23	4.06	
467	7/11/12	6.07	6.37	6.05	6.23	1777100	4.06	300018	中元华电	SZ	6.05	3.94	
468	7/10/12	6.09	6.13	6.04	6.05	593600	3.94	300018	中元华电	SZ	6.1	3.97	
469	7/9/12	6.29	6.29	6.1	6.1	982600	3.97	300018	中元华电	SZ	6.31	4.11	
470	7/6/12	6.29	6.35	6.09	6.31	1297700	4.11	300018	中元华电	SZ	6.21	4.05	
471	7/5/12	6.25	6.33	6.16	6.21	883500	4.05	300018	中元华电	SZ	6.33	4.13	
472	7/4/12	6.4	6.41	6.33	6.33	905500	4.13	300018	中元华电	SZ	6.37	4.15	
473	7/3/12	6.31	6.45	6.31	6.37	1365500	4.15	300018	中元华电	SZ	6.32	4.12	
474	7/2/12	6.3	6.38	6.23	6.32	1261900	4.12	300018	中元华电	SZ	6.27	4.08	
475	6/29/12	6.2	6.28	6.04	6.27	1220300	4.08	300018	中元华电	SZ	6.23	4.06	
476	6/28/12	6.24	6.37	6.21	6.23	1412500	4.06	300018	中元华电	SZ	6.23	4.06	
477	6/27/12	6.23	6.4	6.17	6.23	1286800	4.06	300018	中元华电	SZ	6.24	4.07	
478	6/26/12	6.3	6.31	6.14	6.24	1698500	4.07	300018	中元华电	SZ	6.3	4.1	
479	6/25/12	6.52	6.56	6.29	6.3	1590100	4.1	300018	中元华电	SZ	6.53	4.26	
480	6/22/12	6.53	6.53	6.53	6.53	0	4.26	300018	中元华电	SZ	6.53	4.26	
481	6/21/12	6.67	6.72	6.47	6.53	2847000	4.26	300018	中元华电	SZ	6.74	4.39	
482	6/20/12	6.4	6.77	6.37	6.74	4485800	4.39	300018	中元华电	SZ	6.43	4.19	
483	6/19/12	6.54	6.54	6.4	6.43	1208900	4.19	300018	中元华电	SZ	6.54	4.26	
484	6/18/12	6.57	6.59	6.49	6.54	1389400	4.26	300018	中元华电	SZ	6.63	4.23	
485	6/15/12	6.51	6.64	6.47	6.63	1465500	4.23	300018	中元华电	SZ	6.51	4.15	
486	6/14/12	6.52	6.66	6.49	6.51	1353900	4.15	300018	中元华电	SZ	6.59	4.2	
487	6/13/12	6.47	6.63	6.39	6.59	1432300	4.2	300018	中元华电	SZ	6.39	4.08	
488	6/12/12	6.4	6.44	6.33	6.39	993900	4.08	300018	中元华电	SZ	6.4	4.08	
489	6/11/12	6.25	6.45	6.25	6.4	930900	4.08	300018	中元华电	SZ	6.25	3.99	
490	6/8/12	6.3	6.33	6.23	6.25	790700	3.99	300018	中元华电	SZ	6.25	3.99	
491	6/7/12	6.35	6.4	6.21	6.25	889600	3.99	300018	中元华电	SZ	6.31	4.02	
492	6/6/12	6.39	6.39	6.29	6.31	907300	4.02	300018	中元华电	SZ	6.33	4.04	
493	6/5/12	6.31	6.42	6.31	6.33	893900	4.04	300018	中元华电	SZ	6.35	4.05	
494	6/4/12	6.52	6.52	6.34	6.35	1332100	4.05	300018	中元华电	SZ	6.63	4.23	
495	6/1/12	6.61	6.71	6.58	6.63	1306000	4.23	300018	中元华电	SZ	6.65	4.25	
496	5/31/12	6.59	6.7	6.56	6.65	1393400	4.25	300018	中元华电	SZ	6.65	4.24	
497	5/30/12	6.56	6.69	6.55	6.65	1423700	4.24	300018	中元华电	SZ	6.57	4.19	
498	5/29/12	6.49	6.61	6.47	6.57	819500	4.19	300018	中元华电	SZ	6.47	4.13	
499	5/28/12	6.42	6.51	6.28	6.47	1082000	4.13	300018	中元华电	SZ	6.42	4.1	
500	5/25/12	6.59	6.6	6.39	6.42	867400	4.1	300018	中元华电	SZ	6.57	4.19	
501	5/24/12	6.56	6.66	6.53	6.57	713500	4.19	300018	中元华电	SZ	6.56	4.19	
502	5/23/12	6.64	6.69	6.53	6.56	1151400	4.19	300018	中元华电	SZ	6.69	4.27	
503	5/22/12	6.59	6.71	6.55	6.69	715500	4.27	300018	中元华电	SZ	6.65	4.24	
504	5/21/12	6.87	6.87	6.59	6.65	1546300	4.24	300018	中元华电	SZ	6.69	4.27	
505	5/18/12	6.6	6.69	6.5	6.69	1574900	4.27	300018	中元华电	SZ	6.61	4.22	
506	5/17/12	6.47	6.64	6.45	6.61	679600	4.22	300018	中元华电	SZ	6.53	4.17	
507	5/16/12	6.56	6.62	6.51	6.53	1099700	4.17	300018	中元华电	SZ	6.61	4.22	
508	5/15/12	6.53	6.63	6.48	6.61	935900	4.22	300018	中元华电	SZ	6.63	4.23	
509	5/14/12	6.73	6.76	6.62	6.63	1177000	4.23	300018	中元华电	SZ	6.67	4.26	
510	5/11/12	6.77	6.8	6.65	6.67	1509900	4.26	300018	中元华电	SZ	6.79	4.34	
511	5/10/12	6.66	6.81	6.65	6.79	1204000	4.34	300018	中元华电	SZ	6.75	4.31	
512	5/9/12	6.89	6.89	6.75	6.75	1557200	4.31	300018	中元华电	SZ	6.95	4.43	
513	5/8/12	6.88	6.99	6.81	6.95	1806100	4.43	300018	中元华电	SZ	6.9	4.4	
514	5/7/12	6.8	6.95	6.72	6.9	1525900	4.4	300018	中元华电	SZ	6.84	4.37	
515	5/4/12	6.72	6.96	6.67	6.84	1480100	4.37	300018	中元华电	SZ	6.68	4.26	
516	5/3/12	6.67	6.71	6.56	6.68	939000	4.26	300018	中元华电	SZ	6.65	4.25	
517	5/2/12	6.6	6.71	6.52	6.65	1428600	4.25	300018	中元华电	SZ	6.5	4.15	
518	5/1/12	6.5	6.5	6.5	6.5	0	4.15	300018	中元华电	SZ	6.5	4.15	
519	4/30/12	6.5	6.5	6.5	6.5	0	4.15	300018	中元华电	SZ	6.5	4.15	
520	4/27/12	6.53	6.56	6.45	6.5	1364100	4.15	300018	中元华电	SZ	6.5	4.15	
521	4/26/12	6.5	6.57	6.43	6.5	1616400	4.15	300018	中元华电	SZ	6.47	4.13	
522	4/25/12	6.47	6.47	6.47	6.47	0	4.13	300018	中元华电	SZ	6.47	4.13	
523	4/24/12	6.6	6.61	6.27	6.47	2798400	4.13	300018	中元华电	SZ	6.67	4.25	
524	4/23/12	6.99	6.99	6.61	6.67	3464900	4.25	300018	中元华电	SZ	7.03	4.49	
525	4/20/12	6.93	7.1	6.88	7.03	1887200	4.49	300018	中元华电	SZ	6.94	4.43	
526	4/19/12	6.91	7.05	6.87	6.94	1481400	4.43	300018	中元华电	SZ	6.99	4.46	
527	4/18/12	6.95	7.02	6.76	6.99	3213400	4.46	300018	中元华电	SZ	6.92	4.42	
528	4/17/12	6.67	7.33	6.61	6.92	5501100	4.42	300018	中元华电	SZ	6.67	4.25	
529	4/16/12	6.61	6.69	6.55	6.67	1012800	4.25	300018	中元华电	SZ	6.68	4.26	
530	4/13/12	6.7	6.73	6.59	6.68	1732800	4.26	300018	中元华电	SZ	6.67	4.26	
531	4/12/12	6.51	6.71	6.51	6.67	2181800	4.26	300018	中元华电	SZ	6.51	4.15	
532	4/11/12	6.47	6.58	6.43	6.51	908000	4.15	300018	中元华电	SZ	6.55	4.18	
533	4/10/12	6.4	6.55	6.29	6.55	932900	4.18	300018	中元华电	SZ	6.45	4.12	
534	4/9/12	6.49	6.53	6.39	6.45	1061200	4.12	300018	中元华电	SZ	6.51	4.16	
535	4/6/12	6.47	6.55	6.44	6.51	795500	4.16	300018	中元华电	SZ	6.47	4.13	
536	4/5/12	6.42	6.49	6.37	6.47	1189500	4.13	300018	中元华电	SZ	6.33	4.04	
537	4/4/12	6.33	6.33	6.33	6.33	0	4.04	300018	中元华电	SZ	6.33	4.04	
538	4/3/12	6.33	6.33	6.33	6.33	0	4.04	300018	中元华电	SZ	6.33	4.04	
539	4/2/12	6.33	6.33	6.33	6.33	0	4.04	300018	中元华电	SZ	6.33	4.04	
540	3/30/12	6.37	6.45	6.28	6.33	1022300	4.04	300018	中元华电	SZ	6.35	4.05	
541	3/29/12	6.53	6.58	6.31	6.35	954600	4.05	300018	中元华电	SZ	6.52	4.16	
542	3/28/12	6.75	6.81	6.51	6.52	1820300	4.16	300018	中元华电	SZ	6.83	4.36	
543	3/27/12	6.89	6.93	6.82	6.83	698100	4.36	300018	中元华电	SZ	6.83	4.36	
544	3/26/12	6.83	6.94	6.78	6.83	696200	4.36	300018	中元华电	SZ	6.87	4.38	
545	3/23/12	7.06	7.06	6.83	6.87	1204700	4.38	300018	中元华电	SZ	7.06	4.51	
546	3/22/12	6.95	7.13	6.95	7.06	1154200	4.51	300018	中元华电	SZ	6.98	4.45	
547	3/21/12	7.07	7.12	6.8	6.98	1794700	4.45	300018	中元华电	SZ	7.04	4.49	
548	3/20/12	7.27	7.27	7.04	7.04	1522000	4.49	300018	中元华电	SZ	7.25	4.63	
549	3/19/12	7.19	7.25	7.1	7.25	1806000	4.63	300018	中元华电	SZ	7.19	4.59	
550	3/16/12	7.09	7.19	7.04	7.19	1822500	4.59	300018	中元华电	SZ	7.07	4.51	
551	3/15/12	7.21	7.27	7	7.07	2370100	4.51	300018	中元华电	SZ	7.23	4.61	
552	3/14/12	7.67	7.72	7.1	7.23	4269600	4.61	300018	中元华电	SZ	7.66	4.89	
553	3/13/12	7.61	7.66	7.51	7.66	2868200	4.89	300018	中元华电	SZ	7.58	4.84	
554	3/12/12	7.59	7.61	7.49	7.58	1879900	4.84	300018	中元华电	SZ	7.6	4.85	
555	3/9/12	7.46	7.63	7.4	7.6	2201600	4.85	300018	中元华电	SZ	7.45	4.75	
556	3/8/12	7.33	7.51	7.33	7.45	1839600	4.75	300018	中元华电	SZ	7.32	4.67	
557	3/7/12	7.28	7.43	7.22	7.32	1834000	4.67	300018	中元华电	SZ	7.31	4.67	
558	3/6/12	7.51	7.51	7.27	7.31	2046500	4.67	300018	中元华电	SZ	7.51	4.79	
559	3/5/12	7.59	7.7	7.49	7.51	2436300	4.79	300018	中元华电	SZ	7.56	4.82	
560	3/2/12	7.48	7.56	7.43	7.56	2219400	4.82	300018	中元华电	SZ	7.45	4.75	
561	3/1/12	7.41	7.55	7.41	7.45	1774600	4.75	300018	中元华电	SZ	7.43	4.74	
562	2/29/12	7.52	7.55	7.39	7.43	1727200	4.74	300018	中元华电	SZ	7.51	4.79	
563	2/28/12	7.77	7.85	7.45	7.51	4063300	4.79	300018	中元华电	SZ	7.78	4.97	
564	2/27/12	7.76	8.02	7.74	7.78	6193700	4.97	300018	中元华电	SZ	7.9	5.04	
565	2/24/12	7.35	8.05	7.35	7.9	8563900	5.04	300018	中元华电	SZ	7.32	4.67	
566	2/23/12	7.34	7.45	7.15	7.32	3476600	4.67	300018	中元华电	SZ	7.33	4.68	
567	2/22/12	7.07	7.38	7.05	7.33	4032600	4.68	300018	中元华电	SZ	7.09	4.53	
568	2/21/12	6.9	7.13	6.79	7.09	2681600	4.53	300018	中元华电	SZ	6.96	4.44	
569	2/20/12	7.01	7.1	6.94	6.96	2042200	4.44	300018	中元华电	SZ	6.93	4.42	
570	2/17/12	7.01	7.1	6.87	6.93	1565400	4.42	300018	中元华电	SZ	7	4.47	
571	2/16/12	7.01	7.15	6.93	7	2412000	4.47	300018	中元华电	SZ	7.02	4.48	
572	2/15/12	6.84	7.05	6.83	7.02	2112800	4.48	300018	中元华电	SZ	6.9	4.4	
573	2/14/12	6.95	6.97	6.81	6.9	1151100	4.4	300018	中元华电	SZ	6.97	4.45	
574	2/13/12	6.79	7.04	6.69	6.97	1722100	4.45	300018	中元华电	SZ	6.86	4.38	
575	2/10/12	6.87	6.92	6.79	6.86	1615400	4.38	300018	中元华电	SZ	6.87	4.38	
576	2/9/12	6.81	6.99	6.74	6.87	2035000	4.38	300018	中元华电	SZ	6.84	4.37	
577	2/8/12	6.58	6.84	6.48	6.84	2001300	4.37	300018	中元华电	SZ	6.53	4.17	
578	2/7/12	6.73	6.73	6.51	6.53	1489300	4.17	300018	中元华电	SZ	6.73	4.29	
579	2/6/12	6.62	6.77	6.56	6.73	1886800	4.29	300018	中元华电	SZ	6.6	4.21	
580	2/3/12	6.42	6.66	6.4	6.6	1990900	4.21	300018	中元华电	SZ	6.42	4.1	
581	2/2/12	6.28	6.43	6.27	6.42	1003300	4.1	300018	中元华电	SZ	6.28	4.01	
582	2/1/12	6.37	6.48	6.27	6.28	656300	4.01	300018	中元华电	SZ	6.37	4.06	
583	1/31/12	6.33	6.45	6.23	6.37	879800	4.06	300018	中元华电	SZ	6.43	4.1	
584	1/30/12	6.48	6.57	6.37	6.43	943800	4.1	300018	中元华电	SZ	6.45	4.12	
585	1/27/12	6.45	6.45	6.45	6.45	0	4.12	300018	中元华电	SZ	6.45	4.12	
586	1/26/12	6.45	6.45	6.45	6.45	0	4.12	300018	中元华电	SZ	6.45	4.12	
587	1/25/12	6.45	6.45	6.45	6.45	0	4.12	300018	中元华电	SZ	6.45	4.12	
588	1/24/12	6.45	6.45	6.45	6.45	0	4.12	300018	中元华电	SZ	6.45	4.12	
589	1/23/12	6.45	6.45	6.45	6.45	0	4.12	300018	中元华电	SZ	6.45	4.12	
590	1/20/12	6.39	6.5	6.36	6.45	762700	4.12	300018	中元华电	SZ	6.38	4.07	
591	1/19/12	6.21	6.39	6.14	6.38	884300	4.07	300018	中元华电	SZ	6.2	3.96	
592	1/18/12	6.49	6.65	6.19	6.2	1327700	3.96	300018	中元华电	SZ	6.49	4.14	
593	1/17/12	6.03	6.57	6.03	6.49	1049700	4.14	300018	中元华电	SZ	6.12	3.91	
594	1/16/12	6.37	6.43	6.12	6.12	969600	3.91	300018	中元华电	SZ	6.46	4.12	
595	1/13/12	6.89	6.92	6.45	6.46	1357600	4.12	300018	中元华电	SZ	6.87	4.38	
596	1/12/12	6.87	7.07	6.83	6.87	1496600	4.38	300018	中元华电	SZ	6.98	4.45	
597	1/11/12	6.87	7.1	6.84	6.98	1920400	4.45	300018	中元华电	SZ	6.91	4.41	
598	1/10/12	6.67	6.95	6.63	6.91	1787600	4.41	300018	中元华电	SZ	6.65	4.25	
599	1/9/12	6.38	6.66	6.29	6.65	1115600	4.25	300018	中元华电	SZ	6.38	4.07	
600	1/6/12	6.3	6.4	6.12	6.38	1005500	4.07	300018	中元华电	SZ	6.3	4.02	
601	1/5/12	6.65	6.7	6.27	6.3	1285300	4.02	300018	中元华电	SZ	6.73	4.3	
602	1/4/12	6.95	7.13	6.7	6.73	917200	4.3	300018	中元华电	SZ	6.93	4.42	
603	1/3/12	6.95	6.96	6.83	6.93	855600	4.42	300018	中元华电	SZ	6.93	4.42	
604	1/2/12	6.95	6.96	6.83	6.93	855600	4.42	300018	中元华电	SZ	6.93	4.42	
605	12/30/11	6.95	6.96	6.83	6.93	855600	4.42	300018	中元华电	SZ	6.85	4.37	
606	12/29/11	6.8	6.87	6.72	6.85	660400	4.37	300018	中元华电	SZ	6.8	4.34	
607	12/28/11	6.8	6.85	6.63	6.8	751100	4.34	300018	中元华电	SZ	6.8	4.34	
608	12/27/11	7.01	7.13	6.79	6.8	1075500	4.34	300018	中元华电	SZ	7.16	4.57	
609	12/26/11	7.21	7.33	7.13	7.16	584800	4.57	300018	中元华电	SZ	7.2	4.59	
610	12/23/11	7.17	7.35	7.01	7.2	914200	4.59	300018	中元华电	SZ	7.19	4.59	
611	12/22/11	7.39	7.39	6.85	7.19	1572300	4.59	300018	中元华电	SZ	7.39	4.71	
612	12/21/11	7.79	7.81	7.38	7.39	1321000	4.71	300018	中元华电	SZ	7.69	4.91	
613	12/20/11	7.73	7.87	7.61	7.69	1672100	4.91	300018	中元华电	SZ	7.72	4.93	
614	12/19/11	7.56	7.73	7.37	7.72	1108600	4.93	300018	中元华电	SZ	7.62	4.86	
615	12/16/11	7.35	7.64	7.21	7.62	1176500	4.86	300018	中元华电	SZ	7.31	4.67	
616	12/15/11	7.41	7.51	7.23	7.31	1106800	4.67	300018	中元华电	SZ	7.44	4.75	
617	12/14/11	7.53	7.66	7.41	7.44	691100	4.75	300018	中元华电	SZ	7.53	4.81	
618	12/13/11	7.74	7.81	7.49	7.53	1170000	4.81	300018	中元华电	SZ	7.85	5.01	
619	12/12/11	7.93	8	7.82	7.85	654900	5.01	300018	中元华电	SZ	7.93	5.06	
620	12/9/11	7.93	8.08	7.89	7.93	928100	5.06	300018	中元华电	SZ	8.07	5.15	
621	12/8/11	8.03	8.19	7.81	8.07	1502500	5.15	300018	中元华电	SZ	8.03	5.13	
622	12/7/11	7.87	8.09	7.87	8.03	1079100	5.13	300018	中元华电	SZ	7.9	5.04	
623	12/6/11	7.76	7.96	7.75	7.9	1059100	5.04	300018	中元华电	SZ	7.76	4.95	
624	12/5/11	7.77	7.99	7.73	7.76	1011200	4.95	300018	中元华电	SZ	7.89	5.03	
625	12/2/11	8.13	8.23	7.87	7.89	1780600	5.03	300018	中元华电	SZ	8.13	5.19	
626	12/1/11	8.33	8.39	8.13	8.13	2819300	5.19	300018	中元华电	SZ	8.03	5.13	
627	11/30/11	8.83	8.83	7.97	8.03	3390500	5.13	300018	中元华电	SZ	8.82	5.63	
628	11/29/11	8.65	8.89	8.57	8.82	2433500	5.63	300018	中元华电	SZ	8.56	5.46	
629	11/28/11	8.67	8.79	8.47	8.56	1764100	5.46	300018	中元华电	SZ	8.7	5.55	
630	11/25/11	8.87	9.08	8.65	8.7	2535900	5.55	300018	中元华电	SZ	8.96	5.72	
631	11/24/11	8.94	9.09	8.72	8.96	2215200	5.72	300018	中元华电	SZ	9.05	5.78	
632	11/23/11	8.93	9.3	8.89	9.05	3819300	5.78	300018	中元华电	SZ	8.91	5.69	
633	11/22/11	8.9	8.99	8.71	8.91	2046300	5.69	300018	中元华电	SZ	9.03	5.76	
634	11/21/11	8.84	9.05	8.67	9.03	2442900	5.76	300018	中元华电	SZ	8.84	5.64	
635	11/18/11	9.13	9.13	8.77	8.84	2763300	5.64	300018	中元华电	SZ	9.17	5.85	
636	11/17/11	9.33	9.48	9.14	9.17	3369700	5.85	300018	中元华电	SZ	9.28	5.92	
637	11/16/11	9.79	9.8	9.21	9.28	4748600	5.92	300018	中元华电	SZ	9.8	6.25	
638	11/15/11	9.92	9.96	9.67	9.8	4086000	6.25	300018	中元华电	SZ	9.89	6.31	
639	11/14/11	9.55	10.32	9.55	9.89	6971600	6.31	300018	中元华电	SZ	9.55	6.1	
640	11/11/11	9.4	9.85	9.3	9.55	6752000	6.1	300018	中元华电	SZ	9.4	6	
641	11/10/11	9.39	9.88	9.28	9.4	8787300	6	300018	中元华电	SZ	9.61	6.13	
642	11/9/11	8.98	9.62	8.98	9.61	7377400	6.13	300018	中元华电	SZ	8.94	5.71	
643	11/8/11	9.33	9.37	8.87	8.94	3705400	5.71	300018	中元华电	SZ	9.27	5.92	
644	11/7/11	9.22	9.46	9.22	9.27	4095700	5.92	300018	中元华电	SZ	9.3	5.94	
645	11/4/11	9.61	9.73	9.2	9.3	8118400	5.94	300018	中元华电	SZ	9.47	6.05	
646	11/3/11	8.81	9.47	8.79	9.47	9741600	6.05	300018	中元华电	SZ	8.61	5.5	
647	11/2/11	8.23	8.65	8.14	8.61	2458300	5.5	300018	中元华电	SZ	8.34	5.32	
648	11/1/11	8.31	8.39	8.2	8.34	1545600	5.32	300018	中元华电	SZ	8.38	5.35	
649	10/31/11	8.15	8.45	8.13	8.38	2303000	5.35	300018	中元华电	SZ	8.23	5.25	
650	10/28/11	8.19	8.25	8.08	8.23	1742100	5.25	300018	中元华电	SZ	8.04	5.13	
651	10/27/11	8.06	8.27	8.03	8.04	1153600	5.13	300018	中元华电	SZ	8.11	5.18	
652	10/26/11	7.97	8.21	7.87	8.11	1697500	5.18	300018	中元华电	SZ	7.98	5.09	
653	10/25/11	7.79	8.12	7.72	7.98	1154500	5.09	300018	中元华电	SZ	7.79	4.97	
654	10/24/11	7.69	7.83	7.47	7.79	1090700	4.97	300018	中元华电	SZ	7.65	4.88	
655	10/21/11	7.91	7.91	7.65	7.65	573700	4.88	300018	中元华电	SZ	7.85	5.01	
656	10/20/11	8.3	8.3	7.78	7.85	1243700	5.01	300018	中元华电	SZ	8.23	5.25	
657	10/19/11	8.25	8.37	8.15	8.23	666800	5.25	300018	中元华电	SZ	8.28	5.28	
658	10/18/11	8.53	8.62	8.27	8.28	998800	5.28	300018	中元华电	SZ	8.57	5.47	
659	10/17/11	8.66	8.66	8.47	8.57	595700	5.47	300018	中元华电	SZ	8.56	5.46	
660	10/14/11	8.57	8.63	8.47	8.56	814400	5.46	300018	中元华电	SZ	8.61	5.5	
661	10/13/11	8.39	8.64	8.36	8.61	1588300	5.5	300018	中元华电	SZ	8.41	5.37	
662	10/12/11	8.08	8.44	8.08	8.41	1468100	5.37	300018	中元华电	SZ	8.15	5.2	
663	10/11/11	8.22	8.39	8.05	8.15	764600	5.2	300018	中元华电	SZ	8.06	5.14	
664	10/10/11	8.27	8.29	8.05	8.06	630000	5.14	300018	中元华电	SZ	8.13	5.19	
665	9/29/11	8.45	8.5	8.13	8.13	1093500	5.19	300018	中元华电	SZ	8.45	5.39	
666	9/28/11	8.57	8.65	8.34	8.45	1152100	5.39	300018	中元华电	SZ	8.51	5.43	
667	9/27/11	8.49	8.62	8.4	8.51	603000	5.43	300018	中元华电	SZ	8.4	5.36	
668	9/26/11	8.53	8.72	8.35	8.4	1123400	5.36	300018	中元华电	SZ	8.67	5.53	
669	9/23/11	8.75	8.85	8.13	8.67	1679700	5.53	300018	中元华电	SZ	8.91	5.68	
670	9/22/11	9.13	9.25	8.91	8.91	1270400	5.68	300018	中元华电	SZ	9.22	5.88	
671	9/21/11	8.93	9.29	8.81	9.22	1644800	5.88	300018	中元华电	SZ	8.95	5.71	
672	9/20/11	8.87	8.95	8.74	8.95	791100	5.71	300018	中元华电	SZ	8.84	5.64	
673	9/19/11	9.1	9.1	8.81	8.84	1042000	5.64	300018	中元华电	SZ	9.09	5.8	
674	9/16/11	9.3	9.38	9.09	9.09	973700	5.8	300018	中元华电	SZ	9.23	5.89	
675	9/15/11	9.19	9.32	9.15	9.23	1280500	5.89	300018	中元华电	SZ	9.24	5.9	
676	9/14/11	8.97	9.24	8.9	9.24	1345200	5.9	300018	中元华电	SZ	9.09	5.8	
677	9/9/11	9.11	9.29	9.04	9.09	1040700	5.8	300018	中元华电	SZ	9.11	5.82	
678	9/8/11	9.29	9.42	9.11	9.11	1262800	5.82	300018	中元华电	SZ	9.28	5.92	
679	9/7/11	9.09	9.32	9	9.28	1344100	5.92	300018	中元华电	SZ	9.03	5.76	
680	9/6/11	9.07	9.17	8.95	9.03	985800	5.76	300018	中元华电	SZ	9.14	5.83	
681	9/5/11	9.33	9.33	9.09	9.14	1243600	5.83	300018	中元华电	SZ	9.4	6	
682	9/2/11	9.37	9.46	9.2	9.4	1368300	6	300018	中元华电	SZ	9.37	5.98	
683	9/1/11	9.66	9.73	9.3	9.37	2555100	5.98	300018	中元华电	SZ	9.6	6.13	
684	8/31/11	9.8	9.91	9.47	9.6	3572900	6.13	300018	中元华电	SZ	9.99	6.37	
685	8/30/11	9.77	10.51	9.62	9.99	7172600	6.37	300018	中元华电	SZ	9.56	6.1	
686	8/29/11	9.73	9.79	9.54	9.56	1955200	6.1	300018	中元华电	SZ	9.79	6.25	
687	8/26/11	9.69	9.85	9.65	9.79	1787100	6.25	300018	中元华电	SZ	9.7	6.19	
688	8/25/11	9.55	9.75	9.43	9.7	2287800	6.19	300018	中元华电	SZ	9.55	6.09	
689	8/24/11	9.67	9.82	9.53	9.55	2904300	6.09	300018	中元华电	SZ	9.65	6.16	
690	8/23/11	9.4	9.67	9.31	9.65	2857300	6.16	300018	中元华电	SZ	9.37	5.98	
691	8/22/11	9.22	9.46	9.19	9.37	1406400	5.98	300018	中元华电	SZ	9.22	5.88	
692	8/19/11	9.07	9.26	9	9.22	1338500	5.88	300018	中元华电	SZ	9.33	5.96	
693	8/18/11	9.47	9.63	9.33	9.33	1133800	5.96	300018	中元华电	SZ	9.59	6.12	
694	8/17/11	9.56	9.69	9.41	9.59	1381400	6.12	300018	中元华电	SZ	9.55	6.1	
695	8/16/11	9.68	9.9	9.51	9.55	1838300	6.1	300018	中元华电	SZ	9.73	6.21	
696	8/15/11	9.57	9.79	9.5	9.73	2093300	6.21	300018	中元华电	SZ	9.54	6.09	
697	8/12/11	9.48	9.79	9.48	9.54	1898300	6.09	300018	中元华电	SZ	9.47	6.05	
698	8/11/11	9	9.52	8.94	9.47	2078000	6.05	300018	中元华电	SZ	9.25	5.9	
699	8/10/11	9.37	9.49	9.22	9.25	2416700	5.9	300018	中元华电	SZ	9.16	5.85	
700	8/9/11	8.81	9.32	8.77	9.16	2311000	5.85	300018	中元华电	SZ	9.34	5.96	
701	8/8/11	9.97	10.12	9.2	9.34	3298600	5.96	300018	中元华电	SZ	10.16	6.48	
702	8/5/11	10.17	10.43	9.7	10.16	4719500	6.48	300018	中元华电	SZ	10.78	6.88	
703	8/4/11	11.11	11.11	10.75	10.78	2610600	6.88	300018	中元华电	SZ	11	7.02	
704	8/3/11	10.53	11.19	10.48	11	5172500	7.02	300018	中元华电	SZ	10.7	6.83	
705	8/2/11	10.45	10.8	10.03	10.7	3548400	6.83	300018	中元华电	SZ	10.53	6.72	
706	8/1/11	10.41	10.65	10.27	10.53	2063000	6.72	300018	中元华电	SZ	10.42	6.65	
707	7/29/11	10.45	10.65	10.23	10.42	1816000	6.65	300018	中元华电	SZ	10.46	6.68	
708	7/28/11	10.34	10.46	10.14	10.46	2150900	6.68	300018	中元华电	SZ	10.47	6.68	
709	7/27/11	10.23	10.53	10.12	10.47	2083300	6.68	300018	中元华电	SZ	10.23	6.53	
710	7/26/11	10.35	10.4	10.06	10.23	1911100	6.53	300018	中元华电	SZ	10.33	6.59	
711	7/25/11	10.8	10.87	10.28	10.33	3091900	6.59	300018	中元华电	SZ	10.91	6.96	
712	7/22/11	10.7	10.92	10.65	10.91	2464900	6.96	300018	中元华电	SZ	10.67	6.81	
713	7/21/11	10.67	10.8	10.57	10.67	1700100	6.81	300018	中元华电	SZ	10.71	6.83	
714	7/20/11	10.67	10.8	10.5	10.71	2786000	6.83	300018	中元华电	SZ	10.68	6.82	
715	7/19/11	11	11	10.52	10.68	4350300	6.82	300018	中元华电	SZ	11.05	7.05	
716	7/18/11	11.51	11.57	10.99	11.05	4994300	7.05	300018	中元华电	SZ	11.49	7.33	
717	7/15/11	11.27	11.57	11.19	11.49	4490900	7.33	300018	中元华电	SZ	11.26	7.19	
718	7/14/11	11.17	11.44	11.11	11.26	3663800	7.19	300018	中元华电	SZ	11.17	7.13	
719	7/13/11	10.87	11.17	10.77	11.17	3732300	7.13	300018	中元华电	SZ	10.8	6.89	
720	7/12/11	11.03	11.06	10.73	10.8	3130000	6.89	300018	中元华电	SZ	11.19	7.14	
721	7/11/11	11.15	11.25	10.98	11.19	2512900	7.14	300018	中元华电	SZ	11.15	7.11	
722	7/8/11	11.3	11.36	10.92	11.15	4594700	7.11	300018	中元华电	SZ	11.38	7.26	
723	7/7/11	11.54	11.73	11.35	11.38	5449100	7.26	300018	中元华电	SZ	11.61	7.41	
724	7/6/11	11.19	11.69	11	11.61	6768500	7.41	300018	中元华电	SZ	11.19	7.14	
725	7/5/11	11.19	11.32	11.03	11.19	4102500	7.14	300018	中元华电	SZ	11.17	7.13	
726	7/4/11	10.92	11.18	10.87	11.17	5170000	7.13	300018	中元华电	SZ	10.98	7.01	
727	7/1/11	10.73	11.47	10.63	10.98	9297500	7.01	300018	中元华电	SZ	10.69	6.82	
728	6/30/11	10.61	10.83	10.57	10.69	4496500	6.82	300018	中元华电	SZ	10.7	6.83	
729	6/29/11	10.61	10.86	10.57	10.7	5051300	6.83	300018	中元华电	SZ	10.69	6.82	
730	6/28/11	10.87	10.94	10.57	10.69	5561100	6.82	300018	中元华电	SZ	10.87	6.94	
731	6/27/11	10.69	10.9	10.55	10.87	7872900	6.94	300018	中元华电	SZ	10.77	6.88	
732	6/24/11	10.59	10.95	10.47	10.77	9203900	6.88	300018	中元华电	SZ	10.64	6.79	
733	6/23/11	10.45	10.67	10.27	10.64	7034300	6.79	300018	中元华电	SZ	10.59	6.76	
734	6/22/11	10.29	10.82	10.17	10.59	10871800	6.76	300018	中元华电	SZ	10.31	6.58	
735	6/21/11	10.19	10.46	10.07	10.31	13003000	6.58	300018	中元华电	SZ	9.92	6.33	
736	6/20/11	9.04	9.92	9.02	9.92	8724700	6.33	300018	中元华电	SZ	9.02	5.76	
737	6/17/11	9.04	9.24	9.01	9.02	998400	5.76	300018	中元华电	SZ	9.04	5.77	
738	6/16/11	9.21	9.26	9.04	9.04	1321400	5.77	300018	中元华电	SZ	9.34	5.96	
739	6/15/11	9.53	9.55	9.32	9.34	1446100	5.96	300018	中元华电	SZ	9.57	6.11	
740	6/14/11	9.46	9.64	9.41	9.57	1589600	6.11	300018	中元华电	SZ	9.5	6.06	
741	6/13/11	9.39	9.58	9.22	9.5	1718000	6.06	300018	中元华电	SZ	9.42	6.01	
742	6/10/11	9.53	9.59	9.21	9.42	2334500	6.01	300018	中元华电	SZ	9.63	6.15	
743	6/9/11	10.07	10.07	9.63	9.63	2792800	6.15	300018	中元华电	SZ	10.12	6.46	
744	6/8/11	9.9	10.12	9.75	10.12	3044500	6.46	300018	中元华电	SZ	9.89	6.31	
745	6/7/11	9.87	9.99	9.8	9.89	2406200	6.31	300018	中元华电	SZ	10.06	6.42	
746	6/3/11	10.09	10.32	9.99	10.06	4842900	6.42	300018	中元华电	SZ	10.13	6.47	
747	6/2/11	9.87	10.13	9.74	10.13	3644100	6.47	300018	中元华电	SZ	10.03	6.4	
748	6/1/11	10.17	10.33	9.95	10.03	5768700	6.4	300018	中元华电	SZ	10.12	6.46	
749	5/31/11	9.79	10.12	9.67	10.12	7384700	6.46	300018	中元华电	SZ	9.91	6.33	
750	5/30/11	8.99	9.91	8.94	9.91	7879900	6.33	300018	中元华电	SZ	9.01	5.75	
751	5/27/11	8.94	9.25	8.81	9.01	1440900	5.75	300018	中元华电	SZ	8.94	5.71	
752	5/26/11	9.09	9.13	8.91	8.94	831100	5.71	300018	中元华电	SZ	9.16	5.76	
753	5/25/11	9.33	9.33	9.03	9.16	1252500	5.76	300018	中元华电	SZ	9.43	5.93	
754	5/24/11	8.93	9.59	8.79	9.43	2630300	5.93	300018	中元华电	SZ	9.01	5.67	
755	5/23/11	9.59	9.59	9.01	9.01	1562800	5.67	300018	中元华电	SZ	9.55	6	
756	5/20/11	9.62	9.63	9.52	9.55	700100	6	300018	中元华电	SZ	9.62	6.05	
757	5/19/11	9.82	9.83	9.6	9.62	1399300	6.05	300018	中元华电	SZ	9.79	6.15	
758	5/18/11	9.72	9.83	9.59	9.79	1047100	6.15	300018	中元华电	SZ	9.72	6.11	
759	5/17/11	9.74	9.82	9.55	9.72	1016400	6.11	300018	中元华电	SZ	9.74	6.12	
760	5/16/11	9.77	9.93	9.71	9.74	923400	6.12	300018	中元华电	SZ	9.75	6.13	
761	5/13/11	9.75	9.87	9.63	9.75	1369200	6.13	300018	中元华电	SZ	9.73	6.12	
762	5/12/11	10.08	10.08	9.73	9.73	1828800	6.12	300018	中元华电	SZ	10.13	6.37	
763	5/11/11	10.2	10.21	10.07	10.13	1211600	6.37	300018	中元华电	SZ	10.23	6.43	
764	5/10/11	10.45	10.54	10.12	10.23	2831000	6.43	300018	中元华电	SZ	10.57	6.64	
765	5/9/11	10.26	10.59	10.26	10.57	1229800	6.64	300018	中元华电	SZ	10.29	6.47	
766	5/6/11	10.18	10.3	10.13	10.29	791000	6.47	300018	中元华电	SZ	10.25	6.45	
767	5/5/11	10.13	10.33	10.05	10.25	1064400	6.45	300018	中元华电	SZ	10.12	6.36	
768	5/4/11	10.32	10.32	10.07	10.12	660500	6.36	300018	中元华电	SZ	10.3	6.48	
769	5/3/11	10.21	10.35	10.15	10.3	906700	6.48	300018	中元华电	SZ	10.21	6.42	
770	4/29/11	10.12	10.22	10.02	10.21	1080000	6.42	300018	中元华电	SZ	10.07	6.33	
771	4/28/11	10.43	10.53	10.07	10.07	1286400	6.33	300018	中元华电	SZ	10.43	6.56	
772	4/27/11	10.73	10.83	10.32	10.43	1649800	6.56	300018	中元华电	SZ	10.73	6.74	
773	4/26/11	11.04	11.1	10.67	10.73	1687900	6.74	300018	中元华电	SZ	11.04	6.94	
774	4/25/11	11.39	11.39	11.03	11.04	1390100	6.94	300018	中元华电	SZ	11.39	7.16	
775	4/22/11	11.52	11.56	11.34	11.39	1154300	7.16	300018	中元华电	SZ	11.51	7.24	
776	4/20/11	11.43	11.65	11.27	11.51	1586400	7.24	300018	中元华电	SZ	11.4	7.17	
777	4/19/11	11.87	11.88	11.36	11.4	2311400	7.17	300018	中元华电	SZ	11.88	7.47	
778	4/18/11	11.92	11.97	11.8	11.88	1131000	7.47	300018	中元华电	SZ	11.91	7.49	
779	4/15/11	12.04	12.05	11.83	11.91	1012900	7.49	300018	中元华电	SZ	11.99	7.54	
780	4/14/11	12.07	12.13	11.94	11.99	1187200	7.54	300018	中元华电	SZ	12.1	7.61	
781	4/13/11	11.9	12.1	11.82	12.1	1089900	7.61	300018	中元华电	SZ	11.87	7.47	
782	4/12/11	11.85	11.96	11.81	11.87	1035000	7.47	300018	中元华电	SZ	11.93	7.5	
783	4/11/11	12.16	12.19	11.91	11.93	1443500	7.5	300018	中元华电	SZ	12.14	7.63	
784	4/8/11	12.1	12.19	12.04	12.14	1451800	7.63	300018	中元华电	SZ	12.1	7.61	
785	4/7/11	11.82	12.1	11.8	12.1	2184300	7.61	300018	中元华电	SZ	11.85	7.45	
786	4/6/11	11.81	11.95	11.73	11.85	1647900	7.45	300018	中元华电	SZ	11.88	7.47	
787	4/1/11	11.83	11.89	11.73	11.88	1029800	7.47	300018	中元华电	SZ	11.83	7.44	
788	3/31/11	11.8	11.98	11.75	11.83	1146700	7.44	300018	中元华电	SZ	11.82	7.43	
789	3/30/11	11.81	11.9	11.73	11.82	1459300	7.43	300018	中元华电	SZ	11.82	7.43	
790	3/29/11	12.13	12.17	11.73	11.82	2628500	7.43	300018	中元华电	SZ	12.13	7.62	
791	3/28/11	12.2	12.27	12.11	12.13	2183500	7.62	300018	中元华电	SZ	12.23	7.69	
792	3/25/11	12.19	12.25	12.11	12.23	1432400	7.69	300018	中元华电	SZ	12.19	7.66	
793	3/24/11	12.24	12.31	12.19	12.19	1186600	7.66	300018	中元华电	SZ	12.24	7.7	
794	3/23/11	12.2	12.25	12.14	12.24	1148500	7.7	300018	中元华电	SZ	12.17	7.65	
795	3/22/11	12.16	12.21	12.03	12.17	1299500	7.65	300018	中元华电	SZ	12.1	7.61	
796	3/21/11	12.13	12.22	12.05	12.1	1177100	7.61	300018	中元华电	SZ	12.09	7.6	
797	3/18/11	12	12.13	12	12.09	1844000	7.6	300018	中元华电	SZ	11.99	7.54	
798	3/17/11	12.43	12.43	11.93	11.99	3337600	7.54	300018	中元华电	SZ	12.45	7.83	
799	3/16/11	12.41	12.53	12.35	12.45	2299000	7.83	300018	中元华电	SZ	12.4	7.8	
800	3/15/11	12.86	12.86	12.25	12.4	2816700	7.8	300018	中元华电	SZ	12.85	8.08	
801	3/14/11	12.78	12.95	12.75	12.85	1595100	8.08	300018	中元华电	SZ	12.83	8.07	
802	3/11/11	12.93	12.98	12.78	12.83	2018400	8.07	300018	中元华电	SZ	12.96	8.15	
803	3/10/11	12.93	13.19	12.88	12.96	2920100	8.15	300018	中元华电	SZ	12.93	8.13	
804	3/9/11	13.05	13.11	12.91	12.93	2169900	8.13	300018	中元华电	SZ	13.11	8.24	
805	3/8/11	12.95	13.13	12.8	13.11	2807800	8.24	300018	中元华电	SZ	12.95	8.14	
806	3/7/11	12.79	12.95	12.73	12.95	2354800	8.14	300018	中元华电	SZ	12.79	8.04	
807	3/4/11	12.9	12.96	12.65	12.79	2251200	8.04	300018	中元华电	SZ	12.89	8.1	
808	3/3/11	12.94	13.26	12.87	12.89	3656500	8.1	300018	中元华电	SZ	12.89	8.11	
809	3/2/11	12.95	13.06	12.79	12.89	2046300	8.11	300018	中元华电	SZ	13.02	8.19	
810	3/1/11	13.03	13.15	12.92	13.02	2746900	8.19	300018	中元华电	SZ	13.03	8.19	
811	2/28/11	12.82	13.03	12.67	13.03	3158900	8.19	300018	中元华电	SZ	12.87	8.09	
812	2/25/11	12.77	12.91	12.75	12.87	2456100	8.09	300018	中元华电	SZ	12.8	8.05	
813	2/24/11	12.73	12.86	12.6	12.8	1789700	8.05	300018	中元华电	SZ	12.77	8.03	
814	2/23/11	12.62	12.81	12.6	12.77	1431100	8.03	300018	中元华电	SZ	12.63	7.94	
815	2/22/11	13.01	13.18	12.6	12.63	2240900	7.94	300018	中元华电	SZ	13	8.17	
816	2/21/11	12.69	13.05	12.69	13	1668700	8.17	300018	中元华电	SZ	12.81	8.06	
817	2/18/11	13.13	13.26	12.75	12.81	2481200	8.06	300018	中元华电	SZ	13.15	8.27	
818	2/17/11	13	13.31	12.97	13.15	2889600	8.27	300018	中元华电	SZ	13	8.17	
819	2/16/11	12.81	13.03	12.77	13	2799300	8.17	300018	中元华电	SZ	12.82	8.06	
820	2/15/11	12.95	13.03	12.81	12.82	2673600	8.06	300018	中元华电	SZ	12.93	8.13	
821	2/14/11	12.61	12.99	12.53	12.93	2681500	8.13	300018	中元华电	SZ	12.6	7.92	
822	2/11/11	12.59	12.65	12.45	12.6	2535200	7.92	300018	中元华电	SZ	12.61	7.93	
823	2/10/11	11.87	12.93	11.8	12.61	4059300	7.93	300018	中元华电	SZ	11.89	7.47	
824	2/9/11	12.13	12.29	11.81	11.89	1200900	7.47	300018	中元华电	SZ	12.25	7.7	
825	2/1/11	12.35	12.36	12.19	12.25	771700	7.7	300018	中元华电	SZ	12.33	7.75	
826	1/31/11	12.29	12.35	12.08	12.33	977600	7.75	300018	中元华电	SZ	12.25	7.7	
827	1/28/11	12.39	12.4	12.13	12.25	1193900	7.7	300018	中元华电	SZ	12.32	7.75	
828	1/27/11	12.22	12.46	12.13	12.32	788300	7.75	300018	中元华电	SZ	12.28	7.72	
829	1/26/11	12.26	12.32	12.12	12.28	392400	7.72	300018	中元华电	SZ	12.2	7.67	
830	1/25/11	11.88	12.2	11.72	12.2	1366400	7.67	300018	中元华电	SZ	11.97	7.52	
831	1/24/11	12.11	12.33	11.94	11.97	857300	7.52	300018	中元华电	SZ	12.09	7.6	
832	1/21/11	12.23	12.45	12	12.09	1917400	7.6	300018	中元华电	SZ	12.37	7.78	
833	1/20/11	13.05	13.21	12.3	12.37	1143700	7.78	300018	中元华电	SZ	13.15	8.27	
834	1/19/11	13	13.17	12.9	13.15	503200	8.27	300018	中元华电	SZ	12.91	8.12	
835	1/18/11	12.8	12.97	12.77	12.91	367400	8.12	300018	中元华电	SZ	12.81	8.06	
836	1/17/11	13.4	13.41	12.77	12.81	1287400	8.06	300018	中元华电	SZ	13.42	8.44	
837	1/14/11	13.6	13.61	13.34	13.42	894200	8.44	300018	中元华电	SZ	13.71	8.62	
838	1/13/11	13.89	13.89	13.61	13.71	739600	8.62	300018	中元华电	SZ	13.64	8.58	
839	1/12/11	13.58	13.85	13.52	13.64	748600	8.58	300018	中元华电	SZ	13.64	8.58	
840	1/11/11	13.71	13.82	13.46	13.64	1097300	8.58	300018	中元华电	SZ	13.85	8.71	
841	1/10/11	14.47	14.57	13.73	13.85	1609300	8.71	300018	中元华电	SZ	14.51	9.12	
842	1/7/11	14.4	14.73	14.25	14.51	1386000	9.12	300018	中元华电	SZ	14.35	9.02	
843	1/6/11	14.65	14.79	14.33	14.35	1280600	9.02	300018	中元华电	SZ	14.59	9.17	
844	1/5/11	14.29	14.65	14.13	14.59	1366000	9.17	300018	中元华电	SZ	14.32	9	
845	1/4/11	14.2	14.38	14.09	14.32	984400	9	300018	中元华电	SZ	14.2	8.93	
846	12/31/10	13.81	14.23	13.81	14.2	1307400	8.93	300018	中元华电	SZ	13.81	8.68	
847	12/30/10	13.97	13.97	13.73	13.81	880100	8.68	300018	中元华电	SZ	13.97	8.78	
848	12/29/10	13.68	13.98	13.68	13.97	805100	8.78	300018	中元华电	SZ	13.68	8.6	
849	12/28/10	13.87	13.95	13.6	13.68	1295900	8.6	300018	中元华电	SZ	13.88	8.73	
850	12/27/10	14.38	14.77	13.63	13.88	1631700	8.73	300018	中元华电	SZ	14.48	9.1	
851	12/24/10	14.84	14.97	14.43	14.48	1691900	9.1	300018	中元华电	SZ	14.96	9.41	
852	12/23/10	15.23	15.33	14.94	14.96	1482200	9.41	300018	中元华电	SZ	15.26	9.6	
853	12/22/10	15.53	15.57	15.07	15.26	2772700	9.6	300018	中元华电	SZ	15.63	9.83	
854	12/21/10	15.34	15.7	15.19	15.63	3370900	9.83	300018	中元华电	SZ	15.58	9.8	
855	12/20/10	16.3	16.38	15.07	15.58	2811100	9.8	300018	中元华电	SZ	16.25	10.22	
856	12/17/10	16.14	16.29	15.91	16.25	2116600	10.22	300018	中元华电	SZ	16.13	10.14	
857	12/16/10	15.83	16.43	15.83	16.13	3004500	10.14	300018	中元华电	SZ	15.95	10.03	
858	12/15/10	15.87	16.1	15.73	15.95	2585200	10.03	300018	中元华电	SZ	15.87	9.98	
859	12/14/10	16	16.11	15.65	15.87	2680600	9.98	300018	中元华电	SZ	15.99	10.06	
860	12/13/10	15.63	16.13	15.62	15.99	2604500	10.06	300018	中元华电	SZ	15.59	9.8	
861	12/10/10	15.25	15.59	15.07	15.59	1361000	9.8	300018	中元华电	SZ	15.43	9.7	
862	12/9/10	15.4	15.83	15.4	15.43	1555000	9.7	300018	中元华电	SZ	15.45	9.72	
863	12/8/10	15.7	15.89	15.44	15.45	2054000	9.72	300018	中元华电	SZ	15.86	9.97	
864	12/7/10	15.73	15.95	15.21	15.86	2019100	9.97	300018	中元华电	SZ	15.73	9.89	
865	12/6/10	16.73	16.73	15.6	15.73	4151900	9.89	300018	中元华电	SZ	16.69	10.49	
866	12/3/10	17.23	17.23	16.48	16.69	2867400	10.49	300018	中元华电	SZ	17.17	10.79	
867	12/2/10	17.09	17.25	16.77	17.17	3914300	10.79	300018	中元华电	SZ	17.07	10.73	
868	12/1/10	16.52	17.1	16.26	17.07	3271300	10.73	300018	中元华电	SZ	16.61	10.45	
869	11/30/10	17.33	17.52	16.13	16.61	5751500	10.45	300018	中元华电	SZ	17.29	10.87	
870	11/29/10	16.8	17.57	16.38	17.29	7634100	10.87	300018	中元华电	SZ	16.73	10.52	
871	11/26/10	16.54	17.1	16.53	16.73	6212200	10.52	300018	中元华电	SZ	16.47	10.35	
872	11/25/10	16.83	16.89	16.07	16.47	5446400	10.35	300018	中元华电	SZ	16.66	10.48	
873	11/24/10	15.99	16.77	15.99	16.66	6619400	10.48	300018	中元华电	SZ	15.87	9.98	
874	11/23/10	16.9	16.9	15.77	15.87	8125400	9.98	300018	中元华电	SZ	16.95	10.66	
875	11/22/10	16.1	16.99	16.05	16.95	7502500	10.66	300018	中元华电	SZ	16.19	10.18	
876	11/19/10	15.19	16.2	15.11	16.19	4165900	10.18	300018	中元华电	SZ	15.13	9.51	
877	11/18/10	15.32	15.53	14.93	15.13	1969500	9.51	300018	中元华电	SZ	15.12	9.51	
878	11/17/10	15.73	16.24	14.77	15.12	2746800	9.51	300018	中元华电	SZ	15.95	10.03	
879	11/16/10	15.83	16.67	15.67	15.95	5057600	10.03	300018	中元华电	SZ	15.77	9.92	
880	11/15/10	15.17	15.89	15.07	15.77	2782200	9.92	300018	中元华电	SZ	15.17	9.54	
881	11/12/10	16.33	16.33	15	15.17	4541900	9.54	300018	中元华电	SZ	16.4	10.31	
882	11/11/10	16.79	16.99	16.39	16.4	4744600	10.31	300018	中元华电	SZ	16.89	10.62	
883	11/10/10	16.33	16.95	16.17	16.89	5757600	10.62	300018	中元华电	SZ	16.45	10.35	
884	11/9/10	16.67	16.67	15.98	16.45	5777300	10.35	300018	中元华电	SZ	16.61	10.44	
885	11/8/10	16.17	16.67	15.89	16.61	5467600	10.44	300018	中元华电	SZ	16.03	10.08	
886	11/5/10	16.57	16.76	15.87	16.03	6814200	10.08	300018	中元华电	SZ	16.54	10.4	
887	11/4/10	15.93	16.67	15.59	16.54	2914600	10.4	300018	中元华电	SZ	16.1	10.12	
888	11/3/10	16.4	16.4	15.53	16.1	3958000	10.12	300018	中元华电	SZ	16.67	10.48	
889	11/2/10	17.59	17.65	16.67	16.67	8000300	10.48	300018	中元华电	SZ	17.07	10.73	
890	11/1/10	15.73	17.07	15.73	17.07	6660700	10.73	300018	中元华电	SZ	15.51	9.75	
891	10/29/10	15.2	15.92	15.1	15.51	3625600	9.75	300018	中元华电	SZ	15.33	9.64	
892	10/28/10	15.2	15.48	15.1	15.33	1900600	9.64	300018	中元华电	SZ	15.36	9.66	
893	10/27/10	15.95	15.99	15.27	15.36	2553800	9.66	300018	中元华电	SZ	15.88	9.98	
894	10/26/10	16.23	16.4	15.57	15.88	3424900	9.98	300018	中元华电	SZ	16.37	10.3	
895	10/25/10	15.71	16.64	15.67	16.37	4643200	10.3	300018	中元华电	SZ	15.75	9.91	
896	10/22/10	15.13	15.99	14.84	15.75	5136200	9.91	300018	中元华电	SZ	15.22	9.57	
897	10/21/10	15.13	15.4	14.8	15.22	3294700	9.57	300018	中元华电	SZ	15.37	9.66	
898	10/20/10	15.33	15.99	15.2	15.37	7511700	9.66	300018	中元华电	SZ	15.09	9.49	
899	10/19/10	13.72	15.09	13.61	15.09	4345200	9.49	300018	中元华电	SZ	13.72	8.63	
900	10/18/10	14.33	14.39	12.75	13.72	2086300	8.63	300018	中元华电	SZ	14.17	8.91	
901	10/15/10	14.65	14.65	14.04	14.17	2371700	8.91	300018	中元华电	SZ	14.71	9.25	
902	10/14/10	15.08	15.1	14.61	14.71	2569800	9.25	300018	中元华电	SZ	14.97	9.41	
903	10/13/10	14.8	15.1	14.33	14.97	3081700	9.41	300018	中元华电	SZ	14.84	9.33	
904	10/12/10	14.13	14.91	14.03	14.84	3115400	9.33	300018	中元华电	SZ	14.11	8.87	
905	10/11/10	14.24	14.38	13.9	14.11	2513100	8.87	300018	中元华电	SZ	14.19	8.92	
906	10/8/10	13.74	14.34	13.74	14.19	1872400	8.92	300018	中元华电	SZ	13.67	8.59	
907	9/30/10	13.53	13.77	13.4	13.67	1269900	8.59	300018	中元华电	SZ	13.62	8.56	
908	9/29/10	14.07	14.58	13.53	13.62	1548200	8.56	300018	中元华电	SZ	14.03	8.82	
909	9/28/10	14.71	14.72	13.95	14.03	3294500	8.82	300018	中元华电	SZ	14.63	9.2	
910	9/27/10	14.34	14.79	14.34	14.63	901700	9.2	300018	中元华电	SZ	14.33	9.01	
911	9/21/10	14.9	14.9	14.3	14.33	1107200	9.01	300018	中元华电	SZ	14.81	9.31	
912	9/20/10	15.6	15.6	14.6	14.81	1093300	9.31	300018	中元华电	SZ	15.1	9.49	
913	9/17/10	15.29	15.6	15.03	15.1	1306300	9.49	300018	中元华电	SZ	15.08	9.48	
914	9/16/10	15.59	15.73	14.99	15.08	2242400	9.48	300018	中元华电	SZ	15.65	9.84	
915	9/15/10	16.65	16.65	15.58	15.65	3356300	9.84	300018	中元华电	SZ	16.49	10.37	
916	9/14/10	16.75	16.89	16.41	16.49	2433000	10.37	300018	中元华电	SZ	16.75	10.53	
917	9/13/10	16.99	17.23	16.67	16.75	4584200	10.53	300018	中元华电	SZ	16.91	10.63	
918	9/10/10	17.28	17.28	16.51	16.91	2969400	10.63	300018	中元华电	SZ	16.97	10.67	
919	9/9/10	16.8	17.4	16.8	16.97	3240800	10.67	300018	中元华电	SZ	16.99	10.68	
920	9/8/10	16.77	17	16.69	16.99	1814500	10.68	300018	中元华电	SZ	16.79	10.55	
921	9/7/10	16.67	16.86	16.56	16.79	1587800	10.55	300018	中元华电	SZ	16.62	10.45	
922	9/6/10	17.33	17.5	16.59	16.62	2937300	10.45	300018	中元华电	SZ	17.23	10.84	
923	9/3/10	16.57	17.47	16.37	17.23	4096400	10.84	300018	中元华电	SZ	16.56	10.41	
924	9/2/10	16.65	16.65	16.13	16.56	2941200	10.41	300018	中元华电	SZ	16.4	10.31	
925	9/1/10	17.53	17.59	16.28	16.4	4270800	10.31	300018	中元华电	SZ	17.45	10.97	
926	8/31/10	17.85	17.85	17.33	17.45	2416200	10.97	300018	中元华电	SZ	17.77	11.17	
927	8/30/10	17.5	17.99	17.46	17.77	2029500	11.17	300018	中元华电	SZ	17.53	11.02	
928	8/27/10	17.23	17.77	17.07	17.53	1897300	11.02	300018	中元华电	SZ	17.19	10.81	
929	8/26/10	17.35	17.51	17.07	17.19	1867200	10.81	300018	中元华电	SZ	17.35	10.91	
930	8/25/10	18	18	17.34	17.35	2524800	10.91	300018	中元华电	SZ	18.04	11.34	
931	8/24/10	18.32	18.43	17.8	18.04	3525100	11.34	300018	中元华电	SZ	18.56	11.67	
932	8/23/10	18.07	18.63	17.53	18.56	5706400	11.67	300018	中元华电	SZ	18.45	11.6	
933	8/20/10	19.19	19.19	18	18.45	3460600	11.6	300018	中元华电	SZ	19.21	12.08	
934	8/19/10	19.23	19.51	19.07	19.21	2425000	12.08	300018	中元华电	SZ	19.36	12.17	
935	8/18/10	19.4	19.65	19.27	19.36	2928800	12.17	300018	中元华电	SZ	19.55	12.29	
936	8/17/10	19.8	19.85	19.17	19.55	4874400	12.29	300018	中元华电	SZ	19.75	12.42	
937	8/16/10	18.8	19.9	18.7	19.75	8529300	12.42	300018	中元华电	SZ	18.91	11.89	
938	8/13/10	18.18	19.2	18.1	18.91	7877700	11.89	300018	中元华电	SZ	18.02	11.33	
939	8/12/10	17.55	18.32	17.34	18.02	4095500	11.33	300018	中元华电	SZ	17.78	11.18	
940	8/11/10	17.43	17.83	17.27	17.78	2421600	11.18	300018	中元华电	SZ	17.53	11.02	
941	8/10/10	18.85	18.87	17.52	17.53	4831100	11.02	300018	中元华电	SZ	18.67	11.74	
942	8/9/10	17.98	18.67	17.89	18.67	5083000	11.74	300018	中元华电	SZ	17.89	11.25	
943	8/6/10	17.43	17.93	17.33	17.89	3632800	11.25	300018	中元华电	SZ	17.53	11.02	
944	8/5/10	17.5	17.77	17.21	17.53	2669800	11.02	300018	中元华电	SZ	17.5	11	
945	8/4/10	17.5	17.67	16.91	17.5	3850900	11	300018	中元华电	SZ	17.53	11.02	
946	8/3/10	18.4	18.55	17.53	17.53	4716000	11.02	300018	中元华电	SZ	18.36	11.54	
947	8/2/10	18.17	18.36	17.8	18.36	5492400	11.54	300018	中元华电	SZ	18.07	11.36	
948	7/30/10	17.61	18.25	17.47	18.07	6192300	11.36	300018	中元华电	SZ	17.57	11.05	
949	7/29/10	17.76	17.92	17.21	17.57	4544600	11.05	300018	中元华电	SZ	17.76	11.17	
950	7/28/10	17.27	17.87	17.03	17.76	3747700	11.17	300018	中元华电	SZ	17.4	10.94	
951	7/27/10	17.92	17.92	17.4	17.4	4511400	10.94	300018	中元华电	SZ	17.97	11.3	
952	7/26/10	18.01	18.11	17.53	17.97	4176300	11.3	300018	中元华电	SZ	17.79	11.19	
953	7/23/10	17.43	18.2	17.35	17.79	5707800	11.19	300018	中元华电	SZ	17.43	10.96	
954	7/22/10	17.33	17.6	17.08	17.43	3691000	10.96	300018	中元华电	SZ	17.4	10.94	
955	7/21/10	17.87	18.33	17.22	17.4	6384600	10.94	300018	中元华电	SZ	17.83	11.21	
956	7/20/10	17.47	17.99	17.11	17.83	6022700	11.21	300018	中元华电	SZ	17.4	10.94	
957	7/19/10	16.87	17.66	16.87	17.4	4575700	10.94	300018	中元华电	SZ	17.27	10.86	
958	7/16/10	16.68	17.47	16.25	17.27	5417200	10.86	300018	中元华电	SZ	17.03	10.71	
959	7/15/10	17.87	18.51	16.94	17.03	7623300	10.71	300018	中元华电	SZ	18.07	11.36	
960	7/14/10	18.2	18.67	17.42	18.07	11747700	11.36	300018	中元华电	SZ	17.64	11.09	
961	7/13/10	15.9	17.64	15.67	17.64	8623600	11.09	300018	中元华电	SZ	16.03	10.08	
962	7/12/10	15.79	16.05	15.6	16.03	3159400	10.08	300018	中元华电	SZ	15.72	9.88	
963	7/9/10	15.25	15.92	15.1	15.72	3060700	9.88	300018	中元华电	SZ	15.25	9.59	
964	7/8/10	15.71	15.83	15.09	15.25	2889300	9.59	300018	中元华电	SZ	15.63	9.83	
965	7/7/10	15.4	15.67	15.23	15.63	3315900	9.83	300018	中元华电	SZ	15.43	9.7	
966	7/6/10	14.67	15.65	14.55	15.43	3581500	9.7	300018	中元华电	SZ	14.86	9.34	
967	7/5/10	14.78	15.25	14.53	14.86	3389100	9.34	300018	中元华电	SZ	15.37	9.66	
968	7/2/10	14.8	15.8	14.12	15.37	4092900	9.66	300018	中元华电	SZ	15	9.43	
969	7/1/10	15.73	16.39	14.93	15	2738200	9.43	300018	中元华电	SZ	16.01	10.06	
970	6/30/10	15.01	16.19	14.6	16.01	3609700	10.06	300018	中元华电	SZ	15.4	9.68	
971	6/29/10	16.85	17.13	15.4	15.4	3212100	9.68	300018	中元华电	SZ	16.85	10.6	
972	6/28/10	16.91	17.12	16.47	16.85	2146000	10.6	300018	中元华电	SZ	17.2	10.81	
973	6/25/10	17.92	18.05	16.73	17.2	3067700	10.81	300018	中元华电	SZ	18.1	11.38	
974	6/24/10	18.07	18.25	17.6	18.1	3270300	11.38	300018	中元华电	SZ	18.13	11.4	
975	6/23/10	17.52	18.31	17.07	18.13	4799600	11.4	300018	中元华电	SZ	17.87	11.23	
976	6/22/10	17.33	18.33	17.25	17.87	6364800	11.23	300018	中元华电	SZ	17.15	10.79	
977	6/21/10	15.61	17.15	15.52	17.15	5254600	10.79	300018	中元华电	SZ	15.59	9.8	
978	6/18/10	16.81	17.12	15.48	15.59	6163700	9.8	300018	中元华电	SZ	17.13	10.77	
979	6/17/10	18.38	18.78	17.13	17.13	5182400	10.77	300018	中元华电	SZ	18.51	11.64	
980	6/11/10	19.06	19.25	18.47	18.51	5511800	11.64	300018	中元华电	SZ	18.99	11.94	
981	6/10/10	18.33	19.21	18.07	18.99	7786700	11.94	300018	中元华电	SZ	18.27	11.49	
982	6/9/10	18.41	19.33	17.79	18.27	8358300	11.49	300018	中元华电	SZ	18.31	11.51	
983	6/8/10	18.25	18.5	17.67	18.31	7263700	11.51	300018	中元华电	SZ	18.46	11.61	
984	6/7/10	17.03	18.67	17.03	18.46	11672800	11.61	300018	中元华电	SZ	17.01	10.7	
985	6/4/10	15.32	17.01	15.32	17.01	7501300	10.7	300018	中元华电	SZ	15.47	9.72	
986	6/3/10	15.29	15.93	15.18	15.47	3811100	9.72	300018	中元华电	SZ	15.32	9.63	
987	6/2/10	14.52	15.33	14.23	15.32	2938100	9.63	300018	中元华电	SZ	14.61	9.19	
988	6/1/10	14.8	15.07	14	14.61	3635700	9.19	300018	中元华电	SZ	15.2	9.56	
989	5/31/10	16.09	16.31	15.17	15.2	3918100	9.56	300018	中元华电	SZ	16.1	10.12	
990	5/28/10	16.28	16.57	15.87	16.1	4868100	10.12	300018	中元华电	SZ	16.24	10.21	
991	5/27/10	15.27	16.51	15.07	16.24	5513800	10.21	300018	中元华电	SZ	15.5	9.75	
992	5/26/10	14.47	15.65	14.41	15.5	5253900	9.75	300018	中元华电	SZ	14.47	9.1	
993	5/25/10	14.67	14.85	14.37	14.47	3070900	9.1	300018	中元华电	SZ	14.86	9.34	
994	5/24/10	14.37	14.91	14.33	14.86	3732500	9.34	300018	中元华电	SZ	14.2	8.93	
995	5/21/10	13.24	14.29	12.87	14.2	3485600	8.93	300018	中元华电	SZ	13.67	8.59	
996	5/20/10	13.83	14.3	13.54	13.67	2100900	8.59	300018	中元华电	SZ	14	8.8	
997	5/19/10	13.43	14.13	13.13	14	2601700	8.8	300018	中元华电	SZ	13.43	8.44	
998	5/18/10	13.33	13.67	12.79	13.43	2171600	8.44	300018	中元华电	SZ	13.41	8.43	
999	5/17/10	14.33	14.47	13.41	13.41	1949000	8.43	300018	中元华电	SZ	14.68	9.23	
1000	5/14/10	14.39	14.85	14.23	14.68	1863800	9.23	300018	中元华电	SZ	14.65	9.21	
1001	5/13/10	14.44	14.79	13.91	14.65	2139300	9.21	300018	中元华电	SZ	14.32	9	
1002	5/12/10	14	14.43	13.87	14.32	2183900	9	300018	中元华电	SZ	14.11	8.87	
1003	5/11/10	15.12	15.4	14.01	14.11	2376000	8.87	300018	中元华电	SZ	14.71	9.25	
1004	5/10/10	15.78	15.92	14.13	14.71	2764000	9.25	300018	中元华电	SZ	15.63	9.83	
1005	5/7/10	15.33	16.11	15.13	15.63	2709400	9.83	300018	中元华电	SZ	15.83	9.96	
1006	5/6/10	16.95	17.07	15.73	15.83	4020300	9.96	300018	中元华电	SZ	17	10.69	
1007	5/5/10	15.33	17	15.15	17	4398600	10.69	300018	中元华电	SZ	15.62	9.82	
1008	5/4/10	14.62	15.71	14.6	15.62	3386500	9.82	300018	中元华电	SZ	15.01	9.44	
1009	4/30/10	15.6	15.79	14.67	15.01	3114600	9.44	300018	中元华电	SZ	15.53	9.77	
1010	4/29/10	16.72	16.77	15.43	15.53	3392300	9.77	300018	中元华电	SZ	16.55	10.41	
1011	4/28/10	16.67	17.57	16.34	16.55	3451600	10.41	300018	中元华电	SZ	17.39	10.93	
1012	4/27/10	18	18.39	16.87	17.39	4318600	10.93	300018	中元华电	SZ	18.22	11.46	
1013	4/26/10	19.2	19.93	18.04	18.22	5700300	11.46	300018	中元华电	SZ	20.21	6.21	
1014	4/23/10	21.7	22.13	20.02	20.21	7754900	6.21	300018	中元华电	SZ	21.91	6.73	
1015	4/22/10	20.97	22.66	20.83	21.91	8371000	6.73	300018	中元华电	SZ	21.04	6.47	
1016	4/21/10	20.33	21.23	20.17	21.04	5477400	6.47	300018	中元华电	SZ	20.63	6.34	
1017	4/20/10	21	21.06	19	20.63	5025600	6.34	300018	中元华电	SZ	21.08	6.48	
1018	4/19/10	20.59	21.53	20.33	21.08	6819800	6.48	300018	中元华电	SZ	20.71	6.37	
1019	4/16/10	19.68	20.92	19.68	20.71	6498900	6.37	300018	中元华电	SZ	19.79	6.08	
1020	4/15/10	21.8	21.92	19.79	19.79	7564200	6.08	300018	中元华电	SZ	21.99	6.76	
1021	4/14/10	21.33	22.11	20.75	21.99	5378900	6.76	300018	中元华电	SZ	21.5	6.61	
1022	4/13/10	23.67	24.13	21.43	21.5	9834500	6.61	300018	中元华电	SZ	23.81	7.32	
1023	4/12/10	23.2	23.81	22.83	23.81	9409800	7.32	300018	中元华电	SZ	21.65	6.65	
1024	4/8/10	22.44	23.27	21.6	21.65	5748200	6.65	300018	中元华电	SZ	22.45	6.9	
1025	4/7/10	21.87	22.53	21.6	22.45	5641000	6.9	300018	中元华电	SZ	21.82	6.71	
1026	4/6/10	20.89	21.83	20.89	21.82	5381900	6.71	300018	中元华电	SZ	20.75	6.38	
1027	4/2/10	20.16	20.98	20	20.75	4411600	6.38	300018	中元华电	SZ	20.43	6.28	
1028	4/1/10	20.16	21.73	20	20.43	7768600	6.28	300018	中元华电	SZ	20.2	6.21	
1029	3/31/10	19.66	20.39	19.43	20.2	4454500	6.21	300018	中元华电	SZ	19.66	6.04	
1030	3/30/10	19.34	19.9	19.2	19.66	3440300	6.04	300018	中元华电	SZ	19.48	5.99	
1031	3/29/10	19.9	20	18.87	19.48	4892500	5.99	300018	中元华电	SZ	19.9	6.12	
1032	3/26/10	20	20.17	19.29	19.9	5221000	6.12	300018	中元华电	SZ	20.44	6.28	
1033	3/25/10	19.34	20.96	19.34	20.44	7775000	6.28	300018	中元华电	SZ	19.48	5.99	
1034	3/24/10	19.16	20.03	19.14	19.48	5868600	5.99	300018	中元华电	SZ	19.23	5.91	
1035	3/23/10	18.6	19.6	18.4	19.23	5855700	5.91	300018	中元华电	SZ	18.67	5.74	
1036	3/22/10	18.43	18.7	18.17	18.67	3593200	5.74	300018	中元华电	SZ	18.37	5.65	
1037	3/19/10	18.43	18.73	18.19	18.37	2594400	5.65	300018	中元华电	SZ	18.44	5.67	
1038	3/18/10	18.5	18.63	18.3	18.44	2607200	5.67	300018	中元华电	SZ	18.6	5.72	
1039	3/17/10	18.07	18.8	18	18.6	3830800	5.72	300018	中元华电	SZ	18.06	5.55	
1040	3/16/10	18.75	18.77	17.71	18.06	4148900	5.55	300018	中元华电	SZ	18.71	5.75	
1041	3/15/10	18.03	18.83	17.8	18.71	5383100	5.75	300018	中元华电	SZ	18.09	5.56	
1042	3/12/10	18.03	19.16	17.9	18.09	9574300	5.56	300018	中元华电	SZ	18.03	5.54	
1043	3/11/10	17.07	18.13	16.97	18.03	6303200	5.54	300018	中元华电	SZ	17.12	5.26	
1044	3/10/10	17.23	17.67	16.87	17.12	2911300	5.26	300018	中元华电	SZ	17.23	5.3	
1045	3/9/10	17.42	17.44	17.04	17.23	2335000	5.3	300018	中元华电	SZ	17.48	5.37	
1046	3/8/10	17.07	17.63	16.87	17.48	4583800	5.37	300018	中元华电	SZ	16.97	5.22	
1047	3/5/10	16.67	17.16	16.57	16.97	3938800	5.22	300018	中元华电	SZ	16.52	5.08	
1048	3/4/10	17.16	17.55	16.35	16.52	4869100	5.08	300018	中元华电	SZ	17.26	5.31	
1049	3/3/10	17.78	17.9	17.2	17.26	6197100	5.31	300018	中元华电	SZ	17.93	5.51	
1050	3/2/10	17.47	18.26	17.43	17.93	6528400	5.51	300018	中元华电	SZ	17.54	5.39	
1051	3/1/10	17.84	17.84	16.87	17.54	10029300	5.39	300018	中元华电	SZ	17.93	5.51	
1052	2/25/10	17.23	17.98	17.03	17.93	6127200	5.51	300018	中元华电	SZ	16.99	5.22	
1053	2/24/10	16.16	17.13	16.13	16.99	4392000	5.22	300018	中元华电	SZ	16.16	4.97	
1054	2/23/10	15.37	16.16	15.37	16.16	3268500	4.97	300018	中元华电	SZ	15.54	4.78	
1055	2/22/10	16.1	16.31	15.34	15.54	3438200	4.78	300018	中元华电	SZ	15.98	4.91	
1056	2/18/10	15.07	15.99	14.94	15.98	4392600	4.91	300018	中元华电	SZ	15.98	4.91	
1057	2/17/10	15.07	15.99	14.94	15.98	4392600	4.91	300018	中元华电	SZ	15.98	4.91	
1058	2/16/10	15.07	15.99	14.94	15.98	4392600	4.91	300018	中元华电	SZ	15.98	4.91	
1059	2/15/10	15.07	15.99	14.94	15.98	4392600	4.91	300018	中元华电	SZ	15.98	4.91	
1060	2/12/10	15.07	15.99	14.94	15.98	4392600	4.91	300018	中元华电	SZ	14.96	4.6	
1061	2/11/10	14.54	15.4	14.33	14.96	4814400	4.6	300018	中元华电	SZ	14.36	4.41	
1062	2/10/10	13.63	14.4	13.63	14.36	3952400	4.41	300018	中元华电	SZ	13.52	4.15	
1063	2/9/10	13.43	13.52	13.21	13.52	2044600	4.15	300018	中元华电	SZ	13.46	4.14	
1064	2/8/10	12.93	13.6	12.86	13.46	3173300	4.14	300018	中元华电	SZ	12.92	3.97	
1065	2/5/10	12.4	13.1	12.32	12.92	2837200	3.97	300018	中元华电	SZ	12.66	3.89	
1066	2/4/10	12.39	12.82	12.36	12.66	2121600	3.89	300018	中元华电	SZ	12.54	3.85	
1067	2/3/10	12.57	12.67	11.93	12.54	2815800	3.85	300018	中元华电	SZ	12.61	3.88	
1068	2/2/10	12.63	12.79	12.58	12.61	3176300	3.88	300018	中元华电	SZ	12.67	3.89	
1069	2/1/10	12.29	13.54	12.27	12.67	9036200	3.89	300018	中元华电	SZ	13.57	4.17	
1070	1/29/10	13.37	13.8	13.35	13.57	1057500	4.17	300018	中元华电	SZ	13.52	4.15	
1071	1/28/10	13.78	13.89	13.3	13.52	1681800	4.15	300018	中元华电	SZ	13.93	4.28	
1072	1/27/10	13.93	14.16	13.92	13.93	1066300	4.28	300018	中元华电	SZ	14.05	4.32	
1073	1/26/10	14.2	14.5	13.93	14.05	1370400	4.32	300018	中元华电	SZ	14.03	4.31	
1074	1/25/10	13.91	14.46	13.91	14.03	1717000	4.31	300018	中元华电	SZ	-1	-1	
