1818	2007-04-02	9.12	9.42	9.11	9.27	652293	4.33	000001	深发展Ａ	SZ	9.08	4.24	
1825	2007-04-02	6.89	7.18	6.88	7.11	1511774	2.61	000002	万 科Ａ	SZ	6.91	2.54	
1762	2007-04-02	7.62	7.95	7.6	7.9	10196	7.9	000004	ST国农	SZ	7.62	7.62	
1433	2007-04-02	2.18	2.29	2.18	2.29	82838	0.57	000010	S ST华新	SZ	2.17	0.54	
1825	2007-04-02	7.78	8.19	7.73	8.19	41137	7.44	000011	深物业A	SZ	7.83	7.11	
1812	2007-04-02	8.83	8.97	8.65	8.94	116127	4.37	000012	南 玻Ａ	SZ	8.76	4.29	
1824	2007-04-02	7.47	7.85	7.37	7.67	103725	5.03	000014	沙河股份	SZ	7.53	4.94	
1823	2007-04-02	3.48	3.6	3.48	3.57	144542	1.71	000016	深康佳Ａ	SZ	3.47	1.67	
1825	2007-04-02	8.9	9.58	8.7	9.5	22914	9.5	000018	ST中冠A	SZ	8.93	8.93	
1761	2007-04-02	8.8	9	8.69	9	16927	8.78	000019	深深宝Ａ	SZ	8.77	8.55	
1812	2007-04-02	9.02	9.19	8.96	9.17	123333	5.21	000021	长城开发	SZ	9.01	5.12	
1825	2007-04-02	23.91	24.35	23.58	24.06	18660	19.53	000022	深赤湾Ａ	SZ	23.92	19.42	
1803	2007-04-02	7.78	8.3	7.74	8.23	32662	7.83	000023	深天地Ａ	SZ	7.8	7.42	
1825	2007-04-02	19.07	19.77	18.73	19.73	37326	12	000024	招商地产	SZ	19.07	11.59	
1825	2007-04-02	6.81	6.94	6.8	6.88	25916	6.88	000025	特 力Ａ	SZ	6.81	6.81	
1825	2007-04-02	9.96	9.96	9.96	9.96	5687	6.64	000026	飞亚达Ａ	SZ	9.49	6.33	
1821	2007-04-02	10.57	10.94	10.57	10.84	201856	7.88	000027	深圳能源	SZ	10.56	7.67	
1800	2007-04-02	10.97	11.18	10.66	11.09	30775	10.77	000028	一致药业	SZ	10.9	10.58	
1796	2007-04-02	6.85	7.06	6.76	7.01	91114	7.01	000029	深深房Ａ	SZ	6.82	6.82	
1825	2007-04-02	6.61	6.85	6.59	6.79	373437	3.3	000031	中粮地产	SZ	6.57	3.2	
1824	2007-04-02	6.55	6.78	6.55	6.73	29932	5.18	000032	深桑达Ａ	SZ	6.57	5.06	
1819	2007-04-02	5.42	5.8	5.39	5.63	88204	5.63	000033	新都酒店	SZ	5.62	5.62	
1620	2007-04-02	4.54	4.92	4.54	4.86	71917	3.13	000034	ST深泰	SZ	4.69	3.02	
1816	2007-04-02	3.8	3.99	3.79	3.99	39999	3.16	000035	*ST科健	SZ	3.79	3.01	
1826	2007-04-02	8.06	8.19	7.8	8.19	403671	8.19	000036	华联控股	SZ	8.12	8.12	
1819	2007-04-02	7.55	7.82	7.55	7.73	29923	6.99	000037	深南电Ａ	SZ	7.53	6.81	
1824	2007-04-02	20.67	21.63	20.58	21.48	360676	15.55	000039	中集集团	SZ	20.42	14.79	
1769	2007-04-02	5.93	6.07	5.8	6	116168	5.91	000040	深 鸿 基	SZ	5.93	5.84	
1778	2007-04-02	2.35	2.42	2.34	2.4	1281685	1.14	000100	TCL 集团	SZ	2.36	1.12	
1825	2007-04-02	8.05	8.05	8.05	8.05	19461	8.05	000150	宜华地产	SZ	7.67	7.67	
1824	2007-04-02	8.6	8.98	8.45	8.86	56639	8.43	000151	中成股份	SZ	8.54	8.13	
1826	2007-04-02	6.01	6.4	6.01	6.3	137263	6.24	000153	丰原药业	SZ	6	5.94	
1825	2007-04-02	8.01	8.12	7.96	8.1	52384	7.64	000155	川化股份	SZ	8	7.54	
1810	2007-04-02	2.49	2.59	2.48	2.58	947866	0.21	000157	中联重科	SZ	2.47	0.2	
1803	2007-04-02	4.83	4.9	4.71	4.9	118570	3.37	000158	常山股份	SZ	4.69	3.22	
1783	2007-04-02	3.06	3.15	3.06	3.15	59312	1.48	000159	国际实业	SZ	3.07	1.44	
1823	2007-04-02	6.13	6.27	6.05	6.2	286227	5.79	000301	东方市场	SZ	6.13	5.73	
1825	2007-04-02	10.19	10.43	10.12	10.36	78195	7.76	000400	许继电气	SZ	10.14	7.6	
1823	2007-04-02	8.15	8.27	8.09	8.21	69941	7.96	000401	冀东水泥	SZ	8.17	7.92	
1795	2007-04-02	4.3	4.39	4	4.04	246322	0.81	001696	宗申动力	SZ	4.15	0.84	
1815	2007-04-02	5.61	5.64	5.44	5.6	26123	5.6	001896	*ST豫能	SZ	5.56	5.56	
1797	2007-04-02	4.44	4.55	4.43	4.47	124349	1.86	002001	新 和 成	SZ	4.38	1.82	
1767	2007-04-02	4.73	4.97	4.67	4.91	49109	2.68	002002	ST琼花	SZ	4.72	2.57	
1791	2007-04-02	15.42	15.88	15.42	15.76	7769	4.57	002003	伟星股份	SZ	15.38	4.46	
1796	2007-04-02	5.22	5.29	5.16	5.29	23692	1.59	002004	华邦制药	SZ	5.21	1.57	
1788	2007-04-02	1.92	1.99	1.91	1.98	145319	0.49	002005	德豪润达	SZ	1.95	0.48	
1786	2007-04-02	1.83	1.85	1.81	1.84	84201	0.41	002006	精功科技	SZ	1.81	0.4	
1798	2007-04-02	9.47	9.6	9.24	9.44	20335	2.46	002007	华兰生物	SZ	9.47	2.47	
1802	2007-04-02	6.61	6.64	6.42	6.63	80030	1.69	002008	大族激光	SZ	6.49	1.65	
1798	2007-04-02	6.64	6.75	6.47	6.67	21212	2.75	002009	天奇股份	SZ	6.5	2.68	
1797	2007-04-02	5.36	5.4	5.25	5.3	95309	1.48	002010	传化股份	SZ	5.3	1.48	
1799	2007-04-02	2.86	2.92	2.82	2.89	52085	0.62	002011	盾安环境	SZ	2.82	0.6	
1802	2007-04-02	3.28	3.42	3.28	3.41	131239	1.63	002012	凯恩股份	SZ	3.29	1.57	
1776	2007-04-02	3.41	3.44	3.33	3.4	52330	0.82	002013	中航精机	SZ	3.39	0.82	
1802	2007-04-02	5.75	5.85	5.66	5.84	73913	1.62	002014	永新股份	SZ	5.65	1.57	
1791	2007-04-02	5.71	5.79	5.71	5.78	52233	3.36	002015	霞客环保	SZ	5.71	3.31	
1798	2007-04-02	2.41	2.46	2.41	2.46	53548	0.72	002016	世荣兆业	SZ	2.41	0.71	
1782	2007-04-02	8.57	8.68	8.34	8.59	25741	5.64	002017	东信和平	SZ	8.5	5.58	
1810	2007-04-02	4.15	4.19	4.1	4.19	29268	0.89	002018	华星化工	SZ	4.15	0.88	
1804	2007-04-02	22.71	23.2	22.57	22.8	5834	15.94	002019	鑫富药业	SZ	22.79	15.93	
1801	2007-04-02	5.4	5.5	5.18	5.43	54259	2.61	002020	京新药业	SZ	5.35	2.58	
1799	2007-04-02	4.88	4.92	4.78	4.88	76927	1.62	002021	中捷股份	SZ	4.84	1.61	
1804	2007-04-02	8.48	8.62	8.31	8.51	38563	2.58	002022	科华生物	SZ	8.48	2.57	
1798	2007-04-02	6.25	6.44	6.25	6.43	54855	2.71	002023	海特高新	SZ	6.28	2.65	
1800	2007-04-02	7.17	7.17	6.92	7.11	343184	0.74	002024	苏宁电器	SZ	7.11	0.74	
1802	2007-04-02	13.52	14.06	13.44	13.97	66168	6.69	002025	航天电器	SZ	13.51	6.47	
1786	2007-04-02	4.49	4.67	4.49	4.66	42230	2.53	002026	山东威达	SZ	4.5	2.44	
1802	2007-04-02	7.65	7.83	7.55	7.72	91612	7.72	002027	七喜控股	SZ	7.55	7.55	
1804	2007-04-02	11.98	12.05	11.72	11.92	6204	2.82	002028	思源电气	SZ	11.89	2.82	
1800	2007-04-02	4.94	5.2	4.94	5.14	15526	0.94	002029	七 匹 狼	SZ	4.94	0.91	
1802	2007-04-02	3.7	3.78	3.7	3.77	57891	1.18	002030	达安基因	SZ	3.72	1.17	
1797	2007-04-02	6.97	7.17	6.97	7.11	33380	3.4	002031	巨轮股份	SZ	6.97	3.33	
1801	2007-04-02	9.27	9.44	9.16	9.41	9900	2.97	002032	苏 泊 尔	SZ	9.3	2.94	
1766	2007-04-02	10.3	10.7	10.25	10.58	26249	5.72	002033	丽江旅游	SZ	10.27	5.55	
1805	2007-04-02	10.39	10.88	10.39	10.81	29663	10.12	002034	美 欣 达	SZ	10.38	9.72	
1802	2007-04-02	8.01	8.13	7.87	8.08	36303	3.93	002035	华帝股份	SZ	8.06	3.93	
1805	2007-04-02	9.99	10.48	9.99	10.28	46500	5.37	002036	宜科科技	SZ	10.03	5.24	
1793	2007-04-02	5.9	5.96	5.84	5.9	27017	2.11	002037	久联发展	SZ	5.88	2.1	
1824	2007-04-02	5.92	6.28	5.85	6.26	44592	1.1	002038	双鹭药业	SZ	5.92	1.04	
1805	2007-04-02	13.3	13.86	13.08	13.7	21891	13.05	002039	黔源电力	SZ	13.25	12.62	
1802	2007-04-02	7.06	7.25	7.03	7.23	45317	7	002040	南 京 港	SZ	7.05	6.83	
1803	2007-04-02	6.36	6.61	6.31	6.56	47886	3.21	002041	登海种业	SZ	6.38	3.12	
1817	2007-04-02	2.15	2.22	2.12	2.21	124864	0.7	002042	华孚色纺	SZ	2.22	0.71	
1800	2007-04-02	2.95	3.07	2.94	3.04	79104	0.88	002043	兔 宝 宝	SZ	2.92	0.84	
1802	2007-04-02	4.07	4.21	4.07	4.19	60747	2.13	002044	江苏三友	SZ	4.07	2.07	
1798	2007-04-02	7.96	8.26	7.95	8.24	35005	3.27	002045	广州国光	SZ	7.99	3.18	
1798	2007-04-02	7.05	7.19	7.01	7.19	37612	2.66	002046	轴研科技	SZ	7.05	2.61	
1803	2007-04-02	4.2	4.22	4.13	4.22	72479	1.98	002047	成霖股份	SZ	4.21	1.97	
1798	2007-04-02	8.37	8.43	8.21	8.31	114545	4.32	002048	宁波华翔	SZ	8.27	4.3	
1771	2007-04-02	10.16	10.83	10.05	10.55	32425	6.54	002049	晶源电子	SZ	10.11	6.27	
1800	2007-04-02	6.22	6.34	6.12	6.32	23152	2.55	002050	三花股份	SZ	6.22	2.51	
1792	2007-04-02	8.06	8.78	8.05	8.78	173505	2.9	002051	中工国际	SZ	7.98	2.63	
1792	2007-04-02	6.64	6.83	6.64	6.75	24003	1.28	002052	同洲电子	SZ	6.73	1.28	
1801	2007-04-02	14.4	14.76	14.32	14.67	32913	14.1	002053	云南盐化	SZ	14.4	13.84	
1803	2007-04-02	5.98	6.1	5.89	6.03	24976	2.46	002054	德美化工	SZ	5.91	2.41	
1798	2007-04-02	5.38	5.58	5.38	5.57	43297	1.55	002055	得润电子	SZ	5.32	1.48	
1802	2007-04-02	12.4	12.65	12.26	12.6	35296	6.09	002056	横店东磁	SZ	12.4	5.99	
1803	2007-04-02	9.85	10.36	9.85	10.28	19144	8.54	002057	中钢天源	SZ	9.96	8.27	
1794	2007-04-02	5.48	5.62	5.42	5.6	20623	2.31	002058	威 尔 泰	SZ	5.39	2.22	
1777	2007-04-02	9.15	9.61	9.1	9.54	42135	9.26	002059	云南旅游	SZ	9.11	8.84	
1796	2007-04-02	5.19	5.37	5.16	5.36	79874	2.84	002060	粤 水 电	SZ	5.2	2.76	
1793	2007-04-02	14.73	15.19	14.41	14.99	15477	8.92	002061	江山化工	SZ	14.63	8.71	
1801	2007-04-02	6.47	6.74	6.47	6.71	71713	1.56	002062	宏润建设	SZ	6.44	1.5	
1801	2007-04-02	4.29	4.46	4.28	4.44	65327	1	002063	远光软件	SZ	4.29	0.97	
1804	2007-04-02	7.94	7.98	7.76	7.83	58015	1.41	002064	华峰氨纶	SZ	7.92	1.43	
1776	2007-04-02	4.91	5.13	4.89	5.09	86786	0.66	002065	东华软件	SZ	4.87	0.63	
1805	2007-04-02	5	5.08	4.97	5.07	23471	1.53	002066	瑞泰科技	SZ	4.97	1.5	
1796	2007-04-02	4.72	4.88	4.67	4.73	96557	1.75	002067	景兴纸业	SZ	4.77	1.76	
1795	2007-04-02	4.76	4.76	4.56	4.65	38605	0.96	002068	黑猫股份	SZ	4.69	0.97	
1796	2007-04-02	13.2	13.3	13.1	13.2	23907	1.78	002069	獐 子 岛	SZ	13.24	1.79	
1800	2007-04-02	4.97	5.2	4.93	5.19	48247	1.06	002070	众和股份	SZ	4.98	1.02	
1798	2007-04-02	6.95	6.95	6.82	6.94	43297	4.51	002071	江苏宏宝	SZ	6.87	4.47	
1793	2007-04-02	7.66	7.89	7.52	7.78	56522	7.02	002072	*ST德棉	SZ	7.69	6.94	
1801	2007-04-02	6.46	6.86	6.44	6.84	46367	0.73	002073	软控股份	SZ	6.5	0.69	
1801	2007-04-02	4.78	4.95	4.71	4.87	44067	1.24	002074	东源电器	SZ	4.76	1.21	
1800	2007-04-02	16.11	16.39	15.72	16.15	17148	8.56	002076	雪 莱 特	SZ	15.94	8.45	
1784	2007-04-02	8.04	8.21	7.87	8.08	57244	5.56	002077	大港股份	SZ	8.03	5.52	
1797	2007-04-02	9.14	9.27	8.98	9.26	46259	2.32	002078	太阳纸业	SZ	9.12	2.29	
1796	2007-04-02	2.85	2.94	2.84	2.93	67705	0.58	002079	苏州固锝	SZ	2.85	0.56	
1799	2007-04-02	13.26	13.89	13.23	13.89	13357	6.18	002080	中材科技	SZ	13.47	5.99	
1797	2007-04-02	3.06	3.32	2.98	3.16	202427	0.23	002081	金 螳 螂	SZ	3.06	0.22	
1802	2007-04-02	10.11	10.11	9.64	9.64	53951	3.46	002082	栋梁新材	SZ	9.95	3.57	
1805	2007-04-02	7.08	7.23	7.05	7.21	36130	3.51	002083	孚日股份	SZ	7.13	3.47	
1802	2007-04-02	11.47	11.81	11.47	11.74	16207	4.81	002084	海鸥卫浴	SZ	11.5	4.71	
1777	2007-04-02	8.91	9.25	8.91	9.19	44407	7.13	002085	万丰奥威	SZ	8.89	6.89	
1802	2007-04-02	7.78	8.05	7.76	7.95	36730	3.85	002086	东方海洋	SZ	7.76	3.76	
1797	2007-04-02	5.12	5.42	5.12	5.23	168726	3.06	002087	新野纺织	SZ	5.1	2.98	
1802	2007-04-02	17.31	17.94	17.12	17.74	19134	8.15	002088	鲁阳股份	SZ	17.31	7.95	
1799	2007-04-02	3.15	3.27	3.12	3.27	89093	0.57	002089	新 海 宜	SZ	3.13	0.55	
1744	2007-04-02	11.25	11.3	11.09	11.24	25136	5.09	002090	金智科技	SZ	11.2	5.07	
1804	2007-04-02	6.26	6.36	6.2	6.33	56397	2.02	002091	江苏国泰	SZ	6.19	1.98	
1791	2007-04-02	4.95	4.97	4.88	4.96	233080	1.55	002092	中泰化学	SZ	4.88	1.53	
1799	2007-04-02	2.96	3.12	2.88	2.96	110160	0.24	002093	国脉科技	SZ	2.87	0.24	
1802	2007-04-02	5.51	5.65	5.48	5.64	25319	1.8	002094	青岛金王	SZ	5.51	1.76	
1805	2007-04-02	19.04	19.33	18.89	19.25	28547	6.8	002095	生 意 宝	SZ	19.04	6.73	
1770	2007-04-02	4.41	4.53	4.41	4.51	36133	0.75	002096	南岭民爆	SZ	4.41	0.74	
1796	2007-04-02	13.27	13.33	13.02	13.24	31976	4.36	002097	山河智能	SZ	13.27	4.37	
1793	2007-04-02	17.4	17.58	17.1	17.28	26184	15.48	002098	浔兴股份	SZ	17.27	15.47	
1792	2007-04-02	6.12	6.24	6.06	6.21	51243	1.85	002099	海翔药业	SZ	6.09	1.82	
1789	2007-04-02	6.77	6.88	6.77	6.84	21657	1.66	002100	天康生物	SZ	6.75	1.64	
1787	2007-04-02	10.14	10.32	10.03	10.25	15142	4.72	002101	广东鸿图	SZ	10.14	4.67	
1789	2007-04-02	4.94	5.13	4.94	5.1	57316	1.64	002102	冠福家用	SZ	4.94	1.59	
1798	2007-04-02	12.5	12.5	12.16	12.18	54591	9.54	002103	广博股份	SZ	12.12	9.5	
1798	2007-04-02	7.62	7.89	7.54	7.72	41700	2.87	002104	恒宝股份	SZ	7.53	2.8	
1795	2007-04-02	9.78	10.2	9.65	10	88517	9.02	002105	信隆实业	SZ	9.61	8.67	
1799	2007-04-02	12.03	12.38	12	12.31	53672	3.39	002106	莱宝高科	SZ	12.03	3.31	
1796	2007-04-02	10.66	10.77	10.5	10.73	20440	5.11	002107	沃华医药	SZ	10.68	5.08	
1790	2007-04-02	4.98	5.09	4.98	5.08	24566	1.07	002108	沧州明珠	SZ	5.01	1.05	
1795	2007-04-02	7.81	8.06	7.81	7.9	48695	3.23	002109	兴化股份	SZ	7.75	3.17	
1790	2007-04-02	12.3	12.85	12.25	12.73	102182	12.09	002110	三钢闽光	SZ	12.2	11.59	
1790	2007-04-02	10.75	10.78	10.54	10.66	20633	3.22	002111	威海广泰	SZ	10.65	3.22	
1795	2007-04-02	7.06	7.25	7.04	7.12	33723	2.7	002112	三变科技	SZ	7.04	2.67	
1780	2007-04-02	9.71	9.81	9.57	9.73	21478	6.07	002113	ST天润	SZ	9.64	6.02	
1799	2007-04-02	21.12	21.66	21.06	21.39	17555	11.66	002114	罗平锌电	SZ	21.23	11.57	
1790	2007-04-02	4.4	4.49	4.4	4.45	47169	0.85	002115	三维通信	SZ	4.43	0.85	
1797	2007-04-02	14.83	14.93	14.52	14.61	8749	6.85	002116	中国海诚	SZ	14.88	6.98	
1790	2007-04-02	11.25	11.29	11.08	11.24	20113	5.81	002117	东港股份	SZ	11.24	5.81	
1750	2007-04-02	3.19	3.35	3.1	3.29	148992	0.44	002118	紫鑫药业	SZ	3.23	0.44	
1789	2007-04-02	11.93	12.04	11.78	11.88	21802	5.83	002119	康强电子	SZ	11.78	5.79	
1734	2007-04-02	13.89	14.33	13.71	14.3	12075	6.17	002120	新海股份	SZ	13.89	6	
1792	2007-04-02	4.9	4.97	4.86	4.91	38638	0.78	002121	科陆电子	SZ	4.85	0.78	
1799	2007-04-02	8.76	8.81	8.57	8.6	190795	1.01	002122	天马股份	SZ	8.68	1.02	
1798	2007-04-02	7.77	7.85	7.51	7.58	73410	1.03	002123	荣信股份	SZ	7.7	1.05	
