2133	2006-01-16	2.97	2.97	2.92	2.93	203224	1.37	1	深发展Ａ	SZ	2.99	1.39	
1748	2006-01-16	0.77	0.77	0.74	0.75	48238	0.19	10	S ST华新	SZ	0.77	0.19	
2127	2006-01-16	3.16	3.21	3.01	3.05	124852	1.43	12	南 玻Ａ	SZ	3.21	1.51	
2140	2006-01-16	2.14	2.14	2.07	2.07	33053	2.07	150	宜华地产	SZ	2.15	2.15	
2139	2006-01-16	3.79	3.81	3.69	3.7	12618	3.41	151	中成股份	SZ	3.81	3.51	
2141	2006-01-16	2.59	2.59	2.48	2.51	59364	2.48	153	丰原药业	SZ	2.6	2.57	
2140	2006-01-16	5.86	6.13	5.8	5.8	72926	5.27	155	川化股份	SZ	5.88	5.34	
2125	2006-01-16	0.65	0.65	0.63	0.63	174838	0.05	157	中联重科	SZ	0.65	0.05	
2118	2006-01-16	1.87	1.87	1.8	1.83	81033	1.23	158	常山股份	SZ	1.88	1.27	
2098	2006-01-16	2.23	2.23	2.15	2.16	21388	1.01	159	国际实业	SZ	2.23	1.04	
2138	2006-01-16	1.94	1.95	1.9	1.9	38726	0.91	16	深康佳Ａ	SZ	1.93	0.93	
1992	2006-01-16	2.15	2.18	2.08	2.11	19055	2.11	17	*ST中华A	SZ	2.19	2.19	
2140	2006-01-16	4.98	5.05	4.88	4.9	2007	4.9	18	ST中冠A	SZ	4.98	4.98	
2130	2006-01-16	2.35	2.36	2.27	2.28	7923	2.28	1896	*ST豫能	SZ	2.37	2.37	
2076	2006-01-16	5.06	5.1	4.95	4.96	4554	4.84	19	深深宝Ａ	SZ	5.06	4.93	
2140	2006-01-16	1.85	1.85	1.78	1.8	1366212	0.62	2	万 科Ａ	SZ	1.85	0.64	
2138	2006-01-16	2.61	2.74	2.61	2.66	11314	2.31	20	深华发Ａ	SZ	2.61	2.27	
2112	2006-01-16	2.38	2.38	2.34	2.34	73946	0.46	2001	新 和 成	SZ	2.38	0.47	
2082	2006-01-16	3.36	3.47	3.36	3.41	53013	1.75	2002	ST琼花	SZ	3.37	1.73	
2106	2006-01-16	5.58	5.66	5.52	5.54	23232	1.5	2003	伟星股份	SZ	5.58	1.51	
2111	2006-01-16	2.41	2.46	2.4	2.41	46215	0.64	2004	华邦制药	SZ	2.41	0.64	
2103	2006-01-16	1.15	1.21	1.12	1.19	188421	0.18	2005	德豪润达	SZ	1.17	0.18	
2101	2006-01-16	1.27	1.32	1.25	1.28	148098	0.22	2006	精功科技	SZ	1.28	0.22	
2113	2006-01-16	2.11	2.23	2.1	2.14	168758	0.31	2007	华兰生物	SZ	2.1	0.3	
2117	2006-01-16	2.41	2.51	2.37	2.44	305568	0.38	2008	大族激光	SZ	2.37	0.37	
2113	2006-01-16	2.27	2.39	2.26	2.33	142783	0.6	2009	天奇股份	SZ	2.26	0.58	
2112	2006-01-16	2.47	2.54	2.43	2.47	83208	0.67	2010	传化股份	SZ	2.47	0.66	
2114	2006-01-16	1.68	1.72	1.67	1.69	56959	0.34	2011	盾安环境	SZ	1.69	0.34	
2117	2006-01-16	2.85	3.05	2.85	2.91	251622	1.36	2012	凯恩股份	SZ	2.78	1.29	
2091	2006-01-16	1.61	1.64	1.58	1.58	54494	0.31	2013	中航精机	SZ	1.61	0.31	
2117	2006-01-16	2.72	2.74	2.67	2.68	26103	0.64	2014	永新股份	SZ	2.7	0.64	
2106	2006-01-16	2.44	2.49	2.44	2.44	40162	0.69	2015	霞客环保	SZ	2.45	0.7	
2113	2006-01-16	1.71	1.77	1.71	1.73	62981	0.49	2016	世荣兆业	SZ	1.72	0.49	
2097	2006-01-16	3.72	3.8	3.7	3.71	24936	1.87	2017	东信和平	SZ	3.72	1.88	
2125	2006-01-16	1.34	1.39	1.33	1.36	117294	0.23	2018	华星化工	SZ	1.34	0.22	
2119	2006-01-16	7.02	7.32	6.95	7.24	37935	5	2019	鑫富药业	SZ	7	4.84	
2116	2006-01-16	3.04	3.07	3.02	3.02	23673	0.97	2020	京新药业	SZ	3.04	0.98	
2114	2006-01-16	1.67	1.74	1.66	1.68	130416	0.4	2021	中捷股份	SZ	1.67	0.39	
2119	2006-01-16	3.01	3.07	2.94	2.95	86560	0.46	2022	科华生物	SZ	2.99	0.46	
2113	2006-01-16	3.87	3.96	3.84	3.86	88399	1.63	2023	海特高新	SZ	3.88	1.64	
2115	2006-01-16	1.13	1.15	1.12	1.14	318142	0.06	2024	苏宁电器	SZ	1.13	0.06	
2117	2006-01-16	9.41	9.59	9.34	9.39	15969	2.94	2025	航天电器	SZ	9.49	2.97	
2101	2006-01-16	2.7	2.78	2.67	2.71	41124	0.95	2026	山东威达	SZ	2.7	0.95	
2117	2006-01-16	4.79	4.93	4.78	4.81	53956	3.57	2027	七喜控股	SZ	4.8	3.56	
2119	2006-01-16	3.54	3.58	3.46	3.46	36495	0.79	2028	思源电气	SZ	3.54	0.81	
2115	2006-01-16	1.22	1.24	1.22	1.23	46753	0.22	2029	七 匹 狼	SZ	1.22	0.21	
2117	2006-01-16	2.09	2.18	2.07	2.11	65037	0.4	2030	达安基因	SZ	2.1	0.4	
2112	2006-01-16	3.59	3.64	3.54	3.55	28344	1.63	2031	巨轮股份	SZ	3.59	1.65	
2116	2006-01-16	2.35	2.4	2.33	2.35	44585	0.71	2032	苏 泊 尔	SZ	2.35	0.71	
2081	2006-01-16	5.03	5.12	4.97	4.98	28709	2.59	2033	丽江旅游	SZ	5.04	2.63	
2120	2006-01-16	6.95	7.16	6.95	7.01	20260	6.38	2034	美 欣 达	SZ	6.95	6.32	
2117	2006-01-16	3.45	3.52	3.43	3.43	34332	1.31	2035	华帝股份	SZ	3.48	1.33	
2120	2006-01-16	2.16	2.19	2.14	2.14	33016	0.8	2036	宜科科技	SZ	2.16	0.81	
2108	2006-01-16	2.24	2.27	2.21	2.21	54873	0.72	2037	久联发展	SZ	2.23	0.73	
2139	2006-01-16	1.91	1.94	1.89	1.91	57080	0.32	2038	双鹭药业	SZ	1.91	0.32	
2120	2006-01-16	5.83	5.88	5.68	5.71	34013	5.27	2039	黔源电力	SZ	5.82	5.37	
2117	2006-01-16	4.81	4.98	4.76	4.79	72177	2.85	2040	南 京 港	SZ	4.76	2.83	
2118	2006-01-16	4.77	4.82	4.71	4.78	25416	1.14	2041	登海种业	SZ	4.78	1.14	
2132	2006-01-16	1.35	1.36	1.34	1.34	51851	0.39	2042	华孚色纺	SZ	1.35	0.39	
2115	2006-01-16	1.82	1.84	1.79	1.8	53044	0.5	2043	兔 宝 宝	SZ	1.81	0.5	
2117	2006-01-16	2.37	2.43	2.37	2.39	43565	1.18	2044	江苏三友	SZ	2.38	1.17	
2113	2006-01-16	2.75	2.8	2.69	2.72	268084	0.64	2045	广州国光	SZ	2.66	0.63	
2113	2006-01-16	4.1	4.32	4.09	4.2	88194	1.27	2046	轴研科技	SZ	4.09	1.24	
2118	2006-01-16	2.91	2.98	2.9	2.92	50929	1.23	2047	成霖股份	SZ	2.92	1.24	
2113	2006-01-16	1.92	1.97	1.9	1.94	28827	0.42	2048	宁波华翔	SZ	1.93	0.42	
2086	2006-01-16	6.24	6.53	6.17	6.29	53966	3.83	2049	晶源电子	SZ	6.29	3.82	
2115	2006-01-16	3.88	4.03	3.88	3.91	68126	1.5	2050	三花股份	SZ	3.88	1.48	
2127	2006-01-16	4.89	4.93	4.77	4.77	43547	2.2	21	长城开发	SZ	4.89	2.25	
2140	2006-01-16	13.85	14.06	13.3	13.32	49534	10.27	22	深赤湾Ａ	SZ	13.85	10.68	
2140	2006-01-16	2.79	2.81	2.73	2.78	8023	2.78	25	特 力Ａ	SZ	2.79	2.79	
2136	2006-01-16	6.03	6.07	5.93	5.96	66806	4.02	27	深圳能源	SZ	6.06	4.08	
2115	2006-01-16	4.57	4.57	4.42	4.46	11298	4.31	28	一致药业	SZ	4.57	4.41	
1817	2006-01-16	1.61	1.61	1.58	1.59	5631	1.59	30	*ST盛润A	SZ	1.61	1.61	
2138	2006-01-16	1.58	1.59	1.56	1.56	15967	0.86	301	东方市场	SZ	1.59	0.87	
1935	2006-01-16	1.06	1.11	1.04	1.08	35689	0.7	34	ST深泰	SZ	1.06	0.68	
2131	2006-01-16	1.83	1.9	1.79	1.9	36685	1.51	35	*ST科健	SZ	1.81	1.44	
2141	2006-01-16	1.64	1.66	1.58	1.58	256061	0.63	36	华联控股	SZ	1.66	0.66	
2134	2006-01-16	6.16	6.16	5.92	5.93	14657	5.36	37	深南电Ａ	SZ	6.16	5.57	
2139	2006-01-16	7.1	7.1	6.86	6.88	122483	4.38	39	中集集团	SZ	7.1	4.52	
2077	2006-01-16	4.63	4.68	4.52	4.55	4452	4.55	4	ST国农	SZ	4.68	4.68	
2084	2006-01-16	2.58	2.6	2.54	2.58	53058	2.54	40	深 鸿 基	SZ	2.56	2.52	
2140	2006-01-16	3.78	3.78	3.55	3.58	124126	2.68	400	许继电气	SZ	3.78	2.84	
2138	2006-01-16	3.29	3.29	3.1	3.15	22763	3.05	401	冀东水泥	SZ	3.29	3.19	
