1977	2006-08-22	3.38	3.45	3.38	3.39	120194	1.58	000001	深发展Ａ	SZ	3.4	1.59	
1984	2006-08-22	2.62	2.65	2.58	2.61	502527	0.96	000002	万 科Ａ	SZ	2.62	0.96	
1921	2006-08-22	3.46	3.72	3.43	3.72	22429	3.72	000004	ST国农	SZ	3.54	3.54	
1592	2006-08-22	0.91	0.94	0.9	0.94	36343	0.23	000010	S ST华新	SZ	0.91	0.23	
1984	2006-08-22	4.67	4.79	4.64	4.75	11845	4.32	000011	深物业A	SZ	4.72	4.29	
1971	2006-08-22	4.13	4.45	4.12	4.41	282248	2.16	000012	南 玻Ａ	SZ	4.05	1.98	
1983	2006-08-22	4.04	4.17	3.99	4.08	57474	2.68	000014	沙河股份	SZ	4.08	2.68	
1982	2006-08-22	2.1	2.13	2.09	2.11	93068	1.01	000016	深康佳Ａ	SZ	2.12	1.02	
1836	2006-08-22	2.36	2.4	2.31	2.36	18220	2.36	000017	*ST中华A	SZ	2.34	2.34	
1984	2006-08-22	4.14	4.19	4.08	4.17	5911	4.17	000018	ST中冠A	SZ	4.17	4.17	
1920	2006-08-22	4.91	5.18	4.9	5.11	24167	4.98	000019	深深宝Ａ	SZ	4.91	4.79	
1982	2006-08-22	3.04	3.13	3.03	3.13	4473	2.72	000020	深华发Ａ	SZ	3.08	2.68	
1971	2006-08-22	5.19	5.27	5.14	5.2	29253	2.96	000021	长城开发	SZ	5.19	2.95	
1984	2006-08-22	12.66	12.88	12.66	12.85	5762	10.43	000022	深赤湾Ａ	SZ	12.64	10.26	
1962	2006-08-22	4.43	4.6	4.4	4.44	37115	4.22	000023	深天地Ａ	SZ	4.46	4.24	
1984	2006-08-22	8.49	8.84	8.39	8.71	76355	5.29	000024	招商地产	SZ	8.55	5.2	
1984	2006-08-22	3.62	3.82	3.62	3.71	30492	3.71	000025	特 力Ａ	SZ	3.59	3.59	
1984	2006-08-22	4.04	4.18	4.01	4.14	12138	2.76	000026	飞亚达Ａ	SZ	4.05	2.7	
1959	2006-08-22	6.3	6.78	6.2	6.56	29576	6.37	000028	一致药业	SZ	6.33	6.14	
1955	2006-08-22	4.12	4.22	4.1	4.19	46614	4.19	000029	深深房Ａ	SZ	4.15	4.15	
1661	2006-08-22	1.74	1.77	1.74	1.76	5214	1.76	000030	*ST盛润A	SZ	1.74	1.74	
1984	2006-08-22	3.59	3.59	3.5	3.54	175876	1.72	000031	中粮地产	SZ	3.59	1.74	
1983	2006-08-22	3.82	3.89	3.79	3.83	17184	2.95	000032	深桑达Ａ	SZ	3.83	2.94	
1978	2006-08-22	2.95	3.03	2.94	3	8987	3	000033	新都酒店	SZ	2.97	2.97	
1779	2006-08-22	1.08	1.11	1.08	1.09	15492	0.7	000034	ST深泰	SZ	1.08	0.69	
1975	2006-08-22	1.55	1.56	1.54	1.55	8542	1.23	000035	*ST科健	SZ	1.55	1.23	
1985	2006-08-22	2.87	2.96	2.85	2.92	97569	2.92	000036	华联控股	SZ	2.88	2.88	
1978	2006-08-22	3.77	3.84	3.74	3.8	5047	3.44	000037	深南电Ａ	SZ	3.76	3.4	
1983	2006-08-22	9.39	9.89	9.35	9.77	118409	7.08	000039	中集集团	SZ	9.41	6.81	
1928	2006-08-22	2.54	2.56	2.49	2.52	19683	2.48	000040	深 鸿 基	SZ	2.54	2.5	
1983	2006-08-22	3.5	3.55	3.47	3.51	12944	3.34	000151	中成股份	SZ	3.49	3.32	
1984	2006-08-22	4.57	4.61	4.54	4.58	18213	4.32	000155	川化股份	SZ	4.57	4.31	
1969	2006-08-22	0.87	0.91	0.86	0.9	609924	0.07	000157	中联重科	SZ	0.86	0.07	
1962	2006-08-22	2.16	2.2	2.15	2.17	21838	1.5	000158	常山股份	SZ	2.18	1.5	
1942	2006-08-22	1.64	1.67	1.63	1.64	33002	0.77	000159	国际实业	SZ	1.66	0.78	
1982	2006-08-22	2.61	2.74	2.59	2.68	467462	1.47	000301	东方市场	SZ	2.61	1.43	
1984	2006-08-22	7.59	7.72	7.46	7.65	27250	5.73	000400	许继电气	SZ	7.6	5.69	
1982	2006-08-22	3.51	3.54	3.45	3.49	25763	3.38	000401	冀东水泥	SZ	3.55	3.44	
1954	2006-08-22	1.64	1.66	1.58	1.61	90429	0.32	001696	宗申动力	SZ	1.63	0.33	
1974	2006-08-22	2.86	2.94	2.8	2.94	10594	2.94	001896	*ST豫能	SZ	2.86	2.86	
1956	2006-08-22	2.68	2.72	2.64	2.72	51576	1.13	002001	新 和 成	SZ	2.68	1.11	
1926	2006-08-22	2.99	3.02	2.96	2.98	12032	1.63	002002	ST琼花	SZ	2.98	1.62	
1950	2006-08-22	7.19	7.35	7.19	7.29	14854	2.11	002003	伟星股份	SZ	7.18	2.08	
1955	2006-08-22	2.09	2.13	2.09	2.12	17138	0.64	002004	华邦制药	SZ	2.11	0.63	
1947	2006-08-22	1.13	1.14	1.12	1.13	46703	0.28	002005	德豪润达	SZ	1.13	0.28	
1945	2006-08-22	1.17	1.21	1.17	1.2	33931	0.27	002006	精功科技	SZ	1.17	0.26	
1957	2006-08-22	3.69	3.73	3.67	3.7	24038	0.64	002007	华兰生物	SZ	3.69	0.64	
1961	2006-08-22	3.36	3.59	3.36	3.56	102666	0.91	002008	大族激光	SZ	3.34	0.85	
1957	2006-08-22	4.34	4.45	4.27	4.45	35958	1.84	002009	天奇股份	SZ	4.3	1.77	
1956	2006-08-22	2.38	2.43	2.37	2.42	32759	0.68	002010	传化股份	SZ	2.39	0.67	
1958	2006-08-22	1.68	1.71	1.65	1.66	55212	0.35	002011	盾安环境	SZ	1.68	0.36	
1961	2006-08-22	2	2.06	1.98	2.05	27918	0.98	002012	凯恩股份	SZ	2	0.95	
1935	2006-08-22	1.95	2.02	1.94	2.02	45554	0.49	002013	中航精机	SZ	1.95	0.47	
1961	2006-08-22	2.93	2.99	2.92	2.98	8104	0.83	002014	永新股份	SZ	2.95	0.82	
1950	2006-08-22	3.68	3.88	3.62	3.88	40083	2.25	002015	霞客环保	SZ	3.68	2.14	
1957	2006-08-22	1.51	1.55	1.51	1.54	23856	0.45	002016	世荣兆业	SZ	1.52	0.44	
1941	2006-08-22	4.64	4.71	4.58	4.71	10386	3.09	002017	东信和平	SZ	4.66	3.06	
1969	2006-08-22	2.07	2.09	2.06	2.08	20679	0.44	002018	华星化工	SZ	2.08	0.44	
1963	2006-08-22	5.64	5.86	5.64	5.86	5427	4.09	002019	鑫富药业	SZ	5.65	3.95	
1960	2006-08-22	2.95	3.01	2.92	2.95	8075	1.42	002020	京新药业	SZ	2.95	1.42	
1958	2006-08-22	2.15	2.23	2.15	2.23	14120	0.74	002021	中捷股份	SZ	2.19	0.73	
1957	2006-08-22	4.5	4.71	4.44	4.71	26630	1.99	002023	海特高新	SZ	4.46	1.88	
1959	2006-08-22	2.35	2.44	2.35	2.41	139265	0.13	002024	苏宁电器	SZ	2.38	0.12	
1961	2006-08-22	9.45	9.73	9.44	9.69	22315	4.64	002025	航天电器	SZ	9.44	4.52	
1945	2006-08-22	2.75	2.84	2.75	2.84	21059	1.54	002026	山东威达	SZ	2.75	1.49	
1961	2006-08-22	5.5	5.61	5.44	5.57	14992	5.57	002027	七喜控股	SZ	5.53	5.53	
1963	2006-08-22	5.21	5.52	5.21	5.44	10686	1.29	002028	思源电气	SZ	5.21	1.23	
1959	2006-08-22	2.13	2.21	2.13	2.18	18512	0.4	002029	七 匹 狼	SZ	2.14	0.39	
1961	2006-08-22	2.34	2.44	2.34	2.44	28426	0.77	002030	达安基因	SZ	2.36	0.74	
1956	2006-08-22	5.02	5.04	4.9	4.96	25699	2.37	002031	巨轮股份	SZ	4.95	2.37	
1960	2006-08-22	5.78	5.86	5.74	5.77	35353	1.82	002032	苏 泊 尔	SZ	5.81	1.84	
1925	2006-08-22	6.09	6.3	6.05	6.24	18649	3.37	002033	丽江旅游	SZ	6.09	3.29	
1964	2006-08-22	6.82	6.85	6.76	6.79	5947	6.36	002034	美 欣 达	SZ	6.78	6.35	
1961	2006-08-22	3.32	3.44	3.27	3.43	21019	1.67	002035	华帝股份	SZ	3.33	1.62	
1964	2006-08-22	4.22	4.28	4.16	4.22	20968	2.2	002036	宜科科技	SZ	4.21	2.2	
1952	2006-08-22	2.94	2.98	2.92	2.94	22194	1.05	002037	久联发展	SZ	2.94	1.05	
1983	2006-08-22	2.48	2.59	2.47	2.54	47144	0.45	002038	双鹭药业	SZ	2.49	0.44	
1964	2006-08-22	6.31	6.38	6.21	6.34	8962	6.04	002039	黔源电力	SZ	6.34	6.04	
1961	2006-08-22	4.58	4.78	4.56	4.77	18931	4.62	002040	南 京 港	SZ	4.61	4.46	
1962	2006-08-22	5.16	5.3	5.13	5.3	41465	2.59	002041	登海种业	SZ	5.16	2.52	
1976	2006-08-22	1.06	1.08	1.05	1.07	21830	0.34	002042	华孚色纺	SZ	1.06	0.34	
1959	2006-08-22	1.75	1.79	1.74	1.78	42621	0.52	002043	兔 宝 宝	SZ	1.76	0.51	
1961	2006-08-22	2.43	2.48	2.4	2.42	23042	1.23	002044	江苏三友	SZ	2.45	1.24	
1957	2006-08-22	3.47	3.52	3.44	3.47	18432	1.38	002045	广州国光	SZ	3.47	1.38	
1957	2006-08-22	4.8	4.97	4.76	4.97	24342	1.84	002046	轴研科技	SZ	4.79	1.77	
1962	2006-08-22	2.6	2.67	2.56	2.6	175454	1.22	002047	成霖股份	SZ	2.55	1.2	
1957	2006-08-22	5.97	6.17	5.86	6.04	25703	1.75	002048	宁波华翔	SZ	5.86	1.69	
1930	2006-08-22	6.43	6.91	6.4	6.75	62780	4.18	002049	晶源电子	SZ	6.45	4	
1959	2006-08-22	3.66	3.77	3.63	3.73	19448	1.51	002050	三花股份	SZ	3.66	1.48	
1951	2006-08-22	5.54	5.65	5.52	5.59	25699	1.85	002051	中工国际	SZ	5.58	1.84	
1951	2006-08-22	4.3	4.43	4.29	4.38	14971	0.63	002052	同洲电子	SZ	4.33	0.62	
1960	2006-08-22	12.87	13.04	12.78	12.95	19380	12.45	002053	云南盐化	SZ	12.92	12.42	
1962	2006-08-22	4.13	4.21	4.09	4.13	32621	1.68	002054	德美化工	SZ	4.14	1.69	
1957	2006-08-22	4.35	4.39	4.31	4.32	23719	1.2	002055	得润电子	SZ	4.38	1.22	
1961	2006-08-22	7.66	7.79	7.62	7.65	44518	3.7	002056	横店东磁	SZ	7.73	3.74	
1962	2006-08-22	8.42	8.73	8.33	8.41	57165	6.98	002057	中钢天源	SZ	8.49	7.05	
1953	2006-08-22	5.4	5.5	5.29	5.36	65101	2.21	002058	威 尔 泰	SZ	5.45	2.24	
1936	2006-08-22	6.86	6.96	6.81	6.83	43195	6.63	002059	云南旅游	SZ	6.89	6.69	
1955	2006-08-22	4.11	4.17	4.09	4.1	127762	2.17	002060	粤 水 电	SZ	4.14	2.19	
1952	2006-08-22	6.79	7.07	6.75	6.83	156793	4.07	002061	江山化工	SZ	6.83	4.06	
1960	2006-08-22	4.56	4.63	4.51	4.55	80392	1.06	002062	宏润建设	SZ	4.55	1.06	
