804	2011-03-03	10.12	10.48	10.11	10.25	1568783	6.26	1	深发展Ａ	SZ	10.11	6.17	
801	2011-03-03	2.35	2.36	2.26	2.28	1526164	1.08	100	TCL 集团	SZ	2.36	1.12	
809	2011-03-03	7.55	7.59	7.41	7.45	40521	7.45	11	深物业A	SZ	7.56	7.56	
809	2011-03-03	21.76	21.99	20.6	20.89	462361	19.18	12	南 玻Ａ	SZ	21.78	20	
808	2011-03-03	10.16	10.33	9.91	9.92	50706	9.83	14	沙河股份	SZ	10.19	10.1	
810	2011-03-03	5.37	5.42	5.3	5.3	27905	5.3	150	宜华地产	SZ	5.37	5.37	
808	2011-03-03	13.52	13.74	12.95	13.15	112429	13.03	151	中成股份	SZ	13.52	13.4	
810	2011-03-03	11.61	11.79	11.18	11.45	311032	11.33	153	丰原药业	SZ	11.7	11.58	
809	2011-03-03	6.73	6.95	6.58	6.78	64766	6.78	155	川化股份	SZ	6.71	6.71	
809	2011-03-03	11.66	11.68	11.37	11.41	926994	8.12	157	中联重科	SZ	11.68	8.32	
809	2011-03-03	6.65	6.7	6.54	6.54	48690	6.52	158	常山股份	SZ	6.61	6.59	
808	2011-03-03	15.11	15.27	14.68	14.7	93252	14.3	159	国际实业	SZ	15.13	14.71	
808	2011-03-03	5.01	5.04	4.93	4.93	119614	4.89	16	深康佳Ａ	SZ	5.01	4.97	
807	2011-03-03	10.56	10.69	10.2	10.27	153680	9.58	1696	宗申动力	SZ	10.44	9.74	
809	2011-03-03	5.9	5.95	5.63	5.68	55103	5.68	17	*ST中华A	SZ	5.86	5.86	
809	2011-03-03	8.36	8.47	8.29	8.39	15015	8.39	18	ST中冠A	SZ	8.36	8.36	
803	2011-03-03	5.23	5.34	5.23	5.29	23048	5.29	1896	*ST豫能	SZ	5.28	5.28	
789	2011-03-03	11.71	11.8	11.35	11.6	32943	11.31	19	深深宝Ａ	SZ	11.86	11.56	
809	2011-03-03	8.2	8.31	8.17	8.19	899327	7.51	2	万 科Ａ	SZ	8.2	7.52	
808	2011-03-03	9.36	9.65	9.31	9.54	32148	9.54	20	深华发Ａ	SZ	9.37	9.37	
807	2011-03-03	26.77	26.87	25.93	25.94	66149	24.3	2001	新 和 成	SZ	26.77	25.07	
777	2011-03-03	7.1	7.16	6.92	6.98	39244	6.98	2002	ST琼花	SZ	7.14	7.14	
803	2011-03-03	29.9	30.09	28.92	29.46	21937	18.95	2003	伟星股份	SZ	30.16	19.4	
804	2011-03-03	14.76	15.17	14.66	15.06	23247	4.77	2004	华邦制药	SZ	14.76	4.67	
806	2011-03-03	9.15	9.23	9.06	9.15	122254	4.53	2005	德豪润达	SZ	9.15	4.53	
807	2011-03-03	17.67	18.13	17.13	17.13	241614	5.68	2006	精功科技	SZ	17.83	5.91	
804	2011-03-03	46.15	46.3	44.7	44.7	54235	43.99	2007	华兰生物	SZ	46.17	45.44	
810	2011-03-03	15.47	15.65	14.93	15.03	232234	9.63	2008	大族激光	SZ	15.35	9.84	
804	2011-03-03	17.03	17.59	16.91	16.92	58291	16.86	2009	天奇股份	SZ	17.02	16.96	
807	2011-03-03	10.43	10.55	10.15	10.2	55417	5	2010	传化股份	SZ	10.43	5.1	
809	2011-03-03	13.9	14.19	13.35	13.74	90484	6.63	2011	盾安环境	SZ	14.13	6.82	
809	2011-03-03	8.2	8.39	8.1	8.15	119936	3.88	2012	凯恩股份	SZ	8.23	3.92	
808	2011-03-03	17.99	18.21	17.51	17.7	34890	10.41	2013	中航精机	SZ	18.11	10.64	
809	2011-03-03	11.45	11.68	11.41	11.5	59962	5.24	2014	永新股份	SZ	11.45	5.21	
806	2011-03-03	11.15	11.37	10.73	10.89	73242	10.85	2015	霞客环保	SZ	11.88	11.84	
809	2011-03-03	5.93	6.29	5.93	6.14	144046	4.31	2016	世荣兆业	SZ	5.93	4.16	
794	2011-03-03	22.05	22.09	20.91	20.95	60907	18.7	2017	东信和平	SZ	21.98	19.63	
805	2011-03-03	5.39	5.4	5.2	5.22	90957	3.54	2018	华星化工	SZ	5.41	3.67	
809	2011-03-03	15.76	15.91	15.21	15.33	20458	15.33	2019	鑫富药业	SZ	15.76	15.76	
810	2011-03-03	10.52	11.19	10.34	10.89	70424	5.25	2020	京新药业	SZ	10.48	5.05	
807	2011-03-03	5.05	5.25	5.02	5.07	235259	3.86	2021	中捷股份	SZ	5.12	3.9	
809	2011-03-03	18	18.1	17.31	17.48	119731	16.09	2022	科华生物	SZ	17.99	16.56	
809	2011-03-03	16.42	16.69	15.89	16	44994	15.66	2023	海特高新	SZ	16.49	16.14	
809	2011-03-03	13.87	14.04	13.7	13.75	470803	13.36	2024	苏宁电器	SZ	13.89	13.49	
809	2011-03-03	13.54	13.76	13.27	13.28	34061	12.93	2025	航天电器	SZ	13.55	13.19	
809	2011-03-03	8.28	8.41	8.17	8.2	19056	4.72	2026	山东威达	SZ	8.27	4.76	
808	2011-03-03	6.68	6.79	6.49	6.52	43310	6.52	2027	七喜控股	SZ	6.62	6.62	
810	2011-03-03	24.09	24.5	23.6	23.7	87446	22.51	2028	思源电气	SZ	24.08	22.87	
808	2011-03-03	14.36	14.44	13.92	13.92	29213	5.99	2029	七 匹 狼	SZ	14.48	6.23	
808	2011-03-03	9.1	9.15	8.69	8.7	105524	5.47	2030	达安基因	SZ	9.12	5.74	
805	2011-03-03	8.47	8.56	8.27	8.27	42959	5.4	2031	巨轮股份	SZ	8.51	5.55	
808	2011-03-03	23.59	23.85	22.93	22.97	21857	19.8	2032	苏 泊 尔	SZ	23.59	20.33	
806	2011-03-03	19.59	20.18	19.45	19.76	36110	11.38	2033	丽江旅游	SZ	19.57	11.27	
809	2011-03-03	13.65	13.8	13.5	13.59	8201	13	2034	美 欣 达	SZ	13.68	13.09	
809	2011-03-03	16.25	16.9	15.67	15.82	147455	11.12	2035	华帝股份	SZ	15.55	10.93	
810	2011-03-03	14.28	14.8	14.1	14.6	70458	14.42	2036	宜科科技	SZ	14.25	14.07	
805	2011-03-03	15.94	16.31	15.22	15.36	37275	9.24	2037	久联发展	SZ	16.12	9.7	
808	2011-03-03	31.36	31.39	30.83	30.99	37213	17.03	2038	双鹭药业	SZ	31.33	17.22	
810	2011-03-03	21.05	21.17	20.5	20.55	9785	20.22	2039	黔源电力	SZ	21	20.66	
810	2011-03-03	8.69	9.1	8.58	8.78	73108	8.67	2040	南 京 港	SZ	8.69	8.59	
808	2011-03-03	32.9	32.9	31.4	31.48	58471	15.5	2041	登海种业	SZ	32.92	16.21	
807	2011-03-03	9.81	9.81	9.35	9.43	68539	3.01	2042	华孚色纺	SZ	9.69	3.09	
809	2011-03-03	5.41	5.45	5.3	5.32	72234	2.59	2043	兔 宝 宝	SZ	5.41	2.64	
809	2011-03-03	13.14	13.31	12.72	12.93	39180	9	2044	江苏三友	SZ	13.08	9.1	
808	2011-03-03	11.8	11.86	11.45	11.55	37831	7.28	2045	广州国光	SZ	11.79	7.43	
809	2011-03-03	14.71	14.97	14.43	14.52	36450	7.05	2046	轴研科技	SZ	14.69	7.13	
810	2011-03-03	5.23	5.25	5.14	5.18	35501	5.18	2047	成霖股份	SZ	5.22	5.22	
808	2011-03-03	15.25	15.3	14.48	14.55	135620	14.16	2048	宁波华翔	SZ	15.25	14.84	
810	2011-03-03	24.58	25.2	23.5	23.6	40080	23.32	2049	晶源电子	SZ	24.77	24.47	
808	2011-03-03	17.45	17.65	17.24	17.27	9485	7.99	2050	三花股份	SZ	17.45	8.07	
807	2011-03-03	21.71	22.12	21.31	21.31	14426	12.15	2051	中工国际	SZ	21.69	12.37	
805	2011-03-03	6.08	6.16	5.86	5.97	169026	2.95	2052	同洲电子	SZ	6.1	3.02	
807	2011-03-03	12.8	13.06	12.61	12.65	16109	12.54	2053	云南盐化	SZ	12.9	12.79	
809	2011-03-03	12.8	12.99	12.62	12.84	23317	12.36	2054	德美化工	SZ	12.98	12.5	
807	2011-03-03	12.77	12.84	11.75	11.8	103064	5.79	2055	得润电子	SZ	12.69	6.22	
808	2011-03-03	37.95	38.9	37.3	37.6	63032	37.49	2056	横店东磁	SZ	38.02	37.91	
808	2011-03-03	25.93	26.62	25.7	25.7	22406	25.7	2057	中钢天源	SZ	25.91	25.91	
809	2011-03-03	9.83	9.92	9.46	9.51	88943	4.06	2058	威 尔 泰	SZ	9.96	4.25	
808	2011-03-03	12.72	13.08	12.3	12.4	46330	12.28	2059	云南旅游	SZ	12.72	12.6	
806	2011-03-03	9.72	9.97	9.68	9.74	118631	6.63	2060	粤 水 电	SZ	9.85	6.71	
807	2011-03-03	10.67	10.69	10.24	10.42	131113	6.85	2061	江山化工	SZ	10.79	7.1	
808	2011-03-03	12.48	12.48	11.94	11.94	77455	6.49	2062	宏润建设	SZ	12.54	6.82	
810	2011-03-03	15.4	15.61	15.21	15.51	34967	8.9	2063	远光软件	SZ	15.4	8.84	
809	2011-03-03	11.43	11.48	11.11	11.15	77886	10.9	2064	华峰氨纶	SZ	11.43	11.18	
810	2011-03-03	16.76	16.79	16.06	16.12	47371	10.08	2065	东华软件	SZ	16.79	10.5	
810	2011-03-03	8.68	8.85	8.52	8.55	24227	4.08	2066	瑞泰科技	SZ	8.7	4.15	
809	2011-03-03	3.74	3.8	3.66	3.66	257441	1.78	2067	景兴纸业	SZ	3.74	1.82	
806	2011-03-03	7.07	7.24	7.07	7.14	67259	4.37	2068	黑猫股份	SZ	7.12	4.36	
808	2011-03-03	26.57	26.66	25.73	25.84	50006	16.26	2069	獐 子 岛	SZ	26.42	16.62	
808	2011-03-03	4.16	4.19	4.05	4.11	44059	1.86	2070	众和股份	SZ	4.16	1.89	
809	2011-03-03	12.65	12.8	12.16	12.34	82316	12.25	2071	江苏宏宝	SZ	12.7	12.61	
801	2011-03-03	9.11	9.17	8.86	8.97	9351	8.97	2072	*ST德棉	SZ	9.1	9.1	
808	2011-03-03	22.66	22.86	22	22.04	73777	21.86	2073	软控股份	SZ	22.63	22.45	
810	2011-03-03	11.41	11.63	11.23	11.44	35755	6.24	2074	东源电器	SZ	11.43	6.23	
810	2011-03-03	10.39	10.48	10.2	10.22	22390	9.8	2076	雪 莱 特	SZ	10.36	9.93	
795	2011-03-03	11.7	11.88	11.4	11.42	52343	11.28	2077	大港股份	SZ	11.79	11.65	
805	2011-03-03	13.55	13.88	13.38	13.6	236014	12.95	2078	太阳纸业	SZ	13.5	12.86	
803	2011-03-03	8.32	8.38	7.85	7.89	100975	3.33	2079	苏州固锝	SZ	8.34	3.52	
807	2011-03-03	19.98	19.99	19.19	19.34	41450	9.28	2080	中材科技	SZ	19.88	9.53	
808	2011-03-03	19.24	19.24	18.37	18.49	49600	5.35	2081	金 螳 螂	SZ	19.16	5.54	
809	2011-03-03	13.96	14.05	13.73	13.75	33743	13.15	2082	栋梁新材	SZ	13.95	13.34	
810	2011-03-03	10.13	10.18	9.8	9.82	116518	9.7	2083	孚日股份	SZ	10.12	9.99	
809	2011-03-03	6.58	6.87	6.54	6.86	123977	4.56	2084	海鸥卫浴	SZ	6.64	4.42	
805	2011-03-03	12.85	13.28	12.76	12.94	29283	11.54	2085	万丰奥威	SZ	12.89	11.5	
809	2011-03-03	18.06	18.09	16.96	17.05	95231	16.79	2086	东方海洋	SZ	18.05	17.77	
808	2011-03-03	5.98	6.03	5.79	5.81	72215	5.71	2087	新野纺织	SZ	5.98	5.88	
809	2011-03-03	17.31	17.43	17.01	17.01	13091	16.55	2088	鲁阳股份	SZ	17.37	16.9	
806	2011-03-03	12.99	13.19	12.66	12.72	43517	6.83	2089	新 海 宜	SZ	12.97	6.96	
751	2011-03-03	13.51	14.69	13.51	14.69	63312	14.4	2090	金智科技	SZ	13.35	13.08	
810	2011-03-03	24.08	25	23.33	23.91	200691	19.52	2091	江苏国泰	SZ	23.9	19.51	
806	2011-03-03	15.3	15.45	14.71	14.75	98944	14.06	2092	中泰化学	SZ	15.2	14.49	
808	2011-03-03	8.95	9.05	8.52	8.6	72872	4.3	2093	国脉科技	SZ	8.95	4.47	
809	2011-03-03	14.83	15.59	14.83	15.2	69064	15.2	2094	青岛金王	SZ	14.97	14.97	
810	2011-03-03	20.31	20.39	20.01	20.08	10553	16.45	2095	生 意 宝	SZ	20.34	16.67	
781	2011-03-03	17.75	17.75	17.53	17.56	7003	8.59	2096	南岭民爆	SZ	17.75	8.69	
809	2011-03-03	17.11	17.13	16.59	16.59	67611	16.41	2097	山河智能	SZ	17.09	16.91	
803	2011-03-03	15.53	15.65	14.68	14.69	25532	13.8	2098	浔兴股份	SZ	15.47	14.54	
807	2011-03-03	12.16	12.31	11.75	11.77	31959	5.65	2099	海翔药业	SZ	12.21	5.86	
809	2011-03-03	11.7	11.84	11.32	11.32	130618	10.92	21	长城开发	SZ	11.6	11.19	
806	2011-03-03	13.76	13.97	13.32	13.96	65690	8.09	2100	天康生物	SZ	13.8	7.99	
800	2011-03-03	16.55	16.75	16.52	16.67	11229	8.08	2101	广东鸿图	SZ	16.59	8.05	
807	2011-03-03	4.99	5.09	4.95	4.95	43290	2.47	2102	冠福家用	SZ	5.01	2.51	
810	2011-03-03	8.64	8.73	8.39	8.4	24584	8.06	2103	广博股份	SZ	8.7	8.35	
810	2011-03-03	16.22	16.37	15.64	15.78	127838	15.49	2104	恒宝股份	SZ	16.32	16.02	
808	2011-03-03	7.4	7.55	7.36	7.55	43304	7.26	2105	信隆实业	SZ	7.4	7.12	
810	2011-03-03	40	40.98	38.97	39.04	78220	27.32	2106	莱宝高科	SZ	40	27.99	
809	2011-03-03	14.1	14.1	13.67	13.71	16086	13.71	2107	沃华医药	SZ	14.03	14.03	
804	2011-03-03	11.36	11.42	11.05	11.28	91554	6.09	2108	沧州明珠	SZ	11.37	6.14	
805	2011-03-03	10.6	10.88	10.39	10.43	62530	9.99	2109	兴化股份	SZ	10.6	10.15	
808	2011-03-03	10.26	10.33	10.18	10.26	39403	10.23	2110	三钢闽光	SZ	10.25	10.22	
804	2011-03-03	13.89	14	13.49	13.58	21546	7.34	2111	威海广泰	SZ	13.93	7.53	
808	2011-03-03	8.98	9.17	8.81	8.82	104502	4.86	2112	三变科技	SZ	8.99	4.95	
806	2011-03-03	8.33	8.4	8.24	8.26	19213	8.26	2113	ST天润	SZ	8.38	8.38	
810	2011-03-03	16.19	16.4	15.82	15.83	22264	15.83	2114	罗平锌电	SZ	16.18	16.18	
808	2011-03-03	10.31	10.39	10.23	10.27	64394	5.44	2115	三维通信	SZ	10.27	5.44	
809	2011-03-03	13.12	13.17	12.67	12.68	12704	6.57	2116	中国海诚	SZ	13.07	6.77	
807	2011-03-03	16.13	16.31	15.81	16.03	25930	9.27	2117	东港股份	SZ	16.24	9.4	
765	2011-03-03	16.18	16.3	15.25	15.45	38590	7.72	2118	紫鑫药业	SZ	16.05	8.02	
803	2011-03-03	12.49	12.84	12.42	12.65	64621	12.52	2119	康强电子	SZ	12.48	12.35	
808	2011-03-03	19.41	19.66	18.75	19.13	83878	12.66	2121	科陆电子	SZ	19.13	12.66	
810	2011-03-03	16.88	17.07	16.06	16.17	224161	15.58	2122	天马股份	SZ	16.86	16.24	
810	2011-03-03	27.46	27.78	26.41	26.6	73173	17.73	2123	荣信股份	SZ	27.33	18.22	
810	2011-03-03	10.28	10.48	10.08	10.08	19496	9.75	2124	天邦股份	SZ	10.27	9.93	
809	2011-03-03	15.21	15.57	15.11	15.11	18476	9.41	2125	湘潭电化	SZ	15.22	9.48	
808	2011-03-03	13.31	13.48	13.21	13.35	40161	5.04	2126	银轮股份	SZ	13.25	5	
810	2011-03-03	13.67	13.83	12.93	12.96	69155	10.68	2127	新民科技	SZ	13.73	11.32	
809	2011-03-03	23.9	24.1	23.2	23.23	43701	21.67	2128	露天煤业	SZ	23.73	22.13	
808	2011-03-03	21.59	22.3	20.81	21.03	41551	14.01	2129	中环股份	SZ	21.59	14.38	
803	2011-03-03	13.67	13.78	12.97	13	187630	6.54	2130	沃尔核材	SZ	13.69	6.89	
804	2011-03-03	23	23	21.01	21.53	128440	21.42	2131	利欧股份	SZ	22.9	22.78	
808	2011-03-03	14.67	15.1	14.62	14.67	46976	7.21	2132	恒星科技	SZ	14.66	7.21	
807	2011-03-03	5.54	5.56	5.43	5.43	55967	4.17	2133	广宇集团	SZ	5.53	4.25	
808	2011-03-03	8.74	8.77	8.5	8.56	23588	8.56	2134	天津普林	SZ	8.72	8.72	
806	2011-03-03	6.44	6.55	6.24	6.25	56367	2.28	2135	东南网架	SZ	6.43	2.35	
808	2011-03-03	8.17	8.26	8.13	8.14	27365	4.04	2136	安 纳 达	SZ	8.18	4.06	
808	2011-03-03	6.83	7.04	6.8	6.98	73711	4.24	2137	实 益 达	SZ	6.84	4.15	
808	2011-03-03	17.27	17.43	16.87	16.95	28622	11.04	2138	顺络电子	SZ	17.27	11.24	
809	2011-03-03	18.95	19.54	18.95	19.05	16860	16.69	2139	拓邦股份	SZ	18.99	16.64	
810	2011-03-03	27.41	27.46	26.56	26.68	25801	16.56	2140	东华科技	SZ	27.41	17.01	
808	2011-03-03	8.59	8.59	8.19	8.27	50685	5.15	2141	蓉胜超微	SZ	8.61	5.35	
808	2011-03-03	13.15	13.8	13.03	13.4	814502	12.61	2142	宁波银行	SZ	13.13	12.36	
803	2011-03-03	7.67	7.71	7.48	7.5	15209	5.69	2143	高金食品	SZ	7.62	5.79	
809	2011-03-03	17.2	17.38	16.8	16.97	17518	16.44	2144	宏达高科	SZ	17.19	16.65	
773	2011-03-03	8.1	8.38	8.08	8.2	46873	8.2	2145	*ST钛白	SZ	8.16	8.16	
806	2011-03-03	9.37	9.73	9.31	9.5	279931	7.11	2146	荣盛发展	SZ	9.35	7	
809	2011-03-03	16.44	16.62	15.88	15.92	42141	15.26	2147	方圆支承	SZ	16.44	15.76	
809	2011-03-03	13.14	13.53	12.87	12.9	23163	4.17	2148	北纬通信	SZ	13.13	4.24	
809	2011-03-03	23.46	23.66	22.9	22.9	14348	22.6	2149	西部材料	SZ	23.46	23.15	
809	2011-03-03	8.91	9.43	8.82	8.82	29769	5.24	2150	江苏通润	SZ	8.98	5.34	
806	2011-03-03	22.66	23.01	21.73	21.97	11493	11.98	2151	北斗星通	SZ	22.72	12.39	
810	2011-03-03	19.78	20.01	18.45	19.51	215713	8.61	2152	广电运通	SZ	19.87	8.76	
810	2011-03-03	35.51	35.85	34.06	34.55	4069	24.64	2153	石基信息	SZ	35.47	25.3	
803	2011-03-03	13.75	13.8	13	13.39	33934	6.38	2154	报 喜 鸟	SZ	13.8	6.57	
808	2011-03-03	19.47	19.47	18.34	18.36	360921	9.85	2155	辰州矿业	SZ	19.35	10.38	
810	2011-03-03	11.12	11.23	10.88	10.93	86229	6.78	2156	通富微电	SZ	11.11	6.89	
809	2011-03-03	9.33	9.43	9.16	9.18	27350	5.64	2157	正邦科技	SZ	9.33	5.74	
810	2011-03-03	24.02	24.16	22.88	22.89	22833	16.23	2158	汉钟精机	SZ	24.01	17.02	
810	2011-03-03	19.19	19.38	18.18	18.9	24362	18.73	2159	三特索道	SZ	19.19	19.01	
809	2011-03-03	12.22	12.32	11.94	11.94	107313	4.41	2161	远 望 谷	SZ	12.22	4.51	
809	2011-03-03	12.64	12.74	12.22	12.29	40793	12.24	2162	斯 米 克	SZ	12.64	12.59	
808	2011-03-03	8.59	8.65	8.43	8.48	17232	4.16	2164	东力传动	SZ	8.59	4.21	
808	2011-03-03	8.59	9.01	8.59	8.73	166254	4.71	2165	红 宝 丽	SZ	8.57	4.62	
806	2011-03-03	26.57	26.68	25.62	25.66	31947	25.66	2166	莱茵生物	SZ	26.49	26.49	
809	2011-03-03	19.25	19.7	19.1	19.45	109055	9.68	2167	东方锆业	SZ	19.21	9.56	
809	2011-03-03	14.9	15.6	14.9	15.38	123826	6.53	2168	深圳惠程	SZ	14.9	6.32	
807	2011-03-03	12.22	12.95	12.21	12.57	101816	8.36	2169	智光电气	SZ	12.13	8.07	
807	2011-03-03	7.41	7.54	7.26	7.32	141069	3.01	2170	芭田股份	SZ	7.4	3.04	
810	2011-03-03	16.99	16.99	16.25	16.35	265493	16.32	2171	精诚铜业	SZ	17	16.97	
808	2011-03-03	9.06	9.15	8.96	8.97	31809	8.97	2172	澳洋科技	SZ	9.06	9.06	
810	2011-03-03	9.52	9.64	9.2	9.23	20766	4.59	2173	山 下 湖	SZ	9.61	4.78	
808	2011-03-03	15.16	15.4	15	15	5470	14.94	2174	梅 花 伞	SZ	15.17	15.11	
802	2011-03-03	15.55	15.74	15.17	15.17	29058	15.02	2175	广陆数测	SZ	15.39	15.24	
805	2011-03-03	11.12	11.94	11.12	11.65	469294	5.81	2176	江特电机	SZ	10.93	5.44	
806	2011-03-03	7.1	7.17	6.84	6.85	121476	2.36	2177	御银股份	SZ	7.13	2.46	
809	2011-03-03	11.46	11.74	11.43	11.51	25939	8.19	2178	延华智能	SZ	11.42	8.13	
809	2011-03-03	22	22.3	21.28	21.4	55584	21.07	2179	中航光电	SZ	22.3	21.96	
808	2011-03-03	19.79	19.79	18.53	18.53	37799	12.18	2180	万 力 达	SZ	19.89	13.07	
806	2011-03-03	13.8	13.8	13.36	13.37	43508	13.21	2181	粤 传 媒	SZ	13.87	13.7	
810	2011-03-03	16.5	16.77	15.47	15.64	184331	10.31	2182	云海金属	SZ	16.63	10.96	
805	2011-03-03	8.8	8.91	8.51	8.59	99024	5.55	2183	怡 亚 通	SZ	8.81	5.7	
810	2011-03-03	14.25	14.67	14.25	14.55	48305	14.25	2184	海得控制	SZ	14.3	14.01	
810	2011-03-03	8.81	9.06	8.76	8.79	100571	5.37	2185	华天科技	SZ	8.83	5.39	
810	2011-03-03	15.88	16.11	15.73	15.88	19154	7.23	2186	全 聚 德	SZ	15.88	7.23	
809	2011-03-03	15.6	15.6	15.46	15.49	15985	8.14	2187	广百股份	SZ	15.59	8.19	
784	2011-03-03	11.18	11.27	10.7	10.74	27794	10.74	2188	新 嘉 联	SZ	11.26	11.26	
809	2011-03-03	16.6	16.89	15.88	15.91	32996	15.85	2189	利达光电	SZ	16.77	16.71	
809	2011-03-03	26.54	27.32	26.31	26.53	53342	20.14	2190	成飞集成	SZ	26.27	19.94	
808	2011-03-03	10.87	10.94	10.67	10.78	46607	10.22	2191	劲嘉股份	SZ	10.86	10.3	
808	2011-03-03	28.49	29.5	28.48	28.76	40145	28.7	2192	路翔股份	SZ	28.47	28.41	
809	2011-03-03	14.85	14.9	14.5	14.54	11945	14.48	2193	山东如意	SZ	14.82	14.76	
810	2011-03-03	14.4	14.45	13.91	13.92	28817	13.06	2194	武汉凡谷	SZ	14.41	13.52	
809	2011-03-03	16.22	16.33	15.93	16.09	10021	10.51	2195	海隆软件	SZ	16.13	10.54	
808	2011-03-03	17.27	17.73	17.07	17.54	42224	11.26	2196	方正电机	SZ	17.23	11.06	
806	2011-03-03	10.61	10.66	10.17	10.22	29637	6.28	2197	证通电子	SZ	10.59	6.51	
807	2011-03-03	6.55	6.59	6.43	6.43	26921	2.53	2198	嘉应制药	SZ	6.55	2.58	
807	2011-03-03	15.95	15.95	14.87	14.94	143110	9.75	2199	东晶电子	SZ	15.87	10.35	
809	2011-03-03	17.79	18.08	17.64	17.81	42572	16.21	22	深赤湾Ａ	SZ	17.9	16.3	
792	2011-03-03	25.75	26.1	25.01	25.1	37288	25.1	2200	绿 大 地	SZ	25.76	25.76	
807	2011-03-03	9.88	9.97	9.64	9.64	20012	7.4	2201	九鼎新材	SZ	9.86	7.58	
808	2011-03-03	20.58	20.81	20.11	20.13	247945	19.31	2202	金风科技	SZ	20.47	19.64	
809	2011-03-03	10.39	10.51	10.12	10.13	83288	6.51	2203	海亮股份	SZ	10.52	6.76	
784	2011-03-03	10.68	10.96	10.68	10.84	21141	4.67	2204	华锐铸钢	SZ	10.86	4.68	
808	2011-03-03	29.78	29.9	28.2	28.59	46018	28.24	2205	国统股份	SZ	29.78	29.42	
805	2011-03-03	15.63	15.9	15	15.22	56934	9.01	2206	海 利 得	SZ	15.63	9.25	
809	2011-03-03	21.83	21.89	21.06	21.12	37351	20.96	2207	准油股份	SZ	21.71	21.55	
808	2011-03-03	10.96	11.14	10.78	10.78	33014	10.31	2208	合肥城建	SZ	11.03	10.55	
808	2011-03-03	12.15	12.28	11.91	11.93	17404	11.76	2209	达 意 隆	SZ	12.18	12	
809	2011-03-03	7.87	8.02	7.78	7.89	43300	5.93	2210	飞马国际	SZ	7.87	5.91	
807	2011-03-03	11.68	11.79	11.25	11.27	37284	7.52	2211	宏达新材	SZ	11.68	7.79	
805	2011-03-03	10.6	10.65	10.09	10.1	124487	4.88	2212	南洋股份	SZ	10.69	5.16	
809	2011-03-03	16.73	16.73	16.3	16.32	20825	16.07	2213	特 尔 佳	SZ	16.75	16.5	
784	2011-03-03	23.99	23.99	23.15	23.42	20502	11.39	2214	大立科技	SZ	23.58	11.46	
806	2011-03-03	13.42	13.42	12.5	12.71	30774	5.07	2215	诺 普 信	SZ	13.37	5.34	
807	2011-03-03	17.47	17.97	17.2	17.51	11646	8.5	2216	三全食品	SZ	17.38	8.43	
809	2011-03-03	7.47	7.55	7.28	7.29	36427	4.75	2217	联合化工	SZ	7.51	4.89	
808	2011-03-03	17.33	17.5	16.72	16.75	49524	11.13	2218	拓日新能	SZ	17.33	11.52	
808	2011-03-03	7.98	8.07	7.85	7.87	31840	3.9	2219	独 一 味	SZ	8.01	3.97	
810	2011-03-03	10.4	10.46	10.19	10.2	30542	4.96	2220	天宝股份	SZ	10.39	5.05	
804	2011-03-03	5.57	5.72	5.51	5.53	107888	2.72	2221	东华能源	SZ	5.57	2.75	
810	2011-03-03	12.62	12.62	11.8	11.92	89853	7.6	2222	福晶科技	SZ	12.5	7.97	
810	2011-03-03	19.97	20.13	19.08	19.09	34627	9.08	2223	鱼跃医疗	SZ	20.12	9.58	
808	2011-03-03	9.07	9.17	8.92	8.93	29015	4.8	2224	三 力 士	SZ	9.11	4.9	
802	2011-03-03	7.88	8.02	7.75	7.81	26494	5.89	2225	濮耐股份	SZ	7.85	5.93	
802	2011-03-03	18.52	18.92	18.33	18.67	44085	11.61	2226	江南化工	SZ	18.67	11.61	
810	2011-03-03	34.5	35.4	34.5	35.4	17340	34.98	2227	奥 特 迅	SZ	32.18	31.8	
806	2011-03-03	9.62	9.62	9.36	9.4	13873	5.69	2228	合兴包装	SZ	9.62	5.83	
807	2011-03-03	9.18	9.2	8.78	8.78	26399	4.4	2229	鸿博股份	SZ	9.12	4.57	
809	2011-03-03	30.55	31.17	28.99	29.05	52387	11.19	2230	科大讯飞	SZ	30.64	7.79	
808	2011-03-03	7.18	7.25	6.86	6.86	33201	3.22	2231	奥维通信	SZ	7.14	3.35	
808	2011-03-03	14.65	14.98	14.14	14.19	127894	10.12	2232	启明信息	SZ	14.64	10.44	
808	2011-03-03	8.6	9.11	8.55	8.92	331377	4.3	2233	塔牌集团	SZ	8.63	4.16	
805	2011-03-03	11.17	11.3	10.69	10.69	37225	4.98	2234	民和股份	SZ	11.16	5.2	
807	2011-03-03	13.36	13.55	13.08	13.22	5976	12.81	2235	安妮股份	SZ	13.44	13.02	
809	2011-03-03	9.6	10	9.45	9.91	156155	1.16	2236	大华股份	SZ	9.6	1.12	
809	2011-03-03	25.92	25.92	24.6	24.65	55518	12.15	2237	恒邦股份	SZ	25.88	12.76	
808	2011-03-03	20.83	21.25	20.25	20.25	17250	16.65	2238	天威视讯	SZ	21.15	17.39	
802	2011-03-03	9.99	10.17	9.9	10.03	17710	9.97	2239	金 飞 达	SZ	9.99	9.93	
809	2011-03-03	6.93	7.03	6.78	6.79	53670	4.25	2240	威华股份	SZ	6.92	4.32	
809	2011-03-03	14.44	14.55	13.94	14.01	52174	3.78	2241	歌尔声学	SZ	14.44	3.9	
809	2011-03-03	17.18	17.29	16.6	16.67	38944	13.49	2242	九阳股份	SZ	17.19	13.91	
807	2011-03-03	16.85	16.95	16.21	16.38	51552	16.15	2243	通产丽星	SZ	16.88	16.64	
810	2011-03-03	10.8	11.04	10.67	10.69	81879	10.48	2244	滨江集团	SZ	10.87	10.65	
809	2011-03-03	9.23	9.33	9.1	9.1	43177	4.48	2245	澳洋顺昌	SZ	9.23	4.54	
810	2011-03-03	11.35	11.49	11.2	11.26	11131	5.26	2247	帝龙新材	SZ	11.35	5.3	
809	2011-03-03	25.86	25.94	25.2	25.32	18825	25.15	2248	华东数控	SZ	25.86	25.69	
805	2011-03-03	20.9	21.53	20.87	20.87	74024	13.25	2249	大洋电机	SZ	20.87	13.25	
803	2011-03-03	19.06	19.12	18.23	18.37	28547	9.33	2250	联化科技	SZ	19.06	9.68	
809	2011-03-03	14.3	14.32	13.9	14	38408	6.9	2251	步 步 高	SZ	14.25	7.02	
809	2011-03-03	19.36	19.36	18.71	18.75	38491	10.12	2252	上海莱士	SZ	19.39	10.46	
806	2011-03-03	27.43	27.69	26.56	27.49	18517	16.52	2253	川大智胜	SZ	27.23	16.36	
809	2011-03-03	17.69	17.81	17.27	17.31	54949	8.21	2254	烟台氨纶	SZ	17.74	8.42	
807	2011-03-03	19.73	19.89	18.7	18.92	26837	9.24	2255	海陆重工	SZ	19.7	9.62	
707	2011-03-03	20.79	21.21	18.76	18.96	141963	15.64	2256	彩虹精化	SZ	20.83	17.18	
809	2011-03-03	17.8	17.94	17.6	17.62	9428	17.49	2258	利尔化学	SZ	17.8	17.66	
809	2011-03-03	4.87	4.92	4.68	4.69	185479	2.61	2259	升达林业	SZ	4.9	2.72	
809	2011-03-03	11.91	11.97	11.63	11.65	16521	11.35	2260	伊 立 浦	SZ	11.96	11.65	
805	2011-03-03	19.26	19.74	18.82	18.87	15421	9.58	2261	拓维信息	SZ	19.44	9.87	
810	2011-03-03	18.47	18.56	17.72	17.72	14064	14.06	2262	恩华药业	SZ	18.46	14.65	
809	2011-03-03	9.72	9.82	9.61	9.77	68909	7.95	2263	大 东 南	SZ	9.67	7.87	
806	2011-03-03	8.39	8.52	8.27	8.48	76486	2.75	2264	新 华 都	SZ	8.38	2.71	
808	2011-03-03	12.62	12.8	12.38	12.42	36263	12.41	2265	西仪股份	SZ	12.74	12.73	
800	2011-03-03	5.83	5.87	5.66	5.79	75684	0.66	2266	浙富股份	SZ	5.83	0.66	
809	2011-03-03	10.2	10.34	10.06	10.06	36011	4.72	2267	陕天然气	SZ	10.22	4.79	
810	2011-03-03	19.84	20	19.38	19.47	11491	14.77	2268	卫 士 通	SZ	19.92	15.1	
809	2011-03-03	29.65	29.9	28.88	29.11	19565	26.36	2269	美邦服饰	SZ	29.65	26.85	
810	2011-03-03	12.87	12.96	12.54	12.58	17460	9.42	2270	法因数控	SZ	12.87	9.64	
806	2011-03-03	19.19	19.25	18.56	18.57	40178	9.07	2271	东方雨虹	SZ	19.19	9.37	
809	2011-03-03	8.13	8.14	7.92	7.93	30799	2.61	2272	川润股份	SZ	8.08	2.67	
807	2011-03-03	15.33	15.43	14.77	14.83	45951	4.69	2273	水晶光电	SZ	15.59	4.93	
808	2011-03-03	12.63	12.98	12.27	12.52	63629	12.44	2274	华昌化工	SZ	12.65	12.57	
809	2011-03-03	18.55	18.68	18.03	18.04	12846	12.57	2275	桂林三金	SZ	18.54	12.92	
793	2011-03-03	8.04	8.18	7.92	7.92	32691	4.31	2276	万马电缆	SZ	8.02	4.36	
807	2011-03-03	14.63	14.97	14.61	14.69	102904	8.88	2277	友阿股份	SZ	14.62	8.84	
810	2011-03-03	12.73	12.89	12.56	12.58	28747	9.16	2278	神开股份	SZ	12.8	9.32	
809	2011-03-03	16.73	16.81	16.31	16.34	9717	9.67	2279	久其软件	SZ	16.8	9.94	
810	2011-03-03	22.81	23.58	22.74	23.48	21388	22.22	2280	新世纪	SZ	22.8	21.58	
799	2011-03-03	45	45.15	43.01	43.2	13420	42.18	2281	光迅科技	SZ	45.06	43.99	
809	2011-03-03	19.32	19.45	18.37	18.41	64875	13.76	2282	博深工具	SZ	19.32	14.44	
805	2011-03-03	16.88	16.92	16.42	16.42	83927	8.16	2283	天润曲轴	SZ	16.88	8.38	
809	2011-03-03	15.76	15.99	15.33	15.39	45965	9.97	2284	亚太股份	SZ	15.86	10.27	
810	2011-03-03	13.92	14.25	13.79	13.81	40946	6.77	2285	世联地产	SZ	13.97	6.86	
810	2011-03-03	20.4	20.62	19.86	19.95	25118	15.1	2286	保龄宝	SZ	20.42	15.46	
809	2011-03-03	24.55	24.66	23.61	23.73	13552	22.77	2287	奇正藏药	SZ	24.55	23.56	
804	2011-03-03	6.86	6.86	6.59	6.65	34681	2.84	2288	超华科技	SZ	6.8	2.9	
807	2011-03-03	31.79	32.1	31.2	31.21	20362	31.15	2289	宇顺电子	SZ	31.89	31.83	
809	2011-03-03	22.5	22.8	21.93	21.97	21304	15.29	2290	禾盛新材	SZ	22.49	15.65	
808	2011-03-03	13.56	13.65	13.31	13.33	4878	10.14	2291	星期六	SZ	13.56	10.32	
809	2011-03-03	13.86	14	13.42	13.43	19265	5.39	2292	奥飞动漫	SZ	13.83	5.56	
810	2011-03-03	33.08	33.42	32.85	33.07	5818	15.14	2293	罗莱家纺	SZ	33.08	15.14	
810	2011-03-03	23.48	23.64	22.92	22.92	17399	7.45	2294	信立泰	SZ	23.48	7.63	
808	2011-03-03	12.13	12.23	11.83	11.83	20848	7.8	2295	精艺股份	SZ	12.17	8.02	
731	2011-03-03	35.04	35.12	33.47	33.72	19530	19.31	2296	辉煌科技	SZ	35.04	20.07	
809	2011-03-03	15.03	15.21	14.6	14.63	51591	9.72	2297	博云新材	SZ	15.1	10.03	
806	2011-03-03	7.7	7.75	7.4	7.46	32553	3.67	2298	鑫龙电器	SZ	7.7	3.79	
809	2011-03-03	18.13	18.37	17.73	18.01	139047	17.66	2299	圣农发展	SZ	18.13	17.77	
809	2011-03-03	9.3	9.48	9.06	9.1	35511	9.02	23	深天地Ａ	SZ	9.34	9.26	
808	2011-03-03	13.5	13.78	13.17	13.17	16486	7.93	2300	太阳电缆	SZ	13.5	8.13	
807	2011-03-03	8.06	8.14	7.93	7.95	20431	3.9	2301	齐心文具	SZ	8.06	3.96	
807	2011-03-03	17.4	17.8	17.19	17.29	35611	13.22	2302	西部建设	SZ	17.25	13.2	
809	2011-03-03	20.05	20.08	19.11	19.27	13681	9.43	2303	美盈森	SZ	19.98	9.77	
809	2011-03-03	94.62	95.79	93.16	94.54	8937	37.57	2304	洋河股份	SZ	95.04	37.77	
809	2011-03-03	6.45	6.66	6.45	6.52	31440	3.14	2305	南国置业	SZ	6.47	3.12	
805	2011-03-03	5.93	5.95	5.8	5.81	82047	1.3	2306	湘鄂情	SZ	5.93	1.33	
805	2011-03-03	10.76	10.99	10.5	10.54	94597	5.24	2307	北新路桥	SZ	10.93	5.43	
809	2011-03-03	9.25	9.33	9	9.03	53110	4.28	2308	威创股份	SZ	9.25	4.38	
807	2011-03-03	13.65	13.74	13.23	13.26	42619	6.48	2309	中利科技	SZ	13.65	6.67	
805	2011-03-03	27.84	27.93	26.88	26.9	57737	6.72	2310	东方园林	SZ	27.93	6.97	
806	2011-03-03	11.35	11.48	11.15	11.22	16341	4.18	2311	海大集团	SZ	11.46	4.27	
809	2011-03-03	8.52	8.52	8.3	8.33	16678	2.68	2312	三泰电子	SZ	8.5	2.74	
808	2011-03-03	21.42	21.42	20.5	20.58	11264	7.57	2313	日海通讯	SZ	21.42	7.88	
808	2011-03-03	16.95	17.02	16.8	16.82	13167	16.25	2314	雅致股份	SZ	16.93	16.36	
810	2011-03-03	68.6	68.79	66.88	67.66	18659	63.84	2315	焦点科技	SZ	68.5	64.63	
808	2011-03-03	7.15	7.24	7	7.02	26884	2.73	2316	键桥通讯	SZ	7.19	2.8	
808	2011-03-03	14.23	14.26	13.83	13.83	14070	4.19	2317	众生药业	SZ	14.23	4.31	
807	2011-03-03	13.32	13.32	13.13	13.21	15644	8.61	2318	久立特材	SZ	13.16	8.58	
808	2011-03-03	9.99	10.03	9.8	9.8	41706	4.76	2319	乐通股份	SZ	10.01	4.86	
809	2011-03-03	18.08	18.25	17.65	17.84	16326	8.22	2320	海峡股份	SZ	18.08	8.33	
810	2011-03-03	12.51	12.58	12.1	12.15	40082	5.89	2321	华英农业	SZ	12.52	6.07	
810	2011-03-03	17.92	18.05	17.46	17.46	15941	4.17	2322	理工监测	SZ	17.87	4.27	
810	2011-03-03	21.77	22.02	21.54	21.58	6191	15.26	2323	中联电气	SZ	21.95	15.52	
807	2011-03-03	19.88	20.2	19.44	19.44	58160	9.56	2324	普利特	SZ	19.75	9.71	
809	2011-03-03	8.16	8.16	7.7	7.7	60922	1.67	2325	洪涛股份	SZ	8.13	1.77	
809	2011-03-03	30.38	30.77	29.46	29.56	5098	16.26	2326	永太科技	SZ	30.38	16.71	
810	2011-03-03	15.51	15.54	14.95	15.06	8494	5.93	2327	富安娜	SZ	15.52	6.11	
810	2011-03-03	13.25	13.42	12.99	13.35	39121	8.55	2328	新朋股份	SZ	13.25	8.49	
809	2011-03-03	24.16	25.39	24.08	25.17	18076	12.28	2329	皇氏乳业	SZ	24.3	11.85	
810	2011-03-03	8.01	8.07	7.84	7.84	28201	3.81	2330	得利斯	SZ	8	3.89	
805	2011-03-03	11.03	11.03	10.78	10.78	28870	3.79	2331	皖通科技	SZ	11.03	3.88	
807	2011-03-03	18.7	18.7	18.12	18.15	30689	17.23	2332	仙琚制药	SZ	18.7	17.76	
808	2011-03-03	14.38	14.47	14.21	14.27	10915	13.73	2333	罗普斯金	SZ	14.39	13.85	
808	2011-03-03	20.32	20.69	19.79	20	33282	6.69	2334	英威腾	SZ	20.27	6.78	
807	2011-03-03	20.65	20.85	20.43	20.48	11793	6.92	2335	科华恒盛	SZ	20.68	6.98	
809	2011-03-03	23.4	23.66	22.81	23.18	34015	21.97	2336	人人乐	SZ	23.45	22.23	
810	2011-03-03	17.12	17.23	16.91	16.96	5198	9.91	2337	赛象科技	SZ	17.12	10.01	
809	2011-03-03	26.32	26.32	25.72	25.79	2962	16.39	2338	奥普光电	SZ	26.19	16.64	
809	2011-03-03	8.7	8.82	8.52	8.53	30615	2.03	2339	积成电子	SZ	8.68	2.06	
804	2011-03-03	11.12	11.15	10.67	10.7	44475	1.99	2340	格林美	SZ	11.13	2.06	
806	2011-03-03	9.82	9.87	9.65	9.65	18465	2.3	2341	新纶科技	SZ	9.88	2.35	
804	2011-03-03	10.79	11.32	10.75	10.9	116243	5.33	2342	巨力索具	SZ	10.88	5.32	
810	2011-03-03	15.76	15.9	15.4	15.45	12287	7.1	2343	禾欣股份	SZ	15.85	7.28	
810	2011-03-03	12.31	12.37	11.5	11.57	189368	2.7	2344	海宁皮城	SZ	12.31	2.87	
808	2011-03-03	15.89	16.03	15.5	15.55	33463	7.2	2345	潮宏基	SZ	15.9	7.36	
810	2011-03-03	12.23	12.73	12.23	12.25	30963	5.87	2346	柘中建设	SZ	12.38	5.93	
808	2011-03-03	14.49	14.65	14.06	14.07	48091	7.41	2347	泰尔重工	SZ	14.5	7.64	
809	2011-03-03	6.32	6.36	6.25	6.34	44161	1.86	2348	高乐股份	SZ	6.33	1.86	
808	2011-03-03	14.34	14.38	13.8	13.83	28101	6.83	2349	精华制药	SZ	14.34	7.08	
808	2011-03-03	13.76	13.94	13.65	13.87	37545	7.7	2350	北京科锐	SZ	13.74	7.63	
809	2011-03-03	14.57	14.62	14.29	14.31	7888	6.69	2351	漫步者	SZ	14.58	6.82	
808	2011-03-03	30.79	30.9	29.69	29.69	5138	27.89	2352	鼎泰新材	SZ	30.79	28.93	
810	2011-03-03	25.13	25.29	24.62	24.62	15437	4.6	2353	杰瑞股份	SZ	25.06	4.68	
809	2011-03-03	19.48	19.8	19.43	19.54	16059	19.31	2354	科冕木业	SZ	19.49	19.26	
806	2011-03-03	8.32	8.43	8.15	8.15	48963	3.86	2355	兴民钢圈	SZ	8.34	3.94	
809	2011-03-03	31.33	31.74	30.95	31.33	6419	30.32	2356	浩宁达	SZ	31.24	30.23	
798	2011-03-03	10.61	10.69	10.2	10.38	16438	4.92	2357	富临运业	SZ	10.49	4.97	
809	2011-03-03	11.2	11.32	11.06	11.07	21206	2.93	2358	森源电气	SZ	11.16	2.96	
787	2011-03-03	23.87	24.29	23.74	23.87	12776	3.75	2360	同德化工	SZ	23.81	3.75	
808	2011-03-03	6.44	6.55	6.43	6.43	14020	1.67	2361	神剑股份	SZ	6.44	1.67	
809	2011-03-03	38.8	39.14	37.35	37.42	21473	18.71	2362	汉王科技	SZ	38.97	19.48	
808	2011-03-03	20.5	21.6	20.1	20.6	45396	20.35	2363	隆基机械	SZ	20.7	20.45	
808	2011-03-03	10.02	10.29	9.9	9.97	17052	3.16	2364	中恒电气	SZ	9.94	3.15	
810	2011-03-03	16.2	16.2	15.6	15.63	13347	7.43	2365	永安药业	SZ	16.25	7.72	
808	2011-03-03	18.42	19.11	18.39	18.83	26475	17.36	2366	丹甫股份	SZ	18.43	16.99	
807	2011-03-03	6.56	6.66	6.44	6.44	65719	1.2	2367	康力电梯	SZ	6.56	1.22	
808	2011-03-03	19.99	20.15	19.58	19.65	8744	7.81	2368	太极股份	SZ	20	7.95	
808	2011-03-03	19.41	19.59	19.25	19.48	7819	9.25	2369	卓翼科技	SZ	19.39	9.21	
809	2011-03-03	12.12	12.14	11.76	11.76	9072	6.79	2370	亚太药业	SZ	12.03	6.94	
805	2011-03-03	19.99	20.07	19.02	19.02	18324	4	2371	七星电子	SZ	19.87	4.17	
804	2011-03-03	16.04	16.27	15.77	15.78	26114	10.68	2372	伟星新材	SZ	16.08	10.89	
809	2011-03-03	13.8	13.9	13.57	13.6	5531	6.74	2373	联信永益	SZ	13.8	6.84	
804	2011-03-03	12.01	12.12	11.74	11.76	12817	3.85	2374	丽鹏股份	SZ	12.1	3.96	
808	2011-03-03	25.27	25.5	24.59	24.86	16018	8.15	2375	亚厦股份	SZ	25.33	8.3	
810	2011-03-03	10.02	10.1	9.75	9.77	23655	2.35	2376	新北洋	SZ	10	2.4	
807	2011-03-03	9.85	9.97	9.58	9.59	26128	4.79	2377	国创高新	SZ	9.88	4.94	
806	2011-03-03	36.79	37.65	36.01	36.19	17944	35.21	2378	章源钨业	SZ	36.91	35.91	
807	2011-03-03	9.4	9.49	9.34	9.48	13733	2.34	2379	鲁丰股份	SZ	9.49	2.35	
809	2011-03-03	45.67	46.05	45.06	45.07	5073	44.18	2380	科远股份	SZ	45.7	44.8	
810	2011-03-03	11.09	11.14	10.84	10.87	13946	3.32	2381	双箭股份	SZ	11.14	3.4	
786	2011-03-03	12.33	12.4	12.07	12.09	14901	3.9	2382	蓝帆股份	SZ	12.34	3.98	
807	2011-03-03	30.49	30.88	30.26	30.49	8732	19.06	2383	合众思壮	SZ	30.49	19.06	
809	2011-03-03	29.28	29.33	27.31	27.82	42778	12.78	2384	东山精密	SZ	29.33	13.47	
809	2011-03-03	10.34	10.39	9.96	10.01	54410	2.33	2385	大北农	SZ	10.3	2.4	
810	2011-03-03	17.4	17.55	16.66	16.68	29805	16.35	2386	天原集团	SZ	17.38	17.04	
809	2011-03-03	16.44	16.65	16.14	16.23	13672	6.82	2387	黑牛食品	SZ	16.41	6.9	
806	2011-03-03	15.42	15.78	15.19	15.45	27756	8.33	2388	新亚制程	SZ	15.44	8.33	
804	2011-03-03	9.18	9.42	9.1	9.23	48224	1.47	2389	南洋科技	SZ	9.24	1.47	
809	2011-03-03	21.41	21.92	20.91	21	15611	10.29	2390	信邦制药	SZ	21.65	10.61	
809	2011-03-03	17.2	17.25	16.67	16.9	17074	8	2391	长青股份	SZ	17.2	8.14	
806	2011-03-03	10.77	10.87	10.69	10.73	44478	2.6	2392	北京利尔	SZ	10.77	2.61	
810	2011-03-03	45.8	46.04	44.84	44.88	9390	42.06	2393	力生制药	SZ	45.82	42.94	
809	2011-03-03	23.13	23.34	22.55	22.62	13349	10.47	2394	联发股份	SZ	23.23	10.75	
810	2011-03-03	21.23	21.24	20.05	20.19	28269	9.72	2396	星网锐捷	SZ	21.15	10.19	
809	2011-03-03	24.19	24.34	23.75	23.8	5524	14.21	2397	梦洁家纺	SZ	24.23	14.46	
810	2011-03-03	12.8	12.87	12.49	12.51	9477	5.56	2398	建研集团	SZ	12.8	5.69	
809	2011-03-03	65.19	65.43	63.6	63.65	15077	29.01	2399	海普瑞	SZ	65.13	29.68	
810	2011-03-03	16.66	16.87	16.61	16.68	151298	16.3	24	招商地产	SZ	16.63	16.26	
810	2011-03-03	10.32	10.35	10.21	10.25	19230	2.09	2400	省广股份	SZ	10.31	2.1	
810	2011-03-03	17.44	18.36	17.25	17.29	12769	7.11	2402	和而泰	SZ	17.71	7.28	
808	2011-03-03	16.6	16.94	16.24	16.28	15121	16.07	2403	爱仕达	SZ	16.63	16.42	
809	2011-03-03	10.54	10.56	10.36	10.38	22792	4.74	2404	嘉欣丝绸	SZ	10.42	4.75	
809	2011-03-03	32.81	33.49	32.21	32.84	19565	15.53	2407	多氟多	SZ	32.8	15.52	
810	2011-03-03	20.85	21.06	20.29	20.3	60775	8.92	2408	齐翔腾达	SZ	21.02	9.24	
809	2011-03-03	24.03	24.07	23.32	23.32	8008	15.03	2409	雅克科技	SZ	24.05	15.5	
809	2011-03-03	20.68	20.68	19.75	19.93	29432	6.29	2410	广联达	SZ	20.68	6.53	
808	2011-03-03	14.43	14.59	14.3	14.5	9794	5.26	2411	九九久	SZ	14.42	5.23	
809	2011-03-03	14.9	14.98	14.35	14.35	60514	6.56	2414	高德红外	SZ	14.85	6.78	
809	2011-03-03	13.47	13.75	12.72	12.78	62416	5.62	2417	三元达	SZ	13.53	5.95	
808	2011-03-03	13.46	13.59	13.15	13.18	16528	8.08	2418	康盛股份	SZ	13.47	8.26	
808	2011-03-03	23.35	23.93	23.23	23.44	21032	11.15	2419	天虹商场	SZ	23.29	11.08	
809	2011-03-03	12.75	12.8	12.43	12.51	10661	12.32	2420	毅昌股份	SZ	12.75	12.56	
810	2011-03-03	71.51	72.4	69.17	69.42	31012	34.18	2422	科伦药业	SZ	71.6	35.26	
805	2011-03-03	9.53	9.63	9.27	9.3	22758	9.15	2423	中原特钢	SZ	9.55	9.4	
806	2011-03-03	18.05	18.26	17.55	17.55	24537	8.29	2424	贵州百灵	SZ	18.09	8.55	
809	2011-03-03	17.83	17.83	17.29	17.71	9903	7.23	2425	凯撒股份	SZ	17.61	7.18	
808	2011-03-03	14.2	14.46	14.15	14.23	14803	10.82	2427	尤夫股份	SZ	14.3	10.87	
810	2011-03-03	15.02	15.3	14.73	14.77	43156	2.75	2428	云南锗业	SZ	15.18	2.83	
807	2011-03-03	10.64	10.76	10.38	10.4	35780	4.29	2429	兆驰股份	SZ	10.72	4.42	
808	2011-03-03	16.76	16.77	16.03	16.11	32277	7.63	2430	杭氧股份	SZ	16.64	7.88	
803	2011-03-03	32.76	32.76	31.67	31.88	16395	13.18	2431	棕榈园林	SZ	32.76	13.55	
809	2011-03-03	12.13	12.2	11.87	11.91	20757	4.7	2433	太安堂	SZ	12.2	4.81	
809	2011-03-03	14.81	15.28	14.75	15.06	26803	7.19	2434	万里扬	SZ	14.93	7.12	
809	2011-03-03	31.05	31.3	29.55	29.77	17237	14.2	2436	兴森科技	SZ	31.17	14.86	
808	2011-03-03	34.7	35.12	33.33	33.35	26153	16.12	2437	誉衡药业	SZ	34.63	16.74	
809	2011-03-03	26.25	26.35	25.28	25.39	34728	12.06	2441	众业达	SZ	26.25	12.47	
809	2011-03-03	5.98	6.01	5.86	5.87	29094	2.31	2442	龙星化工	SZ	5.97	2.35	
807	2011-03-03	8.95	8.95	8.64	8.64	47690	3.11	2443	金洲管道	SZ	8.93	3.21	
794	2011-03-03	20.6	20.7	20	20.01	10401	9.33	2448	中原内配	SZ	20.6	9.6	
809	2011-03-03	20	20.05	19.25	19.3	21561	9.08	2449	国星光电	SZ	19.96	9.4	
803	2011-03-03	7.58	7.58	7.08	7.28	54606	1.51	2450	康得新	SZ	7.5	1.55	
808	2011-03-03	22.05	22.4	21.88	22.16	14607	7.33	2451	摩恩电气	SZ	22.05	7.29	
809	2011-03-03	43.58	43.66	42.69	43.18	10961	16.01	2452	长高集团	SZ	43.62	16.17	
808	2011-03-03	38.55	38.72	36.8	37.05	11426	4.45	2453	天马精化	SZ	38.55	4.63	
807	2011-03-03	21.92	21.99	21.45	21.46	18644	15.74	2454	松芝股份	SZ	21.94	16.09	
808	2011-03-03	7.65	7.8	7.36	7.49	92005	0.9	2456	欧菲光	SZ	7.75	0.93	
809	2011-03-03	16.75	16.83	15.92	16.03	45179	6.45	2457	青龙管业	SZ	16.66	6.71	
809	2011-03-03	14.18	14.22	13.85	13.93	19250	4.96	2458	益生股份	SZ	14.11	5.02	
810	2011-03-03	24.1	24.14	22.87	23.08	41317	17.38	2459	天业通联	SZ	24.17	18.2	
809	2011-03-03	33.63	35	33.07	33.18	23990	21.51	2460	赣锋锂业	SZ	33.53	21.73	
809	2011-03-03	20.07	20.19	19.5	19.58	24172	19.51	2461	珠江啤酒	SZ	20.07	20	
810	2011-03-03	13.64	13.72	13.48	13.67	14641	8.76	2462	嘉事堂	SZ	13.64	8.74	
808	2011-03-03	7.79	7.82	7.64	7.64	26537	3.53	2463	沪电股份	SZ	7.79	3.6	
780	2011-03-03	26.1	26.17	25.35	25.36	8192	24.23	2464	金利科技	SZ	26.17	25	
809	2011-03-03	18.7	18.9	18.45	18.5	25644	8.36	2465	海格通信	SZ	18.72	8.46	
805	2011-03-03	38.45	39.2	37.33	37.44	12535	24.76	2466	天齐锂业	SZ	37.89	25.05	
808	2011-03-03	15.39	15.59	15.38	15.55	12163	7.27	2467	二六三	SZ	15.45	7.22	
808	2011-03-03	13.67	13.7	13.21	13.31	20624	7.31	2468	艾迪西	SZ	13.65	7.49	
808	2011-03-03	22.83	23.04	22.09	22.09	7469	4.28	2469	三维工程	SZ	22.83	4.42	
808	2011-03-03	19.25	19.3	18.65	18.68	24865	18.27	2470	金正大	SZ	19.17	18.75	
807	2011-03-03	9.06	9.19	8.89	8.91	45221	3.16	2471	中超电缆	SZ	9.06	3.22	
809	2011-03-03	18.05	18.06	17.31	17.51	24205	7.1	2472	双环传动	SZ	17.99	7.3	
809	2011-03-03	13.9	13.96	13.44	13.48	13328	6.47	2473	圣莱达	SZ	13.9	6.68	
808	2011-03-03	14.57	14.67	14.17	14.18	21929	4.37	2474	榕基软件	SZ	14.54	4.48	
805	2011-03-03	15.92	16.33	15.83	15.87	14890	4.88	2475	立讯精密	SZ	16.07	4.94	
810	2011-03-03	6.42	6.44	6.23	6.27	33939	1.35	2476	宝莫股份	SZ	6.44	1.39	
808	2011-03-03	8.04	8.04	7.7	7.7	47626	1.09	2477	雏鹰农牧	SZ	7.99	1.13	
809	2011-03-03	17.51	17.74	17.45	17.54	15630	17	2478	常宝股份	SZ	17.6	17.06	
810	2011-03-03	12.94	13.09	12.26	12.35	225760	3.3	2479	富春环保	SZ	12.75	3.41	
808	2011-03-03	40.54	40.54	37.7	38	30954	18.55	2480	新筑股份	SZ	40.54	19.8	
809	2011-03-03	7.97	8.32	7.94	8	78391	2.2	2481	双塔食品	SZ	7.96	2.19	
808	2011-03-03	22.75	22.94	21.95	22.01	35526	6.75	2482	广田股份	SZ	22.81	6.99	
804	2011-03-03	18.61	18.77	18.16	18.17	31687	9.74	2483	润邦股份	SZ	18.6	9.97	
808	2011-03-03	23.46	23.69	23.03	23.3	19731	17.43	2484	江海股份	SZ	23.6	17.65	
809	2011-03-03	15.04	15.27	14.68	14.68	21303	8.35	2485	希努尔	SZ	15.12	8.59	
809	2011-03-03	11.39	11.46	11.25	11.3	27181	3.68	2487	大金重工	SZ	11.42	3.72	
809	2011-03-03	16.67	16.77	16.38	16.41	14546	10.28	2488	金固股份	SZ	16.66	10.44	
808	2011-03-03	17.56	17.56	16.98	16.99	23609	7.32	2489	浙江永强	SZ	17.49	7.53	
810	2011-03-03	12.1	12.33	11.77	11.77	76949	5.79	2490	山东墨龙	SZ	12.15	5.98	
808	2011-03-03	18.92	18.98	18.38	18.4	18745	17.69	2491	通鼎光电	SZ	18.95	18.21	
810	2011-03-03	26	26.19	25.01	25.2	9056	24.58	2494	华斯股份	SZ	25.94	25.3	
809	2011-03-03	10.45	10.47	10.35	10.37	21569	3.57	2495	佳隆股份	SZ	10.45	3.6	
808	2011-03-03	25.81	25.97	25.23	25.37	23050	7.57	2496	辉丰股份	SZ	25.86	7.72	
805	2011-03-03	12.98	13.03	12.43	12.5	40023	3.92	2497	雅化集团	SZ	12.92	4.05	
780	2011-03-03	16.48	16.58	15.84	15.84	42181	6.76	2498	汉缆股份	SZ	16.48	7.03	
810	2011-03-03	25.93	26.1	25.22	25.27	9445	16.57	2499	科林环保	SZ	25.97	17.03	
810	2011-03-03	9.91	10.02	9.59	9.82	36999	9.82	25	特 力Ａ	SZ	9.79	9.79	
810	2011-03-03	10.76	10.95	10.7	10.72	185905	10.43	2500	山西证券	SZ	10.78	10.49	
810	2011-03-03	14.33	14.38	13.44	13.61	58592	3.59	2501	利源铝业	SZ	14.22	3.75	
809	2011-03-03	17.41	17.48	16.88	17.02	12491	10.36	2502	骅威股份	SZ	17.39	10.58	
810	2011-03-03	15.64	15.64	15.09	15.09	52265	2.46	2503	搜于特	SZ	15.64	2.55	
810	2011-03-03	19.22	19.37	18.65	18.66	14856	13.98	2504	东光微电	SZ	19.38	14.51	
807	2011-03-03	10.38	10.43	10.16	10.17	28578	4.19	2505	大康牧业	SZ	10.37	4.27	
806	2011-03-03	14.7	14.9	14.23	14.25	163501	4.29	2506	超日太阳	SZ	14.72	4.44	
810	2011-03-03	24.7	24.88	23.82	23.86	26671	22.83	2507	涪陵榨菜	SZ	24.6	23.54	
809	2011-03-03	22.07	22.43	21.49	21.62	31412	13.07	2508	老板电器	SZ	22.06	13.34	
808	2011-03-03	7.26	7.3	6.89	6.91	66473	1.65	2509	天广消防	SZ	7.26	1.74	
809	2011-03-03	11.69	11.69	10.93	10.93	63496	3.91	2512	达华智能	SZ	11.74	4.2	
807	2011-03-03	16.46	16.59	15.83	15.83	35019	5.25	2513	蓝丰生化	SZ	16.5	5.47	
809	2011-03-03	46.31	46.47	44.88	44.88	23709	13.37	2514	宝馨科技	SZ	46.46	13.84	
808	2011-03-03	22.62	22.63	21.53	21.63	32834	10.82	2515	金字火腿	SZ	22.75	11.38	
808	2011-03-03	16.72	16.72	16.42	16.42	10226	12.68	2516	江苏旷达	SZ	16.66	12.87	
809	2011-03-03	13.42	13.42	12.7	12.7	63086	6.08	2517	泰亚股份	SZ	13.48	6.45	
809	2011-03-03	19.61	19.89	19.34	19.42	11641	7.3	2518	科士达	SZ	19.71	7.41	
810	2011-03-03	15.67	15.78	15.43	15.49	15271	4.6	2519	银河电子	SZ	15.68	4.66	
810	2011-03-03	12.99	13.09	12.74	12.83	13607	3.06	2520	日发数码	SZ	13.08	3.12	
810	2011-03-03	13.57	13.73	13.43	13.47	14077	4.42	2521	齐峰股份	SZ	13.5	4.43	
810	2011-03-03	25.01	25.16	24.05	24.06	25816	14.08	2522	浙江众成	SZ	25.24	14.77	
807	2011-03-03	7.98	8.08	7.82	7.82	44051	1.89	2524	光正钢构	SZ	7.99	1.93	
809	2011-03-03	14.86	14.98	14.28	14.45	37378	7.8	2526	山东矿机	SZ	14.86	8.02	
807	2011-03-03	15.05	15.97	15.05	15.73	67687	8.84	2527	新时达	SZ	15.05	8.45	
807	2011-03-03	20.24	20.38	19.86	19.86	17926	7.83	2528	英飞拓	SZ	20.34	8.02	
808	2011-03-03	22.92	23.33	22.8	22.93	8523	22.2	2529	海源机械	SZ	23.14	22.4	
810	2011-03-03	8.96	9.08	8.73	8.74	33011	4.14	2530	丰东股份	SZ	8.98	4.26	
805	2011-03-03	11.7	11.73	11.48	11.48	23972	5.35	2531	天顺风能	SZ	11.71	5.46	
808	2011-03-03	22	22	20.94	20.95	33985	10.32	2532	新界泵业	SZ	22.25	10.96	
808	2011-03-03	13.17	13.24	13	13	16955	5.11	2533	金杯电工	SZ	13.19	5.18	
808	2011-03-03	29.8	29.94	28.53	28.55	24127	26.98	2534	杭锅股份	SZ	29.89	28.25	
805	2011-03-03	13.56	13.63	13	13.1	62222	4.92	2535	林州重机	SZ	13.52	5.08	
810	2011-03-03	24.25	24.31	23.81	23.81	5305	15.75	2537	海立美达	SZ	24.16	15.98	
809	2011-03-03	12.73	12.82	12.45	12.48	24007	5.95	2538	司尔特	SZ	12.73	6.07	
809	2011-03-03	15.38	15.45	15.07	15.09	15315	6.96	2539	新都化工	SZ	15.38	7.09	
808	2011-03-03	13.27	13.27	13.02	13.04	16855	4.58	2540	亚太科技	SZ	13.29	4.67	
806	2011-03-03	22.14	22.5	21.67	21.7	25323	10.57	2541	鸿路钢构	SZ	22.39	10.9	
808	2011-03-03	26.73	26.73	25.87	26.39	33545	4.29	2542	中化岩土	SZ	26.83	4.36	
810	2011-03-03	14.2	14.22	14.05	14.06	14600	6.55	2543	万和电气	SZ	14.21	6.62	
809	2011-03-03	8.09	8.11	7.71	7.78	60677	1.87	2544	杰赛科技	SZ	8.07	1.94	
808	2011-03-03	26.87	27.26	26.67	26.69	23489	17.39	2545	东方铁塔	SZ	26.99	17.58	
809	2011-03-03	20.6	20.61	19.9	19.9	32851	9.19	2546	新联电子	SZ	20.57	9.5	
809	2011-03-03	10.57	10.59	10.36	10.44	38647	5.17	2547	春兴精工	SZ	10.56	5.23	
808	2011-03-03	17.62	17.86	17.45	17.49	19386	10.91	2548	金新农	SZ	17.63	11	
807	2011-03-03	11.74	12.96	11.67	12.96	168395	3.76	2549	凯美特气	SZ	11.78	3.41	
809	2011-03-03	20.5	20.5	19.76	19.95	69322	9.05	2550	千红制药	SZ	20.35	9.24	
808	2011-03-03	15.96	16.15	15.79	15.9	71736	4.53	2551	尚荣医疗	SZ	15.96	4.54	
808	2011-03-03	17.4	17.59	16.99	17.24	52286	11.05	2552	宝鼎重工	SZ	17.49	11.22	
811	2011-03-03	13.73	13.92	12.94	13.08	109667	6.19	2553	南方轴承	SZ	14	6.63	
809	2011-03-03	9.42	9.61	9.21	9.37	209568	2.65	2554	惠博普	SZ	9.52	2.69	
810	2011-03-03	12.56	12.71	12.36	12.46	16326	8.66	26	飞亚达Ａ	SZ	12.57	8.74	
807	2011-03-03	8.36	8.38	8.26	8.27	72737	6.7	27	深圳能源	SZ	8.33	6.75	
809	2011-03-03	29.75	29.88	28.85	28.87	20845	28.48	28	一致药业	SZ	29.71	29.31	
810	2011-03-03	5.09	5.13	5.02	5.03	41451	5.03	29	深深房Ａ	SZ	5.12	5.12	
807	2011-03-03	29.11	29.59	28.33	28.4	24369	18.4	300001	特锐德	SZ	28.99	18.78	
808	2011-03-03	12.9	12.97	12.5	12.51	83375	2.84	300002	神州泰岳	SZ	12.89	2.92	
810	2011-03-03	27.09	27.35	26.78	26.86	13378	25.91	300003	乐普医疗	SZ	27	26.05	
807	2011-03-03	28.25	28.9	27.79	28	14352	13.84	300004	南风股份	SZ	28.45	14.06	
807	2011-03-03	9.91	10.13	9.88	9.89	33902	3.09	300005	探路者	SZ	9.91	3.1	
806	2011-03-03	17.65	18	17.38	17.73	20537	8.75	300006	莱美药业	SZ	17.48	8.63	
810	2011-03-03	20.21	20.9	20.21	20.28	7081	20	300007	汉威电子	SZ	20.2	19.92	
810	2011-03-03	24.13	24.47	23.73	24.01	14244	15.32	300008	上海佳豪	SZ	24.13	15.4	
810	2011-03-03	13.54	13.56	12.87	12.91	29351	7.85	300009	安科生物	SZ	13.44	8.18	
803	2011-03-03	17.2	17.37	16.68	16.69	11684	10.76	300010	立思辰	SZ	17.2	11.1	
807	2011-03-03	17.17	17.18	16.65	16.67	53829	3.77	300011	鼎汉技术	SZ	17.24	3.9	
809	2011-03-03	10.3	10.3	9.5	9.6	72628	2.96	300012	华测检测	SZ	10.35	3.19	
809	2011-03-03	15.09	15.12	14.7	14.73	9350	14.65	300013	新宁物流	SZ	15.09	15.01	
808	2011-03-03	16.93	17.33	16.67	16.67	53320	5.31	300014	亿纬锂能	SZ	16.75	5.34	
809	2011-03-03	23.12	23.6	22.69	22.75	22664	13.99	300015	爱尔眼科	SZ	23.11	14.21	
809	2011-03-03	6.25	6.4	6.02	6.12	14890	1.86	300016	北陆药业	SZ	6.28	1.9	
808	2011-03-03	17.45	17.55	16.48	16.5	30092	16.16	300017	网宿科技	SZ	17.44	17.08	
808	2011-03-03	12.94	13.26	12.87	12.89	36565	8.1	300018	中元华电	SZ	12.89	8.11	
809	2011-03-03	13.99	14.06	13.49	13.5	17564	7.98	300019	硅宝科技	SZ	14	8.27	
807	2011-03-03	16.49	16.67	15.8	15.86	25980	10.43	300020	银江股份	SZ	16.49	10.84	
809	2011-03-03	11.39	11.4	10.77	10.84	59306	5.37	300021	大禹节水	SZ	11.36	5.63	
807	2011-03-03	18.5	18.67	17.58	17.75	91867	8.75	300022	吉峰农机	SZ	18.63	9.19	
810	2011-03-03	16.53	16.76	16.36	16.44	9407	16.44	300023	宝德股份	SZ	16.56	16.56	
807	2011-03-03	28.67	29.27	27.51	27.55	60052	12.49	300024	机器人	SZ	28.84	13.08	
807	2011-03-03	14.94	15.13	14.44	14.59	6973	7.42	300025	华星创业	SZ	15.07	7.66	
809	2011-03-03	12.95	13.19	12.94	13.18	35257	3.78	300026	红日药业	SZ	12.95	3.72	
807	2011-03-03	13.79	13.8	13.48	13.54	46798	6.44	300027	华谊兄弟	SZ	13.76	6.54	
763	2011-03-03	9.97	10.19	9.8	9.83	52348	6.37	300028	金亚科技	SZ	10.06	6.52	
809	2011-03-03	36.55	36.55	34.6	34.6	28030	34.12	300029	天龙光电	SZ	36.58	36.07	
810	2011-03-03	32.31	32.5	31.2	31.28	18087	7.67	300030	阳普医疗	SZ	32.25	7.91	
809	2011-03-03	12.8	12.86	12.54	12.54	8306	7.97	300031	宝通带业	SZ	12.8	8.13	
809	2011-03-03	10.19	10.28	9.98	10.01	15964	4.77	300032	金龙机电	SZ	10.18	4.85	
809	2011-03-03	31.54	31.79	31.21	31.34	5920	30.78	300033	同花顺	SZ	31.55	30.99	
809	2011-03-03	17.41	17.55	17.06	17.06	9774	9.32	300034	钢研高纳	SZ	17.43	9.52	
810	2011-03-03	10.62	10.63	10.31	10.32	17453	5.05	300035	中科电气	SZ	10.6	5.18	
809	2011-03-03	19.69	19.87	19.42	19.53	9080	12.08	300036	超图软件	SZ	19.82	12.25	
810	2011-03-03	26.61	27.04	26.26	26.3	7383	15.84	300037	新宙邦	SZ	26.69	16.07	
810	2011-03-03	13.12	13.17	12.78	12.79	11015	8.29	300038	梅泰诺	SZ	13.12	8.5	
810	2011-03-03	12.42	12.44	12.17	12.17	28802	2.91	300039	上海凯宝	SZ	12.43	2.97	
810	2011-03-03	9.15	9.32	9.11	9.18	17942	4.32	300040	九洲电气	SZ	9.16	4.32	
810	2011-03-03	22.49	22.62	22.27	22.54	17219	8.18	300041	回天胶业	SZ	22.46	8.15	
810	2011-03-03	13.33	13.41	13.12	13.12	13626	6.4	300042	朗科科技	SZ	13.34	6.5	
792	2011-03-03	12.33	12.38	11.95	12.02	31280	1.88	300043	星辉车模	SZ	12.27	1.92	
809	2011-03-03	10.27	10.36	9.95	10.01	18385	4.43	300044	赛为智能	SZ	10.32	4.57	
809	2011-03-03	11.49	11.57	11.23	11.31	28379	2.74	300045	华力创通	SZ	11.48	2.78	
809	2011-03-03	24.19	24.28	23.83	23.95	9275	10.49	300046	台基股份	SZ	24.08	10.54	
808	2011-03-03	9.83	9.83	9.27	9.3	40940	2.78	300047	天源迪科	SZ	9.78	2.93	
810	2011-03-03	19.29	19.46	18.43	18.58	44323	6.47	300048	合康变频	SZ	19.32	6.73	
809	2011-03-03	19.3	19.49	18.96	18.97	4928	14.08	300049	福瑞股份	SZ	19.32	14.34	
810	2011-03-03	35.76	35.97	35.23	35.33	14154	17.25	300050	世纪鼎利	SZ	35.75	17.45	
809	2011-03-03	6.36	6.45	6.33	6.44	42959	1.5	300051	三五互联	SZ	6.36	1.48	
810	2011-03-03	9.52	9.53	9.25	9.31	16579	4.48	300052	中青宝	SZ	9.5	4.58	
809	2011-03-03	11.65	11.74	11.57	11.6	8426	5.76	300053	欧比特	SZ	11.65	5.78	
810	2011-03-03	7.78	7.84	7.59	7.59	24060	0.98	300054	鼎龙股份	SZ	7.82	1.01	
807	2011-03-03	58.29	59.1	56.25	56.93	3996	28.22	300055	万邦达	SZ	58.63	29.06	
809	2011-03-03	19.78	20.09	19.51	19.64	3615	10.57	300056	三维丝	SZ	19.75	10.62	
810	2011-03-03	13.41	13.6	13.32	13.4	22506	6.54	300057	万顺股份	SZ	13.48	6.58	
774	2011-03-03	10.68	10.7	10.45	10.5	15083	3.39	300058	蓝色光标	SZ	10.65	3.44	
809	2011-03-03	9.79	9.83	9.64	9.64	24336	1.95	300059	东方财富	SZ	9.79	1.98	
810	2011-03-03	13.5	13.6	13.34	13.34	4392	8.34	300061	康耐特	SZ	13.56	8.48	
810	2011-03-03	16.9	16.9	16.4	16.4	5049	7.88	300062	中能电气	SZ	16.75	8.06	
808	2011-03-03	16.68	16.73	16.33	16.41	5524	10.61	300063	天龙集团	SZ	16.73	10.81	
807	2011-03-03	10	10	9.71	9.76	24191	2.35	300064	豫金刚石	SZ	9.89	2.38	
810	2011-03-03	30.01	30.57	28.67	28.69	6533	18.81	300065	海兰信	SZ	30.06	19.71	
809	2011-03-03	17.5	17.5	16.78	16.9	12327	5.33	300066	三川股份	SZ	17.38	5.48	
809	2011-03-03	12.33	12.36	12.16	12.17	9179	7.79	300067	安诺其	SZ	12.3	7.87	
806	2011-03-03	19.17	19.26	18.4	18.46	61979	3.01	300070	碧水源	SZ	19.13	3.12	
809	2011-03-03	20.15	20.25	19.67	19.67	10795	3.2	300071	华谊嘉信	SZ	20.25	3.29	
808	2011-03-03	7.59	7.67	7.41	7.46	66941	1.38	300072	三聚环保	SZ	7.54	1.39	
807	2011-03-03	20.67	21.33	20.67	20.75	6733	10.22	300073	当升科技	SZ	20.8	10.24	
809	2011-03-03	12.06	12.42	11.69	12.29	127742	3.68	300074	华平股份	SZ	12.14	3.63	
810	2011-03-03	22.98	23.02	22.34	22.39	4417	9.67	300075	数字政通	SZ	23.1	9.98	
810	2011-03-03	25.5	25.75	25	25.08	7061	24.53	300076	宁波GQY	SZ	25.61	25.05	
810	2011-03-03	46.63	46.88	45.36	45.64	22545	17.71	300077	国民技术	SZ	46.63	18.09	
810	2011-03-03	33.26	33.67	32.48	33.37	20828	12.18	300078	中瑞思创	SZ	33.26	12.14	
809	2011-03-03	20.53	20.62	19.67	19.71	29661	6.32	300079	数码视讯	SZ	20.46	6.56	
808	2011-03-03	21.88	22.23	20.58	20.73	43134	7.83	300080	新大新材	SZ	21.88	8.26	
808	2011-03-03	14.17	14.26	13.82	13.86	6185	6.84	300081	恒信移动	SZ	14.2	7.01	
810	2011-03-03	40.78	40.78	39.75	39.82	14453	29.03	300082	奥克股份	SZ	40.61	29.61	
808	2011-03-03	22.14	22.38	21.56	21.75	6571	10.62	300083	劲胜股份	SZ	22.03	10.76	
810	2011-03-03	19	19	18.29	18.4	3322	9.04	300084	海默科技	SZ	18.81	9.24	
810	2011-03-03	28.7	28.92	28.07	28.1	7878	6.57	300085	银之杰	SZ	28.7	6.71	
806	2011-03-03	29.67	30	29.4	29.68	27940	14.4	300086	康芝药业	SZ	29.67	14.39	
807	2011-03-03	30.86	30.94	30	30.33	11783	14.87	300087	荃银高科	SZ	30.86	15.13	
808	2011-03-03	13.64	13.76	13.38	13.63	99380	3.32	300088	长信科技	SZ	13.62	3.31	
809	2011-03-03	13.53	13.67	13.33	13.34	13179	8.79	300089	长城集团	SZ	13.51	8.9	
809	2011-03-03	16	16.2	15	15.4	14444	7.67	300090	盛运股份	SZ	16	7.97	
808	2011-03-03	22	22.19	21.36	21.49	29653	8.43	300091	金通灵	SZ	22.08	8.66	
807	2011-03-03	29	29.2	28	28	2296	27.48	300092	科新机电	SZ	29.2	28.66	
807	2011-03-03	17.62	17.86	16.75	16.89	21233	9.26	300093	金刚玻璃	SZ	17.74	9.73	
808	2011-03-03	12.81	12.85	12.46	12.46	39148	11.33	300094	国联水产	SZ	12.81	11.64	
810	2011-03-03	18.38	18.47	17.95	18.05	5345	13.62	300095	华伍股份	SZ	18.43	13.91	
809	2011-03-03	20.31	20.34	19.76	19.84	6870	9.78	300096	易联众	SZ	20.25	9.99	
809	2011-03-03	13.11	13.19	12.69	12.69	17538	6.26	300097	智云股份	SZ	13.15	6.49	
766	2011-03-03	12.34	12.41	12.27	12.28	8027	4.56	300098	高新兴	SZ	12.34	4.58	
808	2011-03-03	22.22	22.56	21.39	21.68	19409	3.89	300099	尤洛卡	SZ	22.36	4.01	
809	2011-03-03	12.42	12.59	12.32	12.34	15778	3.57	300100	双林股份	SZ	12.43	3.6	
809	2011-03-03	22.48	22.6	21.15	21.88	17778	5.38	300101	国腾电子	SZ	22.48	5.53	
810	2011-03-03	34.88	34.99	33.66	33.92	18400	12.81	300102	乾照光电	SZ	34.88	13.17	
807	2011-03-03	11.98	12.12	11.85	11.93	6076	3.52	300103	达刚路机	SZ	12.04	3.55	
808	2011-03-03	7.31	7.53	7.09	7.09	78089	0.87	300104	乐视网	SZ	7.39	0.91	
788	2011-03-03	19.52	19.6	19.03	19.03	9626	18.91	300106	西部牧业	SZ	19.52	19.4	
809	2011-03-03	16.75	16.82	16.5	16.62	11296	8.04	300108	双龙股份	SZ	16.64	8.04	
810	2011-03-03	19.67	19.67	19.17	19.31	5586	6.27	300109	新开源	SZ	19.57	6.36	
810	2011-03-03	10.53	10.58	10.28	10.31	7948	4.45	300112	万讯自控	SZ	10.54	4.55	
809	2011-03-03	18.21	18.38	17.89	17.95	7787	9.04	300114	中航电测	SZ	18.23	9.18	
808	2011-03-03	19.42	19.75	19.17	19.21	12769	6.18	300115	长盈精密	SZ	19.4	6.24	
808	2011-03-03	14.13	14.3	13.81	13.84	11988	6.92	300116	坚瑞消防	SZ	14.3	7.15	
805	2011-03-03	13.6	13.6	13.24	13.25	14211	6.55	300117	嘉寓股份	SZ	13.5	6.67	
809	2011-03-03	22.56	22.66	21.78	21.81	79951	6.61	300118	东方日升	SZ	22.55	6.83	
808	2011-03-03	48.26	48.59	47.74	47.87	9872	8.59	300119	瑞普生物	SZ	48.26	8.66	
809	2011-03-03	13.59	13.84	13.55	13.64	15697	6.69	300120	经纬电材	SZ	13.77	6.75	
810	2011-03-03	12.35	12.85	12.18	12.54	37761	5.3	300121	阳谷华泰	SZ	12.29	5.2	
808	2011-03-03	36.01	36.28	34.95	35.02	6546	34.28	300122	智飞生物	SZ	35.95	35.19	
807	2011-03-03	23.34	23.45	21.99	22.44	8998	13.78	300123	太阳鸟	SZ	23.15	14.22	
808	2011-03-03	36.67	37.69	36.66	36.93	9454	9.81	300124	汇川技术	SZ	36.86	9.79	
810	2011-03-03	34.7	35.21	34.44	34.44	8095	17.08	300125	易世达	SZ	34.75	17.24	
810	2011-03-03	17.68	17.8	17.31	17.32	9278	9.08	300126	锐奇股份	SZ	17.72	9.29	
810	2011-03-03	48.26	49.14	47.4	47.44	12724	22.17	300127	银河磁体	SZ	48.2	22.53	
810	2011-03-03	10.94	10.94	10.49	10.62	25317	2.45	300128	锦富新材	SZ	10.89	2.51	
809	2011-03-03	14.8	14.89	14.15	14.21	37909	5.11	300129	泰胜风能	SZ	14.82	5.33	
808	2011-03-03	11.32	11.42	10.87	10.91	12229	3.6	300132	青松股份	SZ	11.36	3.75	
806	2011-03-03	9.61	9.67	9.28	9.36	72094	0.86	300133	华策影视	SZ	9.65	0.89	
808	2011-03-03	32.21	32.38	31.25	31.5	16219	15.24	300134	大富科技	SZ	32.2	15.58	
808	2011-03-03	7.24	7.91	7.24	7.62	208271	1.03	300135	宝利沥青	SZ	7.19	0.97	
805	2011-03-03	32.28	32.75	31.83	31.85	9651	15.3	300139	福星晓程	SZ	32.28	15.51	
809	2011-03-03	30.08	30.9	30.02	30.81	23855	13.8	300143	星河生物	SZ	30.32	13.58	
808	2011-03-03	14.98	15.15	14.59	14.59	32389	4.23	300144	宋城股份	SZ	15.06	4.36	
809	2011-03-03	20.64	20.64	20.17	20.2	10236	10.97	300145	南方泵业	SZ	20.64	11.21	
807	2011-03-03	22.93	23.07	22.41	22.41	6771	14.06	300151	昌红科技	SZ	22.93	14.39	
809	2011-03-03	17.85	17.92	17.36	17.43	33575	7.4	300152	燃控科技	SZ	17.85	7.58	
808	2011-03-03	17.68	17.79	17.58	17.68	5217	6.53	300155	安居宝	SZ	17.73	6.55	
806	2011-03-03	17.39	17.77	17.16	17.16	27749	4.7	300156	天立环保	SZ	17.44	4.78	
789	2011-03-03	16.94	17.25	16.47	16.75	16960	4.12	300157	恒泰艾普	SZ	16.91	4.15	
808	2011-03-03	18.02	18.26	17.77	17.77	24533	8.71	300158	振东制药	SZ	17.99	8.81	
809	2011-03-03	45.48	47.05	44.69	45	11386	4.89	300159	新研股份	SZ	45.72	4.97	
809	2011-03-03	13	13.09	12.76	13.02	35485	6	300170	汉得信息	SZ	12.98	5.98	
808	2011-03-03	37.31	37.48	35.32	35.35	33526	12.78	300171	东富龙	SZ	37.31	13.5	
809	2011-03-03	23.28	23.5	22.91	22.95	17159	13.22	300172	中电环保	SZ	23.36	13.45	
809	2011-03-03	15.2	16.06	15.01	15.52	27023	7.43	300174	元力股份	SZ	15.2	7.27	
807	2011-03-03	4.91	4.96	4.8	4.83	120962	4.65	301	东方市场	SZ	4.93	4.75	
809	2011-03-03	6.44	6.49	6.4	6.41	88039	6.3	31	中粮地产	SZ	6.43	6.32	
808	2011-03-03	10.03	10.03	9.7	9.7	37164	9.44	32	深桑达Ａ	SZ	9.87	9.6	
803	2011-03-03	6.18	6.29	6.09	6.14	78522	6.14	33	新都酒店	SZ	6.23	6.23	
810	2011-03-03	49.82	51.22	49.26	49.49	342347	39.85	338	潍柴动力	SZ	49.97	40.24	
809	2011-03-03	9.65	10.06	9.37	9.6	137851	9.6	34	ST深泰	SZ	9.59	9.59	
801	2011-03-03	6.16	6.22	6.11	6.13	12121	4.87	35	*ST科健	SZ	6.15	4.88	
810	2011-03-03	4.11	4.15	4.07	4.1	159041	4.1	36	华联控股	SZ	4.1	4.1	
805	2011-03-03	6.08	6.11	5.85	5.88	69181	5.88	37	深南电Ａ	SZ	6.12	6.12	
808	2011-03-03	26.99	27.39	26.14	26.51	154593	24.91	39	中集集团	SZ	27	25.38	
809	2011-03-03	14.55	14.6	13.82	13.89	20079	13.89	4	ST国农	SZ	14.54	14.54	
753	2011-03-03	5.4	5.42	5.27	5.27	57092	5.19	40	深 鸿 基	SZ	5.4	5.32	
809	2011-03-03	26.15	26.86	25.77	25.77	111477	19.56	400	许继电气	SZ	25.78	19.57	
807	2011-03-03	25.7	27.94	25.58	26.57	214229	26.28	401	冀东水泥	SZ	25.7	25.42	
809	2011-03-03	6.57	6.65	6.55	6.56	321084	6.14	402	金 融 街	SZ	6.57	6.15	
