14	2014-04-09	11.27	11.35	11.16	11.19	557346	11.19	1	深发展Ａ	SZ	11.28	11.28	
14	2014-04-09	6.38	6.47	6.37	6.45	45288	6.45	10	S ST华新	SZ	6.38	6.38	
14	2014-04-09	2.64	2.65	2.61	2.63	1156845	2.63	100	TCL 集团	SZ	2.64	2.64	
14	2014-04-09	7.73	7.75	7.6	7.68	54350	7.68	11	深物业A	SZ	7.74	7.74	
14	2014-04-09	8.06	8.12	8.03	8.07	140890	7.78	12	南 玻Ａ	SZ	8.07	7.78	
14	2014-04-09	9.97	9.97	9.81	9.92	39460	9.92	14	沙河股份	SZ	9.96	9.96	
14	2014-04-09	7.04	7.04	7.04	7.04	0	7.04	150	宜华地产	SZ	7.04	7.04	
14	2014-04-09	8.08	8.14	7.97	8.14	42145	8.14	151	中成股份	SZ	8.09	8.09	
14	2014-04-09	7.07	7.22	7.07	7.21	40024	7.21	153	丰原药业	SZ	7.07	7.07	
14	2014-04-09	4.66	4.79	4.46	4.55	150370	4.55	155	川化股份	SZ	4.74	4.74	
14	2014-04-09	5.04	5.07	5	5.03	262426	5.03	157	中联重科	SZ	5.04	5.04	
14	2014-04-09	5.66	5.76	5.51	5.63	214899	5.63	158	常山股份	SZ	5.65	5.65	
14	2014-04-09	7.52	7.62	7.44	7.49	57210	7.49	159	国际实业	SZ	7.53	7.53	
14	2014-04-09	4.54	4.58	4.44	4.46	102355	4.46	16	深康佳Ａ	SZ	4.54	4.54	
14	2014-04-09	5.44	5.57	5.38	5.42	123572	5.42	1696	宗申动力	SZ	5.45	5.45	
14	2014-04-09	6.18	6.23	6.12	6.2	22112	6.2	17	*ST中华A	SZ	6.18	6.18	
14	2014-04-09	9.05	9.16	9.03	9.13	10627	9.13	18	ST中冠A	SZ	9.08	9.08	
14	2014-04-09	7.6	7.6	7.08	7.3	105819	7.3	1896	*ST豫能	SZ	7.4	7.4	
14	2014-04-09	8.61	8.75	8.39	8.75	36678	8.75	19	深深宝Ａ	SZ	8.6	8.6	
14	2014-04-09	8.16	8.19	8.02	8.05	929854	7.68	2	万 科Ａ	SZ	8.15	7.77	
14	2014-04-09	7.94	7.94	7.74	7.79	29492	7.79	20	深华发Ａ	SZ	7.88	7.88	
14	2014-04-09	21.54	21.66	21.3	21.54	60493	21.54	2001	新 和 成	SZ	21.51	21.51	
14	2014-04-09	11.85	11.93	11.66	11.81	32325	11.81	2002	ST琼花	SZ	11.91	11.91	
14	2014-04-09	15.99	16.09	15.81	15.98	35810	11.53	2003	伟星股份	SZ	16.04	11.58	
14	2014-04-09	17.87	18.14	17.73	18.13	36516	18.13	2004	华邦制药	SZ	17.76	17.76	
14	2014-04-09	7.76	7.91	7.71	7.86	153343	7.86	2005	德豪润达	SZ	7.84	7.84	
14	2014-04-09	7.59	7.84	7.54	7.78	130326	7.78	2006	精功科技	SZ	7.58	7.58	
14	2014-04-09	26.25	26.45	26.15	26.27	34506	26.27	2007	华兰生物	SZ	26.23	26.23	
14	2014-04-09	15.15	15.8	14.98	15.3	268314	15.3	2008	大族激光	SZ	15.23	15.23	
14	2014-04-09	11.83	11.83	11.83	11.83	0	11.83	2009	天奇股份	SZ	11.83	11.83	
14	2014-04-09	9.96	10.18	9.95	10.18	30871	10.18	2010	传化股份	SZ	9.98	9.98	
14	2014-04-09	8.68	8.73	8.6	8.66	77501	8.66	2011	盾安环境	SZ	8.71	8.71	
14	2014-04-09	5.43	5.48	5.41	5.45	45290	5.45	2012	凯恩股份	SZ	5.44	5.44	
14	2014-04-09	15.33	15.75	15.19	15.29	29098	15.29	2013	中航精机	SZ	15.37	15.37	
14	2014-04-09	8.37	8.43	8.34	8.43	43763	8.16	2014	永新股份	SZ	8.36	8.09	
14	2014-04-09	4.85	4.87	4.82	4.85	27255	4.85	2015	霞客环保	SZ	4.84	4.84	
14	2014-04-09	6.56	6.56	6.56	6.56	0	6.56	2016	世荣兆业	SZ	6.56	6.56	
14	2014-04-09	16.65	17.17	16.63	17.14	43215	17.14	2017	东信和平	SZ	16.63	16.63	
14	2014-04-09	8.28	8.39	8.2	8.32	86572	8.31	2018	华星化工	SZ	8.29	8.28	
14	2014-04-09	19	21.48	19	21.19	397654	21.19	2019	鑫富药业	SZ	20.96	20.96	
14	2014-04-09	15.87	16.08	15.64	15.89	27253	15.89	2020	京新药业	SZ	15.85	15.85	
14	2014-04-09	6.47	6.5	6.26	6.39	98453	6.39	2021	中捷股份	SZ	6.46	6.46	
14	2014-04-09	22.7	23.47	22.7	23.2	46921	22.98	2022	科华生物	SZ	22.64	22.43	
14	2014-04-09	15.67	16.06	15.6	15.73	29451	15.73	2023	海特高新	SZ	15.67	15.67	
14	2014-04-09	7.44	7.49	7.37	7.45	855843	7.45	2024	苏宁电器	SZ	7.42	7.42	
14	2014-04-09	14.98	15.24	14.9	15.1	57874	15.1	2025	航天电器	SZ	15.02	15.02	
14	2014-04-09	7.54	7.65	7.39	7.45	40035	7.4	2026	山东威达	SZ	7.54	7.49	
14	2014-04-09	6.42	6.65	6.42	6.58	40448	6.58	2027	七喜控股	SZ	6.49	6.49	
14	2014-04-09	15.3	15.34	15.14	15.25	36428	15.25	2028	思源电气	SZ	15.25	15.25	
14	2014-04-09	7.98	8.18	7.98	8.15	93465	8.15	2029	七 匹 狼	SZ	7.98	7.98	
14	2014-04-09	14.47	15.1	14.47	15.06	126388	15.06	2030	达安基因	SZ	14.45	14.45	
14	2014-04-09	7.96	8.13	7.96	8.1	47656	8.1	2031	巨轮股份	SZ	7.97	7.97	
14	2014-04-09	13.78	13.88	13.65	13.81	10652	13.81	2032	苏 泊 尔	SZ	13.74	13.74	
14	2014-04-09	12.79	12.92	12.77	12.8	18282	12.69	2033	丽江旅游	SZ	12.85	12.74	
14	2014-04-09	13.38	13.71	13.33	13.66	12420	13.66	2034	美 欣 达	SZ	13.37	13.37	
14	2014-04-09	15.74	15.96	15.62	15.84	32744	13.02	2035	华帝股份	SZ	15.7	12.9	
14	2014-04-09	7.31	7.36	7.25	7.36	15873	7.36	2036	宜科科技	SZ	7.28	7.28	
14	2014-04-09	9.34	9.42	9.31	9.37	37564	9.37	2037	久联发展	SZ	9.34	9.34	
14	2014-04-09	39.79	40.5	39.68	40.16	26041	40.16	2038	双鹭药业	SZ	39.84	39.84	
14	2014-04-09	12.59	12.75	12.37	12.54	18665	12.54	2039	黔源电力	SZ	12.6	12.6	
14	2014-04-09	6.14	6.38	6.12	6.3	35529	6.3	2040	南 京 港	SZ	6.14	6.14	
14	2014-04-09	29.27	29.98	29.27	29.81	14154	29.81	2041	登海种业	SZ	29.27	29.27	
14	2014-04-09	4.45	4.46	4.41	4.45	50171	4.45	2042	华孚色纺	SZ	4.44	4.44	
14	2014-04-09	3.91	3.93	3.88	3.89	34667	3.89	2043	兔 宝 宝	SZ	3.91	3.91	
14	2014-04-09	6.34	6.39	6.3	6.37	23238	6.37	2044	江苏三友	SZ	6.35	6.35	
14	2014-04-09	5.86	5.95	5.86	5.94	33360	5.86	2045	广州国光	SZ	5.89	5.81	
14	2014-04-09	7.9	7.98	7.82	7.96	37144	7.96	2046	轴研科技	SZ	7.84	7.84	
14	2014-04-09	5.81	5.87	5.75	5.82	21812	5.82	2047	成霖股份	SZ	5.77	5.77	
14	2014-04-09	12.7	13.28	12.5	13.03	246931	13.03	2048	宁波华翔	SZ	12.75	12.75	
14	2014-04-09	40.21	41.38	40.18	41.15	24674	41.15	2049	晶源电子	SZ	40.23	40.23	
14	2014-04-09	12.6	12.67	12.43	12.62	41673	12.62	2050	三花股份	SZ	12.55	12.55	
14	2014-04-09	18.62	19.1	18.61	18.96	40650	18.96	2051	中工国际	SZ	18.61	18.61	
14	2014-04-09	9.4	9.55	9.33	9.52	123090	9.52	2052	同洲电子	SZ	9.32	9.32	
14	2014-04-09	8.12	8.14	8.04	8.1	8600	8.1	2053	云南盐化	SZ	8.09	8.09	
14	2014-04-09	7.71	7.83	7.66	7.81	34182	7.81	2054	德美化工	SZ	7.7	7.7	
14	2014-04-09	10.35	10.5	10.25	10.36	76693	10.36	2055	得润电子	SZ	10.36	10.36	
14	2014-04-09	19	19.45	18.9	19.08	52447	19.08	2056	横店东磁	SZ	19.05	19.05	
14	2014-04-09	15.7	15.99	15.46	15.87	21252	15.87	2057	中钢天源	SZ	15.7	15.7	
14	2014-04-09	8.5	8.82	8.45	8.82	21668	8.82	2058	威 尔 泰	SZ	8.5	8.5	
14	2014-04-09	8.66	8.71	8.62	8.7	11960	8.7	2059	云南旅游	SZ	8.66	8.66	
14	2014-04-09	5.26	5.34	5.23	5.26	72767	5.26	2060	粤 水 电	SZ	5.26	5.26	
14	2014-04-09	5.22	5.24	5.19	5.22	44958	5.22	2061	江山化工	SZ	5.22	5.22	
14	2014-04-09	5.78	5.94	5.62	5.7	143796	4.07	2062	宏润建设	SZ	5.77	4.12	
14	2014-04-09	21.3	21.3	21.3	21.3	0	21.3	2063	远光软件	SZ	21.3	21.3	
14	2014-04-09	9.51	9.7	9.47	9.57	89212	9.52	2064	华峰氨纶	SZ	9.51	9.46	
14	2014-04-09	40.78	41.99	40.41	41.6	37742	41.6	2065	东华软件	SZ	40.42	40.42	
14	2014-04-09	5.44	5.48	5.38	5.44	31765	5.44	2066	瑞泰科技	SZ	5.44	5.44	
14	2014-04-09	2.16	2.2	2.15	2.19	192665	2.19	2067	景兴纸业	SZ	2.16	2.16	
14	2014-04-09	4.54	4.54	4.48	4.51	42949	4.51	2068	黑猫股份	SZ	4.52	4.52	
14	2014-04-09	12.73	12.79	12.66	12.68	15476	12.68	2069	獐 子 岛	SZ	12.72	12.72	
14	2014-04-09	6.07	6.07	6.07	6.07	0	6.07	2070	众和股份	SZ	6.07	6.07	
14	2014-04-09	22.69	23.3	22.6	23.05	41945	23.05	2071	江苏宏宝	SZ	22.59	22.59	
14	2014-04-09	6.85	6.89	6.78	6.87	8373	6.87	2072	*ST德棉	SZ	6.83	6.83	
14	2014-04-09	8.8	8.95	8.78	8.86	91203	8.86	2073	软控股份	SZ	8.78	8.78	
14	2014-04-09	7.3	7.3	7.3	7.3	0	7.3	2074	东源电器	SZ	7.3	7.3	
14	2014-04-09	10.23	10.37	10.15	10.3	44316	10.3	2076	雪 莱 特	SZ	10.21	10.21	
14	2014-04-09	6.87	6.91	6.81	6.86	23052	6.86	2077	大港股份	SZ	6.92	6.92	
14	2014-04-09	7.4	7.44	7.16	7.16	90316	7.16	2078	太阳纸业	SZ	7.4	7.4	
14	2014-04-09	6.18	6.33	6.16	6.3	129872	6.3	2079	苏州固锝	SZ	6.18	6.18	
14	2014-04-09	13.05	13.25	12.93	13.06	36660	12.95	2080	中材科技	SZ	13.05	12.94	
14	2014-04-09	18.7	18.7	18.7	18.7	0	18.7	2081	金 螳 螂	SZ	18.7	18.7	
14	2014-04-09	7.97	8.18	7.93	8.18	39393	8.18	2082	栋梁新材	SZ	7.97	7.97	
14	2014-04-09	4.6	4.65	4.58	4.62	58599	4.62	2083	孚日股份	SZ	4.59	4.59	
14	2014-04-09	5.45	5.48	5.42	5.46	26151	5.46	2084	海鸥卫浴	SZ	5.45	5.45	
14	2014-04-09	21.41	21.76	21.4	21.45	21616	21.45	2085	万丰奥威	SZ	21.38	21.38	
14	2014-04-09	8.93	8.94	8.78	8.84	33303	8.84	2086	东方海洋	SZ	8.96	8.96	
14	2014-04-09	3.94	3.96	3.91	3.96	36306	3.96	2087	新野纺织	SZ	3.94	3.94	
14	2014-04-09	10.68	10.68	10.6	10.68	36002	10.68	2088	鲁阳股份	SZ	9.71	9.71	
14	2014-04-09	8.95	9.15	8.91	9.15	58538	9.1	2089	新 海 宜	SZ	8.92	8.87	
14	2014-04-09	11.81	12.06	11.81	11.98	10760	11.98	2090	金智科技	SZ	11.81	11.81	
14	2014-04-09	14.39	14.58	14.31	14.52	54760	14.52	2091	江苏国泰	SZ	14.39	14.39	
14	2014-04-09	5.83	5.83	5.83	5.83	0	5.77	2092	中泰化学	SZ	5.83	5.77	
14	2014-04-09	5.13	5.19	5.12	5.14	40725	5.14	2093	国脉科技	SZ	5.14	5.14	
14	2014-04-09	11.13	11.29	11.05	11.24	50662	11.24	2094	青岛金王	SZ	11.15	11.15	
14	2014-04-09	28.94	29.87	28.94	29.64	24239	29.64	2095	生 意 宝	SZ	28.92	28.92	
14	2014-04-09	11	11.07	10.88	10.97	16481	10.97	2096	南岭民爆	SZ	10.98	10.98	
14	2014-04-09	8.75	8.75	8.53	8.68	105555	8.68	2097	山河智能	SZ	8.59	8.59	
14	2014-04-09	9.36	9.46	9.26	9.39	10116	9.39	2098	浔兴股份	SZ	9.32	9.32	
14	2014-04-09	6.69	6.69	6.69	6.69	0	6.69	2099	海翔药业	SZ	6.69	6.69	
14	2014-04-09	5.82	5.88	5.8	5.85	69401	5.85	21	长城开发	SZ	5.82	5.82	
14	2014-04-09	10.02	10.09	9.93	10.08	32420	10.08	2100	天康生物	SZ	10	10	
14	2014-04-09	12.16	12.43	12.06	12.23	47248	12.23	2101	广东鸿图	SZ	12.17	12.17	
14	2014-04-09	5.95	6.12	5.8	6.12	191277	6.12	2102	冠福家用	SZ	6	6	
14	2014-04-09	8.34	8.45	8.34	8.4	14624	8.4	2103	广博股份	SZ	8.42	8.42	
14	2014-04-09	17.1	17.44	16.91	17.26	63637	17.26	2104	恒宝股份	SZ	17.09	17.09	
14	2014-04-09	5.98	6.17	5.97	6.13	37023	6.13	2105	信隆实业	SZ	5.98	5.98	
14	2014-04-09	11.47	11.73	11.47	11.59	138622	11.59	2106	莱宝高科	SZ	11.48	11.48	
14	2014-04-09	12.14	12.15	11.91	12.02	12002	12.02	2107	沃华医药	SZ	12.01	12.01	
14	2014-04-09	11.47	11.73	11.4	11.62	88526	11.62	2108	沧州明珠	SZ	11.37	11.37	
14	2014-04-09	4.92	4.94	4.9	4.93	16311	4.93	2109	兴化股份	SZ	4.92	4.92	
14	2014-04-09	4.36	4.46	4.36	4.39	43406	4.39	2110	三钢闽光	SZ	4.36	4.36	
14	2014-04-09	12.95	12.95	12.95	12.95	0	12.95	2111	威海广泰	SZ	12.95	12.95	
14	2014-04-09	7	7.07	6.95	7.02	21069	7.02	2112	三变科技	SZ	6.97	6.97	
14	2014-04-09	10.37	10.37	10.37	10.37	0	10.37	2113	ST天润	SZ	10.37	10.37	
14	2014-04-09	7.3	7.3	7.3	7.3	0	7.3	2114	罗平锌电	SZ	7.3	7.3	
14	2014-04-09	6.39	6.45	6.36	6.41	36277	6.41	2115	三维通信	SZ	6.43	6.43	
14	2014-04-09	15.29	15.35	15.13	15.22	6327	15.22	2116	中国海诚	SZ	15.28	15.28	
14	2014-04-09	14.9	15.85	14.9	15.52	40678	15.52	2117	东港股份	SZ	14.87	14.87	
14	2014-04-09	11.68	12.05	11.68	12	78005	12	2118	紫鑫药业	SZ	11.56	11.56	
14	2014-04-09	7.44	7.51	7.4	7.49	18124	7.47	2119	康强电子	SZ	7.46	7.44	
14	2014-04-09	11.11	11.39	11.01	11.34	31567	11.34	2120	新海股份	SZ	11.07	11.07	
14	2014-04-09	9.23	9.42	9.21	9.29	41079	9.29	2121	科陆电子	SZ	9.24	9.24	
14	2014-04-09	4.19	4.21	4.14	4.17	29971	4.17	2122	天马股份	SZ	4.18	4.18	
14	2014-04-09	7.9	8.02	7.88	7.91	52116	7.91	2123	荣信股份	SZ	7.91	7.91	
14	2014-04-09	8.7	8.79	8.58	8.79	20920	8.69	2124	天邦股份	SZ	8.71	8.61	
14	2014-04-09	9.6	9.77	9.46	9.58	59696	9.58	2125	湘潭电化	SZ	9.75	9.75	
14	2014-04-09	12.39	12.4	12.12	12.3	80920	12.3	2126	银轮股份	SZ	12.4	12.4	
14	2014-04-09	6.65	6.65	6.65	6.65	0	6.65	2127	新民科技	SZ	6.65	6.65	
14	2014-04-09	6.83	6.87	6.78	6.86	35934	6.86	2128	露天煤业	SZ	6.86	6.86	
14	2014-04-09	19.62	20.36	19.3	20.35	165585	20.35	2129	中环股份	SZ	19.59	19.59	
14	2014-04-09	8.7	8.8	8.62	8.77	177286	8.77	2130	沃尔核材	SZ	8.7	8.7	
14	2014-04-09	18	18.4	17.91	18.1	14927	18.06	2131	利欧股份	SZ	18.01	17.97	
14	2014-04-09	4.28	4.34	4.27	4.31	32705	4.31	2132	恒星科技	SZ	4.29	4.29	
14	2014-04-09	3.88	3.93	3.88	3.91	66458	3.84	2133	广宇集团	SZ	3.9	3.83	
14	2014-04-09	6.42	6.52	6.39	6.42	18653	6.42	2134	天津普林	SZ	6.42	6.42	
14	2014-04-09	3.76	3.78	3.73	3.77	46232	3.77	2135	东南网架	SZ	3.77	3.77	
14	2014-04-09	6.73	6.78	6.68	6.72	24544	6.72	2136	安 纳 达	SZ	6.74	6.74	
14	2014-04-09	4.52	4.52	4.46	4.49	22674	4.49	2137	实 益 达	SZ	4.49	4.49	
14	2014-04-09	16.42	16.83	16.42	16.8	37078	16.8	2138	顺络电子	SZ	16.49	16.49	
14	2014-04-09	9.77	9.96	9.72	9.85	34463	9.85	2139	拓邦股份	SZ	9.76	9.76	
14	2014-04-09	17.49	17.88	17.45	17.82	19004	17.82	2140	东华科技	SZ	17.55	17.55	
14	2014-04-09	8.94	8.94	8.94	8.94	0	8.94	2141	蓉胜超微	SZ	8.94	8.94	
14	2014-04-09	9.11	9.15	9.04	9.08	106258	9.08	2142	宁波银行	SZ	9.14	9.14	
14	2014-04-09	8.1	8.1	8.1	8.1	788	8.1	2143	高金食品	SZ	7.36	7.36	
14	2014-04-09	17.68	17.85	17.45	17.59	34791	17.59	2144	宏达高科	SZ	17.68	17.68	
14	2014-04-09	7.89	7.9	7.64	7.7	73190	7.7	2145	*ST钛白	SZ	7.82	7.82	
14	2014-04-09	12.62	13.18	12.6	12.8	570132	12.8	2146	荣盛发展	SZ	12.71	12.71	
14	2014-04-09	6.51	6.83	6.47	6.82	97966	6.82	2147	方圆支承	SZ	6.53	6.53	
14	2014-04-09	23.23	23.23	23.23	23.23	0	23.23	2148	北纬通信	SZ	23.23	23.23	
14	2014-04-09	12.4	12.5	12.31	12.48	12211	12.48	2149	西部材料	SZ	12.4	12.4	
14	2014-04-09	6.76	6.86	6.75	6.82	12934	6.82	2150	江苏通润	SZ	6.8	6.8	
14	2014-04-09	27.18	27.54	27.18	27.41	17035	27.41	2151	北斗星通	SZ	27.18	27.18	
14	2014-04-09	18.83	19.24	18.8	18.88	53747	18.88	2152	广电运通	SZ	18.98	18.98	
14	2014-04-09	43.32	43.32	43.32	43.32	0	43.32	2153	石基信息	SZ	43.32	43.32	
14	2014-04-09	6.28	6.34	6.26	6.32	36167	6.32	2154	报 喜 鸟	SZ	6.28	6.28	
14	2014-04-09	7.98	8.05	7.88	7.98	104724	7.98	2155	辰州矿业	SZ	7.93	7.93	
14	2014-04-09	6.91	7.06	6.86	6.97	63844	6.97	2156	通富微电	SZ	6.89	6.89	
14	2014-04-09	6.16	6.18	6.1	6.14	22981	6.14	2157	正邦科技	SZ	6.14	6.14	
14	2014-04-09	18.84	19.16	18.54	18.73	31063	18.73	2158	汉钟精机	SZ	18.87	18.87	
14	2014-04-09	17.8	17.83	17.66	17.83	3881	17.78	2159	三特索道	SZ	17.76	17.72	
14	2014-04-09	7.28	7.46	7.25	7.34	92546	7.34	2161	远 望 谷	SZ	7.28	7.28	
14	2014-04-09	6.81	6.95	6.81	6.88	53482	6.88	2162	斯 米 克	SZ	6.81	6.81	
14	2014-04-09	3.79	3.85	3.77	3.81	79183	3.81	2163	中航三鑫	SZ	3.81	3.81	
14	2014-04-09	3.97	4	3.95	4	23853	4	2164	东力传动	SZ	3.96	3.96	
14	2014-04-09	5.69	5.71	5.6	5.65	70334	5.65	2165	红 宝 丽	SZ	5.69	5.69	
14	2014-04-09	16.7	16.94	16.6	16.9	38013	16.9	2166	莱茵生物	SZ	16.7	16.7	
14	2014-04-09	11.39	11.39	11.39	11.39	0	11.39	2167	东方锆业	SZ	11.39	11.39	
14	2014-04-09	7.46	7.56	7.43	7.49	81004	7.49	2168	深圳惠程	SZ	7.49	7.49	
14	2014-04-09	7.09	7.1	7.02	7.08	21320	7.08	2169	智光电气	SZ	7.06	7.06	
14	2014-04-09	5.91	5.98	5.89	5.96	59734	5.96	2170	芭田股份	SZ	5.91	5.91	
14	2014-04-09	7.53	7.59	7.4	7.45	25026	7.45	2171	精诚铜业	SZ	7.55	7.55	
14	2014-04-09	5.54	5.79	5.51	5.65	184055	5.65	2172	澳洋科技	SZ	5.5	5.5	
14	2014-04-09	8.12	8.27	8.05	8.19	18964	8.19	2173	山 下 湖	SZ	8.09	8.09	
14	2014-04-09	60.86	61.95	60.36	61.05	5161	61.05	2174	梅 花 伞	SZ	60.86	60.86	
14	2014-04-09	14.9	15.56	14.9	15.05	21766	15.05	2175	广陆数测	SZ	15.03	15.03	
14	2014-04-09	11.97	12.05	11.9	11.99	32409	11.99	2176	江特电机	SZ	11.98	11.98	
14	2014-04-09	5.65	5.72	5.62	5.69	108994	5.69	2177	御银股份	SZ	5.68	5.68	
14	2014-04-09	20.18	20.4	19.98	20.15	33398	20.15	2178	延华智能	SZ	20.42	20.42	
14	2014-04-09	16.16	16.34	15.96	16.1	20217	16.1	2179	中航光电	SZ	16.18	16.18	
14	2014-04-09	17.06	17.55	17	17.19	68050	17.19	2180	万 力 达	SZ	17.25	17.25	
14	2014-04-09	16.29	17.47	16.26	17.47	294096	17.47	2181	粤 传 媒	SZ	15.88	15.88	
14	2014-04-09	7.72	7.83	7.66	7.73	38609	7.73	2182	云海金属	SZ	7.77	7.77	
14	2014-04-09	7.63	7.7	7.55	7.59	60112	7.59	2183	怡 亚 通	SZ	7.58	7.58	
14	2014-04-09	12.88	13.1	12.86	12.95	12826	12.95	2184	海得控制	SZ	12.96	12.96	
14	2014-04-09	9.99	10.17	9.94	10.04	99577	10.04	2185	华天科技	SZ	9.93	9.93	
14	2014-04-09	18.4	18.47	18.27	18.3	9557	18.3	2186	全 聚 德	SZ	18.42	18.42	
14	2014-04-09	8.74	8.89	8.74	8.85	24728	8.85	2187	广百股份	SZ	8.78	8.78	
14	2014-04-09	9.33	9.36	9.2	9.27	20994	9.27	2188	新 嘉 联	SZ	9.33	9.33	
14	2014-04-09	8.5	8.74	8.5	8.68	40749	8.68	2189	利达光电	SZ	8.51	8.51	
14	2014-04-09	15.15	15.15	15.15	15.15	0	15.15	2190	成飞集成	SZ	15.15	15.15	
14	2014-04-09	16	16.39	15.97	16.13	31210	16.13	2191	劲嘉股份	SZ	16	16	
14	2014-04-09	13.86	13.86	13.86	13.86	0	13.86	2192	路翔股份	SZ	13.86	13.86	
14	2014-04-09	8.18	8.32	8.16	8.31	24736	8.31	2193	山东如意	SZ	8.18	8.18	
14	2014-04-09	10.22	10.42	10.13	10.35	46139	10.35	2194	武汉凡谷	SZ	10.22	10.22	
14	2014-04-09	35.52	37.88	35.52	37.3	42805	37.3	2195	海隆软件	SZ	35.76	35.76	
14	2014-04-09	11.41	11.7	11.36	11.62	17958	11.53	2196	方正电机	SZ	11.34	11.25	
14	2014-04-09	14.46	14.77	14.4	14.55	59689	14.55	2197	证通电子	SZ	14.45	14.45	
14	2014-04-09	12.49	12.49	11.8	12.2	244313	12.2	2198	嘉应制药	SZ	12.11	12.11	
14	2014-04-09	11.88	12.93	11.88	12.93	144218	12.93	2199	东晶电子	SZ	11.75	11.75	
14	2014-04-09	14.01	14.22	14.01	14.21	12284	14.21	22	深赤湾Ａ	SZ	14.05	14.05	
14	2014-04-09	15.26	15.29	15.1	15.16	8466	15.16	2200	绿 大 地	SZ	15.16	15.16	
14	2014-04-09	8.8	8.84	8.62	8.65	29487	8.65	2201	九鼎新材	SZ	8.81	8.81	
14	2014-04-09	9.44	9.66	9.41	9.51	142589	9.51	2202	金风科技	SZ	9.47	9.47	
14	2014-04-09	11.96	12.25	11.95	12.2	10598	12.2	2203	海亮股份	SZ	12.01	12.01	
14	2014-04-09	12.25	12.32	12.09	12.27	33214	12.27	2204	华锐铸钢	SZ	12.27	12.27	
14	2014-04-09	13.8	13.87	13.72	13.86	22576	13.86	2205	国统股份	SZ	13.76	13.76	
14	2014-04-09	6.45	6.63	6.45	6.63	66871	6.44	2206	海 利 得	SZ	6.41	6.22	
14	2014-04-09	19.2	19.2	19.2	19.2	0	19.2	2207	准油股份	SZ	19.2	19.2	
14	2014-04-09	7.08	7.13	6.95	7.05	95411	6.96	2208	合肥城建	SZ	7.11	7.02	
14	2014-04-09	9.44	9.54	9.31	9.39	19033	9.39	2209	达 意 隆	SZ	9.44	9.44	
14	2014-04-09	9.83	9.93	9.71	9.79	21837	9.79	2210	飞马国际	SZ	9.83	9.83	
14	2014-04-09	5.58	5.75	5.56	5.61	40888	5.61	2211	宏达新材	SZ	5.61	5.61	
14	2014-04-09	4.76	5.05	4.73	4.91	102065	4.91	2212	南洋股份	SZ	4.75	4.75	
14	2014-04-09	12.09	12.42	12.08	12.33	11660	12.33	2213	特 尔 佳	SZ	12.07	12.07	
14	2014-04-09	19.91	20.7	19.6	19.9	31292	19.81	2214	大立科技	SZ	19.9	19.81	
14	2014-04-09	8.36	8.45	8.3	8.38	18841	8.38	2215	诺 普 信	SZ	8.4	8.4	
14	2014-04-09	19.3	19.54	19.25	19.35	11688	19.35	2216	三全食品	SZ	19.4	19.4	
14	2014-04-09	7	7.14	6.93	7.05	62048	7.05	2217	联合化工	SZ	7	7	
14	2014-04-09	10.63	10.78	10.31	10.63	78774	10.63	2218	拓日新能	SZ	10.6	10.6	
14	2014-04-09	26.21	26.55	25.4	26.31	126298	26.31	2219	独 一 味	SZ	26.5	26.5	
14	2014-04-09	6.91	6.96	6.87	6.9	13130	6.9	2220	天宝股份	SZ	6.9	6.9	
14	2014-04-09	11.15	11.32	11.15	11.18	37331	11.16	2221	东华能源	SZ	11.15	11.13	
14	2014-04-09	8	8.06	7.93	8	27805	8	2222	福晶科技	SZ	8	8	
14	2014-04-09	30.65	30.65	30.65	30.65	0	30.65	2223	鱼跃医疗	SZ	30.65	30.65	
14	2014-04-09	11.66	11.86	11.65	11.85	30692	11.85	2224	三 力 士	SZ	11.67	11.67	
14	2014-04-09	5.75	5.76	5.69	5.72	27851	5.72	2225	濮耐股份	SZ	5.72	5.72	
14	2014-04-09	11.35	11.36	11.27	11.32	29150	11.32	2226	江南化工	SZ	11.3	11.3	
14	2014-04-09	32.58	33.21	32.31	32.93	9217	32.93	2227	奥 特 迅	SZ	32.58	32.58	
14	2014-04-09	7.6	7.78	7.58	7.7	25984	7.7	2228	合兴包装	SZ	7.56	7.56	
14	2014-04-09	19.94	20.74	19.7	20.28	276971	20.28	2229	鸿博股份	SZ	19.6	19.6	
14	2014-04-09	47.24	47.45	46.6	46.82	76638	27.44	2230	科大讯飞	SZ	47	27.54	
14	2014-04-09	8.31	8.35	8.15	8.28	69160	8.28	2231	奥维通信	SZ	8.31	8.31	
14	2014-04-09	8.8	9.02	8.75	8.91	64697	8.91	2232	启明信息	SZ	8.83	8.83	
14	2014-04-09	6.38	6.49	6.35	6.38	90364	6.38	2233	塔牌集团	SZ	6.34	6.34	
14	2014-04-09	7.35	7.44	7.3	7.34	43524	7.34	2234	民和股份	SZ	7.38	7.38	
14	2014-04-09	14.41	14.92	14.33	14.77	165508	14.77	2235	安妮股份	SZ	14.32	14.32	
14	2014-04-09	30.62	31.18	30.46	30.54	98639	30.54	2236	大华股份	SZ	30.66	30.66	
14	2014-04-09	13.9	13.96	13.81	13.9	27419	13.9	2237	恒邦股份	SZ	13.89	13.89	
14	2014-04-09	13.75	14.24	13.7	14.03	54538	14.03	2238	天威视讯	SZ	13.74	13.74	
14	2014-04-09	10.65	10.87	10.65	10.86	36126	10.86	2239	金 飞 达	SZ	10.7	10.7	
14	2014-04-09	18.71	20.74	18.71	20.74	195283	20.74	2240	威华股份	SZ	18.85	18.85	
14	2014-04-09	28.28	29.24	28.2	28.78	181140	28.78	2241	歌尔声学	SZ	28.3	28.3	
14	2014-04-09	12.4	12.53	12.25	12.4	38508	11.84	2242	九阳股份	SZ	12.4	11.84	
14	2014-04-09	7.66	7.87	7.58	7.79	59091	7.79	2243	通产丽星	SZ	7.64	7.64	
14	2014-04-09	7	7.13	6.92	7.11	163828	7.11	2244	滨江集团	SZ	7	7	
14	2014-04-09	8.85	9.1	8.75	8.92	60275	8.92	2245	澳洋顺昌	SZ	8.89	8.89	
14	2014-04-09	9.33	9.33	9.2	9.27	8187	9.27	2246	北化股份	SZ	9.23	9.23	
14	2014-04-09	8.97	8.97	8.8	8.88	25617	4.4	2247	帝龙新材	SZ	8.84	4.37	
14	2014-04-09	7.51	7.53	7.43	7.49	22439	7.49	2248	华东数控	SZ	7.51	7.51	
14	2014-04-09	12.97	13.43	12.79	13.37	28261	13.37	2249	大洋电机	SZ	12.89	12.89	
14	2014-04-09	18.58	18.89	18.52	18.86	28049	18.86	2250	联化科技	SZ	18.58	18.58	
14	2014-04-09	13.07	13.07	13.07	13.07	0	13.07	2251	步 步 高	SZ	13.07	13.07	
14	2014-04-09	50.27	50.67	49.8	50.63	11190	50.56	2252	上海莱士	SZ	50.25	50.18	
14	2014-04-09	24.95	25.23	24.33	24.8	12895	24.8	2253	川大智胜	SZ	24.95	24.95	
14	2014-04-09	8.83	8.95	8.66	8.8	135135	8.8	2254	烟台氨纶	SZ	8.89	8.89	
14	2014-04-09	13.9	13.95	13.76	13.84	15103	13.84	2255	海陆重工	SZ	13.89	13.89	
14	2014-04-09	8.41	8.55	8.4	8.53	28083	8.53	2256	彩虹精化	SZ	8.42	8.42	
14	2014-04-09	12.9	12.99	12.79	12.95	12829	12.95	2258	利尔化学	SZ	12.95	12.95	
14	2014-04-09	5.68	5.68	5.68	5.68	0	5.68	2259	升达林业	SZ	5.68	5.68	
14	2014-04-09	15.39	15.63	15.24	15.47	22387	15.47	2260	伊 立 浦	SZ	15.4	15.4	
14	2014-04-09	27.36	27.36	27.36	27.36	0	27.36	2261	拓维信息	SZ	27.36	27.36	
14	2014-04-09	25.3	25.5	25.06	25.3	11837	25.3	2262	恩华药业	SZ	25.28	25.28	
14	2014-04-09	5.13	5.13	5.13	5.13	0	5.13	2263	大 东 南	SZ	5.13	5.13	
14	2014-04-09	7.09	7.28	7.09	7.17	58088	7.17	2264	新 华 都	SZ	7.06	7.06	
14	2014-04-09	7.55	8.24	7.5	8.24	63934	8.24	2265	西仪股份	SZ	7.49	7.49	
14	2014-04-09	6.85	7.44	6.85	7.44	331144	7.44	2266	浙富股份	SZ	6.76	6.76	
14	2014-04-09	9.19	9.19	9.1	9.15	21053	9.15	2267	陕天然气	SZ	9.14	9.14	
14	2014-04-09	30.99	32.08	30.99	31.68	16163	31.68	2268	卫 士 通	SZ	30.9	30.9	
14	2014-04-09	9.8	9.87	9.7	9.8	40209	9.8	2269	美邦服饰	SZ	9.75	9.75	
14	2014-04-09	8.29	8.47	8.26	8.37	33216	8.32	2270	法因数控	SZ	8.3	8.25	
14	2014-04-09	24.28	24.88	24.17	24.79	25603	24.6	2271	东方雨虹	SZ	24.18	24	
14	2014-04-09	4.7	4.77	4.67	4.72	35083	4.72	2272	川润股份	SZ	4.7	4.7	
14	2014-04-09	18.15	19.14	18.1	18.74	136261	18.74	2273	水晶光电	SZ	18.15	18.15	
14	2014-04-09	8.94	9.13	8.82	9.08	115044	9.08	2274	华昌化工	SZ	8.93	8.93	
14	2014-04-09	17.39	17.54	17.21	17.38	20497	16.81	2275	桂林三金	SZ	17.35	16.78	
14	2014-04-09	6.19	6.34	6.11	6.33	74203	6.33	2276	万马电缆	SZ	6.18	6.18	
14	2014-04-09	11.16	11.24	11.03	11.12	73759	11.12	2277	友阿股份	SZ	11.16	11.16	
14	2014-04-09	11.6	11.67	11.57	11.62	22566	11.62	2278	神开股份	SZ	11.59	11.59	
14	2014-04-09	18.4	19.55	18.26	18.92	103123	18.74	2279	久其软件	SZ	18.52	18.34	
14	2014-04-09	16.1	16.1	16.1	16.1	2516	16.1	2280	新世纪	SZ	14.64	14.64	
14	2014-04-09	31.6	31.75	31.2	31.51	7102	31.51	2281	光迅科技	SZ	31.5	31.5	
14	2014-04-09	8.74	8.95	8.71	8.92	37365	8.92	2282	博深工具	SZ	8.74	8.74	
14	2014-04-09	6.32	6.36	6.27	6.3	46417	6.3	2283	天润曲轴	SZ	6.33	6.33	
14	2014-04-09	10.04	10.21	9.98	10.21	22369	10.21	2284	亚太股份	SZ	10.04	10.04	
14	2014-04-09	18.3	18.78	18.25	18.63	28690	18.63	2285	世联地产	SZ	18.31	18.31	
14	2014-04-09	15.83	16.29	15.83	16.27	23780	16.27	2286	保龄宝	SZ	15.87	15.87	
14	2014-04-09	21.83	22.15	21.76	22.03	4269	22.03	2287	奇正藏药	SZ	21.85	21.85	
14	2014-04-09	8.6	8.69	8.56	8.68	48725	8.68	2288	超华科技	SZ	8.59	8.59	
14	2014-04-09	16.92	17.2	16.9	17.11	7142	17.11	2289	宇顺电子	SZ	16.9	16.9	
14	2014-04-09	10.5	10.5	10.5	10.5	0	10.5	2290	禾盛新材	SZ	10.5	10.5	
14	2014-04-09	6.09	6.09	6	6.06	16250	6.06	2291	星期六	SZ	6.07	6.07	
14	2014-04-09	33.98	34.19	33.2	33.5	68918	33.5	2292	奥飞动漫	SZ	33.61	33.61	
14	2014-04-09	22.39	22.63	22.39	22.46	9010	22.46	2293	罗莱家纺	SZ	22.51	22.51	
14	2014-04-09	30.2	30.5	29.91	30.31	25816	30.31	2294	信立泰	SZ	30.2	30.2	
14	2014-04-09	7.27	7.49	7.27	7.4	30209	7.4	2295	精艺股份	SZ	7.36	7.36	
14	2014-04-09	26.9	26.9	25.91	26.1	21100	25.84	2296	辉煌科技	SZ	26.38	26.11	
14	2014-04-09	9.63	9.72	9.58	9.71	15664	9.71	2297	博云新材	SZ	9.66	9.66	
14	2014-04-09	7.61	7.75	7.59	7.74	114312	7.74	2298	鑫龙电器	SZ	7.64	7.64	
14	2014-04-09	9.45	9.53	9.37	9.45	37127	9.45	2299	圣农发展	SZ	9.37	9.37	
14	2014-04-09	9.18	9.24	9.13	9.23	5617	9.23	23	深天地Ａ	SZ	9.15	9.15	
14	2014-04-09	8.42	8.46	8.36	8.43	18186	8.43	2300	太阳电缆	SZ	8.42	8.42	
14	2014-04-09	7.97	8.15	7.97	8.08	19218	8.08	2301	齐心文具	SZ	8.01	8.01	
14	2014-04-09	10.93	11.1	10.87	10.98	43297	10.98	2302	西部建设	SZ	11.05	11.05	
14	2014-04-09	22.01	23.77	22.01	23.76	66971	23.76	2303	美盈森	SZ	22.06	22.06	
14	2014-04-09	54.12	54.5	52.85	52.89	30847	52.89	2304	洋河股份	SZ	53.99	53.99	
14	2014-04-09	6.96	6.96	6.96	6.96	3952	6.96	2305	南国置业	SZ	6.33	6.33	
14	2014-04-09	6.47	6.69	6.47	6.67	76261	6.67	2306	湘鄂情	SZ	6.47	6.47	
14	2014-04-09	5.65	5.69	5.59	5.62	62781	5.62	2307	北新路桥	SZ	5.66	5.66	
14	2014-04-09	6.97	7.09	6.95	7.09	65691	7.09	2308	威创股份	SZ	6.96	6.96	
14	2014-04-09	18.4	19.12	18.29	19.1	35068	19.1	2309	中利科技	SZ	18.28	18.28	
14	2014-04-09	23.79	24.86	23.79	24.5	59218	24.5	2310	东方园林	SZ	23.85	23.85	
14	2014-04-09	9.71	9.85	9.69	9.85	50588	9.85	2311	海大集团	SZ	9.68	9.68	
14	2014-04-09	25.61	27.25	25.61	26.85	142921	26.76	2312	三泰电子	SZ	25.61	25.53	
14	2014-04-09	11.99	12.24	11.96	12.11	55046	12.11	2313	日海通讯	SZ	11.98	11.98	
14	2014-04-09	7.46	7.57	7.44	7.46	21338	7.46	2314	雅致股份	SZ	7.45	7.45	
14	2014-04-09	44.97	45.77	44.53	45.24	9427	45.24	2315	焦点科技	SZ	44.5	44.5	
14	2014-04-09	8.62	8.62	8.62	8.62	0	8.62	2316	键桥通讯	SZ	8.62	8.62	
14	2014-04-09	18.63	19.03	18.63	18.96	19653	18.96	2317	众生药业	SZ	18.62	18.62	
14	2014-04-09	17.39	17.72	17.37	17.43	25731	17.43	2318	久立特材	SZ	17.41	17.41	
14	2014-04-09	7.82	7.91	7.81	7.89	38883	7.89	2319	乐通股份	SZ	7.85	7.85	
14	2014-04-09	9.36	9.57	9.34	9.55	59467	9.55	2320	海峡股份	SZ	9.43	9.43	
14	2014-04-09	5.64	5.67	5.58	5.64	19846	5.64	2321	华英农业	SZ	5.62	5.62	
14	2014-04-09	11.51	11.55	11.43	11.55	27859	11.55	2322	理工监测	SZ	11.5	11.5	
14	2014-04-09	14.09	14.21	13.94	14.19	4940	14.05	2323	中联电气	SZ	14.09	13.95	
14	2014-04-09	14.72	14.8	14.6	14.7	11921	14.7	2324	普利特	SZ	14.72	14.72	
14	2014-04-09	9.81	10.05	9.65	9.97	193589	9.97	2325	洪涛股份	SZ	9.89	9.89	
14	2014-04-09	13.8	13.95	13.48	13.68	29709	13.68	2326	永太科技	SZ	13.82	13.82	
14	2014-04-09	14.85	14.89	14.62	14.66	19784	14.56	2327	富安娜	SZ	14.76	14.66	
14	2014-04-09	11.6	11.97	11.59	11.84	22858	11.84	2328	新朋股份	SZ	11.56	11.56	
14	2014-04-09	14.47	14.47	14.47	14.47	0	14.47	2329	皇氏乳业	SZ	14.47	14.47	
14	2014-04-09	5.71	5.76	5.69	5.73	20671	5.73	2330	得利斯	SZ	5.72	5.72	
14	2014-04-09	12.1	12.19	11.97	12.08	16941	12.06	2331	皖通科技	SZ	12.13	12.11	
14	2014-04-09	14.15	14.29	14.03	14.2	7764	14.2	2332	仙琚制药	SZ	14.11	14.11	
14	2014-04-09	10.8	10.95	10.75	10.89	16492	10.89	2333	罗普斯金	SZ	10.8	10.8	
14	2014-04-09	14.07	14.38	14.03	14.27	31506	14.27	2334	英威腾	SZ	14.07	14.07	
14	2014-04-09	15.77	16.25	15.5	16.2	19792	16.2	2335	科华恒盛	SZ	15.77	15.77	
14	2014-04-09	10.31	10.35	10.21	10.32	14020	10.32	2336	人人乐	SZ	10.26	10.26	
14	2014-04-09	11.64	11.65	11.48	11.55	6637	11.31	2337	赛象科技	SZ	11.58	11.34	
14	2014-04-09	27.6	28.28	27.48	27.8	14584	27.8	2338	奥普光电	SZ	27.6	27.6	
14	2014-04-09	9.71	9.85	9.65	9.78	22124	9.78	2339	积成电子	SZ	9.74	9.74	
14	2014-04-09	10.82	11.08	10.78	10.89	159123	10.89	2340	格林美	SZ	10.92	10.92	
14	2014-04-09	17.14	17.24	16.89	17.18	14922	17.18	2341	新纶科技	SZ	17.11	17.11	
14	2014-04-09	6.6	6.83	6.58	6.63	143519	6.63	2342	巨力索具	SZ	6.64	6.64	
14	2014-04-09	9.02	9.1	8.9	9.07	15963	9.07	2343	禾欣股份	SZ	9	9	
14	2014-04-09	14.65	14.7	14.36	14.63	126059	14.63	2344	海宁皮城	SZ	14.65	14.65	
14	2014-04-09	14.21	14.34	13.93	14.3	28053	14.3	2345	潮宏基	SZ	14.24	14.24	
14	2014-04-09	8.98	9.4	8.77	9.25	131958	9.25	2346	柘中建设	SZ	8.9	8.9	
14	2014-04-09	8.11	8.17	8.05	8.17	17496	8.17	2347	泰尔重工	SZ	8.1	8.1	
14	2014-04-09	6.95	7.04	6.91	7.03	47070	7.03	2348	高乐股份	SZ	6.94	6.94	
14	2014-04-09	16.72	17.16	16.5	17.11	21595	17.11	2349	精华制药	SZ	16.73	16.73	
14	2014-04-09	11.25	11.3	11.07	11.13	17601	11.13	2350	北京科锐	SZ	11.14	11.14	
14	2014-04-09	11.1	11.35	11.1	11.24	13486	11.24	2351	漫步者	SZ	11.1	11.1	
14	2014-04-09	20.98	21.3	20.98	21.26	4873	21.26	2352	鼎泰新材	SZ	20.98	20.98	
14	2014-04-09	62.1	64.7	62.1	63.51	29948	63.51	2353	杰瑞股份	SZ	62.09	62.09	
14	2014-04-09	35.92	37.61	35.91	37.23	16671	37.22	2354	科冕木业	SZ	36.1	36.09	
14	2014-04-09	7.11	7.28	7.1	7.16	127245	7.16	2355	兴民钢圈	SZ	7.04	7.04	
14	2014-04-09	28.8	29.15	28.07	28.7	3423	28.7	2356	浩宁达	SZ	28.89	28.89	
14	2014-04-09	13.56	13.75	13.53	13.74	5976	13.74	2357	富临运业	SZ	13.56	13.56	
14	2014-04-09	24	24	23.1	23.26	11951	23.26	2358	森源电气	SZ	23.91	23.91	
14	2014-04-09	5.86	5.86	5.86	5.86	0	5.86	2359	齐星铁塔	SZ	5.86	5.86	
14	2014-04-09	26.8	27.1	26.42	26.92	62398	13.27	2360	同德化工	SZ	26.84	13.23	
14	2014-04-09	6.41	6.43	6.36	6.42	25822	6.32	2361	神剑股份	SZ	6.38	6.28	
14	2014-04-09	16.62	17.14	16.62	17.03	56994	17.03	2362	汉王科技	SZ	16.62	16.62	
14	2014-04-09	19.4	20.23	19.19	20.21	27114	20.21	2363	隆基机械	SZ	19.5	19.5	
14	2014-04-09	14.69	15.12	14.6	15.12	26867	15.12	2364	中恒电气	SZ	14.69	14.69	
14	2014-04-09	9.44	9.47	9.38	9.46	15970	9.46	2365	永安药业	SZ	9.42	9.42	
14	2014-04-09	10.26	10.26	10.26	10.26	0	10.26	2366	丹甫股份	SZ	10.26	10.26	
14	2014-04-09	7.24	7.34	7.23	7.28	66017	7.28	2367	康力电梯	SZ	7.24	7.24	
14	2014-04-09	32.4	32.87	32.36	32.64	9739	32.64	2368	太极股份	SZ	32.27	32.27	
14	2014-04-09	18.6	18.97	18.43	18.84	85776	18.84	2369	卓翼科技	SZ	18.65	18.65	
14	2014-04-09	17.14	17.47	17.12	17.37	5399	17.37	2370	亚太药业	SZ	17.37	17.37	
14	2014-04-09	20.23	20.23	19.7	19.89	21559	19.89	2371	七星电子	SZ	20.12	20.12	
14	2014-04-09	15.7	15.78	15.52	15.64	12436	15.64	2372	伟星新材	SZ	15.69	15.69	
14	2014-04-09	16.68	17.69	16.58	17.6	45876	17.6	2373	联信永益	SZ	16.67	16.67	
14	2014-04-09	7.49	7.63	7.47	7.6	40364	7.6	2374	丽鹏股份	SZ	7.5	7.5	
14	2014-04-09	25.43	25.43	25.43	25.43	0	25.43	2375	亚厦股份	SZ	25.43	25.43	
14	2014-04-09	11.2	11.35	11.12	11.15	19284	11.15	2376	新北洋	SZ	11.16	11.16	
14	2014-04-09	10.92	11.23	10.82	11.1	86086	11.1	2377	国创高新	SZ	10.92	10.92	
14	2014-04-09	17.31	17.41	17.2	17.26	8415	17.26	2378	章源钨业	SZ	17.31	17.31	
14	2014-04-09	6.72	6.8	6.7	6.75	54644	6.75	2379	鲁丰股份	SZ	6.73	6.73	
14	2014-04-09	30.2	30.87	30.18	30.69	2244	30.69	2380	科远股份	SZ	30.17	30.17	
14	2014-04-09	12.4	12.74	12.35	12.67	27975	12.49	2381	双箭股份	SZ	12.44	12.26	
14	2014-04-09	14.05	14.73	14.02	14.61	41435	14.61	2382	蓝帆股份	SZ	14.07	14.07	
14	2014-04-09	18.48	18.97	18.4	18.68	15339	18.68	2383	合众思壮	SZ	18.49	18.49	
14	2014-04-09	22.7	23	22.68	22.87	5251	22.87	2384	东山精密	SZ	22.8	22.8	
14	2014-04-09	11.91	12.03	11.85	12.02	115352	12.02	2385	大北农	SZ	11.9	11.9	
14	2014-04-09	8.15	8.19	8.03	8.14	63993	8.14	2386	天原集团	SZ	8.19	8.19	
14	2014-04-09	10.03	10.25	9.96	10.23	37179	10.23	2387	黑牛食品	SZ	10.01	10.01	
14	2014-04-09	10.24	10.27	10.08	10.24	26692	10.24	2388	新亚制程	SZ	10.25	10.25	
14	2014-04-09	7.73	7.87	7.73	7.8	64254	7.8	2389	南洋科技	SZ	7.69	7.69	
14	2014-04-09	45.68	48.91	45.68	48.05	13328	48.05	2390	信邦制药	SZ	45.68	45.68	
14	2014-04-09	15.45	15.99	15.45	15.84	23864	15.84	2391	长青股份	SZ	15.42	15.42	
14	2014-04-09	9.54	9.7	9.23	9.5	227106	9.5	2392	北京利尔	SZ	9.32	9.32	
14	2014-04-09	35.33	35.57	35.13	35.37	8608	35.37	2393	力生制药	SZ	35.33	35.33	
14	2014-04-09	15.2	15.32	15.08	15.15	13376	15.15	2394	联发股份	SZ	15.19	15.19	
14	2014-04-09	9.91	10.11	9.8	10.09	61091	10.09	2395	双象股份	SZ	9.95	9.95	
14	2014-04-09	25.2	26.98	25	26.77	103071	26.77	2396	星网锐捷	SZ	24.98	24.98	
14	2014-04-09	14.29	14.38	14.23	14.37	4875	14.37	2397	梦洁家纺	SZ	14.29	14.29	
14	2014-04-09	13.58	13.75	13.45	13.69	38018	13.69	2398	建研集团	SZ	13.57	13.57	
14	2014-04-09	21.01	21.17	20.87	21.03	19337	21.03	2399	海普瑞	SZ	20.96	20.96	
14	2014-04-09	19.56	19.84	19.16	19.32	169713	19.32	24	招商地产	SZ	19.59	19.59	
14	2014-04-09	34.67	35.85	34.5	34.8	23548	34.8	2400	省广股份	SZ	34.48	34.48	
14	2014-04-09	13.23	13.46	13.18	13.35	13427	13.35	2401	交技发展	SZ	13.23	13.23	
14	2014-04-09	15.61	16.39	15.49	16.22	25602	10.64	2402	和而泰	SZ	15.61	10.24	
14	2014-04-09	10.15	10.31	10.09	10.28	27915	10.28	2403	爱仕达	SZ	10.1	10.1	
14	2014-04-09	8.07	8.18	7.94	8.16	39991	7.96	2404	嘉欣丝绸	SZ	8.06	7.86	
14	2014-04-09	15.43	15.43	15.43	15.43	0	15.39	2405	四维图新	SZ	15.43	15.39	
14	2014-04-09	9.4	9.54	9.38	9.51	21900	9.51	2406	远东传动	SZ	9.4	9.4	
14	2014-04-09	16.3	16.3	16.3	16.3	0	16.3	2407	多氟多	SZ	16.3	16.3	
14	2014-04-09	14.49	14.55	14.29	14.38	69232	14.38	2408	齐翔腾达	SZ	14.44	14.44	
14	2014-04-09	17.7	17.83	17.51	17.65	6040	17.52	2409	雅克科技	SZ	17.59	17.46	
14	2014-04-09	36.4	37.55	36.37	37.12	19484	37.12	2410	广联达	SZ	36.37	36.37	
14	2014-04-09	8.6	8.6	8.6	8.6	0	8.6	2411	九九久	SZ	8.6	8.6	
14	2014-04-09	31.3	32.3	31.11	32.28	2949	32.28	2412	汉森制药	SZ	31.3	31.3	
14	2014-04-09	7.94	8.03	7.9	7.98	18803	7.98	2413	常发股份	SZ	7.94	7.94	
14	2014-04-09	18.05	19.17	18.05	18.85	87548	18.85	2414	高德红外	SZ	18.28	18.28	
14	2014-04-09	19.05	19.29	18.79	19.06	118108	19.06	2415	海康威视	SZ	19.05	19.05	
14	2014-04-09	14.76	15.26	14.73	15.14	70289	15.14	2416	爱施德	SZ	14.82	14.82	
14	2014-04-09	6.82	6.89	6.79	6.85	19258	6.85	2417	三元达	SZ	6.81	6.81	
14	2014-04-09	7.34	7.44	7.26	7.4	30957	7.4	2418	康盛股份	SZ	7.36	7.36	
14	2014-04-09	10.91	10.95	10.68	10.72	23290	10.72	2419	天虹商场	SZ	10.86	10.86	
14	2014-04-09	5.61	5.66	5.6	5.62	14858	5.62	2420	毅昌股份	SZ	5.62	5.62	
14	2014-04-09	23.22	23.51	22.91	23.42	24259	23.42	2421	达实智能	SZ	23.28	23.28	
14	2014-04-09	42.14	42.77	41.73	42	46070	42	2422	科伦药业	SZ	42	42	
14	2014-04-09	8.25	8.36	8.24	8.3	34325	8.3	2423	中原特钢	SZ	8.29	8.29	
14	2014-04-09	24.3	24.3	24.3	24.3	0	24.3	2424	贵州百灵	SZ	24.3	24.3	
14	2014-04-09	9.24	9.24	9.24	9.24	0	9.24	2425	凯撒股份	SZ	9.24	9.24	
14	2014-04-09	37.2	38.36	36.66	37.18	60121	18.5	2426	胜利精密	SZ	36.74	18.28	
14	2014-04-09	7.68	7.88	7.65	7.8	40364	7.8	2427	尤夫股份	SZ	7.79	7.79	
14	2014-04-09	12.72	12.94	12.59	12.64	90187	12.58	2428	云南锗业	SZ	12.73	12.67	
14	2014-04-09	12.3	12.98	12.3	12.46	98321	12.46	2429	兆驰股份	SZ	11.91	11.91	
14	2014-04-09	7.49	7.53	7.44	7.48	27188	7.48	2430	杭氧股份	SZ	7.48	7.48	
14	2014-04-09	17.87	18.08	17.7	17.9	26022	17.9	2431	棕榈园林	SZ	17.88	17.88	
14	2014-04-09	22.52	24.38	22.41	24.38	281338	24.38	2432	九安医疗	SZ	22.16	22.16	
14	2014-04-09	10.31	10.61	10.3	10.52	96768	5.23	2433	太安堂	SZ	10.34	5.13	
14	2014-04-09	10.3	10.49	10.23	10.35	17362	10.22	2434	万里扬	SZ	10.36	10.23	
14	2014-04-09	8.83	8.97	8.72	8.96	21168	8.96	2435	长江润发	SZ	8.9	8.9	
14	2014-04-09	23.78	25.03	23.6	25.01	29711	25.01	2436	兴森科技	SZ	23.8	23.8	
14	2014-04-09	53.94	53.94	53.94	53.94	0	53.94	2437	誉衡药业	SZ	53.94	53.94	
14	2014-04-09	16.05	16.31	16.01	16.28	39975	16.28	2438	江苏神通	SZ	16.25	16.25	
14	2014-04-09	33.06	33.87	33	33.69	11895	33.69	2439	启明星辰	SZ	32.88	32.88	
14	2014-04-09	23.6	24.47	22.81	24.45	192455	24.45	2440	闰土股份	SZ	23.65	23.65	
14	2014-04-09	14.6	14.78	14.57	14.73	14168	14.73	2441	众业达	SZ	14.56	14.56	
14	2014-04-09	4.55	4.7	4.54	4.7	144957	4.7	2442	龙星化工	SZ	4.57	4.57	
14	2014-04-09	7.27	7.32	7.26	7.31	26920	7.31	2443	金洲管道	SZ	7.29	7.29	
14	2014-04-09	10.13	10.38	10.08	10.11	35584	10.11	2444	巨星科技	SZ	10.09	10.09	
14	2014-04-09	12.85	13.95	12.85	13.43	126935	13.43	2445	中南重工	SZ	12.68	12.68	
14	2014-04-09	28.03	28.8	27.36	28.37	25977	28.37	2446	盛路通信	SZ	28.2	28.2	
14	2014-04-09	19.05	19.16	18.94	19.11	12112	19.11	2447	壹桥苗业	SZ	19.05	19.05	
14	2014-04-09	12.45	12.51	12.35	12.44	25095	12.24	2448	中原内配	SZ	12.45	12.25	
14	2014-04-09	10.92	11.22	10.78	10.9	112172	10.81	2449	国星光电	SZ	10.97	10.88	
14	2014-04-09	20.66	20.87	20.44	20.52	74460	20.52	2450	康得新	SZ	20.6	20.6	
14	2014-04-09	21.2	22.26	20.76	21.6	125209	10.8	2451	摩恩电气	SZ	20.24	10.12	
14	2014-04-09	33.9	34.3	33.88	34.2	12210	17.01	2452	长高集团	SZ	33.94	16.88	
14	2014-04-09	23	23.48	22.78	23.4	27885	11.66	2453	天马精化	SZ	22.84	11.38	
14	2014-04-09	15.86	16.16	15.52	16.01	27318	16.01	2454	松芝股份	SZ	16	16	
14	2014-04-09	13.44	13.44	13.44	13.44	0	13.44	2455	百川股份	SZ	13.44	13.44	
14	2014-04-09	22.97	23.58	22.75	22.94	104636	11.39	2456	欧菲光	SZ	22.81	11.32	
14	2014-04-09	9.13	9.27	9.05	9.09	63742	9.09	2457	青龙管业	SZ	9.14	9.14	
14	2014-04-09	8.6	8.7	8.43	8.54	12646	8.54	2458	益生股份	SZ	8.61	8.61	
14	2014-04-09	8.26	8.73	8.26	8.73	70937	8.73	2459	天业通联	SZ	8.31	8.31	
14	2014-04-09	33	33	33	33	0	33	2460	赣锋锂业	SZ	33	33	
14	2014-04-09	13.65	13.77	13.62	13.69	11576	13.69	2461	珠江啤酒	SZ	13.72	13.72	
14	2014-04-09	17.37	17.59	17.26	17.42	13976	17.42	2462	嘉事堂	SZ	17.37	17.37	
14	2014-04-09	3.62	3.66	3.61	3.63	62691	3.63	2463	沪电股份	SZ	3.62	3.62	
14	2014-04-09	16.33	16.33	15.85	16.25	20173	16.25	2464	金利科技	SZ	16.43	16.43	
14	2014-04-09	19.34	19.84	19.25	19.59	100023	19.5	2465	海格通信	SZ	19.36	19.27	
14	2014-04-09	47.5	48.5	47.48	48.1	5837	48.1	2466	天齐锂业	SZ	47.86	47.86	
14	2014-04-09	20	20.68	20	20.49	30953	20.49	2467	二六三	SZ	20	20	
14	2014-04-09	9.35	9.43	9.24	9.4	39703	9.4	2468	艾迪西	SZ	9.35	9.35	
14	2014-04-09	20.15	20.5	19.59	19.72	33195	15.08	2469	三维工程	SZ	19.2	14.68	
14	2014-04-09	20.17	20.39	20	20.1	11487	20.1	2470	金正大	SZ	20.25	20.25	
14	2014-04-09	8.04	8.19	8.02	8.15	24483	8.15	2471	中超电缆	SZ	8.04	8.04	
14	2014-04-09	8.91	8.95	8.83	8.89	15354	8.89	2472	双环传动	SZ	8.91	8.91	
14	2014-04-09	25.96	26.48	25.96	26.3	3569	26.13	2473	圣莱达	SZ	25.98	25.81	
14	2014-04-09	14.72	14.96	14.5	14.64	82160	14.64	2474	榕基软件	SZ	14.7	14.7	
14	2014-04-09	37.1	38.5	37.1	37.85	22648	37.85	2475	立讯精密	SZ	37.28	37.28	
14	2014-04-09	8.87	8.92	8.8	8.89	75555	8.89	2476	宝莫股份	SZ	8.82	8.82	
14	2014-04-09	8.61	8.68	8.56	8.66	36220	8.66	2477	雏鹰农牧	SZ	8.63	8.63	
14	2014-04-09	9.56	9.71	9.54	9.66	15113	9.66	2478	常宝股份	SZ	9.56	9.56	
14	2014-04-09	7.79	7.82	7.75	7.81	20704	7.81	2479	富春环保	SZ	7.78	7.78	
14	2014-04-09	13.89	13.96	13.82	13.92	10736	13.92	2480	新筑股份	SZ	13.89	13.89	
14	2014-04-09	14.26	14.39	13.88	14.04	32394	14.04	2481	双塔食品	SZ	14.26	14.26	
14	2014-04-09	16.09	16.25	15.84	15.95	28058	15.95	2482	广田股份	SZ	16.03	16.03	
14	2014-04-09	11.65	11.76	11.55	11.65	11037	11.52	2483	润邦股份	SZ	11.65	11.52	
14	2014-04-09	23.02	24.17	23.02	23.88	14426	23.88	2484	江海股份	SZ	23.12	23.12	
14	2014-04-09	6.87	6.94	6.86	6.94	16642	6.94	2485	希努尔	SZ	6.88	6.88	
14	2014-04-09	8.67	8.83	8.59	8.79	255599	4.34	2486	嘉麟杰	SZ	8.65	4.27	
14	2014-04-09	7.08	7.08	6.92	7.01	40458	7	2487	大金重工	SZ	7.04	7.03	
14	2014-04-09	13.92	13.92	13.21	13.33	85178	13.33	2488	金固股份	SZ	13.1	13.1	
14	2014-04-09	12.58	12.8	12.49	12.7	61918	12.7	2489	浙江永强	SZ	12.59	12.59	
14	2014-04-09	7.57	7.71	7.57	7.7	61370	7.7	2490	山东墨龙	SZ	7.57	7.57	
14	2014-04-09	16	16	16	16	0	16	2491	通鼎光电	SZ	16	16	
14	2014-04-09	7.69	7.69	7.69	7.69	0	7.69	2492	恒基达鑫	SZ	7.69	7.69	
14	2014-04-09	24.41	24.41	24.41	24.41	0	24.41	2493	荣盛石化	SZ	24.41	24.41	
14	2014-04-09	16.71	16.9	16.62	16.68	10171	16.68	2494	华斯股份	SZ	16.66	16.66	
14	2014-04-09	9.62	10.1	9.6	9.82	35463	9.82	2495	佳隆股份	SZ	9.71	9.71	
14	2014-04-09	22.48	22.52	22.09	22.33	18130	17.05	2496	辉丰股份	SZ	22.48	17.16	
14	2014-04-09	10.49	10.55	10.42	10.46	32039	10.46	2497	雅化集团	SZ	10.5	10.5	
14	2014-04-09	7.92	8.08	7.9	7.92	34417	7.92	2498	汉缆股份	SZ	7.94	7.94	
14	2014-04-09	24.98	25.46	24.78	25.26	10630	25.26	2499	科林环保	SZ	24.98	24.98	
14	2014-04-09	10.37	10.37	10.37	10.37	0	10.37	25	特 力Ａ	SZ	10.37	10.37	
14	2014-04-09	6.68	6.73	6.64	6.68	100842	6.68	2500	山西证券	SZ	6.71	6.71	
14	2014-04-09	14.55	14.85	14.36	14.39	83598	14.39	2501	利源铝业	SZ	14.36	14.36	
14	2014-04-09	22	22.9	22	22.71	26993	22.71	2502	骅威股份	SZ	22	22	
14	2014-04-09	11.47	11.67	11.36	11.6	49033	11.6	2503	搜于特	SZ	11.47	11.47	
14	2014-04-09	11.38	11.9	11.25	11.71	150565	11.71	2504	东光微电	SZ	11.41	11.41	
14	2014-04-09	16.3	17.1	16.28	16.81	44018	16.81	2505	大康牧业	SZ	16.34	16.34	
14	2014-04-09	2.34	2.34	2.34	2.34	15976	2.34	2506	超日太阳	SZ	2.46	2.46	
14	2014-04-09	32.99	33.67	32.7	32.93	5883	32.93	2507	涪陵榨菜	SZ	32.97	32.97	
14	2014-04-09	35.2	35.87	35	35.62	7698	35.62	2508	老板电器	SZ	35.11	35.11	
14	2014-04-09	10.02	10.12	9.97	10	26948	9.95	2509	天广消防	SZ	10.07	10.02	
14	2014-04-09	29.7	29.92	29.12	29.44	69056	14.56	2510	天汽模	SZ	29.76	14.72	
14	2014-04-09	11.08	11.13	11.02	11.08	15508	11.08	2511	中顺洁柔	SZ	11.06	11.06	
14	2014-04-09	14.85	15.12	14.73	15.03	34589	15.03	2512	达华智能	SZ	14.79	14.79	
14	2014-04-09	9.92	10.06	9.92	10.03	8395	10.03	2513	蓝丰生化	SZ	9.98	9.98	
14	2014-04-09	41	41.6	40.18	40.7	18831	20.19	2514	宝馨科技	SZ	40.14	19.91	
14	2014-04-09	14.81	14.81	14.81	14.81	0	14.81	2515	金字火腿	SZ	14.81	14.81	
14	2014-04-09	11.9	12.01	11.81	11.96	17218	11.96	2516	江苏旷达	SZ	11.86	11.86	
14	2014-04-09	7.17	7.17	7.17	7.17	0	7.17	2517	泰亚股份	SZ	7.17	7.17	
14	2014-04-09	25.69	26.5	25.58	25.7	23190	18.29	2518	科士达	SZ	25.69	18.29	
14	2014-04-09	18.35	19.12	18.24	18.86	36937	18.86	2519	银河电子	SZ	18.35	18.35	
14	2014-04-09	26.44	26.44	26.44	26.44	0	26.44	2520	日发数码	SZ	26.44	26.44	
14	2014-04-09	9	9.03	8.85	8.89	69221	8.89	2521	齐峰股份	SZ	9	9	
14	2014-04-09	12.92	12.97	12.85	12.91	16512	12.91	2522	浙江众成	SZ	12.9	12.9	
14	2014-04-09	5.49	5.64	5.42	5.62	48128	5.62	2523	天桥起重	SZ	5.49	5.49	
14	2014-04-09	6.36	6.36	6.36	6.36	0	6.36	2524	光正钢构	SZ	6.36	6.36	
14	2014-04-09	5.99	6.03	5.93	6.01	83437	6.01	2526	山东矿机	SZ	5.98	5.98	
14	2014-04-09	17.8	18.48	17.72	18.17	64290	18.17	2527	新时达	SZ	17.8	17.8	
14	2014-04-09	14.9	15.29	14.9	15.24	33298	15.24	2528	英飞拓	SZ	14.9	14.9	
14	2014-04-09	11.62	11.78	11.54	11.73	20966	11.73	2529	海源机械	SZ	11.69	11.69	
14	2014-04-09	6.21	6.25	6.17	6.24	11708	6.19	2530	丰东股份	SZ	6.2	6.15	
14	2014-04-09	13.28	13.56	13.08	13.35	69438	13.35	2531	天顺风能	SZ	13.24	13.24	
14	2014-04-09	21.39	21.8	21.39	21.72	19832	21.72	2532	新界泵业	SZ	21.56	21.56	
14	2014-04-09	8.12	8.25	8.04	8.2	79432	8.07	2533	金杯电工	SZ	8.21	8.08	
14	2014-04-09	12.16	12.37	12.16	12.26	14839	12.11	2534	杭锅股份	SZ	11.98	11.83	
14	2014-04-09	8.75	9.09	8.64	8.98	74367	8.98	2535	林州重机	SZ	8.7	8.7	
14	2014-04-09	18.93	19.15	18.79	19.09	5068	19.09	2536	西泵股份	SZ	18.82	18.82	
14	2014-04-09	14.35	14.53	14.26	14.53	5248	14.53	2537	海立美达	SZ	14.26	14.26	
14	2014-04-09	9.2	9.26	9.16	9.24	17011	9.15	2538	司尔特	SZ	9.2	9.11	
14	2014-04-09	9.98	10.05	9.84	10.01	39292	9.83	2539	新都化工	SZ	9.97	9.79	
14	2014-04-09	11.4	11.44	11.22	11.39	50895	11.19	2540	亚太科技	SZ	11.36	11.16	
14	2014-04-09	10.58	10.62	10.54	10.6	8081	10.6	2541	鸿路钢构	SZ	10.55	10.55	
14	2014-04-09	31.74	33.18	31.62	32.4	47812	16.11	2542	中化岩土	SZ	31.74	15.78	
14	2014-04-09	12.15	12.19	12.09	12.19	7537	12.19	2543	万和电气	SZ	12.15	12.15	
14	2014-04-09	12.25	12.46	12.22	12.35	31687	12.35	2544	杰赛科技	SZ	12.22	12.22	
14	2014-04-09	15.05	15.05	14.68	14.84	17493	14.84	2545	东方铁塔	SZ	15.17	15.17	
14	2014-04-09	17.68	17.69	17.45	17.62	17607	17.24	2546	新联电子	SZ	17.68	17.29	
14	2014-04-09	11.97	11.99	11.81	11.96	20295	11.96	2547	春兴精工	SZ	11.95	11.95	
14	2014-04-09	12.87	13.08	12.65	12.8	10545	12.8	2548	金新农	SZ	12.66	12.66	
14	2014-04-09	21.94	22.89	21.94	22.29	22301	22.29	2549	凯美特气	SZ	21.99	21.99	
14	2014-04-09	17.65	18.1	17.58	18.1	35251	8.83	2550	千红制药	SZ	17.65	8.61	
14	2014-04-09	35.83	37.2	35.66	36.8	16907	36.8	2551	尚荣医疗	SZ	36	36	
14	2014-04-09	12.95	13.12	12.8	12.98	16239	12.98	2552	宝鼎重工	SZ	13.08	13.08	
14	2014-04-09	11.26	11.34	11.09	11.28	36568	11.28	2553	南方轴承	SZ	11.26	11.26	
14	2014-04-09	11.7	11.76	11.65	11.75	28834	11.75	2554	惠博普	SZ	11.7	11.7	
14	2014-04-09	30.57	32.26	30.5	32.12	45591	31.95	2555	顺荣股份	SZ	30.78	30.62	
14	2014-04-09	9.8	10.52	9.63	10.21	311943	10.21	2556	辉隆股份	SZ	9.56	9.56	
14	2014-04-09	19.35	19.48	19.26	19.44	8630	19.44	2557	洽洽食品	SZ	19.35	19.35	
14	2014-04-09	25.55	26.06	25.46	25.87	3664	25.87	2558	世纪游轮	SZ	25.55	25.55	
14	2014-04-09	14.78	15.26	14.68	15.2	16729	15.2	2559	亚威股份	SZ	14.73	14.73	
14	2014-04-09	15.9	16.1	15.8	16.1	6193	16.1	2560	通达股份	SZ	15.88	15.88	
14	2014-04-09	11.08	11.18	11.02	11.13	39659	10.77	2561	徐家汇	SZ	11.08	10.73	
14	2014-04-09	20.2	20.49	20.1	20.37	29543	20.37	2565	上海绿新	SZ	20.2	20.2	
14	2014-04-09	18.77	18.77	18.77	18.77	0	18.77	2566	益盛药业	SZ	18.77	18.77	
14	2014-04-09	7.12	7.19	7.08	7.17	26949	7.17	26	飞亚达Ａ	SZ	7.11	7.11	
14	2014-04-09	5.78	5.78	5.72	5.74	103298	5.74	27	深圳能源	SZ	5.78	5.78	
14	2014-04-09	46.75	46.75	45.62	45.89	5398	45.89	28	一致药业	SZ	46.75	46.75	
14	2014-04-09	4.71	4.75	4.52	4.56	219499	4.56	29	深深房Ａ	SZ	4.74	4.74	
14	2014-04-09	7.1	7.19	7.01	7.12	70644	7.12	30	*ST盛润A	SZ	7.12	7.12	
14	2014-04-09	24.44	25.27	24.24	24.9	16262	24.9	300001	特锐德	SZ	24.33	24.33	
14	2014-04-09	12.4	12.82	12.4	12.53	139047	6.16	300002	神州泰岳	SZ	12.37	6.08	
14	2014-04-09	21.58	21.58	21.58	21.58	0	21.58	300003	乐普医疗	SZ	21.58	21.58	
14	2014-04-09	42.5	43.55	42.3	43.2	4898	43.2	300004	南风股份	SZ	42.53	42.53	
14	2014-04-09	18.4	19.58	18.4	19.5	55281	19.5	300005	探路者	SZ	18.46	18.46	
14	2014-04-09	28.88	29.31	28.52	28.9	6628	28.9	300006	莱美药业	SZ	28.89	28.89	
14	2014-04-09	17.01	17.01	17.01	17.01	0	17.01	300007	汉威电子	SZ	17.01	17.01	
14	2014-04-09	11.9	12.14	11.84	12.03	48599	11.99	300008	上海佳豪	SZ	11.84	11.8	
14	2014-04-09	16.02	16.02	16.02	16.02	0	16.02	300009	安科生物	SZ	16.02	16.02	
14	2014-04-09	20.62	22.85	20.42	22.85	106636	22.85	300010	立思辰	SZ	20.77	20.77	
14	2014-04-09	16.3	16.96	16.3	16.95	61475	9.39	300011	鼎汉技术	SZ	16.34	9.05	
14	2014-04-09	18.8	19.45	18.79	19.32	20533	19.32	300012	华测检测	SZ	18.78	18.78	
14	2014-04-09	15.6	15.79	15.48	15.63	3266	15.63	300013	新宁物流	SZ	15.53	15.53	
14	2014-04-09	16.25	17.25	16.2	17.14	190517	17.14	300014	亿纬锂能	SZ	16.28	16.28	
14	2014-04-09	36.2	38	36.2	37.92	36651	37.92	300015	爱尔眼科	SZ	35.8	35.8	
14	2014-04-09	9.92	10.18	9.85	10.05	48644	10.05	300016	北陆药业	SZ	9.91	9.91	
14	2014-04-09	104.18	108.2	103	104.66	29879	104.66	300017	网宿科技	SZ	103.6	103.6	
14	2014-04-09	8.13	8.24	8.12	8.17	16486	8.17	300018	中元华电	SZ	8.12	8.12	
14	2014-04-09	11.77	11.96	11.72	11.92	9949	11.92	300019	硅宝科技	SZ	11.75	11.75	
14	2014-04-09	31.15	32.58	30.96	31.45	41068	31.45	300020	银江股份	SZ	30.08	30.08	
14	2014-04-09	11.1	11.47	11.1	11.28	29586	11.28	300021	大禹节水	SZ	11.16	11.16	
14	2014-04-09	6.44	6.57	6.44	6.52	67622	6.52	300022	吉峰农机	SZ	6.46	6.46	
14	2014-04-09	11.88	12.08	11.8	12.02	8568	12.02	300023	宝德股份	SZ	11.84	11.84	
14	2014-04-09	49.75	51.29	49.63	51	39065	51	300024	机器人	SZ	49.53	49.53	
14	2014-04-09	15.4	16.97	15.15	16.33	188703	16.33	300025	华星创业	SZ	15.43	15.43	
14	2014-04-09	36	37.93	36	37.83	25571	37.83	300026	红日药业	SZ	35.83	35.83	
14	2014-04-09	24.15	24.79	24.15	24.43	233746	24.33	300027	华谊兄弟	SZ	24.01	23.91	
14	2014-04-09	13.81	14.68	13.72	14.55	132232	14.55	300028	金亚科技	SZ	13.99	13.99	
14	2014-04-09	9.92	9.92	9.92	9.92	0	9.92	300029	天龙光电	SZ	9.92	9.92	
14	2014-04-09	52.16	56	52	56	61671	27.95	300030	阳普医疗	SZ	51.86	25.88	
14	2014-04-09	14.22	14.45	14.19	14.38	31336	14.38	300031	宝通带业	SZ	14.2	14.2	
14	2014-04-09	15.32	15.95	15.2	15.57	63956	15.57	300032	金龙机电	SZ	15.4	15.4	
14	2014-04-09	22.3	22.76	22.3	22.64	17823	22.64	300033	同花顺	SZ	22.32	22.32	
14	2014-04-09	21.43	21.7	21.25	21.59	23370	21.59	300034	钢研高纳	SZ	21.38	21.38	
14	2014-04-09	10.61	10.83	10.61	10.74	23750	10.74	300035	中科电气	SZ	10.6	10.6	
14	2014-04-09	17.34	18.34	17.32	17.91	52793	17.91	300036	超图软件	SZ	17.31	17.31	
14	2014-04-09	30.25	31.28	30.25	30.74	27545	30.74	300037	新宙邦	SZ	30.4	30.4	
14	2014-04-09	17.95	18.18	17.58	17.78	27898	17.78	300038	梅泰诺	SZ	17.78	17.78	
14	2014-04-09	13.48	13.84	13.33	13.73	154249	13.73	300039	上海凯宝	SZ	13.68	13.68	
14	2014-04-09	6.58	6.66	6.57	6.63	27015	6.63	300040	九洲电气	SZ	6.57	6.57	
14	2014-04-09	14.17	14.29	14.05	14.16	9135	14.16	300041	回天胶业	SZ	14.09	14.09	
14	2014-04-09	12.22	12.7	12.22	12.66	14748	12.66	300042	朗科科技	SZ	12.31	12.31	
14	2014-04-09	34.61	35.69	34.61	34.61	93505	17.31	300043	星辉车模	SZ	38.46	19.23	
14	2014-04-09	12.45	12.97	12.45	12.93	101750	12.93	300044	赛为智能	SZ	12.52	12.52	
14	2014-04-09	19.91	20.71	19.8	20.66	39455	20.66	300045	华力创通	SZ	19.86	19.86	
14	2014-04-09	11.91	12.39	11.91	12.32	31537	11.96	300046	台基股份	SZ	11.95	11.6	
14	2014-04-09	12.01	12.63	11.94	12.5	194057	12.46	300047	天源迪科	SZ	12.11	12.08	
14	2014-04-09	9.04	9.2	9.02	9.08	15736	9.08	300048	合康变频	SZ	9.04	9.04	
14	2014-04-09	26.6	27	26.17	26.45	31640	26.45	300049	福瑞股份	SZ	26.54	26.54	
14	2014-04-09	14.33	14.45	14.18	14.33	15794	14.33	300050	世纪鼎利	SZ	14.19	14.19	
14	2014-04-09	9.61	9.83	9.57	9.8	61280	9.8	300051	三五互联	SZ	9.62	9.62	
14	2014-04-09	29.52	29.52	29.52	29.52	0	29.5	300052	中青宝	SZ	29.52	29.5	
14	2014-04-09	11.37	11.59	11.32	11.53	28988	11.53	300053	欧比特	SZ	11.32	11.32	
14	2014-04-09	11.2	11.44	11.16	11.25	46854	11.25	300054	鼎龙股份	SZ	11.17	11.17	
14	2014-04-09	34.07	34.07	34.07	34.07	0	34.07	300055	万邦达	SZ	34.07	34.07	
14	2014-04-09	25.4	26.18	25.33	25.89	39792	25.89	300056	三维丝	SZ	25.68	25.68	
14	2014-04-09	11.89	12.15	11.83	11.93	22553	11.93	300057	万顺股份	SZ	11.95	11.95	
14	2014-04-09	50.3	52.4	50.02	50.99	23755	50.99	300058	蓝色光标	SZ	50.3	50.3	
14	2014-04-09	18.99	19.63	18.8	19.32	174130	19.32	300059	东方财富	SZ	18.8	18.8	
14	2014-04-09	12.77	13.21	12.77	13.14	21830	13.14	300061	康耐特	SZ	12.8	12.8	
14	2014-04-09	10.07	10.1	9.97	10.07	10082	10.07	300062	中能电气	SZ	9.94	9.94	
14	2014-04-09	13.55	13.75	13.54	13.75	9912	13.75	300063	天龙集团	SZ	13.63	13.63	
14	2014-04-09	4.92	5.01	4.91	4.99	38614	4.99	300064	豫金刚石	SZ	4.93	4.93	
14	2014-04-09	19.48	20.28	19.36	19.9	22990	19.9	300065	海兰信	SZ	19.48	19.48	
14	2014-04-09	18.11	18.69	18.11	18.44	10189	18.44	300066	三川股份	SZ	18.03	18.03	
14	2014-04-09	16.63	18.38	16.55	18.09	126963	18.09	300067	安诺其	SZ	16.71	16.71	
14	2014-04-09	8.95	9.17	8.95	9.1	90935	9.1	300068	南都电源	SZ	8.93	8.93	
14	2014-04-09	15.17	15.31	14.85	15.28	7600	15.28	300069	金利华电	SZ	14.94	14.94	
14	2014-04-09	34.78	35.42	34.3	34.53	61074	34.53	300070	碧水源	SZ	34.92	34.92	
14	2014-04-09	58	58	58	58	0	28.95	300071	华谊嘉信	SZ	58	28.95	
14	2014-04-09	18.68	19.17	18.68	18.85	46630	18.85	300072	三聚环保	SZ	18.51	18.51	
14	2014-04-09	14.51	14.63	14.27	14.49	52233	14.49	300073	当升科技	SZ	14.36	14.36	
14	2014-04-09	15.74	16.34	15.68	16.09	94655	16.09	300074	华平股份	SZ	15.75	15.75	
14	2014-04-09	43.7	44.47	43.5	44.3	5295	44.3	300075	数字政通	SZ	42.9	42.9	
14	2014-04-09	21.2	23.16	21.11	23.16	63400	23.16	300076	宁波GQY	SZ	21.05	21.05	
14	2014-04-09	23.9	24.81	23.69	24.61	61839	24.61	300077	国民技术	SZ	24.1	24.1	
14	2014-04-09	22.88	23.43	22.88	23.2	8409	23.2	300078	中瑞思创	SZ	22.91	22.91	
14	2014-04-09	24.7	24.7	23.61	24.05	159218	24.05	300079	数码视讯	SZ	22.65	22.65	
14	2014-04-09	8.12	8.25	8.09	8.2	48216	8.2	300080	新大新材	SZ	8.1	8.1	
14	2014-04-09	11.56	11.77	11.48	11.64	17275	11.64	300081	恒信移动	SZ	11.48	11.48	
14	2014-04-09	11.06	11.18	11.05	11.14	12866	11.14	300082	奥克股份	SZ	11.01	11.01	
14	2014-04-09	17.95	18.37	17.8	18.17	27742	18.17	300083	劲胜股份	SZ	17.96	17.96	
14	2014-04-09	20.79	20.79	20.79	20.79	0	20.79	300084	海默科技	SZ	20.79	20.79	
14	2014-04-09	59.08	59.08	59.08	59.08	0	29.5	300085	银之杰	SZ	59.08	29.5	
14	2014-04-09	16.23	16.48	16.1	16.4	16311	16.4	300086	康芝药业	SZ	16.31	16.31	
14	2014-04-09	12.22	12.3	12.1	12.23	16877	12.23	300087	荃银高科	SZ	12.2	12.2	
14	2014-04-09	19.59	19.59	19.59	19.59	0	19.59	300088	长信科技	SZ	19.59	19.59	
14	2014-04-09	13.02	13.02	13.02	13.02	0	13.02	300089	长城集团	SZ	13.02	13.02	
14	2014-04-09	27	27.47	26.52	27.2	53877	27.2	300090	盛运股份	SZ	26.11	26.11	
14	2014-04-09	17.76	17.88	17.38	17.7	9127	17.7	300091	金通灵	SZ	17.83	17.83	
14	2014-04-09	11.32	11.46	11.29	11.43	6218	11.43	300092	科新机电	SZ	11.32	11.32	
14	2014-04-09	7.55	7.55	7.55	7.55	0	7.55	300093	金刚玻璃	SZ	7.55	7.55	
14	2014-04-09	9.13	9.63	9.13	9.53	47801	9.53	300094	国联水产	SZ	9.13	9.13	
14	2014-04-09	15.18	15.7	15.15	15.62	30938	15.62	300095	华伍股份	SZ	15.13	15.13	
14	2014-04-09	18.46	18.75	18.32	18.66	44694	18.66	300096	易联众	SZ	18.29	18.29	
14	2014-04-09	19.18	19.95	19.11	19.74	76814	19.74	300097	智云股份	SZ	19.17	19.17	
14	2014-04-09	16.44	16.59	16.2	16.34	16702	16.34	300098	高新兴	SZ	16.35	16.35	
14	2014-04-09	11.33	11.85	11.33	11.75	22794	11.75	300099	尤洛卡	SZ	11.33	11.33	
14	2014-04-09	7.42	7.53	7.41	7.48	13460	7.48	300100	双林股份	SZ	7.42	7.42	
14	2014-04-09	20.76	21.38	20.5	21.38	31857	21.38	300101	国腾电子	SZ	20.57	20.57	
14	2014-04-09	13.14	13.14	13.14	13.14	0	13.14	300102	乾照光电	SZ	13.14	13.14	
14	2014-04-09	12.33	12.72	12.33	12.71	40704	12.71	300103	达刚路机	SZ	12.42	12.42	
14	2014-04-09	38	39.4	38	38.9	103679	38.9	300104	乐视网	SZ	37.56	37.56	
14	2014-04-09	20.98	21.39	20.88	21.01	29318	21.01	300105	龙源技术	SZ	20.98	20.98	
14	2014-04-09	15.45	15.73	15.3	15.48	10641	15.48	300106	西部牧业	SZ	15.32	15.32	
14	2014-04-09	35.36	36.56	35.08	36.24	17243	18.12	300107	建新股份	SZ	35.46	17.73	
14	2014-04-09	13.14	13.97	13.08	13.65	72623	13.56	300108	双龙股份	SZ	13.13	13.04	
14	2014-04-09	12.53	12.79	12.53	12.7	6549	12.7	300109	新开源	SZ	12.5	12.5	
14	2014-04-09	11.09	11.47	11.08	11.29	36849	11.29	300110	华仁药业	SZ	11.14	11.14	
14	2014-04-09	3.97	4	3.96	3.99	147591	3.99	300111	向日葵	SZ	3.97	3.97	
14	2014-04-09	12.8	13.31	12.75	13.01	75754	13.01	300112	万讯自控	SZ	12.88	12.88	
14	2014-04-09	49.17	50.98	49.17	50.08	11872	50.08	300113	顺网科技	SZ	49.07	49.07	
14	2014-04-09	16.79	17.32	16.62	17.3	39923	17.3	300114	中航电测	SZ	16.86	16.86	
14	2014-04-09	34.48	34.8	34.03	34.68	13766	34.68	300115	长盈精密	SZ	34.5	34.5	
14	2014-04-09	8.27	8.45	8.24	8.41	46634	8.41	300116	坚瑞消防	SZ	8.25	8.25	
14	2014-04-09	8.68	8.77	8.6	8.69	42660	8.69	300117	嘉寓股份	SZ	8.63	8.63	
14	2014-04-09	9.13	9.57	9.04	9.33	159512	9.33	300118	东方日升	SZ	9.14	9.14	
14	2014-04-09	42.56	43.66	42.56	43.58	16023	21.67	300119	瑞普生物	SZ	42.54	21.16	
14	2014-04-09	8.2	8.26	8.12	8.23	9957	8.23	300120	经纬电材	SZ	8.14	8.14	
14	2014-04-09	12.86	13.3	12.8	13.15	28626	13.15	300121	阳谷华泰	SZ	12.94	12.94	
14	2014-04-09	55.1	55.2	53.18	53.48	9081	53.48	300122	智飞生物	SZ	55.31	55.31	
14	2014-04-09	16.22	16.77	16.2	16.66	18707	16.66	300123	太阳鸟	SZ	16.22	16.22	
14	2014-04-09	71.01	72.88	70.2	70.93	17910	70.93	300124	汇川技术	SZ	71	71	
14	2014-04-09	14.27	14.46	14.27	14.4	11460	14.4	300125	易世达	SZ	14.27	14.27	
14	2014-04-09	15.16	15.16	15.16	15.16	0	15.16	300126	锐奇股份	SZ	15.16	15.16	
14	2014-04-09	47.86	51.92	47.82	51.92	31492	25.7	300127	银河磁体	SZ	47.2	23.37	
14	2014-04-09	11.06	11.22	11.02	11.1	30252	11.1	300128	锦富新材	SZ	11.11	11.11	
14	2014-04-09	16.5	16.7	15.15	15.3	176700	15.3	300129	泰胜风能	SZ	16.59	16.59	
14	2014-04-09	30.55	34.09	30.37	34.09	66408	34.09	300130	新国都	SZ	30.99	30.99	
14	2014-04-09	11.2	11.46	11.05	11.45	78905	11.45	300131	英唐智控	SZ	11.28	11.28	
14	2014-04-09	12.1	12.6	12.05	12.58	9559	12.58	300132	青松股份	SZ	12.1	12.1	
14	2014-04-09	25.6	26.57	25.6	25.84	88666	25.84	300133	华策影视	SZ	25.71	25.71	
14	2014-04-09	23.94	25.98	23.4	25.77	104527	25.77	300134	大富科技	SZ	23.9	23.9	
14	2014-04-09	6.98	7.14	6.95	7.05	177809	7.05	300135	宝利沥青	SZ	7.11	7.11	
14	2014-04-09	21.85	21.85	21.38	21.64	13544	21.64	300136	信维通信	SZ	21.36	21.36	
14	2014-04-09	20.38	20.84	20.35	20.56	42349	20.56	300137	先河环保	SZ	20.48	20.48	
14	2014-04-09	8.96	9.06	8.91	8.99	14338	8.99	300138	晨光生物	SZ	8.97	8.97	
14	2014-04-09	22.86	23.16	22.75	22.93	7732	22.93	300139	福星晓程	SZ	22.86	22.86	
14	2014-04-09	16.64	17.17	16.64	17	18701	17	300140	启源装备	SZ	16.63	16.63	
14	2014-04-09	10.09	10.17	10.01	10.15	10009	10.06	300141	和顺电气	SZ	10.06	9.97	
14	2014-04-09	45.99	47.1	45.7	46.12	5263	46.12	300142	沃森生物	SZ	46.15	46.15	
14	2014-04-09	9.8	9.8	9.8	9.8	0	9.8	300143	星河生物	SZ	9.8	9.8	
14	2014-04-09	24.59	24.8	24.3	24.49	14367	24.49	300144	宋城股份	SZ	24.33	24.33	
14	2014-04-09	35.27	36.1	35.13	35.64	5838	35.64	300145	南方泵业	SZ	35.13	35.13	
14	2014-04-09	32.39	32.98	32.18	32.72	23047	32.72	300146	汤臣倍健	SZ	32.55	32.55	
14	2014-04-09	24.94	25.47	24.89	25.26	19804	25.26	300147	香雪制药	SZ	24.79	24.79	
14	2014-04-09	28	29.3	28	28.65	56392	19.06	300148	天舟文化	SZ	27.9	18.56	
14	2014-04-09	10.63	10.9	10.63	10.8	31936	10.8	300149	量子高科	SZ	10.66	10.66	
14	2014-04-09	11.73	12.47	11.61	12.05	69209	12.05	300150	世纪瑞尔	SZ	11.55	11.55	
14	2014-04-09	17.18	17.75	17.18	17.75	5657	17.75	300151	昌红科技	SZ	17.2	17.2	
14	2014-04-09	10.85	11.04	10.81	11	59642	11	300152	燃控科技	SZ	10.88	10.88	
14	2014-04-09	10.17	10.3	10.16	10.28	5554	10.28	300153	科泰电源	SZ	10.17	10.17	
14	2014-04-09	11.62	11.88	11.62	11.84	19717	11.84	300154	瑞凌股份	SZ	11.64	11.64	
14	2014-04-09	22.25	22.69	22.11	22.52	28178	22.52	300155	安居宝	SZ	22.27	22.27	
14	2014-04-09	11.15	11.15	11.15	11.15	0	11.15	300156	天立环保	SZ	11.15	11.15	
14	2014-04-09	19.09	19.83	19.09	19.78	49480	19.78	300157	恒泰艾普	SZ	19.07	19.07	
14	2014-04-09	14.14	14.35	13.9	14.16	17872	14.16	300158	振东制药	SZ	13.9	13.9	
14	2014-04-09	33.62	34.16	33.54	34	19491	16.65	300159	新研股份	SZ	33.5	16.4	
14	2014-04-09	8.78	8.89	8.74	8.76	13291	8.76	300160	秀强股份	SZ	8.78	8.78	
14	2014-04-09	17.71	18.01	17.68	17.9	9837	17.9	300161	华中数控	SZ	17.79	17.79	
14	2014-04-09	14.8	15.2	14.63	15.09	22253	14.99	300162	雷曼光电	SZ	14.8	14.7	
14	2014-04-09	17.49	17.49	17.49	17.49	0	17.49	300163	先锋新材	SZ	17.49	17.49	
14	2014-04-09	21.07	21.87	21.01	21.7	12980	21.7	300164	通源石油	SZ	20.95	20.95	
14	2014-04-09	22.2	23	22.16	22.95	20350	22.95	300165	天瑞仪器	SZ	22.17	22.17	
14	2014-04-09	35.8	35.8	35.8	35.8	0	35.8	300166	东方国信	SZ	35.8	35.8	
14	2014-04-09	21.8	22	21.61	21.96	9675	21.96	300167	迪威视讯	SZ	21.56	21.56	
14	2014-04-09	39.19	39.19	39.19	39.19	0	39.19	300168	万达信息	SZ	39.19	39.19	
14	2014-04-09	7.67	7.84	7.6	7.73	18003	7.73	300169	天晟新材	SZ	7.58	7.58	
14	2014-04-09	19.8	21.2	19.8	20.5	45238	20.5	300170	汉得信息	SZ	19.72	19.72	
14	2014-04-09	31.3	32.56	31.3	32.49	18156	32.49	300171	东富龙	SZ	31.15	31.15	
14	2014-04-09	22.09	22.45	21.95	22.04	21410	16.85	300172	中电环保	SZ	21.89	16.74	
14	2014-04-09	10.38	11.08	10.28	10.81	17229	10.81	300173	松德股份	SZ	10.28	10.28	
14	2014-04-09	10.65	10.88	10.65	10.8	12931	10.76	300174	元力股份	SZ	10.56	10.52	
14	2014-04-09	4.01	4.07	4	4.06	43991	4.06	300175	朗源股份	SZ	4.01	4.01	
14	2014-04-09	11.96	12.16	11.95	12.08	16303	12.08	300176	鸿特精密	SZ	11.96	11.96	
14	2014-04-09	29.48	30	29.27	30	18416	30	300177	中海达	SZ	29.13	29.13	
14	2014-04-09	33.55	33.77	32.56	32.98	23418	32.98	300178	腾邦国际	SZ	32.74	32.74	
14	2014-04-09	7.76	7.88	7.76	7.88	20258	7.88	300179	四方达	SZ	7.76	7.76	
14	2014-04-09	14.95	15.78	14.95	15.55	27084	15.55	300180	华峰超纤	SZ	14.99	14.99	
14	2014-04-09	10.78	11.9	10.78	11.9	210234	11.9	300181	佐力药业	SZ	10.82	10.82	
14	2014-04-09	40.98	41.48	40.26	40.82	5298	40.82	300182	捷成股份	SZ	40.6	40.6	
14	2014-04-09	39.35	39.69	38.8	39.29	11340	39.29	300183	东软载波	SZ	39.3	39.3	
14	2014-04-09	34.76	37.43	34.19	36.9	102363	24.6	300184	力源信息	SZ	34.36	22.91	
14	2014-04-09	4.26	4.32	4.26	4.32	72156	4.32	300185	通裕重工	SZ	4.26	4.26	
14	2014-04-09	8.03	8.2	7.98	8.2	68528	8.2	300186	大华农	SZ	8.17	8.17	
14	2014-04-09	24.25	25.3	23.96	25.14	35051	25.14	300187	永清环保	SZ	23.95	23.95	
14	2014-04-09	3.39	3.41	3.36	3.38	73917	3.38	301	东方市场	SZ	3.4	3.4	
14	2014-04-09	3.56	3.6	3.51	3.53	78892	3.53	31	中粮地产	SZ	3.56	3.56	
14	2014-04-09	9.8	10.38	9.7	10.08	120084	10.08	32	深桑达Ａ	SZ	9.8	9.8	
14	2014-04-09	5.05	5.19	5.01	5.04	459606	5.04	33	新都酒店	SZ	5.57	5.57	
14	2014-04-09	17.32	17.54	17.25	17.43	106367	17.43	338	潍柴动力	SZ	17.25	17.25	
14	2014-04-09	4.69	4.75	4.68	4.75	35018	4.75	34	ST深泰	SZ	4.72	4.72	
14	2014-04-09	11.26	11.46	11.25	11.41	24034	11.41	35	*ST科健	SZ	11.34	11.34	
14	2014-04-09	2.95	2.95	2.9	2.92	57985	2.92	36	华联控股	SZ	2.94	2.94	
14	2014-04-09	4.12	4.12	4.12	4.12	0	4.12	37	深南电Ａ	SZ	4.12	4.12	
14	2014-04-09	14.89	14.9	14.51	14.7	172738	14.7	39	中集集团	SZ	14.9	14.9	
14	2014-04-09	13	13.31	12.96	13.31	18908	13.31	4	ST国农	SZ	13.02	13.02	
14	2014-04-09	4.13	4.14	4.1	4.12	32107	4.12	40	深 鸿 基	SZ	4.13	4.13	
14	2014-04-09	32.12	33.18	32.11	33.03	62141	33.03	400	许继电气	SZ	32.06	32.06	
14	2014-04-09	9.27	9.71	9.26	9.55	232068	9.55	401	冀东水泥	SZ	9.26	9.26	
14	2014-04-09	5.2	5.22	5.16	5.21	214422	5.21	402	金 融 街	SZ	5.2	5.2	
