2014	2006-06-30	3.6	3.69	3.6	3.63	465160	1.7	1	深发展Ａ	SZ	3.59	1.68	
1629	2006-06-30	0.77	0.79	0.75	0.79	84187	0.2	10	S ST华新	SZ	0.78	0.19	
1974	2006-06-30	1.26	1.28	1.23	1.23	703135	0.58	100	TCL 集团	SZ	1.26	0.6	
2021	2006-06-30	4.77	4.77	4.77	4.77	0	4.33	11	深物业A	SZ	4.77	4.33	
2008	2006-06-30	4.94	5.16	4.92	5.04	294142	2.46	12	南 玻Ａ	SZ	4.92	2.41	
2020	2006-06-30	3.46	3.49	3.37	3.43	37811	1.49	14	沙河股份	SZ	3.46	1.5	
2021	2006-06-30	2.78	2.78	2.7	2.73	26537	2.73	150	宜华地产	SZ	2.77	2.77	
2020	2006-06-30	3.68	3.68	3.68	3.68	0	3.5	151	中成股份	SZ	3.68	3.5	
2022	2006-06-30	2.98	3	2.89	2.93	43402	2.9	153	丰原药业	SZ	2.98	2.95	
2021	2006-06-30	5	5.04	4.87	4.89	30899	4.61	155	川化股份	SZ	4.98	4.69	
2006	2006-06-30	1.29	1.29	1.29	1.29	0	0.1	157	中联重科	SZ	1.29	0.1	
1999	2006-06-30	2.36	2.39	2.31	2.33	36086	1.6	158	常山股份	SZ	2.36	1.63	
1979	2006-06-30	2.78	2.78	2.78	2.78	0	1.3	159	国际实业	SZ	2.78	1.3	
2019	2006-06-30	2.02	2.04	1.99	2.02	137701	0.97	16	深康佳Ａ	SZ	2.01	0.96	
1991	2006-06-30	1.13	1.14	1.1	1.11	197803	0.22	1696	宗申动力	SZ	1.12	0.23	
1873	2006-06-30	2.23	2.23	2.23	2.23	0	2.23	17	*ST中华A	SZ	2.23	2.23	
2021	2006-06-30	4.15	4.3	4.09	4.21	19000	4.21	18	ST中冠A	SZ	4.14	4.14	
2011	2006-06-30	4	4.2	4	4.07	22414	4.07	1896	*ST豫能	SZ	4	4	
1957	2006-06-30	7.88	7.88	7.88	7.88	3262	7.68	19	深深宝Ａ	SZ	7.16	6.98	
2021	2006-06-30	2.36	2.4	2.33	2.35	1171627	0.81	2	万 科Ａ	SZ	2.35	0.81	
2019	2006-06-30	3.38	3.41	3.29	3.33	10807	2.9	20	深华发Ａ	SZ	3.37	2.93	
1993	2006-06-30	3.22	3.31	3.21	3.24	153094	1.35	2001	新 和 成	SZ	3.21	1.33	
1963	2006-06-30	3.41	3.43	3.33	3.37	30285	1.84	2002	ST琼花	SZ	3.41	1.86	
1987	2006-06-30	6.65	6.72	6.51	6.53	43720	1.89	2003	伟星股份	SZ	6.62	1.92	
1992	2006-06-30	2.57	2.58	2.49	2.53	62600	0.76	2004	华邦制药	SZ	2.57	0.77	
1984	2006-06-30	1.36	1.39	1.32	1.33	76444	0.21	2005	德豪润达	SZ	1.36	0.21	
1982	2006-06-30	1.37	1.38	1.33	1.35	106437	0.3	2006	精功科技	SZ	1.36	0.3	
1994	2006-06-30	4.01	4.08	3.92	3.98	51947	0.69	2007	华兰生物	SZ	3.97	0.69	
1998	2006-06-30	4.35	4.37	4.18	4.19	123603	1.07	2008	大族激光	SZ	4.33	1.1	
1994	2006-06-30	3.95	4.07	3.84	3.97	78099	1.64	2009	天奇股份	SZ	3.96	1.64	
1993	2006-06-30	2.95	2.97	2.88	2.9	62067	0.81	2010	传化股份	SZ	2.95	0.82	
1995	2006-06-30	1.8	1.82	1.76	1.78	70734	0.38	2011	盾安环境	SZ	1.8	0.39	
1998	2006-06-30	2.65	2.67	2.58	2.58	63776	1.23	2012	凯恩股份	SZ	2.67	1.27	
1972	2006-06-30	2.17	2.2	2.1	2.15	85566	0.52	2013	中航精机	SZ	2.17	0.52	
1998	2006-06-30	3.22	3.24	3.12	3.15	29196	0.88	2014	永新股份	SZ	3.22	0.89	
1987	2006-06-30	4.71	4.74	4.56	4.59	59131	1.3	2015	霞客环保	SZ	4.7	1.33	
1994	2006-06-30	1.79	1.81	1.72	1.73	70396	0.51	2016	世荣兆业	SZ	1.79	0.52	
1978	2006-06-30	5.83	5.84	5.6	5.64	28684	3.7	2017	东信和平	SZ	5.8	3.81	
2006	2006-06-30	1.95	1.96	1.91	1.92	58111	0.41	2018	华星化工	SZ	1.95	0.41	
2000	2006-06-30	6.74	6.79	6.54	6.61	9366	4.57	2019	鑫富药业	SZ	6.71	4.64	
1997	2006-06-30	3.4	3.43	3.34	3.36	30736	1.62	2020	京新药业	SZ	3.41	1.65	
1995	2006-06-30	2.58	2.76	2.58	2.71	223442	0.9	2021	中捷股份	SZ	2.57	0.86	
2000	2006-06-30	4.62	4.62	4.46	4.5	42306	1.36	2022	科华生物	SZ	4.61	1.4	
1994	2006-06-30	5.76	5.82	5.52	5.54	54449	2.34	2023	海特高新	SZ	5.73	2.42	
1996	2006-06-30	2.85	2.92	2.82	2.84	144576	0.15	2024	苏宁电器	SZ	2.85	0.15	
1998	2006-06-30	13.15	13.2	12.7	12.77	33121	6.11	2025	航天电器	SZ	13.15	6.3	
1982	2006-06-30	3.53	3.64	3.47	3.62	94691	1.96	2026	山东威达	SZ	3.51	1.91	
1998	2006-06-30	7.31	7.38	7.12	7.12	29259	7.12	2027	七喜控股	SZ	7.33	7.33	
2000	2006-06-30	5.7	5.78	5.6	5.66	12997	1.34	2028	思源电气	SZ	5.68	1.35	
1996	2006-06-30	2.33	2.37	2.3	2.31	45117	0.42	2029	七 匹 狼	SZ	2.33	0.43	
1998	2006-06-30	2.87	2.91	2.82	2.83	42222	0.89	2030	达安基因	SZ	2.86	0.9	
1993	2006-06-30	3.99	4.03	3.86	3.96	80762	1.89	2031	巨轮股份	SZ	3.96	1.89	
1997	2006-06-30	4.77	4.77	4.55	4.58	44551	1.45	2032	苏 泊 尔	SZ	4.74	1.5	
1962	2006-06-30	6.72	6.8	6.56	6.62	25091	3.57	2033	丽江旅游	SZ	6.72	3.63	
2001	2006-06-30	6.99	7	6.82	6.86	9305	6.42	2034	美 欣 达	SZ	6.94	6.5	
1998	2006-06-30	4.19	4.2	4.04	4.1	70416	2	2035	华帝股份	SZ	4.15	2.02	
2001	2006-06-30	4.63	4.64	4.42	4.53	55740	2.37	2036	宜科科技	SZ	4.61	2.41	
1989	2006-06-30	3.33	3.34	3.1	3.1	84369	1.11	2037	久联发展	SZ	3.3	1.18	
2020	2006-06-30	2.65	2.72	2.59	2.6	37646	0.46	2038	双鹭药业	SZ	2.64	0.46	
2001	2006-06-30	8.09	8.18	7.88	8	24879	7.38	2039	黔源电力	SZ	7.84	7.23	
1998	2006-06-30	6.14	6.15	5.98	6.05	59021	5.86	2040	南 京 港	SZ	6.13	5.94	
1999	2006-06-30	9.86	9.86	9.19	9.35	118676	4.58	2041	登海种业	SZ	9.88	4.83	
2013	2006-06-30	1.23	1.23	1.19	1.19	66845	0.38	2042	华孚色纺	SZ	1.22	0.39	
1996	2006-06-30	1.83	1.84	1.78	1.8	60352	0.49	2043	兔 宝 宝	SZ	1.83	0.5	
1998	2006-06-30	2.76	2.78	2.68	2.73	59637	1.35	2044	江苏三友	SZ	2.75	1.36	
1994	2006-06-30	3.98	3.99	3.83	3.85	73699	1.53	2045	广州国光	SZ	3.96	1.57	
1994	2006-06-30	6.39	6.5	6.19	6.29	32351	2.33	2046	轴研科技	SZ	6.37	2.36	
1999	2006-06-30	2.94	2.97	2.92	2.95	84880	1.38	2047	成霖股份	SZ	2.93	1.37	
1994	2006-06-30	5.73	5.77	5.51	5.56	20603	1.61	2048	宁波华翔	SZ	5.73	1.66	
1967	2006-06-30	6.67	6.7	6.33	6.4	31654	3.89	2049	晶源电子	SZ	6.67	4.06	
1996	2006-06-30	4.09	4.09	3.94	3.98	35074	1.61	2050	三花股份	SZ	4.06	1.64	
1988	2006-06-30	7.12	7.12	6.86	6.91	192365	2.28	2051	中工国际	SZ	7.08	2.34	
1988	2006-06-30	6.11	6.14	5.92	6.03	124300	0.86	2052	同洲电子	SZ	6.15	0.88	
1997	2006-06-30	13.59	13.61	13.11	13.2	87327	12.69	2053	云南盐化	SZ	13.59	13.06	
2008	2006-06-30	5.99	6.07	5.8	5.84	88684	3.32	21	长城开发	SZ	5.83	3.32	
2021	2006-06-30	13.8	13.85	13.67	13.79	30136	11.2	22	深赤湾Ａ	SZ	13.76	11.17	
1999	2006-06-30	3.96	3.98	3.86	3.88	10339	3.69	23	深天地Ａ	SZ	3.95	3.76	
2021	2006-06-30	7.03	7.11	6.95	6.99	43132	4.25	24	招商地产	SZ	7.01	4.26	
2021	2006-06-30	4.02	4.15	4.01	4.1	29686	4.1	25	特 力Ａ	SZ	4.01	4.01	
2021	2006-06-30	4.49	4.56	4.47	4.55	14343	3.04	26	飞亚达Ａ	SZ	4.5	3	
2017	2006-06-30	6.87	7.08	6.66	6.76	215622	4.56	27	深圳能源	SZ	6.75	4.55	
1996	2006-06-30	6.75	6.79	6.46	6.47	25195	6.25	28	一致药业	SZ	6.75	6.52	
1992	2006-06-30	4.11	4.11	4.11	4.11	0	4.11	29	深深房Ａ	SZ	4.11	4.11	
1698	2006-06-30	1.93	1.93	1.82	1.88	19889	1.88	30	*ST盛润A	SZ	1.91	1.91	
2019	2006-06-30	2.46	2.48	2.35	2.38	333715	1.31	301	东方市场	SZ	2.45	1.35	
2021	2006-06-30	2.9	2.97	2.84	2.87	286295	1.39	31	中粮地产	SZ	2.92	1.42	
2020	2006-06-30	4.33	4.38	4.18	4.2	42063	3.23	32	深桑达Ａ	SZ	4.42	3.31	
2015	2006-06-30	3.47	3.64	3.46	3.52	89584	3.52	33	新都酒店	SZ	3.45	3.45	
1816	2006-06-30	1.2	1.21	1.16	1.17	43356	0.75	34	ST深泰	SZ	1.2	0.78	
2012	2006-06-30	1.71	1.71	1.71	1.71	0	1.36	35	*ST科健	SZ	1.71	1.36	
2022	2006-06-30	3.7	3.72	3.61	3.63	246973	3.63	36	华联控股	SZ	3.7	3.7	
2015	2006-06-30	5.02	5.18	4.94	4.97	45409	4.5	37	深南电Ａ	SZ	4.85	4.39	
2020	2006-06-30	12.2	12.2	12.2	12.2	0	7.77	39	中集集团	SZ	12.2	7.77	
1958	2006-06-30	4.87	4.87	4.74	4.8	10267	4.8	4	ST国农	SZ	4.85	4.85	
1965	2006-06-30	2.68	2.68	2.68	2.68	0	2.64	40	深 鸿 基	SZ	2.68	2.64	
2021	2006-06-30	5.92	6.02	5.73	5.76	62849	4.32	400	许继电气	SZ	5.91	4.43	
2019	2006-06-30	3.9	3.95	3.8	3.84	63486	3.72	401	冀东水泥	SZ	3.89	3.77	
