338	2013-01-08	10.19	10.23	9.91	10	499966	6.17	000001	深发展Ａ	SZ	10.19	6.29	
338	2013-01-08	8.26	8.38	8.2	8.29	12911	8.29	000004	ST国农	SZ	8.2	8.2	
338	2013-01-08	7.05	7.19	6.98	7.14	61369	7.14	000011	深物业A	SZ	7.09	7.09	
338	2013-01-08	8.15	8.63	8.15	8.45	406910	8.05	000012	南 玻Ａ	SZ	8.17	7.79	
338	2013-01-08	8.35	8.43	8.15	8.42	84186	8.4	000014	沙河股份	SZ	8.31	8.29	
338	2013-01-08	3.15	3.19	3.12	3.17	66445	3.16	000016	深康佳Ａ	SZ	3.15	3.14	
338	2013-01-08	6.85	7.19	6.85	6.99	22895	6.99	000018	ST中冠A	SZ	6.85	6.85	
338	2013-01-08	6.2	6.39	6.16	6.32	20934	6.32	000020	深华发Ａ	SZ	6.24	6.24	
338	2013-01-08	4.61	4.68	4.58	4.65	77887	4.64	000021	长城开发	SZ	4.64	4.63	
338	2013-01-08	10.18	10.2	10.06	10.08	9735	9.8	000022	深赤湾Ａ	SZ	10.15	9.87	
338	2013-01-08	6.41	6.54	6.33	6.52	24843	6.49	000023	深天地Ａ	SZ	6.4	6.37	
338	2013-01-08	30.67	30.67	29.3	29.99	207090	29.71	000024	招商地产	SZ	30.67	30.38	
338	2013-01-08	6.17	6.3	6.14	6.28	15627	6.28	000025	特 力Ａ	SZ	6.16	6.16	
338	2013-01-08	7.94	8.38	7.72	8.29	88141	8.19	000026	飞亚达Ａ	SZ	7.94	7.84	
338	2013-01-08	6.02	6.12	5.94	6.07	89870	5.98	000027	深圳能源	SZ	6.02	5.93	
338	2013-01-08	33.19	34.32	33.19	34	15874	33.83	000028	一致药业	SZ	33.88	33.71	
338	2013-01-08	4.04	4.08	3.97	4.03	51668	4.03	000029	深深房Ａ	SZ	4.02	4.02	
338	2013-01-08	9	9.32	8.8	9.32	150899	9.32	000030	*ST盛润A	SZ	8.88	8.88	
338	2013-01-08	4.47	4.53	4.4	4.42	194101	4.39	000031	中粮地产	SZ	4.5	4.47	
338	2013-01-08	7.59	8.34	7.5	8.34	105378	8.19	000032	深桑达Ａ	SZ	7.58	7.44	
338	2013-01-08	4.28	4.43	4.27	4.32	54254	4.32	000033	新都酒店	SZ	4.3	4.3	
338	2013-01-08	4.11	4.17	4.04	4.17	47200	4.17	000034	ST深泰	SZ	4.1	4.1	
338	2013-01-08	3.4	3.47	3.38	3.44	145357	3.44	000036	华联控股	SZ	3.41	3.41	
338	2013-01-08	4.21	4.29	4.15	4.25	18340	4.25	000037	深南电Ａ	SZ	4.22	4.22	
338	2013-01-08	12.45	12.96	12.38	12.64	219513	12.41	000039	中集集团	SZ	12.52	12.3	
338	2013-01-08	5.01	5.12	4.89	4.99	131238	4.95	000040	深 鸿 基	SZ	4.99	4.95	
338	2013-01-08	2.25	2.25	2.21	2.24	1223850	2.17	000100	TCL 集团	SZ	2.25	2.18	
338	2013-01-08	4.85	4.95	4.73	4.9	25298	4.9	000150	宜华地产	SZ	4.86	4.86	
338	2013-01-08	7.01	7.18	7	7.05	44130	7	000151	中成股份	SZ	6.99	6.94	
338	2013-01-08	6.66	6.8	6.63	6.75	46859	6.68	000153	丰原药业	SZ	6.66	6.59	
338	2013-01-08	4.06	4.25	4.05	4.25	71485	4.25	000155	川化股份	SZ	4.05	4.05	
338	2013-01-08	3.43	3.46	3.39	3.46	32179	3.46	000158	常山股份	SZ	3.44	3.44	
338	2013-01-08	6.35	6.4	6.26	6.4	42287	6.34	000159	国际实业	SZ	6.36	6.3	
338	2013-01-08	3.08	3.11	3.06	3.09	70872	3.04	000301	东方市场	SZ	3.08	3.03	
338	2013-01-08	24.98	24.98	24.44	24.65	107688	24.28	000338	潍柴动力	SZ	25.05	24.67	
338	2013-01-08	19.25	19.42	18.73	19.1	104859	14.65	000400	许继电气	SZ	19.32	14.81	
338	2013-01-08	14.2	14.5	13.97	14.17	251402	14.02	000401	冀东水泥	SZ	14.08	13.93	
338	2013-01-08	6.83	6.87	6.7	6.81	304693	6.66	000402	金 融 街	SZ	6.84	6.69	
338	2013-01-08	5.74	5.96	5.71	5.88	73677	5.82	001696	宗申动力	SZ	5.76	5.71	
338	2013-01-08	4.14	4.18	4.09	4.17	27675	4.17	001896	*ST豫能	SZ	4.14	4.14	
338	2013-01-08	18.39	18.65	18.38	18.5	38769	18.03	002001	新 和 成	SZ	18.37	17.9	
338	2013-01-08	8.29	8.72	8.21	8.69	39801	8.69	002002	ST琼花	SZ	8.3	8.3	
338	2013-01-08	12.27	12.56	12.21	12.44	38408	8.56	002003	伟星股份	SZ	12.26	8.43	
338	2013-01-08	15.78	16.23	15.55	16.1	41246	15.78	002004	华邦制药	SZ	15.8	15.49	
338	2013-01-08	7.04	7.21	6.96	7.13	189261	7.13	002005	德豪润达	SZ	7.05	7.05	
338	2013-01-08	8.87	8.9	8.58	8.72	178034	8.72	002006	精功科技	SZ	8.88	8.88	
338	2013-01-08	23.18	24.26	22.87	23.3	258007	23.21	002007	华兰生物	SZ	22.61	22.53	
338	2013-01-08	8.37	8.65	8.34	8.52	451420	8.41	002008	大族激光	SZ	8.3	8.19	
338	2013-01-08	7.53	7.62	7.43	7.57	33786	7.57	002009	天奇股份	SZ	7.51	7.51	
338	2013-01-08	8.07	8.1	7.96	8.06	12672	7.97	002010	传化股份	SZ	8.07	7.98	
338	2013-01-08	9.19	9.33	9.07	9.31	83741	9.31	002011	盾安环境	SZ	9.15	9.15	
338	2013-01-08	5.31	5.34	5.2	5.3	90584	5.28	002012	凯恩股份	SZ	5.29	5.27	
338	2013-01-08	13.3	13.53	13.13	13.53	120337	13.49	002013	中航精机	SZ	12.3	12.26	
338	2013-01-08	10.1	10.29	9.89	10.02	33827	9.44	002014	永新股份	SZ	10.12	9.53	
338	2013-01-08	6.3	6.47	6.27	6.38	52140	6.38	002015	霞客环保	SZ	6.28	6.28	
338	2013-01-08	6.68	6.7	6.31	6.37	113984	4.47	002016	世荣兆业	SZ	6.32	4.44	
338	2013-01-08	9.47	9.98	9.4	9.8	39238	9.76	002017	东信和平	SZ	9.49	9.45	
338	2013-01-08	5.94	6.17	5.84	6.16	132833	4.18	002018	华星化工	SZ	5.99	4.06	
338	2013-01-08	6.39	6.56	6.35	6.49	50010	6.49	002019	鑫富药业	SZ	6.38	6.38	
338	2013-01-08	6.78	6.98	6.7	6.76	37988	3.34	002020	京新药业	SZ	6.8	3.36	
338	2013-01-08	3.9	3.95	3.85	3.92	74851	3.9	002021	中捷股份	SZ	3.9	3.88	
338	2013-01-08	10.93	11.37	10.92	11.09	167641	10.75	002022	科华生物	SZ	10.9	10.57	
338	2013-01-08	9.54	9.76	9.41	9.68	74137	9.62	002023	海特高新	SZ	9.49	9.43	
338	2013-01-08	7.15	7.19	7.02	7.08	683190	7.03	002024	苏宁电器	SZ	7.17	7.12	
338	2013-01-08	11.31	12.08	11.24	11.79	95517	11.64	002025	航天电器	SZ	11.3	11.16	
338	2013-01-08	5.92	6.02	5.87	5.95	13349	4.52	002026	山东威达	SZ	5.94	4.51	
338	2013-01-08	4.12	4.14	4.05	4.1	29777	4.1	002027	七喜控股	SZ	4.11	4.11	
338	2013-01-08	14.15	14.28	13.86	14.19	45957	14.12	002028	思源电气	SZ	14.14	14.07	
338	2013-01-08	12.07	12.6	12.02	12.6	62204	8.32	002029	七 匹 狼	SZ	12.07	7.97	
338	2013-01-08	7.73	8.21	7.73	8.21	647624	7.46	002030	达安基因	SZ	7.46	6.78	
338	2013-01-08	6.3	6.33	6.22	6.27	29817	6.22	002031	巨轮股份	SZ	6.3	6.25	
338	2013-01-08	11.99	12.03	11.8	11.9	8070	11.63	002032	苏 泊 尔	SZ	12	11.73	
338	2013-01-08	13.65	13.95	13.46	13.84	102093	10.45	002033	丽江旅游	SZ	13.65	10.31	
338	2013-01-08	9.79	10.06	9.7	9.98	25344	9.74	002034	美 欣 达	SZ	9.82	9.59	
338	2013-01-08	9.31	9.76	9.25	9.68	46615	7.83	002035	华帝股份	SZ	9.35	7.56	
338	2013-01-08	9.2	9.44	8.92	9.35	66401	9.28	002036	宜科科技	SZ	9.18	9.12	
338	2013-01-08	14.51	14.75	14.44	14.71	11887	9.07	002037	久联发展	SZ	14.59	8.99	
338	2013-01-08	31.33	32.75	31.3	32.42	49068	26.91	002038	双鹭药业	SZ	31.27	25.96	
338	2013-01-08	14.39	14.57	14.28	14.53	22574	14.41	002039	黔源电力	SZ	14.34	14.22	
338	2013-01-08	5.24	5.25	5.15	5.24	11043	5.21	002040	南 京 港	SZ	5.22	5.19	
338	2013-01-08	23.49	23.7	23	23.65	39714	23.56	002041	登海种业	SZ	23.42	23.33	
338	2013-01-08	4.1	4.39	4.08	4.32	152988	4.3	002042	华孚色纺	SZ	4.1	4.08	
338	2013-01-08	4.8	4.97	4.51	4.61	752159	4.58	002043	兔 宝 宝	SZ	4.53	4.5	
338	2013-01-08	7.26	7.73	7.2	7.63	89028	7.43	002044	江苏三友	SZ	7.24	7.05	
338	2013-01-08	3.62	3.67	3.56	3.63	71427	3.53	002045	广州国光	SZ	3.62	3.52	
338	2013-01-08	9.19	9.33	9.1	9.25	49223	9.19	002046	轴研科技	SZ	9.17	9.11	
338	2013-01-08	2.99	3.02	2.95	3	58080	3	002047	成霖股份	SZ	2.99	2.99	
338	2013-01-08	7.49	7.54	7.36	7.42	75602	7.38	002048	宁波华翔	SZ	7.49	7.45	
338	2013-01-08	21.18	22	21.02	21.97	25055	21.9	002049	晶源电子	SZ	21.08	21.02	
338	2013-01-08	9.42	9.45	9.16	9.3	55811	9.23	002050	三花股份	SZ	9.41	9.34	
338	2013-01-08	27.15	27.72	27.15	27.4	42039	27.14	002051	中工国际	SZ	27.4	27.14	
338	2013-01-08	4.96	5.19	4.86	5.06	279720	2.5	002052	同洲电子	SZ	4.95	2.45	
338	2013-01-08	7.03	7.23	7	7.09	31567	7.09	002053	云南盐化	SZ	7.02	7.02	
338	2013-01-08	6.37	6.46	6.26	6.44	26169	6.33	002054	德美化工	SZ	6.35	6.25	
338	2013-01-08	5.85	6.03	5.77	6.02	84155	6	002055	得润电子	SZ	5.86	5.84	
338	2013-01-08	14.13	14.85	13.88	14.85	117163	14.85	002056	横店东磁	SZ	14.17	14.17	
338	2013-01-08	13.21	13.49	12.85	13.34	39862	13.34	002057	中钢天源	SZ	13.45	13.45	
338	2013-01-08	5.8	6.17	5.8	5.95	20820	5.14	002058	威 尔 泰	SZ	5.83	5.04	
338	2013-01-08	7.85	7.94	7.77	7.91	14251	7.87	002059	云南旅游	SZ	7.86	7.82	
338	2013-01-08	4.3	4.33	4.28	4.33	126598	3.6	002060	粤 水 电	SZ	4.27	3.54	
338	2013-01-08	5.99	6.09	5.94	6.01	100171	3.95	002061	江山化工	SZ	5.97	3.93	
338	2013-01-08	5.1	5.22	5	5.18	90040	3.6	002062	宏润建设	SZ	5.1	3.54	
338	2013-01-08	14.85	15.1	14.49	15.01	91413	14.83	002063	远光软件	SZ	14.63	14.45	
338	2013-01-08	4.87	5.35	4.87	5.12	164279	5.05	002064	华峰氨纶	SZ	4.86	4.8	
338	2013-01-08	13.8	14.66	13.76	14.44	140885	14.31	002065	东华软件	SZ	13.76	13.64	
338	2013-01-08	4.88	4.98	4.84	4.93	29187	4.88	002066	瑞泰科技	SZ	4.87	4.82	
338	2013-01-08	2.7	2.72	2.67	2.7	347499	2.7	002067	景兴纸业	SZ	2.72	2.72	
338	2013-01-08	6.44	6.65	6.35	6.51	150380	6.37	002068	黑猫股份	SZ	6.43	6.29	
338	2013-01-08	16	16.9	15.8	16.7	107142	16.31	002069	獐 子 岛	SZ	16.06	15.69	
338	2013-01-08	5.88	6.05	5.8	6.04	116312	4.64	002070	众和股份	SZ	5.85	4.5	
338	2013-01-08	5.51	5.6	5.45	5.6	19579	5.6	002071	江苏宏宝	SZ	5.54	5.54	
338	2013-01-08	7.48	8.08	7.43	7.89	296286	7.87	002073	软控股份	SZ	7.47	7.45	
338	2013-01-08	5.95	6.1	5.87	6.04	24177	5.91	002076	雪 莱 特	SZ	5.93	5.8	
338	2013-01-08	5.88	6.08	5.82	5.97	42774	5.93	002077	大港股份	SZ	5.92	5.88	
338	2013-01-08	5.03	5.12	4.98	5.08	29604	4.98	002078	太阳纸业	SZ	5.05	4.95	
338	2013-01-08	4.16	4.38	4.12	4.33	167883	4.32	002079	苏州固锝	SZ	4.18	4.17	
338	2013-01-08	8.25	8.34	7.99	8.05	77783	7.92	002080	中材科技	SZ	8	7.87	
338	2013-01-08	27.2	27.41	26.9	27	88855	17.9	002081	金 螳 螂	SZ	27.33	18.12	
338	2013-01-08	7.25	7.28	7.04	7.26	50592	7.17	002082	栋梁新材	SZ	7.25	7.16	
338	2013-01-08	4.16	4.23	4.11	4.18	156117	4.18	002083	孚日股份	SZ	4.16	4.16	
338	2013-01-08	5.28	5.29	5.14	5.25	122694	4.7	002084	海鸥卫浴	SZ	5.29	4.74	
338	2013-01-08	8.29	8.47	8.22	8.41	13211	8.16	002085	万丰奥威	SZ	8.31	8.06	
338	2013-01-08	10.86	11.28	10.85	11.18	111326	11.18	002086	东方海洋	SZ	10.88	10.88	
338	2013-01-08	3.44	3.46	3.4	3.45	42569	3.45	002087	新野纺织	SZ	3.45	3.45	
338	2013-01-08	8.82	9.14	8.76	8.91	30087	8.8	002088	鲁阳股份	SZ	8.82	8.71	
338	2013-01-08	6.86	7.09	6.75	7.04	154004	6.96	002089	新 海 宜	SZ	6.9	6.82	
338	2013-01-08	6.94	7.28	6.88	7.28	32406	7.2	002090	金智科技	SZ	7.01	6.93	
338	2013-01-08	8.48	8.78	8.48	8.69	57112	8.61	002091	江苏国泰	SZ	8.51	8.43	
338	2013-01-08	7.01	7.19	6.99	7.11	106410	6.87	002092	中泰化学	SZ	7.01	6.77	
338	2013-01-08	4.13	4.36	4.11	4.32	196614	4.31	002093	国脉科技	SZ	4.13	4.12	
338	2013-01-08	7.99	8	7.8	7.92	50775	7.92	002094	青岛金王	SZ	7.98	7.98	
338	2013-01-08	12.3	12.5	11.98	12.36	21178	12.3	002095	生 意 宝	SZ	12.29	12.23	
338	2013-01-08	11.77	11.88	11.69	11.87	24730	11.83	002096	南岭民爆	SZ	11.77	11.73	
338	2013-01-08	6.79	6.85	6.71	6.81	40627	6.78	002097	山河智能	SZ	6.79	6.76	
338	2013-01-08	7.55	7.56	7.43	7.53	32807	7.43	002098	浔兴股份	SZ	7.53	7.43	
338	2013-01-08	6.25	6.54	6.12	6.48	209611	6.48	002099	海翔药业	SZ	6.5	6.5	
338	2013-01-08	7.3	7.51	7.16	7.36	107332	5.63	002100	天康生物	SZ	7.28	5.57	
338	2013-01-08	8.53	8.65	8.38	8.61	18352	8.43	002101	广东鸿图	SZ	8.51	8.33	
338	2013-01-08	3.87	4.03	3.87	3.98	107256	3.98	002102	冠福家用	SZ	3.88	3.88	
338	2013-01-08	5.64	5.81	5.64	5.75	14778	5.7	002103	广博股份	SZ	5.68	5.63	
338	2013-01-08	9.23	9.58	9.11	9.53	155792	9.46	002104	恒宝股份	SZ	9.24	9.17	
338	2013-01-08	4.75	4.9	4.7	4.8	44182	4.71	002105	信隆实业	SZ	4.84	4.75	
338	2013-01-08	15.32	16.02	15.3	15.75	92591	15.65	002106	莱宝高科	SZ	15.34	15.24	
338	2013-01-08	9.07	9.08	8.9	8.98	11925	8.98	002107	沃华医药	SZ	9.03	9.03	
338	2013-01-08	7.69	7.8	7.63	7.8	29037	7.67	002108	沧州明珠	SZ	7.72	7.59	
338	2013-01-08	7.43	7.51	7.24	7.38	106926	7.27	002109	兴化股份	SZ	7.44	7.33	
338	2013-01-08	5.01	5.04	4.96	5.04	19157	5.04	002110	三钢闽光	SZ	5	5	
338	2013-01-08	7.89	8.11	7.85	8.04	45016	7.96	002111	威海广泰	SZ	7.91	7.83	
338	2013-01-08	4.11	4.22	4.07	4.17	39220	2.31	002112	三变科技	SZ	4.11	2.28	
338	2013-01-08	7.31	7.47	7.24	7.4	6882	7.4	002113	ST天润	SZ	7.35	7.35	
338	2013-01-08	6.27	6.63	6.16	6.53	134743	5.37	002115	三维通信	SZ	6.31	5.19	
338	2013-01-08	14.37	14.79	14.3	14.57	9203	14.31	002116	中国海诚	SZ	14.4	14.14	
338	2013-01-08	5.06	5.23	5.06	5.2	45264	3.46	002117	东港股份	SZ	5.07	3.38	
338	2013-01-08	7.5	7.57	7.36	7.53	98960	7.53	002118	紫鑫药业	SZ	7.47	7.47	
338	2013-01-08	5.91	6.03	5.85	5.99	38886	5.95	002119	康强电子	SZ	5.94	5.9	
338	2013-01-08	8.77	8.9	8.61	8.78	38528	8.68	002120	新海股份	SZ	8.76	8.66	
338	2013-01-08	7.22	7.35	7.15	7.33	74160	7.29	002121	科陆电子	SZ	7.23	7.19	
338	2013-01-08	5.61	5.63	5.49	5.61	64486	5.51	002122	天马股份	SZ	5.62	5.52	
338	2013-01-08	8.94	9.14	8.76	9.11	118420	9.11	002123	荣信股份	SZ	9.01	9.01	
338	2013-01-08	8.1	8.1	7.92	8.04	36681	7.95	002124	天邦股份	SZ	8.09	8	
338	2013-01-08	7.45	7.57	7.31	7.43	54329	7.43	002125	湘潭电化	SZ	7.48	7.48	
338	2013-01-08	5.65	5.67	5.53	5.58	31952	5.55	002126	银轮股份	SZ	5.67	5.64	
338	2013-01-08	3.75	3.76	3.67	3.73	35240	3.73	002127	新民科技	SZ	3.76	3.76	
338	2013-01-08	13.29	13.4	13.14	13.26	37950	13.06	002128	露天煤业	SZ	13.32	13.12	
338	2013-01-08	14.1	14.1	13.52	13.62	36447	13.62	002129	中环股份	SZ	13.97	13.97	
338	2013-01-08	6.52	6.98	6.52	6.68	218059	5.09	002130	沃尔核材	SZ	6.38	4.86	
338	2013-01-08	10.47	10.47	10.13	10.22	56880	10.17	002131	利欧股份	SZ	10.41	10.36	
338	2013-01-08	4.74	4.8	4.65	4.78	66982	4.73	002132	恒星科技	SZ	4.73	4.68	
338	2013-01-08	4.76	4.81	4.63	4.72	213978	4.55	002133	广宇集团	SZ	4.78	4.6	
338	2013-01-08	5.57	5.68	5.49	5.65	53379	5.65	002134	天津普林	SZ	5.57	5.57	
338	2013-01-08	4.77	4.77	4.67	4.73	308374	4.71	002135	东南网架	SZ	4.76	4.74	
338	2013-01-08	8.93	8.99	8.72	8.87	68328	8.87	002136	安 纳 达	SZ	9.03	9.03	
338	2013-01-08	3.95	3.99	3.88	3.97	33948	2.93	002137	实 益 达	SZ	3.95	2.91	
338	2013-01-08	12.67	13.06	12.56	13.02	39124	12.88	002138	顺络电子	SZ	12.69	12.56	
338	2013-01-08	5.96	6.06	5.94	6.01	26165	5.9	002139	拓邦股份	SZ	5.99	5.88	
338	2013-01-08	20.95	21.18	20.72	21.05	28587	21.02	002140	东华科技	SZ	20.95	20.92	
338	2013-01-08	4.79	4.87	4.74	4.85	15151	4.85	002141	蓉胜超微	SZ	4.8	4.8	
338	2013-01-08	10.55	11.08	10.4	10.45	196425	10.19	002142	宁波银行	SZ	10.53	10.27	
338	2013-01-08	5.2	5.48	5.16	5.48	36110	5.48	002143	高金食品	SZ	5.25	5.25	
338	2013-01-08	12.99	13.39	12.85	13.07	45462	12.97	002144	宏达高科	SZ	12.99	12.89	
338	2013-01-08	12.4	13.43	12.18	12.4	296398	12.4	002145	*ST钛白	SZ	12.71	12.71	
338	2013-01-08	14	14.14	13.58	14.06	116841	13.95	002146	荣盛发展	SZ	14.05	13.94	
338	2013-01-08	5.72	5.82	5.65	5.79	22778	5.69	002147	方圆支承	SZ	5.73	5.64	
338	2013-01-08	6.51	7.15	6.51	7.15	222698	3.53	002148	北纬通信	SZ	6.5	3.21	
338	2013-01-08	10.9	11.11	10.82	10.99	21022	10.94	002149	西部材料	SZ	10.9	10.85	
338	2013-01-08	5.37	5.48	5.35	5.42	24400	5.32	002150	江苏通润	SZ	5.4	5.3	
338	2013-01-08	27.47	28.53	26.98	28.53	68924	28.49	002151	北斗星通	SZ	25.94	25.9	
338	2013-01-08	11.43	11.76	11.43	11.63	20258	9.5	002152	广电运通	SZ	11.5	9.39	
338	2013-01-08	21.05	21.75	21.01	21.3	24095	21.21	002153	石基信息	SZ	20.9	20.82	
338	2013-01-08	9.98	10.03	9.78	9.91	36543	9.67	002154	报 喜 鸟	SZ	9.98	9.74	
338	2013-01-08	15.08	15.14	14.83	15.05	154710	11.49	002155	辰州矿业	SZ	15.12	11.54	
338	2013-01-08	3.94	4.07	3.93	4.03	55355	4.01	002156	通富微电	SZ	3.94	3.92	
338	2013-01-08	7.83	8.01	7.78	7.94	87719	7.89	002157	正邦科技	SZ	7.83	7.78	
338	2013-01-08	11.38	11.39	11.15	11.25	59010	10.05	002158	汉钟精机	SZ	11.35	10.14	
338	2013-01-08	12.55	12.8	12.45	12.75	21339	12.68	002159	三特索道	SZ	12.55	12.48	
338	2013-01-08	6.23	6.77	6.17	6.53	237999	6.5	002161	远 望 谷	SZ	6.28	6.25	
338	2013-01-08	5.61	5.71	5.54	5.68	66470	5.68	002162	斯 米 克	SZ	5.63	5.63	
338	2013-01-08	3.58	3.58	3.47	3.52	109130	3.52	002163	中航三鑫	SZ	3.53	3.53	
338	2013-01-08	4.29	4.36	4.26	4.33	56184	4.33	002164	东力传动	SZ	4.29	4.29	
338	2013-01-08	7.05	7.46	6.98	7.15	752518	7.05	002165	红 宝 丽	SZ	6.78	6.68	
338	2013-01-08	13.21	13.21	13.21	13.21	18275	13.21	002166	莱茵生物	SZ	12.01	12.01	
338	2013-01-08	14.11	14.55	13.97	14.28	88489	14.28	002167	东方锆业	SZ	14.03	14.03	
338	2013-01-08	6.7	6.92	6.67	6.89	150541	6.84	002168	深圳惠程	SZ	6.8	6.75	
338	2013-01-08	4.99	5.26	4.88	5.22	106502	5.22	002169	智光电气	SZ	5.03	5.03	
338	2013-01-08	4.2	4.29	4.17	4.24	69852	2.32	002170	芭田股份	SZ	4.2	2.3	
338	2013-01-08	8.8	8.91	8.7	8.88	44485	8.88	002171	精诚铜业	SZ	8.82	8.82	
338	2013-01-08	3.83	4.1	3.8	4.1	154347	4.1	002172	澳洋科技	SZ	3.73	3.73	
338	2013-01-08	7.59	7.98	7.56	7.81	38469	7.81	002173	山 下 湖	SZ	7.59	7.59	
338	2013-01-08	14.96	14.99	14.68	14.91	9695	14.9	002174	梅 花 伞	SZ	14.96	14.95	
338	2013-01-08	8.61	8.88	8.56	8.82	12065	8.82	002175	广陆数测	SZ	8.59	8.59	
338	2013-01-08	8.79	8.79	8.31	8.44	222381	8.43	002176	江特电机	SZ	8.69	8.68	
338	2013-01-08	3.88	4.02	3.87	3.99	157986	3.06	002177	御银股份	SZ	3.89	2.99	
338	2013-01-08	9.94	10.3	9.61	10.13	97249	10.09	002178	延华智能	SZ	9.85	9.81	
338	2013-01-08	13.22	13.82	13.11	13.7	72857	13.61	002179	中航光电	SZ	13.3	13.21	
338	2013-01-08	11.5	12.28	11.4	11.93	79653	11.88	002180	万 力 达	SZ	11.69	11.64	
338	2013-01-08	8.89	8.94	8.68	8.73	75823	8.64	002181	粤 传 媒	SZ	8.98	8.89	
338	2013-01-08	8.2	8.43	8.13	8.38	74072	8.33	002182	云海金属	SZ	8.24	8.19	
338	2013-01-08	4.67	4.75	4.62	4.71	58057	4.68	002183	怡 亚 通	SZ	4.68	4.65	
338	2013-01-08	5.2	5.43	5.15	5.4	32175	5.35	002184	海得控制	SZ	5.19	5.14	
338	2013-01-08	4.58	4.73	4.56	4.7	76496	4.67	002185	华天科技	SZ	4.56	4.53	
338	2013-01-08	15.76	15.89	15.65	15.8	11021	7.7	002186	全 聚 德	SZ	15.76	7.68	
338	2013-01-08	7.74	7.83	7.61	7.73	27133	7.54	002187	广百股份	SZ	7.77	7.58	
338	2013-01-08	8.18	8.46	8.18	8.31	58183	8.31	002188	新 嘉 联	SZ	8.09	8.09	
338	2013-01-08	7.1	7.38	7.1	7.29	40115	7.27	002189	利达光电	SZ	7.12	7.11	
338	2013-01-08	8.98	9.08	8.91	9.05	31609	9.05	002191	劲嘉股份	SZ	9.01	9.01	
338	2013-01-08	15.19	15.35	14.86	15.27	24564	15.27	002192	路翔股份	SZ	15.21	15.21	
338	2013-01-08	7.7	7.88	7.62	7.86	24053	7.86	002193	山东如意	SZ	7.72	7.72	
338	2013-01-08	6.04	6.25	5.9	6.24	68284	6.12	002194	武汉凡谷	SZ	6.03	5.92	
338	2013-01-08	12.19	12.8	11.95	12.52	32159	12.4	002195	海隆软件	SZ	12.14	12.02	
338	2013-01-08	10.5	10.55	10.34	10.52	9166	10.3	002196	方正电机	SZ	10.51	10.29	
338	2013-01-08	9.11	9.33	8.98	9.27	67226	9.22	002197	证通电子	SZ	9.11	9.06	
338	2013-01-08	4.28	4.31	4.24	4.24	22175	2.1	002198	嘉应制药	SZ	4.28	2.11	
338	2013-01-08	5.86	5.95	5.78	5.93	39046	5.93	002199	东晶电子	SZ	5.85	5.85	
338	2013-01-08	11.98	12.1	11.68	11.84	22850	11.84	002200	绿 大 地	SZ	12.03	12.03	
338	2013-01-08	6.72	6.78	6.64	6.78	25003	6.78	002201	九鼎新材	SZ	6.76	6.76	
338	2013-01-08	5.44	5.76	5.43	5.64	433792	5.59	002202	金风科技	SZ	5.48	5.43	
338	2013-01-08	7.21	7.34	7.17	7.25	28369	7.16	002203	海亮股份	SZ	7.24	7.15	
338	2013-01-08	8.57	8.71	8.49	8.59	26257	5.67	002204	华锐铸钢	SZ	8.59	5.67	
338	2013-01-08	13.34	13.4	13.06	13.24	19812	13.19	002205	国统股份	SZ	13.3	13.25	
338	2013-01-08	5.95	6.24	5.95	6.17	144756	5.84	002206	海 利 得	SZ	5.98	5.66	
338	2013-01-08	12.05	12.28	11.86	12.1	22827	12.05	002207	准油股份	SZ	12.1	12.05	
338	2013-01-08	6.93	7.51	6.77	7.4	105801	7.24	002208	合肥城建	SZ	6.91	6.76	
338	2013-01-08	6.19	6.4	6.14	6.39	23408	6.36	002209	达 意 隆	SZ	6.19	6.16	
338	2013-01-08	5.13	5.18	5.02	5.17	47635	5.14	002210	飞马国际	SZ	5.13	5.1	
338	2013-01-08	5.1	5.21	5.05	5.15	48075	5.15	002211	宏达新材	SZ	5.12	5.12	
338	2013-01-08	4.68	4.84	4.66	4.84	107662	4.77	002212	南洋股份	SZ	4.7	4.63	
338	2013-01-08	5.99	6.14	5.94	6.14	20814	6.1	002213	特 尔 佳	SZ	5.98	5.94	
338	2013-01-08	7.41	7.64	7.38	7.57	64672	3.73	002214	大立科技	SZ	7.41	3.66	
338	2013-01-08	5.27	5.47	5.24	5.45	142698	3.59	002215	诺 普 信	SZ	5.25	3.46	
338	2013-01-08	12.07	12.28	12.07	12.25	12647	6.05	002216	三全食品	SZ	12.15	6	
338	2013-01-08	4.62	4.74	4.59	4.7	53991	4.7	002217	联合化工	SZ	4.64	4.64	
338	2013-01-08	6.18	6.24	6.05	6.2	103763	6.2	002218	拓日新能	SZ	6.19	6.19	
338	2013-01-08	10.12	10.32	9.94	10.12	28543	7.21	002219	独 一 味	SZ	10.2	7.27	
338	2013-01-08	7.23	7.52	7.2	7.43	39243	7.43	002220	天宝股份	SZ	7.21	7.21	
338	2013-01-08	6.99	7.24	6.93	7.14	101819	3.55	002221	东华能源	SZ	6.95	3.46	
338	2013-01-08	5.98	6.1	5.95	6.07	23087	5.99	002222	福晶科技	SZ	5.97	5.89	
338	2013-01-08	15.2	15.62	14.85	15.23	82369	15.16	002223	鱼跃医疗	SZ	15.18	15.11	
338	2013-01-08	5.59	5.69	5.57	5.68	27523	3.74	002224	三 力 士	SZ	5.58	3.68	
338	2013-01-08	7.43	7.64	7.29	7.53	160020	7.48	002225	濮耐股份	SZ	7.42	7.37	
338	2013-01-08	11.86	11.99	11.72	11.94	32028	11.66	002226	江南化工	SZ	11.86	11.58	
338	2013-01-08	16.48	17.28	16.47	16.75	10384	16.68	002227	奥 特 迅	SZ	16.3	16.23	
338	2013-01-08	4.48	4.61	4.44	4.58	39094	4.51	002228	合兴包装	SZ	4.48	4.41	
338	2013-01-08	5.84	6.04	5.83	5.93	67681	5.89	002229	鸿博股份	SZ	5.86	5.82	
338	2013-01-08	29	30.53	28.9	29.86	102656	17.42	002230	科大讯飞	SZ	28.9	16.86	
338	2013-01-08	6.16	6.49	6.05	6.31	141405	6.31	002231	奥维通信	SZ	6.09	6.09	
338	2013-01-08	6.25	6.53	6.21	6.47	60904	6.46	002232	启明信息	SZ	6.23	6.22	
338	2013-01-08	8.52	8.56	8.37	8.5	143764	8.42	002233	塔牌集团	SZ	8.51	8.43	
338	2013-01-08	9.6	9.6	9.43	9.56	34839	9.56	002234	民和股份	SZ	9.64	9.64	
338	2013-01-08	6.7	6.82	6.66	6.8	32459	6.59	002235	安妮股份	SZ	6.71	6.5	
338	2013-01-08	20.8	21.66	20.64	21.5	89993	10.7	002236	大华股份	SZ	20.98	10.44	
338	2013-01-08	22.27	22.75	22.06	22.43	132507	22.43	002237	恒邦股份	SZ	22.38	22.38	
338	2013-01-08	10.8	10.93	10.53	10.83	30711	10.75	002238	天威视讯	SZ	10.92	10.84	
338	2013-01-08	12.7	13.12	12.58	12.8	162346	12.78	002239	金 飞 达	SZ	13.32	13.3	
338	2013-01-08	4.07	4.08	4	4.07	97963	4.07	002240	威华股份	SZ	4.07	4.07	
338	2013-01-08	19.71	20.2	19.39	19.98	113971	11.06	002241	歌尔声学	SZ	19.59	10.85	
338	2013-01-08	7.05	7.09	6.95	7.01	23884	6.29	002242	九阳股份	SZ	7.05	6.32	
338	2013-01-08	6.75	6.84	6.68	6.83	20803	6.81	002243	通产丽星	SZ	6.76	6.74	
338	2013-01-08	11.05	11.06	10.64	10.79	136806	10.69	002244	滨江集团	SZ	11.03	10.93	
338	2013-01-08	5.59	5.62	5.46	5.58	27405	5.5	002245	澳洋顺昌	SZ	5.57	5.49	
338	2013-01-08	7.9	7.94	7.81	7.89	7198	7.86	002246	北化股份	SZ	7.92	7.89	
338	2013-01-08	6.57	7.18	6.47	7.18	89736	3.51	002247	帝龙新材	SZ	6.53	3.19	
338	2013-01-08	6.88	7.04	6.82	7.04	52068	7.04	002248	华东数控	SZ	6.94	6.94	
338	2013-01-08	7.01	7.01	6.81	6.93	70882	6.84	002249	大洋电机	SZ	7.04	6.95	
338	2013-01-08	19.19	19.85	19.1	19.68	25916	19.6	002250	联化科技	SZ	19.18	19.1	
338	2013-01-08	12.25	12.49	12.13	12.45	14067	6.49	002251	步 步 高	SZ	12.33	6.43	
338	2013-01-08	14.2	15.74	14.11	15.74	113387	15.68	002252	上海莱士	SZ	14.31	14.26	
338	2013-01-08	13.68	13.73	13.41	13.5	18996	13.37	002253	川大智胜	SZ	13.55	13.41	
338	2013-01-08	6.83	7.14	6.83	7.04	42857	5.41	002254	烟台氨纶	SZ	6.85	5.27	
338	2013-01-08	13.84	14.29	13.8	14.15	35578	14.08	002255	海陆重工	SZ	13.8	13.73	
338	2013-01-08	4.78	4.85	4.72	4.81	48650	4.8	002256	彩虹精化	SZ	4.83	4.82	
338	2013-01-08	11.3	11.3	10.97	11.13	27309	11.05	002258	利尔化学	SZ	11.14	11.06	
338	2013-01-08	3.56	3.59	3.49	3.53	263956	3.53	002259	升达林业	SZ	3.58	3.58	
338	2013-01-08	6.02	6.07	5.91	5.97	24062	5.9	002260	伊 立 浦	SZ	6.02	5.95	
338	2013-01-08	8.05	8.62	8.03	8.4	149644	8.39	002261	拓维信息	SZ	8.07	8.06	
338	2013-01-08	20.58	22.73	20.58	22	25121	17.55	002262	恩华药业	SZ	20.66	16.48	
338	2013-01-08	4.81	4.88	4.78	4.85	60355	4.04	002263	大 东 南	SZ	4.82	4.01	
338	2013-01-08	5.03	5.17	4.95	5.16	96151	5.12	002264	新 华 都	SZ	5.02	4.98	
338	2013-01-08	5.78	6.15	5.75	6.04	49132	6.04	002265	西仪股份	SZ	5.78	5.78	
338	2013-01-08	3.31	3.52	3.26	3.44	499111	1.7	002266	浙富股份	SZ	3.29	1.63	
338	2013-01-08	8.14	8.19	8.08	8.12	49830	7.98	002267	陕天然气	SZ	8.12	7.98	
338	2013-01-08	9.6	9.96	9.53	9.82	66316	9.82	002268	卫 士 通	SZ	9.64	9.64	
338	2013-01-08	12.71	12.98	12.48	12.98	181934	12.33	002269	美邦服饰	SZ	12.68	12.04	
338	2013-01-08	5.77	5.85	5.73	5.82	18995	5.74	002270	法因数控	SZ	5.77	5.69	
338	2013-01-08	15.78	16.28	15.66	16.21	62630	15.94	002271	东方雨虹	SZ	15.8	15.54	
338	2013-01-08	6.12	6.56	6.05	6.34	200382	6.33	002272	川润股份	SZ	6.12	6.11	
338	2013-01-08	14.07	14.69	13.87	14.63	54591	9.69	002273	水晶光电	SZ	14.03	9.29	
338	2013-01-08	6.82	6.87	6.66	6.78	39219	6.78	002274	华昌化工	SZ	6.92	6.92	
338	2013-01-08	13.83	14.27	13.72	14.17	19771	13.32	002275	桂林三金	SZ	13.83	13	
338	2013-01-08	5.22	5.44	5.16	5.38	91101	5.33	002276	万马电缆	SZ	5.22	5.17	
338	2013-01-08	10.32	10.45	9.99	10.33	115785	10.23	002277	友阿股份	SZ	10.32	10.22	
338	2013-01-08	9.5	9.82	9.38	9.71	47389	8.72	002278	神开股份	SZ	9.45	8.49	
338	2013-01-08	7.93	8.15	7.83	8.14	35047	7.99	002279	久其软件	SZ	7.93	7.78	
338	2013-01-08	9.5	9.71	9.36	9.6	13718	9.24	002280	新世纪	SZ	9.51	9.16	
338	2013-01-08	19.21	19.69	18.91	19.46	21329	19.28	002281	光迅科技	SZ	19.31	19.14	
338	2013-01-08	7.51	7.66	7.44	7.55	15416	7.5	002282	博深工具	SZ	7.51	7.46	
338	2013-01-08	6.09	6.33	6.09	6.33	53222	6.31	002283	天润曲轴	SZ	6.1	6.08	
338	2013-01-08	5.65	5.79	5.62	5.79	29177	5.73	002284	亚太股份	SZ	5.66	5.6	
338	2013-01-08	10.15	10.15	9.77	10.15	41342	7.62	002285	世联地产	SZ	10.16	7.63	
338	2013-01-08	12.8	13.8	12.73	13.25	48345	13.13	002286	保龄宝	SZ	12.79	12.68	
338	2013-01-08	14.55	15.27	14.55	14.93	15570	14.72	002287	奇正藏药	SZ	14.55	14.34	
338	2013-01-08	8.26	8.38	8.15	8.32	60839	6.92	002288	超华科技	SZ	8.26	6.87	
338	2013-01-08	11.4	11.57	11.2	11.44	43480	11.44	002289	宇顺电子	SZ	11.47	11.47	
338	2013-01-08	8.74	9.16	8.65	9	37287	8.9	002290	禾盛新材	SZ	8.8	8.7	
338	2013-01-08	5.87	5.91	5.76	5.88	25578	5.88	002291	星期六	SZ	5.87	5.87	
338	2013-01-08	13.33	13.59	13.2	13.36	63319	8.88	002292	奥飞动漫	SZ	13.47	8.95	
338	2013-01-08	21.5	21.98	21.12	21.8	37390	10.61	002293	罗莱家纺	SZ	21.57	10.5	
338	2013-01-08	26.28	26.66	25.92	26.47	36913	17.36	002294	信立泰	SZ	26.27	17.23	
338	2013-01-08	6.21	6.31	6.12	6.31	25628	6.31	002295	精艺股份	SZ	6.23	6.23	
338	2013-01-08	13.54	14.2	13.41	14.12	81167	13.98	002296	辉煌科技	SZ	13.65	13.51	
338	2013-01-08	7.89	8.22	7.82	8.14	100981	5.41	002297	博云新材	SZ	7.93	5.27	
338	2013-01-08	8.35	8.55	8.21	8.49	75066	8.47	002298	鑫龙电器	SZ	8.26	8.24	
338	2013-01-08	10.54	10.71	10.39	10.64	71787	10.64	002299	圣农发展	SZ	10.48	10.48	
338	2013-01-08	6.99	7.24	6.99	7.2	34383	6.93	002300	太阳电缆	SZ	7.04	6.78	
338	2013-01-08	5.42	5.59	5.4	5.51	26535	5.49	002301	齐心文具	SZ	5.42	5.4	
338	2013-01-08	10.69	11.08	10.63	10.97	57324	8.47	002302	西部建设	SZ	10.69	8.26	
338	2013-01-08	8.57	9.35	8.55	9.34	59439	4.64	002303	美盈森	SZ	8.61	4.28	
338	2013-01-08	90.8	95.8	90.5	95.8	82267	93.1	002304	洋河股份	SZ	90.8	88.25	
338	2013-01-08	6.11	6.19	6.05	6.15	89061	6.07	002305	南国置业	SZ	6.13	6.05	
338	2013-01-08	4.91	5.2	4.86	5.1	169042	2.49	002306	湘鄂情	SZ	4.91	2.4	
338	2013-01-08	7.03	7.03	6.86	6.92	71291	6.92	002307	北新路桥	SZ	7.04	7.04	
338	2013-01-08	7.48	7.75	7.4	7.52	45728	5.62	002308	威创股份	SZ	7.5	5.61	
338	2013-01-08	11.58	11.65	11.34	11.55	95008	11.47	002309	中利科技	SZ	11.67	11.59	
338	2013-01-08	28.97	29.88	28.88	29.42	28394	14.65	002310	东方园林	SZ	29.15	14.51	
338	2013-01-08	16.65	16.65	16.45	16.55	16797	16.44	002311	海大集团	SZ	16.54	16.43	
338	2013-01-08	4.98	5.14	4.92	5.09	42460	2.5	002312	三泰电子	SZ	4.98	2.44	
338	2013-01-08	13.65	14.06	13.62	13.62	31761	10.34	002313	日海通讯	SZ	13.61	10.33	
338	2013-01-08	6.96	7.08	6.93	7.04	13295	7.04	002314	雅致股份	SZ	6.98	6.98	
338	2013-01-08	31.35	31.72	30.8	31.52	13251	30.74	002315	焦点科技	SZ	31.65	30.87	
338	2013-01-08	6.12	6.25	6.06	6.2	45488	5.15	002316	键桥通讯	SZ	6.12	5.09	
338	2013-01-08	15.82	15.82	15.43	15.58	78028	7.58	002317	众生药业	SZ	15.84	7.71	
338	2013-01-08	12.29	12.63	12.15	12.32	49834	12.24	002318	久立特材	SZ	12.2	12.12	
338	2013-01-08	7.38	7.96	7.28	7.96	287995	3.95	002319	乐通股份	SZ	7.24	3.59	
338	2013-01-08	9.55	9.68	9.51	9.65	59519	9.54	002320	海峡股份	SZ	9.62	9.51	
338	2013-01-08	6.99	7.12	6.85	6.97	185198	6.97	002321	华英农业	SZ	7.08	7.08	
338	2013-01-08	7.96	8.15	7.82	8.1	37234	4.02	002322	理工监测	SZ	7.96	3.95	
338	2013-01-08	13.25	13.57	13.15	13.57	7546	10.07	002323	中联电气	SZ	13.31	9.88	
338	2013-01-08	12.24	12.32	12.13	12.28	9548	12.22	002324	普利特	SZ	12.27	12.21	
338	2013-01-08	9.81	10.23	9.74	10.17	159148	6.75	002325	洪涛股份	SZ	10.4	6.9	
338	2013-01-08	11.3	11.7	11.3	11.64	25987	11.53	002326	永太科技	SZ	11.37	11.26	
338	2013-01-08	17.09	17.61	16.84	17.61	25176	8.62	002327	富安娜	SZ	17.11	8.37	
338	2013-01-08	5.91	5.95	5.86	5.92	11896	5.9	002328	新朋股份	SZ	5.91	5.89	
338	2013-01-08	9.44	9.56	9.26	9.55	36080	9.42	002329	皇氏乳业	SZ	9.35	9.23	
338	2013-01-08	5.44	5.56	5.26	5.51	62784	2.75	002330	得利斯	SZ	5.47	2.73	
338	2013-01-08	7.28	7.5	7.12	7.4	35152	4.57	002331	皖通科技	SZ	7.24	4.47	
338	2013-01-08	9.71	10.1	9.67	10	26206	9.86	002332	仙琚制药	SZ	9.73	9.59	
338	2013-01-08	8.82	8.88	8.62	8.72	19271	8.55	002333	罗普斯金	SZ	8.87	8.7	
338	2013-01-08	8.31	8.51	8.05	8.39	77890	5.19	002334	英威腾	SZ	8.27	5.12	
338	2013-01-08	9.14	9.14	8.9	9.06	12935	8.97	002335	科华恒盛	SZ	9.11	9.02	
338	2013-01-08	9.26	9.26	9.11	9.2	8087	9.2	002336	人人乐	SZ	9.23	9.23	
338	2013-01-08	9.64	9.99	9.56	9.8	22972	9.37	002337	赛象科技	SZ	9.62	9.19	
338	2013-01-08	17.45	17.63	17.28	17.53	7387	17.3	002338	奥普光电	SZ	17.25	17.03	
338	2013-01-08	7.63	7.82	7.47	7.59	80069	3.77	002339	积成电子	SZ	7.65	3.79	
338	2013-01-08	8.96	9.29	8.91	9.2	207366	7.05	002340	格林美	SZ	8.97	6.87	
338	2013-01-08	9.65	10	9.61	9.88	49809	9.82	002341	新纶科技	SZ	9.7	9.64	
338	2013-01-08	7.06	7.34	6.93	7.29	79989	7.27	002342	巨力索具	SZ	7.08	7.06	
338	2013-01-08	8.24	8.38	8.11	8.36	10030	8.06	002343	禾欣股份	SZ	8.25	7.96	
338	2013-01-08	12.8	13.15	12.8	12.93	27323	6.39	002344	海宁皮城	SZ	12.9	6.38	
338	2013-01-08	9.43	9.48	9.22	9.44	31163	4.61	002345	潮宏基	SZ	9.47	4.62	
338	2013-01-08	5.82	5.91	5.72	5.91	25142	2.91	002346	柘中建设	SZ	5.81	2.86	
338	2013-01-08	8.91	9.1	8.78	8.94	35410	4.94	002347	泰尔重工	SZ	8.92	4.93	
338	2013-01-08	3.97	4.04	3.95	4	34471	1.97	002348	高乐股份	SZ	3.97	1.96	
338	2013-01-08	9.82	10.34	9.75	10.3	56490	10.26	002349	精华制药	SZ	9.8	9.76	
338	2013-01-08	10.76	10.95	10.56	10.91	10988	10.7	002350	北京科锐	SZ	10.74	10.53	
338	2013-01-08	8.98	9.15	8.65	8.82	72254	8.62	002351	漫步者	SZ	9.04	8.84	
338	2013-01-08	19.95	20.33	19.85	20.08	4550	19.78	002352	鼎泰新材	SZ	19.95	19.65	
338	2013-01-08	36.19	38.15	36.19	37.92	41674	29.08	002353	杰瑞股份	SZ	36.15	27.72	
338	2013-01-08	9.96	10.1	9.86	10.05	8622	10.02	002354	科冕木业	SZ	9.97	9.94	
338	2013-01-08	6.04	6.26	5.96	6.18	79669	3.08	002355	兴民钢圈	SZ	6.05	3.01	
338	2013-01-08	8.24	8.25	8.08	8.21	19210	7.96	002357	富临运业	SZ	8.24	7.99	
338	2013-01-08	12.23	12.92	12.19	12.92	57940	12.82	002358	森源电气	SZ	12.24	12.14	
338	2013-01-08	14.73	15.16	14.73	14.93	23199	4.85	002360	同德化工	SZ	14.77	4.8	
338	2013-01-08	5.36	5.71	5.29	5.58	165827	2.97	002361	神剑股份	SZ	5.22	2.77	
338	2013-01-08	9.49	9.49	9.28	9.46	28835	9.46	002362	汉王科技	SZ	9.45	9.45	
338	2013-01-08	13.68	13.68	13.09	13.5	16505	13.5	002363	隆基机械	SZ	13.43	13.43	
338	2013-01-08	7.93	8.43	7.9	8.34	35557	4.12	002364	中恒电气	SZ	7.99	3.95	
338	2013-01-08	9.54	9.76	9.47	9.61	17634	9.42	002365	永安药业	SZ	9.56	9.37	
338	2013-01-08	7.86	7.86	7.72	7.83	11828	7.68	002366	丹甫股份	SZ	7.82	7.67	
338	2013-01-08	4.61	4.7	4.58	4.7	82812	2.18	002367	康力电梯	SZ	4.61	2.14	
338	2013-01-08	14.85	15.32	14.76	15.28	14438	15.16	002368	太极股份	SZ	14.88	14.76	
338	2013-01-08	16.45	16.95	16.1	16.87	13169	16.71	002369	卓翼科技	SZ	16.45	16.29	
338	2013-01-08	7.43	7.59	7.41	7.52	23254	7.52	002370	亚太药业	SZ	7.44	7.44	
338	2013-01-08	15.51	15.79	15.41	15.69	5120	7.81	002371	七星电子	SZ	15.64	7.78	
338	2013-01-08	12.99	13.43	12.78	13.42	62726	9.77	002372	伟星新材	SZ	13.06	9.51	
338	2013-01-08	5.45	5.53	5.34	5.45	22726	2.72	002373	联信永益	SZ	5.41	2.7	
338	2013-01-08	8.27	8.55	8.18	8.26	36773	4.42	002374	丽鹏股份	SZ	8.29	4.44	
338	2013-01-08	26.02	26.35	25.43	26.18	15838	26.1	002375	亚厦股份	SZ	26.16	26.08	
338	2013-01-08	7.88	8.2	7.83	8.2	42869	4.02	002376	新北洋	SZ	7.84	3.85	
338	2013-01-08	7.35	7.47	7.17	7.21	63098	7.21	002377	国创高新	SZ	7.28	7.28	
338	2013-01-08	23.9	24.6	23.56	24.43	26160	24.22	002378	章源钨业	SZ	23.74	23.54	
338	2013-01-08	5.14	5.26	5.07	5.26	57514	2.63	002379	鲁丰股份	SZ	5.15	2.58	
338	2013-01-08	22.91	24	22.75	23.67	7565	23.52	002380	科远股份	SZ	22.99	22.84	
338	2013-01-08	8.01	8.13	7.86	8.05	67191	3.86	002381	双箭股份	SZ	8.04	3.85	
338	2013-01-08	8.7	8.78	8.48	8.7	30559	8.64	002382	蓝帆股份	SZ	8.67	8.61	
338	2013-01-08	17.38	19.26	17.18	18.77	70283	18.77	002383	合众思壮	SZ	17.61	17.61	
338	2013-01-08	8.97	9.17	8.89	9.15	49506	9.15	002384	东山精密	SZ	8.98	8.98	
338	2013-01-08	10.36	10.91	10.36	10.91	101349	5.39	002385	大北农	SZ	10.5	5.19	
338	2013-01-08	6.54	6.65	6.45	6.6	44572	6.55	002386	天原集团	SZ	6.51	6.46	
338	2013-01-08	9.11	9.2	8.95	9.1	27241	9.07	002387	黑牛食品	SZ	9.13	9.1	
338	2013-01-08	7.58	7.88	7.52	7.59	7951	7.51	002388	新亚制程	SZ	7.62	7.54	
338	2013-01-08	6.3	6.49	6.3	6.43	39709	3.19	002389	南洋科技	SZ	6.34	3.14	
338	2013-01-08	15.09	16.35	15.02	16.01	52041	15.96	002390	信邦制药	SZ	15.09	15.04	
338	2013-01-08	11.51	11.8	11.45	11.53	19628	7.42	002391	长青股份	SZ	11.49	7.4	
338	2013-01-08	7.64	8.2	7.58	7.96	211713	7.91	002392	北京利尔	SZ	7.63	7.58	
338	2013-01-08	32.15	32.46	31.82	32.26	14668	31.57	002393	力生制药	SZ	32.13	31.44	
338	2013-01-08	11.61	11.81	11.53	11.78	17995	11.43	002394	联发股份	SZ	11.66	11.32	
338	2013-01-08	6.87	6.93	6.79	6.82	15153	3.33	002395	双象股份	SZ	6.88	3.36	
338	2013-01-08	15.5	15.97	15.41	15.79	35268	15.55	002396	星网锐捷	SZ	15.5	15.27	
338	2013-01-08	11.75	12.24	11.7	12.18	25212	11.93	002397	梦洁家纺	SZ	11.74	11.49	
338	2013-01-08	15.25	15.38	14.97	15.16	17450	11.6	002398	建研集团	SZ	15.25	11.67	
338	2013-01-08	19.08	19.35	18.85	19.14	38966	18.58	002399	海普瑞	SZ	18.99	18.44	
338	2013-01-08	11.15	11.59	11.1	11.56	36374	5.74	002400	省广股份	SZ	11.18	5.55	
338	2013-01-08	11.55	11.71	11.33	11.48	127933	11.43	002401	交技发展	SZ	11.64	11.59	
338	2013-01-08	7.33	7.46	7.23	7.41	30631	4.76	002402	和而泰	SZ	7.38	4.74	
338	2013-01-08	8.45	8.62	8.43	8.49	17261	8.49	002403	爱仕达	SZ	8.47	8.47	
338	2013-01-08	7.2	7.49	7.18	7.47	66793	7.07	002404	嘉欣丝绸	SZ	7.19	6.81	
338	2013-01-08	9.58	10.49	9.57	10.12	303766	8.36	002405	四维图新	SZ	9.67	7.99	
338	2013-01-08	7.98	8.1	7.89	8.09	26320	7.89	002406	远东传动	SZ	7.94	7.74	
338	2013-01-08	14.19	14.55	13.99	14.38	42185	14.3	002407	多氟多	SZ	14.14	14.06	
338	2013-01-08	16.84	17.42	16.66	17.2	38705	16.83	002408	齐翔腾达	SZ	16.83	16.47	
338	2013-01-08	14.53	15.95	14.32	15.83	23482	15.57	002409	雅克科技	SZ	14.53	14.29	
338	2013-01-08	13.3	13.55	13.15	13.55	21181	10.18	002410	广联达	SZ	13.31	10	
338	2013-01-08	6.83	6.93	6.7	6.88	68692	4.56	002411	九九久	SZ	6.83	4.53	
338	2013-01-08	19.1	19.45	19.07	19.18	11480	19.18	002412	汉森制药	SZ	19.26	19.26	
338	2013-01-08	8.38	8.43	8.19	8.32	71481	8.21	002413	常发股份	SZ	8.34	8.23	
338	2013-01-08	8.1	8.23	8.01	8.19	42466	4.06	002414	高德红外	SZ	8.1	4.02	
338	2013-01-08	5.38	5.69	5.35	5.54	58604	5.54	002416	爱施德	SZ	5.39	5.39	
338	2013-01-08	6.48	6.83	6.42	6.74	77426	6.74	002417	三元达	SZ	6.5	6.5	
338	2013-01-08	7.13	7.27	7.03	7.22	46644	7.18	002418	康盛股份	SZ	7.1	7.06	
338	2013-01-08	12.05	12.7	11.95	12.25	47301	11.9	002419	天虹商场	SZ	12.05	11.7	
338	2013-01-08	6.25	6.28	6.16	6.21	26211	6.19	002420	毅昌股份	SZ	6.29	6.27	
338	2013-01-08	16.29	16.81	15.9	16.62	44854	16.58	002421	达实智能	SZ	16.3	16.26	
338	2013-01-08	58.9	60.49	57.76	58	31348	57.79	002422	科伦药业	SZ	58.95	58.73	
338	2013-01-08	8.81	9.28	8.66	9.07	191548	9.05	002423	中原特钢	SZ	8.81	8.79	
338	2013-01-08	15.9	16.5	15.82	16.18	81217	15.84	002424	贵州百灵	SZ	15.91	15.58	
338	2013-01-08	6.04	6.04	5.88	5.97	26868	4.95	002425	凯撒股份	SZ	6.01	4.97	
338	2013-01-08	12.6	12.84	12.54	12.82	13971	6.32	002426	胜利精密	SZ	12.6	6.21	
338	2013-01-08	6.85	7.06	6.84	7.02	53903	7.01	002427	尤夫股份	SZ	6.84	6.83	
338	2013-01-08	11.36	11.49	11.18	11.48	126254	5.68	002428	云南锗业	SZ	11.36	5.62	
338	2013-01-08	8.81	9.09	8.77	9.05	75605	5.91	002429	兆驰股份	SZ	8.81	5.75	
338	2013-01-08	9.98	10.54	9.85	10.44	128642	10.25	002430	杭氧股份	SZ	10	9.82	
338	2013-01-08	18.77	18.9	18.44	18.67	45634	15.52	002431	棕榈园林	SZ	18.83	15.66	
338	2013-01-08	4.89	5.12	4.83	5	99646	3.33	002432	九安医疗	SZ	4.88	3.25	
338	2013-01-08	12.11	12.4	11.97	12.21	70768	5.03	002433	太安堂	SZ	12.08	4.98	
338	2013-01-08	7.18	7.4	7.08	7.18	41304	7.01	002434	万里扬	SZ	7.19	7.02	
338	2013-01-08	6.84	7.05	6.73	7	107577	4.61	002435	长江润发	SZ	6.85	4.51	
338	2013-01-08	14.82	16.15	14.75	15.68	31496	15.42	002436	兴森科技	SZ	14.79	14.55	
338	2013-01-08	19.11	19.2	18.73	19.1	37128	18.71	002437	誉衡药业	SZ	19.11	18.72	
338	2013-01-08	13.15	13.79	13	13.24	62533	13.2	002438	江苏神通	SZ	12.86	12.82	
338	2013-01-08	14.13	14.58	14	14.37	30341	14.3	002439	启明星辰	SZ	14.1	14.04	
338	2013-01-08	6.2	6.22	6.09	6.18	42128	2.99	002440	闰土股份	SZ	6.21	3.01	
338	2013-01-08	12.88	13.14	12.75	13.02	21825	12.77	002441	众业达	SZ	12.85	12.61	
338	2013-01-08	5	5.07	4.97	5.03	43812	5.03	002442	龙星化工	SZ	5.04	5.04	
338	2013-01-08	6.82	7	6.78	6.96	100635	5.73	002443	金洲管道	SZ	6.83	5.63	
338	2013-01-08	5.3	5.57	5.28	5.39	147313	2.61	002444	巨星科技	SZ	5.35	2.58	
338	2013-01-08	8.34	8.51	8.31	8.43	43303	8.38	002445	中南重工	SZ	8.36	8.31	
338	2013-01-08	9.24	10.13	9.19	9.75	38085	9.71	002446	盛路通信	SZ	9.26	9.22	
338	2013-01-08	23.05	23.89	22.61	23.6	63844	23.53	002447	壹桥苗业	SZ	23	22.93	
338	2013-01-08	13.43	14.38	13.4	13.99	71555	6.74	002448	中原内配	SZ	13.49	6.5	
338	2013-01-08	6.76	6.79	6.62	6.77	44884	6.63	002449	国星光电	SZ	6.83	6.69	
338	2013-01-08	15.24	16.13	15.2	15.87	78310	10.55	002450	康得新	SZ	15.27	10.15	
338	2013-01-08	13.98	14.5	13.78	14.24	31786	7.06	002451	摩恩电气	SZ	13.96	6.92	
338	2013-01-08	23.3	24.14	23.3	23.8	31241	11.65	002452	长高集团	SZ	23.54	11.53	
338	2013-01-08	18.28	18.3	17.98	18.28	37183	4.5	002453	天马精化	SZ	18.28	4.5	
338	2013-01-08	8.6	8.76	8.52	8.64	18567	8.64	002454	松芝股份	SZ	8.6	8.6	
338	2013-01-08	11	11.69	10.86	11.46	237766	2.82	002456	欧菲光	SZ	10.85	2.67	
338	2013-01-08	9.87	10.11	9.82	9.91	114149	9.88	002457	青龙管业	SZ	9.89	9.86	
338	2013-01-08	9.55	9.59	9.27	9.5	28534	9.5	002458	益生股份	SZ	9.55	9.55	
338	2013-01-08	6.34	6.47	6.24	6.45	53991	6.45	002459	天业通联	SZ	6.36	6.36	
338	2013-01-08	20.63	21	20.5	20.75	34325	20.59	002460	赣锋锂业	SZ	20.67	20.51	
338	2013-01-08	8.73	8.95	8.66	8.94	19767	8.93	002461	珠江啤酒	SZ	8.75	8.74	
338	2013-01-08	8.07	8.28	8.07	8.16	15025	8.08	002462	嘉事堂	SZ	8.11	8.03	
338	2013-01-08	3.72	3.78	3.69	3.76	47282	2.99	002463	沪电股份	SZ	3.72	2.96	
338	2013-01-08	14.19	14.68	14.08	14.6	9069	14.41	002464	金利科技	SZ	14.19	14	
338	2013-01-08	14.99	16.26	14.97	16.11	128534	7.88	002465	海格通信	SZ	14.78	7.23	
338	2013-01-08	30.95	31.56	30.76	31.21	27838	31.14	002466	天齐锂业	SZ	31.2	31.13	
338	2013-01-08	10.59	11.65	10.59	11.65	117381	11.5	002467	二六三	SZ	10.59	10.45	
338	2013-01-08	6.75	6.79	6.62	6.74	42088	5.62	002468	艾迪西	SZ	6.76	5.63	
338	2013-01-08	19.01	19.46	18.63	19.36	13883	9.81	002469	三维工程	SZ	18.98	9.62	
338	2013-01-08	14.5	14.59	14.36	14.52	19370	14.41	002470	金正大	SZ	14.53	14.42	
338	2013-01-08	6.29	6.41	6.17	6.4	37185	3.12	002471	中超电缆	SZ	6.26	3.05	
338	2013-01-08	7.84	8.06	7.61	8.04	46532	7.98	002472	双环传动	SZ	7.88	7.82	
338	2013-01-08	7.38	7.73	7.26	7.49	38539	7.37	002473	圣莱达	SZ	7.38	7.26	
338	2013-01-08	9.71	9.99	9.59	9.94	106701	6.54	002474	榕基软件	SZ	9.61	6.32	
338	2013-01-08	18.51	19.33	18.24	19.2	31708	12.75	002475	立讯精密	SZ	18.43	12.23	
338	2013-01-08	6.35	6.76	6.27	6.63	482051	4.4	002476	宝莫股份	SZ	6.36	4.22	
338	2013-01-08	11.46	11.77	11.34	11.64	62452	7.14	002477	雏鹰农牧	SZ	11.53	7.08	
338	2013-01-08	10.24	10.48	10.07	10.39	28593	10.22	002478	常宝股份	SZ	10.23	10.07	
338	2013-01-08	7.35	7.59	7.29	7.43	66726	4.25	002479	富春环保	SZ	7.35	4.21	
338	2013-01-08	12.58	12.7	12.28	12.41	28552	12.41	002480	新筑股份	SZ	12.64	12.64	
338	2013-01-08	7.42	7.66	7.38	7.59	64836	3.79	002481	双塔食品	SZ	7.45	3.72	
338	2013-01-08	19.79	20	19.65	19.9	13922	19.8	002482	广田股份	SZ	19.8	19.7	
338	2013-01-08	7.92	7.92	7.75	7.82	23358	7.61	002483	润邦股份	SZ	7.91	7.7	
338	2013-01-08	12.38	12.9	12.2	12.43	67032	12.36	002484	江海股份	SZ	12.58	12.51	
338	2013-01-08	7.8	7.94	7.75	7.85	28633	7.66	002485	希努尔	SZ	7.81	7.62	
338	2013-01-08	3.59	3.65	3.58	3.63	42249	0.87	002486	嘉麟杰	SZ	3.6	0.86	
338	2013-01-08	4.72	4.82	4.66	4.76	26618	2.36	002487	大金重工	SZ	4.72	2.34	
338	2013-01-08	8.21	8.28	8.12	8.21	26531	8.08	002488	金固股份	SZ	8.13	8	
338	2013-01-08	8.89	8.99	8.78	8.92	22332	8.65	002489	浙江永强	SZ	8.81	8.54	
338	2013-01-08	10.95	11.35	10.81	11.26	192240	11.2	002490	山东墨龙	SZ	10.9	10.84	
338	2013-01-08	10.03	11.03	9.91	10.49	39315	10.29	002491	通鼎光电	SZ	10.04	9.84	
338	2013-01-08	13.82	14.05	13.71	13.83	17940	13.64	002494	华斯股份	SZ	13.88	13.68	
338	2013-01-08	5.58	5.68	5.57	5.68	30415	5.59	002495	佳隆股份	SZ	5.58	5.49	
338	2013-01-08	13.61	14.04	13.53	13.76	43907	6.88	002496	辉丰股份	SZ	13.74	6.86	
338	2013-01-08	9.33	9.54	9.14	9.49	25410	9.36	002497	雅化集团	SZ	9.34	9.21	
338	2013-01-08	6.03	6.13	6	6.11	54244	3.99	002498	汉缆股份	SZ	6.01	3.93	
338	2013-01-08	14.72	15.79	14.64	15.1	37378	15.07	002499	科林环保	SZ	14.77	14.74	
338	2013-01-08	7.15	7.19	6.97	7.08	257246	7.03	002500	山西证券	SZ	7.17	7.12	
338	2013-01-08	10.43	10.52	10.26	10.45	80782	5.72	002501	利源铝业	SZ	10.46	5.72	
338	2013-01-08	9.27	9.41	9.16	9.3	17647	9.24	002502	骅威股份	SZ	9.31	9.25	
338	2013-01-08	15.08	15.89	15.08	15.89	13864	10.26	002503	搜于特	SZ	15.27	9.86	
338	2013-01-08	7.05	7.18	6.96	7.15	19908	5.48	002504	东光微电	SZ	7.05	5.41	
338	2013-01-08	7.4	7.4	7.18	7.31	89844	7.31	002505	大康牧业	SZ	7.43	7.43	
338	2013-01-08	23.5	24.87	23.09	24.35	18101	24.03	002507	涪陵榨菜	SZ	23.5	23.19	
338	2013-01-08	19.75	20.15	19.39	19.52	23278	19.35	002508	老板电器	SZ	19.62	19.45	
338	2013-01-08	7.16	7.8	7.1	7.8	310589	3.87	002509	天广消防	SZ	7.09	3.51	
338	2013-01-08	19.02	20.78	19.02	19.66	19427	9.58	002510	天汽模	SZ	18.98	9.25	
338	2013-01-08	13.36	13.57	13.17	13.51	21364	8.91	002511	中顺洁柔	SZ	13.37	8.82	
338	2013-01-08	9.67	10.21	9.58	10.06	111783	10.06	002512	达华智能	SZ	9.68	9.68	
338	2013-01-08	10.5	10.5	10.25	10.4	34926	10.31	002513	蓝丰生化	SZ	10.48	10.38	
338	2013-01-08	27.92	27.94	27.02	27.4	19358	13.59	002514	宝馨科技	SZ	27.92	13.85	
338	2013-01-08	13.29	13.85	13.03	13.21	19078	13.12	002515	金字火腿	SZ	12.85	12.76	
338	2013-01-08	8.14	8.4	8.1	8.31	59803	8.19	002516	江苏旷达	SZ	8.12	8.01	
338	2013-01-08	8.51	8.67	8.37	8.61	23969	8.61	002517	泰亚股份	SZ	8.48	8.48	
338	2013-01-08	9.84	10.16	9.72	9.98	22229	7.02	002518	科士达	SZ	9.86	6.94	
338	2013-01-08	8.69	8.98	8.69	8.93	24122	5.68	002519	银河电子	SZ	8.73	5.56	
338	2013-01-08	8.43	8.65	8.31	8.6	30928	5.3	002520	日发数码	SZ	8.43	5.2	
338	2013-01-08	7.3	7.76	7.28	7.64	127446	3.68	002521	齐峰股份	SZ	7.41	3.57	
338	2013-01-08	15.8	16.09	15.63	16.04	13834	15.35	002522	浙江众成	SZ	15.68	15	
338	2013-01-08	4.1	4.18	4.03	4.17	103498	3.18	002523	天桥起重	SZ	4.09	3.12	
338	2013-01-08	4.09	4.15	4.05	4.1	100441	2.41	002524	光正钢构	SZ	4.09	2.4	
338	2013-01-08	5.81	6.04	5.79	5.96	296012	5.92	002526	山东矿机	SZ	5.81	5.78	
338	2013-01-08	7.28	7.42	7.21	7.36	23317	4.26	002527	新时达	SZ	7.28	4.21	
338	2013-01-08	8.21	8.42	8.18	8.4	27860	8.25	002528	英飞拓	SZ	8.23	8.08	
338	2013-01-08	7.95	8.19	7.85	8.1	19218	8.08	002529	海源机械	SZ	7.92	7.9	
338	2013-01-08	5.85	6.05	5.77	6.05	22632	5.95	002530	丰东股份	SZ	5.81	5.72	
338	2013-01-08	8.02	8.23	8.01	8.06	51843	3.93	002531	天顺风能	SZ	8.03	3.91	
338	2013-01-08	17.52	18.15	17.3	17.78	44992	17.69	002532	新界泵业	SZ	17.57	17.48	
338	2013-01-08	6.24	6.36	6.19	6.32	58620	6.11	002533	金杯电工	SZ	6.24	6.03	
338	2013-01-08	13.64	14.13	13.49	14.02	35426	13.57	002534	杭锅股份	SZ	13.59	13.15	
338	2013-01-08	7.07	7.28	6.99	7.25	66571	7.15	002535	林州重机	SZ	7.07	6.97	
338	2013-01-08	14.72	15	14.6	14.9	9918	14.73	002536	西泵股份	SZ	14.66	14.49	
338	2013-01-08	11.56	11.9	11.51	11.89	9960	11.8	002537	海立美达	SZ	11.56	11.47	
338	2013-01-08	11.42	11.95	11.31	11.71	23878	11.5	002538	司尔特	SZ	11.42	11.21	
338	2013-01-08	9.48	9.99	9.38	9.72	52274	9.3	002539	新都化工	SZ	9.29	8.89	
338	2013-01-08	6.29	6.38	6.23	6.38	42634	3.06	002540	亚太科技	SZ	6.29	3.02	
338	2013-01-08	12.9	13.3	12.75	13.26	24248	13.22	002541	鸿路钢构	SZ	12.93	12.89	
338	2013-01-08	25.52	26.3	25.1	25.88	47863	12.81	002542	中化岩土	SZ	25.5	12.62	
338	2013-01-08	8.94	9.11	8.82	9.1	20358	4.44	002543	万和电气	SZ	8.94	4.36	
338	2013-01-08	5.19	5.43	5.18	5.34	82128	2.62	002544	杰赛科技	SZ	5.2	2.55	
338	2013-01-08	12.48	13.18	12.33	12.84	29861	12.69	002545	东方铁塔	SZ	12.4	12.26	
338	2013-01-08	9.05	9.6	9.01	9.42	92556	9.42	002547	春兴精工	SZ	9.1	9.1	
338	2013-01-08	12.08	12.25	11.92	12.15	33326	11.83	002548	金新农	SZ	12.08	11.76	
338	2013-01-08	10.1	10.53	9.93	10.14	31973	6.69	002549	凯美特气	SZ	10.2	6.73	
338	2013-01-08	10.41	10.69	10.35	10.55	28308	5.01	002550	千红制药	SZ	10.45	4.96	
338	2013-01-08	13.09	13.45	12.97	13.25	46591	8.76	002551	尚荣医疗	SZ	13.16	8.7	
338	2013-01-08	10.72	10.89	10.62	10.71	7287	10.62	002552	宝鼎重工	SZ	10.92	10.83	
338	2013-01-08	6.93	7.05	6.9	6.98	9937	3.34	002553	南方轴承	SZ	6.95	3.33	
338	2013-01-08	6.92	7.56	6.88	7.29	201079	4.84	002554	惠博普	SZ	6.87	4.57	
338	2013-01-08	10.56	10.97	10.49	10.83	20205	10.51	002555	顺荣股份	SZ	10.52	10.21	
338	2013-01-08	8.13	8.24	7.6	7.79	666194	7.66	002556	辉隆股份	SZ	8.07	7.94	
338	2013-01-08	18.18	18.6	18.15	18.58	10252	18	002557	洽洽食品	SZ	18.33	17.76	
338	2013-01-08	23.51	24.18	23.48	23.95	5279	23.87	002558	世纪游轮	SZ	23.7	23.62	
338	2013-01-08	9.77	10.05	9.65	10	14304	9.81	002559	亚威股份	SZ	9.76	9.58	
338	2013-01-08	13.59	13.9	13.55	13.8	16182	13.61	002560	通达股份	SZ	13.6	13.41	
338	2013-01-08	8.51	8.58	8.38	8.58	26803	8	002561	徐家汇	SZ	8.51	7.93	
338	2013-01-08	7.94	8.13	7.87	8.13	41254	8.08	002565	上海绿新	SZ	7.94	7.89	
338	2013-01-08	16.1	16.12	15.76	15.99	26108	15.99	002566	益盛药业	SZ	16.09	16.09	
338	2013-01-08	11.04	11.15	10.9	11.04	12288	10.98	300001	特锐德	SZ	11.04	10.98	
338	2013-01-08	4.92	4.99	4.85	4.96	156627	1.44	300002	神州泰岳	SZ	4.94	1.44	
338	2013-01-08	9.27	9.54	9.2	9.48	60987	9.34	300003	乐普医疗	SZ	9.29	9.15	
338	2013-01-08	17.73	18.18	17.73	18.08	10118	18.01	300004	南风股份	SZ	17.72	17.65	
338	2013-01-08	14.09	14.25	13.88	14.08	24088	11.63	300005	探路者	SZ	14.12	11.66	
338	2013-01-08	12.33	12.7	12.15	12.7	20412	12.65	300007	汉威电子	SZ	12.32	12.28	
338	2013-01-08	6.41	6.6	6.41	6.55	31102	6.45	300008	上海佳豪	SZ	6.43	6.34	
338	2013-01-08	10.02	10.53	9.99	10.08	72153	7.99	300009	安科生物	SZ	10.13	8.03	
338	2013-01-08	6.17	6.3	6.1	6.23	49931	6.17	300010	立思辰	SZ	6.22	6.16	
338	2013-01-08	7.83	7.9	7.67	7.86	115136	2.89	300011	鼎汉技术	SZ	7.99	2.94	
338	2013-01-08	9.71	9.89	9.52	9.75	20195	4.8	300012	华测检测	SZ	9.75	4.8	
338	2013-01-08	10.13	10.14	9.77	10.06	35510	10.05	300013	新宁物流	SZ	10.22	10.21	
338	2013-01-08	11.58	12.25	11.5	12.03	127411	5.94	300014	亿纬锂能	SZ	11.68	5.77	
338	2013-01-08	16.66	17.07	16.45	17.02	13273	16.96	300015	爱尔眼科	SZ	16.66	16.6	
338	2013-01-08	7.15	7.28	7.15	7.2	14595	3.52	300016	北陆药业	SZ	7.22	3.53	
338	2013-01-08	16.09	17.23	16.02	16.94	37800	16.86	300017	网宿科技	SZ	16.14	16.06	
338	2013-01-08	5.93	6.23	5.87	6	41269	3.91	300018	中元华电	SZ	5.93	3.86	
338	2013-01-08	7.19	7.56	7.19	7.44	24124	4.56	300019	硅宝科技	SZ	7.23	4.43	
338	2013-01-08	13.61	13.87	13.41	13.48	90918	13.45	300020	银江股份	SZ	13.5	13.47	
338	2013-01-08	9.37	9.61	9.21	9.35	129571	9.35	300021	大禹节水	SZ	9.42	9.42	
338	2013-01-08	8.3	8.39	8.07	8.19	141467	8.19	300022	吉峰农机	SZ	8.35	8.35	
338	2013-01-08	8.68	8.96	8.68	8.87	10157	8.87	300023	宝德股份	SZ	8.7	8.7	
338	2013-01-08	27.32	28.09	27.21	27.88	44473	27.82	300024	机器人	SZ	27.32	27.26	
338	2013-01-08	5.96	6.29	5.89	6.24	57402	6.22	300025	华星创业	SZ	5.97	5.95	
338	2013-01-08	24.72	24.72	23.15	24.25	51372	16.12	300026	红日药业	SZ	24.17	16.07	
338	2013-01-08	7.41	7.55	7.35	7.48	110660	3.68	300027	华谊兄弟	SZ	7.49	3.68	
338	2013-01-08	5.43	5.75	5.36	5.61	74321	5.57	300028	金亚科技	SZ	5.43	5.39	
338	2013-01-08	6.38	6.5	6.28	6.43	58200	6.43	300029	天龙光电	SZ	6.38	6.38	
338	2013-01-08	17.76	17.88	17.46	17.6	65573	8.74	300030	阳普医疗	SZ	17.86	8.87	
338	2013-01-08	9.36	9.87	9.19	9.63	36226	9.36	300031	宝通带业	SZ	9.4	9.14	
338	2013-01-08	10	10.23	9.85	10.16	11253	5.05	300032	金龙机电	SZ	9.85	4.9	
338	2013-01-08	13.6	13.98	13.45	13.93	23576	13.89	300033	同花顺	SZ	13.58	13.54	
338	2013-01-08	15.8	17.29	15.61	16.24	46843	16.11	300034	钢研高纳	SZ	15.8	15.67	
338	2013-01-08	6.24	6.34	6.2	6.34	14321	4.23	300035	中科电气	SZ	6.27	4.18	
338	2013-01-08	10.5	11.26	10.5	10.98	41701	10.98	300036	超图软件	SZ	10.52	10.52	
338	2013-01-08	15.9	16.48	15.82	16.3	11629	16.17	300037	新宙邦	SZ	15.94	15.81	
338	2013-01-08	7.56	7.76	7.56	7.7	22710	7.67	300038	梅泰诺	SZ	7.62	7.59	
338	2013-01-08	9.58	9.92	9.54	9.71	81795	3.84	300039	上海凯宝	SZ	9.48	3.75	
338	2013-01-08	8.69	9.59	8.61	9.41	157313	4.58	300040	九洲电气	SZ	8.73	4.25	
338	2013-01-08	8.64	8.99	8.64	8.77	62144	5.37	300041	回天胶业	SZ	8.74	5.35	
338	2013-01-08	8.32	8.88	8.27	8.55	65438	8.48	300042	朗科科技	SZ	8.46	8.39	
338	2013-01-08	10.67	10.69	10.38	10.65	71632	3.49	300043	星辉车模	SZ	10.66	3.49	
338	2013-01-08	7.27	7.4	7.11	7.29	101560	3.28	300044	赛为智能	SZ	7.35	3.31	
338	2013-01-08	12.51	13.62	12.51	13.62	20966	13.6	300045	华力创通	SZ	12.38	12.36	
338	2013-01-08	9.15	9.22	9.02	9.17	15518	8.53	300046	台基股份	SZ	9.1	8.46	
338	2013-01-08	5.85	6.07	5.84	5.97	46041	2.91	300047	天源迪科	SZ	5.86	2.85	
338	2013-01-08	7.64	7.86	7.58	7.73	34295	7.62	300048	合康变频	SZ	7.71	7.6	
338	2013-01-08	11.47	11.71	11.39	11.6	25261	11.6	300049	福瑞股份	SZ	11.47	11.47	
338	2013-01-08	9.85	10.25	9.75	10.16	24395	10.15	300050	世纪鼎利	SZ	9.84	9.83	
338	2013-01-08	3.7	3.93	3.66	3.82	179735	1.91	300051	三五互联	SZ	3.68	1.84	
338	2013-01-08	5.51	5.76	5.47	5.64	63711	2.8	300052	中青宝	SZ	5.51	2.74	
338	2013-01-08	8.72	9.14	8.67	9.06	25012	2.94	300054	鼎龙股份	SZ	8.72	2.83	
338	2013-01-08	18.28	19.15	18.28	18.63	35698	18.57	300055	万邦达	SZ	18.23	18.17	
338	2013-01-08	9.4	9.79	9.21	9.75	46576	9.73	300056	三维丝	SZ	9.45	9.43	
338	2013-01-08	7.99	8.13	7.93	8.08	38077	8.05	300057	万顺股份	SZ	7.99	7.96	
338	2013-01-08	21.42	22.55	21.42	22.52	25635	22.47	300058	蓝色光标	SZ	21.57	21.52	
338	2013-01-08	4.65	4.74	4.59	4.69	48564	2.33	300059	东方财富	SZ	4.64	2.3	
338	2013-01-08	7.92	8.02	7.83	7.98	5554	7.98	300061	康耐特	SZ	7.92	7.92	
338	2013-01-08	8.46	8.63	8.42	8.55	13033	8.45	300062	中能电气	SZ	8.52	8.42	
338	2013-01-08	9.21	10.09	9.12	10.09	32018	9.99	300063	天龙集团	SZ	9.17	9.08	
338	2013-01-08	5.38	5.59	5.38	5.54	121133	5.5	300064	豫金刚石	SZ	5.38	5.34	
338	2013-01-08	9.48	10.48	9.47	10.48	83618	10.48	300065	海兰信	SZ	9.53	9.53	
338	2013-01-08	9.01	9.25	8.96	9.14	50221	9.05	300066	三川股份	SZ	9.05	8.96	
338	2013-01-08	6.78	6.98	6.78	6.91	33100	6.84	300067	安诺其	SZ	6.81	6.74	
338	2013-01-08	6.9	7.07	6.8	6.95	100451	3.43	300068	南都电源	SZ	6.92	3.42	
338	2013-01-08	8.14	8.31	8.07	8.29	4703	5.42	300069	金利华电	SZ	8.16	5.33	
338	2013-01-08	23.79	24.67	23.34	24.27	60184	15.16	300070	碧水源	SZ	23.79	14.86	
338	2013-01-08	14.32	14.66	14.2	14.6	21918	7.26	300071	华谊嘉信	SZ	14.38	7.15	
338	2013-01-08	8.79	9.11	8.74	9.05	55429	6.94	300072	三聚环保	SZ	8.79	6.75	
338	2013-01-08	8.41	8.62	8.34	8.47	32239	8.43	300073	当升科技	SZ	8.43	8.39	
338	2013-01-08	8.49	9.34	8.49	9.2	117270	2.75	300074	华平股份	SZ	8.49	2.54	
338	2013-01-08	20.05	21.58	20.05	20.95	24196	13.89	300075	数字政通	SZ	20.05	13.28	
338	2013-01-08	11.89	12.18	11.78	12.03	12818	12.03	300076	宁波GQY	SZ	11.91	11.91	
338	2013-01-08	14.41	14.93	14.37	14.8	57647	14.72	300077	国民技术	SZ	14.41	14.33	
338	2013-01-08	11.2	11.57	11.13	11.45	16078	11.11	300078	中瑞思创	SZ	11.22	10.88	
338	2013-01-08	16.75	17.06	16.6	16.85	32852	16.7	300079	数码视讯	SZ	16.89	16.74	
338	2013-01-08	7.2	7.79	7.15	7.56	241579	7.56	300080	新大新材	SZ	7.2	7.2	
338	2013-01-08	7.23	7.83	7.2	7.55	48389	3.73	300081	恒信移动	SZ	7.27	3.59	
338	2013-01-08	9.28	9.51	9.14	9.41	60151	7.11	300082	奥克股份	SZ	9.31	7.04	
338	2013-01-08	11.8	13	11.63	13	38929	12.93	300083	劲胜股份	SZ	11.82	11.76	
338	2013-01-08	12.34	12.78	12.24	12.7	67459	12.7	300084	海默科技	SZ	12.24	12.24	
338	2013-01-08	16	16.18	15.82	16.04	18922	7.94	300085	银之杰	SZ	16.08	7.96	
338	2013-01-08	12.76	12.95	12.5	12.9	47085	12.73	300086	康芝药业	SZ	12.74	12.58	
338	2013-01-08	12.8	13.05	12.68	13.04	26820	13.04	300087	荃银高科	SZ	12.88	12.88	
338	2013-01-08	10.47	10.97	10.4	10.67	99338	7.06	300088	长信科技	SZ	10.4	6.88	
338	2013-01-08	7.34	7.55	7.33	7.45	37696	7.45	300089	长城集团	SZ	7.35	7.35	
338	2013-01-08	18.4	19.47	18.13	19.39	32842	19.39	300090	盛运股份	SZ	18.49	18.49	
338	2013-01-08	7.74	7.88	7.6	7.71	48250	7.71	300091	金通灵	SZ	7.71	7.71	
338	2013-01-08	10.58	10.72	10.48	10.55	29372	10.44	300092	科新机电	SZ	10.82	10.71	
338	2013-01-08	6.51	6.65	6.47	6.61	36337	6.59	300093	金刚玻璃	SZ	6.5	6.48	
338	2013-01-08	5.21	5.3	5.16	5.25	49615	5.25	300094	国联水产	SZ	5.2	5.2	
338	2013-01-08	10.75	10.98	10.61	10.85	22815	8.27	300095	华伍股份	SZ	10.83	8.26	
338	2013-01-08	9.39	9.82	9.25	9.59	80590	9.53	300096	易联众	SZ	9.45	9.39	
338	2013-01-08	6.08	6.17	6.05	6.16	6265	3.08	300097	智云股份	SZ	6.13	3.06	
338	2013-01-08	6.85	7.2	6.76	7.15	21718	7.15	300098	高新兴	SZ	6.85	6.85	
338	2013-01-08	8.91	9.18	8.8	9.15	25713	4.38	300099	尤洛卡	SZ	8.91	4.27	
338	2013-01-08	5.79	5.82	5.7	5.8	59826	2.74	300100	双林股份	SZ	5.78	2.72	
338	2013-01-08	13.04	14.22	13	14.22	78101	14.18	300101	国腾电子	SZ	12.93	12.89	
338	2013-01-08	8.53	8.87	8.49	8.69	88011	8.53	300102	乾照光电	SZ	8.52	8.37	
338	2013-01-08	11.92	12.08	11	11.48	165486	11.42	300103	达刚路机	SZ	12.11	12.05	
338	2013-01-08	9.71	9.87	9.47	9.75	81750	5.12	300104	乐视网	SZ	9.73	5.11	
338	2013-01-08	21.58	22.42	21.26	22.41	27289	22.34	300105	龙源技术	SZ	21.59	21.53	
338	2013-01-08	12.51	12.96	12.29	12.68	83528	12.66	300106	西部牧业	SZ	12.17	12.15	
338	2013-01-08	17.26	17.34	16.86	17.22	12411	8.59	300107	建新股份	SZ	17.16	8.56	
338	2013-01-08	7.08	7.26	7.06	7.23	20990	7.09	300108	双龙股份	SZ	7.08	6.95	
338	2013-01-08	7.58	7.7	7.47	7.66	10830	7.61	300109	新开源	SZ	7.44	7.4	
338	2013-01-08	6.79	7.19	6.79	7.12	78298	3.56	300110	华仁药业	SZ	6.78	3.39	
338	2013-01-08	2.86	3.07	2.83	3.03	521754	1.38	300111	向日葵	SZ	2.92	1.33	
338	2013-01-08	8.4	8.7	8.33	8.6	50141	8.56	300112	万讯自控	SZ	8.4	8.36	
338	2013-01-08	25.8	26.8	25.52	26.08	13338	25.94	300113	顺网科技	SZ	25.8	25.66	
338	2013-01-08	9.82	10.37	9.78	10.13	17823	7.76	300114	中航电测	SZ	9.92	7.6	
338	2013-01-08	25.74	27.1	25.62	27.04	32769	26.97	300115	长盈精密	SZ	25.68	25.62	
338	2013-01-08	4.48	4.78	4.45	4.63	63160	2.32	300116	坚瑞消防	SZ	4.47	2.23	
338	2013-01-08	8.79	8.79	8.79	8.79	30194	8.74	300117	嘉寓股份	SZ	7.99	7.95	
338	2013-01-08	4.47	4.71	4.46	4.65	158879	4.65	300118	东方日升	SZ	4.53	4.53	
338	2013-01-08	37.38	37.84	36.92	37.52	10112	18.46	300119	瑞普生物	SZ	37.52	18.46	
338	2013-01-08	6.5	6.56	6.33	6.56	23902	6.48	300120	经纬电材	SZ	6.52	6.44	
338	2013-01-08	7.8	7.88	7.65	7.86	9144	6.05	300121	阳谷华泰	SZ	7.75	5.96	
338	2013-01-08	34.11	37.2	33.6	36.85	33292	36.61	300122	智飞生物	SZ	34.12	33.9	
338	2013-01-08	14.05	14.23	13.86	13.97	24229	13.89	300123	太阳鸟	SZ	13.98	13.9	
338	2013-01-08	23.68	24.89	23.6	24.51	21713	24.12	300124	汇川技术	SZ	23.85	23.47	
338	2013-01-08	11.1	11.4	10.79	11.1	41052	11.08	300125	易世达	SZ	11.1	11.08	
338	2013-01-08	8.65	8.76	8.49	8.7	17091	8.61	300126	锐奇股份	SZ	8.57	8.48	
338	2013-01-08	42.4	43.54	41.94	43.36	39084	20.96	300127	银河磁体	SZ	42.48	20.54	
338	2013-01-08	9.62	9.86	9.55	9.74	12991	4.76	300128	锦富新材	SZ	9.65	4.71	
338	2013-01-08	5.31	5.47	5.3	5.39	74045	5.35	300129	泰胜风能	SZ	5.31	5.27	
338	2013-01-08	13.35	13.72	13.26	13.61	10605	13.56	300130	新国都	SZ	13.43	13.38	
338	2013-01-08	7.39	7.48	7.3	7.42	16597	3.67	300131	英唐智控	SZ	7.41	3.66	
338	2013-01-08	8.42	8.42	7.94	8.22	13916	5.05	300132	青松股份	SZ	7.99	4.91	
338	2013-01-08	11.15	11.66	11.1	11.59	60647	7.7	300133	华策影视	SZ	11.07	7.35	
338	2013-01-08	8.55	8.93	8.55	8.83	29107	8.83	300134	大富科技	SZ	8.65	8.65	
338	2013-01-08	6.34	6.34	6.19	6.24	195372	3.84	300135	宝利沥青	SZ	6.39	3.93	
338	2013-01-08	16.7	16.7	16.7	16.7	25648	16.7	300136	信维通信	SZ	15.18	15.18	
338	2013-01-08	10.53	11.48	10.32	11.02	210068	8.48	300137	先河环保	SZ	10.44	8.03	
338	2013-01-08	9.61	9.83	9.61	9.72	24351	9.62	300138	晨光生物	SZ	9.64	9.54	
338	2013-01-08	27.4	28.43	27.05	27.76	15714	27.61	300139	福星晓程	SZ	27.75	27.6	
338	2013-01-08	10.07	10.3	10.02	10.23	14802	10.23	300140	启源装备	SZ	10.07	10.07	
338	2013-01-08	6.29	6.51	6.23	6.4	20003	4.18	300141	和顺电气	SZ	6.29	4.11	
338	2013-01-08	40.5	40.96	39.17	40.01	32750	39.77	300142	沃森生物	SZ	40.15	39.91	
338	2013-01-08	9.2	10.03	9.05	9.41	111379	9.41	300143	星河生物	SZ	9.4	9.4	
338	2013-01-08	12.46	12.81	12.41	12.71	23040	12.54	300144	宋城股份	SZ	12.55	12.38	
338	2013-01-08	19.51	20.88	19.4	20.35	30641	20.25	300145	南方泵业	SZ	19.5	19.4	
338	2013-01-08	19.1	19.5	19.09	19.3	24945	6.11	300146	汤臣倍健	SZ	19.23	6.09	
338	2013-01-08	9.15	9.5	9.15	9.17	115065	6.98	300147	香雪制药	SZ	9.03	6.87	
338	2013-01-08	9.63	10.08	9.41	9.87	105431	5.42	300148	天舟文化	SZ	9.64	5.29	
338	2013-01-08	7.27	7.32	7.13	7.25	24763	7.2	300149	量子高科	SZ	7.25	7.2	
338	2013-01-08	7.16	7.22	7.03	7.18	28294	3.4	300150	世纪瑞尔	SZ	7.16	3.39	
338	2013-01-08	9.53	9.9	9.47	9.67	15170	9.5	300151	昌红科技	SZ	9.54	9.37	
338	2013-01-08	10.5	10.79	10.33	10.49	289964	10.46	300152	燃控科技	SZ	10.65	10.62	
338	2013-01-08	8.83	8.99	8.21	8.38	81237	8.29	300153	科泰电源	SZ	8.17	8.08	
338	2013-01-08	7.82	7.95	7.72	7.9	17054	7.74	300154	瑞凌股份	SZ	7.8	7.64	
338	2013-01-08	13.54	14.38	13.38	13.61	41116	13.46	300155	安居宝	SZ	13.64	13.48	
338	2013-01-08	12.23	12.75	11.95	12.4	198689	12.23	300156	天立环保	SZ	12.17	12.01	
338	2013-01-08	10.2	10.48	10.07	10.42	56513	5.2	300157	恒泰艾普	SZ	10.2	5.09	
338	2013-01-08	8.94	9.21	8.86	9.19	25629	9.17	300158	振东制药	SZ	8.92	8.9	
338	2013-01-08	32.9	33.06	32.02	32.56	49974	15.81	300159	新研股份	SZ	33.28	16.16	
338	2013-01-08	8.11	8.32	7.97	8.17	21041	8.12	300160	秀强股份	SZ	8.15	8.1	
338	2013-01-08	12.79	13.25	12.7	13.07	31212	13.06	300161	华中数控	SZ	12.82	12.81	
338	2013-01-08	11.1	11.54	11	11.44	24026	11.21	300162	雷曼光电	SZ	11.14	10.91	
338	2013-01-08	13.05	13.28	12.9	13.08	10474	12.98	300163	先锋新材	SZ	13.06	12.96	
338	2013-01-08	10.52	10.8	10.47	10.77	15901	7.06	300164	通源石油	SZ	10.56	6.93	
338	2013-01-08	11.98	12.36	11.72	12.14	34045	12	300165	天瑞仪器	SZ	11.94	11.8	
338	2013-01-08	12.24	12.95	12.18	12.73	30593	12.7	300166	东方国信	SZ	12.21	12.18	
338	2013-01-08	5.45	5.59	5.43	5.51	12460	2.72	300167	迪威视讯	SZ	5.51	2.72	
338	2013-01-08	15.08	16.18	14.81	16.16	32068	16.1	300168	万达信息	SZ	15.07	15.02	
338	2013-01-08	7.71	8.2	7.46	7.95	304512	7.95	300169	天晟新材	SZ	7.76	7.76	
338	2013-01-08	11	11.24	10.85	11.21	23317	7.39	300170	汉得信息	SZ	11.07	7.29	
338	2013-01-08	29.11	30.2	29.11	30.17	18664	29.7	300171	东富龙	SZ	29.15	28.7	
338	2013-01-08	13.23	14.4	13	13.52	75018	10.25	300172	中电环保	SZ	13.14	9.96	
338	2013-01-08	7.41	7.6	7.37	7.51	7852	7.42	300173	松德股份	SZ	7.43	7.34	
338	2013-01-08	8.52	8.6	8.33	8.55	28452	8.42	300174	元力股份	SZ	8.49	8.36	
338	2013-01-08	5	5.04	4.75	4.88	120685	4.87	300175	朗源股份	SZ	4.93	4.92	
338	2013-01-08	9.81	10.07	9.77	9.91	16880	8.18	300176	鸿特精密	SZ	9.86	8.14	
338	2013-01-08	12.5	13.7	12.5	13.7	94599	13.7	300177	中海达	SZ	12.45	12.45	
338	2013-01-08	13.56	13.75	13.23	13.66	20932	13.59	300178	腾邦国际	SZ	13.58	13.51	
338	2013-01-08	7.6	7.79	7.49	7.78	65521	4.25	300179	四方达	SZ	7.59	4.14	
338	2013-01-08	10.87	11.38	10.83	11.15	17811	11.06	300180	华峰超纤	SZ	10.88	10.79	
338	2013-01-08	5.66	6.2	5.6	6.13	242800	2.66	300181	佐力药业	SZ	5.64	2.44	
338	2013-01-08	17.25	18.03	17.25	17.61	10148	13.37	300182	捷成股份	SZ	17.24	13.09	
338	2013-01-08	10.71	11.1	10.71	10.92	16022	7.04	300184	力源信息	SZ	10.76	6.93	
338	2013-01-08	4.48	4.56	4.44	4.51	103503	4.42	300185	通裕重工	SZ	4.5	4.41	
338	2013-01-08	7.23	7.32	7.17	7.22	38262	3.43	300186	大华农	SZ	7.25	3.44	
338	2013-01-08	17.09	17.87	16.87	17.45	41345	11.63	300187	永清环保	SZ	17.2	11.47	
