864	2010-12-01	10.24	10.35	10.19	10.31	246836	6.29	000001	深发展Ａ	SZ	10.24	6.25	
869	2010-12-01	8.13	8.23	8.05	8.22	414534	7.54	000002	万 科Ａ	SZ	8.13	7.46	
869	2010-12-01	12.75	12.86	12.5	12.68	9790	12.68	000004	ST国农	SZ	12.86	12.86	
869	2010-12-01	7.36	7.52	7.32	7.47	46240	7.47	000011	深物业A	SZ	7.35	7.35	
868	2010-12-01	22	22.02	21.4	21.71	229540	19.93	000012	南 玻Ａ	SZ	22.1	20.29	
868	2010-12-01	9.68	9.88	9.67	9.76	14520	9.67	000014	沙河股份	SZ	9.74	9.65	
868	2010-12-01	5.23	5.29	5.18	5.22	89723	5.18	000016	深康佳Ａ	SZ	5.24	5.2	
863	2010-12-01	5.62	5.65	5.48	5.55	15609	5.55	000017	*ST中华A	SZ	5.64	5.64	
869	2010-12-01	8.11	8.52	8	8.25	15758	8.25	000018	ST中冠A	SZ	8.11	8.11	
849	2010-12-01	10.86	11.47	10.76	11.26	37277	10.98	000019	深深宝Ａ	SZ	10.93	10.66	
867	2010-12-01	10.18	10.5	10.06	10.25	26279	10.25	000020	深华发Ａ	SZ	10.17	10.17	
868	2010-12-01	12.8	12.93	12.6	12.78	57933	12.33	000021	长城开发	SZ	12.85	12.4	
869	2010-12-01	14.04	14.12	13.8	14.12	15958	12.85	000022	深赤湾Ａ	SZ	14.04	12.78	
868	2010-12-01	8.33	8.44	8.27	8.41	19066	8.34	000023	深天地Ａ	SZ	8.32	8.25	
870	2010-12-01	15.91	16.14	15.79	15.99	86971	15.63	000024	招商地产	SZ	15.96	15.6	
870	2010-12-01	10.09	10.75	10.08	10.62	23598	10.62	000025	特 力Ａ	SZ	10.27	10.27	
869	2010-12-01	12.72	12.8	12.36	12.44	18539	8.65	000026	飞亚达Ａ	SZ	12.81	8.9	
866	2010-12-01	8.93	9.23	8.93	9.22	200887	7.47	000027	深圳能源	SZ	8.89	7.2	
868	2010-12-01	36	36.19	34.5	35.99	24243	35.5	000028	一致药业	SZ	36.19	35.7	
870	2010-12-01	4.78	4.93	4.76	4.85	22520	4.85	000029	深深房Ａ	SZ	4.81	4.81	
869	2010-12-01	6.5	6.53	6.45	6.48	72307	6.37	000031	中粮地产	SZ	6.49	6.38	
868	2010-12-01	10.38	10.58	10.29	10.39	69030	10.11	000032	深桑达Ａ	SZ	10.32	10.04	
863	2010-12-01	5.83	5.92	5.81	5.9	26830	5.9	000033	新都酒店	SZ	5.85	5.85	
868	2010-12-01	9.01	9.09	8.94	9	21667	9	000034	ST深泰	SZ	9.07	9.07	
860	2010-12-01	5.26	5.28	5.18	5.2	12540	4.13	000035	*ST科健	SZ	5.26	4.18	
870	2010-12-01	3.99	4.01	3.95	4	50873	4	000036	华联控股	SZ	3.98	3.98	
863	2010-12-01	5.51	5.64	5.5	5.59	15669	5.59	000037	深南电Ａ	SZ	5.5	5.5	
868	2010-12-01	18.48	18.88	18.48	18.66	71553	17.54	000039	中集集团	SZ	18.68	17.56	
813	2010-12-01	4.88	5	4.87	4.94	34117	4.86	000040	深 鸿 基	SZ	4.88	4.8	
856	2010-12-01	1.77	1.77	1.75	1.76	411428	0.84	000100	TCL 集团	SZ	1.77	0.84	
870	2010-12-01	5.47	5.53	5.42	5.49	27223	5.49	000150	宜华地产	SZ	5.47	5.47	
868	2010-12-01	14.6	14.78	14.25	14.65	35700	14.52	000151	中成股份	SZ	14.65	14.52	
870	2010-12-01	11.3	11.48	11.11	11.2	196217	11.09	000153	丰原药业	SZ	11.58	11.46	
869	2010-12-01	7.57	7.87	7.56	7.77	143698	7.77	000155	川化股份	SZ	7.51	7.51	
869	2010-12-01	11.04	11.09	10.77	10.92	682522	7.78	000157	中联重科	SZ	11.12	7.91	
869	2010-12-01	7.7	7.77	7.58	7.63	43332	7.61	000158	常山股份	SZ	7.71	7.69	
867	2010-12-01	14.7	15.09	14.64	14.95	57359	14.54	000159	国际实业	SZ	14.84	14.43	
867	2010-12-01	5.7	5.77	5.53	5.54	677820	5.33	000301	东方市场	SZ	5.79	5.58	
870	2010-12-01	54.07	54.78	50.83	50.92	391185	20.5	000338	潍柴动力	SZ	54.58	21.97	
869	2010-12-01	27.52	28.64	27.52	27.8	243323	21.1	000400	许继电气	SZ	27.77	21.08	
867	2010-12-01	21.31	21.78	20.78	20.97	157190	20.74	000401	冀东水泥	SZ	20.95	20.72	
866	2010-12-01	11.4	11.44	11.2	11.29	102345	10.53	001696	宗申动力	SZ	11.38	10.61	
863	2010-12-01	5.08	5.16	5.03	5.12	15801	5.12	001896	*ST豫能	SZ	5.08	5.08	
867	2010-12-01	27.27	27.35	26.58	27	44836	25.29	002001	新 和 成	SZ	27.29	25.56	
837	2010-12-01	6.63	6.68	6.61	6.67	10337	6.67	002002	ST琼花	SZ	6.65	6.65	
857	2010-12-01	36.93	37.14	36.44	36.44	9304	23.44	002003	伟星股份	SZ	37.15	23.9	
863	2010-12-01	17.37	17.73	17.11	17.62	10109	5.57	002004	华邦制药	SZ	17.48	5.53	
862	2010-12-01	9.73	9.77	9.51	9.65	108630	4.78	002005	德豪润达	SZ	9.72	4.81	
865	2010-12-01	12.07	12.89	12	12.36	562549	4.09	002006	精功科技	SZ	11.72	3.88	
864	2010-12-01	53	53	51.68	52.15	45684	51.33	002007	华兰生物	SZ	53.6	52.75	
869	2010-12-01	11.22	11.49	11.17	11.33	214515	7.26	002008	大族激光	SZ	11.3	7.24	
864	2010-12-01	15.52	15.7	15.04	15.14	39536	15.09	002009	天奇股份	SZ	15.63	15.57	
864	2010-12-01	8.82	8.82	8.49	8.62	123763	4.22	002010	传化股份	SZ	8.82	4.32	
868	2010-12-01	12.7	13	12.61	12.68	69698	6.11	002011	盾安环境	SZ	12.74	6.15	
868	2010-12-01	8.45	8.48	8.3	8.4	75352	4	002012	凯恩股份	SZ	8.49	4.05	
868	2010-12-01	22.18	22.3	21.54	21.84	73778	12.84	002013	中航精机	SZ	22.26	13.09	
868	2010-12-01	10.58	10.69	10.49	10.62	15999	4.83	002014	永新股份	SZ	10.58	4.82	
860	2010-12-01	12.28	12.76	12.21	12.62	55525	12.58	002015	霞客环保	SZ	12.42	12.38	
868	2010-12-01	7.39	7.81	7.37	7.66	286883	5.38	002016	世荣兆业	SZ	7.5	5.27	
854	2010-12-01	21.84	22.52	21.83	22.27	46277	19.89	002017	东信和平	SZ	22.44	20.04	
865	2010-12-01	5.47	5.54	5.42	5.47	55674	3.71	002018	华星化工	SZ	5.46	3.71	
869	2010-12-01	16.05	16.1	15.66	15.86	30730	15.86	002019	鑫富药业	SZ	16.17	16.17	
868	2010-12-01	8.4	8.45	8.15	8.35	50534	4.03	002020	京新药业	SZ	8.45	4.07	
866	2010-12-01	4.85	4.88	4.8	4.85	78169	3.69	002021	中捷股份	SZ	4.86	3.7	
869	2010-12-01	21.74	21.74	20.5	20.96	262537	19.29	002022	科华生物	SZ	22	20.25	
868	2010-12-01	15.96	16.35	15.85	16	40807	15.66	002023	海特高新	SZ	15.95	15.61	
869	2010-12-01	13.7	13.99	13.65	13.75	221977	13.36	002024	苏宁电器	SZ	13.84	13.44	
869	2010-12-01	14.15	14.44	14.05	14.34	29689	13.96	002025	航天电器	SZ	14.28	13.9	
869	2010-12-01	7.09	7.3	7.05	7.3	23847	4.2	002026	山东威达	SZ	7.11	4.09	
868	2010-12-01	6.88	7.04	6.83	6.91	60428	6.91	002027	七喜控股	SZ	6.94	6.94	
870	2010-12-01	25.6	26.34	25.35	25.72	122710	24.43	002028	思源电气	SZ	25.64	24.35	
867	2010-12-01	15.91	16.13	15.59	15.69	14826	6.75	002029	七 匹 狼	SZ	15.99	6.88	
868	2010-12-01	9.79	10.35	9.63	10.2	198453	6.41	002030	达安基因	SZ	9.91	6.23	
864	2010-12-01	8.43	8.79	8.28	8.53	67440	5.57	002031	巨轮股份	SZ	8.43	5.5	
868	2010-12-01	21.34	22.36	20.91	22.35	23908	19.26	002032	苏 泊 尔	SZ	21.27	18.34	
865	2010-12-01	18.93	19.11	18.53	19.04	12415	10.96	002033	丽江旅游	SZ	19.04	10.96	
869	2010-12-01	13	13.19	12.86	13.11	6259	12.55	002034	美 欣 达	SZ	12.98	12.42	
868	2010-12-01	16.33	16.9	15.69	15.99	66485	11.24	002035	华帝股份	SZ	16.32	11.48	
870	2010-12-01	13.68	15.03	13.6	15.03	221348	14.84	002036	宜科科技	SZ	13.66	13.49	
860	2010-12-01	12.5	13.34	12.5	13.3	136469	8	002037	久联发展	SZ	12.68	7.63	
868	2010-12-01	34.21	34.21	33.43	33.56	15588	18.45	002038	双鹭药业	SZ	34.16	18.78	
870	2010-12-01	23.27	23.65	23.27	23.55	8103	23.17	002039	黔源电力	SZ	23.35	22.98	
868	2010-12-01	9	9.44	8.91	9.39	53818	9.28	002040	南 京 港	SZ	9	8.89	
868	2010-12-01	31.97	33.3	31.97	32.99	21785	16.24	002041	登海种业	SZ	31.8	15.66	
862	2010-12-01	8.78	8.78	8.62	8.67	55018	2.77	002042	华孚色纺	SZ	8.78	2.8	
867	2010-12-01	5.44	5.59	5.17	5.46	220396	2.66	002043	兔 宝 宝	SZ	5.61	2.74	
868	2010-12-01	11.3	11.3	10.99	11.16	27508	7.76	002044	江苏三友	SZ	11.14	7.75	
867	2010-12-01	13.17	13.67	13.17	13.6	49291	8.57	002045	广州国光	SZ	13.33	8.4	
868	2010-12-01	12.65	12.74	12.48	12.7	20430	6.17	002046	轴研科技	SZ	12.65	6.15	
870	2010-12-01	5.39	5.44	5.32	5.37	61626	5.37	002047	成霖股份	SZ	5.55	5.55	
867	2010-12-01	14.83	14.92	14.43	14.56	102898	14.17	002048	宁波华翔	SZ	14.83	14.44	
869	2010-12-01	24.35	24.39	23.3	23.41	39767	23.13	002049	晶源电子	SZ	24.3	24.01	
867	2010-12-01	15.96	16.49	15.85	16.22	18869	7.5	002050	三花股份	SZ	16.23	7.5	
865	2010-12-01	25.44	25.82	25.05	25.51	24455	9.59	002051	中工国际	SZ	25.64	9.63	
862	2010-12-01	5.26	5.41	5.26	5.32	80757	2.63	002052	同洲电子	SZ	5.31	2.63	
867	2010-12-01	12.75	12.86	12.6	12.79	11865	12.68	002053	云南盐化	SZ	12.75	12.64	
869	2010-12-01	13.48	13.92	13.45	13.8	16466	13.28	002054	德美化工	SZ	13.55	13.04	
867	2010-12-01	13.08	13.23	12.75	12.98	19190	6.37	002055	得润电子	SZ	13.19	6.47	
868	2010-12-01	40.78	41.68	39.66	40.58	89785	40.46	002056	横店东磁	SZ	40.78	40.66	
868	2010-12-01	27.9	30.16	27.37	29.03	111032	29.03	002057	中钢天源	SZ	27.99	27.99	
869	2010-12-01	7.8	7.93	7.69	7.8	19297	3.33	002058	威 尔 泰	SZ	7.79	3.33	
868	2010-12-01	9.86	9.99	9.65	9.89	17120	9.8	002059	云南旅游	SZ	9.85	9.76	
865	2010-12-01	7.14	7.26	6.95	7.15	229638	4.87	002060	粤 水 电	SZ	7.16	4.88	
859	2010-12-01	8.09	8.14	7.97	8.13	30975	5.35	002061	江山化工	SZ	8.09	5.32	
868	2010-12-01	11.12	11.36	11.1	11.23	29143	6.1	002062	宏润建设	SZ	11.19	6.08	
869	2010-12-01	19.31	19.42	18.71	18.97	11662	10.88	002063	远光软件	SZ	19.31	11.08	
869	2010-12-01	13.23	13.53	13	13.13	99838	12.84	002064	华峰氨纶	SZ	13.4	13.1	
866	2010-12-01	19.37	19.78	19.08	19.78	18921	12.36	002065	东华软件	SZ	19.6	12.25	
870	2010-12-01	8.1	8.27	8.09	8.23	23042	3.92	002066	瑞泰科技	SZ	8.15	3.89	
869	2010-12-01	3.57	3.59	3.54	3.58	88045	1.74	002067	景兴纸业	SZ	3.58	1.74	
866	2010-12-01	7.36	7.39	7.25	7.33	23502	4.49	002068	黑猫股份	SZ	7.34	4.49	
867	2010-12-01	29.59	29.6	28.69	29.35	36460	18.46	002069	獐 子 岛	SZ	29.32	18.44	
868	2010-12-01	3.99	4.04	3.92	4.02	36496	1.82	002070	众和股份	SZ	3.96	1.8	
868	2010-12-01	10.18	10.35	10.04	10.27	15613	10.2	002071	江苏宏宝	SZ	10.2	10.13	
860	2010-12-01	7.1	7.25	7.1	7.18	6947	7.18	002072	*ST德棉	SZ	7.11	7.11	
868	2010-12-01	23.62	24.13	22.86	23.05	53671	22.86	002073	软控股份	SZ	23.66	23.47	
869	2010-12-01	10.27	10.56	10.13	10.17	43997	5.55	002074	东源电器	SZ	10.34	5.64	
869	2010-12-01	11.39	12.67	11.28	12.3	98217	11.79	002076	雪 莱 特	SZ	11.58	11.1	
854	2010-12-01	10.06	10.14	9.92	10.02	20554	9.9	002077	大港股份	SZ	9.99	9.87	
865	2010-12-01	11.61	11.81	11.52	11.8	48046	11.24	002078	太阳纸业	SZ	11.68	11.13	
863	2010-12-01	7.61	7.73	6.96	7.27	311033	3.06	002079	苏州固锝	SZ	7.74	3.26	
867	2010-12-01	23	23.03	21.99	22.35	116478	10.72	002080	中材科技	SZ	22.95	11.01	
864	2010-12-01	20.01	20.28	19.6	19.68	33652	5.69	002081	金 螳 螂	SZ	20.12	5.82	
869	2010-12-01	13.25	13.34	13.07	13.2	20262	12.62	002082	栋梁新材	SZ	13.25	12.67	
870	2010-12-01	10.77	10.92	10.56	10.79	104854	10.65	002083	孚日股份	SZ	10.79	10.65	
865	2010-12-01	12.3	12.55	12.2	12.4	16852	11.06	002085	万丰奥威	SZ	12.31	10.98	
868	2010-12-01	19.15	19.65	18.6	19.58	36952	19.28	002086	东方海洋	SZ	19.15	18.86	
867	2010-12-01	5.97	5.99	5.9	5.96	42697	5.86	002087	新野纺织	SZ	5.98	5.88	
869	2010-12-01	18.11	18.36	18.01	18.16	15864	17.67	002088	鲁阳股份	SZ	18.22	17.73	
866	2010-12-01	13.46	14.11	13.21	13.91	75829	7.47	002089	新 海 宜	SZ	13.44	7.22	
810	2010-12-01	14.8	14.93	14.53	14.82	17450	14.52	002090	金智科技	SZ	14.8	14.5	
869	2010-12-01	23.79	23.79	23.27	23.61	19692	19.28	002091	江苏国泰	SZ	23.67	19.33	
863	2010-12-01	14.8	15.13	14.68	14.88	77823	14.18	002092	中泰化学	SZ	14.69	14	
867	2010-12-01	7.9	7.9	7.74	7.79	73460	3.89	002093	国脉科技	SZ	7.91	3.95	
869	2010-12-01	15.09	15.17	14.51	14.95	37356	14.95	002094	青岛金王	SZ	15.06	15.06	
870	2010-12-01	23.07	23.33	22.62	22.66	14263	18.57	002095	生 意 宝	SZ	23.17	18.98	
841	2010-12-01	15.32	16.11	15.3	15.8	28160	7.73	002096	南岭民爆	SZ	15.31	7.49	
868	2010-12-01	17.36	17.4	17.06	17.25	44923	17.07	002097	山河智能	SZ	17.4	17.21	
863	2010-12-01	13.02	13.38	12.96	13.2	19245	12.4	002098	浔兴股份	SZ	13.19	12.39	
863	2010-12-01	13	13	12.65	12.7	30315	6.1	002099	海翔药业	SZ	13	6.24	
865	2010-12-01	12.25	12.41	11.98	12.19	20364	7.06	002100	天康生物	SZ	12.25	7.09	
859	2010-12-01	16.49	16.65	16.29	16.49	10344	7.99	002101	广东鸿图	SZ	16.47	7.99	
865	2010-12-01	5.61	5.67	5.51	5.62	36753	2.81	002102	冠福家用	SZ	5.7	2.85	
869	2010-12-01	8.42	8.77	8.29	8.76	24646	8.41	002103	广博股份	SZ	8.42	8.08	
870	2010-12-01	17.5	17.8	17.3	17.49	54365	17.17	002104	恒宝股份	SZ	17.69	17.37	
867	2010-12-01	7.14	7.22	7.1	7.17	17878	6.89	002105	信隆实业	SZ	7.14	6.87	
870	2010-12-01	43.07	44.36	43.07	43.56	44122	30.48	002106	莱宝高科	SZ	43.49	30.43	
868	2010-12-01	15.92	15.92	15.15	15.43	30072	15.43	002107	沃华医药	SZ	15.98	15.98	
863	2010-12-01	12.59	12.74	12.14	12.63	89119	6.82	002108	沧州明珠	SZ	12.73	6.87	
865	2010-12-01	11.55	11.77	11.2	11.48	177441	11	002109	兴化股份	SZ	11.52	11.04	
860	2010-12-01	10.39	10.48	10.29	10.45	20915	10.42	002110	三钢闽光	SZ	10.4	10.37	
864	2010-12-01	12.23	12.47	12.09	12.37	15388	6.68	002111	威海广泰	SZ	12.28	6.64	
867	2010-12-01	8.52	8.83	8.33	8.79	48326	4.84	002112	三变科技	SZ	8.54	4.7	
864	2010-12-01	8.99	9.28	8.9	9.14	59003	9.14	002113	ST天润	SZ	8.95	8.95	
870	2010-12-01	16.71	17.4	16.71	17.17	25265	17.17	002114	罗平锌电	SZ	16.9	16.9	
867	2010-12-01	10	10.55	9.89	10.44	201728	5.53	002115	三维通信	SZ	10.12	5.36	
869	2010-12-01	13.42	13.42	13.06	13.29	14367	6.89	002116	中国海诚	SZ	13.23	6.85	
866	2010-12-01	19.5	19.75	19.37	19.41	17266	11.23	002117	东港股份	SZ	19.6	11.34	
825	2010-12-01	13.45	13.45	12.97	13.14	81739	6.57	002118	紫鑫药业	SZ	13.52	6.76	
863	2010-12-01	12.29	12.6	12.21	12.43	71899	12.3	002119	康强电子	SZ	12.42	12.29	
804	2010-12-01	10.48	10.76	10.36	10.65	25575	10.48	002120	新海股份	SZ	10.59	10.42	
867	2010-12-01	20.37	20.67	20	20.43	41170	13.53	002121	科陆电子	SZ	20.86	13.81	
870	2010-12-01	12.59	13.05	12.5	12.9	99323	12.43	002122	天马股份	SZ	12.7	12.23	
870	2010-12-01	32.73	33.67	31.81	32.79	29728	21.86	002123	荣信股份	SZ	33	22	
869	2010-12-01	11.37	11.64	11.25	11.41	32163	11.04	002124	天邦股份	SZ	11.54	11.16	
868	2010-12-01	14.38	14.81	14.38	14.68	16983	9.14	002125	湘潭电化	SZ	14.69	9.14	
863	2010-12-01	11.55	11.65	11.52	11.58	25021	4.37	002126	银轮股份	SZ	11.61	4.38	
869	2010-12-01	9.75	10.09	9.71	9.93	22713	8.19	002127	新民科技	SZ	9.89	8.16	
869	2010-12-01	22.49	22.78	22.34	22.45	41144	20.94	002128	露天煤业	SZ	22.65	21.13	
863	2010-12-01	15.61	16.13	15.56	15.99	33828	10.65	002129	中环股份	SZ	15.92	10.6	
863	2010-12-01	13.33	13.52	12.84	12.91	154990	6.49	002130	沃尔核材	SZ	13.01	6.54	
867	2010-12-01	16.5	17.25	16.5	16.75	45165	8.23	002132	恒星科技	SZ	16.68	8.21	
867	2010-12-01	5.6	5.64	5.55	5.59	33576	4.29	002133	广宇集团	SZ	5.57	4.28	
868	2010-12-01	8.49	9.34	8.42	9.15	146581	9.15	002134	天津普林	SZ	8.49	8.49	
865	2010-12-01	6.51	6.93	6.37	6.93	315843	2.53	002135	东南网架	SZ	6.3	2.3	
867	2010-12-01	8.84	8.84	8.49	8.62	42500	4.28	002136	安 纳 达	SZ	8.9	4.42	
868	2010-12-01	7.11	7.23	6.93	7.12	42729	4.32	002137	实 益 达	SZ	7.14	4.33	
868	2010-12-01	16.93	17.5	16.6	16.67	65033	10.85	002138	顺络电子	SZ	17.15	11.16	
869	2010-12-01	19.65	20.45	19.39	20.32	36852	17.8	002139	拓邦股份	SZ	19.75	17.31	
869	2010-12-01	25.05	27.06	25.05	26.75	39744	16.6	002140	东华科技	SZ	25.94	16.1	
867	2010-12-01	8.84	8.92	8.62	8.82	21038	5.49	002141	蓉胜超微	SZ	8.84	5.5	
867	2010-12-01	12.17	12.29	12.09	12.19	99486	11.47	002142	宁波银行	SZ	12.22	11.5	
863	2010-12-01	8.31	8.31	8.08	8.15	20028	6.18	002143	高金食品	SZ	8.28	6.28	
869	2010-12-01	19.2	19.21	18.5	18.8	10303	18.21	002144	宏达高科	SZ	19.39	18.78	
815	2010-12-01	7.06	7.17	7.05	7.1	22345	7.1	002145	*ST钛白	SZ	7.05	7.05	
865	2010-12-01	8.62	8.86	8.48	8.75	72381	6.55	002146	荣盛发展	SZ	8.64	6.46	
869	2010-12-01	15.6	15.75	15.18	15.4	57165	14.77	002147	方圆支承	SZ	15.64	15	
868	2010-12-01	14.91	15.66	14.84	15.26	24394	4.93	002148	北纬通信	SZ	14.92	4.82	
869	2010-12-01	24.71	24.85	24.25	24.5	11694	24.18	002149	西部材料	SZ	24.7	24.38	
869	2010-12-01	9.25	9.69	9.19	9.6	96289	5.71	002150	江苏通润	SZ	9.37	5.57	
864	2010-12-01	26	26.96	25.93	26.46	6629	14.43	002151	北斗星通	SZ	26.25	14.31	
870	2010-12-01	21	21.24	20.6	21.15	29823	9.33	002152	广电运通	SZ	20.99	9.26	
870	2010-12-01	38.44	39.43	37.84	38.65	9546	27.56	002153	石基信息	SZ	39.13	27.91	
862	2010-12-01	15.75	16.3	15.45	16.09	39602	7.66	002154	报 喜 鸟	SZ	16.1	7.67	
868	2010-12-01	17.77	17.91	17.3	17.79	321366	9.54	002155	辰州矿业	SZ	17.59	9.44	
869	2010-12-01	11.25	12.06	11.24	11.31	171643	7.02	002156	通富微电	SZ	11.75	7.29	
869	2010-12-01	10.48	10.49	10.14	10.43	20808	6.41	002157	正邦科技	SZ	10.48	6.44	
870	2010-12-01	27.73	29.84	27.3	29.39	34020	20.84	002158	汉钟精机	SZ	28.1	19.92	
868	2010-12-01	11.23	12.12	11.15	11.92	221550	4.4	002161	远 望 谷	SZ	11.49	4.25	
868	2010-12-01	14.57	14.57	13.8	14.28	65051	14.22	002162	斯 米 克	SZ	14.61	14.55	
862	2010-12-01	8.85	9.05	8.7	8.91	54609	4.37	002163	中航三鑫	SZ	8.88	4.36	
868	2010-12-01	8.91	9.1	8.82	9.09	31111	4.46	002164	东力传动	SZ	8.9	4.37	
868	2010-12-01	9.11	9.23	9.03	9.12	38544	4.92	002165	红 宝 丽	SZ	9.14	4.94	
865	2010-12-01	28.66	29.18	28	28.51	28650	28.51	002166	莱茵生物	SZ	28.64	28.64	
869	2010-12-01	18.93	20.7	18.85	20.4	191681	10.15	002167	东方锆业	SZ	18.93	9.42	
868	2010-12-01	15.71	15.94	15.1	15.62	150452	6.63	002168	深圳惠程	SZ	15.71	6.67	
866	2010-12-01	15.05	15.2	14.66	15.05	37331	10.01	002169	智光电气	SZ	15.22	10.12	
867	2010-12-01	6.06	6.15	6.03	6.11	40781	2.51	002170	芭田股份	SZ	6.06	2.49	
869	2010-12-01	18.19	18.55	17.8	18.18	27846	18.05	002171	精诚铜业	SZ	18.48	18.35	
866	2010-12-01	11.71	11.88	11.22	11.3	237283	11.3	002172	澳洋科技	SZ	11.54	11.54	
870	2010-12-01	10.5	10.5	10.02	10.1	30126	5.02	002173	山 下 湖	SZ	10.41	5.18	
867	2010-12-01	17.57	17.85	17.28	17.7	13894	17.63	002174	梅 花 伞	SZ	17.46	17.39	
862	2010-12-01	16.11	16.36	16.1	16.18	9843	16.02	002175	广陆数测	SZ	16.28	16.12	
858	2010-12-01	8.41	8.64	8.41	8.59	40597	2.37	002176	江特电机	SZ	8.48	2.34	
869	2010-12-01	12.79	13.25	12.37	13	48065	9.25	002178	延华智能	SZ	12.81	9.12	
869	2010-12-01	20.37	20.59	20	20.2	23679	19.89	002179	中航光电	SZ	20.3	19.99	
868	2010-12-01	13.93	15.37	13.93	15.37	84209	10.1	002180	万 力 达	SZ	13.97	9.18	
865	2010-12-01	15.53	16.46	15.53	15.75	222410	15.56	002181	粤 传 媒	SZ	14.96	14.78	
870	2010-12-01	11.87	12.2	11.74	12	42422	7.91	002182	云海金属	SZ	11.99	7.9	
870	2010-12-01	15.45	16.19	15.31	15.77	33846	15.45	002184	海得控制	SZ	15.66	15.34	
865	2010-12-01	7.67	7.93	7.64	7.88	191824	4.81	002185	华天科技	SZ	7.74	4.73	
870	2010-12-01	18.55	19.05	18.39	18.62	37975	8.48	002186	全 聚 德	SZ	18.5	8.43	
869	2010-12-01	15.56	15.69	15.46	15.61	18504	8.2	002187	广百股份	SZ	15.56	8.17	
843	2010-12-01	13.19	13.9	13.12	13.7	126422	13.7	002188	新 嘉 联	SZ	13.38	13.38	
869	2010-12-01	15.69	16.05	15.3	15.69	31148	15.63	002189	利达光电	SZ	16	15.94	
868	2010-12-01	25.85	26.02	25.41	25.65	35093	19.48	002190	成飞集成	SZ	26.15	19.85	
868	2010-12-01	10.82	11.49	10.74	11.38	85224	10.79	002191	劲嘉股份	SZ	10.83	10.27	
866	2010-12-01	34.78	34.78	33.21	33.3	23531	33.23	002192	路翔股份	SZ	34.52	34.45	
869	2010-12-01	16.67	17.11	16.55	16.78	23629	16.71	002193	山东如意	SZ	16.68	16.61	
870	2010-12-01	15.58	15.68	15.3	15.54	33640	14.58	002194	武汉凡谷	SZ	15.6	14.63	
869	2010-12-01	15.96	16.06	15.69	15.81	7678	10.33	002195	海隆软件	SZ	16	10.45	
867	2010-12-01	20.27	20.37	19.8	20.21	16431	12.97	002196	方正电机	SZ	20.2	12.97	
866	2010-12-01	11.36	11.5	11.18	11.39	27726	7	002197	证通电子	SZ	11.37	6.99	
867	2010-12-01	7.6	7.64	7.34	7.46	43829	2.94	002198	嘉应制药	SZ	7.56	2.98	
867	2010-12-01	14	14.22	13.67	13.89	35021	9.07	002199	东晶电子	SZ	14.24	9.29	
847	2010-12-01	37.35	37.61	36.6	37.2	19984	37.2	002200	绿 大 地	SZ	37.35	37.35	
868	2010-12-01	23.12	23.48	22.98	23.17	177644	22.23	002202	金风科技	SZ	23.12	22.18	
868	2010-12-01	11.29	11.57	11.13	11.39	36182	7.32	002203	海亮股份	SZ	11.43	7.35	
844	2010-12-01	10.71	10.88	10.53	10.84	22643	4.67	002204	华锐铸钢	SZ	10.67	4.6	
867	2010-12-01	32.45	33.6	31.58	32.28	76107	31.89	002205	国统股份	SZ	31.57	31.19	
864	2010-12-01	13.38	13.55	13.21	13.44	22247	7.95	002206	海 利 得	SZ	13.38	7.92	
869	2010-12-01	23	24.37	22.62	24.37	32878	24.19	002207	准油股份	SZ	22.15	21.98	
868	2010-12-01	11.91	11.91	11.49	11.63	44289	11.12	002208	合肥城建	SZ	11.89	11.37	
868	2010-12-01	12.7	13.11	12.7	12.98	12245	12.79	002209	达 意 隆	SZ	12.7	12.52	
869	2010-12-01	8.05	8.38	8.05	8.33	27953	6.26	002210	飞马国际	SZ	8.26	6.2	
866	2010-12-01	11.65	11.95	11.54	11.81	20313	7.87	002211	宏达新材	SZ	11.77	7.84	
864	2010-12-01	10.94	11.32	10.76	11.15	71640	5.38	002212	南洋股份	SZ	10.95	5.29	
869	2010-12-01	15	16.01	14.6	16.01	103068	15.77	002213	特 尔 佳	SZ	15.28	15.05	
844	2010-12-01	18.85	19.39	18.67	19.03	47207	9.25	002214	大立科技	SZ	18.95	9.21	
864	2010-12-01	13.04	13.23	12.79	13.06	20962	5.21	002215	诺 普 信	SZ	13.25	5.29	
867	2010-12-01	20.05	20.08	19.59	20	2676	9.7	002216	三全食品	SZ	20.03	9.72	
869	2010-12-01	7.7	7.7	7.53	7.65	20865	4.98	002217	联合化工	SZ	7.7	5.01	
868	2010-12-01	16.67	16.83	16.37	16.42	55069	10.92	002218	拓日新能	SZ	16.77	11.15	
868	2010-12-01	8.54	8.54	8.31	8.43	43096	4.18	002219	独 一 味	SZ	8.54	4.23	
870	2010-12-01	10.3	10.32	10.12	10.18	30475	4.94	002220	天宝股份	SZ	10.32	5.02	
864	2010-12-01	5.38	5.53	5.38	5.5	32436	2.71	002221	东华能源	SZ	5.44	2.68	
870	2010-12-01	11.77	12.73	11.77	12.49	187856	7.97	002222	福晶科技	SZ	11.91	7.59	
869	2010-12-01	23.37	23.8	23.32	23.46	15817	11.16	002223	鱼跃医疗	SZ	23.76	11.31	
867	2010-12-01	9.37	9.49	9.14	9.31	39991	5	002224	三 力 士	SZ	9.38	5.04	
862	2010-12-01	8.34	8.62	8.23	8.58	37183	6.48	002225	濮耐股份	SZ	8.45	6.38	
861	2010-12-01	16.32	16.33	15.75	15.85	15843	9.86	002226	江南化工	SZ	15.97	9.93	
870	2010-12-01	36.42	37.45	36.22	36.51	8126	36.08	002227	奥 特 迅	SZ	36.4	35.97	
864	2010-12-01	9.99	10.24	9.86	10	21682	6.05	002228	合兴包装	SZ	10.24	6.2	
867	2010-12-01	7.79	8.6	7.79	8.6	148289	4.31	002229	鸿博股份	SZ	7.82	3.91	
868	2010-12-01	7.32	7.45	7.28	7.45	21025	3.5	002231	奥维通信	SZ	7.36	3.46	
867	2010-12-01	17.93	18.27	17.51	18.04	70338	12.87	002232	启明信息	SZ	18.31	13.06	
867	2010-12-01	8.06	8.09	7.77	7.87	208039	3.8	002233	塔牌集团	SZ	8.11	3.91	
865	2010-12-01	12.95	13.1	12.43	12.64	19203	5.88	002234	民和股份	SZ	12.95	6.03	
866	2010-12-01	15.02	16.17	14.99	15.49	40841	15.01	002235	安妮股份	SZ	15.1	14.63	
869	2010-12-01	11.23	11.31	10.91	11.14	25107	1.3	002236	大华股份	SZ	11.24	1.32	
868	2010-12-01	24.25	24.99	24.01	24.89	81633	12.27	002237	恒邦股份	SZ	23.83	11.75	
866	2010-12-01	25.83	26.08	25.17	25.5	14244	20.97	002238	天威视讯	SZ	26.27	21.6	
862	2010-12-01	10.42	10.92	10.42	10.74	24426	10.68	002239	金 飞 达	SZ	10.51	10.45	
869	2010-12-01	6.81	6.82	6.53	6.69	68528	4.18	002240	威华股份	SZ	6.87	4.29	
869	2010-12-01	12.54	13.74	12.47	13.59	89595	3.67	002241	歌尔声学	SZ	12.5	3.38	
868	2010-12-01	16.31	16.55	16.31	16.4	29083	13.27	002242	九阳股份	SZ	16.42	13.29	
866	2010-12-01	13.9	14.09	13.7	13.92	22769	13.73	002243	通产丽星	SZ	14	13.8	
870	2010-12-01	10.11	10.51	10.11	10.39	43984	10.18	002244	滨江集团	SZ	10.21	10.01	
867	2010-12-01	8.07	8.77	8.06	8.6	115305	4.23	002245	澳洋顺昌	SZ	8.12	3.99	
823	2010-12-01	17.42	17.88	17.42	17.62	9019	17.16	002246	北化股份	SZ	17.89	17.43	
870	2010-12-01	13.49	13.94	13.26	13.81	22606	6.45	002247	帝龙新材	SZ	13.55	6.33	
868	2010-12-01	25.6	25.88	25.4	25.71	15080	25.54	002248	华东数控	SZ	25.62	25.45	
864	2010-12-01	20.21	20.29	19.87	20.12	34530	12.62	002249	大洋电机	SZ	20.35	12.76	
861	2010-12-01	18.95	18.95	18.72	18.92	15104	9.52	002250	联化科技	SZ	18.81	9.46	
869	2010-12-01	14.99	15.31	14.84	14.97	48189	7.37	002251	步 步 高	SZ	14.98	7.38	
869	2010-12-01	21.41	21.41	21	21.21	23211	11.44	002252	上海莱士	SZ	21.41	11.55	
866	2010-12-01	29.23	29.36	28.76	29.31	4180	17.61	002253	川大智胜	SZ	29.19	17.54	
869	2010-12-01	17.85	18.15	17.56	17.74	105459	8.42	002254	烟台氨纶	SZ	17.74	8.42	
866	2010-12-01	24.08	24.24	23.73	24.1	22198	11.77	002255	海陆重工	SZ	24.08	11.76	
762	2010-12-01	11.27	12.05	11.08	11.33	179614	9.35	002256	彩虹精化	SZ	11.27	9.29	
869	2010-12-01	18.33	18.5	18.18	18.38	12634	18.24	002258	利尔化学	SZ	18.33	18.19	
868	2010-12-01	4.54	4.64	4.5	4.51	205174	2.51	002259	升达林业	SZ	4.61	2.56	
868	2010-12-01	12.5	12.6	12.31	12.52	11509	12.2	002260	伊 立 浦	SZ	12.57	12.25	
865	2010-12-01	20.76	21.02	20.36	20.92	21462	10.62	002261	拓维信息	SZ	20.76	10.54	
870	2010-12-01	20.95	21.07	20.41	20.59	11076	16.34	002262	恩华药业	SZ	20.8	16.5	
866	2010-12-01	8.75	8.92	8.59	8.69	36029	7.08	002263	大 东 南	SZ	8.75	7.12	
864	2010-12-01	8.05	8.23	8	8.12	54427	2.63	002264	新 华 都	SZ	8.07	2.61	
867	2010-12-01	13.18	13.25	12.6	12.79	60312	12.78	002265	西仪股份	SZ	13.1	13.09	
860	2010-12-01	5.69	5.69	5.46	5.63	33650	0.64	002266	浙富股份	SZ	5.62	0.64	
869	2010-12-01	10.6	10.65	10.39	10.51	45158	4.93	002267	陕天然气	SZ	10.56	4.96	
869	2010-12-01	21.58	21.86	21.17	21.25	19710	16.11	002268	卫 士 通	SZ	21.58	16.37	
869	2010-12-01	38.83	38.92	37	37.12	10036	33.61	002269	美邦服饰	SZ	38.75	35.09	
870	2010-12-01	13.03	13.52	12.98	13.46	24875	10.08	002270	法因数控	SZ	13.03	9.76	
865	2010-12-01	18.08	18.24	17.5	17.93	36903	8.76	002271	东方雨虹	SZ	18.16	8.87	
869	2010-12-01	8.48	8.8	8.47	8.72	28402	2.88	002272	川润股份	SZ	8.5	2.8	
866	2010-12-01	15.59	15.77	15.13	15.33	46764	4.85	002273	水晶光电	SZ	15.6	4.93	
867	2010-12-01	13.11	13.57	13.11	13.43	95109	13.34	002274	华昌化工	SZ	13.1	13.01	
868	2010-12-01	20.2	20.26	19.75	19.85	11956	13.83	002275	桂林三金	SZ	20.26	14.12	
853	2010-12-01	8.31	8.41	8.28	8.29	30005	4.51	002276	万马电缆	SZ	8.31	4.52	
865	2010-12-01	15.55	15.91	15.49	15.77	39664	9.54	002277	友阿股份	SZ	15.61	9.44	
870	2010-12-01	13.2	13.4	13.05	13.21	26619	9.62	002278	神开股份	SZ	13.23	9.64	
869	2010-12-01	19.25	19.5	18.76	19.06	37395	11.28	002279	久其软件	SZ	19.46	11.51	
870	2010-12-01	26.62	26.62	26.16	26.34	7239	24.93	002280	新世纪	SZ	26.62	25.2	
856	2010-12-01	41.8	46.41	41.56	46.12	37118	45.03	002281	光迅科技	SZ	42.19	41.19	
869	2010-12-01	11.89	12.38	11.89	12.15	23332	9.08	002282	博深工具	SZ	11.9	8.89	
862	2010-12-01	13.88	13.88	13.55	13.65	45785	6.78	002283	天润曲轴	SZ	13.85	6.88	
855	2010-12-01	14.47	14.57	14.2	14.47	15879	9.37	002284	亚太股份	SZ	14.45	9.36	
869	2010-12-01	16.05	16.23	15.85	15.94	29625	7.82	002285	世联地产	SZ	16.14	7.92	
869	2010-12-01	22.23	22.23	21.83	22.02	13384	16.68	002286	保龄宝	SZ	22.26	16.86	
868	2010-12-01	26.3	26.3	25.6	25.84	19561	24.8	002287	奇正藏药	SZ	26.57	25.5	
864	2010-12-01	7.44	7.5	7.33	7.47	84091	3.18	002288	超华科技	SZ	7.57	3.23	
867	2010-12-01	39.16	40.24	38.59	39.48	31738	39.41	002289	宇顺电子	SZ	39.88	39.81	
869	2010-12-01	24.83	25.18	24.5	24.79	28862	17.25	002290	禾盛新材	SZ	24.83	17.28	
868	2010-12-01	15.15	15.35	14.88	15.15	18124	11.52	002291	星期六	SZ	15.23	11.59	
869	2010-12-01	13.78	14.3	13.67	14.3	53532	5.74	002292	奥飞动漫	SZ	14	5.62	
870	2010-12-01	37.31	37.85	36.51	37.39	3678	17.11	002293	罗莱家纺	SZ	37.5	17.16	
870	2010-12-01	26.87	26.88	26.35	26.53	48235	8.62	002294	信立泰	SZ	27.08	8.8	
866	2010-12-01	12.01	12.15	11.95	12.06	10133	7.95	002295	精艺股份	SZ	12.01	7.92	
790	2010-12-01	37.22	37.66	36.41	37.45	5240	21.45	002296	辉煌科技	SZ	37.58	21.52	
869	2010-12-01	15.53	15.8	15.49	15.72	19051	10.44	002297	博云新材	SZ	15.65	10.39	
863	2010-12-01	7.22	7.62	7.18	7.49	36751	3.69	002298	鑫龙电器	SZ	7.26	3.57	
867	2010-12-01	15.89	16.1	15.75	15.95	48971	7.73	002299	圣农发展	SZ	15.89	7.69	
868	2010-12-01	14.37	14.54	14.3	14.34	17477	8.64	002300	太阳电缆	SZ	14.43	8.69	
866	2010-12-01	9.25	9.3	9.08	9.16	43792	4.5	002301	齐心文具	SZ	9.38	4.61	
866	2010-12-01	16.08	16.87	16.08	16.46	24111	12.59	002302	西部建设	SZ	16.03	12.26	
868	2010-12-01	20.64	21.19	20.25	20.82	12403	10.18	002303	美盈森	SZ	20.73	10.14	
867	2010-12-01	105.84	106.66	104.16	105.42	18923	41.89	002304	洋河股份	SZ	106.65	42.38	
868	2010-12-01	6.25	6.26	6.09	6.14	41726	2.96	002305	南国置业	SZ	6.21	2.99	
862	2010-12-01	6.45	6.74	6.44	6.68	152695	1.5	002306	湘鄂情	SZ	6.47	1.45	
863	2010-12-01	11.03	11.5	10.93	11.42	81386	5.68	002307	北新路桥	SZ	11	5.47	
866	2010-12-01	11.01	11.09	10.88	10.95	38062	5.19	002308	威创股份	SZ	11.02	5.22	
866	2010-12-01	16.11	16.11	15.78	15.9	49936	7.77	002309	中利科技	SZ	16.01	7.83	
863	2010-12-01	27.61	27.75	26.4	26.44	69724	6.6	002310	东方园林	SZ	28.18	7.03	
865	2010-12-01	11.95	12.24	11.85	12.22	20075	4.55	002311	海大集团	SZ	12.03	4.48	
868	2010-12-01	9.62	9.87	9.62	9.76	16397	3.14	002312	三泰电子	SZ	9.61	3.09	
868	2010-12-01	20.96	22.08	20.78	21.67	18716	7.97	002313	日海通讯	SZ	21.35	7.85	
868	2010-12-01	18.29	18.55	18.18	18.32	20193	17.7	002314	雅致股份	SZ	18.58	17.96	
869	2010-12-01	83.3	83.5	81	81.58	9466	76.97	002315	焦点科技	SZ	83.22	78.52	
868	2010-12-01	8.27	8.5	8.18	8.49	49498	3.31	002316	键桥通讯	SZ	8.24	3.21	
867	2010-12-01	16.83	16.97	16.43	16.49	38493	5	002317	众生药业	SZ	16.97	5.14	
866	2010-12-01	15.67	15.91	15.5	15.61	21253	10.18	002318	久立特材	SZ	15.67	10.22	
868	2010-12-01	11.19	11.39	11.08	11.35	8173	5.51	002319	乐通股份	SZ	11.32	5.5	
869	2010-12-01	20.88	21.24	20.7	20.77	13068	9.57	002320	海峡股份	SZ	20.99	9.67	
869	2010-12-01	10.15	10.3	10.15	10.17	17949	4.93	002321	华英农业	SZ	10.19	4.95	
868	2010-12-01	20.75	21.22	20.5	21.12	7436	5.04	002322	理工监测	SZ	20.75	4.95	
870	2010-12-01	25.08	26.46	24.88	26.23	28557	18.54	002323	中联电气	SZ	25.28	17.87	
866	2010-12-01	22.79	23.13	22.51	22.61	33665	11.11	002324	普利特	SZ	23.17	11.39	
869	2010-12-01	34.53	35.56	34.53	35.01	12155	19.26	002326	永太科技	SZ	36.11	19.87	
869	2010-12-01	16.94	17.38	16.94	17.01	5827	6.7	002327	富安娜	SZ	17.34	6.83	
870	2010-12-01	12.7	12.84	12.6	12.72	20140	8.15	002328	新朋股份	SZ	12.72	8.15	
868	2010-12-01	25.1	25.14	24.3	24.9	6967	12.14	002329	皇氏乳业	SZ	25.04	12.21	
870	2010-12-01	9.6	9.66	9.27	9.51	56849	4.63	002330	得利斯	SZ	9.66	4.7	
864	2010-12-01	10.82	10.94	10.74	10.94	13786	3.84	002331	皖通科技	SZ	10.96	3.85	
865	2010-12-01	22.01	22.91	21.68	22.14	34150	21.02	002332	仙琚制药	SZ	22.16	21.04	
867	2010-12-01	15.65	16.02	15.52	15.91	21284	15.31	002333	罗普斯金	SZ	15.63	15.04	
865	2010-12-01	23.96	24.51	23.71	24.06	11747	8.05	002334	英威腾	SZ	24.31	8.13	
867	2010-12-01	21.79	21.91	21.49	21.61	9845	7.3	002335	科华恒盛	SZ	22	7.43	
868	2010-12-01	25.73	25.78	25.2	25.64	18334	24.31	002336	人人乐	SZ	25.72	24.38	
870	2010-12-01	18.38	18.49	18.19	18.42	9055	10.77	002337	赛象科技	SZ	18.49	10.81	
869	2010-12-01	28.25	28.7	27.59	27.81	8344	17.67	002338	奥普光电	SZ	28.27	17.96	
869	2010-12-01	10.68	10.68	10.38	10.53	33613	2.5	002339	积成电子	SZ	10.75	2.55	
864	2010-12-01	11.9	11.92	11.7	11.87	25410	2.2	002340	格林美	SZ	11.81	2.19	
864	2010-12-01	10.69	10.8	10.38	10.53	17489	2.51	002341	新纶科技	SZ	10.69	2.55	
863	2010-12-01	9.19	9.32	9.09	9.2	21061	4.5	002342	巨力索具	SZ	9.19	4.49	
870	2010-12-01	16.65	16.95	16.51	16.83	16195	7.73	002343	禾欣股份	SZ	16.69	7.67	
868	2010-12-01	14.95	15.86	14.75	15.52	50341	3.62	002344	海宁皮城	SZ	14.98	3.49	
865	2010-12-01	18.95	18.95	18.5	18.7	20533	8.66	002345	潮宏基	SZ	19	8.8	
869	2010-12-01	9.1	9.32	9.1	9.14	9657	4.38	002346	柘中建设	SZ	9.15	4.39	
868	2010-12-01	12.72	13.61	12.56	13.55	56010	7.14	002347	泰尔重工	SZ	12.69	6.69	
869	2010-12-01	6.84	6.9	6.75	6.77	36424	1.99	002348	高乐股份	SZ	6.85	2.01	
867	2010-12-01	16.08	17.07	15.84	16.52	36896	6.48	002349	精华制药	SZ	16.13	6.33	
868	2010-12-01	14.37	14.4	14.12	14.28	18178	7.93	002350	北京科锐	SZ	14.36	7.97	
868	2010-12-01	17.09	17.38	16.85	17.11	65116	8	002351	漫步者	SZ	17.08	7.99	
867	2010-12-01	32.76	33.29	32.05	32.96	6580	30.96	002352	鼎泰新材	SZ	32.76	30.78	
869	2010-12-01	25.23	25.24	24.48	24.81	40811	4.63	002353	杰瑞股份	SZ	25.08	4.68	
867	2010-12-01	19.8	20.4	19.8	20.24	7661	20	002354	科冕木业	SZ	19.98	19.74	
866	2010-12-01	8.3	8.46	8.22	8.39	71734	3.97	002355	兴民钢圈	SZ	8.25	3.9	
869	2010-12-01	35.41	35.69	35.02	35.31	10198	34.17	002356	浩宁达	SZ	35.4	34.26	
857	2010-12-01	10.57	10.85	10.52	10.77	13345	5.11	002357	富临运业	SZ	10.66	5.05	
869	2010-12-01	13.95	14.24	13.95	14.16	12377	3.75	002358	森源电气	SZ	14.24	3.77	
650	2010-12-01	7.4	7.49	7.24	7.48	20499	2.4	002359	齐星铁塔	SZ	7.39	2.37	
847	2010-12-01	23.91	24.16	23.53	23.79	14535	3.74	002360	同德化工	SZ	23.92	3.76	
867	2010-12-01	6.78	6.88	6.78	6.82	15344	1.77	002361	神剑股份	SZ	6.84	1.78	
869	2010-12-01	48.38	48.53	47.15	47.6	25274	23.8	002362	汉王科技	SZ	48.22	24.11	
868	2010-12-01	21.09	21.18	20.76	21.16	10037	20.91	002363	隆基机械	SZ	21.05	20.8	
868	2010-12-01	11.33	11.4	11.13	11.31	11682	3.58	002364	中恒电气	SZ	11.33	3.59	
870	2010-12-01	17.2	17.38	16.92	17.07	16303	8.11	002365	永安药业	SZ	17.35	8.24	
867	2010-12-01	20.38	20.38	19.95	20.21	7833	18.63	002366	丹甫股份	SZ	20.16	18.59	
865	2010-12-01	7.33	7.6	7.24	7.4	75910	1.38	002367	康力电梯	SZ	7.32	1.37	
868	2010-12-01	20.59	21.12	20.15	20.45	13700	9.71	002369	卓翼科技	SZ	20.62	9.79	
868	2010-12-01	13.2	13.2	12.87	13.06	20727	7.54	002370	亚太药业	SZ	13.25	7.65	
864	2010-12-01	21.26	21.37	20.83	21.34	14171	4.48	002371	七星电子	SZ	21.47	4.51	
862	2010-12-01	16.32	16.59	16.31	16.48	18120	11.16	002372	伟星新材	SZ	16.45	11.14	
868	2010-12-01	15.07	15.25	15	15.05	9433	7.46	002373	联信永益	SZ	15.05	7.46	
864	2010-12-01	12.17	12.35	12.17	12.28	11342	4.02	002374	丽鹏股份	SZ	12.27	4.02	
868	2010-12-01	30	30.52	29.29	29.67	16620	9.72	002375	亚厦股份	SZ	30.5	9.99	
870	2010-12-01	12.33	12.5	12.2	12.38	18345	2.97	002376	新北洋	SZ	12.33	2.96	
867	2010-12-01	10.4	10.77	10.4	10.61	16042	5.31	002377	国创高新	SZ	10.56	5.28	
866	2010-12-01	37.48	38.25	36.71	37.69	29021	36.67	002378	章源钨业	SZ	37.48	36.46	
866	2010-12-01	9.78	9.9	9.67	9.78	12794	2.42	002379	鲁丰股份	SZ	9.81	2.42	
869	2010-12-01	54	54.45	53.02	53.8	7016	52.74	002380	科远股份	SZ	54.35	53.27	
869	2010-12-01	11.97	12.1	11.87	11.93	16633	3.64	002381	双箭股份	SZ	12.1	3.69	
846	2010-12-01	12.93	12.93	12.67	12.93	16220	4.18	002382	蓝帆股份	SZ	12.87	4.16	
867	2010-12-01	36.59	36.86	36.32	36.65	17739	22.91	002383	合众思壮	SZ	36.63	22.9	
865	2010-12-01	34.24	35.49	33.43	35.17	22024	16.16	002384	东山精密	SZ	34.26	15.74	
868	2010-12-01	10.78	11.21	10.66	11.09	99165	2.58	002385	大北农	SZ	10.98	2.56	
870	2010-12-01	16.8	17.06	16.73	16.83	40224	16.5	002386	天原集团	SZ	16.93	16.6	
869	2010-12-01	17.86	18.06	17.62	17.82	22744	7.49	002387	黑牛食品	SZ	17.95	7.54	
865	2010-12-01	16.64	16.82	16.32	16.4	28083	8.84	002388	新亚制程	SZ	16.78	9.04	
864	2010-12-01	10.08	10.24	10.01	10.16	38401	1.61	002389	南洋科技	SZ	10.15	1.61	
869	2010-12-01	22.29	22.44	21.78	21.9	15220	10.73	002390	信邦制药	SZ	22.55	11.05	
869	2010-12-01	16.56	16.72	16.42	16.48	16612	7.8	002391	长青股份	SZ	16.61	7.86	
865	2010-12-01	11.47	11.47	11.05	11.12	61385	2.69	002392	北京利尔	SZ	11.35	2.75	
870	2010-12-01	53	53.5	51.61	51.73	25029	48.47	002393	力生制药	SZ	54	50.6	
867	2010-12-01	24.15	24.5	23.95	24.1	22615	11.16	002394	联发股份	SZ	24.3	11.25	
869	2010-12-01	22.89	22.89	21.91	22.05	40467	10.62	002396	星网锐捷	SZ	22.81	10.99	
868	2010-12-01	27.81	28.14	27.51	27.79	6952	16.59	002397	梦洁家纺	SZ	28.21	16.85	
870	2010-12-01	14.19	15.25	14.11	14.92	70555	6.63	002398	建研集团	SZ	14.2	6.31	
868	2010-12-01	79.67	82.3	78.7	78.75	47451	35.89	002399	海普瑞	SZ	80.75	36.8	
869	2010-12-01	10.66	10.86	10.51	10.77	32667	2.2	002400	省广股份	SZ	10.76	2.2	
869	2010-12-01	19.13	19.33	18.9	19.08	13988	7.84	002402	和而泰	SZ	19.35	7.96	
865	2010-12-01	17.15	17.49	17.09	17.24	16864	17.02	002403	爱仕达	SZ	17.24	17.02	
868	2010-12-01	11.03	11.23	10.94	10.98	25388	5.01	002404	嘉欣丝绸	SZ	11.13	5.08	
867	2010-12-01	39.62	40.87	39.62	40.39	11397	19.11	002407	多氟多	SZ	40.37	19.09	
868	2010-12-01	21.29	21.49	20.61	21.16	58210	9.3	002408	齐翔腾达	SZ	21.3	9.36	
868	2010-12-01	29.47	30.07	28.01	28.93	28582	18.65	002409	雅克科技	SZ	29.81	19.21	
868	2010-12-01	21.37	21.47	21.03	21.26	25616	6.71	002410	广联达	SZ	21.59	6.82	
866	2010-12-01	13.93	14	13.52	13.85	12028	5.03	002411	九九久	SZ	13.95	5.06	
867	2010-12-01	15.42	15.9	15.37	15.5	23729	10.02	002413	常发股份	SZ	15.39	9.94	
868	2010-12-01	19.98	20.15	19.34	19.8	24840	9.04	002414	高德红外	SZ	20	9.13	
649	2010-12-01	12.45	12.45	11.9	12.12	80616	1.39	002415	海康威视	SZ	12.24	1.4	
867	2010-12-01	10.6	10.75	10.49	10.62	25522	4.67	002417	三元达	SZ	10.62	4.67	
867	2010-12-01	13.23	13.42	13.12	13.29	21886	8.15	002418	康盛股份	SZ	13.28	8.15	
867	2010-12-01	24.44	24.69	24.03	24.15	13261	11.48	002419	天虹商场	SZ	24.44	11.63	
868	2010-12-01	13.43	13.46	13.25	13.33	18825	13.13	002420	毅昌股份	SZ	13.46	13.25	
870	2010-12-01	79.65	81.15	78.75	79.17	31232	38.98	002422	科伦药业	SZ	81.05	39.91	
864	2010-12-01	9.29	9.45	9.28	9.4	22804	9.25	002423	中原特钢	SZ	9.3	9.15	
864	2010-12-01	18.83	18.83	18.31	18.6	40203	8.79	002424	贵州百灵	SZ	18.9	8.93	
869	2010-12-01	16.21	17.29	16.21	16.75	8354	6.84	002425	凯撒股份	SZ	16.23	6.62	
868	2010-12-01	14.66	15.06	14.66	14.94	12603	11.36	002427	尤夫股份	SZ	14.81	11.26	
868	2010-12-01	15.02	15.06	14.81	14.94	35490	2.79	002428	云南锗业	SZ	15.02	2.8	
865	2010-12-01	12.58	12.75	12.38	12.48	61626	5.15	002429	兆驰股份	SZ	12.8	5.28	
867	2010-12-01	14.77	14.84	14.52	14.57	30101	6.89	002430	杭氧股份	SZ	14.88	7.04	
863	2010-12-01	37.92	37.92	36.66	36.68	22982	15.17	002431	棕榈园林	SZ	37.35	15.45	
868	2010-12-01	14.44	14.74	14.21	14.51	26349	5.72	002433	太安堂	SZ	14.58	5.75	
869	2010-12-01	15.93	16.34	15.93	16.14	26994	7.7	002434	万里扬	SZ	16.11	7.69	
869	2010-12-01	32.03	34.94	32.01	33.88	41498	16.16	002436	兴森科技	SZ	32.6	15.55	
867	2010-12-01	43.5	43.5	42.3	42.5	18639	20.54	002437	誉衡药业	SZ	44.11	21.32	
780	2010-12-01	23.95	24.25	23.61	24.17	13832	11.96	002439	启明星辰	SZ	24.06	11.9	
869	2010-12-01	26.8	28.25	26.6	27.81	51990	13.21	002441	众业达	SZ	26.65	12.66	
868	2010-12-01	6.14	6.25	6.1	6.23	38952	2.45	002442	龙星化工	SZ	6.15	2.42	
866	2010-12-01	9.03	9.84	8.96	9.51	203796	3.42	002443	金洲管道	SZ	9.03	3.25	
768	2010-12-01	17.77	18.62	17.77	18.46	15620	14.01	002446	盛路通信	SZ	17.98	13.64	
854	2010-12-01	23.5	24.08	23.5	23.92	21392	11.15	002448	中原内配	SZ	23.74	11.07	
867	2010-12-01	20.27	21.25	20.03	20.4	52839	9.6	002449	国星光电	SZ	20.31	9.56	
861	2010-12-01	6.4	6.93	6.28	6.8	88156	1.41	002450	康得新	SZ	6.42	1.33	
868	2010-12-01	22.73	22.87	22.4	22.72	11837	7.51	002451	摩恩电气	SZ	22.68	7.5	
869	2010-12-01	44.72	45.38	44.62	45.08	10582	16.72	002452	长高集团	SZ	44.91	16.65	
867	2010-12-01	38.42	40.98	38.1	39.9	39755	4.79	002453	天马精化	SZ	38.11	4.57	
866	2010-12-01	23.85	24.15	23.62	23.77	41265	17.43	002454	松芝股份	SZ	23.92	17.55	
649	2010-12-01	23.11	23.57	22.67	23.22	28978	14.97	002455	百川股份	SZ	23.29	15.01	
867	2010-12-01	8.62	8.74	8.44	8.65	19092	1.04	002456	欧菲光	SZ	8.74	1.05	
869	2010-12-01	15.33	15.46	14.92	14.98	95909	6.03	002457	青龙管业	SZ	15.48	6.23	
869	2010-12-01	13.08	14.15	13.04	13.78	138070	4.9	002458	益生股份	SZ	13.25	4.71	
870	2010-12-01	22.08	22.58	21.92	22.14	14235	16.67	002459	天业通联	SZ	22.29	16.78	
868	2010-12-01	35.05	35.52	34.87	35.16	8458	22.79	002460	赣锋锂业	SZ	35.27	22.86	
868	2010-12-01	22.13	22.2	21.52	21.68	40749	21.6	002461	珠江啤酒	SZ	22.12	22.04	
869	2010-12-01	15.47	15.51	15.2	15.27	21266	9.78	002462	嘉事堂	SZ	15.51	9.94	
867	2010-12-01	8.56	8.63	8.51	8.58	40626	3.97	002463	沪电股份	SZ	8.59	3.97	
840	2010-12-01	29.2	29.21	28	28.4	48889	27.13	002464	金利科技	SZ	29.63	28.31	
869	2010-12-01	21	21	20.2	20.35	170656	9.19	002465	海格通信	SZ	20.95	9.47	
864	2010-12-01	42.1	42.1	39.99	40.47	45839	26.76	002466	天齐锂业	SZ	42.63	28.19	
867	2010-12-01	17.57	17.74	17.3	17.5	18876	8.18	002467	二六三	SZ	17.57	8.21	
868	2010-12-01	15.36	15.6	15.34	15.42	11565	8.47	002468	艾迪西	SZ	15.55	8.54	
867	2010-12-01	26.24	27.16	25.83	26.71	33366	5.18	002469	三维工程	SZ	26.63	5.16	
868	2010-12-01	20.57	20.57	20.31	20.43	19097	19.99	002470	金正大	SZ	20.6	20.15	
867	2010-12-01	9.15	9.29	9.06	9.22	23738	3.27	002471	中超电缆	SZ	9.22	3.27	
869	2010-12-01	19.22	19.35	18.94	19.13	23004	7.76	002472	双环传动	SZ	19.27	7.82	
869	2010-12-01	15.4	15.56	15.2	15.47	7403	7.43	002473	圣莱达	SZ	15.45	7.42	
866	2010-12-01	17.93	18.26	17.63	17.79	32284	5.48	002474	榕基软件	SZ	18.08	5.57	
864	2010-12-01	17.4	17.88	17.1	17.31	79412	5.32	002475	立讯精密	SZ	17.66	5.43	
869	2010-12-01	6.98	7.11	6.89	7.04	34200	1.52	002476	宝莫股份	SZ	7.04	1.52	
868	2010-12-01	9.26	9.34	9.1	9.19	45026	1.3	002477	雏鹰农牧	SZ	9.38	1.32	
869	2010-12-01	18.42	19.18	18.42	19.18	44258	18.59	002478	常宝股份	SZ	18.68	18.11	
868	2010-12-01	8.66	8.81	8.62	8.71	85300	2.33	002479	富春环保	SZ	8.66	2.31	
868	2010-12-01	38	38.49	37.8	38.08	10248	18.59	002480	新筑股份	SZ	38	18.55	
868	2010-12-01	6.87	7.01	6.77	6.8	38077	0.91	002481	双塔食品	SZ	6.89	0.92	
867	2010-12-01	29.56	29.56	28.25	28.56	67962	8.76	002482	广田股份	SZ	29.81	9.14	
862	2010-12-01	17.72	18.03	17.62	17.86	25291	9.57	002483	润邦股份	SZ	17.86	9.57	
868	2010-12-01	23.52	24.37	23.37	24.22	27342	18.11	002484	江海股份	SZ	23.69	17.72	
868	2010-12-01	19.13	19.34	18.97	19.09	16526	10.85	002485	希努尔	SZ	19.26	10.95	
867	2010-12-01	7.48	7.78	7.44	7.76	223984	1.69	002486	嘉麟杰	SZ	7.49	1.63	
868	2010-12-01	13.43	13.6	13.37	13.52	18032	4.4	002487	大金重工	SZ	13.43	4.37	
869	2010-12-01	17.63	17.63	17.2	17.47	17735	10.94	002488	金固股份	SZ	18	11.28	
867	2010-12-01	19.12	19.4	19.12	19.27	23427	8.3	002489	浙江永强	SZ	19.19	8.26	
869	2010-12-01	9.9	10.09	9.9	10.02	31785	4.93	002490	山东墨龙	SZ	10.01	4.92	
868	2010-12-01	21.7	22.38	21.38	21.85	41265	21	002491	通鼎光电	SZ	21.93	21.08	
869	2010-12-01	31.01	31.78	31.01	31.4	9392	30.62	002494	华斯股份	SZ	31.32	30.54	
869	2010-12-01	12.04	12.07	11.95	12.01	14853	4.14	002495	佳隆股份	SZ	12.04	4.14	
868	2010-12-01	37.92	38.45	37.5	38.08	21655	11.37	002496	辉丰股份	SZ	38.4	11.46	
865	2010-12-01	12.4	12.53	12.33	12.43	32474	3.9	002497	雅化集团	SZ	12.48	3.92	
838	2010-12-01	24.13	24.8	23.56	24.44	76100	10.43	002498	汉缆股份	SZ	24.44	10.42	
869	2010-12-01	30.63	31.13	30.39	30.8	12839	20.19	002499	科林环保	SZ	30.59	20.05	
869	2010-12-01	11.98	12.39	11.89	12.14	272843	11.81	002500	山西证券	SZ	12.01	11.69	
870	2010-12-01	11.34	12.35	11.25	12.12	136514	3.2	002501	利源铝业	SZ	11.4	3	
868	2010-12-01	20.67	20.99	20.5	20.84	23631	12.68	002502	骅威股份	SZ	20.65	12.56	
870	2010-12-01	15.65	17.16	15.65	16.96	125385	2.76	002503	搜于特	SZ	15.76	2.57	
870	2010-12-01	24.92	25.77	24.64	25.13	34959	18.82	002504	东光微电	SZ	24.96	18.7	
866	2010-12-01	11.65	11.85	11.56	11.8	35554	4.86	002505	大康牧业	SZ	11.65	4.8	
864	2010-12-01	13.94	14.22	13.75	13.99	127561	4.21	002506	超日太阳	SZ	13.96	4.21	
870	2010-12-01	30.8	32.74	30.52	30.9	92386	29.57	002507	涪陵榨菜	SZ	31.84	30.47	
869	2010-12-01	26.88	29.38	26.8	29.04	187799	17.55	002508	老板电器	SZ	27.69	16.74	
867	2010-12-01	9.27	9.72	9.25	9.41	128258	2.25	002509	天广消防	SZ	9.45	2.26	
649	2010-12-01	52.4	53.96	52.24	53.12	44835	25.41	002510	天汽模	SZ	52.22	24.98	
649	2010-12-01	25.92	26.67	25.14	25.31	140727	12.63	002511	中顺洁柔	SZ	25.85	12.9	
867	2010-12-01	24.17	24.47	24.12	24.17	11462	15.65	300001	特锐德	SZ	24.37	15.79	
868	2010-12-01	16.41	16.99	16.3	16.64	50244	3.78	300002	神州泰岳	SZ	16.58	3.76	
868	2010-12-01	31.01	31.29	30.55	30.79	22452	29.7	300003	乐普医疗	SZ	31.39	30.28	
866	2010-12-01	26	26.12	25.5	25.95	18438	12.83	300004	南风股份	SZ	25.65	12.68	
866	2010-12-01	11.67	11.86	11.42	11.79	19248	3.68	300005	探路者	SZ	11.68	3.65	
864	2010-12-01	17.5	17.99	17.26	17.69	14750	8.73	300006	莱美药业	SZ	17.83	8.8	
869	2010-12-01	22.3	22.43	21.98	22.25	12625	21.94	300007	汉威电子	SZ	22.43	22.12	
868	2010-12-01	23.65	23.67	23.2	23.24	21029	14.83	300008	上海佳豪	SZ	23.67	15.1	
870	2010-12-01	16.39	16.5	15.89	16.11	48201	9.8	300009	安科生物	SZ	16.51	10.04	
862	2010-12-01	16.67	16.84	16.21	16.49	36717	10.64	300010	立思辰	SZ	17.02	10.98	
866	2010-12-01	16	16.13	15.38	15.63	42051	3.54	300011	鼎汉技术	SZ	16	3.62	
868	2010-12-01	13.17	13.37	12.77	13.2	36838	4.07	300012	华测检测	SZ	13.1	4.04	
869	2010-12-01	16.8	17	16.56	16.84	15257	16.75	300013	新宁物流	SZ	17	16.9	
868	2010-12-01	18.4	18.4	18.02	18.25	29007	5.82	300014	亿纬锂能	SZ	18.45	5.88	
869	2010-12-01	27.25	27.25	26.56	26.76	54922	16.45	300015	爱尔眼科	SZ	27.86	17.13	
869	2010-12-01	7.05	7.19	6.85	7.05	37016	2.14	300016	北陆药业	SZ	7.15	2.17	
867	2010-12-01	18.7	18.7	18.1	18.42	34336	18.04	300017	网宿科技	SZ	18.85	18.46	
868	2010-12-01	16.52	17.1	16.26	17.07	32713	10.73	300018	中元华电	SZ	16.61	10.45	
869	2010-12-01	14.62	14.86	14.44	14.63	12485	8.64	300019	硅宝科技	SZ	14.85	8.77	
866	2010-12-01	18.34	18.58	18.04	18.13	25181	11.92	300020	银江股份	SZ	18.4	12.1	
869	2010-12-01	12.13	12.38	11.31	11.57	163631	5.74	300021	大禹节水	SZ	12.13	6.01	
867	2010-12-01	16.3	16.45	15.98	16.3	31822	8.04	300022	吉峰农机	SZ	16.45	8.11	
870	2010-12-01	17.96	17.98	17.53	17.67	8879	17.67	300023	宝德股份	SZ	17.94	17.94	
865	2010-12-01	20.4	20.6	19.85	20.32	38226	9.22	300024	机器人	SZ	20.45	9.28	
866	2010-12-01	14.18	15.38	14.18	15.3	53982	7.78	300025	华星创业	SZ	14.72	7.48	
867	2010-12-01	14.87	14.98	14.61	14.88	22879	4.27	300026	红日药业	SZ	14.81	4.25	
867	2010-12-01	14.49	15.01	14.4	14.88	83835	7.08	300027	华谊兄弟	SZ	14.56	6.92	
823	2010-12-01	11.4	11.47	11.21	11.24	42410	7.29	300028	金亚科技	SZ	11.42	7.4	
869	2010-12-01	32.8	35.03	32.72	34.35	28129	33.87	300029	天龙光电	SZ	32.93	32.47	
869	2010-12-01	32.41	32.71	31.13	32.1	6922	7.87	300030	阳普医疗	SZ	32.27	7.91	
868	2010-12-01	15.85	16.06	15.6	15.94	8446	10.13	300031	宝通带业	SZ	15.81	10.04	
869	2010-12-01	11.93	12.34	11.93	11.98	21072	5.71	300032	金龙机电	SZ	12.09	5.76	
867	2010-12-01	39.3	40	38.81	39.29	10688	38.59	300033	同花顺	SZ	39.55	38.85	
869	2010-12-01	17.8	17.83	17.36	17.46	12830	9.54	300034	钢研高纳	SZ	17.87	9.76	
870	2010-12-01	12.41	12.52	12.32	12.37	13361	6.05	300035	中科电气	SZ	12.42	6.07	
869	2010-12-01	22.42	22.42	21.88	22.11	4629	13.67	300036	超图软件	SZ	22.18	13.71	
870	2010-12-01	28.44	28.86	28.44	28.76	8946	17.32	300037	新宙邦	SZ	28.62	17.24	
869	2010-12-01	15.53	15.64	15.4	15.53	8667	10.06	300038	梅泰诺	SZ	15.53	10.06	
870	2010-12-01	15.05	15.06	14.67	14.94	20405	3.57	300039	上海凯宝	SZ	15.03	3.59	
869	2010-12-01	11.23	11.65	11.2	11.38	21991	5.36	300040	九洲电气	SZ	11.32	5.33	
869	2010-12-01	25.4	25.7	25.08	25.35	20449	9.2	300041	回天胶业	SZ	25.71	9.33	
868	2010-12-01	16.32	16.36	16.08	16.2	8876	7.9	300042	朗科科技	SZ	16.24	7.91	
851	2010-12-01	12.34	12.44	12	12.11	17689	1.89	300043	星辉车模	SZ	12.5	1.95	
869	2010-12-01	12.95	13.17	12.73	13.09	16421	5.79	300044	赛为智能	SZ	13.08	5.79	
868	2010-12-01	10.95	11.24	10.88	11.05	22085	2.68	300045	华力创通	SZ	10.95	2.65	
868	2010-12-01	25.12	26.15	25	26.05	14439	11.4	300046	台基股份	SZ	25.15	11.01	
868	2010-12-01	10.61	10.69	10.37	10.45	25921	3.13	300047	天源迪科	SZ	10.66	3.19	
869	2010-12-01	20.16	21.05	20.16	21.05	58409	7.33	300048	合康变频	SZ	19.14	6.66	
863	2010-12-01	20.76	20.99	20.45	20.82	11211	15.45	300049	福瑞股份	SZ	20.78	15.42	
869	2010-12-01	35.7	36.75	35.51	36.4	17027	17.77	300050	世纪鼎利	SZ	35.72	17.44	
868	2010-12-01	6.35	6.42	6.26	6.38	21129	1.48	300051	三五互联	SZ	6.36	1.48	
869	2010-12-01	11.09	11.22	11.02	11.09	25837	5.34	300052	中青宝	SZ	11.18	5.39	
869	2010-12-01	13.53	13.57	13.15	13.2	18929	6.55	300053	欧比特	SZ	13.54	6.72	
869	2010-12-01	10.34	11.02	10.28	10.86	40079	1.4	300054	鼎龙股份	SZ	10.77	1.39	
867	2010-12-01	66.94	69.25	66	69.25	4829	34.32	300055	万邦达	SZ	66.94	33.18	
869	2010-12-01	23.88	24.11	23.53	24.11	2564	12.97	300056	三维丝	SZ	24.36	13.1	
869	2010-12-01	12.47	13.19	12.38	13.02	42107	6.36	300057	万顺股份	SZ	12.45	6.08	
834	2010-12-01	12.58	12.6	12.28	12.4	15272	4	300058	蓝色光标	SZ	12.51	4.04	
867	2010-12-01	11.25	11.25	10.98	11.06	43600	2.24	300059	东方财富	SZ	11.28	2.29	
870	2010-12-01	14.84	15.02	14.72	14.88	3592	9.3	300061	康耐特	SZ	14.88	9.3	
868	2010-12-01	19.35	19.74	19	19.25	5574	9.25	300062	中能电气	SZ	19.54	9.39	
867	2010-12-01	18.58	18.78	18.47	18.6	6516	12.02	300063	天龙集团	SZ	18.57	12	
865	2010-12-01	9.5	9.62	9.38	9.57	56795	2.3	300064	豫金刚石	SZ	9.65	2.32	
868	2010-12-01	32.19	32.67	31.53	32.33	6945	21.2	300065	海兰信	SZ	32.42	21.26	
867	2010-12-01	19.87	20.22	19.52	19.76	19089	6.23	300066	三川股份	SZ	20.2	6.37	
869	2010-12-01	13.43	13.64	13.35	13.55	9000	8.67	300067	安诺其	SZ	13.49	8.64	
867	2010-12-01	14.79	14.95	14.61	14.86	44043	5.97	300068	南都电源	SZ	14.96	6.01	
866	2010-12-01	21.32	21.49	20.8	20.91	32124	3.41	300070	碧水源	SZ	21.41	3.49	
868	2010-12-01	24.01	24.25	23.73	23.78	13417	3.86	300071	华谊嘉信	SZ	24.27	3.94	
867	2010-12-01	9.51	9.77	9.38	9.51	47455	1.76	300072	三聚环保	SZ	9.49	1.76	
867	2010-12-01	24.75	24.8	24.33	24.56	12098	12.09	300073	当升科技	SZ	24.69	12.16	
867	2010-12-01	10.13	10.37	9.93	10.05	29513	1.12	300074	华平股份	SZ	10.14	1.13	
870	2010-12-01	27.99	28.22	27.21	27.65	7324	11.94	300075	数字政通	SZ	28.36	12.25	
870	2010-12-01	31.39	31.65	30.5	30.68	12910	30	300076	宁波GQY	SZ	31.4	30.71	
869	2010-12-01	31.98	32.56	31.52	32	18781	11.68	300078	中瑞思创	SZ	32	11.68	
869	2010-12-01	23.67	23.79	23.13	23.33	54468	7.48	300079	数码视讯	SZ	23.89	7.66	
867	2010-12-01	23.38	23.46	22.32	22.72	45127	8.58	300080	新大新材	SZ	23.47	8.86	
867	2010-12-01	16.31	17.27	16.25	17	44995	8.39	300081	恒信移动	SZ	16.4	8.1	
870	2010-12-01	45.37	47.38	44.62	45.43	63600	33.13	300082	奥克股份	SZ	45.73	33.35	
867	2010-12-01	21.56	22.19	21.56	21.89	10402	10.69	300083	劲胜股份	SZ	21.86	10.68	
870	2010-12-01	17.25	17.9	17.25	17.34	19174	8.52	300084	海默科技	SZ	17.25	8.48	
869	2010-12-01	29.71	30.26	29.46	30	9218	7.01	300085	银之杰	SZ	29.75	6.95	
865	2010-12-01	42.12	42.9	41.5	41.85	8304	20.3	300086	康芝药业	SZ	42.83	20.78	
867	2010-12-01	38.5	39.94	37.53	38.5	8114	18.87	300087	荃银高科	SZ	38.5	18.87	
868	2010-12-01	13.77	14.18	13.59	13.9	68686	3.38	300088	长信科技	SZ	13.85	3.37	
869	2010-12-01	17.73	18.44	17.6	18.14	34844	11.95	300089	长城集团	SZ	17.97	11.84	
867	2010-12-01	15	15.35	14.8	14.82	19593	7.39	300090	盛运股份	SZ	15.35	7.65	
868	2010-12-01	20	20.07	19.09	19.16	17823	7.51	300091	金通灵	SZ	19.99	7.84	
867	2010-12-01	27.85	28.4	27.5	27.95	1872	27.43	300092	科新机电	SZ	27.85	27.34	
866	2010-12-01	13.44	13.74	13.43	13.59	12779	7.46	300093	金刚玻璃	SZ	13.64	7.48	
868	2010-12-01	13.92	14.04	13.77	13.91	21636	12.64	300094	国联水产	SZ	13.93	12.66	
869	2010-12-01	23.62	23.84	23.23	23.48	12859	17.71	300095	华伍股份	SZ	23.78	17.94	
868	2010-12-01	18.49	18.56	18.11	18.28	10645	9.01	300096	易联众	SZ	18.25	9	
868	2010-12-01	14.29	14.4	14.12	14.29	8991	7.05	300097	智云股份	SZ	14.41	7.11	
825	2010-12-01	14.28	14.31	13.91	14.21	23771	5.27	300098	高新兴	SZ	14.28	5.3	
868	2010-12-01	23.2	23.36	22.93	23.26	13390	4.17	300099	尤洛卡	SZ	23.2	4.16	
868	2010-12-01	14.09	14.26	13.83	13.95	39555	4.04	300100	双林股份	SZ	14.29	4.14	
868	2010-12-01	24.5	25.25	24.25	24.97	8643	6.14	300101	国腾电子	SZ	25.25	6.21	
870	2010-12-01	36.4	36.54	35.66	36.32	13839	13.72	300102	乾照光电	SZ	36.57	13.81	
866	2010-12-01	14.26	14.9	14.16	14.32	61471	4.22	300103	达刚路机	SZ	14.32	4.22	
867	2010-12-01	6.29	6.8	6.27	6.52	138913	0.8	300104	乐视网	SZ	6.3	0.77	
848	2010-12-01	24.77	25.11	24.2	24.85	19654	24.7	300106	西部牧业	SZ	24.78	24.63	
866	2010-12-01	16.05	16.05	15.75	15.9	12556	7.69	300108	双龙股份	SZ	16.04	7.75	
869	2010-12-01	22.84	22.97	22.43	22.97	13457	7.46	300109	新开源	SZ	22.96	7.46	
870	2010-12-01	11.8	12.08	11.75	11.81	22705	5.1	300112	万讯自控	SZ	11.92	5.14	
868	2010-12-01	19.62	19.74	19.29	19.38	17851	9.76	300114	中航电测	SZ	19.76	9.95	
867	2010-12-01	20.03	20.59	20.03	20.27	14718	6.52	300115	长盈精密	SZ	20.29	6.53	
867	2010-12-01	19	19.17	18.35	18.9	22155	9.45	300116	坚瑞消防	SZ	18.83	9.41	
864	2010-12-01	15.61	15.91	15.61	15.89	21068	7.85	300117	嘉寓股份	SZ	15.7	7.76	
867	2010-12-01	21.1	21.62	20.66	20.94	80664	6.34	300118	东方日升	SZ	21.4	6.48	
867	2010-12-01	59.23	59.65	57.95	58.99	16489	10.58	300119	瑞普生物	SZ	59.98	10.76	
869	2010-12-01	15.38	16.19	15.28	15.7	44028	7.7	300120	经纬电材	SZ	15.28	7.49	
869	2010-12-01	13.32	13.89	13.18	13.28	21796	5.61	300121	阳谷华泰	SZ	13.46	5.69	
867	2010-12-01	41	41.2	40.33	40.56	9716	39.71	300122	智飞生物	SZ	41.23	40.36	
866	2010-12-01	30.01	30.78	29.45	30.73	9043	18.87	300123	太阳鸟	SZ	30.27	18.59	
866	2010-12-01	43.63	44.44	42.22	42.78	12784	11.37	300124	汇川技术	SZ	43.58	11.58	
870	2010-12-01	43	43.2	42	42.35	9887	21	300125	易世达	SZ	43.47	21.56	
870	2010-12-01	20.62	21.05	20.44	20.54	9014	10.77	300126	锐奇股份	SZ	20.8	10.9	
869	2010-12-01	57	58.26	56	56.8	17794	26.55	300127	银河磁体	SZ	57.36	26.81	
870	2010-12-01	12.94	13.2	12.75	12.75	18817	2.94	300128	锦富新材	SZ	13.18	3.04	
867	2010-12-01	15.83	15.9	15.54	15.67	30883	5.63	300129	泰胜风能	SZ	15.89	5.71	
867	2010-12-01	11.19	11.44	11.19	11.37	18062	3.76	300132	青松股份	SZ	11.42	3.78	
866	2010-12-01	11.37	11.47	11.25	11.27	58126	1.03	300133	华策影视	SZ	11.46	1.05	
867	2010-12-01	32.01	32.79	31.83	32.22	15714	15.59	300134	大富科技	SZ	32.22	15.58	
866	2010-12-01	7.66	7.76	7.5	7.67	62208	1.04	300135	宝利沥青	SZ	7.65	1.03	
